0.0,99983,0,20,0,
0.5216915010457578,99982,1,20,0,
0.5418552943850233,99982,1,19,1,
0.583939632504951,99981,2,19,1,
0.7314315521389112,99980,3,19,1,
0.9290253082778628,99979,4,19,1,
0.9454914985941427,99978,5,19,1,
0.9548192584746094,99977,6,19,1,
0.9712413889632827,99977,6,18,2,
0.9712413889632827,99977,6,18,2,
1.1070505466138134,99976,7,18,2,
1.278183049329724,99975,8,18,2,
1.3935808560280056,99974,9,18,2,
1.3935808560280056,99974,9,18,2,
1.4456718926334011,99973,10,18,2,
1.4971991874946897,99973,9,19,2,
1.5312557361335493,99973,8,20,2,
1.7897692725241976,99973,8,19,3,
1.8434965187925871,99972,9,19,3,
1.9162270708688642,99971,10,19,3,
2.071393137055344,99970,11,19,3,
2.3677617963339945,99969,12,19,3,
2.3677617963339945,99969,12,19,3,
2.456442156765175,99969,11,20,3,
2.787083762886898,99969,11,19,4,
2.837718014169421,99969,11,18,5,
2.8507813943029285,99969,10,19,5,
3.043226358979093,99969,9,20,5,
3.084544879193857,99968,10,20,5,
3.1510238626589886,99967,11,20,5,
3.168012390127309,99966,12,20,5,
3.2975246191553524,99966,11,21,5,
3.2975246191553524,99966,11,21,5,
3.330351525515344,99966,11,20,6,
3.5152352490601437,99966,11,19,7,
3.5636145736781653,99966,11,18,8,
3.833973442951587,99966,11,17,9,
3.930219936858208,99965,12,17,9,
3.9449342793290256,99965,11,18,9,
4.101075801411494,99965,11,17,10,
4.104867407740416,99965,11,16,11,
4.104867407740416,99965,11,16,11,
4.272247996284588,99965,10,17,11,
4.282672091894042,99964,11,17,11,
4.4445096466654075,99963,12,17,11,
4.454595344068418,99962,13,17,11,
4.487394450892928,99962,12,18,11,
4.511398365713578,99961,13,18,11,
4.623418769810389,99961,13,17,12,
4.652364255590336,99961,13,16,13,
4.7412804531049435,99961,13,15,14,
4.860940312716851,99961,13,14,15,
4.860940312716851,99961,13,14,15,
4.939672646030427,99960,14,14,15,
4.9442395318978,99959,15,14,15,
5.004731125569105,99959,14,15,15,
5.207205520570701,99958,15,15,15,
5.246741853575433,99958,14,16,15,
5.3063111800026075,99957,15,16,15,
5.360405998356959,99956,16,16,15,
5.486448330789687,99956,16,15,16,
5.537004849438381,99956,16,14,17,
5.596313020161397,99956,15,15,17,
5.706207968757055,99956,14,16,17,
5.7473052740334065,99955,15,16,17,
5.789219234886438,99955,15,15,18,
5.789219234886438,99955,15,15,18,
6.021807325590858,99954,16,15,18,
6.2980953208533315,99953,17,15,18,
6.394861968989444,99953,16,16,18,
6.483542342729259,99953,15,17,18,
6.5893323331188345,99953,14,18,18,
6.6417263031932645,99953,13,19,18,
6.703348387597787,99952,14,19,18,
6.715223692848388,99952,13,20,18,
6.783937301005792,99951,14,20,18,
6.783937301005792,99951,14,20,18,
6.786406051359717,99951,14,19,19,
7.3585958449113456,99950,15,19,19,
7.4221493578245825,99949,16,19,19,
7.661108641124736,99949,15,20,19,
7.719317636696789,99949,14,21,19,
7.719317636696789,99949,14,21,19,
7.798738150707763,99948,15,21,19,
8.010353561048744,99947,16,21,19,
8.072892852920177,99946,17,21,19,
8.261120475246686,99945,18,21,19,
8.410271872834784,99945,18,20,20,
8.564906110162575,99944,19,20,20,
8.592321268348982,99943,20,20,20,
8.713825533082815,99942,21,20,20,
8.713825533082815,99942,21,20,20,
8.73926965778725,99942,21,19,21,
8.844261831927883,99941,22,19,21,
8.894134755298328,99940,23,19,21,
8.910939816746414,99940,22,20,21,
8.916865831195196,99939,23,20,21,
8.968807860901796,99938,24,20,21,
9.097036703327458,99937,25,20,21,
9.152343366966797,99937,24,21,21,
9.281207566865026,99936,25,21,21,
9.376740609326108,99935,26,21,21,
9.384751940802364,99934,27,21,21,
9.41469826726016,99934,26,22,21,
9.484421371987715,99934,25,23,21,
9.522254109599892,99933,26,23,21,
9.576595152783707,99933,25,24,21,
9.620231097672953,99932,26,24,21,
9.681600828748689,99931,27,24,21,
9.681600828748689,99931,27,24,21,
9.816791726310916,99930,28,24,21,
10.000622216223531,99929,29,24,21,
10.144483110565998,99929,29,23,22,
10.16406860534132,99929,28,24,22,
10.323025057990108,99929,27,25,22,
10.338467000616198,99929,27,24,23,
10.440263045123528,99928,28,24,23,
10.493470387017204,99927,29,24,23,
10.617155620893914,99927,28,25,23,
10.625870275013678,99926,29,25,23,
10.654147417581568,99925,30,25,23,
10.654147417581568,99925,30,25,23,
10.965818889376143,99924,31,25,23,
11.02745557285174,99924,30,26,23,
11.055901308970245,99924,29,27,23,
11.132936227404763,99924,28,28,23,
11.179759672951255,99924,27,29,23,
11.322429596657013,99923,28,29,23,
11.394662032180603,99923,27,30,23,
11.450397057339302,99923,26,31,23,
11.461777713884924,99923,25,32,23,
11.531628326286095,99923,25,31,24,
11.531628326286095,99923,25,31,24,
11.648097987344176,99922,26,31,24,
11.654016136059534,99921,27,31,24,
11.681486069704226,99921,26,32,24,
11.78514559977186,99921,25,33,24,
11.787359931528766,99920,26,33,24,
11.930708897976102,99919,27,33,24,
12.017767496509906,99918,28,33,24,
12.353310852967462,99917,29,33,24,
12.365887968870389,99916,30,33,24,
12.446004048548994,99916,30,32,25,
12.501829727988783,99915,31,32,25,
12.501829727988783,99915,31,32,25,
12.518970209308003,99915,31,31,26,
12.523409287679742,99915,30,32,26,
12.52591582752361,99915,29,33,26,
12.549308182453222,99914,30,33,26,
12.551887405909444,99913,31,33,26,
12.55649806963189,99912,32,33,26,
12.63956459697806,99912,32,32,27,
12.660531433497544,99912,32,31,28,
12.695923174105365,99911,33,31,28,
12.801458350154938,99910,34,31,28,
12.880091262472211,99909,35,31,28,
12.944948760176661,99908,36,31,28,
12.972515715310461,99908,35,32,28,
13.009600550286315,99908,34,33,28,
13.044675377028554,99907,35,33,28,
13.061577834272404,99906,36,33,28,
13.10003817851468,99906,36,32,29,
13.179624507661003,99906,35,33,29,
13.220634610632304,99905,36,33,29,
13.233472926163028,99905,36,32,30,
13.305928420245158,99904,37,32,30,
13.320036561763281,99903,38,32,30,
13.431163990725722,99903,37,33,30,
13.447760259298166,99902,38,33,30,
13.495700880370778,99902,37,34,30,
13.495700880370778,99902,37,34,30,
13.57409600729325,99902,36,35,30,
13.597620397588571,99901,37,35,30,
13.705096947483554,99901,36,36,30,
13.710845374589788,99901,36,35,31,
13.71709868648771,99900,37,35,31,
13.776069801167056,99900,36,36,31,
13.796702576755896,99899,37,36,31,
13.814810718818391,99899,36,37,31,
13.904861468798359,99899,36,36,32,
13.916499015048538,99898,37,36,32,
13.986030354963914,99897,38,36,32,
13.98693563607262,99897,37,37,32,
14.045938146661868,99897,37,36,33,
14.076394452881253,99897,36,37,33,
14.169686759824332,99896,37,37,33,
14.175203204981575,99895,38,37,33,
14.260292424205474,99895,37,38,33,
14.344339104054074,99895,36,39,33,
14.453029851104924,99894,37,39,33,
14.482533046282136,99894,36,40,33,
14.482533046282136,99894,36,40,33,
14.54418175320108,99894,35,41,33,
14.547837623262268,99894,35,40,34,
14.598570783840952,99893,36,40,34,
14.604959548993433,99893,35,41,34,
14.639010563815665,99892,36,41,34,
14.724485909202894,99891,37,41,34,
14.738078051559343,99891,36,42,34,
14.739882520348397,99891,36,41,35,
14.749929088662066,99891,35,42,35,
14.777490163573693,99890,36,42,35,
15.002726650186478,99890,35,43,35,
15.044410812555277,99889,36,43,35,
15.061179461800176,99888,37,43,35,
15.127297902715933,99887,38,43,35,
15.12864610187638,99887,37,44,35,
15.153202208036651,99887,37,43,36,
15.194574613844807,99887,37,42,37,
15.226813436386518,99886,38,42,37,
15.245222045706953,99885,39,42,37,
15.26373664024357,99884,40,42,37,
15.275516362116807,99883,41,42,37,
15.306862789488333,99882,42,42,37,
15.371272371839842,99881,43,42,37,
15.420110692775769,99881,42,43,37,
15.420964149689018,99881,41,44,37,
15.426626455264406,99881,41,43,38,
15.426626455264406,99881,41,43,38,
15.431130764640022,99881,41,42,39,
15.465027054494149,99881,40,43,39,
15.48255615754873,99881,39,44,39,
15.519879269654755,99881,39,43,40,
15.574061195307488,99880,40,43,40,
15.578285196201545,99880,39,44,40,
15.587084637243438,99880,39,43,41,
15.597169685705918,99880,39,42,42,
15.652806659938914,99879,40,42,42,
15.747063603958402,99878,41,42,42,
15.777441736796213,99877,42,42,42,
15.782853016102484,99877,42,41,43,
15.794283280973655,99877,41,42,43,
15.812991711806749,99876,42,42,43,
15.84878875755576,99876,42,41,44,
15.869314429142936,99876,41,42,44,
15.903125792569288,99876,40,43,44,
15.959019077242473,99875,41,43,44,
16.066135083821326,99874,42,43,44,
16.11607345540996,99874,41,44,44,
16.12633857311148,99874,41,43,45,
16.238355353533397,99873,42,43,45,
16.378980748823523,99872,43,43,45,
16.378980748823523,99872,43,43,45,
16.525060149359124,99871,44,43,45,
16.53773950919226,99870,45,43,45,
16.579566945588766,99869,46,43,45,
16.608629211073747,99869,45,44,45,
16.705839744503567,99868,46,44,45,
16.802145154323043,99867,47,44,45,
16.80293749817514,99867,46,45,45,
16.841055771642797,99866,47,45,45,
16.852541006470606,99865,48,45,45,
16.867179619290617,99864,49,45,45,
16.9130629479874,99864,48,46,45,
16.931242945796516,99864,48,45,46,
16.95656975098648,99864,47,46,46,
16.958377000142708,99864,46,47,46,
17.01510923383622,99863,47,47,46,
17.021499259179034,99862,48,47,46,
17.097536439652174,99861,49,47,46,
17.112833046728735,99861,49,46,47,
17.114792282362487,99861,49,45,48,
17.129369442509194,99861,49,44,49,
17.130350063063553,99861,48,45,49,
17.131007905039652,99860,49,45,49,
17.147138851854457,99860,48,46,49,
17.20266652844733,99859,49,46,49,
17.2305921647159,99859,49,45,50,
17.240387667648825,99859,48,46,50,
17.25634589032323,99858,49,46,50,
17.26282247338994,99858,49,45,51,
17.264957195561536,99858,48,46,51,
17.34190975486974,99857,49,46,51,
17.365898066150198,99856,50,46,51,
17.365898066150198,99856,50,46,51,
17.39391467412046,99856,49,47,51,
17.408129488826688,99855,50,47,51,
17.426916408631765,99854,51,47,51,
17.478114893272238,99854,50,48,51,
17.48517226773066,99854,49,49,51,
17.509150163771373,99854,49,48,52,
17.518919246643637,99853,50,48,52,
17.543021531024344,99852,51,48,52,
17.553802426400335,99852,50,49,52,
17.59029285009668,99852,49,50,52,
17.60137743688911,99852,48,51,52,
17.614239544109196,99852,48,50,53,
17.66182762974047,99851,49,50,53,
17.673242926235144,99850,50,50,53,
17.698324824243475,99850,50,49,54,
17.75626660399995,99849,51,49,54,
17.756585001358246,99848,52,49,54,
17.787644648207074,99847,53,49,54,
17.788566197782522,99846,54,49,54,
17.78893729984722,99845,55,49,54,
17.808950196851846,99844,56,49,54,
17.818276260776198,99844,55,50,54,
17.841171079598368,99843,56,50,54,
17.85644803024277,99842,57,50,54,
17.871496948404847,99842,56,51,54,
17.894518762708646,99841,57,51,54,
17.89936465708842,99841,56,52,54,
17.915503572750374,99841,56,51,55,
17.946935322572628,99840,57,51,55,
17.971123626244665,99839,58,51,55,
17.976827764103163,99838,59,51,55,
18.0393252315916,99837,60,51,55,
18.056703584206584,99836,61,51,55,
18.070330407666482,99835,62,51,55,
18.07996724170911,99834,63,51,55,
18.08235451886654,99833,64,51,55,
18.151496472259215,99833,64,50,56,
18.18465700643318,99832,65,50,56,
18.23341761098556,99832,64,51,56,
18.235160400592278,99832,63,52,56,
18.26019330148683,99832,62,53,56,
18.304250058719354,99832,62,52,57,
18.329550896847447,99832,61,53,57,
18.33774347442736,99832,60,54,57,
18.33774347442736,99832,60,54,57,
18.341258133947203,99831,61,54,57,
18.381222427780838,99831,60,55,57,
18.388478464080055,99831,60,54,58,
18.426641252271914,99830,61,54,58,
18.449004706886996,99829,62,54,58,
18.580103937962722,99829,62,53,59,
18.606648017221172,99828,63,53,59,
18.70430840130758,99828,63,52,60,
18.708536551539083,99827,64,52,60,
18.720178040606744,99827,63,53,60,
18.732583509194352,99827,63,52,61,
18.74547838970317,99826,64,52,61,
18.769120767152405,99826,63,53,61,
18.797741209457875,99826,62,54,61,
18.81959393087733,99826,61,55,61,
18.859337918761206,99825,62,55,61,
18.874014077125526,99825,61,56,61,
18.87996182085768,99824,62,56,61,
18.906668555418975,99823,63,56,61,
18.906904328839296,99823,63,55,62,
18.957341346019486,99822,64,55,62,
18.990553515161476,99822,63,56,62,
19.02195837936636,99821,64,56,62,
19.02983619370113,99821,63,57,62,
19.054015841020263,99821,62,58,62,
19.068598685987475,99820,63,58,62,
19.068893541079294,99819,64,58,62,
19.132649272704523,99819,64,57,63,
19.135742708706317,99819,63,58,63,
19.1616576820329,99818,64,58,63,
19.1782852104134,99818,64,57,64,
19.23120767789549,99818,64,56,65,
19.23284277979051,99818,63,57,65,
19.235095471788643,99817,64,57,65,
19.240804146230758,99816,65,57,65,
19.285503904159025,99816,65,56,66,
19.299229975874045,99816,64,57,66,
19.302338142522828,99816,63,58,66,
19.310659880945913,99816,62,59,66,
19.327120708666207,99815,63,59,66,
19.327120708666207,99815,63,59,66,
19.394025208567957,99814,64,59,66,
19.40139845728727,99814,63,60,66,
19.408078025240947,99813,64,60,66,
19.410875588053177,99812,65,60,66,
19.41342288474939,99811,66,60,66,
19.447362873969944,99810,67,60,66,
19.45710035096449,99809,68,60,66,
19.465188312676837,99808,69,60,66,
19.50083061649449,99808,68,61,66,
19.50706418712992,99807,69,61,66,
19.514993914956616,99807,69,60,67,
19.53665423182148,99807,69,59,68,
19.551669066949383,99807,69,58,69,
19.57739702847095,99806,70,58,69,
19.628796718310316,99805,71,58,69,
19.65084864114808,99805,70,59,69,
19.65416122130881,99805,70,58,70,
19.709530595994963,99805,69,59,70,
19.751563075378925,99805,68,60,70,
19.913742734555214,99804,69,60,70,
19.923495186778595,99803,70,60,70,
19.929587347176657,99802,71,60,70,
19.943100665980527,99801,72,60,70,
19.94763154153153,99801,71,61,70,
19.986899628161346,99800,72,61,70,
20.03091260951899,99800,71,62,70,
20.033843743606987,99800,71,61,71,
20.091469581425674,99800,70,62,71,
20.1787286621411,99799,71,62,71,
20.18339366013503,99798,72,62,71,
20.195462572773614,99798,71,63,71,
20.206993872836303,99798,70,64,71,
20.2166190520828,99798,70,63,72,
20.257527440709307,99797,71,63,72,
20.266514610550722,99796,72,63,72,
20.266858234793983,99796,71,64,72,
20.276005992675003,99795,72,64,72,
20.28197278881304,99794,73,64,72,
20.282697140260606,99793,74,64,72,
20.282697140260606,99793,74,64,72,
20.345187278413416,99792,75,64,72,
20.355649039446035,99792,74,65,72,
20.37779677242103,99791,75,65,72,
20.39291507604748,99791,75,64,73,
20.45766890335812,99791,74,65,73,
20.464511503088563,99790,75,65,73,
20.475574716933103,99790,74,66,73,
20.488877050519285,99790,73,67,73,
20.490954746774424,99789,74,67,73,
20.535526850508607,99788,75,67,73,
20.60813930541193,99787,76,67,73,
20.638450738497827,99786,77,67,73,
20.686744353284357,99786,77,66,74,
20.696214846723898,99786,76,67,74,
20.7579460365508,99786,75,68,74,
20.792129379800077,99786,74,69,74,
20.803437134693883,99786,73,70,74,
20.885600914400325,99785,74,70,74,
20.914077886020014,99785,73,71,74,
20.95773241350607,99784,74,71,74,
21.008574414340078,99783,75,71,74,
21.03469197124536,99783,74,72,74,
21.063622801624383,99783,73,73,74,
21.07967433750585,99783,73,72,75,
21.102402462637052,99783,73,71,76,
21.103462604657118,99782,74,71,76,
21.114203243930866,99782,74,70,77,
21.12711138441085,99781,75,70,77,
21.15607406214652,99781,74,71,77,
21.185836576732104,99780,75,71,77,
21.18711379518046,99780,74,72,77,
21.191110477137656,99779,75,72,77,
21.214876500734274,99778,76,72,77,
21.227614280599905,99778,75,73,77,
21.24850747803336,99778,75,72,78,
21.278649340835493,99778,74,73,78,
21.278649340835493,99778,74,73,78,
21.281275734043447,99777,75,73,78,
21.294146512834864,99776,76,73,78,
21.294273024885538,99776,75,74,78,
21.3317419783336,99775,76,74,78,
21.334601746247596,99774,77,74,78,
21.338907504883643,99774,76,75,78,
21.39701646055225,99773,77,75,78,
21.40378739983705,99772,78,75,78,
21.40942002173849,99772,77,76,78,
21.45663712275352,99772,76,77,78,
21.481564253253556,99772,75,78,78,
21.507038786384435,99771,76,78,78,
21.510432206155993,99770,77,78,78,
21.521979195846257,99770,76,79,78,
21.580586227815555,99769,77,79,78,
21.621116595948333,99769,76,80,78,
21.641814285964312,99769,76,79,79,
21.648353003482352,99768,77,79,79,
21.65873261615298,99767,78,79,79,
21.660284473976407,99766,79,79,79,
21.674502441064416,99766,78,80,79,
21.68246451584971,99766,77,81,79,
21.69942855829427,99765,78,81,79,
21.71557168452083,99764,79,81,79,
21.716398461754597,99763,80,81,79,
21.73218306921077,99762,81,81,79,
21.734618313795764,99761,82,81,79,
21.76018527551119,99761,81,82,79,
21.7656526367746,99761,81,81,80,
21.789429589284254,99760,82,81,80,
21.810330225901982,99760,82,80,81,
21.83970733471683,99759,83,80,81,
21.87902711714147,99759,83,79,82,
21.883214531814154,99759,83,78,83,
21.910665386255975,99758,84,78,83,
21.914209146672516,99757,85,78,83,
21.93333589839297,99757,85,77,84,
21.950708162801845,99757,85,76,85,
21.954563340535127,99756,86,76,85,
21.97592398367673,99755,87,76,85,
21.98865473694461,99755,87,75,86,
21.996696498820423,99755,86,76,86,
22.0092999777838,99755,85,77,86,
22.035465299935062,99754,86,77,86,
22.042967118828344,99753,87,77,86,
22.052812457234705,99752,88,77,86,
22.0954295330488,99751,89,77,86,
22.116154293351784,99751,88,78,86,
22.15402915646637,99751,88,77,87,
22.161483853687773,99751,88,76,88,
22.17853584490303,99750,89,76,88,
22.223282352759345,99749,90,76,88,
22.228048857345126,99748,91,76,88,
22.24310905630012,99747,92,76,88,
22.256947310161205,99747,92,75,89,
22.26806697978568,99747,92,74,90,
22.26806697978568,99747,92,74,90,
22.299079809827663,99746,93,74,90,
22.311660463724102,99746,93,73,91,
22.32103526141777,99745,94,73,91,
22.332384594035645,99745,93,74,91,
22.346796063450864,99745,92,75,91,
22.349240875703323,99744,93,75,91,
22.376199260336474,99744,93,74,92,
22.38994869075063,99744,92,75,92,
22.405205383158354,99743,93,75,92,
22.414211437639175,99743,92,76,92,
22.4155079908495,99742,93,76,92,
22.43620856112238,99742,92,77,92,
22.438981911978495,99742,91,78,92,
22.44657100552514,99742,91,77,93,
22.521523139828513,99741,92,77,93,
22.531887595914,99741,91,78,93,
22.545498334607565,99741,91,77,94,
22.546130852131572,99741,90,78,94,
22.595959808593168,99740,91,78,94,
22.596745569515974,99739,92,78,94,
22.61912659602884,99739,91,79,94,
22.6403107113557,99739,91,78,95,
22.641704646038672,99739,90,79,95,
22.72789793618312,99738,91,79,95,
22.735795607959076,99737,92,79,95,
22.75259281507993,99737,91,80,95,
22.75545310575918,99737,90,81,95,
22.763902797080494,99736,91,81,95,
22.779192736582008,99735,92,81,95,
22.803731372053118,99734,93,81,95,
22.822465547708322,99733,94,81,95,
22.87882920293799,99733,94,80,96,
22.918908159182095,99733,93,81,96,
22.930189970181548,99733,92,82,96,
22.94878823135686,99732,93,82,96,
22.96395619937984,99732,92,83,96,
22.987539896675298,99731,93,83,96,
22.996597213966123,99730,94,83,96,
23.012126487004302,99730,93,84,96,
23.02025372218852,99730,92,85,96,
23.038180924888003,99729,93,85,96,
23.03924517872472,99728,94,85,96,
23.053628131805393,99728,93,86,96,
23.070469871276533,99728,92,87,96,
23.071326846003885,99728,91,88,96,
23.075828102684294,99728,90,89,96,
23.117691580586353,99727,91,89,96,
23.127839155013213,99727,90,90,96,
23.157595633504368,99727,90,89,97,
23.159523353504305,99726,91,89,97,
23.175493073391245,99725,92,89,97,
23.210329445101735,99724,93,89,97,
23.22085145404302,99724,93,88,98,
23.241308829518097,99723,94,88,98,
23.251606608822204,99722,95,88,98,
23.25607863987312,99721,96,88,98,
23.263088815459643,99720,97,88,98,
23.263088815459643,99720,97,88,98,
23.276388588648494,99719,98,88,98,
23.278478795273625,99719,98,87,99,
23.28518641597627,99718,99,87,99,
23.285802213889497,99717,100,87,99,
23.286307239613162,99716,101,87,99,
23.310347137312686,99716,100,88,99,
23.32631210968276,99716,99,89,99,
23.33137636587784,99715,100,89,99,
23.35783157967498,99714,101,89,99,
23.36015268672226,99714,100,90,99,
23.392018512621316,99714,100,89,100,
23.404207394876885,99713,101,89,100,
23.421139080718973,99713,100,90,100,
23.434814680185145,99713,99,91,100,
23.450447382812857,99712,100,91,100,
23.452679695237762,99712,100,90,101,
23.480167376356942,99711,101,90,101,
23.5034972838083,99710,102,90,101,
23.517449532670994,99709,103,90,101,
23.532654367746947,99709,103,89,102,
23.558027602120983,99709,102,90,102,
23.59129804333241,99709,101,91,102,
23.594259421337195,99708,102,91,102,
23.60243086496464,99707,103,91,102,
23.62484174709446,99706,104,91,102,
23.62788549291273,99705,105,91,102,
23.64818462554573,99705,104,92,102,
23.677831411068038,99705,104,91,103,
23.706160829462565,99704,105,91,103,
23.718856871324295,99704,105,90,104,
23.728682820340143,99704,104,91,104,
23.753588626058754,99703,105,91,104,
23.839084031429888,99703,105,90,105,
23.83938538444812,99703,104,91,105,
23.860369785976253,99703,104,90,106,
23.899524584654475,99702,105,90,106,
23.906613922774287,99702,105,89,107,
23.907341492967056,99702,105,88,108,
23.940220329842745,99702,105,87,109,
24.02036874345497,99702,105,86,110,
24.029286856817066,99701,106,86,110,
24.05673254690031,99701,106,85,111,
24.071584259452745,99701,106,84,112,
24.092152323436533,99700,107,84,112,
24.096394143268956,99700,106,85,112,
24.103304808245472,99700,106,84,113,
24.106161534920897,99699,107,84,113,
24.165295543848163,99699,106,85,113,
24.168801727456977,99698,107,85,113,
24.19291743583136,99697,108,85,113,
24.241212799927524,99696,109,85,113,
24.252043431603127,99696,108,86,113,
24.252043431603127,99696,108,86,113,
24.308152811361882,99696,108,85,114,
24.31921955837778,99696,107,86,114,
24.35422324202627,99696,107,85,115,
24.361230077279938,99695,108,85,115,
24.368034572054025,99695,108,84,116,
24.378663930990477,99695,107,85,116,
24.38542549859644,99695,106,86,116,
24.426562508994554,99695,105,87,116,
24.4380870039073,99694,106,87,116,
24.478601204245248,99693,107,87,116,
24.517941480611615,99693,107,86,117,
24.55109811985156,99692,108,86,117,
24.55699291901885,99691,109,86,117,
24.64025829554408,99690,110,86,117,
24.677754947827445,99689,111,86,117,
24.692097147110054,99689,111,85,118,
24.719010705459272,99689,110,86,118,
24.74819058039336,99689,109,87,118,
24.75562316876391,99688,110,87,118,
24.76429329435197,99688,110,86,119,
24.799684448561493,99687,111,86,119,
24.800138300734925,99687,110,87,119,
24.813353546901453,99687,109,88,119,
24.840078441113416,99687,108,89,119,
24.846345079361996,99687,107,90,119,
24.851698579581395,99687,107,89,120,
24.851954070793454,99687,106,90,120,
24.86234106812649,99687,105,91,120,
24.873223211631554,99687,104,92,120,
24.874484689623714,99686,105,92,120,
24.920579120486668,99685,106,92,120,
24.95994207733105,99685,105,93,120,
24.995287217223535,99685,104,94,120,
25.036622625258023,99685,103,95,120,
25.038095687751774,99685,102,96,120,
25.04855329725295,99685,101,97,120,
25.068663452474194,99684,102,97,120,
25.106535520933384,99684,101,98,120,
25.10969245819224,99683,102,98,120,
25.147785644056498,99683,101,99,120,
25.159856947978653,99683,100,100,120,
25.18026687539742,99683,99,101,120,
25.180810790841647,99682,100,101,120,
25.18117016373211,99682,100,100,121,
25.195897722859733,99682,100,99,122,
25.226116405348705,99681,101,99,122,
25.23257171935299,99680,102,99,122,
25.238382191095546,99680,101,100,122,
25.242087094582192,99680,100,101,122,
25.242087094582192,99680,100,101,122,
25.242998829304927,99679,101,101,122,
25.24496039661593,99679,101,100,123,
25.260994906495966,99678,102,100,123,
25.26123797514251,99678,101,101,123,
25.261494528035232,99677,102,101,123,
25.26227508529766,99677,101,102,123,
25.264677571959457,99677,100,103,123,
25.293350797985315,99677,100,102,124,
25.321967259835045,99677,99,103,124,
25.347318868923356,99677,99,102,125,
25.38641519910387,99677,99,101,126,
25.416651233233715,99676,100,101,126,
25.422358248282546,99675,101,101,126,
25.427289980194207,99674,102,101,126,
25.433149049734975,99673,103,101,126,
25.43573757874327,99672,104,101,126,
25.45555199682805,99672,103,102,126,
25.475627557299433,99672,102,103,126,
25.47655309507793,99672,102,102,127,
25.48180745119684,99671,103,102,127,
25.48420424831075,99671,103,101,128,
25.502005844888888,99670,104,101,128,
25.521407329686483,99670,103,102,128,
25.529726927844948,99670,103,101,129,
25.560776558969522,99670,102,102,129,
25.561579381215513,99669,103,102,129,
25.576262923592882,99668,104,102,129,
25.62728451485873,99667,105,102,129,
25.63540705890306,99667,105,101,130,
25.658604282589643,99666,106,101,130,
25.663458335920474,99665,107,101,130,
25.732352349536743,99665,106,102,130,
25.73443929119251,99664,107,102,130,
25.81153394349681,99664,107,101,131,
25.820969076788472,99664,106,102,131,
25.84276400454958,99664,106,101,132,
25.85796810473729,99664,105,102,132,
25.869955498424964,99663,106,102,132,
25.88786659119619,99662,107,102,132,
25.89063588469561,99662,106,103,132,
25.8932065650871,99661,107,103,132,
25.89833212781874,99661,106,104,132,
25.917799835942716,99660,107,104,132,
25.945998228842402,99659,108,104,132,
25.960972496381416,99658,109,104,132,
25.96929249472819,99657,110,104,132,
25.97297780064582,99657,109,105,132,
25.981601610590953,99656,110,105,132,
25.989943034860875,99656,109,106,132,
25.993097459744945,99655,110,106,132,
25.997276747975427,99655,110,105,133,
26.00298724289515,99654,111,105,133,
26.010980060837305,99653,112,105,133,
26.039430752264906,99652,113,105,133,
26.041550189741912,99652,112,106,133,
26.042642639000064,99652,111,107,133,
26.053926163029328,99652,111,106,134,
26.0622763381918,99651,112,106,134,
26.069359618648214,99650,113,106,134,
26.07262408917532,99650,112,107,134,
26.078954923373004,99649,113,107,134,
26.101582925056864,99648,114,107,134,
26.11712973175027,99647,115,107,134,
26.12124525817837,99647,115,106,135,
26.12191819127888,99647,115,105,136,
26.12995606114598,99647,114,106,136,
26.131724920178847,99646,115,106,136,
26.13967444275671,99646,115,105,137,
26.140447536767052,99645,116,105,137,
26.151533468683233,99645,115,106,137,
26.195501744667137,99645,114,107,137,
26.196147974283658,99645,113,108,137,
26.210449124732104,99644,114,108,137,
26.210753602661818,99643,115,108,137,
26.2135064495661,99642,116,108,137,
26.22023828114494,99641,117,108,137,
26.22506596918421,99641,116,109,137,
26.22506596918421,99641,116,109,137,
26.226814285168214,99641,115,110,137,
26.260320021449115,99640,116,110,137,
26.26219976913418,99639,117,110,137,
26.26608180268603,99639,116,111,137,
26.26804047928029,99638,117,111,137,
26.279054494648342,99638,117,110,138,
26.28529081580849,99638,116,111,138,
26.31589975008823,99638,115,112,138,
26.364956844035735,99638,114,113,138,
26.379455048099395,99638,113,114,138,
26.39241294538027,99638,113,113,139,
26.407168396894132,99638,112,114,139,
26.41008181382139,99637,113,114,139,
26.415443917972517,99637,112,115,139,
26.415971949520664,99637,111,116,139,
26.4205942496718,99637,110,117,139,
26.426172102142203,99636,111,117,139,
26.437483321661926,99635,112,117,139,
26.443297332751843,99634,113,117,139,
26.480565898476502,99633,114,117,139,
26.48591730978202,99632,115,117,139,
26.50456772551377,99632,114,118,139,
26.51551830379433,99631,115,118,139,
26.530978925750176,99630,116,118,139,
26.566548361191835,99629,117,118,139,
26.57375781394729,99629,116,119,139,
26.579421499645306,99629,116,118,140,
26.594874448218505,99628,117,118,140,
26.604915746590272,99627,118,118,140,
26.606845371159572,99626,119,118,140,
26.607668673053997,99625,120,118,140,
26.623770966827927,99624,121,118,140,
26.646793335278375,99623,122,118,140,
26.64996749192938,99622,123,118,140,
26.649997322245408,99622,122,119,140,
26.65456107693043,99622,121,120,140,
26.659413019479835,99622,120,121,140,
26.689254649144363,99621,121,121,140,
26.72767460365266,99620,122,121,140,
26.735980451127187,99620,121,122,140,
26.735992657535412,99619,122,122,140,
26.743687496316177,99619,122,121,141,
26.745114332820524,99618,123,121,141,
26.752950590419196,99618,122,122,141,
26.765381847245944,99618,121,123,141,
26.76663322808403,99617,122,123,141,
26.76790914697065,99617,121,124,141,
26.769652277264385,99617,121,123,142,
26.79993197086172,99616,122,123,142,
26.823414737700702,99615,123,123,142,
26.82792511678476,99615,122,124,142,
26.873098599525957,99614,123,124,142,
26.879513169445936,99613,124,124,142,
26.91021423235123,99612,125,124,142,
26.910267948436683,99611,126,124,142,
26.91186528165403,99610,127,124,142,
26.918312009868785,99609,128,124,142,
26.91932991069786,99609,127,125,142,
26.92410342768134,99608,128,125,142,
26.92709817559315,99607,129,125,142,
26.934772009725553,99606,130,125,142,
26.93548429855266,99606,130,124,143,
26.940195957957588,99605,131,124,143,
26.9426588701122,99604,132,124,143,
26.947356191752682,99603,133,124,143,
26.954421724158884,99602,134,124,143,
27.012508273867216,99601,135,124,143,
27.017738039656575,99601,134,125,143,
27.024432640783182,99601,133,126,143,
27.03077227061661,99601,132,127,143,
27.068066570160838,99601,132,126,144,
27.069980260033642,99600,133,126,144,
27.079097997088965,99600,133,125,145,
27.094338225417175,99599,134,125,145,
27.105262912599052,99599,133,126,145,
27.107660748065996,99598,134,126,145,
27.10809928347219,99598,133,127,145,
27.108334118750143,99597,134,127,145,
27.12424566998592,99596,135,127,145,
27.124352884015984,99595,136,127,145,
27.142670172302232,99595,136,126,146,
27.147856268201355,99595,135,127,146,
27.203145228928552,99595,134,128,146,
27.207485381172567,99595,134,127,147,
27.218628735508815,99595,133,128,147,
27.21919371973627,99594,134,128,147,
27.21919371973627,99594,134,128,147,
27.220051644405782,99594,134,127,148,
27.244169215112123,99594,133,128,148,
27.247317347833633,99594,132,129,148,
27.252215844970976,99593,133,129,148,
27.262528317948032,99592,134,129,148,
27.26396378533543,99592,134,128,149,
27.26909727951269,99592,133,129,149,
27.302792465733653,99592,132,130,149,
27.30610266819717,99592,132,129,150,
27.308104066638116,99592,132,128,151,
27.32871446473255,99591,133,128,151,
27.343731301195902,99590,134,128,151,
27.35805456051756,99590,134,127,152,
27.368641865764992,99590,133,128,152,
27.369642171411794,99589,134,128,152,
27.392151516203782,99589,133,129,152,
27.39618306202797,99589,133,128,153,
27.4125624846899,99589,132,129,153,
27.41301938057493,99588,133,129,153,
27.415452639155596,99588,132,130,153,
27.42133581473987,99588,131,131,153,
27.42410582557574,99588,130,132,153,
27.435337753120482,99588,129,133,153,
27.441355827844944,99587,130,133,153,
27.452310423510486,99586,131,133,153,
27.46092992224126,99585,132,133,153,
27.479298929418103,99584,133,133,153,
27.47980435656806,99583,134,133,153,
27.491417041070527,99583,133,134,153,
27.497507367164662,99582,134,134,153,
27.528858717268356,99581,135,134,153,
27.529120306526824,99581,134,135,153,
27.531511565494423,99580,135,135,153,
27.537829261684582,99580,135,134,154,
27.541508841222555,99580,135,133,155,
27.56055106875271,99579,136,133,155,
27.580868378081792,99579,136,132,156,
27.62403632409269,99579,135,133,156,
27.671243203434347,99579,134,134,156,
27.67811629857927,99578,135,134,156,
27.68637639603281,99577,136,134,156,
27.68941530153758,99577,136,133,157,
27.69029187704882,99576,137,133,157,
27.71059194022266,99575,138,133,157,
27.71503975709673,99575,138,132,158,
27.75698251295399,99574,139,132,158,
27.757606080321874,99574,138,133,158,
27.786051238768056,99574,137,134,158,
27.79385116135278,99573,138,134,158,
27.806266519431173,99573,138,133,159,
27.807003810496067,99573,138,132,160,
27.858050441150027,99572,139,132,160,
27.861712805882945,99571,140,132,160,
27.883411862414704,99570,141,132,160,
27.887231998287405,99570,140,133,160,
27.893956920171224,99570,140,132,161,
27.900716334850543,99569,141,132,161,
27.912294049167247,99569,140,133,161,
27.913874637627767,99568,141,133,161,
27.95245781460738,99567,142,133,161,
27.95701590208327,99567,142,132,162,
27.963237214931976,99567,141,133,162,
27.991612734927575,99567,140,134,162,
28.006636942016797,99567,139,135,162,
28.055779770559994,99566,140,135,162,
28.066730683394574,99566,139,136,162,
28.07392594253526,99565,140,136,162,
28.0765357345066,99564,141,136,162,
28.082189146423076,99563,142,136,162,
28.094179802089702,99562,143,136,162,
28.098025194846272,99562,142,137,162,
28.099010280237533,99562,142,136,163,
28.1037663106095,99562,141,137,163,
28.130245632336496,99562,140,138,163,
28.13383165443332,99561,141,138,163,
28.14025438553796,99561,140,139,163,
28.142569246969284,99560,141,139,163,
28.20686476468078,99559,142,139,163,
28.20686476468078,99559,142,139,163,
28.210536035868515,99558,143,139,163,
28.221336817450464,99557,144,139,163,
28.221620552249117,99556,145,139,163,
28.237952109897158,99555,146,139,163,
28.266200668739216,99555,146,138,164,
28.284394225394546,99554,147,138,164,
28.289999966984727,99553,148,138,164,
28.29207989604942,99553,147,139,164,
28.29761829414102,99553,146,140,164,
28.301654120363953,99552,147,140,164,
28.30783957209546,99552,147,139,165,
28.327842045262194,99552,146,140,165,
28.33497470157832,99551,147,140,165,
28.33735461809222,99551,146,141,165,
28.346532844728564,99550,147,141,165,
28.35274646196633,99550,146,142,165,
28.37597987394976,99549,147,142,165,
28.385243759067116,99548,148,142,165,
28.39080026572248,99547,149,142,165,
28.40218117150297,99547,149,141,166,
28.405300692815395,99546,150,141,166,
28.417689479689695,99546,149,142,166,
28.422990720791514,99546,148,143,166,
28.437099884315558,99546,147,144,166,
28.473435467780245,99545,148,144,166,
28.494312156204916,99544,149,144,166,
28.49832597790875,99543,150,144,166,
28.525593329779387,99543,149,145,166,
28.54654725982884,99542,150,145,166,
28.58576801052068,99541,151,145,166,
28.615346430664864,99541,150,146,166,
28.61602603488256,99541,149,147,166,
28.628463373451954,99541,148,148,166,
28.645086091740136,99540,149,148,166,
28.658205206879764,99540,148,149,166,
28.662989975777137,99540,147,150,166,
28.686565398171776,99539,148,150,166,
28.704100687553954,99538,149,150,166,
28.708122297134423,99537,150,150,166,
28.72052041205311,99537,149,151,166,
28.736731740617603,99536,150,151,166,
28.74397249870139,99535,151,151,166,
28.747501339032038,99535,151,150,167,
28.769967739770276,99535,151,149,168,
28.781235609866233,99535,151,148,169,
28.78978605242149,99535,150,149,169,
28.79008205210085,99535,150,148,170,
28.79518686514297,99535,149,149,170,
28.79927520625421,99534,150,149,170,
28.810869853567734,99534,150,148,171,
28.821346260283057,99534,150,147,172,
28.835210207966853,99533,151,147,172,
28.846533330663785,99532,152,147,172,
28.84674725025974,99532,152,146,173,
28.870494178134265,99532,152,145,174,
28.897400551675258,99531,153,145,174,
28.92099674810286,99531,152,146,174,
28.926983601202842,99531,151,147,174,
28.93039760148242,99531,151,146,175,
28.931703624522054,99530,152,146,175,
28.944354373229075,99530,151,147,175,
28.94713900824657,99530,150,148,175,
28.95651157187026,99530,150,147,176,
28.971881096204637,99530,149,148,176,
28.972996845604147,99530,148,149,176,
28.98154496626075,99530,147,150,176,
28.985117191227506,99530,146,151,176,
29.01282093234391,99530,146,150,177,
29.016628234394283,99530,146,149,178,
29.043124096467956,99530,146,148,179,
29.045206654902195,99530,145,149,179,
29.071839859864237,99529,146,149,179,
29.081527552452275,99529,145,150,179,
29.093610687991728,99529,144,151,179,
29.103136176978207,99529,144,150,180,
29.106697469003006,99528,145,150,180,
29.147399360560286,99527,146,150,180,
29.163510524377365,99527,145,151,180,
29.17364499888617,99527,144,152,180,
29.18620108795567,99527,144,151,181,
29.201767069356016,99526,145,151,181,
29.201767069356016,99526,145,151,181,
29.222106972629422,99526,145,150,182,
29.229722096028528,99525,146,150,182,
29.236052188442272,99524,147,150,182,
29.23630778946739,99523,148,150,182,
29.247584759081818,99522,149,150,182,
29.256604646098612,99521,150,150,182,
29.262530690348456,99520,151,150,182,
29.264585392280903,99520,151,149,183,
29.265640842351058,99519,152,149,183,
29.29519813917527,99519,152,148,184,
29.30126263602845,99518,153,148,184,
29.33344724672908,99518,153,147,185,
29.335608744196847,99517,154,147,185,
29.349676872283695,99516,155,147,185,
29.3505983520866,99516,154,148,185,
29.379632617735375,99516,154,147,186,
29.381269843174124,99516,154,146,187,
29.383253158655634,99516,154,145,188,
29.386362667924452,99515,155,145,188,
29.393266403775467,99515,154,146,188,
29.42219800590008,99514,155,146,188,
29.42418206288912,99513,156,146,188,
29.42431859668635,99512,157,146,188,
29.425111641234295,99512,157,145,189,
29.429465218481347,99512,157,144,190,
29.449093100547806,99511,158,144,190,
29.44994026027553,99510,159,144,190,
29.45368259214075,99509,160,144,190,
29.488583663546066,99509,159,145,190,
29.497490823741035,99508,160,145,190,
29.50283946407505,99508,159,146,190,
29.510895344073802,99507,160,146,190,
29.53415802947539,99507,159,147,190,
29.54819550640415,99506,160,147,190,
29.548585279724193,99506,159,148,190,
29.549168329028628,99505,160,148,190,
29.554840860758024,99505,159,149,190,
29.563261684249063,99505,158,150,190,
29.565269974974157,99505,157,151,190,
29.57513094270343,99504,158,151,190,
29.587533153967623,99504,157,152,190,
29.60280671457765,99504,157,151,191,
29.609608388645896,99504,156,152,191,
29.611093836865933,99504,155,153,191,
29.623576701664312,99504,154,154,191,
29.628018453682724,99503,155,154,191,
29.63182146344228,99503,154,155,191,
29.641017198351143,99503,154,154,192,
29.643368131629675,99502,155,154,192,
29.6453518130257,99502,154,155,192,
29.648968236455858,99502,154,154,193,
29.652258347258606,99502,153,155,193,
29.654359260187807,99502,153,154,194,
29.667349849628998,99502,152,155,194,
29.67502805105034,99501,153,155,194,
29.689326811867257,99501,152,156,194,
29.691827135703758,99501,151,157,194,
29.695669075875173,99501,150,158,194,
29.711987158638646,99501,149,159,194,
29.724759931427073,99500,150,159,194,
29.735416457525524,99499,151,159,194,
29.738582496041396,99499,151,158,195,
29.740207457514877,99498,152,158,195,
29.74166762595008,99498,151,159,195,
29.74243358452708,99497,152,159,195,
29.744889206406487,99497,152,158,196,
29.74825312173738,99497,152,157,197,
29.748402528372846,99496,153,157,197,
29.749823709505755,99495,154,157,197,
29.760953595750294,99495,153,158,197,
29.764609611538365,99495,153,157,198,
29.770456864206356,99494,154,157,198,
29.770570447537043,99494,153,158,198,
29.770961044497938,99493,154,158,198,
29.778709700861192,99493,153,159,198,
29.780383824925835,99493,152,160,198,
29.782092077021762,99492,153,160,198,
29.79791661680715,99492,153,159,199,
29.800189118653176,99492,152,160,199,
29.814113999072557,99492,152,159,200,
29.816009409458655,99491,153,159,200,
29.831534991981368,99490,154,159,200,
29.834899994648744,99490,154,158,201,
29.838237187849558,99489,155,158,201,
29.83943440358473,99489,154,159,201,
29.849807532606206,99488,155,159,201,
29.853417758684905,99488,154,160,201,
29.855448846695563,99487,155,160,201,
29.862960276738164,99486,156,160,201,
29.867096651232114,99486,156,159,202,
29.890273574143926,99486,155,160,202,
29.908368451702657,99486,154,161,202,
29.912190943687314,99485,155,161,202,
29.932723536119244,99484,156,161,202,
29.94016422116846,99484,156,160,203,
29.94624267564378,99483,157,160,203,
29.982136498420473,99483,156,161,203,
29.985120914787753,99483,156,160,204,
29.987842864228114,99483,156,159,205,
30.004048695023485,99482,157,159,205,
30.063482900857807,99482,156,160,205,
30.066443993216605,99482,155,161,205,
30.0771953561104,99481,156,161,205,
30.117181152915197,99480,157,161,205,
30.120744552832058,99479,158,161,205,
30.146983739559452,99479,157,162,205,
30.15175223365753,99479,156,163,205,
30.15437583372424,99478,157,163,205,
30.158768823042113,99477,158,163,205,
30.165937378006237,99477,157,164,205,
30.16927924317994,99477,156,165,205,
30.183109935911787,99477,155,166,205,
30.183449848491406,99477,155,165,206,
30.18944885599959,99477,155,164,207,
30.194960136569662,99476,156,164,207,
30.201104029085624,99475,157,164,207,
30.201104029085624,99475,157,164,207,
30.20421932505764,99475,157,163,208,
30.208421974403965,99474,158,163,208,
30.20960005219773,99474,157,164,208,
30.215386873868145,99473,158,164,208,
30.224366119748254,99472,159,164,208,
30.247068925224198,99472,159,163,209,
30.251897534241007,99472,158,164,209,
30.259348242160613,99471,159,164,209,
30.273274357110527,99471,159,163,210,
30.276667007330104,99470,160,163,210,
30.278044838705018,99469,161,163,210,
30.280074171849733,99469,160,164,210,
30.2851184814587,99469,159,165,210,
30.292123906711716,99468,160,165,210,
30.292873054771146,99468,160,164,211,
30.30543996510194,99468,160,163,212,
30.311005796059867,99467,161,163,212,
30.31819321686285,99467,160,164,212,
30.335400590969297,99466,161,164,212,
30.358016181282203,99466,161,163,213,
30.358182325134553,99466,160,164,213,
30.367180363505405,99465,161,164,213,
30.373291359105238,99464,162,164,213,
30.40209814596469,99463,163,164,213,
30.403892850649676,99462,164,164,213,
30.43593508062328,99461,165,164,213,
30.454121694285174,99461,165,163,214,
30.459886957830086,99461,165,162,215,
30.501708525582853,99461,164,163,215,
30.52086648893609,99461,164,162,216,
30.543089176762066,99461,163,163,216,
30.548068529561753,99461,162,164,216,
30.552159011795283,99460,163,164,216,
30.556676942491404,99460,162,165,216,
30.563724761109206,99460,161,166,216,
30.567979535921687,99459,162,166,216,
30.571493678849496,99458,163,166,216,
30.57834787726574,99457,164,166,216,
30.588109938540892,99456,165,166,216,
30.590070525283963,99456,164,167,216,
30.593305899154196,99455,165,167,216,
30.61407618865662,99455,164,168,216,
30.62660739582545,99455,164,167,217,
30.63190015693585,99455,163,168,217,
30.641097433126536,99454,164,168,217,
30.647988752310376,99453,165,168,217,
30.65303850458696,99452,166,168,217,
30.659048986333765,99451,167,168,217,
30.6676951602498,99450,168,168,217,
30.703015072939074,99449,169,168,217,
30.703290144261068,99449,168,169,217,
30.708870543280625,99449,167,170,217,
30.71487470356742,99448,168,170,217,
30.715907641276505,99448,167,171,217,
30.720023163312923,99448,166,172,217,
30.727665955815237,99447,167,172,217,
30.727677701152956,99446,168,172,217,
30.735533692602562,99446,168,171,218,
30.74429829430082,99446,167,172,218,
30.74457978745644,99445,168,172,218,
30.74501483006604,99444,169,172,218,
30.759277374840217,99443,170,172,218,
30.767182490887492,99442,171,172,218,
30.777801473572513,99441,172,172,218,
30.798083079429368,99441,172,171,219,
30.79823013001554,99441,171,172,219,
30.798715484025635,99440,172,172,219,
30.808169151410983,99439,173,172,219,
30.825844842850586,99439,173,171,220,
30.83076004214394,99439,173,170,221,
30.83239180452367,99439,173,169,222,
30.859935840222285,99439,172,170,222,
30.86511847696679,99438,173,170,222,
30.884488963492917,99437,174,170,222,
30.896289347653344,99436,175,170,222,
30.92262605321629,99436,174,171,222,
30.960792876333816,99436,173,172,222,
30.974859811995582,99435,174,172,222,
30.981066936906945,99434,175,172,222,
30.981267330356953,99433,176,172,222,
30.985002347456014,99433,175,173,222,
30.99572714669051,99432,176,173,222,
31.061587400956675,99432,175,174,222,
31.079339020908456,99431,176,174,222,
31.079597597208515,99431,176,173,223,
31.082899172527334,99431,176,172,224,
31.085564896225097,99431,175,173,224,
31.093587391431345,99430,176,173,224,
31.09645284782883,99429,177,173,224,
31.105673791468746,99429,176,174,224,
31.1079967902234,99429,176,173,225,
31.110080961377314,99428,177,173,225,
31.11122450159284,99427,178,173,225,
31.11477631272421,99427,177,174,225,
31.122781226058237,99427,176,175,225,
31.144377073225673,99427,176,174,226,
31.14681103222156,99427,176,173,227,
31.14714398444614,99427,175,174,227,
31.147269715569248,99426,176,174,227,
31.169761807254744,99426,176,173,228,
31.171746026617804,99425,177,173,228,
31.177310590007227,99425,177,172,229,
31.194488844387465,99424,178,172,229,
31.194488844387465,99424,178,172,229,
31.222457329503417,99424,177,173,229,
31.230707673490365,99424,176,174,229,
31.233286606839975,99423,177,174,229,
31.234124599282655,99423,176,175,229,
31.24681971745452,99422,177,175,229,
31.251528172080384,99422,176,176,229,
31.267428527864002,99422,175,177,229,
31.267784784813877,99421,176,177,229,
31.267842504252222,99421,175,178,229,
31.270317391007488,99421,174,179,229,
31.272969122651272,99420,175,179,229,
31.283169857854443,99419,176,179,229,
31.304812951246486,99418,177,179,229,
31.312699791128324,99417,178,179,229,
31.317084990009356,99417,177,180,229,
31.325819104682353,99417,176,181,229,
31.329824975737576,99416,177,181,229,
31.332791473550568,99415,178,181,229,
31.351035776763403,99414,179,181,229,
31.3518015930315,99413,180,181,229,
31.353099477905836,99413,180,180,230,
31.356200060038397,99412,181,180,230,
31.35929208339268,99412,180,181,230,
31.35995299358908,99411,181,181,230,
31.38374476057091,99410,182,181,230,
31.397086642114758,99410,182,180,231,
31.427859689370944,99409,183,180,231,
31.442972722858404,99408,184,180,231,
31.467805288385765,99407,185,180,231,
31.477190329383152,99407,185,179,232,
31.4787144976734,99406,186,179,232,
31.48541465091174,99406,185,180,232,
31.490591978564193,99405,186,180,232,
31.490751315306696,99404,187,180,232,
31.491492399022178,99403,188,180,232,
31.494812895913977,99402,189,180,232,
31.497435769775706,99402,189,179,233,
31.502081790224917,99401,190,179,233,
31.502186689205136,99400,191,179,233,
31.50818781956118,99399,192,179,233,
31.508996119528703,99399,191,180,233,
31.527971933074614,99398,192,180,233,
31.548822159727976,99398,191,181,233,
31.55108573845934,99397,192,181,233,
31.563256173321005,99396,193,181,233,
31.579144382582882,99395,194,181,233,
31.58335946771308,99395,193,182,233,
31.584713081168164,99395,192,183,233,
31.591896997941546,99395,192,182,234,
31.592023380864536,99394,193,182,234,
31.594016982844902,99393,194,182,234,
31.60429732684579,99393,194,181,235,
31.615123208108756,99393,193,182,235,
31.622462254520926,99393,192,183,235,
31.637090043858695,99393,191,184,235,
31.64012573026738,99392,192,184,235,
31.65873419649994,99392,191,185,235,
31.665116585469534,99391,192,185,235,
31.66812739307653,99390,193,185,235,
31.673155189611098,99389,194,185,235,
31.676277260858345,99388,195,185,235,
31.711204332879348,99388,194,186,235,
31.71178499045518,99387,195,186,235,
31.716174344155032,99387,194,187,235,
31.723476813053715,99387,193,188,235,
31.7319979321683,99386,194,188,235,
31.74512707032521,99386,193,189,235,
31.74848019753158,99386,192,190,235,
31.748751579577885,99385,193,190,235,
31.754068206488757,99385,193,189,236,
31.76593539902631,99385,192,190,236,
31.76781695554105,99384,193,190,236,
31.77788550332568,99384,193,189,237,
31.800187120922146,99384,192,190,237,
31.800715705228686,99384,191,191,237,
31.823516558438424,99384,191,190,238,
31.835981220168705,99384,190,191,238,
31.84538903369167,99383,191,191,238,
31.85157424793337,99383,191,190,239,
31.8685845795245,99382,192,190,239,
31.88621899566707,99382,192,189,240,
31.89206295165222,99381,193,189,240,
31.89560977150844,99380,194,189,240,
31.898335952019323,99380,194,188,241,
31.90012520575999,99380,194,187,242,
31.90118552727035,99380,193,188,242,
31.92177275171295,99379,194,188,242,
31.928590486370965,99379,193,189,242,
31.928757476622163,99379,193,188,243,
31.946728392960956,99379,192,189,243,
31.980306386978153,99378,193,189,243,
31.98357881481762,99378,193,188,244,
31.98411869359648,99377,194,188,244,
31.999625947317412,99377,193,189,244,
32.00254488830116,99377,192,190,244,
32.00403680994119,99377,192,189,245,
32.0046091126347,99376,193,189,245,
32.00913620307215,99375,194,189,245,
32.013161083284444,99375,193,190,245,
32.0205598180575,99374,194,190,245,
32.02382999171113,99374,194,189,246,
32.02550377813395,99373,195,189,246,
32.02681074326245,99372,196,189,246,
32.03447475194568,99372,195,190,246,
32.0454279236366,99371,196,190,246,
32.05782823872124,99370,197,190,246,
32.07401200294468,99369,198,190,246,
32.08551500813257,99368,199,190,246,
32.086412331402116,99368,198,191,246,
32.088732599809006,99368,198,190,247,
32.09677289704108,99368,197,191,247,
32.10208227014721,99368,197,190,248,
32.10208433355274,99368,196,191,248,
32.10348258658833,99368,196,190,249,
32.11592657086858,99368,195,191,249,
32.11941557049606,99368,194,192,249,
32.13599376575222,99368,193,193,249,
32.13837533893029,99367,194,193,249,
32.138565186448446,99367,194,192,250,
32.15347997007839,99366,195,192,250,
32.159027028290694,99365,196,192,250,
32.164648258005094,99365,196,191,251,
32.167881228904626,99364,197,191,251,
32.19153910698219,99363,198,191,251,
32.19153910698219,99363,198,191,251,
32.194740322893665,99363,197,192,251,
32.20597472478041,99362,198,192,251,
32.2129793770895,99361,199,192,251,
32.23016678005654,99361,199,191,252,
32.23536017991424,99361,198,192,252,
32.2404232367287,99361,197,193,252,
32.24426807703046,99360,198,193,252,
32.24479240950855,99360,198,192,253,
32.25136736018979,99359,199,192,253,
32.25774726342582,99359,199,191,254,
32.2621323728672,99358,200,191,254,
32.27996513444993,99358,200,190,255,
32.28248473138879,99358,200,189,256,
32.28326866567578,99358,199,190,256,
32.28882862939155,99357,200,190,256,
32.299125356680506,99357,200,189,257,
32.30160103333092,99357,199,190,257,
32.312250145876334,99356,200,190,257,
32.335162680573255,99355,201,190,257,
32.33745512415287,99355,201,189,258,
32.33932981337817,99355,200,190,258,
32.343890177745706,99354,201,190,258,
32.3474594204039,99354,200,191,258,
32.35038242240249,99353,201,191,258,
32.35641939623362,99353,200,192,258,
32.356659679431154,99352,201,192,258,
32.36135843689962,99352,200,193,258,
32.36759232461551,99352,200,192,259,
32.37453673643822,99352,200,191,260,
32.38398531596839,99352,199,192,260,
32.39428185386015,99352,199,191,261,
32.398123750489866,99352,198,192,261,
32.40515157634275,99351,199,192,261,
32.40661263281896,99351,198,193,261,
32.420136342876425,99350,199,193,261,
32.42116608311834,99350,199,192,262,
32.43421610843268,99349,200,192,262,
32.436435058434796,99348,201,192,262,
32.438834609526005,99348,200,193,262,
32.439578153055265,99347,201,193,262,
32.45817853104508,99347,201,192,263,
32.45883089116158,99347,201,191,264,
32.46413921544124,99346,202,191,264,
32.46684095545125,99346,201,192,264,
32.48098164711678,99345,202,192,264,
32.48242378251896,99344,203,192,264,
32.48500839597772,99344,203,191,265,
32.50008599294366,99343,204,191,265,
32.51473340137868,99343,203,192,265,
32.51494701470221,99342,204,192,265,
32.521454444685716,99342,203,193,265,
32.53892762824802,99341,204,193,265,
32.54153159117868,99341,204,192,266,
32.54510476306802,99340,205,192,266,
32.545592298460654,99340,205,191,267,
32.55034224075374,99339,206,191,267,
32.55129356492005,99339,205,192,267,
32.58467111470345,99339,204,193,267,
32.58907592266185,99338,205,193,267,
32.596975422347924,99338,204,194,267,
32.59916756179001,99338,203,195,267,
32.62390926579983,99337,204,195,267,
32.63157879194703,99336,205,195,267,
32.64313380332158,99336,204,196,267,
32.6478768608183,99335,205,196,267,
32.64915178751362,99335,204,197,267,
32.65251521335929,99335,204,196,268,
32.65934113261951,99335,204,195,269,
32.660429450404386,99335,203,196,269,
32.660628884174265,99335,202,197,269,
32.673105552107735,99335,201,198,269,
32.675509354872496,99335,200,199,269,
32.684425447394084,99334,201,199,269,
32.69828778404982,99333,202,199,269,
32.71017670583178,99332,203,199,269,
32.71045816662973,99331,204,199,269,
32.711909759079134,99330,205,199,269,
32.72060121679204,99329,206,199,269,
32.72749968658312,99328,207,199,269,
32.73131987868984,99327,208,199,269,
32.735538663015774,99327,207,200,269,
32.7364109283683,99327,207,199,270,
32.74051780620476,99327,206,200,270,
32.753548008707085,99326,207,200,270,
32.75374011754053,99325,208,200,270,
32.78801517613897,99324,209,200,270,
32.806034268360264,99324,209,199,271,
32.80783927783012,99324,208,200,271,
32.81241201208111,99323,209,200,271,
32.836177168265735,99323,208,201,271,
32.837709830613285,99323,208,200,272,
32.868050770589825,99322,209,200,272,
32.89251017939203,99321,210,200,272,
32.894836073436586,99320,211,200,272,
32.89524371468987,99320,210,201,272,
32.905914365628675,99319,211,201,272,
32.9102633944736,99319,211,200,273,
32.91454445881687,99319,210,201,273,
32.92504949037228,99318,211,201,273,
32.94404928482105,99318,211,200,274,
32.95035096175992,99318,210,201,274,
32.9510406432326,99318,209,202,274,
32.95227382736926,99318,209,201,275,
32.96030998290272,99317,210,201,275,
32.962477668906104,99317,209,202,275,
32.9722395349223,99317,209,201,276,
32.977733972383966,99316,210,201,276,
32.98066724382432,99316,209,202,276,
32.99010798048266,99315,210,202,276,
32.99537426958102,99314,211,202,276,
33.00090460785666,99313,212,202,276,
33.00308798412931,99313,212,201,277,
33.00647756265731,99312,213,201,277,
33.013595939055485,99311,214,201,277,
33.016444076342175,99311,213,202,277,
33.0166840752355,99310,214,202,277,
33.04796561538074,99310,213,203,277,
33.05134206186472,99309,214,203,277,
33.054576940391485,99309,214,202,278,
33.05513589444364,99309,213,203,278,
33.07776355767215,99308,214,203,278,
33.07777036971709,99307,215,203,278,
33.07966770460168,99307,214,204,278,
33.08631293266496,99306,215,204,278,
33.09551501453196,99306,214,205,278,
33.10161974299842,99305,215,205,278,
33.10166149720017,99305,214,206,278,
33.104088076066496,99304,215,206,278,
33.112025768915785,99303,216,206,278,
33.13035844031494,99303,215,207,278,
33.13147427974847,99302,216,207,278,
33.134750316063524,99301,217,207,278,
33.14367205895153,99301,216,208,278,
33.14379903168545,99300,217,208,278,
33.15323068786924,99299,218,208,278,
33.18227778634302,99299,217,209,278,
33.18372751274978,99298,218,209,278,
33.18551836561444,99297,219,209,278,
33.18551836561444,99297,219,209,278,
33.18726739370701,99296,220,209,278,
33.20675795004294,99296,219,210,278,
33.23189934739608,99296,218,211,278,
33.23784950330736,99296,218,210,279,
33.23829757405888,99295,219,210,279,
33.25275131972895,99295,219,209,280,
33.26175044997231,99294,220,209,280,
33.267338304267014,99294,219,210,280,
33.27412366773062,99293,220,210,280,
33.30240553367874,99292,221,210,280,
33.3164388854029,99291,222,210,280,
33.317461549791425,99291,221,211,280,
33.317681937566114,99290,222,211,280,
33.31900856193373,99290,221,212,280,
33.319533552252175,99290,220,213,280,
33.32138686690709,99289,221,213,280,
33.3295123369922,99288,222,213,280,
33.33594070414151,99288,221,214,280,
33.347127406605054,99287,222,214,280,
33.35216025129518,99287,221,215,280,
33.36523845807516,99286,222,215,280,
33.37896226474486,99286,222,214,281,
33.38763776464176,99285,223,214,281,
33.391142244774294,99284,224,214,281,
33.39623238808633,99283,225,214,281,
33.40337739273552,99282,226,214,281,
33.405372201349245,99282,226,213,282,
33.40614494769189,99281,227,213,282,
33.407507900420725,99281,227,212,283,
33.4133409980578,99280,228,212,283,
33.42559932770096,99279,229,212,283,
33.434597464415184,99278,230,212,283,
33.43927732697653,99278,229,213,283,
33.444677445887976,99278,228,214,283,
33.44649270901491,99278,227,215,283,
33.456998708920835,99277,228,215,283,
33.45803282797879,99277,227,216,283,
33.45906557946061,99276,228,216,283,
33.45976696461201,99275,229,216,283,
33.46696126795677,99275,228,217,283,
33.47435410336164,99274,229,217,283,
33.48055879143609,99273,230,217,283,
33.48196870357223,99273,229,218,283,
33.504247365862824,99273,229,217,284,
33.513533784249205,99272,230,217,284,
33.51531893806944,99271,231,217,284,
33.517246906903694,99271,231,216,285,
33.520578967443875,99271,230,217,285,
33.521390700154015,99271,230,216,286,
33.52729607716323,99271,229,217,286,
33.53401084828418,99271,229,216,287,
33.53943177742761,99270,230,216,287,
33.5476991159351,99270,229,217,287,
33.548118388010444,99269,230,217,287,
33.553187864237174,99269,230,216,288,
33.556313815271444,99268,231,216,288,
33.558876566197014,99267,232,216,288,
33.571924863205254,99266,233,216,288,
33.57653467715489,99265,234,216,288,
33.57796622278931,99265,233,217,288,
33.58151663534309,99264,234,217,288,
33.58205083153891,99264,233,218,288,
33.58539171892618,99264,232,219,288,
33.58666894585668,99264,231,220,288,
33.59360185689128,99263,232,220,288,
33.60094758224388,99263,232,219,289,
33.6040901485544,99263,231,220,289,
33.61231945695453,99262,232,220,289,
33.61522738552522,99262,232,219,290,
33.61931183723645,99262,232,218,291,
33.625531327526566,99262,231,219,291,
33.638253368760026,99261,232,219,291,
33.6393974595391,99261,231,220,291,
33.64015417516509,99261,230,221,291,
33.64185692185751,99261,229,222,291,
33.647559166214144,99261,229,221,292,
33.662694856687345,99260,230,221,292,
33.67159706482996,99260,230,220,293,
33.67202552745145,99260,229,221,293,
33.689662200926456,99259,230,221,293,
33.69701149492607,99258,231,221,293,
33.699435237997804,99258,230,222,293,
33.71683866662324,99258,229,223,293,
33.72375884034609,99258,229,222,294,
33.72565503706934,99258,229,221,295,
33.74015797752389,99258,228,222,295,
33.74446916879974,99258,227,223,295,
33.74833551669257,99257,228,223,295,
33.75538369340126,99256,229,223,295,
33.76849089675289,99256,228,224,295,
33.777332657282344,99255,229,224,295,
33.77760424400079,99255,228,225,295,
33.77922803670173,99255,227,226,295,
33.7795612686356,99255,226,227,295,
33.78459552400211,99255,225,228,295,
33.788099166831316,99255,224,229,295,
33.79026728393897,99255,223,230,295,
33.795901196328266,99255,222,231,295,
33.80368040925432,99255,222,230,296,
33.80785012959553,99255,222,229,297,
33.81076866740176,99254,223,229,297,
33.81233005035697,99254,222,230,297,
33.81690169706254,99254,222,229,298,
33.831882779799855,99253,223,229,298,
33.84618880754701,99253,222,230,298,
33.88072276934569,99252,223,230,298,
33.88096834838628,99251,224,230,298,
33.892991235339814,99251,223,231,298,
33.89350257556435,99250,224,231,298,
33.90764951425707,99249,225,231,298,
33.90999939930561,99249,225,230,299,
33.91625104822581,99248,226,230,299,
33.91737933625347,99247,227,230,299,
33.91768704361484,99247,226,231,299,
33.94391577774626,99247,226,230,300,
33.946850650117305,99246,227,230,300,
33.953423195236056,99246,226,231,300,
33.97168703071879,99245,227,231,300,
33.97798406358401,99244,228,231,300,
33.99166605425712,99243,229,231,300,
34.0006471788208,99243,228,232,300,
34.00776601578603,99243,227,233,300,
34.01205397562291,99242,228,233,300,
34.01965636361067,99241,229,233,300,
34.027928804164596,99241,228,234,300,
34.030335329030194,99241,227,235,300,
34.03044748889116,99240,228,235,300,
34.07157050476689,99240,227,236,300,
34.072052592995234,99240,227,235,301,
34.097418941730766,99240,226,236,301,
34.09818675920499,99239,227,236,301,
34.10515865152224,99238,228,236,301,
34.11179085344469,99238,227,237,301,
34.11234361026781,99238,227,236,302,
34.11259102080471,99238,227,235,303,
34.11485266422493,99238,226,236,303,
34.12488384082556,99237,227,236,303,
34.13700353952857,99237,226,237,303,
34.13905944596479,99236,227,237,303,
34.15066793049452,99235,228,237,303,
34.150727953033346,99235,228,236,304,
34.165771770659774,99235,227,237,304,
34.18514228441256,99235,226,238,304,
34.18514228441256,99235,226,238,304,
34.19797228750069,99234,227,238,304,
34.20605955493006,99234,226,239,304,
34.207045231006425,99234,226,238,305,
34.21304071494755,99233,227,238,305,
34.21481512624035,99233,226,239,305,
34.21705479035517,99232,227,239,305,
34.230467464222606,99231,228,239,305,
34.234352320697745,99230,229,239,305,
34.24766651924983,99229,230,239,305,
34.24866332231161,99229,229,240,305,
34.24877690863,99228,230,240,305,
34.25255350417779,99227,231,240,305,
34.25272510654264,99227,231,239,306,
34.270251479665156,99226,232,239,306,
34.27243981361808,99226,231,240,306,
34.276859175419865,99226,230,241,306,
34.277180594675684,99225,231,241,306,
34.284144197903565,99225,230,242,306,
34.288967011509364,99224,231,242,306,
34.28922692175435,99224,230,243,306,
34.30740190503367,99223,231,243,306,
34.31202937429106,99223,230,244,306,
34.31235751569297,99223,230,243,307,
34.313645564909976,99222,231,243,307,
34.314323067825676,99222,231,242,308,
34.33012237176607,99221,232,242,308,
34.33389916544282,99221,231,243,308,
34.339828707432346,99220,232,243,308,
34.34837037394142,99220,232,242,309,
34.375265370644435,99220,232,241,310,
34.38036046866575,99219,233,241,310,
34.38179882019467,99219,233,240,311,
34.389372322302215,99218,234,240,311,
34.39385606262764,99217,235,240,311,
34.4023825798525,99216,236,240,311,
34.40401003024247,99215,237,240,311,
34.40643172079699,99215,236,241,311,
34.40672369490755,99215,235,242,311,
34.416988506526486,99214,236,242,311,
34.418583579550344,99214,236,241,312,
34.41918564893561,99213,237,241,312,
34.424726666625354,99212,238,241,312,
34.43878803171655,99211,239,241,312,
34.44102802441062,99210,240,241,312,
34.442083692560175,99210,240,240,313,
34.444262308068694,99209,241,240,313,
34.44681632738205,99208,242,240,313,
34.45218662287931,99207,243,240,313,
34.45752950666249,99207,243,239,314,
34.46531848317546,99207,242,240,314,
34.47600681644119,99206,243,240,314,
34.477808880352526,99205,244,240,314,
34.479122510817476,99205,244,239,315,
34.479336780947015,99205,243,240,315,
34.48202163397361,99205,243,239,316,
34.51541647710747,99205,242,240,316,
34.53915116553296,99204,243,240,316,
34.573494271237216,99204,243,239,317,
34.57606839480036,99203,244,239,317,
34.584231048435136,99203,244,238,318,
34.59019395469226,99202,245,238,318,
34.603768454783264,99202,244,239,318,
34.60584626434213,99202,244,238,319,
34.61353746075149,99201,245,238,319,
34.61928410383151,99201,244,239,319,
34.62438172851246,99200,245,239,319,
34.62925319694131,99200,244,240,319,
34.630099675640714,99200,243,241,319,
34.6379459879541,99199,244,241,319,
34.63960748405929,99198,245,241,319,
34.641009927371165,99198,244,242,319,
34.641390224785845,99198,243,243,319,
34.65748782330833,99198,243,242,320,
34.66298924133593,99197,244,242,320,
34.66342618474671,99196,245,242,320,
34.668375405006685,99195,246,242,320,
34.67254472173476,99195,245,243,320,
34.67590514517117,99195,244,244,320,
34.693905882652516,99195,243,245,320,
34.69786355961025,99194,244,245,320,
34.697976501480206,99193,245,245,320,
34.699588562411336,99193,245,244,321,
34.705932947692524,99192,246,244,321,
34.710158946511136,99192,246,243,322,
34.7124959286521,99191,247,243,322,
34.72238785358575,99190,248,243,322,
34.72465229286233,99190,247,244,322,
34.72643721315809,99189,248,244,322,
34.74078292967888,99188,249,244,322,
34.743077238559614,99188,249,243,323,
34.743657915133355,99188,249,242,324,
34.74605143764685,99187,250,242,324,
34.751151861515055,99187,249,243,324,
34.75281101539403,99186,250,243,324,
34.756049142988395,99186,249,244,324,
34.760396390578485,99185,250,244,324,
34.76606247685191,99184,251,244,324,
34.775357679373705,99183,252,244,324,
34.775428477824214,99183,252,243,325,
34.77631168724774,99183,251,244,325,
34.78053373440511,99183,250,245,325,
34.79111800519366,99183,249,246,325,
34.79218509800861,99182,250,246,325,
34.7972540057398,99182,250,245,326,
34.81097290009757,99182,249,246,326,
34.8120296665406,99181,250,246,326,
34.81552453678306,99180,251,246,326,
34.82100882864828,99179,252,246,326,
34.824301246595006,99179,251,247,326,
34.82869932199006,99178,252,247,326,
34.8371053970195,99178,252,246,327,
34.84301683879105,99177,253,246,327,
34.85184254122167,99176,254,246,327,
34.863903284534295,99175,255,246,327,
34.86450977794497,99174,256,246,327,
34.87993161817477,99173,257,246,327,
34.895617871319125,99173,256,247,327,
34.89762081444648,99172,257,247,327,
34.900395824176655,99171,258,247,327,
34.904880420961796,99170,259,247,327,
34.92225600688112,99169,260,247,327,
34.927322886438176,99168,261,247,327,
34.92942307894581,99167,262,247,327,
34.930265106777206,99166,263,247,327,
34.952366508940955,99166,263,246,328,
34.959139050603994,99165,264,246,328,
34.96051420808332,99164,265,246,328,
34.96457675727381,99164,264,247,328,
34.9646139432979,99163,265,247,328,
34.966025483379596,99162,266,247,328,
34.97436555501014,99161,267,247,328,
34.98226069027759,99161,266,248,328,
34.99929976388097,99161,265,249,328,
35.00427922275059,99160,266,249,328,
35.00979273635548,99160,265,250,328,
35.01164649646437,99159,266,250,328,
35.02577671568062,99159,266,249,329,
35.03138992976141,99159,265,250,329,
35.03258951274032,99159,265,249,330,
35.03307106920234,99159,264,250,330,
35.043025853085226,99159,263,251,330,
35.04344839582464,99158,264,251,330,
35.050931843341836,99157,265,251,330,
35.06176804877902,99156,266,251,330,
35.06439153465907,99156,265,252,330,
35.06782546450433,99156,264,253,330,
35.085939331704495,99155,265,253,330,
35.0896390948027,99155,264,254,330,
35.09461052572202,99155,264,253,331,
35.0985395062264,99155,264,252,332,
35.098868775407745,99155,263,253,332,
35.11635684379957,99155,262,254,332,
35.123724056254176,99154,263,254,332,
35.13088480101759,99154,262,255,332,
35.131614035278666,99154,262,254,333,
35.13373805069721,99154,262,253,334,
35.14515525429386,99153,263,253,334,
35.14593703127394,99153,263,252,335,
35.15751260700691,99152,264,252,335,
35.15751989194864,99151,265,252,335,
35.16590608783913,99150,266,252,335,
35.174737629778015,99150,265,253,335,
35.174737629778015,99150,265,253,335,
35.175428722496285,99150,264,254,335,
35.188902341174916,99150,263,255,335,
35.19366866537098,99150,262,256,335,
35.194434048034324,99150,262,255,336,
35.219559689065335,99149,263,255,336,
35.22068018323652,99149,262,256,336,
35.22306038069389,99149,261,257,336,
35.22577594838756,99149,260,258,336,
35.22671179594786,99148,261,258,336,
35.22835645344493,99147,262,258,336,
35.22966845634395,99147,261,259,336,
35.2297629672708,99146,262,259,336,
35.24515973376621,99145,263,259,336,
35.25708049783019,99144,264,259,336,
35.25883132320913,99144,264,258,337,
35.268550468520615,99144,264,257,338,
35.2701439195197,99143,265,257,338,
35.27242900255037,99142,266,257,338,
35.27375692890438,99142,265,258,338,
35.274212681976614,99142,264,259,338,
35.276219706396375,99141,265,259,338,
35.277389052504766,99140,266,259,338,
35.28136979576198,99139,267,259,338,
35.2816957319176,99139,266,260,338,
35.2869137669736,99139,265,261,338,
35.32595964257429,99138,266,261,338,
35.33859433294258,99138,266,260,339,
35.34038776917961,99138,265,261,339,
35.34063238546667,99137,266,261,339,
35.343464058689236,99137,265,262,339,
35.34526145766239,99136,266,262,339,
35.345855235818,99136,265,263,339,
35.357450298670365,99136,264,264,339,
35.36956691820051,99135,265,264,339,
35.37665712016514,99134,266,264,339,
35.37734452909451,99133,267,264,339,
35.379606609930335,99133,267,263,340,
35.39124932632262,99132,268,263,340,
35.39341300242526,99132,267,264,340,
35.396829342179096,99131,268,264,340,
35.397032329809775,99131,268,263,341,
35.40566430177081,99131,267,264,341,
35.41330837792553,99130,268,264,341,
35.41743495593261,99129,269,264,341,
35.423033516298666,99128,270,264,341,
35.42734021827063,99128,269,265,341,
35.441967166595084,99127,270,265,341,
35.44753910100488,99126,271,265,341,
35.44880438095019,99126,270,266,341,
35.454516026241905,99125,271,266,341,
35.4576956549674,99124,272,266,341,
35.45804495830901,99124,272,265,342,
35.45955083148572,99124,272,264,343,
35.46021625408711,99123,273,264,343,
35.470477615188294,99123,272,265,343,
35.474131899981636,99122,273,265,343,
35.47489520813568,99121,274,265,343,
35.492434045518316,99121,273,266,343,
35.4963871030837,99121,272,267,343,
35.50231840281213,99121,272,266,344,
35.508086798421665,99121,272,265,345,
35.51317595717965,99120,273,265,345,
35.51609510590542,99119,274,265,345,
35.51663234855595,99118,275,265,345,
35.516936948749795,99118,275,264,346,
35.51759117867868,99117,276,264,346,
35.517967464685796,99117,275,265,346,
35.5206871164593,99117,274,266,346,
35.531716391505334,99116,275,266,346,
35.544796492141685,99116,274,267,346,
35.54710231980069,99115,275,267,346,
35.5730978583204,99115,274,268,346,
35.576196687407936,99114,275,268,346,
35.58972837872251,99113,276,268,346,
35.58999590869752,99112,277,268,346,
35.593715654103306,99111,278,268,346,
35.60478745386425,99110,279,268,346,
35.64307150261029,99109,280,268,346,
35.649657045931264,99109,280,267,347,
35.65457268466647,99109,279,268,347,
35.65758278152941,99108,280,268,347,
35.66692778905319,99108,280,267,348,
35.66958095462123,99107,281,267,348,
35.672872958990986,99106,282,267,348,
35.673218574786404,99106,282,266,349,
35.675921226695,99106,282,265,350,
35.683619863852286,99105,283,265,350,
35.688153010036956,99105,282,266,350,
35.68847508376589,99105,281,267,350,
35.6976709829633,99105,280,268,350,
35.70057564847817,99105,280,267,351,
35.70198014741615,99105,279,268,351,
35.705220991206666,99104,280,268,351,
35.71082123803712,99104,279,269,351,
35.72972091599232,99104,278,270,351,
35.75088664411972,99103,279,270,351,
35.75127559861201,99103,278,271,351,
35.75298635545285,99102,279,271,351,
35.7640717687691,99101,280,271,351,
35.76585105535005,99100,281,271,351,
35.76920456330241,99099,282,271,351,
35.793562046057644,99098,283,271,351,
35.79789531160975,99097,284,271,351,
35.80101591726916,99096,285,271,351,
35.80128904542927,99096,285,270,352,
35.806588872105586,99095,286,270,352,
35.80890701884271,99094,287,270,352,
35.81300843674569,99094,286,271,352,
35.840883933185516,99094,285,272,352,
35.84629029966348,99094,284,273,352,
35.84773737514227,99094,283,274,352,
35.85502076810358,99094,283,273,353,
35.85796248594395,99094,282,274,353,
35.860668248393615,99094,282,273,354,
35.86133359727252,99094,281,274,354,
35.86249888457733,99094,281,273,355,
35.868578380935155,99094,281,272,356,
35.87139507207645,99094,280,273,356,
35.87223325565498,99094,279,274,356,
35.87468656415937,99093,280,274,356,
35.878588707782704,99093,279,275,356,
35.88921867704315,99093,279,274,357,
35.889332265493486,99093,278,275,357,
35.90276186333184,99093,277,276,357,
35.905942554597665,99092,278,276,357,
35.90833930005479,99091,279,276,357,
35.91024542068388,99091,279,275,358,
35.9130095511871,99091,278,276,358,
35.91917360813212,99091,277,277,358,
35.926299045457625,99091,276,278,358,
35.9375778176582,99091,275,279,358,
35.9404581116462,99090,276,279,358,
35.95063219684308,99090,275,280,358,
35.950762142027685,99089,276,280,358,
35.95877317943807,99089,276,279,359,
35.96086176808975,99089,276,278,360,
35.96212688858091,99089,275,279,360,
35.964027430525306,99089,274,280,360,
35.96585021697539,99088,275,280,360,
35.96669544397,99087,276,280,360,
35.96951200050229,99087,276,279,361,
35.972624503647246,99087,276,278,362,
35.976926762351795,99087,276,277,363,
35.985909795517536,99086,277,277,363,
35.991898104818766,99085,278,277,363,
35.99511791068782,99084,279,277,363,
36.0046264544208,99084,279,276,364,
36.009009867444746,99084,278,277,364,
36.02096746278396,99084,277,278,364,
36.02615681845839,99083,278,278,364,
36.037898705505484,99082,279,278,364,
36.03860270622264,99082,278,279,364,
36.040863344786196,99081,279,279,364,
36.041126272782314,99081,278,280,364,
36.04239837385563,99081,277,281,364,
36.05174737678488,99080,278,281,364,
36.05670743375427,99079,279,281,364,
36.057509327360656,99079,278,282,364,
36.065950974844256,99078,279,282,364,
36.08272781367669,99078,278,283,364,
36.090472241030035,99078,277,284,364,
36.097008472681395,99077,278,284,364,
36.10141669254003,99076,279,284,364,
36.10653671563063,99076,279,283,365,
36.1074102141334,99075,280,283,365,
36.10981121071084,99075,280,282,366,
36.115709789179114,99075,279,283,366,
36.12659376813885,99074,280,283,366,
36.135117228460764,99074,279,284,366,
36.136927827107336,99074,278,285,366,
36.140757486614085,99074,277,286,366,
36.14297530294313,99073,278,286,366,
36.143822367650685,99073,278,285,367,
36.14571302667856,99073,278,284,368,
36.14588916075901,99073,278,283,369,
36.17437112112189,99073,277,284,369,
36.17437112112189,99073,277,284,369,
36.17628463630606,99073,277,283,370,
36.17709025372642,99073,276,284,370,
36.17819960624162,99072,277,284,370,
36.184270694333264,99071,278,284,370,
36.192645301713796,99070,279,284,370,
36.194615160778774,99069,280,284,370,
36.20605956587496,99069,280,283,371,
36.21091457998056,99069,279,284,371,
36.21165211540397,99068,280,284,371,
36.21242153216477,99068,279,285,371,
36.22226366565249,99068,278,286,371,
36.227829619617,99068,277,287,371,
36.238886504391424,99068,276,288,371,
36.24048133916685,99068,275,289,371,
36.24758871681412,99067,276,289,371,
36.24994936822459,99066,277,289,371,
36.25697440563184,99065,278,289,371,
36.25842344305035,99065,277,290,371,
36.27402191350698,99064,278,290,371,
36.28025687970624,99063,279,290,371,
36.287478382814726,99062,280,290,371,
36.28756978695482,99061,281,290,371,
36.295451947103984,99061,281,289,372,
36.3020232447526,99060,282,289,372,
36.31604399601943,99060,281,290,372,
36.325449092351604,99060,280,291,372,
36.32854936482276,99060,279,292,372,
36.33314978418541,99059,280,292,372,
36.33665862096913,99058,281,292,372,
36.33869039655025,99057,282,292,372,
36.342167675194716,99057,281,293,372,
36.34562922975785,99056,282,293,372,
36.347986109885554,99055,283,293,372,
36.348682035169475,99055,282,294,372,
36.357204917734975,99055,282,293,373,
36.38183535527788,99055,281,294,373,
36.38271932447252,99055,280,295,373,
36.39129803201769,99054,281,295,373,
36.39304831097255,99054,281,294,374,
36.39437145764959,99054,280,295,374,
36.39833555690687,99054,280,294,375,
36.39939430906293,99054,279,295,375,
36.39997416581977,99053,280,295,375,
36.411019142817615,99052,281,295,375,
36.41128368440177,99052,281,294,376,
36.41778927192622,99052,280,295,376,
36.42934680365842,99051,281,295,376,
36.43232424172792,99051,281,294,377,
36.435508297630854,99051,281,293,378,
36.43579520264035,99050,282,293,378,
36.43716890794922,99049,283,293,378,
36.44057007719446,99049,282,294,378,
36.44647910252298,99048,283,294,378,
36.45462692379821,99048,282,295,378,
36.4621786674914,99047,283,295,378,
36.47182194645486,99047,282,296,378,
36.48939027256468,99046,283,296,378,
36.49371517043277,99045,284,296,378,
36.498794800012845,99044,285,296,378,
36.49981388475606,99044,284,297,378,
36.500646135236394,99043,285,297,378,
36.50173604643314,99042,286,297,378,
36.50488533050936,99042,285,298,378,
36.51022904295219,99042,284,299,378,
36.52460569835389,99042,284,298,379,
36.52650140665167,99042,283,299,379,
36.52913904647161,99041,284,299,379,
36.53670873470139,99041,283,300,379,
36.54751339423433,99040,284,300,379,
36.549954821570005,99039,285,300,379,
36.55432506368474,99039,284,301,379,
36.57751281574947,99038,285,301,379,
36.58454019717985,99037,286,301,379,
36.587506195474376,99037,286,300,380,
36.58922948382433,99037,285,301,380,
36.59092901530752,99037,284,302,380,
36.59716486903268,99036,285,302,380,
36.5977999985616,99036,284,303,380,
36.598045199571,99036,283,304,380,
36.59856052283549,99035,284,304,380,
36.599162628253545,99035,284,303,381,
36.60257086493475,99034,285,303,381,
36.63003790234744,99033,286,303,381,
36.63342563641783,99033,285,304,381,
36.63451658569294,99032,286,304,381,
36.644280375510895,99031,287,304,381,
36.64679541439899,99031,287,303,382,
36.6561599567923,99031,287,302,383,
36.661943253738244,99030,288,302,383,
36.67123670982692,99029,289,302,383,
36.67129389836323,99028,290,302,383,
36.67136920046537,99027,291,302,383,
36.67149639595251,99027,290,303,383,
36.672439260931085,99027,289,304,383,
36.69274645066769,99026,290,304,383,
36.69666286114123,99026,289,305,383,
36.697016899089,99026,288,306,383,
36.70019588228614,99025,289,306,383,
36.70954006486732,99025,288,307,383,
36.72303324338146,99024,289,307,383,
36.72490209283193,99023,290,307,383,
36.74174683385663,99023,289,308,383,
36.74191287638133,99022,290,308,383,
36.744010024063314,99021,291,308,383,
36.74623524632285,99020,292,308,383,
36.75060489855763,99019,293,308,383,
36.75901822856595,99019,293,307,384,
36.759744579734864,99019,293,306,385,
36.7604012070687,99018,294,306,385,
36.7722614902143,99017,295,306,385,
36.78176894791436,99017,295,305,386,
36.78330335008558,99017,294,306,386,
36.79771707504456,99017,293,307,386,
36.79791853304195,99016,294,307,386,
36.80130737344454,99016,294,306,387,
36.801877798661,99015,295,306,387,
36.807174082090825,99014,296,306,387,
36.81287623575386,99013,297,306,387,
36.81398035139758,99012,298,306,387,
36.81617723273116,99011,299,306,387,
36.81893949935807,99010,300,306,387,
36.81984755380397,99010,300,305,388,
36.82422445454408,99009,301,305,388,
36.836357580167714,99008,302,305,388,
36.8447919050539,99008,302,304,389,
36.84667810122794,99007,303,304,389,
36.85282341142467,99007,302,305,389,
36.86792183612106,99006,303,305,389,
36.87442285624843,99006,302,306,389,
36.87499262292699,99006,302,305,390,
36.87812202805154,99005,303,305,390,
36.883985676655406,99004,304,305,390,
36.88596570253389,99004,304,304,391,
36.88830151126595,99003,305,304,391,
36.89765057115737,99003,304,305,391,
36.90264188949531,99002,305,305,391,
36.90292253276654,99002,305,304,392,
36.903172106892626,99002,305,303,393,
36.90550307744473,99002,304,304,393,
36.911901253071214,99001,305,304,393,
36.91771298552102,99000,306,304,393,
36.930980036157166,98999,307,304,393,
36.94912464842576,98999,306,305,393,
36.96922070295599,98999,306,304,394,
36.97033594175653,98999,305,305,394,
36.97167122266709,98999,304,306,394,
36.97556972984622,98998,305,306,394,
36.975926595963855,98997,306,306,394,
36.978574425944274,98996,307,306,394,
36.98192114443153,98996,307,305,395,
36.98415210791622,98996,307,304,396,
36.985234234856186,98995,308,304,396,
36.98627683183505,98995,307,305,396,
36.9898954533883,98995,307,304,397,
36.99600486126481,98994,308,304,397,
36.99663376707123,98993,309,304,397,
37.005113541095945,98992,310,304,397,
37.01092277689596,98992,309,305,397,
37.03149458272554,98992,308,306,397,
37.03305747472498,98991,309,306,397,
37.049264087630405,98990,310,306,397,
37.04967731493701,98989,311,306,397,
37.056215155369856,98988,312,306,397,
37.06465895131725,98988,312,305,398,
37.068326596313334,98988,312,304,399,
37.06907978092725,98987,313,304,399,
37.088288657422424,98987,313,303,400,
37.08915056207099,98987,312,304,400,
37.091776938385756,98987,312,303,401,
37.102776370397606,98986,313,303,401,
37.10654452722693,98985,314,303,401,
37.108665746461114,98985,314,302,402,
37.144608918160124,98984,315,302,402,
37.16341174147029,98984,314,303,402,
37.1665175341377,98984,313,304,402,
37.166812974793736,98983,314,304,402,
37.16685749617627,98983,314,303,403,
37.168000234825655,98982,315,303,403,
37.16984911273344,98982,314,304,403,
37.16984911273344,98982,314,304,403,
37.171166917542905,98981,315,304,403,
37.17775916720541,98980,316,304,403,
37.18425236109385,98980,316,303,404,
37.19269445127875,98980,315,304,404,
37.205804050377765,98979,316,304,404,
37.20614791348272,98978,317,304,404,
37.206620081424184,98977,318,304,404,
37.20953644069635,98976,319,304,404,
37.21053945273636,98976,318,305,404,
37.217447280499854,98976,318,304,405,
37.21848671986582,98976,317,305,405,
37.21956505727688,98975,318,305,405,
37.22299201529744,98975,317,306,405,
37.22578023843376,98974,318,306,405,
37.23212084316983,98974,318,305,406,
37.24214298385304,98974,318,304,407,
37.246365242243336,98974,317,305,407,
37.24917128242891,98973,318,305,407,
37.257856138172244,98973,317,306,407,
37.259927950499126,98972,318,306,407,
37.26094861579092,98972,317,307,407,
37.267055744229424,98972,316,308,407,
37.27457617876664,98972,315,309,407,
37.27479139112549,98971,316,309,407,
37.282356054071414,98970,317,309,407,
37.28272029977876,98969,318,309,407,
37.287261254201155,98969,318,308,408,
37.28947456674516,98968,319,308,408,
37.29004439694062,98968,318,309,408,
37.29352845388813,98967,319,309,408,
37.3013553610261,98966,320,309,408,
37.30554331495158,98965,321,309,408,
37.30703380819813,98964,322,309,408,
37.309240652986155,98964,321,310,408,
37.3229596940085,98964,321,309,409,
37.3315483983908,98963,322,309,409,
37.33790215498772,98963,321,310,409,
37.351905521670275,98963,320,311,409,
37.363960065531515,98963,320,310,410,
37.38092612315681,98962,321,310,410,
37.38388517344173,98961,322,310,410,
37.38801904157731,98961,322,309,411,
37.39648821153369,98961,321,310,411,
37.40577805154352,98961,321,309,412,
37.40754525171273,98961,321,308,413,
37.41523107813541,98961,320,309,413,
37.41585519516421,98961,319,310,413,
37.41651666548075,98961,318,311,413,
37.42441723690124,98961,318,310,414,
37.42501602088205,98960,319,310,414,
37.42726416339913,98959,320,310,414,
37.42817219665605,98958,321,310,414,
37.4331590156205,98958,320,311,414,
37.436984037051886,98958,320,310,415,
37.437145413941664,98957,321,310,415,
37.43895440534969,98957,320,311,415,
37.44412370478692,98957,319,312,415,
37.45213534035258,98956,320,312,415,
37.46895286448963,98955,321,312,415,
37.47045468940051,98954,322,312,415,
37.470638127605106,98954,322,311,416,
37.471981489133356,98953,323,311,416,
37.47225007327055,98953,323,310,417,
37.47834751016597,98952,324,310,417,
37.48027481212442,98951,325,310,417,
37.481386616098966,98950,326,310,417,
37.4824746728723,98950,325,311,417,
37.485415184021626,98949,326,311,417,
37.497358351011734,98948,327,311,417,
37.49741248650993,98948,327,310,418,
37.499044665881556,98948,326,311,418,
37.5065390283145,98947,327,311,418,
37.520429598233385,98946,328,311,418,
37.53309517212283,98945,329,311,418,
37.53623439554023,98945,328,312,418,
37.53921070509662,98944,329,312,418,
37.539486820963894,98943,330,312,418,
37.54354071947041,98943,330,311,419,
37.55482666818751,98942,331,311,419,
37.55498113642446,98942,330,312,419,
37.57614121725079,98942,329,313,419,
37.58432599369867,98941,330,313,419,
37.58672616840122,98940,331,313,419,
37.589175130928226,98940,330,314,419,
37.59212726414716,98939,331,314,419,
37.6045023936051,98938,332,314,419,
37.616333862751745,98938,332,313,420,
37.61685259948633,98938,331,314,420,
37.62639772103279,98937,332,314,420,
37.62877917658539,98936,333,314,420,
37.6301599842343,98936,333,313,421,
37.6332118596007,98935,334,313,421,
37.63698106417147,98935,334,312,422,
37.641146634782885,98934,335,312,422,
37.6451030667982,98934,334,313,422,
37.64600276869189,98933,335,313,422,
37.65659307648503,98933,334,314,422,
37.65974195274249,98932,335,314,422,
37.66107929667507,98932,335,313,423,
37.669635602878266,98932,334,314,423,
37.67115745585766,98932,333,315,423,
37.68443227565048,98931,334,315,423,
37.68565926427105,98930,335,315,423,
37.690673577202986,98930,334,316,423,
37.69139368491426,98930,333,317,423,
37.70117041321388,98929,334,317,423,
37.70122961499809,98929,333,318,423,
37.704254831147956,98929,332,319,423,
37.70443290338685,98928,333,319,423,
37.7082220644541,98928,332,320,423,
37.71718004591285,98928,331,321,423,
37.72166584772123,98928,330,322,423,
37.72591658532979,98928,330,321,424,
37.72805005034135,98928,329,322,424,
37.7282276525281,98927,330,322,424,
37.72861454023816,98927,330,321,425,
37.73445792631869,98927,330,320,426,
37.73869441960061,98927,330,319,427,
37.74279086808282,98926,331,319,427,
37.743727444305634,98926,330,320,427,
37.74716172653882,98926,329,321,427,
37.75539431481788,98925,330,321,427,
37.75855441071228,98924,331,321,427,
37.75869627388967,98923,332,321,427,
37.76638757663479,98922,333,321,427,
37.768963673838236,98922,332,322,427,
37.77755672307318,98921,333,322,427,
37.78070250051002,98920,334,322,427,
37.794321294750596,98920,333,323,427,
37.79704813810931,98920,332,324,427,
37.79786353043861,98919,333,324,427,
37.799320584500755,98918,334,324,427,
37.80288785035431,98917,335,324,427,
37.80376907363521,98917,334,325,427,
37.81417513319702,98917,333,326,427,
37.81624369441762,98917,332,327,427,
37.816948949716256,98917,331,328,427,
37.834436238639434,98917,331,327,428,
37.84425177405289,98916,332,327,428,
37.85058137839679,98916,331,328,428,
37.85200683891161,98915,332,328,428,
37.85753696821247,98915,331,329,428,
37.86138135813566,98914,332,329,428,
37.865122092942464,98913,333,329,428,
37.88102350777746,98912,334,329,428,
37.8824762790967,98912,333,330,428,
37.8861233861918,98911,334,330,428,
37.88660943051248,98910,335,330,428,
37.897507098242734,98910,335,329,429,
37.89753408935778,98910,334,330,429,
37.901286763614515,98909,335,330,429,
37.9019988735078,98909,334,331,429,
37.905190041030444,98909,333,332,429,
37.91286251806661,98908,334,332,429,
37.91847237240861,98907,335,332,429,
37.92205951770606,98906,336,332,429,
37.9244161230519,98905,337,332,429,
37.93402308955694,98904,338,332,429,
37.93862438023234,98903,339,332,429,
37.95051303155505,98902,340,332,429,
37.96099410928418,98901,341,332,429,
37.961072437859556,98900,342,332,429,
37.96591832412637,98899,343,332,429,
37.96760678420161,98898,344,332,429,
37.96764461974055,98898,343,333,429,
37.97240015823006,98898,342,334,429,
37.973564795476115,98897,343,334,429,
37.976267577155575,98897,343,333,430,
37.981120306647256,98896,344,333,430,
37.9825612540807,98895,345,333,430,
37.98554958587201,98894,346,333,430,
37.98855932423111,98893,347,333,430,
37.99106504391504,98892,348,333,430,
37.99362437289934,98892,347,334,430,
37.999611372770914,98891,348,334,430,
38.01479793705327,98890,349,334,430,
38.01881234465372,98889,350,334,430,
38.019374789751275,98889,349,335,430,
38.02032399652803,98889,348,336,430,
38.02118248313698,98888,349,336,430,
38.02235192105231,98888,348,337,430,
38.02417772614417,98888,347,338,430,
38.027094457529955,98887,348,338,430,
38.03171857608064,98887,347,339,430,
38.03558594249352,98886,348,339,430,
38.04425065324672,98885,349,339,430,
38.04835895313489,98885,349,338,431,
38.05079482672751,98885,348,339,431,
38.055157914393895,98884,349,339,431,
38.06079635887473,98884,349,338,432,
38.06400286113151,98884,348,339,432,
38.06758605840269,98883,349,339,432,
38.06798269667765,98883,349,338,433,
38.07145458939677,98883,348,339,433,
38.07312193496796,98882,349,339,433,
38.073941872397,98882,348,340,433,
38.079909341487074,98881,349,340,433,
38.08008393571302,98881,348,341,433,
38.08114921293716,98880,349,341,433,
38.092295233624206,98880,348,342,433,
38.09740681993454,98880,348,341,434,
38.11248558559667,98880,347,342,434,
38.11291783058718,98879,348,342,434,
38.114548976206315,98879,347,343,434,
38.11813234980808,98878,348,343,434,
38.122128353001656,98878,347,344,434,
38.12583754974385,98877,348,344,434,
38.12706374979239,98877,347,345,434,
38.12962775920994,98876,348,345,434,
38.129868498045504,98875,349,345,434,
38.13061916984812,98874,350,345,434,
38.133771227291895,98873,351,345,434,
38.133814143318006,98873,351,344,435,
38.14033023422427,98872,352,344,435,
38.143603364647355,98872,351,345,435,
38.147205865859476,98872,351,344,436,
38.1528330887257,98872,351,343,437,
38.16809359640157,98871,352,343,437,
38.16809359640157,98871,352,343,437,
38.18169953755008,98871,352,342,438,
38.184262109193874,98870,353,342,438,
38.19091089308503,98869,354,342,438,
38.19377823700313,98868,355,342,438,
38.19462295360957,98867,356,342,438,
38.200162115057076,98867,355,343,438,
38.202354347900055,98867,355,342,439,
38.21182595106737,98866,356,342,439,
38.212527001718165,98865,357,342,439,
38.239063560064736,98864,358,342,439,
38.24541670276397,98864,358,341,440,
38.2456573479454,98864,358,340,441,
38.252829087786964,98863,359,340,441,
38.25737882115012,98862,360,340,441,
38.25996391043873,98862,359,341,441,
38.264212820704735,98861,360,341,441,
38.2689746441901,98861,359,342,441,
38.27261550380027,98861,359,341,442,
38.27633382697905,98860,360,341,442,
38.279752723983165,98860,359,342,442,
38.28459829767301,98860,358,343,442,
38.295169081075635,98860,358,342,443,
38.303368650941486,98859,359,342,443,
38.30491083090096,98859,358,343,443,
38.30842738379651,98858,359,343,443,
38.31305059992947,98858,358,344,443,
38.31775555673268,98858,357,345,443,
38.318085323114005,98858,356,346,443,
38.3214900170848,98857,357,346,443,
38.32496651690955,98857,356,347,443,
38.32806510880391,98857,355,348,443,
38.33436199000781,98856,356,348,443,
38.33537137318265,98856,355,349,443,
38.339004841337264,98856,354,350,443,
38.339611585434994,98855,355,350,443,
38.34341156329356,98854,356,350,443,
38.34650151894315,98853,357,350,443,
38.34777063475332,98852,358,350,443,
38.35291290924694,98852,357,351,443,
38.3556794956898,98851,358,351,443,
38.359360860732394,98850,359,351,443,
38.364358206553796,98849,360,351,443,
38.36858373984105,98849,360,350,444,
38.370757073145384,98848,361,350,444,
38.37239376947464,98848,360,351,444,
38.378130767484805,98847,361,351,444,
38.3784040603128,98846,362,351,444,
38.380542290933775,98845,363,351,444,
38.382308840961215,98844,364,351,444,
38.3886674414849,98843,365,351,444,
38.39584713081485,98842,366,351,444,
38.396818904183945,98842,365,352,444,
38.39929486352165,98842,365,351,445,
38.40473754138719,98841,366,351,445,
38.409494681623144,98840,367,351,445,
38.41336283935455,98839,368,351,445,
38.42821160445567,98839,368,350,446,
38.45488182527845,98838,369,350,446,
38.462426621894885,98838,369,349,447,
38.463730307347184,98837,370,349,447,
38.4677256755104,98836,371,349,447,
38.47671134766559,98835,372,349,447,
38.477924560063634,98834,373,349,447,
38.47930358442292,98834,372,350,447,
38.48005131995309,98833,373,350,447,
38.48186798829429,98832,374,350,447,
38.48232078674192,98831,375,350,447,
38.48693460592705,98831,374,351,447,
38.4887006977304,98830,375,351,447,
38.492857873351745,98829,376,351,447,
38.49759885740035,98829,375,352,447,
38.51496344354879,98829,375,351,448,
38.51715824359647,98829,375,350,449,
38.51907107967057,98828,376,350,449,
38.51926099798425,98828,376,349,450,
38.52464529829185,98827,377,349,450,
38.52605989570343,98826,378,349,450,
38.533605025740535,98825,379,349,450,
38.53512745575115,98824,380,349,450,
38.53806349372181,98824,380,348,451,
38.53880063814323,98824,379,349,451,
38.540235099918114,98823,380,349,451,
38.55980947365288,98823,379,350,451,
38.56263719233415,98823,378,351,451,
38.5901478998184,98823,377,352,451,
38.59433900410911,98823,376,353,451,
38.59678138670293,98823,375,354,451,
38.598754143608495,98823,375,353,452,
38.59941998308325,98822,376,353,452,
38.60015790996451,98822,375,354,452,
38.60022529502313,98822,374,355,452,
38.60312762387346,98821,375,355,452,
38.60527421944152,98821,374,356,452,
38.606305608862684,98820,375,356,452,
38.61114194272752,98819,376,356,452,
38.61622682303823,98818,377,356,452,
38.621797536598905,98817,378,356,452,
38.62642459718607,98817,377,357,452,
38.62868984749475,98817,376,358,452,
38.62961932200106,98816,377,358,452,
38.640413820216644,98816,377,357,453,
38.644060196412205,98815,378,357,453,
38.65001792741629,98815,377,358,453,
38.652810622569916,98815,377,357,454,
38.6550944779961,98815,377,356,455,
38.66466631082389,98815,376,357,455,
38.672217748246574,98815,376,356,456,
38.67922120829353,98814,377,356,456,
38.68197336108783,98813,378,356,456,
38.69537156802911,98813,378,355,457,
38.698404598414015,98813,378,354,458,
38.69888791931353,98812,379,354,458,
38.70183657305819,98811,380,354,458,
38.70387020474105,98810,381,354,458,
38.709610998438976,98810,380,355,458,
38.71552694813539,98809,381,355,458,
38.71738829141756,98809,381,354,459,
38.7352854875403,98809,381,353,460,
38.736175626679156,98809,380,354,460,
38.749751676638844,98809,379,355,460,
38.75521996469053,98808,380,355,460,
38.75654935112431,98807,381,355,460,
38.76297957683331,98806,382,355,460,
38.7629806230503,98806,382,354,461,
38.76436429690412,98806,381,355,461,
38.773040314922746,98806,381,354,462,
38.77434383909769,98805,382,354,462,
38.77782187644011,98805,382,353,463,
38.780782279238416,98805,381,354,463,
38.781504830704044,98804,382,354,463,
38.78523260935776,98804,381,355,463,
38.78545458540243,98804,380,356,463,
38.78640297464745,98803,381,356,463,
38.790640804758965,98802,382,356,463,
38.792968442918195,98802,381,357,463,
38.79310285268995,98801,382,357,463,
38.79959200325893,98801,382,356,464,
38.800603725680375,98801,381,357,464,
38.80932105071459,98800,382,357,464,
38.825584905229924,98799,383,357,464,
38.825601041183724,98798,384,357,464,
38.826131164656786,98798,383,358,464,
38.82812269835951,98798,383,357,465,
38.8333262077474,98798,382,358,465,
38.8344284317932,98798,381,359,465,
38.83528950983813,98798,381,358,466,
38.83989777431853,98797,382,358,466,
38.840479721344515,98797,381,359,466,
38.8416952300444,98797,380,360,466,
38.842177488382546,98797,379,361,466,
38.85717050769776,98796,380,361,466,
38.859316092285816,98795,381,361,466,
38.85986090548227,98794,382,361,466,
38.868392069789,98794,381,362,466,
38.871662483288084,98794,380,363,466,
38.87223026896635,98794,379,364,466,
38.87635265667618,98794,378,365,466,
38.88102086519212,98794,377,366,466,
38.88503564553807,98793,378,366,466,
38.88886327809836,98792,379,366,466,
38.892958553477634,98791,380,366,466,
38.900397273718916,98790,381,366,466,
38.902765183882885,98789,382,366,466,
38.9127102527406,98788,383,366,466,
38.913778356306395,98787,384,366,466,
38.91926320375001,98787,383,367,466,
38.9209671218601,98787,382,368,466,
38.92125294611577,98786,383,368,466,
38.92341259497785,98785,384,368,466,
38.92600324649761,98785,384,367,467,
38.93787382077251,98784,385,367,467,
38.93792237180942,98784,384,368,467,
38.94074424410022,98784,383,369,467,
38.944763720128606,98783,384,369,467,
38.950331050128945,98783,383,370,467,
38.952931389201076,98783,383,369,468,
38.95464741697792,98783,382,370,468,
38.95817754847002,98782,383,370,468,
38.96332578029122,98781,384,370,468,
38.96827812837103,98780,385,370,468,
38.970618286010776,98779,386,370,468,
38.97405155217738,98779,386,369,469,
38.976047373282015,98779,385,370,469,
38.97791974416104,98778,386,370,469,
38.99303583494161,98778,386,369,470,
38.99534929760193,98777,387,369,470,
39.0131712038862,98777,387,368,471,
39.014586628091465,98776,388,368,471,
39.019809388768905,98775,389,368,471,
39.022755778783484,98774,390,368,471,
39.0251201720715,98774,390,367,472,
39.0267001530913,98773,391,367,472,
39.03689536284445,98773,390,368,472,
39.04117705222349,98773,389,369,472,
39.04640888695692,98772,390,369,472,
39.04790748973778,98772,389,370,472,
39.051360533915684,98771,390,370,472,
39.052319906548654,98771,390,369,473,
39.05412237757555,98770,391,369,473,
39.06058197000123,98770,390,370,473,
39.06381352735711,98770,390,369,474,
39.06667690446423,98770,389,370,474,
39.070844397749866,98769,390,370,474,
39.07946153381994,98768,391,370,474,
39.08210839293727,98767,392,370,474,
39.08663804693215,98766,393,370,474,
39.08785235568374,98765,394,370,474,
39.09041193445036,98765,394,369,475,
39.09875815942787,98764,395,369,475,
39.09977183298415,98764,394,370,475,
39.106565318000804,98763,395,370,475,
39.10794395484949,98763,394,371,475,
39.11068849528289,98762,395,371,475,
39.11331788809212,98761,396,371,475,
39.12371141867192,98761,395,372,475,
39.126592574778655,98761,394,373,475,
39.12660344831754,98761,393,374,475,
39.13425337504747,98761,393,373,476,
39.14091030379325,98761,392,374,476,
39.1427143645523,98760,393,374,476,
39.145372634414436,98759,394,374,476,
39.14847031469705,98758,395,374,476,
39.15230747776109,98758,394,375,476,
39.152507157226225,98758,394,374,477,
39.152939683046235,98758,394,373,478,
39.15732276811422,98757,395,373,478,
39.15832803740436,98757,395,372,479,
39.16242294053942,98756,396,372,479,
39.16242294053942,98756,396,372,479,
39.1630772085441,98756,396,371,480,
39.16611933839132,98755,397,371,480,
39.16991235808396,98755,396,372,480,
39.170125784056154,98754,397,372,480,
39.17048592367059,98753,398,372,480,
39.17690811864818,98752,399,372,480,
39.179292062359295,98751,400,372,480,
39.193978041089046,98750,401,372,480,
39.20405541078108,98749,402,372,480,
39.20583739227646,98748,403,372,480,
39.21191042871047,98748,403,371,481,
39.21196811478773,98748,402,372,481,
39.21723119970371,98747,403,372,481,
39.22082906829353,98746,404,372,481,
39.22783835457493,98745,405,372,481,
39.23003996999582,98745,405,371,482,
39.23068423173349,98745,404,372,482,
39.23656786550596,98744,405,372,482,
39.2372353640392,98743,406,372,482,
39.23850326075969,98743,406,371,483,
39.24397743112388,98743,406,370,484,
39.25313497714303,98743,405,371,484,
39.25745276856338,98743,405,370,485,
39.263049862808515,98742,406,370,485,
39.264185201797865,98742,406,369,486,
39.2647981431631,98742,405,370,486,
39.26689386173102,98742,404,371,486,
39.27200047182142,98741,405,371,486,
39.272061431377026,98741,404,372,486,
39.27412080226168,98741,403,373,486,
39.27750202766699,98741,402,374,486,
39.28349805600458,98740,403,374,486,
39.284497916048785,98740,403,373,487,
39.296222419160244,98740,402,374,487,
39.302363870980116,98739,403,374,487,
39.31213201228915,98739,402,375,487,
39.32003724376518,98738,403,375,487,
39.320567206497,98738,402,376,487,
39.328907721096286,98737,403,376,487,
39.33431232432011,98737,403,375,488,
39.33461197518245,98737,402,376,488,
39.33738350179452,98736,403,376,488,
39.34604639154185,98735,404,376,488,
39.35073440824035,98735,404,375,489,
39.35140312452413,98734,405,375,489,
39.35219452970404,98734,404,376,489,
39.36268959957765,98734,403,377,489,
39.36361766110889,98733,404,377,489,
39.37171519420743,98733,403,378,489,
39.378304603134566,98733,403,377,490,
39.37974545806925,98733,403,376,491,
39.38635239470384,98733,402,377,491,
39.38810359787508,98733,402,376,492,
39.39058171715315,98733,401,377,492,
39.395652353120504,98732,402,377,492,
39.39881769913959,98732,401,378,492,
39.40807702504795,98731,402,378,492,
39.412971229538734,98731,402,377,493,
39.418473887902884,98730,403,377,493,
39.424963606563686,98729,404,377,493,
39.42601653342952,98729,403,378,493,
39.43061032622903,98729,402,379,493,
39.43134579319638,98729,401,380,493,
39.43512623738478,98729,400,381,493,
39.43837919299455,98729,399,382,493,
39.45309926715827,98728,400,382,493,
39.45500801960922,98728,400,381,494,
39.46311137951192,98728,399,382,494,
39.46564254747312,98727,400,382,494,
39.465973886053376,98726,401,382,494,
39.46818463535819,98726,401,381,495,
39.47073515975004,98725,402,381,495,
39.47649814162178,98725,401,382,495,
39.48088837811306,98725,400,383,495,
39.48159121335314,98724,401,383,495,
39.48461934744256,98724,400,384,495,
39.48608358038494,98723,401,384,495,
39.502388055550206,98722,402,384,495,
39.509984815458914,98722,401,385,495,
39.51370596315177,98722,400,386,495,
39.52111749626527,98721,401,386,495,
39.521777379470656,98721,401,385,496,
39.525251655833735,98720,402,385,496,
39.53672673352198,98720,401,386,496,
39.549136933451535,98720,401,385,497,
39.550160907253236,98720,400,386,497,
39.551632482026854,98719,401,386,497,
39.55621637420015,98719,400,387,497,
39.56000361337277,98719,400,386,498,
39.562831357243496,98718,401,386,498,
39.567360155233196,98717,402,386,498,
39.58878834548025,98717,402,385,499,
39.59665320693677,98717,401,386,499,
39.60373422563185,98716,402,386,499,
39.60852822496065,98715,403,386,499,
39.60946780173631,98714,404,386,499,
39.611580425440536,98713,405,386,499,
39.61168400881061,98712,406,386,499,
39.61817191340445,98711,407,386,499,
39.619369985614945,98710,408,386,499,
39.623991185641735,98710,407,387,499,
39.62687849997985,98710,406,388,499,
39.63545848493948,98710,406,387,500,
39.6422333445146,98709,407,387,500,
39.649044712248156,98709,407,386,501,
39.64936924126145,98709,406,387,501,
39.65786949064214,98709,405,388,501,
39.66026882842133,98708,406,388,501,
39.662194562311676,98708,405,389,501,
39.66635379170494,98708,404,390,501,
39.6726231614727,98707,405,390,501,
39.673275495609914,98706,406,390,501,
39.67593032929893,98705,407,390,501,
39.67861640099242,98705,407,389,502,
39.68420452154718,98704,408,389,502,
39.68611080943977,98704,407,390,502,
39.6897493998883,98703,408,390,502,
39.69513377614227,98702,409,390,502,
39.69748148155248,98701,410,390,502,
39.70484177441131,98701,409,391,502,
39.70800421018421,98701,408,392,502,
39.724323748724174,98701,408,391,503,
39.72611451961398,98701,408,390,504,
39.7268904418303,98701,408,389,505,
39.7293086749379,98701,407,390,505,
39.73210851475657,98701,407,389,506,
39.73348698960166,98700,408,389,506,
39.73760714395695,98700,408,388,507,
39.73910105262342,98700,408,387,508,
39.74190765986173,98699,409,387,508,
39.743002937184734,98698,410,387,508,
39.745691493890554,98698,409,388,508,
39.74698131452473,98697,410,388,508,
39.74784447113835,98697,409,389,508,
39.7482111385374,98697,408,390,508,
39.75345842549473,98696,409,390,508,
39.756278006572735,98696,409,389,509,
39.75711538396721,98696,409,388,510,
39.76349536724836,98696,409,387,511,
39.77613190843314,98695,410,387,511,
39.77900735149122,98695,410,386,512,
39.7810622261997,98694,411,386,512,
39.78639949141079,98693,412,386,512,
39.79190599062927,98693,411,387,512,
39.79481741147517,98692,412,387,512,
39.801860540615806,98692,411,388,512,
39.805676067047024,98691,412,388,512,
39.806110816410154,98690,413,388,512,
39.80979739314088,98690,412,389,512,
39.81441171769599,98689,413,389,512,
39.81825645848938,98689,413,388,513,
39.820306431237306,98688,414,388,513,
39.825865572708544,98688,413,389,513,
39.826937182015115,98688,412,390,513,
39.83307165417487,98687,413,390,513,
39.8333435254979,98686,414,390,513,
39.83657247735348,98685,415,390,513,
39.83672475359787,98685,414,391,513,
39.84681458796567,98684,415,391,513,
39.84871287505885,98683,416,391,513,
39.84934548561238,98682,417,391,513,
39.8494634707347,98681,418,391,513,
39.85055900166001,98681,417,392,513,
39.851538602801845,98681,417,391,514,
39.851695840048734,98680,418,391,514,
39.85294002790204,98680,418,390,515,
39.86769653940888,98680,417,391,515,
39.86772494882722,98679,418,391,515,
39.86826637182757,98679,418,390,516,
39.86937724248898,98679,417,391,516,
39.87223363763845,98679,416,392,516,
39.87533685751806,98679,416,391,517,
39.87808106756035,98678,417,391,517,
39.889345990262335,98678,416,392,517,
39.88941209557398,98677,417,392,517,
39.89123614600432,98676,418,392,517,
39.89234464129442,98675,419,392,517,
39.895796882537766,98674,420,392,517,
39.90339911520355,98674,419,393,517,
39.90550068570331,98674,419,392,518,
39.90925735288107,98673,420,392,518,
39.913363889699255,98673,419,393,518,
39.918936724505784,98673,418,394,518,
39.920364024962474,98673,418,393,519,
39.92669779159744,98673,417,394,519,
39.93115133641134,98673,416,395,519,
39.93430512647315,98672,417,395,519,
39.93695906068468,98672,416,396,519,
39.937861927517574,98672,415,397,519,
39.940721188317546,98671,416,397,519,
39.948125050932106,98671,416,396,520,
39.95142043803871,98670,417,396,520,
39.95721475604722,98669,418,396,520,
39.962475881192795,98669,418,395,521,
39.96508098354662,98669,417,396,521,
39.97568602337178,98668,418,396,521,
39.978013785554296,98668,417,397,521,
39.978535536010405,98668,416,398,521,
39.991020763447814,98667,417,398,521,
39.99136971840083,98667,416,399,521,
39.99241328410774,98667,415,400,521,
39.99305659731955,98667,414,401,521,
39.99535080557629,98666,415,401,521,
40.00145497427376,98666,414,402,521,
40.00785497302525,98666,413,403,521,
40.00861263923432,98666,413,402,522,
40.012403887741925,98666,413,401,523,
40.01541184308751,98665,414,401,523,
40.01632688115812,98665,413,402,523,
40.02113446386532,98665,413,401,524,
40.021851146558554,98665,412,402,524,
40.024591553546784,98665,411,403,524,
40.02461090918037,98665,410,404,524,
40.02670220192504,98664,411,404,524,
40.029988186097505,98663,412,404,524,
40.03020632194495,98663,412,403,525,
40.03155031460835,98662,413,403,525,
40.04276461063071,98662,413,402,526,
40.04285849683109,98662,412,403,526,
40.04575030774719,98661,413,403,526,
40.04584900626999,98661,412,404,526,
40.048742546241975,98660,413,404,526,
40.05117206604665,98660,412,405,526,
40.05521447944045,98659,413,405,526,
40.06301410966632,98659,412,406,526,
40.06303850711795,98659,412,405,527,
40.06410604390515,98659,411,406,527,
40.066566328899995,98659,411,405,528,
40.071909915122376,98659,411,404,529,
40.07319306966493,98658,412,404,529,
40.07458508777798,98658,411,405,529,
40.09522492844981,98658,411,404,530,
40.096466532446854,98658,410,405,530,
40.09949841358574,98657,411,405,530,
40.10283211622556,98657,411,404,531,
40.11215972904316,98657,411,403,532,
40.114861016730444,98656,412,403,532,
40.11739604686462,98656,412,402,533,
40.12358547962774,98656,411,403,533,
40.12661652030253,98656,410,404,533,
40.13093449080676,98656,409,405,533,
40.134796013788986,98655,410,405,533,
40.13574076343019,98654,411,405,533,
40.14009930007351,98654,410,406,533,
40.14070864501006,98654,409,407,533,
40.145209956290714,98653,410,407,533,
40.15326148532734,98653,409,408,533,
40.15326148532734,98653,409,408,533,
40.154053259139026,98653,408,409,533,
40.1554910645384,98653,408,408,534,
40.15695234433893,98652,409,408,534,
40.1602443437041,98652,408,409,534,
40.179249663335156,98652,407,410,534,
40.19152378399507,98651,408,410,534,
40.19472744831842,98650,409,410,534,
40.201139998432694,98649,410,410,534,
40.20285576881223,98649,409,411,534,
40.202938441514604,98648,410,411,534,
40.20464632213349,98648,409,412,534,
40.2220719719444,98648,409,411,535,
40.222092250921975,98647,410,411,535,
40.228932916245284,98647,409,412,535,
40.23130894431551,98647,409,411,536,
40.23168051822426,98647,408,412,536,
40.23354958738389,98646,409,412,536,
40.23414947520011,98645,410,412,536,
40.24035099548045,98645,409,413,536,
40.24777483981955,98644,410,413,536,
40.24871161777475,98643,411,413,536,
40.252161909011775,98642,412,413,536,
40.252495711072314,98642,411,414,536,
40.2565242899908,98641,412,414,536,
40.26429915574831,98640,413,414,536,
40.267951114440685,98639,414,414,536,
40.27148844307499,98638,415,414,536,
40.27609989763139,98637,416,414,536,
40.28130267706354,98636,417,414,536,
40.288502760175035,98635,418,414,536,
40.29162995996852,98634,419,414,536,
40.29374520619331,98634,418,415,536,
40.29862945818281,98634,417,416,536,
40.301468204692604,98633,418,416,536,
40.30278660880262,98633,417,417,536,
40.30832366710798,98632,418,417,536,
40.31028567312998,98632,418,416,537,
40.324407164419966,98631,419,416,537,
40.32722777667106,98630,420,416,537,
40.330725461288225,98630,419,417,537,
40.333831829851874,98629,420,417,537,
40.335021083771025,98629,420,416,538,
40.33626439072079,98629,419,417,538,
40.33651378065668,98629,419,416,539,
40.34023365323721,98629,419,415,540,
40.34114771603495,98629,419,414,541,
40.34207185760452,98628,420,414,541,
40.35220850827805,98627,421,414,541,
40.35616089175347,98627,421,413,542,
40.35917051565273,98627,420,414,542,
40.369243649475365,98626,421,414,542,
40.376328166139835,98626,421,413,543,
40.386514311476894,98626,421,412,544,
40.388210957488575,98626,421,411,545,
40.39396786337616,98625,422,411,545,
40.403871061062716,98625,421,412,545,
40.40786561433328,98625,420,413,545,
40.40935909573688,98624,421,413,545,
40.409489937943164,98623,422,413,545,
40.41182615098831,98622,423,413,545,
40.4172778697315,98621,424,413,545,
40.42320997609839,98621,424,412,546,
40.42613038145664,98621,423,413,546,
40.4295649180322,98621,422,414,546,
40.43003716397381,98621,422,413,547,
40.432444392719155,98620,423,413,547,
40.433474673725854,98619,424,413,547,
40.441423615007274,98619,424,412,548,
40.456773647502,98619,424,411,549,
40.46606130569317,98618,425,411,549,
40.46710457995892,98618,425,410,550,
40.46717133198508,98618,425,409,551,
40.46916060429731,98617,426,409,551,
40.47005702870434,98616,427,409,551,
40.47058719916063,98615,428,409,551,
40.47058884339622,98615,428,408,552,
40.47248689322951,98615,427,409,552,
40.48014305173416,98615,427,408,553,
40.4811550934305,98615,426,409,553,
40.48693674068738,98615,425,410,553,
40.495134972357555,98614,426,410,553,
40.498352024076624,98613,427,410,553,
40.50162448293935,98612,428,410,553,
40.50266852989677,98612,427,411,553,
40.50438457098868,98611,428,411,553,
40.5100976474858,98611,428,410,554,
40.51228092034668,98611,428,409,555,
40.5129092871207,98610,429,409,555,
40.5138138891545,98609,430,409,555,
40.52002566969738,98609,429,410,555,
40.52573195042187,98609,428,411,555,
40.52679990260734,98609,427,412,555,
40.52724989176778,98608,428,412,555,
40.53688076605404,98608,428,411,556,
40.54449921774622,98608,427,412,556,
40.545577988795586,98607,428,412,556,
40.54601560355118,98606,429,412,556,
40.550952995704904,98605,430,412,556,
40.55180253986357,98605,429,413,556,
40.55295305822531,98605,429,412,557,
40.559584056065,98605,428,413,557,
40.56862953147879,98604,429,413,557,
40.574947370033456,98604,428,414,557,
40.57963675097488,98604,428,413,558,
40.579838981345446,98603,429,413,558,
40.580732817707954,98603,428,414,558,
40.596091656581514,98603,427,415,558,
40.59679962540428,98603,426,416,558,
40.60238110613104,98603,425,417,558,
40.60274127430864,98602,426,417,558,
40.60384805827734,98602,425,418,558,
40.604274415527534,98601,426,418,558,
40.60891122871256,98601,425,419,558,
40.61031273466486,98601,424,420,558,
40.61616229663788,98601,423,421,558,
40.61855540936762,98601,422,422,558,
40.62114093438387,98600,423,422,558,
40.626244094617746,98599,424,422,558,
40.62831980499373,98598,425,422,558,
40.63168203244943,98598,425,421,559,
40.63182069038596,98597,426,421,559,
40.63644349675988,98597,425,422,559,
40.64519696178,98597,424,423,559,
40.646211074841055,98597,423,424,559,
40.64812362650457,98596,424,424,559,
40.6551043403536,98596,424,423,560,
40.65553021738414,98596,423,424,560,
40.66330041476958,98595,424,424,560,
40.66560725750207,98595,424,423,561,
40.67059289910935,98595,423,424,561,
40.672894987493294,98594,424,424,561,
40.67578863442795,98593,425,424,561,
40.67652980722342,98592,426,424,561,
40.685123619918166,98592,425,425,561,
40.68513650890943,98591,426,425,561,
40.693036679799995,98590,427,425,561,
40.69557391732019,98590,426,426,561,
40.70127077298387,98589,427,426,561,
40.701483447748686,98588,428,426,561,
40.71241331201211,98587,429,426,561,
40.727654572895666,98587,429,425,562,
40.72927066006914,98587,428,426,562,
40.730241790161166,98587,427,427,562,
40.73841172164683,98586,428,427,562,
40.74497559415692,98585,429,427,562,
40.750978976846405,98584,430,427,562,
40.75390200569064,98583,431,427,562,
40.75868674050888,98583,430,428,562,
40.76727058439387,98583,430,427,563,
40.769005238805576,98582,431,427,563,
40.7783795887436,98581,432,427,563,
40.77848142872789,98581,432,426,564,
40.78418821420878,98580,433,426,564,
40.78516665652306,98579,434,426,564,
40.793609709582846,98579,433,427,564,
40.794483440156256,98578,434,427,564,
40.797383487211405,98577,435,427,564,
40.80461504490731,98577,435,426,565,
40.810851389011724,98576,436,426,565,
40.8169945106748,98576,435,427,565,
40.81817316579001,98575,436,427,565,
40.825412669347145,98574,437,427,565,
40.82708257523652,98574,437,426,566,
40.82736050757123,98574,436,427,566,
40.83107184085463,98574,436,426,567,
40.832025151809404,98574,435,427,567,
40.837940603777284,98574,434,428,567,
40.85104127719568,98573,435,428,567,
40.852643860240974,98573,435,427,568,
40.85342543502153,98573,435,426,569,
40.85506265627968,98572,436,426,569,
40.85853672922332,98571,437,426,569,
40.859681303092245,98571,436,427,569,
40.85971448197985,98570,437,427,569,
40.86204898920012,98569,438,427,569,
40.86656394500737,98569,438,426,570,
40.86835730519596,98569,438,425,571,
40.87322829743873,98569,437,426,571,
40.88340283820461,98568,438,426,571,
40.88690357596774,98567,439,426,571,
40.887932873017995,98567,439,425,572,
40.88978249273058,98567,439,424,573,
40.896274026422816,98566,440,424,573,
40.89910953870205,98565,441,424,573,
40.90108367742098,98565,440,425,573,
40.90145957166277,98564,441,425,573,
40.914061390167866,98563,442,425,573,
40.91795136910006,98563,442,424,574,
40.927935661589295,98563,442,423,575,
40.93429278996464,98563,441,424,575,
40.93598773611155,98562,442,424,575,
40.936246217677706,98561,443,424,575,
40.95150548207617,98561,442,425,575,
40.952029463455105,98560,443,425,575,
40.960110289443115,98559,444,425,575,
40.972410275139296,98558,445,425,575,
40.973283920141405,98557,446,425,575,
40.983291718184205,98557,445,426,575,
40.98714979871639,98557,444,427,575,
40.994408672070435,98557,443,428,575,
40.994542563084906,98556,444,428,575,
40.999821995437145,98556,444,427,576,
41.002373166683476,98556,444,426,577,
41.00637422738852,98556,444,425,578,
41.00995480179816,98555,445,425,578,
41.011529769364934,98554,446,425,578,
41.01349143333965,98553,447,425,578,
41.01588452436018,98553,446,426,578,
41.02187225809113,98552,447,426,578,
41.03233240131636,98551,448,426,578,
41.03784023722408,98550,449,426,578,
41.039346364111324,98550,449,425,579,
41.04011876061596,98549,450,425,579,
41.04639787081314,98548,451,425,579,
41.04936992307402,98547,452,425,579,
41.05351518282993,98547,452,424,580,
41.05811357937984,98547,451,425,580,
41.061289228425004,98547,450,426,580,
41.062224024380555,98546,451,426,580,
41.06300606705617,98545,452,426,580,
41.06529539515913,98545,451,427,580,
41.06787566870235,98545,451,426,581,
41.07934109070534,98545,450,427,581,
41.08188144544457,98545,450,426,582,
41.08285948648691,98544,451,426,582,
41.086545687787655,98543,452,426,582,
41.09018046697638,98543,452,425,583,
41.12354978104058,98543,452,424,584,
41.126136128609694,98543,452,423,585,
41.12713580755153,98543,452,422,586,
41.13732728887946,98542,453,422,586,
41.14026033830441,98542,453,421,587,
41.14438400902492,98541,454,421,587,
41.15111142806774,98540,455,421,587,
41.15111142806774,98540,455,421,587,
41.155984177363884,98539,456,421,587,
41.156432583211846,98538,457,421,587,
41.161670346488634,98537,458,421,587,
41.16283357679148,98536,459,421,587,
41.16841916146717,98535,460,421,587,
41.17015881885395,98534,461,421,587,
41.17629450481668,98533,462,421,587,
41.18059602894375,98533,462,420,588,
41.186332745071674,98533,461,421,588,
41.18692121646448,98533,460,422,588,
41.18784102791332,98532,461,422,588,
41.193704280688486,98532,461,421,589,
41.1971410800101,98531,462,421,589,
41.19987273608652,98530,463,421,589,
41.202566766964715,98530,462,422,589,
41.217058654322486,98529,463,422,589,
41.223465940200256,98529,462,423,589,
41.23675096372614,98529,461,424,589,
41.24053797556305,98529,460,425,589,
41.240870153300754,98529,459,426,589,
41.24266651038059,98528,460,426,589,
41.245520605768164,98528,459,427,589,
41.247008343708416,98527,460,427,589,
41.25063694811629,98526,461,427,589,
41.25136238707036,98525,462,427,589,
41.25563497559282,98524,463,427,589,
41.26760330792787,98524,463,426,590,
41.27203437858907,98523,464,426,590,
41.282260254333096,98523,463,427,590,
41.283164413361746,98522,464,427,590,
41.2885477428804,98522,463,428,590,
41.29189079831032,98522,462,429,590,
41.293965184617655,98521,463,429,590,
41.29955322598097,98521,462,430,590,
41.30345437232468,98520,463,430,590,
41.303614383465536,98519,464,430,590,
41.33243846148132,98518,465,430,590,
41.340032054010656,98518,465,429,591,
41.34689541276572,98518,465,428,592,
41.34836414084731,98518,464,429,592,
41.35010453550886,98517,465,429,592,
41.350916150426386,98516,466,429,592,
41.360725987219645,98516,465,430,592,
41.36075701947211,98516,465,429,593,
41.36439309315015,98515,466,429,593,
41.368064214159396,98515,466,428,594,
41.370821777904155,98515,465,429,594,
41.37746053229216,98514,466,429,594,
41.390712317022036,98513,467,429,594,
41.39557765290204,98512,468,429,594,
41.3994071437693,98511,469,429,594,
41.40797776636703,98510,470,429,594,
41.4115715059677,98509,471,429,594,
41.41158082257324,98508,472,429,594,
41.415550962289586,98508,471,430,594,
41.41881184839528,98507,472,430,594,
41.42186041339022,98506,473,430,594,
41.427723458975244,98505,474,430,594,
41.446907405595404,98505,473,431,594,
41.449392820640945,98504,474,431,594,
41.452155206246886,98503,475,431,594,
41.45472937755412,98503,474,432,594,
41.46092425993629,98502,475,432,594,
41.46283213178972,98501,476,432,594,
41.46385925019232,98501,475,433,594,
41.46450441947867,98500,476,433,594,
41.46598370169894,98499,477,433,594,
41.468558777008006,98498,478,433,594,
41.46977095950519,98498,477,434,594,
41.472526789091866,98498,476,435,594,
41.4729083070215,98497,477,435,594,
41.47588576148659,98496,478,435,594,
41.478982921223746,98496,477,436,594,
41.481860014733385,98496,476,437,594,
41.48247224694498,98496,475,438,594,
41.48407136903171,98495,476,438,594,
41.484945172530274,98495,476,437,595,
41.48496936042535,98495,476,436,596,
41.48832813289431,98494,477,436,596,
41.491690636167306,98493,478,436,596,
41.49562227183611,98492,479,436,596,
41.49582734940412,98491,480,436,596,
41.50539060912904,98491,479,437,596,
41.510024400450696,98491,479,436,597,
41.511455634156775,98491,478,437,597,
41.51544471925414,98490,479,437,597,
41.51985510060289,98489,480,437,597,
41.52397723517073,98488,481,437,597,
41.52652478200191,98487,482,437,597,
41.53064490820202,98486,483,437,597,
41.531058488158,98486,483,436,598,
41.53265580520469,98486,483,435,599,
41.53363986579538,98486,483,434,600,
41.53709453785979,98486,482,435,600,
41.53810622906573,98485,483,435,600,
41.5382558743343,98484,484,435,600,
41.54959129926012,98483,485,435,600,
41.55324330821714,98482,486,435,600,
41.559090661368195,98481,487,435,600,
41.56356205677029,98481,486,436,600,
41.56675065546576,98480,487,436,600,
41.57270440265775,98479,488,436,600,
41.57959306334174,98479,488,435,601,
41.57987393992332,98478,489,435,601,
41.580705156124395,98478,488,436,601,
41.580873574605064,98477,489,436,601,
41.58161186087347,98477,488,437,601,
41.58185563400524,98476,489,437,601,
41.58232987829481,98475,490,437,601,
41.58390276769166,98474,491,437,601,
41.59082646855519,98473,492,437,601,
41.596198670800106,98472,493,437,601,
41.599690139095856,98472,493,436,602,
41.600201511679394,98471,494,436,602,
41.60338336565629,98470,495,436,602,
41.60785285017334,98470,495,435,603,
41.60812991643597,98470,495,434,604,
41.61079063707527,98470,494,435,604,
41.613840428918486,98470,494,434,605,
41.61535476577153,98470,493,435,605,
41.6176104857704,98470,492,436,605,
41.61862895678847,98470,491,437,605,
41.620428286635544,98469,492,437,605,
41.623846396230114,98469,491,438,605,
41.62537053116338,98469,490,439,605,
41.630311123188214,98468,491,439,605,
41.636972449065375,98467,492,439,605,
41.63712108992571,98466,493,439,605,
41.64671240409549,98466,493,438,606,
41.652988987279166,98466,493,437,607,
41.66225319137153,98465,494,437,607,
41.666378950662434,98465,494,436,608,
41.66848874054888,98465,494,435,609,
41.672366054759706,98464,495,435,609,
41.67502709215317,98464,495,434,610,
41.68932590887522,98463,496,434,610,
41.69111288912548,98463,495,435,610,
41.693293389005035,98463,494,436,610,
41.69454714657793,98462,495,436,610,
41.69799579332096,98461,496,436,610,
41.701296371805654,98460,497,436,610,
41.71826203758467,98460,496,437,610,
41.724031076104374,98460,495,438,610,
41.73905124219288,98459,496,438,610,
41.74042279489431,98459,495,439,610,
41.741183833555446,98459,494,440,610,
41.74166372887715,98458,495,440,610,
41.75055918533981,98457,496,440,610,
41.75250049413317,98456,497,440,610,
41.75589553983868,98456,497,439,611,
41.75777147278424,98455,498,439,611,
41.7646484101454,98454,499,439,611,
41.76514045300966,98454,498,440,611,
41.76818874467434,98453,499,440,611,
41.77206364034019,98452,500,440,611,
41.782296660474984,98452,499,441,611,
41.78558024656288,98452,498,442,611,
41.79006495289199,98452,498,441,612,
41.79133447118589,98451,499,441,612,
41.79181459848563,98451,498,442,612,
41.792685315683286,98451,498,441,613,
41.793625082165875,98451,497,442,613,
41.814794890703816,98451,497,441,614,
41.81573179796326,98450,498,441,614,
41.8213310125563,98449,499,441,614,
41.829207177969536,98449,498,442,614,
41.8326288291532,98449,497,443,614,
41.845047187842674,98448,498,443,614,
41.8502386069554,98447,499,443,614,
41.8542615694697,98446,500,443,614,
41.857837949471374,98445,501,443,614,
41.85913377343212,98444,502,443,614,
41.86468113867135,98444,501,444,614,
41.86814170969191,98443,502,444,614,
41.868189270525384,98443,501,445,614,
41.87261363231276,98443,500,446,614,
41.873113051209515,98442,501,446,614,
41.87557097846317,98441,502,446,614,
41.886471298440235,98440,503,446,614,
41.88820896154191,98440,503,445,615,
41.88947872087009,98440,502,446,615,
41.89127026851691,98440,502,445,616,
41.89413895618533,98440,501,446,616,
41.89651786570161,98439,502,446,616,
41.89682864075128,98439,501,447,616,
41.89794683487877,98439,500,448,616,
41.89802502742041,98439,500,447,617,
41.903945343705026,98438,501,447,617,
41.90495041799597,98438,500,448,617,
41.90570038368945,98438,499,449,617,
41.92032169798859,98438,498,450,617,
41.92229859848038,98438,497,451,617,
41.93075683813032,98438,496,452,617,
41.93111200040036,98437,497,452,617,
41.937029120638236,98437,496,453,617,
41.9383722731692,98437,495,454,617,
41.94367868733941,98436,496,454,617,
41.94793463558312,98435,497,454,617,
41.948098979349986,98434,498,454,617,
41.94879435250172,98433,499,454,617,
41.949015093710855,98433,498,455,617,
41.95849763732876,98433,498,454,618,
41.958512031805235,98432,499,454,618,
41.96158282993948,98432,499,453,619,
41.96828942487315,98432,499,452,620,
41.97210062897908,98432,498,453,620,
41.973921733477404,98432,497,454,620,
41.975480058900246,98431,498,454,620,
41.97610951574641,98430,499,454,620,
41.97762742835343,98430,498,455,620,
41.97917920313731,98429,499,455,620,
41.993517821226035,98429,498,456,620,
41.994574905745345,98429,497,457,620,
41.99764959288808,98429,496,458,620,
41.999674854182594,98429,496,457,621,
41.99985465035785,98428,497,457,621,
42.00030039547976,98428,496,458,621,
42.00387921044528,98427,497,458,621,
42.01235227477396,98426,498,458,621,
42.01382115923824,98425,499,458,621,
42.01490754926714,98425,498,459,621,
42.018565039419414,98425,497,460,621,
42.02357787234232,98425,497,459,622,
42.024938204085274,98424,498,459,622,
42.02570294085625,98424,498,458,623,
42.029317724757576,98424,497,459,623,
42.03857870873645,98424,496,460,623,
42.039278140534265,98424,496,459,624,
42.0399812823414,98423,497,459,624,
42.040237630906226,98422,498,459,624,
42.045526119279025,98422,498,458,625,
42.04968361203385,98421,499,458,625,
42.05007421587553,98421,498,459,625,
42.05020647471273,98420,499,459,625,
42.051333071964315,98420,498,460,625,
42.052151810509116,98420,497,461,625,
42.05323938221259,98420,496,462,625,
42.057306357894745,98420,495,463,625,
42.057694585010736,98419,496,463,625,
42.061229561854866,98419,496,462,626,
42.07064765508708,98419,496,461,627,
42.07109995030773,98418,497,461,627,
42.07573212820935,98417,498,461,627,
42.07713090021308,98417,497,462,627,
42.08246060863082,98416,498,462,627,
42.08363428620747,98416,498,461,628,
42.08741910917188,98416,497,462,628,
42.0886498796589,98415,498,462,628,
42.08900467376095,98415,497,463,628,
42.090092237488214,98414,498,463,628,
42.09035370187297,98414,498,462,629,
42.090549051674905,98414,498,461,630,
42.093754005415285,98413,499,461,630,
42.09394965148512,98413,499,460,631,
42.094836467852126,98412,500,460,631,
42.1008195304519,98412,500,459,632,
42.10339323649426,98412,500,458,633,
42.106419082727356,98412,499,459,633,
42.10863404989049,98411,500,459,633,
42.110893088560324,98411,499,460,633,
42.11211777752557,98410,500,460,633,
42.11353347849319,98410,500,459,634,
42.1271138283617,98410,499,460,634,
42.1295245575251,98409,500,460,634,
42.13027704081852,98408,501,460,634,
42.131280295396465,98408,501,459,635,
42.1327357223602,98408,500,460,635,
42.13457179166158,98408,499,461,635,
42.14049646329989,98407,500,461,635,
42.14576085060585,98406,501,461,635,
42.148643574185066,98405,502,461,635,
42.148643574185066,98405,502,461,635,
42.15516069868597,98405,501,462,635,
42.156014955063796,98404,502,462,635,
42.15651926411703,98403,503,462,635,
42.15750168371994,98403,503,461,636,
42.15888048460225,98403,502,462,636,
42.15978574211323,98403,501,463,636,
42.16015986489953,98403,501,462,637,
42.16452377133006,98402,502,462,637,
42.165567389749704,98402,502,461,638,
42.16868407234533,98402,502,460,639,
42.16985366696621,98402,501,461,639,
42.17184778288325,98401,502,461,639,
42.17911250093506,98400,503,461,639,
42.18097804402634,98399,504,461,639,
42.184852915475155,98398,505,461,639,
42.188628968633594,98397,506,461,639,
42.189973741137,98397,506,460,640,
42.19039911302569,98396,507,460,640,
42.191927998515716,98396,506,461,640,
42.19491289600491,98395,507,461,640,
42.197591687198916,98394,508,461,640,
42.20964691312165,98393,509,461,640,
42.209921289536666,98392,510,461,640,
42.211104598481164,98392,509,462,640,
42.21435657328306,98391,510,462,640,
42.21520056122895,98391,510,461,641,
42.22487859740701,98391,509,462,641,
42.226460725319534,98390,510,462,641,
42.2339911318699,98389,511,462,641,
42.23786734506988,98388,512,462,641,
42.244047563346456,98387,513,462,641,
42.24452895673102,98386,514,462,641,
42.24649561689233,98386,514,461,642,
42.257557195771774,98386,513,462,642,
42.26093766344157,98385,514,462,642,
42.263266119034164,98384,515,462,642,
42.26369222592812,98384,515,461,643,
42.26471733335153,98383,516,461,643,
42.26967925919667,98382,517,461,643,
42.27061416857779,98381,518,461,643,
42.27174790788112,98381,517,462,643,
42.276781495620575,98380,518,462,643,
42.27879185874772,98379,519,462,643,
42.28009648398111,98379,518,463,643,
42.28177327785543,98378,519,463,643,
42.29327075579013,98378,518,464,643,
42.295772677537336,98378,517,465,643,
42.2959950744822,98378,516,466,643,
42.296105845174715,98377,517,466,643,
42.29764878463528,98376,518,466,643,
42.30001614397198,98375,519,466,643,
42.30101541079931,98374,520,466,643,
42.30164593127927,98373,521,466,643,
42.30690653857286,98373,520,467,643,
42.30734375758671,98373,520,466,644,
42.308906912109585,98373,520,465,645,
42.311820800712894,98373,519,466,645,
42.31287980741067,98373,519,465,646,
42.31694399722559,98373,518,466,646,
42.320154437299024,98372,519,466,646,
42.32172846040353,98372,518,467,646,
42.32628427796785,98372,517,468,646,
42.32798892934198,98371,518,468,646,
42.3310794935383,98371,517,469,646,
42.33253736455833,98371,516,470,646,
42.3339543993911,98371,516,469,647,
42.33969666067845,98371,515,470,647,
42.35251296976883,98371,514,471,647,
42.35631122590204,98370,515,471,647,
42.35796880474559,98370,514,472,647,
42.35822972728137,98369,515,472,647,
42.35976161680852,98369,515,471,648,
42.36157151323367,98368,516,471,648,
42.36211658998197,98368,515,472,648,
42.363566793449344,98368,514,473,648,
42.363693832454004,98368,513,474,648,
42.36374006848459,98368,513,473,649,
42.36474095265418,98368,512,474,649,
42.36545439994953,98368,511,475,649,
42.36743554291215,98367,512,475,649,
42.369119348137104,98367,511,476,649,
42.37638064646539,98366,512,476,649,
42.37943637449404,98365,513,476,649,
42.3805452651663,98364,514,476,649,
42.38217047348423,98364,513,477,649,
42.3846092371034,98364,513,476,650,
42.3864496830706,98363,514,476,650,
42.38956117677948,98363,514,475,651,
42.391123529378575,98362,515,475,651,
42.39267637731675,98362,514,476,651,
42.393278626497846,98361,515,476,651,
42.39420314934076,98361,515,475,652,
42.39683677246991,98360,516,475,652,
42.3969702574958,98359,517,475,652,
42.398109112600686,98359,517,474,653,
42.39861922072822,98358,518,474,653,
42.40081400174815,98357,519,474,653,
42.40084085138095,98357,518,475,653,
42.40442773674439,98357,517,476,653,
42.40515358559308,98357,516,477,653,
42.414478015703764,98357,515,478,653,
42.41787951592062,98356,516,478,653,
42.421753690200916,98356,515,479,653,
42.432687775777936,98355,516,479,653,
42.43957601464794,98355,515,480,653,
42.44879486231676,98355,515,479,654,
42.45116225218765,98355,515,478,655,
42.45503978022164,98354,516,478,655,
42.45793176573629,98353,517,478,655,
42.45846227009816,98353,516,479,655,
42.45902624339005,98353,516,478,656,
42.4593973629328,98353,515,479,656,
42.462364971814765,98352,516,479,656,
42.46367196312179,98352,515,480,656,
42.4686128515356,98351,516,480,656,
42.47393924798007,98350,517,480,656,
42.47558808285931,98350,516,481,656,
42.477790117999284,98350,515,482,656,
42.48405754726355,98350,514,483,656,
42.494463252160806,98349,515,483,656,
42.49642239436431,98349,515,482,657,
42.49933931148043,98348,516,482,657,
42.4995461183872,98348,516,481,658,
42.50044001331749,98348,515,482,658,
42.502398330647665,98347,516,482,658,
42.50810287708935,98347,515,483,658,
42.509774373340534,98347,515,482,659,
42.51009666251014,98347,514,483,659,
42.512813933056,98347,513,484,659,
42.51666014798515,98347,512,485,659,
42.51908769786027,98346,513,485,659,
42.522593882734505,98345,514,485,659,
42.52492803109234,98344,515,485,659,
42.525023839478706,98344,514,486,659,
42.52510405310222,98343,515,486,659,
42.52680359444269,98343,515,485,660,
42.53375868099866,98343,514,486,660,
42.53391225110835,98342,515,486,660,
42.53417763115819,98341,516,486,660,
42.5344638732947,98341,515,487,660,
42.539503919713184,98341,514,488,660,
42.5403730053643,98340,515,488,660,
42.54530406980622,98339,516,488,660,
42.54979979174903,98338,517,488,660,
42.551423582593294,98338,517,487,661,
42.552008545927016,98337,518,487,661,
42.55593444653889,98337,517,488,661,
42.56088904662489,98337,517,487,662,
42.5609652874363,98337,516,488,662,
42.561658527132586,98337,516,487,663,
42.562507839647004,98336,517,487,663,
42.569286704964185,98336,517,486,664,
42.572918154083446,98335,518,486,664,
42.581322254423455,98334,519,486,664,
42.583625815508455,98333,520,486,664,
42.58424730117826,98332,521,486,664,
42.58873897536344,98331,522,486,664,
42.59330989341375,98330,523,486,664,
42.60158083766799,98329,524,486,664,
42.60954539086538,98328,525,486,664,
42.61249018777429,98327,526,486,664,
42.61768659943059,98327,526,485,665,
42.619231756388785,98326,527,485,665,
42.61981449215491,98326,526,486,665,
42.62280722858994,98325,527,486,665,
42.62310181185016,98324,528,486,665,
42.63084775243289,98324,528,485,666,
42.63106000975056,98324,527,486,666,
42.6347417213973,98323,528,486,666,
42.635098488770396,98322,529,486,666,
42.638307896544035,98322,529,485,667,
42.63845027940356,98322,529,484,668,
42.64824191091864,98322,529,483,669,
42.6500668485892,98321,530,483,669,
42.652052935059885,98320,531,483,669,
42.654854154849396,98320,531,482,670,
42.65534008218564,98319,532,482,670,
42.66071353691015,98318,533,482,670,
42.661293271959615,98318,532,483,670,
42.66538011324827,98318,531,484,670,
42.669641030502554,98318,530,485,670,
42.67183056950345,98317,531,485,670,
42.67336200730863,98317,531,484,671,
42.68824807047072,98316,532,484,671,
42.69326445987335,98315,533,484,671,
42.69494134494911,98315,532,485,671,
42.697060664753614,98314,533,485,671,
42.70694574913468,98313,534,485,671,
42.71294906404263,98313,534,484,672,
42.71375840920037,98313,533,485,672,
42.714940916386794,98312,534,485,672,
42.7175401028249,98312,533,486,672,
42.71881511131983,98311,534,486,672,
42.718870944782616,98311,534,485,673,
42.72078077171422,98311,533,486,673,
42.723045653895724,98311,532,487,673,
42.73567860484456,98311,531,488,673,
42.73707367347322,98311,531,487,674,
42.7386988238908,98311,530,488,674,
42.740151775589915,98310,531,488,674,
42.74031603298618,98309,532,488,674,
42.74633168606675,98308,533,488,674,
42.75666138331552,98308,532,489,674,
42.763097760275485,98307,533,489,674,
42.770861796303045,98306,534,489,674,
42.77331821471,98305,535,489,674,
42.77380904786411,98304,536,489,674,
42.77508392105098,98303,537,489,674,
42.77569517689749,98302,538,489,674,
42.78010088350518,98301,539,489,674,
42.78342082705602,98301,538,490,674,
42.78415638586311,98300,539,490,674,
42.784183429520304,98300,538,491,674,
42.79060452036872,98299,539,491,674,
42.79063193599762,98299,539,490,675,
42.79109936933952,98299,539,489,676,
42.79186742230708,98299,539,488,677,
42.793100815767964,98299,538,489,677,
42.799518371097435,98298,539,489,677,
42.801471040334135,98298,538,490,677,
42.801521097592676,98298,538,489,678,
42.80946892207083,98297,539,489,678,
42.81254155360102,98296,540,489,678,
42.81827681694716,98295,541,489,678,
42.82038038394436,98294,542,489,678,
42.824427899215834,98294,542,488,679,
42.829729627392325,98294,541,489,679,
42.83173012103098,98294,541,488,680,
42.83346274154193,98293,542,488,680,
42.83349714444006,98293,541,489,680,
42.8341846474106,98293,541,488,681,
42.83641984889313,98293,540,489,681,
42.83726570357551,98293,539,490,681,
42.83833310609754,98292,540,490,681,
42.84316948154803,98291,541,490,681,
42.84348596665487,98290,542,490,681,
42.843687529340635,98290,542,489,682,
42.84851810750832,98289,543,489,682,
42.85462202769896,98288,544,489,682,
42.85832787735224,98288,544,488,683,
42.86528278603127,98288,544,487,684,
42.86681757400153,98288,544,486,685,
42.87419819918707,98287,545,486,685,
42.87800818213617,98286,546,486,685,
42.881783390951135,98286,545,487,685,
42.8845262906927,98285,546,487,685,
42.88564244145026,98285,546,486,686,
42.88607051900176,98285,545,487,686,
42.886514408014435,98285,545,486,687,
42.889087102408524,98284,546,486,687,
42.89026275815019,98283,547,486,687,
42.89048076176085,98283,546,487,687,
42.89382660149155,98282,547,487,687,
42.901196551040165,98282,546,488,687,
42.90214735557321,98282,545,489,687,
42.90642685711027,98281,546,489,687,
42.90753043075401,98281,545,490,687,
42.90938118047086,98280,546,490,687,
42.909587145467896,98280,545,491,687,
42.91842677426171,98280,545,490,688,
42.924535689787476,98279,546,490,688,
42.92860066648549,98278,547,490,688,
42.94506641351425,98278,546,491,688,
42.94582575022435,98277,547,491,688,
42.947327968844036,98277,546,492,688,
42.948429056170355,98277,546,491,689,
42.95017443392889,98277,545,492,689,
42.95631033722408,98276,546,492,689,
42.96374885126802,98276,545,493,689,
42.96887766249078,98276,544,494,689,
42.97349195098686,98276,543,495,689,
42.97445094949785,98276,542,496,689,
42.97746761552289,98276,541,497,689,
42.97802854715449,98276,540,498,689,
42.9814276053746,98275,541,498,689,
42.98199774108228,98275,540,499,689,
42.986626568391884,98274,541,499,689,
42.990054646710355,98274,541,498,690,
42.99183845999322,98273,542,498,690,
42.99520658156582,98272,543,498,690,
43.001906556285874,98272,543,497,691,
43.00411293183779,98271,544,497,691,
43.00519616156908,98270,545,497,691,
43.00790901788548,98269,546,497,691,
43.011309250650996,98268,547,497,691,
43.01713986066494,98268,546,498,691,
43.01851504313701,98268,545,499,691,
43.01889395164824,98268,544,500,691,
43.02302069049544,98267,545,500,691,
43.03224041908901,98266,546,500,691,
43.036031855324225,98265,547,500,691,
43.03642122595595,98265,546,501,691,
43.04086171888475,98264,547,501,691,
43.04234038917753,98263,548,501,691,
43.04303958249313,98263,548,500,692,
43.0468019970191,98263,548,499,693,
43.052140333479855,98263,547,500,693,
43.05219503012693,98263,547,499,694,
43.06026337571303,98263,547,498,695,
43.06086854958948,98263,547,497,696,
43.06387085310541,98263,547,496,697,
43.06741284260107,98262,548,496,697,
43.070233878735856,98261,549,496,697,
43.07224927481155,98261,548,497,697,
43.074078397019484,98260,549,497,697,
43.0886433960705,98259,550,497,697,
43.091920484649386,98259,550,496,698,
43.09513269263313,98259,549,497,698,
43.09589328795748,98258,550,497,698,
43.10398250697995,98258,549,498,698,
43.10597827453845,98258,548,499,698,
43.10904889284922,98258,547,500,698,
43.11813666679047,98257,548,500,698,
43.11894472285548,98257,548,499,699,
43.1208922467156,98257,548,498,700,
43.123764796803314,98257,547,499,700,
43.12532470800778,98256,548,499,700,
43.131794056469296,98256,547,500,700,
43.13702796818563,98256,546,501,700,
43.14232891564197,98256,546,500,701,
43.1459640390249,98256,545,501,701,
43.1459640390249,98256,545,501,701,
43.159961959506624,98256,544,502,701,
43.16035083265637,98255,545,502,701,
43.17312985931147,98255,545,501,702,
43.17436340544958,98254,546,501,702,
43.17644258532536,98254,546,500,703,
43.17652696667317,98254,546,499,704,
43.181186195234815,98254,545,500,704,
43.1813434255977,98254,545,499,705,
43.18752640085965,98254,544,500,705,
43.18943314983599,98253,545,500,705,
43.19505237551833,98253,544,501,705,
43.19811918334997,98252,545,501,705,
43.20019312872367,98252,545,500,706,
43.20221870859464,98251,546,500,706,
43.20439932038892,98251,546,499,707,
43.208834308074174,98251,545,500,707,
43.212971794887686,98251,545,499,708,
43.21355613028554,98251,545,498,709,
43.2178443792652,98251,544,499,709,
43.21870484061105,98251,543,500,709,
43.224094036348674,98251,542,501,709,
43.22411874594027,98250,543,501,709,
43.22889280279374,98249,544,501,709,
43.23780519243673,98249,544,500,710,
43.23911533800912,98248,545,500,710,
43.24091065892006,98247,546,500,710,
43.24608968261553,98246,547,500,710,
43.25150973228532,98246,546,501,710,
43.25161181589013,98246,545,502,710,
43.253321722609314,98246,544,503,710,
43.253414345336665,98246,544,502,711,
43.259902824817566,98246,544,501,712,
43.26692700960244,98245,545,501,712,
43.2696994070746,98245,544,502,712,
43.27020610219101,98244,545,502,712,
43.27639424142329,98243,546,502,712,
43.27785653272229,98242,547,502,712,
43.27844274973553,98242,546,503,712,
43.27856092050045,98242,545,504,712,
43.28636885621005,98242,544,505,712,
43.28720693841956,98241,545,505,712,
43.28843990003837,98240,546,505,712,
43.29233731348461,98239,547,505,712,
43.31292229561281,98239,546,506,712,
43.31400075558143,98238,547,506,712,
43.31740144639854,98237,548,506,712,
43.334255817367335,98237,547,507,712,
43.33719441770842,98236,548,507,712,
43.33992271272398,98236,547,508,712,
43.34932977577973,98235,548,508,712,
43.35279989869022,98235,547,509,712,
43.354174285999164,98235,547,508,713,
43.35587629077872,98235,547,507,714,
43.359132280554476,98234,548,507,714,
43.359171776723365,98234,548,506,715,
43.36585886266726,98233,549,506,715,
43.36758745640633,98232,550,506,715,
43.371699021029144,98231,551,506,715,
43.378161781384705,98231,550,507,715,
43.378413415064365,98231,549,508,715,
43.388970002471815,98230,550,508,715,
43.38989089680749,98229,551,508,715,
43.39133630152865,98228,552,508,715,
43.3923653014389,98228,551,509,715,
43.393810152573266,98228,550,510,715,
43.39684106283843,98228,549,511,715,
43.407063208864365,98228,548,512,715,
43.409249452255736,98227,549,512,715,
43.414317938958604,98226,550,512,715,
43.416118369211446,98226,550,511,716,
43.41995277623082,98226,550,510,717,
43.420739031530246,98225,551,510,717,
43.423538941516824,98225,550,511,717,
43.42443357139522,98225,550,510,718,
43.425012673883515,98224,551,510,718,
43.43185884753494,98223,552,510,718,
43.43365007151467,98223,552,509,719,
43.43508220032875,98222,553,509,719,
43.43528600994898,98222,552,510,719,
43.43637338342275,98221,553,510,719,
43.43751833940543,98220,554,510,719,
43.43819476467531,98219,555,510,719,
43.442642341434855,98219,554,511,719,
43.443097299594314,98219,553,512,719,
43.44422369222257,98218,554,512,719,
43.444424250612904,98217,555,512,719,
43.445587438185875,98216,556,512,719,
43.445683310710706,98215,557,512,719,
43.447953630259846,98214,558,512,719,
43.45912217514696,98214,558,511,720,
43.45954101913387,98214,557,512,720,
43.46228088394851,98214,557,511,721,
43.46756226850369,98214,556,512,721,
43.47353027811729,98214,555,513,721,
43.47741814876836,98214,554,514,721,
43.477501780132684,98214,554,513,722,
43.47780828973538,98213,555,513,722,
43.47869955707959,98213,554,514,722,
43.47953744065008,98213,553,515,722,
43.48483854079733,98212,554,515,722,
43.48651983574117,98212,553,516,722,
43.48661609004212,98211,554,516,722,
43.487529266106606,98211,553,517,722,
43.488985161873735,98210,554,517,722,
43.49120155666508,98210,553,518,722,
43.49151130397288,98210,552,519,722,
43.49509545345914,98209,553,519,722,
43.49663567118489,98208,554,519,722,
43.500950522047745,98207,555,519,722,
43.506632216131784,98207,554,520,722,
43.51305143870155,98207,554,519,723,
43.51406517064875,98206,555,519,723,
43.5141120088145,98206,554,520,723,
43.520161261826544,98206,553,521,723,
43.52017783670269,98206,552,522,723,
43.520482719751065,98205,553,522,723,
43.52131579911095,98204,554,522,723,
43.5233721552258,98203,555,522,723,
43.52467064059622,98202,556,522,723,
43.52562063724258,98201,557,522,723,
43.526894389809975,98201,556,523,723,
43.52775336238618,98201,555,524,723,
43.5289548641717,98201,555,523,724,
43.530869811131446,98201,554,524,724,
43.53265365790933,98201,553,525,724,
43.536594143118855,98200,554,525,724,
43.539687793704445,98199,555,525,724,
43.54337541230738,98199,554,526,724,
43.546023670155556,98199,554,525,725,
43.548198862875495,98199,554,524,726,
43.54832858139256,98198,555,524,726,
43.54852836803111,98198,554,525,726,
43.54877683375298,98198,554,524,727,
43.5492808655123,98198,553,525,727,
43.5511366236555,98198,552,526,727,
43.556298272737436,98198,552,525,728,
43.55904278844718,98197,553,525,728,
43.5645070277148,98197,552,526,728,
43.56585929249837,98197,552,525,729,
43.567290389798345,98197,551,526,729,
43.57135879537206,98197,550,527,729,
43.577548340691756,98196,551,527,729,
43.57791688228445,98196,550,528,729,
43.59036466001091,98195,551,528,729,
43.59144745572221,98194,552,528,729,
43.59557471908109,98194,552,527,730,
43.59676757461027,98193,553,527,730,
43.60464974814035,98192,554,527,730,
43.60757773466783,98191,555,527,730,
43.61298953771922,98191,555,526,731,
43.613951814338996,98191,554,527,731,
43.62086944159699,98190,555,527,731,
43.6229543648074,98190,554,528,731,
43.62317058351005,98189,555,528,731,
43.62451417400326,98188,556,528,731,
43.62856001048775,98187,557,528,731,
43.63044494317989,98186,558,528,731,
43.63248836221281,98186,557,529,731,
43.63534019771867,98186,557,528,732,
43.63610015694313,98186,557,527,733,
43.636686496103536,98185,558,527,733,
43.64247477957935,98184,559,527,733,
43.64395545473923,98184,558,528,733,
43.64685079855669,98184,557,529,733,
43.64993482507153,98183,558,529,733,
43.65028233810958,98182,559,529,733,
43.654198588571035,98181,560,529,733,
43.655706621196856,98180,561,529,733,
43.65695120672121,98180,561,528,734,
43.66688344841518,98180,560,529,734,
43.67001260606131,98179,561,529,734,
43.671574314509115,98179,560,530,734,
43.67540852951219,98179,559,531,734,
43.6757668937983,98178,560,531,734,
43.6822711174795,98178,559,532,734,
43.68282134668014,98177,560,532,734,
43.689545309996554,98176,561,532,734,
43.69241803977103,98176,561,531,735,
43.69317978770455,98176,561,530,736,
43.69492177553022,98176,561,529,737,
43.69518260012667,98176,560,530,737,
43.6956707027891,98176,559,531,737,
43.698924024060176,98176,559,530,738,
43.70307942891044,98175,560,530,738,
43.70366602689041,98174,561,530,738,
43.704774211171944,98174,560,531,738,
43.70595618210125,98173,561,531,738,
43.7068441905336,98173,561,530,739,
43.70767187358363,98173,560,531,739,
43.7093700993196,98172,561,531,739,
43.721075813628765,98171,562,531,739,
43.72628987721039,98171,561,532,739,
43.72823077259169,98170,562,532,739,
43.73287927044685,98170,562,531,740,
43.73346047628147,98170,561,532,740,
43.74846003383438,98170,560,533,740,
43.7507730588444,98169,561,533,740,
43.75422880524974,98168,562,533,740,
43.75989001140115,98167,563,533,740,
43.76291396683815,98167,562,534,740,
43.76503035701049,98167,561,535,740,
43.765229252689345,98167,561,534,741,
43.76990484821846,98167,560,535,741,
43.7702498693096,98167,559,536,741,
43.77425914258308,98166,560,536,741,
43.775773733649224,98165,561,536,741,
43.77676443985791,98164,562,536,741,
43.77679480559822,98164,561,537,741,
43.777899598599845,98164,560,538,741,
43.784340743237024,98164,560,537,742,
43.78526253190451,98164,559,538,742,
43.78891958348808,98164,558,539,742,
43.78968280823914,98163,559,539,742,
43.79025674739931,98162,560,539,742,
43.79305346065402,98161,561,539,742,
43.797097437872154,98160,562,539,742,
43.797514984880934,98159,563,539,742,
43.798437129627594,98158,564,539,742,
43.79973794474838,98158,563,540,742,
43.799916625847416,98157,564,540,742,
43.80002104841845,98157,564,539,743,
43.802031694515655,98156,565,539,743,
43.804992033983844,98156,564,540,743,
43.805790418521084,98155,565,540,743,
43.808638283886296,98154,566,540,743,
43.81333141843423,98153,567,540,743,
43.816402361680375,98153,566,541,743,
43.822006917223725,98152,567,541,743,
43.825991408124914,98152,566,542,743,
43.82697972065583,98151,567,542,743,
43.83043155934677,98151,566,543,743,
43.835437083415066,98150,567,543,743,
43.83936684205438,98149,568,543,743,
43.84688438117398,98149,568,542,744,
43.8488879383446,98149,567,543,744,
43.849179351476664,98148,568,543,744,
43.85340117293533,98147,569,543,744,
43.85576751121281,98147,568,544,744,
43.85973173697789,98146,569,544,744,
43.869569049050675,98145,570,544,744,
43.87079737456818,98144,571,544,744,
43.87464171837252,98144,570,545,744,
43.87577968644968,98144,569,546,744,
43.876576054641184,98143,570,546,744,
43.87702954434651,98143,570,545,745,
43.878063415264606,98142,571,545,745,
43.88006078945587,98141,572,545,745,
43.88139879818874,98140,573,545,745,
43.8828704325651,98139,574,545,745,
43.88515147228544,98139,574,544,746,
43.886219314657524,98139,573,545,746,
43.888978592209504,98139,572,546,746,
43.88913971117809,98138,573,546,746,
43.89365592224152,98137,574,546,746,
43.89519302385863,98136,575,546,746,
43.896967267629414,98135,576,546,746,
43.9018368473267,98135,575,547,746,
43.910096413835234,98135,575,546,747,
43.910862309655165,98135,574,547,747,
43.91296765637205,98134,575,547,747,
43.91424463369624,98133,576,547,747,
43.918175102678575,98133,575,548,747,
43.91996055407992,98133,575,547,748,
43.92837297804493,98132,576,547,748,
43.930747411443676,98131,577,547,748,
43.93092233563601,98130,578,547,748,
43.93232099945418,98129,579,547,748,
43.934005424228495,98128,580,547,748,
43.93778785325382,98128,580,546,749,
43.9382723511557,98127,581,546,749,
43.94054398365621,98126,582,546,749,
43.94294630729924,98126,581,547,749,
43.944901838602256,98125,582,547,749,
43.9466698811736,98124,583,547,749,
43.94724189937161,98124,582,548,749,
43.952223822276416,98124,582,547,750,
43.95267962525447,98123,583,547,750,
43.95312037273023,98123,583,546,751,
43.955376361437644,98122,584,546,751,
43.960351101930094,98122,583,547,751,
43.96261547566273,98122,583,546,752,
43.96672690483262,98121,584,546,752,
43.97094808879202,98121,583,547,752,
43.972399307922565,98120,584,547,752,
43.97364571359999,98120,584,546,753,
43.974447597546316,98120,583,547,753,
43.98894725987778,98119,584,547,753,
43.989609260547,98119,584,546,754,
43.995800691123925,98119,583,547,754,
43.99890880888215,98118,584,547,754,
43.99945273022039,98118,584,546,755,
44.00346015008845,98117,585,546,755,
44.00594085351867,98116,586,546,755,
44.0063711556156,98116,586,545,756,
44.01199090919472,98115,587,545,756,
44.01316449443768,98115,587,544,757,
44.02233273967512,98114,588,544,757,
44.02302559758184,98113,589,544,757,
44.0328995110064,98112,590,544,757,
44.03548056185384,98112,589,545,757,
44.04113582061037,98112,588,546,757,
44.042041982375004,98112,588,545,758,
44.04323784589882,98112,587,546,758,
44.043433198100196,98111,588,546,758,
44.04500668607993,98111,588,545,759,
44.04501460216854,98110,589,545,759,
44.046802311074025,98109,590,545,759,
44.047855832019245,98109,589,546,759,
44.04827521441409,98109,589,545,760,
44.05106245193641,98109,588,546,760,
44.05276030128327,98108,589,546,760,
44.058664720232,98108,589,545,761,
44.06716194869432,98107,590,545,761,
44.067912124856825,98106,591,545,761,
44.07048195596185,98106,590,546,761,
44.072794393696746,98106,590,545,762,
44.07537031357967,98105,591,545,762,
44.07570041444394,98105,591,544,763,
44.08103904236069,98104,592,544,763,
44.08116464178067,98103,593,544,763,
44.083822269610536,98103,593,543,764,
44.09347989737897,98102,594,543,764,
44.09506485415384,98101,595,543,764,
44.09888208126589,98100,596,543,764,
44.10209685369893,98100,595,544,764,
44.105282448747,98100,594,545,764,
44.10906371047606,98099,595,545,764,
44.10911027680709,98099,595,544,765,
44.10986147244906,98098,596,544,765,
44.11195199274716,98097,597,544,765,
44.11235600891953,98097,597,543,766,
44.117154930846795,98096,598,543,766,
44.117836968625475,98095,599,543,766,
44.11984388208145,98095,598,544,766,
44.12126619744499,98095,598,543,767,
44.12258819515101,98094,599,543,767,
44.12308435053996,98094,598,544,767,
44.123171039862115,98094,598,543,768,
44.12533023045814,98094,597,544,768,
44.1299652009842,98093,598,544,768,
44.133116604894994,98093,597,545,768,
44.138584035452546,98093,596,546,768,
44.1412313657768,98093,596,545,769,
44.14409218790345,98092,597,545,769,
44.14409218790345,98092,597,545,769,
44.15337499274275,98092,596,546,769,
44.15611292647563,98092,596,545,770,
44.15653554798667,98092,595,546,770,
44.16048056093463,98092,595,545,771,
44.16166398581193,98092,594,546,771,
44.16532885097486,98092,593,547,771,
44.166113252322376,98091,594,547,771,
44.16674574252748,98090,595,547,771,
44.170324694332386,98090,594,548,771,
44.172815584639814,98089,595,548,771,
44.17584534686894,98089,595,547,772,
44.177153180312295,98088,596,547,772,
44.178320772607954,98088,596,546,773,
44.179914373665945,98088,595,547,773,
44.18189505113375,98087,596,547,773,
44.18258294674629,98087,596,546,774,
44.19011284613669,98086,597,546,774,
44.19033297321264,98085,598,546,774,
44.193475643260754,98085,597,547,774,
44.195038821103005,98085,596,548,774,
44.195815067420384,98084,597,548,774,
44.201545639730185,98083,598,548,774,
44.20213556441454,98082,599,548,774,
44.20292312218512,98082,599,547,775,
44.20417462293817,98081,600,547,775,
44.20896957218488,98081,599,548,775,
44.212545736860946,98081,598,549,775,
44.213768303865706,98080,599,549,775,
44.215014960830125,98080,599,548,776,
44.21709008492579,98079,600,548,776,
44.22407105543797,98078,601,548,776,
44.22631301803453,98078,600,549,776,
44.22733348917673,98078,599,550,776,
44.2280702999176,98077,600,550,776,
44.22827457746954,98077,600,549,777,
44.228694717716344,98076,601,549,777,
44.22906322673968,98076,600,550,777,
44.23053580605267,98075,601,550,777,
44.230877946183725,98075,601,549,778,
44.234066833998206,98075,601,548,779,
44.23923140596873,98074,602,548,779,
44.24302750046687,98074,602,547,780,
44.24310676917992,98073,603,547,780,
44.24449547111856,98072,604,547,780,
44.248191732618615,98072,604,546,781,
44.249730802600666,98071,605,546,781,
44.25075382003172,98071,604,547,781,
44.25171688531699,98070,605,547,781,
44.25320813370431,98070,605,546,782,
44.255024845140625,98070,605,545,783,
44.25516684755284,98069,606,545,783,
44.25920768331195,98068,607,545,783,
44.2595201292043,98067,608,545,783,
44.261792084193225,98066,609,545,783,
44.262283356603845,98066,608,546,783,
44.26583465652929,98065,609,546,783,
44.266407427711925,98065,609,545,784,
44.26958215156977,98064,610,545,784,
44.27335128827382,98064,609,546,784,
44.27625678490675,98063,610,546,784,
44.276303485263696,98062,611,546,784,
44.27927713218436,98061,612,546,784,
44.28213136191101,98060,613,546,784,
44.28279205965718,98059,614,546,784,
44.285186293090085,98058,615,546,784,
44.287697182970874,98057,616,546,784,
44.29046966141443,98056,617,546,784,
44.29079028756343,98055,618,546,784,
44.29104872627297,98054,619,546,784,
44.291110168257624,98054,618,547,784,
44.30186777592674,98053,619,547,784,
44.302969407952894,98053,619,546,785,
44.30353659625333,98053,619,545,786,
44.30399193169776,98052,620,545,786,
44.30550993166208,98051,621,545,786,
44.3064913081155,98050,622,545,786,
44.30759823358387,98050,622,544,787,
44.314315171396935,98050,621,545,787,
44.31865196009452,98050,620,546,787,
44.32716219414475,98049,621,546,787,
44.327340168683044,98049,620,547,787,
44.32818219665059,98049,619,548,787,
44.3292786390452,98048,620,548,787,
44.33002995164421,98048,619,549,787,
44.33003290825623,98047,620,549,787,
44.33054540546953,98047,619,550,787,
44.33228292978718,98047,618,551,787,
44.33893735386644,98047,617,552,787,
44.342327135115355,98047,616,553,787,
44.35011805767891,98046,617,553,787,
44.35061108483225,98046,616,554,787,
44.351401035985255,98045,617,554,787,
44.352127049056335,98044,618,554,787,
44.35283830980024,98043,619,554,787,
44.35465065607355,98042,620,554,787,
44.355423027530776,98041,621,554,787,
44.35594544296621,98041,620,555,787,
44.355981971298604,98041,620,554,788,
44.35836586790715,98040,621,554,788,
44.36270858909777,98039,622,554,788,
44.36861272865108,98039,622,553,789,
44.36955118222909,98038,623,553,789,
44.37390358693364,98038,622,554,789,
44.374460477275996,98038,621,555,789,
44.37868755236408,98038,621,554,790,
44.38272854082065,98037,622,554,790,
44.382796341181994,98037,622,553,791,
44.38340767338802,98037,622,552,792,
44.39032730217197,98036,623,552,792,
44.396427155598715,98036,622,553,792,
44.398373223594874,98036,621,554,792,
44.400086952264985,98035,622,554,792,
44.40383710402904,98034,623,554,792,
44.404484065199625,98034,622,555,792,
44.40522298846877,98034,621,556,792,
44.40730095957655,98034,621,555,793,
44.40778185410121,98033,622,555,793,
44.411618642389485,98032,623,555,793,
44.413604632845335,98031,624,555,793,
44.414543095567296,98031,623,556,793,
44.41541332692013,98031,622,557,793,
44.42337189201142,98030,623,557,793,
44.42406533408483,98030,623,556,794,
44.424085934015054,98030,622,557,794,
44.43235105995851,98030,622,556,795,
44.43382397973716,98029,623,556,795,
44.43980996023136,98028,624,556,795,
44.44212227668507,98027,625,556,795,
44.450209196470816,98026,626,556,795,
44.45193436385006,98026,625,557,795,
44.45275800483421,98025,626,557,795,
44.45412369491304,98025,626,556,796,
44.4551343694817,98024,627,556,796,
44.45574303666868,98023,628,556,796,
44.45867968377113,98022,629,556,796,
44.45983604581759,98021,630,556,796,
44.46244264765871,98020,631,556,796,
44.46286855150587,98020,630,557,796,
44.46362657608925,98020,629,558,796,
44.467262934604086,98019,630,558,796,
44.471362870894666,98019,630,557,797,
44.473358291199595,98019,630,556,798,
44.47552526873818,98019,629,557,798,
44.47764134025055,98018,630,557,798,
44.478350620923464,98018,629,558,798,
44.491031052457615,98017,630,558,798,
44.4929338691202,98016,631,558,798,
44.49307849816764,98015,632,558,798,
44.502146839456366,98015,631,559,798,
44.50583990135643,98014,632,559,798,
44.508603611053466,98014,631,560,798,
44.51501800795853,98014,631,559,799,
44.518752209507916,98014,630,560,799,
44.521352235757966,98013,631,560,799,
44.52371504026743,98012,632,560,799,
44.524232336755674,98012,631,561,799,
44.52909390766767,98012,630,562,799,
44.53324883801094,98012,629,563,799,
44.533832644014176,98012,628,564,799,
44.5383088831628,98011,629,564,799,
44.54186818143448,98011,628,565,799,
44.544409608208,98011,627,566,799,
44.54518379391706,98010,628,566,799,
44.54741339181545,98009,629,566,799,
44.54809679310889,98008,630,566,799,
44.54842746724813,98008,629,567,799,
44.549486401465934,98008,628,568,799,
44.5496772895978,98008,627,569,799,
44.55125846518728,98008,627,568,800,
44.55209552781354,98008,627,567,801,
44.55673741776091,98007,628,567,801,
44.557128786157975,98006,629,567,801,
44.55826840439045,98006,629,566,802,
44.56400625860853,98006,628,567,802,
44.56691170630016,98006,628,566,803,
44.56692809558794,98005,629,566,803,
44.58240535558669,98004,630,566,803,
44.58392137727728,98003,631,566,803,
44.59134586180661,98002,632,566,803,
44.59191086885177,98002,631,567,803,
44.5919248000057,98001,632,567,803,
44.59201093717168,98000,633,567,803,
44.59248223627754,98000,633,566,804,
44.59497113020873,97999,634,566,804,
44.59520735571574,97998,635,566,804,
44.596107459354336,97997,636,566,804,
44.59863148294732,97997,635,567,804,
44.59923112935927,97996,636,567,804,
44.59940455413569,97995,637,567,804,
44.59971211760768,97994,638,567,804,
44.609592401942855,97993,639,567,804,
44.61375297331468,97992,640,567,804,
44.61616866219596,97991,641,567,804,
44.61702290590341,97990,642,567,804,
44.617245281322894,97989,643,567,804,
44.620048778852606,97988,644,567,804,
44.62266248970037,97987,645,567,804,
44.62601912567356,97986,646,567,804,
44.626370170032004,97986,645,568,804,
44.63294763998723,97985,646,568,804,
44.635349505059125,97984,647,568,804,
44.635595202985016,97984,646,569,804,
44.64367997073292,97983,647,569,804,
44.65160624798435,97983,646,570,804,
44.65399248611619,97983,645,571,804,
44.656682369183585,97982,646,571,804,
44.661228401184175,97982,646,570,805,
44.661462317403604,97982,645,571,805,
44.669624182684295,97982,644,572,805,
44.67066777593573,97982,643,573,805,
44.67170970946155,97982,642,574,805,
44.673324958429234,97981,643,574,805,
44.67386002958776,97981,642,575,805,
44.67403146637041,97981,641,576,805,
44.67429681291448,97980,642,576,805,
44.6762750145087,97979,643,576,805,
44.68049253422878,97978,644,576,805,
44.68463376139776,97978,644,575,806,
44.685943798467804,97978,644,574,807,
44.68609790259698,97978,644,573,808,
44.69459184769673,97978,644,572,809,
44.69645362737411,97977,645,572,809,
44.6969890598037,97977,644,573,809,
44.703373952434994,97977,644,572,810,
44.704321249041236,97977,643,573,810,
44.704806979530616,97977,642,574,810,
44.712367492881555,97976,643,574,810,
44.71253355395177,97975,644,574,810,
44.71533178127208,97974,645,574,810,
44.71620400568329,97974,644,575,810,
44.72093578506885,97974,644,574,811,
44.725322985306974,97974,643,575,811,
44.72998036163868,97974,642,576,811,
44.73294015205921,97974,642,575,812,
44.734229348189096,97973,643,575,812,
44.740491496422955,97973,642,576,812,
44.74406912592375,97973,641,577,812,
44.74579187820032,97973,640,578,812,
44.74593714934654,97973,639,579,812,
44.747515396350565,97973,639,578,813,
44.74996242340476,97973,638,579,813,
44.750219201785136,97972,639,579,813,
44.75179321170729,97972,638,580,813,
44.75350732650689,97972,637,581,813,
44.753923656922915,97971,638,581,813,
44.756505226301144,97970,639,581,813,
44.75823370621368,97970,639,580,814,
44.75944063422986,97970,638,581,814,
44.7622069689487,97969,639,581,814,
44.763614770630056,97969,639,580,815,
44.76468636485034,97969,638,581,815,
44.765170912750825,97968,639,581,815,
44.76816833504526,97968,638,582,815,
44.76819188267164,97967,639,582,815,
44.771506093843364,97967,639,581,816,
44.7716671819771,97966,640,581,816,
44.77403340160366,97966,639,582,816,
44.77445302970737,97966,638,583,816,
44.77638385038653,97965,639,583,816,
44.77808561815339,97965,638,584,816,
44.77931843687199,97965,637,585,816,
44.782329635033506,97965,637,584,817,
44.78249405273714,97965,636,585,817,
44.784467941608014,97965,635,586,817,
44.786464434581646,97964,636,586,817,
44.791690522537635,97963,637,586,817,
44.79337577822908,97962,638,586,817,
44.79507039430408,97961,639,586,817,
44.796468932276305,97960,640,586,817,
44.79917498201259,97960,639,587,817,
44.800116129545835,97960,638,588,817,
44.80098796048639,97959,639,588,817,
44.80126227038287,97959,638,589,817,
44.80457790249535,97958,639,589,817,
44.80704315154725,97957,640,589,817,
44.81620205769464,97957,639,590,817,
44.81687408197341,97957,639,589,818,
44.818094835356085,97957,638,590,818,
44.819333175066916,97956,639,590,818,
44.82276622243846,97955,640,590,818,
44.8256581687658,97955,639,591,818,
44.82726541811709,97954,640,591,818,
44.82806718519791,97954,640,590,819,
44.83503982462988,97954,639,591,819,
44.83558052419393,97954,638,592,819,
44.83928600804041,97954,638,591,820,
44.84210829247834,97954,638,590,821,
44.84396018669323,97953,639,590,821,
44.85136936975941,97953,639,589,822,
44.853168908910135,97953,638,590,822,
44.85598659424189,97952,639,590,822,
44.85863741541768,97952,638,591,822,
44.85928544912704,97951,639,591,822,
44.86471006982228,97950,640,591,822,
44.8650352378478,97949,641,591,822,
44.86971670774694,97949,640,592,822,
44.87072151145431,97948,641,592,822,
44.870755150686854,97948,641,591,823,
44.87201265011911,97947,642,591,823,
44.87392285422996,97947,642,590,824,
44.87594424264729,97947,641,591,824,
44.87697256481536,97947,640,592,824,
44.880902067735356,97947,639,593,824,
44.89003156457074,97946,640,593,824,
44.892013798851174,97945,641,593,824,
44.89677149357418,97945,640,594,824,
44.896857678282345,97944,641,594,824,
44.898421855128596,97943,642,594,824,
44.901971837899914,97943,642,593,825,
44.90239875223783,97942,643,593,825,
44.9072367844807,97942,642,594,825,
44.91300394342365,97942,642,593,826,
44.91657009992646,97942,641,594,826,
44.923421662606266,97941,642,594,826,
44.92391420066849,97941,641,595,826,
44.92444380122512,97940,642,595,826,
44.92645379459061,97940,642,594,827,
44.93093695452065,97939,643,594,827,
44.9314604873482,97939,642,595,827,
44.933026420319045,97938,643,595,827,
44.93558611701993,97937,644,595,827,
44.9376459077522,97937,643,596,827,
44.939108841160476,97937,643,595,828,
44.9397447657649,97937,642,596,828,
44.94202058355472,97937,641,597,828,
44.94513199830977,97936,642,597,828,
44.94904774339984,97935,643,597,828,
44.95303565869893,97934,644,597,828,
44.95534970891019,97934,643,598,828,
44.96060490692667,97933,644,598,828,
44.96381643253067,97933,644,597,829,
44.96845507176024,97932,645,597,829,
44.97005234570111,97932,645,596,830,
44.976675671539944,97932,645,595,831,
44.97716950876642,97932,644,596,831,
44.977612600993076,97932,643,597,831,
44.988224080139155,97931,644,597,831,
44.99286442886599,97930,645,597,831,
44.99438814535185,97930,644,598,831,
44.995868430360474,97929,645,598,831,
44.99665339019735,97929,645,597,832,
44.99858525276772,97928,646,597,832,
45.001625446519924,97928,645,598,832,
45.008028867191676,97928,644,599,832,
45.01102562557013,97927,645,599,832,
45.01152675439817,97926,646,599,832,
45.01528861345854,97925,647,599,832,
45.02205459140855,97925,647,598,833,
45.02631073423692,97925,647,597,834,
45.02703026729065,97925,647,596,835,
45.02994699419216,97925,647,595,836,
45.032625481421,97924,648,595,836,
45.03558451077248,97924,648,594,837,
45.03988713569099,97923,649,594,837,
45.04200898721734,97922,650,594,837,
45.04350922307224,97922,649,595,837,
45.047320418754296,97921,650,595,837,
45.0520135939302,97920,651,595,837,
45.05752763692467,97920,650,596,837,
45.05989105778998,97920,649,597,837,
45.06026163658684,97919,650,597,837,
45.06166910826805,97919,650,596,838,
45.061779582985714,97919,649,597,838,
45.06208998407022,97919,648,598,838,
45.06322775280808,97918,649,598,838,
45.063866562100046,97918,649,597,839,
45.07036388548844,97917,650,597,839,
45.074022617534666,97917,649,598,839,
45.074856446159096,97916,650,598,839,
45.07631185052791,97915,651,598,839,
45.078187885908584,97915,651,597,840,
45.07977728341776,97914,652,597,840,
45.080134453175134,97914,651,598,840,
45.08048978741384,97913,652,598,840,
45.08069712091874,97912,653,598,840,
45.086422272952426,97911,654,598,840,
45.08729289745018,97911,653,599,840,
45.0875903979825,97911,653,598,841,
45.08879175875825,97911,653,597,842,
45.09806023557727,97910,654,597,842,
45.10640385740381,97910,653,598,842,
45.108789844624226,97909,654,598,842,
45.114991713465365,97908,655,598,842,
45.11655437963939,97907,656,598,842,
45.11855695272146,97907,655,599,842,
45.120229313387306,97906,656,599,842,
45.123402431668694,97906,655,600,842,
45.12407047374354,97905,656,600,842,
45.12480802974074,97904,657,600,842,
45.1298126364416,97904,656,601,842,
45.13003679118301,97904,655,602,842,
45.1315744348981,97904,654,603,842,
45.13333820495908,97903,655,603,842,
45.13764275148005,97902,656,603,842,
45.138243974128365,97901,657,603,842,
45.13934659072498,97900,658,603,842,
45.139926101236355,97900,657,604,842,
45.14177438363523,97899,658,604,842,
45.14177438363523,97899,658,604,842,
45.14623698393506,97898,659,604,842,
45.151195049230395,97898,659,603,843,
45.15213135680373,97898,658,604,843,
45.15922620821738,97897,659,604,843,
45.16162393841983,97897,659,603,844,
45.163762462569274,97896,660,603,844,
45.164130064991454,97896,659,604,844,
45.16849154325756,97895,660,604,844,
45.17170758011289,97895,659,605,844,
45.172467214697576,97894,660,605,844,
45.173437711037096,97894,659,606,844,
45.17762402341866,97894,658,607,844,
45.17858280183684,97894,658,606,845,
45.17948396962097,97894,657,607,845,
45.184374736420594,97894,656,608,845,
45.18470010169869,97893,657,608,845,
45.18576156762095,97893,657,607,846,
45.18722972305658,97893,657,606,847,
45.19133178850187,97893,656,607,847,
45.192385603559366,97892,657,607,847,
45.194570706609845,97891,658,607,847,
45.19490728907578,97890,659,607,847,
45.20444839819482,97889,660,607,847,
45.207346535706414,97889,659,608,847,
45.213269127969646,97889,658,609,847,
45.21328442781619,97888,659,609,847,
45.21821000396752,97887,660,609,847,
45.22283730379364,97887,660,608,848,
45.223036271182295,97887,659,609,848,
45.22549309291378,97886,660,609,848,
45.22700405678425,97886,659,610,848,
45.231063934201394,97885,660,610,848,
45.23380028813059,97884,661,610,848,
45.234831986246085,97883,662,610,848,
45.240923002755714,97882,663,610,848,
45.241821326141206,97881,664,610,848,
45.24383819415051,97880,665,610,848,
45.24532102368924,97879,666,610,848,
45.25109741692434,97878,667,610,848,
45.252869439155155,97877,668,610,848,
45.259294665208074,97877,667,611,848,
45.26504484104935,97877,666,612,848,
45.265114288116244,97877,665,613,848,
45.27217221733154,97877,665,612,849,
45.27262060820039,97876,666,612,849,
45.27558136766209,97876,665,613,849,
45.277290790468975,97875,666,613,849,
45.2782920565247,97875,665,614,849,
45.28153060038142,97874,666,614,849,
45.285317749484214,97874,665,615,849,
45.2861689471076,97873,666,615,849,
45.28835937234724,97872,667,615,849,
45.29005055848333,97871,668,615,849,
45.293250165331344,97871,668,614,850,
45.30052651529009,97871,668,613,851,
45.30061148777042,97870,669,613,851,
45.30115592524806,97869,670,613,851,
45.30263509646623,97869,669,614,851,
45.307058205963614,97869,668,615,851,
45.30789692595047,97868,669,615,851,
45.30934556591664,97867,670,615,851,
45.31069657995195,97866,671,615,851,
45.314002688222104,97865,672,615,851,
45.32170178053707,97865,672,614,852,
45.323746266322935,97864,673,614,852,
45.32429891581722,97864,672,615,852,
45.3286423939693,97864,672,614,853,
45.32907013541227,97863,673,614,853,
45.32974332777439,97863,672,615,853,
45.33074188802126,97862,673,615,853,
45.33434324811652,97862,672,616,853,
45.33512897133945,97862,671,617,853,
45.339364529865925,97861,672,617,853,
45.34196588642946,97860,673,617,853,
45.34262953740509,97860,672,618,853,
45.343208942970456,97860,671,619,853,
45.3443834290489,97860,671,618,854,
45.34687473800853,97859,672,618,854,
45.347494397864374,97858,673,618,854,
45.349162210574235,97857,674,618,854,
45.35626077503554,97856,675,618,854,
45.35707870667927,97856,674,619,854,
45.3573927334487,97856,673,620,854,
45.36007887295098,97856,672,621,854,
45.36038296420468,97855,673,621,854,
45.36300244319347,97855,673,620,855,
45.36535439388458,97854,674,620,855,
45.36726779705361,97853,675,620,855,
45.37483694802779,97853,674,621,855,
45.375435037266215,97853,674,620,856,
45.37621747260975,97853,673,621,856,
45.376569237670914,97853,673,620,857,
45.378491592683275,97853,672,621,857,
45.38208081733029,97852,673,621,857,
45.400858776096086,97851,674,621,857,
45.403107591823876,97851,673,622,857,
45.40366090401435,97851,672,623,857,
45.4038481496746,97851,671,624,857,
45.40573375655246,97851,670,625,857,
45.407051253418494,97851,669,626,857,
45.4074923087131,97850,670,626,857,
45.410838692620636,97849,671,626,857,
45.41253530626758,97849,670,627,857,
45.41430243827918,97849,669,628,857,
45.42037373651414,97849,669,627,858,
45.42292908656918,97849,668,628,858,
45.42704560153333,97849,668,627,859,
45.4300345231648,97849,668,626,860,
45.43343739222976,97849,667,627,860,
45.43361139595589,97848,668,627,860,
45.43443121569929,97847,669,627,860,
45.43591408342581,97847,668,628,860,
45.44438166271611,97846,669,628,860,
45.44607992619389,97845,670,628,860,
45.45394670060545,97844,671,628,860,
45.45513366625998,97843,672,628,860,
45.457338795432,97842,673,628,860,
45.459888623336475,97842,672,629,860,
45.46139539254805,97842,671,630,860,
45.463320355389925,97842,671,629,861,
45.46548321265466,97842,671,628,862,
45.46667232982402,97842,670,629,862,
45.474952301558965,97841,671,629,862,
45.47929310365546,97841,670,630,862,
45.47929638045206,97840,671,630,862,
45.48019742764123,97839,672,630,862,
45.48020325840627,97838,673,630,862,
45.48156935803209,97838,672,631,862,
45.4834841813116,97837,673,631,862,
45.48373510326913,97837,673,630,863,
45.48617222122832,97836,674,630,863,
45.48646768450804,97835,675,630,863,
45.49028207058465,97835,674,631,863,
45.49067900250421,97834,675,631,863,
45.49149217398139,97834,674,632,863,
45.492285010798035,97834,673,633,863,
45.49231068219158,97834,673,632,864,
45.49885930009787,97833,674,632,864,
45.50515942394862,97832,675,632,864,
45.50587826373959,97831,676,632,864,
45.50773588228698,97830,677,632,864,
45.51023356528252,97830,676,633,864,
45.512954305479326,97829,677,633,864,
45.51331121837151,97828,678,633,864,
45.51399774832092,97827,679,633,864,
45.5167261491088,97827,678,634,864,
45.517174219808425,97826,679,634,864,
45.51835936214972,97825,680,634,864,
45.52197819817021,97824,681,634,864,
45.523988314506106,97824,680,635,864,
45.53145560142501,97824,680,634,865,
45.53338017330046,97824,679,635,865,
45.54232776313047,97823,680,635,865,
45.544465198780976,97822,681,635,865,
45.54791937311151,97822,680,636,865,
45.54816645797833,97822,680,635,866,
45.54942625206906,97821,681,635,866,
45.55472607859464,97821,680,636,866,
45.55988743596057,97820,681,636,866,
45.56048139076288,97820,680,637,866,
45.560922892833744,97819,681,637,866,
45.561078827236365,97819,680,638,866,
45.561341864717804,97818,681,638,866,
45.566885066286886,97817,682,638,866,
45.56736289306387,97816,683,638,866,
45.57557604868604,97816,682,639,866,
45.57565973758069,97815,683,639,866,
45.57729807091661,97814,684,639,866,
45.580313620488404,97814,684,638,867,
45.58530922372607,97814,683,639,867,
45.5919035058664,97814,682,640,867,
45.60014007118751,97814,682,639,868,
45.60061659043693,97813,683,639,868,
45.602384292505164,97812,684,639,868,
45.60413182825525,97812,683,640,868,
45.610085119651515,97812,683,639,869,
45.61215578404675,97811,684,639,869,
45.61299613364114,97810,685,639,869,
45.6157568886744,97809,686,639,869,
45.617134820397865,97809,685,640,869,
45.61750516094348,97808,686,640,869,
45.61806623929052,97808,685,641,869,
45.62980241521391,97808,684,642,869,
45.63028587929611,97807,685,642,869,
45.63061261953524,97807,684,643,869,
45.63291332914903,97807,683,644,869,
45.63589321148388,97806,684,644,869,
45.63662257919897,97806,683,645,869,
45.63666724660241,97805,684,645,869,
45.637463808011155,97804,685,645,869,
45.6401349048676,97803,686,645,869,
45.641698279915516,97803,685,646,869,
45.64240391759934,97802,686,646,869,
45.64255618940146,97801,687,646,869,
45.64470345767761,97800,688,646,869,
45.65156166711839,97799,689,646,869,
45.652464802949304,97798,690,646,869,
45.65500395943852,97798,690,645,870,
45.65925035500717,97797,691,645,870,
45.659935098275355,97796,692,645,870,
45.66010858458818,97796,691,646,870,
45.6605130189039,97796,691,645,871,
45.664788198035964,97795,692,645,871,
45.666165214572814,97795,691,646,871,
45.66734438475499,97795,690,647,871,
45.669542596636205,97795,690,646,872,
45.66989453060871,97795,689,647,872,
45.67419433050751,97795,689,646,873,
45.67629471065378,97795,689,645,874,
45.67689923031683,97794,690,645,874,
45.687048958025315,97793,691,645,874,
45.68794856793156,97792,692,645,874,
45.68860422138205,97792,691,646,874,
45.68866856907922,97792,690,647,874,
45.6894778065073,97791,691,647,874,
45.689705861102304,97791,690,648,874,
45.69075034156566,97791,690,647,875,
45.692929340050846,97791,689,648,875,
45.69321461453734,97791,688,649,875,
45.6983962921362,97790,689,649,875,
45.698646172749264,97790,688,650,875,
45.70097783951929,97790,687,651,875,
45.70154744222322,97790,686,652,875,
45.70325760618423,97790,685,653,875,
45.7096178256557,97789,686,653,875,
45.71220124189663,97789,686,652,876,
45.71260097866126,97789,685,653,876,
45.713104794294715,97788,686,653,876,
45.714535199526544,97787,687,653,876,
45.72004929260779,97786,688,653,876,
45.72126903959634,97786,688,652,877,
45.722630497933224,97786,688,651,878,
45.72269531981532,97785,689,651,878,
45.72292475436455,97784,690,651,878,
45.72776390556539,97783,691,651,878,
45.72869627113052,97782,692,651,878,
45.73899608741266,97781,693,651,878,
45.74032891236761,97780,694,651,878,
45.74214607211972,97780,693,652,878,
45.742791737240154,97780,693,651,879,
45.751312971640125,97780,692,652,879,
45.75228102225727,97780,692,651,880,
45.75302823153982,97780,692,650,881,
45.758497066337604,97779,693,650,881,
45.76447962446335,97778,694,650,881,
45.76816092722904,97778,693,651,881,
45.772836545364214,97778,692,652,881,
45.77302531261046,97778,691,653,881,
45.7787738793895,97778,690,654,881,
45.77915767591481,97777,691,654,881,
45.780151304327255,97777,690,655,881,
45.781474865483425,97777,689,656,881,
45.78179419776706,97776,690,656,881,
45.78320867362721,97775,691,656,881,
45.78361797636479,97774,692,656,881,
45.78607168954209,97774,692,655,882,
45.78612918136092,97773,693,655,882,
45.786142581695174,97773,692,656,882,
45.78808286764046,97772,693,656,882,
45.78991087106541,97771,694,656,882,
45.79158897048829,97771,693,657,882,
45.79212182349952,97770,694,657,882,
45.793572099796734,97769,695,657,882,
45.80357358401325,97769,695,656,883,
45.80594617506874,97768,696,656,883,
45.81012350251066,97767,697,656,883,
45.813310510164094,97767,696,657,883,
45.813690903765256,97767,695,658,883,
45.816527503833804,97767,694,659,883,
45.819095206339455,97767,694,658,884,
45.82685501685655,97767,693,659,884,
45.83124747937332,97767,692,660,884,
45.833480378567444,97766,693,660,884,
45.83588101012871,97766,693,659,885,
45.837919926665414,97765,694,659,885,
45.83815527178235,97765,694,658,886,
45.84414510672245,97764,695,658,886,
45.851176653358166,97763,696,658,886,
45.85468090073161,97763,695,659,886,
45.85567181284933,97762,696,659,886,
45.8565843266594,97761,697,659,886,
45.856886260219405,97761,697,658,887,
45.862096642518964,97761,696,659,887,
45.864429822065944,97760,697,659,887,
45.864867388111705,97759,698,659,887,
45.86598283492086,97759,698,658,888,
45.87507344116856,97759,698,657,889,
45.87553849787415,97759,697,658,889,
45.88056388094425,97758,698,658,889,
45.88159663621126,97758,697,659,889,
45.886103185042174,97758,697,658,890,
45.88706894846271,97758,696,659,890,
45.887921171089886,97757,697,659,890,
45.888198157037834,97757,697,658,891,
45.88841832933215,97756,698,658,891,
45.89015967944486,97755,699,658,891,
45.893604459652465,97754,700,658,891,
45.89652174440703,97754,699,659,891,
45.897958813542935,97753,700,659,891,
45.899965379259555,97752,701,659,891,
45.90231660875016,97751,702,659,891,
45.90266875645478,97751,702,658,892,
45.90284075209053,97750,703,658,892,
45.903364484800704,97750,702,659,892,
45.905883277512785,97749,703,659,892,
45.90693261142281,97749,703,658,893,
45.90792816455535,97748,704,658,893,
45.909025894801665,97747,705,658,893,
45.91017186147618,97747,704,659,893,
45.91024167177051,97747,703,660,893,
45.91159237577654,97747,702,661,893,
45.91201201352418,97746,703,661,893,
45.91293198658249,97746,702,662,893,
45.91695494999194,97745,703,662,893,
45.91808588011584,97745,703,661,894,
45.91914517181248,97745,702,662,894,
45.92824049038306,97745,701,663,894,
45.928958171968496,97745,700,664,894,
45.93121528578334,97744,701,664,894,
45.93175629384735,97743,702,664,894,
45.93227797194586,97742,703,664,894,
45.932672553743394,97742,703,663,895,
45.93570205926438,97742,703,662,896,
45.93596617419379,97741,704,662,896,
45.9364917979031,97740,705,662,896,
45.93992347384882,97739,706,662,896,
45.94264712522346,97738,707,662,896,
45.943074551453385,97738,706,663,896,
45.944643112209484,97738,705,664,896,
45.94493823681648,97737,706,664,896,
45.945913092797355,97736,707,664,896,
45.94702681003607,97736,707,663,897,
45.953360342295184,97736,706,664,897,
45.95423579427432,97736,705,665,897,
45.95459805967049,97735,706,665,897,
45.9582565519802,97735,705,666,897,
45.9591322875726,97734,706,666,897,
45.959529643032944,97733,707,666,897,
45.96034103928464,97733,706,667,897,
45.96173039781163,97733,705,668,897,
45.962883247232696,97732,706,668,897,
45.96372773739156,97732,705,669,897,
45.96518750294706,97732,705,668,898,
45.96634932880897,97731,706,668,898,
45.9668497565395,97731,705,669,898,
45.96765810224087,97731,704,670,898,
45.96836094615563,97731,703,671,898,
45.97008233641214,97730,704,671,898,
45.97115230415354,97730,703,672,898,
45.97118430251799,97729,704,672,898,
45.971221863523475,97728,705,672,898,
45.97141082228195,97728,705,671,899,
45.974546497208365,97728,704,672,899,
45.97604152993583,97728,703,673,899,
45.97633290811088,97727,704,673,899,
45.97919775607829,97726,705,673,899,
45.97954098988555,97726,704,674,899,
45.98187739218281,97725,705,674,899,
45.98211667475116,97725,704,675,899,
45.98415559235481,97725,703,676,899,
45.98523036615351,97724,704,676,899,
45.98686872414781,97723,705,676,899,
45.98722984920626,97723,704,677,899,
45.98840685569334,97722,705,677,899,
45.98926098487091,97721,706,677,899,
45.994147416758366,97720,707,677,899,
45.99431547209539,97719,708,677,899,
46.002889691260414,97718,709,677,899,
46.00728247170008,97718,709,676,900,
46.011881612032646,97718,708,677,900,
46.01667803836206,97717,709,677,900,
46.01976089573811,97716,710,677,900,
46.02034633376624,97716,710,676,901,
46.0207700652931,97715,711,676,901,
46.021721654194955,97715,711,675,902,
46.026633293166405,97714,712,675,902,
46.02830189809881,97714,711,676,902,
46.03098469068168,97714,710,677,902,
46.03130965446003,97713,711,677,902,
46.03173559533789,97713,711,676,903,
46.03196689553137,97712,712,676,903,
46.03248432061356,97711,713,676,903,
46.03607158174677,97711,712,677,903,
46.036182392162914,97711,711,678,903,
46.03825569264285,97710,712,678,903,
46.040005200051326,97709,713,678,903,
46.04091189962404,97709,712,679,903,
46.04577481704226,97709,712,678,904,
46.047390255175856,97708,713,678,904,
46.04998603295085,97707,714,678,904,
46.055509958901936,97707,713,679,904,
46.05943833594232,97706,714,679,904,
46.06430353585081,97705,715,679,904,
46.06579002440545,97704,716,679,904,
46.07017043442176,97703,717,679,904,
46.0709068438063,97703,717,678,905,
46.07092448032759,97703,716,679,905,
46.07139266620322,97703,715,680,905,
46.07432777869402,97702,716,680,905,
46.074442256210446,97702,716,679,906,
46.0783576434106,97702,716,678,907,
46.0847701942394,97702,716,677,908,
46.08582428675888,97701,717,677,908,
46.09105528020339,97701,717,676,909,
46.091937894538844,97700,718,676,909,
46.092993639385696,97700,717,677,909,
46.096846216444646,97700,717,676,910,
46.097170849405764,97700,716,677,910,
46.10164384023252,97699,717,677,910,
46.10335734250885,97698,718,677,910,
46.10390377869993,97698,718,676,911,
46.10398875135817,97698,718,675,912,
46.106325631208364,97698,717,676,912,
46.10685031502874,97697,718,676,912,
46.11008726668108,97696,719,676,912,
46.1109758160974,97696,719,675,913,
46.115049078970465,97695,720,675,913,
46.11633543427847,97694,721,675,913,
46.1167819130791,97694,720,676,913,
46.1179389551313,97694,719,677,913,
46.129981132732354,97694,719,676,914,
46.13216884589667,97693,720,676,914,
46.13303463311829,97692,721,676,914,
46.13663573206565,97691,722,676,914,
46.13663573206565,97691,722,676,914,
46.137581026881335,97691,721,677,914,
46.13914550610526,97691,721,676,915,
46.14061606443496,97690,722,676,915,
46.140874946490236,97690,722,675,916,
46.14108499712929,97690,721,676,916,
46.14263579490038,97690,720,677,916,
46.14340751271652,97690,719,678,916,
46.14454209866595,97690,718,679,916,
46.145780563180864,97689,719,679,916,
46.1467655980885,97688,720,679,916,
46.147835788416764,97687,721,679,916,
46.155792980182326,97687,721,678,917,
46.161886785128964,97687,720,679,917,
46.1620160192459,97687,720,678,918,
46.168697198605656,97687,720,677,919,
46.16982783301274,97686,721,677,919,
46.16983013929793,97686,720,678,919,
46.17031366001405,97686,719,679,919,
46.17259867903603,97685,720,679,919,
46.17307852649539,97685,720,678,920,
46.173347687794376,97685,720,677,921,
46.17529627307881,97685,719,678,921,
46.18119224768633,97684,720,678,921,
46.181618447948445,97683,721,678,921,
46.182603832384046,97682,722,678,921,
46.182610097434974,97682,722,677,922,
46.188645502767486,97681,723,677,922,
46.19059388659975,97681,722,678,922,
46.19226426527429,97681,721,679,922,
46.19367152709946,97680,722,679,922,
46.20288171885887,97680,721,680,922,
46.203080795979226,97680,720,681,922,
46.2045518082215,97679,721,681,922,
46.210962775621596,97678,722,681,922,
46.21495499623087,97678,722,680,923,
46.226855574461496,97678,722,679,924,
46.230773737730416,97678,721,680,924,
46.2342292952475,97677,722,680,924,
46.23502734025885,97676,723,680,924,
46.235305430270394,97675,724,680,924,
46.236568875758564,97675,723,681,924,
46.2400325677062,97675,722,682,924,
46.24192541425776,97674,723,682,924,
46.24247161326244,97674,722,683,924,
46.242550461088015,97674,721,684,924,
46.243648823127465,97673,722,684,924,
46.25483736626911,97672,723,684,924,
46.25841805688981,97671,724,684,924,
46.259119958463906,97671,723,685,924,
46.26116934075,97671,722,686,924,
46.26211392309808,97671,721,687,924,
46.26214324500509,97671,720,688,924,
46.26318903709356,97671,720,687,925,
46.26437075636063,97670,721,687,925,
46.26481808225015,97669,722,687,925,
46.26708359856168,97669,721,688,925,
46.267478244430905,97668,722,688,925,
46.26925126460385,97668,721,689,925,
46.271632775363415,97668,721,688,926,
46.2717431370376,97668,720,689,926,
46.27336601117773,97667,721,689,926,
46.27364650327918,97666,722,689,926,
46.27893299548525,97666,722,688,927,
46.279584832411466,97665,723,688,927,
46.2799125677796,97664,724,688,927,
46.279958444836026,97664,723,689,927,
46.28051976919652,97663,724,689,927,
46.283546476158904,97662,725,689,927,
46.284812299305685,97661,726,689,927,
46.28644961961743,97660,727,689,927,
46.29036581293009,97659,728,689,927,
46.290723194578135,97658,729,689,927,
46.29553268661652,97657,730,689,927,
46.29885953090874,97657,729,690,927,
46.30299540922956,97656,730,690,927,
46.30407689612367,97656,729,691,927,
46.30639598834095,97656,729,690,928,
46.30951930801443,97656,728,691,928,
46.30990548078125,97655,729,691,928,
46.311867075855346,97654,730,691,928,
46.314866154599976,97654,729,692,928,
46.31526466097498,97653,730,692,928,
46.31891017196927,97652,731,692,928,
46.31918070373374,97652,730,693,928,
46.31985569005768,97651,731,693,928,
46.32106211247168,97651,731,692,929,
46.32233566828438,97650,732,692,929,
46.32667048827988,97649,733,692,929,
46.326898852679506,97648,734,692,929,
46.327139875263796,97647,735,692,929,
46.32759444782696,97647,734,693,929,
46.33128129715633,97646,735,693,929,
46.33257250068342,97646,734,694,929,
46.333811754668545,97646,733,695,929,
46.336434939395815,97645,734,695,929,
46.33746259198686,97644,735,695,929,
46.340559258169755,97643,736,695,929,
46.3414472677129,97642,737,695,929,
46.34219346288919,97642,736,696,929,
46.34431004862535,97642,735,697,929,
46.34462794631054,97642,734,698,929,
46.34769292020049,97641,735,698,929,
46.349055056433905,97640,736,698,929,
46.349801635132536,97639,737,698,929,
46.35091716030842,97638,738,698,929,
46.35483915814099,97638,738,697,930,
46.35674559325938,97638,738,696,931,
46.36117084076992,97637,739,696,931,
46.36433242004256,97636,740,696,931,
46.366698187322925,97636,740,695,932,
46.366978590842066,97636,740,694,933,
46.368317886502204,97635,741,694,933,
46.37825861079808,97634,742,694,933,
46.38032404559905,97633,743,694,933,
46.38151165544569,97632,744,694,933,
46.383792844595895,97632,743,695,933,
46.38788284995808,97631,744,695,933,
46.38964808632872,97630,745,695,933,
46.39591818415713,97629,746,695,933,
46.39811875888228,97629,746,694,934,
46.40062339888792,97628,747,694,934,
46.4011802601343,97628,746,695,934,
46.403471696554455,97628,746,694,935,
46.40761895054149,97628,745,695,935,
46.408640955134096,97628,745,694,936,
46.41647507329302,97627,746,694,936,
46.4188446503575,97627,746,693,937,
46.420949140020014,97627,745,694,937,
46.421408326735765,97627,744,695,937,
46.42446442016688,97627,743,696,937,
46.42647787687829,97626,744,696,937,
46.4295838633131,97626,744,695,938,
46.43006601705211,97625,745,695,938,
46.431239949260096,97624,746,695,938,
46.43550468542334,97623,747,695,938,
46.43660050242718,97622,748,695,938,
46.437576661484364,97621,749,695,938,
46.44239889841734,97621,748,696,938,
46.4470124275639,97620,749,696,938,
46.447177463937386,97620,748,697,938,
46.454227119953124,97619,749,697,938,
46.45618362646517,97618,750,697,938,
46.46148368675114,97618,749,698,938,
46.462057475372674,97617,750,698,938,
46.46499138727219,97616,751,698,938,
46.467406537528674,97615,752,698,938,
46.46899420017658,97615,751,699,938,
46.46954957279519,97614,752,699,938,
46.47011282129054,97614,751,700,938,
46.47134761192938,97614,750,701,938,
46.479951237087775,97613,751,701,938,
46.48022879252007,97613,750,702,938,
46.482589035610715,97613,749,703,938,
46.487478510239974,97612,750,703,938,
46.48810544456859,97611,751,703,938,
46.489123573884115,97610,752,703,938,
46.493231726007295,97609,753,703,938,
46.49661573966061,97608,754,703,938,
46.498024494627714,97608,754,702,939,
46.498397842667785,97608,753,703,939,
46.504010905095946,97607,754,703,939,
46.50638519284966,97607,754,702,940,
46.50742032579453,97607,753,703,940,
46.5134853103883,97606,754,703,940,
46.517289093345305,97606,753,704,940,
46.51746380236362,97605,754,704,940,
46.51766021445382,97605,754,703,941,
46.5183947719501,97605,754,702,942,
46.51978989838419,97605,753,703,942,
46.519816162077014,97604,754,703,942,
46.520244832164686,97604,754,702,943,
46.5236948891616,97604,753,703,943,
46.52511760425195,97603,754,703,943,
46.52612835915335,97602,755,703,943,
46.52765365139199,97601,756,703,943,
46.52981014137936,97600,757,703,943,
46.53204895970044,97600,757,702,944,
46.538116444160785,97599,758,702,944,
46.5449708690373,97599,757,703,944,
46.546367249368,97599,756,704,944,
46.54698710868245,97598,757,704,944,
46.54706041461653,97597,758,704,944,
46.552298059558034,97596,759,704,944,
46.556287520811956,97595,760,704,944,
46.55837196911496,97595,759,705,944,
46.56179865798378,97595,758,706,944,
46.566753419557024,97594,759,706,944,
46.56716116048986,97594,758,707,944,
46.57173297062677,97593,759,707,944,
46.57207967447393,97593,759,706,945,
46.57370679283983,97593,758,707,945,
46.57519826765824,97592,759,707,945,
46.576302664799286,97592,759,706,946,
46.5809077648227,97592,759,705,947,
46.58143571702818,97592,759,704,948,
46.58264138925939,97591,760,704,948,
46.58278037881892,97591,759,705,948,
46.58447318922696,97591,759,704,949,
46.58874451992094,97590,760,704,949,
46.588885517236925,97589,761,704,949,
46.59020931842809,97589,761,703,950,
46.595939214152054,97588,762,703,950,
46.59602371684481,97587,763,703,950,
46.60330645561212,97587,763,702,951,
46.605068080252146,97586,764,702,951,
46.60662239765444,97585,765,702,951,
46.6069049324476,97585,764,703,951,
46.609791206349094,97585,764,702,952,
46.6118779715712,97585,763,703,952,
46.61246316008197,97585,763,702,953,
46.61262277196017,97584,764,702,953,
46.613656685454046,97583,765,702,953,
46.61371559496548,97583,765,701,954,
46.61381132069325,97583,764,702,954,
46.61434030317866,97583,763,703,954,
46.61495047269372,97583,762,704,954,
46.6165196228763,97582,763,704,954,
46.622307919078146,97582,763,703,955,
46.624330773435524,97581,764,703,955,
46.624412193240225,97581,764,702,956,
46.62445150104567,97581,764,701,957,
46.630066036682955,97580,765,701,957,
46.630614631159546,97580,764,702,957,
46.630627187137634,97580,763,703,957,
46.63365274437266,97579,764,703,957,
46.63730685798154,97579,763,704,957,
46.637550274258125,97579,763,703,958,
46.641372933005485,97578,764,703,958,
46.649131231119334,97578,763,704,958,
46.651854885205054,97578,762,705,958,
46.65232313010533,97578,761,706,958,
46.65472745443803,97577,762,706,958,
46.65537276618116,97577,762,705,959,
46.65608820001293,97576,763,705,959,
46.65947208942818,97575,764,705,959,
46.67307530658446,97575,764,704,960,
46.677882672160194,97574,765,704,960,
46.67791273330971,97574,765,703,961,
46.68042235332585,97574,765,702,962,
46.683327166593216,97574,765,701,963,
46.68518734425006,97573,766,701,963,
46.68659083189567,97573,765,702,963,
46.686741034608374,97573,764,703,963,
46.6897653189552,97573,763,704,963,
46.691516096374166,97573,762,705,963,
46.692487810908496,97572,763,705,963,
46.69516623117021,97572,762,706,963,
46.695964195695055,97572,761,707,963,
46.69883907449231,97572,760,708,963,
46.70254541579737,97571,761,708,963,
46.70583770913577,97571,760,709,963,
46.7065687060495,97571,760,708,964,
46.70866028149017,97570,761,708,964,
46.71018291544007,97570,761,707,965,
46.710488842054616,97570,761,706,966,
46.71138117362712,97569,762,706,966,
46.71473902504514,97568,763,706,966,
46.71930770287837,97568,762,707,966,
46.72311562245636,97568,761,708,966,
46.72443852195531,97567,762,708,966,
46.72927634426231,97567,762,707,967,
46.73313183329107,97567,761,708,967,
46.739324425267085,97567,760,709,967,
46.73985072438774,97567,760,708,968,
46.740508294092734,97566,761,708,968,
46.74077546390011,97565,762,708,968,
46.74157822469194,97565,761,709,968,
46.742007094375445,97564,762,709,968,
46.74237264420836,97564,762,708,969,
46.742536741950325,97563,763,708,969,
46.74377200756606,97562,764,708,969,
46.744056392878214,97562,763,709,969,
46.74543770757033,97562,762,710,969,
46.74621059725162,97562,761,711,969,
46.74649305722766,97562,761,710,970,
46.749568391945914,97561,762,710,970,
46.750048569947786,97561,762,709,971,
46.75087850015168,97560,763,709,971,
46.75588552575786,97560,762,710,971,
46.75646736589201,97559,763,710,971,
46.758713318180206,97558,764,710,971,
46.76481886846026,97558,764,709,972,
46.7650219742341,97557,765,709,972,
46.76529609149885,97556,766,709,972,
46.76731427061331,97556,765,710,972,
46.768543413654,97556,764,711,972,
46.769518609813346,97555,765,711,972,
46.771718915749396,97554,766,711,972,
46.77420415503565,97554,765,712,972,
46.77659158539108,97554,765,711,973,
46.78154057195783,97554,765,710,974,
46.78185287742113,97553,766,710,974,
46.7874522408364,97553,766,709,975,
46.78998347682443,97552,767,709,975,
46.79071302963024,97552,766,710,975,
46.79156499394781,97551,767,710,975,
46.794556330204365,97550,768,710,975,
46.798972976464135,97549,769,710,975,
46.80058530211065,97549,768,711,975,
46.8006201145308,97548,769,711,975,
46.80080223323403,97548,769,710,976,
46.802020296177105,97548,768,711,976,
46.80300706366383,97547,769,711,976,
46.804350061066856,97547,769,710,977,
46.807553832977966,97546,770,710,977,
46.80807882367628,97546,769,711,977,
46.80938354579108,97546,769,710,978,
46.81237205441096,97545,770,710,978,
46.812606931946924,97544,771,710,978,
46.81468396635704,97543,772,710,978,
46.81599680914282,97542,773,710,978,
46.82679605300116,97541,774,710,978,
46.835929696433126,97540,775,710,978,
46.83774765071859,97539,776,710,978,
46.83925778597956,97538,777,710,978,
46.8419591896494,97538,776,711,978,
46.8472496604378,97537,777,711,978,
46.84828938036226,97537,776,712,978,
46.84931799531194,97536,777,712,978,
46.84993137324137,97536,777,711,979,
46.85217320107448,97535,778,711,979,
46.85402302741338,97535,777,712,979,
46.856017763790845,97535,776,713,979,
46.8566348228131,97534,777,713,979,
46.85917584640654,97533,778,713,979,
46.86156135025799,97532,779,713,979,
46.862462138977655,97531,780,713,979,
46.864608249547686,97531,780,712,980,
46.86693111829406,97531,779,713,980,
46.86874054256212,97530,780,713,980,
46.87071283839795,97530,779,714,980,
46.87203050480021,97530,779,713,981,
46.878919344121,97529,780,713,981,
46.88420235228827,97529,780,712,982,
46.8856844590953,97528,781,712,982,
46.88888263808365,97528,780,713,982,
46.89082488464369,97528,779,714,982,
46.89147985875187,97527,780,714,982,
46.89715139889354,97526,781,714,982,
46.89973936821897,97525,782,714,982,
46.90250761675566,97525,781,715,982,
46.90332182347013,97524,782,715,982,
46.90347079221357,97523,783,715,982,
46.906946368637584,97523,782,716,982,
46.90810186247035,97523,781,717,982,
46.90917987346354,97522,782,717,982,
46.910223495453174,97522,781,718,982,
46.91225643894043,97521,782,718,982,
46.921094843668996,97521,781,719,982,
46.923120699435046,97521,780,720,982,
46.92330261661689,97520,781,720,982,
46.92644664772591,97520,781,719,983,
46.9306753406654,97519,782,719,983,
46.931021907604006,97519,781,720,983,
46.9350334274496,97518,782,720,983,
46.937048437589716,97518,781,721,983,
46.93903403481972,97518,780,722,983,
46.94097018360176,97518,780,721,984,
46.94176297505252,97517,781,721,984,
46.94251318966514,97516,782,721,984,
46.94342925554555,97516,781,722,984,
46.94463241848925,97515,782,722,984,
46.94731354219787,97515,781,723,984,
46.94882986659848,97514,782,723,984,
46.950922401913076,97514,781,724,984,
46.95242836493138,97513,782,724,984,
46.9550670049711,97513,781,725,984,
46.95709668914949,97513,780,726,984,
46.95949508319374,97513,779,727,984,
46.959764359449956,97513,778,728,984,
46.963626243471964,97512,779,728,984,
46.96690484545695,97512,778,729,984,
46.968662804877525,97512,777,730,984,
46.968772543239,97511,778,730,984,
46.97318784911285,97511,777,731,984,
46.974414070603835,97511,776,732,984,
46.97710162609333,97511,775,733,984,
46.978043715247,97511,774,734,984,
46.978561985535364,97511,774,733,985,
46.97905743145414,97511,773,734,985,
46.98339872221505,97510,774,734,985,
46.98388113321745,97510,773,735,985,
46.98439462827526,97510,773,734,986,
46.98786814945692,97509,774,734,986,
46.990683601953876,97508,775,734,986,
46.99216458316521,97508,775,733,987,
46.99598778538611,97507,776,733,987,
46.99923104905134,97506,777,733,987,
46.999791099945995,97506,776,734,987,
47.0023724005232,97506,776,733,988,
47.00499006619973,97505,777,733,988,
47.00663344542242,97505,776,734,988,
47.00663914073075,97505,776,733,989,
47.006867816119524,97505,775,734,989,
47.00895886742752,97505,775,733,990,
47.00901656644446,97504,776,733,990,
47.010141005795624,97503,777,733,990,
47.01078872361935,97503,777,732,991,
47.0129463840106,97503,777,731,992,
47.017744970284255,97503,776,732,992,
47.01834872424109,97502,777,732,992,
47.01931002762665,97502,777,731,993,
47.01945843674632,97501,778,731,993,
47.02264677339095,97501,778,730,994,
47.02326288541651,97501,778,729,995,
47.02475213864651,97500,779,729,995,
47.025351831053655,97500,778,730,995,
47.027266298205994,97500,778,729,996,
47.02972815278737,97499,779,729,996,
47.033343700366096,97499,778,730,996,
47.03356318598035,97499,777,731,996,
47.03705325384564,97498,778,731,996,
47.03909681005996,97497,779,731,996,
47.040036678304396,97497,778,732,996,
47.04078693106182,97496,779,732,996,
47.04438145505366,97495,780,732,996,
47.044904004678614,97494,781,732,996,
47.0479399722913,97494,780,733,996,
47.04873837234034,97493,781,733,996,
47.05090275584169,97492,782,733,996,
47.05212155333692,97492,781,734,996,
47.05387160653576,97492,781,733,997,
47.05392291645732,97492,780,734,997,
47.05445610200572,97492,780,733,998,
47.056545506416754,97491,781,733,998,
47.060163131392194,97491,781,732,999,
47.06079459680332,97490,782,732,999,
47.0609442874003,97490,781,733,999,
47.061273601141174,97489,782,733,999,
47.063620005427545,97488,783,733,999,
47.065617549747266,97488,782,734,999,
47.06686359942487,97487,783,734,999,
47.067144876394686,97487,783,733,1000,
47.06722289437312,97486,784,733,1000,
47.06938130818665,97485,785,733,1000,
47.06972252170546,97485,785,732,1001,
47.072234389525,97484,786,732,1001,
47.07281271839325,97483,787,732,1001,
47.0753549320792,97482,788,732,1001,
47.07648215159267,97482,788,731,1002,
47.07652524909821,97481,789,731,1002,
47.0849392654791,97480,790,731,1002,
47.0868827097428,97480,789,732,1002,
47.0879701176966,97480,788,733,1002,
47.08896173622265,97480,788,732,1003,
47.091621408235255,97480,787,733,1003,
47.09387402541909,97479,788,733,1003,
47.09684691975703,97479,787,734,1003,
47.098496126015924,97479,786,735,1003,
47.09996863136852,97478,787,735,1003,
47.1011613011668,97478,786,736,1003,
47.10213118673487,97478,786,735,1004,
47.1069710429495,97477,787,735,1004,
47.11007414546656,97476,788,735,1004,
47.110874315497504,97476,787,736,1004,
47.11324442390988,97476,786,737,1004,
47.113388040920086,97475,787,737,1004,
47.1165845771138,97474,788,737,1004,
47.12010636912357,97474,787,738,1004,
47.120370336223324,97473,788,738,1004,
47.12038772423492,97473,787,739,1004,
47.12129728171973,97473,787,738,1005,
47.122010409562286,97473,787,737,1006,
47.12275056898296,97473,786,738,1006,
47.12731182070109,97473,785,739,1006,
47.128408939858836,97472,786,739,1006,
47.1295356409779,97471,787,739,1006,
47.133161574770874,97470,788,739,1006,
47.135121253134606,97469,789,739,1006,
47.13521666831673,97468,790,739,1006,
47.13522477468918,97468,789,740,1006,
47.136255970170836,97468,789,739,1007,
47.136255970170836,97468,789,739,1007,
47.138200881275786,97468,789,738,1008,
47.13995003493108,97468,788,739,1008,
47.140411025336626,97468,787,740,1008,
47.141211431713934,97467,788,740,1008,
47.14304458496228,97466,789,740,1008,
47.14346823312105,97466,788,741,1008,
47.14443658755804,97465,789,741,1008,
47.145316228128095,97465,788,742,1008,
47.14609524215226,97465,787,743,1008,
47.1464029233485,97465,786,744,1008,
47.14754858060671,97465,785,745,1008,
47.1486818267679,97464,786,745,1008,
47.15238563207715,97463,787,745,1008,
47.15322946262493,97463,786,746,1008,
47.15467148405407,97463,786,745,1009,
47.154796772973576,97462,787,745,1009,
47.15651263480058,97462,787,744,1010,
47.15681363986306,97462,786,745,1010,
47.16114655023761,97461,787,745,1010,
47.161502189358295,97461,786,746,1010,
47.16379169612088,97460,787,746,1010,
47.16408665615795,97459,788,746,1010,
47.16439492463998,97459,787,747,1010,
47.16659510190476,97458,788,747,1010,
47.17078782745998,97457,789,747,1010,
47.171552214566425,97457,788,748,1010,
47.1747028711835,97457,788,747,1011,
47.17619485051051,97457,787,748,1011,
47.178069755836304,97456,788,748,1011,
47.18164003467081,97455,789,748,1011,
47.18292816558577,97454,790,748,1011,
47.18523530689544,97453,791,748,1011,
47.18742275797583,97453,790,749,1011,
47.18891438393926,97452,791,749,1011,
47.19543803730028,97451,792,749,1011,
47.19605624865986,97450,793,749,1011,
47.206323318796365,97450,792,750,1011,
47.210684877144466,97449,793,750,1011,
47.212645990745955,97449,792,751,1011,
47.21365604673253,97449,792,750,1012,
47.21605373728338,97449,792,749,1013,
47.217450098923074,97448,793,749,1013,
47.2203696854226,97448,792,750,1013,
47.22660359315977,97448,792,749,1014,
47.22912145431661,97447,793,749,1014,
47.230010852848395,97447,793,748,1015,
47.231265613309006,97447,792,749,1015,
47.237043076185216,97447,792,748,1016,
47.23795935299265,97447,791,749,1016,
47.239277918376516,97447,790,750,1016,
47.24156049665352,97447,790,749,1017,
47.24285022669376,97446,791,749,1017,
47.24503128207271,97445,792,749,1017,
47.25221129612894,97444,793,749,1017,
47.258807212594924,97444,792,750,1017,
47.26278980256039,97443,793,750,1017,
47.26405898834053,97442,794,750,1017,
47.264242266705345,97442,793,751,1017,
47.26448106680958,97441,794,751,1017,
47.267338760830796,97441,794,750,1018,
47.2698593903221,97441,793,751,1018,
47.27875738868227,97441,792,752,1018,
47.28792167332744,97441,792,751,1019,
47.288835015715264,97440,793,751,1019,
47.28895085689829,97439,794,751,1019,
47.2893772462933,97439,794,750,1020,
47.29065544915684,97439,793,751,1020,
47.29664621739246,97438,794,751,1020,
47.29721475773154,97438,793,752,1020,
47.29788059994045,97437,794,752,1020,
47.299483236354654,97437,793,753,1020,
47.30211134994855,97437,792,754,1020,
47.30336377706437,97437,792,753,1021,
47.303892599766186,97437,791,754,1021,
47.30921551547382,97436,792,754,1021,
47.311238198653264,97436,791,755,1021,
47.311308806369624,97436,790,756,1021,
47.31377515208674,97435,791,756,1021,
47.314398672366146,97435,791,755,1022,
47.31504277937382,97435,791,754,1023,
47.31602767506385,97435,790,755,1023,
47.32227823236329,97435,789,756,1023,
47.32239161443918,97434,790,756,1023,
47.326653168392646,97433,791,756,1023,
47.327766422648985,97433,790,757,1023,
47.33457237381654,97432,791,757,1023,
47.33488888353426,97431,792,757,1023,
47.33618510341211,97431,791,758,1023,
47.340429155559555,97430,792,758,1023,
47.341937105087425,97430,791,759,1023,
47.343423494957534,97430,791,758,1024,
47.34377666747272,97429,792,758,1024,
47.34502163092245,97429,791,759,1024,
47.347027843851336,97429,791,758,1025,
47.34790200690801,97428,792,758,1025,
47.34904794146852,97428,791,759,1025,
47.351449363672025,97428,791,758,1026,
47.35208595829744,97427,792,758,1026,
47.35266369767158,97426,793,758,1026,
47.354655515524016,97426,792,759,1026,
47.35496378606793,97425,793,759,1026,
47.36668200439358,97424,794,759,1026,
47.367399242216244,97423,795,759,1026,
47.367524319666906,97423,795,758,1027,
47.36805633696057,97423,794,759,1027,
47.373651518233565,97423,794,758,1028,
47.37461308663278,97423,793,759,1028,
47.376522348319966,97423,792,760,1028,
47.37752714633137,97423,791,761,1028,
47.3775748045191,97422,792,761,1028,
47.37765637106912,97421,793,761,1028,
47.380213405443406,97420,794,761,1028,
47.38027791577941,97420,793,762,1028,
47.38117117198864,97420,793,761,1029,
47.38731311028623,97419,794,761,1029,
47.390738771708065,97418,795,761,1029,
47.396535940683016,97418,794,762,1029,
47.3973569508535,97418,793,763,1029,
47.40249186087368,97418,792,764,1029,
47.40279242676139,97417,793,764,1029,
47.407209598705116,97417,792,765,1029,
47.40842553493679,97416,793,765,1029,
47.409692138580304,97415,794,765,1029,
47.41428703965774,97415,794,764,1030,
47.41884090102925,97415,793,765,1030,
47.41897596163831,97414,794,765,1030,
47.42090641718431,97413,795,765,1030,
47.42374074869638,97412,796,765,1030,
47.424464124321226,97411,797,765,1030,
47.42447490772556,97410,798,765,1030,
47.42749346131902,97410,798,764,1031,
47.42777063142743,97409,799,764,1031,
47.43007279474105,97408,800,764,1031,
47.43146479799396,97407,801,764,1031,
47.43291337195572,97407,801,763,1032,
47.43352953801776,97407,800,764,1032,
47.43480539313585,97407,799,765,1032,
47.439166480212414,97407,799,764,1033,
47.4399478508162,97406,800,764,1033,
47.440996446747,97405,801,764,1033,
47.4411712061819,97404,802,764,1033,
47.44253517792109,97404,801,765,1033,
47.44501103749593,97404,800,766,1033,
47.45098697388941,97403,801,766,1033,
47.45453382052788,97403,801,765,1034,
47.45651818815223,97403,801,764,1035,
47.4570435251876,97402,802,764,1035,
47.45768767020651,97402,802,763,1036,
47.460160399853294,97402,801,764,1036,
47.461313102744995,97401,802,764,1036,
47.46705267385721,97401,801,765,1036,
47.467699237496426,97400,802,765,1036,
47.469388174643285,97400,801,766,1036,
47.47012704174372,97399,802,766,1036,
47.47149360972427,97399,801,767,1036,
47.47763816689724,97398,802,767,1036,
47.484591346359814,97397,803,767,1036,
47.484975951694,97396,804,767,1036,
47.48592253944346,97396,803,768,1036,
47.48757922969475,97396,802,769,1036,
47.488773110079215,97395,803,769,1036,
47.488872210971145,97394,804,769,1036,
47.48913636774787,97394,803,770,1036,
47.49050059483925,97394,803,769,1037,
47.49219974243456,97394,802,770,1037,
47.49280029564,97394,802,769,1038,
47.49583224503877,97393,803,769,1038,
47.496593392544,97393,802,770,1038,
47.49708329672634,97393,802,769,1039,
47.498629366942374,97393,801,770,1039,
47.501745034399676,97392,802,770,1039,
47.50543566495647,97391,803,770,1039,
47.506267931981675,97390,804,770,1039,
47.5079685015476,97389,805,770,1039,
47.50846088043937,97388,806,770,1039,
47.509274306605526,97387,807,770,1039,
47.51336563092418,97387,807,769,1040,
47.51471643430642,97387,806,770,1040,
47.51777918634206,97386,807,770,1040,
47.51896650109003,97385,808,770,1040,
47.521946188986945,97385,808,769,1041,
47.523981297338615,97385,807,770,1041,
47.52412495439391,97385,807,769,1042,
47.52515729193915,97385,807,768,1043,
47.52612809541265,97384,808,768,1043,
47.52623060499561,97383,809,768,1043,
47.52966020622722,97382,810,768,1043,
47.5305026685471,97382,809,769,1043,
47.53456645157912,97382,809,768,1044,
47.53489237487692,97382,808,769,1044,
47.536624954478846,97381,809,769,1044,
47.54084418759731,97381,809,768,1045,
47.54174995041503,97380,810,768,1045,
47.54340755154854,97379,811,768,1045,
47.54440562272861,97379,810,769,1045,
47.54846621912545,97378,811,769,1045,
47.54871288480452,97378,810,770,1045,
47.54923473433823,97378,809,771,1045,
47.54989102980625,97378,808,772,1045,
47.55132652006666,97377,809,772,1045,
47.552591922947705,97376,810,772,1045,
47.55440342378955,97375,811,772,1045,
47.5553942017673,97374,812,772,1045,
47.55656291752934,97374,812,771,1046,
47.5586424265356,97373,813,771,1046,
47.559389679255695,97372,814,771,1046,
47.560712050000895,97371,815,771,1046,
47.564092054415,97371,814,772,1046,
47.56605049516676,97371,814,771,1047,
47.56966721359986,97370,815,771,1047,
47.5719878990635,97370,814,772,1047,
47.57531171740733,97370,813,773,1047,
47.58022750388154,97370,813,772,1048,
47.58471746006617,97369,814,772,1048,
47.585455728462264,97369,814,771,1049,
47.58877132204311,97368,815,771,1049,
47.588911139832305,97367,816,771,1049,
47.590615855305124,97366,817,771,1049,
47.592083487896495,97366,816,772,1049,
47.592401063132904,97366,815,773,1049,
47.59259479010975,97365,816,773,1049,
47.593546747335374,97365,815,774,1049,
47.59537881792366,97364,816,774,1049,
47.59552042870974,97364,816,773,1050,
47.59565751016676,97364,815,774,1050,
47.60036192704267,97364,815,773,1051,
47.60663364923475,97364,814,774,1051,
47.60856253457347,97363,815,774,1051,
47.61291531635048,97362,816,774,1051,
47.614375267286974,97361,817,774,1051,
47.62211800504825,97361,816,775,1051,
47.62552973970834,97360,817,775,1051,
47.62684226587463,97360,816,776,1051,
47.62806228912766,97359,817,776,1051,
47.62879271113368,97359,816,777,1051,
47.629302594037256,97359,816,776,1052,
47.62985183518065,97359,816,775,1053,
47.631191322880426,97359,815,776,1053,
47.631910485036606,97358,816,776,1053,
47.63338618089158,97358,815,777,1053,
47.6342159413377,97357,816,777,1053,
47.63860596734672,97357,815,778,1053,
47.63933272315566,97357,814,779,1053,
47.64146850129371,97357,813,780,1053,
47.6420611268838,97357,812,781,1053,
47.643654474543794,97356,813,781,1053,
47.643790859481335,97356,812,782,1053,
47.644219440509666,97356,812,781,1054,
47.6448683273639,97355,813,781,1054,
47.64641505570171,97355,813,780,1055,
47.647180329749574,97354,814,780,1055,
47.649532845050565,97354,813,781,1055,
47.65344711887324,97353,814,781,1055,
47.65482155139544,97353,813,782,1055,
47.65719336646602,97353,812,783,1055,
47.65827817620837,97353,811,784,1055,
47.65892587152484,97352,812,784,1055,
47.65963128937026,97352,811,785,1055,
47.662381555602536,97351,812,785,1055,
47.66855219474491,97350,813,785,1055,
47.67334834532322,97350,812,786,1055,
47.67414580998869,97349,813,786,1055,
47.675030022066856,97349,813,785,1056,
47.67561906473902,97349,812,786,1056,
47.67723047860702,97349,811,787,1056,
47.679111702485805,97349,811,786,1057,
47.68433425502651,97349,810,787,1057,
47.68467530055998,97348,811,787,1057,
47.68716334955012,97347,812,787,1057,
47.68950323415506,97346,813,787,1057,
47.69494698773766,97345,814,787,1057,
47.695154120050724,97345,813,788,1057,
47.70039244577495,97344,814,788,1057,
47.702082803571855,97343,815,788,1057,
47.703577421677394,97342,816,788,1057,
47.707352706681256,97341,817,788,1057,
47.70877914184208,97341,816,789,1057,
47.70972919587868,97341,815,790,1057,
47.7128165550703,97340,816,790,1057,
47.713793050977195,97339,817,790,1057,
47.714874796839176,97338,818,790,1057,
47.715814762983534,97338,817,791,1057,
47.71742971620507,97338,816,792,1057,
47.722069884471935,97337,817,792,1057,
47.727198043343044,97337,817,791,1058,
47.72992870115528,97336,818,791,1058,
47.7363228054501,97336,817,792,1058,
47.737473868726944,97335,818,792,1058,
47.73823573867204,97334,819,792,1058,
47.73873469954612,97334,818,793,1058,
47.74352369546177,97334,817,794,1058,
47.74371490243118,97333,818,794,1058,
47.745171660766836,97332,819,794,1058,
47.750105462365006,97332,818,795,1058,
47.75048564572645,97331,819,795,1058,
47.75706034087942,97331,819,794,1059,
47.75872110022757,97331,819,793,1060,
47.76028834166838,97330,820,793,1060,
47.76238560958807,97329,821,793,1060,
47.763235931659445,97328,822,793,1060,
47.763851819841406,97328,821,794,1060,
47.76406291619703,97327,822,794,1060,
47.767445527294505,97327,822,793,1061,
47.76770893864509,97326,823,793,1061,
47.76986117899153,97326,823,792,1062,
47.770357697106384,97325,824,792,1062,
47.77787176641925,97324,825,792,1062,
47.78013857225993,97323,826,792,1062,
47.781205838505976,97323,826,791,1063,
47.78190030419442,97323,825,792,1063,
47.78309307058757,97323,825,791,1064,
47.78316929277651,97322,826,791,1064,
47.78466043013577,97322,825,792,1064,
47.78545679780827,97321,826,792,1064,
47.7873364509885,97321,826,791,1065,
47.78835508524668,97320,827,791,1065,
47.79257700401997,97319,828,791,1065,
47.79261439911735,97318,829,791,1065,
47.79469687417982,97317,830,791,1065,
47.80244970508404,97316,831,791,1065,
47.80349081037126,97316,830,792,1065,
47.80530473004208,97315,831,792,1065,
47.825483676821996,97315,831,791,1066,
47.8275448075553,97314,832,791,1066,
47.83408089985065,97314,832,790,1067,
47.83872292337382,97313,833,790,1067,
47.83938691469205,97312,834,790,1067,
47.84184752137791,97312,834,789,1068,
47.8462418502759,97311,835,789,1068,
47.85104185137715,97311,834,790,1068,
47.85650293899083,97310,835,790,1068,
47.85839076645029,97310,834,791,1068,
47.86309262400727,97310,834,790,1069,
47.86931697647708,97309,835,790,1069,
47.87341306021653,97308,836,790,1069,
47.87452362719157,97307,837,790,1069,
47.87834245207611,97307,836,791,1069,
47.88189243358665,97307,836,790,1070,
47.88299771377988,97307,835,791,1070,
47.88452336968833,97306,836,791,1070,
47.88514737499441,97306,835,792,1070,
47.885929272481036,97305,836,792,1070,
47.88666271786617,97304,837,792,1070,
47.887060188812306,97304,837,791,1071,
47.888122301103145,97303,838,791,1071,
47.89049123559041,97303,837,792,1071,
47.891094180182556,97302,838,792,1071,
47.895681241615264,97302,837,793,1071,
47.89770694172049,97301,838,793,1071,
47.89923879342526,97301,837,794,1071,
47.89975635932605,97301,837,793,1072,
47.90023374680944,97301,837,792,1073,
47.90027891861647,97301,836,793,1073,
47.901609934477946,97300,837,793,1073,
47.90703567618972,97300,836,794,1073,
47.90826737076094,97300,836,793,1074,
47.90918489358723,97300,835,794,1074,
47.9093634778639,97299,836,794,1074,
47.91137082749161,97299,835,795,1074,
47.91258991784158,97298,836,795,1074,
47.91553207804727,97298,835,796,1074,
47.915603875492174,97298,834,797,1074,
47.91926397292648,97298,834,796,1075,
47.921236168971944,97297,835,796,1075,
47.92271053300864,97296,836,796,1075,
47.92370419333698,97296,835,797,1075,
47.92395899827586,97296,835,796,1076,
47.925991308736,97296,834,797,1076,
47.92813059429269,97295,835,797,1076,
47.92953304658907,97294,836,797,1076,
47.932515133730426,97294,835,798,1076,
47.936152552060186,97294,834,799,1076,
47.943813680489335,97294,833,800,1076,
47.944345465100874,97293,834,800,1076,
47.94540561373193,97292,835,800,1076,
47.94738206554878,97292,834,801,1076,
47.94855762370951,97291,835,801,1076,
47.94989898304412,97290,836,801,1076,
47.9510546679152,97289,837,801,1076,
47.95122711401423,97288,838,801,1076,
47.95384199333148,97288,838,800,1077,
47.95489661489029,97287,839,800,1077,
47.9609327475132,97286,840,800,1077,
47.96356839157581,97286,839,801,1077,
47.96433927770019,97285,840,801,1077,
47.96587134321976,97285,840,800,1078,
47.96672873889805,97285,840,799,1079,
47.968867433920465,97284,841,799,1079,
47.968948950556516,97283,842,799,1079,
47.96918126568724,97282,843,799,1079,
47.972757571406234,97281,844,799,1079,
47.97287282443221,97280,845,799,1079,
47.97353097713444,97279,846,799,1079,
47.973825184540395,97278,847,799,1079,
47.97574935791936,97278,847,798,1080,
47.97759184282603,97278,847,797,1081,
47.978450747971195,97277,848,797,1081,
47.98100844713798,97277,847,798,1081,
47.985892869060834,97277,847,797,1082,
47.98724144883091,97276,848,797,1082,
47.992530480365076,97276,847,798,1082,
47.992924964704,97276,847,797,1083,
47.99422780945869,97275,848,797,1083,
47.99848304398607,97274,849,797,1083,
48.00021719518437,97274,849,796,1084,
48.00044011333747,97274,848,797,1084,
48.000605963216444,97274,847,798,1084,
48.0026388674791,97273,848,798,1084,
48.00378286678235,97272,849,798,1084,
48.00427694160709,97272,848,799,1084,
48.01091176841835,97271,849,799,1084,
48.01373821978285,97270,850,799,1084,
48.01384067664492,97270,850,798,1085,
48.01435512967733,97269,851,798,1085,
48.01577782641421,97269,850,799,1085,
48.016163391306534,97269,849,800,1085,
48.018950685544,97268,850,800,1085,
48.01936387478356,97268,849,801,1085,
48.022076756285315,97268,849,800,1086,
48.02369617199393,97267,850,800,1086,
48.03175157378465,97266,851,800,1086,
48.03197427065753,97266,850,801,1086,
48.03349942810082,97266,849,802,1086,
48.03574042176563,97265,850,802,1086,
48.04063838966349,97265,849,803,1086,
48.042652826550466,97264,850,803,1086,
48.04937611809703,97263,851,803,1086,
48.0517765966346,97263,850,804,1086,
48.05293975786473,97263,849,805,1086,
48.053746577810955,97263,848,806,1086,
48.0585010813761,97262,849,806,1086,
48.05881391700281,97261,850,806,1086,
48.062729658560265,97261,850,805,1087,
48.063025344663124,97260,851,805,1087,
48.06376754262162,97259,852,805,1087,
48.06449490818618,97259,851,806,1087,
48.06718383510808,97259,850,807,1087,
48.067687155956015,97259,849,808,1087,
48.072499187647274,97259,849,807,1088,
48.07503832380539,97259,849,806,1089,
48.07738145045863,97258,850,806,1089,
48.08024598241163,97258,850,805,1090,
48.084407062807955,97258,849,806,1090,
48.08550336872861,97258,848,807,1090,
48.08718797649249,97257,849,807,1090,
48.08892345960469,97257,848,808,1090,
48.089253100636355,97256,849,808,1090,
48.09820157433832,97255,850,808,1090,
48.09944360617033,97255,850,807,1091,
48.099573289402606,97254,851,807,1091,
48.09963291073732,97253,852,807,1091,
48.09997347044694,97253,851,808,1091,
48.10005959909296,97253,850,809,1091,
48.100177590418845,97253,849,810,1091,
48.100600871652595,97252,850,810,1091,
48.10111449976456,97252,849,811,1091,
48.105527235274074,97252,848,812,1091,
48.1057155546646,97252,847,813,1091,
48.10701951179594,97251,848,813,1091,
48.108637933716416,97251,847,814,1091,
48.111446475302095,97250,848,814,1091,
48.11355917186915,97249,849,814,1091,
48.11698653431276,97249,849,813,1092,
48.118837541557106,97248,850,813,1092,
48.12131673546605,97248,849,814,1092,
48.12328540391803,97248,848,815,1092,
48.12410469704663,97248,847,816,1092,
48.12413368457575,97248,846,817,1092,
48.1245284974416,97247,847,817,1092,
48.12905653364987,97247,847,816,1093,
48.13141621394458,97247,847,815,1094,
48.13220086490583,97246,848,815,1094,
48.1336811940235,97245,849,815,1094,
48.134739284509656,97244,850,815,1094,
48.136173719626264,97243,851,815,1094,
48.136173719626264,97243,851,815,1094,
48.138104283234654,97243,851,814,1095,
48.13950129896008,97243,850,815,1095,
48.141628501325,97242,851,815,1095,
48.14232432841017,97242,850,816,1095,
48.14675130875901,97241,851,816,1095,
48.14762369461121,97241,850,817,1095,
48.14783103618228,97241,849,818,1095,
48.149529893899064,97240,850,818,1095,
48.15027110686545,97240,850,817,1096,
48.15083625145537,97240,849,818,1096,
48.15114800624557,97240,848,819,1096,
48.15555240764257,97239,849,819,1096,
48.156319217387235,97239,849,818,1097,
48.15808724235002,97238,850,818,1097,
48.15889376584926,97238,850,817,1098,
48.1592727387043,97238,849,818,1098,
48.161863677520365,97237,850,818,1098,
48.16506575174537,97236,851,818,1098,
48.166335839405285,97235,852,818,1098,
48.17258477548997,97234,853,818,1098,
48.17454521695191,97233,854,818,1098,
48.17488457386732,97232,855,818,1098,
48.17601227209282,97231,856,818,1098,
48.176059382100604,97231,856,817,1099,
48.176211020468976,97231,856,816,1100,
48.17670616494329,97231,855,817,1100,
48.1768782837666,97231,855,816,1101,
48.18343392932829,97231,854,817,1101,
48.1846606068124,97231,853,818,1101,
48.185654774615394,97231,853,817,1102,
48.190263398880724,97231,853,816,1103,
48.19254078419956,97231,853,815,1104,
48.194933409622976,97231,852,816,1104,
48.198418159393334,97230,853,816,1104,
48.201837280259134,97230,852,817,1104,
48.203325560210835,97230,851,818,1104,
48.20982415106629,97229,852,818,1104,
48.21017588258817,97229,851,819,1104,
48.21310394305702,97228,852,819,1104,
48.21487511627813,97228,851,820,1104,
48.21572437014114,97228,850,821,1104,
48.21852929589949,97227,851,821,1104,
48.219808450942615,97227,851,820,1105,
48.22121973659047,97227,851,819,1106,
48.22177840128612,97226,852,819,1106,
48.222811764073754,97226,851,820,1106,
48.22406343793321,97225,852,820,1106,
48.22937305252672,97225,851,821,1106,
48.23033591588964,97224,852,821,1106,
48.230862198077176,97223,853,821,1106,
48.23223071121385,97222,854,821,1106,
48.234571957777554,97221,855,821,1106,
48.23521677841752,97220,856,821,1106,
48.24223165377133,97220,855,822,1106,
48.24276207452096,97220,854,823,1106,
48.24326751535441,97219,855,823,1106,
48.2434413736638,97219,854,824,1106,
48.246797931531916,97219,854,823,1107,
48.24748558288446,97218,855,823,1107,
48.24762664613237,97218,854,824,1107,
48.25167670820853,97218,854,823,1108,
48.25226184217221,97218,853,824,1108,
48.25372083223876,97217,854,824,1108,
48.25554007201984,97216,855,824,1108,
48.258420944824394,97216,854,825,1108,
48.26010927237944,97216,854,824,1109,
48.262608283414416,97216,854,823,1110,
48.263651434806654,97215,855,823,1110,
48.267936046790226,97215,854,824,1110,
48.269736305064626,97215,853,825,1110,
48.27349379493201,97215,853,824,1111,
48.27352429656521,97215,852,825,1111,
48.275173572563745,97215,851,826,1111,
48.276665630967436,97215,850,827,1111,
48.280513983988484,97215,850,826,1112,
48.282684653059704,97214,851,826,1112,
48.289801636937916,97214,850,827,1112,
48.294406040573676,97213,851,827,1112,
48.29944517743686,97212,852,827,1112,
48.30296042383832,97211,853,827,1112,
48.30761242854814,97210,854,827,1112,
48.31020632548922,97209,855,827,1112,
48.31161699765002,97208,856,827,1112,
48.31240843040534,97208,855,828,1112,
48.31672985279618,97208,854,829,1112,
48.31725326650338,97208,853,830,1112,
48.32306190356284,97207,854,830,1112,
48.32638368663081,97207,853,831,1112,
48.334888408003415,97207,852,832,1112,
48.337955687759624,97206,853,832,1112,
48.34038611328282,97205,854,832,1112,
48.34207390736378,97204,855,832,1112,
48.3451538106017,97203,856,832,1112,
48.34597408623743,97202,857,832,1112,
48.34730898731052,97201,858,832,1112,
48.34810419205851,97200,859,832,1112,
48.34822525728602,97199,860,832,1112,
48.3495236744074,97199,859,833,1112,
48.349880289118985,97198,860,833,1112,
48.35316921342632,97197,861,833,1112,
48.35400455582406,97197,860,834,1112,
48.355312101062715,97197,860,833,1113,
48.35723927032234,97197,860,832,1114,
48.35792405657757,97197,859,833,1114,
48.36010315802498,97197,858,834,1114,
48.363993958468605,97197,857,835,1114,
48.3660363395762,97197,856,836,1114,
48.37574847593708,97197,855,837,1114,
48.37801502389779,97196,856,837,1114,
48.37958466341916,97196,856,836,1115,
48.380705266775756,97196,856,835,1116,
48.38160889352571,97195,857,835,1116,
48.38282274998097,97195,856,836,1116,
48.38342703189086,97195,855,837,1116,
48.384248967422025,97194,856,837,1116,
48.385083096615546,97194,856,836,1117,
48.38584577726386,97193,857,836,1117,
48.38992715617444,97193,856,837,1117,
48.39030756254963,97192,857,837,1117,
48.3912340031146,97192,856,838,1117,
48.392960433598795,97192,856,837,1118,
48.39363573042697,97192,855,838,1118,
48.39654881533834,97191,856,838,1118,
48.39971875912366,97191,856,837,1119,
48.40194420375572,97191,856,836,1120,
48.40712774274661,97190,857,836,1120,
48.4093480084458,97189,858,836,1120,
48.41336270378929,97189,857,837,1120,
48.41410631583819,97188,858,837,1120,
48.41472435829559,97187,859,837,1120,
48.415033766426795,97187,858,838,1120,
48.4163354396104,97186,859,838,1120,
48.41846188593773,97186,858,839,1120,
48.41884931817277,97186,858,838,1121,
48.42398421524243,97185,859,838,1121,
48.43139128780822,97185,858,839,1121,
48.43306253730491,97184,859,839,1121,
48.43556840266139,97183,860,839,1121,
48.447118781859956,97182,861,839,1121,
48.447525624393606,97182,861,838,1122,
48.44895303004069,97182,860,839,1122,
48.44973391557802,97182,859,840,1122,
48.45000815063059,97181,860,840,1122,
48.45243118927569,97181,860,839,1123,
48.453313015349245,97180,861,839,1123,
48.45455405757454,97180,861,838,1124,
48.45541988467864,97180,860,839,1124,
48.45718229225424,97180,859,840,1124,
48.457776039582974,97180,858,841,1124,
48.458275723967915,97180,857,842,1124,
48.458422843107854,97180,856,843,1124,
48.45938798611598,97179,857,843,1124,
48.463725835419574,97178,858,843,1124,
48.46546257755918,97178,857,844,1124,
48.46632982303642,97178,856,845,1124,
48.46714528807572,97177,857,845,1124,
48.467366982759245,97177,856,846,1124,
48.468498572336,97177,855,847,1124,
48.47072460930238,97176,856,847,1124,
48.47262256260877,97175,857,847,1124,
48.473184153828655,97175,856,848,1124,
48.474757469595424,97175,856,847,1125,
48.47659608125043,97175,856,846,1126,
48.47704629717243,97174,857,846,1126,
48.47735955814991,97173,858,846,1126,
48.477446625752336,97173,857,847,1126,
48.47815458970431,97173,856,848,1126,
48.4792911787699,97173,856,847,1127,
48.483180453053045,97173,855,848,1127,
48.48424068757155,97172,856,848,1127,
48.49263863393396,97172,855,849,1127,
48.49627057643073,97172,854,850,1127,
48.4963473713003,97172,854,849,1128,
48.49802306071352,97171,855,849,1128,
48.49846748284938,97170,856,849,1128,
48.49980478240504,97169,857,849,1128,
48.50231804757284,97168,858,849,1128,
48.508760207574504,97167,859,849,1128,
48.50951953763741,97166,860,849,1128,
48.51159290692274,97166,859,850,1128,
48.512949599112815,97166,858,851,1128,
48.514346704694454,97166,857,852,1128,
48.515436569195884,97165,858,852,1128,
48.51699835804655,97164,859,852,1128,
48.52045829995236,97164,858,853,1128,
48.52331913585165,97164,857,854,1128,
48.525764566836884,97163,858,854,1128,
48.528825408258975,97162,859,854,1128,
48.5303162301435,97161,860,854,1128,
48.531857358955875,97160,861,854,1128,
48.53431958116641,97159,862,854,1128,
48.534777465171494,97159,862,853,1129,
48.53693905901194,97158,863,853,1129,
48.53745817804874,97157,864,853,1129,
48.53792565095196,97157,864,852,1130,
48.53799841899843,97157,863,853,1130,
48.53909858055554,97156,864,853,1130,
48.539862821948766,97156,863,854,1130,
48.54038735674362,97156,863,853,1131,
48.54097455426671,97156,862,854,1131,
48.54457978234843,97155,863,854,1131,
48.54687448490525,97154,864,854,1131,
48.548539657840706,97154,864,853,1132,
48.552742472710825,97154,863,854,1132,
48.55335502915366,97154,863,853,1133,
48.55417515306575,97154,862,854,1133,
48.55460073414799,97154,861,855,1133,
48.55495305440891,97153,862,855,1133,
48.55789769510111,97152,863,855,1133,
48.55806916995997,97152,863,854,1134,
48.55864366134571,97152,863,853,1135,
48.559751919625505,97151,864,853,1135,
48.560923115266526,97150,865,853,1135,
48.56119001610022,97150,864,854,1135,
48.56137963500493,97149,865,854,1135,
48.563417491054004,97148,866,854,1135,
48.56611683858627,97148,865,855,1135,
48.569401010395,97147,866,855,1135,
48.571830373944294,97146,867,855,1135,
48.572876463544986,97145,868,855,1135,
48.57512662383837,97145,868,854,1136,
48.57527511393782,97145,868,853,1137,
48.57534740673293,97144,869,853,1137,
48.57869368438067,97144,868,854,1137,
48.58038633045462,97144,867,855,1137,
48.58242462415151,97143,868,855,1137,
48.58363881379816,97143,867,856,1137,
48.584684055357194,97142,868,856,1137,
48.585357875195314,97142,868,855,1138,
48.586132367073375,97142,867,856,1138,
48.587244868107476,97141,868,856,1138,
48.590127597721306,97141,868,855,1139,
48.59109184704568,97141,867,856,1139,
48.5928670151027,97141,866,857,1139,
48.593942464049775,97141,865,858,1139,
48.5946075985934,97141,864,859,1139,
48.598217365647265,97140,865,859,1139,
48.598787177800936,97139,866,859,1139,
48.60084811567809,97138,867,859,1139,
48.6008851115559,97137,868,859,1139,
48.60121424748701,97136,869,859,1139,
48.60139034561057,97136,868,860,1139,
48.607576023009315,97135,869,860,1139,
48.608540089735335,97135,869,859,1140,
48.6103598560529,97134,870,859,1140,
48.61087165044685,97133,871,859,1140,
48.61357765647075,97133,870,860,1140,
48.61487352276977,97132,871,860,1140,
48.61495047049894,97132,870,861,1140,
48.615919255057065,97132,870,860,1141,
48.616972579584626,97131,871,860,1141,
48.61700379764647,97131,871,859,1142,
48.61732859754875,97130,872,859,1142,
48.61794420151825,97130,872,858,1143,
48.619566382336025,97129,873,858,1143,
48.621972069195586,97129,873,857,1144,
48.624331418394796,97129,873,856,1145,
48.62519874857025,97128,874,856,1145,
48.629041463415334,97127,875,856,1145,
48.63043443369929,97127,874,857,1145,
48.638170696187494,97126,875,857,1145,
48.64243686174565,97125,876,857,1145,
48.64250292743464,97124,877,857,1145,
48.64409435128455,97123,878,857,1145,
48.64728306741159,97122,879,857,1145,
48.647765568656794,97122,878,858,1145,
48.6526813833085,97121,879,858,1145,
48.654010334801534,97120,880,858,1145,
48.655489024984405,97120,879,859,1145,
48.65562969983366,97120,878,860,1145,
48.656422748700635,97120,878,859,1146,
48.65882153712188,97119,879,859,1146,
48.66161384786078,97119,878,860,1146,
48.66184090751868,97119,877,861,1146,
48.66308720615459,97118,878,861,1146,
48.670576618639664,97117,879,861,1146,
48.67191531557611,97117,878,862,1146,
48.67306489076371,97117,877,863,1146,
48.67352839473887,97116,878,863,1146,
48.67471332272972,97115,879,863,1146,
48.678228356010294,97114,880,863,1146,
48.67977324358903,97113,881,863,1146,
48.680588333377194,97112,882,863,1146,
48.68135139936628,97111,883,863,1146,
48.68266195177225,97111,883,862,1147,
48.68692196710032,97111,883,861,1148,
48.68801199893344,97110,884,861,1148,
48.689688740092436,97110,883,862,1148,
48.68971561563887,97110,882,863,1148,
48.69224098903064,97110,881,864,1148,
48.69301580578651,97109,882,864,1148,
48.69329889589813,97108,883,864,1148,
48.695598593274525,97108,883,863,1149,
48.69593733070438,97107,884,863,1149,
48.69819135458047,97107,884,862,1150,
48.7035723189038,97107,883,863,1150,
48.7045229471522,97106,884,863,1150,
48.70477610379214,97105,885,863,1150,
48.70729265721189,97104,886,863,1150,
48.70856910529852,97104,885,864,1150,
48.70930748124898,97104,884,865,1150,
48.71824855131051,97104,884,864,1151,
48.71825483889691,97104,883,865,1151,
48.718355618674366,97104,883,864,1152,
48.718811713343726,97104,882,865,1152,
48.72055833548778,97103,883,865,1152,
48.72056127485134,97103,882,866,1152,
48.72086320421176,97103,881,867,1152,
48.72235290873033,97103,881,866,1153,
48.722790412239675,97102,882,866,1153,
48.72403274274569,97102,881,867,1153,
48.72453555766089,97101,882,867,1153,
48.726110676462916,97100,883,867,1153,
48.72974706799086,97100,883,866,1154,
48.72996678728587,97100,882,867,1154,
48.73871857153698,97100,881,868,1154,
48.73956759852132,97099,882,868,1154,
48.74028856387288,97099,881,869,1154,
48.74186439011377,97099,880,870,1154,
48.74334665754388,97098,881,870,1154,
48.74518819400423,97098,881,869,1155,
48.74918897598493,97097,882,869,1155,
48.74978878985007,97097,881,870,1155,
48.75000477550779,97097,880,871,1155,
48.75008534194017,97097,879,872,1155,
48.754581348632925,97097,878,873,1155,
48.75545447705731,97096,879,873,1155,
48.75575697957592,97095,880,873,1155,
48.75680647805243,97095,880,872,1156,
48.75920154851336,97094,881,872,1156,
48.76118732422354,97093,882,872,1156,
48.76188699703707,97093,881,873,1156,
48.762706699964674,97093,881,872,1157,
48.76294659558105,97093,881,871,1158,
48.76602793360058,97093,880,872,1158,
48.77145494508634,97093,879,873,1158,
48.77341989984898,97092,880,873,1158,
48.77787228059617,97091,881,873,1158,
48.778184792496624,97091,880,874,1158,
48.7792727672434,97091,880,873,1159,
48.779878374752535,97090,881,873,1159,
48.780315888747964,97089,882,873,1159,
48.782301987642406,97088,883,873,1159,
48.782884952836625,97087,884,873,1159,
48.783968558306086,97087,883,874,1159,
48.78475645207588,97087,883,873,1160,
48.786117879587486,97087,882,874,1160,
48.78668718009569,97087,881,875,1160,
48.787087387697845,97087,880,876,1160,
48.78866106164664,97087,879,877,1160,
48.79194496876878,97087,878,878,1160,
48.79207908605647,97087,877,879,1160,
48.79211915532971,97087,877,878,1161,
48.79311919983741,97086,878,878,1161,
48.79391042601898,97086,877,879,1161,
48.79422432828278,97086,876,880,1161,
48.7946551485986,97085,877,880,1161,
48.798476266562666,97084,878,880,1161,
48.800732145546206,97083,879,880,1161,
48.80201550410746,97082,880,880,1161,
48.80208978392486,97082,880,879,1162,
48.802922480056786,97081,881,879,1162,
48.804180041164905,97080,882,879,1162,
48.81022788600332,97080,882,878,1163,
48.81272884902284,97079,883,878,1163,
48.81422972071291,97079,883,877,1164,
48.81680347978747,97079,882,878,1164,
48.82155067774906,97078,883,878,1164,
48.82233403961779,97077,884,878,1164,
48.82409326927095,97076,885,878,1164,
48.82562689952017,97076,884,879,1164,
48.82665206745729,97076,884,878,1165,
48.827740247045895,97076,883,879,1165,
48.82872166059519,97075,884,879,1165,
48.83193737325318,97075,883,880,1165,
48.83199517539191,97075,883,879,1166,
48.833813857118386,97075,882,880,1166,
48.835408637006644,97075,881,881,1166,
48.83992973335175,97075,880,882,1166,
48.84037492039725,97075,880,881,1167,
48.845477542700515,97074,881,881,1167,
48.84696674360964,97073,882,881,1167,
48.84956452243386,97073,882,880,1168,
48.85233238306436,97072,883,880,1168,
48.85293681205247,97072,883,879,1169,
48.856295489353656,97072,882,880,1169,
48.85651354314975,97072,881,881,1169,
48.858375036913095,97072,880,882,1169,
48.85957658120035,97072,879,883,1169,
48.86323962709042,97072,878,884,1169,
48.86404955405459,97072,878,883,1170,
48.86428967338649,97072,878,882,1171,
48.864764958384704,97072,877,883,1171,
48.86566908402275,97071,878,883,1171,
48.871425016027736,97071,877,884,1171,
48.872851935153825,97071,876,885,1171,
48.873860887936594,97071,875,886,1171,
48.87768194529642,97071,874,887,1171,
48.87780315710924,97071,874,886,1172,
48.8874638148339,97071,873,887,1172,
48.88915894458183,97071,872,888,1172,
48.889799757470435,97070,873,888,1172,
48.89132912890381,97070,872,889,1172,
48.89420629579744,97069,873,889,1172,
48.894776016324585,97069,872,890,1172,
48.895314690020534,97069,871,891,1172,
48.895850336183884,97069,871,890,1173,
48.89846792045964,97068,872,890,1173,
48.899645114747216,97068,872,889,1174,
48.90014352147641,97067,873,889,1174,
48.90176184809536,97067,872,890,1174,
48.90346689791015,97066,873,890,1174,
48.90765287733041,97065,874,890,1174,
48.90777888747519,97064,875,890,1174,
48.908787549258435,97064,874,891,1174,
48.909303026689216,97063,875,891,1174,
48.91046453878941,97063,874,892,1174,
48.91298330642193,97062,875,892,1174,
48.91815426777947,97061,876,892,1174,
48.9214953883868,97061,876,891,1175,
48.921497212666075,97061,875,892,1175,
48.92192608732626,97060,876,892,1175,
48.924705985301344,97059,877,892,1175,
48.92498478484045,97059,876,893,1175,
48.925315054937776,97058,877,893,1175,
48.92559251115787,97057,878,893,1175,
48.92843304356242,97057,877,894,1175,
48.92857255713731,97057,877,893,1176,
48.928644085326496,97057,877,892,1177,
48.9306849311046,97057,876,893,1177,
48.93087381001079,97057,876,892,1178,
48.93420034451872,97056,877,892,1178,
48.94033975871927,97056,876,893,1178,
48.940814784906586,97055,877,893,1178,
48.94203310053105,97055,877,892,1179,
48.942453868196864,97054,878,892,1179,
48.94522505551728,97054,878,891,1180,
48.94820164447846,97053,879,891,1180,
48.949182923912716,97052,880,891,1180,
48.95270853075269,97052,880,890,1181,
48.95514783013442,97051,881,890,1181,
48.956265502355144,97050,882,890,1181,
48.956683246214546,97050,882,889,1182,
48.95697072510225,97050,881,890,1182,
48.957480648726616,97049,882,890,1182,
48.95806463142774,97048,883,890,1182,
48.95869720195482,97048,883,889,1183,
48.9600861459531,97047,884,889,1183,
48.96044333351598,97047,883,890,1183,
48.96077905138555,97046,884,890,1183,
48.960797299106474,97045,885,890,1183,
48.96243868510163,97045,885,889,1184,
48.96265127419528,97045,884,890,1184,
48.96434491817362,97045,883,891,1184,
48.96536206477664,97045,883,890,1185,
48.96616369918734,97045,882,891,1185,
48.96631166951475,97044,883,891,1185,
48.96679992763384,97044,882,892,1185,
48.967180417730816,97043,883,892,1185,
48.9692453909931,97043,882,893,1185,
48.970268465350024,97043,881,894,1185,
48.971256249025316,97043,880,895,1185,
48.97298537274495,97042,881,895,1185,
48.97533959772706,97041,882,895,1185,
48.97802783120806,97040,883,895,1185,
48.97908841220138,97039,884,895,1185,
48.9795603680363,97039,883,896,1185,
48.979567966193336,97039,882,897,1185,
48.981662725224176,97039,882,896,1186,
48.982753414077784,97039,882,895,1187,
48.98386277613304,97038,883,895,1187,
48.984657401899696,97038,882,896,1187,
48.987171964241135,97038,881,897,1187,
48.98766341389925,97038,881,896,1188,
48.98872043653959,97038,881,895,1189,
48.99047283263607,97038,880,896,1189,
48.99120824813287,97037,881,896,1189,
48.99144342141033,97036,882,896,1189,
48.991861663069294,97036,881,897,1189,
48.99532364561834,97035,882,897,1189,
48.99823421249363,97035,882,896,1190,
49.00222687488575,97035,881,897,1190,
49.00276712649375,97035,880,898,1190,
49.004119914079,97034,881,898,1190,
49.00494125966627,97034,880,899,1190,
49.00623916440185,97033,881,899,1190,
49.00799208649379,97032,882,899,1190,
49.00841280709303,97032,881,900,1190,
49.00883370340284,97032,881,899,1191,
49.01349734025,97032,881,898,1192,
49.014436567003514,97031,882,898,1192,
49.0158512567227,97030,883,898,1192,
49.01680956217455,97030,882,899,1192,
49.016956734274444,97029,883,899,1192,
49.0191454235356,97028,884,899,1192,
49.02065290664335,97027,885,899,1192,
49.02631342574516,97026,886,899,1192,
49.02741341900554,97026,885,900,1192,
49.028624951371306,97025,886,900,1192,
49.03296049753021,97024,887,900,1192,
49.03305534138965,97024,886,901,1192,
49.03704967675391,97024,885,902,1192,
49.03800672205073,97023,886,902,1192,
49.041820772463446,97022,887,902,1192,
49.04268761946543,97021,888,902,1192,
49.04702471870117,97021,888,901,1193,
49.04777860293067,97021,887,902,1193,
49.048641309221416,97021,887,901,1194,
49.049614275920426,97021,886,902,1194,
49.0526974896871,97021,886,901,1195,
49.05307951833822,97021,885,902,1195,
49.05661382794049,97020,886,902,1195,
49.057183576631495,97019,887,902,1195,
49.057704184128326,97018,888,902,1195,
49.061414990183536,97018,887,903,1195,
49.06350084204659,97018,887,902,1196,
49.06482139026791,97018,886,903,1196,
49.06519427049176,97018,885,904,1196,
49.06772845363834,97018,884,905,1196,
49.07198065220401,97018,883,906,1196,
49.07319070623771,97018,882,907,1196,
49.075165235729706,97018,881,908,1196,
49.07539444320611,97017,882,908,1196,
49.07919907513164,97017,881,909,1196,
49.079696054283055,97017,881,908,1197,
49.08035824105829,97016,882,908,1197,
49.081073666798815,97015,883,908,1197,
49.08301787516275,97014,884,908,1197,
49.084354610939876,97014,883,909,1197,
49.08556185271773,97013,884,909,1197,
49.08700101182163,97013,884,908,1198,
49.08848876734151,97012,885,908,1198,
49.08920845794371,97012,885,907,1199,
49.08927583473708,97011,886,907,1199,
49.09130035297043,97010,887,907,1199,
49.09149697222095,97009,888,907,1199,
49.096034683487865,97008,889,907,1199,
49.098469838828684,97007,890,907,1199,
49.09876362489546,97007,890,906,1200,
49.10140179747542,97006,891,906,1200,
49.10219750443888,97006,891,905,1201,
49.108263964661184,97006,891,904,1202,
49.112588575779206,97006,890,905,1202,
49.1153039421488,97006,889,906,1202,
49.11612506395755,97005,890,906,1202,
49.119410640463826,97004,891,906,1202,
49.11945248676294,97004,891,905,1203,
49.12218027030975,97003,892,905,1203,
49.124185953866935,97003,892,904,1204,
49.12573611066719,97003,891,905,1204,
49.12658070656943,97003,890,906,1204,
49.127879802298104,97003,889,907,1204,
49.129884279388534,97002,890,907,1204,
49.13177258634413,97002,890,906,1205,
49.13496950690395,97001,891,906,1205,
49.13496950690395,97001,891,906,1205,
49.1358984563412,97000,892,906,1205,
49.13892364526596,96999,893,906,1205,
49.14111659073714,96999,893,905,1206,
49.141598791363315,96999,892,906,1206,
49.14501705038182,96998,893,906,1206,
49.14519730309127,96998,892,907,1206,
49.148518739718384,96997,893,907,1206,
49.15184682089646,96997,892,908,1206,
49.1623724350966,96997,892,907,1207,
49.163806909302565,96996,893,907,1207,
49.16420064965277,96996,892,908,1207,
49.16640915957806,96996,891,909,1207,
49.16887456092334,96995,892,909,1207,
49.169311906576496,96995,891,910,1207,
49.17266116923001,96994,892,910,1207,
49.17349069622655,96994,892,909,1208,
49.17359660263667,96993,893,909,1208,
49.17424536011452,96993,893,908,1209,
49.18115447925933,96993,892,909,1209,
49.183195101720585,96993,892,908,1210,
49.18389300628809,96993,891,909,1210,
49.18510856601111,96992,892,909,1210,
49.18542454673635,96991,893,909,1210,
49.18955489426115,96990,894,909,1210,
49.19652382051155,96989,895,909,1210,
49.19723182717772,96989,895,908,1211,
49.19759730925745,96989,894,909,1211,
49.19809255205341,96989,893,910,1211,
49.199713761024285,96988,894,910,1211,
49.202953759833484,96988,894,909,1212,
49.204080200255845,96987,895,909,1212,
49.20563330039546,96987,894,910,1212,
49.20704668800273,96987,893,911,1212,
49.20723235104405,96987,892,912,1212,
49.21295426995291,96986,893,912,1212,
49.216512082001344,96985,894,912,1212,
49.218769980986956,96984,895,912,1212,
49.22508894130411,96984,895,911,1213,
49.227007860683045,96984,895,910,1214,
49.22800661598399,96984,894,911,1214,
49.22880011988426,96983,895,911,1214,
49.23930893975846,96983,894,912,1214,
49.23945672680895,96983,893,913,1214,
49.24004622534406,96983,893,912,1215,
49.24060203116464,96983,892,913,1215,
49.24071417501043,96983,892,912,1216,
49.24757247506541,96982,893,912,1216,
49.248135936008914,96982,893,911,1217,
49.250291599231645,96981,894,911,1217,
49.25225643949173,96980,895,911,1217,
49.252526908814424,96979,896,911,1217,
49.2527349779594,96979,895,912,1217,
49.25403940842161,96979,895,911,1218,
49.25443203121082,96979,894,912,1218,
49.257783314470544,96979,893,913,1218,
49.258999883328805,96979,892,914,1218,
49.260315542928645,96978,893,914,1218,
49.26379204263122,96978,892,915,1218,
49.26548640984477,96978,891,916,1218,
49.26609315482549,96978,890,917,1218,
49.26747785610261,96978,890,916,1219,
49.26968520523282,96977,891,916,1219,
49.27387480169073,96976,892,916,1219,
49.27786616137965,96975,893,916,1219,
49.280436391699254,96974,894,916,1219,
49.28101432650508,96974,893,917,1219,
49.28777895674715,96974,893,916,1220,
49.28806117338587,96973,894,916,1220,
49.28856736456984,96973,893,917,1220,
49.288653974284045,96973,893,916,1221,
49.28895174644754,96973,893,915,1222,
49.29030986989806,96972,894,915,1222,
49.2908850042851,96971,895,915,1222,
49.29779293719011,96971,894,916,1222,
49.30051403863143,96971,894,915,1223,
49.302542404327234,96971,894,914,1224,
49.30347310316305,96970,895,914,1224,
49.30433855162049,96970,894,915,1224,
49.30800694799274,96970,893,916,1224,
49.31148558182762,96969,894,916,1224,
49.314750372808646,96969,894,915,1225,
49.31498672266216,96969,893,916,1225,
49.316116804138474,96968,894,916,1225,
49.31846530040772,96967,895,916,1225,
49.32382454651632,96966,896,916,1225,
49.326835239428796,96965,897,916,1225,
49.33066967476905,96965,896,917,1225,
49.33285813939699,96965,895,918,1225,
49.33667442046085,96964,896,918,1225,
49.33750064696632,96964,895,919,1225,
49.338509805669894,96963,896,919,1225,
49.33996450523902,96963,896,918,1226,
49.342653499393904,96962,897,918,1226,
49.343050826085744,96962,897,917,1227,
49.34443317237409,96962,896,918,1227,
49.347118331289856,96962,895,919,1227,
49.34813632410142,96962,895,918,1228,
49.348139632130106,96961,896,918,1228,
49.35023230752391,96960,897,918,1228,
49.35059019189382,96959,898,918,1228,
49.350684035496336,96959,898,917,1229,
49.35084289669359,96959,898,916,1230,
49.351355728019115,96959,898,915,1231,
49.351570376284464,96959,897,916,1231,
49.353122246486855,96958,898,916,1231,
49.353708111234695,96958,897,917,1231,
49.356907995361865,96957,898,917,1231,
49.35858955652549,96956,899,917,1231,
49.36108352900851,96956,898,918,1231,
49.36165980181238,96956,897,919,1231,
49.365389581570916,96956,897,918,1232,
49.37215932728302,96955,898,918,1232,
49.37270766633628,96955,897,919,1232,
49.3746774632459,96955,896,920,1232,
49.37468393742811,96955,895,921,1232,
49.37557460065391,96954,896,921,1232,
49.37741525705342,96954,895,922,1232,
49.37764144218292,96953,896,922,1232,
49.377669788656924,96952,897,922,1232,
49.38042876886189,96952,897,921,1233,
49.38238584931264,96952,897,920,1234,
49.3826191958183,96951,898,920,1234,
49.3827390872478,96951,897,921,1234,
49.38327420779017,96951,896,922,1234,
49.38341761785965,96951,895,923,1234,
49.38553531142888,96950,896,923,1234,
49.38650366100327,96949,897,923,1234,
49.386595552927695,96948,898,923,1234,
49.38764631152266,96947,899,923,1234,
49.389016386096685,96946,900,923,1234,
49.394250105030274,96945,901,923,1234,
49.39852608100679,96944,902,923,1234,
49.39862285537781,96944,902,922,1235,
49.400285565470796,96944,901,923,1235,
49.400645479990594,96943,902,923,1235,
49.40237242680991,96943,901,924,1235,
49.40606947829746,96942,902,924,1235,
49.41234557473556,96941,903,924,1235,
49.41280527821016,96941,903,923,1236,
49.41458466861329,96941,903,922,1237,
49.4167415363937,96940,904,922,1237,
49.41752251369961,96939,905,922,1237,
49.41777968562562,96939,904,923,1237,
49.41945771630315,96939,903,924,1237,
49.42263687192246,96938,904,924,1237,
49.423474745844445,96938,903,925,1237,
49.42541396328689,96938,903,924,1238,
49.428916476171594,96938,903,923,1239,
49.43090991063071,96937,904,923,1239,
49.43337162724716,96936,905,923,1239,
49.43452233540101,96936,905,922,1240,
49.43721050763679,96936,904,923,1240,
49.43880054360818,96935,905,923,1240,
49.43984084030594,96935,904,924,1240,
49.440255643081684,96934,905,924,1240,
49.44038756284148,96934,904,925,1240,
49.44047235605119,96934,903,926,1240,
49.44367023101922,96933,904,926,1240,
49.44459986256113,96933,904,925,1241,
49.44477794073331,96932,905,925,1241,
49.444831891998284,96931,906,925,1241,
49.44651268257376,96931,905,926,1241,
49.44805575773018,96930,906,926,1241,
49.448436178121504,96930,905,927,1241,
49.44851600405166,96929,906,927,1241,
49.45003985045976,96928,907,927,1241,
49.45177777807426,96927,908,927,1241,
49.45362810920128,96927,907,928,1241,
49.454425944380915,96926,908,928,1241,
49.45624381691651,96925,909,928,1241,
49.46247915424815,96924,910,928,1241,
49.46590294178536,96924,910,927,1242,
49.467642348155884,96924,909,928,1242,
49.46795648224717,96923,910,928,1242,
49.47058825598732,96922,911,928,1242,
49.4722281667981,96922,911,927,1243,
49.47403693836398,96922,910,928,1243,
49.47547052625611,96922,909,929,1243,
49.47609730465411,96922,908,930,1243,
49.477594405099886,96921,909,930,1243,
49.480215953970166,96921,908,931,1243,
49.48231995312419,96920,909,931,1243,
49.48249324165264,96920,908,932,1243,
49.482702190002044,96920,907,933,1243,
49.48304056495776,96919,908,933,1243,
49.48417495477536,96918,909,933,1243,
49.48538148807632,96918,908,934,1243,
49.48554891301565,96917,909,934,1243,
49.48580994708666,96917,908,935,1243,
49.4880581305499,96917,907,936,1243,
49.48879941206237,96916,908,936,1243,
49.48902021977913,96915,909,936,1243,
49.48966088722053,96914,910,936,1243,
49.492373880171144,96913,911,936,1243,
49.49415052664641,96913,910,937,1243,
49.49479959869272,96912,911,937,1243,
49.49773597546238,96911,912,937,1243,
49.49796071371195,96911,911,938,1243,
49.498397859704795,96911,910,939,1243,
49.50151432090023,96911,910,938,1244,
49.50350375385812,96911,909,939,1244,
49.50647853448165,96911,909,938,1245,
49.50706051764925,96911,908,939,1245,
49.508954216314635,96911,907,940,1245,
49.51103980620689,96911,906,941,1245,
49.51239477978586,96911,905,942,1245,
49.51329441550774,96910,906,942,1245,
49.513651510389266,96910,905,943,1245,
49.5162693479547,96910,905,942,1246,
49.517178920095006,96910,905,941,1247,
49.51766519756275,96910,904,942,1247,
49.51828542478653,96909,905,942,1247,
49.51944507299939,96909,904,943,1247,
49.52010824846193,96909,903,944,1247,
49.52069799062436,96909,903,943,1248,
49.52143457088957,96909,903,942,1249,
49.52149821161187,96909,902,943,1249,
49.52441828481929,96909,901,944,1249,
49.5248299482171,96908,902,944,1249,
49.52872783326897,96908,902,943,1250,
49.529638800645465,96908,901,944,1250,
49.53319011000238,96908,901,943,1251,
49.535412301040566,96907,902,943,1251,
49.53575942538108,96906,903,943,1251,
49.53977120850478,96906,902,944,1251,
49.540023442661884,96905,903,944,1251,
49.540670946396865,96905,902,945,1251,
49.541008407162465,96905,901,946,1251,
49.54188599242676,96905,900,947,1251,
49.54218245696174,96905,900,946,1252,
49.542206283299016,96904,901,946,1252,
49.54378145979944,96903,902,946,1252,
49.54378389816967,96903,902,945,1253,
49.545147115227266,96902,903,945,1253,
49.547727873633264,96901,904,945,1253,
49.54854393783009,96901,903,946,1253,
49.551457051454086,96900,904,946,1253,
49.552621932174844,96899,905,946,1253,
49.556770294363915,96898,906,946,1253,
49.55847426179043,96897,907,946,1253,
49.56170855932573,96897,906,947,1253,
49.56171729301601,96897,905,948,1253,
49.56226859530216,96897,904,949,1253,
49.56413224573431,96897,903,950,1253,
49.56786875847091,96896,904,950,1253,
49.56826753515784,96896,904,949,1254,
49.570510531563926,96895,905,949,1254,
49.57347665608692,96894,906,949,1254,
49.57392011826807,96894,905,950,1254,
49.574111718040974,96894,905,949,1255,
49.574483858595364,96893,906,949,1255,
49.57674285405158,96892,907,949,1255,
49.57681283572062,96892,906,950,1255,
49.57762136577718,96891,907,950,1255,
49.578912537197745,96890,908,950,1255,
49.5813451041521,96889,909,950,1255,
49.5828418451478,96888,910,950,1255,
49.586407730454724,96888,910,949,1256,
49.58773583704534,96888,910,948,1257,
49.59018508077458,96887,911,948,1257,
49.59029045333572,96887,910,949,1257,
49.59036890117347,96887,910,948,1258,
49.59039768764862,96886,911,948,1258,
49.59112611621176,96886,910,949,1258,
49.59214263550065,96885,911,949,1258,
49.59278009695294,96884,912,949,1258,
49.603719557518374,96883,913,949,1258,
49.60585596089799,96882,914,949,1258,
49.60587507696741,96882,913,950,1258,
49.60727487127799,96882,912,951,1258,
49.60758942049298,96882,911,952,1258,
49.60907668069627,96881,912,952,1258,
49.610053432674775,96880,913,952,1258,
49.61176035592029,96880,912,953,1258,
49.614003896957136,96879,913,953,1258,
49.61410451342973,96879,912,954,1258,
49.61412904257177,96879,911,955,1258,
49.615891320839985,96878,912,955,1258,
49.61640506491723,96878,911,956,1258,
49.616519327504534,96877,912,956,1258,
49.61824601860634,96877,911,957,1258,
49.618361106717586,96877,910,958,1258,
49.62210239846897,96877,909,959,1258,
49.623209371771416,96877,908,960,1258,
49.62462268409819,96876,909,960,1258,
49.624635794945036,96875,910,960,1258,
49.62578280935916,96875,909,961,1258,
49.62723707688933,96875,909,960,1259,
49.62851840250532,96874,910,960,1259,
49.62863620077242,96874,909,961,1259,
49.628896172708615,96873,910,961,1259,
49.6291705109789,96872,911,961,1259,
49.6305320862314,96872,911,960,1260,
49.63808992890338,96871,912,960,1260,
49.64176324869473,96870,913,960,1260,
49.64182226378049,96870,912,961,1260,
49.643248777171635,96869,913,961,1260,
49.64417559086521,96868,914,961,1260,
49.64625126693603,96868,914,960,1261,
49.6469001457572,96867,915,960,1261,
49.64693558016873,96867,914,961,1261,
49.64748547344872,96867,913,962,1261,
49.64826898608626,96866,914,962,1261,
49.64924497870046,96866,913,963,1261,
49.64956189059605,96866,913,962,1262,
49.65016132347442,96865,914,962,1262,
49.65150279665958,96865,914,961,1263,
49.65504871608312,96865,914,960,1264,
49.65512488782975,96864,915,960,1264,
49.65634627689507,96863,916,960,1264,
49.65646498394322,96863,915,961,1264,
49.657402785860945,96863,914,962,1264,
49.65922321635103,96862,915,962,1264,
49.6597176851674,96861,916,962,1264,
49.661699238855896,96861,915,963,1264,
49.66264444279525,96860,916,963,1264,
49.663406237221615,96859,917,963,1264,
49.665671265668216,96858,918,963,1264,
49.66658870267645,96858,918,962,1265,
49.669724562965044,96857,919,962,1265,
49.67103820920654,96856,920,962,1265,
49.6735799714525,96855,921,962,1265,
49.674319071907355,96854,922,962,1265,
49.67491213260845,96854,921,963,1265,
49.68402293427448,96854,920,964,1265,
49.68601774218913,96854,919,965,1265,
49.68731731437217,96854,918,966,1265,
49.6908786623772,96854,917,967,1265,
49.69132301031066,96854,917,966,1266,
49.69444288285686,96854,917,965,1267,
49.695993306146825,96854,917,964,1268,
49.697238952932814,96853,918,964,1268,
49.69904895047005,96852,919,964,1268,
49.70075763210847,96852,918,965,1268,
49.7016362179878,96852,918,964,1269,
49.71298638134176,96852,918,963,1270,
49.71447355296407,96852,918,962,1271,
49.716258007317435,96852,918,961,1272,
49.71665507933852,96851,919,961,1272,
49.71742739533134,96850,920,961,1272,
49.71809535067861,96849,921,961,1272,
49.71904503341788,96849,920,962,1272,
49.71955378848284,96849,919,963,1272,
49.72040170779508,96848,920,963,1272,
49.72285597134753,96847,921,963,1272,
49.723974056055724,96846,922,963,1272,
49.727743042562665,96845,923,963,1272,
49.72843926135438,96845,922,964,1272,
49.728669459739855,96845,921,965,1272,
49.7303415943718,96844,922,965,1272,
49.736376318508846,96843,923,965,1272,
49.73676947374811,96843,923,964,1273,
49.74030905323603,96843,923,963,1274,
49.74165085993073,96843,922,964,1274,
49.743151123453934,96842,923,964,1274,
49.74372474967719,96841,924,964,1274,
49.74531624568259,96841,924,963,1275,
49.746141733693065,96841,923,964,1275,
49.752307555814546,96841,922,965,1275,
49.75278959112007,96840,923,965,1275,
49.753395184533694,96840,922,966,1275,
49.756051526028486,96839,923,966,1275,
49.756810610273796,96839,922,967,1275,
49.75969570321162,96839,921,968,1275,
49.760405682800624,96839,921,967,1276,
49.76257419367775,96838,922,967,1276,
49.76279659951815,96837,923,967,1276,
49.76407277620006,96837,923,966,1277,
49.768363667260076,96837,922,967,1277,
49.76866177916226,96837,921,968,1277,
49.770376016139345,96837,920,969,1277,
49.77104268579753,96837,919,970,1277,
49.77140103897313,96836,920,970,1277,
49.77204221225165,96836,919,971,1277,
49.77273520943637,96836,918,972,1277,
49.77321563335239,96836,917,973,1277,
49.77776100524623,96836,917,972,1278,
49.777812319305625,96835,918,972,1278,
49.7780042327404,96834,919,972,1278,
49.78116979717691,96834,918,973,1278,
49.783760385065655,96834,917,974,1278,
49.78380063086163,96833,918,974,1278,
49.78444906482572,96833,917,975,1278,
49.78612407574325,96832,918,975,1278,
49.78771333974834,96832,917,976,1278,
49.7884188510608,96831,918,976,1278,
49.78904548996146,96830,919,976,1278,
49.79029023937661,96830,919,975,1279,
49.7905369283317,96830,919,974,1280,
49.79327551303472,96830,919,973,1281,
49.79522797293077,96830,918,974,1281,
49.795313569929476,96829,919,974,1281,
49.79716336503983,96828,920,974,1281,
49.79851378331378,96827,921,974,1281,
49.798908680421015,96826,922,974,1281,
49.79986560349088,96825,923,974,1281,
49.80102392124765,96824,924,974,1281,
49.80284433495093,96824,924,973,1282,
49.80405953060936,96824,923,974,1282,
49.80621099206947,96824,922,975,1282,
49.80726945405944,96823,923,975,1282,
49.80913921397192,96822,924,975,1282,
49.810062229083535,96821,925,975,1282,
49.810340158979535,96821,925,974,1283,
49.81093868846652,96820,926,974,1283,
49.81296700995774,96819,927,974,1283,
49.81335443204502,96819,927,973,1284,
49.815838002445545,96818,928,973,1284,
49.81663800669627,96818,928,972,1285,
49.81674850787011,96817,929,972,1285,
49.81865081244698,96816,930,972,1285,
49.819073906428805,96815,931,972,1285,
49.82025547169248,96815,930,973,1285,
49.82443521006253,96815,929,974,1285,
49.82516446027578,96814,930,974,1285,
49.827522075027545,96813,931,974,1285,
49.82947406951155,96812,932,974,1285,
49.82996273104223,96811,933,974,1285,
49.83150207898445,96810,934,974,1285,
49.83259723841893,96810,934,973,1286,
49.835299591351735,96810,934,972,1287,
49.83532463055078,96809,935,972,1287,
49.837904660457376,96808,936,972,1287,
49.84776992575137,96807,937,972,1287,
49.850332103559154,96806,938,972,1287,
49.85334987846132,96806,937,973,1287,
49.85388040314881,96805,938,973,1287,
49.859733524757225,96804,939,973,1287,
49.86106619424479,96803,940,973,1287,
49.8627267534695,96803,939,974,1287,
49.864133588560456,96803,938,975,1287,
49.86533613756596,96802,939,975,1287,
49.87246105281376,96801,940,975,1287,
49.87446002669672,96800,941,975,1287,
49.87479920036979,96800,940,976,1287,
49.8751271070475,96799,941,976,1287,
49.878166897541234,96798,942,976,1287,
49.8782606963033,96797,943,976,1287,
49.87988358592498,96796,944,976,1287,
49.880330672662794,96795,945,976,1287,
49.8817139218872,96795,944,977,1287,
49.88211340883509,96794,945,977,1287,
49.88528300234621,96793,946,977,1287,
49.886531515205895,96792,947,977,1287,
49.88685902271007,96792,947,976,1288,
49.88791098099959,96792,946,977,1288,
49.88893197288854,96791,947,977,1288,
49.89485395833905,96790,948,977,1288,
49.89550693462728,96790,948,976,1289,
49.90005897879558,96790,948,975,1290,
49.90411316258318,96790,947,976,1290,
49.90780415025675,96790,946,977,1290,
49.90835843360378,96790,945,978,1290,
49.910736346031854,96790,944,979,1290,
49.9133371219007,96790,943,980,1290,
49.9135580372524,96789,944,980,1290,
49.915397178981685,96789,943,981,1290,
49.916701931604365,96789,943,980,1291,
49.92023315779184,96788,944,980,1291,
49.920787163753914,96788,943,981,1291,
49.92544285874507,96788,943,980,1292,
49.92566240587278,96787,944,980,1292,
49.927966562940334,96786,945,980,1292,
49.93328876533534,96785,946,980,1292,
49.93473726082522,96784,947,980,1292,
49.936575047667205,96783,948,980,1292,
49.937444435085055,96782,949,980,1292,
49.937464370985865,96781,950,980,1292,
49.94038872391682,96781,949,981,1292,
49.94039488261622,96780,950,981,1292,
49.9436423011041,96780,949,982,1292,
49.944326974404305,96779,950,982,1292,
49.945204429834035,96779,949,983,1292,
49.94965147481393,96779,948,984,1292,
49.95051531910733,96778,949,984,1292,
49.95424521922249,96778,948,985,1292,
49.954411943833605,96778,947,986,1292,
49.95451421475716,96778,946,987,1292,
49.955874553633365,96778,945,988,1292,
49.956702079145835,96777,946,988,1292,
49.95928297720413,96777,945,989,1292,
49.959545197999944,96776,946,989,1292,
49.959903012034935,96776,946,988,1293,
49.960808601397325,96775,947,988,1293,
49.96407784894259,96775,946,989,1293,
49.96454101250988,96774,947,989,1293,
49.96801128444041,96773,948,989,1293,
49.96825178657238,96773,948,988,1294,
49.97096642990873,96772,949,988,1294,
49.97603662774928,96772,949,987,1295,
49.977432087334485,96772,948,988,1295,
49.98052011959008,96772,947,989,1295,
49.99068773798712,96772,947,988,1296,
49.99099615689718,96772,946,989,1296,
49.99174512509552,96771,947,989,1296,
49.995068791545236,96770,948,989,1296,
49.99593943658358,96770,947,990,1296,
49.99658723523369,96769,948,990,1296,
49.99763382357285,96768,949,990,1296,
49.999155277285034,96768,949,989,1297,
49.99920357662654,96768,948,990,1297,
49.99948043792291,96767,949,990,1297,
50.00061077054335,96767,948,991,1297,
50.01109648471534,96766,949,991,1297,
50.01293646344951,96766,948,992,1297,
50.013756903447955,96765,949,992,1297,
50.01560880561061,96765,949,991,1298,
50.015854962749636,96764,950,991,1298,
50.01624119430694,96764,950,990,1299,
50.018266036675364,96764,949,991,1299,
50.01865234843289,96764,949,990,1300,
50.031358171594796,96764,949,989,1301,
50.03145182487807,96763,950,989,1301,
50.03307816640604,96763,950,988,1302,
50.03468095675273,96762,951,988,1302,
50.03661714563789,96762,951,987,1303,
50.03868057546309,96761,952,987,1303,
50.040823464341585,96761,951,988,1303,
50.041001551612474,96760,952,988,1303,
50.04180321346661,96759,953,988,1303,
50.042321807765276,96758,954,988,1303,
50.0433415586634,96757,955,988,1303,
50.044356301960896,96757,955,987,1304,
50.04932338069997,96756,956,987,1304,
50.05244970782336,96755,957,987,1304,
50.054081367751934,96755,956,988,1304,
50.05687473232328,96755,955,989,1304,
50.05842917523699,96755,954,990,1304,
50.06354431442673,96755,954,989,1305,
50.064293666422635,96754,955,989,1305,
50.06803052447751,96753,956,989,1305,
50.06854795148561,96753,955,990,1305,
50.068940723478974,96753,955,989,1306,
50.07068671339639,96752,956,989,1306,
50.07177844227122,96751,957,989,1306,
50.07237117964574,96751,957,988,1307,
50.074108257703024,96751,956,989,1307,
50.07441842736968,96750,957,989,1307,
50.07655427795001,96750,957,988,1308,
50.078827286766895,96749,958,988,1308,
50.07981254086036,96748,959,988,1308,
50.08209920675544,96748,958,989,1308,
50.08342004145852,96748,957,990,1308,
50.08557667034019,96748,956,991,1308,
50.08614932847536,96748,955,992,1308,
50.086455504141256,96747,956,992,1308,
50.08793470644284,96747,955,993,1308,
50.08869263806044,96746,956,993,1308,
50.09135296060935,96745,957,993,1308,
50.0915680530219,96745,956,994,1308,
50.09161161266391,96745,956,993,1309,
50.094556795157345,96744,957,993,1309,
50.094673755189106,96743,958,993,1309,
50.09656680765817,96743,957,994,1309,
50.09660271976007,96742,958,994,1309,
50.09706634924049,96741,959,994,1309,
50.09814552157774,96741,958,995,1309,
50.09870301058448,96740,959,995,1309,
50.10119960320884,96739,960,995,1309,
50.10228691317715,96739,960,994,1310,
50.10336153418773,96739,960,993,1311,
50.10439516337157,96738,961,993,1311,
50.10619383784034,96738,960,994,1311,
50.11020935604278,96738,959,995,1311,
50.110387068090745,96737,960,995,1311,
50.112584200947275,96737,959,996,1311,
50.11523275214977,96736,960,996,1311,
50.11867505781443,96735,961,996,1311,
50.12180526584172,96734,962,996,1311,
50.12517954529591,96734,962,995,1312,
50.125813278552336,96734,962,994,1313,
50.12969357765437,96733,963,994,1313,
50.12995726565833,96732,964,994,1313,
50.13138458985613,96731,965,994,1313,
50.13397404482999,96731,965,993,1314,
50.13429319506536,96731,964,994,1314,
50.13429319506536,96731,964,994,1314,
50.134782564818245,96731,963,995,1314,
50.13630571022503,96731,963,994,1315,
50.136478379564316,96730,964,994,1315,
50.1393565079138,96730,963,995,1315,
50.13952027386563,96730,962,996,1315,
50.14220971687496,96730,961,997,1315,
50.14481304240102,96730,960,998,1315,
50.1492692080872,96729,961,998,1315,
50.15046805413908,96729,960,999,1315,
50.15251883284133,96728,961,999,1315,
50.15433042553208,96728,961,998,1316,
50.15461218431845,96728,960,999,1316,
50.15484470307788,96728,960,998,1317,
50.15665971611875,96728,960,997,1318,
50.16004474384161,96728,959,998,1318,
50.162723095873545,96728,959,997,1319,
50.16509729008907,96727,960,997,1319,
50.167468073407996,96726,961,997,1319,
50.17038898239219,96725,962,997,1319,
50.17482446163997,96724,963,997,1319,
50.17684150738478,96724,962,998,1319,
50.176886230722324,96724,961,999,1319,
50.18075882990412,96724,960,1000,1319,
50.1823272473852,96724,960,999,1320,
50.18389578577311,96723,961,999,1320,
50.185841750721224,96723,961,998,1321,
50.18593465937331,96722,962,998,1321,
50.186299282958394,96721,963,998,1321,
50.188176673601525,96721,963,997,1322,
50.18893649046765,96721,962,998,1322,
50.190546687256806,96720,963,998,1322,
50.1913504501603,96719,964,998,1322,
50.19766139594326,96719,964,997,1323,
50.20138493516612,96719,963,998,1323,
50.20414603167939,96718,964,998,1323,
50.20514269260831,96717,965,998,1323,
50.20611462004902,96716,966,998,1323,
50.206598752888254,96715,967,998,1323,
50.20676047679525,96715,967,997,1324,
50.20734278221808,96715,967,996,1325,
50.20940959857964,96715,966,997,1325,
50.21038266621155,96714,967,997,1325,
50.21296647479565,96713,968,997,1325,
50.21355738290428,96713,968,996,1326,
50.214425401344506,96713,968,995,1327,
50.2164846075293,96712,969,995,1327,
50.218460326238564,96711,970,995,1327,
50.21979046937686,96711,969,996,1327,
50.219828059670114,96711,969,995,1328,
50.21987831431078,96711,968,996,1328,
50.22071601771467,96710,969,996,1328,
50.224377747667425,96710,968,997,1328,
50.224713396343276,96710,968,996,1329,
50.22614168999232,96710,968,995,1330,
50.23280859088839,96710,967,996,1330,
50.23283569191107,96710,966,997,1330,
50.23546914039678,96709,967,997,1330,
50.24060685909041,96709,967,996,1331,
50.240770316067234,96709,967,995,1332,
50.242375055482164,96709,966,996,1332,
50.24280148892297,96709,966,995,1333,
50.24336816857876,96709,965,996,1333,
50.244276439067676,96708,966,996,1333,
50.24453290086187,96707,967,996,1333,
50.24672359632371,96706,968,996,1333,
50.24848682235931,96705,969,996,1333,
50.24904853920641,96705,969,995,1334,
50.249280983194744,96705,969,994,1335,
50.25175602093008,96705,969,993,1336,
50.25378243577241,96705,968,994,1336,
50.255222949196764,96704,969,994,1336,
50.25654326620228,96703,970,994,1336,
50.25680896169207,96702,971,994,1336,
50.25724869405286,96702,971,993,1337,
50.257990893901,96701,972,993,1337,
50.260356158137014,96700,973,993,1337,
50.26151861088748,96700,972,994,1337,
50.26445349754121,96699,973,994,1337,
50.26446059706776,96699,973,993,1338,
50.26701419131503,96698,974,993,1338,
50.26736750127405,96698,973,994,1338,
50.27056095509225,96698,972,995,1338,
50.27394501865191,96697,973,995,1338,
50.27459077197442,96696,974,995,1338,
50.27502252837004,96695,975,995,1338,
50.276444145776765,96694,976,995,1338,
50.276722312738514,96693,977,995,1338,
50.28318679857377,96693,976,996,1338,
50.285486671702,96693,975,997,1338,
50.28581123200345,96692,976,997,1338,
50.2880175009231,96692,976,996,1339,
50.28819896775306,96691,977,996,1339,
50.28877454049484,96690,978,996,1339,
50.289996086457336,96690,978,995,1340,
50.291287674580374,96689,979,995,1340,
50.29254326515021,96688,980,995,1340,
50.29332705993892,96688,980,994,1341,
50.294212890275,96688,979,995,1341,
50.29714353872511,96687,980,995,1341,
50.29893693246223,96687,980,994,1342,
50.30013683899956,96686,981,994,1342,
50.30179792443872,96686,980,995,1342,
50.30373827063244,96685,981,995,1342,
50.304300577864545,96685,980,996,1342,
50.305378550294115,96685,979,997,1342,
50.31192681447201,96685,979,996,1343,
50.314100318685476,96684,980,996,1343,
50.317478843619135,96683,981,996,1343,
50.3178881920145,96683,980,997,1343,
50.31845777424022,96683,979,998,1343,
50.31920183863479,96682,980,998,1343,
50.3218497186861,96682,980,997,1344,
50.32187563825331,96681,981,997,1344,
50.32274635499589,96681,980,998,1344,
50.3242423676713,96681,980,997,1345,
50.3264454269255,96681,980,996,1346,
50.32768668610381,96680,981,996,1346,
50.32873390608816,96679,982,996,1346,
50.32896666170692,96678,983,996,1346,
50.32914392741017,96678,983,995,1347,
50.33112132032435,96677,984,995,1347,
50.331354960405704,96677,983,996,1347,
50.33147748610006,96676,984,996,1347,
50.3324120444974,96676,983,997,1347,
50.334919478290495,96676,982,998,1347,
50.33493989632967,96675,983,998,1347,
50.34079394117669,96675,982,999,1347,
50.34401769467697,96674,983,999,1347,
50.35103383693707,96673,984,999,1347,
50.35412423466471,96673,983,1000,1347,
50.354388145414035,96672,984,1000,1347,
50.35464832781464,96672,983,1001,1347,
50.35665408277673,96672,982,1002,1347,
50.36065070346082,96671,983,1002,1347,
50.36073615500455,96671,982,1003,1347,
50.36250718500891,96671,982,1002,1348,
50.363145506233536,96670,983,1002,1348,
50.36322388961003,96670,982,1003,1348,
50.365286731440634,96669,983,1003,1348,
50.36563734974776,96668,984,1003,1348,
50.36687429445999,96668,983,1004,1348,
50.375745083003466,96668,982,1005,1348,
50.37799502261841,96668,982,1004,1349,
50.37931172270895,96668,981,1005,1349,
50.379540161842655,96668,980,1006,1349,
50.38120662630288,96667,981,1006,1349,
50.38210789826684,96667,980,1007,1349,
50.383161366441165,96666,981,1007,1349,
50.387523252745765,96666,980,1008,1349,
50.38855929401434,96665,981,1008,1349,
50.39009602198485,96665,980,1009,1349,
50.39039365976397,96665,980,1008,1350,
50.39537743379657,96664,981,1008,1350,
50.397087858223856,96663,982,1008,1350,
50.39915248698221,96662,983,1008,1350,
50.399337256066104,96662,983,1007,1351,
50.39940909606494,96662,983,1006,1352,
50.40449149727907,96662,982,1007,1352,
50.405861534574804,96662,981,1008,1352,
50.40657264875538,96662,980,1009,1352,
50.40722560056155,96661,981,1009,1352,
50.408158973401285,96661,980,1010,1352,
50.408957321306175,96660,981,1010,1352,
50.40935633913664,96659,982,1010,1352,
50.410831151802306,96659,982,1009,1353,
50.41126877342102,96658,983,1009,1353,
50.411463619119694,96658,983,1008,1354,
50.41463130792907,96657,984,1008,1354,
50.418399813145065,96656,985,1008,1354,
50.41900932369864,96655,986,1008,1354,
50.42026807726588,96655,986,1007,1355,
50.420489499980576,96654,987,1007,1355,
50.4206123591548,96653,988,1007,1355,
50.4206679742606,96652,989,1007,1355,
50.42191140692323,96651,990,1007,1355,
50.424688516744226,96651,990,1006,1356,
50.425730821852476,96650,991,1006,1356,
50.42669364410641,96649,992,1006,1356,
50.427110919187406,96649,991,1007,1356,
50.42729678961464,96648,992,1007,1356,
50.42740173046021,96647,993,1007,1356,
50.4315160016874,96646,994,1007,1356,
50.434368879161184,96645,995,1007,1356,
50.4348005192818,96644,996,1007,1356,
50.43615612295603,96643,997,1007,1356,
50.43654873454641,96643,996,1008,1356,
50.438094807202674,96642,997,1008,1356,
50.43917674016722,96641,998,1008,1356,
50.44161319438641,96640,999,1008,1356,
50.44591852052684,96640,999,1007,1357,
50.446220786818664,96639,1000,1007,1357,
50.446775902514915,96638,1001,1007,1357,
50.447120208775274,96638,1000,1008,1357,
50.44878004826169,96638,999,1009,1357,
50.450467360694496,96637,1000,1009,1357,
50.45058425854472,96636,1001,1009,1357,
50.452312792379246,96635,1002,1009,1357,
50.45405290621138,96635,1001,1010,1357,
50.45443864652374,96634,1002,1010,1357,
50.45458643095055,96634,1001,1011,1357,
50.4578133215084,96634,1000,1012,1357,
50.459165734494846,96634,999,1013,1357,
50.461907925574565,96634,998,1014,1357,
50.4626202069587,96633,999,1014,1357,
50.463430296906274,96633,998,1015,1357,
50.46517552802896,96633,997,1016,1357,
50.46815209203525,96633,997,1015,1358,
50.47027568469638,96633,997,1014,1359,
50.47181738680914,96632,998,1014,1359,
50.475353746503146,96631,999,1014,1359,
50.477140444801975,96631,998,1015,1359,
50.4785259712911,96630,999,1015,1359,
50.47880405130392,96629,1000,1015,1359,
50.483365384667195,96628,1001,1015,1359,
50.48486437347301,96627,1002,1015,1359,
50.48635700398991,96626,1003,1015,1359,
50.486450035401624,96625,1004,1015,1359,
50.49157173904143,96624,1005,1015,1359,
50.4926134295749,96624,1005,1014,1360,
50.49347137706224,96624,1005,1013,1361,
50.49430792154825,96623,1006,1013,1361,
50.49507698377933,96623,1006,1012,1362,
50.49640958964395,96623,1005,1013,1362,
50.496592824849884,96623,1005,1012,1363,
50.49991192519974,96622,1006,1012,1363,
50.50068957353866,96622,1005,1013,1363,
50.50206400897516,96621,1006,1013,1363,
50.502627405782306,96620,1007,1013,1363,
50.50308343190336,96620,1006,1014,1363,
50.50320586828193,96619,1007,1014,1363,
50.50387146878456,96619,1007,1013,1364,
50.50421785141508,96619,1006,1014,1364,
50.50957304996096,96618,1007,1014,1364,
50.5099278838276,96618,1006,1015,1364,
50.5111162694522,96617,1007,1015,1364,
50.514112969040376,96617,1006,1016,1364,
50.51427680944905,96617,1005,1017,1364,
50.51742822162305,96616,1006,1017,1364,
50.518535888059326,96615,1007,1017,1364,
50.51862724114818,96615,1006,1018,1364,
50.52388585046763,96614,1007,1018,1364,
50.52556437641337,96614,1007,1017,1365,
50.52591027170157,96613,1008,1017,1365,
50.5260720787071,96612,1009,1017,1365,
50.52749293092557,96612,1009,1016,1366,
50.5303976525536,96612,1009,1015,1367,
50.530920730433046,96611,1010,1015,1367,
50.53537550720582,96610,1011,1015,1367,
50.53546093714397,96610,1011,1014,1368,
50.536283608688855,96609,1012,1014,1368,
50.53862606190998,96609,1011,1015,1368,
50.538729873913645,96609,1010,1016,1368,
50.538738823086106,96608,1011,1016,1368,
50.53937807528562,96608,1010,1017,1368,
50.54062051252002,96607,1011,1017,1368,
50.54147797935805,96606,1012,1017,1368,
50.542716535757656,96605,1013,1017,1368,
50.544535654900685,96605,1012,1018,1368,
50.54537745060792,96605,1011,1019,1368,
50.545888889504866,96605,1011,1018,1369,
50.54841636936528,96604,1012,1018,1369,
50.54919564230836,96604,1011,1019,1369,
50.551368353588046,96604,1010,1020,1369,
50.552744816256364,96604,1009,1021,1369,
50.55813224418969,96603,1010,1021,1369,
50.55927102111431,96603,1009,1022,1369,
50.559969821158454,96602,1010,1022,1369,
50.566765903034195,96602,1009,1023,1369,
50.56939754826197,96601,1010,1023,1369,
50.569776268397284,96600,1011,1023,1369,
50.569959058556925,96599,1012,1023,1369,
50.57018067407224,96599,1012,1022,1370,
50.57094683614314,96598,1013,1022,1370,
50.574902570003005,96598,1012,1023,1370,
50.57608838240149,96597,1013,1023,1370,
50.5767370361709,96596,1014,1023,1370,
50.57735345849619,96595,1015,1023,1370,
50.57968845746389,96594,1016,1023,1370,
50.58344061128931,96594,1015,1024,1370,
50.583606246139034,96594,1015,1023,1371,
50.58494076194934,96594,1015,1022,1372,
50.59176387731878,96594,1014,1023,1372,
50.59518636888048,96593,1015,1023,1372,
50.597472219902386,96592,1016,1023,1372,
50.6003279323829,96591,1017,1023,1372,
50.60205961632621,96591,1016,1024,1372,
50.60264483951624,96591,1016,1023,1373,
50.605279500597646,96590,1017,1023,1373,
50.60618178319912,96589,1018,1023,1373,
50.60734673313418,96588,1019,1023,1373,
50.6078965547592,96588,1018,1024,1373,
50.608067585376695,96587,1019,1024,1373,
50.60832608506244,96586,1020,1024,1373,
50.609929402462654,96585,1021,1024,1373,
50.6113878975264,96584,1022,1024,1373,
50.611413862781966,96584,1022,1023,1374,
50.61284531382987,96584,1022,1022,1375,
50.614545821690854,96584,1021,1023,1375,
50.614825349159396,96584,1020,1024,1375,
50.614870875887036,96584,1020,1023,1376,
50.61518160400332,96583,1021,1023,1376,
50.61584511238298,96582,1022,1023,1376,
50.61724719999141,96582,1021,1024,1376,
50.617438110170944,96581,1022,1024,1376,
50.618444092346564,96581,1022,1023,1377,
50.61869105566993,96580,1023,1023,1377,
50.62070400302081,96580,1022,1024,1377,
50.62256573856926,96580,1021,1025,1377,
50.62454201581745,96579,1022,1025,1377,
50.62466743148553,96578,1023,1025,1377,
50.62497529435779,96578,1023,1024,1378,
50.626596859998344,96578,1022,1025,1378,
50.626759846487246,96577,1023,1025,1378,
50.62778653961047,96577,1022,1026,1378,
50.62836674597528,96577,1022,1025,1379,
50.63047034594948,96576,1023,1025,1379,
50.631529915379886,96576,1023,1024,1380,
50.63197047721766,96575,1024,1024,1380,
50.63225214341021,96575,1024,1023,1381,
50.63303297426289,96574,1025,1023,1381,
50.63530031035687,96573,1026,1023,1381,
50.635985578977625,96573,1025,1024,1381,
50.63639731695606,96572,1026,1024,1381,
50.63703332001547,96572,1026,1023,1382,
50.63763657985636,96571,1027,1023,1382,
50.637689937672214,96571,1027,1022,1383,
50.63979600330524,96570,1028,1022,1383,
50.64018974026038,96569,1029,1022,1383,
50.64106378487984,96568,1030,1022,1383,
50.64138170533359,96567,1031,1022,1383,
50.64250063752663,96566,1032,1022,1383,
50.642900528335154,96565,1033,1022,1383,
50.64330090788761,96565,1033,1021,1384,
50.643847862862884,96565,1032,1022,1384,
50.64447664388348,96565,1031,1023,1384,
50.646446838901205,96564,1032,1023,1384,
50.64746625487974,96563,1033,1023,1384,
50.65536415317065,96562,1034,1023,1384,
50.657124138911534,96562,1033,1024,1384,
50.657669691541926,96561,1034,1024,1384,
50.659664316567465,96560,1035,1024,1384,
50.660008135484986,96560,1034,1025,1384,
50.662141220739386,96560,1033,1026,1384,
50.6659368440929,96559,1034,1026,1384,
50.67306732931462,96558,1035,1026,1384,
50.673140823573725,96558,1034,1027,1384,
50.6750256911587,96557,1035,1027,1384,
50.67859000363205,96556,1036,1027,1384,
50.678709752311896,96556,1035,1028,1384,
50.680614117625524,96555,1036,1028,1384,
50.68593174229548,96555,1035,1029,1384,
50.68624860987458,96554,1036,1029,1384,
50.687543986858365,96553,1037,1029,1384,
50.689076928339915,96553,1036,1030,1384,
50.68909836374119,96553,1036,1029,1385,
50.69114188072295,96553,1036,1028,1386,
50.69128565166448,96552,1037,1028,1386,
50.69446492706689,96551,1038,1028,1386,
50.69475389871708,96550,1039,1028,1386,
50.694845766350795,96549,1040,1028,1386,
50.69565495176755,96548,1041,1028,1386,
50.69751837195643,96547,1042,1028,1386,
50.69843402749589,96547,1041,1029,1386,
50.701238190274445,96546,1042,1029,1386,
50.70524461696113,96545,1043,1029,1386,
50.70651138525008,96545,1042,1030,1386,
50.709517052531005,96544,1043,1030,1386,
50.70982991094534,96543,1044,1030,1386,
50.70986738026912,96543,1043,1031,1386,
50.71005128128932,96543,1043,1030,1387,
50.713476393322395,96543,1043,1029,1388,
50.71783789053289,96542,1044,1029,1388,
50.71832633960942,96542,1043,1030,1388,
50.72062729282385,96541,1044,1030,1388,
50.72178405119975,96541,1044,1029,1389,
50.723336298328114,96540,1045,1029,1389,
50.72405647652587,96539,1046,1029,1389,
50.72431589290096,96538,1047,1029,1389,
50.7283235233006,96537,1048,1029,1389,
50.73105463509713,96537,1048,1028,1390,
50.73197576521562,96536,1049,1028,1390,
50.73363916042584,96536,1048,1029,1390,
50.737707289775024,96536,1048,1028,1391,
50.7382576213075,96536,1048,1027,1392,
50.73936898541661,96536,1047,1028,1392,
50.73972254372199,96535,1048,1028,1392,
50.74004576721438,96535,1048,1027,1393,
50.74019478686318,96534,1049,1027,1393,
50.74228886905152,96533,1050,1027,1393,
50.74281577669189,96533,1049,1028,1393,
50.74652634257621,96533,1048,1029,1393,
50.74844270908445,96533,1047,1030,1393,
50.74883390783512,96533,1047,1029,1394,
50.75142526434652,96533,1047,1028,1395,
50.75208602652095,96532,1048,1028,1395,
50.75270636501989,96532,1048,1027,1396,
50.753508935948076,96532,1047,1028,1396,
50.754031244616336,96531,1048,1028,1396,
50.75534325562802,96531,1048,1027,1397,
50.76053625499813,96530,1049,1027,1397,
50.76119988487298,96529,1050,1027,1397,
50.76186047718152,96529,1050,1026,1398,
50.76549882225676,96529,1049,1027,1398,
50.765867468003954,96528,1050,1027,1398,
50.768025313754464,96528,1049,1028,1398,
50.7728754793134,96527,1050,1028,1398,
50.77377035816789,96527,1049,1029,1398,
50.7746320622041,96527,1049,1028,1399,
50.77470105362677,96526,1050,1028,1399,
50.775068134644,96526,1049,1029,1399,
50.775251613294785,96525,1050,1029,1399,
50.777902609646,96524,1051,1029,1399,
50.779224207918084,96524,1050,1030,1399,
50.78050884894304,96523,1051,1030,1399,
50.78104785946037,96523,1051,1029,1400,
50.78332904281574,96523,1050,1030,1400,
50.78361222442581,96523,1049,1031,1400,
50.78523361425761,96522,1050,1031,1400,
50.78615779250437,96522,1049,1032,1400,
50.79014833882464,96522,1048,1033,1400,
50.79261364031237,96522,1047,1034,1400,
50.79299431477148,96521,1048,1034,1400,
50.79361442269223,96520,1049,1034,1400,
50.79907741448315,96519,1050,1034,1400,
50.80068367629537,96518,1051,1034,1400,
50.802795757693765,96518,1050,1035,1400,
50.80531987042573,96517,1051,1035,1400,
50.807583915504985,96517,1051,1034,1401,
50.80876592346626,96517,1050,1035,1401,
50.81234918709554,96517,1050,1034,1402,
50.814084061617955,96516,1051,1034,1402,
50.81495847303009,96515,1052,1034,1402,
50.81758607559374,96515,1052,1033,1403,
50.819089335015406,96515,1052,1032,1404,
50.82320049747557,96515,1051,1033,1404,
50.82323584481491,96514,1052,1033,1404,
50.82409745989648,96514,1052,1032,1405,
50.827137171583495,96514,1052,1031,1406,
50.830092683290815,96514,1051,1032,1406,
50.83081612272469,96513,1052,1032,1406,
50.83179274541256,96512,1053,1032,1406,
50.83214006323287,96512,1052,1033,1406,
50.8341039671873,96512,1052,1032,1407,
50.834855353905354,96511,1053,1032,1407,
50.835667306281564,96510,1054,1032,1407,
50.8369762647417,96509,1055,1032,1407,
50.84001854023909,96508,1056,1032,1407,
50.841484965348414,96508,1056,1031,1408,
50.8416915451536,96508,1055,1032,1408,
50.841845995681986,96507,1056,1032,1408,
50.84567380415075,96507,1055,1033,1408,
50.845804931591346,96507,1055,1032,1409,
50.84667538254058,96507,1054,1033,1409,
50.8475435093933,96506,1055,1033,1409,
50.84909775466735,96505,1056,1033,1409,
50.84955537377329,96504,1057,1033,1409,
50.85130652723182,96504,1056,1034,1409,
50.85351730460985,96504,1056,1033,1410,
50.85385716640529,96504,1056,1032,1411,
50.854570962123574,96504,1056,1031,1412,
50.856568033639604,96503,1057,1031,1412,
50.85770542169449,96503,1056,1032,1412,
50.858903985228174,96503,1056,1031,1413,
50.85950922929846,96503,1055,1032,1413,
50.86047157791028,96503,1054,1033,1413,
50.861185911386436,96502,1055,1033,1413,
50.86418863642142,96501,1056,1033,1413,
50.8651322470161,96501,1055,1034,1413,
50.86615586700953,96500,1056,1034,1413,
50.86785576010645,96500,1056,1033,1414,
50.868333217398856,96499,1057,1033,1414,
50.86849655071109,96498,1058,1033,1414,
50.872979714337724,96497,1059,1033,1414,
50.87552603154135,96496,1060,1033,1414,
50.87745366497574,96496,1060,1032,1415,
50.87788246757036,96495,1061,1032,1415,
50.87854392812563,96494,1062,1032,1415,
50.87899696277958,96493,1063,1032,1415,
50.88145205861202,96492,1064,1032,1415,
50.88242428673363,96491,1065,1032,1415,
50.88411096699675,96491,1064,1033,1415,
50.885516370822046,96490,1065,1033,1415,
50.8858602425461,96490,1064,1034,1415,
50.8876636008198,96489,1065,1034,1415,
50.88860740628389,96489,1065,1033,1416,
50.892488128267466,96489,1064,1034,1416,
50.894052076481046,96488,1065,1034,1416,
50.894706727112236,96487,1066,1034,1416,
50.89582051142921,96487,1065,1035,1416,
50.896424265220986,96487,1065,1034,1417,
50.89801022342343,96487,1064,1035,1417,
50.89830646350641,96486,1065,1035,1417,
50.900312175096076,96486,1064,1036,1417,
50.90074993126322,96485,1065,1036,1417,
50.901784145113204,96485,1064,1037,1417,
50.90536816923158,96484,1065,1037,1417,
50.90601436552235,96484,1065,1036,1418,
50.906488059732624,96483,1066,1036,1418,
50.91282444907888,96483,1065,1037,1418,
50.913104364104356,96483,1065,1036,1419,
50.915065414399024,96483,1065,1035,1420,
50.91660288604048,96483,1064,1036,1420,
50.91826114508816,96483,1063,1037,1420,
50.91837817622361,96482,1064,1037,1420,
50.919385531780435,96482,1064,1036,1421,
50.91963358410804,96482,1064,1035,1422,
50.923202670150275,96482,1064,1034,1423,
50.92379377361306,96481,1065,1034,1423,
50.9243364027676,96481,1064,1035,1423,
50.92464905129872,96481,1063,1036,1423,
50.92623911261898,96480,1064,1036,1423,
50.926946825849996,96480,1063,1037,1423,
50.92751825047381,96479,1064,1037,1423,
50.9279398622906,96478,1065,1037,1423,
50.929665846250494,96477,1066,1037,1423,
50.930400455212535,96476,1067,1037,1423,
50.93070994819207,96476,1066,1038,1423,
50.93092873617915,96476,1066,1037,1424,
50.93187523117756,96475,1067,1037,1424,
50.93201795918758,96474,1068,1037,1424,
50.93390199817585,96473,1069,1037,1424,
50.93564138397684,96473,1068,1038,1424,
50.93757847948977,96472,1069,1038,1424,
50.938601579254524,96471,1070,1038,1424,
50.94098936115532,96471,1069,1039,1424,
50.942743814288995,96471,1069,1038,1425,
50.944455917862136,96470,1070,1038,1425,
50.94499716048703,96470,1070,1037,1426,
50.94564523049236,96470,1069,1038,1426,
50.94886194151277,96469,1070,1038,1426,
50.94948527987608,96469,1069,1039,1426,
50.94998116233919,96469,1069,1038,1427,
50.95046332238035,96469,1068,1039,1427,
50.95086238619625,96468,1069,1039,1427,
50.9513470097098,96468,1068,1040,1427,
50.9532523756898,96468,1067,1041,1427,
50.954863943507235,96468,1066,1042,1427,
50.95486992735576,96467,1067,1042,1427,
50.956572765764236,96466,1068,1042,1427,
50.957274120301605,96465,1069,1042,1427,
50.9606902333456,96465,1068,1043,1427,
50.963049103163534,96465,1067,1044,1427,
50.96306220342487,96465,1066,1045,1427,
50.96310532935051,96464,1067,1045,1427,
50.96427416627551,96464,1066,1046,1427,
50.96596527832423,96464,1065,1047,1427,
50.9676194985621,96463,1066,1047,1427,
50.96982639966192,96462,1067,1047,1427,
50.970734648544585,96461,1068,1047,1427,
50.972979269427526,96460,1069,1047,1427,
50.97318194590307,96459,1070,1047,1427,
50.975981256026806,96458,1071,1047,1427,
50.97630046781306,96458,1071,1046,1428,
50.97841006680004,96458,1071,1045,1429,
50.97991534993137,96457,1072,1045,1429,
50.98015586279764,96456,1073,1045,1429,
50.981904323046265,96455,1074,1045,1429,
50.984892337003295,96454,1075,1045,1429,
50.98553589763851,96454,1074,1046,1429,
50.9866936216919,96454,1073,1047,1429,
50.98888515783307,96454,1072,1048,1429,
50.9893906536824,96453,1073,1048,1429,
50.989827699458004,96452,1074,1048,1429,
50.990195117588556,96451,1075,1048,1429,
50.99094849236875,96451,1075,1047,1430,
50.99360027456708,96450,1076,1047,1430,
50.994719835964304,96449,1077,1047,1430,
50.99506195042923,96449,1076,1048,1430,
50.99725221114023,96449,1075,1049,1430,
50.9973612821261,96448,1076,1049,1430,
50.998407655794985,96447,1077,1049,1430,
50.9986465917072,96447,1076,1050,1430,
50.99934379995166,96447,1075,1051,1430,
50.9994088708302,96447,1075,1050,1431,
51.00031837186668,96446,1076,1050,1431,
51.00078973257233,96446,1075,1051,1431,
51.002036490744146,96446,1074,1052,1431,
51.00311735433563,96446,1073,1053,1431,
51.003655418368425,96445,1074,1053,1431,
51.00447099920297,96444,1075,1053,1431,
51.00686823902205,96443,1076,1053,1431,
51.00700165116799,96443,1076,1052,1432,
51.00739936539089,96443,1075,1053,1432,
51.00762525735853,96443,1074,1054,1432,
51.007733129560734,96443,1074,1053,1433,
51.01001953495934,96442,1075,1053,1433,
51.012383527603895,96442,1074,1054,1433,
51.016025218637,96442,1074,1053,1434,
51.01681150164201,96442,1073,1054,1434,
51.01934378115568,96441,1074,1054,1434,
51.01991311600007,96441,1074,1053,1435,
51.02108368814963,96441,1074,1052,1436,
51.02171615334781,96441,1073,1053,1436,
51.02222877579101,96441,1072,1054,1436,
51.02273118979634,96440,1073,1054,1436,
51.02406212988047,96440,1072,1055,1436,
51.02411511469653,96439,1073,1055,1436,
51.02443316160249,96439,1072,1056,1436,
51.02515464563913,96439,1071,1057,1436,
51.02762947976275,96438,1072,1057,1436,
51.02769892202692,96438,1072,1056,1437,
51.03027712548069,96437,1073,1056,1437,
51.032973395877185,96436,1074,1056,1437,
51.03302536712066,96435,1075,1056,1437,
51.03394637729469,96435,1074,1057,1437,
51.03556703674756,96435,1073,1058,1437,
51.035881451203394,96434,1074,1058,1437,
51.037150476245124,96433,1075,1058,1437,
51.04354902698372,96432,1076,1058,1437,
51.043648296195606,96432,1076,1057,1438,
51.04932555847021,96431,1077,1057,1438,
51.049661969490415,96431,1077,1056,1439,
51.05346831908634,96431,1076,1057,1439,
51.05750480866033,96430,1077,1057,1439,
51.05756809729322,96429,1078,1057,1439,
51.05834315451776,96429,1078,1056,1440,
51.05841357862824,96429,1077,1057,1440,
51.06595958832528,96429,1076,1058,1440,
51.0668026658177,96428,1077,1058,1440,
51.06702553255448,96428,1076,1059,1440,
51.06957577086584,96427,1077,1059,1440,
51.070624118232686,96426,1078,1059,1440,
51.070832303227675,96426,1077,1060,1440,
51.07318997225908,96426,1077,1059,1441,
51.07412243648225,96426,1076,1060,1441,
51.07429685008812,96426,1075,1061,1441,
51.07665627687969,96425,1076,1061,1441,
51.07725909401912,96425,1076,1060,1442,
51.07789602784366,96425,1076,1059,1443,
51.07801772901781,96425,1075,1060,1443,
51.07935356628214,96424,1076,1060,1443,
51.07961978916657,96424,1076,1059,1444,
51.079801228546536,96423,1077,1059,1444,
51.080358841514034,96422,1078,1059,1444,
51.08159243659075,96421,1079,1059,1444,
51.08308334785384,96420,1080,1059,1444,
51.083277217146644,96420,1079,1060,1444,
51.08801935957665,96419,1080,1060,1444,
51.08932537848443,96418,1081,1060,1444,
51.09005895444598,96417,1082,1060,1444,
51.091079735789386,96416,1083,1060,1444,
51.09326378167628,96415,1084,1060,1444,
51.09541989247802,96415,1084,1059,1445,
51.09548503431653,96414,1085,1059,1445,
51.09703981019328,96413,1086,1059,1445,
51.098832838482565,96412,1087,1059,1445,
51.09942271234145,96411,1088,1059,1445,
51.101284677033256,96411,1087,1060,1445,
51.10208528902898,96410,1088,1060,1445,
51.10212234331961,96409,1089,1060,1445,
51.105419706461355,96408,1090,1060,1445,
51.10852700884556,96408,1089,1061,1445,
51.110534611712474,96408,1089,1060,1446,
51.111962066350245,96407,1090,1060,1446,
51.117596972521575,96406,1091,1060,1446,
51.11928132936035,96405,1092,1060,1446,
51.119493144468215,96404,1093,1060,1446,
51.11959603175113,96404,1092,1061,1446,
51.11982217398598,96403,1093,1061,1446,
51.120060498996565,96403,1092,1062,1446,
51.12152698557595,96403,1091,1063,1446,
51.1223925418916,96402,1092,1063,1446,
51.12534563213358,96401,1093,1063,1446,
51.12603079230438,96401,1093,1062,1447,
51.12641918133189,96401,1093,1061,1448,
51.12801021371422,96400,1094,1061,1448,
51.12809504190969,96400,1094,1060,1449,
51.1281559776607,96399,1095,1060,1449,
51.12863687616525,96399,1094,1061,1449,
51.130748254636515,96399,1094,1060,1450,
51.13230730809498,96398,1095,1060,1450,
51.13231689615122,96397,1096,1060,1450,
51.13379005044946,96397,1095,1061,1450,
51.13379005044946,96397,1095,1061,1450,
51.134223902530564,96397,1094,1062,1450,
51.13490511809682,96396,1095,1062,1450,
51.13998752792514,96396,1094,1063,1450,
51.14129893698409,96396,1093,1064,1450,
51.14267487742403,96396,1092,1065,1450,
51.14423888219344,96396,1092,1064,1451,
51.145719244449936,96395,1093,1064,1451,
51.14603328249009,96395,1092,1065,1451,
51.14918511518461,96395,1092,1064,1452,
51.150569319318336,96395,1091,1065,1452,
51.15070892584568,96394,1092,1065,1452,
51.1517253449519,96394,1092,1064,1453,
51.15419469161238,96394,1092,1063,1454,
51.155730994509376,96394,1091,1064,1454,
51.15597081257737,96394,1090,1065,1454,
51.15760174824935,96394,1089,1066,1454,
51.159063689930655,96393,1090,1066,1454,
51.159660599058014,96392,1091,1066,1454,
51.1598413165914,96392,1090,1067,1454,
51.16016696368138,96391,1091,1067,1454,
51.16075700585286,96391,1090,1068,1454,
51.16226788264383,96391,1089,1069,1454,
51.1675234692754,96391,1089,1068,1455,
51.17070844613033,96391,1088,1069,1455,
51.17146190425194,96391,1087,1070,1455,
51.1715583280562,96391,1087,1069,1456,
51.17227341819936,96391,1086,1070,1456,
51.17646562843976,96390,1087,1070,1456,
51.17726514186414,96390,1086,1071,1456,
51.177327178441374,96389,1087,1071,1456,
51.17875808691565,96389,1087,1070,1457,
51.1787748165678,96389,1087,1069,1458,
51.17890718017391,96389,1086,1070,1458,
51.18009128100594,96389,1085,1071,1458,
51.180591348246686,96389,1084,1072,1458,
51.18128575371478,96389,1084,1071,1459,
51.18404590403629,96388,1085,1071,1459,
51.186002171055364,96387,1086,1071,1459,
51.1861335365535,96387,1085,1072,1459,
51.186282999890416,96386,1086,1072,1459,
51.18862096233084,96386,1086,1071,1460,
51.18866080571675,96386,1085,1072,1460,
51.1899936538653,96385,1086,1072,1460,
51.19013773927693,96384,1087,1072,1460,
51.19159488384362,96384,1086,1073,1460,
51.192213872817824,96384,1085,1074,1460,
51.19392493536113,96384,1084,1075,1460,
51.19590128212728,96383,1085,1075,1460,
51.19601999868806,96383,1085,1074,1461,
51.197433391121905,96383,1085,1073,1462,
51.19797896312797,96382,1086,1073,1462,
51.19900183515381,96381,1087,1073,1462,
51.19919538121769,96381,1087,1072,1463,
51.200130790129876,96381,1086,1073,1463,
51.20449729347155,96380,1087,1073,1463,
51.20758905232052,96380,1086,1074,1463,
51.209078807972624,96380,1085,1075,1463,
51.21331134021706,96380,1084,1076,1463,
51.214005703591454,96380,1084,1075,1464,
51.21662301015997,96380,1083,1076,1464,
51.21688869343927,96380,1082,1077,1464,
51.2194068124929,96379,1083,1077,1464,
51.21962588843959,96379,1083,1076,1465,
51.2197110965297,96378,1084,1076,1465,
51.221594395239634,96378,1083,1077,1465,
51.22229278601018,96378,1083,1076,1466,
51.222624322179286,96378,1083,1075,1467,
51.22308232880455,96378,1082,1076,1467,
51.223285189620555,96378,1082,1075,1468,
51.22481384891075,96377,1083,1075,1468,
51.2286761648903,96377,1083,1074,1469,
51.22883876558478,96376,1084,1074,1469,
51.23540039382046,96376,1084,1073,1470,
51.237304752942045,96375,1085,1073,1470,
51.23790084720057,96375,1085,1072,1471,
51.238135757491946,96374,1086,1072,1471,
51.23814067388584,96373,1087,1072,1471,
51.24147658777233,96373,1086,1073,1471,
51.24166912482803,96373,1086,1072,1472,
51.24314572918486,96372,1087,1072,1472,
51.24388008073179,96372,1086,1073,1472,
51.24636775152084,96372,1085,1074,1472,
51.25094116404299,96371,1086,1074,1472,
51.25138035281606,96371,1086,1073,1473,
51.25440823648758,96371,1085,1074,1473,
51.2553014868471,96371,1085,1073,1474,
51.25603238275049,96371,1085,1072,1475,
51.25972568421452,96371,1085,1071,1476,
51.263185165285655,96371,1085,1070,1477,
51.26347068279995,96370,1086,1070,1477,
51.264943366686865,96370,1086,1069,1478,
51.26949846426249,96370,1085,1070,1478,
51.27687019971528,96370,1084,1071,1478,
51.280900304610654,96370,1083,1072,1478,
51.28341534149667,96370,1082,1073,1478,
51.289557749463505,96369,1083,1073,1478,
51.29363135706461,96369,1083,1072,1479,
51.30272132924601,96368,1084,1072,1479,
51.302897920742815,96368,1084,1071,1480,
51.3039156961853,96368,1083,1072,1480,
51.30640540799237,96368,1083,1071,1481,
51.3078864400169,96368,1083,1070,1482,
51.310594713859246,96368,1082,1071,1482,
51.31230703708722,96368,1082,1070,1483,
51.313588679719,96367,1083,1070,1483,
51.31637917463301,96367,1082,1071,1483,
51.31741925414098,96367,1082,1070,1484,
51.31900340463849,96367,1082,1069,1485,
51.32059546626604,96366,1083,1069,1485,
51.3215542731586,96365,1084,1069,1485,
51.32301232010861,96364,1085,1069,1485,
51.32687562986048,96364,1084,1070,1485,
51.32910383354432,96364,1083,1071,1485,
51.32924154387952,96363,1084,1071,1485,
51.329266851624645,96363,1083,1072,1485,
51.33033678726305,96363,1082,1073,1485,
51.33257697460769,96363,1081,1074,1485,
51.34300793672042,96363,1081,1073,1486,
51.34623563444464,96362,1082,1073,1486,
51.34628831734434,96362,1082,1072,1487,
51.35029403410131,96362,1082,1071,1488,
51.350658108756924,96362,1081,1072,1488,
51.35217668385033,96362,1081,1071,1489,
51.35550228848881,96362,1080,1072,1489,
51.362625458426734,96362,1079,1073,1489,
51.36683369251374,96361,1080,1073,1489,
51.3702890807745,96361,1079,1074,1489,
51.37100615267747,96361,1079,1073,1490,
51.37190595739177,96361,1079,1072,1491,
51.37192580049555,96361,1078,1073,1491,
51.37564122911056,96361,1078,1072,1492,
51.37961531962901,96361,1077,1073,1492,
51.38883256316765,96361,1076,1074,1492,
51.392877374572834,96361,1076,1073,1493,
51.3938331253944,96361,1075,1074,1493,
51.39392562137879,96361,1074,1075,1493,
51.39593245470489,96361,1074,1074,1494,
51.39622346932094,96361,1073,1075,1494,
51.39778767456003,96361,1072,1076,1494,
51.40425902635992,96361,1071,1077,1494,
51.40674196558725,96361,1070,1078,1494,
51.407354244832824,96361,1070,1077,1495,
51.40741612407891,96361,1070,1076,1496,
51.40970431433261,96361,1069,1077,1496,
51.410353146523086,96361,1068,1078,1496,
51.414337917432036,96360,1069,1078,1496,
51.4146214251838,96360,1069,1077,1497,
51.42084550793555,96360,1068,1078,1497,
51.42261075750177,96360,1067,1079,1497,
51.422796149482956,96360,1067,1078,1498,
51.42634773426868,96360,1066,1079,1498,
51.427570675461666,96360,1065,1080,1498,
51.42809496306667,96360,1065,1079,1499,
51.42840483029264,96360,1064,1080,1499,
51.434180304495165,96359,1065,1080,1499,
51.434845550101876,96358,1066,1080,1499,
51.436616869125224,96358,1066,1079,1500,
51.43854758370513,96358,1065,1080,1500,
51.44116078030203,96358,1064,1081,1500,
51.44349824287259,96358,1063,1082,1500,
51.44583933325352,96358,1062,1083,1500,
51.45004988159037,96358,1061,1084,1500,
51.45037145958482,96357,1062,1084,1500,
51.45212648099864,96356,1063,1084,1500,
51.453615088141376,96355,1064,1084,1500,
51.45522340530008,96355,1063,1085,1500,
51.456209458126324,96355,1063,1084,1501,
51.45648373313925,96355,1062,1085,1501,
51.45790865765234,96355,1061,1086,1501,
51.460783728726874,96355,1060,1087,1501,
51.46232427987259,96355,1059,1088,1501,
51.46246963914911,96355,1058,1089,1501,
51.46495707082654,96355,1058,1088,1502,
51.466383669950645,96354,1059,1088,1502,
51.46818318613694,96354,1059,1087,1503,
51.471100203488376,96354,1058,1088,1503,
51.47463519895703,96353,1059,1088,1503,
51.4751906182337,96353,1059,1087,1504,
51.479236266713514,96352,1060,1087,1504,
51.48204236328537,96352,1059,1088,1504,
51.48348902196026,96352,1059,1087,1505,
51.48440317480004,96351,1060,1087,1505,
51.4906250593743,96351,1060,1086,1506,
51.49427220127521,96351,1060,1085,1507,
51.50321410461121,96351,1059,1086,1507,
51.5041930232792,96351,1059,1085,1508,
51.510305839472224,96351,1059,1084,1509,
51.51159213937819,96350,1060,1084,1509,
51.51211860502932,96349,1061,1084,1509,
51.515650860049234,96348,1062,1084,1509,
51.51733677405221,96348,1061,1085,1509,
51.519666790902164,96348,1060,1086,1509,
51.52242794717036,96348,1060,1085,1510,
51.52395568993953,96348,1060,1084,1511,
51.52533472616667,96348,1059,1085,1511,
51.52989179358676,96348,1059,1084,1512,
51.53163827853507,96348,1058,1085,1512,
51.531812068684744,96347,1059,1085,1512,
51.532048852303575,96346,1060,1085,1512,
51.54050775245234,96345,1061,1085,1512,
51.54196292763799,96344,1062,1085,1512,
51.54246808376804,96344,1062,1084,1513,
51.54712328866034,96344,1062,1083,1514,
51.55328385486719,96344,1061,1084,1514,
51.55728539226362,96343,1062,1084,1514,
51.55749770431692,96343,1062,1083,1515,
51.557791042274296,96343,1061,1084,1515,
51.560071778666796,96343,1060,1085,1515,
51.560084231793795,96343,1059,1086,1515,
51.56098077115336,96343,1058,1087,1515,
51.56574301910779,96343,1057,1088,1515,
51.56661866874455,96343,1056,1089,1515,
51.56731031409211,96343,1055,1090,1515,
51.568366088274416,96343,1054,1091,1515,
51.576068986163214,96343,1054,1090,1516,
51.57769145512329,96343,1053,1091,1516,
51.57879979307286,96343,1053,1090,1517,
51.58420476433593,96343,1052,1091,1517,
51.587346678765435,96343,1051,1092,1517,
51.58748892100173,96343,1050,1093,1517,
51.588855570605325,96343,1049,1094,1517,
51.58941066313781,96343,1049,1093,1518,
51.5913737379277,96342,1050,1093,1518,
51.59519953814188,96342,1049,1094,1518,
51.59576993996472,96341,1050,1094,1518,
51.59683109360552,96341,1049,1095,1518,
51.599218662885825,96341,1048,1096,1518,
51.60132188783981,96340,1049,1096,1518,
51.60488839478108,96340,1048,1097,1518,
51.60854691462056,96340,1048,1096,1519,
51.61162402371087,96340,1047,1097,1519,
51.61476050466339,96340,1046,1098,1519,
51.61511014177257,96339,1047,1098,1519,
51.6158323685895,96339,1047,1097,1520,
51.62502681123941,96338,1048,1097,1520,
51.631344075015555,96338,1047,1098,1520,
51.63206533914209,96338,1047,1097,1521,
51.63474032795729,96338,1046,1098,1521,
51.635760979667864,96338,1046,1097,1522,
51.63880305575412,96338,1046,1096,1523,
51.64099722573225,96338,1045,1097,1523,
51.64533974293161,96338,1045,1096,1524,
51.6492925147096,96338,1044,1097,1524,
51.653893611577395,96338,1044,1096,1525,
51.65512235015891,96338,1043,1097,1525,
51.65829618061914,96338,1042,1098,1525,
51.6585255740467,96337,1043,1098,1525,
51.658818513995186,96336,1044,1098,1525,
51.66171662913084,96336,1043,1099,1525,
51.66183582977951,96336,1042,1100,1525,
51.66236730158043,96336,1042,1099,1526,
51.6626090027172,96336,1041,1100,1526,
51.66536416776463,96335,1042,1100,1526,
51.66639678297434,96335,1042,1099,1527,
51.67341964505231,96334,1043,1099,1527,
51.678849188423925,96334,1042,1100,1527,
51.67989275013018,96334,1041,1101,1527,
51.68046387976644,96334,1041,1100,1528,
51.680634821943215,96334,1041,1099,1529,
51.680698614633535,96334,1040,1100,1529,
51.681126985604884,96334,1039,1101,1529,
51.68457072757192,96334,1038,1102,1529,
51.688661123116624,96333,1039,1102,1529,
51.690163659161236,96332,1040,1102,1529,
51.694379957084664,96331,1041,1102,1529,
51.695060392380164,96331,1040,1103,1529,
51.695741792171944,96331,1040,1102,1530,
51.69816850214759,96331,1039,1103,1530,
51.69836875078601,96330,1040,1103,1530,
51.70401387284872,96330,1039,1104,1530,
51.70515520005269,96330,1039,1103,1531,
51.70576782062617,96329,1040,1103,1531,
51.712430470672075,96329,1040,1102,1532,
51.71414751405846,96329,1039,1103,1532,
51.71419728437027,96329,1038,1104,1532,
51.71607115344022,96328,1039,1104,1532,
51.72334598591095,96327,1040,1104,1532,
51.72473825192791,96327,1040,1103,1533,
51.72581672513923,96327,1040,1102,1534,
51.728341230360755,96327,1039,1103,1534,
51.7293522118178,96327,1039,1102,1535,
51.730535273064255,96327,1039,1101,1536,
51.736085546042396,96327,1039,1100,1537,
51.737744699796266,96326,1040,1100,1537,
51.73831527851774,96326,1039,1101,1537,
51.743206304363795,96325,1040,1101,1537,
51.747308894112294,96325,1039,1102,1537,
51.74744146167117,96325,1039,1101,1538,
51.74827244096388,96324,1040,1101,1538,
51.74904170127579,96324,1039,1102,1538,
51.750575333546024,96324,1038,1103,1538,
51.75058121520113,96324,1037,1104,1538,
51.75114624912203,96324,1037,1103,1539,
51.756505399962144,96324,1037,1102,1540,
51.761448982932016,96324,1037,1101,1541,
51.76187493011808,96324,1036,1102,1541,
51.76607491525399,96324,1036,1101,1542,
51.766688786935845,96323,1037,1101,1542,
51.77076249194107,96323,1036,1102,1542,
51.77167788132992,96323,1036,1101,1543,
51.7723595808828,96323,1035,1102,1543,
51.772430996251884,96323,1035,1101,1544,
51.77750328182666,96322,1036,1101,1544,
51.783322546035095,96322,1035,1102,1544,
51.788425750051644,96321,1036,1102,1544,
51.79035059588079,96321,1036,1101,1545,
51.79183531694485,96321,1035,1102,1545,
51.8008626674806,96321,1034,1103,1545,
51.80160181599525,96321,1033,1104,1545,
51.80326867298031,96321,1033,1103,1546,
51.803288375227964,96321,1033,1102,1547,
51.806940455969595,96321,1032,1103,1547,
51.81110928636592,96321,1031,1104,1547,
51.81185363386667,96321,1030,1105,1547,
51.81464563813569,96321,1030,1104,1548,
51.814993141066516,96321,1030,1103,1549,
51.81767609869106,96321,1029,1104,1549,
51.81854137332084,96321,1029,1103,1550,
51.81878913247515,96321,1028,1104,1550,
51.82314769619222,96321,1028,1103,1551,
51.82657915026005,96321,1028,1102,1552,
51.82772357540187,96321,1027,1103,1552,
51.82908752133254,96321,1027,1102,1553,
51.8328241202614,96321,1027,1101,1554,
51.83439211693495,96320,1028,1101,1554,
51.837558077461594,96319,1029,1101,1554,
51.838787080781195,96318,1030,1101,1554,
51.8396312071865,96317,1031,1101,1554,
51.84001188363225,96317,1030,1102,1554,
51.841350422271475,96316,1031,1102,1554,
51.8418086233531,96315,1032,1102,1554,
51.84287551815929,96315,1031,1103,1554,
51.84488370132283,96314,1032,1103,1554,
51.84492522418554,96314,1032,1102,1555,
51.856799494940056,96314,1032,1101,1556,
51.858566216019554,96314,1031,1102,1556,
51.860153659774255,96314,1030,1103,1556,
51.86233617585378,96314,1030,1102,1557,
51.86375205501157,96314,1029,1103,1557,
51.867092721756734,96314,1029,1102,1558,
51.86814634791735,96314,1028,1103,1558,
51.86920659058826,96313,1029,1103,1558,
51.870051936152734,96313,1028,1104,1558,
51.87295769409313,96313,1027,1105,1558,
51.87326044751139,96313,1026,1106,1558,
51.88276234618465,96312,1027,1106,1558,
51.88541833758865,96312,1026,1107,1558,
51.886893990563486,96311,1027,1107,1558,
51.88731010210254,96311,1027,1106,1559,
51.89026979847812,96311,1026,1107,1559,
51.89230979378704,96311,1025,1108,1559,
51.89382690559492,96311,1024,1109,1559,
51.894276344907,96310,1025,1109,1559,
51.89438130014817,96310,1024,1110,1559,
51.90188199459454,96309,1025,1110,1559,
51.90534005718265,96309,1024,1111,1559,
51.90551219833675,96308,1025,1111,1559,
51.91803898016219,96308,1025,1110,1560,
51.92042843109499,96307,1026,1110,1560,
51.922708416400475,96307,1026,1109,1561,
51.92559238671769,96307,1025,1110,1561,
51.929206339061444,96307,1024,1111,1561,
51.937091991685065,96306,1025,1111,1561,
51.93760934105497,96306,1025,1110,1562,
51.939223792463196,96306,1024,1111,1562,
51.94263088834218,96305,1025,1111,1562,
51.94718308263221,96304,1026,1111,1562,
51.94851671872596,96304,1026,1110,1563,
51.950039299761144,96304,1025,1111,1563,
51.95437668366066,96304,1025,1110,1564,
51.95642820286392,96304,1024,1111,1564,
51.957927049120535,96304,1024,1110,1565,
51.958438990846886,96303,1025,1110,1565,
51.96109921152639,96303,1025,1109,1566,
51.96158112567528,96303,1024,1110,1566,
51.962880968504976,96303,1023,1111,1566,
51.96302902939511,96303,1022,1112,1566,
51.96335362017267,96302,1023,1112,1566,
51.963553220243725,96301,1024,1112,1566,
51.96546430936078,96301,1023,1113,1566,
51.96854316671754,96300,1024,1113,1566,
51.970235317162384,96300,1023,1114,1566,
51.978108174431036,96300,1022,1115,1566,
51.97876226690929,96300,1021,1116,1566,
51.98035885579816,96300,1021,1115,1567,
51.98158856283436,96299,1022,1115,1567,
51.98246843197651,96299,1022,1114,1568,
51.982669908719714,96299,1022,1113,1569,
51.982731626258065,96299,1021,1114,1569,
51.98498620088458,96299,1021,1113,1570,
51.98577368281922,96299,1021,1112,1571,
51.986944366408636,96299,1020,1113,1571,
51.991280042658936,96299,1019,1114,1571,
51.992122576487276,96298,1020,1114,1571,
51.99230894215543,96298,1019,1115,1571,
51.998412713227026,96298,1018,1116,1571,
52.00037205032383,96298,1017,1117,1571,
52.00338556339108,96297,1018,1117,1571,
52.00438906084272,96296,1019,1117,1571,
52.00458397511469,96296,1018,1118,1571,
52.00467364328222,96296,1017,1119,1571,
52.006432153098196,96296,1016,1120,1571,
52.00764670954032,96295,1017,1120,1571,
52.00943722317453,96294,1018,1120,1571,
52.01079922512794,96294,1018,1119,1572,
52.014015088291224,96294,1018,1118,1573,
52.019941576727824,96294,1018,1117,1574,
52.019999628940695,96294,1017,1118,1574,
52.02624619414111,96293,1018,1118,1574,
52.027654242197016,96293,1018,1117,1575,
52.03536674119665,96293,1017,1118,1575,
52.03899678259769,96292,1018,1118,1575,
52.04293270214804,96291,1019,1118,1575,
52.052438396966394,96291,1018,1119,1575,
52.05395321337942,96290,1019,1119,1575,
52.059722915716534,96289,1020,1119,1575,
52.062725989444424,96288,1021,1119,1575,
52.06326273741924,96288,1020,1120,1575,
52.06773020505525,96288,1020,1119,1576,
52.0683364803163,96288,1020,1118,1577,
52.06895422953968,96288,1019,1119,1577,
52.06901713441477,96288,1018,1120,1577,
52.07137816727883,96288,1017,1121,1577,
52.07378292494563,96288,1016,1122,1577,
52.07719779435009,96288,1015,1123,1577,
52.0782986580344,96287,1016,1123,1577,
52.08162399650311,96286,1017,1123,1577,
52.08303525686088,96286,1016,1124,1577,
52.083762705148274,96286,1015,1125,1577,
52.09141090525331,96285,1016,1125,1577,
52.09374873639407,96285,1016,1124,1578,
52.09599112887556,96285,1015,1125,1578,
52.09639090833781,96285,1015,1124,1579,
52.09640382373814,96284,1016,1124,1579,
52.09644636456245,96283,1017,1124,1579,
52.097134789606294,96283,1017,1123,1580,
52.10248789389824,96282,1018,1123,1580,
52.10472112426784,96282,1017,1124,1580,
52.10515893819996,96282,1016,1125,1580,
52.1079928094021,96281,1017,1125,1580,
52.10900371682333,96281,1017,1124,1581,
52.11045140114985,96281,1016,1125,1581,
52.11345733512547,96281,1015,1126,1581,
52.124756860640936,96281,1014,1127,1581,
52.12487195271162,96280,1015,1127,1581,
52.12546658852608,96280,1014,1128,1581,
52.125547788098736,96279,1015,1128,1581,
52.12707449013794,96278,1016,1128,1581,
52.12875631540678,96278,1015,1129,1581,
52.13061689473942,96278,1014,1130,1581,
52.13429380715719,96277,1015,1130,1581,
52.134524648419784,96277,1014,1131,1581,
52.13773448392043,96277,1013,1132,1581,
52.138984079712564,96277,1012,1133,1581,
52.139082100114635,96276,1013,1133,1581,
52.1409261134971,96276,1012,1134,1581,
52.14435560725564,96276,1012,1133,1582,
52.15145721307073,96275,1013,1133,1582,
52.15275779898672,96275,1013,1132,1583,
52.15321410961463,96275,1012,1133,1583,
52.16241462175735,96274,1013,1133,1583,
52.16407914636191,96274,1012,1134,1583,
52.16687226231935,96273,1013,1134,1583,
52.168618025065626,96273,1013,1133,1584,
52.16903438363745,96273,1012,1134,1584,
52.17443643056752,96272,1013,1134,1584,
52.176402725519516,96271,1014,1134,1584,
52.17668801054088,96270,1015,1134,1584,
52.18378461992161,96270,1014,1135,1584,
52.18638190747614,96269,1015,1135,1584,
52.18683216050731,96269,1014,1136,1584,
52.18762689463185,96268,1015,1136,1584,
52.1904697776207,96268,1015,1135,1585,
52.19122777920647,96267,1016,1135,1585,
52.194732234572626,96267,1016,1134,1586,
52.19614286660318,96266,1017,1134,1586,
52.19689010766799,96266,1016,1135,1586,
52.19693250905414,96266,1016,1134,1587,
52.19736379708292,96266,1015,1135,1587,
52.19750519584862,96266,1014,1136,1587,
52.1978761274083,96265,1015,1136,1587,
52.19940300501143,96265,1014,1137,1587,
52.200136869554676,96264,1015,1137,1587,
52.20081986728609,96264,1015,1136,1588,
52.20350257549856,96264,1014,1137,1588,
52.20757883092335,96264,1013,1138,1588,
52.211971567338075,96264,1013,1137,1589,
52.21238071209935,96263,1014,1137,1589,
52.21492204943189,96263,1013,1138,1589,
52.2149764705953,96262,1014,1138,1589,
52.21601897492815,96261,1015,1138,1589,
52.216554473576984,96261,1015,1137,1590,
52.22131961850203,96261,1015,1136,1591,
52.223441893547154,96260,1016,1136,1591,
52.225166870848355,96259,1017,1136,1591,
52.226446996468745,96258,1018,1136,1591,
52.229726382013666,96258,1018,1135,1592,
52.23265706885492,96258,1017,1136,1592,
52.23408687907445,96258,1016,1137,1592,
52.239967514741544,96258,1016,1136,1593,
52.24033423611686,96258,1015,1137,1593,
52.24153312627874,96258,1014,1138,1593,
52.24889495173699,96258,1013,1139,1593,
52.25227529775561,96258,1012,1140,1593,
52.25900577819441,96258,1012,1139,1594,
52.260593707328866,96258,1012,1138,1595,
52.267117627167686,96257,1013,1138,1595,
52.27034120160458,96256,1014,1138,1595,
52.27133326314845,96256,1013,1139,1595,
52.2718540750311,96255,1014,1139,1595,
52.27227627277575,96255,1014,1138,1596,
52.272418338744934,96255,1014,1137,1597,
52.27345463695833,96255,1013,1138,1597,
52.273746155482684,96255,1013,1137,1598,
52.274756361308995,96255,1012,1138,1598,
52.27508842889711,96255,1012,1137,1599,
52.27813279064011,96254,1013,1137,1599,
52.278170667486386,96254,1012,1138,1599,
52.27858781154486,96253,1013,1138,1599,
52.27912816792988,96253,1012,1139,1599,
52.28218929771821,96252,1013,1139,1599,
52.28278117624343,96252,1013,1138,1600,
52.28323372176374,96252,1013,1137,1601,
52.289536707371354,96252,1013,1136,1602,
52.29117477182331,96252,1012,1137,1602,
52.292905312921064,96252,1011,1138,1602,
52.29753288301451,96251,1012,1138,1602,
52.30098810934757,96251,1011,1139,1602,
52.30249195283095,96250,1012,1139,1602,
52.303678589139885,96249,1013,1139,1602,
52.30612523848005,96249,1012,1140,1602,
52.3092872977773,96248,1013,1140,1602,
52.31087007808622,96248,1012,1141,1602,
52.31168139905923,96248,1012,1140,1603,
52.314433585083755,96248,1011,1141,1603,
52.31623091981602,96248,1010,1142,1603,
52.31638478254653,96248,1010,1141,1604,
52.31797000461641,96248,1010,1140,1605,
52.31851509503849,96248,1009,1141,1605,
52.31896021653228,96248,1008,1142,1605,
52.32251331267332,96248,1008,1141,1606,
52.32345097447205,96248,1007,1142,1606,
52.32578628057954,96248,1007,1141,1607,
52.32853276954075,96247,1008,1141,1607,
52.328855694380074,96247,1007,1142,1607,
52.332136339151965,96246,1008,1142,1607,
52.33296500834841,96246,1007,1143,1607,
52.33591907486171,96246,1006,1144,1607,
52.336029039825846,96246,1006,1143,1608,
52.338792885535014,96246,1005,1144,1608,
52.33881860723092,96245,1006,1144,1608,
52.33999420639205,96245,1005,1145,1608,
52.34450661577649,96244,1006,1145,1608,
52.346488076419874,96244,1006,1144,1609,
52.34911882050985,96243,1007,1144,1609,
52.350895918802955,96242,1008,1144,1609,
52.35189905304744,96242,1007,1145,1609,
52.35688946879885,96242,1006,1146,1609,
52.356899252084816,96242,1005,1147,1609,
52.357146543556595,96242,1005,1146,1610,
52.35839970496669,96241,1006,1146,1610,
52.362795953320074,96241,1005,1147,1610,
52.36821781394064,96241,1004,1148,1610,
52.37473276586755,96241,1004,1147,1611,
52.37652102141171,96241,1004,1146,1612,
52.380377312044246,96241,1003,1147,1612,
52.38838410896158,96240,1004,1147,1612,
52.38875844322834,96240,1003,1148,1612,
52.38882132134171,96239,1004,1148,1612,
52.39179246616517,96239,1003,1149,1612,
52.39436180803865,96239,1002,1150,1612,
52.39476768289919,96238,1003,1150,1612,
52.39476866836357,96238,1003,1149,1613,
52.395022551022485,96238,1002,1150,1613,
52.395174635913065,96238,1002,1149,1614,
52.40869871549305,96237,1003,1149,1614,
52.4098076790825,96237,1003,1148,1615,
52.411730056968906,96236,1004,1148,1615,
52.41325559989015,96236,1003,1149,1615,
52.4170365728683,96235,1004,1149,1615,
52.41752020349665,96235,1004,1148,1616,
52.41773091377977,96235,1004,1147,1617,
52.417907350117126,96235,1003,1148,1617,
52.41900241358407,96235,1003,1147,1618,
52.419375888650464,96235,1003,1146,1619,
52.42046150948429,96235,1003,1145,1620,
52.42280338545188,96235,1002,1146,1620,
52.42323431222274,96235,1001,1147,1620,
52.42387023473232,96235,1000,1148,1620,
52.4291208952905,96235,1000,1147,1621,
52.43286378026031,96235,999,1148,1621,
52.4334050356103,96235,998,1149,1621,
52.43377997529262,96235,997,1150,1621,
52.43441001679822,96235,996,1151,1621,
52.43551214709851,96235,995,1152,1621,
52.441669891912795,96234,996,1152,1621,
52.44291561133184,96234,995,1153,1621,
52.44379089692553,96234,994,1154,1621,
52.44747555109346,96233,995,1154,1621,
52.45636594914661,96232,996,1154,1621,
52.466830448919644,96232,995,1155,1621,
52.46940422189258,96232,994,1156,1621,
52.47020084300093,96232,994,1155,1622,
52.47067882769191,96232,993,1156,1622,
52.47217798031609,96232,992,1157,1622,
52.47297470163217,96232,992,1156,1623,
52.47405476060448,96231,993,1156,1623,
52.47683138591179,96230,994,1156,1623,
52.47763112511353,96229,995,1156,1623,
52.478073752981885,96228,996,1156,1623,
52.478566038299576,96228,995,1157,1623,
52.47866164150596,96228,995,1156,1624,
52.48225743161268,96228,994,1157,1624,
52.48600647600893,96227,995,1157,1624,
52.48726095263266,96226,996,1157,1624,
52.49308849176973,96226,996,1156,1625,
52.493199033199446,96226,996,1155,1626,
52.49614893900976,96225,997,1155,1626,
52.50603811037083,96225,997,1154,1627,
52.50629037428745,96225,996,1155,1627,
52.506642148239564,96225,995,1156,1627,
52.51272944710021,96225,994,1157,1627,
52.51499064416444,96224,995,1157,1627,
52.51897934690998,96224,995,1156,1628,
52.52258258836677,96223,996,1156,1628,
52.52858905049725,96222,997,1156,1628,
52.52996458515237,96222,996,1157,1628,
52.53249457016305,96222,996,1156,1629,
52.53312138988524,96222,995,1157,1629,
52.5366726725205,96222,994,1158,1629,
52.53918448406452,96221,995,1158,1629,
52.53997907705977,96221,994,1159,1629,
52.5419368620097,96221,994,1158,1630,
52.543699038364934,96221,993,1159,1630,
52.543945197368075,96220,994,1159,1630,
52.54645479652515,96219,995,1159,1630,
52.5493780029515,96219,995,1158,1631,
52.549926614250964,96219,994,1159,1631,
52.550660850003325,96219,993,1160,1631,
52.551197296413655,96219,993,1159,1632,
52.551697230992204,96219,993,1158,1633,
52.55246140141412,96218,994,1158,1633,
52.5531936294022,96218,993,1159,1633,
52.55403724220503,96218,992,1160,1633,
52.55727574893639,96218,992,1159,1634,
52.5593177572945,96218,991,1160,1634,
52.559480423601094,96218,990,1161,1634,
52.56137440237863,96218,989,1162,1634,
52.56266971944114,96217,990,1162,1634,
52.563799924099605,96216,991,1162,1634,
52.56575237390715,96216,990,1163,1634,
52.57061051626553,96216,989,1164,1634,
52.57110762122906,96215,990,1164,1634,
52.571776861119574,96214,991,1164,1634,
52.57403638301261,96214,990,1165,1634,
52.57971696350633,96214,989,1166,1634,
52.58397138738283,96214,989,1165,1635,
52.586998119183676,96213,990,1165,1635,
52.58861322531667,96213,989,1166,1635,
52.59088649994407,96213,989,1165,1636,
52.59277191635037,96213,988,1166,1636,
52.593520048231156,96213,987,1167,1636,
52.595909101088914,96213,986,1168,1636,
52.59762171292322,96213,985,1169,1636,
52.599345116834186,96213,984,1170,1636,
52.59948835300708,96213,984,1169,1637,
52.60829793352086,96213,984,1168,1638,
52.611848090760105,96213,983,1169,1638,
52.617296944239996,96213,982,1170,1638,
52.617899078880576,96213,981,1171,1638,
52.618260104063054,96212,982,1171,1638,
52.61927074191442,96211,983,1171,1638,
52.622118307861584,96211,982,1172,1638,
52.6232819087554,96211,981,1173,1638,
52.62661524175631,96211,980,1174,1638,
52.62674218569186,96210,981,1174,1638,
52.62845619201871,96210,981,1173,1639,
52.62925302731972,96210,980,1174,1639,
52.630199020800326,96210,980,1173,1640,
52.63020782689205,96209,981,1173,1640,
52.63225665809378,96209,980,1174,1640,
52.63245494128673,96208,981,1174,1640,
52.63402230127987,96207,982,1174,1640,
52.63547151731682,96206,983,1174,1640,
52.63561520953353,96206,982,1175,1640,
52.63578782442318,96205,983,1175,1640,
52.63880637132243,96205,982,1176,1640,
52.639372632047014,96205,981,1177,1640,
52.639599461688675,96205,981,1176,1641,
52.64073544601998,96205,981,1175,1642,
52.64133541213032,96205,980,1176,1642,
52.64207666941567,96205,979,1177,1642,
52.64501006249286,96205,979,1176,1643,
52.64652341982547,96205,979,1175,1644,
52.64720000402582,96205,978,1176,1644,
52.64766171567645,96204,979,1176,1644,
52.6491100451147,96204,979,1175,1645,
52.651203534412495,96204,979,1174,1646,
52.653943605728706,96204,979,1173,1647,
52.6569251110151,96203,980,1173,1647,
52.65779109379162,96203,979,1174,1647,
52.659678141815306,96203,979,1173,1648,
52.66313378954176,96203,979,1172,1649,
52.66499371471582,96203,978,1173,1649,
52.66585698219287,96202,979,1173,1649,
52.665909247437845,96201,980,1173,1649,
52.67180854842991,96200,981,1173,1649,
52.67351554415173,96199,982,1173,1649,
52.674062410107055,96198,983,1173,1649,
52.6743040712195,96198,983,1172,1650,
52.677528317977185,96198,982,1173,1650,
52.6802831335799,96197,983,1173,1650,
52.68215422273429,96197,982,1174,1650,
52.68838199374828,96196,983,1174,1650,
52.691393577080376,96196,982,1175,1650,
52.693193326885456,96196,981,1176,1650,
52.6951658358675,96196,980,1177,1650,
52.695775526899055,96196,979,1178,1650,
52.6970992161836,96195,980,1178,1650,
52.699832721185274,96194,981,1178,1650,
52.70043038539543,96194,980,1179,1650,
52.70774057725057,96193,981,1179,1650,
52.70983925396439,96192,982,1179,1650,
52.71048949704913,96192,982,1178,1651,
52.71427830556576,96192,982,1177,1652,
52.71563911647658,96191,983,1177,1652,
52.716293263576894,96191,983,1176,1653,
52.71794618544832,96191,982,1177,1653,
52.720369612113096,96190,983,1177,1653,
52.7210864948918,96190,982,1178,1653,
52.72111064644264,96190,981,1179,1653,
52.728986368642296,96190,980,1180,1653,
52.7297112095596,96190,980,1179,1654,
52.733315681651874,96190,979,1180,1654,
52.73669306581329,96190,978,1181,1654,
52.74525225064655,96190,977,1182,1654,
52.747618109158,96189,978,1182,1654,
52.74874506681595,96189,977,1183,1654,
52.74907600068783,96189,976,1184,1654,
52.75101890623978,96189,975,1185,1654,
52.759010329263944,96188,976,1185,1654,
52.762270265297495,96187,977,1185,1654,
52.76404522416827,96186,978,1185,1654,
52.771500730720746,96185,979,1185,1654,
52.77482031003129,96184,980,1185,1654,
52.77581828307318,96184,979,1186,1654,
52.775911715864204,96184,978,1187,1654,
52.779411995066816,96184,978,1186,1655,
52.78029854374445,96184,978,1185,1656,
52.781760881683624,96184,977,1186,1656,
52.786283748332664,96183,978,1186,1656,
52.78902247142928,96183,977,1187,1656,
52.79014223679243,96183,976,1188,1656,
52.798510336969784,96182,977,1188,1656,
52.79854733133362,96182,977,1187,1657,
52.79984784525682,96182,976,1188,1657,
52.80132510197393,96182,975,1189,1657,
52.802528823955534,96181,976,1189,1657,
52.804162642886354,96181,975,1190,1657,
52.80784048838848,96181,974,1191,1657,
52.80794686663852,96181,973,1192,1657,
52.80851006591761,96181,972,1193,1657,
52.80896562802215,96181,971,1194,1657,
52.81227911666703,96180,972,1194,1657,
52.81602611918054,96180,972,1193,1658,
52.81978306903647,96180,971,1194,1658,
52.820161540252236,96180,971,1193,1659,
52.822465879833324,96179,972,1193,1659,
52.82430027789564,96179,971,1194,1659,
52.82540974732511,96178,972,1194,1659,
52.833947426708825,96178,971,1195,1659,
52.84029777066107,96178,970,1196,1659,
52.84119518486866,96178,969,1197,1659,
52.842214486779945,96177,970,1197,1659,
52.84388827993028,96177,969,1198,1659,
52.8463466255927,96177,968,1199,1659,
52.8490843792329,96176,969,1199,1659,
52.85353615337305,96175,970,1199,1659,
52.853724232283284,96175,969,1200,1659,
52.85413987898234,96174,970,1200,1659,
52.85496531264168,96173,971,1200,1659,
52.857157327751395,96173,970,1201,1659,
52.86178975989196,96173,969,1202,1659,
52.861850454854775,96172,970,1202,1659,
52.86317336797577,96172,970,1201,1660,
52.86340370965791,96171,971,1201,1660,
52.86542808325951,96170,972,1201,1660,
52.86749391582592,96170,971,1202,1660,
52.8681527521215,96170,970,1203,1660,
52.86961063186429,96170,970,1202,1661,
52.87149883754852,96170,970,1201,1662,
52.87367474722568,96170,969,1202,1662,
52.87559520815938,96170,969,1201,1663,
52.888625292302,96170,968,1202,1663,
52.88935191250233,96170,968,1201,1664,
52.89153483778975,96170,967,1202,1664,
52.892757782009674,96170,966,1203,1664,
52.89554957997755,96169,967,1203,1664,
52.895770363765024,96169,966,1204,1664,
52.89594230039394,96169,965,1205,1664,
52.89627013711418,96169,964,1206,1664,
52.89638089630601,96169,964,1205,1665,
52.89696907431578,96169,964,1204,1666,
52.897545359274766,96169,963,1205,1666,
52.90677116433307,96168,964,1205,1666,
52.909863339367085,96167,965,1205,1666,
52.91004770870919,96167,965,1204,1667,
52.91146992340378,96167,964,1205,1667,
52.91355059160545,96166,965,1205,1667,
52.91449729346496,96165,966,1205,1667,
52.918511803173075,96165,965,1206,1667,
52.91866874503556,96164,966,1206,1667,
52.92124579648985,96164,966,1205,1668,
52.921533617303695,96163,967,1205,1668,
52.9237100815912,96163,967,1204,1669,
52.927240306436104,96162,968,1204,1669,
52.930252126196834,96162,967,1205,1669,
52.934208351892124,96161,968,1205,1669,
52.93670591233364,96160,969,1205,1669,
52.93752972675167,96159,970,1205,1669,
52.93894224823432,96159,970,1204,1670,
52.93974827149136,96158,971,1204,1670,
52.94599215423927,96157,972,1204,1670,
52.948443978219466,96157,972,1203,1671,
52.948899925858164,96157,971,1204,1671,
52.95054802323098,96157,971,1203,1672,
52.95167255231753,96157,970,1204,1672,
52.952371903728725,96157,969,1205,1672,
52.95239530898451,96157,969,1204,1673,
52.96348993806108,96157,969,1203,1674,
52.964996257616534,96156,970,1203,1674,
52.96552147850055,96156,970,1202,1675,
52.969165694952416,96156,970,1201,1676,
52.97635152743345,96156,970,1200,1677,
52.97808062281891,96156,969,1201,1677,
52.97977582312068,96156,969,1200,1678,
52.98022916928676,96155,970,1200,1678,
52.98223105685491,96155,969,1201,1678,
52.98536983417471,96155,969,1200,1679,
52.98637822356379,96155,969,1199,1680,
52.98714932892867,96155,968,1200,1680,
52.99003215464799,96155,967,1201,1680,
52.99257776358982,96155,966,1202,1680,
52.996112556308894,96154,967,1202,1680,
52.998949876158086,96154,967,1201,1681,
53.00068968319777,96154,967,1200,1682,
53.00484957036473,96153,968,1200,1682,
53.00512245022792,96152,969,1200,1682,
53.00574560321294,96151,970,1200,1682,
53.007294260428694,96151,970,1199,1683,
53.00779666611729,96151,970,1198,1684,
53.014216342376706,96151,970,1197,1685,
53.01854272597884,96151,969,1198,1685,
53.02056640557467,96151,968,1199,1685,
53.021932504684514,96150,969,1199,1685,
53.02505772090925,96150,968,1200,1685,
53.02531986426278,96149,969,1200,1685,
53.025510437953116,96149,968,1201,1685,
53.0274676868708,96149,967,1202,1685,
53.02807268510859,96149,967,1201,1686,
53.03284213765486,96149,966,1202,1686,
53.03374838617045,96149,966,1201,1687,
53.03392437738805,96149,966,1200,1688,
53.0343092404049,96149,965,1201,1688,
53.0347186039497,96149,964,1202,1688,
53.035058053040956,96149,963,1203,1688,
53.03510025818637,96149,962,1204,1688,
53.03893520132112,96149,961,1205,1688,
53.039783227386735,96149,960,1206,1688,
53.04022390552321,96148,961,1206,1688,
53.041027085006604,96148,961,1205,1689,
53.04215262616813,96148,961,1204,1690,
53.042573798006885,96147,962,1204,1690,
53.04380494178975,96146,963,1204,1690,
53.05032322569372,96146,963,1203,1691,
53.051452323994894,96146,963,1202,1692,
53.05755032865535,96146,963,1201,1693,
53.0630735501918,96146,962,1202,1693,
53.06542699731445,96146,961,1203,1693,
53.066075882515975,96146,960,1204,1693,
53.067021629317125,96146,959,1205,1693,
53.06940489484783,96146,958,1206,1693,
53.06989535845899,96146,958,1205,1694,
53.07157110409213,96146,957,1206,1694,
53.074291341924216,96146,956,1207,1694,
53.07483893609055,96146,955,1208,1694,
53.07650476739694,96145,956,1208,1694,
53.07881684224048,96144,957,1208,1694,
53.0830565847751,96144,957,1207,1695,
53.08339669519636,96143,958,1207,1695,
53.08822686030789,96143,957,1208,1695,
53.089040615532106,96143,956,1209,1695,
53.09055193854292,96143,956,1208,1696,
53.09151049227961,96143,956,1207,1697,
53.093735636535406,96142,957,1207,1697,
53.09560501309494,96142,956,1208,1697,
53.104265860271795,96142,955,1209,1697,
53.1065012299672,96142,955,1208,1698,
53.11089924096622,96141,956,1208,1698,
53.11418034294447,96141,955,1209,1698,
53.11621415092213,96141,954,1210,1698,
53.116382170557024,96141,953,1211,1698,
53.11730746371907,96140,954,1211,1698,
53.1180140133465,96140,954,1210,1699,
53.118788470311614,96140,954,1209,1700,
53.12458319312676,96140,953,1210,1700,
53.12647950489328,96139,954,1210,1700,
53.13444428458936,96139,954,1209,1701,
53.138807488217104,96139,953,1210,1701,
53.14119598799644,96139,953,1209,1702,
53.14283621255073,96139,952,1210,1702,
53.14650450569336,96139,951,1211,1702,
53.14813322057317,96139,950,1212,1702,
53.15062255848958,96139,950,1211,1703,
53.1524385280027,96139,949,1212,1703,
53.15313450764364,96139,948,1213,1703,
53.15318483549609,96139,947,1214,1703,
53.153204015400526,96139,946,1215,1703,
53.154286835790344,96139,945,1216,1703,
53.15428752131571,96139,944,1217,1703,
53.155165674203154,96139,943,1218,1703,
53.156125917778596,96139,942,1219,1703,
53.15853762130375,96139,941,1220,1703,
53.159545243259025,96139,940,1221,1703,
53.1619936793606,96139,939,1222,1703,
53.162194409437824,96138,940,1222,1703,
53.164638248512254,96137,941,1222,1703,
53.16481584955323,96137,940,1223,1703,
53.16950787212389,96137,940,1222,1704,
53.17013484246884,96136,941,1222,1704,
53.17125868050675,96135,942,1222,1704,
53.17278994666344,96135,942,1221,1705,
53.174031833648314,96135,941,1222,1705,
53.1764776572476,96135,940,1223,1705,
53.1790625189402,96134,941,1223,1705,
53.17907114180482,96134,940,1224,1705,
53.17939082499066,96133,941,1224,1705,
53.18018191458983,96132,942,1224,1705,
53.180281402290255,96132,942,1223,1706,
53.18030017067404,96132,941,1224,1706,
53.180744462842874,96132,941,1223,1707,
53.18328412691195,96132,940,1224,1707,
53.184824025429386,96132,940,1223,1708,
53.186156433238665,96132,940,1222,1709,
53.18628940937274,96132,940,1221,1710,
53.18680675226746,96132,939,1222,1710,
53.18690747118376,96132,938,1223,1710,
53.18763026100409,96132,937,1224,1710,
53.18864805035934,96132,936,1225,1710,
53.19012934102742,96132,936,1224,1711,
53.19190840259593,96131,937,1224,1711,
53.19225545123053,96131,936,1225,1711,
53.19383023536281,96130,937,1225,1711,
53.197786134200584,96129,938,1225,1711,
53.19930448849189,96128,939,1225,1711,
53.20010659025051,96128,938,1226,1711,
53.201509127983314,96128,938,1225,1712,
53.20248466264631,96127,939,1225,1712,
53.20306785728438,96127,939,1224,1713,
53.206809824461786,96127,939,1223,1714,
53.20746309273998,96127,939,1222,1715,
53.20801582454562,96127,938,1223,1715,
53.20831176575527,96127,937,1224,1715,
53.20856317006949,96127,936,1225,1715,
53.210161779513385,96127,935,1226,1715,
53.21237227143752,96127,934,1227,1715,
53.21460661918721,96126,935,1227,1715,
53.215173976924355,96125,936,1227,1715,
53.21686850598934,96125,935,1228,1715,
53.21899477587789,96125,935,1227,1716,
53.2192604276872,96124,936,1227,1716,
53.2213873561185,96124,935,1228,1716,
53.221609562549084,96123,936,1228,1716,
53.22393687026664,96123,936,1227,1717,
53.22422120900597,96122,937,1227,1717,
53.22661922146503,96121,938,1227,1717,
53.229609690730186,96121,937,1228,1717,
53.232347157507846,96121,936,1229,1717,
53.2328740233913,96121,936,1228,1718,
53.23326879474406,96121,935,1229,1718,
53.23591773749125,96121,935,1228,1719,
53.23669435719972,96121,934,1229,1719,
53.239444984662164,96120,935,1229,1719,
53.23997967895655,96120,935,1228,1720,
53.24166794788837,96119,936,1228,1720,
53.24315548788118,96119,935,1229,1720,
53.244328064666384,96118,936,1229,1720,
53.25045248067909,96117,937,1229,1720,
53.25211930442486,96116,938,1229,1720,
53.25301791722161,96115,939,1229,1720,
53.254336642557924,96115,939,1228,1721,
53.25647120087577,96114,940,1228,1721,
53.25902972469889,96114,939,1229,1721,
53.26013950357078,96114,938,1230,1721,
53.260548915388405,96113,939,1230,1721,
53.26169609129711,96112,940,1230,1721,
53.261853443147814,96112,939,1231,1721,
53.263049779946826,96111,940,1231,1721,
53.26495624597744,96110,941,1231,1721,
53.265675708079115,96109,942,1231,1721,
53.26989770793691,96108,943,1231,1721,
53.27645680566478,96108,943,1230,1722,
53.2783795323698,96108,942,1231,1722,
53.27982702932775,96108,942,1230,1723,
53.28508393407534,96108,942,1229,1724,
53.285959294508636,96108,942,1228,1725,
53.293247855526616,96107,943,1228,1725,
53.29872019815241,96107,942,1229,1725,
53.29963150297467,96107,942,1228,1726,
53.30009817729078,96107,941,1229,1726,
53.3003894236041,96107,941,1228,1727,
53.30141077654015,96107,941,1227,1728,
53.30216493852511,96107,941,1226,1729,
53.3083779533293,96107,940,1227,1729,
53.3098770655077,96106,941,1227,1729,
53.31065031978209,96106,940,1228,1729,
53.31195276568275,96106,939,1229,1729,
53.31276956154527,96106,938,1230,1729,
53.313931143766844,96106,937,1231,1729,
53.31455486377451,96105,938,1231,1729,
53.32051737390397,96105,937,1232,1729,
53.32055616895675,96105,937,1231,1730,
53.32104414271656,96105,937,1230,1731,
53.32330587371213,96105,936,1231,1731,
53.32576109115774,96104,937,1231,1731,
53.32742777538892,96104,937,1230,1732,
53.333523618523984,96104,937,1229,1733,
53.336954685761945,96104,937,1228,1734,
53.33983298796104,96104,937,1227,1735,
53.34115830921624,96104,937,1226,1736,
53.34122141219154,96104,937,1225,1737,
53.346063379651454,96104,937,1224,1738,
53.34692587665925,96104,936,1225,1738,
53.347879260560305,96103,937,1225,1738,
53.353482983869775,96103,937,1224,1739,
53.35486217972934,96102,938,1224,1739,
53.356938122467234,96101,939,1224,1739,
53.36003399744399,96101,938,1225,1739,
53.36090179949866,96100,939,1225,1739,
53.36231702744449,96099,940,1225,1739,
53.36490744422507,96099,939,1226,1739,
53.36614868846669,96098,940,1226,1739,
53.36664980651574,96097,941,1226,1739,
53.36799568860799,96097,940,1227,1739,
53.37224430952026,96097,939,1228,1739,
53.37530759475011,96097,939,1227,1740,
53.3755157753952,96097,938,1228,1740,
53.377038372617996,96097,938,1227,1741,
53.38176086718909,96097,937,1228,1741,
53.383072941729,96097,936,1229,1741,
53.38427020820557,96096,937,1229,1741,
53.3844732801329,96095,938,1229,1741,
53.38504087637995,96094,939,1229,1741,
53.38563959892804,96093,940,1229,1741,
53.38727503088268,96093,940,1228,1742,
53.38870926200568,96093,940,1227,1743,
53.39020549332856,96092,941,1227,1743,
53.392994008026164,96092,941,1226,1744,
53.394877382547115,96092,940,1227,1744,
53.395122976522046,96092,940,1226,1745,
53.39913729182319,96091,941,1226,1745,
53.40114653588943,96090,942,1226,1745,
53.40832115071937,96090,942,1225,1746,
53.408480538979866,96089,943,1225,1746,
53.40990307079741,96089,943,1224,1747,
53.41156876461155,96089,942,1225,1747,
53.41726347119615,96088,943,1225,1747,
53.4174612656232,96088,942,1226,1747,
53.41910605855416,96088,942,1225,1748,
53.42074460535007,96087,943,1225,1748,
53.42281008788663,96087,943,1224,1749,
53.423304206412894,96087,943,1223,1750,
53.423998550921674,96086,944,1223,1750,
53.42413565156379,96085,945,1223,1750,
53.424689097562315,96084,946,1223,1750,
53.42506817445609,96083,947,1223,1750,
53.425316959959346,96083,946,1224,1750,
53.426007572229324,96082,947,1224,1750,
53.42713132214312,96082,946,1225,1750,
53.434652318187574,96081,947,1225,1750,
53.43707420495482,96081,947,1224,1751,
53.43768955897208,96080,948,1224,1751,
53.438405288348754,96080,948,1223,1752,
53.440168021133246,96080,947,1224,1752,
53.44392289907096,96079,948,1224,1752,
53.44528686644454,96079,948,1223,1753,
53.44770262556443,96079,947,1224,1753,
53.44812801544271,96078,948,1224,1753,
53.449244235348374,96078,948,1223,1754,
53.45155482541883,96078,947,1224,1754,
53.452309778216346,96077,948,1224,1754,
53.45998983250851,96077,948,1223,1755,
53.460278621168925,96077,948,1222,1756,
53.46177131862182,96076,949,1222,1756,
53.46360044252699,96076,949,1221,1757,
53.46603417399617,96075,950,1221,1757,
53.46940127833969,96075,949,1222,1757,
53.46966803519377,96075,948,1223,1757,
53.47445576969835,96074,949,1223,1757,
53.475068121724696,96074,949,1222,1758,
53.47506827017507,96074,948,1223,1758,
53.47733087167788,96073,949,1223,1758,
53.48330677867942,96073,949,1222,1759,
53.488563893845665,96072,950,1222,1759,
53.49191236325244,96072,949,1223,1759,
53.49562622384364,96072,948,1224,1759,
53.495971200234116,96072,947,1225,1759,
53.496329057373536,96072,946,1226,1759,
53.4990868799167,96072,945,1227,1759,
53.49920954514954,96071,946,1227,1759,
53.50405071450951,96071,945,1228,1759,
53.50742879257253,96070,946,1228,1759,
53.5089266235067,96069,947,1228,1759,
53.50897277142123,96069,947,1227,1760,
53.50912344318546,96069,947,1226,1761,
53.51437451306825,96069,946,1227,1761,
53.51615746193419,96069,946,1226,1762,
53.51619127186644,96069,945,1227,1762,
53.51708274629318,96069,944,1228,1762,
53.519948847753916,96069,944,1227,1763,
53.521380496009755,96069,943,1228,1763,
53.52403881593725,96068,944,1228,1763,
53.527018133490444,96068,943,1229,1763,
53.52728217581255,96068,942,1230,1763,
53.52784702626168,96068,941,1231,1763,
53.5288896645424,96068,940,1232,1763,
53.52985039818133,96067,941,1232,1763,
53.53085875928101,96067,940,1233,1763,
53.53356666332525,96067,939,1234,1763,
53.53378474171384,96066,940,1234,1763,
53.53753173686191,96065,941,1234,1763,
53.5377239043936,96064,942,1234,1763,
53.54132463917648,96063,943,1234,1763,
53.54171719724221,96063,942,1235,1763,
53.5429803834288,96063,941,1236,1763,
53.5509192695091,96062,942,1236,1763,
53.554937405641695,96062,942,1235,1764,
53.56759375994319,96061,943,1235,1764,
53.570288013970085,96061,942,1236,1764,
53.57059777183077,96061,941,1237,1764,
53.57072498282853,96061,940,1238,1764,
53.57183061074007,96061,939,1239,1764,
53.57235660638515,96060,940,1239,1764,
53.57461214846502,96059,941,1239,1764,
53.57610695983183,96058,942,1239,1764,
53.57662905656259,96058,941,1240,1764,
53.57754950822977,96057,942,1240,1764,
53.58049011358736,96056,943,1240,1764,
53.58281890359221,96056,943,1239,1765,
53.582978390727384,96056,942,1240,1765,
53.58313448079583,96056,942,1239,1766,
53.58452556324496,96056,941,1240,1766,
53.584593616997665,96056,941,1239,1767,
53.58555563711583,96056,940,1240,1767,
53.586002355070896,96055,941,1240,1767,
53.58895656892639,96055,940,1241,1767,
53.589065350382505,96055,939,1242,1767,
53.594675541680694,96055,939,1241,1768,
53.59567554412742,96055,938,1242,1768,
53.59902756958969,96055,937,1243,1768,
53.60262089996725,96055,937,1242,1769,
53.60359291536358,96054,938,1242,1769,
53.60846551570794,96054,938,1241,1770,
53.608650169574325,96054,938,1240,1771,
53.6142148676149,96054,938,1239,1772,
53.61648739441751,96054,938,1238,1773,
53.61770118988608,96054,937,1239,1773,
53.619240866039426,96054,936,1240,1773,
53.62048827325152,96053,937,1240,1773,
53.621252673010446,96053,937,1239,1774,
53.62213812281539,96053,936,1240,1774,
53.62403456492251,96052,937,1240,1774,
53.62542763597118,96051,938,1240,1774,
53.62787122177756,96050,939,1240,1774,
53.62872862431286,96050,938,1241,1774,
53.62943861349445,96050,938,1240,1775,
53.629532647127206,96050,938,1239,1776,
53.63049410107049,96050,938,1238,1777,
53.63064167241622,96050,937,1239,1777,
53.63197449227692,96050,936,1240,1777,
53.63355343548629,96050,935,1241,1777,
53.63819256228926,96049,936,1241,1777,
53.63904527272157,96049,936,1240,1778,
53.642995934077426,96049,935,1241,1778,
53.64364620651159,96048,936,1241,1778,
53.646270516013985,96048,936,1240,1779,
53.64744284080466,96048,935,1241,1779,
53.64870025800215,96047,936,1241,1779,
53.65010936825176,96047,935,1242,1779,
53.6515172146515,96047,934,1243,1779,
53.65382679130398,96046,935,1243,1779,
53.660244004959246,96046,934,1244,1779,
53.66146275770138,96046,934,1243,1780,
53.66216692973702,96046,933,1244,1780,
53.66771445533924,96045,934,1244,1780,
53.66998266737924,96044,935,1244,1780,
53.67337634993907,96044,934,1245,1780,
53.67369891339165,96044,934,1244,1781,
53.67943365455095,96044,934,1243,1782,
53.679569748601025,96044,933,1244,1782,
53.680726959621445,96044,932,1245,1782,
53.6882077683735,96044,931,1246,1782,
53.68856258953684,96044,930,1247,1782,
53.68995815663201,96044,929,1248,1782,
53.69822730723183,96044,928,1249,1782,
53.701091591993574,96044,927,1250,1782,
53.70181668622917,96044,927,1249,1783,
53.70189065099791,96044,926,1250,1783,
53.70281644648212,96044,925,1251,1783,
53.70340113854493,96043,926,1251,1783,
53.70458513080288,96043,925,1252,1783,
53.70569210158257,96043,925,1251,1784,
53.70882165527215,96043,924,1252,1784,
53.70923166741592,96042,925,1252,1784,
53.710213027582746,96042,925,1251,1785,
53.71228766381718,96042,925,1250,1786,
53.71406241947456,96041,926,1250,1786,
53.71629924595584,96041,926,1249,1787,
53.71930311017325,96041,925,1250,1787,
53.7196387163982,96041,924,1251,1787,
53.720500613659496,96041,923,1252,1787,
53.721885074832294,96040,924,1252,1787,
53.72343948314115,96040,924,1251,1788,
53.72384109517207,96040,924,1250,1789,
53.726918683523095,96040,924,1249,1790,
53.73151558020718,96040,923,1250,1790,
53.732223595251185,96040,922,1251,1790,
53.73388240193255,96040,922,1250,1791,
53.73712083043354,96039,923,1250,1791,
53.739421708624306,96038,924,1250,1791,
53.739907820515896,96037,925,1250,1791,
53.740106787585376,96037,924,1251,1791,
53.740803213661,96036,925,1251,1791,
53.74237070299991,96036,924,1252,1791,
53.753436882548414,96036,924,1251,1792,
53.75384831523086,96036,924,1250,1793,
53.75611712154921,96036,924,1249,1794,
53.7561208921711,96035,925,1249,1794,
53.75818402991126,96034,926,1249,1794,
53.76028494481302,96034,926,1248,1795,
53.760553277570295,96033,927,1248,1795,
53.76519776421627,96033,926,1249,1795,
53.76913380391841,96033,926,1248,1796,
53.76914308707067,96033,925,1249,1796,
53.769494797718004,96033,925,1248,1797,
53.771206900951604,96033,925,1247,1798,
53.77145333136523,96032,926,1247,1798,
53.77320147209167,96032,925,1248,1798,
53.77928178931649,96031,926,1248,1798,
53.7802775997357,96031,925,1249,1798,
53.782125511850175,96031,925,1248,1799,
53.783225667488864,96031,924,1249,1799,
53.78615732788456,96031,923,1250,1799,
53.788369244008976,96030,924,1250,1799,
53.78862403584875,96029,925,1250,1799,
53.78892967720469,96029,925,1249,1800,
53.790344613070545,96028,926,1249,1800,
53.79183290504293,96027,927,1249,1800,
53.7946087413678,96027,927,1248,1801,
53.79639007267028,96027,926,1249,1801,
53.805397863650505,96027,926,1248,1802,
53.80773124359252,96026,927,1248,1802,
53.80877826008122,96025,928,1248,1802,
53.81169903443238,96025,927,1249,1802,
53.815853096657065,96024,928,1249,1802,
53.822826771513014,96024,927,1250,1802,
53.82309833711198,96024,927,1249,1803,
53.82500063416026,96024,927,1248,1804,
53.82554057836271,96024,926,1249,1804,
53.82575320785218,96024,925,1250,1804,
53.827487304339606,96023,926,1250,1804,
53.82933101947553,96023,925,1251,1804,
53.830169750495905,96023,925,1250,1805,
53.83369833064235,96023,924,1251,1805,
53.835277658106406,96022,925,1251,1805,
53.840479858361626,96021,926,1251,1805,
53.84267146272323,96020,927,1251,1805,
53.843757356262834,96020,926,1252,1805,
53.845043109184175,96020,925,1253,1805,
53.84637174464706,96020,925,1252,1806,
53.85278072679745,96020,925,1251,1807,
53.85361739059498,96020,925,1250,1808,
53.85369791376732,96019,926,1250,1808,
53.85780341832276,96018,927,1250,1808,
53.85905662160393,96017,928,1250,1808,
53.860656735657116,96016,929,1250,1808,
53.86175500942527,96015,930,1250,1808,
53.86232742138309,96014,931,1250,1808,
53.864747982254734,96014,930,1251,1808,
53.866645627941075,96013,931,1251,1808,
53.86816775782047,96013,931,1250,1809,
53.868754672719774,96013,930,1251,1809,
53.870607728358706,96013,930,1250,1810,
53.871169028572254,96013,930,1249,1811,
53.871979223365,96012,931,1249,1811,
53.880074369273615,96012,930,1250,1811,
53.88049319402369,96011,931,1250,1811,
53.88175516411399,96011,930,1251,1811,
53.884068903329414,96010,931,1251,1811,
53.88449143546108,96010,931,1250,1812,
53.88646275637867,96010,931,1249,1813,
53.8877922952611,96010,931,1248,1814,
53.8899067323213,96010,931,1247,1815,
53.89057539938433,96010,930,1248,1815,
53.89118466298534,96009,931,1248,1815,
53.89343141870866,96009,930,1249,1815,
53.8968254927895,96008,931,1249,1815,
53.89854709494588,96008,930,1250,1815,
53.898674462515814,96008,929,1251,1815,
53.900198410360545,96008,929,1250,1816,
53.90415513819129,96008,929,1249,1817,
53.90753472360354,96007,930,1249,1817,
53.908628524147844,96007,930,1248,1818,
53.91021248167371,96007,930,1247,1819,
53.912443057928535,96007,930,1246,1820,
53.91529806421505,96007,930,1245,1821,
53.91747206229881,96007,929,1246,1821,
53.918193581818734,96007,928,1247,1821,
53.91849935468161,96007,928,1246,1822,
53.9195016844344,96006,929,1246,1822,
53.92310258221891,96006,929,1245,1823,
53.92326817530645,96005,930,1245,1823,
53.92456995494761,96005,929,1246,1823,
53.924610048967814,96004,930,1246,1823,
53.92627524288041,96004,930,1245,1824,
53.93399314319647,96004,929,1246,1824,
53.93641951799708,96004,929,1245,1825,
53.939331425793746,96004,928,1246,1825,
53.939903141802944,96004,927,1247,1825,
53.946788412980865,96004,927,1246,1826,
53.950612035885484,96004,927,1245,1827,
53.95235107081992,96004,926,1246,1827,
53.952795239399556,96004,926,1245,1828,
53.95400360530815,96004,926,1244,1829,
53.958708377904394,96004,925,1245,1829,
53.96254303394335,96004,924,1246,1829,
53.96390159177915,96004,924,1245,1830,
53.96536702439946,96004,923,1246,1830,
53.96593881601266,96004,922,1247,1830,
53.9667608575934,96004,921,1248,1830,
53.967523150481284,96004,920,1249,1830,
53.968034713390345,96004,919,1250,1830,
53.96845526650386,96004,919,1249,1831,
53.96954964608765,96003,920,1249,1831,
53.96966615013174,96002,921,1249,1831,
53.97314490571216,96002,921,1248,1832,
53.975502818635164,96002,920,1249,1832,
53.98039714788049,96001,921,1249,1832,
53.98245714673378,96000,922,1249,1832,
53.98453610512463,96000,921,1250,1832,
53.987299174912074,95999,922,1250,1832,
53.98790777099514,95999,922,1249,1833,
53.98908895640843,95999,921,1250,1833,
53.99041735011772,95999,920,1251,1833,
53.99290622678434,95999,920,1250,1834,
53.99295209557873,95998,921,1250,1834,
53.993699253163385,95998,921,1249,1835,
53.995607877229105,95997,922,1249,1835,
53.995819347128666,95996,923,1249,1835,
54.000749024482694,95995,924,1249,1835,
54.00212321380228,95995,923,1250,1835,
54.002231298112676,95995,923,1249,1836,
54.00602058402975,95995,923,1248,1837,
54.00623448926045,95994,924,1248,1837,
54.006340191927286,95994,923,1249,1837,
54.0097082785612,95994,922,1250,1837,
54.01619839500261,95994,922,1249,1838,
54.01661695243219,95994,921,1250,1838,
54.02738865014904,95994,920,1251,1838,
54.02822617728608,95993,921,1251,1838,
54.0290110062305,95993,920,1252,1838,
54.02925054766255,95993,919,1253,1838,
54.03213035059417,95993,919,1252,1839,
54.035077725360836,95993,918,1253,1839,
54.03535476759648,95992,919,1253,1839,
54.0367339429852,95992,919,1252,1840,
54.03732621161082,95992,919,1251,1841,
54.03878203372634,95992,919,1250,1842,
54.041021269607874,95991,920,1250,1842,
54.04171023959316,95991,920,1249,1843,
54.04576593764742,95991,919,1250,1843,
54.047913158374776,95991,918,1251,1843,
54.05055664109026,95991,918,1250,1844,
54.05965118217273,95991,917,1251,1844,
54.0619920221237,95991,917,1250,1845,
54.069163675876936,95991,916,1251,1845,
54.07536757661805,95991,915,1252,1845,
54.076932362935025,95991,915,1251,1846,
54.077202802722,95990,916,1251,1846,
54.08929131839158,95990,916,1250,1847,
54.09707993365839,95990,915,1251,1847,
54.09801643294289,95990,915,1250,1848,
54.10225355765644,95989,916,1250,1848,
54.10331297745256,95988,917,1250,1848,
54.1037675324478,95988,916,1251,1848,
54.10519220497653,95988,916,1250,1849,
54.10708385937156,95987,917,1250,1849,
54.10764938709679,95987,917,1249,1850,
54.10840159487393,95987,916,1250,1850,
54.11372338039305,95987,915,1251,1850,
54.1164077472783,95986,916,1251,1850,
54.11820094640479,95986,915,1252,1850,
54.12047621570264,95986,915,1251,1851,
54.12059049844243,95986,914,1252,1851,
54.121907616058486,95985,915,1252,1851,
54.124350108532795,95985,915,1251,1852,
54.12518121568115,95985,915,1250,1853,
54.129506478764384,95985,915,1249,1854,
54.13454486454911,95984,916,1249,1854,
54.136351597317336,95983,917,1249,1854,
54.137587086160465,95983,917,1248,1855,
54.14140495058216,95983,916,1249,1855,
54.14149142518178,95983,915,1250,1855,
54.14169556951333,95983,915,1249,1856,
54.14229194695539,95983,914,1250,1856,
54.14330222168646,95983,914,1249,1857,
54.14415580539023,95983,913,1250,1857,
54.14783338554277,95982,914,1250,1857,
54.15061004525719,95981,915,1250,1857,
54.15107259687474,95981,914,1251,1857,
54.15293339206299,95980,915,1251,1857,
54.154600180138914,95979,916,1251,1857,
54.15766319714534,95979,915,1252,1857,
54.15918031122002,95978,916,1252,1857,
54.160026092327655,95977,917,1252,1857,
54.16314473817045,95977,916,1253,1857,
54.16766550535715,95976,917,1253,1857,
54.16990362362149,95975,918,1253,1857,
54.171005265795394,95975,918,1252,1858,
54.17101318492618,95975,917,1253,1858,
54.171804430842236,95974,918,1253,1858,
54.17300438546108,95974,917,1254,1858,
54.17564373958242,95974,917,1253,1859,
54.17728820852138,95973,918,1253,1859,
54.17728962335426,95973,917,1254,1859,
54.179554170647954,95973,917,1253,1860,
54.183340873705504,95973,916,1254,1860,
54.1906139232505,95973,915,1255,1860,
54.19197724858463,95973,914,1256,1860,
54.19285955722987,95972,915,1256,1860,
54.1950441509278,95972,915,1255,1861,
54.19560192800203,95972,914,1256,1861,
54.199408900635476,95972,914,1255,1862,
54.20236023151391,95972,913,1256,1862,
54.20391474248027,95972,913,1255,1863,
54.207317481020986,95972,913,1254,1864,
54.207805517589286,95971,914,1254,1864,
54.20973669560825,95970,915,1254,1864,
54.209981895784466,95970,915,1253,1865,
54.21043518404773,95970,914,1254,1865,
54.212954900128445,95969,915,1254,1865,
54.21378540428715,95969,914,1255,1865,
54.21563741713969,95968,915,1255,1865,
54.21641458158512,95968,915,1254,1866,
54.22439451453679,95968,914,1255,1866,
54.22733243386602,95967,915,1255,1866,
54.22775021200532,95967,915,1254,1867,
54.22837906665997,95967,914,1255,1867,
54.22989235038661,95967,913,1256,1867,
54.234661752120154,95967,913,1255,1868,
54.23562617700049,95967,912,1256,1868,
54.235853452592366,95967,912,1255,1869,
54.23820433343012,95967,911,1256,1869,
54.24104239925018,95966,912,1256,1869,
54.243359050949024,95966,912,1255,1870,
54.25301967183963,95966,911,1256,1870,
54.2542495708405,95966,910,1257,1870,
54.25822020499922,95966,910,1256,1871,
54.2599774370072,95966,909,1257,1871,
54.26016862975352,95965,910,1257,1871,
54.26019647077836,95965,909,1258,1871,
54.26460285262989,95965,909,1257,1872,
54.26713101185277,95964,910,1257,1872,
54.2682931387975,95963,911,1257,1872,
54.269405762101506,95963,911,1256,1873,
54.26994005039228,95962,912,1256,1873,
54.27165600692179,95962,912,1255,1874,
54.27792008413905,95961,913,1255,1874,
54.2787534658266,95961,912,1256,1874,
54.27884734993694,95961,911,1257,1874,
54.28226622829391,95961,911,1256,1875,
54.282793356895226,95960,912,1256,1875,
54.286503385109214,95960,911,1257,1875,
54.28678675911954,95959,912,1257,1875,
54.29000174620667,95959,912,1256,1876,
54.29108406531818,95959,911,1257,1876,
54.29117837483747,95958,912,1257,1876,
54.29168145071565,95957,913,1257,1876,
54.29274652347615,95957,912,1258,1876,
54.29314876712101,95957,912,1257,1877,
54.29778218779884,95956,913,1257,1877,
54.30145547769277,95956,913,1256,1878,
54.30259817379221,95956,913,1255,1879,
54.3044337190959,95956,912,1256,1879,
54.30470744986548,95956,912,1255,1880,
54.30514647013872,95956,911,1256,1880,
54.30679901177012,95956,911,1255,1881,
54.30792888950059,95956,910,1256,1881,
54.30967377015527,95955,911,1256,1881,
54.31315343921682,95954,912,1256,1881,
54.315079298517105,95953,913,1256,1881,
54.318192201403164,95952,914,1256,1881,
54.31921730735421,95952,914,1255,1882,
54.3197005988842,95952,914,1254,1883,
54.32408357413864,95952,913,1255,1883,
54.325311857579464,95951,914,1255,1883,
54.32639191793679,95950,915,1255,1883,
54.32774591288629,95949,916,1255,1883,
54.32923117013148,95948,917,1255,1883,
54.33095412785417,95948,916,1256,1883,
54.331933741013366,95948,916,1255,1884,
54.334665235032034,95948,916,1254,1885,
54.33633883363053,95948,916,1253,1886,
54.336540935280254,95948,915,1254,1886,
54.34325798835892,95947,916,1254,1886,
54.34683208534836,95946,917,1254,1886,
54.34763489314364,95946,917,1253,1887,
54.34828870772931,95946,916,1254,1887,
54.349165693969255,95946,915,1255,1887,
54.34936048064526,95946,914,1256,1887,
54.35007358585814,95946,913,1257,1887,
54.35031861460845,95946,912,1258,1887,
54.35569721263743,95945,913,1258,1887,
54.35669697796541,95945,913,1257,1888,
54.36208512309138,95945,912,1258,1888,
54.36273881469042,95944,913,1258,1888,
54.36365526797441,95944,913,1257,1889,
54.3644799383608,95943,914,1257,1889,
54.364751017026784,95943,914,1256,1890,
54.36607664681562,95943,913,1257,1890,
54.37238149863714,95942,914,1257,1890,
54.3758663624268,95942,914,1256,1891,
54.37856652941149,95942,913,1257,1891,
54.37920102710284,95942,912,1258,1891,
54.38560157914039,95942,911,1259,1891,
54.38603465980251,95942,910,1260,1891,
54.3928493096179,95941,911,1260,1891,
54.393110672409065,95941,911,1259,1892,
54.393213605905004,95940,912,1259,1892,
54.393469834103854,95940,912,1258,1893,
54.395661688344774,95940,911,1259,1893,
54.400156061372485,95940,911,1258,1894,
54.40223099477062,95939,912,1258,1894,
54.40314200916114,95939,912,1257,1895,
54.404449287791394,95939,912,1256,1896,
54.40484168089392,95939,911,1257,1896,
54.407545851808386,95938,912,1257,1896,
54.40955796486327,95938,911,1258,1896,
54.41251516700518,95937,912,1258,1896,
54.416938110436206,95936,913,1258,1896,
54.417459404388325,95936,913,1257,1897,
54.41874592045091,95936,913,1256,1898,
54.41935444369792,95936,913,1255,1899,
54.42352405822587,95936,913,1254,1900,
54.42457683839743,95936,912,1255,1900,
54.42507243361565,95936,911,1256,1900,
54.42631184856668,95936,910,1257,1900,
54.430475036095416,95936,909,1258,1900,
54.434219994175855,95936,908,1259,1900,
54.43445455458318,95936,908,1258,1901,
54.43542120979727,95936,908,1257,1902,
54.436870852819794,95936,908,1256,1903,
54.43701152125185,95936,908,1255,1904,
54.43736084149467,95935,909,1255,1904,
54.437499642325804,95935,909,1254,1905,
54.43787202446331,95934,910,1254,1905,
54.446592395555825,95933,911,1254,1905,
54.45193644807725,95933,910,1255,1905,
54.452893901250626,95933,909,1256,1905,
54.460865877947654,95932,910,1256,1905,
54.46333710514998,95931,911,1256,1905,
54.46417279591388,95930,912,1256,1905,
54.46626351639522,95930,912,1255,1906,
54.46857608144232,95930,911,1256,1906,
54.46878254905581,95930,911,1255,1907,
54.471516749816026,95929,912,1255,1907,
54.47228938597715,95929,911,1256,1907,
54.47332277759155,95928,912,1256,1907,
54.47963808865134,95928,911,1257,1907,
54.48319399289718,95928,911,1256,1908,
54.48428428351657,95928,911,1255,1909,
54.484372556996775,95928,910,1256,1909,
54.48857375484366,95928,909,1257,1909,
54.48864786662899,95928,908,1258,1909,
54.49282324328704,95928,907,1259,1909,
54.49658775821318,95928,907,1258,1910,
54.49699626047751,95928,907,1257,1911,
54.49954442462673,95928,906,1258,1911,
54.502608465646034,95928,906,1257,1912,
54.5044865853872,95927,907,1257,1912,
54.504618104261034,95927,906,1258,1912,
54.50657678447109,95926,907,1258,1912,
54.50694523907501,95925,908,1258,1912,
54.50728742779577,95925,908,1257,1913,
54.51137014420708,95925,908,1256,1914,
54.512486763581535,95925,907,1257,1914,
54.51430200548533,95925,907,1256,1915,
54.51450842909852,95924,908,1256,1915,
54.51697774992699,95924,907,1257,1915,
54.51931235468198,95924,906,1258,1915,
54.52179327931177,95924,906,1257,1916,
54.52274061682708,95923,907,1257,1916,
54.52386974475539,95923,907,1256,1917,
54.52603945574751,95923,906,1257,1917,
54.52724174994035,95923,906,1256,1918,
54.52830495053617,95923,905,1257,1918,
54.52911094399368,95923,904,1258,1918,
54.52934880220692,95923,903,1259,1918,
54.53020368077746,95922,904,1259,1918,
54.53103631747832,95922,904,1258,1919,
54.5315359339212,95921,905,1258,1919,
54.532179645451706,95921,905,1257,1920,
54.53669889238113,95920,906,1257,1920,
54.5456617008345,95920,906,1256,1921,
54.54574255444005,95920,905,1257,1921,
54.549780198609525,95920,904,1258,1921,
54.55046776410511,95920,903,1259,1921,
54.554956919795146,95920,902,1260,1921,
54.55609079693055,95920,901,1261,1921,
54.557078515169806,95920,901,1260,1922,
54.55752388078806,95920,901,1259,1923,
54.55861811758491,95920,900,1260,1923,
54.56341055608906,95920,900,1259,1924,
54.56671569032322,95919,901,1259,1924,
54.5697816024535,95919,901,1258,1925,
54.571160909222094,95919,900,1259,1925,
54.571327215615185,95919,900,1258,1926,
54.57995743585824,95919,899,1259,1926,
54.58024584803941,95919,899,1258,1927,
54.585405896336,95919,898,1259,1927,
54.58699503391307,95919,897,1260,1927,
54.5886057130534,95919,897,1259,1928,
54.590435260784325,95919,896,1260,1928,
54.59256932296065,95919,895,1261,1928,
54.594741907532395,95919,894,1262,1928,
54.5950871314202,95919,894,1261,1929,
54.59529498918435,95919,893,1262,1929,
54.59628490194855,95919,892,1263,1929,
54.59723721374009,95919,892,1262,1930,
54.598426373269874,95918,893,1262,1930,
54.60046809134997,95917,894,1262,1930,
54.60235102214674,95917,893,1263,1930,
54.60284937385609,95916,894,1263,1930,
54.60287724148032,95916,894,1262,1931,
54.60449969635573,95916,893,1263,1931,
54.606935321306246,95916,892,1264,1931,
54.6075876571615,95916,892,1263,1932,
54.61019697966014,95916,892,1262,1933,
54.61144609635543,95915,893,1262,1933,
54.61751519535637,95914,894,1262,1933,
54.62024137431272,95914,894,1261,1934,
54.62030927116846,95914,893,1262,1934,
54.62384067783691,95914,893,1261,1935,
54.627727367149156,95913,894,1261,1935,
54.631876147566615,95912,895,1261,1935,
54.640663942079264,95912,894,1262,1935,
54.644724121872834,95912,894,1261,1936,
54.64498341754858,95912,894,1260,1937,
54.6508897804399,95912,894,1259,1938,
54.654758684983356,95912,893,1260,1938,
54.65586928291519,95912,893,1259,1939,
54.65673743635688,95912,892,1260,1939,
54.6586463900296,95912,892,1259,1940,
54.66064671724542,95912,891,1260,1940,
54.66108802632832,95912,890,1261,1940,
54.661365878179154,95911,891,1261,1940,
54.66186577073898,95911,891,1260,1941,
54.66770957681117,95911,891,1259,1942,
54.67716669660561,95911,891,1258,1943,
54.67841659291467,95910,892,1258,1943,
54.67982901991193,95909,893,1258,1943,
54.68312695509766,95909,892,1259,1943,
54.68378588613657,95909,891,1260,1943,
54.685871930301225,95909,890,1261,1943,
54.6868056585613,95909,889,1262,1943,
54.68788890393571,95909,888,1263,1943,
54.69199826557619,95909,888,1262,1944,
54.694758502590595,95908,889,1262,1944,
54.695389009925314,95908,888,1263,1944,
54.695527197629374,95908,888,1262,1945,
54.696571676159586,95908,888,1261,1946,
54.704017382375504,95907,889,1261,1946,
54.7048315675814,95907,888,1262,1946,
54.70742608514789,95907,887,1263,1946,
54.70788273525645,95907,886,1264,1946,
54.71120347769645,95907,886,1263,1947,
54.71238157909762,95907,885,1264,1947,
54.71241059908818,95907,885,1263,1948,
54.71315121287602,95907,885,1262,1949,
54.71613903331884,95907,885,1261,1950,
54.71648803294643,95906,886,1261,1950,
54.71667887921536,95905,887,1261,1950,
54.71782313081256,95905,886,1262,1950,
54.718885469338694,95904,887,1262,1950,
54.719533733602404,95903,888,1262,1950,
54.72037389483976,95903,887,1263,1950,
54.7213470398873,95902,888,1263,1950,
54.72387109417672,95902,887,1264,1950,
54.72616526722962,95902,887,1263,1951,
54.73153103911965,95901,888,1263,1951,
54.73404428809317,95901,887,1264,1951,
54.73421363388953,95901,887,1263,1952,
54.73765831917956,95901,887,1262,1953,
54.73786572623164,95901,887,1261,1954,
54.73806858179205,95901,886,1262,1954,
54.740930084653314,95901,885,1263,1954,
54.743539934794306,95901,884,1264,1954,
54.747014340744414,95901,883,1265,1954,
54.748025088925395,95900,884,1265,1954,
54.75055019241622,95900,884,1264,1955,
54.75094797223174,95899,885,1264,1955,
54.75932551335073,95899,885,1263,1956,
54.76032287215683,95898,886,1263,1956,
54.76090893852786,95898,886,1262,1957,
54.762338719019134,95898,886,1261,1958,
54.76427535084281,95898,885,1262,1958,
54.76614426902672,95898,884,1263,1958,
54.76663166165095,95898,883,1264,1958,
54.76755011205553,95898,882,1265,1958,
54.76935720876994,95898,882,1264,1959,
54.774262057923316,95898,881,1265,1959,
54.77593249570795,95898,881,1264,1960,
54.780655309626944,95898,881,1263,1961,
54.781814790795856,95898,880,1264,1961,
54.785722561665445,95898,879,1265,1961,
54.787700314607825,95897,880,1265,1961,
54.789326710420234,95896,881,1265,1961,
54.7896109048894,95895,882,1265,1961,
54.78967851655448,95894,883,1265,1961,
54.79772795297249,95894,882,1266,1961,
54.798119070893996,95894,881,1267,1961,
54.79842338409842,95894,880,1268,1961,
54.79843882375807,95893,881,1268,1961,
54.80013161972705,95893,880,1269,1961,
54.80637681574325,95892,881,1269,1961,
54.80796942618715,95891,882,1269,1961,
54.80876581772885,95891,881,1270,1961,
54.8096453265147,95891,880,1271,1961,
54.81404614860691,95890,881,1271,1961,
54.8140655059754,95890,880,1272,1961,
54.81588404792482,95890,880,1271,1962,
54.81635642492005,95890,880,1270,1963,
54.81693980082215,95890,880,1269,1964,
54.81930799490552,95890,879,1270,1964,
54.819351053202126,95890,879,1269,1965,
54.831520777029205,95890,878,1270,1965,
54.832429101214196,95889,879,1270,1965,
54.83321649948244,95889,879,1269,1966,
54.835765828846185,95889,879,1268,1967,
54.839978388892135,95889,878,1269,1967,
54.83999533762101,95889,878,1268,1968,
54.840138837549326,95889,877,1269,1968,
54.841129374632395,95888,878,1269,1968,
54.8465877269061,95888,877,1270,1968,
54.85040622042035,95888,877,1269,1969,
54.8515077102922,95888,876,1270,1969,
54.85246852909244,95887,877,1270,1969,
54.85295062488866,95887,876,1271,1969,
54.85349701972174,95887,875,1272,1969,
54.8540848369409,95887,874,1273,1969,
54.85475231180724,95887,873,1274,1969,
54.86070171146985,95886,874,1274,1969,
54.86182256968685,95886,874,1273,1970,
54.86213214234116,95886,873,1274,1970,
54.86341366993872,95885,874,1274,1970,
54.86696424867542,95885,873,1275,1970,
54.867435897888825,95885,873,1274,1971,
54.86760337281655,95884,874,1274,1971,
54.86837540102865,95884,874,1273,1972,
54.86952897865308,95883,875,1273,1972,
54.86958815253369,95883,874,1274,1972,
54.87263991108005,95882,875,1274,1972,
54.874221249095356,95882,874,1275,1972,
54.87686735192854,95882,873,1276,1972,
54.87830454208988,95881,874,1276,1972,
54.87848372564469,95881,874,1275,1973,
54.87998961276429,95881,873,1276,1973,
54.88241224059423,95881,873,1275,1974,
54.883807264640375,95881,873,1274,1975,
54.88592085184648,95881,872,1275,1975,
54.88709501726946,95881,871,1276,1975,
54.88956203092247,95880,872,1276,1975,
54.89080819555806,95880,872,1275,1976,
54.89759092481307,95880,871,1276,1976,
54.89968961372006,95880,870,1277,1976,
54.9010161734226,95880,869,1278,1976,
54.90122059390524,95880,869,1277,1977,
54.901752740661976,95879,870,1277,1977,
54.902231630701905,95879,869,1278,1977,
54.90549319281357,95879,869,1277,1978,
54.906231106573365,95879,868,1278,1978,
54.90817342743411,95879,867,1279,1978,
54.91055653846399,95879,866,1280,1978,
54.9108058880395,95879,865,1281,1978,
54.91251237927661,95878,866,1281,1978,
54.9125336038983,95877,867,1281,1978,
54.91722879869565,95876,868,1281,1978,
54.91966145624633,95876,867,1282,1978,
54.92028552717128,95876,867,1281,1979,
54.92125697448018,95876,867,1280,1980,
54.92466166856234,95876,866,1281,1980,
54.9299427716304,95875,867,1281,1980,
54.93344000566712,95875,867,1280,1981,
54.93421351560797,95875,866,1281,1981,
54.93891960499554,95874,867,1281,1981,
54.94007857561564,95873,868,1281,1981,
54.94019750909941,95873,867,1282,1981,
54.94023871977651,95872,868,1282,1981,
54.94114826446437,95872,867,1283,1981,
54.94582245506676,95872,866,1284,1981,
54.945913495448494,95872,866,1283,1982,
54.94710662501925,95872,865,1284,1982,
54.94779982785443,95872,864,1285,1982,
54.94935485555945,95872,863,1286,1982,
54.95164373807715,95872,863,1285,1983,
54.95310189894827,95872,863,1284,1984,
54.95549792239149,95872,862,1285,1984,
54.95580829165545,95872,861,1286,1984,
54.95601794934569,95872,860,1287,1984,
54.95639644206254,95872,859,1288,1984,
54.96052028263961,95872,859,1287,1985,
54.9605519416875,95871,860,1287,1985,
54.96223105261386,95870,861,1287,1985,
54.962509646351656,95869,862,1287,1985,
54.96719401512424,95869,862,1286,1986,
54.96728701023029,95868,863,1286,1986,
54.969286667618626,95868,862,1287,1986,
54.97160753624589,95867,863,1287,1986,
54.97364832166935,95867,863,1286,1987,
54.97519735098938,95867,863,1285,1988,
54.98001373976763,95867,863,1284,1989,
54.9802332195333,95867,863,1283,1990,
54.98409003683646,95866,864,1283,1990,
54.98738763355577,95866,864,1282,1991,
54.98962974120769,95865,865,1282,1991,
54.99029608110448,95864,866,1282,1991,
54.99074837775694,95864,866,1281,1992,
54.992207748357316,95864,866,1280,1993,
54.99255806652639,95863,867,1280,1993,
54.99273447213122,95862,868,1280,1993,
54.993822994131364,95862,867,1281,1993,
54.99429900026776,95861,868,1281,1993,
54.995086862403376,95860,869,1281,1993,
54.99655995374846,95860,868,1282,1993,
54.99729753242127,95860,867,1283,1993,
54.99988444397391,95860,867,1282,1994,
54.99999356548835,95860,866,1283,1994,
55.00012497668458,95859,867,1283,1994,
55.000869597517855,95858,868,1283,1994,
55.00110173687532,95858,867,1284,1994,
55.00263352747616,95858,867,1283,1995,
55.00351778590296,95858,867,1282,1996,
55.00546198198586,95858,866,1283,1996,
55.00669024703839,95858,866,1282,1997,
55.006896013038144,95858,866,1281,1998,
55.01231723002322,95857,867,1281,1998,
55.01442090382275,95857,867,1280,1999,
55.01552934868188,95857,867,1279,2000,
55.01931840269743,95856,868,1279,2000,
55.021175988784115,95856,868,1278,2001,
55.02119741000609,95855,869,1278,2001,
55.0233887183418,95855,868,1279,2001,
55.02430459797251,95855,868,1278,2002,
55.02487885577406,95855,867,1279,2002,
55.02629327674755,95855,867,1278,2003,
55.02645982393531,95855,867,1277,2004,
55.02851877615624,95854,868,1277,2004,
55.031464244802955,95854,868,1276,2005,
55.033432577350816,95854,867,1277,2005,
55.03356776535207,95854,867,1276,2006,
55.03616391226626,95854,867,1275,2007,
55.039126093263064,95853,868,1275,2007,
55.04033856561988,95853,867,1276,2007,
55.048635187927076,95852,868,1276,2007,
55.05602375102879,95852,867,1277,2007,
55.05637309772388,95852,866,1278,2007,
55.05749950527059,95851,867,1278,2007,
55.05753273538262,95851,866,1279,2007,
55.05820701380176,95851,865,1280,2007,
55.062638580196385,95851,864,1281,2007,
55.0680762616652,95850,865,1281,2007,
55.06820019737136,95849,866,1281,2007,
55.07083376528368,95849,866,1280,2008,
55.07244061609814,95849,866,1279,2009,
55.07465227619011,95849,865,1280,2009,
55.07561353229262,95849,864,1281,2009,
55.07616720509121,95848,865,1281,2009,
55.07889888693214,95848,865,1280,2010,
55.079547795530154,95848,865,1279,2011,
55.080902122285295,95848,864,1280,2011,
55.081443489823585,95848,863,1281,2011,
55.08235917114994,95847,864,1281,2011,
55.08862508094835,95847,863,1282,2011,
55.088768486101735,95846,864,1282,2011,
55.08979463725357,95846,863,1283,2011,
55.090210205994566,95846,862,1284,2011,
55.093661930591566,95845,863,1284,2011,
55.09393967527375,95844,864,1284,2011,
55.1054093317446,95843,865,1284,2011,
55.10969225163106,95843,864,1285,2011,
55.11145951814417,95842,865,1285,2011,
55.11702197193806,95842,865,1284,2012,
55.12121212689017,95841,866,1284,2012,
55.121621825334834,95841,865,1285,2012,
55.12541283216474,95840,866,1285,2012,
55.125806187899016,95840,866,1284,2013,
55.125880045705784,95839,867,1284,2013,
55.12693058403159,95839,866,1285,2013,
55.12723973636982,95839,865,1286,2013,
55.12747667456397,95839,865,1285,2014,
55.13690733077392,95839,864,1286,2014,
55.13905982875643,95838,865,1286,2014,
55.139316725174105,95838,864,1287,2014,
55.14146536600961,95838,864,1286,2015,
55.141667272712496,95838,863,1287,2015,
55.145406471913404,95838,862,1288,2015,
55.14748624400557,95838,861,1289,2015,
55.151299557247256,95838,860,1290,2015,
55.151693599651146,95838,859,1291,2015,
55.153934953283894,95837,860,1291,2015,
55.155712423329646,95836,861,1291,2015,
55.16233157682121,95836,860,1292,2015,
55.16366525280393,95836,860,1291,2016,
55.165062145655334,95835,861,1291,2016,
55.16545792163725,95835,860,1292,2016,
55.16842370572901,95834,861,1292,2016,
55.17127184718028,95834,860,1293,2016,
55.17633713344565,95834,859,1294,2016,
55.17711483379044,95833,860,1294,2016,
55.179095215885575,95833,859,1295,2016,
55.182212548961026,95833,858,1296,2016,
55.18573234609511,95832,859,1296,2016,
55.18814954913862,95831,860,1296,2016,
55.19002075814971,95830,861,1296,2016,
55.19700330254876,95830,860,1297,2016,
55.1975080895961,95830,859,1298,2016,
55.20039503389518,95830,858,1299,2016,
55.201663474312156,95830,858,1298,2017,
55.204756524189385,95830,857,1299,2017,
55.206120457259196,95830,856,1300,2017,
55.21021721795211,95830,855,1301,2017,
55.211643278244665,95829,856,1301,2017,
55.2142997580186,95828,857,1301,2017,
55.21487272776394,95828,857,1300,2018,
55.22055640940612,95828,857,1299,2019,
55.22393420037648,95828,857,1298,2020,
55.229688151726435,95828,857,1297,2021,
55.23070653874885,95828,857,1296,2022,
55.23151049147604,95827,858,1296,2022,
55.23301652304573,95827,858,1295,2023,
55.23494749375064,95826,859,1295,2023,
55.23537542649255,95826,859,1294,2024,
55.23547994574618,95825,860,1294,2024,
55.236413109269364,95825,860,1293,2025,
55.23730387731359,95825,860,1292,2026,
55.24237903251001,95824,861,1292,2026,
55.24559955775118,95823,862,1292,2026,
55.24719702997708,95822,863,1292,2026,
55.25206342714099,95821,864,1292,2026,
55.2531845207543,95820,865,1292,2026,
55.25565441934254,95820,864,1293,2026,
55.25668548914904,95820,863,1294,2026,
55.26049701659128,95820,862,1295,2026,
55.261381954522975,95820,861,1296,2026,
55.26733320416574,95819,862,1296,2026,
55.26846344110342,95818,863,1296,2026,
55.26885958709555,95817,864,1296,2026,
55.269012785494425,95816,865,1296,2026,
55.26924666733739,95816,864,1297,2026,
55.269413035381234,95815,865,1297,2026,
55.27669955489013,95815,865,1296,2027,
55.2780434621356,95815,864,1297,2027,
55.28092005740144,95815,863,1298,2027,
55.28166147567858,95815,863,1297,2028,
55.283343071169064,95815,862,1298,2028,
55.28537160580675,95814,863,1298,2028,
55.28651158449825,95814,862,1299,2028,
55.28828224243177,95814,861,1300,2028,
55.2891452012432,95814,860,1301,2028,
55.28977883107554,95813,861,1301,2028,
55.290457523615544,95813,860,1302,2028,
55.29119111781752,95813,860,1301,2029,
55.29504582842944,95813,859,1302,2029,
55.29918348340303,95813,858,1303,2029,
55.30036192931551,95812,859,1303,2029,
55.30038857921555,95811,860,1303,2029,
55.30115574348341,95810,861,1303,2029,
55.309217103201476,95810,860,1304,2029,
55.31004395313789,95809,861,1304,2029,
55.31154861969281,95808,862,1304,2029,
55.31155763241683,95807,863,1304,2029,
55.314582812147506,95807,863,1303,2030,
55.31553732984981,95807,863,1302,2031,
55.3161741280775,95807,862,1303,2031,
55.31717508401767,95806,863,1303,2031,
55.32077031501153,95806,863,1302,2032,
55.3211153504659,95806,862,1303,2032,
55.32212325016172,95806,862,1302,2033,
55.32262624500492,95805,863,1302,2033,
55.322791124612166,95804,864,1302,2033,
55.3234512137869,95804,864,1301,2034,
55.323495229153394,95804,864,1300,2035,
55.3258590812025,95803,865,1300,2035,
55.3298362168439,95803,864,1301,2035,
55.33156976289934,95803,864,1300,2036,
55.33849021765474,95803,864,1299,2037,
55.346687963919585,95802,865,1299,2037,
55.346772006928106,95802,864,1300,2037,
55.348861598297084,95802,864,1299,2038,
55.35021302657438,95802,864,1298,2039,
55.35131110018825,95801,865,1298,2039,
55.352997951845076,95800,866,1298,2039,
55.3537222083649,95800,865,1299,2039,
55.35523864968215,95800,865,1298,2040,
55.35540899355423,95800,865,1297,2041,
55.35590231587976,95799,866,1297,2041,
55.357951494699236,95799,866,1296,2042,
55.36013265267557,95799,865,1297,2042,
55.36034153707991,95799,865,1296,2043,
55.36291008043732,95798,866,1296,2043,
55.365014265846106,95798,865,1297,2043,
55.36758070030395,95798,865,1296,2044,
55.37198896816116,95797,866,1296,2044,
55.372206557907724,95797,866,1295,2045,
55.37626544500044,95796,867,1295,2045,
55.37678479206262,95796,866,1296,2045,
55.38144089798415,95796,866,1295,2046,
55.381465801650656,95796,866,1294,2047,
55.38466509355008,95796,866,1293,2048,
55.38696542000657,95795,867,1293,2048,
55.387561484532085,95794,868,1293,2048,
55.39233085718324,95794,868,1292,2049,
55.39238161946468,95793,869,1292,2049,
55.39354957779972,95793,869,1291,2050,
55.39628619638873,95793,868,1292,2050,
55.4002146259307,95793,868,1291,2051,
55.40135661558658,95792,869,1291,2051,
55.40168784087256,95792,869,1290,2052,
55.40423774418124,95792,868,1291,2052,
55.40596333454271,95792,867,1292,2052,
55.407824513765824,95791,868,1292,2052,
55.40889047003395,95791,867,1293,2052,
55.40942366326838,95791,867,1292,2053,
55.40999761614884,95791,866,1293,2053,
55.411187843639404,95790,867,1293,2053,
55.411207570947255,95789,868,1293,2053,
55.411804259917695,95789,867,1294,2053,
55.414162183700356,95789,866,1295,2053,
55.41495479902941,95789,866,1294,2054,
55.41670279796124,95789,866,1293,2055,
55.4174466922328,95789,866,1292,2056,
55.42683371507178,95789,865,1293,2056,
55.427197655635325,95789,864,1294,2056,
55.42753300353652,95788,865,1294,2056,
55.430469104992895,95788,865,1293,2057,
55.43275443868479,95787,866,1293,2057,
55.43786187813726,95786,867,1293,2057,
55.4436606950779,95786,866,1294,2057,
55.443920643546484,95786,865,1295,2057,
55.444058911302776,95786,865,1294,2058,
55.4462447696246,95786,865,1293,2059,
55.447616907018116,95786,865,1292,2060,
55.44810397835339,95786,864,1293,2060,
55.448108925608,95786,864,1292,2061,
55.448594323251186,95785,865,1292,2061,
55.45000627231988,95784,866,1292,2061,
55.452817873778734,95784,865,1293,2061,
55.45352684043066,95784,865,1292,2062,
55.45409568835028,95784,865,1291,2063,
55.457854670088935,95784,864,1292,2063,
55.461404363467,95783,865,1292,2063,
55.46160584373262,95783,864,1293,2063,
55.46417099939746,95783,864,1292,2064,
55.46530155943181,95782,865,1292,2064,
55.476429321781936,95782,865,1291,2065,
55.47729310898937,95782,865,1290,2066,
55.48283380881459,95782,864,1291,2066,
55.4870284250586,95781,865,1291,2066,
55.4887076436661,95781,865,1290,2067,
55.491603533950425,95781,865,1289,2068,
55.49298466851109,95780,866,1289,2068,
55.49704321502133,95779,867,1289,2068,
55.500127797290986,95778,868,1289,2068,
55.50013713977144,95778,867,1290,2068,
55.50103674638498,95777,868,1290,2068,
55.50249904707009,95776,869,1290,2068,
55.504049096859966,95775,870,1290,2068,
55.504330737088104,95775,870,1289,2069,
55.50525846169014,95774,871,1289,2069,
55.50671591286782,95774,870,1290,2069,
55.50905931141994,95774,870,1289,2070,
55.5091401471466,95773,871,1289,2070,
55.50971259215761,95773,870,1290,2070,
55.516214611225536,95772,871,1290,2070,
55.51783497783212,95772,871,1289,2071,
55.51917752858195,95771,872,1289,2071,
55.519351326972725,95771,871,1290,2071,
55.519510975613215,95771,870,1291,2071,
55.5213998617511,95771,869,1292,2071,
55.52778286840987,95771,868,1293,2071,
55.52846825568594,95770,869,1293,2071,
55.532771931778406,95770,869,1292,2072,
55.53980268015394,95769,870,1292,2072,
55.541882958430016,95769,870,1291,2073,
55.54553086534555,95769,869,1292,2073,
55.54907585957128,95768,870,1292,2073,
55.55072416346809,95768,869,1293,2073,
55.55240079512773,95767,870,1293,2073,
55.55499480015356,95766,871,1293,2073,
55.557587718474636,95766,871,1292,2074,
55.55865565292545,95766,870,1293,2074,
55.560797628306766,95765,871,1293,2074,
55.56170377708721,95765,870,1294,2074,
55.56677082385056,95764,871,1294,2074,
55.56752548500817,95764,871,1293,2075,
55.56787441780375,95764,870,1294,2075,
55.570668846851355,95763,871,1294,2075,
55.574657847673336,95762,872,1294,2075,
55.577273482057535,95761,873,1294,2075,
55.57896282648848,95760,874,1294,2075,
55.580112111733314,95760,874,1293,2076,
55.58234140909629,95760,874,1292,2077,
55.591757916137325,95760,874,1291,2078,
55.59317779289405,95760,873,1292,2078,
55.59348551693571,95760,872,1293,2078,
55.59392696586239,95760,871,1294,2078,
55.594672916909644,95760,871,1293,2079,
55.59604036264278,95760,871,1292,2080,
55.596283066496795,95759,872,1292,2080,
55.59974935379088,95758,873,1292,2080,
55.60078475263978,95758,872,1293,2080,
55.60892049817898,95758,871,1294,2080,
55.6165198787633,95758,870,1295,2080,
55.617814735765485,95758,869,1296,2080,
55.621593033346144,95758,868,1297,2080,
55.62513024673933,95758,868,1296,2081,
55.625820900721706,95757,869,1296,2081,
55.629354748194324,95757,869,1295,2082,
55.63521386345459,95757,868,1296,2082,
55.63689710813744,95757,867,1297,2082,
55.638711222057935,95756,868,1297,2082,
55.6393887519566,95756,868,1296,2083,
55.64003476629544,95756,867,1297,2083,
55.640249096538795,95756,866,1298,2083,
55.64028214916712,95756,865,1299,2083,
55.64327621470972,95756,864,1300,2083,
55.64515028589727,95756,864,1299,2084,
55.64612338220715,95756,864,1298,2085,
55.64821216409664,95756,863,1299,2085,
55.649550127000694,95755,864,1299,2085,
55.651632281512924,95755,863,1300,2085,
55.65373400307198,95755,863,1299,2086,
55.65451523105331,95755,862,1300,2086,
55.65632928586848,95755,861,1301,2086,
55.65635882181388,95755,861,1300,2087,
55.65908295017146,95754,862,1300,2087,
55.663591127715776,95754,861,1301,2087,
55.66679817471057,95754,860,1302,2087,
55.668328508903876,95754,859,1303,2087,
55.66917136070268,95754,858,1304,2087,
55.671466708901626,95753,859,1304,2087,
55.671590359037474,95753,859,1303,2088,
55.67171078448885,95753,859,1302,2089,
55.67769900734376,95753,859,1301,2090,
55.68143114787552,95753,859,1300,2091,
55.68464729624617,95753,858,1301,2091,
55.68555581090191,95753,858,1300,2092,
55.68847311888918,95753,857,1301,2092,
55.688710430209554,95753,857,1300,2093,
55.68878218290908,95753,857,1299,2094,
55.68886404332884,95753,856,1300,2094,
55.68949763852011,95753,855,1301,2094,
55.69029916017845,95752,856,1301,2094,
55.69655103444131,95752,855,1302,2094,
55.69875722495538,95752,854,1303,2094,
55.7002041949588,95752,853,1304,2094,
55.701345890192165,95751,854,1304,2094,
55.707564948950655,95750,855,1304,2094,
55.70761455618623,95749,856,1304,2094,
55.7082740291319,95749,855,1305,2094,
55.7088087868615,95749,855,1304,2095,
55.70895629975477,95749,855,1303,2096,
55.71054216161256,95748,856,1303,2096,
55.71299161938353,95748,855,1304,2096,
55.71378437120288,95747,856,1304,2096,
55.714251939861,95747,855,1305,2096,
55.715386475050295,95747,855,1304,2097,
55.721312982583385,95747,854,1305,2097,
55.72281900160924,95746,855,1305,2097,
55.724838328169035,95746,854,1306,2097,
55.731702444869015,95745,855,1306,2097,
55.73641835259696,95745,854,1307,2097,
55.73900322548146,95744,855,1307,2097,
55.74049352562784,95744,855,1306,2098,
55.74194052600208,95743,856,1306,2098,
55.743973239827206,95742,857,1306,2098,
55.74802285579047,95742,856,1307,2098,
55.74924200537731,95742,855,1308,2098,
55.7509945982123,95742,855,1307,2099,
55.75165667115117,95742,854,1308,2099,
55.754731132438785,95742,853,1309,2099,
55.75663189450092,95742,852,1310,2099,
55.75913229905068,95741,853,1310,2099,
55.76652026305467,95741,852,1311,2099,
55.771119726785884,95741,851,1312,2099,
55.771312808077674,95740,852,1312,2099,
55.7719552419128,95740,851,1313,2099,
55.77246995867172,95739,852,1313,2099,
55.7740816233034,95739,852,1312,2100,
55.77623096106,95739,851,1313,2100,
55.77672712193305,95739,850,1314,2100,
55.78600224964913,95739,849,1315,2100,
55.786414727952476,95739,848,1316,2100,
55.78744539129167,95738,849,1316,2100,
55.7877313451697,95737,850,1316,2100,
55.79186500805464,95737,849,1317,2100,
55.795801942226944,95736,850,1317,2100,
55.796641246620126,95736,849,1318,2100,
55.798700086095366,95736,849,1317,2101,
55.801259070922,95736,849,1316,2102,
55.802051574242505,95736,848,1317,2102,
55.80257471160999,95735,849,1317,2102,
55.8044387714688,95734,850,1317,2102,
55.806113671583965,95734,850,1316,2103,
55.806658019058375,95733,851,1316,2103,
55.80681311804112,95733,850,1317,2103,
55.80906659840676,95732,851,1317,2103,
55.81058370894971,95732,851,1316,2104,
55.81180997402553,95731,852,1316,2104,
55.81291062663246,95730,853,1316,2104,
55.814107882808926,95730,853,1315,2105,
55.814546893437694,95729,854,1315,2105,
55.81559626002294,95729,854,1314,2106,
55.81701473726286,95728,855,1314,2106,
55.81703522638702,95727,856,1314,2106,
55.82308004309482,95726,857,1314,2106,
55.8232876896892,95725,858,1314,2106,
55.82674083327536,95725,857,1315,2106,
55.82826312684915,95725,857,1314,2107,
55.82889033380933,95724,858,1314,2107,
55.832617633732085,95724,857,1315,2107,
55.83432283021793,95723,858,1315,2107,
55.83702425729399,95723,858,1314,2108,
55.837145725760855,95723,858,1313,2109,
55.83756382202344,95722,859,1313,2109,
55.84111196056426,95722,859,1312,2110,
55.84308509871403,95721,860,1312,2110,
55.84679841906096,95720,861,1312,2110,
55.84751152370107,95720,860,1313,2110,
55.85073951834925,95720,860,1312,2111,
55.85083813358814,95720,860,1311,2112,
55.85237577610894,95719,861,1311,2112,
55.85251983917774,95719,861,1310,2113,
55.85669278474663,95719,861,1309,2114,
55.86175857819344,95719,861,1308,2115,
55.86218588375069,95719,861,1307,2116,
55.86582755224082,95718,862,1307,2116,
55.8689145669266,95718,861,1308,2116,
55.87195397351792,95718,860,1309,2116,
55.87304586426684,95717,861,1309,2116,
55.87344915489804,95716,862,1309,2116,
55.87528901950863,95716,862,1308,2117,
55.87719082137432,95715,863,1308,2117,
55.88484712372591,95715,862,1309,2117,
55.88506430379665,95715,861,1310,2117,
55.885607291820904,95715,861,1309,2118,
55.88576135344708,95715,861,1308,2119,
55.88660162077113,95715,861,1307,2120,
55.8895772922171,95714,862,1307,2120,
55.89341677417154,95714,862,1306,2121,
55.89421040594022,95713,863,1306,2121,
55.89440670203765,95713,863,1305,2122,
55.896127394649014,95712,864,1305,2122,
55.899514121569226,95711,865,1305,2122,
55.90008334629658,95711,864,1306,2122,
55.900874690020025,95711,864,1305,2123,
55.90186193616728,95711,863,1306,2123,
55.906314522713075,95711,863,1305,2124,
55.90800383533206,95711,862,1306,2124,
55.90967813022383,95711,862,1305,2125,
55.910984391738076,95711,862,1304,2126,
55.91473532130767,95711,861,1305,2126,
55.915875573938315,95711,861,1304,2127,
55.915941929233384,95711,860,1305,2127,
55.916029972362814,95710,861,1305,2127,
55.916716765254584,95710,861,1304,2128,
55.91884523117518,95709,862,1304,2128,
55.91998370266491,95708,863,1304,2128,
55.920333207002045,95707,864,1304,2128,
55.92371602820482,95707,863,1305,2128,
55.92674091006088,95707,863,1304,2129,
55.93033464984163,95706,864,1304,2129,
55.930598131222034,95706,864,1303,2130,
55.93333047081215,95706,863,1304,2130,
55.93410462887498,95706,863,1303,2131,
55.93942588333168,95706,863,1302,2132,
55.939781203475,95705,864,1302,2132,
55.94255426313853,95705,864,1301,2133,
55.94264882949643,95705,863,1302,2133,
55.943726422883834,95705,862,1303,2133,
55.943808226075554,95705,861,1304,2133,
55.94546621572435,95705,860,1305,2133,
55.94979340562157,95705,860,1304,2134,
55.9517112148595,95705,859,1305,2134,
55.95273729169014,95704,860,1305,2134,
55.954085205533,95703,861,1305,2134,
55.954259341939505,95703,861,1304,2135,
55.956980463748046,95703,860,1305,2135,
55.960937693643466,95703,860,1304,2136,
55.96336168530435,95702,861,1304,2136,
55.9648848458489,95702,860,1305,2136,
55.966066336151364,95702,859,1306,2136,
55.96786671410936,95701,860,1306,2136,
55.97153998923952,95701,859,1307,2136,
55.97467748528273,95701,858,1308,2136,
55.975377585067086,95701,857,1309,2136,
55.97658876983327,95701,856,1310,2136,
55.97770740024201,95700,857,1310,2136,
55.97820574712503,95699,858,1310,2136,
55.9812929663145,95698,859,1310,2136,
55.98335365112891,95698,859,1309,2137,
55.98588935982829,95697,860,1309,2137,
55.98693935179036,95697,859,1310,2137,
55.98772202397868,95697,859,1309,2138,
55.988050982050424,95697,858,1310,2138,
55.988201885862445,95697,858,1309,2139,
55.98975363825207,95697,857,1310,2139,
55.99531583951786,95696,858,1310,2139,
55.99780194593941,95696,857,1311,2139,
56.001106292542794,95695,858,1311,2139,
56.00679229316979,95695,858,1310,2140,
56.009960387303096,95694,859,1310,2140,
56.0118062966068,95693,860,1310,2140,
56.012810891169366,95692,861,1310,2140,
56.013334670637995,95692,860,1311,2140,
56.01601580408739,95691,861,1311,2140,
56.01713078493465,95691,860,1312,2140,
56.021030165677296,95690,861,1312,2140,
56.02269143928577,95690,861,1311,2141,
56.025290240599894,95690,860,1312,2141,
56.02785084441074,95690,859,1313,2141,
56.029690705163574,95690,858,1314,2141,
56.03046158359349,95690,858,1313,2142,
56.03477537180537,95690,858,1312,2143,
56.03639786497982,95690,858,1311,2144,
56.03846157936289,95690,858,1310,2145,
56.040120592663456,95690,857,1311,2145,
56.04157354029118,95690,857,1310,2146,
56.04173447493322,95690,857,1309,2147,
56.04236784022998,95690,857,1308,2148,
56.04280106718432,95689,858,1308,2148,
56.043820536026736,95689,857,1309,2148,
56.04609263504778,95688,858,1309,2148,
56.04690193939706,95687,859,1309,2148,
56.04909732860512,95687,858,1310,2148,
56.04963438204988,95687,857,1311,2148,
56.05078901115025,95687,857,1310,2149,
56.05159270186831,95687,857,1309,2150,
56.052333618158,95687,857,1308,2151,
56.05370980772018,95687,857,1307,2152,
56.05808902747549,95687,856,1308,2152,
56.05885013525656,95686,857,1308,2152,
56.05995959740383,95685,858,1308,2152,
56.06643227683016,95685,858,1307,2153,
56.06731493202886,95684,859,1307,2153,
56.06902226673833,95684,858,1308,2153,
56.06967603319105,95684,857,1309,2153,
56.07220302601837,95684,856,1310,2153,
56.07468363474491,95684,855,1311,2153,
56.07629296270149,95684,854,1312,2153,
56.07630964047511,95684,854,1311,2154,
56.07732113679931,95684,854,1310,2155,
56.07748576300548,95684,854,1309,2156,
56.07748770579226,95684,853,1310,2156,
56.08092680012583,95683,854,1310,2156,
56.08186652839679,95683,854,1309,2157,
56.083836539606516,95682,855,1309,2157,
56.08469674227484,95681,856,1309,2157,
56.08617336845093,95681,856,1308,2158,
56.08617802074359,95680,857,1308,2158,
56.08690607953173,95679,858,1308,2158,
56.08693117587293,95679,858,1307,2159,
56.08697276625829,95678,859,1307,2159,
56.087107262772776,95678,858,1308,2159,
56.08763888414328,95678,858,1307,2160,
56.088437711117685,95678,857,1308,2160,
56.088954801557975,95678,856,1309,2160,
56.08928720846944,95677,857,1309,2160,
56.091931992373674,95677,857,1308,2161,
56.09201836907929,95676,858,1308,2161,
56.09317011920426,95676,857,1309,2161,
56.09540725552834,95676,856,1310,2161,
56.098557093666145,95675,857,1310,2161,
56.09885519365054,95675,857,1309,2162,
56.100473171255345,95674,858,1309,2162,
56.10208735355432,95674,858,1308,2163,
56.10298670191477,95674,857,1309,2163,
56.103408839332495,95674,857,1308,2164,
56.107159891165736,95674,857,1307,2165,
56.10957424881088,95673,858,1307,2165,
56.109955639924415,95673,857,1308,2165,
56.11366305802722,95672,858,1308,2165,
56.11471731104907,95672,858,1307,2166,
56.1152305298555,95672,857,1308,2166,
56.118692867052864,95671,858,1308,2166,
56.12287159212865,95670,859,1308,2166,
56.12381393188182,95670,858,1309,2166,
56.1284067216033,95670,857,1310,2166,
56.128723009087444,95670,856,1311,2166,
56.128962493640415,95670,856,1310,2167,
56.12957192984639,95669,857,1310,2167,
56.13109935122026,95669,857,1309,2168,
56.13175069336598,95668,858,1309,2168,
56.1323897336477,95668,858,1308,2169,
56.132567200414066,95668,858,1307,2170,
56.13396110435991,95667,859,1307,2170,
56.13484131084204,95667,859,1306,2171,
56.13684818691352,95667,858,1307,2171,
56.13707191436998,95667,857,1308,2171,
56.13775376663531,95667,857,1307,2172,
56.14095197043226,95666,858,1307,2172,
56.14101298576185,95666,857,1308,2172,
56.14442461419878,95666,856,1309,2172,
56.14464074488214,95666,855,1310,2172,
56.14555853587969,95665,856,1310,2172,
56.14672512599924,95665,855,1311,2172,
56.1501741941245,95665,854,1312,2172,
56.1502362603385,95665,853,1313,2172,
56.15367332983672,95665,852,1314,2172,
56.15615429974859,95665,851,1315,2172,
56.16019496722447,95664,852,1315,2172,
56.16248239429982,95664,852,1314,2173,
56.164736415376524,95663,853,1314,2173,
56.16606914602794,95663,853,1313,2174,
56.16736995536942,95663,853,1312,2175,
56.168682210803645,95662,854,1312,2175,
56.16871366346456,95661,855,1312,2175,
56.169406576342496,95661,854,1313,2175,
56.16945352811595,95661,853,1314,2175,
56.17008029885645,95661,852,1315,2175,
56.171590949802585,95661,852,1314,2176,
56.17306190140346,95661,851,1315,2176,
56.173404260115916,95661,850,1316,2176,
56.17537227686093,95661,849,1317,2176,
56.1757184133879,95661,849,1316,2177,
56.176639947766304,95661,848,1317,2177,
56.177161186493535,95661,847,1318,2177,
56.17930824713415,95661,847,1317,2178,
56.17979165420941,95661,846,1318,2178,
56.18594326025865,95660,847,1318,2178,
56.195946359644594,95659,848,1318,2178,
56.19627815512848,95659,848,1317,2179,
56.198408983177956,95658,849,1317,2179,
56.19848762772498,95658,849,1316,2180,
56.200692464946066,95658,849,1315,2181,
56.20076714762733,95658,849,1314,2182,
56.20274561775592,95658,848,1315,2182,
56.20282069025858,95658,847,1316,2182,
56.20283886347898,95657,848,1316,2182,
56.20409345876874,95656,849,1316,2182,
56.20487930584623,95656,849,1315,2183,
56.20671718238326,95656,848,1316,2183,
56.21059126088951,95656,847,1317,2183,
56.21085340063902,95656,846,1318,2183,
56.21121265416672,95656,846,1317,2184,
56.21354903802349,95656,846,1316,2185,
56.21479341235628,95656,846,1315,2186,
56.21580933711127,95656,846,1314,2187,
56.21720507847813,95656,846,1313,2188,
56.224580539791,95656,845,1314,2188,
56.2250735943822,95656,844,1315,2188,
56.226261994329576,95656,844,1314,2189,
56.22914664329732,95656,844,1313,2190,
56.2323790840981,95656,843,1314,2190,
56.23335500844077,95655,844,1314,2190,
56.233699085006265,95654,845,1314,2190,
56.23540231174462,95654,845,1313,2191,
56.23653749808785,95654,845,1312,2192,
56.237125105555364,95654,845,1311,2193,
56.23802606620482,95654,844,1312,2193,
56.23984622382159,95654,843,1313,2193,
56.24020762857286,95654,843,1312,2194,
56.24087998173588,95654,843,1311,2195,
56.24407101017709,95654,842,1312,2195,
56.24660247597736,95653,843,1312,2195,
56.250232416635825,95652,844,1312,2195,
56.25036724501814,95652,843,1313,2195,
56.252253244322986,95651,844,1313,2195,
56.252892075768614,95651,843,1314,2195,
56.25326202771019,95651,842,1315,2195,
56.257304234974356,95651,842,1314,2196,
56.259330683566134,95651,841,1315,2196,
56.26123934277779,95651,841,1314,2197,
56.263676886140416,95651,840,1315,2197,
56.267585678726526,95651,839,1316,2197,
56.268009246382505,95650,840,1316,2197,
56.268218402628875,95650,840,1315,2198,
56.26974146122404,95650,839,1316,2198,
56.27344097848258,95650,838,1317,2198,
56.27396286362025,95650,837,1318,2198,
56.27478410474637,95650,836,1319,2198,
56.279827664876265,95649,837,1319,2198,
56.283874924232634,95649,836,1320,2198,
56.28390519460987,95649,836,1319,2199,
56.28444319039274,95648,837,1319,2199,
56.28753492431228,95647,838,1319,2199,
56.293590183122355,95647,838,1318,2200,
56.29538957184273,95647,838,1317,2201,
56.29697531969036,95647,837,1318,2201,
56.29729418766284,95646,838,1318,2201,
56.29875810127613,95646,838,1317,2202,
56.30410657779083,95646,838,1316,2203,
56.3048524429603,95646,838,1315,2204,
56.3054133931207,95645,839,1315,2204,
56.30614328434709,95644,840,1315,2204,
56.30842382492424,95643,841,1315,2204,
56.31157661408266,95643,841,1314,2205,
56.31232139757927,95643,841,1313,2206,
56.31556119253529,95643,841,1312,2207,
56.32317526044914,95642,842,1312,2207,
56.32419953191514,95641,843,1312,2207,
56.325238309134306,95640,844,1312,2207,
56.32531509627261,95639,845,1312,2207,
56.32630285031244,95638,846,1312,2207,
56.32895904741133,95638,845,1313,2207,
56.330839925134924,95638,844,1314,2207,
56.33336648542373,95637,845,1314,2207,
56.33853331275914,95637,844,1315,2207,
56.3429804865982,95637,844,1314,2208,
56.343309440786804,95637,843,1315,2208,
56.34472274422047,95636,844,1315,2208,
56.35236968709603,95635,845,1315,2208,
56.35532686338692,95634,846,1315,2208,
56.35692865456913,95634,845,1316,2208,
56.3587990968462,95633,846,1316,2208,
56.358956659464894,95633,846,1315,2209,
56.36438435813473,95633,845,1316,2209,
56.37055997851439,95633,844,1317,2209,
56.372731486845794,95632,845,1317,2209,
56.37326244026687,95632,845,1316,2210,
56.37407150506331,95631,846,1316,2210,
56.37479779635235,95631,846,1315,2211,
56.375129122167095,95630,847,1315,2211,
56.37738262353521,95630,847,1314,2212,
56.38101155470591,95630,847,1313,2213,
56.385316491543044,95630,847,1312,2214,
56.38689193106092,95630,846,1313,2214,
56.391728504973095,95629,847,1313,2214,
56.39220244199474,95629,847,1312,2215,
56.398623921670435,95629,847,1311,2216,
56.39974512204684,95628,848,1311,2216,
56.40171364391006,95628,848,1310,2217,
56.405172264682534,95628,847,1311,2217,
56.413129005932014,95627,848,1311,2217,
56.4192135117258,95627,847,1312,2217,
56.420149863558294,95627,847,1311,2218,
56.422170527188484,95626,848,1311,2218,
56.42704714550627,95626,848,1310,2219,
56.43032401962767,95625,849,1310,2219,
56.4307065104044,95625,848,1311,2219,
56.43141490870095,95624,849,1311,2219,
56.43502229725025,95623,850,1311,2219,
56.435989484581,95623,849,1312,2219,
56.43671196019935,95623,849,1311,2220,
56.44013623545555,95623,848,1312,2220,
56.440581384296514,95623,847,1313,2220,
56.446801691598615,95623,847,1312,2221,
56.45048112179582,95622,848,1312,2221,
56.45293165298304,95622,847,1313,2221,
56.456233868051854,95622,847,1312,2222,
56.45663984851011,95621,848,1312,2222,
56.45714707084925,95621,848,1311,2223,
56.45737224621571,95621,847,1312,2223,
56.458872624791965,95621,846,1313,2223,
56.46060847020085,95620,847,1313,2223,
56.46234723238327,95619,848,1313,2223,
56.46268256477311,95619,848,1312,2224,
56.46567337466769,95619,848,1311,2225,
56.467736875005045,95618,849,1311,2225,
56.4681029417856,95617,850,1311,2225,
56.47161882134582,95616,851,1311,2225,
56.47377204111864,95616,850,1312,2225,
56.47442223052256,95616,850,1311,2226,
56.4747268895956,95616,850,1310,2227,
56.476599410396844,95615,851,1310,2227,
56.478840762145204,95615,851,1309,2228,
56.48103733735137,95615,851,1308,2229,
56.48134585800555,95615,851,1307,2230,
56.48803802545492,95614,852,1307,2230,
56.490136645928104,95614,852,1306,2231,
56.490264790536436,95614,851,1307,2231,
56.49298269270177,95614,851,1306,2232,
56.493313779756605,95613,852,1306,2232,
56.4936084218558,95612,853,1306,2232,
56.50035929241139,95612,853,1305,2233,
56.50351382562882,95612,853,1304,2234,
56.50376136529288,95612,852,1305,2234,
56.504093607724826,95612,852,1304,2235,
56.504352494978434,95612,851,1305,2235,
56.50812547995614,95611,852,1305,2235,
56.5088239500022,95611,851,1306,2235,
56.509688472618734,95611,850,1307,2235,
56.512029207754324,95611,850,1306,2236,
56.51418896111334,95611,850,1305,2237,
56.51465535072076,95610,851,1305,2237,
56.51527191290423,95609,852,1305,2237,
56.51768368808172,95608,853,1305,2237,
56.5185951557158,95608,852,1306,2237,
56.51927696894383,95608,852,1305,2238,
56.51948828945979,95608,851,1306,2238,
56.52003825368954,95608,851,1305,2239,
56.52296892148629,95607,852,1305,2239,
56.5247577323383,95607,851,1306,2239,
56.53051527744551,95607,851,1305,2240,
56.5315022820461,95607,850,1306,2240,
56.53310976816292,95607,849,1307,2240,
56.533901541404624,95606,850,1307,2240,
56.53395454998731,95606,849,1308,2240,
56.53677318000763,95606,849,1307,2241,
56.53682178711437,95606,848,1308,2241,
56.53808266396574,95605,849,1308,2241,
56.53909618944843,95605,848,1309,2241,
56.54036690189821,95605,847,1310,2241,
56.5409419264619,95605,846,1311,2241,
56.54106350555324,95605,845,1312,2241,
56.54308378678402,95604,846,1312,2241,
56.54379149491901,95604,846,1311,2242,
56.54716546400421,95604,845,1312,2242,
56.548196812752025,95604,845,1311,2243,
56.549241319537025,95604,844,1312,2243,
56.55256598528403,95603,845,1312,2243,
56.552650295751675,95602,846,1312,2243,
56.555259937642646,95602,846,1311,2244,
56.557851544218,95602,845,1312,2244,
56.56165055501846,95602,844,1313,2244,
56.56187933487074,95601,845,1313,2244,
56.56212878556497,95601,845,1312,2245,
56.56370907785322,95601,844,1313,2245,
56.56416082645805,95600,845,1313,2245,
56.56473533672935,95600,845,1312,2246,
56.56505523843577,95599,846,1312,2246,
56.56657021014028,95599,846,1311,2247,
56.567054093481985,95599,846,1310,2248,
56.568884888546634,95599,845,1311,2248,
56.56982498483311,95599,845,1310,2249,
56.57063351741683,95599,845,1309,2250,
56.57216519287618,95598,846,1309,2250,
56.57430854293427,95598,846,1308,2251,
56.57437615755923,95597,847,1308,2251,
56.574517237087726,95597,847,1307,2252,
56.577459010013015,95596,848,1307,2252,
56.579103264394604,95595,849,1307,2252,
56.580121184336946,95594,850,1307,2252,
56.58427772630735,95594,849,1308,2252,
56.58548195270568,95593,850,1308,2252,
56.58855580761271,95593,850,1307,2253,
56.591500459483846,95593,850,1306,2254,
56.593079466991306,95593,850,1305,2255,
56.5934215184659,95593,849,1306,2255,
56.596975533868935,95593,848,1307,2255,
56.597189581480805,95593,847,1308,2255,
56.602774385048825,95592,848,1308,2255,
56.6050898920181,95592,848,1307,2256,
56.60810045748014,95591,849,1307,2256,
56.6129499814409,95590,850,1307,2256,
56.61329878986008,95589,851,1307,2256,
56.61338245499478,95589,850,1308,2256,
56.61496965706715,95589,849,1309,2256,
56.617215946643775,95588,850,1309,2256,
56.617992083562825,95588,850,1308,2257,
56.61867827367407,95587,851,1308,2257,
56.61879020376368,95587,851,1307,2258,
56.62028923850149,95587,850,1308,2258,
56.62062849085598,95587,850,1307,2259,
56.621830386405534,95586,851,1307,2259,
56.6251644156267,95586,850,1308,2259,
56.630696013458525,95586,850,1307,2260,
56.630793924483974,95585,851,1307,2260,
56.635138935662745,95585,851,1306,2261,
56.63729557785499,95585,850,1307,2261,
56.63918602741529,95584,851,1307,2261,
56.639258387702974,95584,850,1308,2261,
56.642333889452,95583,851,1308,2261,
56.64513844304524,95583,851,1307,2262,
56.645943608827366,95583,850,1308,2262,
56.65204157510899,95583,850,1307,2263,
56.65511386267176,95583,850,1306,2264,
56.66149560011395,95583,849,1307,2264,
56.66491452845669,95582,850,1307,2264,
56.66551085089369,95582,849,1308,2264,
56.66738958117235,95581,850,1308,2264,
56.6696814046633,95581,849,1309,2264,
56.66968549264545,95581,848,1310,2264,
56.670298939561185,95581,847,1311,2264,
56.67097641884566,95580,848,1311,2264,
56.67423028265631,95580,848,1310,2265,
56.677302779362144,95580,848,1309,2266,
56.67789420648986,95579,849,1309,2266,
56.67820027548483,95579,849,1308,2267,
56.68886063955289,95578,850,1308,2267,
56.68999539222534,95577,851,1308,2267,
56.69091340645395,95576,852,1308,2267,
56.69104081549677,95576,852,1307,2268,
56.697274728998714,95575,853,1307,2268,
56.70048353029379,95574,854,1307,2268,
56.702743565489435,95574,854,1306,2269,
56.70358555484047,95574,853,1307,2269,
56.70511520898815,95574,853,1306,2270,
56.70589022069118,95574,853,1305,2271,
56.706851263453615,95574,852,1306,2271,
56.707625971208486,95574,852,1305,2272,
56.70762828591535,95574,851,1306,2272,
56.70816880968211,95574,850,1307,2272,
56.70846344430063,95573,851,1307,2272,
56.70951536693906,95572,852,1307,2272,
56.710621918714395,95572,852,1306,2273,
56.71167725737146,95571,853,1306,2273,
56.71241997612185,95571,852,1307,2273,
56.7140197770725,95571,852,1306,2274,
56.72331655255944,95571,851,1307,2274,
56.72536062794501,95570,852,1307,2274,
56.725874144209456,95570,851,1308,2274,
56.727275379253726,95569,852,1308,2274,
56.73008551211393,95569,852,1307,2275,
56.73265749906445,95569,851,1308,2275,
56.7327876693843,95569,850,1309,2275,
56.73558676899104,95569,849,1310,2275,
56.73576523742114,95569,848,1311,2275,
56.73746132617144,95569,848,1310,2276,
56.74273180779216,95569,848,1309,2277,
56.74665858646517,95569,848,1308,2278,
56.74748995764301,95569,848,1307,2279,
56.752029156124415,95568,849,1307,2279,
56.753546385010665,95568,848,1308,2279,
56.75514898481368,95567,849,1308,2279,
56.76016716079607,95567,848,1309,2279,
56.76371008917321,95567,847,1310,2279,
56.763895185157104,95567,847,1309,2280,
56.76392700066658,95566,848,1309,2280,
56.777999365031285,95565,849,1309,2280,
56.778102904866834,95564,850,1309,2280,
56.77955180095951,95564,850,1308,2281,
56.78036882497195,95564,850,1307,2282,
56.78062058024438,95564,849,1308,2282,
56.78080363067985,95563,850,1308,2282,
56.78525884854466,95562,851,1308,2282,
56.78609387315234,95562,851,1307,2283,
56.78700614187982,95562,851,1306,2284,
56.78950387607453,95562,850,1307,2284,
56.80188008458399,95562,849,1308,2284,
56.80329337882293,95561,850,1308,2284,
56.80440788786863,95561,850,1307,2285,
56.804447227677954,95561,849,1308,2285,
56.80467659761626,95560,850,1308,2285,
56.804997886186115,95560,850,1307,2286,
56.80548041024307,95560,849,1308,2286,
56.81094352917921,95560,848,1309,2286,
56.814540513888325,95559,849,1309,2286,
56.814577126818044,95559,848,1310,2286,
56.816710789932195,95559,848,1309,2287,
56.81737652690144,95558,849,1309,2287,
56.81761190529617,95558,848,1310,2287,
56.81767394719077,95558,848,1309,2288,
56.81897652811812,95557,849,1309,2288,
56.81994159407977,95556,850,1309,2288,
56.820610825268496,95556,849,1310,2288,
56.82094316306979,95556,849,1309,2289,
56.82145613808876,95555,850,1309,2289,
56.82721614953498,95555,849,1310,2289,
56.82787451273889,95555,848,1311,2289,
56.82993398673718,95555,847,1312,2289,
56.831298546367435,95554,848,1312,2289,
56.83380420598909,95554,848,1311,2290,
56.83577209934997,95553,849,1311,2290,
56.839393952892195,95552,850,1311,2290,
56.84504072694224,95552,850,1310,2291,
56.846080314567445,95552,849,1311,2291,
56.84742499818007,95552,849,1310,2292,
56.848047349668064,95552,849,1309,2293,
56.84950684150846,95552,849,1308,2294,
56.85134122378867,95552,849,1307,2295,
56.856554204318655,95552,848,1308,2295,
56.85852249414154,95551,849,1308,2295,
56.8596794880134,95550,850,1308,2295,
56.859999959543615,95550,850,1307,2296,
56.86045643882737,95550,850,1306,2297,
56.864430151029644,95550,850,1305,2298,
56.864811472725606,95549,851,1305,2298,
56.867232056655936,95549,851,1304,2299,
56.867951347452404,95549,850,1305,2299,
56.86840830703648,95549,849,1306,2299,
56.869112406960625,95549,849,1305,2300,
56.87061712991693,95549,848,1306,2300,
56.872006918991914,95548,849,1306,2300,
56.87209412106519,95547,850,1306,2300,
56.87289107711384,95547,849,1307,2300,
56.875658092008244,95547,849,1306,2301,
56.877163178038664,95547,849,1305,2302,
56.88005144035025,95546,850,1305,2302,
56.880583218823446,95546,849,1306,2302,
56.88487543460679,95546,849,1305,2303,
56.88642819767166,95546,848,1306,2303,
56.88786170126252,95546,847,1307,2303,
56.8937202006723,95546,847,1306,2304,
56.89526572121514,95546,847,1305,2305,
56.89840279520298,95546,846,1306,2305,
56.901349352433165,95545,847,1306,2305,
56.90336699491695,95545,846,1307,2305,
56.90420614369987,95545,845,1308,2305,
56.90505853462459,95544,846,1308,2305,
56.90536042711319,95543,847,1308,2305,
56.90916481754375,95543,846,1309,2305,
56.91070325724843,95543,846,1308,2306,
56.9110452421701,95543,845,1309,2306,
56.91524010678316,95543,844,1310,2306,
56.93060606321194,95542,845,1310,2306,
56.933848367464236,95542,845,1309,2307,
56.93589217671825,95541,846,1309,2307,
56.93692731216836,95540,847,1309,2307,
56.9370297947617,95540,846,1310,2307,
56.9373180382404,95539,847,1310,2307,
56.94253414839016,95539,846,1311,2307,
56.9430841278244,95539,846,1310,2308,
56.946701039528136,95539,845,1311,2308,
56.947139830558754,95539,844,1312,2308,
56.9511306052796,95539,844,1311,2309,
56.95235491939519,95539,843,1312,2309,
56.95419525221303,95539,842,1313,2309,
56.956852066884835,95539,842,1312,2310,
56.95686462394912,95539,842,1311,2311,
56.96134156175035,95538,843,1311,2311,
56.961948727876546,95537,844,1311,2311,
56.96350449616216,95537,844,1310,2312,
56.96511232136828,95536,845,1310,2312,
56.966915617999184,95535,846,1310,2312,
56.9669697277487,95534,847,1310,2312,
56.96768551321352,95534,846,1311,2312,
56.9739480163912,95534,845,1312,2312,
56.97489122393664,95534,845,1311,2313,
56.97498449246669,95534,844,1312,2313,
56.97611763397109,95533,845,1312,2313,
56.97643939856381,95533,845,1311,2314,
56.976998229815074,95533,845,1310,2315,
56.97996741746136,95533,845,1309,2316,
56.98809160620051,95532,846,1309,2316,
56.99080804635754,95531,847,1309,2316,
56.99963237605895,95530,848,1309,2316,
57.00023185993484,95529,849,1309,2316,
57.00644110325017,95529,848,1310,2316,
57.0079792593077,95528,849,1310,2316,
57.0092431587737,95528,848,1311,2316,
57.01193213047309,95527,849,1311,2316,
57.01431436590636,95527,848,1312,2316,
57.01881601596536,95527,847,1313,2316,
57.02602530016671,95526,848,1313,2316,
57.0287031830187,95525,849,1313,2316,
57.0302261394887,95524,850,1313,2316,
57.03200475109436,95524,850,1312,2317,
57.03304793978735,95524,849,1313,2317,
57.03355780611103,95524,848,1314,2317,
57.034096711938155,95524,848,1313,2318,
57.035225388953634,95523,849,1313,2318,
57.036354698434906,95523,848,1314,2318,
57.03927013446506,95523,847,1315,2318,
57.0408160264444,95523,847,1314,2319,
57.041312481570166,95523,847,1313,2320,
57.04135959739253,95522,848,1313,2320,
57.041404785066334,95522,848,1312,2321,
57.043240599697384,95522,848,1311,2322,
57.04383280651799,95522,848,1310,2323,
57.047561307395114,95521,849,1310,2323,
57.04887739262518,95521,848,1311,2323,
57.049059067300135,95520,849,1311,2323,
57.04947932333672,95520,849,1310,2324,
57.04949875765049,95519,850,1310,2324,
57.05114538134264,95519,850,1309,2325,
57.05226068826254,95518,851,1309,2325,
57.053212208829365,95517,852,1309,2325,
57.05608860991339,95517,851,1310,2325,
57.05859941629399,95516,852,1310,2325,
57.05932745331829,95516,852,1309,2326,
57.06325028736781,95515,853,1309,2326,
57.063798553563174,95514,854,1309,2326,
57.06542822596499,95513,855,1309,2326,
57.07130568024053,95513,854,1310,2326,
57.07600288397892,95513,853,1311,2326,
57.07720487859552,95512,854,1311,2326,
57.07816325238134,95511,855,1311,2326,
57.079776146691685,95511,854,1312,2326,
57.08112173250955,95511,854,1311,2327,
57.083085991790774,95510,855,1311,2327,
57.08719643198157,95510,854,1312,2327,
57.09135303207027,95510,853,1313,2327,
57.09215075296581,95510,852,1314,2327,
57.092476532136644,95510,851,1315,2327,
57.093237885263804,95510,850,1316,2327,
57.093464495999704,95509,851,1316,2327,
57.09403642688909,95509,850,1317,2327,
57.0974414665287,95509,850,1316,2328,
57.09826566985744,95509,849,1317,2328,
57.10060907401047,95509,848,1318,2328,
57.10250411298541,95508,849,1318,2328,
57.105214386232156,95507,850,1318,2328,
57.107364300136226,95507,850,1317,2329,
57.11117301796109,95507,849,1318,2329,
57.11239864256246,95507,848,1319,2329,
57.11308277238229,95506,849,1319,2329,
57.1158944394528,95505,850,1319,2329,
57.118931840101105,95505,850,1318,2330,
57.11999542830081,95505,849,1319,2330,
57.126873367820764,95504,850,1319,2330,
57.1338158764864,95504,849,1320,2330,
57.13746426209537,95504,849,1319,2331,
57.137794966401714,95504,849,1318,2332,
57.138881253811135,95503,850,1318,2332,
57.14081209546579,95503,849,1319,2332,
57.141564980095296,95503,848,1320,2332,
57.14815217604014,95503,848,1319,2333,
57.14878359757181,95503,848,1318,2334,
57.14960543988127,95502,849,1318,2334,
57.15130382611933,95502,848,1319,2334,
57.15287050033523,95501,849,1319,2334,
57.15453006528227,95501,849,1318,2335,
57.15565911514643,95501,849,1317,2336,
57.155795774321405,95501,848,1318,2336,
57.15793184293775,95501,847,1319,2336,
57.15900540856115,95501,846,1320,2336,
57.1590741338009,95501,845,1321,2336,
57.16814151518884,95501,844,1322,2336,
57.16867656659681,95501,844,1321,2337,
57.1698224495183,95501,843,1322,2337,
57.17024857722501,95500,844,1322,2337,
57.17175766005127,95500,843,1323,2337,
57.17498272549091,95500,843,1322,2338,
57.17631735964986,95500,842,1323,2338,
57.177258599609054,95499,843,1323,2338,
57.18312316232779,95499,842,1324,2338,
57.19104177817214,95499,841,1325,2338,
57.19179954638749,95499,841,1324,2339,
57.19817374121395,95499,840,1325,2339,
57.198528046250516,95498,841,1325,2339,
57.199305255249946,95498,840,1326,2339,
57.20517499032584,95498,840,1325,2340,
57.206621309725925,95498,840,1324,2341,
57.20966605554411,95498,840,1323,2342,
57.21191739285269,95498,840,1322,2343,
57.21478949111436,95498,839,1323,2343,
57.21655839264367,95498,838,1324,2343,
57.22267932860701,95498,838,1323,2344,
57.22302250914545,95497,839,1323,2344,
57.22646813647974,95497,839,1322,2345,
57.22739751470846,95497,838,1323,2345,
57.22877441963289,95497,838,1322,2346,
57.22908657166018,95496,839,1322,2346,
57.229611777486134,95496,838,1323,2346,
57.23043520380017,95496,838,1322,2347,
57.23223724274748,95496,837,1323,2347,
57.23319142202262,95496,836,1324,2347,
57.237496388870795,95496,835,1325,2347,
57.24192379103286,95495,836,1325,2347,
57.24387181996202,95495,836,1324,2348,
57.247352309736826,95495,836,1323,2349,
57.249743324998754,95495,835,1324,2349,
57.24995463043207,95495,835,1323,2350,
57.25171160430912,95494,836,1323,2350,
57.255361944751,95494,835,1324,2350,
57.2559049570177,95494,834,1325,2350,
57.2602047424624,95494,834,1324,2351,
57.2606398180169,95493,835,1324,2351,
57.26167200226079,95492,836,1324,2351,
57.261890998731005,95492,835,1325,2351,
57.26602112242536,95491,836,1325,2351,
57.26693810357483,95491,835,1326,2351,
57.26837007776505,95490,836,1326,2351,
57.26952755873615,95489,837,1326,2351,
57.27929466937712,95489,837,1325,2352,
57.284488329558855,95489,837,1324,2353,
57.28687338561589,95489,837,1323,2354,
57.28757493206332,95489,837,1322,2355,
57.28889696775523,95488,838,1322,2355,
57.29670843915189,95488,838,1321,2356,
57.29793300181042,95487,839,1321,2356,
57.305971131843954,95487,838,1322,2356,
57.31496632734653,95487,838,1321,2357,
57.31503912552257,95487,837,1322,2357,
57.318199558498875,95486,838,1322,2357,
57.3185052870722,95486,837,1323,2357,
57.31957613010195,95486,837,1322,2358,
57.320225745298224,95486,837,1321,2359,
57.3222746044017,95485,838,1321,2359,
57.323460426922836,95485,837,1322,2359,
57.32375561376283,95485,837,1321,2360,
57.32437351248179,95484,838,1321,2360,
57.32851638284069,95484,838,1320,2361,
57.33086988559941,95484,838,1319,2362,
57.33731952482396,95483,839,1319,2362,
57.3382475638056,95482,840,1319,2362,
57.339770119982845,95481,841,1319,2362,
57.33982650243766,95480,842,1319,2362,
57.34219308722923,95479,843,1319,2362,
57.34227300759849,95479,842,1320,2362,
57.344084569838586,95479,841,1321,2362,
57.34499989033606,95479,840,1322,2362,
57.34734320961963,95479,839,1323,2362,
57.3475016212621,95479,839,1322,2363,
57.36008330829249,95478,840,1322,2363,
57.36338975670556,95477,841,1322,2363,
57.363891158025446,95477,840,1323,2363,
57.36503348431132,95477,839,1324,2363,
57.36541424341029,95477,839,1323,2364,
57.36588600127946,95476,840,1323,2364,
57.36902098023307,95475,841,1323,2364,
57.37128281663602,95475,840,1324,2364,
57.371972697920526,95475,839,1325,2364,
57.37436383459916,95475,838,1326,2364,
57.3774732465025,95474,839,1326,2364,
57.37756605050765,95474,838,1327,2364,
57.377777319932754,95474,838,1326,2365,
57.37980438682598,95474,838,1325,2366,
57.383288449343794,95474,838,1324,2367,
57.383667829482036,95474,838,1323,2368,
57.3845899515374,95474,838,1322,2369,
57.391734642871164,95474,838,1321,2370,
57.392048481640636,95474,838,1320,2371,
57.393208576659816,95474,837,1321,2371,
57.396841941793625,95473,838,1321,2371,
57.39941311420533,95473,838,1320,2372,
57.40073367033341,95472,839,1320,2372,
57.40488360419458,95471,840,1320,2372,
57.40733445361518,95470,841,1320,2372,
57.40850522000111,95469,842,1320,2372,
57.408649974934264,95468,843,1320,2372,
57.41243565724,95468,843,1319,2373,
57.412498893276705,95468,842,1320,2373,
57.41448691360966,95468,841,1321,2373,
57.42054968334489,95468,840,1322,2373,
57.423571805363075,95468,839,1323,2373,
57.42443924437147,95467,840,1323,2373,
57.42590347705626,95466,841,1323,2373,
57.42623170075615,95465,842,1323,2373,
57.42668401969432,95465,841,1324,2373,
57.42709291837945,95464,842,1324,2373,
57.43215592334159,95464,842,1323,2374,
57.43423757990899,95464,842,1322,2375,
57.434515491497166,95464,841,1323,2375,
57.43475630258275,95464,840,1324,2375,
57.44131711708659,95464,840,1323,2376,
57.44823823333335,95463,841,1323,2376,
57.44910964970703,95462,842,1323,2376,
57.45298132910578,95461,843,1323,2376,
57.455247224990956,95460,844,1323,2376,
57.45667901450489,95459,845,1323,2376,
57.456706090048165,95459,844,1324,2376,
57.45980347955234,95459,844,1323,2377,
57.46170042867743,95459,843,1324,2377,
57.462471829669475,95459,843,1323,2378,
57.46274629598085,95459,842,1324,2378,
57.462992953823374,95458,843,1324,2378,
57.46387652624764,95458,842,1325,2378,
57.46628614467811,95458,842,1324,2379,
57.46731428665851,95457,843,1324,2379,
57.468970836991645,95457,843,1323,2380,
57.48365684666199,95456,844,1323,2380,
57.484117165954395,95456,844,1322,2381,
57.48902154421178,95456,844,1321,2382,
57.49588712806755,95456,844,1320,2383,
57.49680656870388,95456,844,1319,2384,
57.50083720706747,95456,843,1320,2384,
57.50243016729155,95456,842,1321,2384,
57.50595048876627,95455,843,1321,2384,
57.50683171896669,95454,844,1321,2384,
57.50800105025247,95454,843,1322,2384,
57.5088241354616,95454,842,1323,2384,
57.51007598169886,95453,843,1323,2384,
57.51158488253923,95452,844,1323,2384,
57.51234396065805,95452,843,1324,2384,
57.513994952732574,95452,843,1323,2385,
57.517580163275504,95452,843,1322,2386,
57.518822705227436,95452,842,1323,2386,
57.520030273629885,95452,842,1322,2387,
57.52095440055278,95452,841,1323,2387,
57.52377742642179,95451,842,1323,2387,
57.52923965483651,95451,841,1324,2387,
57.53002286173988,95451,841,1323,2388,
57.53045731269227,95451,840,1324,2388,
57.53049492325763,95451,839,1325,2388,
57.53053994843,95451,839,1324,2389,
57.53210490461648,95451,838,1325,2389,
57.53323945185095,95451,838,1324,2390,
57.53356746912807,95451,837,1325,2390,
57.53416684732821,95451,836,1326,2390,
57.53438467862877,95450,837,1326,2390,
57.53964339201147,95450,836,1327,2390,
57.54113248450148,95450,836,1326,2391,
57.54262302223128,95449,837,1326,2391,
57.54538890502468,95449,837,1325,2392,
57.546177208968125,95448,838,1325,2392,
57.54914167774873,95448,837,1326,2392,
57.550589810205125,95448,836,1327,2392,
57.55212423088515,95448,836,1326,2393,
57.55534602040601,95448,835,1327,2393,
57.55707566175932,95448,834,1328,2393,
57.557419103329245,95448,833,1329,2393,
57.55855939972454,95448,833,1328,2394,
57.558826463015606,95447,834,1328,2394,
57.56219470822449,95447,834,1327,2395,
57.56282244807267,95447,834,1326,2396,
57.564087080934044,95447,833,1327,2396,
57.5644760837169,95446,834,1327,2396,
57.566021994619305,95446,834,1326,2397,
57.567573723250426,95446,834,1325,2398,
57.56808596619997,95445,835,1325,2398,
57.57085028784744,95445,835,1324,2399,
57.57371018550406,95444,836,1324,2399,
57.57767276355032,95444,835,1325,2399,
57.57955758196575,95444,834,1326,2399,
57.58047685676179,95444,834,1325,2400,
57.582034344561784,95443,835,1325,2400,
57.584138134813834,95443,834,1326,2400,
57.5875783108091,95443,834,1325,2401,
57.58840929199919,95442,835,1325,2401,
57.58883121327977,95442,835,1324,2402,
57.59128384665302,95442,834,1325,2402,
57.592074567543904,95442,833,1326,2402,
57.592271673328206,95441,834,1326,2402,
57.59576973442131,95441,834,1325,2403,
57.599838029495785,95441,833,1326,2403,
57.60047953477,95440,834,1326,2403,
57.60180821379749,95439,835,1326,2403,
57.60213316887389,95438,836,1326,2403,
57.60314465049523,95437,837,1326,2403,
57.603346556518595,95437,837,1325,2404,
57.60418472022584,95437,837,1324,2405,
57.605547848083106,95437,837,1323,2406,
57.606950024493756,95437,836,1324,2406,
57.60966767738654,95436,837,1324,2406,
57.61610412699482,95436,837,1323,2407,
57.62288249214915,95435,838,1323,2407,
57.62313164735561,95434,839,1323,2407,
57.62364897561319,95434,839,1322,2408,
57.62532189692327,95434,839,1321,2409,
57.62664720751831,95434,839,1320,2410,
57.63335425417347,95434,838,1321,2410,
57.635453307839484,95433,839,1321,2410,
57.64234834741376,95433,839,1320,2411,
57.64295904986669,95433,839,1319,2412,
57.643117538509834,95433,838,1320,2412,
57.64589342088517,95433,837,1321,2412,
57.649618407688294,95433,836,1322,2412,
57.651751067637896,95433,836,1321,2413,
57.655201792881535,95432,837,1321,2413,
57.65835133450769,95432,836,1322,2413,
57.66157324610261,95431,837,1322,2413,
57.663233131471216,95431,837,1321,2414,
57.66725987536753,95430,838,1321,2414,
57.66801595784359,95430,837,1322,2414,
57.66905676727626,95429,838,1322,2414,
57.6707419111785,95429,837,1323,2414,
57.6709727306847,95429,836,1324,2414,
57.6720545223201,95429,836,1323,2415,
57.67797075970804,95428,837,1323,2415,
57.67917928230687,95428,837,1322,2416,
57.68543253368972,95428,837,1321,2417,
57.68722364409055,95428,836,1322,2417,
57.68726383503129,95427,837,1322,2417,
57.6945883717579,95427,836,1323,2417,
57.69783382672364,95427,835,1324,2417,
57.69933834750061,95427,834,1325,2417,
57.70072428993897,95426,835,1325,2417,
57.70106158818176,95426,834,1326,2417,
57.703607357356184,95426,834,1325,2418,
57.706833032619016,95426,833,1326,2418,
57.70923335289524,95425,834,1326,2418,
57.71236626962237,95425,834,1325,2419,
57.71392778518684,95425,833,1326,2419,
57.714047288290146,95424,834,1326,2419,
57.71601966137425,95424,834,1325,2420,
57.71750671772039,95424,833,1326,2420,
57.71982117374098,95423,834,1326,2420,
57.72191406723964,95422,835,1326,2420,
57.722255578317075,95422,835,1325,2421,
57.729622269710845,95422,834,1326,2421,
57.72986134247816,95421,835,1326,2421,
57.730400794486044,95421,835,1325,2422,
57.73055859924183,95421,834,1326,2422,
57.73888204263747,95421,834,1325,2423,
57.739275322437756,95421,833,1326,2423,
57.74415476597452,95421,833,1325,2424,
57.7448704868703,95421,832,1326,2424,
57.74998104871675,95421,832,1325,2425,
57.751796165526464,95420,833,1325,2425,
57.752917840463155,95420,832,1326,2425,
57.754193735119806,95420,831,1327,2425,
57.75496462455956,95420,830,1328,2425,
57.75567540831065,95420,830,1327,2426,
57.7565264255166,95420,830,1326,2427,
57.75913197117411,95419,831,1326,2427,
57.76020334208661,95419,831,1325,2428,
57.76173645756347,95419,831,1324,2429,
57.76316362265522,95419,831,1323,2430,
57.76392514132097,95419,831,1322,2431,
57.76427957623858,95419,831,1321,2432,
57.76432807661669,95418,832,1321,2432,
57.76526274976903,95417,833,1321,2432,
57.767068654405854,95417,833,1320,2433,
57.76841499979156,95417,832,1321,2433,
57.76943897670896,95416,833,1321,2433,
57.77127996288402,95416,832,1322,2433,
57.77805586038716,95415,833,1322,2433,
57.77975387956216,95415,832,1323,2433,
57.781223105144136,95415,832,1322,2434,
57.78208745913888,95414,833,1322,2434,
57.78699154432387,95413,834,1322,2434,
57.78843021769141,95413,834,1321,2435,
57.78895545759083,95412,835,1321,2435,
57.79375748900455,95411,836,1321,2435,
57.79610360127366,95410,837,1321,2435,
57.7986302970881,95409,838,1321,2435,
57.79923998925936,95409,837,1322,2435,
57.79947136085506,95409,837,1321,2436,
57.80132197391734,95409,836,1322,2436,
57.80283633169734,95408,837,1322,2436,
57.80286353635667,95407,838,1322,2436,
57.80334810274697,95407,837,1323,2436,
57.80350837885225,95407,836,1324,2436,
57.80560545021007,95407,835,1325,2436,
57.806131676480845,95407,834,1326,2436,
57.807830066653736,95407,834,1325,2437,
57.80925369928776,95407,834,1324,2438,
57.810372753491166,95407,833,1325,2438,
57.81054525900226,95407,832,1326,2438,
57.81064559722472,95406,833,1326,2438,
57.81380572405945,95406,833,1325,2439,
57.81586936186094,95406,833,1324,2440,
57.817586314742215,95405,834,1324,2440,
57.82002237620366,95405,833,1325,2440,
57.820759182279076,95405,833,1324,2441,
57.823399598009814,95405,833,1323,2442,
57.824493713582726,95405,832,1324,2442,
57.82535199729713,95404,833,1324,2442,
57.825921187891694,95404,832,1325,2442,
57.82630065080266,95404,832,1324,2443,
57.826721886549215,95404,832,1323,2444,
57.83129148782424,95404,832,1322,2445,
57.832617507785706,95404,832,1321,2446,
57.833565008776226,95404,832,1320,2447,
57.837091855268056,95404,832,1319,2448,
57.83746838614694,95404,832,1318,2449,
57.83767022071695,95404,831,1319,2449,
57.84028742467848,95404,831,1318,2450,
57.84055651889984,95404,830,1319,2450,
57.84163027564577,95403,831,1319,2450,
57.84389581897022,95403,831,1318,2451,
57.846233791992404,95403,830,1319,2451,
57.846874380146595,95403,829,1320,2451,
57.84759313377648,95403,828,1321,2451,
57.85299629568878,95403,828,1320,2452,
57.86043416157021,95402,829,1320,2452,
57.863808346167076,95402,829,1319,2453,
57.86509434215837,95402,829,1318,2454,
57.86619014870818,95401,830,1318,2454,
57.867418907344934,95401,829,1319,2454,
57.87437187350228,95401,829,1318,2455,
57.87568993813673,95401,828,1319,2455,
57.876282578510256,95401,828,1318,2456,
57.876579767262704,95400,829,1318,2456,
57.87798996151637,95400,829,1317,2457,
57.88014982498942,95400,829,1316,2458,
57.882012076355764,95400,828,1317,2458,
57.88530251582844,95400,827,1318,2458,
57.886755480365515,95400,827,1317,2459,
57.88864865174581,95400,827,1316,2460,
57.89086240648061,95400,826,1317,2460,
57.89167708562936,95400,825,1318,2460,
57.901504247012475,95400,824,1319,2460,
57.903846206741726,95400,823,1320,2460,
57.90416400998015,95399,824,1320,2460,
57.908951879385846,95398,825,1320,2460,
57.91224539723412,95397,826,1320,2460,
57.915869202287915,95397,826,1319,2461,
57.91658550863794,95397,826,1318,2462,
57.91901298187847,95397,826,1317,2463,
57.92464685200909,95396,827,1317,2463,
57.926054039754945,95396,826,1318,2463,
57.927065871187764,95396,826,1317,2464,
57.927108514804765,95396,825,1318,2464,
57.927260595631836,95396,825,1317,2465,
57.92815589662823,95395,826,1317,2465,
57.93005307772833,95395,826,1316,2466,
57.931939514646515,95395,826,1315,2467,
57.93236425835758,95395,826,1314,2468,
57.93393879289739,95395,826,1313,2469,
57.93465336008412,95395,826,1312,2470,
57.93951669388727,95395,825,1313,2470,
57.94292056692517,95394,826,1313,2470,
57.94408955845521,95393,827,1313,2470,
57.955919429901265,95392,828,1313,2470,
57.955973133388696,95392,827,1314,2470,
57.956453768442394,95391,828,1314,2470,
57.963409167007654,95391,827,1315,2470,
57.96723935515748,95391,827,1314,2471,
57.96824036832242,95390,828,1314,2471,
57.974084054890625,95390,828,1313,2472,
57.97579661237043,95389,829,1313,2472,
57.97792903517154,95389,829,1312,2473,
57.978073951707735,95389,828,1313,2473,
57.980395177430985,95389,828,1312,2474,
57.98376240366082,95389,828,1311,2475,
57.98689932233355,95389,827,1312,2475,
57.98805380977211,95388,828,1312,2475,
57.991155375976966,95388,828,1311,2476,
57.99152286481093,95387,829,1311,2476,
57.99258360697896,95387,829,1310,2477,
57.99271129905684,95387,829,1309,2478,
57.993070182284484,95387,828,1310,2478,
57.994467472406285,95387,828,1309,2479,
57.9947426653125,95387,828,1308,2480,
57.99802786666342,95387,828,1307,2481,
57.998088139458766,95386,829,1307,2481,
58.00488961660589,95385,830,1307,2481,
58.00516897675986,95384,831,1307,2481,
58.00772287381728,95383,832,1307,2481,
58.00836781470099,95382,833,1307,2481,
58.0084455944501,95382,832,1308,2481,
58.009619489119494,95381,833,1308,2481,
58.01313376212871,95381,832,1309,2481,
58.018226665086054,95381,832,1308,2482,
58.023020654967176,95381,831,1309,2482,
58.025206340688676,95381,831,1308,2483,
58.02721686798048,95381,831,1307,2484,
58.029207583074175,95380,832,1307,2484,
58.031906572933025,95380,832,1306,2485,
58.03368809031272,95380,832,1305,2486,
58.03424261524739,95380,832,1304,2487,
58.03560762585741,95380,832,1303,2488,
58.0397356452212,95380,831,1304,2488,
58.04130636893346,95380,831,1303,2489,
58.046012880106304,95380,831,1302,2490,
58.046567361285994,95379,832,1302,2490,
58.04665553737497,95379,832,1301,2491,
58.052396267513906,95379,831,1302,2491,
58.05365510505998,95379,830,1303,2491,
58.05669862674547,95378,831,1303,2491,
58.0613906616367,95378,830,1304,2491,
58.061633545513544,95377,831,1304,2491,
58.062041924526156,95377,830,1305,2491,
58.06640261996451,95377,829,1306,2491,
58.07149382190932,95376,830,1306,2491,
58.07453918259768,95376,829,1307,2491,
58.075546885735356,95376,828,1308,2491,
58.076572107086506,95376,827,1309,2491,
58.077286589080344,95376,826,1310,2491,
58.07893647119867,95376,826,1309,2492,
58.07896416475515,95376,825,1310,2492,
58.07901524721988,95376,824,1311,2492,
58.082569363812276,95376,823,1312,2492,
58.08381536206929,95376,823,1311,2493,
58.08787863104695,95375,824,1311,2493,
58.09015027750136,95375,824,1310,2494,
58.09271149242482,95374,825,1310,2494,
58.09820478457836,95373,826,1310,2494,
58.100445029930356,95373,826,1309,2495,
58.100950751888675,95372,827,1309,2495,
58.103378378436034,95372,827,1308,2496,
58.103827632968866,95371,828,1308,2496,
58.10817120056495,95371,827,1309,2496,
58.10849864878472,95371,826,1310,2496,
58.10993477720692,95370,827,1310,2496,
58.11542266916851,95370,827,1309,2497,
58.12059453538558,95370,827,1308,2498,
58.122229616020235,95370,827,1307,2499,
58.12305190397892,95370,827,1306,2500,
58.123778556223854,95370,827,1305,2501,
58.12835964797631,95370,826,1306,2501,
58.12839139369095,95370,826,1305,2502,
58.12892682710979,95369,827,1305,2502,
58.12986023374729,95368,828,1305,2502,
58.13073746537216,95367,829,1305,2502,
58.131293970587926,95367,829,1304,2503,
58.13242005768029,95367,829,1303,2504,
58.134365105415235,95367,828,1304,2504,
58.1348053441037,95367,827,1305,2504,
58.13606577700691,95366,828,1305,2504,
58.137749492521955,95366,828,1304,2505,
58.138048836567116,95366,828,1303,2506,
58.14077482872301,95366,827,1304,2506,
58.14388132140517,95366,826,1305,2506,
58.14821949906012,95366,826,1304,2507,
58.15541145692741,95365,827,1304,2507,
58.15549922145663,95365,826,1305,2507,
58.15647537657624,95365,826,1304,2508,
58.157052399267926,95365,826,1303,2509,
58.158233699117815,95365,826,1302,2510,
58.158316195823076,95365,826,1301,2511,
58.158693620177154,95365,826,1300,2512,
58.164088660538795,95365,825,1301,2512,
58.16531018077253,95365,824,1302,2512,
58.16691673211174,95365,823,1303,2512,
58.16852188946689,95365,823,1302,2513,
58.170337235950626,95365,823,1301,2514,
58.171332600164575,95365,822,1302,2514,
58.17302169273102,95364,823,1302,2514,
58.17308592562437,95363,824,1302,2514,
58.174420857363664,95363,823,1303,2514,
58.180283621353276,95363,822,1304,2514,
58.181080507657974,95363,821,1305,2514,
58.18393061735595,95362,822,1305,2514,
58.18862367799006,95361,823,1305,2514,
58.19389211178128,95361,822,1306,2514,
58.1953250663818,95361,821,1307,2514,
58.19683291444276,95361,821,1306,2515,
58.197574994072966,95361,820,1307,2515,
58.19949089681724,95360,821,1307,2515,
58.201534827383874,95359,822,1307,2515,
58.208170765961725,95359,821,1308,2515,
58.21042826587694,95359,821,1307,2516,
58.210711962437365,95359,821,1306,2517,
58.21402660263546,95358,822,1306,2517,
58.220683583345384,95357,823,1306,2517,
58.22487690961602,95357,822,1307,2517,
58.22750182339616,95357,821,1308,2517,
58.22809483079391,95356,822,1308,2517,
58.23035527074452,95356,822,1307,2518,
58.23476019502539,95356,821,1308,2518,
58.235476353042465,95356,821,1307,2519,
58.236733321438315,95356,820,1308,2519,
58.24256583297942,95356,820,1307,2520,
58.24380467746184,95356,820,1306,2521,
58.24468526072695,95356,819,1307,2521,
58.24680639577709,95356,818,1308,2521,
58.247031858979994,95355,819,1308,2521,
58.24742797408285,95354,820,1308,2521,
58.251762886501886,95354,819,1309,2521,
58.253203742278885,95353,820,1309,2521,
58.254641507202145,95353,820,1308,2522,
58.25472875456935,95353,820,1307,2523,
58.25656033782454,95353,820,1306,2524,
58.26200405361535,95353,820,1305,2525,
58.26225332678623,95352,821,1305,2525,
58.264055935283366,95352,820,1306,2525,
58.26512536870823,95352,820,1305,2526,
58.26621887192946,95352,820,1304,2527,
58.26878209992526,95352,820,1303,2528,
58.270957555994435,95352,819,1304,2528,
58.27680982704148,95352,819,1303,2529,
58.278630423514365,95352,818,1304,2529,
58.2821640037404,95352,818,1303,2530,
58.285825319297565,95352,818,1302,2531,
58.289027576705394,95352,818,1301,2532,
58.289790507921246,95352,817,1302,2532,
58.29570378691039,95352,816,1303,2532,
58.29654318325197,95351,817,1303,2532,
58.301537130904094,95350,818,1303,2532,
58.30394241208054,95349,819,1303,2532,
58.307771706958285,95349,819,1302,2533,
58.30820306254625,95349,818,1303,2533,
58.30851283838322,95348,819,1303,2533,
58.310928457300626,95348,819,1302,2534,
58.312391508885035,95347,820,1302,2534,
58.31760327180955,95347,819,1303,2534,
58.31952395769064,95347,819,1302,2535,
58.321003762475954,95347,818,1303,2535,
58.32218682097455,95347,818,1302,2536,
58.323505657944594,95347,817,1303,2536,
58.32537227607729,95347,816,1304,2536,
58.32558543558504,95347,815,1305,2536,
58.326192565995484,95347,815,1304,2537,
58.327419655907626,95347,815,1303,2538,
58.32863678450817,95347,814,1304,2538,
58.330734050362544,95346,815,1304,2538,
58.333607385974986,95346,814,1305,2538,
58.33437182600366,95346,814,1304,2539,
58.334864556475154,95345,815,1304,2539,
58.33498442270188,95345,814,1305,2539,
58.33645745812159,95345,814,1304,2540,
58.33745662847304,95345,814,1303,2541,
58.33834247536525,95344,815,1303,2541,
58.33854667525942,95343,816,1303,2541,
58.33891626747608,95343,816,1302,2542,
58.339132832700365,95342,817,1302,2542,
58.34296763447417,95342,817,1301,2543,
58.348889625007025,95341,818,1301,2543,
58.350416689887325,95341,818,1300,2544,
58.351722991375304,95340,819,1300,2544,
58.35429128668186,95340,818,1301,2544,
58.35708760584211,95340,817,1302,2544,
58.35728411568585,95339,818,1302,2544,
58.36043957925057,95339,817,1303,2544,
58.36061356545535,95338,818,1303,2544,
58.361524908256406,95337,819,1303,2544,
58.36185178506265,95337,818,1304,2544,
58.36315046783575,95337,817,1305,2544,
58.36464909056562,95337,816,1306,2544,
58.364708755536405,95336,817,1306,2544,
58.365147515791264,95336,816,1307,2544,
58.365663011305394,95336,815,1308,2544,
58.36704052622937,95336,815,1307,2545,
58.36876614574995,95335,816,1307,2545,
58.369540708979,95335,815,1308,2545,
58.37601905067567,95334,816,1308,2545,
58.382489449118886,95334,815,1309,2545,
58.38331730849662,95334,815,1308,2546,
58.38363803459698,95334,815,1307,2547,
58.38425562412653,95334,815,1306,2548,
58.38457033587042,95334,814,1307,2548,
58.38731186309607,95333,815,1307,2548,
58.39645785792724,95333,814,1308,2548,
58.39810531129809,95333,814,1307,2549,
58.39906744672817,95333,814,1306,2550,
58.399575332939506,95332,815,1306,2550,
58.400590311769015,95332,815,1305,2551,
58.40192776253015,95332,815,1304,2552,
58.40406121169836,95332,815,1303,2553,
58.406062188544,95332,815,1302,2554,
58.4067849905835,95332,814,1303,2554,
58.409020381281245,95331,815,1303,2554,
58.41159076829549,95331,815,1302,2555,
58.41208567782019,95330,816,1302,2555,
58.41620805735021,95329,817,1302,2555,
58.417888382103406,95329,816,1303,2555,
58.4180523239927,95329,816,1302,2556,
58.423915315441214,95328,817,1302,2556,
58.429839917772085,95327,818,1302,2556,
58.4325814942519,95327,818,1301,2557,
58.434808000730996,95327,818,1300,2558,
58.44269799594594,95327,817,1301,2558,
58.443952666800236,95327,816,1302,2558,
58.44613318945561,95327,815,1303,2558,
58.44617353885607,95326,816,1303,2558,
58.44731011539979,95326,816,1302,2559,
58.447832685037106,95325,817,1302,2559,
58.449483875227486,95324,818,1302,2559,
58.449783294233626,95324,817,1303,2559,
58.44995449706032,95324,816,1304,2559,
58.45782436311505,95324,816,1303,2560,
58.458298369876566,95324,816,1302,2561,
58.46078924750971,95324,816,1301,2562,
58.46243672074198,95324,816,1300,2563,
58.465801184125084,95323,817,1300,2563,
58.46602135543605,95323,817,1299,2564,
58.47079681276453,95323,816,1300,2564,
58.47374577682127,95323,816,1299,2565,
58.47664588989088,95323,815,1300,2565,
58.47745039973798,95323,815,1299,2566,
58.47845309626136,95323,815,1298,2567,
58.48114235566602,95323,814,1299,2567,
58.48423421260409,95323,813,1300,2567,
58.48467450056333,95323,813,1299,2568,
58.48484137437641,95322,814,1299,2568,
58.488384299388855,95321,815,1299,2568,
58.48988608379048,95321,815,1298,2569,
58.490390533792656,95320,816,1298,2569,
58.491136985862376,95320,816,1297,2570,
58.49320634925961,95320,815,1298,2570,
58.493635830105916,95320,815,1297,2571,
58.494650883815765,95320,814,1298,2571,
58.49500115149506,95320,813,1299,2571,
58.50103440641932,95320,813,1298,2572,
58.50128691368552,95320,812,1299,2572,
58.50197065776191,95320,812,1298,2573,
58.50204915149988,95320,811,1299,2573,
58.50614556894287,95320,811,1298,2574,
58.50907424715788,95320,811,1297,2575,
58.51000000411474,95319,812,1297,2575,
58.51689704501551,95319,812,1296,2576,
58.51703809360809,95319,812,1295,2577,
58.5194674996709,95319,812,1294,2578,
58.520844427660805,95318,813,1294,2578,
58.521842019743254,95317,814,1294,2578,
58.522129600293695,95317,814,1293,2579,
58.52294982518366,95317,814,1292,2580,
58.52916544202716,95316,815,1292,2580,
58.532761049388,95316,815,1291,2581,
58.53462035055563,95316,814,1292,2581,
58.54206029957359,95316,814,1291,2582,
58.54487993688699,95316,813,1292,2582,
58.545062730269635,95315,814,1292,2582,
58.54542761249685,95315,814,1291,2583,
58.54691484192778,95315,813,1292,2583,
58.54803301971363,95315,813,1291,2584,
58.549482751478756,95314,814,1291,2584,
58.55508194757786,95314,814,1290,2585,
58.55760343057816,95314,813,1291,2585,
58.559529825500356,95314,812,1292,2585,
58.56207470701002,95314,812,1291,2586,
58.567937906540195,95314,811,1292,2586,
58.56795213247028,95314,810,1293,2586,
58.56953651029945,95314,810,1292,2587,
58.576774477287124,95314,809,1293,2587,
58.57705934732826,95314,808,1294,2587,
58.577922985321266,95314,807,1295,2587,
58.57906846177956,95313,808,1295,2587,
58.58209100087663,95313,807,1296,2587,
58.59326741211244,95312,808,1296,2587,
58.59428315640103,95312,807,1297,2587,
58.597239343433316,95312,806,1298,2587,
58.59769720272413,95312,805,1299,2587,
58.60268441824703,95311,806,1299,2587,
58.603594275961086,95311,805,1300,2587,
58.60490153983741,95311,805,1299,2588,
58.60601277363204,95310,806,1299,2588,
58.606171960471436,95309,807,1299,2588,
58.606335006998684,95309,806,1300,2588,
58.60992913160632,95309,805,1301,2588,
58.6100662718483,95309,805,1300,2589,
58.622242220628195,95309,804,1301,2589,
58.62332764854393,95309,803,1302,2589,
58.624126006352476,95309,802,1303,2589,
58.6246057485096,95309,801,1304,2589,
58.626565582017896,95309,801,1303,2590,
58.628057135299464,95309,801,1302,2591,
58.6293993609843,95308,802,1302,2591,
58.62952389909786,95308,801,1303,2591,
58.630334334807316,95308,801,1302,2592,
58.63114525252631,95308,800,1303,2592,
58.63165710373862,95308,800,1302,2593,
58.633340796869064,95307,801,1302,2593,
58.64059417215897,95307,801,1301,2594,
58.642176640484415,95306,802,1301,2594,
58.64399378262416,95306,801,1302,2594,
58.64408588378942,95306,800,1303,2594,
58.644092991839656,95306,799,1304,2594,
58.64596933715033,95305,800,1304,2594,
58.64629975919416,95304,801,1304,2594,
58.64756947466574,95303,802,1304,2594,
58.650893529543026,95303,801,1305,2594,
58.65136502072524,95303,801,1304,2595,
58.652418298913396,95302,802,1304,2595,
58.652460354906175,95302,802,1303,2596,
58.65341812108321,95302,802,1302,2597,
58.6570180347628,95301,803,1302,2597,
58.65853855809296,95300,804,1302,2597,
58.65882666459219,95299,805,1302,2597,
58.662513501171894,95299,804,1303,2597,
58.663952206392814,95299,803,1304,2597,
58.666662005586126,95298,804,1304,2597,
58.66743684795127,95297,805,1304,2597,
58.67738365911051,95296,806,1304,2597,
58.678755733983046,95296,806,1303,2598,
58.67916896954399,95295,807,1303,2598,
58.68043065334704,95295,807,1302,2599,
58.68749512589382,95295,807,1301,2600,
58.68885616537472,95295,807,1300,2601,
58.689184301399756,95295,806,1301,2601,
58.69123843888073,95294,807,1301,2601,
58.692617939047736,95293,808,1301,2601,
58.699822034317464,95293,807,1302,2601,
58.70076930251373,95293,807,1301,2602,
58.70090579665609,95292,808,1301,2602,
58.70569586792686,95292,807,1302,2602,
58.70665615938681,95292,806,1303,2602,
58.70905720380751,95292,806,1302,2603,
58.710797233132425,95291,807,1302,2603,
58.71123480269903,95291,807,1301,2604,
58.71148379119251,95290,808,1301,2604,
58.71328250591028,95290,807,1302,2604,
58.714503834519206,95289,808,1302,2604,
58.71569449761034,95289,807,1303,2604,
58.71663649312817,95289,807,1302,2605,
58.71681397130705,95289,807,1301,2606,
58.72031137313712,95289,806,1302,2606,
58.72982373803137,95289,806,1301,2607,
58.7312903416177,95288,807,1301,2607,
58.73414387271024,95288,806,1302,2607,
58.73566729573691,95288,805,1303,2607,
58.73722926045731,95287,806,1303,2607,
58.74101634616639,95287,806,1302,2608,
58.74314761372051,95287,805,1303,2608,
58.74658165667538,95286,806,1303,2608,
58.746727144531654,95286,806,1302,2609,
58.750273674905706,95286,806,1301,2610,
58.75751308288412,95286,805,1302,2610,
58.75832309345287,95285,806,1302,2610,
58.75859385461458,95284,807,1302,2610,
58.762006541485576,95283,808,1302,2610,
58.762579692765236,95283,807,1303,2610,
58.765374360987195,95283,807,1302,2611,
58.765938862999874,95283,807,1301,2612,
58.7663767609452,95283,806,1302,2612,
58.77308721094449,95283,806,1301,2613,
58.774361674806244,95283,806,1300,2614,
58.7784118592064,95283,806,1299,2615,
58.78216922639646,95282,807,1299,2615,
58.783192962650006,95282,807,1298,2616,
58.783973624557085,95281,808,1298,2616,
58.7841212043938,95281,808,1297,2617,
58.786707975129474,95281,807,1298,2617,
58.78775211358984,95280,808,1298,2617,
58.79010921419681,95280,808,1297,2618,
58.791267564175236,95280,807,1298,2618,
58.79157729420601,95279,808,1298,2618,
58.793639682962166,95279,808,1297,2619,
58.79922418925243,95278,809,1297,2619,
58.804887004812464,95278,808,1298,2619,
58.80555508492665,95277,809,1298,2619,
58.806634873213596,95277,809,1297,2620,
58.8074152310121,95277,809,1296,2621,
58.80978207828911,95277,808,1297,2621,
58.81276238343181,95276,809,1297,2621,
58.813104626242115,95276,809,1296,2622,
58.81764837877236,95276,808,1297,2622,
58.82432592174529,95276,807,1298,2622,
58.82833715989914,95276,806,1299,2622,
58.832847070466485,95275,807,1299,2622,
58.833416142474974,95275,807,1298,2623,
58.837253886234706,95275,806,1299,2623,
58.83817237181232,95274,807,1299,2623,
58.83884381394153,95274,806,1300,2623,
58.84379864982818,95274,805,1301,2623,
58.84725874354357,95274,804,1302,2623,
58.85216553429956,95274,804,1301,2624,
58.852217023692106,95273,805,1301,2624,
58.85249281010289,95273,804,1302,2624,
58.85501122715497,95272,805,1302,2624,
58.857008195119334,95272,804,1303,2624,
58.85871146900761,95271,805,1303,2624,
58.85971859018929,95270,806,1303,2624,
58.86296524136418,95270,805,1304,2624,
58.8657992099324,95269,806,1304,2624,
58.86832322106319,95269,805,1305,2624,
58.87105962866402,95269,804,1306,2624,
58.872637501724924,95269,804,1305,2625,
58.873629039377306,95268,805,1305,2625,
58.874351882827916,95267,806,1305,2625,
58.87576728543213,95266,807,1305,2625,
58.87867276931228,95266,807,1304,2626,
58.879339345349855,95266,806,1305,2626,
58.88165000259426,95265,807,1305,2626,
58.88678139945294,95265,807,1304,2627,
58.90108103532188,95265,807,1303,2628,
58.9036895255875,95265,807,1302,2629,
58.90554572587995,95265,807,1301,2630,
58.913540172172745,95265,806,1302,2630,
58.914610050823285,95265,806,1301,2631,
58.91542326214109,95264,807,1301,2631,
58.92518842608952,95264,807,1300,2632,
58.92653953752915,95263,808,1300,2632,
58.926820505823024,95262,809,1300,2632,
58.92838884569889,95262,808,1301,2632,
58.9303657621326,95262,808,1300,2633,
58.93458308011,95262,808,1299,2634,
58.940615487424076,95261,809,1299,2634,
58.94622754307855,95261,809,1298,2635,
58.94734958789313,95261,808,1299,2635,
58.94771594386344,95261,808,1298,2636,
58.95168661392127,95261,807,1299,2636,
58.95320695651244,95261,806,1300,2636,
58.95410482625578,95261,805,1301,2636,
58.95489765386878,95260,806,1301,2636,
58.95755614457537,95259,807,1301,2636,
58.9600270851683,95259,806,1302,2636,
58.96345430404121,95259,806,1301,2637,
58.96373147673585,95258,807,1301,2637,
58.96400605976978,95258,806,1302,2637,
58.96516240410309,95258,806,1301,2638,
58.96772899019561,95258,806,1300,2639,
58.97160848773774,95258,806,1299,2640,
58.973218707694315,95258,805,1300,2640,
58.974056014281054,95258,804,1301,2640,
58.97617996878621,95258,804,1300,2641,
58.976228241296,95258,803,1301,2641,
58.97697852210988,95258,802,1302,2641,
58.978243086263824,95258,801,1303,2641,
58.98254919984973,95258,801,1302,2642,
58.982846715492805,95258,800,1303,2642,
58.98393813120413,95258,799,1304,2642,
58.98520994281057,95257,800,1304,2642,
58.98689876590839,95257,800,1303,2643,
58.9875951890076,95256,801,1303,2643,
58.98803627967138,95256,801,1302,2644,
58.98896116033856,95256,801,1301,2645,
58.98906722981359,95256,801,1300,2646,
58.992370817964705,95256,800,1301,2646,
58.99522138496876,95256,799,1302,2646,
58.996845181385055,95256,799,1301,2647,
58.996909992265074,95256,799,1300,2648,
58.99910011346033,95255,800,1300,2648,
59.002360688578236,95255,800,1299,2649,
59.00539071713385,95255,799,1300,2649,
59.01713905254848,95254,800,1300,2649,
59.021413782216825,95254,799,1301,2649,
59.021580268735136,95254,798,1302,2649,
59.02267843358693,95254,798,1301,2650,
59.027746243186456,95253,799,1301,2650,
59.031644029820264,95253,798,1302,2650,
59.033472801976195,95253,798,1301,2651,
59.034856575504904,95253,797,1302,2651,
59.03489994121849,95253,797,1301,2652,
59.03604514313947,95253,796,1302,2652,
59.036320428059426,95252,797,1302,2652,
59.03779233981647,95251,798,1302,2652,
59.03927529860154,95251,797,1303,2652,
59.04020636590468,95251,797,1302,2653,
59.04032623743771,95251,797,1301,2654,
59.04182895997225,95251,797,1300,2655,
59.04214465941616,95251,796,1301,2655,
59.0422297552052,95251,796,1300,2656,
59.04404938675265,95251,795,1301,2656,
59.044363489703024,95251,795,1300,2657,
59.044889701172394,95251,794,1301,2657,
59.0463407002142,95251,794,1300,2658,
59.05004963263383,95251,794,1299,2659,
59.05080887407527,95251,793,1300,2659,
59.053507721860136,95251,792,1301,2659,
59.05363410723192,95251,792,1300,2660,
59.05614894134007,95251,792,1299,2661,
59.05670206317274,95251,792,1298,2662,
59.06214068863985,95251,791,1299,2662,
59.06705050549764,95251,791,1298,2663,
59.06837433347297,95251,790,1299,2663,
59.06944636460971,95251,790,1298,2664,
59.072021440224965,95251,789,1299,2664,
59.07828817557737,95250,790,1299,2664,
59.08062366461505,95250,789,1300,2664,
59.0866899389046,95249,790,1300,2664,
59.088298627684765,95249,789,1301,2664,
59.094871203576446,95249,788,1302,2664,
59.09885214330159,95249,787,1303,2664,
59.09918032680698,95249,787,1302,2665,
59.10138594135569,95248,788,1302,2665,
59.10407151475012,95247,789,1302,2665,
59.1067146143012,95247,789,1301,2666,
59.110206899698014,95247,789,1300,2667,
59.11164864917723,95247,788,1301,2667,
59.11171565423997,95246,789,1301,2667,
59.11239892655162,95245,790,1301,2667,
59.11524727905752,95245,789,1302,2667,
59.11678708379503,95245,789,1301,2668,
59.12038327321516,95245,788,1302,2668,
59.120770095939136,95244,789,1302,2668,
59.12103356198267,95244,788,1303,2668,
59.1212848235134,95244,788,1302,2669,
59.122118890455134,95243,789,1302,2669,
59.122670626104764,95242,790,1302,2669,
59.1272056380098,95241,791,1302,2669,
59.13251496504162,95241,791,1301,2670,
59.14252522982274,95241,790,1302,2670,
59.143185685397995,95241,789,1303,2670,
59.147038598196225,95241,789,1302,2671,
59.14876227594728,95241,789,1301,2672,
59.14908700934962,95240,790,1301,2672,
59.15201454855784,95239,791,1301,2672,
59.15288087387111,95238,792,1301,2672,
59.15311479411226,95238,792,1300,2673,
59.15414718080043,95238,791,1301,2673,
59.15556936392728,95237,792,1301,2673,
59.15565309237891,95236,793,1301,2673,
59.1577192556892,95236,793,1300,2674,
59.15839779180219,95235,794,1300,2674,
59.15994053445185,95234,795,1300,2674,
59.166461491379344,95233,796,1300,2674,
59.17257622818928,95232,797,1300,2674,
59.174263149731615,95232,797,1299,2675,
59.17530760953035,95231,798,1299,2675,
59.18054899444407,95231,798,1298,2676,
59.184971385209934,95231,798,1297,2677,
59.186657002162406,95231,797,1298,2677,
59.18889648714565,95231,796,1299,2677,
59.193378724222576,95230,797,1299,2677,
59.194185039223306,95230,796,1300,2677,
59.19527476189479,95229,797,1300,2677,
59.19679038349804,95229,796,1301,2677,
59.19923134643569,95228,797,1301,2677,
59.20277404574878,95228,796,1302,2677,
59.20520974523125,95228,795,1303,2677,
59.20669344103343,95228,794,1304,2677,
59.20784937204169,95228,794,1303,2678,
59.208387189821465,95228,794,1302,2679,
59.21037974695217,95228,793,1303,2679,
59.21315083890014,95227,794,1303,2679,
59.216825427463945,95227,794,1302,2680,
59.21953610390772,95227,793,1303,2680,
59.222376278499155,95227,792,1304,2680,
59.222869986264314,95227,792,1303,2681,
59.22435606122952,95227,792,1302,2682,
59.22673461806235,95227,792,1301,2683,
59.22744786229728,95227,791,1302,2683,
59.22850275337771,95227,791,1301,2684,
59.22870294914171,95227,791,1300,2685,
59.22945322344739,95227,791,1299,2686,
59.230370638439275,95227,791,1298,2687,
59.230754085252535,95227,790,1299,2687,
59.232563599452575,95227,789,1300,2687,
59.23536345212617,95227,789,1299,2688,
59.23716925317159,95226,790,1299,2688,
59.23761259930762,95226,790,1298,2689,
59.238794745701036,95226,790,1297,2690,
59.24009328588481,95226,789,1298,2690,
59.2471097585773,95226,789,1297,2691,
59.249974523930234,95226,789,1296,2692,
59.251225345085174,95225,790,1296,2692,
59.25166502471363,95224,791,1296,2692,
59.25191082105515,95223,792,1296,2692,
59.25414736754832,95223,792,1295,2693,
59.254561579982514,95222,793,1295,2693,
59.255191011407476,95222,793,1294,2694,
59.25981823031316,95222,792,1295,2694,
59.262749322136436,95222,792,1294,2695,
59.26508848337456,95222,791,1295,2695,
59.26615268969918,95222,790,1296,2695,
59.27244439742135,95222,790,1295,2696,
59.27460103307381,95222,790,1294,2697,
59.27586902755332,95222,790,1293,2698,
59.27659798756571,95222,789,1294,2698,
59.278840298778384,95222,788,1295,2698,
59.27955316678455,95222,788,1294,2699,
59.28921303266569,95222,787,1295,2699,
59.29586993452369,95221,788,1295,2699,
59.29618713937792,95221,788,1294,2700,
59.29804477060896,95220,789,1294,2700,
59.299586898416656,95220,789,1293,2701,
59.30184379087564,95220,789,1292,2702,
59.30556056002199,95219,790,1292,2702,
59.30917003218583,95219,789,1293,2702,
59.31019411241965,95219,789,1292,2703,
59.313962214409244,95219,788,1293,2703,
59.3153714722337,95218,789,1293,2703,
59.31624213189176,95218,789,1292,2704,
59.31775631509477,95218,789,1291,2705,
59.3195380839918,95218,789,1290,2706,
59.32152169860993,95217,790,1290,2706,
59.32264579031563,95217,789,1291,2706,
59.32495831267939,95217,788,1292,2706,
59.32903191356732,95217,788,1291,2707,
59.33016378013396,95216,789,1291,2707,
59.333153971791425,95215,790,1291,2707,
59.334758655557394,95215,790,1290,2708,
59.336280423578145,95215,789,1291,2708,
59.34009680629952,95215,789,1290,2709,
59.344546773307506,95215,788,1291,2709,
59.34676178773491,95215,788,1290,2710,
59.35404651136397,95215,787,1291,2710,
59.35533468982071,95214,788,1291,2710,
59.35552247949582,95213,789,1291,2710,
59.35700224774621,95213,789,1290,2711,
59.35725942873376,95213,789,1289,2712,
59.36247300169368,95212,790,1289,2712,
59.37015223968856,95211,791,1289,2712,
59.37115041308631,95211,791,1288,2713,
59.372918774360805,95210,792,1288,2713,
59.37780631949089,95209,793,1288,2713,
59.37795260869419,95208,794,1288,2713,
59.37975399477678,95208,793,1289,2713,
59.380027871372235,95207,794,1289,2713,
59.3809188466796,95206,795,1289,2713,
59.381611672835604,95206,794,1290,2713,
59.38337512365462,95205,795,1290,2713,
59.38354150555695,95205,795,1289,2714,
59.384507913534186,95205,794,1290,2714,
59.3854711280119,95204,795,1290,2714,
59.385792933858404,95204,795,1289,2715,
59.38813048263218,95203,796,1289,2715,
59.38924767319284,95203,796,1288,2716,
59.39087993466084,95203,796,1287,2717,
59.391996631430096,95202,797,1287,2717,
59.39358307560951,95202,796,1288,2717,
59.39401817283911,95202,796,1287,2718,
59.400266580769866,95202,796,1286,2719,
59.4006427043786,95202,796,1285,2720,
59.402456119974154,95201,797,1285,2720,
59.409279894472135,95201,796,1286,2720,
59.41109350330695,95201,796,1285,2721,
59.414035071549364,95201,796,1284,2722,
59.41409280862365,95200,797,1284,2722,
59.415133887886235,95200,796,1285,2722,
59.415275596374684,95200,795,1286,2722,
59.41657877257994,95200,795,1285,2723,
59.41726465376868,95200,794,1286,2723,
59.417877680817824,95200,794,1285,2724,
59.41806083659907,95200,793,1286,2724,
59.42025819272472,95199,794,1286,2724,
59.4232028043131,95199,793,1287,2724,
59.42444455992068,95199,792,1288,2724,
59.425871437494905,95198,793,1288,2724,
59.42621408667724,95198,793,1287,2725,
59.427057845594305,95198,793,1286,2726,
59.4287992883594,95197,794,1286,2726,
59.43084017316016,95197,793,1287,2726,
59.4317876033396,95197,793,1286,2727,
59.43207359560657,95197,793,1285,2728,
59.435239410645956,95197,793,1284,2729,
59.43801035727054,95196,794,1284,2729,
59.438881340989695,95196,794,1283,2730,
59.441027580766686,95196,794,1282,2731,
59.44264239326096,95196,793,1283,2731,
59.44795119109389,95196,792,1284,2731,
59.45066020792637,95196,791,1285,2731,
59.451406470376334,95196,790,1286,2731,
59.45293054873226,95196,790,1285,2732,
59.455649835394155,95196,789,1286,2732,
59.456854687701124,95196,788,1287,2732,
59.45734874273677,95195,789,1287,2732,
59.45946598707695,95195,789,1286,2733,
59.46153268163405,95195,789,1285,2734,
59.4634363701687,95195,788,1286,2734,
59.46685576186517,95195,787,1287,2734,
59.46828762333455,95195,787,1286,2735,
59.46968014545068,95195,786,1287,2735,
59.47116587351777,95195,786,1286,2736,
59.472621444411836,95195,786,1285,2737,
59.47610419823575,95195,786,1284,2738,
59.47778955531315,95195,786,1283,2739,
59.47904454620266,95195,786,1282,2740,
59.48140020287939,95195,785,1283,2740,
59.48154547554008,95195,785,1282,2741,
59.48726680197245,95194,786,1282,2741,
59.48780005502639,95193,787,1282,2741,
59.489289562961766,95193,787,1281,2742,
59.49432036880938,95192,788,1281,2742,
59.494905717840325,95192,787,1282,2742,
59.49572548064844,95191,788,1282,2742,
59.50137735076322,95191,788,1281,2743,
59.50630310886217,95191,788,1280,2744,
59.507670111857855,95191,788,1279,2745,
59.517553433301124,95191,788,1278,2746,
59.51985545938571,95190,789,1278,2746,
59.51987564763114,95190,788,1279,2746,
59.52070217502183,95190,788,1278,2747,
59.52076469031966,95190,788,1277,2748,
59.52247139579676,95190,788,1276,2749,
59.53092362038732,95189,789,1276,2749,
59.53100695100115,95188,790,1276,2749,
59.53417373280814,95188,790,1275,2750,
59.53438096997644,95187,791,1275,2750,
59.53474618980741,95187,790,1276,2750,
59.53863474398575,95187,789,1277,2750,
59.53929033841435,95187,788,1278,2750,
59.54518183614504,95187,787,1279,2750,
59.54951401785,95187,786,1280,2750,
59.55052746256362,95186,787,1280,2750,
59.55401488169619,95186,786,1281,2750,
59.55774663482239,95186,785,1282,2750,
59.562662314118256,95185,786,1282,2750,
59.56441487228548,95185,785,1283,2750,
59.56446296146546,95185,785,1282,2751,
59.56725714041562,95184,786,1282,2751,
59.57154886500947,95184,785,1283,2751,
59.57262670671353,95184,784,1284,2751,
59.572786012355564,95184,784,1283,2752,
59.574027812856016,95184,784,1282,2753,
59.57426269430339,95184,783,1283,2753,
59.57622306354358,95183,784,1283,2753,
59.5766731773915,95183,784,1282,2754,
59.577280380166286,95182,785,1282,2754,
59.57931508826866,95181,786,1282,2754,
59.57998295926934,95181,786,1281,2755,
59.58161900582191,95181,785,1282,2755,
59.58462179312439,95181,784,1283,2755,
59.586187131735045,95181,783,1284,2755,
59.59220503049572,95181,782,1285,2755,
59.59718918669325,95180,783,1285,2755,
59.599552962044754,95179,784,1285,2755,
59.60308165770016,95178,785,1285,2755,
59.60322984597677,95178,784,1286,2755,
59.60503281332186,95178,784,1285,2756,
59.60660780756778,95178,784,1284,2757,
59.60686332616408,95178,783,1285,2757,
59.607818962149864,95177,784,1285,2757,
59.60980134126376,95177,784,1284,2758,
59.611056213495004,95176,785,1284,2758,
59.61114209697095,95176,785,1283,2759,
59.61360884944372,95175,786,1283,2759,
59.617813297397056,95175,786,1282,2760,
59.6182014367013,95175,786,1281,2761,
59.61867011688965,95175,786,1280,2762,
59.61977205888749,95174,787,1280,2762,
59.62504427162577,95174,787,1279,2763,
59.628419969688764,95174,786,1280,2763,
59.62881530049079,95174,786,1279,2764,
59.62902902912883,95173,787,1279,2764,
59.62959071789953,95173,787,1278,2765,
59.63094583220099,95173,787,1277,2766,
59.633779145537936,95173,786,1278,2766,
59.634073718440604,95173,786,1277,2767,
59.634372415207544,95172,787,1277,2767,
59.6369685717631,95172,787,1276,2768,
59.63828889239872,95171,788,1276,2768,
59.63956695712036,95171,787,1277,2768,
59.648446921481494,95170,788,1277,2768,
59.65171330770722,95170,788,1276,2769,
59.652314784453225,95170,787,1277,2769,
59.65519383262482,95170,786,1278,2769,
59.65674607777048,95169,787,1278,2769,
59.65797900857649,95169,786,1279,2769,
59.65915305712266,95169,786,1278,2770,
59.660485512574255,95169,785,1279,2770,
59.660999822716434,95169,784,1280,2770,
59.661115265307025,95169,783,1281,2770,
59.66346477808267,95169,782,1282,2770,
59.66452498226112,95169,782,1281,2771,
59.66699306614674,95168,783,1281,2771,
59.673666933224595,95167,784,1281,2771,
59.67567920667078,95167,784,1280,2772,
59.676343658715304,95167,784,1279,2773,
59.67674195572674,95167,784,1278,2774,
59.68680423047625,95167,784,1277,2775,
59.68856469164075,95167,784,1276,2776,
59.68895386413496,95167,783,1277,2776,
59.689119237471694,95166,784,1277,2776,
59.689373495555174,95166,784,1276,2777,
59.68967267633761,95165,785,1276,2777,
59.689888292185415,95165,784,1277,2777,
59.69853250109776,95165,783,1278,2777,
59.70104198102248,95165,783,1277,2778,
59.701279842827454,95165,783,1276,2779,
59.70308802472207,95165,783,1275,2780,
59.703989171981355,95165,783,1274,2781,
59.7072130378894,95165,782,1275,2781,
59.708060171903355,95165,782,1274,2782,
59.70961422644724,95165,781,1275,2782,
59.71274075138907,95165,781,1274,2783,
59.713138939638995,95164,782,1274,2783,
59.71538673134638,95164,782,1273,2784,
59.717721876894274,95164,781,1274,2784,
59.718743037166504,95163,782,1274,2784,
59.730084517079945,95163,782,1273,2785,
59.733627668535185,95163,781,1274,2785,
59.73541347370795,95163,781,1273,2786,
59.73743022049086,95163,780,1274,2786,
59.73841750683185,95163,779,1275,2786,
59.73858919025445,95163,779,1274,2787,
59.744490632800755,95163,778,1275,2787,
59.746933909302086,95163,777,1276,2787,
59.7515602405333,95163,777,1275,2788,
59.76073124618546,95163,777,1274,2789,
59.76244273056984,95163,777,1273,2790,
59.76666807739907,95162,778,1273,2790,
59.77007170019324,95161,779,1273,2790,
59.77283499655859,95160,780,1273,2790,
59.77691943289135,95159,781,1273,2790,
59.78572006637479,95158,782,1273,2790,
59.78692359230212,95158,782,1272,2791,
59.788226239007145,95158,781,1273,2791,
59.78872250439042,95157,782,1273,2791,
59.790536610995105,95156,783,1273,2791,
59.79107387481617,95155,784,1273,2791,
59.79744430582996,95155,784,1272,2792,
59.80220010486661,95154,785,1272,2792,
59.80778491632235,95154,785,1271,2793,
59.80913832168978,95154,785,1270,2794,
59.81181539480151,95153,786,1270,2794,
59.816071668255006,95152,787,1270,2794,
59.81727399469084,95152,786,1271,2794,
59.81964100873657,95151,787,1271,2794,
59.822291172439066,95151,786,1272,2794,
59.82411437821084,95150,787,1272,2794,
59.8242288319498,95149,788,1272,2794,
59.82915508151791,95149,787,1273,2794,
59.82953335624558,95148,788,1273,2794,
59.83150843283366,95147,789,1273,2794,
59.83208940510625,95147,788,1274,2794,
59.84159394248966,95147,787,1275,2794,
59.843058654685684,95147,786,1276,2794,
59.84330962830217,95147,786,1275,2795,
59.845277248803114,95147,785,1276,2795,
59.84724660956096,95147,784,1277,2795,
59.84900551604398,95147,783,1278,2795,
59.85063516572688,95146,784,1278,2795,
59.85076141218379,95145,785,1278,2795,
59.856587919392666,95144,786,1278,2795,
59.8569532987623,95144,785,1279,2795,
59.85856115216215,95144,785,1278,2796,
59.86152134892997,95144,784,1279,2796,
59.86153204056521,95143,785,1279,2796,
59.862411844473016,95143,785,1278,2797,
59.8642067075745,95142,786,1278,2797,
59.86429598499748,95142,785,1279,2797,
59.86552654199427,95141,786,1279,2797,
59.873889191676895,95141,786,1278,2798,
59.87407390380796,95141,785,1279,2798,
59.8754990086935,95141,784,1280,2798,
59.8773287458188,95140,785,1280,2798,
59.87948426313125,95140,784,1281,2798,
59.88007537283299,95139,785,1281,2798,
59.88206050589451,95139,784,1282,2798,
59.88505873702091,95139,783,1283,2798,
59.88551738577831,95138,784,1283,2798,
59.88679794483212,95138,783,1284,2798,
59.88743305822998,95138,782,1285,2798,
59.887523170781684,95138,782,1284,2799,
59.8881631176094,95138,781,1285,2799,
59.88838202325762,95138,781,1284,2800,
59.89475257972917,95137,782,1284,2800,
59.896318413689656,95137,781,1285,2800,
59.90273435193742,95136,782,1285,2800,
59.90855103663041,95135,783,1285,2800,
59.91117157552791,95135,782,1286,2800,
59.91321188504315,95135,782,1285,2801,
59.9160925806011,95135,781,1286,2801,
59.91806104019052,95134,782,1286,2801,
59.92079771035675,95134,781,1287,2801,
59.92128554699385,95134,781,1286,2802,
59.92394375012733,95134,781,1285,2803,
59.92637191036311,95133,782,1285,2803,
59.92939356170848,95132,783,1285,2803,
59.930511503689814,95131,784,1285,2803,
59.934488254037866,95130,785,1285,2803,
59.935073756132795,95130,785,1284,2804,
59.93745168907596,95129,786,1284,2804,
59.93768151300738,95129,785,1285,2804,
59.9382163663842,95129,785,1284,2805,
59.95062736620294,95128,786,1284,2805,
59.95475428382209,95127,787,1284,2805,
59.960826167412634,95127,787,1283,2806,
59.96333491942712,95127,786,1284,2806,
59.96387854907264,95127,786,1283,2807,
59.96405300073748,95127,785,1284,2807,
59.96628433236205,95127,785,1283,2808,
59.97004909995757,95126,786,1283,2808,
59.97250778452219,95126,785,1284,2808,
59.97512515933798,95126,784,1285,2808,
59.97665158709232,95126,784,1284,2809,
59.98007737295376,95126,783,1285,2809,
59.98211957573278,95126,782,1286,2809,
59.986948658023024,95125,783,1286,2809,
59.986991455692696,95124,784,1286,2809,
59.98861184259064,95124,783,1287,2809,
59.991177965899865,95123,784,1287,2809,
60.00250561575411,95123,783,1288,2809,
60.00270387761565,95123,783,1287,2810,
60.00303538126428,95123,782,1288,2810,
60.00423958429212,95122,783,1288,2810,
60.0045950484114,95121,784,1288,2810,
60.00772479110407,95121,784,1287,2811,
60.00983403027432,95121,784,1286,2812,
60.010019680578786,95121,784,1285,2813,
60.012876286342774,95121,784,1284,2814,
60.01441490778621,95120,785,1284,2814,
60.015561547606815,95120,785,1283,2815,
60.01859042127115,95119,786,1283,2815,
60.021522395110274,95118,787,1283,2815,
60.02174671382163,95118,786,1284,2815,
60.02341673384021,95117,787,1284,2815,
60.02669019160321,95117,787,1283,2816,
60.027902921567694,95117,787,1282,2817,
60.02887839547373,95117,787,1281,2818,
60.02933302190223,95116,788,1281,2818,
60.03057996467372,95116,787,1282,2818,
60.03182756895147,95115,788,1282,2818,
60.03314415890732,95114,789,1282,2818,
60.039529850560314,95114,788,1283,2818,
60.04124863349677,95114,788,1282,2819,
60.04318301798711,95114,788,1281,2820,
60.044426406296026,95113,789,1281,2820,
60.05130028135577,95113,788,1282,2820,
60.052030806988284,95112,789,1282,2820,
60.05578564062343,95111,790,1282,2820,
60.05652694244675,95111,789,1283,2820,
60.05666916531505,95110,790,1283,2820,
60.058619517894556,95110,789,1284,2820,
60.06069277645487,95109,790,1284,2820,
60.060813462305624,95109,789,1285,2820,
60.0613752634052,95109,789,1284,2821,
60.06399447270057,95109,788,1285,2821,
60.065630651297695,95108,789,1285,2821,
60.06756605908876,95107,790,1285,2821,
60.06970220714034,95107,790,1284,2822,
60.069740055845294,95107,789,1285,2822,
60.07118759865538,95107,789,1284,2823,
60.0736897614392,95107,789,1283,2824,
60.074385978234936,95107,788,1284,2824,
60.07638958335094,95106,789,1284,2824,
60.08574970401432,95105,790,1284,2824,
60.08576860262665,95105,789,1285,2824,
60.08596946296399,95104,790,1285,2824,
60.08650612786375,95104,790,1284,2825,
60.08892893013409,95104,789,1285,2825,
60.09467342572345,95104,788,1286,2825,
60.09552305894455,95104,787,1287,2825,
60.097603224295824,95104,787,1286,2826,
60.101249770232535,95104,786,1287,2826,
60.10682414551667,95104,785,1288,2826,
60.108400923798314,95104,785,1287,2827,
60.10856599556295,95104,784,1288,2827,
60.109113776599955,95103,785,1288,2827,
60.10932045915634,95103,784,1289,2827,
60.112065151942474,95103,783,1290,2827,
60.11351295343079,95103,782,1291,2827,
60.1150110230771,95102,783,1291,2827,
60.11520732808346,95102,783,1290,2828,
60.116790293135736,95102,783,1289,2829,
60.116838088284794,95102,782,1290,2829,
60.11773800460142,95102,781,1291,2829,
60.1184823483767,95101,782,1291,2829,
60.122541116211934,95101,782,1290,2830,
60.123540938315614,95101,782,1289,2831,
60.123803073620834,95100,783,1289,2831,
60.124760288373956,95100,782,1290,2831,
60.12848640946471,95100,782,1289,2832,
60.12957752372377,95100,781,1290,2832,
60.13254875510695,95100,780,1291,2832,
60.13379068957207,95100,780,1290,2833,
60.13921755783037,95100,779,1291,2833,
60.1418621337488,95100,779,1290,2834,
60.143633513756846,95100,778,1291,2834,
60.145630986935075,95100,777,1292,2834,
60.14691047652344,95100,777,1291,2835,
60.14755537706553,95100,777,1290,2836,
60.148727560263865,95100,777,1289,2837,
60.14898487683542,95099,778,1289,2837,
60.149425981476455,95099,778,1288,2838,
60.151410249004414,95098,779,1288,2838,
60.155703590008144,95097,780,1288,2838,
60.16216524226322,95097,780,1287,2839,
60.16251265025867,95096,781,1287,2839,
60.1650800861058,95096,781,1286,2840,
60.165618942382544,95095,782,1286,2840,
60.16638176880304,95095,782,1285,2841,
60.16813908635477,95094,783,1285,2841,
60.16877123709798,95093,784,1285,2841,
60.169697672723935,95093,784,1284,2842,
60.17038726038889,95093,783,1285,2842,
60.171766124655655,95093,783,1284,2843,
60.17325118572772,95093,783,1283,2844,
60.17530096717363,95093,782,1284,2844,
60.18279168678632,95093,781,1285,2844,
60.18602460908063,95093,781,1284,2845,
60.18614555767842,95093,780,1285,2845,
60.18752222008199,95093,780,1284,2846,
60.18760320326142,95093,780,1283,2847,
60.18814727387554,95093,779,1284,2847,
60.19112078075996,95093,778,1285,2847,
60.19497944025653,95093,777,1286,2847,
60.19594537664753,95092,778,1286,2847,
60.196810034242034,95091,779,1286,2847,
60.198183457378434,95090,780,1286,2847,
60.19880057889677,95090,780,1285,2848,
60.20345213336283,95090,779,1286,2848,
60.20353384815965,95090,778,1287,2848,
60.20392099884956,95090,778,1286,2849,
60.205825231137766,95090,778,1285,2850,
60.210388102887705,95089,779,1285,2850,
60.21305036652354,95089,778,1286,2850,
60.21581220646598,95089,778,1285,2851,
60.219202219380236,95089,778,1284,2852,
60.22464603293276,95089,778,1283,2853,
60.2249413741154,95088,779,1283,2853,
60.22588783951309,95088,779,1282,2854,
60.228743511093,95088,778,1283,2854,
60.23062999600372,95088,777,1284,2854,
60.231554754789855,95088,777,1283,2855,
60.23282421882507,95088,776,1284,2855,
60.23373045466066,95087,777,1284,2855,
60.23950774149121,95087,776,1285,2855,
60.240033211416936,95086,777,1285,2855,
60.2427029595062,95085,778,1285,2855,
60.244212290216694,95085,778,1284,2856,
60.24527647384626,95085,778,1283,2857,
60.24685831586189,95084,779,1283,2857,
60.248368789619285,95084,778,1284,2857,
60.249836914818545,95084,778,1283,2858,
60.25266573592043,95084,777,1284,2858,
60.261574498299034,95083,778,1284,2858,
60.2635816245354,95083,778,1283,2859,
60.26383485794196,95082,779,1283,2859,
60.26524722678618,95082,779,1282,2860,
60.2661667681938,95082,778,1283,2860,
60.26985026310202,95082,778,1282,2861,
60.27262641572938,95081,779,1282,2861,
60.27269475755213,95081,778,1283,2861,
60.27323310230351,95080,779,1283,2861,
60.27475379538275,95080,779,1282,2862,
60.276091033350646,95079,780,1282,2862,
60.28570081065566,95078,781,1282,2862,
60.286749581446074,95078,780,1283,2862,
60.28972766033418,95078,780,1282,2863,
60.29875001022918,95078,780,1281,2864,
60.30317814799981,95078,780,1280,2865,
60.303419198222315,95077,781,1280,2865,
60.307589796817595,95077,781,1279,2866,
60.31037994727875,95077,780,1280,2866,
60.311265183980495,95077,780,1279,2867,
60.31568004277404,95077,779,1280,2867,
60.317923058038794,95077,778,1281,2867,
60.31835627422395,95077,778,1280,2868,
60.31972652176695,95076,779,1280,2868,
60.32191190334618,95076,778,1281,2868,
60.32371973579264,95076,777,1282,2868,
60.324667418184944,95075,778,1282,2868,
60.32507624089676,95075,778,1281,2869,
60.328943961936716,95074,779,1281,2869,
60.331456090928796,95074,778,1282,2869,
60.33219636237854,95073,779,1282,2869,
60.333558888663575,95073,778,1283,2869,
60.337896732333334,95072,779,1283,2869,
60.339937397735724,95072,778,1284,2869,
60.34254179927467,95072,777,1285,2869,
60.34582819827149,95072,776,1286,2869,
60.34657479780613,95072,775,1287,2869,
60.34956033392422,95072,774,1288,2869,
60.34976879180636,95072,774,1287,2870,
60.354983151698434,95072,773,1288,2870,
60.35676166536979,95072,772,1289,2870,
60.357580718339705,95071,773,1289,2870,
60.35785542396353,95071,772,1290,2870,
60.358427263723,95071,772,1289,2871,
60.35869098934741,95071,771,1290,2871,
60.36273305073443,95071,770,1291,2871,
60.36528396925523,95071,769,1292,2871,
60.36677222059802,95071,768,1293,2871,
60.368021969640004,95070,769,1293,2871,
60.370241719379074,95070,768,1294,2871,
60.37074524023443,95069,769,1294,2871,
60.37159680383518,95069,768,1295,2871,
60.372176085900335,95069,768,1294,2872,
60.37436306110811,95069,767,1295,2872,
60.37645850889052,95069,766,1296,2872,
60.37778967281764,95068,767,1296,2872,
60.37943323098138,95068,767,1295,2873,
60.38314034964905,95068,767,1294,2874,
60.38347768152829,95068,766,1295,2874,
60.39316429967211,95068,766,1294,2875,
60.39878623094233,95068,765,1295,2875,
60.40311617863084,95067,766,1295,2875,
60.40578810634637,95067,765,1296,2875,
60.40740880371203,95067,765,1295,2876,
60.40893971927366,95067,764,1296,2876,
60.417956915640865,95066,765,1296,2876,
60.41818383220681,95066,765,1295,2877,
60.4182309892326,95066,764,1296,2877,
60.42114809127039,95065,765,1296,2877,
60.423758720415236,95065,765,1295,2878,
60.424697299962496,95065,765,1294,2879,
60.42612829676462,95065,764,1295,2879,
60.42799205663353,95065,763,1296,2879,
60.43097741150867,95065,762,1297,2879,
60.43582808816102,95065,761,1298,2879,
60.43607551225278,95065,760,1299,2879,
60.440091373847835,95064,761,1299,2879,
60.44036850445493,95064,760,1300,2879,
60.447833891812614,95064,760,1299,2880,
60.45646653369521,95064,760,1298,2881,
60.456974147485795,95064,760,1297,2882,
60.45845846261909,95063,761,1297,2882,
60.46201458675685,95063,760,1298,2882,
60.46668563555741,95062,761,1298,2882,
60.469560435133616,95061,762,1298,2882,
60.47088777752147,95061,762,1297,2883,
60.47416578884771,95060,763,1297,2883,
60.475155570800275,95059,764,1297,2883,
60.481988984161454,95058,765,1297,2883,
60.48400233923857,95058,764,1298,2883,
60.485312904072885,95058,763,1299,2883,
60.48647767449357,95058,762,1300,2883,
60.48769031321734,95058,761,1301,2883,
60.488369923933526,95057,762,1301,2883,
60.4894889532911,95056,763,1301,2883,
60.49102424102046,95056,762,1302,2883,
60.491182486043726,95056,762,1301,2884,
60.49360415966412,95055,763,1301,2884,
60.49892221531819,95055,763,1300,2885,
60.50037007160903,95054,764,1300,2885,
60.5018574434146,95054,764,1299,2886,
60.50556982299526,95053,765,1299,2886,
60.50946426338558,95053,764,1300,2886,
60.51201444806947,95053,763,1301,2886,
60.513238763727465,95053,762,1302,2886,
60.51501463464216,95053,761,1303,2886,
60.51905020788099,95053,760,1304,2886,
60.52055283450313,95053,760,1303,2887,
60.522832104303774,95053,760,1302,2888,
60.52386047100837,95053,759,1303,2888,
60.52527939802614,95052,760,1303,2888,
60.525285001807184,95052,759,1304,2888,
60.52995103337746,95052,759,1303,2889,
60.53918892406632,95052,758,1304,2889,
60.54421151395117,95052,758,1303,2890,
60.544742537231095,95052,757,1304,2890,
60.54488876187298,95051,758,1304,2890,
60.545866456660455,95051,758,1303,2891,
60.546465640463886,95050,759,1303,2891,
60.548796567619085,95049,760,1303,2891,
60.549798508376256,95049,759,1304,2891,
60.55555604034257,95049,759,1303,2892,
60.55621118861057,95049,758,1304,2892,
60.56137102035642,95049,758,1303,2893,
60.56902122305143,95049,758,1302,2894,
60.57052372977992,95049,758,1301,2895,
60.57125697713478,95049,757,1302,2895,
60.57224741362381,95049,757,1301,2896,
60.57256725674034,95049,756,1302,2896,
60.57333734235989,95049,755,1303,2896,
60.574749135972326,95048,756,1303,2896,
60.575783336314274,95048,756,1302,2897,
60.57656254592032,95048,756,1301,2898,
60.577387996269124,95047,757,1301,2898,
60.57948139082172,95047,756,1302,2898,
60.58235765645814,95046,757,1302,2898,
60.593569681872374,95046,757,1301,2899,
60.59686330108674,95045,758,1301,2899,
60.59858888897471,95045,758,1300,2900,
60.601225862353886,95045,757,1301,2900,
60.60604710687277,95045,757,1300,2901,
60.6067307599251,95044,758,1300,2901,
60.60919278317433,95044,758,1299,2902,
60.611601627144175,95044,758,1298,2903,
60.61245277377476,95044,758,1297,2904,
60.61277180311478,95044,758,1296,2905,
60.61374599641644,95044,758,1295,2906,
60.61439595274355,95043,759,1295,2906,
60.615228888887515,95043,758,1296,2906,
60.616698166038894,95043,757,1297,2906,
60.61696616912677,95043,757,1296,2907,
60.617988380007425,95043,757,1295,2908,
60.618186736224736,95043,756,1296,2908,
60.61967394612281,95043,756,1295,2909,
60.623003647231016,95043,755,1296,2909,
60.626111362393225,95042,756,1296,2909,
60.62872284207519,95041,757,1296,2909,
60.62958608577865,95040,758,1296,2909,
60.6301125901002,95040,757,1297,2909,
60.63593697124794,95040,757,1296,2910,
60.63766827591423,95040,756,1297,2910,
60.63922447697736,95040,756,1296,2911,
60.6417113832126,95040,756,1295,2912,
60.64349164112208,95040,756,1294,2913,
60.64645724024522,95039,757,1294,2913,
60.646699543582415,95038,758,1294,2913,
60.64988364272281,95038,758,1293,2914,
60.65316505568942,95038,758,1292,2915,
60.65852432994703,95038,757,1293,2915,
60.65857659090403,95037,758,1293,2915,
60.658857262917266,95037,757,1294,2915,
60.661338591830216,95037,756,1295,2915,
60.66217612586213,95037,755,1296,2915,
60.66301741523588,95037,755,1295,2916,
60.664598419073826,95037,754,1296,2916,
60.667189551837936,95036,755,1296,2916,
60.66778585057012,95035,756,1296,2916,
60.6692979586354,95035,755,1297,2916,
60.67183445585913,95035,754,1298,2916,
60.67341594249149,95034,755,1298,2916,
60.673777819191294,95034,755,1297,2917,
60.674550547316265,95033,756,1297,2917,
60.682484056293845,95033,756,1296,2918,
60.682661656232895,95033,755,1297,2918,
60.68502139955856,95032,756,1297,2918,
60.6858076063044,95032,755,1298,2918,
60.686527824872506,95032,755,1297,2919,
60.68701829979807,95031,756,1297,2919,
60.687237285054266,95031,755,1298,2919,
60.69184800848039,95031,755,1297,2920,
60.69278786517112,95031,754,1298,2920,
60.69312176188231,95031,754,1297,2921,
60.70369101368734,95030,755,1297,2921,
60.70831220747101,95030,755,1296,2922,
60.709207375176014,95030,755,1295,2923,
60.71473526745114,95030,755,1294,2924,
60.71632409867048,95029,756,1294,2924,
60.71703841899733,95029,755,1295,2924,
60.71796212178402,95029,755,1294,2925,
60.718920486025176,95029,754,1295,2925,
60.71906018783109,95029,754,1294,2926,
60.719468583486304,95029,754,1293,2927,
60.723599574272214,95029,753,1294,2927,
60.72407344754845,95028,754,1294,2927,
60.72444749923436,95028,754,1293,2928,
60.72756875820968,95028,753,1294,2928,
60.73026795184095,95028,753,1293,2929,
60.737850402560696,95027,754,1293,2929,
60.737997103254294,95027,754,1292,2930,
60.740625378706525,95027,753,1293,2930,
60.74248232935411,95026,754,1293,2930,
60.742617559428155,95026,753,1294,2930,
60.74339912439821,95026,752,1295,2930,
60.74514102446095,95026,752,1294,2931,
60.74699275461972,95026,752,1293,2932,
60.7472715678778,95026,752,1292,2933,
60.74870093482157,95026,751,1293,2933,
60.75029472229211,95026,750,1294,2933,
60.75288799920034,95026,750,1293,2934,
60.76127025718293,95026,749,1294,2934,
60.76409918716805,95025,750,1294,2934,
60.76651069073752,95025,749,1295,2934,
60.76674605824288,95024,750,1295,2934,
60.76686955199291,95024,750,1294,2935,
60.771081849386604,95024,749,1295,2935,
60.7724843197931,95024,749,1294,2936,
60.772818100731314,95023,750,1294,2936,
60.77358217775815,95023,749,1295,2936,
60.774657878073434,95023,748,1296,2936,
60.77468266070802,95023,748,1295,2937,
60.777321578172476,95022,749,1295,2937,
60.77874505376295,95022,749,1294,2938,
60.77877726587485,95022,749,1293,2939,
60.779612736631414,95022,748,1294,2939,
60.78557388260118,95022,747,1295,2939,
60.78869637739714,95022,747,1294,2940,
60.79050172137103,95022,747,1293,2941,
60.79272838874301,95021,748,1293,2941,
60.79282248672659,95021,748,1292,2942,
60.7930926954822,95020,749,1292,2942,
60.793428284250396,95020,748,1293,2942,
60.79652543280855,95020,748,1292,2943,
60.79811005448208,95020,747,1293,2943,
60.803348829971476,95020,746,1294,2943,
60.80825618109057,95020,745,1295,2943,
60.810178544649446,95019,746,1295,2943,
60.811147206587606,95019,746,1294,2944,
60.81166029220876,95019,746,1293,2945,
60.81194560747707,95019,746,1292,2946,
60.812339657619646,95019,745,1293,2946,
60.81299719830526,95018,746,1293,2946,
60.81479052224684,95017,747,1293,2946,
60.823276465661735,95017,746,1294,2946,
60.82767505971228,95016,747,1294,2946,
60.8295378650148,95016,746,1295,2946,
60.833914535998346,95016,745,1296,2946,
60.83677338554655,95016,745,1295,2947,
60.83834062185599,95015,746,1295,2947,
60.840387210792684,95015,746,1294,2948,
60.842142419225574,95015,746,1293,2949,
60.85079393327537,95015,746,1292,2950,
60.8549468409944,95014,747,1292,2950,
60.85914053310147,95014,747,1291,2951,
60.88259586988825,95013,748,1291,2951,
60.8833688566141,95012,749,1291,2951,
60.88763060806366,95012,749,1290,2952,
60.88807152840437,95012,748,1291,2952,
60.8883051641174,95011,749,1291,2952,
60.89072432484758,95011,749,1290,2953,
60.89113644446216,95011,748,1291,2953,
60.891302363337644,95011,747,1292,2953,
60.891539392857204,95011,746,1293,2953,
60.892679739727896,95010,747,1293,2953,
60.8936314202454,95009,748,1293,2953,
60.894208451433066,95008,749,1293,2953,
60.89638091680525,95008,749,1292,2954,
60.89920421029405,95007,750,1292,2954,
60.90243437319526,95006,751,1292,2954,
60.90252794930174,95005,752,1292,2954,
60.90359333445911,95005,752,1291,2955,
60.90602903845606,95005,751,1292,2955,
60.908703492259676,95005,750,1293,2955,
60.915647169345114,95005,749,1294,2955,
60.91589944569924,95005,748,1295,2955,
60.91682359609631,95005,747,1296,2955,
60.91743666454431,95005,747,1295,2956,
60.92467388581002,95005,746,1296,2956,
60.9285199119888,95005,745,1297,2956,
60.92969020468632,95005,744,1298,2956,
60.93271157043064,95004,745,1298,2956,
60.93578269576976,95004,744,1299,2956,
60.94076915873121,95004,743,1300,2956,
60.94458059674503,95004,742,1301,2956,
60.94727264757318,95004,741,1302,2956,
60.947325496886194,95003,742,1302,2956,
60.949841703538425,95003,741,1303,2956,
60.95313439521648,95003,740,1304,2956,
60.9537562063613,95003,739,1305,2956,
60.957067179062754,95003,738,1306,2956,
60.95811037645439,95002,739,1306,2956,
60.958491975048645,95002,739,1305,2957,
60.968229373366555,95002,738,1306,2957,
60.96837628164116,95001,739,1306,2957,
60.969119275717276,95000,740,1306,2957,
60.97136183959458,94999,741,1306,2957,
60.97440159600668,94998,742,1306,2957,
60.97683693460096,94998,742,1305,2958,
60.97885236381908,94998,742,1304,2959,
60.98156609531664,94998,742,1303,2960,
60.98616281776042,94998,742,1302,2961,
60.98666639664951,94997,743,1302,2961,
60.99088003670596,94997,742,1303,2961,
60.991085701626986,94997,741,1304,2961,
60.99492298298502,94996,742,1304,2961,
60.995572521880455,94996,742,1303,2962,
60.996497572687616,94996,741,1304,2962,
60.996894331003304,94996,741,1303,2963,
60.99851160164786,94996,740,1304,2963,
60.99872263165323,94996,739,1305,2963,
61.001592710730506,94995,740,1305,2963,
61.00200093118319,94995,739,1306,2963,
61.00200788968417,94995,738,1307,2963,
61.00261203829808,94995,737,1308,2963,
61.00270075092011,94995,736,1309,2963,
61.002815163808094,94994,737,1309,2963,
61.00813778934793,94993,738,1309,2963,
61.010560842535746,94993,737,1310,2963,
61.01190431388094,94992,738,1310,2963,
61.01399057562611,94992,738,1309,2964,
61.015753595750816,94992,737,1310,2964,
61.01618188180565,94991,738,1310,2964,
61.02320981212894,94991,737,1311,2964,
61.02599175663378,94990,738,1311,2964,
61.0306892956346,94990,738,1310,2965,
61.0308750243631,94989,739,1310,2965,
61.03192329528835,94989,738,1311,2965,
61.0324102418802,94989,738,1310,2966,
61.03369538841626,94989,738,1309,2967,
61.03523428487485,94989,737,1310,2967,
61.03598691381118,94989,737,1309,2968,
61.039004142050544,94989,737,1308,2969,
61.04002150150805,94989,736,1309,2969,
61.04015922962655,94988,737,1309,2969,
61.04182644687847,94988,736,1310,2969,
61.046513842385565,94988,736,1309,2970,
61.046985427949956,94988,736,1308,2971,
61.056017045443205,94988,735,1309,2971,
61.05723755341292,94988,735,1308,2972,
61.0573512664741,94988,735,1307,2973,
61.05769692323318,94987,736,1307,2973,
61.06206043279951,94987,736,1306,2974,
61.06368266881584,94986,737,1306,2974,
61.06667271681364,94986,737,1305,2975,
61.068402032204624,94986,737,1304,2976,
61.07412478266673,94986,737,1303,2977,
61.075516358864434,94986,736,1304,2977,
61.07733093458498,94986,735,1305,2977,
61.077694610020124,94985,736,1305,2977,
61.08107736198049,94985,735,1306,2977,
61.08192610006149,94985,735,1305,2978,
61.08253505160328,94985,734,1306,2978,
61.08426884203587,94985,734,1305,2979,
61.084613853005756,94985,733,1306,2979,
61.091277261834094,94984,734,1306,2979,
61.0924305665113,94983,735,1306,2979,
61.09291361682121,94983,734,1307,2979,
61.093600689963495,94983,734,1306,2980,
61.09383696014474,94983,733,1307,2980,
61.094146072897786,94982,734,1307,2980,
61.09467393142776,94982,734,1306,2981,
61.09637518463952,94981,735,1306,2981,
61.09654110511998,94981,735,1305,2982,
61.09750266014526,94980,736,1305,2982,
61.09968526482522,94980,735,1306,2982,
61.100243602332476,94979,736,1306,2982,
61.10200446985603,94979,736,1305,2983,
61.102041986302446,94978,737,1305,2983,
61.10686928774163,94978,737,1304,2984,
61.10882165853681,94978,737,1303,2985,
61.11308228176652,94978,737,1302,2986,
61.11382968952697,94977,738,1302,2986,
61.11448150819637,94977,737,1303,2986,
61.11891491493725,94977,736,1304,2986,
61.12133935457538,94977,736,1303,2987,
61.122281580596294,94977,735,1304,2987,
61.12233874526041,94976,736,1304,2987,
61.12918563385126,94976,735,1305,2987,
61.13089484982869,94975,736,1305,2987,
61.13346726402704,94974,737,1305,2987,
61.13580152426153,94974,736,1306,2987,
61.14273866329936,94973,737,1306,2987,
61.14330747614479,94973,737,1305,2988,
61.14554800354286,94972,738,1305,2988,
61.14561298096294,94971,739,1305,2988,
61.14564092332283,94970,740,1305,2988,
61.14823664978924,94969,741,1305,2988,
61.1504818239228,94969,741,1304,2989,
61.15140863169715,94969,741,1303,2990,
61.1520863171475,94969,741,1302,2991,
61.153862979501426,94968,742,1302,2991,
61.157432625957554,94968,741,1303,2991,
61.159055777927556,94968,741,1302,2992,
61.16135091341131,94968,740,1303,2992,
61.16674289488239,94968,740,1302,2993,
61.1679314425147,94968,739,1303,2993,
61.17002516481658,94967,740,1303,2993,
61.17043721235134,94967,740,1302,2994,
61.17279984916034,94967,740,1301,2995,
61.175921712755105,94967,740,1300,2996,
61.18062136869578,94967,739,1301,2996,
61.1812267325248,94966,740,1301,2996,
61.181874679014435,94966,739,1302,2996,
61.18251003943697,94966,739,1301,2997,
61.182791225726824,94965,740,1301,2997,
61.18990168913019,94964,741,1301,2997,
61.18997818225913,94963,742,1301,2997,
61.19097282322561,94963,742,1300,2998,
61.19123637716183,94963,741,1301,2998,
61.19291976039826,94963,741,1300,2999,
61.19760202967941,94962,742,1300,2999,
61.19891331082381,94962,742,1299,3000,
61.20276963851878,94962,742,1298,3001,
61.20380676235571,94962,742,1297,3002,
61.204535106827386,94961,743,1297,3002,
61.20540040111485,94961,743,1296,3003,
61.20601007069584,94961,742,1297,3003,
61.20761395405556,94960,743,1297,3003,
61.210724886567014,94960,743,1296,3004,
61.21116009200172,94959,744,1296,3004,
61.21932551341892,94959,743,1297,3004,
61.22004810657228,94958,744,1297,3004,
61.22544563384261,94958,744,1296,3005,
61.22599332013235,94958,744,1295,3006,
61.227700498677656,94957,745,1295,3006,
61.22815617714538,94956,746,1295,3006,
61.22911695000849,94955,747,1295,3006,
61.22926863037755,94954,748,1295,3006,
61.23240789027118,94954,748,1294,3007,
61.23259180674344,94954,748,1293,3008,
61.235563663666525,94953,749,1293,3008,
61.241182013039335,94953,749,1292,3009,
61.241458601192534,94952,750,1292,3009,
61.24278022786739,94952,749,1293,3009,
61.242802811179985,94952,749,1292,3010,
61.24393193288334,94951,750,1292,3010,
61.24564581205402,94950,751,1292,3010,
61.24607276019313,94950,750,1293,3010,
61.24623598006129,94950,750,1292,3011,
61.24901411215019,94949,751,1292,3011,
61.25017510428365,94948,752,1292,3011,
61.254339154123386,94947,753,1292,3011,
61.2544821218686,94947,752,1293,3011,
61.25597406591508,94946,753,1293,3011,
61.256321609782944,94946,753,1292,3012,
61.26147237883494,94946,753,1291,3013,
61.26316561328538,94946,752,1292,3013,
61.26511247579023,94946,751,1293,3013,
61.26652259982866,94945,752,1293,3013,
61.266683096487576,94945,751,1294,3013,
61.26736356824428,94945,751,1293,3014,
61.26741134902869,94945,750,1294,3014,
61.27506784029321,94945,749,1295,3014,
61.276274835454515,94945,749,1294,3015,
61.27972523644815,94945,749,1293,3016,
61.28099404593562,94944,750,1293,3016,
61.284441001869894,94944,749,1294,3016,
61.2857192042562,94944,748,1295,3016,
61.287092631368445,94944,747,1296,3016,
61.28754800437486,94944,747,1295,3017,
61.287678609208854,94944,746,1296,3017,
61.2894386978121,94944,746,1295,3018,
61.290282196839996,94943,747,1295,3018,
61.29052651096542,94943,747,1294,3019,
61.29113428892144,94943,746,1295,3019,
61.29487905410064,94943,746,1294,3020,
61.29736813025501,94943,745,1295,3020,
61.29839809871415,94943,745,1294,3021,
61.29846606711837,94942,746,1294,3021,
61.30172681636965,94942,746,1293,3022,
61.307315908688324,94942,746,1292,3023,
61.30906786620973,94942,745,1293,3023,
61.31143662497346,94942,745,1292,3024,
61.312266910883324,94942,745,1291,3025,
61.31235036783066,94941,746,1291,3025,
61.313384511206785,94940,747,1291,3025,
61.31342836631261,94940,746,1292,3025,
61.31565571602195,94940,746,1291,3026,
61.31812443614656,94940,746,1290,3027,
61.31992552476491,94939,747,1290,3027,
61.320534538068614,94938,748,1290,3027,
61.321616132532455,94938,748,1289,3028,
61.323526008232264,94938,748,1288,3029,
61.323628497389436,94938,748,1287,3030,
61.32582338250988,94938,747,1288,3030,
61.326944215992164,94938,747,1287,3031,
61.32697446788644,94938,747,1286,3032,
61.32793518998812,94938,747,1285,3033,
61.32827720305575,94937,748,1285,3033,
61.33044029491876,94936,749,1285,3033,
61.33240938654053,94936,748,1286,3033,
61.333747267362966,94936,748,1285,3034,
61.33616666367543,94936,747,1286,3034,
61.34505799588627,94936,746,1287,3034,
61.345368043579555,94935,747,1287,3034,
61.34827918571523,94935,746,1288,3034,
61.34959490182779,94935,746,1287,3035,
61.350335094834996,94935,746,1286,3036,
61.35546879476923,94935,745,1287,3036,
61.355605959138124,94935,745,1286,3037,
61.35812238187336,94935,745,1285,3038,
61.3588846915081,94935,744,1286,3038,
61.36010538205798,94934,745,1286,3038,
61.36113902098313,94933,746,1286,3038,
61.361310705674555,94933,745,1287,3038,
61.36350023584558,94932,746,1287,3038,
61.37329514393909,94932,746,1286,3039,
61.376636835316425,94932,746,1285,3040,
61.37679061468279,94931,747,1285,3040,
61.38184268493256,94931,746,1286,3040,
61.382958323566356,94931,746,1285,3041,
61.383186302403004,94930,747,1285,3041,
61.38349518640156,94930,747,1284,3042,
61.385264975246244,94930,747,1283,3043,
61.38534483544405,94929,748,1283,3043,
61.387055169273275,94929,747,1284,3043,
61.39107827450027,94929,747,1283,3044,
61.39532389981371,94928,748,1283,3044,
61.39649453990306,94928,748,1282,3045,
61.39668968776756,94928,747,1283,3045,
61.397752167370726,94928,747,1282,3046,
61.399308954781574,94928,746,1283,3046,
61.40254555954537,94928,745,1284,3046,
61.402999650643665,94927,746,1284,3046,
61.40605207321236,94927,746,1283,3047,
61.40663922526835,94927,745,1284,3047,
61.40695710914516,94927,744,1285,3047,
61.40919894460676,94927,744,1284,3048,
61.41825316469977,94927,744,1283,3049,
61.42021174715179,94927,744,1282,3050,
61.421970495783995,94927,743,1283,3050,
61.42364100366662,94926,744,1283,3050,
61.42477169143284,94926,743,1284,3050,
61.42807653266277,94925,744,1284,3050,
61.42887656988129,94925,744,1283,3051,
61.43432253167532,94925,743,1284,3051,
61.43484821274458,94924,744,1284,3051,
61.43849794794903,94924,744,1283,3052,
61.439480880136195,94924,743,1284,3052,
61.44206094151002,94924,743,1283,3053,
61.44263890200416,94924,743,1282,3054,
61.44265194391661,94923,744,1282,3054,
61.443852752360854,94922,745,1282,3054,
61.44433478363845,94922,745,1281,3055,
61.44443642322946,94922,744,1282,3055,
61.44482939768619,94922,744,1281,3056,
61.44612715631216,94922,744,1280,3057,
61.446371607093056,94922,743,1281,3057,
61.451826967164536,94922,743,1280,3058,
61.45184967121229,94921,744,1280,3058,
61.45626146174923,94921,743,1281,3058,
61.46162544025593,94921,743,1280,3059,
61.46378157930195,94921,743,1279,3060,
61.46487342844554,94921,743,1278,3061,
61.46627426852969,94921,743,1277,3062,
61.46872310035586,94921,743,1276,3063,
61.468742286211636,94920,744,1276,3063,
61.47064371077596,94919,745,1276,3063,
61.47108487516368,94919,745,1275,3064,
61.475121283021636,94918,746,1275,3064,
61.47819875335978,94918,746,1274,3065,
61.49387820271511,94918,746,1273,3066,
61.49493672778512,94918,746,1272,3067,
61.49534355647602,94918,745,1273,3067,
61.49819809668411,94918,744,1274,3067,
61.50560046787349,94918,743,1275,3067,
61.51224573726309,94917,744,1275,3067,
61.51839162992828,94917,744,1274,3068,
61.525106448135105,94917,744,1273,3069,
61.52561293018463,94917,743,1274,3069,
61.527820522190325,94917,743,1273,3070,
61.53451518939337,94917,742,1274,3070,
61.53670054930757,94917,742,1273,3071,
61.53711161570806,94917,742,1272,3072,
61.54078448820628,94917,741,1273,3072,
61.54102425650836,94916,742,1273,3072,
61.54154790598304,94916,742,1272,3073,
61.54493231287406,94915,743,1272,3073,
61.545771873469185,94915,742,1273,3073,
61.5472822587639,94915,741,1274,3073,
61.54735510493636,94915,740,1275,3073,
61.54777929559226,94915,739,1276,3073,
61.5483844691084,94914,740,1276,3073,
61.55076838278623,94914,739,1277,3073,
61.56376073500443,94914,738,1278,3073,
61.56598184929968,94914,738,1277,3074,
61.569685907363294,94914,738,1276,3075,
61.57313266387702,94914,738,1275,3076,
61.57347658462119,94914,738,1274,3077,
61.57513056784324,94914,738,1273,3078,
61.57781256216572,94914,738,1272,3079,
61.57833125575192,94913,739,1272,3079,
61.578482489993355,94913,739,1271,3080,
61.579352517804594,94912,740,1271,3080,
61.58095357138496,94912,739,1272,3080,
61.581236636688075,94911,740,1272,3080,
61.583276609217705,94910,741,1272,3080,
61.585965924290164,94910,740,1273,3080,
61.590254404508165,94909,741,1273,3080,
61.593731735652256,94908,742,1273,3080,
61.59416648724144,94908,741,1274,3080,
61.59423866376726,94908,741,1273,3081,
61.59473451904179,94907,742,1273,3081,
61.595919626249824,94907,742,1272,3082,
61.597491409872724,94906,743,1272,3082,
61.600420148304465,94905,744,1272,3082,
61.60293901876927,94905,743,1273,3082,
61.60545032560987,94904,744,1273,3082,
61.606794437284556,94904,744,1272,3083,
61.607105000050026,94903,745,1272,3083,
61.60885104118667,94903,744,1273,3083,
61.608968792656384,94903,743,1274,3083,
61.61289291656938,94903,743,1273,3084,
61.612951590794886,94903,742,1274,3084,
61.61789035333814,94902,743,1274,3084,
61.621746412532985,94902,742,1275,3084,
61.62282141790075,94901,743,1275,3084,
61.622991842586295,94901,743,1274,3085,
61.62445023330903,94900,744,1274,3085,
61.62535074043235,94899,745,1274,3085,
61.62864153741859,94899,745,1273,3086,
61.62973520462891,94899,745,1272,3087,
61.63435563942301,94899,745,1271,3088,
61.63863375589814,94899,744,1272,3088,
61.6409709299018,94898,745,1272,3088,
61.644411802976606,94898,744,1273,3088,
61.646974713504676,94898,744,1272,3089,
61.65002832393074,94898,744,1271,3090,
61.65054156219527,94898,744,1270,3091,
61.65166800754857,94897,745,1270,3091,
61.655816618735145,94896,746,1270,3091,
61.660422712315075,94896,745,1271,3091,
61.66092119409656,94895,746,1271,3091,
61.664286637514536,94894,747,1271,3091,
61.67314149264145,94894,747,1270,3092,
61.6852910887498,94894,746,1271,3092,
61.685734182533935,94894,746,1270,3093,
61.69024678527804,94894,746,1269,3094,
61.69197757051485,94894,745,1270,3094,
61.693685859449005,94893,746,1270,3094,
61.69435481980244,94893,745,1271,3094,
61.699852398258436,94893,745,1270,3095,
61.70048450293771,94892,746,1270,3095,
61.711510190008696,94892,746,1269,3096,
61.71271221291462,94891,747,1269,3096,
61.71736582140689,94891,746,1270,3096,
61.71858492946099,94891,745,1271,3096,
61.71960728955603,94890,746,1271,3096,
61.732381084999936,94889,747,1271,3096,
61.73373735034986,94889,746,1272,3096,
61.743609892668985,94889,746,1271,3097,
61.74361723271596,94889,746,1270,3098,
61.74425341276793,94889,745,1271,3098,
61.74585831528279,94889,745,1270,3099,
61.746200245281614,94889,744,1271,3099,
61.74630606440379,94889,743,1272,3099,
61.74690854499654,94889,743,1271,3100,
61.75070945186811,94889,743,1270,3101,
61.75109841092582,94889,742,1271,3101,
61.75180570711525,94889,742,1270,3102,
61.75495291926026,94889,742,1269,3103,
61.75688517444617,94889,741,1270,3103,
61.756900626955186,94889,741,1269,3104,
61.76113189371172,94889,740,1270,3104,
61.762875558760264,94889,740,1269,3105,
61.767644834936746,94889,740,1268,3106,
61.76904000052546,94888,741,1268,3106,
61.7719431283132,94888,741,1267,3107,
61.7726625537902,94888,740,1268,3107,
61.77393647356425,94887,741,1268,3107,
61.78504620210913,94886,742,1268,3107,
61.785552467000734,94886,742,1267,3108,
61.78596406602213,94886,742,1266,3109,
61.789031495524426,94886,741,1267,3109,
61.789800072909145,94886,740,1268,3109,
61.78995876714044,94885,741,1268,3109,
61.799282677295494,94885,740,1269,3109,
61.799336888277075,94884,741,1269,3109,
61.804589170252164,94884,740,1270,3109,
61.81199099490987,94884,740,1269,3110,
61.81352816251663,94883,741,1269,3110,
61.8137024342083,94883,740,1270,3110,
61.81478428850533,94882,741,1270,3110,
61.81666661824384,94881,742,1270,3110,
61.81707273179751,94880,743,1270,3110,
61.81872933378263,94879,744,1270,3110,
61.819502741708206,94878,745,1270,3110,
61.824681600096355,94878,745,1269,3111,
61.82487245483636,94877,746,1269,3111,
61.8253999698111,94877,745,1270,3111,
61.8262549956094,94876,746,1270,3111,
61.828085347219385,94876,746,1269,3112,
61.83070430231523,94876,746,1268,3113,
61.835679280928446,94875,747,1268,3113,
61.83615041286305,94875,746,1269,3113,
61.839621656179105,94875,745,1270,3113,
61.842798150396476,94875,745,1269,3114,
61.84747809284038,94874,746,1269,3114,
61.84769815576303,94873,747,1269,3114,
61.84814904405996,94872,748,1269,3114,
61.84886460928606,94872,747,1270,3114,
61.85180301171208,94871,748,1270,3114,
61.85505579725299,94871,747,1271,3114,
61.85777493061016,94871,747,1270,3115,
61.85819750065325,94871,747,1269,3116,
61.86155917368167,94871,747,1268,3117,
61.86379049528426,94871,746,1269,3117,
61.8649015249501,94870,747,1269,3117,
61.8654631307399,94869,748,1269,3117,
61.86608941617662,94869,747,1270,3117,
61.86835273916628,94868,748,1270,3117,
61.86935911823015,94868,747,1271,3117,
61.87010727449486,94868,746,1272,3117,
61.88197481577464,94868,745,1273,3117,
61.88220209908961,94867,746,1273,3117,
61.88259440669607,94867,746,1272,3118,
61.88273186405898,94867,746,1271,3119,
61.88408725721221,94866,747,1271,3119,
61.884652558175986,94865,748,1271,3119,
61.89640029567865,94865,747,1272,3119,
61.90206547004695,94865,747,1271,3120,
61.90303851918709,94865,746,1272,3120,
61.91010792735618,94864,747,1272,3120,
61.91187527181113,94864,746,1273,3120,
61.9144204897863,94864,745,1274,3120,
61.915455719281006,94864,745,1273,3121,
61.91790007354,94864,744,1274,3121,
61.922335753667426,94864,744,1273,3122,
61.92306390606407,94863,745,1273,3122,
61.923397138304274,94863,745,1272,3123,
61.92511018661033,94863,744,1273,3123,
61.928861632188834,94863,744,1272,3124,
61.930400880835506,94862,745,1272,3124,
61.93413200801692,94861,746,1272,3124,
61.93519313556514,94860,747,1272,3124,
61.93573082922923,94860,746,1273,3124,
61.93628618371409,94860,746,1272,3125,
61.936300171045524,94860,746,1271,3126,
61.939054644310616,94860,746,1270,3127,
61.940005605277264,94860,746,1269,3128,
61.94083581773002,94860,746,1268,3129,
61.94134002986068,94860,746,1267,3130,
61.94303354714293,94860,745,1268,3130,
61.9437327907939,94859,746,1268,3130,
61.94530445277494,94859,745,1269,3130,
61.94680169713433,94859,745,1268,3131,
61.94918796662344,94859,745,1267,3132,
61.95391128297459,94859,745,1266,3133,
61.954425040403876,94858,746,1266,3133,
61.956022639688264,94858,745,1267,3133,
61.959213328073155,94857,746,1267,3133,
61.961521756518614,94856,747,1267,3133,
61.961757575278014,94855,748,1267,3133,
61.965472045022,94854,749,1267,3133,
61.96649295563589,94854,749,1266,3134,
61.96777746641414,94854,748,1267,3134,
61.97448295628553,94854,747,1268,3134,
61.97509918246035,94854,746,1269,3134,
61.97648119936584,94854,746,1268,3135,
61.978302522684736,94854,745,1269,3135,
61.9818014429541,94854,744,1270,3135,
61.98222229482237,94854,744,1269,3136,
61.9840503306869,94854,744,1268,3137,
61.98644369527655,94854,744,1267,3138,
61.98999783441211,94854,744,1266,3139,
61.99217271433293,94854,744,1265,3140,
61.99221173253071,94854,743,1266,3140,
61.99877897782164,94854,743,1265,3141,
62.0019740397279,94853,744,1265,3141,
62.00434957950752,94853,744,1264,3142,
62.01124751960991,94852,745,1264,3142,
62.01176981415698,94852,745,1263,3143,
62.01277449514924,94852,744,1264,3143,
62.019714192534295,94852,744,1263,3144,
62.027664380784095,94851,745,1263,3144,
62.03288495564736,94851,744,1264,3144,
62.03345161727286,94850,745,1264,3144,
62.03587432897842,94849,746,1264,3144,
62.03593958347982,94848,747,1264,3144,
62.038704336526365,94848,746,1265,3144,
62.03879948781053,94848,746,1264,3145,
62.039380188014036,94848,746,1263,3146,
62.043222171951484,94848,745,1264,3146,
62.04410629736367,94848,744,1265,3146,
62.04585801642542,94848,744,1264,3147,
62.046290712891526,94847,745,1264,3147,
62.04904249998172,94847,744,1265,3147,
62.05417422345501,94847,743,1266,3147,
62.05467728749878,94847,743,1265,3148,
62.0550030263052,94847,743,1264,3149,
62.056034393771014,94847,743,1263,3150,
62.05743570317561,94847,743,1262,3151,
62.05782446022005,94847,742,1263,3151,
62.05854459285522,94847,741,1264,3151,
62.06092430995022,94847,740,1265,3151,
62.06417870968836,94846,741,1265,3151,
62.06590367965584,94846,741,1264,3152,
62.067070543114454,94846,740,1265,3152,
62.074466552257064,94846,739,1266,3152,
62.07484034607723,94846,739,1265,3153,
62.07691588217603,94846,738,1266,3153,
62.078380130429395,94846,738,1265,3154,
62.078606411725836,94846,737,1266,3154,
62.08253908612924,94846,737,1265,3155,
62.08413666093112,94846,737,1264,3156,
62.088592841769525,94845,738,1264,3156,
62.09408314799364,94845,737,1265,3156,
62.0953842819074,94845,736,1266,3156,
62.09889162692471,94845,736,1265,3157,
62.10314865481493,94845,736,1264,3158,
62.103396880983496,94844,737,1264,3158,
62.10400565088907,94843,738,1264,3158,
62.10628594539193,94843,738,1263,3159,
62.10828289910019,94843,737,1264,3159,
62.108956049930796,94843,737,1263,3160,
62.115019160459894,94843,737,1262,3161,
62.11682757711068,94843,737,1261,3162,
62.11966655394767,94843,737,1260,3163,
62.121290331034544,94843,736,1261,3163,
62.12506027645585,94843,735,1262,3163,
62.1287678360405,94843,734,1263,3163,
62.13089991820457,94842,735,1263,3163,
62.1319295857562,94842,734,1264,3163,
62.133172442246256,94842,733,1265,3163,
62.13789071621124,94842,733,1264,3164,
62.14109690780526,94842,732,1265,3164,
62.14279084017908,94842,731,1266,3164,
62.1433649883144,94842,730,1267,3164,
62.143661172192665,94842,730,1266,3165,
62.14538833560593,94842,730,1265,3166,
62.14761881257019,94842,729,1266,3166,
62.150606007268834,94841,730,1266,3166,
62.15178688169257,94840,731,1266,3166,
62.15284378488619,94840,730,1267,3166,
62.160007006684715,94839,731,1267,3166,
62.160729483979175,94839,730,1268,3166,
62.16166413921105,94839,729,1269,3166,
62.16486990852539,94838,730,1269,3166,
62.16656433131949,94838,730,1268,3167,
62.16658220201837,94837,731,1268,3167,
62.16823624131784,94836,732,1268,3167,
62.170395715723764,94836,732,1267,3168,
62.17376067597685,94836,731,1268,3168,
62.174462568627135,94836,731,1267,3169,
62.17470830023362,94836,730,1268,3169,
62.17652404579462,94835,731,1268,3169,
62.17782746279988,94835,731,1267,3170,
62.17809088421874,94835,731,1266,3171,
62.178695286857945,94834,732,1266,3171,
62.185124654912876,94834,732,1265,3172,
62.18875108933802,94834,732,1264,3173,
62.189496658067945,94833,733,1264,3173,
62.191122885743,94833,733,1263,3174,
62.19416634292007,94833,732,1264,3174,
62.197510410499824,94833,732,1263,3175,
62.19887831743101,94833,732,1262,3176,
62.199837293178426,94832,733,1262,3176,
62.201336859993646,94831,734,1262,3176,
62.20277139469292,94831,733,1263,3176,
62.205086345176525,94831,733,1262,3177,
62.20632879191152,94830,734,1262,3177,
62.20812936034302,94830,733,1263,3177,
62.2094661924189,94829,734,1263,3177,
62.21818063021701,94828,735,1263,3177,
62.22011353589179,94828,735,1262,3178,
62.22135441889709,94828,734,1263,3178,
62.22570283016754,94828,733,1264,3178,
62.22665505434269,94827,734,1264,3178,
62.2275224826179,94827,733,1265,3178,
62.228186486901315,94826,734,1265,3178,
62.23121072474716,94825,735,1265,3178,
62.2394289110356,94825,735,1264,3179,
62.24022446254065,94825,735,1263,3180,
62.24174998413343,94825,734,1264,3180,
62.24264485872955,94825,734,1263,3181,
62.24441826734163,94825,734,1262,3182,
62.24563142245228,94825,733,1263,3182,
62.24706009817362,94824,734,1263,3182,
62.24745193985247,94824,734,1262,3183,
62.25106470787435,94824,734,1261,3184,
62.25179732949633,94824,733,1262,3184,
62.253329460300435,94823,734,1262,3184,
62.26136924469664,94823,734,1261,3185,
62.263506806728934,94823,734,1260,3186,
62.27004682219057,94823,734,1259,3187,
62.273635867589874,94823,734,1258,3188,
62.275206974194695,94823,734,1257,3189,
62.27713772568141,94822,735,1257,3189,
62.279257586133,94822,734,1258,3189,
62.283638111839025,94822,734,1257,3190,
62.28604281749884,94821,735,1257,3190,
62.28711841498706,94820,736,1257,3190,
62.288678221166855,94820,736,1256,3191,
62.29143167094754,94820,735,1257,3191,
62.291644187194755,94820,735,1256,3192,
62.294763186171245,94819,736,1256,3192,
62.29896523618491,94819,736,1255,3193,
62.30373738507025,94819,735,1256,3193,
62.304948540710505,94818,736,1256,3193,
62.305481116344204,94817,737,1256,3193,
62.30565145018708,94816,738,1256,3193,
62.3070202854024,94815,739,1256,3193,
62.307286880515846,94814,740,1256,3193,
62.3091037369734,94814,739,1257,3193,
62.31114169329763,94814,739,1256,3194,
62.313866842100396,94814,738,1257,3194,
62.3188226591223,94814,737,1258,3194,
62.32195120857298,94813,738,1258,3194,
62.32214217472753,94812,739,1258,3194,
62.32240093837676,94812,739,1257,3195,
62.323774156816974,94811,740,1257,3195,
62.324498306335876,94810,741,1257,3195,
62.3246232223691,94809,742,1257,3195,
62.32800248014594,94809,742,1256,3196,
62.32992171383076,94809,741,1257,3196,
62.33550732974723,94808,742,1257,3196,
62.338053072612894,94808,741,1258,3196,
62.338523034624444,94807,742,1258,3196,
62.3391651638048,94807,742,1257,3197,
62.33954409132363,94807,742,1256,3198,
62.34217572094514,94807,741,1257,3198,
62.34309822377185,94807,740,1258,3198,
62.34370469237906,94807,740,1257,3199,
62.34375490968172,94807,740,1256,3200,
62.345640323391166,94807,739,1257,3200,
62.34820205739578,94806,740,1257,3200,
62.34864664108337,94806,740,1256,3201,
62.35025560667432,94806,739,1257,3201,
62.35228895701911,94806,739,1256,3202,
62.355712212869975,94805,740,1256,3202,
62.35890581141339,94805,739,1257,3202,
62.35943996809084,94805,738,1258,3202,
62.3606460039544,94805,737,1259,3202,
62.364001816650344,94805,737,1258,3203,
62.36553446057505,94805,737,1257,3204,
62.36748597542985,94804,738,1257,3204,
62.369264702717196,94804,737,1258,3204,
62.36968644731901,94804,736,1259,3204,
62.37058267025906,94804,735,1260,3204,
62.373444629445956,94803,736,1260,3204,
62.37482861588989,94803,736,1259,3205,
62.37510056490072,94803,735,1260,3205,
62.375466762070005,94803,735,1259,3206,
62.376725372054786,94802,736,1259,3206,
62.379252656582125,94801,737,1259,3206,
62.37993689128466,94800,738,1259,3206,
62.3820137477137,94800,738,1258,3207,
62.38323425781306,94800,737,1259,3207,
62.38527522553262,94800,736,1260,3207,
62.38732764605564,94799,737,1260,3207,
62.390282527937586,94798,738,1260,3207,
62.39402262923066,94798,738,1259,3208,
62.39445806725358,94798,738,1258,3209,
62.395459518816054,94798,737,1259,3209,
62.39562679886718,94798,736,1260,3209,
62.398120282773576,94798,736,1259,3210,
62.398862419341356,94798,735,1260,3210,
62.399626648297414,94798,735,1259,3211,
62.40229861773109,94798,734,1260,3211,
62.40474484243833,94798,733,1261,3211,
62.40507905774651,94798,732,1262,3211,
62.41149368414889,94797,733,1262,3211,
62.41236209111939,94796,734,1262,3211,
62.414010155865434,94796,734,1261,3212,
62.418447328643424,94796,734,1260,3213,
62.42439609472269,94796,733,1261,3213,
62.432110254155745,94795,734,1261,3213,
62.43249220329668,94795,733,1262,3213,
62.43262914692675,94794,734,1262,3213,
62.43584619359647,94793,735,1262,3213,
62.43639344726541,94792,736,1262,3213,
62.43908340847022,94792,736,1261,3214,
62.43945875509064,94791,737,1261,3214,
62.4397854820717,94791,737,1260,3215,
62.44163991736084,94791,736,1261,3215,
62.44194552769213,94791,736,1260,3216,
62.45309816368503,94791,735,1261,3216,
62.454145914702295,94791,735,1260,3217,
62.455467949491464,94791,735,1259,3218,
62.45676042419284,94790,736,1259,3218,
62.45881508516107,94790,736,1258,3219,
62.46216001125997,94790,735,1259,3219,
62.46476656906416,94790,734,1260,3219,
62.466135764463516,94790,733,1261,3219,
62.46688654733578,94790,732,1262,3219,
62.46700354586401,94790,732,1261,3220,
62.46854527408916,94790,732,1260,3221,
62.47134963598805,94790,732,1259,3222,
62.47621974621801,94790,731,1260,3222,
62.4787005565837,94790,730,1261,3222,
62.48050543696931,94790,730,1260,3223,
62.481638462102104,94790,730,1259,3224,
62.48164332342104,94790,729,1260,3224,
62.48469805224004,94790,729,1259,3225,
62.4860690217528,94789,730,1259,3225,
62.487459688580486,94789,730,1258,3226,
62.48762994644889,94789,730,1257,3227,
62.49002176197102,94789,729,1258,3227,
62.49178863681387,94789,729,1257,3228,
62.492059022221895,94789,728,1258,3228,
62.4929321803776,94789,727,1259,3228,
62.49698366933517,94789,726,1260,3228,
62.500192273347125,94789,726,1259,3229,
62.50179070363726,94789,726,1258,3230,
62.50216519162188,94788,727,1258,3230,
62.502630738339576,94787,728,1258,3230,
62.51106478527005,94787,727,1259,3230,
62.52030811398362,94786,728,1259,3230,
62.52074630778327,94785,729,1259,3230,
62.52325797375196,94784,730,1259,3230,
62.523303773819634,94784,729,1260,3230,
62.52469435223958,94784,728,1261,3230,
62.5253740941365,94784,727,1262,3230,
62.52781480931834,94783,728,1262,3230,
62.5290126709671,94783,727,1263,3230,
62.530067945844806,94782,728,1263,3230,
62.53139313213823,94781,729,1263,3230,
62.53176644820681,94781,729,1262,3231,
62.538604947631505,94781,728,1263,3231,
62.54243727887443,94781,728,1262,3232,
62.54755052167324,94781,727,1263,3232,
62.552724205342926,94781,727,1262,3233,
62.555259336585735,94781,727,1261,3234,
62.55539632243954,94781,727,1260,3235,
62.555511977878425,94780,728,1260,3235,
62.557598981424995,94780,727,1261,3235,
62.55901261551969,94780,727,1260,3236,
62.565068328408465,94780,727,1259,3237,
62.56652221809259,94779,728,1259,3237,
62.566827814558465,94779,727,1260,3237,
62.56710454094984,94778,728,1260,3237,
62.56721012838153,94778,727,1261,3237,
62.56769144533675,94778,726,1262,3237,
62.572323019202706,94778,725,1263,3237,
62.573995992120125,94778,724,1264,3237,
62.57950563640344,94777,725,1264,3237,
62.584101110448856,94777,724,1265,3237,
62.58530664285192,94777,723,1266,3237,
62.590179730775986,94777,723,1265,3238,
62.59131098168142,94777,722,1266,3238,
62.59139136297551,94777,722,1265,3239,
62.59214348855127,94776,723,1265,3239,
62.59328505749198,94776,723,1264,3240,
62.599260572275334,94775,724,1264,3240,
62.60384295094673,94774,725,1264,3240,
62.60863539364465,94774,725,1263,3241,
62.6152678183148,94774,725,1262,3242,
62.61647814834032,94774,724,1263,3242,
62.62181044876256,94774,724,1262,3243,
62.62185799524076,94774,724,1261,3244,
62.6245997236084,94773,725,1261,3244,
62.632948655054776,94773,725,1260,3245,
62.63730491728819,94773,724,1261,3245,
62.63852203100341,94773,723,1262,3245,
62.643850985759975,94772,724,1262,3245,
62.64514168804887,94771,725,1262,3245,
62.64553599519398,94770,726,1262,3245,
62.646829099950786,94770,726,1261,3246,
62.65059145143782,94770,726,1260,3247,
62.65149705570691,94770,725,1261,3247,
62.65330169425655,94770,724,1262,3247,
62.654439247965975,94770,724,1261,3248,
62.656349985930426,94770,723,1262,3248,
62.65781313344914,94770,722,1263,3248,
62.66137920675989,94770,721,1264,3248,
62.66367720036168,94769,722,1264,3248,
62.66621311775323,94769,721,1265,3248,
62.67190188063431,94769,721,1264,3249,
62.67580941826775,94769,720,1265,3249,
62.684114860337914,94769,720,1264,3250,
62.689638320261295,94769,719,1265,3250,
62.694331420594345,94768,720,1265,3250,
62.69522118497958,94767,721,1265,3250,
62.695557877192044,94767,720,1266,3250,
62.69561046141192,94767,720,1265,3251,
62.698850308913165,94766,721,1265,3251,
62.699015802836335,94766,720,1266,3251,
62.69993756532889,94766,720,1265,3252,
62.70336356004736,94766,719,1266,3252,
62.70699116783578,94766,719,1265,3253,
62.71092769320953,94765,720,1265,3253,
62.71893798954851,94765,720,1264,3254,
62.72550967038557,94765,719,1265,3254,
62.726852481423336,94765,719,1264,3255,
62.72749186673403,94764,720,1264,3255,
62.741502852468514,94764,720,1263,3256,
62.74376249704868,94764,719,1264,3256,
62.75089136235812,94763,720,1264,3256,
62.7533533652913,94763,719,1265,3256,
62.75374820217441,94763,719,1264,3257,
62.75476785036189,94763,718,1265,3257,
62.75848387269775,94763,717,1266,3257,
62.75954398217302,94763,717,1265,3258,
62.7596047950642,94763,716,1266,3258,
62.76055217773623,94762,717,1266,3258,
62.76238813018542,94762,717,1265,3259,
62.76487232478376,94762,717,1264,3260,
62.768763176767315,94762,717,1263,3261,
62.769103052494685,94761,718,1263,3261,
62.7731870603246,94760,719,1263,3261,
62.77509509063815,94760,718,1264,3261,
62.77525955266188,94760,717,1265,3261,
62.77562576963094,94759,718,1265,3261,
62.776263269241234,94759,718,1264,3262,
62.78006979993181,94759,717,1265,3262,
62.78074314906573,94758,718,1265,3262,
62.7851320029737,94758,718,1264,3263,
62.785611032051335,94757,719,1264,3263,
62.78652225828483,94756,720,1264,3263,
62.78683875230169,94756,720,1263,3264,
62.78811559405643,94755,721,1263,3264,
62.79044773932527,94755,720,1264,3264,
62.792907857845854,94755,719,1265,3264,
62.79291360284363,94755,719,1264,3265,
62.79311060135796,94755,719,1263,3266,
62.79486569802438,94754,720,1263,3266,
62.79502766048593,94754,720,1262,3267,
62.795176872167445,94753,721,1262,3267,
62.79601561182206,94753,721,1261,3268,
62.79656998965027,94753,720,1262,3268,
62.797400135130324,94752,721,1262,3268,
62.80100117821771,94751,722,1262,3268,
62.80558104812281,94751,722,1261,3269,
62.81025498313974,94750,723,1261,3269,
62.810670332782045,94749,724,1261,3269,
62.82666123174066,94748,725,1261,3269,
62.82667566844167,94748,725,1260,3270,
62.82762347798195,94747,726,1260,3270,
62.82863991768902,94746,727,1260,3270,
62.829614487588685,94745,728,1260,3270,
62.8306095301985,94745,728,1259,3271,
62.83100032144421,94745,727,1260,3271,
62.83225332411654,94744,728,1260,3271,
62.839408602919775,94743,729,1260,3271,
62.84097619958856,94742,730,1260,3271,
62.84397454739468,94742,730,1259,3272,
62.8445887617812,94742,730,1258,3273,
62.84497193745941,94741,731,1258,3273,
62.84995013410921,94740,732,1258,3273,
62.85055641191818,94740,732,1257,3274,
62.85211835921372,94739,733,1257,3274,
62.86011771701744,94739,733,1256,3275,
62.86060984564898,94739,733,1255,3276,
62.862011024973555,94738,734,1255,3276,
62.868524663285605,94738,734,1254,3277,
62.869804244844666,94738,734,1253,3278,
62.87195284492716,94737,735,1253,3278,
62.8758038557491,94736,736,1253,3278,
62.87896666668564,94736,735,1254,3278,
62.87940910805833,94736,735,1253,3279,
62.87992812291308,94736,735,1252,3280,
62.88332619956853,94735,736,1252,3280,
62.88412254601496,94734,737,1252,3280,
62.88503631978979,94734,736,1253,3280,
62.886237043785094,94734,735,1254,3280,
62.88724539466435,94734,735,1253,3281,
62.88795025938606,94734,734,1254,3281,
62.88909315037816,94734,734,1253,3282,
62.88918320346923,94734,733,1254,3282,
62.89035175613327,94734,732,1255,3282,
62.89166730264772,94734,731,1256,3282,
62.893996410556454,94733,732,1256,3282,
62.898397394117296,94732,733,1256,3282,
62.90025150830128,94732,733,1255,3283,
62.90036437168766,94731,734,1255,3283,
62.900953932575405,94730,735,1255,3283,
62.90102460606875,94730,735,1254,3284,
62.90154305725826,94729,736,1254,3284,
62.90214634768766,94729,735,1255,3284,
62.902369635228126,94728,736,1255,3284,
62.90526708799636,94728,735,1256,3284,
62.906589799967534,94728,734,1257,3284,
62.907277817344294,94728,733,1258,3284,
62.909340095983694,94728,732,1259,3284,
62.91132476016705,94728,732,1258,3285,
62.91154678646464,94728,731,1259,3285,
62.915813481962225,94727,732,1259,3285,
62.92013730260712,94727,731,1260,3285,
62.922152497203335,94726,732,1260,3285,
62.924866639116814,94726,732,1259,3286,
62.92515511464466,94726,732,1258,3287,
62.926596834781826,94726,732,1257,3288,
62.92982411272489,94726,732,1256,3289,
62.9341776164577,94726,731,1257,3289,
62.93469529261303,94725,732,1257,3289,
62.937963098578564,94725,731,1258,3289,
62.93839171170795,94725,730,1259,3289,
62.940549159845894,94724,731,1259,3289,
62.94060308452117,94724,731,1258,3290,
62.94261112423075,94723,732,1258,3290,
62.94382449570716,94723,731,1259,3290,
62.94387648715432,94723,730,1260,3290,
62.94564860801752,94723,730,1259,3291,
62.94937162845843,94723,730,1258,3292,
62.95415233378357,94723,730,1257,3293,
62.95888085412744,94722,731,1257,3293,
62.96119913429316,94721,732,1257,3293,
62.962177912747656,94720,733,1257,3293,
62.96591254333666,94720,732,1258,3293,
62.96686448688532,94719,733,1258,3293,
62.969138650406265,94719,733,1257,3294,
62.9710063997814,94718,734,1257,3294,
62.97478019139816,94718,733,1258,3294,
62.976917033232944,94718,732,1259,3294,
62.97704873247198,94718,732,1258,3295,
62.97722938652416,94718,732,1257,3296,
62.98764858162156,94718,732,1256,3297,
62.989800200736354,94718,732,1255,3298,
62.99241670880431,94718,731,1256,3298,
62.99295885504051,94718,731,1255,3299,
62.99468924061332,94717,732,1255,3299,
62.99780743576603,94717,732,1254,3300,
63.000311551106265,94717,731,1255,3300,
63.00090682262342,94717,731,1254,3301,
63.0026495486798,94717,731,1253,3302,
63.00574927845898,94717,731,1252,3303,
63.00888127228113,94716,732,1252,3303,
63.008969081733426,94716,731,1253,3303,
63.0117296233353,94715,732,1253,3303,
63.01293126381623,94715,732,1252,3304,
63.015458073290965,94715,731,1253,3304,
63.01930707959002,94715,731,1252,3305,
63.020948274119135,94714,732,1252,3305,
63.022496615790246,94714,732,1251,3306,
63.02255098549175,94714,731,1252,3306,
63.022553056072816,94714,730,1253,3306,
63.02358522550708,94714,729,1254,3306,
63.02429443573301,94714,729,1253,3307,
63.028649886237446,94714,729,1252,3308,
63.03144263546742,94714,729,1251,3309,
63.0336948566472,94713,730,1251,3309,
63.03446097203734,94712,731,1251,3309,
63.03464907184822,94712,731,1250,3310,
63.037271321259965,94712,730,1251,3310,
63.04031577270758,94711,731,1251,3310,
63.041345032795306,94711,730,1252,3310,
63.04904749259249,94711,730,1251,3311,
63.049300313377024,94711,729,1252,3311,
63.05247289667901,94711,729,1251,3312,
63.05377779552295,94711,729,1250,3313,
63.05458020824503,94710,730,1250,3313,
63.059110386955496,94710,729,1251,3313,
63.061124515633,94709,730,1251,3313,
63.06527886605067,94709,729,1252,3313,
63.066279386915,94709,728,1253,3313,
63.069389579436816,94708,729,1253,3313,
63.07116746139417,94708,728,1254,3313,
63.0718125890042,94708,728,1253,3314,
63.07723496395638,94708,728,1252,3315,
63.07836704581845,94707,729,1252,3315,
63.07839085508357,94707,728,1253,3315,
63.083513293606,94707,727,1254,3315,
63.08407509626667,94707,726,1255,3315,
63.08579735853563,94707,726,1254,3316,
63.08755942273308,94707,725,1255,3316,
63.09256215051052,94707,724,1256,3316,
63.0963924684765,94706,725,1256,3316,
63.10097008886529,94706,725,1255,3317,
63.1015610173764,94706,724,1256,3317,
63.102330941733015,94706,724,1255,3318,
63.10305336681044,94706,724,1254,3319,
63.10343439379454,94706,723,1255,3319,
63.1035863829771,94706,723,1254,3320,
63.106350720138074,94705,724,1254,3320,
63.11269539363259,94704,725,1254,3320,
63.118091508976555,94704,725,1253,3321,
63.1181427906981,94704,724,1254,3321,
63.1199877779963,94704,724,1253,3322,
63.12270214578919,94704,724,1252,3323,
63.125243390294024,94704,724,1251,3324,
63.13067518261336,94704,723,1252,3324,
63.13191361165016,94703,724,1252,3324,
63.134008528925314,94703,723,1253,3324,
63.13512449093375,94703,723,1252,3325,
63.13588146563118,94702,724,1252,3325,
63.138149703854296,94702,723,1253,3325,
63.14140610911096,94702,722,1254,3325,
63.14632066827884,94702,721,1255,3325,
63.14758693502503,94701,722,1255,3325,
63.14979617050128,94700,723,1255,3325,
63.14984632462026,94700,723,1254,3326,
63.15339859063854,94700,723,1253,3327,
63.15374221417794,94699,724,1253,3327,
63.154478521625215,94698,725,1253,3327,
63.15645580226091,94698,724,1254,3327,
63.156766662416345,94697,725,1254,3327,
63.156795889699104,94696,726,1254,3327,
63.15814385013951,94696,726,1253,3328,
63.16645544298015,94696,725,1254,3328,
63.16859783667842,94695,726,1254,3328,
63.17340524601523,94695,726,1253,3329,
63.17427537361803,94695,726,1252,3330,
63.17519175293633,94695,726,1251,3331,
63.17566862080252,94695,726,1250,3332,
63.17646826504705,94695,726,1249,3333,
63.17992032493781,94695,725,1250,3333,
63.18827822560903,94695,725,1249,3334,
63.18937485572923,94695,725,1248,3335,
63.19030171416718,94695,724,1249,3335,
63.19168783595947,94694,725,1249,3335,
63.194027700232965,94694,724,1250,3335,
63.200972748862405,94694,724,1249,3336,
63.201797513986186,94693,725,1249,3336,
63.20462683690033,94693,724,1250,3336,
63.20579194887634,94693,723,1251,3336,
63.20630513604547,94692,724,1251,3336,
63.20811468706028,94692,723,1252,3336,
63.208420314854145,94692,723,1251,3337,
63.208452222787024,94692,723,1250,3338,
63.21021529454556,94691,724,1250,3338,
63.2158526345851,94691,724,1249,3339,
63.21787339336552,94691,723,1250,3339,
63.219124682177096,94691,723,1249,3340,
63.21936673883522,94691,723,1248,3341,
63.22007307437642,94691,722,1249,3341,
63.22252652382043,94691,722,1248,3342,
63.22263702568199,94691,721,1249,3342,
63.22367589936828,94691,721,1248,3343,
63.22808635015777,94691,720,1249,3343,
63.2310768865402,94691,720,1248,3344,
63.23124926225867,94691,720,1247,3345,
63.231862486817846,94691,720,1246,3346,
63.235236774663946,94690,721,1246,3346,
63.23540543545409,94690,720,1247,3346,
63.237135744417046,94689,721,1247,3346,
63.237215493562886,94689,721,1246,3347,
63.23903564728517,94689,720,1247,3347,
63.239357721289146,94688,721,1247,3347,
63.239587658987645,94687,722,1247,3347,
63.24034433251224,94686,723,1247,3347,
63.2433947167648,94686,723,1246,3348,
63.24801201023045,94686,722,1247,3348,
63.25377621459056,94686,721,1248,3348,
63.25644674810501,94686,720,1249,3348,
63.258207288237955,94685,721,1249,3348,
63.25903572191207,94684,722,1249,3348,
63.26029303519488,94684,721,1250,3348,
63.260316846441455,94684,721,1249,3349,
63.26095927807939,94683,722,1249,3349,
63.26242574206023,94683,722,1248,3350,
63.262779605912016,94682,723,1248,3350,
63.26425642483174,94682,722,1249,3350,
63.26733162384801,94682,722,1248,3351,
63.2699612909816,94681,723,1248,3351,
63.2712459419749,94681,722,1249,3351,
63.27766987183547,94680,723,1249,3351,
63.27855510309975,94679,724,1249,3351,
63.27919304142322,94679,724,1248,3352,
63.28106809452369,94679,723,1249,3352,
63.285298511298805,94679,723,1248,3353,
63.288534099448,94678,724,1248,3353,
63.29135599205896,94677,725,1248,3353,
63.298732337819715,94676,726,1248,3353,
63.30022528535052,94676,725,1249,3353,
63.30297578347789,94676,724,1250,3353,
63.30406653524311,94675,725,1250,3353,
63.311156476116324,94675,724,1251,3353,
63.31334320087377,94675,723,1252,3353,
63.321637921610716,94674,724,1252,3353,
63.32212837431598,94673,725,1252,3353,
63.3240664536873,94673,724,1253,3353,
63.32589168554702,94672,725,1253,3353,
63.33028780643278,94671,726,1253,3353,
63.34100455774285,94671,726,1252,3354,
63.343987585245436,94670,727,1252,3354,
63.34551466822507,94669,728,1252,3354,
63.345949725983935,94669,728,1251,3355,
63.348495500222796,94668,729,1251,3355,
63.352643347554306,94667,730,1251,3355,
63.354087980222715,94666,731,1251,3355,
63.35634185008543,94665,732,1251,3355,
63.35924307769254,94665,731,1252,3355,
63.359713870651674,94664,732,1252,3355,
63.36600228152685,94664,732,1251,3356,
63.3677636196951,94663,733,1251,3356,
63.368395407924254,94663,732,1252,3356,
63.37027979349544,94663,732,1251,3357,
63.37064841050485,94662,733,1251,3357,
63.37116049628999,94662,732,1252,3357,
63.37129201182161,94661,733,1252,3357,
63.37795446187857,94661,733,1251,3358,
63.379732735663325,94661,732,1252,3358,
63.382331595557574,94660,733,1252,3358,
63.38271224871312,94660,733,1251,3359,
63.383774803297015,94660,732,1252,3359,
63.383783225859155,94660,732,1251,3360,
63.390895125111285,94659,733,1251,3360,
63.398776202890566,94658,734,1251,3360,
63.40273365510045,94657,735,1251,3360,
63.40329502853017,94657,734,1252,3360,
63.40556177906703,94656,735,1252,3360,
63.407270293789715,94656,735,1251,3361,
63.40851280992646,94655,736,1251,3361,
63.410991776132946,94655,736,1250,3362,
63.41183445995185,94655,736,1249,3363,
63.4139597866253,94654,737,1249,3363,
63.41970849834446,94654,736,1250,3363,
63.42084316292343,94654,735,1251,3363,
63.42095548644396,94654,734,1252,3363,
63.42206867996242,94654,734,1251,3364,
63.42460028328399,94654,734,1250,3365,
63.424912114377435,94654,734,1249,3366,
63.42999703730263,94654,734,1248,3367,
63.43103076511379,94654,734,1247,3368,
63.4383636211139,94654,733,1248,3368,
63.439470700242815,94653,734,1248,3368,
63.442680628953894,94653,733,1249,3368,
63.443048135005476,94652,734,1249,3368,
63.445447622499046,94651,735,1249,3368,
63.44560655748238,94651,734,1250,3368,
63.44616670300731,94651,734,1249,3369,
63.446189631527815,94651,734,1248,3370,
63.44927680600486,94651,734,1247,3371,
63.45000720940733,94651,733,1248,3371,
63.45978319988299,94650,734,1248,3371,
63.46164682831318,94650,734,1247,3372,
63.472884334741295,94650,733,1248,3372,
63.474550014457016,94650,732,1249,3372,
63.47538702598219,94649,733,1249,3372,
63.47793288623342,94648,734,1249,3372,
63.47918099643769,94647,735,1249,3372,
63.479562368430855,94647,734,1250,3372,
63.481251845842266,94646,735,1250,3372,
63.48181125422039,94645,736,1250,3372,
63.482058941492305,94645,735,1251,3372,
63.483444868803026,94644,736,1251,3372,
63.48450569505218,94644,735,1252,3372,
63.48529830877807,94643,736,1252,3372,
63.486092025207704,94643,736,1251,3373,
63.48630435404873,94643,736,1250,3374,
63.48646499860602,94643,735,1251,3374,
63.49037369375307,94643,735,1250,3375,
63.490828971936864,94643,734,1251,3375,
63.49177173773407,94643,733,1252,3375,
63.4929288525591,94643,733,1251,3376,
63.498748499291665,94643,732,1252,3376,
63.50095300840549,94643,731,1253,3376,
63.502213265475184,94643,730,1254,3376,
63.50349052378612,94643,729,1255,3376,
63.5043151975802,94643,728,1256,3376,
63.50614227631886,94643,728,1255,3377,
63.50632447963879,94643,727,1256,3377,
63.51251052735274,94643,726,1257,3377,
63.515538956757766,94643,726,1256,3378,
63.51590200694956,94643,725,1257,3378,
63.51670212073827,94643,725,1256,3379,
63.52011565142179,94642,726,1256,3379,
63.521530674118175,94642,726,1255,3380,
63.528047832603576,94642,726,1254,3381,
63.52968042919713,94642,726,1253,3382,
63.52984524106636,94641,727,1253,3382,
63.530970452990154,94640,728,1253,3382,
63.53285020725315,94640,728,1252,3383,
63.53346958624673,94639,729,1252,3383,
63.53638927383045,94639,728,1253,3383,
63.53951107730103,94639,727,1254,3383,
63.54083251561786,94639,727,1253,3384,
63.541839973477636,94639,727,1252,3385,
63.54545507071571,94639,727,1251,3386,
63.5523996321016,94639,726,1252,3386,
63.55528048240661,94638,727,1252,3386,
63.55769664598172,94637,728,1252,3386,
63.55815878270907,94637,727,1253,3386,
63.558829148355514,94637,727,1252,3387,
63.56062812696101,94636,728,1252,3387,
63.56183102232814,94636,728,1251,3388,
63.564140931333554,94635,729,1251,3388,
63.5666609206296,94635,729,1250,3389,
63.569477861178726,94635,729,1249,3390,
63.56958922567854,94635,728,1250,3390,
63.56963701145965,94635,727,1251,3390,
63.57124434967988,94635,727,1250,3391,
63.573194706488714,94634,728,1250,3391,
63.57413298491578,94634,727,1251,3391,
63.57609136070695,94633,728,1251,3391,
63.57954026237963,94633,727,1252,3391,
63.58066345557249,94632,728,1252,3391,
63.58200447207294,94632,727,1253,3391,
63.58399898612256,94632,726,1254,3391,
63.58444643786241,94632,726,1253,3392,
63.591090749006945,94631,727,1253,3392,
63.59652285194685,94631,726,1254,3392,
63.59690158853671,94631,726,1253,3393,
63.59774306032704,94631,726,1252,3394,
63.60851030377033,94631,725,1253,3394,
63.60949678125539,94631,724,1254,3394,
63.61185580352114,94631,724,1253,3395,
63.61361727383545,94630,725,1253,3395,
63.61632104917243,94630,724,1254,3395,
63.618470542757656,94630,724,1253,3396,
63.61878260861539,94630,723,1254,3396,
63.61981040844982,94629,724,1254,3396,
63.62233892706908,94628,725,1254,3396,
63.62260048805645,94627,726,1254,3396,
63.62341824290833,94627,725,1255,3396,
63.623674921825,94627,724,1256,3396,
63.62858206998663,94627,724,1255,3397,
63.63402434309088,94627,723,1256,3397,
63.63830060365014,94626,724,1256,3397,
63.640197208085446,94626,724,1255,3398,
63.64033199100213,94626,723,1256,3398,
63.64073232240823,94625,724,1256,3398,
63.64198058410804,94625,723,1257,3398,
63.64198597076343,94624,724,1257,3398,
63.6440804463152,94624,724,1256,3399,
63.64421970900332,94624,724,1255,3400,
63.647541366225525,94624,724,1254,3401,
63.64755239489561,94624,724,1253,3402,
63.64817170456013,94624,724,1252,3403,
63.648451797198305,94623,725,1252,3403,
63.65034914409913,94622,726,1252,3403,
63.65088861273646,94622,725,1253,3403,
63.65324593947069,94622,725,1252,3404,
63.65359179820365,94621,726,1252,3404,
63.65375552413573,94621,725,1253,3404,
63.65473222913403,94621,725,1252,3405,
63.65794569333835,94621,725,1251,3406,
63.6686015046131,94620,726,1251,3406,
63.669742562999375,94619,727,1251,3406,
63.67052383643178,94618,728,1251,3406,
63.67259839269842,94618,728,1250,3407,
63.675668912199555,94617,729,1250,3407,
63.677665183225066,94617,729,1249,3408,
63.6802679097167,94617,728,1250,3408,
63.68226236781166,94617,727,1251,3408,
63.68572581167692,94617,727,1250,3409,
63.688739200833936,94617,727,1249,3410,
63.68938844613662,94616,728,1249,3410,
63.68960761158037,94616,727,1250,3410,
63.6921499537393,94616,727,1249,3411,
63.693989032730656,94616,726,1250,3411,
63.696811088814016,94616,725,1251,3411,
63.700128935218714,94615,726,1251,3411,
63.70784805329632,94615,726,1250,3412,
63.70942146968405,94615,726,1249,3413,
63.709503685336394,94614,727,1249,3413,
63.71024975898205,94614,726,1250,3413,
63.7106689371242,94614,726,1249,3414,
63.71617284914355,94614,726,1248,3415,
63.71631061513085,94614,726,1247,3416,
63.716753937683656,94614,726,1246,3417,
63.72027277405586,94613,727,1246,3417,
63.724481047220365,94613,727,1245,3418,
63.725465775320046,94613,726,1246,3418,
63.72741088961771,94613,726,1245,3419,
63.72963840527399,94612,727,1245,3419,
63.7352140919658,94611,728,1245,3419,
63.737757511104206,94611,728,1244,3420,
63.73844364723129,94611,727,1245,3420,
63.740094264969755,94610,728,1245,3420,
63.74157163355484,94610,728,1244,3421,
63.74165742180088,94610,728,1243,3422,
63.74211877525151,94610,728,1242,3423,
63.742507758036716,94610,727,1243,3423,
63.743236071524805,94610,727,1242,3424,
63.74502986911619,94610,726,1243,3424,
63.749715305620846,94609,727,1243,3424,
63.749878037439736,94609,727,1242,3425,
63.75023164296603,94608,728,1242,3425,
63.754044794533776,94607,729,1242,3425,
63.756788692373725,94607,728,1243,3425,
63.760534633411886,94607,727,1244,3425,
63.76087674875946,94606,728,1244,3425,
63.76223638761407,94605,729,1244,3425,
63.76259132631138,94605,728,1245,3425,
63.76644074195984,94605,727,1246,3425,
63.77625763854721,94605,727,1245,3426,
63.7765878949498,94604,728,1245,3426,
63.778190041835614,94603,729,1245,3426,
63.778235688837846,94602,730,1245,3426,
63.778505415219655,94601,731,1245,3426,
63.779351526586375,94601,731,1244,3427,
63.785208185583016,94601,731,1243,3428,
63.78901911456399,94601,730,1244,3428,
63.795510992716935,94600,731,1244,3428,
63.7959661802301,94600,731,1243,3429,
63.79634192008429,94600,731,1242,3430,
63.8057875002339,94599,732,1242,3430,
63.80984828438944,94599,732,1241,3431,
63.81099416870624,94599,731,1242,3431,
63.818154422700054,94598,732,1242,3431,
63.81952641909564,94598,732,1241,3432,
63.819903278568084,94598,732,1240,3433,
63.825374093672664,94598,731,1241,3433,
63.82735778347091,94597,732,1241,3433,
63.83137602502222,94597,731,1242,3433,
63.83369843671447,94597,730,1243,3433,
63.83430981358123,94597,729,1244,3433,
63.83511059761789,94596,730,1244,3433,
63.83660600547819,94596,729,1245,3433,
63.84189799417945,94595,730,1245,3433,
63.84190541702135,94594,731,1245,3433,
63.84308825575053,94594,730,1246,3433,
63.84486006317964,94593,731,1246,3433,
63.85548354240048,94592,732,1246,3433,
63.85592430980121,94591,733,1246,3433,
63.85887540348034,94590,734,1246,3433,
63.8603555356569,94590,733,1247,3433,
63.864725398910764,94590,733,1246,3434,
63.86939604135321,94590,733,1245,3435,
63.871364600721975,94589,734,1245,3435,
63.874605472717,94589,734,1244,3436,
63.87742930006618,94589,734,1243,3437,
63.877802863626165,94589,733,1244,3437,
63.88012930206637,94589,732,1245,3437,
63.88118300225543,94589,732,1244,3438,
63.881705459034194,94589,732,1243,3439,
63.88461780452151,94588,733,1243,3439,
63.88928813101422,94588,732,1244,3439,
63.89088632020896,94587,733,1244,3439,
63.8936715942813,94586,734,1244,3439,
63.90039731685036,94586,733,1245,3439,
63.9004666082172,94586,733,1244,3440,
63.90292651763073,94586,732,1245,3440,
63.90373706968778,94586,732,1244,3441,
63.90684068531432,94586,732,1243,3442,
63.91132360577168,94586,731,1244,3442,
63.924390010733134,94586,730,1245,3442,
63.925911855694366,94586,730,1244,3443,
63.93183908348363,94586,730,1243,3444,
63.93397645289687,94586,729,1244,3444,
63.9353060232948,94586,729,1243,3445,
63.94347450903922,94586,729,1242,3446,
63.94471716892173,94585,730,1242,3446,
63.948239810778546,94584,731,1242,3446,
63.94929377227581,94583,732,1242,3446,
63.95328075085375,94583,732,1241,3447,
63.95474034308363,94583,732,1240,3448,
63.95915767071496,94582,733,1240,3448,
63.9596088699719,94582,733,1239,3449,
63.96397465438619,94582,733,1238,3450,
63.96440915814038,94582,732,1239,3450,
63.964592201071156,94581,733,1239,3450,
63.96517307499104,94580,734,1239,3450,
63.96552701912941,94580,733,1240,3450,
63.96575663257475,94580,732,1241,3450,
63.98306553714252,94580,731,1242,3450,
63.983087561342906,94580,731,1241,3451,
63.986713658101436,94580,731,1240,3452,
63.98856423475904,94579,732,1240,3452,
63.98969488041616,94579,731,1241,3452,
63.99041125891122,94578,732,1241,3452,
63.994046885366586,94578,732,1240,3453,
63.998762875645596,94578,731,1241,3453,
64.00083633325119,94578,730,1242,3453,
64.0027392319723,94577,731,1242,3453,
64.00385426190729,94577,730,1243,3453,
64.0111831760721,94576,731,1243,3453,
64.01179885130752,94576,730,1244,3453,
64.01207379970343,94576,729,1245,3453,
64.01284933488652,94576,728,1246,3453,
64.01302572734448,94576,727,1247,3453,
64.01330020216533,94575,728,1247,3453,
64.0146003391759,94574,729,1247,3453,
64.01514071386768,94574,728,1248,3453,
64.02453231692644,94574,728,1247,3454,
64.02602032182675,94573,729,1247,3454,
64.03048287566858,94573,728,1248,3454,
64.03324428998485,94573,728,1247,3455,
64.03376522699924,94573,727,1248,3455,
64.03383030361447,94573,726,1249,3455,
64.03417457757601,94573,725,1250,3455,
64.03750827577305,94573,724,1251,3455,
64.0377288914411,94572,725,1251,3455,
64.03961527573892,94572,724,1252,3455,
64.0421633145649,94572,724,1251,3456,
64.0437905475501,94572,724,1250,3457,
64.0443005151384,94572,724,1249,3458,
64.04745669109943,94572,723,1250,3458,
64.04930815981068,94572,723,1249,3459,
64.05068707810103,94572,723,1248,3460,
64.05370696483556,94572,723,1247,3461,
64.0539058177794,94571,724,1247,3461,
64.05575159410739,94571,724,1246,3462,
64.05699070521152,94570,725,1246,3462,
64.05829952520982,94569,726,1246,3462,
64.06130818069164,94568,727,1246,3462,
64.06327321352182,94568,726,1247,3462,
64.0642757427345,94568,726,1246,3463,
64.0646882626611,94567,727,1246,3463,
64.06566024488893,94567,727,1245,3464,
64.06917340332298,94567,726,1246,3464,
64.06929043679615,94567,725,1247,3464,
64.07373840335403,94567,725,1246,3465,
64.07473946885483,94567,725,1245,3466,
64.07993586782813,94567,724,1246,3466,
64.08290149966265,94567,723,1247,3466,
64.09181253635899,94567,723,1246,3467,
64.0958363966418,94567,723,1245,3468,
64.0976374787588,94567,723,1244,3469,
64.09806314129685,94567,722,1245,3469,
64.09833979764163,94567,722,1244,3470,
64.09895174238105,94567,721,1245,3470,
64.10038734263267,94567,721,1244,3471,
64.10231733089296,94566,722,1244,3471,
64.10469313907738,94566,722,1243,3472,
64.10476400363892,94566,721,1244,3472,
64.10501391017868,94565,722,1244,3472,
64.11095673601456,94565,721,1245,3472,
64.11256523609305,94565,721,1244,3473,
64.11443260702973,94564,722,1244,3473,
64.11610080808195,94564,722,1243,3474,
64.11823070769772,94563,723,1243,3474,
64.1230821431651,94563,722,1244,3474,
64.13160732134928,94562,723,1244,3474,
64.13466018274381,94562,722,1245,3474,
64.13699424813773,94561,723,1245,3474,
64.1370615965121,94561,722,1246,3474,
64.13800097171585,94561,721,1247,3474,
64.14282990242903,94560,722,1247,3474,
64.14309698155304,94560,722,1246,3475,
64.14632236295284,94559,723,1246,3475,
64.15172590289151,94559,723,1245,3476,
64.1543944723627,94559,723,1244,3477,
64.1557585488828,94559,722,1245,3477,
64.15839518848584,94559,721,1246,3477,
64.1593926044385,94559,720,1247,3477,
64.16339940406374,94559,720,1246,3478,
64.16372537999368,94559,719,1247,3478,
64.16630235723329,94559,719,1246,3479,
64.16976750615382,94558,720,1246,3479,
64.17025895434563,94558,720,1245,3480,
64.17030085930162,94558,720,1244,3481,
64.17443692553485,94558,719,1245,3481,
64.17776257361305,94557,720,1245,3481,
64.18081543875694,94557,719,1246,3481,
64.18150953958505,94556,720,1246,3481,
64.18270461062032,94556,719,1247,3481,
64.1910343298709,94556,719,1246,3482,
64.19570956986944,94556,719,1245,3483,
64.19863364054294,94556,718,1246,3483,
64.19899598276689,94556,718,1245,3484,
64.19920016225234,94555,719,1245,3484,
64.20154935756607,94555,718,1246,3484,
64.20354478842427,94555,718,1245,3485,
64.2051227316779,94555,718,1244,3486,
64.20660595968178,94555,717,1245,3486,
64.20767049057974,94554,718,1245,3486,
64.20854141156417,94553,719,1245,3486,
64.2089244012956,94553,719,1244,3487,
64.21133985588496,94552,720,1244,3487,
64.21208819806594,94552,719,1245,3487,
64.21840896100962,94552,719,1244,3488,
64.22131713725275,94551,720,1244,3488,
64.22166051519052,94551,720,1243,3489,
64.22343542750899,94551,720,1242,3490,
64.22461150738914,94551,719,1243,3490,
64.22757551438514,94551,718,1244,3490,
64.2275887926084,94550,719,1244,3490,
64.23493151270225,94550,718,1245,3490,
64.23650979559227,94550,717,1246,3490,
64.23698793403767,94549,718,1246,3490,
64.23704275295623,94548,719,1246,3490,
64.24222401575173,94548,719,1245,3491,
64.2487892176648,94547,720,1245,3491,
64.24950539971891,94547,719,1246,3491,
64.25444044652605,94547,719,1245,3492,
64.25715018312737,94547,719,1244,3493,
64.25886556314343,94547,719,1243,3494,
64.265316089374,94547,719,1242,3495,
64.26651624435287,94547,718,1243,3495,
64.26662462080293,94546,719,1243,3495,
64.26788109414322,94546,719,1242,3496,
64.2726168794392,94545,720,1242,3496,
64.27564284256849,94545,719,1243,3496,
64.2764368527456,94544,720,1243,3496,
64.27743900506736,94543,721,1243,3496,
64.28327739520448,94543,721,1242,3497,
64.2854852872772,94543,721,1241,3498,
64.28620118718766,94542,722,1241,3498,
64.28837258882876,94541,723,1241,3498,
64.28966323572897,94541,722,1242,3498,
64.28983977109893,94541,722,1241,3499,
64.29228997495716,94541,721,1242,3499,
64.294706883378,94541,720,1243,3499,
64.29703119816168,94540,721,1243,3499,
64.29921631932066,94539,722,1243,3499,
64.29996407065316,94539,721,1244,3499,
64.30072950458015,94538,722,1244,3499,
64.30176606890299,94537,723,1244,3499,
64.30412853746566,94537,722,1245,3499,
64.30715328851598,94536,723,1245,3499,
64.30888793632302,94536,722,1246,3499,
64.30985476514915,94536,721,1247,3499,
64.31632224718658,94536,721,1246,3500,
64.31790237095187,94536,720,1247,3500,
64.31988121007156,94536,720,1246,3501,
64.32166090255649,94536,720,1245,3502,
64.32312766391945,94535,721,1245,3502,
64.32479889176167,94534,722,1245,3502,
64.32482346202818,94534,722,1244,3503,
64.33061247338065,94534,721,1245,3503,
64.33171639235123,94534,721,1244,3504,
64.3354208095106,94533,722,1244,3504,
64.33870700058182,94533,721,1245,3504,
64.3391091801352,94533,720,1246,3504,
64.33944895537408,94533,719,1247,3504,
64.34183693738701,94533,719,1246,3505,
64.34755582876062,94533,719,1245,3506,
64.34794927815192,94533,719,1244,3507,
64.34951321677343,94533,718,1245,3507,
64.34979750729204,94532,719,1245,3507,
64.35345608693169,94532,719,1244,3508,
64.35370288968201,94531,720,1244,3508,
64.3549955398071,94531,720,1243,3509,
64.35840509993163,94531,719,1244,3509,
64.35889039215542,94530,720,1244,3509,
64.35919356959381,94529,721,1244,3509,
64.36546632005539,94529,720,1245,3509,
64.36690687798423,94529,719,1246,3509,
64.37051236223412,94529,719,1245,3510,
64.37394850256379,94528,720,1245,3510,
64.37766152457665,94527,721,1245,3510,
64.37965620961393,94527,720,1246,3510,
64.38140366435124,94526,721,1246,3510,
64.38389376075206,94526,721,1245,3511,
64.38705713355104,94526,720,1246,3511,
64.39327802067388,94526,719,1247,3511,
64.39655697641372,94526,718,1248,3511,
64.3973809923962,94526,718,1247,3512,
64.3975571285285,94526,718,1246,3513,
64.3993119500487,94526,717,1247,3513,
64.39978541982536,94526,716,1248,3513,
64.4064515699173,94526,715,1249,3513,
64.41117168113863,94526,715,1248,3514,
64.41321404046207,94526,714,1249,3514,
64.41367077382333,94526,713,1250,3514,
64.41615621152374,94526,713,1249,3515,
64.42234312611254,94526,713,1248,3516,
64.42535504986162,94525,714,1248,3516,
64.42647963185972,94525,714,1247,3517,
64.42937072360075,94524,715,1247,3517,
64.43284837875426,94524,715,1246,3518,
64.43307042182832,94523,716,1246,3518,
64.43540042811202,94523,715,1247,3518,
64.44077877427817,94522,716,1247,3518,
64.44405169471305,94521,717,1247,3518,
64.44611921418638,94520,718,1247,3518,
64.44716458320465,94520,718,1246,3519,
64.44784528329889,94520,718,1245,3520,
64.4479768693213,94519,719,1245,3520,
64.44885111156327,94519,719,1244,3521,
64.44992551636683,94519,719,1243,3522,
64.45309759491495,94519,719,1242,3523,
64.45381819489077,94518,720,1242,3523,
64.45553054379018,94518,720,1241,3524,
64.45606907187415,94517,721,1241,3524,
64.4617577962398,94517,720,1242,3524,
64.470206224233,94517,720,1241,3525,
64.47071254968748,94517,720,1240,3526,
64.47106194089079,94517,720,1239,3527,
64.47182570037312,94517,720,1238,3528,
64.4724517476533,94517,719,1239,3528,
64.47419197851573,94517,719,1238,3529,
64.47691432450326,94517,719,1237,3530,
64.47711149467106,94517,719,1236,3531,
64.47971929440048,94517,719,1235,3532,
64.48545776890082,94517,719,1234,3533,
64.49424069981045,94517,719,1233,3534,
64.49529963260713,94517,719,1232,3535,
64.50304939481572,94517,719,1231,3536,
64.50684650954157,94517,718,1232,3536,
64.50908712876225,94517,718,1231,3537,
64.50981004802387,94517,718,1230,3538,
64.51190766799267,94517,718,1229,3539,
64.51646642746991,94516,719,1229,3539,
64.51977822079874,94516,719,1228,3540,
64.52410785729117,94516,719,1227,3541,
64.52595801776391,94515,720,1227,3541,
64.53009331526374,94514,721,1227,3541,
64.53087820793685,94514,720,1228,3541,
64.5343371355882,94514,720,1227,3542,
64.53636809626947,94514,720,1226,3543,
64.54005024387762,94514,720,1225,3544,
64.54265893203971,94514,720,1224,3545,
64.54575793238722,94513,721,1224,3545,
64.55177416835637,94513,720,1225,3545,
64.55541682296258,94513,720,1224,3546,
64.55956637366062,94513,719,1225,3546,
64.56151200792183,94512,720,1225,3546,
64.56205711800806,94512,719,1226,3546,
64.56217132642132,94512,719,1225,3547,
64.56495663910621,94511,720,1225,3547,
64.56676461190798,94511,720,1224,3548,
64.56700352779167,94510,721,1224,3548,
64.56738607526795,94510,720,1225,3548,
64.56817524083054,94510,719,1226,3548,
64.56841172126744,94509,720,1226,3548,
64.56922308978349,94509,719,1227,3548,
64.5744008595065,94508,720,1227,3548,
64.57590487081308,94508,720,1226,3549,
64.57701418388888,94508,720,1225,3550,
64.57972317444975,94507,721,1225,3550,
64.58036371578692,94507,721,1224,3551,
64.58179774086187,94507,721,1223,3552,
64.58723866644416,94506,722,1223,3552,
64.58811475630449,94506,721,1224,3552,
64.58833516832574,94506,720,1225,3552,
64.58914254143521,94506,719,1226,3552,
64.58979030080464,94506,719,1225,3553,
64.58990215673171,94506,718,1226,3553,
64.59129895878691,94506,718,1225,3554,
64.59177300716081,94505,719,1225,3554,
64.596900099797,94505,718,1226,3554,
64.60629830739549,94505,718,1225,3555,
64.60749596967725,94505,717,1226,3555,
64.6143593916488,94505,716,1227,3555,
64.62170888284547,94504,717,1227,3555,
64.62472447810042,94504,716,1228,3555,
64.62488013534015,94503,717,1228,3555,
64.62730216260228,94502,718,1228,3555,
64.62874459868786,94502,718,1227,3556,
64.62886603170578,94502,718,1226,3557,
64.62969504120633,94501,719,1226,3557,
64.6311448016137,94501,719,1225,3558,
64.6334649912136,94501,719,1224,3559,
64.63403966498899,94501,719,1223,3560,
64.63446988691157,94501,719,1222,3561,
64.6345032940533,94501,719,1221,3562,
64.63766570801138,94500,720,1221,3562,
64.64360644728121,94499,721,1221,3562,
64.6443371110071,94499,721,1220,3563,
64.64635528870294,94499,720,1221,3563,
64.64660519024254,94499,720,1220,3564,
64.65295231124293,94499,719,1221,3564,
64.65794982648441,94499,718,1222,3564,
64.65843777355843,94498,719,1222,3564,
64.65892578387194,94497,720,1222,3564,
64.66049963652546,94497,720,1221,3565,
64.662898428888,94497,720,1220,3566,
64.66373019966392,94496,721,1220,3566,
64.66475641923769,94496,721,1219,3567,
64.67275853159104,94495,722,1219,3567,
64.67622638281841,94494,723,1219,3567,
64.67854436309867,94494,722,1220,3567,
64.6813235052437,94494,721,1221,3567,
64.68229325004961,94494,721,1220,3568,
64.68366456864936,94494,720,1221,3568,
64.68507267552701,94494,720,1220,3569,
64.69030342047,94494,719,1221,3569,
64.6966176709937,94493,720,1221,3569,
64.6971935390988,94493,720,1220,3570,
64.69995268603772,94493,720,1219,3571,
64.70376646496335,94493,719,1220,3571,
64.70687968532133,94493,718,1221,3571,
64.7072875374947,94492,719,1221,3571,
64.70990835108888,94491,720,1221,3571,
64.71199520238319,94491,720,1220,3572,
64.71808082426003,94491,719,1221,3572,
64.71815784746708,94490,720,1221,3572,
64.71839674486486,94490,720,1220,3573,
64.7190790159566,94490,720,1219,3574,
64.7216209185062,94490,719,1220,3574,
64.7218065412358,94490,718,1221,3574,
64.72398691361357,94490,718,1220,3575,
64.72421308731978,94490,718,1219,3576,
64.726652252667,94489,719,1219,3576,
64.7333839540308,94489,718,1220,3576,
64.73832736011262,94488,719,1220,3576,
64.7397343234095,94487,720,1220,3576,
64.74073678661901,94487,719,1221,3576,
64.74165701305387,94487,718,1222,3576,
64.74496517398626,94486,719,1222,3576,
64.74609530981962,94485,720,1222,3576,
64.74873041678022,94485,719,1223,3576,
64.74957374491609,94485,718,1224,3576,
64.75507594554777,94485,717,1225,3576,
64.76311814178112,94484,718,1225,3576,
64.76415253530578,94483,719,1225,3576,
64.76574495983455,94483,718,1226,3576,
64.7671845377194,94483,717,1227,3576,
64.76798907751053,94482,718,1227,3576,
64.76842623971638,94482,717,1228,3576,
64.77083274162665,94482,716,1229,3576,
64.77137948500724,94481,717,1229,3576,
64.77257416587977,94481,717,1228,3577,
64.78654108502224,94481,717,1227,3578,
64.78711805380833,94480,718,1227,3578,
64.7890757578664,94480,717,1228,3578,
64.78978049824376,94480,716,1229,3578,
64.79887759645534,94480,715,1230,3578,
64.80302305208362,94479,716,1230,3578,
64.80642617324024,94478,717,1230,3578,
64.81097839426285,94477,718,1230,3578,
64.81176399786631,94477,717,1231,3578,
64.81463406508259,94477,717,1230,3579,
64.81702244709199,94477,716,1231,3579,
64.81988673675448,94477,715,1232,3579,
64.82115948570355,94477,715,1231,3580,
64.82508416060078,94477,715,1230,3581,
64.82965701965092,94477,714,1231,3581,
64.83269738502374,94477,713,1232,3581,
64.83643020119365,94477,713,1231,3582,
64.83822964903706,94476,714,1231,3582,
64.84535621297181,94476,714,1230,3583,
64.84692589700654,94476,714,1229,3584,
64.8517225762892,94476,714,1228,3585,
64.85398770444635,94476,714,1227,3586,
64.8544555535989,94476,714,1226,3587,
64.85600418058382,94476,713,1227,3587,
64.85810214773068,94476,712,1228,3587,
64.86230676020834,94476,712,1227,3588,
64.86272168790366,94476,711,1228,3588,
64.86531387022713,94475,712,1228,3588,
64.86961839376356,94475,711,1229,3588,
64.8708846085574,94475,710,1230,3588,
64.87118126851185,94474,711,1230,3588,
64.87265649732967,94474,711,1229,3589,
64.87781592857745,94474,710,1230,3589,
64.87934090878909,94474,710,1229,3590,
64.88721180095206,94473,711,1229,3590,
64.88733647050564,94472,712,1229,3590,
64.88759345671104,94472,711,1230,3590,
64.89094609026435,94471,712,1230,3590,
64.89463364846118,94471,712,1229,3591,
64.89620325525848,94470,713,1229,3591,
64.89718216010245,94470,712,1230,3591,
64.90021535671721,94469,713,1230,3591,
64.90169156109329,94469,713,1229,3592,
64.90304217911292,94469,712,1230,3592,
64.90405275582708,94468,713,1230,3592,
64.90559534523801,94467,714,1230,3592,
64.9071050127885,94467,714,1229,3593,
64.9072885433098,94467,713,1230,3593,
64.91095370210066,94467,712,1231,3593,
64.91764258115901,94467,712,1230,3594,
64.91958911490671,94467,712,1229,3595,
64.91987396774144,94467,712,1228,3596,
64.91991728292659,94467,712,1227,3597,
64.92093511248231,94467,712,1226,3598,
64.92156793765591,94466,713,1226,3598,
64.92264843447805,94466,713,1225,3599,
64.9228206668854,94466,713,1224,3600,
64.92348207918592,94466,712,1225,3600,
64.92514894242535,94465,713,1225,3600,
64.92674780672188,94465,713,1224,3601,
64.93191557854104,94465,712,1225,3601,
64.93243797362813,94465,712,1224,3602,
64.93374270077751,94464,713,1224,3602,
64.93675599752241,94464,713,1223,3603,
64.94149827976338,94464,713,1222,3604,
64.94531016549836,94464,712,1223,3604,
64.9460801268554,94464,712,1222,3605,
64.94866395749212,94464,712,1221,3606,
64.95993661050844,94463,713,1221,3606,
64.9614404633563,94463,712,1222,3606,
64.96208642136428,94462,713,1222,3606,
64.96216251352635,94462,712,1223,3606,
64.96302363499376,94461,713,1223,3606,
64.96335663094737,94461,713,1222,3607,
64.96652453232349,94460,714,1222,3607,
64.96677144136943,94460,714,1221,3608,
64.9691397998347,94459,715,1221,3608,
64.97084592068971,94459,715,1220,3609,
64.97341951062783,94459,714,1221,3609,
64.97655521635056,94459,714,1220,3610,
64.97868090544617,94459,713,1221,3610,
64.97991987437203,94459,713,1220,3611,
64.98010142827266,94459,712,1221,3611,
64.98077999090823,94458,713,1221,3611,
64.98760871828694,94458,712,1222,3611,
64.98982277754722,94458,712,1221,3612,
64.99330870632903,94458,712,1220,3613,
64.99738061215439,94457,713,1220,3613,
65.00013012892302,94456,714,1220,3613,
65.00429261846097,94456,713,1221,3613,
65.0074332335543,94455,714,1221,3613,
65.00860728823916,94454,715,1221,3613,
65.00866884987377,94454,715,1220,3614,
65.01302574234704,94454,715,1219,3615,
65.01470495962485,94454,714,1220,3615,
65.01588872527307,94454,713,1221,3615,
65.01606292511534,94453,714,1221,3615,
65.01777618705633,94453,714,1220,3616,
65.01862874219344,94453,713,1221,3616,
65.02452388830257,94453,713,1220,3617,
65.02581979154044,94452,714,1220,3617,
65.02702750101335,94452,714,1219,3618,
65.02810966520859,94451,715,1219,3618,
65.03121112178025,94450,716,1219,3618,
65.03258149058212,94450,716,1218,3619,
65.04758424770966,94450,716,1217,3620,
65.0509611627709,94450,716,1216,3621,
65.05217441904773,94450,716,1215,3622,
65.05393196151117,94449,717,1215,3622,
65.0564246488515,94448,718,1215,3622,
65.05886689453021,94448,717,1216,3622,
65.06556524423492,94448,717,1215,3623,
65.06734865852277,94448,717,1214,3624,
65.07442313502398,94447,718,1214,3624,
65.0785781522538,94446,719,1214,3624,
65.07941364340812,94445,720,1214,3624,
65.07942530403324,94445,720,1213,3625,
65.08029106931092,94445,719,1214,3625,
65.08119673708364,94445,719,1213,3626,
65.08240336074215,94445,719,1212,3627,
65.08599167962458,94445,719,1211,3628,
65.08984678925218,94445,718,1212,3628,
65.0934759921462,94445,717,1213,3628,
65.09758310079346,94445,716,1214,3628,
65.10011563712177,94445,716,1213,3629,
65.1006513468831,94445,715,1214,3629,
65.10077695243388,94445,714,1215,3629,
65.1040682895552,94445,714,1214,3630,
65.10434082507047,94444,715,1214,3630,
65.10546179682848,94444,715,1213,3631,
65.11282460772969,94443,716,1213,3631,
65.11316346610326,94442,717,1213,3631,
65.11504519158899,94442,717,1212,3632,
65.1188442588219,94442,716,1213,3632,
65.11894113012463,94442,715,1214,3632,
65.11939462750954,94441,716,1214,3632,
65.11946167162043,94441,715,1215,3632,
65.1201786664404,94441,714,1216,3632,
65.12177414499338,94441,713,1217,3632,
65.12225522823995,94441,712,1218,3632,
65.12760354928342,94441,711,1219,3632,
65.13175386632325,94441,711,1218,3633,
65.13185301716823,94440,712,1218,3633,
65.1326938667079,94440,712,1217,3634,
65.13841539943799,94440,712,1216,3635,
65.14122621195193,94440,712,1215,3636,
65.14403576775891,94440,712,1214,3637,
65.1444790226272,94440,711,1215,3637,
65.14661053855383,94439,712,1215,3637,
65.14898220268816,94439,711,1216,3637,
65.15154041157425,94439,711,1215,3638,
65.15171404791698,94439,711,1214,3639,
65.15302211781814,94438,712,1214,3639,
65.15406393501699,94438,711,1215,3639,
65.15662342372129,94438,710,1216,3639,
65.1570915611813,94438,709,1217,3639,
65.15751383538527,94438,708,1218,3639,
65.1613013315439,94438,708,1217,3640,
65.16239398069497,94437,709,1217,3640,
65.16458078738125,94437,708,1218,3640,
65.16576417210601,94436,709,1218,3640,
65.16586013755428,94435,710,1218,3640,
65.16652761365911,94434,711,1218,3640,
65.16719447543167,94434,711,1217,3641,
65.17480103720821,94434,711,1216,3642,
65.18349358146327,94434,710,1217,3642,
65.19449553044356,94433,711,1217,3642,
65.19482954829593,94433,710,1218,3642,
65.19504672694326,94433,710,1217,3643,
65.19650036567923,94432,711,1217,3643,
65.19817473828773,94432,710,1218,3643,
65.19954265634246,94432,710,1217,3644,
65.20611581460676,94432,709,1218,3644,
65.21111123174454,94432,708,1219,3644,
65.2121070698353,94432,708,1218,3645,
65.2157685803027,94432,707,1219,3645,
65.2227644605565,94432,706,1220,3645,
65.22542232273322,94432,705,1221,3645,
65.22555655359267,94432,705,1220,3646,
65.22753360164117,94431,706,1220,3646,
65.23404482107858,94431,705,1221,3646,
65.23833378802615,94430,706,1221,3646,
65.23906306798084,94430,705,1222,3646,
65.24513970750883,94430,704,1223,3646,
65.24578097707484,94430,703,1224,3646,
65.24668009015531,94430,702,1225,3646,
65.24743436134438,94430,701,1226,3646,
65.24902539417137,94430,701,1225,3647,
65.25301267085732,94429,702,1225,3647,
65.25610481026567,94429,701,1226,3647,
65.25693305514295,94429,700,1227,3647,
65.26235638167148,94429,700,1226,3648,
65.26304152622443,94428,701,1226,3648,
65.26407042278039,94427,702,1226,3648,
65.26466454658349,94427,702,1225,3649,
65.27204187953063,94426,703,1225,3649,
65.27352553189269,94426,702,1226,3649,
65.2805823037515,94426,701,1227,3649,
65.28531275459218,94426,701,1226,3650,
65.28678786033275,94426,700,1227,3650,
65.28773393926642,94426,700,1226,3651,
65.28774201069828,94426,700,1225,3652,
65.29470659213403,94426,699,1226,3652,
65.29703337954794,94426,698,1227,3652,
65.30049343871237,94425,699,1227,3652,
65.30096202596101,94425,698,1228,3652,
65.30749535657067,94425,698,1227,3653,
65.30829238515003,94425,698,1226,3654,
65.31480932367258,94424,699,1226,3654,
65.31589177758781,94424,698,1227,3654,
65.31772554622013,94424,698,1226,3655,
65.32220310525383,94424,698,1225,3656,
65.32278945919066,94423,699,1225,3656,
65.32365727377467,94423,699,1224,3657,
65.33286076067442,94423,699,1223,3658,
65.33402721913956,94423,699,1222,3659,
65.3349548462618,94423,698,1223,3659,
65.33576201416903,94423,698,1222,3660,
65.33753246897928,94423,697,1223,3660,
65.34065717013978,94423,696,1224,3660,
65.34068952662692,94423,696,1223,3661,
65.34210774850582,94423,695,1224,3661,
65.34425734104039,94423,695,1223,3662,
65.3443882026093,94423,695,1222,3663,
65.3509397277971,94423,695,1221,3664,
65.35114299550253,94422,696,1221,3664,
65.35129299716347,94422,695,1222,3664,
65.35291888469834,94422,695,1221,3665,
65.35396974405204,94422,695,1220,3666,
65.35611170944014,94422,695,1219,3667,
65.35757680048833,94422,694,1220,3667,
65.35965779915186,94422,694,1219,3668,
65.36227114459221,94422,693,1220,3668,
65.36609244456497,94422,693,1219,3669,
65.37505993016849,94421,694,1219,3669,
65.38647916506632,94421,694,1218,3670,
65.38683246368619,94421,694,1217,3671,
65.39005032992422,94421,694,1216,3672,
65.39237081902854,94421,694,1215,3673,
65.39415320439392,94421,694,1214,3674,
65.39532349219665,94421,694,1213,3675,
65.39623697111568,94420,695,1213,3675,
65.3990871091165,94420,694,1214,3675,
65.40398539279164,94419,695,1214,3675,
65.40443144712705,94418,696,1214,3675,
65.40478917032645,94417,697,1214,3675,
65.40501815674824,94417,696,1215,3675,
65.40592617618134,94416,697,1215,3675,
65.40776179338451,94416,697,1214,3676,
65.41725237458222,94416,696,1215,3676,
65.41998597313157,94416,696,1214,3677,
65.42014193300861,94415,697,1214,3677,
65.42300941654376,94414,698,1214,3677,
65.42674458765401,94414,698,1213,3678,
65.4335308593885,94414,698,1212,3679,
65.43544993481066,94414,697,1213,3679,
65.44122467980982,94414,697,1212,3680,
65.44176774620959,94414,697,1211,3681,
65.44267136286638,94414,696,1212,3681,
65.44379908570373,94413,697,1212,3681,
65.44650139977688,94412,698,1212,3681,
65.44743208748015,94412,697,1213,3681,
65.4475942658064,94412,697,1212,3682,
65.44824965154827,94412,696,1213,3682,
65.4543338823901,94412,696,1212,3683,
65.45552926271536,94411,697,1212,3683,
65.45658899902043,94411,696,1213,3683,
65.4623245731244,94411,695,1214,3683,
65.46775080293112,94411,694,1215,3683,
65.46879213776057,94411,693,1216,3683,
65.46910397983461,94411,693,1215,3684,
65.47266921738652,94411,693,1214,3685,
65.47567381322362,94411,693,1213,3686,
65.47683593577477,94410,694,1213,3686,
65.47849951205077,94409,695,1213,3686,
65.4788121567432,94409,694,1214,3686,
65.47891721163924,94409,694,1213,3687,
65.47980213380907,94409,694,1212,3688,
65.48079571111107,94408,695,1212,3688,
65.4862450951059,94407,696,1212,3688,
65.48870611699854,94407,695,1213,3688,
65.49422669008466,94407,694,1214,3688,
65.49424068900433,94407,693,1215,3688,
65.49698014428225,94407,693,1214,3689,
65.49707859410117,94406,694,1214,3689,
65.49845640275778,94406,694,1213,3690,
65.50217992743866,94405,695,1213,3690,
65.50281779057264,94404,696,1213,3690,
65.5030245718876,94404,695,1214,3690,
65.50312375398417,94404,694,1215,3690,
65.50363515428452,94403,695,1215,3690,
65.50544467104909,94403,695,1214,3691,
65.50606705485345,94403,695,1213,3692,
65.51163099195178,94402,696,1213,3692,
65.51243465247104,94401,697,1213,3692,
65.51273607141005,94401,697,1212,3693,
65.51809443847324,94401,696,1213,3693,
65.52003139816011,94401,695,1214,3693,
65.52119586661163,94401,694,1215,3693,
65.5226023071248,94400,695,1215,3693,
65.52549706530162,94400,695,1214,3694,
65.52591327520734,94399,696,1214,3694,
65.52621138106369,94398,697,1214,3694,
65.52814009469724,94398,696,1215,3694,
65.53064569445444,94397,697,1215,3694,
65.53242983487937,94397,697,1214,3695,
65.53650339398682,94397,697,1213,3696,
65.5471740274612,94397,697,1212,3697,
65.54804156699004,94397,696,1213,3697,
65.54923704219226,94396,697,1213,3697,
65.55033394067404,94396,697,1212,3698,
65.55165440305308,94396,697,1211,3699,
65.55683328720231,94396,696,1212,3699,
65.55830175457247,94395,697,1212,3699,
65.55875362817709,94394,698,1212,3699,
65.56575014646255,94394,697,1213,3699,
65.57074658189927,94393,698,1213,3699,
65.57357779878825,94393,697,1214,3699,
65.57636325666653,94392,698,1214,3699,
65.57706255491199,94391,699,1214,3699,
65.57872428302842,94391,699,1213,3700,
65.57896685266016,94390,700,1213,3700,
65.58884450356855,94390,699,1214,3700,
65.58913421443522,94390,699,1213,3701,
65.58938702771893,94390,698,1214,3701,
65.5928863079132,94390,697,1215,3701,
65.59325075008405,94390,696,1216,3701,
65.59985663932943,94389,697,1216,3701,
65.60089749147323,94389,697,1215,3702,
65.60181115395511,94388,698,1215,3702,
65.60709327299911,94388,697,1216,3702,
65.61144086808761,94387,698,1216,3702,
65.61419385755553,94387,698,1215,3703,
65.6212975982345,94387,698,1214,3704,
65.62619920503275,94386,699,1214,3704,
65.62730171453867,94385,700,1214,3704,
65.6329076837209,94385,700,1213,3705,
65.63624228389479,94384,701,1213,3705,
65.63724726024813,94383,702,1213,3705,
65.64242598417128,94383,702,1212,3706,
65.64317778169968,94383,702,1211,3707,
65.64366825921047,94383,701,1212,3707,
65.65180125144809,94382,702,1212,3707,
65.65250644906808,94382,701,1213,3707,
65.65252508801962,94382,701,1212,3708,
65.65304659697719,94381,702,1212,3708,
65.65397981611066,94381,701,1213,3708,
65.65580932724055,94381,700,1214,3708,
65.65713517818415,94380,701,1214,3708,
65.65725054530326,94380,701,1213,3709,
65.65911516239845,94380,700,1214,3709,
65.66627126322392,94380,700,1213,3710,
65.66740928284148,94380,699,1214,3710,
65.66745333851375,94380,699,1213,3711,
65.67002751637288,94380,698,1214,3711,
65.67061113244148,94380,698,1213,3712,
65.6731334991458,94380,697,1214,3712,
65.67506038491781,94380,697,1213,3713,
65.67715014108519,94379,698,1213,3713,
65.67758425513406,94378,699,1213,3713,
65.67986986644057,94377,700,1213,3713,
65.68076465601357,94377,699,1214,3713,
65.681082344371,94377,699,1213,3714,
65.68144455334487,94376,700,1213,3714,
65.68217875151385,94376,700,1212,3715,
65.68328952223123,94376,699,1213,3715,
65.68520211071214,94376,698,1214,3715,
65.68605968614142,94376,697,1215,3715,
65.68608465530346,94375,698,1215,3715,
65.69325215382165,94375,697,1216,3715,
65.69412705276612,94374,698,1216,3715,
65.70199331784815,94374,698,1215,3716,
65.70322177939535,94373,699,1215,3716,
65.71115046433287,94373,699,1214,3717,
65.71692854112666,94372,700,1214,3717,
65.71753290841252,94371,701,1214,3717,
65.71905057522869,94371,701,1213,3718,
65.71967952945431,94371,700,1214,3718,
65.72277700276179,94371,699,1215,3718,
65.72542679774816,94371,698,1216,3718,
65.72565776521756,94371,697,1217,3718,
65.72883512579814,94370,698,1217,3718,
65.72947160969935,94369,699,1217,3718,
65.73157673138559,94369,699,1216,3719,
65.73665235485974,94368,700,1216,3719,
65.73801732165414,94368,699,1217,3719,
65.74325525688556,94368,698,1218,3719,
65.74550844682997,94368,697,1219,3719,
65.74915364983956,94368,697,1218,3720,
65.74922305598675,94367,698,1218,3720,
65.74980586610062,94367,698,1217,3721,
65.75580888860745,94367,697,1218,3721,
65.75737066176335,94366,698,1218,3721,
65.7579716418015,94366,697,1219,3721,
65.76375198909074,94365,698,1219,3721,
65.76418137585186,94365,698,1218,3722,
65.7707434050067,94365,698,1217,3723,
65.77276485356961,94365,698,1216,3724,
65.77439921648589,94365,697,1217,3724,
65.77740830372235,94364,698,1217,3724,
65.78161215498088,94364,698,1216,3725,
65.782807512884,94364,697,1217,3725,
65.78561245944495,94364,696,1218,3725,
65.78810660073965,94364,695,1219,3725,
65.78842955262685,94364,695,1218,3726,
65.79421742812846,94363,696,1218,3726,
65.7967185492558,94363,696,1217,3727,
65.79853212845323,94363,695,1218,3727,
65.7985748794562,94362,696,1218,3727,
65.79957117613965,94362,696,1217,3728,
65.80072853844455,94361,697,1217,3728,
65.80165248020059,94360,698,1217,3728,
65.80175492928826,94360,698,1216,3729,
65.80414262393876,94360,697,1217,3729,
65.80712887823589,94360,697,1216,3730,
65.8097316264681,94360,696,1217,3730,
65.8155096508921,94359,697,1217,3730,
65.81664651592001,94359,696,1218,3730,
65.82005185333736,94358,697,1218,3730,
65.82477618346606,94358,696,1219,3730,
65.82588017655542,94358,695,1220,3730,
65.82636451266632,94358,694,1221,3730,
65.82696286516972,94358,693,1222,3730,
65.82978846204811,94358,692,1223,3730,
65.83347612961663,94358,691,1224,3730,
65.83355377699769,94358,691,1223,3731,
65.83365203981019,94358,691,1222,3732,
65.83610868033755,94358,691,1221,3733,
65.83627787351155,94357,692,1221,3733,
65.83881040258876,94357,691,1222,3733,
65.83925218510085,94357,690,1223,3733,
65.84071435040669,94357,690,1222,3734,
65.8510543485325,94357,689,1223,3734,
65.851339166872,94357,688,1224,3734,
65.85280576879578,94357,687,1225,3734,
65.85610122341272,94356,688,1225,3734,
65.85924886829095,94355,689,1225,3734,
65.86492223537299,94355,689,1224,3735,
65.86557913375685,94355,689,1223,3736,
65.86672847664666,94355,689,1222,3737,
65.87348393549459,94355,689,1221,3738,
65.87624907170128,94354,690,1221,3738,
65.87847114633902,94353,691,1221,3738,
65.87918777942933,94353,690,1222,3738,
65.88024777675213,94353,690,1221,3739,
65.88160765255738,94352,691,1221,3739,
65.88268130660165,94351,692,1221,3739,
65.88603923241497,94350,693,1221,3739,
65.89403406597202,94350,693,1220,3740,
65.89470405649699,94349,694,1220,3740,
65.89611468526341,94348,695,1220,3740,
65.89642442498614,94348,694,1221,3740,
65.9022239979015,94348,693,1222,3740,
65.90712613614896,94347,694,1222,3740,
65.90790687593488,94347,693,1223,3740,
65.90907704960543,94347,693,1222,3741,
65.90915855123271,94346,694,1222,3741,
65.9120764157363,94346,693,1223,3741,
65.91427580151368,94346,692,1224,3741,
65.91511087532199,94346,692,1223,3742,
65.91575410415369,94345,693,1223,3742,
65.9182137029297,94344,694,1223,3742,
65.92398861231547,94344,693,1224,3742,
65.92951198927484,94343,694,1224,3742,
65.9299040005639,94343,693,1225,3742,
65.93171620557484,94342,694,1225,3742,
65.93574913946696,94342,694,1224,3743,
65.94131446015312,94341,695,1224,3743,
65.94253782470832,94340,696,1224,3743,
65.942719745922,94340,695,1225,3743,
65.94743381267298,94340,694,1226,3743,
65.95555457006645,94340,693,1227,3743,
65.95599784388338,94340,692,1228,3743,
65.95893339477355,94339,693,1228,3743,
65.95893579005931,94339,693,1227,3744,
65.96205754867248,94338,694,1227,3744,
65.96343560336177,94338,694,1226,3745,
65.97006672855089,94338,693,1227,3745,
65.97108025349573,94337,694,1227,3745,
65.97221973886313,94337,693,1228,3745,
65.97331693958088,94337,692,1229,3745,
65.97509285145084,94337,691,1230,3745,
65.97828324253226,94336,692,1230,3745,
65.98205011331765,94335,693,1230,3745,
65.98709915623742,94335,692,1231,3745,
65.98712104618136,94334,693,1231,3745,
65.98839639252581,94333,694,1231,3745,
65.99336259010916,94333,693,1232,3745,
65.99603771176854,94333,692,1233,3745,
66.00205184497617,94333,692,1232,3746,
66.00262393644768,94332,693,1232,3746,
66.01608466375563,94331,694,1232,3746,
66.01665645406308,94330,695,1232,3746,
66.01800320025048,94330,695,1231,3747,
66.01863518840052,94329,696,1231,3747,
66.02125883144542,94329,696,1230,3748,
66.02152585988541,94328,697,1230,3748,
66.02306828471195,94328,696,1231,3748,
66.02532732135245,94327,697,1231,3748,
66.02841862537713,94327,696,1232,3748,
66.03043563313885,94326,697,1232,3748,
66.03137095279868,94326,697,1231,3749,
66.03266280978737,94326,697,1230,3750,
66.03275818856159,94325,698,1230,3750,
66.03783248829126,94325,698,1229,3751,
66.03874590668252,94325,698,1228,3752,
66.04090095629013,94325,698,1227,3753,
66.04364973158968,94325,697,1228,3753,
66.04695933174088,94325,696,1229,3753,
66.04914336707608,94325,695,1230,3753,
66.05000720514266,94325,695,1229,3754,
66.05261294679694,94325,695,1228,3755,
66.05385435645555,94325,695,1227,3756,
66.05396286249152,94325,695,1226,3757,
66.05868416487023,94324,696,1226,3757,
66.05989752157505,94324,695,1227,3757,
66.0631588121895,94323,696,1227,3757,
66.06408424558515,94322,697,1227,3757,
66.06628048396132,94322,696,1228,3757,
66.06738158261706,94321,697,1228,3757,
66.06880035741848,94321,697,1227,3758,
66.07006131103766,94321,697,1226,3759,
66.07483445821228,94321,696,1227,3759,
66.07504096028566,94321,695,1228,3759,
66.07748000407861,94321,695,1227,3760,
66.07809073250984,94321,695,1226,3761,
66.08076979584663,94321,694,1227,3761,
66.08203965375526,94321,693,1228,3761,
66.08615493174655,94321,692,1229,3761,
66.09373504753034,94321,691,1230,3761,
66.0944989372978,94321,691,1229,3762,
66.09467194224564,94321,690,1230,3762,
66.09551509430345,94321,689,1231,3762,
66.09908140942167,94321,689,1230,3763,
66.1026723198034,94321,688,1231,3763,
66.10653587598377,94321,687,1232,3763,
66.1073392900653,94321,686,1233,3763,
66.10934791263217,94321,685,1234,3763,
66.1112777832391,94321,685,1233,3764,
66.11328218062812,94320,686,1233,3764,
66.11478510408426,94320,685,1234,3764,
66.11485613641149,94320,684,1235,3764,
66.11772004241001,94320,683,1236,3764,
66.1188141471131,94320,682,1237,3764,
66.11979924568556,94320,681,1238,3764,
66.12244759582991,94320,681,1237,3765,
66.1251624546343,94319,682,1237,3765,
66.12571596331634,94319,681,1238,3765,
66.12658546858333,94319,680,1239,3765,
66.12960131674994,94319,680,1238,3766,
66.13121620959612,94319,679,1239,3766,
66.13202318470564,94318,680,1239,3766,
66.13219665213728,94318,679,1240,3766,
66.13381981335058,94318,678,1241,3766,
66.13386274515,94318,678,1240,3767,
66.13845735287023,94318,678,1239,3768,
66.13882817602958,94317,679,1239,3768,
66.14101578391626,94316,680,1239,3768,
66.14140334323461,94315,681,1239,3768,
66.14230755270542,94314,682,1239,3768,
66.1431206064236,94314,682,1238,3769,
66.1434667527665,94313,683,1238,3769,
66.14417390723881,94313,683,1237,3770,
66.14540132226318,94313,683,1236,3771,
66.14956250171433,94313,683,1235,3772,
66.1636783016517,94313,682,1236,3772,
66.1654416707825,94313,681,1237,3772,
66.16603742588204,94312,682,1237,3772,
66.16710615749315,94311,683,1237,3772,
66.17614552350734,94311,682,1238,3772,
66.17636813505369,94311,681,1239,3772,
66.17752711723521,94311,680,1240,3772,
66.1777507879083,94311,679,1241,3772,
66.18191854410972,94310,680,1241,3772,
66.18349033141324,94310,680,1240,3773,
66.18381314999024,94310,680,1239,3774,
66.1850764941269,94310,680,1238,3775,
66.18676687798083,94310,680,1237,3776,
66.18825961944803,94309,681,1237,3776,
66.1882870826605,94309,681,1236,3777,
66.1899613803027,94309,681,1235,3778,
66.19135461165081,94309,680,1236,3778,
66.1935171088216,94309,679,1237,3778,
66.19612073299011,94309,679,1236,3779,
66.19631915963848,94308,680,1236,3779,
66.20448496610368,94308,680,1235,3780,
66.20453366133958,94308,679,1236,3780,
66.20508214384023,94307,680,1236,3780,
66.2070956604983,94307,679,1237,3780,
66.20934803531695,94307,679,1236,3781,
66.21284241532842,94307,678,1237,3781,
66.21828130172439,94307,678,1236,3782,
66.22338586674984,94307,678,1235,3783,
66.22362905038817,94307,678,1234,3784,
66.22700242747628,94306,679,1234,3784,
66.22765909816665,94305,680,1234,3784,
66.22952294474634,94305,680,1233,3785,
66.23255203913075,94305,679,1234,3785,
66.23339306407162,94305,679,1233,3786,
66.23406084563058,94305,679,1232,3787,
66.23789310713259,94305,678,1233,3787,
66.23831076160137,94305,677,1234,3787,
66.24341751150033,94304,678,1234,3787,
66.2434590101759,94304,677,1235,3787,
66.25096645648048,94304,676,1236,3787,
66.25449047918453,94304,675,1237,3787,
66.25584349777185,94304,675,1236,3788,
66.25749000499067,94303,676,1236,3788,
66.26220481788842,94303,676,1235,3789,
66.26392209789853,94303,675,1236,3789,
66.26695449969276,94302,676,1236,3789,
66.27310404037881,94301,677,1236,3789,
66.2778003519475,94301,676,1237,3789,
66.28413790413767,94301,675,1238,3789,
66.28653468744348,94301,675,1237,3790,
66.28736590770463,94301,674,1238,3790,
66.28912027865121,94301,674,1237,3791,
66.29267724355358,94301,674,1236,3792,
66.29734522016379,94301,673,1237,3792,
66.30049431324879,94300,674,1237,3792,
66.30184308280023,94300,674,1236,3793,
66.3020344159571,94300,674,1235,3794,
66.30322315131599,94300,674,1234,3795,
66.30395610778153,94299,675,1234,3795,
66.30812695271364,94299,674,1235,3795,
66.31380404258005,94299,674,1234,3796,
66.3167960598463,94299,673,1235,3796,
66.31835682386236,94298,674,1235,3796,
66.32711847068931,94297,675,1235,3796,
66.32763387880046,94297,674,1236,3796,
66.3279166866521,94297,673,1237,3796,
66.3286578528668,94297,673,1236,3797,
66.33472795543518,94297,672,1237,3797,
66.33754120913653,94296,673,1237,3797,
66.34248337944217,94296,672,1238,3797,
66.34383164741101,94296,672,1237,3798,
66.35002239630964,94296,671,1238,3798,
66.35336816157479,94295,672,1238,3798,
66.35898107951388,94294,673,1238,3798,
66.36051621350498,94293,674,1238,3798,
66.36169618941544,94293,674,1237,3799,
66.36378693942817,94293,673,1238,3799,
66.36534433092226,94293,673,1237,3800,
66.3662551707486,94293,673,1236,3801,
66.3676105859103,94293,672,1237,3801,
66.36972691557284,94292,673,1237,3801,
66.37324713134001,94292,673,1236,3802,
66.37355500880152,94292,673,1235,3803,
66.37651078475155,94291,674,1235,3803,
66.3772905131072,94290,675,1235,3803,
66.382888455203,94289,676,1235,3803,
66.38296567056932,94288,677,1235,3803,
66.38329361780501,94288,677,1234,3804,
66.38520299680944,94288,676,1235,3804,
66.39262847334896,94288,675,1236,3804,
66.39587816541624,94287,676,1236,3804,
66.39843352263809,94287,675,1237,3804,
66.40084652736337,94286,676,1237,3804,
66.40742609550611,94286,676,1236,3805,
66.40743987451506,94286,676,1235,3806,
66.40911811998241,94286,676,1234,3807,
66.40919080978233,94286,675,1235,3807,
66.41333888315893,94286,674,1236,3807,
66.41708679420292,94286,673,1237,3807,
66.41814661761349,94286,673,1236,3808,
66.41950926091599,94286,673,1235,3809,
66.42257711346608,94286,673,1234,3810,
66.42899120775702,94286,673,1233,3811,
66.4323640193698,94286,673,1232,3812,
66.4324295766063,94286,672,1233,3812,
66.43503853500009,94286,672,1232,3813,
66.43594869886329,94285,673,1232,3813,
66.43609567168377,94285,673,1231,3814,
66.43676887712779,94285,673,1230,3815,
66.43863099296092,94285,673,1229,3816,
66.43945152136695,94284,674,1229,3816,
66.44301553403226,94284,674,1228,3817,
66.44554860622748,94284,674,1227,3818,
66.45305445670591,94284,674,1226,3819,
66.45884129882464,94284,673,1227,3819,
66.46226081421545,94284,673,1226,3820,
66.47011316295615,94283,674,1226,3820,
66.47024456940088,94283,673,1227,3820,
66.4719302131359,94282,674,1227,3820,
66.4722022422564,94282,674,1226,3821,
66.47889232748602,94282,673,1227,3821,
66.47920761560218,94282,672,1228,3821,
66.48026592128,94282,671,1229,3821,
66.486207582012,94281,672,1229,3821,
66.48716873038303,94281,672,1228,3822,
66.48785398155944,94280,673,1228,3822,
66.48901347404319,94280,673,1227,3823,
66.4899178453893,94280,673,1226,3824,
66.49670772105682,94280,673,1225,3825,
66.49696663938494,94279,674,1225,3825,
66.50470880682323,94278,675,1225,3825,
66.50787506525867,94278,675,1224,3826,
66.50852417317147,94278,675,1223,3827,
66.51008513185542,94278,675,1222,3828,
66.51081653202768,94278,674,1223,3828,
66.5124120576925,94278,673,1224,3828,
66.51537341353135,94278,672,1225,3828,
66.51759745124417,94278,671,1226,3828,
66.51913776309856,94278,671,1225,3829,
66.5192841585275,94278,671,1224,3830,
66.52178320603451,94278,670,1225,3830,
66.5229773061632,94278,669,1226,3830,
66.52442102793745,94278,669,1225,3831,
66.52711557635043,94278,669,1224,3832,
66.5307921083023,94278,669,1223,3833,
66.5377467096299,94278,669,1222,3834,
66.53902608986547,94277,670,1222,3834,
66.54026801237771,94277,670,1221,3835,
66.5411889125106,94277,670,1220,3836,
66.54212522216362,94276,671,1220,3836,
66.54493504258753,94275,672,1220,3836,
66.54596669019156,94275,671,1221,3836,
66.54767165140335,94274,672,1221,3836,
66.55065511698965,94274,672,1220,3837,
66.55414001140899,94273,673,1220,3837,
66.55787200028078,94273,673,1219,3838,
66.56106944460136,94273,673,1218,3839,
66.56463233399103,94273,672,1219,3839,
66.56479093929312,94273,672,1218,3840,
66.56544532616996,94273,672,1217,3841,
66.56556462145272,94272,673,1217,3841,
66.56947671143467,94272,673,1216,3842,
66.57354763992409,94272,673,1215,3843,
66.5759878285923,94272,672,1216,3843,
66.57714250703509,94272,672,1215,3844,
66.57830081696345,94272,672,1214,3845,
66.57932601625112,94272,672,1213,3846,
66.58944016962248,94272,671,1214,3846,
66.59174559658491,94271,672,1214,3846,
66.59857943190556,94271,672,1213,3847,
66.59920618749368,94271,672,1212,3848,
66.60040939386354,94271,672,1211,3849,
66.61328064467077,94270,673,1211,3849,
66.61493187111425,94270,673,1210,3850,
66.61727987365941,94270,673,1209,3851,
66.61820218509291,94270,673,1208,3852,
66.61867466233684,94270,673,1207,3853,
66.62164932583384,94269,674,1207,3853,
66.62529406688998,94269,673,1208,3853,
66.62967039261885,94268,674,1208,3853,
66.63747708168465,94267,675,1208,3853,
66.6520075793119,94267,675,1207,3854,
66.6551485791717,94266,676,1207,3854,
66.65535464069359,94266,676,1206,3855,
66.65646291495109,94266,676,1205,3856,
66.65765642793488,94266,675,1206,3856,
66.6658250124875,94266,674,1207,3856,
66.6659342938186,94265,675,1207,3856,
66.66601662386127,94265,675,1206,3857,
66.66692952677079,94265,674,1207,3857,
66.66945155491078,94265,674,1206,3858,
66.67015560873469,94264,675,1206,3858,
66.67091966505556,94264,675,1205,3859,
66.6745989036393,94263,676,1205,3859,
66.67663245328586,94263,676,1204,3860,
66.6783740920064,94263,675,1205,3860,
66.68192262060154,94263,674,1206,3860,
66.68306348860774,94263,673,1207,3860,
66.686098567902,94262,674,1207,3860,
66.69084802592064,94261,675,1207,3860,
66.69256858774743,94261,674,1208,3860,
66.6934451778611,94261,673,1209,3860,
66.6978532314433,94261,673,1208,3861,
66.70342831770652,94261,673,1207,3862,
66.71691697442579,94260,674,1207,3862,
66.71913740358121,94259,675,1207,3862,
66.7256615702691,94259,674,1208,3862,
66.72843697757587,94259,674,1207,3863,
66.72991328565386,94259,674,1206,3864,
66.73536661231472,94259,674,1205,3865,
66.73567956910816,94258,675,1205,3865,
66.73614096394333,94258,674,1206,3865,
66.73645876180238,94257,675,1206,3865,
66.73672310852763,94257,674,1207,3865,
66.73790561642919,94257,674,1206,3866,
66.74253609577194,94257,673,1207,3866,
66.74944906435434,94256,674,1207,3866,
66.75441529937403,94256,674,1206,3867,
66.75855427703252,94256,674,1205,3868,
66.7626062193417,94255,675,1205,3868,
66.7628782388336,94255,675,1204,3869,
66.76396217074048,94255,674,1205,3869,
66.76644614909709,94255,674,1204,3870,
66.76704936021945,94255,674,1203,3871,
66.77079673865103,94255,674,1202,3872,
66.7736136906676,94254,675,1202,3872,
66.77365703435842,94254,674,1203,3872,
66.7780841387615,94253,675,1203,3872,
66.77820508751009,94253,675,1202,3873,
66.77863456228476,94252,676,1202,3873,
66.78729523880968,94252,675,1203,3873,
66.78999258567617,94252,674,1204,3873,
66.79234024646956,94251,675,1204,3873,
66.79292622787983,94251,674,1205,3873,
66.79426133479359,94251,673,1206,3873,
66.79472839051424,94251,673,1205,3874,
66.79714328110488,94251,672,1206,3874,
66.7978657685562,94251,671,1207,3874,
66.8024128577534,94251,670,1208,3874,
66.80530371671362,94251,669,1209,3874,
66.80607617568923,94250,670,1209,3874,
66.80668828965999,94249,671,1209,3874,
66.81476669540105,94248,672,1209,3874,
66.81653779868806,94248,672,1208,3875,
66.82167546766387,94248,672,1207,3876,
66.82245091655649,94247,673,1207,3876,
66.82410216074642,94247,672,1208,3876,
66.83100419920176,94247,671,1209,3876,
66.8320589206483,94247,670,1210,3876,
66.83221988979899,94247,670,1209,3877,
66.83384637518847,94246,671,1209,3877,
66.83440465916583,94245,672,1209,3877,
66.83575452490155,94245,672,1208,3878,
66.83956708837795,94245,672,1207,3879,
66.84087704313662,94244,673,1207,3879,
66.84319530856284,94244,673,1206,3880,
66.84373064002244,94244,673,1205,3881,
66.84813307976006,94244,673,1204,3882,
66.85066055658979,94244,672,1205,3882,
66.8506693457209,94244,672,1204,3883,
66.85291322774489,94244,672,1203,3884,
66.85432093298455,94243,673,1203,3884,
66.85503385635803,94243,673,1202,3885,
66.85986605016464,94242,674,1202,3885,
66.86025346289331,94241,675,1202,3885,
66.86441938689785,94240,676,1202,3885,
66.86962173857776,94240,676,1201,3886,
66.873167391776,94239,677,1201,3886,
66.87587510252979,94239,677,1200,3887,
66.87663423981003,94238,678,1200,3887,
66.88167488543976,94237,679,1200,3887,
66.88227029040897,94237,679,1199,3888,
66.88428204725513,94236,680,1199,3888,
66.88770244392828,94235,681,1199,3888,
66.89129813265804,94235,680,1200,3888,
66.89379217448979,94235,680,1199,3889,
66.89489120743666,94235,680,1198,3890,
66.8952463243397,94235,680,1197,3891,
66.89682535444302,94235,679,1198,3891,
66.89766026610782,94235,679,1197,3892,
66.89959755435163,94235,678,1198,3892,
66.90008678274175,94235,678,1197,3893,
66.90089488656027,94235,677,1198,3893,
66.90123029677636,94235,676,1199,3893,
66.91097816851148,94235,675,1200,3893,
66.91116111922108,94234,676,1200,3893,
66.91484036811893,94234,675,1201,3893,
66.91594183903409,94234,675,1200,3894,
66.91815647522522,94233,676,1200,3894,
66.91850775848815,94232,677,1200,3894,
66.92014309902046,94231,678,1200,3894,
66.92260122757902,94231,677,1201,3894,
66.92332268445745,94231,677,1200,3895,
66.92480649390599,94230,678,1200,3895,
66.94134751913982,94230,677,1201,3895,
66.94151902417403,94230,677,1200,3896,
66.94296096862756,94230,676,1201,3896,
66.94313727156387,94229,677,1201,3896,
66.94906433767646,94229,676,1202,3896,
66.94957615524001,94229,675,1203,3896,
66.95085686153107,94229,675,1202,3897,
66.95149341116772,94229,675,1201,3898,
66.9545167457726,94229,674,1202,3898,
66.95765278151316,94229,673,1203,3898,
66.95798139256229,94229,673,1202,3899,
66.96489195736068,94229,672,1203,3899,
66.96578344716077,94228,673,1203,3899,
66.96660034779929,94228,673,1202,3900,
66.96821593218068,94228,673,1201,3901,
66.9727997964685,94228,673,1200,3902,
66.97694752195441,94228,673,1199,3903,
66.97728274099791,94228,672,1200,3903,
66.97730717207806,94228,672,1199,3904,
66.9839103528218,94228,671,1200,3904,
66.9856070149044,94228,671,1199,3905,
66.9892681785157,94228,670,1200,3905,
66.99136180791521,94227,671,1200,3905,
66.99586623044975,94227,671,1199,3906,
66.99851385406198,94226,672,1199,3906,
67.00637085033257,94225,673,1199,3906,
67.00705292152385,94225,673,1198,3907,
67.00819388367164,94224,674,1198,3907,
67.0086803376329,94223,675,1198,3907,
67.00950687619478,94223,675,1197,3908,
67.01198762346468,94223,675,1196,3909,
67.01223251304374,94222,676,1196,3909,
67.01432253351467,94222,676,1195,3910,
67.01830784883947,94221,677,1195,3910,
67.01890337829975,94221,676,1196,3910,
67.0189472808985,94221,676,1195,3911,
67.02010602819038,94221,676,1194,3912,
67.02431340614783,94221,675,1195,3912,
67.04095545584141,94221,675,1194,3913,
67.0433975764281,94220,676,1194,3913,
67.05003533782538,94220,676,1193,3914,
67.05042622783667,94220,676,1192,3915,
67.05204023716587,94219,677,1192,3915,
67.0522174160299,94219,676,1193,3915,
67.05330606735302,94219,676,1192,3916,
67.0546533893686,94218,677,1192,3916,
67.05868805132864,94218,676,1193,3916,
67.05963586219652,94218,676,1192,3917,
67.06032644006027,94218,675,1193,3917,
67.06148490606478,94217,676,1193,3917,
67.06982996573365,94217,675,1194,3917,
67.07103425547845,94217,675,1193,3918,
67.07400669731693,94216,676,1193,3918,
67.0823737339816,94216,675,1194,3918,
67.10311583514894,94215,676,1194,3918,
67.10456785318043,94214,677,1194,3918,
67.10740535372594,94214,676,1195,3918,
67.1128157159117,94214,675,1196,3918,
67.11355716303682,94213,676,1196,3918,
67.11688447147652,94213,675,1197,3918,
67.12087297807483,94212,676,1197,3918,
67.12093808901675,94212,676,1196,3919,
67.12445492563741,94211,677,1196,3919,
67.12746296143354,94211,676,1197,3919,
67.12862514723086,94211,676,1196,3920,
67.13293704648801,94211,676,1195,3921,
67.134085738854,94211,675,1196,3921,
67.13707996968407,94211,674,1197,3921,
67.14004381523648,94211,674,1196,3922,
67.14125912065073,94211,674,1195,3923,
67.14361996462435,94210,675,1195,3923,
67.14362137980744,94210,674,1196,3923,
67.15212366877785,94210,674,1195,3924,
67.1533941678695,94210,674,1194,3925,
67.15500533635758,94210,673,1195,3925,
67.15796142988506,94210,673,1194,3926,
67.16229740672509,94210,673,1193,3927,
67.16290082155591,94210,672,1194,3927,
67.16330879642842,94210,671,1195,3927,
67.16926780359074,94209,672,1195,3927,
67.16941909070931,94209,671,1196,3927,
67.17305666289249,94209,670,1197,3927,
67.17322201894832,94209,670,1196,3928,
67.17535266641215,94209,670,1195,3929,
67.1800685041106,94208,671,1195,3929,
67.18639843692435,94208,671,1194,3930,
67.19224273680196,94207,672,1194,3930,
67.19312322906033,94206,673,1194,3930,
67.19667908719079,94206,673,1193,3931,
67.19673480902776,94206,672,1194,3931,
67.19777448348734,94206,672,1193,3932,
67.1987669091115,94206,671,1194,3932,
67.20002542705168,94206,671,1193,3933,
67.20087689363748,94205,672,1193,3933,
67.20202728080999,94205,672,1192,3934,
67.20796176691881,94205,672,1191,3935,
67.21021393505586,94204,673,1191,3935,
67.21244543650641,94203,674,1191,3935,
67.2138262249948,94202,675,1191,3935,
67.21703143788169,94202,674,1192,3935,
67.22502854694031,94202,674,1191,3936,
67.22641714494904,94202,674,1190,3937,
67.22849047389003,94202,673,1191,3937,
67.23337033089558,94202,673,1190,3938,
67.23700833340732,94202,673,1189,3939,
67.24092982979514,94202,673,1188,3940,
67.24393128453707,94202,672,1189,3940,
67.25084400827579,94202,672,1188,3941,
67.2518976526033,94202,671,1189,3941,
67.25237114372817,94202,671,1188,3942,
67.25245002077281,94202,670,1189,3942,
67.25324042248259,94202,669,1190,3942,
67.25497522612754,94201,670,1190,3942,
67.26148467242325,94201,669,1191,3942,
67.27634037944188,94201,669,1190,3943,
67.27762704938566,94201,668,1191,3943,
67.27782098782,94201,667,1192,3943,
67.28226536878596,94201,667,1191,3944,
67.28242187872176,94200,668,1191,3944,
67.28708897627767,94200,668,1190,3945,
67.29865322034144,94200,667,1191,3945,
67.29990671620908,94200,666,1192,3945,
67.30445861019423,94200,665,1193,3945,
67.30601640204813,94199,666,1193,3945,
67.31165413726569,94198,667,1193,3945,
67.31179304470366,94197,668,1193,3945,
67.31535844428922,94197,668,1192,3946,
67.31971991735529,94197,668,1191,3947,
67.32045031421,94197,668,1190,3948,
67.32380658019922,94197,667,1191,3948,
67.32627569292242,94196,668,1191,3948,
67.32715178345371,94196,667,1192,3948,
67.3279023154065,94196,666,1193,3948,
67.32870845048056,94195,667,1193,3948,
67.33167777189496,94195,666,1194,3948,
67.33329992487614,94195,665,1195,3948,
67.33336599797417,94195,664,1196,3948,
67.3424297503482,94195,664,1195,3949,
67.34846934056084,94194,665,1195,3949,
67.34959732204473,94193,666,1195,3949,
67.35064731384207,94193,665,1196,3949,
67.35174127999319,94193,664,1197,3949,
67.36126849352594,94193,664,1196,3950,
67.36133006074888,94193,664,1195,3951,
67.3615201247648,94193,664,1194,3952,
67.36869620645498,94193,664,1193,3953,
67.37636812433377,94193,664,1192,3954,
67.37761190449743,94193,663,1193,3954,
67.38155843780041,94193,663,1192,3955,
67.38182883650009,94192,664,1192,3955,
67.38510957104856,94191,665,1192,3955,
67.389527325064,94190,666,1192,3955,
67.39596938268632,94189,667,1192,3955,
67.39950684357893,94189,666,1193,3955,
67.40331565008161,94189,666,1192,3956,
67.409699571076,94188,667,1192,3956,
67.41632744854914,94188,667,1191,3957,
67.42348111482792,94188,667,1190,3958,
67.42493340827707,94188,666,1191,3958,
67.42842906708536,94187,667,1191,3958,
67.43092971683973,94187,666,1192,3958,
67.43406141190356,94187,666,1191,3959,
67.43456685797707,94187,666,1190,3960,
67.43624670570496,94187,665,1191,3960,
67.43893591049724,94187,665,1190,3961,
67.44924297972125,94187,665,1189,3962,
67.45148487054344,94187,665,1188,3963,
67.46024717205815,94187,664,1189,3963,
67.46285516166515,94187,664,1188,3964,
67.46959730133916,94187,664,1187,3965,
67.4699646129836,94187,664,1186,3966,
67.4703449658557,94187,664,1185,3967,
67.47072813568695,94186,665,1185,3967,
67.47355073084611,94185,666,1185,3967,
67.47475557859902,94185,666,1184,3968,
67.47786439624026,94184,667,1184,3968,
67.47914297105075,94184,667,1183,3969,
67.48020003644021,94184,666,1184,3969,
67.48211949800381,94184,666,1183,3970,
67.48240092828432,94184,666,1182,3971,
67.48603508965991,94183,667,1182,3971,
67.48693105514833,94182,668,1182,3971,
67.4884190350373,94182,668,1181,3972,
67.48976159541289,94182,667,1182,3972,
67.49170785071388,94181,668,1182,3972,
67.49352798965666,94181,668,1181,3973,
67.49870660687384,94181,667,1182,3973,
67.49886032366118,94181,666,1183,3973,
67.49964675979851,94181,666,1182,3974,
67.50698861894583,94181,666,1181,3975,
67.50991185722546,94180,667,1181,3975,
67.51639569293832,94180,667,1180,3976,
67.51954230944727,94180,666,1181,3976,
67.5208365122842,94180,665,1182,3976,
67.5219693777038,94180,664,1183,3976,
67.52332642666379,94179,665,1183,3976,
67.52349177228326,94178,666,1183,3976,
67.52491875347214,94177,667,1183,3976,
67.52802440326872,94176,668,1183,3976,
67.52889595780275,94176,668,1182,3977,
67.52978982203614,94176,668,1181,3978,
67.53017637503487,94175,669,1181,3978,
67.53171717996162,94174,670,1181,3978,
67.53268465263262,94174,669,1182,3978,
67.53296417406193,94174,669,1181,3979,
67.53421458584953,94174,668,1182,3979,
67.53437575335956,94174,667,1183,3979,
67.53741354831206,94173,668,1183,3979,
67.53995321561649,94172,669,1183,3979,
67.5410667794241,94171,670,1183,3979,
67.5460773916877,94171,669,1184,3979,
67.54616243380812,94171,668,1185,3979,
67.54802559781353,94171,667,1186,3979,
67.54866668531459,94171,666,1187,3979,
67.5489632654679,94171,666,1186,3980,
67.55102402407579,94171,666,1185,3981,
67.55637106147745,94170,667,1185,3981,
67.55774275095851,94169,668,1185,3981,
67.55864152524049,94168,669,1185,3981,
67.55935414387768,94168,668,1186,3981,
67.56017854988596,94168,668,1185,3982,
67.56048175199606,94168,668,1184,3983,
67.56167380157973,94168,668,1183,3984,
67.56185782297787,94167,669,1183,3984,
67.56796297964466,94167,669,1182,3985,
67.57030596119364,94166,670,1182,3985,
67.57236510600397,94165,671,1182,3985,
67.5762085677286,94165,671,1181,3986,
67.57961315528547,94165,670,1182,3986,
67.58585508621732,94165,670,1181,3987,
67.58807291383602,94165,669,1182,3987,
67.59557847156891,94165,668,1183,3987,
67.59630520917386,94165,667,1184,3987,
67.59827905081549,94165,667,1183,3988,
67.60056636254097,94165,666,1184,3988,
67.60135826134825,94165,665,1185,3988,
67.60492679306495,94165,664,1186,3988,
67.6065374423313,94165,664,1185,3989,
67.60966684422303,94165,664,1184,3990,
67.61545982673209,94165,664,1183,3991,
67.61552083236364,94165,664,1182,3992,
67.62799330235732,94164,665,1182,3992,
67.62823248853267,94164,664,1183,3992,
67.6300667417483,94164,663,1184,3992,
67.63327902440822,94164,663,1183,3993,
67.63620084370028,94164,662,1184,3993,
67.64552090173586,94164,661,1185,3993,
67.64992174989376,94164,660,1186,3993,
67.65039500263924,94164,660,1185,3994,
67.65167555085058,94164,659,1186,3994,
67.65313526326692,94164,658,1187,3994,
67.65326604291667,94163,659,1187,3994,
67.6537405069332,94163,658,1188,3994,
67.65974467328299,94163,658,1187,3995,
67.66164546693075,94163,657,1188,3995,
67.66356783611715,94163,656,1189,3995,
67.66485241452732,94163,656,1188,3996,
67.66548455400809,94163,655,1189,3996,
67.66632872700994,94163,655,1188,3997,
67.66693730425905,94163,655,1187,3998,
67.67713665900067,94163,654,1188,3998,
67.67782208631635,94163,654,1187,3999,
67.67909325538335,94163,653,1188,3999,
67.68121902602567,94163,653,1187,4000,
67.68988632530619,94163,653,1186,4001,
67.69132068590665,94163,652,1187,4001,
67.69169389430357,94163,651,1188,4001,
67.69284330367397,94163,651,1187,4002,
67.69416601571203,94163,650,1188,4002,
67.69679366849009,94163,650,1187,4003,
67.70228691572584,94162,651,1187,4003,
67.70240844333665,94162,650,1188,4003,
67.70341818938057,94162,650,1187,4004,
67.70917741335157,94162,649,1188,4004,
67.71108971077281,94161,650,1188,4004,
67.71201995496071,94160,651,1188,4004,
67.71562213475305,94160,650,1189,4004,
67.72209531198125,94160,649,1190,4004,
67.72297656050989,94159,650,1190,4004,
67.72663027132111,94158,651,1190,4004,
67.72983451754472,94157,652,1190,4004,
67.73383589794864,94157,652,1189,4005,
67.73601371823469,94156,653,1189,4005,
67.74155556181134,94156,652,1190,4005,
67.74318870378349,94155,653,1190,4005,
67.74344528148491,94155,652,1191,4005,
67.7437766948823,94154,653,1191,4005,
67.74393208569576,94153,654,1191,4005,
67.74467656965663,94153,654,1190,4006,
67.74691961313664,94153,654,1189,4007,
67.74928992428326,94153,654,1188,4008,
67.75002653904258,94152,655,1188,4008,
67.75881207440597,94152,654,1189,4008,
67.7590863229322,94152,653,1190,4008,
67.76628357428056,94152,652,1191,4008,
67.76876686927572,94152,651,1192,4008,
67.76892025781788,94152,650,1193,4008,
67.76906097781952,94151,651,1193,4008,
67.77088873762365,94150,652,1193,4008,
67.77100126559944,94150,651,1194,4008,
67.77334282375001,94149,652,1194,4008,
67.77456670112731,94149,651,1195,4008,
67.7758089454731,94148,652,1195,4008,
67.78186153281631,94148,651,1196,4008,
67.7830641263262,94147,652,1196,4008,
67.78381580999044,94147,652,1195,4009,
67.78562485070134,94147,652,1194,4010,
67.7880716964341,94147,651,1195,4010,
67.78935242731158,94147,650,1196,4010,
67.78935771860165,94147,650,1195,4011,
67.79200829237541,94147,649,1196,4011,
67.79231701434031,94147,648,1197,4011,
67.79445348369995,94147,648,1196,4012,
67.79825009524116,94147,648,1195,4013,
67.8006629067931,94147,648,1194,4014,
67.8007524581995,94147,647,1195,4014,
67.80097295390112,94147,647,1194,4015,
67.80101050980362,94147,646,1195,4015,
67.80117677302107,94147,645,1196,4015,
67.80768557928816,94147,645,1195,4016,
67.80865381865247,94147,644,1196,4016,
67.81079605748529,94146,645,1196,4016,
67.81080158852484,94146,645,1195,4017,
67.81540064183272,94146,644,1196,4017,
67.81868303662303,94146,643,1197,4017,
67.82056506079864,94146,643,1196,4018,
67.82555163995258,94145,644,1196,4018,
67.82631795300777,94145,643,1197,4018,
67.82851659712256,94145,642,1198,4018,
67.83059680239192,94144,643,1198,4018,
67.83171208792044,94143,644,1198,4018,
67.83379449394937,94143,644,1197,4019,
67.83424213033247,94143,643,1198,4019,
67.83570702489911,94143,642,1199,4019,
67.8381530955763,94142,643,1199,4019,
67.84113379793196,94142,642,1200,4019,
67.84447369965943,94142,641,1201,4019,
67.84750347451248,94142,640,1202,4019,
67.85121122632937,94141,641,1202,4019,
67.85371408280338,94141,641,1201,4020,
67.85930397129,94141,640,1202,4020,
67.86148282455271,94141,639,1203,4020,
67.86164001929254,94141,638,1204,4020,
67.86202133878359,94140,639,1204,4020,
67.86341966166151,94140,639,1203,4021,
67.87153392043294,94140,639,1202,4022,
67.87232985891268,94140,639,1201,4023,
67.87238024672978,94140,638,1202,4023,
67.87870828269831,94140,637,1203,4023,
67.88056368421114,94139,638,1203,4023,
67.88187046679894,94138,639,1203,4023,
67.88286244167357,94137,640,1203,4023,
67.88342017437185,94136,641,1203,4023,
67.8871322216554,94136,640,1204,4023,
67.88792099856677,94136,639,1205,4023,
67.89010527999429,94136,638,1206,4023,
67.89063520419444,94135,639,1206,4023,
67.89204119614772,94135,638,1207,4023,
67.89324726582159,94135,638,1206,4024,
67.89477584066003,94134,639,1206,4024,
67.89498635656408,94134,639,1205,4025,
67.89522485609533,94134,639,1204,4026,
67.90004255702993,94134,639,1203,4027,
67.90304166432253,94134,638,1204,4027,
67.90713715323757,94134,637,1205,4027,
67.9122765305885,94134,636,1206,4027,
67.91285926334388,94133,637,1206,4027,
67.91351747567222,94133,637,1205,4028,
67.91806195336356,94133,637,1204,4029,
67.92038803684308,94132,638,1204,4029,
67.92220727856184,94132,637,1205,4029,
67.92318183082006,94132,636,1206,4029,
67.9241576253936,94132,636,1205,4030,
67.92717842579223,94132,635,1206,4030,
67.92828551901928,94132,634,1207,4030,
67.93351086874763,94132,633,1208,4030,
67.94120565136308,94132,633,1207,4031,
67.94486497396954,94132,633,1206,4032,
67.94651820155956,94132,632,1207,4032,
67.94704908297547,94131,633,1207,4032,
67.95833857790338,94130,634,1207,4032,
67.96155228068356,94130,633,1208,4032,
67.96434678141435,94130,633,1207,4033,
67.96776987985521,94129,634,1207,4033,
67.97583176750057,94129,634,1206,4034,
67.97639975412265,94129,633,1207,4034,
67.97896277209298,94129,632,1208,4034,
67.98139782735784,94129,631,1209,4034,
67.98411790643496,94129,631,1208,4035,
67.9865763562592,94128,632,1208,4035,
67.98861213428034,94128,631,1209,4035,
67.99345103306668,94128,631,1208,4036,
67.99408487310839,94128,631,1207,4037,
67.99522950894685,94128,631,1206,4038,
67.99579013560667,94128,631,1205,4039,
67.9991073676021,94128,631,1204,4040,
68.00334828944675,94128,630,1205,4040,
68.00500084961239,94128,630,1204,4041,
68.0052449424671,94128,630,1203,4042,
68.00559649820214,94127,631,1203,4042,
68.00605215452904,94127,631,1202,4043,
68.00870491318182,94127,631,1201,4044,
68.00959399888401,94127,631,1200,4045,
68.01202036147151,94127,630,1201,4045,
68.0156180976112,94126,631,1201,4045,
68.01640056141184,94125,632,1201,4045,
68.02136351313771,94124,633,1201,4045,
68.02656558429982,94124,632,1202,4045,
68.027331928418,94124,632,1201,4046,
68.03167842026028,94123,633,1201,4046,
68.03210178538615,94123,633,1200,4047,
68.03291227889734,94123,633,1199,4048,
68.03366950601914,94122,634,1199,4048,
68.03483675225795,94122,634,1198,4049,
68.03499273280457,94122,634,1197,4050,
68.03581815522139,94121,635,1197,4050,
68.03756675910327,94121,634,1198,4050,
68.03820448692002,94121,634,1197,4051,
68.05210972894209,94121,634,1196,4052,
68.05983282455603,94121,634,1195,4053,
68.06260709484454,94121,634,1194,4054,
68.06287832978686,94120,635,1194,4054,
68.06354627754952,94119,636,1194,4054,
68.0642607426189,94118,637,1194,4054,
68.06556449238053,94118,637,1193,4055,
68.06622920333844,94117,638,1193,4055,
68.07163096554977,94117,637,1194,4055,
68.07439399738527,94116,638,1194,4055,
68.0754391116984,94116,637,1195,4055,
68.07555612127297,94115,638,1195,4055,
68.07845638141995,94115,638,1194,4056,
68.08037010112272,94114,639,1194,4056,
68.08110787556593,94114,639,1193,4057,
68.0883584993958,94114,639,1192,4058,
68.08865859658238,94113,640,1192,4058,
68.08924858813523,94113,640,1191,4059,
68.08958491478435,94112,641,1191,4059,
68.09136921915369,94111,642,1191,4059,
68.0933418532802,94111,642,1190,4060,
68.09409613415335,94111,642,1189,4061,
68.09866763353983,94111,642,1188,4062,
68.09897551516968,94111,641,1189,4062,
68.09915014242023,94111,641,1188,4063,
68.10341478390939,94111,641,1187,4064,
68.10709967713268,94110,642,1187,4064,
68.11290039612628,94110,641,1188,4064,
68.11346802781108,94109,642,1188,4064,
68.11457360581362,94108,643,1188,4064,
68.11646814720504,94107,644,1188,4064,
68.11661359973249,94107,643,1189,4064,
68.12097806118382,94107,642,1190,4064,
68.12430053802187,94107,641,1191,4064,
68.12466921984193,94106,642,1191,4064,
68.12729650732422,94105,643,1191,4064,
68.13219382005673,94105,643,1190,4065,
68.13267844255651,94105,643,1189,4066,
68.13314640101714,94105,643,1188,4067,
68.1341101657301,94105,643,1187,4068,
68.13815157650859,94105,643,1186,4069,
68.13860452320056,94105,643,1185,4070,
68.14059826650931,94105,642,1186,4070,
68.14154839285189,94105,642,1185,4071,
68.14314764819622,94105,642,1184,4072,
68.14386219993791,94105,642,1183,4073,
68.14557693227695,94105,642,1182,4074,
68.14726715083637,94105,641,1183,4074,
68.15088343884176,94105,641,1182,4075,
68.15190164993263,94104,642,1182,4075,
68.15559553378189,94104,641,1183,4075,
68.16234780017301,94103,642,1183,4075,
68.16530155996844,94103,641,1184,4075,
68.16531827762358,94103,641,1183,4076,
68.16675310811289,94102,642,1183,4076,
68.16719157283025,94102,642,1182,4077,
68.17146676772347,94102,642,1181,4078,
68.17158502535412,94101,643,1181,4078,
68.17402491301222,94101,642,1182,4078,
68.17441192468377,94101,642,1181,4079,
68.17708343374859,94101,642,1180,4080,
68.17963480203399,94101,642,1179,4081,
68.18516998539,94101,641,1180,4081,
68.1888967540825,94101,640,1181,4081,
68.18931749355443,94100,641,1181,4081,
68.19146243178837,94100,640,1182,4081,
68.19303926986862,94100,639,1183,4081,
68.19893602815056,94100,639,1182,4082,
68.20357453041561,94100,638,1183,4082,
68.20432081972207,94099,639,1183,4082,
68.21763722905952,94099,638,1184,4082,
68.21829404475656,94099,637,1185,4082,
68.21843002319504,94099,637,1184,4083,
68.21944021081615,94099,637,1183,4084,
68.22164837475863,94099,637,1182,4085,
68.225995431278,94099,636,1183,4085,
68.22626257557233,94099,635,1184,4085,
68.2280133668681,94099,634,1185,4085,
68.22943002521347,94099,634,1184,4086,
68.23043189712477,94099,633,1185,4086,
68.23634114716992,94099,633,1184,4087,
68.23758903276693,94098,634,1184,4087,
68.23790064312814,94098,633,1185,4087,
68.23847116700065,94098,633,1184,4088,
68.24202559361377,94097,634,1184,4088,
68.24578131504553,94097,634,1183,4089,
68.25160403474102,94097,633,1184,4089,
68.25322444657908,94097,632,1185,4089,
68.25767864397389,94097,632,1184,4090,
68.25900378322432,94097,631,1185,4090,
68.25995454779803,94097,630,1186,4090,
68.2623847333465,94097,629,1187,4090,
68.26878636993342,94097,629,1186,4091,
68.26933513856784,94097,629,1185,4092,
68.27076093311526,94097,629,1184,4093,
68.27163225320723,94097,629,1183,4094,
68.27883711506351,94097,628,1184,4094,
68.28126149785197,94096,629,1184,4094,
68.2835949644417,94096,629,1183,4095,
68.28467126650926,94096,629,1182,4096,
68.28537880872449,94095,630,1182,4096,
68.28679025321972,94095,630,1181,4097,
68.28744668174902,94095,630,1180,4098,
68.2874580129041,94094,631,1180,4098,
68.29174837959414,94094,630,1181,4098,
68.30501290489197,94094,629,1182,4098,
68.30540376506264,94093,630,1182,4098,
68.3081819576885,94092,631,1182,4098,
68.31085321122977,94092,630,1183,4098,
68.32122528621329,94092,629,1184,4098,
68.32225590088146,94092,629,1183,4099,
68.32621170176405,94092,628,1184,4099,
68.32752398051757,94092,628,1183,4100,
68.33007131450029,94092,627,1184,4100,
68.33084426272049,94091,628,1184,4100,
68.33344579794888,94091,627,1185,4100,
68.33387928082216,94090,628,1185,4100,
68.3420483219675,94089,629,1185,4100,
68.34362418662984,94089,629,1184,4101,
68.34482757340459,94089,628,1185,4101,
68.34592787861226,94088,629,1185,4101,
68.3470047178526,94088,629,1184,4102,
68.34924876408957,94088,629,1183,4103,
68.35241655850857,94088,629,1182,4104,
68.35507195458973,94088,628,1183,4104,
68.35903624882822,94088,628,1182,4105,
68.36362008253377,94087,629,1182,4105,
68.36838845758611,94086,630,1182,4105,
68.36992349396203,94085,631,1182,4105,
68.37219908553986,94085,630,1183,4105,
68.37289139377278,94084,631,1183,4105,
68.37592267682155,94083,632,1183,4105,
68.38017023586602,94082,633,1183,4105,
68.38066255352196,94082,633,1182,4106,
68.38449814629939,94081,634,1182,4106,
68.3896595651513,94081,633,1183,4106,
68.39017481333998,94080,634,1183,4106,
68.39074928427536,94080,633,1184,4106,
68.39280439801857,94080,632,1185,4106,
68.3932653948577,94080,631,1186,4106,
68.39419396225193,94079,632,1186,4106,
68.39439211829632,94079,631,1187,4106,
68.39636018103019,94078,632,1187,4106,
68.39702081692327,94078,632,1186,4107,
68.39749242450222,94078,632,1185,4108,
68.40454481446142,94078,632,1184,4109,
68.40629550798492,94078,632,1183,4110,
68.4074136431783,94078,632,1182,4111,
68.40777788010057,94078,631,1183,4111,
68.41323329565347,94078,630,1184,4111,
68.41335796417664,94077,631,1184,4111,
68.41412543140112,94077,630,1185,4111,
68.41772685079772,94076,631,1185,4111,
68.42037225350545,94076,630,1186,4111,
68.42224561393556,94076,630,1185,4112,
68.42773407487266,94076,629,1186,4112,
68.4293521879209,94076,628,1187,4112,
68.43240397171468,94076,627,1188,4112,
68.43531191426287,94076,626,1189,4112,
68.43681454486723,94076,626,1188,4113,
68.4376651094786,94076,625,1189,4113,
68.44312283264597,94076,625,1188,4114,
68.44455942877967,94076,625,1187,4115,
68.44877007340142,94076,624,1188,4115,
68.45205544788175,94076,624,1187,4116,
68.45451218778851,94076,623,1188,4116,
68.45588538353866,94075,624,1188,4116,
68.45618298253294,94075,624,1187,4117,
68.46798921558639,94075,623,1188,4117,
68.47438261571796,94075,622,1189,4117,
68.47514350597008,94075,622,1188,4118,
68.48189308952327,94075,621,1189,4118,
68.48664294334324,94075,620,1190,4118,
68.48746889689676,94074,621,1190,4118,
68.48873005695438,94074,621,1189,4119,
68.49210088900332,94073,622,1189,4119,
68.49829466390106,94073,621,1190,4119,
68.50079654902387,94073,620,1191,4119,
68.50708287665637,94073,619,1192,4119,
68.50812793698292,94072,620,1192,4119,
68.51005278100467,94072,620,1191,4120,
68.51033216587541,94071,621,1191,4120,
68.51543992868038,94071,620,1192,4120,
68.5169593146808,94071,620,1191,4121,
68.51965804744816,94071,620,1190,4122,
68.51982755657609,94071,619,1191,4122,
68.52044581044481,94071,618,1192,4122,
68.52112238098682,94071,617,1193,4122,
68.52447106272223,94071,616,1194,4122,
68.52604173370037,94070,617,1194,4122,
68.52717050474476,94070,617,1193,4123,
68.52812813499783,94070,616,1194,4123,
68.5313800340994,94069,617,1194,4123,
68.53246070394908,94069,616,1195,4123,
68.5347035024643,94069,616,1194,4124,
68.53619815320309,94068,617,1194,4124,
68.5371588680871,94068,616,1195,4124,
68.53982226563596,94068,616,1194,4125,
68.54209285210428,94067,617,1194,4125,
68.55167670776964,94066,618,1194,4125,
68.55191445405272,94065,619,1194,4125,
68.55305316771266,94065,619,1193,4126,
68.5566004442903,94065,618,1194,4126,
68.55898584722001,94065,618,1193,4127,
68.55904139183568,94065,618,1192,4128,
68.56905862242397,94064,619,1192,4128,
68.5720053098774,94064,619,1191,4129,
68.57284974745625,94064,619,1190,4130,
68.57383042406754,94063,620,1190,4130,
68.57593970192818,94063,619,1191,4130,
68.57866930300158,94063,618,1192,4130,
68.57985775223267,94063,618,1191,4131,
68.58122894193906,94062,619,1191,4131,
68.58308298437238,94061,620,1191,4131,
68.58499558311067,94060,621,1191,4131,
68.58847261691359,94060,620,1192,4131,
68.59004603444241,94059,621,1192,4131,
68.59673351913213,94059,621,1191,4132,
68.60140608862159,94059,620,1192,4132,
68.60154583793516,94058,621,1192,4132,
68.60168120600332,94057,622,1192,4132,
68.60405366775984,94056,623,1192,4132,
68.61437828033573,94056,623,1191,4133,
68.61847035549694,94056,623,1190,4134,
68.62052112130282,94056,622,1191,4134,
68.62095341481239,94055,623,1191,4134,
68.62221791236402,94054,624,1191,4134,
68.62396493008035,94054,623,1192,4134,
68.63030069336047,94053,624,1192,4134,
68.63279776579274,94052,625,1192,4134,
68.63399629253857,94052,624,1193,4134,
68.63457643627339,94051,625,1193,4134,
68.63574906028444,94051,625,1192,4135,
68.63668748613559,94051,624,1193,4135,
68.63842241245013,94050,625,1193,4135,
68.63958866433165,94049,626,1193,4135,
68.64086149529622,94049,625,1194,4135,
68.6467323552142,94049,625,1193,4136,
68.64697307423984,94049,625,1192,4137,
68.65399257175247,94048,626,1192,4137,
68.65478514411045,94047,627,1192,4137,
68.65968824900149,94047,626,1193,4137,
68.66307191429439,94047,626,1192,4138,
68.67143103633694,94047,625,1193,4138,
68.67299193578465,94046,626,1193,4138,
68.67373671614777,94046,626,1192,4139,
68.6764319805686,94045,627,1192,4139,
68.67832916771391,94044,628,1192,4139,
68.68220507557149,94044,627,1193,4139,
68.68328389884611,94044,627,1192,4140,
68.68492485955613,94044,627,1191,4141,
68.68505007032155,94044,627,1190,4142,
68.68877840198056,94044,626,1191,4142,
68.69232807034304,94043,627,1191,4142,
68.69423934800241,94043,626,1192,4142,
68.69966565681828,94042,627,1192,4142,
68.70166472924569,94041,628,1192,4142,
68.70197976053815,94041,628,1191,4143,
68.70285323501747,94041,628,1190,4144,
68.70522120734452,94041,628,1189,4145,
68.70599236142232,94040,629,1189,4145,
68.70797048755352,94039,630,1189,4145,
68.7139980892224,94038,631,1189,4145,
68.7210673710627,94038,630,1190,4145,
68.72331494385533,94038,630,1189,4146,
68.72437890374115,94038,630,1188,4147,
68.72500251785009,94038,630,1187,4148,
68.72586521570274,94037,631,1187,4148,
68.72776122486223,94037,630,1188,4148,
68.73038146153274,94037,629,1189,4148,
68.73326670483611,94037,629,1188,4149,
68.7336449927756,94036,630,1188,4149,
68.7367674033478,94036,630,1187,4150,
68.7392359252668,94036,629,1188,4150,
68.74042675688825,94036,629,1187,4151,
68.74246268115284,94035,630,1187,4151,
68.74415799409118,94035,629,1188,4151,
68.74521306046182,94035,629,1187,4152,
68.7472284205763,94035,628,1188,4152,
68.75245495176955,94035,627,1189,4152,
68.75275863107856,94035,627,1188,4153,
68.75726826052089,94034,628,1188,4153,
68.76040429190502,94033,629,1188,4153,
68.76046177110089,94032,630,1188,4153,
68.76155095155066,94031,631,1188,4153,
68.76689674381831,94030,632,1188,4153,
68.76793372957434,94030,631,1189,4153,
68.77121124315207,94029,632,1189,4153,
68.7719614109307,94029,632,1188,4154,
68.77258186491345,94029,631,1189,4154,
68.77401518265322,94028,632,1189,4154,
68.77550598524218,94027,633,1189,4154,
68.77715343741889,94026,634,1189,4154,
68.7781063372752,94025,635,1189,4154,
68.78283609667295,94024,636,1189,4154,
68.78809918193205,94024,636,1188,4155,
68.78927419502685,94024,636,1187,4156,
68.79040558731319,94024,635,1188,4156,
68.79303143208111,94024,634,1189,4156,
68.7945380438166,94024,634,1188,4157,
68.7958722469971,94024,633,1189,4157,
68.79717863686966,94024,633,1188,4158,
68.79989472113118,94024,633,1187,4159,
68.80227554331725,94024,633,1186,4160,
68.80526693404302,94023,634,1186,4160,
68.80687633370266,94023,634,1185,4161,
68.80716669986936,94023,634,1184,4162,
68.81159996146751,94023,634,1183,4163,
68.81426235469651,94023,634,1182,4164,
68.81520588887534,94023,634,1181,4165,
68.81664436546627,94023,634,1180,4166,
68.82107627909346,94023,633,1181,4166,
68.82665951823513,94022,634,1181,4166,
68.82969469937836,94022,633,1182,4166,
68.84068522158228,94021,634,1182,4166,
68.8491580026811,94020,635,1182,4166,
68.8541038070995,94020,635,1181,4167,
68.8641531551275,94020,635,1180,4168,
68.86710527786946,94020,635,1179,4169,
68.87164397433821,94019,636,1179,4169,
68.87255989859148,94019,636,1178,4170,
68.87624087556874,94019,635,1179,4170,
68.87764585098392,94018,636,1179,4170,
68.87802399964154,94018,635,1180,4170,
68.87869587308438,94017,636,1180,4170,
68.88098998998538,94016,637,1180,4170,
68.8845565182495,94016,637,1179,4171,
68.89295145206127,94016,636,1180,4171,
68.89456689415371,94015,637,1180,4171,
68.89930595670398,94014,638,1180,4171,
68.90006230415108,94013,639,1180,4171,
68.9012735569446,94013,638,1181,4171,
68.90219270494728,94013,637,1182,4171,
68.90436189567285,94012,638,1182,4171,
68.90704046439573,94011,639,1182,4171,
68.908559642297,94011,639,1181,4172,
68.91003944306682,94011,639,1180,4173,
68.91032956437769,94011,639,1179,4174,
68.9151698379175,94011,639,1178,4175,
68.92043652804956,94011,639,1177,4176,
68.92088041728121,94011,639,1176,4177,
68.92164852163984,94010,640,1176,4177,
68.92661129696955,94010,640,1175,4178,
68.92734363515098,94010,639,1176,4178,
68.92754870995908,94009,640,1176,4178,
68.9287860604976,94009,639,1177,4178,
68.93417844614937,94009,639,1176,4179,
68.93472194696986,94009,639,1175,4180,
68.93510819471946,94008,640,1175,4180,
68.93719948519038,94008,639,1176,4180,
68.93764698263249,94008,639,1175,4181,
68.94008278085775,94008,638,1176,4181,
68.9419858194333,94007,639,1176,4181,
68.94777532432676,94006,640,1176,4181,
68.94956881904164,94006,639,1177,4181,
68.95176107205315,94005,640,1177,4181,
68.95332270793291,94005,640,1176,4182,
68.95462687770066,94005,640,1175,4183,
68.95651325851262,94005,639,1176,4183,
68.9575869920625,94005,639,1175,4184,
68.96382852669545,94005,639,1174,4185,
68.96700213942133,94005,639,1173,4186,
68.96709461195573,94004,640,1173,4186,
68.96722177688345,94004,639,1174,4186,
68.96840109067416,94004,639,1173,4187,
68.97437928520564,94004,638,1174,4187,
68.98008909661709,94004,637,1175,4187,
68.98517874692766,94004,636,1176,4187,
68.98577451105365,94004,635,1177,4187,
68.99498389005649,94004,634,1178,4187,
69.00231911353517,94004,633,1179,4187,
69.01119815873017,94004,632,1180,4187,
69.01426499684737,94003,633,1180,4187,
69.01440876119244,94003,633,1179,4188,
69.01520216933814,94003,632,1180,4188,
69.01569925471173,94003,632,1179,4189,
69.01616733277072,94003,631,1180,4189,
69.01630241607482,94002,632,1180,4189,
69.01823188116894,94002,631,1181,4189,
69.02514497134847,94001,632,1181,4189,
69.02969166185028,94001,632,1180,4190,
69.03038815679047,94001,631,1181,4190,
69.03084166905269,94001,631,1180,4191,
69.03408351559659,94000,632,1180,4191,
69.03460797726996,94000,632,1179,4192,
69.03719914601363,94000,631,1180,4192,
69.03735981318405,93999,632,1180,4192,
69.03817953366928,93998,633,1180,4192,
69.03862876779588,93997,634,1180,4192,
69.04400903090627,93997,634,1179,4193,
69.04627561562035,93996,635,1179,4193,
69.0463146780211,93996,634,1180,4193,
69.04801472297504,93996,633,1181,4193,
69.04834157461777,93995,634,1181,4193,
69.04840800954413,93995,634,1180,4194,
69.05100022644831,93995,634,1179,4195,
69.05186598364092,93995,633,1180,4195,
69.05201948720003,93995,632,1181,4195,
69.05294772692335,93995,632,1180,4196,
69.05358896132743,93995,632,1179,4197,
69.05360403662553,93994,633,1179,4197,
69.05508908878578,93994,633,1178,4198,
69.05513472619886,93993,634,1178,4198,
69.06077663423633,93993,633,1179,4198,
69.06258858675363,93993,633,1178,4199,
69.06346623915238,93993,633,1177,4200,
69.06392415307873,93993,633,1176,4201,
69.06984373946676,93993,632,1177,4201,
69.07014676718842,93992,633,1177,4201,
69.07553861442646,93992,632,1178,4201,
69.07782940395923,93992,632,1177,4202,
69.0834339367027,93991,633,1177,4202,
69.0837939169431,93991,632,1178,4202,
69.08503387640914,93991,631,1179,4202,
69.08733617686943,93990,632,1179,4202,
69.08914708493614,93989,633,1179,4202,
69.09038636301611,93989,633,1178,4203,
69.09979209916251,93989,633,1177,4204,
69.10109170147706,93989,632,1178,4204,
69.10492098402545,93989,631,1179,4204,
69.10533641216489,93989,630,1180,4204,
69.10551717918442,93989,630,1179,4205,
69.10916756777277,93989,629,1180,4205,
69.11234956842628,93989,628,1181,4205,
69.11452489966346,93989,627,1182,4205,
69.11549004941051,93989,626,1183,4205,
69.11716520973211,93988,627,1183,4205,
69.12369830262571,93988,627,1182,4206,
69.12445428545125,93987,628,1182,4206,
69.12489166477701,93986,629,1182,4206,
69.13233041821356,93986,628,1183,4206,
69.13399454653673,93986,628,1182,4207,
69.135486504141,93986,627,1183,4207,
69.14169367951249,93985,628,1183,4207,
69.14204253870597,93984,629,1183,4207,
69.14446123334423,93984,628,1184,4207,
69.14520777441888,93983,629,1184,4207,
69.14581212406401,93983,629,1183,4208,
69.14610591382159,93983,628,1184,4208,
69.147067062905,93983,627,1185,4208,
69.15015316851105,93983,627,1184,4209,
69.15143385305278,93983,626,1185,4209,
69.15177584570041,93983,626,1184,4210,
69.15262792704812,93983,626,1183,4211,
69.15275104440379,93982,627,1183,4211,
69.15333276712377,93982,626,1184,4211,
69.15953085336446,93981,627,1184,4211,
69.15961218106266,93981,626,1185,4211,
69.16132746573712,93981,626,1184,4212,
69.16256341099793,93981,625,1185,4212,
69.1646552038449,93981,624,1186,4212,
69.16473154288579,93981,624,1185,4213,
69.16486914265604,93981,624,1184,4214,
69.16488687140816,93981,624,1183,4215,
69.17658894121902,93980,625,1183,4215,
69.1858983543553,93980,625,1182,4216,
69.18852385701115,93980,624,1183,4216,
69.19586917132524,93980,624,1182,4217,
69.19710641952464,93979,625,1182,4217,
69.19828529619502,93979,624,1183,4217,
69.20200564800444,93978,625,1183,4217,
69.20354599017335,93978,625,1182,4218,
69.20461796896885,93978,625,1181,4219,
69.21161111629185,93977,626,1181,4219,
69.21395621141032,93977,625,1182,4219,
69.21558219337763,93976,626,1182,4219,
69.2175451264284,93976,625,1183,4219,
69.22407943486235,93976,625,1182,4220,
69.23029947366255,93976,624,1183,4220,
69.23065540158798,93976,624,1182,4221,
69.2336535569823,93976,624,1181,4222,
69.23477805527813,93976,624,1180,4223,
69.24114794155743,93976,623,1181,4223,
69.24182878795376,93975,624,1181,4223,
69.24706621927976,93975,624,1180,4224,
69.24864805114629,93975,623,1181,4224,
69.24956151686371,93974,624,1181,4224,
69.25144946302478,93974,623,1182,4224,
69.25363837591132,93973,624,1182,4224,
69.25433324554231,93973,624,1181,4225,
69.25463180668889,93972,625,1181,4225,
69.2571736260738,93972,624,1182,4225,
69.2614930453176,93971,625,1182,4225,
69.26376268194136,93970,626,1182,4225,
69.26964649949142,93969,627,1182,4225,
69.2706003026521,93969,627,1181,4226,
69.27104325527961,93969,627,1180,4227,
69.27228869501724,93969,626,1181,4227,
69.27811771747021,93969,626,1180,4228,
69.27876493552843,93969,626,1179,4229,
69.28066604781364,93968,627,1179,4229,
69.28246450236615,93968,626,1180,4229,
69.28475667331605,93967,627,1180,4229,
69.28505339272607,93967,627,1179,4230,
69.28517931956559,93967,627,1178,4231,
69.28619984394118,93967,627,1177,4232,
69.28772305319009,93967,627,1176,4233,
69.28853562683652,93966,628,1176,4233,
69.29706437711658,93965,629,1176,4233,
69.29822111965328,93964,630,1176,4233,
69.29998036664134,93964,629,1177,4233,
69.30029984210125,93963,630,1177,4233,
69.30195557455744,93963,630,1176,4234,
69.30564601936386,93963,630,1175,4235,
69.3065921600709,93962,631,1175,4235,
69.3068696119204,93962,630,1176,4235,
69.31027613052161,93962,629,1177,4235,
69.310332872613,93962,629,1176,4236,
69.31358966962117,93962,629,1175,4237,
69.31397048504877,93962,629,1174,4238,
69.31459594879081,93962,629,1173,4239,
69.31666342567141,93962,629,1172,4240,
69.3209468752358,93962,629,1171,4241,
69.32507052277222,93962,629,1170,4242,
69.32729641194742,93962,628,1171,4242,
69.33043304933531,93962,627,1172,4242,
69.33248795348095,93962,626,1173,4242,
69.3339430272386,93962,626,1172,4243,
69.33580344933563,93961,627,1172,4243,
69.3364150047873,93960,628,1172,4243,
69.33668374357822,93959,629,1172,4243,
69.33723803570243,93959,628,1173,4243,
69.3381975311841,93959,627,1174,4243,
69.33843569634892,93958,628,1174,4243,
69.33954963018306,93958,628,1173,4244,
69.34062389564703,93958,628,1172,4245,
69.34138749290784,93958,627,1173,4245,
69.34188871891865,93957,628,1173,4245,
69.3433992664572,93957,628,1172,4246,
69.34443753686622,93957,628,1171,4247,
69.3484599622641,93957,627,1172,4247,
69.35093200203471,93957,626,1173,4247,
69.35223916493595,93957,626,1172,4248,
69.35612700433792,93957,626,1171,4249,
69.35663539590796,93957,625,1172,4249,
69.35689683923125,93957,624,1173,4249,
69.36704790970826,93957,623,1174,4249,
69.36793979930525,93957,623,1173,4250,
69.37193320702002,93957,623,1172,4251,
69.3739283520325,93956,624,1172,4251,
69.37405776719166,93956,623,1173,4251,
69.37433772306377,93955,624,1173,4251,
69.37713333280212,93955,623,1174,4251,
69.38198627054926,93955,622,1175,4251,
69.38415588150775,93955,621,1176,4251,
69.3852384473018,93954,622,1176,4251,
69.38998336132043,93954,621,1177,4251,
69.39151779953104,93953,622,1177,4251,
69.3954624894167,93953,621,1178,4251,
69.39897775522257,93952,622,1178,4251,
69.40068198967371,93951,623,1178,4251,
69.40134637194919,93951,622,1179,4251,
69.40201549640445,93950,623,1179,4251,
69.4020223243673,93949,624,1179,4251,
69.40288683938019,93949,624,1178,4252,
69.40609708742114,93949,623,1179,4252,
69.40640118820278,93949,622,1180,4252,
69.40781339036229,93949,621,1181,4252,
69.40868327725224,93949,621,1180,4253,
69.41201430902129,93949,620,1181,4253,
69.41385860566268,93948,621,1181,4253,
69.41405009665148,93947,622,1181,4253,
69.41600976099328,93947,622,1180,4254,
69.41602788018113,93947,621,1181,4254,
69.41625522147316,93947,621,1180,4255,
69.41780865840677,93946,622,1180,4255,
69.41814232889027,93945,623,1180,4255,
69.42416231968951,93945,623,1179,4256,
69.42824903491693,93945,622,1180,4256,
69.4314975980031,93945,622,1179,4257,
69.43379071814587,93945,621,1180,4257,
69.43586202562722,93945,621,1179,4258,
69.44290834267676,93944,622,1179,4258,
69.44510252214144,93943,623,1179,4258,
69.44597139225763,93943,622,1180,4258,
69.4489832266672,93943,622,1179,4259,
69.45031515284533,93943,621,1180,4259,
69.45475051993279,93943,621,1179,4260,
69.45749511502265,93943,621,1178,4261,
69.4586267866151,93943,621,1177,4262,
69.45876521653773,93942,622,1177,4262,
69.45926114658691,93942,621,1178,4262,
69.46199264921157,93942,621,1177,4263,
69.46221930576735,93941,622,1177,4263,
69.46261658531628,93941,621,1178,4263,
69.46842909741049,93941,621,1177,4264,
69.47039210769782,93941,621,1176,4265,
69.47203045367058,93941,620,1177,4265,
69.4721459954838,93940,621,1177,4265,
69.4723250440703,93940,621,1176,4266,
69.47516997292018,93939,622,1176,4266,
69.47531395976117,93939,622,1175,4267,
69.47608309507655,93938,623,1175,4267,
69.47762680340679,93937,624,1175,4267,
69.47785107517036,93936,625,1175,4267,
69.4847277655447,93936,625,1174,4268,
69.48751606646888,93936,624,1175,4268,
69.48840901565438,93936,624,1174,4269,
69.48844688370455,93936,623,1175,4269,
69.49044481691823,93936,623,1174,4270,
69.49307458612736,93935,624,1174,4270,
69.49365503883818,93935,624,1173,4271,
69.49648164717493,93935,623,1174,4271,
69.49921314995035,93935,622,1175,4271,
69.5009838178876,93935,622,1174,4272,
69.50280459746591,93935,622,1173,4273,
69.50289183631159,93935,621,1174,4273,
69.50559171712004,93935,620,1175,4273,
69.50654053486012,93935,619,1176,4273,
69.50989039352677,93935,618,1177,4273,
69.51479104057196,93934,619,1177,4273,
69.51601672000109,93934,618,1178,4273,
69.51979137372798,93934,618,1177,4274,
69.52106880779864,93933,619,1177,4274,
69.52284043956149,93933,619,1176,4275,
69.52493245854738,93933,619,1175,4276,
69.52600604583745,93933,619,1174,4277,
69.52931843829019,93933,618,1175,4277,
69.53010059289974,93933,618,1174,4278,
69.53035965528689,93932,619,1174,4278,
69.5304122963658,93932,619,1173,4279,
69.53050298643285,93931,620,1173,4279,
69.53335332830767,93931,619,1174,4279,
69.53406988749148,93931,618,1175,4279,
69.53761161283788,93931,617,1176,4279,
69.54286836210744,93931,617,1175,4280,
69.54324043558576,93931,616,1176,4280,
69.54385862296776,93931,615,1177,4280,
69.54440961492897,93931,615,1176,4281,
69.54871339286815,93930,616,1176,4281,
69.54882402808357,93929,617,1176,4281,
69.5564191699327,93928,618,1176,4281,
69.5590312555526,93928,618,1175,4282,
69.56660988261963,93927,619,1175,4282,
69.56950312612824,93927,619,1174,4283,
69.56960796812089,93927,618,1175,4283,
69.57059009197592,93926,619,1175,4283,
69.57199913854006,93926,619,1174,4284,
69.58043294803737,93926,619,1173,4285,
69.58165424575995,93926,619,1172,4286,
69.583620257572,93926,619,1171,4287,
69.58589189268247,93925,620,1171,4287,
69.58929720526376,93925,619,1172,4287,
69.59560035985892,93925,619,1171,4288,
69.59565616995474,93925,618,1172,4288,
69.59582852727684,93925,618,1171,4289,
69.59743431084084,93925,617,1172,4289,
69.6059072840508,93924,618,1172,4289,
69.60765212818193,93924,618,1171,4290,
69.61143104867644,93924,617,1172,4290,
69.61185087435966,93923,618,1172,4290,
69.61210646615388,93923,617,1173,4290,
69.61554425172906,93923,617,1172,4291,
69.62051784260623,93922,618,1172,4291,
69.62422948635496,93922,617,1173,4291,
69.62457016212974,93922,616,1174,4291,
69.62466411563179,93921,617,1174,4291,
69.62638648492393,93921,616,1175,4291,
69.62693275761498,93921,616,1174,4292,
69.62787905907047,93921,615,1175,4292,
69.62938947623195,93921,615,1174,4293,
69.62946836053686,93921,614,1175,4293,
69.63527994703061,93920,615,1175,4293,
69.63569910209688,93919,616,1175,4293,
69.63692561919295,93919,616,1174,4294,
69.64056542709352,93919,616,1173,4295,
69.64251334116844,93919,616,1172,4296,
69.65533285335594,93918,617,1172,4296,
69.65549360777808,93918,617,1171,4297,
69.65837994388495,93917,618,1171,4297,
69.66013860577961,93917,618,1170,4298,
69.66136998128425,93917,618,1169,4299,
69.66144471030687,93916,619,1169,4299,
69.663953232321,93916,619,1168,4300,
69.66418683405705,93915,620,1168,4300,
69.66501790974749,93914,621,1168,4300,
69.6667223451067,93914,621,1167,4301,
69.66988286759573,93914,620,1168,4301,
69.67080137240484,93913,621,1168,4301,
69.67099258544692,93913,621,1167,4302,
69.67281637251047,93912,622,1167,4302,
69.67590355858599,93912,622,1166,4303,
69.68319121561895,93911,623,1166,4303,
69.68446310968663,93910,624,1166,4303,
69.68505217699389,93910,623,1167,4303,
69.68530339091396,93909,624,1167,4303,
69.68632184980855,93909,624,1166,4304,
69.69336687456727,93909,624,1165,4305,
69.69574203456801,93909,624,1164,4306,
69.6962631009086,93908,625,1164,4306,
69.70158761987368,93908,625,1163,4307,
69.70315704995312,93908,625,1162,4308,
69.7039499715186,93908,625,1161,4309,
69.70451534240223,93908,625,1160,4310,
69.70548011589568,93907,626,1160,4310,
69.7082876730205,93906,627,1160,4310,
69.71009857546682,93905,628,1160,4310,
69.71845462555311,93905,628,1159,4311,
69.720835315418,93904,629,1159,4311,
69.72315827569768,93904,629,1158,4312,
69.72466886120792,93904,629,1157,4313,
69.72856479718097,93903,630,1157,4313,
69.73505059961565,93902,631,1157,4313,
69.73515690386833,93901,632,1157,4313,
69.74072338626647,93901,632,1156,4314,
69.74214566184556,93901,632,1155,4315,
69.74375482092904,93900,633,1155,4315,
69.74576781193555,93899,634,1155,4315,
69.74926641347737,93899,633,1156,4315,
69.74945079374048,93899,633,1155,4316,
69.74982529754239,93899,632,1156,4316,
69.75051117618872,93899,632,1155,4317,
69.75209660369727,93899,632,1154,4318,
69.75597509103707,93899,632,1153,4319,
69.75720057786513,93899,631,1154,4319,
69.76730407137634,93898,632,1154,4319,
69.76917097654447,93898,632,1153,4320,
69.77111832998234,93897,633,1153,4320,
69.77279484756635,93897,632,1154,4320,
69.77572824537694,93897,632,1153,4321,
69.77678440355612,93897,632,1152,4322,
69.78496917049517,93897,632,1151,4323,
69.78727993396285,93896,633,1151,4323,
69.78821668629975,93895,634,1151,4323,
69.79536842831365,93895,634,1150,4324,
69.79663632153226,93895,633,1151,4324,
69.79722738227397,93895,633,1150,4325,
69.8024503220642,93895,632,1151,4325,
69.8043551550256,93895,631,1152,4325,
69.80874904424965,93895,630,1153,4325,
69.81141924299263,93895,629,1154,4325,
69.81359758101225,93895,629,1153,4326,
69.81624346983918,93894,630,1153,4326,
69.82053428971165,93894,630,1152,4327,
69.82205967511909,93893,631,1152,4327,
69.82243310865852,93892,632,1152,4327,
69.82880462264237,93891,633,1152,4327,
69.8290527402394,93890,634,1152,4327,
69.83172603774048,93890,634,1151,4328,
69.83486418212053,93890,633,1152,4328,
69.8477795003557,93890,633,1151,4329,
69.85034389215542,93889,634,1151,4329,
69.85044805110563,93889,634,1150,4330,
69.85862581585576,93889,633,1151,4330,
69.86415394195245,93888,634,1151,4330,
69.87362912342141,93888,633,1152,4330,
69.87437859531573,93888,633,1151,4331,
69.87540532120386,93887,634,1151,4331,
69.87808265072152,93887,633,1152,4331,
69.87816214553746,93887,633,1151,4332,
69.88209703802364,93886,634,1151,4332,
69.88308096196367,93886,633,1152,4332,
69.88354754328728,93885,634,1152,4332,
69.88946141213168,93885,633,1153,4332,
69.89416081659677,93885,632,1154,4332,
69.89422878468646,93884,633,1154,4332,
69.89527004331343,93884,633,1153,4333,
69.89599455472384,93884,633,1152,4334,
69.89815875393936,93884,633,1151,4335,
69.90057420834756,93884,633,1150,4336,
69.90287565141415,93884,632,1151,4336,
69.90551063056601,93884,632,1150,4337,
69.90637311269144,93884,632,1149,4338,
69.90657744012152,93884,632,1148,4339,
69.90832065465561,93884,631,1149,4339,
69.91366474716638,93884,631,1148,4340,
69.91484130472833,93883,632,1148,4340,
69.91946241738184,93883,632,1147,4341,
69.93011806492567,93883,632,1146,4342,
69.93393589509299,93883,631,1147,4342,
69.9407343708267,93883,630,1148,4342,
69.94536784228194,93883,629,1149,4342,
69.94758601487868,93882,630,1149,4342,
69.94900042948038,93882,629,1150,4342,
69.94924931801164,93882,628,1151,4342,
69.95060685002677,93882,628,1150,4343,
69.95135215136732,93881,629,1150,4343,
69.95398681807168,93880,630,1150,4343,
69.95849379590715,93880,630,1149,4344,
69.9585384297817,93880,630,1148,4345,
69.95890194627057,93880,629,1149,4345,
69.9642149571975,93880,628,1150,4345,
69.96528965848272,93880,628,1149,4346,
69.9680218035167,93880,628,1148,4347,
69.97294669056926,93880,628,1147,4348,
69.9756293206249,93880,627,1148,4348,
69.9761424092581,93880,627,1147,4349,
69.9821682292618,93880,626,1148,4349,
69.9834384528984,93879,627,1148,4349,
69.98429128201714,93878,628,1148,4349,
69.98439903253956,93878,628,1147,4350,
69.98484179615545,93877,629,1147,4350,
69.99152152564047,93876,630,1147,4350,
69.99228410130081,93875,631,1147,4350,
69.99507237245625,93875,631,1146,4351,
69.99778999458769,93875,631,1145,4352,
70.0055708464256,93875,630,1146,4352,
70.00710773374041,93875,629,1147,4352,
70.0108259458286,93875,629,1146,4353,
70.01154409427124,93874,630,1146,4353,
70.0123339490519,93873,631,1146,4353,
70.01360672908618,93873,631,1145,4354,
70.01608274532262,93873,631,1144,4355,
70.01781041335899,93873,631,1143,4356,
70.01817629086113,93872,632,1143,4356,
70.01887890146506,93872,631,1144,4356,
70.0203837577568,93872,630,1145,4356,
70.02374866769298,93871,631,1145,4356,
70.02518290276792,93871,630,1146,4356,
70.0292729360445,93870,631,1146,4356,
70.03513371754165,93869,632,1146,4356,
70.03751666394503,93868,633,1146,4356,
70.03935103074733,93868,633,1145,4357,
70.04098915342678,93868,633,1144,4358,
70.04130057057748,93867,634,1144,4358,
70.04377914362806,93867,634,1143,4359,
70.04437612752295,93867,633,1144,4359,
70.04441020557464,93866,634,1144,4359,
70.04738214780375,93866,633,1145,4359,
70.05009044520766,93866,633,1144,4360,
70.0501206613677,93866,632,1145,4360,
70.05641308018406,93866,631,1146,4360,
70.05767309764003,93866,631,1145,4361,
70.0583130670104,93865,632,1145,4361,
70.05930332339298,93865,631,1146,4361,
70.06074524838847,93864,632,1146,4361,
70.06502477224365,93863,633,1146,4361,
70.06631907165068,93863,632,1147,4361,
70.06814187725821,93863,632,1146,4362,
70.07150097427811,93863,631,1147,4362,
70.07273477437077,93863,631,1146,4363,
70.07494016608722,93863,631,1145,4364,
70.07838041411742,93863,630,1146,4364,
70.08275053204304,93862,631,1146,4364,
70.08412622024888,93861,632,1146,4364,
70.0843069843557,93860,633,1146,4364,
70.08591339554228,93860,633,1145,4365,
70.08683743042653,93860,633,1144,4366,
70.09066850216539,93860,633,1143,4367,
70.09162999685493,93860,632,1144,4367,
70.09537257688766,93860,632,1143,4368,
70.09845607241613,93860,632,1142,4369,
70.09870143664737,93860,631,1143,4369,
70.10839462338068,93860,630,1144,4369,
70.11096201953937,93859,631,1144,4369,
70.11123718013825,93859,631,1143,4370,
70.1208616172145,93859,630,1144,4370,
70.12510932642067,93859,629,1145,4370,
70.12700929516615,93858,630,1145,4370,
70.12944817269535,93858,630,1144,4371,
70.12983996643254,93858,629,1145,4371,
70.13079308848691,93857,630,1145,4371,
70.13095470614638,93856,631,1145,4371,
70.132163989648,93856,631,1144,4372,
70.13302128298756,93856,630,1145,4372,
70.136598113844,93856,629,1146,4372,
70.13707852388045,93856,628,1147,4372,
70.13780422523415,93855,629,1147,4372,
70.14335029995473,93855,628,1148,4372,
70.14353002895936,93854,629,1148,4372,
70.14606030886983,93853,630,1148,4372,
70.14714412672541,93853,630,1147,4373,
70.16507503295283,93853,629,1148,4373,
70.16637725304217,93853,629,1147,4374,
70.16932028442135,93853,629,1146,4375,
70.16949813417615,93853,628,1147,4375,
70.16979970262614,93853,627,1148,4375,
70.17689133726225,93853,627,1147,4376,
70.18999249867652,93853,626,1148,4376,
70.19035735927652,93853,625,1149,4376,
70.19079575853098,93853,624,1150,4376,
70.19434626938579,93853,624,1149,4377,
70.20021233249203,93852,625,1149,4377,
70.20610266685706,93851,626,1149,4377,
70.20730386148468,93850,627,1149,4377,
70.20766962110267,93850,626,1150,4377,
70.20905883509501,93849,627,1150,4377,
70.21234969698551,93849,626,1151,4377,
70.21358509786157,93849,625,1152,4377,
70.21674921885162,93849,624,1153,4377,
70.21804746539945,93848,625,1153,4377,
70.2187534399344,93848,625,1152,4378,
70.21932867734898,93848,624,1153,4378,
70.22773553477992,93848,623,1154,4378,
70.22791259203235,93848,622,1155,4378,
70.22858568870127,93848,621,1156,4378,
70.23239501016053,93848,621,1155,4379,
70.23282842295905,93848,621,1154,4380,
70.23427778294831,93848,620,1155,4380,
70.2356933210944,93848,620,1154,4381,
70.23666165295352,93847,621,1154,4381,
70.24012997670803,93847,621,1153,4382,
70.24050855980792,93847,621,1152,4383,
70.24234107372932,93847,621,1151,4384,
70.24535365598885,93847,621,1150,4385,
70.2460594903258,93846,622,1150,4385,
70.24831102129528,93846,622,1149,4386,
70.24862843555935,93846,622,1148,4387,
70.24867004018796,93846,622,1147,4388,
70.25112022486027,93846,621,1148,4388,
70.26215664093029,93846,620,1149,4388,
70.26270874175978,93846,619,1150,4388,
70.26460731444183,93846,619,1149,4389,
70.26471076076388,93846,618,1150,4389,
70.26572913041561,93846,617,1151,4389,
70.2680066246112,93845,618,1151,4389,
70.26854650712579,93844,619,1151,4389,
70.27207123478253,93843,620,1151,4389,
70.27556895576924,93843,619,1152,4389,
70.27597129731845,93842,620,1152,4389,
70.28196970882728,93842,620,1151,4390,
70.28244999154417,93842,619,1152,4390,
70.28866057378411,93842,618,1153,4390,
70.28928865345844,93842,617,1154,4390,
70.2931702015977,93842,617,1153,4391,
70.29574559488931,93842,616,1154,4391,
70.29716501476827,93841,617,1154,4391,
70.29984057846121,93841,616,1155,4391,
70.30255408951815,93840,617,1155,4391,
70.30359720148098,93839,618,1155,4391,
70.30368793486637,93839,617,1156,4391,
70.30399185524507,93839,616,1157,4391,
70.31624741257235,93838,617,1157,4391,
70.3205753689418,93838,616,1158,4391,
70.32414919391054,93838,616,1157,4392,
70.32756914226877,93838,616,1156,4393,
70.32759257691053,93838,615,1157,4393,
70.32948919264177,93838,615,1156,4394,
70.33122274141645,93838,614,1157,4394,
70.33392699416217,93838,613,1158,4394,
70.335327564977,93838,613,1157,4395,
70.33927308755123,93838,613,1156,4396,
70.34148229826411,93838,613,1155,4397,
70.3433640417421,93838,612,1156,4397,
70.34531511824737,93838,612,1155,4398,
70.34898132912214,93838,611,1156,4398,
70.34906375893559,93838,611,1155,4399,
70.35280814317004,93838,611,1154,4400,
70.35390559516861,93838,610,1155,4400,
70.3546663871078,93838,609,1156,4400,
70.35776877445791,93838,608,1157,4400,
70.36125122321513,93838,608,1156,4401,
70.36385158320371,93838,608,1155,4402,
70.36612894276325,93838,607,1156,4402,
70.36740888181542,93838,607,1155,4403,
70.37018957116108,93838,607,1154,4404,
70.37570491048737,93838,607,1153,4405,
70.3815895997566,93838,607,1152,4406,
70.38246538323607,93837,608,1152,4406,
70.38560401678441,93837,607,1153,4406,
70.38765271261244,93836,608,1153,4406,
70.38890291839766,93836,607,1154,4406,
70.3890457221282,93836,607,1153,4407,
70.3915216437323,93836,606,1154,4407,
70.39182803517912,93836,606,1153,4408,
70.39331177110128,93836,605,1154,4408,
70.39394241241709,93836,604,1155,4408,
70.39706201333566,93836,604,1154,4409,
70.40115755846392,93836,603,1155,4409,
70.40335588649236,93836,602,1156,4409,
70.40638523075502,93835,603,1156,4409,
70.40683191788332,93835,603,1155,4410,
70.40908952104968,93835,603,1154,4411,
70.4153933546674,93835,603,1153,4412,
70.4162002449724,93835,602,1154,4412,
70.41646154161576,93835,602,1153,4413,
70.41995484270674,93834,603,1153,4413,
70.42191048067498,93833,604,1153,4413,
70.42433825333757,93832,605,1153,4413,
70.424425593416,93831,606,1153,4413,
70.42506642066729,93830,607,1153,4413,
70.42556531847632,93830,607,1152,4414,
70.42589798515408,93830,607,1151,4415,
70.42675516071387,93830,606,1152,4415,
70.43103314927072,93830,605,1153,4415,
70.43290444998449,93830,604,1154,4415,
70.43381552497691,93830,604,1153,4416,
70.43619166948277,93830,603,1154,4416,
70.4363277305183,93830,602,1155,4416,
70.43665443174396,93830,602,1154,4417,
70.43808123968472,93830,602,1153,4418,
70.4478407290516,93830,601,1154,4418,
70.44786631117874,93830,601,1153,4419,
70.44791304941862,93829,602,1153,4419,
70.44795249972758,93829,601,1154,4419,
70.44903098145335,93829,601,1153,4420,
70.44912378509228,93829,601,1152,4421,
70.45589634484939,93829,600,1153,4421,
70.45810256415433,93828,601,1153,4421,
70.46070578383694,93828,601,1152,4422,
70.46476254859488,93828,600,1153,4422,
70.46585357237818,93827,601,1153,4422,
70.46616340479211,93827,601,1152,4423,
70.46708881992727,93827,600,1153,4423,
70.4704866247252,93826,601,1153,4423,
70.47285092082635,93826,600,1154,4423,
70.47375972226673,93825,601,1154,4423,
70.47590564379435,93825,601,1153,4424,
70.47636264713225,93824,602,1153,4424,
70.48382799270131,93824,601,1154,4424,
70.48787138206393,93824,600,1155,4424,
70.4901498753356,93824,599,1156,4424,
70.49439847373372,93823,600,1156,4424,
70.49566466808399,93822,601,1156,4424,
70.4981984190786,93822,600,1157,4424,
70.50044617947404,93821,601,1157,4424,
70.5032544844012,93820,602,1157,4424,
70.50452912019477,93820,602,1156,4425,
70.5087780820041,93820,602,1155,4426,
70.50906354147912,93820,602,1154,4427,
70.51007122519997,93820,602,1153,4428,
70.5210449533347,93820,602,1152,4429,
70.52379059649274,93820,602,1151,4430,
70.52390793168783,93820,601,1152,4430,
70.52713793305848,93820,600,1153,4430,
70.5310025576497,93820,600,1152,4431,
70.53242173466698,93820,600,1151,4432,
70.53419270935679,93820,600,1150,4433,
70.53450912639887,93819,601,1150,4433,
70.53607303058762,93818,602,1150,4433,
70.53694008364953,93817,603,1150,4433,
70.54192979057774,93817,602,1151,4433,
70.54671059927065,93817,602,1150,4434,
70.55780856591666,93817,602,1149,4435,
70.56251163969588,93816,603,1149,4435,
70.56503615818016,93816,603,1148,4436,
70.56832023264855,93815,604,1148,4436,
70.57232170007818,93815,603,1149,4436,
70.57233629492713,93814,604,1149,4436,
70.578318030791,93814,604,1148,4437,
70.58007591228315,93813,605,1148,4437,
70.58589194538506,93813,605,1147,4438,
70.58689729032761,93812,606,1147,4438,
70.58819561473747,93812,606,1146,4439,
70.58877903556846,93812,606,1145,4440,
70.58980664619455,93812,605,1146,4440,
70.59008084736563,93811,606,1146,4440,
70.59180341585625,93810,607,1146,4440,
70.59212140671491,93809,608,1146,4440,
70.59780150467816,93809,607,1147,4440,
70.59818545272506,93809,606,1148,4440,
70.59981327833998,93809,606,1147,4441,
70.60087533308081,93809,606,1146,4442,
70.60161120876478,93809,606,1145,4443,
70.60675153864786,93809,605,1146,4443,
70.60921245147048,93809,605,1145,4444,
70.60955495794838,93809,604,1146,4444,
70.60958383698834,93809,603,1147,4444,
70.61135781989704,93808,604,1147,4444,
70.61272852121242,93808,604,1146,4445,
70.6144960250781,93807,605,1146,4445,
70.61466162509356,93806,606,1146,4445,
70.61472099544787,93806,606,1145,4446,
70.61848050135734,93805,607,1145,4446,
70.62129973299108,93804,608,1145,4446,
70.62135318320293,93804,608,1144,4447,
70.62387635258442,93804,608,1143,4448,
70.62543405569416,93804,608,1142,4449,
70.62652776135658,93803,609,1142,4449,
70.62731543829416,93803,608,1143,4449,
70.6293482857327,93803,608,1142,4450,
70.63500233838654,93803,607,1143,4450,
70.63522041820026,93803,607,1142,4451,
70.63847903151756,93802,608,1142,4451,
70.64035416163476,93802,608,1141,4452,
70.64409134056193,93802,608,1140,4453,
70.6486917057067,93801,609,1140,4453,
70.64979478814047,93801,609,1139,4454,
70.65970445232503,93801,608,1140,4454,
70.66093623179486,93801,608,1139,4455,
70.66610232100356,93800,609,1139,4455,
70.6750529047508,93800,608,1140,4455,
70.67605261079535,93799,609,1140,4455,
70.6778202890952,93799,608,1141,4455,
70.67808591537663,93798,609,1141,4455,
70.68156747168072,93798,608,1142,4455,
70.69257431267405,93797,609,1142,4455,
70.69510415529619,93797,608,1143,4455,
70.69655216249372,93797,608,1142,4456,
70.70346306865876,93797,608,1141,4457,
70.70430712969574,93797,607,1142,4457,
70.70518950972536,93797,607,1141,4458,
70.70656918041254,93796,608,1141,4458,
70.7082630460194,93795,609,1141,4458,
70.70840923821154,93795,608,1142,4458,
70.70995342788413,93795,608,1141,4459,
70.7138757235308,93794,609,1141,4459,
70.71391504141152,93794,608,1142,4459,
70.7170058332632,93794,607,1143,4459,
70.71848896217872,93793,608,1143,4459,
70.71950819751703,93793,607,1144,4459,
70.71986474134474,93793,607,1143,4460,
70.72723137943801,93793,606,1144,4460,
70.73035752088806,93793,605,1145,4460,
70.730531485131,93793,604,1146,4460,
70.7316168895588,93793,603,1147,4460,
70.73556427070744,93793,603,1146,4461,
70.7364971328751,93793,602,1147,4461,
70.73695413002989,93792,603,1147,4461,
70.7373725590631,93792,603,1146,4462,
70.73748159695566,93791,604,1146,4462,
70.74255317996891,93791,603,1147,4462,
70.74401204257211,93791,603,1146,4463,
70.75166568680454,93791,603,1145,4464,
70.75211791937326,93791,603,1144,4465,
70.7546322358113,93790,604,1144,4465,
70.75793467489851,93790,604,1143,4466,
70.76010213544792,93790,603,1144,4466,
70.76487851608019,93790,603,1143,4467,
70.76628578229727,93790,603,1142,4468,
70.76834091708332,93789,604,1142,4468,
70.77331764562797,93789,603,1143,4468,
70.77482313528778,93789,602,1144,4468,
70.7774736187846,93789,602,1143,4469,
70.77753089701565,93789,601,1144,4469,
70.7848822948044,93789,601,1143,4470,
70.79043889239725,93789,600,1144,4470,
70.79124289397981,93789,599,1145,4470,
70.79633149180056,93789,598,1146,4470,
70.80135118874449,93789,598,1145,4471,
70.81055591506399,93789,598,1144,4472,
70.81923103434441,93789,597,1145,4472,
70.82049629917915,93789,597,1144,4473,
70.82111272656066,93789,597,1143,4474,
70.8223320311271,93789,597,1142,4475,
70.82715433837566,93788,598,1142,4475,
70.8284598757909,93787,599,1142,4475,
70.82891777434926,93787,599,1141,4476,
70.83065273472846,93786,600,1141,4476,
70.83272201180237,93785,601,1141,4476,
70.83437407455644,93785,600,1142,4476,
70.83773026239832,93785,600,1141,4477,
70.83773651211679,93785,600,1140,4478,
70.83792764913827,93785,600,1139,4479,
70.83796336557319,93785,600,1138,4480,
70.84278377642866,93785,599,1139,4480,
70.84444861049684,93785,599,1138,4481,
70.84632099802414,93784,600,1138,4481,
70.8465940405921,93784,599,1139,4481,
70.84724306492946,93784,599,1138,4482,
70.84781637452855,93784,599,1137,4483,
70.85429996975849,93783,600,1137,4483,
70.85826543815911,93783,599,1138,4483,
70.85884881245269,93783,598,1139,4483,
70.85932285357426,93783,598,1138,4484,
70.86011586355144,93783,597,1139,4484,
70.86017902054908,93782,598,1139,4484,
70.86940514360126,93782,598,1138,4485,
70.87162525014338,93782,597,1139,4485,
70.87266442193598,93782,596,1140,4485,
70.87440981592057,93782,596,1139,4486,
70.876619644737,93781,597,1139,4486,
70.88052925570787,93780,598,1139,4486,
70.88458921140509,93780,598,1138,4487,
70.89318274009695,93779,599,1138,4487,
70.89423537633373,93778,600,1138,4487,
70.89868605870146,93777,601,1138,4487,
70.89901045468997,93776,602,1138,4487,
70.90401767591327,93776,602,1137,4488,
70.90412003528478,93775,603,1137,4488,
70.9073288132336,93775,603,1136,4489,
70.91187128422422,93774,604,1136,4489,
70.9142631898361,93774,603,1137,4489,
70.9188312202084,93773,604,1137,4489,
70.91884981115032,93773,604,1136,4490,
70.9206377375115,93773,604,1135,4491,
70.92139493865307,93773,604,1134,4492,
70.92622094407733,93772,605,1134,4492,
70.92858432431628,93772,605,1133,4493,
70.93600865088155,93772,605,1132,4494,
70.93629435485238,93772,604,1133,4494,
70.94281352348264,93771,605,1133,4494,
70.94406280292122,93770,606,1133,4494,
70.94489264022707,93770,606,1132,4495,
70.94504536234135,93770,606,1131,4496,
70.95238647954803,93770,605,1132,4496,
70.96784496927597,93770,605,1131,4497,
70.96906416905188,93770,605,1130,4498,
70.96909970246145,93770,605,1129,4499,
70.97645694531299,93770,605,1128,4500,
70.97698455603287,93770,605,1127,4501,
70.97864117963742,93769,606,1127,4501,
70.97952421199076,93769,605,1128,4501,
70.9808077270588,93769,605,1127,4502,
70.98128397449962,93769,604,1128,4502,
70.98359518872833,93769,604,1127,4503,
70.98550163559362,93769,604,1126,4504,
70.9881018586793,93769,604,1125,4505,
70.99120658968809,93769,603,1126,4505,
70.99300493372422,93769,603,1125,4506,
70.9975319745805,93769,603,1124,4507,
71.00036568203934,93769,602,1125,4507,
71.00069018313253,93768,603,1125,4507,
71.00089278403769,93767,604,1125,4507,
71.00349676063374,93767,603,1126,4507,
71.00369872455995,93766,604,1126,4507,
71.00491556247329,93766,603,1127,4507,
71.00846713040102,93766,603,1126,4508,
71.0092369339921,93766,603,1125,4509,
71.01656516850899,93766,602,1126,4509,
71.01896582218474,93766,601,1127,4509,
71.01911140517394,93766,600,1128,4509,
71.01999659537876,93765,601,1128,4509,
71.02044151966436,93764,602,1128,4509,
71.02115262222814,93764,602,1127,4510,
71.02226561391149,93764,602,1126,4511,
71.02271353782936,93764,601,1127,4511,
71.02590236335097,93764,601,1126,4512,
71.02608981039718,93763,602,1126,4512,
71.02610527222629,93762,603,1126,4512,
71.02664129384026,93762,602,1127,4512,
71.02861962549439,93761,603,1127,4512,
71.0315009123797,93761,602,1128,4512,
71.03287527958685,93760,603,1128,4512,
71.03290061707723,93760,602,1129,4512,
71.0329375437403,93760,602,1128,4513,
71.0344734570696,93760,601,1129,4513,
71.03456564482298,93760,600,1130,4513,
71.03586014286472,93760,599,1131,4513,
71.0364436357555,93760,599,1130,4514,
71.03926304933626,93760,598,1131,4514,
71.04321727494815,93759,599,1131,4514,
71.04527475940216,93759,599,1130,4515,
71.04787655336857,93759,598,1131,4515,
71.05180701407988,93758,599,1131,4515,
71.05214106255778,93758,599,1130,4516,
71.05392747873998,93757,600,1130,4516,
71.05838683846139,93756,601,1130,4516,
71.05890144901844,93756,601,1129,4517,
71.06403307590745,93756,601,1128,4518,
71.06865469610503,93756,601,1127,4519,
71.072655825547,93756,601,1126,4520,
71.07677235533913,93756,601,1125,4521,
71.07863212385499,93755,602,1125,4521,
71.07895754536331,93755,601,1126,4521,
71.08484235578197,93755,600,1127,4521,
71.08487061502768,93755,600,1126,4522,
71.08928105133751,93755,599,1127,4522,
71.08973637702562,93755,599,1126,4523,
71.09452709894082,93755,598,1127,4523,
71.09725160196214,93754,599,1127,4523,
71.10380152113056,93753,600,1127,4523,
71.10637269907794,93752,601,1127,4523,
71.10689170627755,93752,601,1126,4524,
71.11035040687251,93752,601,1125,4525,
71.11086498102637,93752,600,1126,4525,
71.11233712420324,93752,600,1125,4526,
71.11406166700144,93752,600,1124,4527,
71.11819852150481,93752,599,1125,4527,
71.11916456008231,93752,599,1124,4528,
71.12075580335775,93752,599,1123,4529,
71.12319153646087,93752,598,1124,4529,
71.1247652118085,93752,598,1123,4530,
71.13402598069032,93751,599,1123,4530,
71.14099846766844,93751,599,1122,4531,
71.14111099052877,93751,599,1121,4532,
71.14124737139498,93750,600,1121,4532,
71.14132847231889,93750,600,1120,4533,
71.14273822415103,93750,599,1121,4533,
71.14371128659698,93750,599,1120,4534,
71.14653854536724,93750,599,1119,4535,
71.15172513124584,93750,598,1120,4535,
71.15276166948898,93750,597,1121,4535,
71.16016453180785,93749,598,1121,4535,
71.16189800725579,93749,597,1122,4535,
71.1622331693711,93748,598,1122,4535,
71.16711827558692,93747,599,1122,4535,
71.16983174117624,93746,600,1122,4535,
71.17489880719826,93746,599,1123,4535,
71.17500842029791,93746,598,1124,4535,
71.17816513713109,93746,597,1125,4535,
71.1795650190329,93746,596,1126,4535,
71.18273191973569,93746,596,1125,4536,
71.18427820671631,93746,595,1126,4536,
71.1856593312987,93745,596,1126,4536,
71.18957772715126,93744,597,1126,4536,
71.19385747578197,93743,598,1126,4536,
71.19521852640199,93743,598,1125,4537,
71.1956269157141,93743,597,1126,4537,
71.19627899813534,93743,596,1127,4537,
71.19682029934961,93742,597,1127,4537,
71.19713091812152,93742,596,1128,4537,
71.20159944640164,93742,596,1127,4538,
71.20432966993927,93742,596,1126,4539,
71.2049716419557,93742,596,1125,4540,
71.20672966014484,93742,596,1124,4541,
71.2123959545846,93742,596,1123,4542,
71.21459456605692,93742,595,1124,4542,
71.21619563030198,93741,596,1124,4542,
71.21690100915302,93740,597,1124,4542,
71.2171617906145,93739,598,1124,4542,
71.21978992259422,93739,598,1123,4543,
71.22045726806189,93739,597,1124,4543,
71.22185327717096,93739,596,1125,4543,
71.22464580235284,93739,595,1126,4543,
71.2250878432811,93738,596,1126,4543,
71.23549976303572,93738,596,1125,4544,
71.2360614198191,93738,596,1124,4545,
71.24762856042804,93738,596,1123,4546,
71.25043947748719,93738,596,1122,4547,
71.25047991448108,93738,596,1121,4548,
71.2633116310682,93738,596,1120,4549,
71.26437334799493,93737,597,1120,4549,
71.26845460148434,93736,598,1120,4549,
71.27044109345006,93736,597,1121,4549,
71.2707822226591,93735,598,1121,4549,
71.27101075129049,93735,598,1120,4550,
71.272687407417,93734,599,1120,4550,
71.27339150651775,93734,599,1119,4551,
71.27423759552488,93734,598,1120,4551,
71.27535862807221,93734,598,1119,4552,
71.28278893967604,93734,597,1120,4552,
71.29158954562581,93733,598,1120,4552,
71.29468213270329,93732,599,1120,4552,
71.29506704880818,93731,600,1120,4552,
71.29654897187785,93731,600,1119,4553,
71.29886128369853,93731,599,1120,4553,
71.30001823342388,93731,599,1119,4554,
71.30063568406722,93731,598,1120,4554,
71.30080126418991,93730,599,1120,4554,
71.30425319708127,93730,599,1119,4555,
71.30609053494767,93729,600,1119,4555,
71.31456999142051,93729,600,1118,4556,
71.31918991982201,93729,599,1119,4556,
71.3207412252479,93728,600,1119,4556,
71.32609394150674,93728,600,1118,4557,
71.3292302723583,93728,600,1117,4558,
71.33018232315834,93728,599,1118,4558,
71.33151344714028,93728,599,1117,4559,
71.33859211146853,93728,599,1116,4560,
71.3396733591064,93728,598,1117,4560,
71.34354155208631,93728,598,1116,4561,
71.34640660788335,93728,598,1115,4562,
71.3476740398087,93727,599,1115,4562,
71.35439908050824,93727,598,1116,4562,
71.3574034797276,93727,598,1115,4563,
71.35889534006614,93727,598,1114,4564,
71.36184759914434,93727,598,1113,4565,
71.36435429761589,93727,597,1114,4565,
71.36632493190668,93726,598,1114,4565,
71.37006411803421,93725,599,1114,4565,
71.3701682172739,93725,598,1115,4565,
71.37169887733714,93725,598,1114,4566,
71.37598745055597,93725,597,1115,4566,
71.37799721407436,93724,598,1115,4566,
71.37848882461698,93724,598,1114,4567,
71.38327747048615,93723,599,1114,4567,
71.38420370620356,93723,599,1113,4568,
71.3858733898824,93723,598,1114,4568,
71.38839232209735,93723,597,1115,4568,
71.38849039358037,93723,597,1114,4569,
71.3885087448638,93722,598,1114,4569,
71.38883806678137,93722,598,1113,4570,
71.39476615133715,93721,599,1113,4570,
71.39835745898199,93721,598,1114,4570,
71.4072905040745,93721,597,1115,4570,
71.40835392328458,93721,596,1116,4570,
71.4095940245956,93721,595,1117,4570,
71.41106341549838,93721,595,1116,4571,
71.41526678303018,93721,594,1117,4571,
71.41626080521657,93720,595,1117,4571,
71.4172470315362,93719,596,1117,4571,
71.41748580513128,93719,596,1116,4572,
71.41753157464001,93719,596,1115,4573,
71.41763766369951,93719,595,1116,4573,
71.41796719159204,93718,596,1116,4573,
71.41817585855127,93718,596,1115,4574,
71.41972177641301,93718,595,1116,4574,
71.42006970909904,93717,596,1116,4574,
71.42105846424106,93717,595,1117,4574,
71.42268546702338,93716,596,1117,4574,
71.42665378751519,93716,596,1116,4575,
71.42854398333333,93716,596,1115,4576,
71.43217984698292,93716,596,1114,4577,
71.43766328545048,93716,596,1113,4578,
71.4395421996073,93715,597,1113,4578,
71.4490786026603,93715,596,1114,4578,
71.4502714169385,93715,596,1113,4579,
71.45107230511049,93714,597,1113,4579,
71.45426644704722,93713,598,1113,4579,
71.45759723992593,93713,597,1114,4579,
71.45954217298008,93713,597,1113,4580,
71.46178507817882,93713,597,1112,4581,
71.46243719374657,93712,598,1112,4581,
71.46698134479446,93712,598,1111,4582,
71.46984450096316,93711,599,1111,4582,
71.46988769928859,93710,600,1111,4582,
71.47422290233659,93710,599,1112,4582,
71.47590101249205,93709,600,1112,4582,
71.4771743589267,93708,601,1112,4582,
71.47822963529546,93707,602,1112,4582,
71.47913941062946,93706,603,1112,4582,
71.48201436127806,93706,603,1111,4583,
71.4820300328838,93706,602,1112,4583,
71.48919228644503,93706,602,1111,4584,
71.4923454339344,93706,602,1110,4585,
71.49497345957676,93706,602,1109,4586,
71.49826720064078,93706,601,1110,4586,
71.4982831347501,93706,600,1111,4586,
71.50025458203959,93706,599,1112,4586,
71.5034185300783,93706,598,1113,4586,
71.50942505844866,93706,598,1112,4587,
71.51154497188433,93706,598,1111,4588,
71.51201806325788,93705,599,1111,4588,
71.51248605640384,93704,600,1111,4588,
71.51809054482482,93703,601,1111,4588,
71.52300503546104,93702,602,1111,4588,
71.52319723912161,93702,601,1112,4588,
71.52363772514556,93702,600,1113,4588,
71.52386560932834,93702,599,1114,4588,
71.53582433122178,93701,600,1114,4588,
71.5371133286892,93701,599,1115,4588,
71.54070130498299,93701,599,1114,4589,
71.54180019598013,93700,600,1114,4589,
71.54315337533261,93700,600,1113,4590,
71.54695391975345,93700,600,1112,4591,
71.55249098514662,93700,599,1113,4591,
71.55380579035736,93699,600,1113,4591,
71.55505815354482,93699,599,1114,4591,
71.55536481929283,93698,600,1114,4591,
71.55629098968285,93698,600,1113,4592,
71.55755612682265,93697,601,1113,4592,
71.55764549988918,93697,600,1114,4592,
71.55806960982426,93696,601,1114,4592,
71.55896052542185,93696,601,1113,4593,
71.5613944683258,93696,601,1112,4594,
71.5660531250613,93696,601,1111,4595,
71.56980144586069,93696,601,1110,4596,
71.57045503288929,93696,601,1109,4597,
71.5831353717836,93696,600,1110,4597,
71.58675086982495,93695,601,1110,4597,
71.58940586480364,93694,602,1110,4597,
71.59030912961673,93693,603,1110,4597,
71.59494181844715,93693,602,1111,4597,
71.59729867387384,93692,603,1111,4597,
71.59826742711373,93692,603,1110,4598,
71.60081333052638,93692,602,1111,4598,
71.60559072450766,93691,603,1111,4598,
71.60760741138971,93691,602,1112,4598,
71.60846760731175,93691,602,1111,4599,
71.61065240681563,93691,601,1112,4599,
71.61448103961497,93691,600,1113,4599,
71.62047684494375,93691,599,1114,4599,
71.62152568209146,93691,599,1113,4600,
71.63105819071711,93691,598,1114,4600,
71.6336305619762,93691,598,1113,4601,
71.63400668430094,93690,599,1113,4601,
71.63440708476007,93689,600,1113,4601,
71.63945761028245,93688,601,1113,4601,
71.65250787829848,93688,601,1112,4602,
71.65776764416228,93687,602,1112,4602,
71.65837114447308,93687,601,1113,4602,
71.6585105197326,93687,601,1112,4603,
71.66168293985287,93686,602,1112,4603,
71.66409723845001,93686,601,1113,4603,
71.66571423487008,93686,601,1112,4604,
71.66633751083181,93686,600,1113,4604,
71.67010839783386,93686,600,1112,4605,
71.67321943614178,93686,600,1111,4606,
71.67364738548487,93686,600,1110,4607,
71.67637437107531,93685,601,1110,4607,
71.678675889173,93685,600,1111,4607,
71.68078681698458,93684,601,1111,4607,
71.68157881173181,93683,602,1111,4607,
71.68168142295377,93682,603,1111,4607,
71.6870526744024,93682,603,1110,4608,
71.68709080250979,93682,603,1109,4609,
71.68864061755923,93681,604,1109,4609,
71.68883567565162,93681,603,1110,4609,
71.68920839420058,93680,604,1110,4609,
71.69081851889871,93680,604,1109,4610,
71.69132476522702,93680,603,1110,4610,
71.69154397645238,93679,604,1110,4610,
71.69893605174464,93678,605,1110,4610,
71.70035217954765,93678,605,1109,4611,
71.70661290029656,93677,606,1109,4611,
71.71182804938772,93677,605,1110,4611,
71.71254845255115,93677,605,1109,4612,
71.71626415611755,93677,605,1108,4613,
71.72191028368408,93677,604,1109,4613,
71.72493026373672,93677,604,1108,4614,
71.72614638665138,93677,604,1107,4615,
71.72903370185566,93676,605,1107,4615,
71.73391069504358,93676,604,1108,4615,
71.73546644146856,93676,603,1109,4615,
71.73584877994386,93676,603,1108,4616,
71.73691774618155,93676,603,1107,4617,
71.73766189359655,93676,603,1106,4618,
71.73797894004022,93675,604,1106,4618,
71.74004624722855,93675,603,1107,4618,
71.74057300212931,93675,603,1106,4619,
71.74133190943877,93674,604,1106,4619,
71.74366880708511,93674,604,1105,4620,
71.74398231189627,93674,603,1106,4620,
71.74503360087203,93674,603,1105,4621,
71.74831008491952,93673,604,1105,4621,
71.75050942706224,93673,604,1104,4622,
71.75116009834679,93673,603,1105,4622,
71.75225738676689,93672,604,1105,4622,
71.75409908325817,93672,604,1104,4623,
71.75654537807722,93672,604,1103,4624,
71.758547137022,93671,605,1103,4624,
71.76199105283851,93671,604,1104,4624,
71.76339704727937,93671,604,1103,4625,
71.76409729844026,93671,604,1102,4626,
71.76466364032632,93671,603,1103,4626,
71.7649484305277,93671,603,1102,4627,
71.7668943643963,93671,603,1101,4628,
71.76718886408605,93671,602,1102,4628,
71.77058745929949,93671,602,1101,4629,
71.7720718691379,93670,603,1101,4629,
71.77243077556827,93670,602,1102,4629,
71.7744845704846,93670,602,1101,4630,
71.7754122008344,93670,601,1102,4630,
71.77613846389062,93670,601,1101,4631,
71.7856456923837,93670,600,1102,4631,
71.78567886145963,93669,601,1102,4631,
71.78654838880283,93669,601,1101,4632,
71.7877347861247,93669,600,1102,4632,
71.78820443879992,93669,600,1101,4633,
71.78842934691836,93668,601,1101,4633,
71.78925002024715,93668,600,1102,4633,
71.7900683683868,93668,600,1101,4634,
71.7903824583575,93668,600,1100,4635,
71.79386821728308,93668,600,1099,4636,
71.7987922891769,93668,599,1100,4636,
71.80099240481768,93668,599,1099,4637,
71.80616274246927,93668,599,1098,4638,
71.8119553092017,93668,598,1099,4638,
71.8169975308972,93668,597,1100,4638,
71.81831726181528,93668,596,1101,4638,
71.81997148514276,93668,596,1100,4639,
71.8276199319578,93668,595,1101,4639,
71.8293900920992,93667,596,1101,4639,
71.82976563820978,93667,596,1100,4640,
71.83544861921175,93667,596,1099,4641,
71.83758410851544,93667,595,1100,4641,
71.83898273341055,93667,595,1099,4642,
71.84277165839052,93667,595,1098,4643,
71.84460053112889,93666,596,1098,4643,
71.84526059981961,93666,595,1099,4643,
71.85057763226293,93666,595,1098,4644,
71.85547313080119,93665,596,1098,4644,
71.86018712779028,93665,595,1099,4644,
71.86068894551676,93665,595,1098,4645,
71.86205550894319,93665,594,1099,4645,
71.8699777212102,93665,594,1098,4646,
71.87224300129233,93665,593,1099,4646,
71.87242377403895,93664,594,1099,4646,
71.87735984301457,93664,594,1098,4647,
71.8807178185186,93664,594,1097,4648,
71.88109137673139,93664,594,1096,4649,
71.88555662117803,93664,594,1095,4650,
71.88759552273444,93664,593,1096,4650,
71.89283413787192,93664,593,1095,4651,
71.89519089748143,93664,593,1094,4652,
71.89547579734595,93664,593,1093,4653,
71.89678134594897,93664,593,1092,4654,
71.90060940214363,93664,593,1091,4655,
71.90666764722896,93664,592,1092,4655,
71.90744081072701,93664,591,1093,4655,
71.91002129026852,93663,592,1093,4655,
71.91095505722402,93663,591,1094,4655,
71.9137939579466,93663,591,1093,4656,
71.92141013829722,93663,591,1092,4657,
71.92791892140512,93663,591,1091,4658,
71.93122893293831,93663,590,1092,4658,
71.93569038768803,93663,589,1093,4658,
71.93848751028965,93662,590,1093,4658,
71.94086152164452,93662,589,1094,4658,
71.94309125779145,93662,588,1095,4658,
71.94320365234137,93662,587,1096,4658,
71.94932507345408,93662,587,1095,4659,
71.95248180476585,93662,587,1094,4660,
71.95262477789709,93662,587,1093,4661,
71.956994469053,93661,588,1093,4661,
71.95779048875313,93661,587,1094,4661,
71.96093811537533,93661,587,1093,4662,
71.96104322579606,93660,588,1093,4662,
71.96365204221752,93660,587,1094,4662,
71.96475650642952,93660,587,1093,4663,
71.96522593748102,93659,588,1093,4663,
71.96650112199042,93659,588,1092,4664,
71.97031923160316,93659,588,1091,4665,
71.97084057732324,93659,588,1090,4666,
71.97433166346582,93659,588,1089,4667,
71.97629230476848,93659,588,1088,4668,
71.97842579056912,93659,588,1087,4669,
71.9808680163257,93659,588,1086,4670,
71.988225580659,93659,588,1085,4671,
71.99536929862032,93659,588,1084,4672,
71.99701596180725,93659,588,1083,4673,
72.00162787075635,93658,589,1083,4673,
72.0027652036327,93658,589,1082,4674,
72.00742548675791,93658,588,1083,4674,
72.01158360271529,93658,588,1082,4675,
72.02090447381083,93658,587,1083,4675,
72.02135145051967,93658,587,1082,4676,
72.02212745072632,93657,588,1082,4676,
72.02303094297295,93657,588,1081,4677,
72.02327122279196,93657,587,1082,4677,
72.02633559666819,93657,586,1083,4677,
72.03322234910017,93656,587,1083,4677,
72.04692868554785,93656,586,1084,4677,
72.05232238488489,93656,585,1085,4677,
72.0544600226472,93656,584,1086,4677,
72.05673219309753,93656,584,1085,4678,
72.05974904612913,93655,585,1085,4678,
72.06283783631964,93655,585,1084,4679,
72.063365574623,93655,585,1083,4680,
72.06453865917683,93655,584,1084,4680,
72.06643087003985,93655,584,1083,4681,
72.07154592717241,93655,583,1084,4681,
72.07246138173406,93655,582,1085,4681,
72.07378064079211,93655,581,1086,4681,
72.07519996393009,93655,581,1085,4682,
72.0799019014959,93655,580,1086,4682,
72.08040224948724,93655,580,1085,4683,
72.08300314672702,93655,580,1084,4684,
72.08934782411231,93654,581,1084,4684,
72.08963013255548,93654,580,1085,4684,
72.09282432376554,93653,581,1085,4684,
72.09906077753027,93652,582,1085,4684,
72.10169849177785,93652,581,1086,4684,
72.1034675088899,93652,581,1085,4685,
72.11225026738472,93652,581,1084,4686,
72.1162986770933,93652,581,1083,4687,
72.1211304689586,93652,581,1082,4688,
72.12369675979394,93651,582,1082,4688,
72.12607164257503,93651,581,1083,4688,
72.13115067183739,93651,581,1082,4689,
72.13305794110397,93651,581,1081,4690,
72.13692024651478,93651,581,1080,4691,
72.14036927332722,93651,580,1081,4691,
72.14624816418355,93650,581,1081,4691,
72.14664433270997,93650,580,1082,4691,
72.14776436174887,93649,581,1082,4691,
72.15397992108899,93649,581,1081,4692,
72.15412906242611,93649,580,1082,4692,
72.16298599533036,93649,579,1083,4692,
72.16457069855065,93648,580,1083,4692,
72.16605624838988,93648,579,1084,4692,
72.16802583483747,93647,580,1084,4692,
72.1720652704203,93647,580,1083,4693,
72.17220565187179,93647,579,1084,4693,
72.17359943592808,93646,580,1084,4693,
72.17366891111915,93646,579,1085,4693,
72.17578316759406,93646,579,1084,4694,
72.17601685244978,93646,578,1085,4694,
72.17857313086517,93645,579,1085,4694,
72.17950870461114,93645,578,1086,4694,
72.17965136645907,93645,577,1087,4694,
72.18152700633215,93644,578,1087,4694,
72.18276890127126,93644,578,1086,4695,
72.18277695684769,93644,577,1087,4695,
72.18338254372924,93644,576,1088,4695,
72.18932274872608,93643,577,1088,4695,
72.19112899649957,93643,577,1087,4696,
72.19504530779442,93642,578,1087,4696,
72.20028855759637,93642,577,1088,4696,
72.20681295010083,93641,578,1088,4696,
72.21354964481804,93641,578,1087,4697,
72.21619674333947,93640,579,1087,4697,
72.21979340570122,93639,580,1087,4697,
72.22608462732735,93638,581,1087,4697,
72.22611174204157,93638,581,1086,4698,
72.22771845567999,93637,582,1086,4698,
72.23177580291421,93637,582,1085,4699,
72.2374140789955,93637,582,1084,4700,
72.23830840737358,93636,583,1084,4700,
72.23932297549479,93636,583,1083,4701,
72.23938314368593,93636,582,1084,4701,
72.23962510998213,93636,582,1083,4702,
72.24008858955648,93636,581,1084,4702,
72.24110188802446,93636,580,1085,4702,
72.24562994068283,93635,581,1085,4702,
72.24849589062316,93635,580,1086,4702,
72.25078423246296,93635,580,1085,4703,
72.25207032632662,93635,580,1084,4704,
72.25982580660444,93635,580,1083,4705,
72.26218483933592,93635,579,1084,4705,
72.26689449845014,93635,579,1083,4706,
72.27384314824758,93635,578,1084,4706,
72.27704202864787,93635,577,1085,4706,
72.27734296571506,93635,576,1086,4706,
72.27866503714748,93635,575,1087,4706,
72.28055197611059,93634,576,1087,4706,
72.28089901677845,93634,576,1086,4707,
72.28249795165604,93633,577,1086,4707,
72.2903209451222,93633,576,1087,4707,
72.2923105384749,93633,575,1088,4707,
72.29667833558187,93633,575,1087,4708,
72.30104607479583,93633,574,1088,4708,
72.30327441304175,93633,574,1087,4709,
72.30529205282993,93633,574,1086,4710,
72.31023547735677,93632,575,1086,4710,
72.31088365037826,93632,575,1085,4711,
72.31349329024235,93631,576,1085,4711,
72.3148886816671,93631,575,1086,4711,
72.31865920949383,93630,576,1086,4711,
72.32441360766515,93630,576,1085,4712,
72.32650938338665,93630,576,1084,4713,
72.32831131463041,93630,576,1083,4714,
72.33195998087476,93630,575,1084,4714,
72.33972826978683,93630,575,1083,4715,
72.34047672304732,93630,574,1084,4715,
72.34164436581158,93630,573,1085,4715,
72.34631384704903,93629,574,1085,4715,
72.34953397449665,93629,574,1084,4716,
72.35572387765403,93629,573,1085,4716,
72.3568816784755,93629,573,1084,4717,
72.36014220218233,93628,574,1084,4717,
72.3603469832605,93627,575,1084,4717,
72.3610221106596,93627,575,1083,4718,
72.36463195234944,93626,576,1083,4718,
72.36467680727863,93626,576,1082,4719,
72.36665776852632,93625,577,1082,4719,
72.36814605713303,93625,576,1083,4719,
72.37272380713772,93625,575,1084,4719,
72.37433058395366,93624,576,1084,4719,
72.37745657125357,93623,577,1084,4719,
72.37754378374842,93622,578,1084,4719,
72.3783043143775,93622,578,1083,4720,
72.38657655283818,93621,579,1083,4720,
72.38928006672788,93621,578,1084,4720,
72.3928471449012,93621,577,1085,4720,
72.39397749251202,93621,576,1086,4720,
72.39520289773861,93621,576,1085,4721,
72.39649711899978,93621,575,1086,4721,
72.39776184554175,93621,575,1085,4722,
72.3991811554896,93621,575,1084,4723,
72.40122538355385,93621,575,1083,4724,
72.40132179037079,93621,575,1082,4725,
72.40165247171606,93621,575,1081,4726,
72.40228249271863,93621,574,1082,4726,
72.40518492766205,93620,575,1082,4726,
72.41338966511516,93619,576,1082,4726,
72.41458783801085,93619,576,1081,4727,
72.42297005936813,93619,576,1080,4728,
72.42865144118825,93619,576,1079,4729,
72.42872341168952,93618,577,1079,4729,
72.42950825751122,93618,576,1080,4729,
72.43502639642102,93618,576,1079,4730,
72.43606034032038,93617,577,1079,4730,
72.43789491205253,93616,578,1079,4730,
72.43807145301085,93616,577,1080,4730,
72.43874619509128,93616,577,1079,4731,
72.4400370335201,93616,576,1080,4731,
72.44563278208906,93615,577,1080,4731,
72.44900508958612,93615,576,1081,4731,
72.45311428943552,93615,576,1080,4732,
72.45495056451546,93615,576,1079,4733,
72.4558802943281,93615,576,1078,4734,
72.45682146933024,93615,576,1077,4735,
72.45972301152143,93614,577,1077,4735,
72.4611965474991,93614,577,1076,4736,
72.4621466096998,93613,578,1076,4736,
72.46218461742633,93612,579,1076,4736,
72.46422756114873,93612,579,1075,4737,
72.46986159824395,93612,579,1074,4738,
72.48085835235023,93611,580,1074,4738,
72.48328342863763,93611,580,1073,4739,
72.48331115782534,93611,579,1074,4739,
72.48565414799945,93611,578,1075,4739,
72.48853988540961,93610,579,1075,4739,
72.49294703450657,93610,578,1076,4739,
72.49412455581881,93610,577,1077,4739,
72.49988999070902,93609,578,1077,4739,
72.50041567438538,93608,579,1077,4739,
72.50331279130252,93608,579,1076,4740,
72.50601640071073,93608,579,1075,4741,
72.51036803969541,93608,579,1074,4742,
72.51136420329586,93607,580,1074,4742,
72.51429333791577,93607,579,1075,4742,
72.51538802165291,93607,578,1076,4742,
72.51589037390623,93607,577,1077,4742,
72.51975592987598,93607,576,1078,4742,
72.52680547883034,93607,575,1079,4742,
72.52984523713235,93607,575,1078,4743,
72.53027421735042,93607,574,1079,4743,
72.53356680518723,93606,575,1079,4743,
72.53370245730946,93606,575,1078,4744,
72.53840103705491,93605,576,1078,4744,
72.53887675396724,93605,575,1079,4744,
72.53936656542054,93604,576,1079,4744,
72.54109090303044,93603,577,1079,4744,
72.54676748179853,93603,576,1080,4744,
72.54992365612308,93603,576,1079,4745,
72.5503349642417,93603,576,1078,4746,
72.55078559044297,93602,577,1078,4746,
72.55229495663897,93602,576,1079,4746,
72.55936628880039,93602,575,1080,4746,
72.5596271713525,93602,574,1081,4746,
72.56281917523756,93602,574,1080,4747,
72.56371364840429,93602,574,1079,4748,
72.564766709027,93602,573,1080,4748,
72.56507544183486,93602,573,1079,4749,
72.56565025786642,93601,574,1079,4749,
72.56730334434772,93601,574,1078,4750,
72.5678332596999,93601,573,1079,4750,
72.56855861010862,93601,572,1080,4750,
72.56938440500753,93601,571,1081,4750,
72.57433644440981,93601,571,1080,4751,
72.57710936355252,93600,572,1080,4751,
72.57951328012665,93600,571,1081,4751,
72.57992951828348,93600,570,1082,4751,
72.58700056485281,93600,570,1081,4752,
72.59067333543996,93600,569,1082,4752,
72.59151469537255,93599,570,1082,4752,
72.59528298101765,93599,569,1083,4752,
72.59688204806065,93599,568,1084,4752,
72.60269969082583,93599,568,1083,4753,
72.6042667204438,93599,568,1082,4754,
72.60893717506282,93599,568,1081,4755,
72.61371359420772,93599,568,1080,4756,
72.61382147981618,93599,567,1081,4756,
72.62319639245639,93599,567,1080,4757,
72.6348655610245,93599,566,1081,4757,
72.63687785921327,93598,567,1081,4757,
72.6391836003232,93598,566,1082,4757,
72.63979964901377,93598,565,1083,4757,
72.6416313944248,93598,565,1082,4758,
72.64578327317606,93598,564,1083,4758,
72.6521844484437,93598,564,1082,4759,
72.65502783474591,93598,563,1083,4759,
72.65648059633628,93598,562,1084,4759,
72.65681162317982,93598,562,1083,4760,
72.65757816322446,93598,561,1084,4760,
72.66104724411134,93597,562,1084,4760,
72.66182099025633,93597,561,1085,4760,
72.67440657806,93597,561,1084,4761,
72.67551983078242,93597,561,1083,4762,
72.68140026263178,93596,562,1083,4762,
72.68209811542953,93596,562,1082,4763,
72.68724495124575,93595,563,1082,4763,
72.69063602972074,93595,562,1083,4763,
72.69221165869108,93594,563,1083,4763,
72.69440463945759,93594,563,1082,4764,
72.69610402970099,93594,563,1081,4765,
72.69744044693736,93594,563,1080,4766,
72.70168982898703,93594,562,1081,4766,
72.7092482745238,93594,562,1080,4767,
72.71612335170808,93594,562,1079,4768,
72.7162250534505,93593,563,1079,4768,
72.72279173716692,93593,562,1080,4768,
72.72315906796837,93592,563,1080,4768,
72.72347469499374,93592,562,1081,4768,
72.7241791528256,93592,562,1080,4769,
72.72496228245274,93592,562,1079,4770,
72.73802042806491,93591,563,1079,4770,
72.7433592029638,93591,562,1080,4770,
72.7485792673148,93591,562,1079,4771,
72.74900778348614,93591,561,1080,4771,
72.74988924131252,93591,560,1081,4771,
72.75128849202468,93591,559,1082,4771,
72.75896039882842,93590,560,1082,4771,
72.7610270674654,93590,559,1083,4771,
72.76789453626458,93590,559,1082,4772,
72.76859828795773,93590,559,1081,4773,
72.77896964786981,93590,558,1082,4773,
72.77945317673773,93589,559,1082,4773,
72.7829441795154,93588,560,1082,4773,
72.78453760217494,93588,559,1083,4773,
72.7872333835736,93588,559,1082,4774,
72.78865657312517,93588,558,1083,4774,
72.78981533048923,93588,558,1082,4775,
72.79063984264474,93588,557,1083,4775,
72.79450710338264,93588,557,1082,4776,
72.79739848274038,93587,558,1082,4776,
72.80202920842322,93587,558,1081,4777,
72.80943008896931,93587,557,1082,4777,
72.81240990533053,93587,557,1081,4778,
72.81389626021434,93587,557,1080,4779,
72.81561524610606,93587,557,1079,4780,
72.81890770950699,93587,557,1078,4781,
72.82483916925021,93587,557,1077,4782,
72.8327347319863,93587,556,1078,4782,
72.83483645042423,93587,556,1077,4783,
72.83590342280002,93587,556,1076,4784,
72.84758170361238,93587,556,1075,4785,
72.85074162627205,93587,555,1076,4785,
72.85312151207674,93587,555,1075,4786,
72.85434876307377,93587,554,1076,4786,
72.85521232810129,93586,555,1076,4786,
72.85719351432186,93586,555,1075,4787,
72.8591443158917,93585,556,1075,4787,
72.86260322381206,93584,557,1075,4787,
72.86506512685901,93584,557,1074,4788,
72.86819076038395,93583,558,1074,4788,
72.86860735070287,93582,559,1074,4788,
72.86972332207067,93582,559,1073,4789,
72.87163162931886,93581,560,1073,4789,
72.8727173042681,93580,561,1073,4789,
72.87391092697271,93580,561,1072,4790,
72.87447093617726,93580,561,1071,4791,
72.8803943648807,93579,562,1071,4791,
72.88105976478496,93578,563,1071,4791,
72.88291991958134,93578,563,1070,4792,
72.88292619905661,93577,564,1070,4792,
72.88354341380831,93577,564,1069,4793,
72.888168384911,93576,565,1069,4793,
72.88934195300726,93575,566,1069,4793,
72.88953072424314,93575,565,1070,4793,
72.89026392836561,93574,566,1070,4793,
72.89368298004612,93574,566,1069,4794,
72.89766757052652,93574,565,1070,4794,
72.90156322524032,93574,565,1069,4795,
72.90398132895423,93574,565,1068,4796,
72.90930067561251,93574,564,1069,4796,
72.91231905361614,93574,563,1070,4796,
72.9125605006445,93574,563,1069,4797,
72.912738432537,93574,562,1070,4797,
72.91615978028189,93574,561,1071,4797,
72.9170580181632,93574,561,1070,4798,
72.92129421753096,93574,561,1069,4799,
72.92614884106608,93574,561,1068,4800,
72.93688641888807,93574,560,1069,4800,
72.93922971703303,93574,560,1068,4801,
72.94142050091723,93574,560,1067,4802,
72.94427822345187,93574,560,1066,4803,
72.94504208641438,93574,560,1065,4804,
72.95153052132991,93574,560,1064,4805,
72.95389314193397,93573,561,1064,4805,
72.95416438498562,93573,561,1063,4806,
72.95517793025682,93573,560,1064,4806,
72.95561641931178,93572,561,1064,4806,
72.96103447013766,93572,560,1065,4806,
72.96210567921815,93572,560,1064,4807,
72.9621408934928,93571,561,1064,4807,
72.97103552170422,93571,561,1063,4808,
72.97422113807298,93570,562,1063,4808,
72.9774062339622,93570,562,1062,4809,
72.98453210146795,93569,563,1062,4809,
72.99068116285959,93569,563,1061,4810,
72.9908593275115,93569,562,1062,4810,
72.99427029003648,93569,562,1061,4811,
72.99487114960876,93569,562,1060,4812,
72.99876679548697,93569,562,1059,4813,
72.99953617784465,93569,562,1058,4814,
73.00345798832349,93569,561,1059,4814,
73.00401074726685,93568,562,1059,4814,
73.00529989688567,93567,563,1059,4814,
73.0063208406522,93567,562,1060,4814,
73.00708064945634,93567,562,1059,4815,
73.0073737955577,93567,562,1058,4816,
73.01200995921573,93567,562,1057,4817,
73.01233843590364,93567,562,1056,4818,
73.01315345276893,93567,562,1055,4819,
73.01374835148978,93567,562,1054,4820,
73.01486863946297,93566,563,1054,4820,
73.01957420556909,93566,563,1053,4821,
73.02004704655202,93566,563,1052,4822,
73.02140787591897,93565,564,1052,4822,
73.02174920866943,93565,563,1053,4822,
73.02450441951342,93565,562,1054,4822,
73.02598986965575,93565,562,1053,4823,
73.03054813523129,93565,561,1054,4823,
73.03767653778668,93564,562,1054,4823,
73.04327051944964,93563,563,1054,4823,
73.04437988279996,93563,563,1053,4824,
73.045432416635,93563,563,1052,4825,
73.04799932875943,93562,564,1052,4825,
73.05155851715045,93562,564,1051,4826,
73.05247694049416,93562,564,1050,4827,
73.05492939268784,93562,563,1051,4827,
73.05717348280766,93562,562,1052,4827,
73.06494751504648,93562,561,1053,4827,
73.06967775940642,93562,561,1052,4828,
73.0771553126589,93562,560,1053,4828,
73.08201728209593,93562,560,1052,4829,
73.08224565152207,93562,559,1053,4829,
73.08558022065081,93561,560,1053,4829,
73.0863082326258,93561,560,1052,4830,
73.08774263106969,93561,560,1051,4831,
73.09367604102543,93560,561,1051,4831,
73.09396426117205,93560,561,1050,4832,
73.10169922402318,93560,560,1051,4832,
73.10250254361156,93560,559,1052,4832,
73.10651468022164,93560,558,1053,4832,
73.10800984830641,93560,558,1052,4833,
73.10847559670843,93560,558,1051,4834,
73.10956593475497,93559,559,1051,4834,
73.11142273694131,93559,558,1052,4834,
73.11591183094751,93559,557,1053,4834,
73.11788309172032,93559,556,1054,4834,
73.12315412845402,93559,556,1053,4835,
73.1250760861735,93559,555,1054,4835,
73.12781308305175,93559,554,1055,4835,
73.12802231124894,93558,555,1055,4835,
73.13079899256144,93558,554,1056,4835,
73.1324369429779,93557,555,1056,4835,
73.1336294063041,93557,554,1057,4835,
73.13437817912565,93556,555,1057,4835,
73.13726015308106,93556,554,1058,4835,
73.13783883765949,93556,554,1057,4836,
73.13795282944214,93556,553,1058,4836,
73.13908526353208,93555,554,1058,4836,
73.14128773734419,93554,555,1058,4836,
73.14136152595073,93554,554,1059,4836,
73.14206215391071,93554,553,1060,4836,
73.14229606955891,93554,553,1059,4837,
73.14462864109555,93553,554,1059,4837,
73.14873027133386,93553,553,1060,4837,
73.14881289954734,93552,554,1060,4837,
73.1492759687573,93552,553,1061,4837,
73.14985752795774,93551,554,1061,4837,
73.15523063498532,93551,553,1062,4837,
73.15543289588977,93551,552,1063,4837,
73.15764553487816,93551,552,1062,4838,
73.15986558427954,93551,551,1063,4838,
73.16145877110779,93551,550,1064,4838,
73.16156563895804,93550,551,1064,4838,
73.17233039698982,93550,550,1065,4838,
73.17249588820417,93549,551,1065,4838,
73.17545609669477,93549,550,1066,4838,
73.17840107916743,93549,549,1067,4838,
73.18199864179051,93548,550,1067,4838,
73.18275431517984,93547,551,1067,4838,
73.18628039399279,93547,550,1068,4838,
73.19294473036315,93547,550,1067,4839,
73.19365240227033,93546,551,1067,4839,
73.1957977195658,93546,551,1066,4840,
73.19921884766568,93546,550,1067,4840,
73.20058705479934,93546,550,1066,4841,
73.20113196189544,93546,549,1067,4841,
73.20117033630191,93546,549,1066,4842,
73.20413227904719,93545,550,1066,4842,
73.20527882906288,93544,551,1066,4842,
73.20704810520438,93544,551,1065,4843,
73.21742933864878,93544,551,1064,4844,
73.21771973356324,93544,550,1065,4844,
73.21792656627643,93544,549,1066,4844,
73.21898440092016,93544,549,1065,4845,
73.22188090047791,93544,549,1064,4846,
73.22552833586084,93544,548,1065,4846,
73.22630862018454,93544,548,1064,4847,
73.23218732312446,93544,548,1063,4848,
73.23273294551579,93544,548,1062,4849,
73.2370249733723,93544,548,1061,4850,
73.23736865204356,93543,549,1061,4850,
73.24337281135477,93542,550,1061,4850,
73.24352514985478,93541,551,1061,4850,
73.2441693254056,93541,551,1060,4851,
73.24461332969851,93540,552,1060,4851,
73.24496464458079,93539,553,1060,4851,
73.2457684257914,93538,554,1060,4851,
73.24966734977203,93538,554,1059,4852,
73.24978378953958,93537,555,1059,4852,
73.25326002825864,93537,554,1060,4852,
73.25397366534887,93537,553,1061,4852,
73.25469774974648,93537,553,1060,4853,
73.2560895032502,93537,552,1061,4853,
73.26596514822947,93537,552,1060,4854,
73.26773340212452,93537,551,1061,4854,
73.26796746711106,93536,552,1061,4854,
73.2684104194449,93535,553,1061,4854,
73.26998764538176,93535,553,1060,4855,
73.2741211548252,93534,554,1060,4855,
73.27872901577484,93534,553,1061,4855,
73.28156419137292,93534,552,1062,4855,
73.28408013415805,93534,552,1061,4856,
73.2870944829886,93534,551,1062,4856,
73.28848619535866,93533,552,1062,4856,
73.29023597473764,93532,553,1062,4856,
73.29086653526562,93532,553,1061,4857,
73.29663722505673,93532,552,1062,4857,
73.29696661273711,93531,553,1062,4857,
73.30127017601076,93531,553,1061,4858,
73.3059986925942,93530,554,1061,4858,
73.30634871106139,93530,554,1060,4859,
73.30716539759351,93529,555,1060,4859,
73.31605674853077,93529,554,1061,4859,
73.31864213804138,93529,553,1062,4859,
73.31892155393474,93528,554,1062,4859,
73.32052970565502,93528,554,1061,4860,
73.32835926412957,93528,554,1060,4861,
73.33139314019175,93528,553,1061,4861,
73.33254031776326,93528,553,1060,4862,
73.33254369597537,93528,553,1059,4863,
73.33839880690962,93528,553,1058,4864,
73.34120664893345,93528,552,1059,4864,
73.34160742467583,93528,552,1058,4865,
73.3456423059829,93528,552,1057,4866,
73.36167380114553,93528,551,1058,4866,
73.37124641789092,93528,551,1057,4867,
73.37273170135792,93527,552,1057,4867,
73.3732560546999,93527,551,1058,4867,
73.37357996472818,93527,551,1057,4868,
73.38114858640276,93527,551,1056,4869,
73.38432057365274,93527,550,1057,4869,
73.38626438032297,93527,549,1058,4869,
73.38678904370614,93527,549,1057,4870,
73.38829591087114,93527,548,1058,4870,
73.39033780599762,93527,547,1059,4870,
73.39769880137393,93527,547,1058,4871,
73.40127081386434,93526,548,1058,4871,
73.40749402752475,93525,549,1058,4871,
73.41731877756301,93524,550,1058,4871,
73.41941218364292,93524,550,1057,4872,
73.42042914076849,93524,549,1058,4872,
73.42283394752715,93524,549,1057,4873,
73.42740011036246,93523,550,1057,4873,
73.42854654660286,93523,550,1056,4874,
73.42906994311141,93522,551,1056,4874,
73.44072226172656,93522,551,1055,4875,
73.4435170782346,93521,552,1055,4875,
73.44846517787623,93521,552,1054,4876,
73.45459160074408,93521,551,1055,4876,
73.45512298324321,93521,550,1056,4876,
73.45520142771909,93521,549,1057,4876,
73.45526522372376,93521,549,1056,4877,
73.45667049179188,93521,548,1057,4877,
73.45861901263035,93521,547,1058,4877,
73.46416219995322,93521,546,1059,4877,
73.46884332644515,93521,546,1058,4878,
73.47159183995839,93521,545,1059,4878,
73.47664588070273,93520,546,1059,4878,
73.47882959336295,93520,546,1058,4879,
73.49784556340359,93519,547,1058,4879,
73.50168499236133,93519,546,1059,4879,
73.51025118300883,93519,546,1058,4880,
73.52277361984277,93519,545,1059,4880,
73.52955779203927,93519,545,1058,4881,
73.53225847061893,93519,545,1057,4882,
73.53417940656021,93519,544,1058,4882,
73.53659350806373,93519,543,1059,4882,
73.53753470395374,93519,543,1058,4883,
73.54035514099692,93518,544,1058,4883,
73.5434392379613,93518,544,1057,4884,
73.54418457570004,93518,543,1058,4884,
73.54740598869216,93518,543,1057,4885,
73.54775355862715,93517,544,1057,4885,
73.5487003454719,93517,543,1058,4885,
73.55052049355538,93517,542,1059,4885,
73.55509313478998,93516,543,1059,4885,
73.56620297537003,93516,543,1058,4886,
73.57127542236312,93516,543,1057,4887,
73.57152305444541,93516,542,1058,4887,
73.5870608837737,93515,543,1058,4887,
73.58808455076067,93514,544,1058,4887,
73.58932453742264,93513,545,1058,4887,
73.59399884969255,93513,545,1057,4888,
73.595952096116,93512,546,1057,4888,
73.60268982822039,93512,546,1056,4889,
73.60386464174037,93512,546,1055,4890,
73.60453013359452,93512,546,1054,4891,
73.60641832979881,93512,546,1053,4892,
73.60684244852773,93512,546,1052,4893,
73.61233812214743,93512,546,1051,4894,
73.61243974067298,93512,546,1050,4895,
73.63001399311882,93512,545,1051,4895,
73.63280051635883,93512,545,1050,4896,
73.6331568440915,93512,545,1049,4897,
73.63395593783434,93511,546,1049,4897,
73.635484374967,93511,545,1050,4897,
73.64012584882532,93511,544,1051,4897,
73.64456406503983,93511,543,1052,4897,
73.6481479099551,93511,542,1053,4897,
73.64977301744638,93510,543,1053,4897,
73.66170756980992,93509,544,1053,4897,
73.6643228180485,93508,545,1053,4897,
73.66498535647202,93508,545,1052,4898,
73.66506162450851,93508,544,1053,4898,
73.66729851383174,93508,544,1052,4899,
73.66767602518712,93508,544,1051,4900,
73.67487202696681,93508,543,1052,4900,
73.67607095989293,93508,542,1053,4900,
73.68711587134763,93507,543,1053,4900,
73.68851900297797,93506,544,1053,4900,
73.69003402616147,93506,544,1052,4901,
73.69310270473254,93506,544,1051,4902,
73.69388007563457,93505,545,1051,4902,
73.70503743534725,93504,546,1051,4902,
73.70710481070039,93504,546,1050,4903,
73.71040356734636,93504,545,1051,4903,
73.71283840628281,93503,546,1051,4903,
73.71338042453601,93503,545,1052,4903,
73.71411866315734,93502,546,1052,4903,
73.71517816373742,93501,547,1052,4903,
73.71711680200774,93501,547,1051,4904,
73.71762124332845,93500,548,1051,4904,
73.72190902281366,93500,548,1050,4905,
73.72283348801844,93499,549,1050,4905,
73.7234666844102,93499,548,1051,4905,
73.7240881575569,93499,547,1052,4905,
73.72466362982364,93499,547,1051,4906,
73.73036628038852,93499,546,1052,4906,
73.73156028972488,93498,547,1052,4906,
73.73229831801802,93497,548,1052,4906,
73.73238807632552,93497,548,1051,4907,
73.73243670416149,93497,548,1050,4908,
73.73304996486831,93496,549,1050,4908,
73.73523513313296,93496,549,1049,4909,
73.73799126736421,93496,548,1050,4909,
73.74268203507333,93496,547,1051,4909,
73.74481081925651,93496,546,1052,4909,
73.74505417350531,93496,545,1053,4909,
73.74990606214725,93495,546,1053,4909,
73.75322150545584,93495,545,1054,4909,
73.75385966821828,93494,546,1054,4909,
73.7573793027807,93493,547,1054,4909,
73.75882791232752,93493,546,1055,4909,
73.7598266834148,93493,545,1056,4909,
73.7629337532108,93493,545,1055,4910,
73.7733063019069,93492,546,1055,4910,
73.7800020409876,93492,546,1054,4911,
73.7819174321472,93491,547,1054,4911,
73.78487619189795,93491,547,1053,4912,
73.78616344209352,93491,547,1052,4913,
73.78874979130565,93491,546,1053,4913,
73.79070828574463,93490,547,1053,4913,
73.79221385215094,93490,546,1054,4913,
73.79686871813334,93489,547,1054,4913,
73.79881194187499,93489,547,1053,4914,
73.802676749071,93489,547,1052,4915,
73.80395038402364,93489,546,1053,4915,
73.80669337962651,93488,547,1053,4915,
73.80701175304841,93488,546,1054,4915,
73.8148189842108,93488,546,1053,4916,
73.82168969087485,93488,546,1052,4917,
73.82415928022314,93487,547,1052,4917,
73.83096792513315,93487,547,1051,4918,
73.8350479149349,93487,547,1050,4919,
73.8358573271626,93487,547,1049,4920,
73.83796964068728,93487,546,1050,4920,
73.84204164570122,93487,545,1051,4920,
73.84567970039299,93487,545,1050,4921,
73.84733563934674,93487,545,1049,4922,
73.8474665264248,93486,546,1049,4922,
73.86756415680291,93486,545,1050,4922,
73.87012491813397,93485,546,1050,4922,
73.87318355450026,93485,546,1049,4923,
73.87372373120681,93485,546,1048,4924,
73.8797355981133,93484,547,1048,4924,
73.8815050026467,93484,546,1049,4924,
73.88578232392537,93484,545,1050,4924,
73.88646448261673,93484,544,1051,4924,
73.88749478701605,93483,545,1051,4924,
73.88765982617136,93483,545,1050,4925,
73.89023625721896,93483,544,1051,4925,
73.89248795347049,93483,544,1050,4926,
73.8931627132435,93483,544,1049,4927,
73.89324625602453,93483,544,1048,4928,
73.89657977078626,93482,545,1048,4928,
73.89721055495042,93482,545,1047,4929,
73.89951840675758,93482,545,1046,4930,
73.90119385706502,93481,546,1046,4930,
73.90414052678494,93481,546,1045,4931,
73.9064442437694,93481,545,1046,4931,
73.91150106504074,93481,545,1045,4932,
73.91373098284784,93481,544,1046,4932,
73.91420166188999,93481,543,1047,4932,
73.91690751347019,93481,543,1046,4933,
73.91692507648071,93481,542,1047,4933,
73.91846780792555,93481,541,1048,4933,
73.92213159485334,93480,542,1048,4933,
73.9313504849319,93479,543,1048,4933,
73.94254310587061,93479,543,1047,4934,
73.95201237890848,93479,543,1046,4935,
73.95302849386043,93478,544,1046,4935,
73.9654156550709,93478,544,1045,4936,
73.9721233759297,93477,545,1045,4936,
73.97909403837475,93477,544,1046,4936,
73.98892668772086,93477,543,1047,4936,
73.9940655170715,93477,543,1046,4937,
73.99805044223123,93476,544,1046,4937,
74.00261602102037,93476,544,1045,4938,
74.00943140057637,93475,545,1045,4938,
74.01500935995251,93475,544,1046,4938,
74.01559652315177,93475,544,1045,4939,
74.01578854684989,93475,544,1044,4940,
74.01750709811749,93475,544,1043,4941,
74.01848098571384,93475,544,1042,4942,
74.02204041280021,93474,545,1042,4942,
74.02207160851243,93473,546,1042,4942,
74.023977261751,93473,545,1043,4942,
74.02554116611408,93473,545,1042,4943,
74.02705538954542,93473,545,1041,4944,
74.03064066292764,93473,545,1040,4945,
74.0333675575598,93473,545,1039,4946,
74.03485408375532,93473,545,1038,4947,
74.03565374458552,93473,545,1037,4948,
74.03807035791839,93472,546,1037,4948,
74.04199733936642,93472,546,1036,4949,
74.04388079792784,93471,547,1036,4949,
74.05315414598391,93471,547,1035,4950,
74.05622718443499,93471,547,1034,4951,
74.05847638109344,93471,547,1033,4952,
74.05958527897127,93471,546,1034,4952,
74.06678924337173,93470,547,1034,4952,
74.06773292120896,93470,547,1033,4953,
74.0691041085241,93470,547,1032,4954,
74.06952748472494,93470,546,1033,4954,
74.07133077670919,93470,545,1034,4954,
74.07197462939348,93470,545,1033,4955,
74.0756659273598,93470,545,1032,4956,
74.07871212417996,93469,546,1032,4956,
74.07880398501706,93468,547,1032,4956,
74.07963124000618,93468,547,1031,4957,
74.08050066142549,93467,548,1031,4957,
74.0924441027956,93467,548,1030,4958,
74.09989398151362,93466,549,1030,4958,
74.10555079934942,93466,549,1029,4959,
74.10718126025245,93466,548,1030,4959,
74.11050853748017,93465,549,1030,4959,
74.1159211252797,93465,549,1029,4960,
74.11652976656164,93465,548,1030,4960,
74.11724375441622,93465,547,1031,4960,
74.1190930641755,93465,547,1030,4961,
74.12515204402148,93465,546,1031,4961,
74.13158717683326,93465,545,1032,4961,
74.13176849706424,93465,544,1033,4961,
74.13598777141632,93465,543,1034,4961,
74.14188707103628,93465,543,1033,4962,
74.14320648021581,93465,543,1032,4963,
74.14529664035081,93464,544,1032,4963,
74.14996092246697,93463,545,1032,4963,
74.15057361522233,93463,545,1031,4964,
74.15077460864298,93463,545,1030,4965,
74.155079542873,93462,546,1030,4965,
74.16073421883794,93461,547,1030,4965,
74.17288675160235,93460,548,1030,4965,
74.17398314608228,93459,549,1030,4965,
74.17632375473167,93459,549,1029,4966,
74.1764525288239,93459,548,1030,4966,
74.18081406050749,93459,547,1031,4966,
74.18378308925924,93459,547,1030,4967,
74.18620453290956,93458,548,1030,4967,
74.19248436588545,93458,548,1029,4968,
74.1929455529662,93458,547,1030,4968,
74.1992323146203,93457,548,1030,4968,
74.20041127003665,93457,548,1029,4969,
74.20783159121441,93457,548,1028,4970,
74.21128215567234,93456,549,1028,4970,
74.21476642895907,93456,548,1029,4970,
74.21797148967812,93456,548,1028,4971,
74.21951640902044,93456,547,1029,4971,
74.21963774161259,93455,548,1029,4971,
74.22047111718148,93455,547,1030,4971,
74.24237014583508,93455,546,1031,4971,
74.24743000893173,93455,546,1030,4972,
74.2507641859753,93454,547,1030,4972,
74.25718923294485,93454,546,1031,4972,
74.26105987550731,93454,546,1030,4973,
74.26155725129603,93454,546,1029,4974,
74.26410229447217,93454,545,1030,4974,
74.26546893423557,93454,545,1029,4975,
74.26620319454156,93454,544,1030,4975,
74.2694918445157,93454,544,1029,4976,
74.27012277448868,93454,543,1030,4976,
74.27235768234567,93454,543,1029,4977,
74.27332523281082,93454,542,1030,4977,
74.2776760147377,93453,543,1030,4977,
74.28005796775204,93453,543,1029,4978,
74.28138971204997,93453,543,1028,4979,
74.2857012549021,93453,542,1029,4979,
74.28708736632335,93453,541,1030,4979,
74.28855952895893,93453,541,1029,4980,
74.29008774137323,93452,542,1029,4980,
74.29341542953252,93452,541,1030,4980,
74.29581816621425,93452,540,1031,4980,
74.30812157454153,93451,541,1031,4980,
74.31564347751387,93451,540,1032,4980,
74.32171380555361,93451,540,1031,4981,
74.32508841248745,93450,541,1031,4981,
74.32531919839897,93450,541,1030,4982,
74.32615629841484,93450,540,1031,4982,
74.32676702208462,93450,539,1032,4982,
74.32700844830323,93450,538,1033,4982,
74.33173588607316,93450,538,1032,4983,
74.33282058804448,93449,539,1032,4983,
74.3350064102763,93449,538,1033,4983,
74.33552949501004,93449,537,1034,4983,
74.34132018981836,93448,538,1034,4983,
74.3540806033575,93448,538,1033,4984,
74.3556046922891,93447,539,1033,4984,
74.35611853927674,93447,538,1034,4984,
74.35817759035479,93447,538,1033,4985,
74.36386522367137,93446,539,1033,4985,
74.36494386061561,93446,538,1034,4985,
74.36661356948437,93446,538,1033,4986,
74.36812196998864,93446,537,1034,4986,
74.37020083032537,93445,538,1034,4986,
74.37302228839957,93445,538,1033,4987,
74.37591525854893,93444,539,1033,4987,
74.37947103451985,93443,540,1033,4987,
74.38351759723216,93443,540,1032,4988,
74.3842498358321,93443,540,1031,4989,
74.38461730384884,93443,539,1032,4989,
74.38601695094283,93443,539,1031,4990,
74.39180344924607,93443,539,1030,4991,
74.39237969739689,93443,538,1031,4991,
74.40106984102331,93443,538,1030,4992,
74.40339290441489,93442,539,1030,4992,
74.40406251020924,93442,538,1031,4992,
74.40481335176432,93442,538,1030,4993,
74.40692928608911,93442,537,1031,4993,
74.40785363455988,93442,536,1032,4993,
74.40879421174165,93442,536,1031,4994,
74.41460100425314,93442,536,1030,4995,
74.41536169654901,93442,535,1031,4995,
74.41971626843983,93442,535,1030,4996,
74.42041951246571,93441,536,1030,4996,
74.43336527779174,93441,535,1031,4996,
74.43633226567897,93441,535,1030,4997,
74.44261603272884,93440,536,1030,4997,
74.44306578742103,93440,535,1031,4997,
74.45106591956313,93440,535,1030,4998,
74.45336254170229,93440,534,1031,4998,
74.4537818816602,93440,534,1030,4999,
74.46119300626104,93440,534,1029,5000,
74.4701954172309,93440,534,1028,5001,
74.47067527140683,93440,533,1029,5001,
74.47162417931203,93440,532,1030,5001,
74.47973574901712,93440,532,1029,5002,
74.48238700913558,93440,532,1028,5003,
74.48348557416642,93440,531,1029,5003,
74.48460563835039,93440,531,1028,5004,
74.48529792514067,93440,531,1027,5005,
74.49178794832297,93439,532,1027,5005,
74.49353605157734,93439,531,1028,5005,
74.49359004110308,93439,531,1027,5006,
74.49519145327893,93439,530,1028,5006,
74.50463785019399,93439,530,1027,5007,
74.50820920944733,93438,531,1027,5007,
74.51048576454954,93437,532,1027,5007,
74.51577458986563,93437,531,1028,5007,
74.52238555473151,93436,532,1028,5007,
74.5256015803536,93436,532,1027,5008,
74.52773591506616,93436,532,1026,5009,
74.53058507977748,93435,533,1026,5009,
74.53192832462054,93435,533,1025,5010,
74.53331634859555,93435,532,1026,5010,
74.53642025147374,93434,533,1026,5010,
74.54049885454909,93434,533,1025,5011,
74.54329780591249,93433,534,1025,5011,
74.54391719184281,93433,534,1024,5012,
74.54790366216977,93432,535,1024,5012,
74.54822188890464,93432,534,1025,5012,
74.5511072203292,93432,533,1026,5012,
74.5538497846266,93432,533,1025,5013,
74.55417082571762,93432,532,1026,5013,
74.55474140452715,93431,533,1026,5013,
74.55483665622569,93431,532,1027,5013,
74.555665036081,93431,531,1028,5013,
74.55651780321844,93430,532,1028,5013,
74.55824083991408,93429,533,1028,5013,
74.55967991643824,93429,533,1027,5014,
74.5619789044725,93429,532,1028,5014,
74.5642344146193,93429,532,1027,5015,
74.56603943305315,93428,533,1027,5015,
74.57220767970635,93428,533,1026,5016,
74.57233837170412,93427,534,1026,5016,
74.5753463443791,93427,534,1025,5017,
74.57697243972795,93427,533,1026,5017,
74.58477261606477,93426,534,1026,5017,
74.58540179468214,93426,534,1025,5018,
74.58988848768868,93425,535,1025,5018,
74.59572232143758,93424,536,1025,5018,
74.59658355469216,93423,537,1025,5018,
74.59751525511314,93423,537,1024,5019,
74.60179338467145,93423,536,1025,5019,
74.60505415836491,93422,537,1025,5019,
74.61413735058616,93421,538,1025,5019,
74.61413824805447,93421,538,1024,5020,
74.6182940867964,93420,539,1024,5020,
74.62006364653676,93420,539,1023,5021,
74.6218472458576,93420,539,1022,5022,
74.62187758481255,93420,538,1023,5022,
74.62278599874662,93420,538,1022,5023,
74.62450190198687,93420,537,1023,5023,
74.62716206690199,93420,537,1022,5024,
74.62778803338772,93420,537,1021,5025,
74.63387893010251,93420,537,1020,5026,
74.63864495384777,93420,536,1021,5026,
74.64909130289516,93420,536,1020,5027,
74.6524303662063,93419,537,1020,5027,
74.66165022667668,93419,537,1019,5028,
74.66280851970225,93419,537,1018,5029,
74.66610687557355,93419,536,1019,5029,
74.68205512050005,93419,536,1018,5030,
74.68432344872595,93419,535,1019,5030,
74.69265790879928,93419,535,1018,5031,
74.6927180768589,93419,535,1017,5032,
74.69344923648224,93419,535,1016,5033,
74.69651416639661,93419,534,1017,5033,
74.69675133791763,93418,535,1017,5033,
74.69800146544718,93417,536,1017,5033,
74.70854768486569,93417,536,1016,5034,
74.7094854004049,93417,535,1017,5034,
74.71081927806262,93417,535,1016,5035,
74.71269566737462,93417,535,1015,5036,
74.71308484955804,93417,534,1016,5036,
74.71979032875339,93417,533,1017,5036,
74.72061400524811,93416,534,1017,5036,
74.72680668850774,93415,535,1017,5036,
74.73289542091243,93414,536,1017,5036,
74.73402698105731,93414,535,1018,5036,
74.740113290171,93414,535,1017,5037,
74.74104682516533,93414,534,1018,5037,
74.74119282437744,93414,534,1017,5038,
74.75056602658596,93414,534,1016,5039,
74.75673354243938,93414,533,1017,5039,
74.76027277696859,93414,532,1018,5039,
74.76639113654701,93414,532,1017,5040,
74.770604323475,93414,531,1018,5040,
74.78794277848192,93413,532,1018,5040,
74.78926933973781,93412,533,1018,5040,
74.79463713419364,93411,534,1018,5040,
74.80451605373705,93411,534,1017,5041,
74.80575889783128,93411,534,1016,5042,
74.80774072044144,93410,535,1016,5042,
74.8120609399432,93410,534,1017,5042,
74.81512944969671,93409,535,1017,5042,
74.8190846148694,93409,534,1018,5042,
74.82449909677912,93409,534,1017,5043,
74.82909289493671,93409,534,1016,5044,
74.83281390948957,93409,534,1015,5045,
74.83294301972458,93408,535,1015,5045,
74.83770482338063,93408,535,1014,5046,
74.83970196836623,93407,536,1014,5046,
74.84063589760629,93407,535,1015,5046,
74.85340975662949,93407,534,1016,5046,
74.85695285092433,93406,535,1016,5046,
74.85890668023613,93406,535,1015,5047,
74.8590411696265,93406,534,1016,5047,
74.86445800342167,93405,535,1016,5047,
74.86601382643983,93405,535,1015,5048,
74.86605419599918,93405,535,1014,5049,
74.86836823397252,93405,535,1013,5050,
74.86903595126223,93405,534,1014,5050,
74.86920383707344,93404,535,1014,5050,
74.87410877194719,93404,534,1015,5050,
74.87464465349598,93404,533,1016,5050,
74.87836375041947,93404,532,1017,5050,
74.88092288770511,93404,531,1018,5050,
74.8842940330313,93403,532,1018,5050,
74.88549459222892,93403,532,1017,5051,
74.88583661181275,93403,532,1016,5052,
74.89031469011785,93403,532,1015,5053,
74.89510736824347,93403,532,1014,5054,
74.89963154806904,93403,532,1013,5055,
74.90241841071806,93403,531,1014,5055,
74.90280789101053,93403,531,1013,5056,
74.90301180098729,93403,531,1012,5057,
74.91097187558866,93403,531,1011,5058,
74.92145710446451,93403,531,1010,5059,
74.92295681181275,93403,530,1011,5059,
74.92383902972333,93402,531,1011,5059,
74.92544002759277,93402,531,1010,5060,
74.92903401298112,93402,531,1009,5061,
74.92981483708775,93401,532,1009,5061,
74.93173428103371,93400,533,1009,5061,
74.93176580653072,93400,533,1008,5062,
74.93561349769739,93400,532,1009,5062,
74.93755430372757,93400,531,1010,5062,
74.93792789691925,93400,530,1011,5062,
74.94061291546303,93400,530,1010,5063,
74.94106600661796,93400,530,1009,5064,
74.9427130131409,93400,530,1008,5065,
74.94770067296777,93400,530,1007,5066,
74.95004672487192,93399,531,1007,5066,
74.95784213699633,93399,531,1006,5067,
74.96241044135772,93399,531,1005,5068,
74.96387784849908,93399,530,1006,5068,
74.97612601749807,93399,530,1005,5069,
74.97822869022903,93399,529,1006,5069,
74.97829746418145,93399,528,1007,5069,
74.98596985996397,93398,529,1007,5069,
74.99128656112244,93398,528,1008,5069,
74.99469583887887,93397,529,1008,5069,
74.9962059741936,93397,529,1007,5070,
74.99623973106344,93397,529,1006,5071,
75.00785926617938,93396,530,1006,5071,
75.01012615761012,93396,529,1007,5071,
75.01079379998153,93395,530,1007,5071,
75.01612090498222,93395,529,1008,5071,
75.01843392023001,93395,529,1007,5072,
75.02006765304242,93394,530,1007,5072,
75.0205741674454,93394,530,1006,5073,
75.02117623982517,93393,531,1006,5073,
75.02636639300022,93392,532,1006,5073,
75.02651745876699,93392,531,1007,5073,
75.0288621320158,93392,531,1006,5074,
75.03790635580572,93392,530,1007,5074,
75.0398776765457,93392,529,1008,5074,
75.04678195580306,93392,528,1009,5074,
75.04682910841296,93392,528,1008,5075,
75.04706325183119,93392,528,1007,5076,
75.04764607023581,93392,527,1008,5076,
75.04950858262168,93392,526,1009,5076,
75.05712462262069,93392,526,1008,5077,
75.05762914844766,93392,526,1007,5078,
75.05935068281507,93392,526,1006,5079,
75.06376140835258,93392,525,1007,5079,
75.06634115419634,93392,524,1008,5079,
75.0669775468192,93392,524,1007,5080,
75.07105416652934,93392,523,1008,5080,
75.0711899072106,93392,522,1009,5080,
75.07131456245557,93391,523,1009,5080,
75.07417289741284,93391,522,1010,5080,
75.07617211182998,93391,521,1011,5080,
75.07646077419898,93391,521,1010,5081,
75.08969785806454,93391,521,1009,5082,
75.09324673568275,93391,521,1008,5083,
75.09513692039856,93391,521,1007,5084,
75.10085127382085,93390,522,1007,5084,
75.10203053583353,93389,523,1007,5084,
75.10231985068859,93389,522,1008,5084,
75.10234901106777,93389,522,1007,5085,
75.10900316894897,93388,523,1007,5085,
75.11125453018519,93388,523,1006,5086,
75.11682533228914,93388,523,1005,5087,
75.12288995899138,93388,523,1004,5088,
75.12344771752437,93387,524,1004,5088,
75.123953233182,93386,525,1004,5088,
75.12592993302589,93386,524,1005,5088,
75.12779643489849,93385,525,1005,5088,
75.1338593515734,93385,525,1004,5089,
75.13924978323828,93384,526,1004,5089,
75.13998125692284,93383,527,1004,5089,
75.14663877704703,93383,526,1005,5089,
75.1510596543258,93382,527,1005,5089,
75.15183660031839,93382,527,1004,5090,
75.15459965415958,93381,528,1004,5090,
75.15575604217914,93381,527,1005,5090,
75.15995050792762,93381,527,1004,5091,
75.16162451207661,93381,526,1005,5091,
75.16424336673899,93381,526,1004,5092,
75.1686787447649,93380,527,1004,5092,
75.16951036062942,93379,528,1004,5092,
75.17617139427948,93379,527,1005,5092,
75.17910717844819,93379,527,1004,5093,
75.18259078570779,93379,526,1005,5093,
75.18444625694701,93379,526,1004,5094,
75.18762075338853,93379,525,1005,5094,
75.18986354184581,93378,526,1005,5094,
75.19060447234884,93377,527,1005,5094,
75.1926010643684,93376,528,1005,5094,
75.19544077163866,93376,528,1004,5095,
75.19878448430946,93376,528,1003,5096,
75.1997185970242,93376,527,1004,5096,
75.20336138912606,93376,526,1005,5096,
75.20415239451287,93376,526,1004,5097,
75.20429162210507,93375,527,1004,5097,
75.21902988171574,93374,528,1004,5097,
75.22614718190864,93374,527,1005,5097,
75.22989037720701,93374,527,1004,5098,
75.23072260879135,93374,527,1003,5099,
75.2364101584593,93373,528,1003,5099,
75.2373075392656,93372,529,1003,5099,
75.23983742070064,93371,530,1003,5099,
75.23988427457965,93371,530,1002,5100,
75.24150313399596,93371,530,1001,5101,
75.24527198565966,93370,531,1001,5101,
75.24590747971934,93369,532,1001,5101,
75.2484017047235,93369,532,1000,5102,
75.24950307441223,93368,533,1000,5102,
75.25034886274312,93368,532,1001,5102,
75.25108563797846,93368,531,1002,5102,
75.25429862216659,93368,530,1003,5102,
75.25884906235584,93368,529,1004,5102,
75.25980844633298,93368,528,1005,5102,
75.26563770322853,93368,527,1006,5102,
75.27023836967552,93367,528,1006,5102,
75.28025218019647,93367,527,1007,5102,
75.28101427106833,93367,527,1006,5103,
75.29185608648254,93367,527,1005,5104,
75.29759604074489,93367,526,1006,5104,
75.29801132776045,93367,525,1007,5104,
75.29931579363162,93366,526,1007,5104,
75.29978252380235,93366,526,1006,5105,
75.30609130396228,93366,525,1007,5105,
75.30977482149736,93366,525,1006,5106,
75.31118037424568,93366,525,1005,5107,
75.31210652607844,93366,524,1006,5107,
75.31788535388422,93366,524,1005,5108,
75.32961022184317,93366,523,1006,5108,
75.3346089597178,93366,522,1007,5108,
75.34123213982414,93366,521,1008,5108,
75.34127513416483,93366,520,1009,5108,
75.3423591203921,93366,519,1010,5108,
75.3468498782067,93366,519,1009,5109,
75.35125056936359,93366,518,1010,5109,
75.35151029607447,93365,519,1010,5109,
75.35846264529482,93365,519,1009,5110,
75.35884094601812,93365,519,1008,5111,
75.36229875373036,93364,520,1008,5111,
75.36835011566619,93364,520,1007,5112,
75.36884514653302,93364,520,1006,5113,
75.37453460759022,93363,521,1006,5113,
75.37528006927633,93363,521,1005,5114,
75.37556296015576,93363,521,1004,5115,
75.3788326728688,93363,521,1003,5116,
75.38017723480938,93363,520,1004,5116,
75.38104669053527,93363,520,1003,5117,
75.38293885458069,93363,520,1002,5118,
75.38782079028876,93363,519,1003,5118,
75.38914004123338,93363,518,1004,5118,
75.39128601391066,93362,519,1004,5118,
75.39554004738228,93362,518,1005,5118,
75.39626112096076,93362,518,1004,5119,
75.40058982208328,93362,518,1003,5120,
75.40124291888294,93362,518,1002,5121,
75.40162536766275,93361,519,1002,5121,
75.40454659535675,93361,518,1003,5121,
75.40510950124617,93361,518,1002,5122,
75.41086586351099,93361,518,1001,5123,
75.41316918075319,93361,518,1000,5124,
75.41672999007056,93361,518,999,5125,
75.42432979384226,93361,517,1000,5125,
75.43496527261166,93361,516,1001,5125,
75.43669806521626,93361,515,1002,5125,
75.43802143066775,93361,514,1003,5125,
75.45279886675151,93361,514,1002,5126,
75.45426098709645,93361,514,1001,5127,
75.45521019999155,93360,515,1001,5127,
75.45618440244549,93359,516,1001,5127,
75.46136826353374,93359,516,1000,5128,
75.46204016602388,93359,515,1001,5128,
75.466473497079,93359,514,1002,5128,
75.46913564429664,93358,515,1002,5128,
75.49039655646449,93358,514,1003,5128,
75.49157865627926,93358,514,1002,5129,
75.5059563228605,93358,513,1003,5129,
75.50909553791021,93358,512,1004,5129,
75.51832177614887,93358,512,1003,5130,
75.52225863980925,93358,511,1004,5130,
75.52247084294133,93357,512,1004,5130,
75.52328953949731,93357,512,1003,5131,
75.52427241959836,93357,512,1002,5132,
75.52466274482057,93357,512,1001,5133,
75.53285791775444,93357,512,1000,5134,
75.53960741565263,93356,513,1000,5134,
75.54174715759565,93356,513,999,5135,
75.54466223838851,93356,512,1000,5135,
75.54667455319498,93355,513,1000,5135,
75.54984689021946,93354,514,1000,5135,
75.55253759696917,93353,515,1000,5135,
75.55692783209427,93353,515,999,5136,
75.55708553712165,93353,514,1000,5136,
75.55947956840885,93353,514,999,5137,
75.56766441013474,93353,513,1000,5137,
75.57079703984762,93353,512,1001,5137,
75.57167498880096,93352,513,1001,5137,
75.57222207186399,93352,513,1000,5138,
75.57535146001558,93352,512,1001,5138,
75.57583786617707,93352,512,1000,5139,
75.58593469975295,93352,511,1001,5139,
75.58668761534891,93352,510,1002,5139,
75.59232382579843,93352,509,1003,5139,
75.59392051076017,93352,509,1002,5140,
75.60297648114373,93352,508,1003,5140,
75.60833142244871,93352,507,1004,5140,
75.60943261758882,93352,507,1003,5141,
75.6143724666496,93352,507,1002,5142,
75.61519504890882,93352,507,1001,5143,
75.61819487709312,93352,507,1000,5144,
75.61860947136063,93352,507,999,5145,
75.62267288657641,93352,507,998,5146,
75.62427485096748,93352,507,997,5147,
75.6262439820091,93352,506,998,5147,
75.63324820483392,93352,505,999,5147,
75.63396898009255,93352,505,998,5148,
75.63894235123232,93352,505,997,5149,
75.64030668946322,93352,504,998,5149,
75.64043018932252,93352,503,999,5149,
75.6434944031534,93352,503,998,5150,
75.64627297897601,93352,502,999,5150,
75.65055307982291,93352,502,998,5151,
75.65128049585346,93352,502,997,5152,
75.65801829897916,93352,502,996,5153,
75.664404663719,93352,501,997,5153,
75.6658143741151,93352,500,998,5153,
75.67323843856127,93352,500,997,5154,
75.67475599399019,93352,500,996,5155,
75.68041763340051,93352,500,995,5156,
75.68084460553604,93352,500,994,5157,
75.68110133482378,93352,499,995,5157,
75.68195698958885,93352,498,996,5157,
75.6821766233569,93351,499,996,5157,
75.69053705237343,93351,498,997,5157,
75.69131111748108,93351,498,996,5158,
75.6973522572424,93350,499,996,5158,
75.6996328655337,93349,500,996,5158,
75.70006425092075,93349,499,997,5158,
75.70011219341141,93348,500,997,5158,
75.70251373701058,93348,499,998,5158,
75.70257785385286,93348,498,999,5158,
75.7149815840251,93348,498,998,5159,
75.71518949044567,93347,499,998,5159,
75.71631934978296,93347,499,997,5160,
75.71633192954678,93347,499,996,5161,
75.72684752151216,93347,499,995,5162,
75.72932816061606,93347,499,994,5163,
75.73569084374472,93347,498,995,5163,
75.73898000773967,93347,497,996,5163,
75.74039172515467,93347,496,997,5163,
75.7405322689757,93347,496,996,5164,
75.743289167749,93347,495,997,5164,
75.74663476624336,93347,495,996,5165,
75.74735963016819,93346,496,996,5165,
75.74743077394581,93345,497,996,5165,
75.74852741027492,93344,498,996,5165,
75.75368640916602,93343,499,996,5165,
75.75424003058525,93342,500,996,5165,
75.75495095597218,93341,501,996,5165,
75.75870190638243,93341,501,995,5166,
75.76909132328204,93341,500,996,5166,
75.77146516144435,93341,500,995,5167,
75.77406579537939,93341,500,994,5168,
75.77666618316212,93341,499,995,5168,
75.7806851817199,93341,499,994,5169,
75.78109994488712,93341,498,995,5169,
75.78130015417466,93341,498,994,5170,
75.78188452671114,93341,498,993,5171,
75.78668867951083,93341,497,994,5171,
75.78742893973147,93341,497,993,5172,
75.79001874141781,93340,498,993,5172,
75.79704246630149,93340,497,994,5172,
75.8077984019873,93339,498,994,5172,
75.81014810913646,93338,499,994,5172,
75.81127326913547,93338,499,993,5173,
75.81710159027625,93338,498,994,5173,
75.82254666764935,93338,498,993,5174,
75.82736081490063,93338,498,992,5175,
75.8278398619966,93338,498,991,5176,
75.83342398847698,93338,497,992,5176,
75.83917355654931,93337,498,992,5176,
75.83964248215105,93336,499,992,5176,
75.84438833523578,93335,500,992,5176,
75.84478572052863,93334,501,992,5176,
75.84487726472682,93333,502,992,5176,
75.85220702604562,93333,501,993,5176,
75.85325157521409,93333,500,994,5176,
75.85840053755346,93332,501,994,5176,
75.85890050450624,93332,501,993,5177,
75.86239643605214,93332,501,992,5178,
75.86681323916696,93332,501,991,5179,
75.8719520987865,93332,501,990,5180,
75.87236696051474,93331,502,990,5180,
75.87576648289925,93330,503,990,5180,
75.8759146792369,93330,502,991,5180,
75.87739611917465,93330,502,990,5181,
75.88751533017022,93329,503,990,5181,
75.89052375577913,93329,503,989,5182,
75.89079159570609,93329,502,990,5182,
75.89230324650376,93329,502,989,5183,
75.89372521336874,93329,502,988,5184,
75.90070224659969,93329,501,989,5184,
75.90756697795621,93329,501,988,5185,
75.91410171691018,93329,501,987,5186,
75.91677232853274,93329,500,988,5186,
75.92007981961476,93328,501,988,5186,
75.9268678867783,93328,501,987,5187,
75.93182425020949,93328,500,988,5187,
75.935745964083,93327,501,988,5187,
75.93629159692966,93326,502,988,5187,
75.93782776891294,93325,503,988,5187,
75.9387564925933,93325,503,987,5188,
75.93896359825062,93325,503,986,5189,
75.93937652173591,93325,502,987,5189,
75.94082708238471,93325,501,988,5189,
75.944726902561,93325,501,987,5190,
75.94476705288879,93325,501,986,5191,
75.94513491759122,93325,501,985,5192,
75.94865771712496,93325,501,984,5193,
75.95957623800612,93325,500,985,5193,
75.96232220179846,93325,499,986,5193,
75.96342437834352,93325,499,985,5194,
75.9666025252621,93324,500,985,5194,
75.9690782859449,93324,500,984,5195,
75.97053021884926,93324,500,983,5196,
75.97106121743192,93324,499,984,5196,
75.98001579191312,93324,498,985,5196,
75.98160913280852,93324,497,986,5196,
75.98196643665253,93324,497,985,5197,
75.9876509325992,93323,498,985,5197,
75.98909821608407,93323,498,984,5198,
75.99067500091725,93322,499,984,5198,
75.99438005328055,93322,499,983,5199,
75.99586466781528,93322,498,984,5199,
75.9991451604111,93321,499,984,5199,
76.00256351433313,93321,499,983,5200,
76.00933792754276,93321,498,984,5200,
76.01997527419124,93321,497,985,5200,
76.02045355460042,93321,496,986,5200,
76.02688124170939,93321,496,985,5201,
76.02769853007943,93321,495,986,5201,
76.03632143899796,93320,496,986,5201,
76.03982752642321,93320,496,985,5202,
76.04083433453896,93320,496,984,5203,
76.04095319188517,93320,496,983,5204,
76.04176592678701,93320,496,982,5205,
76.04967536829712,93320,495,983,5205,
76.05422354704339,93320,495,982,5206,
76.05427390130946,93320,495,981,5207,
76.06024049510484,93320,495,980,5208,
76.06104908299073,93320,494,981,5208,
76.0705228714468,93320,494,980,5209,
76.07146841927167,93320,493,981,5209,
76.07974304140015,93320,492,982,5209,
76.08311947893678,93319,493,982,5209,
76.08838100803612,93318,494,982,5209,
76.0910491921189,93318,494,981,5210,
76.09457053162184,93317,495,981,5210,
76.09573942860628,93317,494,982,5210,
76.09613639978801,93317,493,983,5210,
76.09765228525072,93317,493,982,5211,
76.1008556913276,93317,493,981,5212,
76.10250215150961,93317,492,982,5212,
76.10684904674869,93317,492,981,5213,
76.11376714373883,93317,492,980,5214,
76.11422840429421,93316,493,980,5214,
76.11525436364354,93316,493,979,5215,
76.12014119116188,93316,492,980,5215,
76.12084925062203,93316,492,979,5216,
76.12318706274122,93315,493,979,5216,
76.12392481757085,93315,493,978,5217,
76.12394603166692,93315,492,979,5217,
76.13089668986792,93315,491,980,5217,
76.13626752528879,93315,490,981,5217,
76.14763574676243,93315,490,980,5218,
76.1508586823048,93315,489,981,5218,
76.15261595362092,93315,489,980,5219,
76.15797586526327,93315,489,979,5220,
76.15851146822529,93315,489,978,5221,
76.1652981960504,93315,489,977,5222,
76.1677303689853,93315,488,978,5222,
76.16939969275846,93315,487,979,5222,
76.1758523152913,93315,486,980,5222,
76.18075229941944,93314,487,980,5222,
76.18804654943682,93314,487,979,5223,
76.18899966948733,93314,486,980,5223,
76.18977893016259,93314,486,979,5224,
76.19169135509377,93314,486,978,5225,
76.19359274474512,93314,486,977,5226,
76.19670245614897,93313,487,977,5226,
76.20174850660042,93312,488,977,5226,
76.20211882612098,93312,487,978,5226,
76.20685152123167,93312,486,979,5226,
76.21541473892053,93311,487,979,5226,
76.2174357747276,93311,487,978,5227,
76.22143200654409,93310,488,978,5227,
76.22246796037524,93309,489,978,5227,
76.22536534799455,93308,490,978,5227,
76.23765112352186,93307,491,978,5227,
76.23770087213651,93307,490,979,5227,
76.23931702398798,93307,490,978,5228,
76.24032682579312,93307,489,979,5228,
76.24132191780272,93307,488,980,5228,
76.24484175574071,93307,487,981,5228,
76.2552757554868,93306,488,981,5228,
76.25544865143097,93305,489,981,5228,
76.25631921771989,93305,489,980,5229,
76.27226097125263,93305,488,981,5229,
76.28608170922669,93304,489,981,5229,
76.28953810675125,93304,489,980,5230,
76.29180881448352,93304,488,981,5230,
76.29799280881218,93304,487,982,5230,
76.29831527815003,93303,488,982,5230,
76.30978268224057,93303,488,981,5231,
76.31182649687425,93303,488,980,5232,
76.3121196784264,93303,488,979,5233,
76.3132416686197,93303,487,980,5233,
76.31474369565382,93303,486,981,5233,
76.31519655739825,93303,485,982,5233,
76.31640325239749,93303,485,981,5234,
76.31795440895849,93302,486,981,5234,
76.31881623611733,93302,486,980,5235,
76.31898373147857,93302,486,979,5236,
76.32126479145623,93302,486,978,5237,
76.3250382658754,93302,486,977,5238,
76.33143947448869,93302,485,978,5238,
76.33337683333367,93302,484,979,5238,
76.34163445698002,93301,485,979,5238,
76.34496460055466,93301,485,978,5239,
76.3484643353281,93301,484,979,5239,
76.34954332122251,93301,484,978,5240,
76.3514322008372,93301,484,977,5241,
76.36079365941484,93300,485,977,5241,
76.36245130045697,93299,486,977,5241,
76.37099199622165,93299,485,978,5241,
76.37850959390907,93299,485,977,5242,
76.3865932544968,93299,485,976,5243,
76.39163736562033,93298,486,976,5243,
76.40774203373772,93298,486,975,5244,
76.40956745875243,93298,486,974,5245,
76.41364990343746,93298,485,975,5245,
76.41929274152272,93298,485,974,5246,
76.4205768633539,93297,486,974,5246,
76.42195402728612,93297,486,973,5247,
76.42713935152705,93297,486,972,5248,
76.43262905347623,93297,486,971,5249,
76.43392790413225,93296,487,971,5249,
76.43695877738887,93295,488,971,5249,
76.44597429423868,93295,488,970,5250,
76.44650472944734,93295,488,969,5251,
76.45013492864277,93295,488,968,5252,
76.45074048431893,93295,487,969,5252,
76.45234104502151,93294,488,969,5252,
76.4598582198244,93294,488,968,5253,
76.46550093623976,93293,489,968,5253,
76.46565347630744,93292,490,968,5253,
76.47482381169122,93291,491,968,5253,
76.48389640305889,93291,491,967,5254,
76.48527820402956,93291,490,968,5254,
76.48605666202212,93291,490,967,5255,
76.4885996533188,93290,491,967,5255,
76.48877284390113,93290,490,968,5255,
76.49269146606105,93290,489,969,5255,
76.49290008071584,93290,489,968,5256,
76.49357703099125,93290,489,967,5257,
76.49510858473408,93290,488,968,5257,
76.49703201190705,93290,487,969,5257,
76.50392607591006,93290,487,968,5258,
76.50764958788027,93290,487,967,5259,
76.51265566422109,93290,487,966,5260,
76.51622006127437,93290,487,965,5261,
76.51803758361247,93290,486,966,5261,
76.51929821941407,93289,487,966,5261,
76.52367770250845,93288,488,966,5261,
76.52526479616793,93287,489,966,5261,
76.53006209102517,93287,489,965,5262,
76.53057138471992,93286,490,965,5262,
76.53263253669063,93286,490,964,5263,
76.53287805655334,93285,491,964,5263,
76.53698088204786,93285,490,965,5263,
76.54119364892158,93285,490,964,5264,
76.54749661597121,93284,491,964,5264,
76.55046904598902,93284,491,963,5265,
76.55499655027577,93284,490,964,5265,
76.5557902564731,93284,489,965,5265,
76.5623626392599,93284,489,964,5266,
76.56469111601012,93284,488,965,5266,
76.5648791305047,93284,487,966,5266,
76.56787883210936,93283,488,966,5266,
76.56795798178058,93283,488,965,5267,
76.56875099174616,93283,488,964,5268,
76.57498161255606,93283,487,965,5268,
76.57566419598598,93283,487,964,5269,
76.57728329306013,93283,487,963,5270,
76.57860976642614,93283,486,964,5270,
76.58098512524134,93283,486,963,5271,
76.58182542837366,93283,485,964,5271,
76.58909394120177,93282,486,964,5271,
76.59145905521859,93281,487,964,5271,
76.60171798998671,93281,487,963,5272,
76.60274632001222,93280,488,963,5272,
76.60455881856173,93280,488,962,5273,
76.61008616408475,93280,487,963,5273,
76.61121117396422,93280,486,964,5273,
76.61278870144066,93280,486,963,5274,
76.61523228927783,93279,487,963,5274,
76.61767332395384,93278,488,963,5274,
76.62269002565702,93278,487,964,5274,
76.62545344912812,93278,487,963,5275,
76.62583046739157,93278,487,962,5276,
76.62793384179497,93278,486,963,5276,
76.63449377761788,93278,486,962,5277,
76.63478842099089,93277,487,962,5277,
76.63615800792383,93276,488,962,5277,
76.6363327734459,93276,487,963,5277,
76.63850165669821,93276,487,962,5278,
76.64131497192979,93276,487,961,5279,
76.64476715290061,93276,487,960,5280,
76.64551388657,93276,487,959,5281,
76.64666452707178,93275,488,959,5281,
76.64691108438225,93275,488,958,5282,
76.6479144653004,93275,488,957,5283,
76.64842769477323,93275,487,958,5283,
76.6537040875924,93275,487,957,5284,
76.65568357540883,93275,486,958,5284,
76.6568729568,93274,487,958,5284,
76.65750329915218,93274,486,959,5284,
76.65915988717543,93274,486,958,5285,
76.65999550893191,93274,486,957,5286,
76.67078117559821,93274,485,958,5286,
76.67322277344238,93274,485,957,5287,
76.67435049577152,93274,484,958,5287,
76.67996335513476,93274,483,959,5287,
76.68402590551752,93273,484,959,5287,
76.68626342367267,93273,484,958,5288,
76.68690802390185,93273,483,959,5288,
76.70068865940365,93273,483,958,5289,
76.70347677676185,93272,484,958,5289,
76.71500015031286,93272,484,957,5290,
76.71787016175035,93271,485,957,5290,
76.72252410164532,93270,486,957,5290,
76.73063194524602,93269,487,957,5290,
76.73159172813124,93268,488,957,5290,
76.73201848681413,93268,488,956,5291,
76.73713382613346,93267,489,956,5291,
76.74129665763581,93266,490,956,5291,
76.74367272438292,93266,490,955,5292,
76.74871799268979,93266,490,954,5293,
76.76067817719006,93266,490,953,5294,
76.76148704843413,93266,489,954,5294,
76.76828037855395,93266,489,953,5295,
76.77484740086415,93266,489,952,5296,
76.77756854702125,93266,489,951,5297,
76.77971789712151,93265,490,951,5297,
76.79205616868748,93264,491,951,5297,
76.7946272045122,93263,492,951,5297,
76.80822887093845,93263,492,950,5298,
76.81976036048064,93263,492,949,5299,
76.8254174041383,93263,491,950,5299,
76.83062300655892,93263,490,951,5299,
76.83234547985379,93262,491,951,5299,
76.83480679648957,93262,490,952,5299,
76.84642923954469,93261,491,952,5299,
76.85456938295471,93261,490,953,5299,
76.85471470821561,93261,490,952,5300,
76.86159490665875,93261,490,951,5301,
76.86387947116329,93261,490,950,5302,
76.86815106065072,93260,491,950,5302,
76.87350412607617,93259,492,950,5302,
76.87354511557005,93259,492,949,5303,
76.88269808633592,93258,493,949,5303,
76.88630421820332,93258,493,948,5304,
76.8883508048246,93257,494,948,5304,
76.89844749767983,93257,494,947,5305,
76.90370972926132,93257,493,948,5305,
76.90563794650572,93256,494,948,5305,
76.91698086726771,93256,494,947,5306,
76.9235644379891,93256,493,948,5306,
76.92885953852063,93256,492,949,5306,
76.92945756210055,93255,493,949,5306,
76.93066789784848,93254,494,949,5306,
76.94351854821491,93254,493,950,5306,
76.94369443073964,93253,494,950,5306,
76.94420493871473,93253,494,949,5307,
76.94533634633558,93252,495,949,5307,
76.94553309153608,93251,496,949,5307,
76.9568056481629,93251,496,948,5308,
76.96469618875193,93251,496,947,5309,
76.96585571247152,93251,495,948,5309,
76.96886645696118,93250,496,948,5309,
76.97402236774383,93250,495,949,5309,
76.97822795570846,93250,494,950,5309,
76.9835375801893,93250,494,949,5310,
76.9868941033831,93250,494,948,5311,
76.99458541303758,93250,493,949,5311,
77.00233996732351,93250,492,950,5311,
77.00694214189517,93249,493,950,5311,
77.01488304365728,93249,493,949,5312,
77.016232622058,93249,493,948,5313,
77.01729432436701,93249,493,947,5314,
77.0201549449085,93248,494,947,5314,
77.02208454974534,93247,495,947,5314,
77.0242463856251,93247,495,946,5315,
77.02634866897277,93246,496,946,5315,
77.02848895689976,93246,496,945,5316,
77.03313569421925,93246,496,944,5317,
77.03361470423987,93245,497,944,5317,
77.03602958633427,93245,497,943,5318,
77.0361698812111,93244,498,943,5318,
77.04540528435658,93244,497,944,5318,
77.04906300097328,93244,497,943,5319,
77.04988511048518,93243,498,943,5319,
77.05369221570297,93242,499,943,5319,
77.05856683063983,93242,498,944,5319,
77.06010333134849,93241,499,944,5319,
77.06537783420012,93241,499,943,5320,
77.06650386314682,93241,498,944,5320,
77.07149519572157,93241,497,945,5320,
77.07280438070035,93240,498,945,5320,
77.07632106185591,93240,497,946,5320,
77.08015335159698,93240,496,947,5320,
77.0830513874208,93240,495,948,5320,
77.08812012181181,93240,494,949,5320,
77.090006547491,93240,493,950,5320,
77.0931516579025,93240,493,949,5321,
77.09577962984115,93240,492,950,5321,
77.10470232531284,93240,492,949,5322,
77.10669428049034,93240,492,948,5323,
77.11171585755963,93240,492,947,5324,
77.11427363503788,93240,491,948,5324,
77.12078780976066,93240,491,947,5325,
77.1218623669765,93239,492,947,5325,
77.12222177617853,93239,491,948,5325,
77.12594372093773,93239,490,949,5325,
77.12651254109808,93238,491,949,5325,
77.1283093200481,93238,490,950,5325,
77.12896780129427,93238,489,951,5325,
77.12966751984303,93237,490,951,5325,
77.13201091867202,93237,489,952,5325,
77.13369552914602,93237,488,953,5325,
77.14834950768402,93237,487,954,5325,
77.15009635036142,93236,488,954,5325,
77.15315551660841,93236,487,955,5325,
77.15994190094919,93236,487,954,5326,
77.16183733840124,93236,487,953,5327,
77.16216429444312,93236,486,954,5327,
77.16608848156409,93236,486,953,5328,
77.16666157568369,93236,485,954,5328,
77.16735776865667,93236,484,955,5328,
77.16948920340687,93236,484,954,5329,
77.17621282557738,93236,484,953,5330,
77.18368902560326,93236,484,952,5331,
77.18379084377082,93236,484,951,5332,
77.18385765971266,93236,484,950,5333,
77.1843778266792,93235,485,950,5333,
77.18670401130674,93235,484,951,5333,
77.19104437049079,93235,483,952,5333,
77.19204881898219,93235,482,953,5333,
77.1930173887335,93235,481,954,5333,
77.19702656135479,93235,481,953,5334,
77.20421580941662,93235,481,952,5335,
77.20512131742328,93234,482,952,5335,
77.20513523613316,93233,483,952,5335,
77.21968858404563,93233,483,951,5336,
77.22196599810252,93233,482,952,5336,
77.22744752785644,93233,481,953,5336,
77.23180170227829,93233,480,954,5336,
77.23304368754668,93232,481,954,5336,
77.23454984475654,93231,482,954,5336,
77.23831712497055,93231,482,953,5337,
77.2383830336961,93231,481,954,5337,
77.24440908153275,93231,481,953,5338,
77.24480466138921,93231,480,954,5338,
77.24638090157264,93231,479,955,5338,
77.24797282976432,93231,478,956,5338,
77.24882930851426,93231,478,955,5339,
77.25686671838812,93230,479,955,5339,
77.26274553524046,93230,478,956,5339,
77.28269448421365,93230,478,955,5340,
77.29110421851792,93230,478,954,5341,
77.29451598872629,93230,478,953,5342,
77.29710489804853,93229,479,953,5342,
77.29874758662963,93229,478,954,5342,
77.29933608837725,93229,478,953,5343,
77.30064366643188,93229,478,952,5344,
77.30142482393353,93228,479,952,5344,
77.31083608811448,93228,479,951,5345,
77.31323107470988,93227,480,951,5345,
77.32515626544526,93227,479,952,5345,
77.32979049461507,93227,479,951,5346,
77.3309195466476,93227,479,950,5347,
77.33499388222904,93227,478,951,5347,
77.33602513338802,93227,477,952,5347,
77.34153243681665,93227,477,951,5348,
77.3435702684444,93227,477,950,5349,
77.34607115153325,93227,477,949,5350,
77.34892028475385,93227,477,948,5351,
77.34909679479968,93227,477,947,5352,
77.34934972178024,93226,478,947,5352,
77.34987560086347,93225,479,947,5352,
77.3533676619349,93225,479,946,5353,
77.35531191475069,93224,480,946,5353,
77.36123169995031,93223,481,946,5353,
77.36253214619988,93223,481,945,5354,
77.36381478533887,93223,481,944,5355,
77.36494090553396,93222,482,944,5355,
77.36678142811016,93221,483,944,5355,
77.36927550935138,93220,484,944,5355,
77.37399287694551,93220,484,943,5356,
77.3789898006491,93220,483,944,5356,
77.38147485815398,93220,483,943,5357,
77.38434212480425,93220,483,942,5358,
77.38485361073069,93220,483,941,5359,
77.39017672812396,93219,484,941,5359,
77.39149144970474,93218,485,941,5359,
77.39275517354191,93218,485,940,5360,
77.39398192009145,93217,486,940,5360,
77.3965765258468,93216,487,940,5360,
77.39831323240347,93215,488,940,5360,
77.40205920151791,93214,489,940,5360,
77.40300434081126,93214,489,939,5361,
77.40364515502777,93213,490,939,5361,
77.40701319829974,93212,491,939,5361,
77.41253795492592,93212,490,940,5361,
77.41370324194071,93212,490,939,5362,
77.41737192781878,93211,491,939,5362,
77.41834586270284,93211,490,940,5362,
77.42213603540556,93210,491,940,5362,
77.42988259534793,93210,490,941,5362,
77.43794146408615,93210,490,940,5363,
77.44494390078242,93210,489,941,5363,
77.44566371839097,93210,489,940,5364,
77.45146979061623,93210,489,939,5365,
77.45361056186373,93210,488,940,5365,
77.45404362467633,93209,489,940,5365,
77.45967539744979,93209,488,941,5365,
77.46149767938356,93209,487,942,5365,
77.46377455970048,93209,487,941,5366,
77.46495598745418,93208,488,941,5366,
77.46620075447697,93207,489,941,5366,
77.46789466910738,93207,488,942,5366,
77.47052149974917,93207,488,941,5367,
77.47903119764342,93206,489,941,5367,
77.48045984874756,93205,490,941,5367,
77.48349743920349,93205,490,940,5368,
77.48486987971154,93205,490,939,5369,
77.48607873140976,93205,489,940,5369,
77.48846653835223,93205,488,941,5369,
77.49329944964428,93205,487,942,5369,
77.49977219066076,93205,486,943,5369,
77.49981643939864,93204,487,943,5369,
77.50590383764661,93203,488,943,5369,
77.5149043292608,93203,488,942,5370,
77.52630250126307,93203,487,943,5370,
77.53233332050077,93203,486,944,5370,
77.53766166229437,93202,487,944,5370,
77.54060833997912,93202,486,945,5370,
77.54659597503014,93202,485,946,5370,
77.55060458289022,93202,485,945,5371,
77.55076104607988,93201,486,945,5371,
77.55138779175013,93201,485,946,5371,
77.55143275092252,93201,484,947,5371,
77.55228890725817,93201,483,948,5371,
77.55245088441447,93201,483,947,5372,
77.5603620094586,93200,484,947,5372,
77.56089066458725,93199,485,947,5372,
77.5633787154988,93199,485,946,5373,
77.56353836779537,93199,484,947,5373,
77.57108469897247,93198,485,947,5373,
77.57639969268483,93198,485,946,5374,
77.59724126292197,93198,485,945,5375,
77.59910106276162,93198,485,944,5376,
77.60670429963542,93198,484,945,5376,
77.61146590332663,93198,483,946,5376,
77.61673434226837,93198,483,945,5377,
77.61794196988951,93198,483,944,5378,
77.6189969836807,93197,484,944,5378,
77.62142326905396,93197,483,945,5378,
77.62416846100783,93196,484,945,5378,
77.62727804850881,93196,484,944,5379,
77.62927611163481,93195,485,944,5379,
77.63736917834534,93195,485,943,5380,
77.63741745176057,93195,484,944,5380,
77.639531362459,93195,484,943,5381,
77.64192082142796,93194,485,943,5381,
77.64443851106623,93193,486,943,5381,
77.65866075393829,93193,485,944,5381,
77.65868711925118,93192,486,944,5381,
77.66054548688227,93192,485,945,5381,
77.66561066930481,93192,484,946,5381,
77.66788484389456,93191,485,946,5381,
77.67100168275762,93191,485,945,5382,
77.67151243713187,93190,486,945,5382,
77.6736769159763,93190,486,944,5383,
77.67443591301569,93189,487,944,5383,
77.67884150098247,93189,487,943,5384,
77.68121887778172,93189,486,944,5384,
77.68402954986846,93188,487,944,5384,
77.68520882163737,93187,488,944,5384,
77.68856279498098,93186,489,944,5384,
77.68874772360523,93186,489,943,5385,
77.68907226940783,93185,490,943,5385,
77.69081805783844,93184,491,943,5385,
77.6977630254327,93184,490,944,5385,
77.7012038518121,93184,490,943,5386,
77.70275525525446,93183,491,943,5386,
77.70548273531477,93183,490,944,5386,
77.70607944714293,93182,491,944,5386,
77.70801449135394,93182,491,943,5387,
77.70842745224992,93182,490,944,5387,
77.71539370983862,93182,490,943,5388,
77.71739105646974,93181,491,943,5388,
77.71856680719235,93180,492,943,5388,
77.72326308525219,93180,491,944,5388,
77.72340370155356,93180,490,945,5388,
77.72998274682112,93179,491,945,5388,
77.73745899345379,93179,490,946,5388,
77.73756459394728,93179,490,945,5389,
77.73804674520991,93178,491,945,5389,
77.73820327656418,93177,492,945,5389,
77.74114449346175,93176,493,945,5389,
77.74650321572813,93175,494,945,5389,
77.74822715328486,93175,493,946,5389,
77.75073962515364,93175,492,947,5389,
77.7547344196102,93175,491,948,5389,
77.75545613575142,93174,492,948,5389,
77.75815108400393,93174,492,947,5390,
77.75962851072872,93174,492,946,5391,
77.761140199807,93174,491,947,5391,
77.76134103248543,93174,491,946,5392,
77.76297051447028,93173,492,946,5392,
77.76341268579498,93173,491,947,5392,
77.76540120201912,93173,490,948,5392,
77.77139164035876,93173,490,947,5393,
77.77188002672197,93172,491,947,5393,
77.77605953488523,93172,491,946,5394,
77.77648619082825,93172,490,947,5394,
77.77742349461786,93172,490,946,5395,
77.77912902118341,93171,491,946,5395,
77.78230912091782,93171,491,945,5396,
77.78266938644974,93170,492,945,5396,
77.78303841128992,93170,492,944,5397,
77.78356917633717,93170,492,943,5398,
77.78377718375411,93169,493,943,5398,
77.78512948134764,93169,493,942,5399,
77.78539258948119,93169,493,941,5400,
77.79172747896796,93169,492,942,5400,
77.79419121300775,93168,493,942,5400,
77.79649896905859,93168,492,943,5400,
77.79724900892577,93168,492,942,5401,
77.79726025979362,93167,493,942,5401,
77.80640355798505,93167,492,943,5401,
77.8079191490352,93167,492,942,5402,
77.80826250825389,93167,492,941,5403,
77.80858379048993,93167,492,940,5404,
77.81177804213641,93167,492,939,5405,
77.81258951855955,93166,493,939,5405,
77.81389511655794,93166,492,940,5405,
77.81590453208109,93166,492,939,5406,
77.81991172863745,93166,491,940,5406,
77.81999937033659,93166,491,939,5407,
77.82211529255825,93166,491,938,5408,
77.82575240413068,93166,490,939,5408,
77.82744519244886,93166,490,938,5409,
77.8283061430227,93165,491,938,5409,
77.82991400459503,93165,490,939,5409,
77.8313836772042,93165,489,940,5409,
77.83783460238953,93164,490,940,5409,
77.83844723988477,93164,489,941,5409,
77.83938467587444,93164,489,940,5410,
77.84185502083893,93163,490,940,5410,
77.84375574845716,93163,490,939,5411,
77.84554066110195,93162,491,939,5411,
77.84659381757439,93162,491,938,5412,
77.84784452529706,93162,490,939,5412,
77.85619806140033,93162,490,938,5413,
77.86073051054704,93161,491,938,5413,
77.86413443936127,93161,490,939,5413,
77.86909966423528,93161,490,938,5414,
77.87076719842064,93161,489,939,5414,
77.87150050931906,93161,489,938,5415,
77.87399812178467,93160,490,938,5415,
77.87646648391421,93159,491,938,5415,
77.87677567504035,93159,490,939,5415,
77.87723052436262,93158,491,939,5415,
77.88725075582369,93158,490,940,5415,
77.88773250860157,93158,490,939,5416,
77.88832050874394,93157,491,939,5416,
77.89743524994775,93157,491,938,5417,
77.9000489020769,93157,491,937,5418,
77.90484490786228,93157,491,936,5419,
77.90973121287239,93157,491,935,5420,
77.91325057483776,93157,490,936,5420,
77.91530891196236,93157,489,937,5420,
77.92282099004687,93157,489,936,5421,
77.92950738085256,93156,490,936,5421,
77.93062702642922,93156,489,937,5421,
77.93527881607565,93156,488,938,5421,
77.93645225155281,93156,488,937,5422,
77.9379789758756,93156,487,938,5422,
77.93863138728422,93156,486,939,5422,
77.94181703021924,93156,486,938,5423,
77.94679742000737,93156,485,939,5423,
77.95235839470506,93156,485,938,5424,
77.95264931973165,93156,485,937,5425,
77.95693600092949,93156,485,936,5426,
77.96502149710798,93156,484,937,5426,
77.96956196553195,93156,483,938,5426,
77.98138234548097,93156,483,937,5427,
77.99422851262597,93156,482,938,5427,
77.99487439225236,93155,483,938,5427,
77.99689488959791,93155,483,937,5428,
77.99783766715983,93154,484,937,5428,
78.0035242328779,93154,483,938,5428,
78.00372737600979,93153,484,938,5428,
78.01327084288333,93153,483,939,5428,
78.01991081172685,93153,482,940,5428,
78.0306392108854,93152,483,940,5428,
78.03130527625274,93152,482,941,5428,
78.03216789140717,93152,481,942,5428,
78.03683691012536,93152,481,941,5429,
78.05006504478314,93152,480,942,5429,
78.05125435867836,93152,479,943,5429,
78.05869936263846,93151,480,943,5429,
78.06279185300536,93151,480,942,5430,
78.0646853699782,93151,480,941,5431,
78.07272549782971,93150,481,941,5431,
78.07336920421491,93150,480,942,5431,
78.07355180499552,93150,479,943,5431,
78.07587449974325,93150,478,944,5431,
78.08420199155802,93150,477,945,5431,
78.08510246259125,93150,477,944,5432,
78.08516707370163,93150,476,945,5432,
78.087761722662,93150,476,944,5433,
78.08957263683976,93150,476,943,5434,
78.09337052175759,93149,477,943,5434,
78.09524493754674,93149,477,942,5435,
78.09668868200069,93148,478,942,5435,
78.10082848560165,93148,477,943,5435,
78.10186833048931,93147,478,943,5435,
78.11081734777797,93147,477,944,5435,
78.11942003729936,93147,476,945,5435,
78.12055945670839,93147,475,946,5435,
78.12542707222325,93146,476,946,5435,
78.12728644216728,93145,477,946,5435,
78.12743566400067,93145,476,947,5435,
78.12969150052902,93145,475,948,5435,
78.13596878999357,93144,476,948,5435,
78.14336988709019,93144,476,947,5436,
78.14546308275091,93144,476,946,5437,
78.14639561320553,93144,476,945,5438,
78.14970979200368,93144,476,944,5439,
78.1523068759997,93144,476,943,5440,
78.1540456856563,93144,476,942,5441,
78.1541343486629,93143,477,942,5441,
78.15924317613619,93142,478,942,5441,
78.16007340733745,93142,477,943,5441,
78.1603168845664,93142,477,942,5442,
78.16602154029756,93142,477,941,5443,
78.171273926992,93141,478,941,5443,
78.17482672665923,93141,477,942,5443,
78.1857808840305,93141,476,943,5443,
78.18635451410793,93141,476,942,5444,
78.18872421630203,93141,475,943,5444,
78.19238126247384,93141,475,942,5445,
78.19359411556337,93140,476,942,5445,
78.19478130415766,93140,476,941,5446,
78.19558676575164,93140,476,940,5447,
78.19936724646644,93140,476,939,5448,
78.2014933591511,93139,477,939,5448,
78.20212340975738,93139,476,940,5448,
78.20240573113148,93139,476,939,5449,
78.21416314994893,93139,475,940,5449,
78.21583243291992,93139,474,941,5449,
78.21980348829565,93139,473,942,5449,
78.22110591899866,93139,472,943,5449,
78.22669030533362,93139,472,942,5450,
78.22758913253459,93139,471,943,5450,
78.22831830866656,93138,472,943,5450,
78.23093820535402,93137,473,943,5450,
78.23118477470265,93137,473,942,5451,
78.23704070267796,93136,474,942,5451,
78.2397460803449,93136,473,943,5451,
78.24294719304854,93135,474,943,5451,
78.2513498863382,93135,474,942,5452,
78.25296887622822,93135,474,941,5453,
78.25753735250615,93134,475,941,5453,
78.2594323732783,93134,474,942,5453,
78.26459296591707,93134,473,943,5453,
78.27065203088887,93134,473,942,5454,
78.27157175453372,93134,473,941,5455,
78.27174896360816,93133,474,941,5455,
78.27541470623643,93133,473,942,5455,
78.27676653325871,93133,472,943,5455,
78.27699248861221,93133,472,942,5456,
78.27761802584156,93133,471,943,5456,
78.27907483490523,93132,472,943,5456,
78.28178589253608,93132,471,944,5456,
78.28217370655035,93131,472,944,5456,
78.290519087178,93130,473,944,5456,
78.29586149185207,93130,472,945,5456,
78.29677973295333,93130,472,944,5457,
78.29748066217263,93129,473,944,5457,
78.30109449039492,93129,472,945,5457,
78.30527827694337,93129,472,944,5458,
78.30620649993446,93129,471,945,5458,
78.31186299240262,93128,472,945,5458,
78.31601558000486,93127,473,945,5458,
78.32042439296012,93127,472,946,5458,
78.32072034372223,93127,472,945,5459,
78.32734240537378,93126,473,945,5459,
78.32797844464685,93126,472,946,5459,
78.3315165559179,93126,471,947,5459,
78.33957475507793,93126,471,946,5460,
78.34011009116453,93126,470,947,5460,
78.34401260614746,93126,470,946,5461,
78.34460052831929,93125,471,946,5461,
78.35601341323814,93125,471,945,5462,
78.35872496786817,93125,470,946,5462,
78.3606654401785,93125,469,947,5462,
78.36426075413846,93125,468,948,5462,
78.37793089449184,93125,467,949,5462,
78.38108454596419,93125,467,948,5463,
78.3847512251015,93124,468,948,5463,
78.38720773102148,93124,467,949,5463,
78.38836172224192,93123,468,949,5463,
78.40771022300282,93123,467,950,5463,
78.40849485557696,93123,466,951,5463,
78.40956640341432,93123,466,950,5464,
78.41118635433577,93123,466,949,5465,
78.41419163700964,93123,465,950,5465,
78.41558097613306,93122,466,950,5465,
78.41813373106636,93122,466,949,5466,
78.4187370675245,93122,465,950,5466,
78.42075036142384,93121,466,950,5466,
78.42463866590631,93121,466,949,5467,
78.4261259251777,93121,465,950,5467,
78.42792259526982,93121,465,949,5468,
78.42929731074436,93121,465,948,5469,
78.43728361038848,93120,466,948,5469,
78.44455731709868,93120,465,949,5469,
78.44748520525164,93120,465,948,5470,
78.45110065073321,93120,464,949,5470,
78.46127212770645,93120,464,948,5471,
78.46398043621699,93120,464,947,5472,
78.46642289433849,93120,464,946,5473,
78.47029027458886,93120,463,947,5473,
78.47061712081097,93120,463,946,5474,
78.47419618018196,93119,464,946,5474,
78.47634890861549,93119,463,947,5474,
78.47820043333482,93119,462,948,5474,
78.48070371121706,93119,462,947,5475,
78.48247108961469,93119,461,948,5475,
78.48367712732205,93118,462,948,5475,
78.4840855021464,93118,462,947,5476,
78.48844998084218,93118,461,948,5476,
78.48963285072847,93118,461,947,5477,
78.49237594128734,93118,461,946,5478,
78.49467349660725,93118,461,945,5479,
78.50594335137029,93117,462,945,5479,
78.51068186867231,93117,462,944,5480,
78.51576498124408,93117,462,943,5481,
78.51723642175439,93116,463,943,5481,
78.52528770552898,93116,462,944,5481,
78.5264004454307,93115,463,944,5481,
78.52750845059826,93115,462,945,5481,
78.53369685598783,93114,463,945,5481,
78.54084738625814,93113,464,945,5481,
78.54709631846579,93112,465,945,5481,
78.54747879967798,93112,465,944,5482,
78.5478527446393,93111,466,944,5482,
78.54860378226205,93111,465,945,5482,
78.54907299527517,93111,464,946,5482,
78.55106166306858,93111,463,947,5482,
78.56183068719402,93110,464,947,5482,
78.56223290433377,93110,464,946,5483,
78.56271160489406,93110,464,945,5484,
78.5705620930707,93110,463,946,5484,
78.57282552908259,93110,462,947,5484,
78.57738048201261,93110,462,946,5485,
78.58171467099328,93109,463,946,5485,
78.59326902613242,93108,464,946,5485,
78.59783202415157,93108,464,945,5486,
78.59908285150846,93107,465,945,5486,
78.60111289217453,93106,466,945,5486,
78.60219162062356,93105,467,945,5486,
78.60250161820608,93104,468,945,5486,
78.60802821695648,93103,469,945,5486,
78.60920159420318,93103,469,944,5487,
78.6148396791504,93102,470,944,5487,
78.61893385952752,93101,471,944,5487,
78.62125609943229,93101,471,943,5488,
78.62371846709111,93100,472,943,5488,
78.62923115280763,93100,472,942,5489,
78.63093416479994,93100,471,943,5489,
78.6310064479031,93100,471,942,5490,
78.6317552430559,93100,470,943,5490,
78.632497990075,93100,469,944,5490,
78.6387797639855,93100,469,943,5491,
78.63986289299933,93100,469,942,5492,
78.64349087802859,93099,470,942,5492,
78.6501719506476,93098,471,942,5492,
78.65363886871158,93098,471,941,5493,
78.65418774513117,93098,471,940,5494,
78.65517748154535,93098,470,941,5494,
78.65726556035197,93097,471,941,5494,
78.66593439658347,93096,472,941,5494,
78.6677494800847,93096,472,940,5495,
78.67195779872742,93096,472,939,5496,
78.67439941996797,93095,473,939,5496,
78.6749500224901,93095,472,940,5496,
78.68144040526802,93095,471,941,5496,
78.68803711900264,93095,470,942,5496,
78.69666931933124,93094,471,942,5496,
78.69673145614732,93094,470,943,5496,
78.69739687836893,93094,470,942,5497,
78.69864805413982,93094,470,941,5498,
78.69868983020689,93093,471,941,5498,
78.70178915283273,93093,471,940,5499,
78.7030137518866,93093,471,939,5500,
78.70593471163092,93093,470,940,5500,
78.70670576878601,93093,469,941,5500,
78.70794302937409,93092,470,941,5500,
78.71026954110503,93092,470,940,5501,
78.71194595345523,93092,470,939,5502,
78.71207423922074,93092,469,940,5502,
78.71995472000569,93092,468,941,5502,
78.72164856732532,93092,467,942,5502,
78.72917466751494,93092,466,943,5502,
78.73318187168738,93091,467,943,5502,
78.73797852389406,93091,466,944,5502,
78.74262481656531,93091,465,945,5502,
78.74265204642954,93091,465,944,5503,
78.74883487450042,93091,464,945,5503,
78.75565983041903,93091,464,944,5504,
78.75986346403802,93091,463,945,5504,
78.76025267637759,93091,462,946,5504,
78.76175419934324,93091,462,945,5505,
78.76217752332303,93090,463,945,5505,
78.7625939721157,93089,464,945,5505,
78.76395487037597,93089,463,946,5505,
78.76402422978491,93089,462,947,5505,
78.76464631303503,93089,462,946,5506,
78.76512617449617,93089,462,945,5507,
78.77292858514441,93089,462,944,5508,
78.7758723118347,93088,463,944,5508,
78.78108183212095,93088,463,943,5509,
78.78130961917267,93087,464,943,5509,
78.78762164309882,93086,465,943,5509,
78.78825486924603,93085,466,943,5509,
78.78929782987734,93085,466,942,5510,
78.79017669258602,93085,466,941,5511,
78.80110232919418,93085,466,940,5512,
78.80169617988606,93085,466,939,5513,
78.80350440949854,93085,465,940,5513,
78.80661095314684,93085,464,941,5513,
78.81417702521944,93085,463,942,5513,
78.82478561594078,93085,463,941,5514,
78.82553819443517,93085,462,942,5514,
78.8317636610434,93084,463,942,5514,
78.83276761806599,93084,462,943,5514,
78.83404184449857,93084,462,942,5515,
78.83801085413037,93083,463,942,5515,
78.8407518334693,93082,464,942,5515,
78.84282885529038,93081,465,942,5515,
78.85469091163797,93081,465,941,5516,
78.86258869422736,93081,465,940,5517,
78.86486740853107,93081,464,941,5517,
78.86693862899028,93081,464,940,5518,
78.86844539159152,93081,463,941,5518,
78.8707181328711,93081,463,940,5519,
78.87338320516668,93080,464,940,5519,
78.87974342468783,93080,464,939,5520,
78.88075016788687,93080,463,940,5520,
78.88135493296897,93080,463,939,5521,
78.89283913148734,93080,462,940,5521,
78.89522096078338,93080,462,939,5522,
78.89894430233836,93080,462,938,5523,
78.90058035615024,93080,461,939,5523,
78.90092015668695,93080,461,938,5524,
78.9040255729555,93080,460,939,5524,
78.90464873336298,93080,460,938,5525,
78.90912657987066,93080,460,937,5526,
78.91305711514597,93080,459,938,5526,
78.91441832654922,93079,460,938,5526,
78.91949051044546,93078,461,938,5526,
78.92718991019609,93078,461,937,5527,
78.92772185378163,93077,462,937,5527,
78.92854923087768,93077,461,938,5527,
78.93401137258444,93076,462,938,5527,
78.93461078449981,93075,463,938,5527,
78.94265830840405,93075,463,937,5528,
78.94360210744108,93074,464,937,5528,
78.94397111738316,93074,464,936,5529,
78.94505188512971,93074,464,935,5530,
78.94525228311642,93074,464,934,5531,
78.95128702605209,93074,464,933,5532,
78.96155813281521,93074,464,932,5533,
78.96701067253991,93074,463,933,5533,
78.96704944506116,93074,462,934,5533,
78.97657874790966,93074,462,933,5534,
78.98542268331401,93073,463,933,5534,
78.98781881893987,93072,464,933,5534,
78.98854973445282,93072,464,932,5535,
78.99150810648673,93072,463,933,5535,
78.99300056607608,93072,463,932,5536,
78.99660438895579,93072,463,931,5537,
78.99700811030856,93072,463,930,5538,
78.99956021320845,93071,464,930,5538,
79.00272499017751,93071,464,929,5539,
79.00897630149028,93071,463,930,5539,
79.00931708199425,93070,464,930,5539,
79.0165799313739,93069,465,930,5539,
79.02440516248878,93069,464,931,5539,
79.02814422007543,93069,464,930,5540,
79.03509763872492,93068,465,930,5540,
79.03599084395937,93068,465,929,5541,
79.040708000889,93067,466,929,5541,
79.04160203339407,93067,466,928,5542,
79.05161277225938,93067,465,929,5542,
79.05432302681403,93067,464,930,5542,
79.06020623445538,93067,464,929,5543,
79.06964280252062,93067,464,928,5544,
79.07024951094917,93066,465,928,5544,
79.07689344383843,93066,465,927,5545,
79.0780862943249,93066,464,928,5545,
79.08532133973968,93066,464,927,5546,
79.08607799054424,93066,463,928,5546,
79.08642094543679,93066,463,927,5547,
79.08660027408837,93065,464,927,5547,
79.0896988227886,93065,463,928,5547,
79.0937509469036,93065,462,929,5547,
79.09645785442372,93065,461,930,5547,
79.10107997511072,93065,460,931,5547,
79.10250202646361,93064,461,931,5547,
79.1033540883145,93064,461,930,5548,
79.10386746475726,93063,462,930,5548,
79.10635793968791,93062,463,930,5548,
79.1077760959453,93062,462,931,5548,
79.1154999819345,93061,463,931,5548,
79.1263107025544,93061,463,930,5549,
79.13017859801998,93061,463,929,5550,
79.1373559979537,93061,462,930,5550,
79.14145751219097,93060,463,930,5550,
79.14199906147563,93060,463,929,5551,
79.1426633576074,93060,462,930,5551,
79.14302971050554,93060,462,929,5552,
79.1465792415851,93060,461,930,5552,
79.14679161562238,93060,461,929,5553,
79.14794157618853,93060,461,928,5554,
79.15265150098301,93060,461,927,5555,
79.15274840328667,93059,462,927,5555,
79.15280717722597,93059,461,928,5555,
79.15694273567217,93059,460,929,5555,
79.1588945227059,93059,459,930,5555,
79.16583934006383,93058,460,930,5555,
79.16629466690709,93057,461,930,5555,
79.16822598130503,93057,461,929,5556,
79.17043470589667,93056,462,929,5556,
79.17214837781893,93056,462,928,5557,
79.17449136080741,93055,463,928,5557,
79.18277302536136,93054,464,928,5557,
79.19146576820526,93054,464,927,5558,
79.19290164757666,93054,463,928,5558,
79.19319373947987,93054,463,927,5559,
79.19794331805184,93054,462,928,5559,
79.197995304308,93054,461,929,5559,
79.20048294555926,93054,460,930,5559,
79.20167964491071,93054,460,929,5560,
79.2064407209638,93054,460,928,5561,
79.21067587838536,93053,461,928,5561,
79.22159500393047,93053,461,927,5562,
79.22246485255923,93053,460,928,5562,
79.22481651358856,93053,460,927,5563,
79.22677888479558,93053,460,926,5564,
79.2283770477462,93053,460,925,5565,
79.22871297274466,93053,460,924,5566,
79.22920574716048,93053,460,923,5567,
79.23085724393434,93052,461,923,5567,
79.23182445720235,93051,462,923,5567,
79.23417787431902,93051,462,922,5568,
79.23554362966155,93051,461,923,5568,
79.24524253180853,93051,461,922,5569,
79.25135785488659,93050,462,922,5569,
79.26238750809769,93050,462,921,5570,
79.26469428094617,93050,461,922,5570,
79.26729852870369,93050,461,921,5571,
79.27101372316099,93049,462,921,5571,
79.28137864735595,93049,461,922,5571,
79.28225373352483,93048,462,922,5571,
79.28587138970192,93047,463,922,5571,
79.28661333605692,93047,462,923,5571,
79.28916345242187,93046,463,923,5571,
79.29521705144342,93046,462,924,5571,
79.2993172778306,93046,462,923,5572,
79.30040508891737,93046,462,922,5573,
79.30422222900307,93046,461,923,5573,
79.3046913252258,93045,462,923,5573,
79.30596513979005,93045,461,924,5573,
79.30840611493348,93044,462,924,5573,
79.32002887649017,93044,461,925,5573,
79.32268808050793,93043,462,925,5573,
79.32388633371657,93042,463,925,5573,
79.32452098321164,93042,462,926,5573,
79.32489338474404,93042,462,925,5574,
79.3263888895963,93041,463,925,5574,
79.33233202045574,93040,464,925,5574,
79.3349330542988,93039,465,925,5574,
79.33512117580314,93039,464,926,5574,
79.3404239170072,93039,463,927,5574,
79.34115822490607,93038,464,927,5574,
79.34436613404381,93037,465,927,5574,
79.35525298267152,93037,465,926,5575,
79.35861219912388,93036,466,926,5575,
79.35866004114632,93036,466,925,5576,
79.36215373173746,93036,466,924,5577,
79.36394973863693,93035,467,924,5577,
79.36588232215439,93035,467,923,5578,
79.37523468397978,93035,466,924,5578,
79.37664412467223,93035,465,925,5578,
79.3781582086007,93035,465,924,5579,
79.37942305865963,93035,465,923,5580,
79.38137172636436,93035,465,922,5581,
79.38227891065068,93035,465,921,5582,
79.38299805072859,93034,466,921,5582,
79.3857421333371,93034,466,920,5583,
79.38638343606856,93034,466,919,5584,
79.38674779621498,93033,467,919,5584,
79.38839525392787,93032,468,919,5584,
79.39020629847228,93031,469,919,5584,
79.39549054411454,93031,469,918,5585,
79.39640112297391,93030,470,918,5585,
79.39669922614219,93030,469,919,5585,
79.40454429737528,93029,470,919,5585,
79.40801111181645,93028,471,919,5585,
79.40993203562488,93028,471,918,5586,
79.41209135506165,93028,471,917,5587,
79.41225915350122,93028,470,918,5587,
79.41633488176822,93027,471,918,5587,
79.42011003903413,93027,470,919,5587,
79.42248652343076,93026,471,919,5587,
79.43184381502111,93026,470,920,5587,
79.43393117326546,93026,469,921,5587,
79.43838348100087,93025,470,921,5587,
79.44093723707414,93024,471,921,5587,
79.44220963971149,93024,471,920,5588,
79.4438757037496,93024,471,919,5589,
79.44853195760547,93024,470,920,5589,
79.44932865932802,93023,471,920,5589,
79.45623042756793,93022,472,920,5589,
79.46452730804862,93022,471,921,5589,
79.46540824676157,93022,470,922,5589,
79.46568177417126,93022,470,921,5590,
79.46955954924987,93022,469,922,5590,
79.47130911826142,93021,470,922,5590,
79.47168019888859,93021,470,921,5591,
79.47243201476327,93021,470,920,5592,
79.47429989049222,93020,471,920,5592,
79.48326849565868,93019,472,920,5592,
79.48780688424824,93019,472,919,5593,
79.48971056618073,93019,472,918,5594,
79.49533390684431,93019,472,917,5595,
79.49651402247413,93018,473,917,5595,
79.49710476164199,93018,473,916,5596,
79.50160069297468,93018,473,915,5597,
79.50171346984732,93018,473,914,5598,
79.50913448967411,93018,472,915,5598,
79.50971073614508,93017,473,915,5598,
79.51115169540246,93016,474,915,5598,
79.51275570831336,93016,474,914,5599,
79.51391019906907,93015,475,914,5599,
79.5198112917762,93015,474,915,5599,
79.52129973371736,93015,473,916,5599,
79.52318327407835,93015,472,917,5599,
79.52639438033867,93015,471,918,5599,
79.52678035334674,93015,471,917,5600,
79.5317375123536,93015,471,916,5601,
79.5417697214193,93015,471,915,5602,
79.54441406442147,93014,472,915,5602,
79.55037534051813,93014,472,914,5603,
79.55202085320987,93014,471,915,5603,
79.5587515936955,93014,471,914,5604,
79.56230135315656,93013,472,914,5604,
79.56260895198177,93013,471,915,5604,
79.56279088674671,93013,470,916,5604,
79.5671463262543,93013,469,917,5604,
79.56737882783068,93013,468,918,5604,
79.56903003164551,93013,468,917,5605,
79.57015655201245,93013,467,918,5605,
79.57033548097027,93013,466,919,5605,
79.57561456200047,93013,465,920,5605,
79.57849512982173,93013,465,919,5606,
79.57876654517756,93013,464,920,5606,
79.578830707797,93012,465,920,5606,
79.57999155257129,93012,465,919,5607,
79.58010977853027,93012,464,920,5607,
79.58377590500443,93012,464,919,5608,
79.5868982167542,93012,463,920,5608,
79.59184182765097,93011,464,920,5608,
79.59923345557137,93011,464,919,5609,
79.60158711773107,93011,463,920,5609,
79.61045847981367,93011,462,921,5609,
79.610655592421,93011,462,920,5610,
79.62414710622178,93011,462,919,5611,
79.62468142403614,93011,462,918,5612,
79.62490767299687,93011,462,917,5613,
79.62564827155846,93011,462,916,5614,
79.62717717578232,93011,461,917,5614,
79.63178000288228,93010,462,917,5614,
79.64254203607732,93010,462,916,5615,
79.64417107520788,93010,462,915,5616,
79.65143217441684,93009,463,915,5616,
79.65838570106263,93009,463,914,5617,
79.66558020212811,93009,463,913,5618,
79.66751840070079,93008,464,913,5618,
79.67300848634669,93008,463,914,5618,
79.67534426084043,93007,464,914,5618,
79.68006006032434,93007,463,915,5618,
79.68434143078508,93007,462,916,5618,
79.69268799937646,93007,461,917,5618,
79.70396608672084,93006,462,917,5618,
79.70815183387977,93005,463,917,5618,
79.70864902687255,93004,464,917,5618,
79.70926312451105,93003,465,917,5618,
79.70991213816586,93003,465,916,5619,
79.71011715459039,93003,464,917,5619,
79.7175746588739,93002,465,917,5619,
79.72287633354809,93002,464,918,5619,
79.7282783903174,93002,464,917,5620,
79.7316628135311,93002,463,918,5620,
79.75008441714272,93002,463,917,5621,
79.75521927780122,93002,463,916,5622,
79.76284689566447,93002,462,917,5622,
79.76506076422166,93002,461,918,5622,
79.76544335439522,93001,462,918,5622,
79.77501306579578,93001,461,919,5622,
79.77668401581555,93001,461,918,5623,
79.77759446329713,93001,461,917,5624,
79.77922379376722,93001,461,916,5625,
79.78066745778293,93001,461,915,5626,
79.7845533616836,93000,462,915,5626,
79.78582802613725,92999,463,915,5626,
79.78875020582984,92998,464,915,5626,
79.79484154327145,92998,464,914,5627,
79.7992234171616,92998,463,915,5627,
79.80001944867436,92997,464,915,5627,
79.80388964540873,92997,463,916,5627,
79.80614094532712,92996,464,916,5627,
79.80724952684365,92995,465,916,5627,
79.80766458983403,92994,466,916,5627,
79.81093399124815,92993,467,916,5627,
79.81118276291389,92992,468,916,5627,
79.81166465558954,92992,468,915,5628,
79.8119525460487,92992,467,916,5628,
79.8128781027936,92992,467,915,5629,
79.81445145616328,92991,468,915,5629,
79.81577622820402,92990,469,915,5629,
79.81822049824663,92990,468,916,5629,
79.81900901967386,92989,469,916,5629,
79.81982891339612,92989,468,917,5629,
79.8202964272474,92989,468,916,5630,
79.82045457680046,92989,468,915,5631,
79.8212396910312,92989,467,916,5631,
79.82728357559427,92989,466,917,5631,
79.82870212542082,92989,465,918,5631,
79.83004082681872,92988,466,918,5631,
79.83077532574313,92988,465,919,5631,
79.83486600081719,92988,464,920,5631,
79.83745954936506,92987,465,920,5631,
79.83826091317052,92987,464,921,5631,
79.84478339530551,92987,463,922,5631,
79.84621818240471,92987,463,921,5632,
79.84711979757303,92986,464,921,5632,
79.84795200054276,92986,464,920,5633,
79.85977010522828,92986,463,921,5633,
79.86271450975767,92986,463,920,5634,
79.86488576062646,92986,462,921,5634,
79.86596003567347,92986,462,920,5635,
79.8706407907168,92986,462,919,5636,
79.87527563094625,92985,463,919,5636,
79.883678496528,92985,463,918,5637,
79.88683045566941,92985,463,917,5638,
79.88755255902417,92985,463,916,5639,
79.8936667093349,92985,463,915,5640,
79.89776352580097,92985,462,916,5640,
79.89907197647648,92984,463,916,5640,
79.9011657932306,92984,463,915,5641,
79.90211767076869,92984,462,916,5641,
79.90536895803555,92983,463,916,5641,
79.91039898092271,92983,463,915,5642,
79.91709018094592,92983,463,914,5643,
79.91797837624868,92983,462,915,5643,
79.922077384273,92983,462,914,5644,
79.92397615105429,92982,463,914,5644,
79.9272338984153,92982,462,915,5644,
79.92889285570851,92982,461,916,5644,
79.93112377263576,92981,462,916,5644,
79.93129968242604,92981,462,915,5645,
79.9347586605654,92981,461,916,5645,
79.94540171712873,92981,461,915,5646,
79.94682935945832,92980,462,915,5646,
79.95192350764756,92979,463,915,5646,
79.95210000861086,92979,462,916,5646,
79.95312237492716,92978,463,916,5646,
79.95343192392346,92977,464,916,5646,
79.95488163733367,92977,464,915,5647,
79.9568377272703,92977,464,914,5648,
79.95981781163455,92977,463,915,5648,
79.96531879649562,92977,462,916,5648,
79.97949083888697,92976,463,916,5648,
79.98244628682976,92976,463,915,5649,
79.98592113842244,92976,463,914,5650,
79.99265130137577,92976,463,913,5651,
79.99467792255666,92976,463,912,5652,
79.99993535840537,92975,464,912,5652,
80.00004043612068,92975,463,913,5652,
80.00109255518265,92975,462,914,5652,
80.0026698750869,92975,461,915,5652,
80.00426284420456,92975,461,914,5653,
80.00991552852723,92975,461,913,5654,
80.01046303831565,92974,462,913,5654,
80.01260095938095,92974,461,914,5654,
80.0183251823726,92973,462,914,5654,
80.01913165203628,92973,462,913,5655,
80.02158211486964,92973,461,914,5655,
80.02297695293257,92973,461,913,5656,
80.02333134727694,92973,461,912,5657,
80.02805306890517,92972,462,912,5657,
80.03773292270776,92972,462,911,5658,
80.04339107848969,92971,463,911,5658,
80.04455075797588,92971,462,912,5658,
80.0470692775282,92971,462,911,5659,
80.04855460846255,92971,461,912,5659,
80.05075855904538,92971,461,911,5660,
80.05254714869133,92970,462,911,5660,
80.0558811146363,92970,461,912,5660,
80.05591156247908,92970,460,913,5660,
80.05908801079954,92970,460,912,5661,
80.05926691438387,92970,460,911,5662,
80.06219627791225,92969,461,911,5662,
80.06669033497275,92969,461,910,5663,
80.06724459849192,92969,461,909,5664,
80.07177942829672,92969,460,910,5664,
80.07241492995314,92968,461,910,5664,
80.08338957866832,92968,460,911,5664,
80.08901836754052,92968,460,910,5665,
80.09721633325961,92968,459,911,5665,
80.10206229674128,92967,460,911,5665,
80.10321419400051,92967,460,910,5666,
80.10742233294103,92966,461,910,5666,
80.11444411340987,92965,462,910,5666,
80.11500663887918,92965,462,909,5667,
80.11778364817351,92964,463,909,5667,
80.13477670165157,92964,463,908,5668,
80.13634260259963,92964,462,909,5668,
80.1413966483555,92963,463,909,5668,
80.1431204546604,92963,462,910,5668,
80.14827293164431,92963,461,911,5668,
80.15284573686989,92963,460,912,5668,
80.15284692018272,92963,460,911,5669,
80.15517910585521,92963,460,910,5670,
80.16210328335023,92963,459,911,5670,
80.16962574733031,92962,460,911,5670,
80.1751176165269,92962,460,910,5671,
80.17637364285737,92962,460,909,5672,
80.17780288819816,92962,460,908,5673,
80.18195934695494,92961,461,908,5673,
80.18217885273106,92960,462,908,5673,
80.1869575839539,92960,462,907,5674,
80.19228987236139,92960,462,906,5675,
80.19860912031356,92960,461,907,5675,
80.19935641293348,92959,462,907,5675,
80.20013456280499,92959,462,906,5676,
80.20918376047278,92959,462,905,5677,
80.21294278982717,92958,463,905,5677,
80.21347943306692,92957,464,905,5677,
80.23421215662873,92957,464,904,5678,
80.2369895666952,92957,464,903,5679,
80.2391463563456,92957,463,904,5679,
80.24528739338888,92957,462,905,5679,
80.25633307882255,92957,462,904,5680,
80.25992772565183,92957,462,903,5681,
80.26105242747684,92956,463,903,5681,
80.26234441162876,92956,463,902,5682,
80.26321038978455,92956,462,903,5682,
80.26328188619539,92955,463,903,5682,
80.26412448239158,92955,462,904,5682,
80.2683662319375,92955,462,903,5683,
80.2685477747432,92955,462,902,5684,
80.27030024740945,92955,462,901,5685,
80.27357130126398,92955,461,902,5685,
80.27893444415517,92954,462,902,5685,
80.28281395646958,92953,463,902,5685,
80.28440742835272,92953,462,903,5685,
80.28559609102913,92952,463,903,5685,
80.28691037993211,92952,463,902,5686,
80.2944277832747,92952,463,901,5687,
80.29521511931944,92952,462,902,5687,
80.29575814436086,92951,463,902,5687,
80.29745441407265,92951,463,901,5688,
80.29988922692979,92951,463,900,5689,
80.3007371139421,92950,464,900,5689,
80.30443736869384,92950,463,901,5689,
80.30697014357295,92949,464,901,5689,
80.3099721123187,92949,464,900,5690,
80.31162666053284,92949,463,901,5690,
80.3148062514598,92949,463,900,5691,
80.31576302703587,92949,463,899,5692,
80.31848632258136,92949,463,898,5693,
80.3205578665863,92949,462,899,5693,
80.32891204466938,92949,462,898,5694,
80.33971298305619,92949,462,897,5695,
80.34713298644884,92949,462,896,5696,
80.34742232844008,92949,462,895,5697,
80.3519106180255,92949,462,894,5698,
80.35309876551872,92949,461,895,5698,
80.35455576560497,92949,461,894,5699,
80.35819693281388,92948,462,894,5699,
80.35987211075054,92948,461,895,5699,
80.36171056047195,92948,460,896,5699,
80.36816879878135,92948,459,897,5699,
80.36961930206257,92947,460,897,5699,
80.374731220874,92946,461,897,5699,
80.37495234724818,92945,462,897,5699,
80.37604315435651,92945,461,898,5699,
80.37686292581593,92945,461,897,5700,
80.37936606184078,92945,461,896,5701,
80.37995449538387,92945,460,897,5701,
80.38055410468965,92945,460,896,5702,
80.39162831134153,92945,459,897,5702,
80.39580007473018,92944,460,897,5702,
80.39788723887611,92944,460,896,5703,
80.39868289604347,92944,459,897,5703,
80.40017636586262,92944,459,896,5704,
80.4023298726194,92944,459,895,5705,
80.40278619577302,92943,460,895,5705,
80.40295353528268,92943,460,894,5706,
80.41427773976076,92943,459,895,5706,
80.4216429572067,92943,459,894,5707,
80.42183527092503,92943,459,893,5708,
80.42309402740955,92943,459,892,5709,
80.42337444345412,92943,459,891,5710,
80.42865752160432,92943,458,892,5710,
80.43195542725081,92942,459,892,5710,
80.4403714648978,92942,459,891,5711,
80.44640654325762,92942,459,890,5712,
80.44725119557789,92941,460,890,5712,
80.44961474277676,92941,459,891,5712,
80.45090498341408,92941,459,890,5713,
80.45422990432245,92941,458,891,5713,
80.4559352218329,92940,459,891,5713,
80.45730823059712,92940,458,892,5713,
80.45897181963355,92940,458,891,5714,
80.45988593420766,92940,457,892,5714,
80.46032882929661,92940,457,891,5715,
80.4630827221725,92940,457,890,5716,
80.46324391610896,92940,457,889,5717,
80.46387127421997,92940,457,888,5718,
80.46391452708217,92939,458,888,5718,
80.46636711643056,92938,459,888,5718,
80.46955330463442,92937,460,888,5718,
80.47169805186921,92937,460,887,5719,
80.47802139213411,92936,461,887,5719,
80.48164801556993,92935,462,887,5719,
80.48869369810356,92934,463,887,5719,
80.48907432406418,92934,463,886,5720,
80.48965237778634,92933,464,886,5720,
80.48986129749369,92933,463,887,5720,
80.49274775338094,92933,462,888,5720,
80.49287088734229,92933,461,889,5720,
80.49762502670481,92933,460,890,5720,
80.50337303159209,92933,459,891,5720,
80.50355691267097,92933,459,890,5721,
80.51274708319208,92933,459,889,5722,
80.51329804745886,92933,458,890,5722,
80.51501800734408,92933,458,889,5723,
80.51603232745177,92933,458,888,5724,
80.51727654767912,92933,458,887,5725,
80.5187251481359,92933,458,886,5726,
80.52362808841184,92933,458,885,5727,
80.52725640297845,92933,458,884,5728,
80.54357049733963,92932,459,884,5728,
80.54713717557567,92932,458,885,5728,
80.54756612046147,92932,457,886,5728,
80.55056531186744,92932,456,887,5728,
80.55265610209699,92931,457,887,5728,
80.55339424763774,92930,458,887,5728,
80.5581275030607,92930,458,886,5729,
80.55888473250702,92930,458,885,5730,
80.55949946502544,92930,457,886,5730,
80.56469173489457,92930,456,887,5730,
80.56849575672933,92930,456,886,5731,
80.56984422730594,92929,457,886,5731,
80.58538295590459,92929,456,887,5731,
80.58582800848609,92929,456,886,5732,
80.59027800990363,92929,455,887,5732,
80.5915789988506,92929,455,886,5733,
80.59292334395266,92928,456,886,5733,
80.59655405880537,92927,457,886,5733,
80.60875523435945,92926,458,886,5733,
80.61324386874405,92926,457,887,5733,
80.61686184034153,92926,457,886,5734,
80.61866060828984,92926,456,887,5734,
80.61885827716998,92925,457,887,5734,
80.62731732989415,92925,457,886,5735,
80.6276698255407,92924,458,886,5735,
80.62971726874497,92923,459,886,5735,
80.63030938762915,92923,458,887,5735,
80.63380521280962,92923,457,888,5735,
80.63489308781067,92923,456,889,5735,
80.63653742644763,92923,456,888,5736,
80.6371550852775,92923,456,887,5737,
80.63766746645882,92923,455,888,5737,
80.6379228603712,92922,456,888,5737,
80.63854489170348,92922,456,887,5738,
80.64786064885328,92921,457,887,5738,
80.64849447158096,92921,456,888,5738,
80.65131804236499,92920,457,888,5738,
80.65822564335781,92919,458,888,5738,
80.66135626126238,92919,457,889,5738,
80.66524990951444,92919,457,888,5739,
80.66847838705442,92918,458,888,5739,
80.66908519272506,92917,459,888,5739,
80.67094629310415,92917,459,887,5740,
80.67172571009615,92917,459,886,5741,
80.67565455817609,92917,459,885,5742,
80.68157772878155,92916,460,885,5742,
80.6878198077109,92915,461,885,5742,
80.69223726808175,92914,462,885,5742,
80.70043426160497,92914,462,884,5743,
80.703895993885,92913,463,884,5743,
80.71158234557399,92913,462,885,5743,
80.71331177773286,92912,463,885,5743,
80.71515696269402,92912,463,884,5744,
80.71708427017664,92911,464,884,5744,
80.71887632115696,92910,465,884,5744,
80.72415933470376,92910,465,883,5745,
80.73310251538057,92910,465,882,5746,
80.7350753072266,92910,464,883,5746,
80.74049643795868,92910,463,884,5746,
80.74131906519227,92909,464,884,5746,
80.7453226189105,92908,465,884,5746,
80.75017331404834,92908,464,885,5746,
80.75252553274737,92908,463,886,5746,
80.75480511990312,92907,464,886,5746,
80.75618797265173,92907,464,885,5747,
80.757687974586,92907,464,884,5748,
80.76104901375444,92906,465,884,5748,
80.76985600445924,92906,464,885,5748,
80.77055372319728,92906,464,884,5749,
80.78573898311333,92906,463,885,5749,
80.79257674168379,92906,463,884,5750,
80.79310223336226,92906,462,885,5750,
80.79323668226391,92905,463,885,5750,
80.79530530449648,92904,464,885,5750,
80.79649829731527,92904,464,884,5751,
80.79744748190836,92903,465,884,5751,
80.80250008312463,92903,464,885,5751,
80.80873815043638,92903,463,886,5751,
80.81047249912737,92903,463,885,5752,
80.81369151817015,92903,462,886,5752,
80.81390634579901,92902,463,886,5752,
80.81777240396032,92902,463,885,5753,
80.81834385681475,92901,464,885,5753,
80.81837714975217,92901,463,886,5753,
80.82290649134237,92901,463,885,5754,
80.82645389045663,92901,463,884,5755,
80.8280235099783,92901,463,883,5756,
80.82961862779857,92901,462,884,5756,
80.83951652855595,92901,461,885,5756,
80.84087543841616,92901,461,884,5757,
80.84168490051492,92901,461,883,5758,
80.84519069345978,92901,461,882,5759,
80.84780862315125,92901,460,883,5759,
80.87208170906672,92901,459,884,5759,
80.87311626100058,92901,458,885,5759,
80.88319362101927,92901,457,886,5759,
80.8847917312898,92901,456,887,5759,
80.88481139454535,92901,455,888,5759,
80.88529502355962,92901,455,887,5760,
80.88795500251565,92900,456,887,5760,
80.88952393635824,92900,455,888,5760,
80.89004178278881,92900,454,889,5760,
80.89541939536292,92900,453,890,5760,
80.90002218558803,92899,454,890,5760,
80.90699335462728,92899,453,891,5760,
80.91237489472027,92898,454,891,5760,
80.91254723377034,92898,454,890,5761,
80.9172296680095,92898,453,891,5761,
80.91724559525478,92898,453,890,5762,
80.91863340922247,92898,452,891,5762,
80.91968594262195,92898,452,890,5763,
80.92314030080892,92897,453,890,5763,
80.92430607802343,92897,452,891,5763,
80.92658641137879,92897,452,890,5764,
80.93083746553785,92897,452,889,5765,
80.93596628924607,92897,452,888,5766,
80.93875177548574,92897,452,887,5767,
80.94109025909705,92897,452,886,5768,
80.94418652320681,92897,452,885,5769,
80.94625853576628,92896,453,885,5769,
80.94627299617672,92896,452,886,5769,
80.9572858598756,92895,453,886,5769,
80.95815465564492,92895,453,885,5770,
80.95891525226752,92895,453,884,5771,
80.96132921031094,92895,453,883,5772,
80.96784662904291,92895,453,882,5773,
80.97268625199787,92895,453,881,5774,
80.97555854498799,92895,452,882,5774,
80.97825829842738,92895,451,883,5774,
80.99454769530611,92895,450,884,5774,
80.99942854905848,92895,449,885,5774,
81.00243736277011,92894,450,885,5774,
81.00631574517838,92894,450,884,5775,
81.00828489455458,92894,449,885,5775,
81.01139568571148,92894,449,884,5776,
81.01434772343733,92894,449,883,5777,
81.01479653754178,92893,450,883,5777,
81.01543347211611,92893,449,884,5777,
81.02105396012766,92893,448,885,5777,
81.0219352710017,92892,449,885,5777,
81.02251281740509,92892,449,884,5778,
81.02528984560459,92892,448,885,5778,
81.02612268565372,92892,448,884,5779,
81.0271979132705,92892,448,883,5780,
81.02841176792083,92892,448,882,5781,
81.02904247383552,92892,447,883,5781,
81.0362369492416,92892,446,884,5781,
81.03823086057629,92891,447,884,5781,
81.03910386808678,92890,448,884,5781,
81.04416956556821,92889,449,884,5781,
81.04639096404014,92889,449,883,5782,
81.05471892890422,92889,448,884,5782,
81.05549493756756,92889,447,885,5782,
81.06612378711617,92889,447,884,5783,
81.07920408036011,92889,447,883,5784,
81.08675724973492,92888,448,883,5784,
81.08718291949327,92887,449,883,5784,
81.08720218685501,92887,449,882,5785,
81.08745028728615,92886,450,882,5785,
81.08784882857313,92886,450,881,5786,
81.0888122962243,92886,449,882,5786,
81.0905378316651,92886,448,883,5786,
81.09129593221805,92886,448,882,5787,
81.09134150806372,92886,448,881,5788,
81.09572522067425,92885,449,881,5788,
81.09620350087991,92885,449,880,5789,
81.09658877455847,92885,449,879,5790,
81.09907762067229,92884,450,879,5790,
81.10048404722869,92884,450,878,5791,
81.10178385870503,92884,449,879,5791,
81.10185314528438,92883,450,879,5791,
81.1053185923878,92883,449,880,5791,
81.1095273780065,92883,449,879,5792,
81.11322510254804,92883,449,878,5793,
81.11753858555102,92883,449,877,5794,
81.12581399759068,92882,450,877,5794,
81.12730946757996,92881,451,877,5794,
81.12998515570689,92881,451,876,5795,
81.13015878082177,92881,450,877,5795,
81.14518862716949,92881,450,876,5796,
81.1510765275237,92880,451,876,5796,
81.1536501828788,92880,451,875,5797,
81.15708851226917,92880,451,874,5798,
81.15722867197786,92880,451,873,5799,
81.15813193202061,92879,452,873,5799,
81.15843283754344,92878,453,873,5799,
81.1604333736254,92878,452,874,5799,
81.16953946264866,92878,451,875,5799,
81.1726518335227,92878,450,876,5799,
81.18154589386545,92877,451,876,5799,
81.18974930052482,92877,450,877,5799,
81.19175741038876,92877,449,878,5799,
81.1931580536012,92877,449,877,5800,
81.19490146154179,92877,448,878,5800,
81.19660593796246,92877,448,877,5801,
81.19958618393333,92877,448,876,5802,
81.20107092116262,92877,448,875,5803,
81.20388456761098,92876,449,875,5803,
81.2042052816612,92876,448,876,5803,
81.20445755753833,92875,449,876,5803,
81.2103161524177,92875,448,877,5803,
81.2153509800896,92875,448,876,5804,
81.21681122165603,92875,448,875,5805,
81.21876553346036,92874,449,875,5805,
81.22002255275554,92874,449,874,5806,
81.22490430681276,92874,448,875,5806,
81.22605233839356,92873,449,875,5806,
81.23162158627218,92872,450,875,5806,
81.23782005939397,92871,451,875,5806,
81.23980164334972,92871,451,874,5807,
81.2425333093827,92871,451,873,5808,
81.25207687418575,92871,451,872,5809,
81.26188409419997,92871,450,873,5809,
81.26399304083947,92871,450,872,5810,
81.26551100571724,92870,451,872,5810,
81.2703277608612,92870,451,871,5811,
81.27673447607505,92870,450,872,5811,
81.27725476631687,92870,450,871,5812,
81.2806238553082,92870,449,872,5812,
81.28169261702655,92869,450,872,5812,
81.28600343103253,92869,450,871,5813,
81.28742905508898,92869,450,870,5814,
81.2898251734434,92869,449,871,5814,
81.29350730355821,92869,449,870,5815,
81.29553014977873,92869,448,871,5815,
81.29586706465123,92869,448,870,5816,
81.30032546712141,92869,448,869,5817,
81.30318776298007,92869,448,868,5818,
81.3091900633242,92869,448,867,5819,
81.31159964376867,92868,449,867,5819,
81.31385286482065,92867,450,867,5819,
81.31526426268337,92867,450,866,5820,
81.31571204220822,92867,449,867,5820,
81.32062535927746,92866,450,867,5820,
81.32398122752998,92866,449,868,5820,
81.32758962174431,92866,448,869,5820,
81.34056191831331,92866,448,868,5821,
81.35418485068428,92866,448,867,5822,
81.36018232578894,92866,448,866,5823,
81.36065148804909,92866,447,867,5823,
81.36276429415838,92865,448,867,5823,
81.36430340203806,92864,449,867,5823,
81.36920152245177,92864,448,868,5823,
81.37522977406323,92864,447,869,5823,
81.37590218854116,92863,448,869,5823,
81.37595522563855,92863,447,870,5823,
81.37700996463101,92863,446,871,5823,
81.37872765713769,92863,446,870,5824,
81.38849678873765,92863,446,869,5825,
81.39100499717958,92863,445,870,5825,
81.39804459119884,92862,446,870,5825,
81.3981161688583,92861,447,870,5825,
81.40719815860278,92861,447,869,5826,
81.41948958037983,92860,448,869,5826,
81.42113313794121,92860,447,870,5826,
81.42239190127424,92860,447,869,5827,
81.42849123652249,92860,447,868,5828,
81.42917559195891,92859,448,868,5828,
81.43489995242588,92859,448,867,5829,
81.44477555995395,92858,449,867,5829,
81.44506646412137,92857,450,867,5829,
81.445455813223,92857,450,866,5830,
81.45403387005369,92857,449,867,5830,
81.46303386495337,92857,448,868,5830,
81.47088298750013,92857,448,867,5831,
81.47652412410828,92857,448,866,5832,
81.47754828647483,92857,448,865,5833,
81.48152640550244,92857,447,866,5833,
81.48382624674298,92856,448,866,5833,
81.48383990850611,92856,447,867,5833,
81.4858053711772,92856,446,868,5833,
81.4915553145541,92856,446,867,5834,
81.49338560317763,92856,446,866,5835,
81.50434495179728,92856,446,865,5836,
81.50672579801027,92855,447,865,5836,
81.50763255485451,92854,448,865,5836,
81.50950204227067,92853,449,865,5836,
81.51278145621198,92853,449,864,5837,
81.51337007623019,92853,448,865,5837,
81.51494382758247,92853,448,864,5838,
81.51624589375768,92853,447,865,5838,
81.51718908738165,92853,446,866,5838,
81.53837803396873,92853,446,865,5839,
81.53935738630531,92853,445,866,5839,
81.54166201712418,92853,444,867,5839,
81.54169997668848,92852,445,867,5839,
81.55180761990985,92852,445,866,5840,
81.56476217342131,92852,444,867,5840,
81.56927483760848,92852,444,866,5841,
81.57401702006803,92852,444,865,5842,
81.57571186665447,92852,444,864,5843,
81.57816005629466,92852,443,865,5843,
81.58518931727599,92852,443,864,5844,
81.5868484084558,92852,443,863,5845,
81.58920110717264,92852,443,862,5846,
81.58938850357035,92852,442,863,5846,
81.59119777519034,92852,442,862,5847,
81.59149846691011,92852,441,863,5847,
81.5939407081971,92851,442,863,5847,
81.59415220133664,92851,442,862,5848,
81.59972848734593,92850,443,862,5848,
81.60138743065411,92850,442,863,5848,
81.60161566559476,92850,442,862,5849,
81.60736965046301,92850,442,861,5850,
81.6152051397822,92850,442,860,5851,
81.61695161881323,92850,441,861,5851,
81.61884372890913,92850,440,862,5851,
81.62759047432236,92850,440,861,5852,
81.6307026140148,92849,441,861,5852,
81.63534480828633,92849,441,860,5853,
81.63544768936038,92849,441,859,5854,
81.64006906842178,92848,442,859,5854,
81.64278491635517,92848,442,858,5855,
81.64975675857796,92848,442,857,5856,
81.65164339364577,92848,441,858,5856,
81.65346245597661,92848,441,857,5857,
81.65492802048763,92848,440,858,5857,
81.65718902228507,92847,441,858,5857,
81.6597154236486,92847,440,859,5857,
81.66019360339398,92847,439,860,5857,
81.66262470617966,92846,440,860,5857,
81.6669511025411,92846,440,859,5858,
81.66964535920714,92846,439,860,5858,
81.67834495644595,92846,438,861,5858,
81.67979370786486,92846,438,860,5859,
81.68665243185124,92846,438,859,5860,
81.70476511011896,92846,437,860,5860,
81.70708865927966,92846,437,859,5861,
81.70901931152972,92846,436,860,5861,
81.71300431449569,92846,436,859,5862,
81.71433930219604,92846,436,858,5863,
81.71503779136205,92846,436,857,5864,
81.71508692382743,92846,435,858,5864,
81.71519898277711,92846,435,857,5865,
81.71830445792578,92846,435,856,5866,
81.72153045139429,92846,435,855,5867,
81.72681717470401,92846,435,854,5868,
81.72879592225866,92845,436,854,5868,
81.72895415494057,92845,436,853,5869,
81.72960732781245,92845,436,852,5870,
81.7314285196262,92845,435,853,5870,
81.73492348653596,92844,436,853,5870,
81.73939805663616,92844,436,852,5871,
81.74545751894661,92844,436,851,5872,
81.7507086100297,92843,437,851,5872,
81.75526261019968,92843,436,852,5872,
81.7572014519797,92843,436,851,5873,
81.75958992451223,92843,436,850,5874,
81.7609365818007,92843,435,851,5874,
81.76732798551069,92842,436,851,5874,
81.77682691091604,92841,437,851,5874,
81.77966429312197,92841,437,850,5875,
81.78008803672323,92841,437,849,5876,
81.7831406422491,92840,438,849,5876,
81.78435672462777,92840,438,848,5877,
81.78522048111188,92839,439,848,5877,
81.79518688428716,92838,440,848,5877,
81.79539278325734,92838,440,847,5878,
81.79632827118513,92838,439,848,5878,
81.80950295259488,92838,438,849,5878,
81.82036561025228,92838,438,848,5879,
81.82064694425861,92838,437,849,5879,
81.82182169081906,92837,438,849,5879,
81.82288172877652,92837,438,848,5880,
81.82389458070776,92836,439,848,5880,
81.83286062255094,92836,439,847,5881,
81.83530491446461,92836,438,848,5881,
81.83567243824965,92835,439,848,5881,
81.8358780666255,92835,438,849,5881,
81.83660686072594,92835,438,848,5882,
81.83663698717045,92835,438,847,5883,
81.84165585091694,92834,439,847,5883,
81.84351024454159,92833,440,847,5883,
81.84493814708088,92833,439,848,5883,
81.84697319228266,92833,438,849,5883,
81.84769345752437,92833,437,850,5883,
81.8479605022184,92833,436,851,5883,
81.85099194431922,92833,436,850,5884,
81.85281957655032,92833,436,849,5885,
81.85336874202522,92833,436,848,5886,
81.8580834109396,92833,435,849,5886,
81.86081784310066,92832,436,849,5886,
81.8620226983183,92832,436,848,5887,
81.86690704739533,92832,435,849,5887,
81.8677961921428,92832,435,848,5888,
81.86801548942074,92832,435,847,5889,
81.87188905095715,92832,435,846,5890,
81.87809038296001,92832,434,847,5890,
81.89913248295382,92832,433,848,5890,
81.90456122971217,92831,434,848,5890,
81.90950835804732,92831,433,849,5890,
81.91704461593112,92831,432,850,5890,
81.92282805756477,92831,432,849,5891,
81.92918326962594,92831,432,848,5892,
81.93207398841902,92831,431,849,5892,
81.93448345004285,92831,430,850,5892,
81.93983826113036,92831,430,849,5893,
81.95041389868969,92831,429,850,5893,
81.9534679212629,92831,429,849,5894,
81.95440658868571,92831,428,850,5894,
81.95863085378602,92831,428,849,5895,
81.95916773282345,92830,429,849,5895,
81.959940610079,92830,428,850,5895,
81.9610973688353,92830,428,849,5896,
81.96418421325502,92830,428,848,5897,
81.96442267160089,92830,427,849,5897,
81.9647259160499,92830,426,850,5897,
81.97196288796786,92830,426,849,5898,
81.97477407845732,92830,426,848,5899,
81.9788339002591,92829,427,848,5899,
81.9855405181604,92828,428,848,5899,
81.98760178792466,92827,429,848,5899,
81.98809563590095,92826,430,848,5899,
81.99080062917375,92826,429,849,5899,
81.99367742589696,92826,428,850,5899,
81.9975136978803,92825,429,850,5899,
82.00283127717942,92824,430,850,5899,
82.00397261626235,92823,431,850,5899,
82.01002146522707,92823,431,849,5900,
82.01202438942799,92823,430,850,5900,
82.01929372520227,92823,430,849,5901,
82.0206719097961,92823,429,850,5901,
82.02261771042245,92823,428,851,5901,
82.02273534716556,92823,428,850,5902,
82.02409624831657,92823,427,851,5902,
82.02948194952512,92823,426,852,5902,
82.03184164082974,92823,426,851,5903,
82.0320311145774,92823,426,850,5904,
82.03278901397931,92822,427,850,5904,
82.03600872095173,92822,426,851,5904,
82.03843942870157,92822,426,850,5905,
82.03891889447003,92822,425,851,5905,
82.04785683881693,92822,424,852,5905,
82.04935020409157,92821,425,852,5905,
82.05195828394349,92821,425,851,5906,
82.06468173381492,92821,424,852,5906,
82.06812910612646,92820,425,852,5906,
82.06913187207716,92819,426,852,5906,
82.07201045649822,92819,425,853,5906,
82.07518428541815,92819,424,854,5906,
82.08043982271846,92818,425,854,5906,
82.08477024389352,92817,426,854,5906,
82.08945970686845,92817,426,853,5907,
82.09055265433217,92816,427,853,5907,
82.09961021464122,92816,427,852,5908,
82.1009762533065,92815,428,852,5908,
82.10112441106847,92815,428,851,5909,
82.10347396314495,92815,428,850,5910,
82.10348749716485,92814,429,850,5910,
82.11598575438273,92814,429,849,5911,
82.11854675981823,92813,430,849,5911,
82.12061729669962,92812,431,849,5911,
82.12189028649637,92812,430,850,5911,
82.12936879002099,92811,431,850,5911,
82.13251162576253,92810,432,850,5911,
82.14488510078232,92809,433,850,5911,
82.15015347153015,92808,434,850,5911,
82.151828433504,92808,433,851,5911,
82.15983120702072,92808,433,850,5912,
82.16143492021519,92807,434,850,5912,
82.16304592244498,92807,434,849,5913,
82.16572805293691,92807,433,850,5913,
82.16607408150341,92807,433,849,5914,
82.17134658954012,92806,434,849,5914,
82.17510934004463,92806,434,848,5915,
82.1770275914667,92806,433,849,5915,
82.17843909300247,92806,433,848,5916,
82.18774441793386,92805,434,848,5916,
82.1881197663246,92805,433,849,5916,
82.18953224836169,92804,434,849,5916,
82.19096742121968,92804,434,848,5917,
82.20078707327636,92803,435,848,5917,
82.20309633004526,92803,434,849,5917,
82.21192397885332,92803,434,848,5918,
82.21611782342148,92803,433,849,5918,
82.21668182265418,92803,433,848,5919,
82.2188786074391,92803,433,847,5920,
82.2204991991724,92803,433,846,5921,
82.22120772241661,92802,434,846,5921,
82.22183024129455,92802,434,845,5922,
82.22207647539749,92801,435,845,5922,
82.22555744027476,92800,436,845,5922,
82.22816162073092,92799,437,845,5922,
82.23847951785552,92799,436,846,5922,
82.24182151060758,92798,437,846,5922,
82.24312560143554,92798,437,845,5923,
82.24329047158889,92798,436,846,5923,
82.24914340397177,92797,437,846,5923,
82.26170124738815,92797,436,847,5923,
82.2654984267686,92796,437,847,5923,
82.26962493822957,92796,437,846,5924,
82.2728181062075,92796,436,847,5924,
82.27316638708416,92796,436,846,5925,
82.27624494964621,92795,437,846,5925,
82.2920089022654,92795,437,845,5926,
82.29867812076031,92795,437,844,5927,
82.29869667048345,92794,438,844,5927,
82.29966976603887,92794,438,843,5928,
82.30161289271561,92794,437,844,5928,
82.31420933419722,92794,436,845,5928,
82.31502112435234,92794,436,844,5929,
82.31710785535688,92794,436,843,5930,
82.32325584631693,92794,436,842,5931,
82.33891305913353,92793,437,842,5931,
82.3438578101893,92793,436,843,5931,
82.34618484431822,92793,435,844,5931,
82.35362030511374,92792,436,844,5931,
82.35492620403369,92792,435,845,5931,
82.3592820939418,92792,434,846,5931,
82.3608344960765,92792,434,845,5932,
82.36289061512264,92792,434,844,5933,
82.36843922704283,92791,435,844,5933,
82.369271120811,92791,434,845,5933,
82.37282435209937,92791,433,846,5933,
82.37418543569626,92790,434,846,5933,
82.3761905801287,92790,434,845,5934,
82.37970973082871,92790,434,844,5935,
82.37976181087876,92790,434,843,5936,
82.38234768516384,92790,433,844,5936,
82.38639013048564,92789,434,844,5936,
82.38766538405102,92789,433,845,5936,
82.38846819267454,92789,433,844,5937,
82.3911143146955,92789,432,845,5937,
82.39152531379034,92789,431,846,5937,
82.39366692264791,92789,431,845,5938,
82.39387838057205,92789,431,844,5939,
82.39876009829798,92789,431,843,5940,
82.40502892105215,92788,432,843,5940,
82.41032291947556,92788,431,844,5940,
82.41052541781434,92787,432,844,5940,
82.42098375579221,92786,433,844,5940,
82.42112879636034,92786,432,845,5940,
82.43081218831044,92785,433,845,5940,
82.43886136342658,92785,432,846,5940,
82.44134894991498,92785,432,845,5941,
82.4430031263523,92785,431,846,5941,
82.44472614384722,92785,431,845,5942,
82.45443281534394,92784,432,845,5942,
82.45993462486695,92784,432,844,5943,
82.4601845438158,92783,433,844,5943,
82.462123593928,92783,433,843,5944,
82.46303585237611,92782,434,843,5944,
82.4694756056778,92781,435,843,5944,
82.47203385618062,92781,435,842,5945,
82.47842899834882,92780,436,842,5945,
82.4809010460624,92779,437,842,5945,
82.48545011459147,92779,437,841,5946,
82.48748987417785,92779,437,840,5947,
82.49928726704125,92778,438,840,5947,
82.50036718837937,92778,437,841,5947,
82.50431241318888,92778,436,842,5947,
82.50538067421468,92777,437,842,5947,
82.50835547178683,92776,438,842,5947,
82.51051028065179,92776,437,843,5947,
82.51063190053692,92776,437,842,5948,
82.52098833900666,92775,438,842,5948,
82.52650383544605,92775,437,843,5948,
82.52699648580212,92775,437,842,5949,
82.53026449732064,92775,437,841,5950,
82.54275212316,92775,437,840,5951,
82.54331383818571,92775,437,839,5952,
82.55077741123259,92775,436,840,5952,
82.55352634922897,92775,435,841,5952,
82.55716145630146,92775,435,840,5953,
82.55782658764028,92775,435,839,5954,
82.57061160262714,92775,434,840,5954,
82.57225605264227,92775,434,839,5955,
82.57497165813376,92775,433,840,5955,
82.57767824874983,92775,432,841,5955,
82.58049146802142,92774,433,841,5955,
82.58217719728296,92774,432,842,5955,
82.58257848910753,92774,431,843,5955,
82.59233415026262,92774,431,842,5956,
82.59649561468173,92774,431,841,5957,
82.60204807588656,92773,432,841,5957,
82.60288388186012,92773,431,842,5957,
82.61057933010838,92773,431,841,5958,
82.61386666568964,92773,430,842,5958,
82.61644543270076,92772,431,842,5958,
82.62149234139574,92772,431,841,5959,
82.62189729808081,92772,430,842,5959,
82.6234540701501,92772,429,843,5959,
82.62417965445208,92772,429,842,5960,
82.62803113103945,92772,429,841,5961,
82.62979536156138,92772,428,842,5961,
82.63405787997304,92771,429,842,5961,
82.63455470908445,92771,429,841,5962,
82.63732532112071,92771,429,840,5963,
82.63955175009407,92771,429,839,5964,
82.6500914019098,92771,429,838,5965,
82.65521395213828,92771,429,837,5966,
82.65541013129172,92771,429,836,5967,
82.66031844060181,92771,428,837,5967,
82.6640442753829,92770,429,837,5967,
82.66444243177959,92769,430,837,5967,
82.66512658234755,92768,431,837,5967,
82.66539674152094,92767,432,837,5967,
82.66878576806579,92767,432,836,5968,
82.67484532859294,92767,432,835,5969,
82.6840456773451,92767,432,834,5970,
82.68477553105917,92767,432,833,5971,
82.69131798826662,92767,431,834,5971,
82.69602745753103,92767,430,835,5971,
82.6988393046039,92767,429,836,5971,
82.70008566912378,92767,428,837,5971,
82.70117292878084,92766,429,837,5971,
82.70278851065424,92766,429,836,5972,
82.70764957682195,92766,429,835,5973,
82.71312581746241,92766,428,836,5973,
82.71620506621339,92765,429,836,5973,
82.71632235686789,92765,429,835,5974,
82.72607650026686,92765,428,836,5974,
82.74416731575701,92765,427,837,5974,
82.74710832984803,92765,427,836,5975,
82.75215597743016,92764,428,836,5975,
82.75669479482225,92764,427,837,5975,
82.7588904400632,92763,428,837,5975,
82.76121537909322,92762,429,837,5975,
82.76263669464174,92762,428,838,5975,
82.76447559179836,92762,427,839,5975,
82.76703482311929,92762,426,840,5975,
82.76742731189073,92761,427,840,5975,
82.76791192426539,92761,426,841,5975,
82.76854152176102,92761,426,840,5976,
82.77138609514937,92761,425,841,5976,
82.77638142866881,92761,424,842,5976,
82.77700691081216,92760,425,842,5976,
82.77735333172976,92760,424,843,5976,
82.78292649651058,92760,423,844,5976,
82.78307071742493,92760,423,843,5977,
82.78612446959207,92759,424,843,5977,
82.7928195247078,92759,424,842,5978,
82.79446547212697,92759,424,841,5979,
82.79461291075046,92759,423,842,5979,
82.79817500294622,92759,422,843,5979,
82.80060080581654,92758,423,843,5979,
82.80154790663636,92758,422,844,5979,
82.80443728514581,92757,423,844,5979,
82.805313832431,92756,424,844,5979,
82.80644298245849,92756,423,845,5979,
82.81266826461868,92755,424,845,5979,
82.81467604961522,92755,423,846,5979,
82.8198036233769,92755,422,847,5979,
82.83200644570823,92754,423,847,5979,
82.83251990792002,92754,422,848,5979,
82.84435998361712,92754,421,849,5979,
82.84517738390603,92754,420,850,5979,
82.85330081360519,92754,419,851,5979,
82.85382886073634,92753,420,851,5979,
82.86265194036122,92753,419,852,5979,
82.86598979577107,92753,418,853,5979,
82.86875381567911,92753,418,852,5980,
82.8738536892921,92753,417,853,5980,
82.87516914919283,92753,416,854,5980,
82.87742719223967,92752,417,854,5980,
82.87765992765367,92751,418,854,5980,
82.88537566472877,92751,418,853,5981,
82.88808062571933,92750,419,853,5981,
82.88817563000158,92749,420,853,5981,
82.88828656853468,92749,420,852,5982,
82.88913860639988,92748,421,852,5982,
82.8991258375923,92747,422,852,5982,
82.9010144984784,92746,423,852,5982,
82.90744301373024,92746,423,851,5983,
82.90792667758004,92746,422,852,5983,
82.91005500939323,92746,421,853,5983,
82.91174971162219,92746,420,854,5983,
82.91334482054286,92746,419,855,5983,
82.91671843080366,92746,418,856,5983,
82.91675250646618,92746,418,855,5984,
82.92214171956937,92746,417,856,5984,
82.92485091702123,92745,418,856,5984,
82.92813568448575,92745,418,855,5985,
82.93254477801818,92744,419,855,5985,
82.93512005783795,92744,418,856,5985,
82.93562096512895,92744,417,857,5985,
82.94084939402272,92744,416,858,5985,
82.96076721279267,92743,417,858,5985,
82.97349324822157,92743,417,857,5986,
82.98046761222433,92743,417,856,5987,
82.98263302037574,92743,417,855,5988,
82.9828848409534,92743,416,856,5988,
82.98572658846422,92742,417,856,5988,
82.9857965041101,92741,418,856,5988,
82.99422135674182,92741,417,857,5988,
82.99440536063025,92741,417,856,5989,
82.99611385763734,92741,416,857,5989,
82.99857383817722,92740,417,857,5989,
83.00019029579599,92740,416,858,5989,
83.00380345455055,92740,415,859,5989,
83.01094183681535,92740,414,860,5989,
83.01909207411548,92740,414,859,5990,
83.01968658459947,92739,415,859,5990,
83.02129172073542,92739,415,858,5991,
83.02159791133248,92739,415,857,5992,
83.02297542146495,92738,416,857,5992,
83.02608401884979,92738,416,856,5993,
83.03110435581021,92737,417,856,5993,
83.03498632870215,92737,416,857,5993,
83.04210125909418,92737,416,856,5994,
83.0424178182267,92737,415,857,5994,
83.04461730919704,92736,416,857,5994,
83.05616169904188,92735,417,857,5994,
83.06216788059133,92735,417,856,5995,
83.06274884658278,92735,417,855,5996,
83.06324516464642,92735,417,854,5997,
83.07156065732825,92735,416,855,5997,
83.0748075094688,92734,417,855,5997,
83.07546864459184,92734,417,854,5998,
83.07882316718502,92734,417,853,5999,
83.08006059674184,92733,418,853,5999,
83.08603762643696,92732,419,853,5999,
83.08923436834283,92732,418,854,5999,
83.0895453210965,92732,417,855,5999,
83.09309245340305,92732,416,856,5999,
83.09510316027936,92732,416,855,6000,
83.09658097917273,92732,415,856,6000,
83.09770178823301,92731,416,856,6000,
83.10014157045288,92731,415,857,6000,
83.10107516763549,92731,414,858,6000,
83.10782248430985,92731,413,859,6000,
83.11542521866774,92730,414,859,6000,
83.11620938415064,92730,413,860,6000,
83.11636209799687,92730,413,859,6001,
83.128751184925,92730,413,858,6002,
83.12963430589842,92730,413,857,6003,
83.13252154813406,92730,413,856,6004,
83.13404973951,92730,413,855,6005,
83.14072010215713,92730,413,854,6006,
83.14238526848476,92730,412,855,6006,
83.14751943870445,92730,412,854,6007,
83.14859283181497,92730,411,855,6007,
83.15849384302061,92729,412,855,6007,
83.15899352972488,92729,411,856,6007,
83.16048649987394,92729,410,857,6007,
83.16401247632967,92729,410,856,6008,
83.16761513583708,92729,410,855,6009,
83.16974870007667,92729,410,854,6010,
83.17188429211097,92729,410,853,6011,
83.17347412324227,92729,409,854,6011,
83.17465195912985,92729,409,853,6012,
83.1754246638618,92729,408,854,6012,
83.18861571343822,92728,409,854,6012,
83.19216243047195,92728,409,853,6013,
83.19315805087585,92728,409,852,6014,
83.19806670115295,92727,410,852,6014,
83.20049875692004,92727,410,851,6015,
83.2030387208984,92726,411,851,6015,
83.21209804377052,92725,412,851,6015,
83.21520492736803,92725,411,852,6015,
83.21734179880175,92724,412,852,6015,
83.22366004214976,92724,411,853,6015,
83.22808146799207,92723,412,853,6015,
83.23241905347115,92723,412,852,6016,
83.23432158503638,92723,411,853,6016,
83.23762724629671,92722,412,853,6016,
83.25096086683828,92722,411,854,6016,
83.2586059615499,92722,410,855,6016,
83.26653590760094,92721,411,855,6016,
83.27322899556859,92720,412,855,6016,
83.28623136005403,92720,412,854,6017,
83.29074806452999,92719,413,854,6017,
83.29094810535668,92719,412,855,6017,
83.29810568163818,92719,412,854,6018,
83.31155180688813,92718,413,854,6018,
83.31196476574527,92718,412,855,6018,
83.31523662646637,92718,411,856,6018,
83.31725441066857,92718,411,855,6019,
83.31857300888979,92718,410,856,6019,
83.31891132191097,92718,409,857,6019,
83.32991621914681,92718,408,858,6019,
83.33053796710811,92718,408,857,6020,
83.33578544288397,92718,408,856,6021,
83.34283624756353,92717,409,856,6021,
83.34725333281837,92717,409,855,6022,
83.348302084697,92717,409,854,6023,
83.35140616500263,92717,408,855,6023,
83.35569200831677,92717,407,856,6023,
83.35832216731015,92717,407,855,6024,
83.36682505807316,92717,407,854,6025,
83.38052525612929,92717,407,853,6026,
83.38143251685896,92717,407,852,6027,
83.38406062230956,92716,408,852,6027,
83.39293283683723,92716,407,853,6027,
83.39423823879628,92716,407,852,6028,
83.39950483823922,92716,407,851,6029,
83.40700728639567,92715,408,851,6029,
83.40845790099405,92715,407,852,6029,
83.40884577717932,92714,408,852,6029,
83.41017281930627,92714,408,851,6030,
83.41179455616268,92714,407,852,6030,
83.41307620066343,92714,407,851,6031,
83.4260281678194,92713,408,851,6031,
83.42785524139902,92713,408,850,6032,
83.42916703546501,92713,408,849,6033,
83.43120186851053,92713,407,850,6033,
83.44023582545321,92713,406,851,6033,
83.44092906226322,92713,406,850,6034,
83.44150239363383,92713,406,849,6035,
83.44231484891353,92712,407,849,6035,
83.44592356803781,92711,408,849,6035,
83.44637279610322,92711,407,850,6035,
83.44751746891113,92711,406,851,6035,
83.44882111529768,92711,406,850,6036,
83.45061161370086,92711,406,849,6037,
83.4535863570398,92711,405,850,6037,
83.45627630769299,92711,405,849,6038,
83.45748679176644,92711,405,848,6039,
83.46059097385643,92711,405,847,6040,
83.46925024199766,92711,405,846,6041,
83.47667019328675,92711,405,845,6042,
83.47783815059694,92711,404,846,6042,
83.4786344347792,92711,403,847,6042,
83.47992329610835,92711,403,846,6043,
83.48563805339555,92710,404,846,6043,
83.50399306526326,92710,404,845,6044,
83.50499038930641,92710,404,844,6045,
83.50512352259864,92710,403,845,6045,
83.50818096977703,92710,403,844,6046,
83.51119321231343,92710,403,843,6047,
83.52196563784412,92710,402,844,6047,
83.52275098810736,92710,401,845,6047,
83.52351007367966,92710,401,844,6048,
83.52575560142003,92710,401,843,6049,
83.53286835624951,92709,402,843,6049,
83.53329412694833,92709,401,844,6049,
83.53770362863263,92708,402,844,6049,
83.54279178863213,92708,402,843,6050,
83.5466648995878,92708,401,844,6050,
83.54680472365928,92708,401,843,6051,
83.55224071236884,92707,402,843,6051,
83.55680445876365,92707,401,844,6051,
83.55923075816723,92706,402,844,6051,
83.56250743229926,92706,401,845,6051,
83.5630016619,92706,400,846,6051,
83.564836238563,92706,400,845,6052,
83.5658922874533,92705,401,845,6052,
83.56621714025384,92705,400,846,6052,
83.56756984686398,92705,400,845,6053,
83.57115568585266,92705,400,844,6054,
83.57336323070109,92705,399,845,6054,
83.58149633398719,92705,398,846,6054,
83.58514001132642,92705,397,847,6054,
83.58924801967117,92705,396,848,6054,
83.59373693407593,92705,396,847,6055,
83.5951451724973,92705,395,848,6055,
83.60847959707314,92705,395,847,6056,
83.60970229618923,92704,396,847,6056,
83.6135469653363,92703,397,847,6056,
83.61966004746432,92703,396,848,6056,
83.61992807279466,92703,395,849,6056,
83.62450142060061,92703,395,848,6057,
83.62688284024867,92702,396,848,6057,
83.6319096476062,92702,396,847,6058,
83.63272771416129,92702,396,846,6059,
83.63331303006119,92702,395,847,6059,
83.64549178687184,92702,395,846,6060,
83.66159903789665,92702,394,847,6060,
83.66515738812004,92702,394,846,6061,
83.6700015838027,92702,393,847,6061,
83.67344472230464,92701,394,847,6061,
83.67587401756121,92701,394,846,6062,
83.6789629051754,92701,394,845,6063,
83.68597285612441,92701,394,844,6064,
83.6875618233934,92701,394,843,6065,
83.68831013946416,92701,393,844,6065,
83.69139632557889,92701,393,843,6066,
83.69272154855281,92700,394,843,6066,
83.69486796526675,92700,393,844,6066,
83.6978112063085,92700,392,845,6066,
83.7002048926242,92700,392,844,6067,
83.70036594422736,92699,393,844,6067,
83.70175358896938,92699,393,843,6068,
83.71226019664445,92698,394,843,6068,
83.71494201218358,92698,394,842,6069,
83.71781229861627,92697,395,842,6069,
83.72135798221986,92697,395,841,6070,
83.72387658724008,92696,396,841,6070,
83.72478196236028,92695,397,841,6070,
83.7249583016997,92695,397,840,6071,
83.73200436056835,92694,398,840,6071,
83.73422391668396,92694,398,839,6072,
83.73433887537368,92694,398,838,6073,
83.73644063205452,92693,399,838,6073,
83.73856025810265,92693,399,837,6074,
83.73986098954374,92693,399,836,6075,
83.7406684024138,92692,400,836,6075,
83.75727999950232,92692,399,837,6075,
83.76277384509702,92692,399,836,6076,
83.76368157880597,92692,399,835,6077,
83.76620700266638,92691,400,835,6077,
83.77396290637576,92691,400,834,6078,
83.77534688337876,92691,400,833,6079,
83.77628794179037,92691,399,834,6079,
83.77836440672789,92690,400,834,6079,
83.78378169135482,92690,400,833,6080,
83.78642235708759,92689,401,833,6080,
83.79062608228622,92689,401,832,6081,
83.79239752651534,92689,400,833,6081,
83.80036086176077,92689,400,832,6082,
83.80538677934618,92689,399,833,6082,
83.80593539590205,92689,399,832,6083,
83.80636689102225,92689,398,833,6083,
83.80802523436577,92689,398,832,6084,
83.81582483770535,92689,398,831,6085,
83.82667828531966,92689,398,830,6086,
83.82678231420732,92689,398,829,6087,
83.82699716066855,92688,399,829,6087,
83.84021137978675,92688,399,828,6088,
83.84030564983692,92688,398,829,6088,
83.84170965261394,92688,397,830,6088,
83.84215399036125,92687,398,830,6088,
83.8451695105426,92686,399,830,6088,
83.84541233815271,92686,399,829,6089,
83.84706674109991,92686,399,828,6090,
83.86027201339209,92686,398,829,6090,
83.86284010552299,92686,398,828,6091,
83.86934644710077,92686,398,827,6092,
83.87030067731507,92686,398,826,6093,
83.87332317656075,92686,397,827,6093,
83.87559730589594,92685,398,827,6093,
83.8777157631314,92685,398,826,6094,
83.87798522353741,92684,399,826,6094,
83.88029009121715,92684,399,825,6095,
83.88124276988788,92684,398,826,6095,
83.88333579111915,92683,399,826,6095,
83.88569183479345,92683,399,825,6096,
83.88820873207396,92682,400,825,6096,
83.88893640233732,92681,401,825,6096,
83.88945155446562,92681,401,824,6097,
83.89258888910837,92681,401,823,6098,
83.89761826184596,92681,401,822,6099,
83.90199317533134,92680,402,822,6099,
83.91797576847294,92679,403,822,6099,
83.92479913577225,92678,404,822,6099,
83.9271074215498,92678,404,821,6100,
83.93200530863379,92678,404,820,6101,
83.93286719398051,92678,404,819,6102,
83.93348307346005,92677,405,819,6102,
83.9355691481174,92677,404,820,6102,
83.93891751291254,92677,403,821,6102,
83.93898068125591,92677,402,822,6102,
83.94110616569247,92677,401,823,6102,
83.94533431770878,92677,400,824,6102,
83.95495003399553,92677,399,825,6102,
83.96243032382779,92676,400,825,6102,
83.96483773228519,92675,401,825,6102,
83.97606472675177,92675,401,824,6103,
83.97762709094567,92674,402,824,6103,
83.97920616066031,92674,402,823,6104,
83.98006220845608,92674,402,822,6105,
83.9827074477131,92673,403,822,6105,
84.00269275849803,92672,404,822,6105,
84.01365573058524,92672,403,823,6105,
84.01476894413207,92672,402,824,6105,
84.01955256769725,92672,401,825,6105,
84.02180913650751,92672,400,826,6105,
84.02766486226334,92671,401,826,6105,
84.03761186224925,92671,401,825,6106,
84.03799589289602,92671,401,824,6107,
84.04566237500998,92670,402,824,6107,
84.05219075267816,92669,403,824,6107,
84.0535987841786,92669,402,825,6107,
84.05418232413673,92669,401,826,6107,
84.06144968240943,92669,400,827,6107,
84.0661815049455,92669,400,826,6108,
84.0670937125906,92669,399,827,6108,
84.06797794340171,92669,399,826,6109,
84.08793740235097,92669,399,825,6110,
84.09047029050569,92668,400,825,6110,
84.0942178136689,92668,399,826,6110,
84.09428856962455,92667,400,826,6110,
84.09445885022386,92667,400,825,6111,
84.09721313774013,92667,400,824,6112,
84.09802620150384,92667,399,825,6112,
84.09879164660077,92667,399,824,6113,
84.10057437709469,92666,400,824,6113,
84.10192024922902,92666,399,825,6113,
84.10409691382881,92666,398,826,6113,
84.10992129513106,92666,397,827,6113,
84.11007973807554,92665,398,827,6113,
84.11431165654068,92664,399,827,6113,
84.11820052692943,92664,399,826,6114,
84.11932031230619,92664,399,825,6115,
84.12060924118754,92664,399,824,6116,
84.12484653847261,92664,399,823,6117,
84.12587936856109,92663,400,823,6117,
84.12682465807418,92662,401,823,6117,
84.13186240391377,92662,401,822,6118,
84.13575549262654,92662,401,821,6119,
84.14241308441677,92662,401,820,6120,
84.14435917767337,92662,400,821,6120,
84.14661358252779,92662,400,820,6121,
84.15718292460139,92662,400,819,6122,
84.1613673885146,92662,400,818,6123,
84.16965798847818,92662,400,817,6124,
84.16991512790375,92662,400,816,6125,
84.17688852434807,92662,399,817,6125,
84.18142054202522,92662,398,818,6125,
84.1890636648985,92662,397,819,6125,
84.19345262293999,92662,396,820,6125,
84.20614832399559,92662,396,819,6126,
84.20746278442532,92661,397,819,6126,
84.2106163378644,92661,397,818,6127,
84.21071037721491,92661,396,819,6127,
84.21702551404336,92660,397,819,6127,
84.2180427274313,92660,397,818,6128,
84.2182349409519,92659,398,818,6128,
84.21834292743377,92659,398,817,6129,
84.2255618536733,92659,397,818,6129,
84.22679810415872,92659,396,819,6129,
84.2357540069849,92659,396,818,6130,
84.23846573464056,92658,397,818,6130,
84.23935565517944,92657,398,818,6130,
84.24436426971943,92657,398,817,6131,
84.2454294943952,92657,397,818,6131,
84.25494751198914,92657,397,817,6132,
84.25934391451011,92657,397,816,6133,
84.27394980555835,92657,396,817,6133,
84.28215758664948,92656,397,817,6133,
84.28525205450116,92656,397,816,6134,
84.29260727433453,92656,396,817,6134,
84.29326799982715,92656,395,818,6134,
84.2944333921802,92656,395,817,6135,
84.30606538086323,92656,394,818,6135,
84.31441928830098,92656,394,817,6136,
84.31849039183399,92656,394,816,6137,
84.32097641886855,92655,395,816,6137,
84.32288481437661,92655,394,817,6137,
84.32513243085415,92654,395,817,6137,
84.3272432963021,92653,396,817,6137,
84.32780597664484,92653,396,816,6138,
84.33889688881592,92653,395,817,6138,
84.34073352935806,92653,395,816,6139,
84.3457700423386,92653,395,815,6140,
84.34611354894827,92652,396,815,6140,
84.34655701056275,92652,396,814,6141,
84.35188093691485,92652,395,815,6141,
84.35710951747093,92651,396,815,6141,
84.35908958883246,92651,396,814,6142,
84.36040947389972,92651,396,813,6143,
84.36159612418652,92650,397,813,6143,
84.36726502172505,92650,397,812,6144,
84.36963236490266,92650,397,811,6145,
84.37248623465871,92650,397,810,6146,
84.3776736011149,92650,397,809,6147,
84.37870860775675,92650,397,808,6148,
84.38011955288107,92649,398,808,6148,
84.38083305631989,92649,398,807,6149,
84.3841668521391,92649,398,806,6150,
84.3842382146388,92648,399,806,6150,
84.38778009028354,92648,399,805,6151,
84.39397462150546,92647,400,805,6151,
84.39632059794306,92646,401,805,6151,
84.39865478348626,92646,401,804,6152,
84.40527212632205,92645,402,804,6152,
84.41292829092656,92645,401,805,6152,
84.41395707950994,92645,401,804,6153,
84.41451979427273,92645,401,803,6154,
84.41505350359421,92645,401,802,6155,
84.41955608711245,92644,402,802,6155,
84.42010816767129,92644,401,803,6155,
84.42859166682314,92644,401,802,6156,
84.42889821248474,92643,402,802,6156,
84.43264233864133,92643,402,801,6157,
84.43805039259144,92643,402,800,6158,
84.4384148410063,92643,402,799,6159,
84.43959122726679,92643,401,800,6159,
84.44341170790655,92642,402,800,6159,
84.44903049813249,92642,401,801,6159,
84.44998360194501,92642,401,800,6160,
84.47367985938457,92642,401,799,6161,
84.47560717699076,92642,400,800,6161,
84.47831954557475,92642,399,801,6161,
84.49265749621878,92642,399,800,6162,
84.5015867957032,92642,399,799,6163,
84.50602075740895,92641,400,799,6163,
84.50801062553961,92640,401,799,6163,
84.50866314979032,92640,401,798,6164,
84.50962403521271,92640,401,797,6165,
84.52274136699174,92639,402,797,6165,
84.52388564829528,92638,403,797,6165,
84.53084795901876,92638,403,796,6166,
84.53399613654186,92637,404,796,6166,
84.53868922636701,92637,404,795,6167,
84.54638358045827,92637,403,796,6167,
84.5475206884633,92636,404,796,6167,
84.55347119620576,92635,405,796,6167,
84.55494172309692,92634,406,796,6167,
84.5552074916869,92634,405,797,6167,
84.55577848146118,92634,405,796,6168,
84.55697382001904,92633,406,796,6168,
84.56015025296007,92633,405,797,6168,
84.56020633137587,92633,405,796,6169,
84.56772065677089,92633,405,795,6170,
84.5744568144438,92632,406,795,6170,
84.57976211474846,92632,405,796,6170,
84.58106213777074,92632,404,797,6170,
84.58178018036628,92632,404,796,6171,
84.58571716626724,92632,403,797,6171,
84.58876840656166,92632,403,796,6172,
84.59314075165145,92632,403,795,6173,
84.60189184255799,92632,403,794,6174,
84.60234010942892,92632,402,795,6174,
84.60675768454766,92632,402,794,6175,
84.60870839940151,92631,403,794,6175,
84.60985980238239,92631,402,795,6175,
84.61922006874804,92631,401,796,6175,
84.61931260347336,92631,400,797,6175,
84.62060626176455,92630,401,797,6175,
84.63207639459888,92629,402,797,6175,
84.63230633077157,92628,403,797,6175,
84.63255022392137,92628,403,796,6176,
84.6325698306712,92628,403,795,6177,
84.63663999173377,92628,403,794,6178,
84.64034694586671,92628,402,795,6178,
84.64061273076084,92627,403,795,6178,
84.64582278866797,92627,402,796,6178,
84.65423759075712,92627,402,795,6179,
84.66778259925894,92626,403,795,6179,
84.68389639103454,92625,404,795,6179,
84.68398557864923,92624,405,795,6179,
84.68535740009494,92624,404,796,6179,
84.6909244148683,92624,403,797,6179,
84.6945548807146,92623,404,797,6179,
84.69478631382975,92623,404,796,6180,
84.69867181573088,92623,404,795,6181,
84.70789329729467,92623,403,796,6181,
84.70901851082067,92623,403,795,6182,
84.71156432757104,92623,403,794,6183,
84.71634009444801,92623,402,795,6183,
84.71841620334939,92622,403,795,6183,
84.71882543722737,92622,403,794,6184,
84.73199475481408,92622,403,793,6185,
84.73503708104043,92622,402,794,6185,
84.73531685009661,92622,401,795,6185,
84.73723794042311,92622,401,794,6186,
84.73808602958667,92622,400,795,6186,
84.74739644090823,92621,401,795,6186,
84.75249861119985,92621,400,796,6186,
84.7634360261041,92621,399,797,6186,
84.76803645740344,92621,398,798,6186,
84.7718784414904,92621,398,797,6187,
84.77469994790444,92621,398,796,6188,
84.7784962760912,92621,397,797,6188,
84.78015460805975,92620,398,797,6188,
84.78377814554506,92620,398,796,6189,
84.78379492777688,92620,397,797,6189,
84.79010487716846,92619,398,797,6189,
84.79629727072091,92619,398,796,6190,
84.79782122647464,92618,399,796,6190,
84.80782399709162,92618,399,795,6191,
84.81621764122917,92618,399,794,6192,
84.82111437859334,92618,398,795,6192,
84.82291447349357,92617,399,795,6192,
84.82633912440402,92616,400,795,6192,
84.82814558730283,92616,399,796,6192,
84.83175764484614,92615,400,796,6192,
84.83692063361312,92614,401,796,6192,
84.83696357136317,92614,400,797,6192,
84.83850339147025,92614,400,796,6193,
84.8423712221282,92614,400,795,6194,
84.8429329568643,92614,400,794,6195,
84.84636014272999,92614,400,793,6196,
84.85916888021247,92613,401,793,6196,
84.86268728503026,92613,401,792,6197,
84.88061249529531,92613,401,791,6198,
84.88114391124313,92613,400,792,6198,
84.88145188731298,92613,399,793,6198,
84.88580629495027,92613,398,794,6198,
84.89027551349803,92612,399,794,6198,
84.89090015522889,92612,399,793,6199,
84.90978889994008,92611,400,793,6199,
84.91114201870352,92611,400,792,6200,
84.91997550537175,92611,400,791,6201,
84.92048437981308,92611,400,790,6202,
84.93190095069012,92611,399,791,6202,
84.93301967205156,92610,400,791,6202,
84.93409257392244,92609,401,791,6202,
84.93464769845036,92609,400,792,6202,
84.93604878326533,92609,400,791,6203,
84.93793574362282,92608,401,791,6203,
84.93834101602937,92608,401,790,6204,
84.94089132780013,92608,400,791,6204,
84.94183377146717,92608,400,790,6205,
84.94655879195551,92608,399,791,6205,
84.95206752466683,92607,400,791,6205,
84.95533038529692,92607,399,792,6205,
84.95895626353642,92606,400,792,6205,
84.96128532236973,92606,400,791,6206,
84.96449366658004,92606,400,790,6207,
84.96704039611276,92605,401,790,6207,
84.97056010584141,92605,401,789,6208,
84.97158842146197,92605,401,788,6209,
84.97613463791119,92605,401,787,6210,
84.98064150927688,92604,402,787,6210,
84.9883045333494,92603,403,787,6210,
84.99126928029654,92603,402,788,6210,
84.99680270673068,92603,402,787,6211,
85.00520230491364,92602,403,787,6211,
85.00591185297206,92602,402,788,6211,
85.00723876125916,92602,402,787,6212,
85.01254894943919,92602,401,788,6212,
85.01260436468607,92602,401,787,6213,
85.01857219636841,92602,400,788,6213,
85.0227759328557,92602,399,789,6213,
85.02678308846995,92602,399,788,6214,
85.03246103344615,92602,398,789,6214,
85.03564037756391,92602,397,790,6214,
85.03603494600178,92602,396,791,6214,
85.03758291412612,92602,395,792,6214,
85.04648309592804,92602,395,791,6215,
85.04659397468541,92602,394,792,6215,
85.05156676831751,92602,394,791,6216,
85.05550425938401,92602,394,790,6217,
85.05704990113944,92601,395,790,6217,
85.06297276549249,92601,395,789,6218,
85.06424311042211,92601,394,790,6218,
85.06499826453134,92601,393,791,6218,
85.06821753398572,92601,392,792,6218,
85.07003654321144,92600,393,792,6218,
85.0765170571938,92599,394,792,6218,
85.08686155585593,92599,393,793,6218,
85.09793625588206,92599,393,792,6219,
85.10083912556658,92599,393,791,6220,
85.10657459054823,92598,394,791,6220,
85.10755967582247,92598,393,792,6220,
85.11984060481774,92598,392,793,6220,
85.12337668485497,92598,391,794,6220,
85.13201674760894,92598,391,793,6221,
85.13709317687804,92598,391,792,6222,
85.14732965151407,92598,391,791,6223,
85.15489040165613,92597,392,791,6223,
85.16187523769614,92596,393,791,6223,
85.16717066840982,92596,393,790,6224,
85.17037632395161,92596,392,791,6224,
85.17093057177607,92595,393,791,6224,
85.17675940292182,92595,393,790,6225,
85.17702817154176,92595,392,791,6225,
85.18052530642605,92595,391,792,6225,
85.19243252009274,92594,392,792,6225,
85.19270092094749,92594,392,791,6226,
85.19487118290864,92594,392,790,6227,
85.19704598943534,92593,393,790,6227,
85.19859817214368,92593,392,791,6227,
85.20411721566595,92593,392,790,6228,
85.20958045660342,92593,391,791,6228,
85.20964109543903,92593,391,790,6229,
85.21921313099023,92593,391,789,6230,
85.2203238479328,92593,391,788,6231,
85.2209695491332,92592,392,788,6231,
85.22342551817887,92592,392,787,6232,
85.22459983981392,92592,391,788,6232,
85.22679055651909,92592,391,787,6233,
85.22784429198211,92592,391,786,6234,
85.23215127523932,92592,390,787,6234,
85.24914586834272,92592,390,786,6235,
85.25426244499772,92592,389,787,6235,
85.26108960997007,92591,390,787,6235,
85.26452063171048,92591,389,788,6235,
85.2661031733021,92590,390,788,6235,
85.26880403068516,92589,391,788,6235,
85.2716788119462,92589,391,787,6236,
85.27755921831823,92588,392,787,6236,
85.27857079731271,92588,391,788,6236,
85.2848120605666,92588,390,789,6236,
85.28687488038864,92588,390,788,6237,
85.28696469407865,92587,391,788,6237,
85.29733606237204,92586,392,788,6237,
85.3033394821023,92585,393,788,6237,
85.30710539454498,92585,393,787,6238,
85.30974244814416,92585,392,788,6238,
85.33322272642906,92585,391,789,6238,
85.3383992998273,92585,391,788,6239,
85.34150241894753,92585,391,787,6240,
85.35418475416476,92585,391,786,6241,
85.35458009224625,92585,391,785,6242,
85.3571608245999,92585,391,784,6243,
85.3582963770038,92584,392,784,6243,
85.36404391695592,92584,392,783,6244,
85.36530370886072,92584,391,784,6244,
85.36591094169036,92584,391,783,6245,
85.37967880997758,92584,390,784,6245,
85.3817504302531,92584,389,785,6245,
85.38643895300622,92584,389,784,6246,
85.38991327474233,92584,389,783,6247,
85.39703184024116,92584,389,782,6248,
85.40054207102742,92583,390,782,6248,
85.40413717454436,92583,389,783,6248,
85.41388006258498,92583,389,782,6249,
85.42340508953194,92583,388,783,6249,
85.42962067887328,92582,389,783,6249,
85.4335676384241,92582,388,784,6249,
85.43601917790366,92581,389,784,6249,
85.43724375441916,92581,388,785,6249,
85.43836799745068,92581,387,786,6249,
85.44445945756027,92581,387,785,6250,
85.44603841919184,92581,387,784,6251,
85.44711871650527,92581,386,785,6251,
85.45113722524869,92581,386,784,6252,
85.46010466996287,92581,386,783,6253,
85.47430096675447,92581,385,784,6253,
85.4806077836395,92580,386,784,6253,
85.48293697626104,92580,385,785,6253,
85.48439211572824,92579,386,785,6253,
85.49304289867865,92579,386,784,6254,
85.49315898076921,92579,386,783,6255,
85.498155031115,92579,386,782,6256,
85.49920514159439,92578,387,782,6256,
85.49931682834648,92578,387,781,6257,
85.5061982028466,92577,388,781,6257,
85.50630357569406,92577,388,780,6258,
85.51076644332481,92576,389,780,6258,
85.51242524902517,92576,388,781,6258,
85.51482168024575,92575,389,781,6258,
85.51796001356624,92575,388,782,6258,
85.52740841819264,92575,387,783,6258,
85.52778594951661,92575,387,782,6259,
85.52986302164175,92574,388,782,6259,
85.5307143095207,92574,387,783,6259,
85.53076754765415,92574,387,782,6260,
85.53541567409994,92574,387,781,6261,
85.54111624718362,92573,388,781,6261,
85.54592502934995,92573,387,782,6261,
85.5476783953499,92573,387,781,6262,
85.54883673583942,92573,387,780,6263,
85.55168735383634,92573,387,779,6264,
85.56441157319739,92573,386,780,6264,
85.57553636685154,92573,385,781,6264,
85.57848449775204,92573,385,780,6265,
85.57876646322381,92573,385,779,6266,
85.58228645549181,92573,385,778,6267,
85.58483399602571,92573,384,779,6267,
85.60761706434064,92573,383,780,6267,
85.61069975883245,92573,383,779,6268,
85.6161664311648,92573,382,780,6268,
85.63141458472569,92572,383,780,6268,
85.63284645862868,92572,383,779,6269,
85.6356506024583,92572,383,778,6270,
85.63673700181593,92572,383,777,6271,
85.638686824924,92572,383,776,6272,
85.64147060196402,92572,383,775,6273,
85.64318958898565,92571,384,775,6273,
85.64806911362804,92570,385,775,6273,
85.65027330302603,92570,385,774,6274,
85.65059274963369,92570,384,775,6274,
85.65577994874587,92569,385,775,6274,
85.66158420769511,92568,386,775,6274,
85.66530061202755,92568,386,774,6275,
85.67020262696381,92568,385,775,6275,
85.67113990558839,92568,385,774,6276,
85.67364636006266,92568,385,773,6277,
85.67608837502195,92567,386,773,6277,
85.68138325143218,92567,386,772,6278,
85.68512538723053,92567,386,771,6279,
85.68807963029975,92567,385,772,6279,
85.69360950068508,92567,384,773,6279,
85.6941479662246,92567,384,772,6280,
85.69447818689292,92567,384,771,6281,
85.69453707363841,92566,385,771,6281,
85.70238419090205,92566,385,770,6282,
85.70348697495724,92566,384,771,6282,
85.7056126296117,92566,383,772,6282,
85.70638235673209,92565,384,772,6282,
85.71527389728907,92564,385,772,6282,
85.72218608988685,92564,384,773,6282,
85.7316305431563,92564,384,772,6283,
85.74335068453392,92564,384,771,6284,
85.7435936871567,92564,383,772,6284,
85.7515984431655,92564,382,773,6284,
85.75294617966728,92564,381,774,6284,
85.75429904132503,92564,380,775,6284,
85.75637168418989,92564,379,776,6284,
85.75664693723465,92564,378,777,6284,
85.75856830199069,92564,378,776,6285,
85.75966892363772,92564,377,777,6285,
85.76181235710625,92564,377,776,6286,
85.76651198427604,92563,378,776,6286,
85.76671157203594,92563,377,777,6286,
85.77014915758693,92563,376,778,6286,
85.77333226756475,92563,376,777,6287,
85.77433730388913,92562,377,777,6287,
85.77452595903463,92562,377,776,6288,
85.77806545971146,92561,378,776,6288,
85.77839726883437,92561,377,777,6288,
85.78004565877796,92561,377,776,6289,
85.78313267743165,92561,376,777,6289,
85.78390412101868,92561,375,778,6289,
85.78679185254221,92561,375,777,6290,
85.79109558038473,92561,375,776,6291,
85.79993582819866,92561,375,775,6292,
85.8042301099775,92560,376,775,6292,
85.80704168479564,92559,377,775,6292,
85.80714954520137,92558,378,775,6292,
85.80941966206404,92558,377,776,6292,
85.8210403141949,92558,376,777,6292,
85.82225189080029,92557,377,777,6292,
85.82306507327309,92557,377,776,6293,
85.82599423687479,92557,376,777,6293,
85.82918843591644,92557,376,776,6294,
85.83050800808644,92557,376,775,6295,
85.83617608657889,92557,375,776,6295,
85.83752572914852,92556,376,776,6295,
85.83787880617248,92555,377,776,6295,
85.84782422629851,92554,378,776,6295,
85.84808272481425,92554,378,775,6296,
85.851665381202,92553,379,775,6296,
85.85505922967741,92552,380,775,6296,
85.86347222804133,92552,380,774,6297,
85.86796963457964,92552,380,773,6298,
85.87046624030846,92551,381,773,6298,
85.87507959349017,92550,382,773,6298,
85.88259264439466,92549,383,773,6298,
85.88964101260083,92548,384,773,6298,
85.89111984956989,92548,384,772,6299,
85.89512111055267,92548,384,771,6300,
85.89605938168786,92547,385,771,6300,
85.89653825867919,92547,384,772,6300,
85.8984654655381,92547,384,771,6301,
85.9018654672575,92547,384,770,6302,
85.90392004659597,92547,383,771,6302,
85.90430281266302,92546,384,771,6302,
85.90656107503057,92546,383,772,6302,
85.90664344533619,92546,383,771,6303,
85.90811680396993,92546,383,770,6304,
85.91015887390463,92546,382,771,6304,
85.91382617395364,92546,381,772,6304,
85.92523233345298,92546,381,771,6305,
85.93108125862247,92546,380,772,6305,
85.93920978000166,92546,380,771,6306,
85.93922168718795,92546,380,770,6307,
85.9408185929402,92546,380,769,6308,
85.94498297911048,92546,379,770,6308,
85.94829345333497,92546,379,769,6309,
85.95986627344959,92546,378,770,6309,
85.96713173238288,92546,377,771,6309,
85.96772042406187,92546,376,772,6309,
85.97356669692167,92546,376,771,6310,
85.97560512662085,92546,376,770,6311,
85.97626429633696,92546,376,769,6312,
85.98159612482203,92546,376,768,6313,
85.9896177406699,92546,376,767,6314,
85.98982836070712,92546,375,768,6314,
85.99144347037827,92545,376,768,6314,
86.01459064778618,92545,376,767,6315,
86.01961411964896,92544,377,767,6315,
86.0206784791447,92544,376,768,6315,
86.02634823927632,92544,375,769,6315,
86.03027367200917,92544,374,770,6315,
86.05085964309696,92544,374,769,6316,
86.05737882519702,92544,374,768,6317,
86.05773008434343,92543,375,768,6317,
86.05774977237958,92543,374,769,6317,
86.06389290490293,92543,374,768,6318,
86.06473209429181,92543,373,769,6318,
86.07045634522171,92543,373,768,6319,
86.07105826616944,92543,372,769,6319,
86.07197411384996,92542,373,769,6319,
86.07603438789947,92541,374,769,6319,
86.0821385684424,92540,375,769,6319,
86.08350370291247,92540,374,770,6319,
86.08401341892308,92540,374,769,6320,
86.08869114968181,92540,374,768,6321,
86.09168777874166,92540,374,767,6322,
86.09647834039791,92539,375,767,6322,
86.0975468408104,92539,374,768,6322,
86.09776624405742,92539,374,767,6323,
86.10333459001498,92539,373,768,6323,
86.10399298576496,92539,373,767,6324,
86.11650570662283,92538,374,767,6324,
86.13728451098982,92537,375,767,6324,
86.13917505531879,92537,374,768,6324,
86.14267040690834,92537,373,769,6324,
86.15493904586552,92537,373,768,6325,
86.15744764474907,92537,373,767,6326,
86.16904703653339,92537,372,768,6326,
86.17688657886407,92537,371,769,6326,
86.17700511124644,92537,370,770,6326,
86.1799337528038,92536,371,770,6326,
86.18039430734903,92536,371,769,6327,
86.18363828561309,92535,372,769,6327,
86.19131238375704,92535,371,770,6327,
86.198048670139,92534,372,770,6327,
86.20007537935513,92534,371,771,6327,
86.2017166312787,92534,371,770,6328,
86.20403789053952,92534,371,769,6329,
86.20749101910135,92534,371,768,6330,
86.20798323402546,92533,372,768,6330,
86.2111228691875,92533,371,769,6330,
86.21433137047433,92533,370,770,6330,
86.22731252289691,92533,370,769,6331,
86.22793831311544,92532,371,769,6331,
86.2311678804949,92532,371,768,6332,
86.23391214042087,92532,371,767,6333,
86.23970344046117,92531,372,767,6333,
86.24178556104829,92531,372,766,6334,
86.26063830677188,92531,371,767,6334,
86.26373276844977,92531,371,766,6335,
86.26863457357379,92531,371,765,6336,
86.26926328422536,92531,371,764,6337,
86.27361282731937,92531,371,763,6338,
86.28437878750185,92531,371,762,6339,
86.28505250439768,92530,372,762,6339,
86.28943551808665,92530,371,763,6339,
86.29168429177182,92530,371,762,6340,
86.30664171892599,92529,372,762,6340,
86.30941244499158,92529,372,761,6341,
86.31056699518834,92529,371,762,6341,
86.31381997509408,92528,372,762,6341,
86.3150628180205,92527,373,762,6341,
86.31690038805533,92527,373,761,6342,
86.31815111717063,92526,374,761,6342,
86.32515259495642,92526,374,760,6343,
86.32784135604068,92526,374,759,6344,
86.32843697808391,92525,375,759,6344,
86.32978018425814,92525,374,760,6344,
86.336247895432,92525,374,759,6345,
86.34775334497172,92525,374,758,6346,
86.34944350797952,92524,375,758,6346,
86.35660549048374,92524,375,757,6347,
86.35843417300151,92524,375,756,6348,
86.36272383285055,92524,375,755,6349,
86.36366489516007,92524,375,754,6350,
86.36496644206262,92524,375,753,6351,
86.36501557361686,92524,374,754,6351,
86.37310552791618,92523,375,754,6351,
86.3779675458687,92522,376,754,6351,
86.38142725716719,92521,377,754,6351,
86.381683865833,92521,376,755,6351,
86.38277992198812,92520,377,755,6351,
86.38600452193756,92520,376,756,6351,
86.3860502484026,92520,376,755,6352,
86.38822397399953,92520,376,754,6353,
86.39082415307571,92519,377,754,6353,
86.39666242497387,92519,376,755,6353,
86.39761309693108,92519,376,754,6354,
86.39762018610827,92519,375,755,6354,
86.40270462444444,92519,375,754,6355,
86.4105932245211,92519,375,753,6356,
86.41610892358015,92519,375,752,6357,
86.41993343766683,92519,375,751,6358,
86.44398454976653,92519,375,750,6359,
86.44479709278258,92519,374,751,6359,
86.44507806088689,92519,373,752,6359,
86.45667605260321,92518,374,752,6359,
86.45869659988745,92518,373,753,6359,
86.46499423142035,92517,374,753,6359,
86.46981792546617,92516,375,753,6359,
86.47157376793265,92516,374,754,6359,
86.4719424334788,92516,373,755,6359,
86.4753137314932,92516,373,754,6360,
86.47707641879012,92515,374,754,6360,
86.47819552148233,92515,373,755,6360,
86.48480418975909,92515,373,754,6361,
86.48627246672444,92515,372,755,6361,
86.48933449149597,92514,373,755,6361,
86.48944460418815,92514,372,756,6361,
86.49753476131792,92513,373,756,6361,
86.50609505275858,92512,374,756,6361,
86.51411614044576,92512,374,755,6362,
86.5146996213773,92511,375,755,6362,
86.51658197791991,92510,376,755,6362,
86.5185723993431,92509,377,755,6362,
86.51977128474331,92509,376,756,6362,
86.51988702629903,92508,377,756,6362,
86.52333456209522,92507,378,756,6362,
86.52550539944826,92506,379,756,6362,
86.52654382287841,92506,379,755,6363,
86.53401664758968,92506,378,756,6363,
86.53431717840478,92505,379,756,6363,
86.53682412193952,92504,380,756,6363,
86.54048975608103,92504,379,757,6363,
86.54188651921484,92503,380,757,6363,
86.5424214772278,92502,381,757,6363,
86.55365135501656,92502,381,756,6364,
86.57012886110556,92501,382,756,6364,
86.5709207852721,92500,383,756,6364,
86.57111876020596,92500,382,757,6364,
86.57210462106806,92499,383,757,6364,
86.5869715479902,92499,383,756,6365,
86.5909741159619,92499,383,755,6366,
86.59099510895558,92499,383,754,6367,
86.59317606840588,92499,382,755,6367,
86.60046104209857,92498,383,755,6367,
86.60544224736341,92497,384,755,6367,
86.60909053651645,92497,384,754,6368,
86.60957623505053,92497,383,755,6368,
86.61320306211886,92496,384,755,6368,
86.6162112944063,92496,383,756,6368,
86.61911146821379,92496,382,757,6368,
86.6202307757782,92496,382,756,6369,
86.62929337716105,92496,382,755,6370,
86.63177337092918,92496,381,756,6370,
86.63402898430431,92496,380,757,6370,
86.64312305768382,92495,381,757,6370,
86.64498798524222,92495,380,758,6370,
86.6498217177531,92495,379,759,6370,
86.65254014675335,92494,380,759,6370,
86.65290956601001,92494,379,760,6370,
86.6530550271258,92494,379,759,6371,
86.6532881304796,92494,379,758,6372,
86.66034177873483,92494,378,759,6372,
86.66795497065253,92494,377,760,6372,
86.6739293104963,92494,376,761,6372,
86.68122933525333,92494,376,760,6373,
86.68715220346893,92494,375,761,6373,
86.68875895036149,92493,376,761,6373,
86.69277178448257,92492,377,761,6373,
86.70056979106505,92492,376,762,6373,
86.70065042732394,92492,375,763,6373,
86.70425203350885,92491,376,763,6373,
86.70600715653619,92491,375,764,6373,
86.70777344419585,92491,375,763,6374,
86.70829668939493,92491,375,762,6375,
86.71629657768449,92491,375,761,6376,
86.71948660808236,92491,374,762,6376,
86.72491835345176,92491,374,761,6377,
86.72522722331895,92490,375,761,6377,
86.72537215683873,92489,376,761,6377,
86.73084596935875,92488,377,761,6377,
86.73221903579412,92488,377,760,6378,
86.73611673829734,92487,378,760,6378,
86.74044174186469,92487,377,761,6378,
86.7453995311746,92487,377,760,6379,
86.7503293803204,92486,378,760,6379,
86.75314458354778,92486,377,761,6379,
86.75406762769337,92485,378,761,6379,
86.75500221678463,92485,378,760,6380,
86.75647300506782,92485,378,759,6381,
86.76901679396809,92484,379,759,6381,
86.76934677616498,92483,380,759,6381,
86.76981082221909,92483,379,760,6381,
86.77661749675477,92483,378,761,6381,
86.77843095292306,92483,378,760,6382,
86.79521972896939,92483,378,759,6383,
86.80937178447076,92483,378,758,6384,
86.80944339393119,92483,377,759,6384,
86.81349050968703,92482,378,759,6384,
86.81438632468658,92481,379,759,6384,
86.8159910456288,92481,378,760,6384,
86.8209981684366,92481,378,759,6385,
86.8216076647733,92480,379,759,6385,
86.82281604597563,92480,379,758,6386,
86.82822544106139,92480,379,757,6387,
86.82979073797985,92479,380,757,6387,
86.8300255227243,92479,379,758,6387,
86.83048874012664,92479,379,757,6388,
86.83272758955275,92478,380,757,6388,
86.83909944563524,92478,380,756,6389,
86.8402099311499,92477,381,756,6389,
86.84522503533682,92477,380,757,6389,
86.84575891102577,92476,381,757,6389,
86.84971182873346,92476,380,758,6389,
86.85186003672248,92476,380,757,6390,
86.85812471850933,92475,381,757,6390,
86.85899423426892,92475,380,758,6390,
86.86513574555602,92474,381,758,6390,
86.87024544410681,92473,382,758,6390,
86.87180233387178,92472,383,758,6390,
86.87265925203934,92472,383,757,6391,
86.87402980374878,92471,384,757,6391,
86.8750371224911,92471,384,756,6392,
86.87573252528821,92470,385,756,6392,
86.8772719012378,92469,386,756,6392,
86.8899275381639,92469,385,757,6392,
86.89266612158096,92469,385,756,6393,
86.89418678466052,92469,385,755,6394,
86.89802842485503,92468,386,755,6394,
86.90470596871955,92468,386,754,6395,
86.90976559717336,92468,386,753,6396,
86.92116542153624,92468,385,754,6396,
86.92245741999282,92467,386,754,6396,
86.92685626207907,92466,387,754,6396,
86.9323582059885,92466,386,755,6396,
86.93680179454836,92465,387,755,6396,
86.9411962870636,92465,386,756,6396,
86.94979298299063,92465,386,755,6397,
86.95065336864042,92464,387,755,6397,
86.96387403197457,92464,386,756,6397,
86.9656383399443,92464,385,757,6397,
86.96580493133132,92464,385,756,6398,
86.96604609546071,92464,384,757,6398,
86.96850301217104,92463,385,757,6398,
86.96941825336978,92462,386,757,6398,
86.97288892691193,92462,386,756,6399,
86.97448231490074,92462,385,757,6399,
86.98606160677485,92462,384,758,6399,
86.98694666279087,92462,384,757,6400,
86.9890873513958,92461,385,757,6400,
86.99486425800086,92460,386,757,6400,
86.99603007128584,92460,386,756,6401,
86.99863591619786,92459,387,756,6401,
87.00935546327665,92459,387,755,6402,
87.01213032503043,92459,387,754,6403,
87.02638337642773,92459,387,753,6404,
87.02795114936055,92459,386,754,6404,
87.03282142441442,92459,386,753,6405,
87.03816218796572,92458,387,753,6405,
87.04550544743924,92458,386,754,6405,
87.05015170772472,92458,385,755,6405,
87.05404756194443,92458,385,754,6406,
87.06498742378727,92458,385,753,6407,
87.06516274283754,92458,385,752,6408,
87.06598098509563,92458,384,753,6408,
87.06616574574792,92457,385,753,6408,
87.07105713386116,92457,385,752,6409,
87.07806085324498,92457,385,751,6410,
87.08049064695186,92457,384,752,6410,
87.09083575821967,92457,383,753,6410,
87.09165242341533,92457,383,752,6411,
87.09874758959552,92457,382,753,6411,
87.10297981126682,92456,383,753,6411,
87.1066016586501,92456,383,752,6412,
87.10781309082739,92456,383,751,6413,
87.10955580780589,92456,382,752,6413,
87.11025635226906,92456,381,753,6413,
87.11300842522644,92455,382,753,6413,
87.11445596505772,92455,381,754,6413,
87.11813590262304,92455,380,755,6413,
87.12143438261408,92455,379,756,6413,
87.12173136033478,92455,379,755,6414,
87.1245216902512,92455,379,754,6415,
87.12520127335983,92455,378,755,6415,
87.13114516048901,92454,379,755,6415,
87.14722982930252,92453,380,755,6415,
87.15648275220349,92453,379,756,6415,
87.15989541179198,92453,379,755,6416,
87.1750420540354,92452,380,755,6416,
87.17803029524639,92451,381,755,6416,
87.1783138632459,92451,381,754,6417,
87.1818328402058,92451,381,753,6418,
87.1872934170566,92451,381,752,6419,
87.19503504463904,92451,381,751,6420,
87.20037245047608,92451,381,750,6421,
87.20260043845508,92451,381,749,6422,
87.20855990120646,92451,381,748,6423,
87.2097569933373,92450,382,748,6423,
87.21223648620054,92450,382,747,6424,
87.21673414017374,92450,382,746,6425,
87.21726057287867,92450,381,747,6425,
87.22006629125575,92449,382,747,6425,
87.22778541778675,92448,383,747,6425,
87.23897980102316,92448,383,746,6426,
87.24247409986762,92448,383,745,6427,
87.24381337797472,92448,382,746,6427,
87.24406158050743,92447,383,746,6427,
87.24693580864601,92446,384,746,6427,
87.25570747910139,92446,383,747,6427,
87.25801558679501,92445,384,747,6427,
87.26476480546785,92444,385,747,6427,
87.26566444493486,92444,384,748,6427,
87.26833182786243,92444,384,747,6428,
87.2713855004161,92444,384,746,6429,
87.28126637216694,92444,384,745,6430,
87.28440868182143,92444,384,744,6431,
87.28581661340229,92444,384,743,6432,
87.28739052700334,92444,383,744,6432,
87.29489093862352,92444,382,745,6432,
87.30024134665015,92444,382,744,6433,
87.30153804099177,92444,382,743,6434,
87.31239715843198,92444,381,744,6434,
87.31362402580066,92444,381,743,6435,
87.31476148414173,92444,381,742,6436,
87.31894972481045,92444,381,741,6437,
87.31929439113406,92443,382,741,6437,
87.33354605603394,92443,381,742,6437,
87.33500320180283,92443,381,741,6438,
87.33588769488297,92443,380,742,6438,
87.33606242737872,92443,379,743,6438,
87.33650248900403,92442,380,743,6438,
87.33770225651935,92442,380,742,6439,
87.3395342111323,92442,379,743,6439,
87.34332560196685,92442,379,742,6440,
87.358304526424,92442,378,743,6440,
87.36157878319642,92442,377,744,6440,
87.36475688038537,92442,376,745,6440,
87.36583103009193,92442,375,746,6440,
87.37127301301703,92442,375,745,6441,
87.37474897066947,92441,376,745,6441,
87.37700879322645,92440,377,745,6441,
87.37732545742588,92440,377,744,6442,
87.38032525301875,92440,377,743,6443,
87.38415795704137,92440,377,742,6444,
87.39258926299217,92439,378,742,6444,
87.39638364756348,92438,379,742,6444,
87.40534417323029,92438,379,741,6445,
87.40618709176691,92437,380,741,6445,
87.40873919666916,92436,381,741,6445,
87.41350253796111,92435,382,741,6445,
87.42127038758669,92435,382,740,6446,
87.42305418076822,92435,381,741,6446,
87.42684517905286,92435,380,742,6446,
87.4391214599477,92435,379,743,6446,
87.44216891659175,92435,378,744,6446,
87.44261051406247,92435,377,745,6446,
87.44755858240512,92434,378,745,6446,
87.45459334434409,92434,378,744,6447,
87.45723411837524,92434,378,743,6448,
87.46255753278209,92434,377,744,6448,
87.463330924199,92434,377,743,6449,
87.46719477254554,92434,377,742,6450,
87.47647596948337,92433,378,742,6450,
87.47785917749016,92432,379,742,6450,
87.47904957535222,92432,379,741,6451,
87.49635166200486,92431,380,741,6451,
87.49676433997308,92431,380,740,6452,
87.49683159873379,92430,381,740,6452,
87.49872317690162,92430,380,741,6452,
87.50440271285959,92430,379,742,6452,
87.50973792163919,92429,380,742,6452,
87.51920814529046,92428,381,742,6452,
87.52384757186923,92428,381,741,6453,
87.52667255393098,92428,380,742,6453,
87.53783662256598,92427,381,742,6453,
87.53832194907582,92426,382,742,6453,
87.54263200385148,92426,382,741,6454,
87.54542060419311,92426,381,742,6454,
87.54663218775941,92425,382,742,6454,
87.54946107403404,92425,382,741,6455,
87.55185084020789,92425,382,740,6456,
87.5548396132844,92425,382,739,6457,
87.55703674421443,92425,382,738,6458,
87.55807484290193,92425,382,737,6459,
87.5682685436897,92424,383,737,6459,
87.5694419130605,92424,383,736,6460,
87.57119826078343,92424,383,735,6461,
87.57197687559287,92424,382,736,6461,
87.57816891449612,92424,382,735,6462,
87.57953519152966,92424,382,734,6463,
87.58668147137718,92423,383,734,6463,
87.5868356141812,92422,384,734,6463,
87.5939049988898,92422,384,733,6464,
87.59721156971369,92421,385,733,6464,
87.6008262785104,92420,386,733,6464,
87.60757809023835,92419,387,733,6464,
87.60802884572323,92419,386,734,6464,
87.60908766046694,92419,385,735,6464,
87.61104296748239,92419,384,736,6464,
87.61762848740602,92419,384,735,6465,
87.61860467751805,92419,384,734,6466,
87.62439551070122,92419,383,735,6466,
87.62644550307819,92419,383,734,6467,
87.62669459071817,92419,383,733,6468,
87.62895715851371,92418,384,733,6468,
87.62941804995786,92417,385,733,6468,
87.63115223464182,92417,384,734,6468,
87.63238522619439,92417,384,733,6469,
87.63260559241704,92417,384,732,6470,
87.6337338728808,92417,384,731,6471,
87.63618343631569,92416,385,731,6471,
87.65158861463861,92415,386,731,6471,
87.65807439117205,92414,387,731,6471,
87.66834365024357,92413,388,731,6471,
87.67562837713734,92412,389,731,6471,
87.67938191508682,92412,388,732,6471,
87.68891408323938,92412,387,733,6471,
87.69024047965804,92411,388,733,6471,
87.69056070300488,92411,388,732,6472,
87.69754399850552,92411,388,731,6473,
87.70040343542547,92410,389,731,6473,
87.70056070738653,92410,389,730,6474,
87.70249309894277,92410,389,729,6475,
87.70413594277252,92410,389,728,6476,
87.70529784072521,92410,389,727,6477,
87.70680686595047,92409,390,727,6477,
87.71106207601926,92409,389,728,6477,
87.71823109498689,92408,390,728,6477,
87.72029050053466,92408,389,729,6477,
87.72725047335915,92408,388,730,6477,
87.72897348266247,92408,388,729,6478,
87.73102243654377,92408,388,728,6479,
87.73510365125338,92408,388,727,6480,
87.7351640160852,92407,389,727,6480,
87.74136918624922,92407,388,728,6480,
87.74357222652036,92406,389,728,6480,
87.74572743089442,92406,389,727,6481,
87.74923807807663,92406,389,726,6482,
87.75263278568264,92406,388,727,6482,
87.76427294058885,92405,389,727,6482,
87.77069940621438,92405,388,728,6482,
87.78566600209236,92405,388,727,6483,
87.79004119700008,92404,389,727,6483,
87.79072601814889,92403,390,727,6483,
87.8043507446177,92403,389,728,6483,
87.8086883597584,92402,390,728,6483,
87.81022199186164,92402,390,727,6484,
87.82275018440126,92401,391,727,6484,
87.82810170655883,92401,391,726,6485,
87.8307376577385,92401,391,725,6486,
87.83128158611922,92400,392,725,6486,
87.84147628033782,92400,392,724,6487,
87.84320881524653,92399,393,724,6487,
87.84972138889881,92398,394,724,6487,
87.85058392417102,92398,393,725,6487,
87.85174128136552,92398,393,724,6488,
87.85697915137766,92398,393,723,6489,
87.85938796465503,92398,393,722,6490,
87.86795302322483,92397,394,722,6490,
87.86804561745336,92396,395,722,6490,
87.87469766476082,92396,395,721,6491,
87.87549844179763,92396,395,720,6492,
87.87684751926106,92396,394,721,6492,
87.88081783481239,92396,394,720,6493,
87.88584512356442,92396,394,719,6494,
87.8866356434718,92396,394,718,6495,
87.88795930916686,92396,394,717,6496,
87.89243211697914,92396,393,718,6496,
87.89561587938098,92395,394,718,6496,
87.90392905781599,92395,393,719,6496,
87.90445717022507,92395,392,720,6496,
87.9059075335258,92394,393,720,6496,
87.91496260936955,92394,393,719,6497,
87.92124710856741,92394,393,718,6498,
87.931011532854,92394,393,717,6499,
87.93273178678663,92393,394,717,6499,
87.93493111935308,92393,393,718,6499,
87.94273765017073,92392,394,718,6499,
87.9445928042245,92391,395,718,6499,
87.94594372870407,92391,395,717,6500,
87.94699602358997,92391,395,716,6501,
87.95118280643143,92391,394,717,6501,
87.95496584152717,92391,393,718,6501,
87.95818732113491,92391,393,717,6502,
87.95973888993802,92391,392,718,6502,
87.974773131931,92390,393,718,6502,
87.978147583733,92390,393,717,6503,
87.98032168587801,92389,394,717,6503,
87.98234481901484,92388,395,717,6503,
87.98274121710648,92387,396,717,6503,
87.98531813418096,92387,396,716,6504,
87.99922813218275,92387,396,715,6505,
88.00500081551584,92387,395,716,6505,
88.00636654759336,92387,395,715,6506,
88.01191087914216,92387,394,716,6506,
88.0121157294175,92386,395,716,6506,
88.02760543254368,92386,395,715,6507,
88.04979481916018,92386,395,714,6508,
88.06109416783953,92386,394,715,6508,
88.06662049662506,92386,393,716,6508,
88.06996340212929,92386,393,715,6509,
88.0745392482463,92386,392,716,6509,
88.07827774792759,92386,391,717,6509,
88.08006122422393,92386,391,716,6510,
88.09243055414296,92386,390,717,6510,
88.09906940156228,92386,389,718,6510,
88.10155293242242,92386,388,719,6510,
88.1058061641555,92386,388,718,6511,
88.11476112398364,92386,388,717,6512,
88.11707628944194,92386,388,716,6513,
88.1243291032716,92386,388,715,6514,
88.12692727644745,92386,388,714,6515,
88.14275373784065,92386,388,713,6516,
88.15152801425589,92386,388,712,6517,
88.15645477518848,92385,389,712,6517,
88.15800718298311,92385,389,711,6518,
88.15833012171363,92385,388,712,6518,
88.16023861100206,92384,389,712,6518,
88.17073603815115,92384,388,713,6518,
88.18026071212441,92384,388,712,6519,
88.18360660677226,92384,388,711,6520,
88.18619939788253,92383,389,711,6520,
88.18792849699969,92383,388,712,6520,
88.18981559139372,92383,388,711,6521,
88.1918991020779,92383,388,710,6522,
88.20060322979413,92382,389,710,6522,
88.20642698022809,92382,389,709,6523,
88.21525287032404,92381,390,709,6523,
88.21788512419002,92381,389,710,6523,
88.22693096967733,92381,388,711,6523,
88.22757907047546,92381,388,710,6524,
88.2292576495078,92381,388,709,6525,
88.23295671474511,92380,389,709,6525,
88.23608118083044,92380,389,708,6526,
88.23894548704476,92379,390,708,6526,
88.25421348748344,92379,390,707,6527,
88.25720370288684,92379,390,706,6528,
88.2581916007343,92378,391,706,6528,
88.27005134670843,92378,390,707,6528,
88.27212296278206,92377,391,707,6528,
88.27367543671866,92377,391,706,6529,
88.27541793894588,92377,391,705,6530,
88.277874849547,92376,392,705,6530,
88.27948440118163,92376,391,706,6530,
88.28309431364977,92376,390,707,6530,
88.2871810045913,92375,391,707,6530,
88.2898453936097,92375,391,706,6531,
88.29444448888769,92374,392,706,6531,
88.30151333518833,92374,391,707,6531,
88.30459054373551,92374,391,706,6532,
88.30530770372795,92374,391,705,6533,
88.30826258698065,92374,391,704,6534,
88.31237420582244,92374,390,705,6534,
88.31242557948045,92374,389,706,6534,
88.3158092897464,92374,388,707,6534,
88.31783614654128,92373,389,707,6534,
88.32157912423159,92373,388,708,6534,
88.32212559590519,92372,389,708,6534,
88.32295269517371,92372,389,707,6535,
88.32497150740342,92372,388,708,6535,
88.3268688879758,92371,389,708,6535,
88.32941400974592,92371,389,707,6536,
88.33757411525036,92370,390,707,6536,
88.33774346459046,92370,390,706,6537,
88.34443344597865,92369,391,706,6537,
88.34811579678133,92369,391,705,6538,
88.35338532965275,92369,390,706,6538,
88.35377949504075,92369,390,705,6539,
88.36515444365227,92369,389,706,6539,
88.36764360685342,92369,389,705,6540,
88.36771527432677,92368,390,705,6540,
88.37324925060663,92368,389,706,6540,
88.37598674685236,92368,388,707,6540,
88.38810555846182,92368,388,706,6541,
88.38897450330319,92367,389,706,6541,
88.38968080275367,92367,388,707,6541,
88.39403513690795,92366,389,707,6541,
88.40089543722038,92366,389,706,6542,
88.4049990714978,92366,389,705,6543,
88.40902194491142,92366,388,706,6543,
88.40920966848152,92366,388,705,6544,
88.41875953683086,92366,387,706,6544,
88.42277027249978,92366,386,707,6544,
88.42405859146041,92365,387,707,6544,
88.42753821798347,92365,386,708,6544,
88.4282761759925,92365,385,709,6544,
88.4286042698949,92365,385,708,6545,
88.43185846775611,92365,384,709,6545,
88.43929826965143,92365,384,708,6546,
88.44474533217353,92364,385,708,6546,
88.45109187029311,92364,384,709,6546,
88.45134946072018,92364,384,708,6547,
88.46432150720779,92364,384,707,6548,
88.46684807162472,92363,385,707,6548,
88.47093722569662,92362,386,707,6548,
88.47520497443111,92362,386,706,6549,
88.4759453563785,92362,386,705,6550,
88.47690749488794,92362,386,704,6551,
88.47973770320107,92361,387,704,6551,
88.49387410066403,92361,387,703,6552,
88.49596243466084,92361,386,704,6552,
88.4980161863507,92360,387,704,6552,
88.49852512312798,92360,386,705,6552,
88.50163387731115,92359,387,705,6552,
88.50719200738789,92358,388,705,6552,
88.51035306356296,92358,387,706,6552,
88.51055361965696,92358,386,707,6552,
88.51517779294778,92358,386,706,6553,
88.51577192366241,92358,385,707,6553,
88.51736038480121,92357,386,707,6553,
88.51823984606855,92357,386,706,6554,
88.51998714838166,92357,385,707,6554,
88.52282271257141,92357,384,708,6554,
88.53401211804321,92356,385,708,6554,
88.53737054746887,92356,385,707,6555,
88.53943550497776,92356,385,706,6556,
88.55337305981755,92356,385,705,6557,
88.5636802601114,92356,384,706,6557,
88.56573653547744,92356,384,705,6558,
88.56727873141284,92355,385,705,6558,
88.57650480150957,92355,384,706,6558,
88.58713377778219,92355,384,705,6559,
88.5955105972818,92355,384,704,6560,
88.60188447846942,92355,384,703,6561,
88.6064462143903,92355,383,704,6561,
88.61000314325267,92355,383,703,6562,
88.61102235225827,92355,382,704,6562,
88.61181551483497,92355,381,705,6562,
88.61277619302356,92355,380,706,6562,
88.61450597300747,92354,381,706,6562,
88.61550179037013,92354,381,705,6563,
88.62402785321282,92353,382,705,6563,
88.63044655030023,92352,383,705,6563,
88.63294497019314,92352,382,706,6563,
88.6376048086044,92352,381,707,6563,
88.64069176752957,92352,380,708,6563,
88.64274379251016,92351,381,708,6563,
88.64289938706749,92351,380,709,6563,
88.65303239601232,92351,380,708,6564,
88.65765489064977,92351,379,709,6564,
88.66050691970518,92351,379,708,6565,
88.6639555480512,92351,379,707,6566,
88.6652562239488,92350,380,707,6566,
88.66871398840044,92349,381,707,6566,
88.67228380756768,92348,382,707,6566,
88.67516395246577,92348,382,706,6567,
88.68559387418499,92348,382,705,6568,
88.68631176274383,92348,382,704,6569,
88.6900976475753,92348,382,703,6570,
88.69069464653614,92348,381,704,6570,
88.69071357790924,92348,380,705,6570,
88.69789303471947,92347,381,705,6570,
88.71247740083152,92347,381,704,6571,
88.71395865020804,92347,380,705,6571,
88.71608938876268,92347,380,704,6572,
88.71886781327484,92346,381,704,6572,
88.7274299538722,92345,382,704,6572,
88.72841330231103,92345,381,705,6572,
88.73257050845285,92345,381,704,6573,
88.73944382578242,92345,380,705,6573,
88.74240002312165,92345,380,704,6574,
88.7424689115991,92345,379,705,6574,
88.74250089394064,92345,379,704,6575,
88.75359765406463,92345,379,703,6576,
88.75403455298354,92345,378,704,6576,
88.75440356471017,92345,377,705,6576,
88.75478619706058,92345,376,706,6576,
88.76273445492419,92345,375,707,6576,
88.76718127944412,92345,375,706,6577,
88.77010113906167,92344,376,706,6577,
88.7750125304534,92343,377,706,6577,
88.77637302659471,92342,378,706,6577,
88.7873160708761,92342,378,705,6578,
88.78761866296941,92342,378,704,6579,
88.79466373835018,92342,377,705,6579,
88.79533485505839,92342,376,706,6579,
88.81159697526338,92342,375,707,6579,
88.81441117315185,92342,374,708,6579,
88.81449583370586,92342,373,709,6579,
88.81810757563764,92341,374,709,6579,
88.82373238021206,92341,374,708,6580,
88.82647663519022,92341,373,709,6580,
88.8370414001815,92341,372,710,6580,
88.83925481694953,92341,372,709,6581,
88.85141988736135,92340,373,709,6581,
88.8525356992325,92340,372,710,6581,
88.85830509333239,92339,373,710,6581,
88.85835947808593,92339,372,711,6581,
88.86081888519129,92339,372,710,6582,
88.89292459115353,92338,373,710,6582,
88.89752187654284,92337,374,710,6582,
88.89947959287949,92337,374,709,6583,
88.90266923073631,92337,374,708,6584,
88.90654674761072,92337,373,709,6584,
88.91068655130464,92336,374,709,6584,
88.91182238344271,92336,373,710,6584,
88.91223752862867,92335,374,710,6584,
88.91294618147501,92335,374,709,6585,
88.9178672374035,92335,373,710,6585,
88.91913110979254,92335,372,711,6585,
88.92040238078992,92335,372,710,6586,
88.92119575253417,92335,372,709,6587,
88.92454824946523,92335,371,710,6587,
88.92457128028364,92334,372,710,6587,
88.92714607885001,92334,372,709,6588,
88.9302526510746,92333,373,709,6588,
88.93046736462361,92333,372,710,6588,
88.95511647319086,92333,372,709,6589,
88.95518490865179,92333,372,708,6590,
88.95613362161191,92333,372,707,6591,
88.96498559686636,92332,373,707,6591,
88.96891521831648,92332,372,708,6591,
88.97455007098765,92332,372,707,6592,
88.98075304145388,92332,371,708,6592,
88.98163359699865,92332,371,707,6593,
88.98464040860961,92331,372,707,6593,
88.98509731243624,92330,373,707,6593,
88.98920858242411,92329,374,707,6593,
88.99267572413112,92329,374,706,6594,
88.99639761601055,92329,373,707,6594,
88.99718182397396,92328,374,707,6594,
88.99870102006027,92328,373,708,6594,
89.00039968470647,92328,373,707,6595,
89.00237257119326,92328,373,706,6596,
89.00965756562006,92328,373,705,6597,
89.01311326258059,92328,373,704,6598,
89.01732911911844,92327,374,704,6598,
89.02235176105962,92327,374,703,6599,
89.02389424697854,92327,374,702,6600,
89.02438588878367,92327,374,701,6601,
89.03763783742674,92327,374,700,6602,
89.03784746930498,92327,374,699,6603,
89.03814804547255,92327,373,700,6603,
89.03875696536693,92327,373,699,6604,
89.05074735257722,92327,373,698,6605,
89.05598772240181,92327,373,697,6606,
89.05953812580785,92327,372,698,6606,
89.06171048997825,92327,372,697,6607,
89.06417445647693,92326,373,697,6607,
89.07056859381726,92326,373,696,6608,
89.07308837245625,92326,372,697,6608,
89.07992643550128,92325,373,697,6608,
89.09361254194015,92325,373,696,6609,
89.09871919258507,92325,372,697,6609,
89.1004421478269,92324,373,697,6609,
89.10129089446946,92324,372,698,6609,
89.10326739168805,92324,372,697,6610,
89.1067739179145,92324,372,696,6611,
89.1181567976767,92323,373,696,6611,
89.12422125961095,92322,374,696,6611,
89.1349451582144,92322,374,695,6612,
89.14136633014772,92322,373,696,6612,
89.14336890503056,92322,372,697,6612,
89.14348075985521,92322,371,698,6612,
89.1445663972288,92322,371,697,6613,
89.15308995752554,92322,370,698,6613,
89.15425488240811,92321,371,698,6613,
89.15458172030408,92321,370,699,6613,
89.15568560714439,92321,370,698,6614,
89.16087833880476,92321,369,699,6614,
89.16565247752227,92321,368,700,6614,
89.16594054199018,92321,367,701,6614,
89.17539367372721,92321,367,700,6615,
89.17635232159319,92321,366,701,6615,
89.19417989730368,92320,367,701,6615,
89.20272327404683,92320,366,702,6615,
89.20755589607731,92320,366,701,6616,
89.21461840676812,92319,367,701,6616,
89.22029755252308,92319,367,700,6617,
89.22037960733076,92319,366,701,6617,
89.22086724437025,92319,365,702,6617,
89.22409972117876,92319,365,701,6618,
89.22775846470032,92319,364,702,6618,
89.22776422267503,92318,365,702,6618,
89.23319981492176,92318,365,701,6619,
89.23403458091072,92317,366,701,6619,
89.24286127864019,92316,367,701,6619,
89.24363836257635,92316,366,702,6619,
89.24420628725682,92316,366,701,6620,
89.24714172080499,92316,366,700,6621,
89.25578416219615,92315,367,700,6621,
89.26123446841109,92314,368,700,6621,
89.26983562761103,92313,369,700,6621,
89.28139292046768,92313,369,699,6622,
89.28182557847046,92312,370,699,6622,
89.28428575315564,92311,371,699,6622,
89.28935849689333,92311,370,700,6622,
89.29048915998337,92310,371,700,6622,
89.29297597321374,92310,371,699,6623,
89.29425501144559,92310,370,700,6623,
89.30318336910811,92310,370,699,6624,
89.30337834763966,92310,369,700,6624,
89.30492224757718,92310,368,701,6624,
89.30780654758036,92309,369,701,6624,
89.31504607460624,92309,368,702,6624,
89.31748549529894,92308,369,702,6624,
89.32656569286615,92308,369,701,6625,
89.32746631861158,92308,369,700,6626,
89.3319623215814,92308,368,701,6626,
89.34121028981535,92308,368,700,6627,
89.34139774069575,92308,367,701,6627,
89.34501617935237,92308,367,700,6628,
89.3473894596977,92308,366,701,6628,
89.35301802799003,92307,367,701,6628,
89.36426805507917,92307,367,700,6629,
89.36880379201679,92307,366,701,6629,
89.37106011938317,92307,366,700,6630,
89.37316865895377,92307,365,701,6630,
89.37412666955137,92306,366,701,6630,
89.37736209146652,92306,366,700,6631,
89.38061446309129,92305,367,700,6631,
89.38797526859595,92305,367,699,6632,
89.39776870115051,92305,366,700,6632,
89.4026600090692,92305,366,699,6633,
89.4044949780247,92305,366,698,6634,
89.40611123444728,92304,367,698,6634,
89.41398070090494,92304,366,699,6634,
89.41823537387046,92303,367,699,6634,
89.41876758768163,92302,368,699,6634,
89.42254735327076,92302,368,698,6635,
89.43020842204432,92302,367,699,6635,
89.43427594578708,92301,368,699,6635,
89.43708556221411,92300,369,699,6635,
89.44330936644522,92300,368,700,6635,
89.4434612715076,92300,367,701,6635,
89.44385574175935,92300,367,700,6636,
89.44404606090114,92300,366,701,6636,
89.45837534789342,92300,365,702,6636,
89.46406991206185,92300,364,703,6636,
89.46420335972589,92299,365,703,6636,
89.47570333870792,92298,366,703,6636,
89.48227461573742,92297,367,703,6636,
89.4865900024356,92297,366,704,6636,
89.48928599952882,92297,366,703,6637,
89.50108075999668,92297,365,704,6637,
89.5021959213543,92297,364,705,6637,
89.50590361834193,92297,364,704,6638,
89.50623077267258,92297,363,705,6638,
89.50636012843016,92296,364,705,6638,
89.5127386821679,92296,363,706,6638,
89.52519479611195,92295,364,706,6638,
89.52753763277876,92295,364,705,6639,
89.52959208162909,92295,363,706,6639,
89.53268895470362,92295,362,707,6639,
89.53327966882937,92295,362,706,6640,
89.53361009535902,92295,362,705,6641,
89.53397009848919,92295,361,706,6641,
89.53988116295372,92295,361,705,6642,
89.5439074975892,92294,362,705,6642,
89.54423796869762,92293,363,705,6642,
89.5644864682742,92292,364,705,6642,
89.57225612865781,92291,365,705,6642,
89.57350831690388,92290,366,705,6642,
89.57708812416224,92289,367,705,6642,
89.58099137191275,92289,367,704,6643,
89.58616379818295,92289,366,705,6643,
89.59042894426831,92289,365,706,6643,
89.59709544597544,92289,365,705,6644,
89.59984633668077,92289,365,704,6645,
89.60346753959361,92289,364,705,6645,
89.61087847122494,92289,363,706,6645,
89.61267553717279,92288,364,706,6645,
89.61298993435739,92288,363,707,6645,
89.62288084902173,92288,363,706,6646,
89.62298611113025,92287,364,706,6646,
89.6247102800117,92287,363,707,6646,
89.6268998386316,92287,362,708,6646,
89.63896259175667,92287,362,707,6647,
89.64437652412684,92287,362,706,6648,
89.64453578613448,92287,361,707,6648,
89.64619662476926,92287,361,706,6649,
89.64683339506723,92287,361,705,6650,
89.65450979129378,92287,361,704,6651,
89.65757863415777,92286,362,704,6651,
89.66943868791478,92286,362,703,6652,
89.67482620397166,92286,362,702,6653,
89.67774677683371,92285,363,702,6653,
89.67989727156382,92285,363,701,6654,
89.68639636275275,92285,363,700,6655,
89.70159737898973,92284,364,700,6655,
89.70168498805215,92283,365,700,6655,
89.70389665469949,92282,366,700,6655,
89.72101589175239,92282,366,699,6656,
89.72574615948298,92282,366,698,6657,
89.73111369250302,92282,366,697,6658,
89.73751870258123,92281,367,697,6658,
89.74047491780226,92281,366,698,6658,
89.7415962181934,92281,366,697,6659,
89.74313764182548,92281,365,698,6659,
89.74782540197941,92281,364,699,6659,
89.75157977092957,92281,364,698,6660,
89.75808498903496,92281,364,697,6661,
89.75938152838745,92281,364,696,6662,
89.76211053154198,92280,365,696,6662,
89.76512399036889,92280,365,695,6663,
89.76892469931919,92280,365,694,6664,
89.77100635857701,92280,365,693,6665,
89.77621272304185,92280,364,694,6665,
89.77859314540697,92279,365,694,6665,
89.79069104099497,92279,365,693,6666,
89.793969736889,92279,364,694,6666,
89.79403510817491,92278,365,694,6666,
89.81019263774562,92278,365,693,6667,
89.813075072087,92278,364,694,6667,
89.8178348487674,92277,365,694,6667,
89.82406859857927,92277,365,693,6668,
89.82810243326554,92277,365,692,6669,
89.83214792828716,92277,364,693,6669,
89.84168246244303,92276,365,693,6669,
89.85639105778831,92276,364,694,6669,
89.8569642634121,92276,364,693,6670,
89.85798313174335,92276,364,692,6671,
89.85876632488599,92275,365,692,6671,
89.86322874101414,92274,366,692,6671,
89.86436500402809,92273,367,692,6671,
89.86441567559669,92273,367,691,6672,
89.86776389960494,92273,366,692,6672,
89.89509706863383,92273,365,693,6672,
89.90697113674082,92273,364,694,6672,
89.9155404520775,92272,365,694,6672,
89.91892893484714,92271,366,694,6672,
89.92780047709638,92271,366,693,6673,
89.92831288822632,92271,365,694,6673,
89.93278050047574,92271,365,693,6674,
89.93923892025029,92271,364,694,6674,
89.94521294714502,92270,365,694,6674,
89.9454922425272,92269,366,694,6674,
89.94563956446615,92269,365,695,6674,
89.96168615349032,92269,365,694,6675,
89.96909128898724,92269,365,693,6676,
89.97344011507862,92268,366,693,6676,
89.97580255897833,92267,367,693,6676,
89.98239115451813,92267,367,692,6677,
89.98508238467369,92267,366,693,6677,
89.98543609544694,92267,365,694,6677,
89.98921874026826,92266,366,694,6677,
89.99441454155803,92266,365,695,6677,
90.0016973639687,92266,364,696,6677,
90.00636513370554,92266,363,697,6677,
90.01222873611414,92266,363,696,6678,
90.014171296015,92265,364,696,6678,
90.02051256760066,92265,363,697,6678,
90.02170686448343,92265,363,696,6679,
90.02306619437222,92265,363,695,6680,
90.03043930116888,92264,364,695,6680,
90.03046684832424,92263,365,695,6680,
90.04428805014877,92263,365,694,6681,
90.044336329002,92262,366,694,6681,
90.05033258038218,92262,366,693,6682,
90.052537377081,92261,367,693,6682,
90.05755708988382,92260,368,693,6682,
90.06622695563779,92259,369,693,6682,
90.06685928197206,92259,368,694,6682,
90.07227609974115,92259,367,695,6682,
90.0791274111232,92259,366,696,6682,
90.07952184793479,92259,366,695,6683,
90.07969081325498,92258,367,695,6683,
90.08341058058053,92257,368,695,6683,
90.08675965880128,92256,369,695,6683,
90.0869242886155,92256,369,694,6684,
90.09666177197153,92256,369,693,6685,
90.11501776096051,92256,369,692,6686,
90.11682282474423,92255,370,692,6686,
90.12220433853568,92255,369,693,6686,
90.14076458764404,92255,368,694,6686,
90.14221268455609,92255,368,693,6687,
90.14711075775614,92254,369,693,6687,
90.15835808278086,92254,368,694,6687,
90.16183504700297,92254,367,695,6687,
90.16849676503736,92254,367,694,6688,
90.17497392757465,92253,368,694,6688,
90.17656649439255,92253,367,695,6688,
90.18772781081383,92252,368,695,6688,
90.19448179409414,92252,367,696,6688,
90.20569890491902,92252,367,695,6689,
90.20769378896102,92252,367,694,6690,
90.2135979642504,92252,366,695,6690,
90.21360281691608,92252,366,694,6691,
90.21504573073534,92252,366,693,6692,
90.21805687434514,92252,365,694,6692,
90.2197870932564,92252,364,695,6692,
90.22427279843406,92252,364,694,6693,
90.23036357906253,92252,363,695,6693,
90.23459150748035,92251,364,695,6693,
90.23859589461554,92251,363,696,6693,
90.23940577559051,92251,362,697,6693,
90.249153725545,92251,361,698,6693,
90.25199653692722,92250,362,698,6693,
90.25253155126266,92249,363,698,6693,
90.25829964571432,92248,364,698,6693,
90.26426695587915,92247,365,698,6693,
90.26963262465051,92247,364,699,6693,
90.27016624268643,92247,364,698,6694,
90.27142370224253,92247,364,697,6695,
90.27325320389292,92247,364,696,6696,
90.27352674005158,92247,363,697,6696,
90.27715970247456,92247,363,696,6697,
90.28312005347573,92246,364,696,6697,
90.28558291147931,92246,364,695,6698,
90.29231655717527,92246,363,696,6698,
90.29476197188447,92246,363,695,6699,
90.29596583005701,92246,362,696,6699,
90.30169883999608,92246,362,695,6700,
90.30359631852915,92246,362,694,6701,
90.31442363311558,92246,361,695,6701,
90.32862279311637,92246,361,694,6702,
90.33647252590461,92246,360,695,6702,
90.34140168182729,92246,360,694,6703,
90.3452860301768,92246,360,693,6704,
90.35516266572873,92245,361,693,6704,
90.35593095455633,92245,360,694,6704,
90.3594773709147,92244,361,694,6704,
90.3645111137362,92244,360,695,6704,
90.36629556300653,92244,360,694,6705,
90.36675423183195,92243,361,694,6705,
90.36768826915669,92242,362,694,6705,
90.37238703879636,92242,362,693,6706,
90.38275953848932,92242,362,692,6707,
90.3878469776195,92242,362,691,6708,
90.39445762430807,92242,362,690,6709,
90.39488196333656,92242,361,691,6709,
90.39587159610832,92242,360,692,6709,
90.3998608322403,92241,361,692,6709,
90.40183049076322,92241,360,693,6709,
90.40304897655301,92241,360,692,6710,
90.40589406426001,92241,360,691,6711,
90.41885217661013,92241,360,690,6712,
90.42032230743234,92240,361,690,6712,
90.42552182347117,92239,362,690,6712,
90.4295946176452,92239,361,691,6712,
90.43187013323208,92239,360,692,6712,
90.43838804136772,92239,359,693,6712,
90.45420054396612,92239,359,692,6713,
90.45873550644288,92239,359,691,6714,
90.46015381532249,92239,358,692,6714,
90.46681484639802,92239,357,693,6714,
90.48156889085779,92239,356,694,6714,
90.48968363768022,92239,356,693,6715,
90.49852122420857,92239,355,694,6715,
90.50098374535798,92238,356,694,6715,
90.50291862840737,92238,356,693,6716,
90.50934557003987,92237,357,693,6716,
90.51657067637078,92237,356,694,6716,
90.523174581514,92237,356,693,6717,
90.52754592194992,92237,356,692,6718,
90.53307336188394,92237,355,693,6718,
90.53628271825234,92236,356,693,6718,
90.53746861482972,92236,356,692,6719,
90.54049450402277,92235,357,692,6719,
90.54069637970673,92235,357,691,6720,
90.5433414669483,92234,358,691,6720,
90.5437315857018,92234,358,690,6721,
90.54850650248567,92233,359,690,6721,
90.55230536461599,92232,360,690,6721,
90.553978491055,92231,361,690,6721,
90.55510615257168,92231,360,691,6721,
90.56331344501461,92231,359,692,6721,
90.56589686302644,92231,359,691,6722,
90.56692836798031,92230,360,691,6722,
90.56928304015194,92230,360,690,6723,
90.56954878487369,92230,359,691,6723,
90.57350887018185,92230,359,690,6724,
90.57651384450692,92230,359,689,6725,
90.58272709538423,92230,359,688,6726,
90.60002521120803,92230,359,687,6727,
90.60158190329099,92230,358,688,6727,
90.61260082986551,92229,359,688,6727,
90.61327288579093,92229,359,687,6728,
90.61541334369306,92229,358,688,6728,
90.61800830054423,92229,358,687,6729,
90.62512678668558,92229,357,688,6729,
90.62714616119285,92229,357,687,6730,
90.63232095648516,92229,357,686,6731,
90.63391688532971,92229,357,685,6732,
90.63775888024954,92228,358,685,6732,
90.65057780866034,92228,357,686,6732,
90.6561560381851,92228,356,687,6732,
90.65889118638998,92227,357,687,6732,
90.6595954740983,92227,356,688,6732,
90.6622709854282,92226,357,688,6732,
90.6692024643159,92226,356,689,6732,
90.67660421811469,92226,356,688,6733,
90.68327837283283,92226,356,687,6734,
90.6883394700581,92226,355,688,6734,
90.68966791918474,92226,355,687,6735,
90.69239398986448,92226,354,688,6735,
90.69318153274234,92225,355,688,6735,
90.69793625849121,92225,354,689,6735,
90.70124981053692,92225,354,688,6736,
90.70681796318542,92225,353,689,6736,
90.7083920515413,92224,354,689,6736,
90.70860242162601,92224,354,688,6737,
90.71139722592667,92223,355,688,6737,
90.7118822753265,92222,356,688,6737,
90.71826726543134,92222,356,687,6738,
90.71875483888658,92221,357,687,6738,
90.7208956522392,92221,356,688,6738,
90.72518854928691,92220,357,688,6738,
90.72706525127981,92219,358,688,6738,
90.73282749801373,92219,358,687,6739,
90.73661732932797,92219,358,686,6740,
90.74636625189915,92218,359,686,6740,
90.75192447431269,92218,358,687,6740,
90.75285801899273,92218,357,688,6740,
90.75432251642452,92217,358,688,6740,
90.75480860702089,92217,358,687,6741,
90.75620947905847,92216,359,687,6741,
90.75735248580976,92216,358,688,6741,
90.76276512884013,92216,358,687,6742,
90.76779812655937,92216,358,686,6743,
90.77234067087458,92216,357,687,6743,
90.77634725499537,92215,358,687,6743,
90.77937701473627,92215,358,686,6744,
90.78166052140269,92215,357,687,6744,
90.78170276834885,92215,356,688,6744,
90.78538651286775,92215,355,689,6744,
90.79013218234914,92214,356,689,6744,
90.79863908859247,92214,355,690,6744,
90.7986591834641,92214,354,691,6744,
90.80384491702534,92214,353,692,6744,
90.80760503586687,92214,353,691,6745,
90.80845418068157,92214,353,690,6746,
90.81067863076558,92214,353,689,6747,
90.82021167056674,92214,353,688,6748,
90.8231322634794,92214,352,689,6748,
90.82667837026924,92214,351,690,6748,
90.8266952535726,92213,352,690,6748,
90.83693274738559,92213,351,691,6748,
90.84098893753472,92212,352,691,6748,
90.84673250323641,92212,351,692,6748,
90.84764106407887,92212,350,693,6748,
90.85031365625704,92212,349,694,6748,
90.85276720582937,92211,350,694,6748,
90.85443465865173,92210,351,694,6748,
90.8571118063374,92210,350,695,6748,
90.85897141100526,92210,350,694,6749,
90.85936286096947,92209,351,694,6749,
90.86533158377284,92208,352,694,6749,
90.8679618982772,92207,353,694,6749,
90.8697357495059,92206,354,694,6749,
90.87779219124215,92206,353,695,6749,
90.89139513128711,92205,354,695,6749,
90.90207237161022,92204,355,695,6749,
90.92309066195753,92203,356,695,6749,
90.92789345936126,92203,355,696,6749,
90.93057108846583,92202,356,696,6749,
90.93097993043386,92202,355,697,6749,
90.93775396671354,92201,356,697,6749,
90.94676577073699,92201,355,698,6749,
90.94979941030513,92201,355,697,6750,
90.95129555624356,92201,354,698,6750,
90.96153537166236,92200,355,698,6750,
90.96250319236444,92200,354,699,6750,
90.96606665097501,92200,354,698,6751,
90.97035003042572,92200,354,697,6752,
90.97160188167638,92200,353,698,6752,
90.97239704348128,92200,352,699,6752,
90.9778240426516,92200,351,700,6752,
90.9817547008391,92200,351,699,6753,
90.98691759633152,92200,351,698,6754,
90.98935722642379,92200,351,697,6755,
90.99628998829235,92200,350,698,6755,
90.99734259425873,92200,349,699,6755,
90.99741048656799,92199,350,699,6755,
91.00041292290041,92199,349,700,6755,
91.00151435092124,92198,350,700,6755,
91.00170444993833,92197,351,700,6755,
91.00754370527457,92197,351,699,6756,
91.00853276013318,92196,352,699,6756,
91.00972177742513,92196,351,700,6756,
91.01141209528845,92196,351,699,6757,
91.0208521733907,92195,352,699,6757,
91.02806317007261,92195,352,698,6758,
91.03425527660913,92194,353,698,6758,
91.03881051014619,92194,353,697,6759,
91.03940658439474,92194,353,696,6760,
91.04526015561365,92194,352,697,6760,
91.04549730924222,92194,352,696,6761,
91.05306913709403,92194,352,695,6762,
91.05438367262941,92194,352,694,6763,
91.05486502944841,92194,352,693,6764,
91.0552237621558,92194,351,694,6764,
91.05975302295316,92193,352,694,6764,
91.0626064012409,92192,353,694,6764,
91.06538954286886,92191,354,694,6764,
91.06880230292504,92190,355,694,6764,
91.07254885988412,92190,355,693,6765,
91.07886940167151,92190,354,694,6765,
91.08995082007297,92189,355,694,6765,
91.09173453947778,92189,355,693,6766,
91.10178463808793,92189,354,694,6766,
91.10836006562866,92188,355,694,6766,
91.11000254621841,92188,355,693,6767,
91.11063413011254,92188,355,692,6768,
91.11508677764891,92188,355,691,6769,
91.12304727920997,92187,356,691,6769,
91.12453010019522,92187,356,690,6770,
91.14397765823881,92187,355,691,6770,
91.15412980617154,92186,356,691,6770,
91.15480275307124,92185,357,691,6770,
91.15543197306954,92185,356,692,6770,
91.15568517785054,92185,356,691,6771,
91.15975636295877,92184,357,691,6771,
91.16394738408307,92184,356,692,6771,
91.16494797539286,92183,357,692,6771,
91.17843800205019,92182,358,692,6771,
91.17889262343385,92182,358,691,6772,
91.18587054903298,92182,358,690,6773,
91.18796164493926,92182,358,689,6774,
91.18880059971801,92182,357,690,6774,
91.19123973418381,92182,356,691,6774,
91.19255115365476,92182,355,692,6774,
91.1927439495201,92182,354,693,6774,
91.19577492830282,92182,353,694,6774,
91.20015933072949,92181,354,694,6774,
91.20099658979714,92180,355,694,6774,
91.20115517892822,92180,355,693,6775,
91.20530192012839,92180,354,694,6775,
91.20598987372887,92180,354,693,6776,
91.21840401051827,92179,355,693,6776,
91.22509487073603,92179,355,692,6777,
91.22976678939816,92179,354,693,6777,
91.23052171150832,92179,354,692,6778,
91.23432127957884,92179,354,691,6779,
91.23542448513425,92179,353,692,6779,
91.23607719856015,92179,352,693,6779,
91.24021877360289,92179,352,692,6780,
91.24360679137017,92179,351,693,6780,
91.24421069159415,92179,350,694,6780,
91.24529994902167,92178,351,694,6780,
91.24723690080597,92177,352,694,6780,
91.2607300325211,92177,352,693,6781,
91.26341058561485,92177,352,692,6782,
91.27155311590406,92177,351,693,6782,
91.27364032054005,92176,352,693,6782,
91.2771701233614,92176,351,694,6782,
91.27751259467416,92176,351,693,6783,
91.2822532114656,92176,350,694,6783,
91.28342880192363,92175,351,694,6783,
91.28469502384092,92175,351,693,6784,
91.29038753246049,92175,351,692,6785,
91.30124845806145,92175,350,693,6785,
91.3016050523392,92175,349,694,6785,
91.30604031601706,92175,349,693,6786,
91.3066601554425,92175,349,692,6787,
91.31145420710715,92175,349,691,6788,
91.32589049697654,92174,350,691,6788,
91.3324104875376,92173,351,691,6788,
91.336954571436,92173,350,692,6788,
91.33815985248621,92173,349,693,6788,
91.34179832967735,92172,350,693,6788,
91.34414629537731,92171,351,693,6788,
91.35420215314397,92171,350,694,6788,
91.35508804023655,92170,351,694,6788,
91.3556221275954,92170,350,695,6788,
91.36424591917708,92170,349,696,6788,
91.36548406934622,92170,349,695,6789,
91.37007414381694,92170,348,696,6789,
91.37236589228158,92170,347,697,6789,
91.37381615078033,92170,346,698,6789,
91.37455586717924,92169,347,698,6789,
91.37512915035053,92169,347,697,6790,
91.37772963913142,92169,346,698,6790,
91.37907608566238,92168,347,698,6790,
91.38621204218649,92168,346,699,6790,
91.39828122586074,92168,346,698,6791,
91.40523447500973,92167,347,698,6791,
91.41229284889457,92167,346,699,6791,
91.41346153816974,92166,347,699,6791,
91.41398397227877,92166,346,700,6791,
91.42239004186206,92166,346,699,6792,
91.4290166131484,92165,347,699,6792,
91.4340244639152,92165,346,700,6792,
91.44348384769624,92164,347,700,6792,
91.44631396632641,92164,346,701,6792,
91.4581336812576,92164,346,700,6793,
91.45869438474514,92164,345,701,6793,
91.46807647998969,92164,345,700,6794,
91.48115161441785,92164,345,699,6795,
91.48657842591675,92163,346,699,6795,
91.48845835911762,92163,346,698,6796,
91.49087159647351,92162,347,698,6796,
91.49522960003928,92161,348,698,6796,
91.49639649562845,92160,349,698,6796,
91.51135927503563,92160,349,697,6797,
91.51230635586566,92160,348,698,6797,
91.51893970122359,92160,347,699,6797,
91.52908288068103,92160,347,698,6798,
91.53122094623293,92160,347,697,6799,
91.53462144153059,92159,348,697,6799,
91.5389829149797,92159,347,698,6799,
91.54608857421059,92158,348,698,6799,
91.55626118366706,92158,348,697,6800,
91.55973973795084,92158,347,698,6800,
91.56077047831977,92157,348,698,6800,
91.56483605995354,92157,347,699,6800,
91.58459398054649,92157,347,698,6801,
91.58486925173564,92157,347,697,6802,
91.5878196499057,92157,347,696,6803,
91.58834365229231,92156,348,696,6803,
91.5889679416502,92155,349,696,6803,
91.59807034068747,92154,350,696,6803,
91.60334098179868,92154,350,695,6804,
91.60356104013908,92154,350,694,6805,
91.60689153384044,92153,351,694,6805,
91.61549299201047,92153,351,693,6806,
91.6166336881277,92153,351,692,6807,
91.61850907616272,92153,350,693,6807,
91.61961103305524,92152,351,693,6807,
91.62653923272671,92152,351,692,6808,
91.63336333796391,92152,351,691,6809,
91.63513851758788,92152,350,692,6809,
91.63624782658724,92152,350,691,6810,
91.63672173406366,92151,351,691,6810,
91.644294350335,92150,352,691,6810,
91.64482014149266,92150,352,690,6811,
91.65939980312453,92150,351,691,6811,
91.66571030173809,92150,350,692,6811,
91.66722739109191,92150,349,693,6811,
91.67364915238537,92150,349,692,6812,
91.68209619819103,92149,350,692,6812,
91.68446293434172,92149,349,693,6812,
91.68713655979809,92148,350,693,6812,
91.69194547757755,92148,349,694,6812,
91.70001837680648,92148,348,695,6812,
91.70068415400036,92148,347,696,6812,
91.70418156431316,92148,347,695,6813,
91.70720867952019,92148,347,694,6814,
91.71260344312046,92148,346,695,6814,
91.71717190819709,92148,346,694,6815,
91.7226704744132,92147,347,694,6815,
91.72509828362564,92147,347,693,6816,
91.72518187058485,92146,348,693,6816,
91.72948121869311,92146,347,694,6816,
91.7306672934345,92145,348,694,6816,
91.73302211305352,92145,348,693,6817,
91.73302667627027,92145,348,692,6818,
91.7490586251657,92145,347,693,6818,
91.74983285464464,92145,346,694,6818,
91.75093400456726,92145,346,693,6819,
91.75986949035824,92144,347,693,6819,
91.76449192348936,92144,346,694,6819,
91.76586068358321,92144,345,695,6819,
91.76624837983977,92144,345,694,6820,
91.76878720040256,92143,346,694,6820,
91.769682243712,92142,347,694,6820,
91.77153694446528,92142,346,695,6820,
91.77381741802995,92142,346,694,6821,
91.7809910213388,92142,346,693,6822,
91.79381489018778,92142,346,692,6823,
91.80041216080679,92141,347,692,6823,
91.80093514127077,92141,347,691,6824,
91.80675246815078,92141,347,690,6825,
91.81630371365968,92140,348,690,6825,
91.82206002866212,92140,347,691,6825,
91.82218621853649,92140,346,692,6825,
91.82790246094203,92140,346,691,6826,
91.8282004845304,92140,346,690,6827,
91.82922705463675,92140,346,689,6828,
91.83657459435786,92140,345,690,6828,
91.8389014101235,92139,346,690,6828,
91.8505713992706,92139,345,691,6828,
91.85394771150462,92139,345,690,6829,
91.85935524667102,92138,346,690,6829,
91.87114938967318,92137,347,690,6829,
91.88027171482354,92136,348,690,6829,
91.88269686649305,92136,348,689,6830,
91.88780654426002,92136,348,688,6831,
91.89166939553556,92135,349,688,6831,
91.89316257475353,92135,349,687,6832,
91.89633248314485,92135,349,686,6833,
91.90047728698005,92134,350,686,6833,
91.905152784689,92133,351,686,6833,
91.90973722416817,92133,350,687,6833,
91.91267339040499,92133,349,688,6833,
91.91682457309571,92133,349,687,6834,
91.92127856115454,92132,350,687,6834,
91.92432577732819,92132,350,686,6835,
91.93939765272697,92132,350,685,6836,
91.93985988182644,92131,351,685,6836,
91.93997983179992,92130,352,685,6836,
91.95063561097842,92130,351,686,6836,
91.95261068169214,92129,352,686,6836,
91.95295428949913,92129,352,685,6837,
91.96276453997532,92128,353,685,6837,
91.96408079756019,92128,353,684,6838,
91.96627190272466,92127,354,684,6838,
91.97130643739592,92127,354,683,6839,
91.97953365455926,92127,353,684,6839,
91.97976466324202,92127,352,685,6839,
91.98090646862224,92127,352,684,6840,
91.98206130863827,92126,353,684,6840,
91.9918090737319,92125,354,684,6840,
91.99582707542098,92125,354,683,6841,
92.00484523632943,92125,353,684,6841,
92.00904115686461,92125,352,685,6841,
92.010900640164,92125,351,686,6841,
92.0182404161591,92125,351,685,6842,
92.02790478219828,92125,351,684,6843,
92.0279460732018,92125,350,685,6843,
92.0293407890408,92125,350,684,6844,
92.03649082853951,92125,350,683,6845,
92.04037811116297,92124,351,683,6845,
92.04775139964094,92124,351,682,6846,
92.05148204197627,92123,352,682,6846,
92.05284542269183,92122,353,682,6846,
92.05733656888319,92122,353,681,6847,
92.05767646329417,92122,353,680,6848,
92.06098181684196,92122,352,681,6848,
92.06652025548934,92122,352,680,6849,
92.06655575612898,92122,352,679,6850,
92.06998920681494,92122,352,678,6851,
92.07271806626838,92122,351,679,6851,
92.07936988336607,92122,350,680,6851,
92.08873790157007,92122,349,681,6851,
92.08923390221727,92121,350,681,6851,
92.09421190662636,92121,350,680,6852,
92.09481195999376,92120,351,680,6852,
92.09812162250034,92120,351,679,6853,
92.10048191105074,92119,352,679,6853,
92.12748458754007,92119,352,678,6854,
92.13533249875178,92119,352,677,6855,
92.1386865434655,92118,353,677,6855,
92.141647679411,92117,354,677,6855,
92.14190863760395,92116,355,677,6855,
92.14293872770745,92116,354,678,6855,
92.14917023399904,92116,354,677,6856,
92.15063549023448,92116,354,676,6857,
92.1610067368345,92116,353,677,6857,
92.16295886512333,92115,354,677,6857,
92.16638915028996,92115,354,676,6858,
92.16988468375362,92115,354,675,6859,
92.17508378679963,92115,353,676,6859,
92.17965366793231,92114,354,676,6859,
92.18433389873944,92113,355,676,6859,
92.19025684104389,92113,355,675,6860,
92.19032806764184,92113,354,676,6860,
92.19045702457875,92113,354,675,6861,
92.19277740031463,92113,354,674,6862,
92.19993921382567,92113,353,675,6862,
92.20359751873897,92113,353,674,6863,
92.20428085579267,92113,352,675,6863,
92.20500874257712,92112,353,675,6863,
92.21987100144472,92112,352,676,6863,
92.22633317963171,92111,353,676,6863,
92.23262524460793,92111,353,675,6864,
92.2334568665299,92111,353,674,6865,
92.23500629635046,92111,352,675,6865,
92.23546839914319,92111,351,676,6865,
92.24578737522577,92111,351,675,6866,
92.25348137051174,92111,350,676,6866,
92.26006430380542,92111,349,677,6866,
92.26138097900153,92111,349,676,6867,
92.26610572721941,92111,349,675,6868,
92.27279039374531,92110,350,675,6868,
92.28410886903522,92109,351,675,6868,
92.28593397937485,92109,351,674,6869,
92.2878397214196,92109,350,675,6869,
92.30604258875266,92109,350,674,6870,
92.31100905617635,92109,349,675,6870,
92.31787165719015,92109,349,674,6871,
92.32225407315713,92109,349,673,6872,
92.32477563006572,92109,349,672,6873,
92.33152433214696,92109,348,673,6873,
92.34744598778406,92109,348,672,6874,
92.35050755767296,92109,348,671,6875,
92.35119418981338,92108,349,671,6875,
92.35176630559693,92108,348,672,6875,
92.35658193321996,92108,348,671,6876,
92.35816439996918,92107,349,671,6876,
92.35829713672842,92107,349,670,6877,
92.35916693523512,92107,348,671,6877,
92.36287020091018,92107,347,672,6877,
92.37396005812597,92107,347,671,6878,
92.37994992208402,92107,347,670,6879,
92.38036265571282,92107,347,669,6880,
92.38196584984937,92106,348,669,6880,
92.38802517793857,92106,347,670,6880,
92.38856579022146,92106,347,669,6881,
92.39265161104096,92106,347,668,6882,
92.39357761599976,92106,346,669,6882,
92.40068685108932,92105,347,669,6882,
92.40284942141594,92104,348,669,6882,
92.40730426500699,92104,348,668,6883,
92.41163023105557,92103,349,668,6883,
92.41406752710608,92103,348,669,6883,
92.4152123064156,92103,347,670,6883,
92.42028989945186,92103,346,671,6883,
92.42341042568367,92103,345,672,6883,
92.42407323605585,92103,345,671,6884,
92.42789244924592,92103,345,670,6885,
92.42794588335249,92103,344,671,6885,
92.42871205505162,92103,343,672,6885,
92.43112318824691,92103,343,671,6886,
92.43568907367896,92102,344,671,6886,
92.44001365106843,92102,344,670,6887,
92.45911598557521,92102,343,671,6887,
92.46484688764252,92102,342,672,6887,
92.4669845961933,92102,342,671,6888,
92.47423279088572,92102,341,672,6888,
92.47812278530672,92102,341,671,6889,
92.47875761073826,92102,341,670,6890,
92.48247394771334,92101,342,670,6890,
92.48422706716161,92100,343,670,6890,
92.48742849102835,92100,343,669,6891,
92.50111766959205,92100,342,670,6891,
92.50173587319229,92100,342,669,6892,
92.50776200772026,92100,341,670,6892,
92.52336098487119,92100,340,671,6892,
92.52696207998179,92100,340,670,6893,
92.52892477868663,92099,341,670,6893,
92.53192120493216,92099,340,671,6893,
92.53522073703799,92098,341,671,6893,
92.53650929838017,92098,341,670,6894,
92.53701503689078,92098,340,671,6894,
92.54278968860336,92098,340,670,6895,
92.5435271383052,92097,341,670,6895,
92.55726955761703,92097,341,669,6896,
92.56376559038418,92096,342,669,6896,
92.5656793368301,92095,343,669,6896,
92.56631140885739,92095,343,668,6897,
92.56765585617654,92094,344,668,6897,
92.56826388222632,92094,344,667,6898,
92.57184975567024,92094,344,666,6899,
92.57277224024824,92094,344,665,6900,
92.57712669587761,92094,343,666,6900,
92.57801757491228,92093,344,666,6900,
92.59188780212762,92093,344,665,6901,
92.59298181540672,92092,345,665,6901,
92.60011326622833,92092,344,666,6901,
92.60065185883883,92092,344,665,6902,
92.60171281819156,92092,343,666,6902,
92.60340214255984,92092,343,665,6903,
92.60511322820378,92092,343,664,6904,
92.6052329460638,92091,344,664,6904,
92.61373799804171,92091,343,665,6904,
92.61624657932614,92091,343,664,6905,
92.6244130253484,92091,343,663,6906,
92.62694977862515,92090,344,663,6906,
92.6287007765402,92090,344,662,6907,
92.6295937963942,92090,343,663,6907,
92.63013011753378,92090,343,662,6908,
92.63795311356841,92090,343,661,6909,
92.64964687732595,92090,343,660,6910,
92.65309180344444,92090,342,661,6910,
92.65654470874628,92090,341,662,6910,
92.66162248761569,92090,341,661,6911,
92.66221762563939,92089,342,661,6911,
92.66494132911599,92088,343,661,6911,
92.66889936014104,92088,343,660,6912,
92.66982266511532,92088,342,661,6912,
92.671891654268,92088,341,662,6912,
92.67361714352487,92088,340,663,6912,
92.67922386295446,92088,340,662,6913,
92.68059395258055,92088,340,661,6914,
92.69117369880573,92087,341,661,6914,
92.70113943131115,92087,340,662,6914,
92.70459270716856,92087,339,663,6914,
92.7109089172883,92086,340,663,6914,
92.71667482132364,92086,340,662,6915,
92.71705038204036,92086,340,661,6916,
92.7186615833592,92086,339,662,6916,
92.72024661018426,92085,340,662,6916,
92.72373720725378,92085,340,661,6917,
92.73228486961384,92084,341,661,6917,
92.73315917386498,92084,341,660,6918,
92.73572372747411,92084,340,661,6918,
92.7415730708093,92083,341,661,6918,
92.74414370680731,92083,340,662,6918,
92.74968423273194,92083,340,661,6919,
92.75156885659091,92083,340,660,6920,
92.75873042047655,92083,340,659,6921,
92.76138768881447,92083,340,658,6922,
92.76918348217549,92082,341,658,6922,
92.79853613180092,92082,340,659,6922,
92.7996695337275,92082,340,658,6923,
92.8051992110253,92082,339,659,6923,
92.80645730637751,92082,339,658,6924,
92.81147459966101,92081,340,658,6924,
92.81328537676481,92080,341,658,6924,
92.81407239494516,92080,340,659,6924,
92.81674728654747,92079,341,659,6924,
92.81706262452849,92079,341,658,6925,
92.8211542510599,92079,340,659,6925,
92.82381479187127,92079,340,658,6926,
92.82743914420497,92079,340,657,6927,
92.83090384094703,92078,341,657,6927,
92.83463128101135,92077,342,657,6927,
92.83780946947718,92077,341,658,6927,
92.83870334420357,92077,340,659,6927,
92.83971643377296,92077,340,658,6928,
92.84372727278023,92077,340,657,6929,
92.8438069481245,92077,340,656,6930,
92.84826167306082,92077,339,657,6930,
92.85231838897762,92077,338,658,6930,
92.85317739903587,92076,339,658,6930,
92.86391496085902,92076,338,659,6930,
92.86452570824767,92075,339,659,6930,
92.86589954026896,92074,340,659,6930,
92.88126512882081,92074,340,658,6931,
92.89720575340658,92074,339,659,6931,
92.90044337434342,92074,338,660,6931,
92.9113837582068,92074,338,659,6932,
92.91666501490768,92074,338,658,6933,
92.92013806404987,92074,337,659,6933,
92.9248228333377,92073,338,659,6933,
92.93499849661254,92073,338,658,6934,
92.93503594999194,92073,337,659,6934,
92.93861975334536,92072,338,659,6934,
92.93868368813466,92072,337,660,6934,
92.94155946168503,92072,337,659,6935,
92.94179520639163,92072,336,660,6935,
92.94316117227642,92071,337,660,6935,
92.94606132340425,92071,336,661,6935,
92.94783713395152,92071,335,662,6935,
92.95063319076377,92071,335,661,6936,
92.95109286145326,92071,334,662,6936,
92.96060292156483,92071,333,663,6936,
92.96067260407025,92071,333,662,6937,
92.97375501247075,92071,332,663,6937,
92.98129668572241,92071,332,662,6938,
92.98457049318708,92071,331,663,6938,
92.9920932453603,92070,332,663,6938,
92.9941889888361,92070,332,662,6939,
92.99796210503393,92070,332,661,6940,
93.00003683632511,92069,333,661,6940,
93.00476452257885,92069,332,662,6940,
93.01177144738544,92069,332,661,6941,
93.02465651361413,92068,333,661,6941,
93.02630537081922,92067,334,661,6941,
93.03094630895009,92067,333,662,6941,
93.03401625327547,92067,333,661,6942,
93.0359391833552,92066,334,661,6942,
93.052651201289,92065,335,661,6942,
93.05721718159586,92064,336,661,6942,
93.06619931756474,92064,335,662,6942,
93.06900413478897,92064,335,661,6943,
93.07347811812537,92063,336,661,6943,
93.08584151029123,92063,336,660,6944,
93.09001784870041,92063,336,659,6945,
93.09041909691447,92062,337,659,6945,
93.09240678935171,92062,337,658,6946,
93.09491632008299,92061,338,658,6946,
93.09545558618223,92061,338,657,6947,
93.11105326942962,92060,339,657,6947,
93.11293195145382,92059,340,657,6947,
93.11345218904762,92058,341,657,6947,
93.11630046580561,92058,340,658,6947,
93.11655813690965,92058,340,657,6948,
93.11920969902025,92058,339,658,6948,
93.12448959956168,92057,340,658,6948,
93.12919997432542,92057,340,657,6949,
93.14649180862324,92057,340,656,6950,
93.14706824096666,92056,341,656,6950,
93.1482883411575,92055,342,656,6950,
93.15263099990194,92054,343,656,6950,
93.15395839374622,92054,343,655,6951,
93.16332378521079,92054,342,656,6951,
93.1731402502829,92053,343,656,6951,
93.17624873813719,92053,342,657,6951,
93.18052679845397,92053,342,656,6952,
93.18365072086014,92053,342,655,6953,
93.19144552898848,92053,341,656,6953,
93.19217106741145,92053,341,655,6954,
93.19226899290928,92053,341,654,6955,
93.19257694674116,92052,342,654,6955,
93.20131911144826,92052,342,653,6956,
93.20690417974552,92051,343,653,6956,
93.21325754064964,92051,343,652,6957,
93.21644406024782,92051,343,651,6958,
93.21835573305104,92050,344,651,6958,
93.22287262323314,92050,343,652,6958,
93.22517959197,92050,343,651,6959,
93.22997136124823,92050,342,652,6959,
93.2314976670621,92050,341,653,6959,
93.23540717566917,92050,341,652,6960,
93.24254159900477,92049,342,652,6960,
93.2459641748369,92049,341,653,6960,
93.25203731602524,92049,340,654,6960,
93.25708011722655,92048,341,654,6960,
93.26338518961916,92048,341,653,6961,
93.26706780602913,92048,340,654,6961,
93.26909484617033,92048,339,655,6961,
93.27193778019048,92048,339,654,6962,
93.27234114410206,92048,338,655,6962,
93.27258451103175,92048,337,656,6962,
93.27535477274361,92048,337,655,6963,
93.29491160460465,92048,337,654,6964,
93.30623467701452,92048,336,655,6964,
93.3099082497911,92048,336,654,6965,
93.31384475273222,92047,337,654,6965,
93.31804639566519,92047,336,655,6965,
93.33004654358903,92047,336,654,6966,
93.33634636765018,92046,337,654,6966,
93.34305546205303,92045,338,654,6966,
93.35431840935084,92044,339,654,6966,
93.35969147711657,92044,339,653,6967,
93.36199913696984,92044,338,654,6967,
93.3623563138144,92043,339,654,6967,
93.36315858286622,92042,340,654,6967,
93.36451193991985,92042,340,653,6968,
93.36914609128564,92042,340,652,6969,
93.37173568573944,92041,341,652,6969,
93.37460309798985,92041,341,651,6970,
93.3823872159341,92041,341,650,6971,
93.3888209982288,92041,340,651,6971,
93.40321931895006,92041,340,650,6972,
93.40437141261071,92040,341,650,6972,
93.40459850911232,92040,340,651,6972,
93.409431861864,92040,340,650,6973,
93.42112646541545,92040,340,649,6974,
93.422594089245,92040,340,648,6975,
93.42528742668611,92040,339,649,6975,
93.4306597434684,92040,339,648,6976,
93.43743487853496,92040,339,647,6977,
93.44016932146718,92040,338,648,6977,
93.44260038987592,92040,337,649,6977,
93.45190870105719,92039,338,649,6977,
93.45436855177985,92039,338,648,6978,
93.46697903540924,92039,338,647,6979,
93.46768366964235,92038,339,647,6979,
93.47102437480486,92038,338,648,6979,
93.47699974158382,92037,339,648,6979,
93.48320024724691,92037,338,649,6979,
93.48790364680065,92037,337,650,6979,
93.4911450959147,92037,336,651,6979,
93.49306721714866,92037,335,652,6979,
93.49403179336927,92036,336,652,6979,
93.49802359008422,92036,335,653,6979,
93.5026835853352,92035,336,653,6979,
93.50696687644748,92035,336,652,6980,
93.50950916191994,92035,336,651,6981,
93.51000544031103,92035,336,650,6982,
93.51958473153552,92034,337,650,6982,
93.52695988842976,92034,337,649,6983,
93.52840697692984,92033,338,649,6983,
93.52991225309268,92033,338,648,6984,
93.53697434333448,92033,337,649,6984,
93.54117965856051,92032,338,649,6984,
93.55258872456383,92032,338,648,6985,
93.55296996876142,92032,338,647,6986,
93.55406037271506,92032,337,648,6986,
93.55479494735226,92031,338,648,6986,
93.56139575747096,92031,338,647,6987,
93.56496302687027,92030,339,647,6987,
93.56513039225123,92029,340,647,6987,
93.56620897648622,92029,340,646,6988,
93.56690080971867,92028,341,646,6988,
93.57019847527663,92027,342,646,6988,
93.5710768690717,92027,341,647,6988,
93.57395783005833,92026,342,647,6988,
93.57788911773655,92026,341,648,6988,
93.5779365550149,92026,341,647,6989,
93.5791337913156,92025,342,647,6989,
93.58854589704647,92025,341,648,6989,
93.59134760184081,92024,342,648,6989,
93.5918906114207,92024,342,647,6990,
93.59401744475741,92023,343,647,6990,
93.59477451135322,92022,344,647,6990,
93.59724682550431,92022,344,646,6991,
93.60401658644685,92021,345,646,6991,
93.60414324863038,92021,345,645,6992,
93.61727834332272,92020,346,645,6992,
93.62981229073603,92019,347,645,6992,
93.63145114624145,92018,348,645,6992,
93.64301251398174,92018,348,644,6993,
93.64541502052936,92017,349,644,6993,
93.64582636263799,92016,350,644,6993,
93.64643895004403,92016,350,643,6994,
93.64794627693371,92016,350,642,6995,
93.64947424946534,92016,349,643,6995,
93.64973153777717,92016,348,644,6995,
93.6539145174601,92015,349,644,6995,
93.66104063331755,92015,349,643,6996,
93.6666315611138,92014,350,643,6996,
93.66761695801712,92014,350,642,6997,
93.66945172511694,92014,350,641,6998,
93.67128465006363,92013,351,641,6998,
93.68139288130983,92012,352,641,6998,
93.68634854101415,92012,352,640,6999,
93.68651310052232,92012,351,641,6999,
93.68730979841186,92012,350,642,6999,
93.69042879229113,92011,351,642,6999,
93.69464138810099,92010,352,642,6999,
93.70830938907494,92010,352,641,7000,
93.70846358076028,92010,351,642,7000,
93.70889471077865,92010,351,641,7001,
93.70931578504386,92010,351,640,7002,
93.71148015520042,92010,350,641,7002,
93.71245539261548,92010,349,642,7002,
93.71967571450148,92010,349,641,7003,
93.7199325088707,92010,348,642,7003,
93.72877008519364,92010,348,641,7004,
93.72967896577188,92010,348,640,7005,
93.73136180079351,92009,349,640,7005,
93.73176305697837,92008,350,640,7005,
93.73216677450185,92008,349,641,7005,
93.73895439857999,92008,349,640,7006,
93.73896135507931,92007,350,640,7006,
93.73899049849067,92006,351,640,7006,
93.74087888110768,92006,350,641,7006,
93.741739490326,92005,351,641,7006,
93.74389376581436,92005,351,640,7007,
93.7453072165523,92004,352,640,7007,
93.74586038974104,92004,351,641,7007,
93.74797102831357,92004,350,642,7007,
93.75199665998224,92003,351,642,7007,
93.75360241455763,92002,352,642,7007,
93.75633992610452,92002,352,641,7008,
93.75729267950695,92002,351,642,7008,
93.75780772011893,92002,350,643,7008,
93.75949637709644,92002,350,642,7009,
93.77202194879254,92001,351,642,7009,
93.772935639129,92001,351,641,7010,
93.77863572051581,92001,351,640,7011,
93.77867032586323,92000,352,640,7011,
93.78685415554432,92000,352,639,7012,
93.7871162600013,91999,353,639,7012,
93.79500262051405,91999,353,638,7013,
93.82171117760308,91999,353,637,7014,
93.82986312890021,91998,354,637,7014,
93.83695876067051,91998,354,636,7015,
93.83899613038665,91998,354,635,7016,
93.84167904381175,91998,353,636,7016,
93.84287299013022,91998,352,637,7016,
93.84724681620125,91998,352,636,7017,
93.8589633302004,91997,353,636,7017,
93.86305149446007,91997,353,635,7018,
93.8740273758379,91997,352,636,7018,
93.87631394775985,91997,351,637,7018,
93.87909836883149,91996,352,637,7018,
93.8792110762038,91996,352,636,7019,
93.88032713503688,91996,351,637,7019,
93.88123389575989,91995,352,637,7019,
93.88625440921024,91995,352,636,7020,
93.88648585979766,91995,351,637,7020,
93.89350810064701,91995,351,636,7021,
93.89527467760868,91995,350,637,7021,
93.89656660579348,91995,350,636,7022,
93.89665978682342,91995,350,635,7023,
93.8995196104662,91995,350,634,7024,
93.90821419978931,91994,351,634,7024,
93.93973673151271,91994,351,633,7025,
93.94083145354551,91993,352,633,7025,
93.9539953322732,91993,351,634,7025,
93.96595653995203,91992,352,634,7025,
93.97118759802683,91991,353,634,7025,
93.98333432472657,91991,353,633,7026,
93.99363290370631,91991,352,634,7026,
93.99816720860301,91991,352,633,7027,
94.01295526622923,91991,351,634,7027,
94.02777899886921,91990,352,634,7027,
94.0302901553357,91989,353,634,7027,
94.03055092207273,91989,353,633,7028,
94.03104309367389,91989,352,634,7028,
94.0446781589867,91989,352,633,7029,
94.04618843793645,91989,351,634,7029,
94.05499558551472,91989,350,635,7029,
94.05639933656218,91988,351,635,7029,
94.06038548822333,91987,352,635,7029,
94.06637232872453,91987,352,634,7030,
94.06814529814312,91987,351,635,7030,
94.06931387459059,91987,350,636,7030,
94.08645259555576,91987,350,635,7031,
94.0929319804703,91987,349,636,7031,
94.09616826059423,91987,348,637,7031,
94.09899098188544,91987,347,638,7031,
94.10442114142668,91987,347,637,7032,
94.10952415792735,91986,348,637,7032,
94.11353343645895,91986,347,638,7032,
94.11703886327913,91986,347,637,7033,
94.11953083458499,91986,347,636,7034,
94.1242532486304,91986,346,637,7034,
94.1328152706886,91986,345,638,7034,
94.1329708754123,91986,344,639,7034,
94.13884461614707,91986,344,638,7035,
94.14111998346289,91986,343,639,7035,
94.1424953788036,91986,343,638,7036,
94.14600249669216,91986,343,637,7037,
94.15150553997304,91986,343,636,7038,
94.16800071555807,91985,344,636,7038,
94.17082316845352,91985,344,635,7039,
94.17106843489876,91985,344,634,7040,
94.17211913972477,91985,343,635,7040,
94.17656554345633,91984,344,635,7040,
94.17863708248692,91983,345,635,7040,
94.1786944943739,91983,345,634,7041,
94.17909819160863,91983,345,633,7042,
94.17917535177261,91983,344,634,7042,
94.18529716006734,91982,345,634,7042,
94.18723030414415,91982,345,633,7043,
94.19779601685224,91982,344,634,7043,
94.22453567284578,91981,345,634,7043,
94.2283090114536,91981,344,635,7043,
94.22989831795397,91981,343,636,7043,
94.23260430506147,91981,343,635,7044,
94.23481141213071,91981,342,636,7044,
94.23502219848451,91981,341,637,7044,
94.23986710806167,91981,340,638,7044,
94.24013002155513,91981,340,637,7045,
94.24628850665763,91981,339,638,7045,
94.24888524775076,91981,339,637,7046,
94.26000504234204,91981,338,638,7046,
94.2747185879824,91980,339,638,7046,
94.27771454543335,91980,339,637,7047,
94.27798982449829,91980,338,638,7047,
94.28398316350282,91979,339,638,7047,
94.28967819473328,91979,338,639,7047,
94.29061545818456,91978,339,639,7047,
94.29534266234808,91978,338,640,7047,
94.29537823290619,91978,338,639,7048,
94.29554924091795,91978,338,638,7049,
94.31752966832073,91978,338,637,7050,
94.32014162179307,91978,337,638,7050,
94.32629856870162,91978,337,637,7051,
94.33583366104216,91978,337,636,7052,
94.33958697681575,91978,337,635,7053,
94.34173279744574,91978,337,634,7054,
94.34398412796688,91977,338,634,7054,
94.35373191450009,91976,339,634,7054,
94.35464254928732,91976,338,635,7054,
94.35777068870274,91975,339,635,7054,
94.3584441255713,91975,338,636,7054,
94.36885934723605,91975,337,637,7054,
94.37510274889286,91975,337,636,7055,
94.38124768281305,91975,336,637,7055,
94.38400171393204,91975,335,638,7055,
94.38757166541734,91975,335,637,7056,
94.39332176407802,91975,334,638,7056,
94.39354711960561,91974,335,638,7056,
94.3950372354658,91974,335,637,7057,
94.39591458143023,91974,334,638,7057,
94.39942517410094,91973,335,638,7057,
94.40168247139336,91973,335,637,7058,
94.40233423563895,91973,335,636,7059,
94.41623668230972,91973,335,635,7060,
94.41975281588529,91973,335,634,7061,
94.42531380228904,91973,334,635,7061,
94.42666745661677,91973,333,636,7061,
94.42937410841057,91973,333,635,7062,
94.43361035542426,91972,334,635,7062,
94.4350458223646,91972,334,634,7063,
94.45343468589752,91972,333,635,7063,
94.45791497266885,91971,334,635,7063,
94.46092547906431,91971,333,636,7063,
94.46312501376617,91971,333,635,7064,
94.46590837204263,91971,333,634,7065,
94.46871874292017,91970,334,634,7065,
94.48145839269537,91970,333,635,7065,
94.49167872365331,91970,332,636,7065,
94.50210894875578,91969,333,636,7065,
94.50233113961963,91969,333,635,7066,
94.50340246362907,91969,333,634,7067,
94.51066935923478,91968,334,634,7067,
94.51810214423955,91967,335,634,7067,
94.52180874447771,91967,335,633,7068,
94.52732006537943,91966,336,633,7068,
94.52859927435095,91965,337,633,7068,
94.53023040532857,91965,336,634,7068,
94.554353381796,91965,336,633,7069,
94.55609999959515,91965,336,632,7070,
94.57173143793706,91965,336,631,7071,
94.57317843940848,91965,335,632,7071,
94.57365801481453,91965,334,633,7071,
94.58054587136955,91965,334,632,7072,
94.58388864600738,91965,333,633,7072,
94.5885887865187,91965,333,632,7073,
94.59632950516335,91965,332,633,7073,
94.61179031157563,91965,332,632,7074,
94.61580461166784,91965,331,633,7074,
94.62525441332194,91965,331,632,7075,
94.63370793169686,91965,331,631,7076,
94.64213913979539,91964,332,631,7076,
94.64468085857945,91964,331,632,7076,
94.64803463980905,91964,331,631,7077,
94.65500426868415,91964,331,630,7078,
94.65771490789069,91964,331,629,7079,
94.66000773684965,91963,332,629,7079,
94.66133902759714,91963,332,628,7080,
94.66189595586518,91963,332,627,7081,
94.6673919028058,91963,331,628,7081,
94.67077520936283,91962,332,628,7081,
94.6801176338587,91962,331,629,7081,
94.68751615602697,91961,332,629,7081,
94.70674213092586,91961,332,628,7082,
94.72476252998686,91961,332,627,7083,
94.73074259196443,91960,333,627,7083,
94.73267099751054,91959,334,627,7083,
94.73544061720969,91959,333,628,7083,
94.74663757533261,91959,332,629,7083,
94.76184155400745,91958,333,629,7083,
94.7653577238161,91958,333,628,7084,
94.76789164351837,91957,334,628,7084,
94.77289780735893,91956,335,628,7084,
94.78142648021154,91956,335,627,7085,
94.78429837606186,91956,334,628,7085,
94.78978645050779,91956,334,627,7086,
94.79669104379086,91956,334,626,7087,
94.8056217176885,91956,333,627,7087,
94.84031960629781,91956,332,628,7087,
94.84995983581094,91956,332,627,7088,
94.85534924717751,91956,332,626,7089,
94.86243639417766,91956,332,625,7090,
94.87072448725176,91955,333,625,7090,
94.87100113722076,91955,332,626,7090,
94.87993004860343,91954,333,626,7090,
94.88018073774005,91954,332,627,7090,
94.88423776460333,91954,331,628,7090,
94.88914241283042,91954,330,629,7090,
94.8898461880589,91953,331,629,7090,
94.89180533999863,91953,331,628,7091,
94.9025268427807,91952,332,628,7091,
94.9038675853129,91952,332,627,7092,
94.90543611138452,91952,331,628,7092,
94.90590093161893,91951,332,628,7092,
94.90822775887928,91950,333,628,7092,
94.91161610863887,91950,332,629,7092,
94.91371163023148,91950,331,630,7092,
94.91897010612377,91949,332,630,7092,
94.92057288601269,91948,333,630,7092,
94.92286943301656,91948,332,631,7092,
94.92405205513884,91948,332,630,7093,
94.9242220129591,91948,332,629,7094,
94.92433961641001,91948,331,630,7094,
94.92457138038588,91948,331,629,7095,
94.92651102254327,91948,331,628,7096,
94.92655286274277,91948,331,627,7097,
94.93022545992261,91948,330,628,7097,
94.93173390642531,91948,329,629,7097,
94.93417132862459,91948,328,630,7097,
94.9359658506657,91948,328,629,7098,
94.93876908091842,91948,328,628,7099,
94.9388707757554,91948,328,627,7100,
94.9413324421071,91948,328,626,7101,
94.94496945524473,91947,329,626,7101,
94.96495073907067,91947,328,627,7101,
94.96591571764938,91947,328,626,7102,
94.96954212377119,91946,329,626,7102,
94.9716989231025,91946,328,627,7102,
94.97278331504006,91946,327,628,7102,
94.98290797351069,91946,327,627,7103,
94.98440795979849,91946,326,628,7103,
94.99376494408516,91945,327,628,7103,
94.99932227481594,91945,326,629,7103,
95.00002523864023,91945,325,630,7103,
95.00797511066963,91945,325,629,7104,
95.01079446412804,91945,325,628,7105,
95.01278913869987,91945,325,627,7106,
95.02201376969876,91945,325,626,7107,
95.0226489387423,91945,325,625,7108,
95.02447040269743,91944,326,625,7108,
95.02487585199358,91943,327,625,7108,
95.03263067333148,91943,327,624,7109,
95.0371376857575,91942,328,624,7109,
95.04064608423573,91942,328,623,7110,
95.04273841072734,91942,328,622,7111,
95.04832694563694,91942,328,621,7112,
95.04837986763033,91942,327,622,7112,
95.05245344910085,91942,327,621,7113,
95.0569666512813,91941,328,621,7113,
95.06100471692278,91941,327,622,7113,
95.07631009444682,91940,328,622,7113,
95.0866323707267,91940,327,623,7113,
95.09150828948317,91940,326,624,7113,
95.09931205004915,91940,326,623,7114,
95.1009401853944,91940,325,624,7114,
95.1034115319892,91940,325,623,7115,
95.1074651882236,91940,324,624,7115,
95.10766376760478,91940,323,625,7115,
95.11486738699509,91940,323,624,7116,
95.12075563558854,91940,323,623,7117,
95.12533357582782,91940,322,624,7117,
95.12601355248576,91940,322,623,7118,
95.13005658031452,91940,322,622,7119,
95.13715677623948,91939,323,622,7119,
95.14331582232893,91939,323,621,7120,
95.14736913545951,91939,323,620,7121,
95.1521935804617,91939,323,619,7122,
95.15279729545378,91939,323,618,7123,
95.16388723904623,91938,324,618,7123,
95.16491500856264,91938,323,619,7123,
95.16519226509233,91937,324,619,7123,
95.16781039623936,91937,324,618,7124,
95.16999569392843,91937,323,619,7124,
95.18187994100724,91936,324,619,7124,
95.19124667894934,91936,323,620,7124,
95.19263051807928,91935,324,620,7124,
95.19372974051558,91934,325,620,7124,
95.19664561055971,91934,324,621,7124,
95.19738026193664,91934,324,620,7125,
95.1985219457438,91933,325,620,7125,
95.2047871981096,91933,324,621,7125,
95.2064169167515,91932,325,621,7125,
95.20673473421073,91931,326,621,7125,
95.21097450866817,91931,325,622,7125,
95.21452888713628,91930,326,622,7125,
95.21558002473762,91930,325,623,7125,
95.21622051604123,91930,325,622,7126,
95.22308750018635,91930,325,621,7127,
95.23024940629065,91930,325,620,7128,
95.24304112466247,91930,325,619,7129,
95.24323904831937,91930,324,620,7129,
95.24809558837077,91929,325,620,7129,
95.25004183753921,91929,325,619,7130,
95.25675352610058,91929,324,620,7130,
95.26328162673562,91929,323,621,7130,
95.27508018717054,91929,323,620,7131,
95.27854153474826,91929,322,621,7131,
95.28309192811184,91928,323,621,7131,
95.29336952893944,91928,323,620,7132,
95.29976469924797,91928,323,619,7133,
95.30740038586774,91928,322,620,7133,
95.31054889462632,91927,323,620,7133,
95.31056642905685,91927,323,619,7134,
95.31222565390604,91927,322,620,7134,
95.31236131394387,91927,322,619,7135,
95.31270831742123,91927,321,620,7135,
95.32314141087429,91927,321,619,7136,
95.32484394721823,91926,322,619,7136,
95.32913117688727,91926,321,620,7136,
95.33021026312508,91925,322,620,7136,
95.33309458516425,91925,322,619,7137,
95.3350466999177,91925,322,618,7138,
95.33509340051205,91925,322,617,7139,
95.35991696166066,91925,322,616,7140,
95.36187396757335,91925,321,617,7140,
95.36202196233305,91925,320,618,7140,
95.36260705334044,91925,320,617,7141,
95.36484573473153,91925,319,618,7141,
95.36974862407376,91925,318,619,7141,
95.37306049709149,91925,318,618,7142,
95.38363724683171,91925,318,617,7143,
95.38558730191832,91924,319,617,7143,
95.38749436357051,91924,319,616,7144,
95.3927537959232,91924,318,617,7144,
95.39500040521997,91924,318,616,7145,
95.39860515287867,91924,318,615,7146,
95.40382208519858,91924,317,616,7146,
95.4068830366962,91924,316,617,7146,
95.40780188376041,91924,316,616,7147,
95.41629035032301,91924,316,615,7148,
95.41663815292618,91924,315,616,7148,
95.41952448708392,91923,316,616,7148,
95.42540330138567,91923,316,615,7149,
95.42816866801729,91923,316,614,7150,
95.42961146745992,91922,317,614,7150,
95.43195138594658,91922,317,613,7151,
95.43776157185083,91922,317,612,7152,
95.44087712466943,91922,316,613,7152,
95.442084895036,91922,316,612,7153,
95.44382046094185,91922,315,613,7153,
95.4464897757424,91922,314,614,7153,
95.45107934257943,91922,313,615,7153,
95.4568688929771,91921,314,615,7153,
95.46230150249924,91921,313,616,7153,
95.46860192333808,91921,313,615,7154,
95.46928400259219,91920,314,615,7154,
95.47642386602749,91920,314,614,7155,
95.47908467551323,91920,314,613,7156,
95.48556370954145,91919,315,613,7156,
95.49630966109004,91919,314,614,7156,
95.50962015762423,91919,313,615,7156,
95.5167385645816,91919,313,614,7157,
95.52560091132985,91919,313,613,7158,
95.52751468318394,91918,314,613,7158,
95.52866532561251,91918,313,614,7158,
95.53035981086762,91918,313,613,7159,
95.53193243470896,91917,314,613,7159,
95.53486105932093,91917,314,612,7160,
95.53548809129272,91917,314,611,7161,
95.5457281701418,91917,313,612,7161,
95.56067235803961,91917,313,611,7162,
95.57463575570699,91917,313,610,7163,
95.57529998044602,91917,313,609,7164,
95.57561159782779,91917,312,610,7164,
95.57649828585437,91916,313,610,7164,
95.58266858089681,91915,314,610,7164,
95.58851938339784,91915,314,609,7165,
95.59004295232103,91915,314,608,7166,
95.59686721768286,91915,314,607,7167,
95.59746542235658,91915,314,606,7168,
95.6110579176848,91915,314,605,7169,
95.6143202321367,91915,314,604,7170,
95.61755937616536,91915,313,605,7170,
95.6180066017866,91914,314,605,7170,
95.6202519608839,91913,315,605,7170,
95.62392601405905,91913,315,604,7171,
95.62413953539622,91912,316,604,7171,
95.62658011192117,91911,317,604,7171,
95.62684893322142,91910,318,604,7171,
95.63583725362514,91909,319,604,7171,
95.63751693991958,91909,319,603,7172,
95.64427128450563,91909,318,604,7172,
95.64674768728304,91909,317,605,7172,
95.65292675657923,91909,316,606,7172,
95.66284798832896,91909,316,605,7173,
95.6671966555634,91908,317,605,7173,
95.6690748820636,91908,316,606,7173,
95.669854193302,91908,316,605,7174,
95.6731559346116,91907,317,605,7174,
95.67941614014856,91907,316,606,7174,
95.6850438810949,91907,316,605,7175,
95.68665210967754,91907,315,606,7175,
95.6896854501782,91907,314,607,7175,
95.69011599911727,91907,314,606,7176,
95.69785876167538,91907,314,605,7177,
95.70237694270972,91906,315,605,7177,
95.70306962920188,91906,315,604,7178,
95.70588743130205,91906,315,603,7179,
95.70970840239423,91905,316,603,7179,
95.71227710426705,91905,316,602,7180,
95.715012385238,91904,317,602,7180,
95.71652080077324,91904,316,603,7180,
95.71966363858974,91904,316,602,7181,
95.72041922085043,91904,315,603,7181,
95.73625377251074,91904,315,602,7182,
95.7369558433865,91903,316,602,7182,
95.74997308943601,91903,316,601,7183,
95.7570407845951,91903,316,600,7184,
95.76174670668246,91903,315,601,7184,
95.76431541440624,91903,314,602,7184,
95.76735648387196,91903,314,601,7185,
95.7720549096006,91903,313,602,7185,
95.77697140134813,91903,312,603,7185,
95.78785491116994,91903,312,602,7186,
95.79067058794513,91903,311,603,7186,
95.79109057169711,91903,310,604,7186,
95.80055906978006,91902,311,604,7186,
95.8032398515825,91901,312,604,7186,
95.81234275462558,91901,312,603,7187,
95.82037199232329,91901,311,604,7187,
95.82251341088835,91901,311,603,7188,
95.82872008798873,91901,311,602,7189,
95.83713944821045,91901,310,603,7189,
95.85094035961191,91901,309,604,7189,
95.85149295136642,91901,309,603,7190,
95.86504804260767,91901,309,602,7191,
95.86733332293377,91901,309,601,7192,
95.867929425739,91901,309,600,7193,
95.88052939123025,91900,310,600,7193,
95.88106046687993,91899,311,600,7193,
95.88363399913385,91899,310,601,7193,
95.88891195787758,91899,310,600,7194,
95.89590891886593,91899,310,599,7195,
95.9012204824603,91899,309,600,7195,
95.90290927527126,91899,308,601,7195,
95.90596667938476,91898,309,601,7195,
95.91234902330162,91898,309,600,7196,
95.92239713892158,91898,308,601,7196,
95.9334040729916,91898,307,602,7196,
95.93484167909028,91898,306,603,7196,
95.94049384244781,91898,306,602,7197,
95.94196984897265,91897,307,602,7197,
95.95175381599076,91896,308,602,7197,
95.95387579891818,91896,308,601,7198,
95.9556968513499,91895,309,601,7198,
95.95681478453162,91894,310,601,7198,
95.9583922464042,91893,311,601,7198,
95.96001201468323,91892,312,601,7198,
95.96978953011305,91892,311,602,7198,
95.97132327060501,91891,312,602,7198,
95.97814868292102,91891,312,601,7199,
95.99013987033177,91890,313,601,7199,
96.00373325096368,91890,312,602,7199,
96.00552071536677,91889,313,602,7199,
96.00995447775891,91889,312,603,7199,
96.02372087899803,91889,312,602,7200,
96.03528480337428,91888,313,602,7200,
96.0362325543023,91888,312,603,7200,
96.03754904253748,91888,312,602,7201,
96.03979733617395,91888,312,601,7202,
96.04279861796859,91888,312,600,7203,
96.04718813311788,91888,312,599,7204,
96.05649475267218,91888,312,598,7205,
96.06372575741216,91888,311,599,7205,
96.06610339998478,91888,310,600,7205,
96.07387579101055,91888,309,601,7205,
96.07628861374644,91888,308,602,7205,
96.07632616794132,91888,307,603,7205,
96.08429133079073,91887,308,603,7205,
96.1068191608522,91887,308,602,7206,
96.1083821075184,91886,309,602,7206,
96.1092173559672,91886,308,603,7206,
96.12269669937554,91885,309,603,7206,
96.1274441828179,91885,309,602,7207,
96.13115477996138,91884,310,602,7207,
96.13458394179507,91883,311,602,7207,
96.13510146487286,91883,310,603,7207,
96.14057540851897,91883,310,602,7208,
96.14291946758337,91883,309,603,7208,
96.15166131615189,91883,309,602,7209,
96.15285247206248,91883,308,603,7209,
96.15557179584606,91883,308,602,7210,
96.15586532963516,91883,308,601,7211,
96.15860814678157,91883,308,600,7212,
96.15974844623337,91882,309,600,7212,
96.16214088457792,91882,308,601,7212,
96.17090901845978,91881,309,601,7212,
96.17138936697462,91881,309,600,7213,
96.19489507927165,91881,309,599,7214,
96.20274681891323,91881,308,600,7214,
96.20713093658553,91881,307,601,7214,
96.2125749327086,91880,308,601,7214,
96.21478376355196,91880,307,602,7214,
96.2197288523432,91879,308,602,7214,
96.23293091673168,91879,308,601,7215,
96.23471263840224,91878,309,601,7215,
96.2351383937748,91878,308,602,7215,
96.24260352380159,91878,307,603,7215,
96.2431554197108,91878,307,602,7216,
96.24941806682256,91878,306,603,7216,
96.25796978750014,91878,305,604,7216,
96.2617239019477,91878,304,605,7216,
96.27478906251866,91877,305,605,7216,
96.27626789224189,91877,304,606,7216,
96.27714880602855,91876,305,606,7216,
96.28698327635027,91876,304,607,7216,
96.29329018345072,91876,304,606,7217,
96.29512367942351,91876,304,605,7218,
96.30518174533742,91876,303,606,7218,
96.3062310285028,91876,303,605,7219,
96.30947287377188,91876,303,604,7220,
96.31208855189449,91876,303,603,7221,
96.31423055587169,91876,302,604,7221,
96.31450834560479,91876,301,605,7221,
96.3246508757527,91875,302,605,7221,
96.32536154059109,91875,302,604,7222,
96.33208922601312,91875,302,603,7223,
96.34222138814653,91874,303,603,7223,
96.34272650921628,91873,304,603,7223,
96.34403542862395,91873,303,604,7223,
96.34721656546911,91873,302,605,7223,
96.34840573434931,91872,303,605,7223,
96.36391669730861,91872,302,606,7223,
96.36827002863119,91871,303,606,7223,
96.37205399352452,91871,303,605,7224,
96.38420604193978,91871,302,606,7224,
96.4029681713497,91870,303,606,7224,
96.40390504532013,91870,303,605,7225,
96.40488818199702,91870,303,604,7226,
96.40855888311201,91870,302,605,7226,
96.4110623132612,91870,301,606,7226,
96.41622623337017,91870,300,607,7226,
96.4256373895997,91869,301,607,7226,
96.42599101692983,91868,302,607,7226,
96.43565242331904,91868,302,606,7227,
96.44407932662413,91867,303,606,7227,
96.44440715451799,91867,302,607,7227,
96.4586057968227,91866,303,607,7227,
96.46173370797794,91866,303,606,7228,
96.46587125008634,91865,304,606,7228,
96.46941193108555,91865,303,607,7228,
96.47393247784424,91865,302,608,7228,
96.47462800305964,91865,302,607,7229,
96.49485702439904,91864,303,607,7229,
96.49646355301374,91864,303,606,7230,
96.50314130157693,91864,303,605,7231,
96.51606992154028,91863,304,605,7231,
96.526231143715,91862,305,605,7231,
96.53037048455826,91862,304,606,7231,
96.53129317957485,91862,303,607,7231,
96.53469128204684,91862,303,606,7232,
96.53752394023945,91862,302,607,7232,
96.54598609504046,91862,301,608,7232,
96.55764643244352,91861,302,608,7232,
96.5593724438177,91860,303,608,7232,
96.56705408743477,91860,303,607,7233,
96.5761151760195,91859,304,607,7233,
96.57868226149539,91858,305,607,7233,
96.58315353889137,91858,304,608,7233,
96.58972515696048,91857,305,608,7233,
96.59709371711955,91856,306,608,7233,
96.60185244714611,91856,305,609,7233,
96.60658793734328,91856,305,608,7234,
96.61238182984118,91856,305,607,7235,
96.61543320695267,91856,304,608,7235,
96.61750721213042,91856,304,607,7236,
96.62215119048679,91856,303,608,7236,
96.6422443014815,91856,303,607,7237,
96.64468488265513,91855,304,607,7237,
96.64969682113622,91854,305,607,7237,
96.6554247135006,91854,305,606,7238,
96.6604865525114,91854,304,607,7238,
96.66170238183031,91854,304,606,7239,
96.66226653012757,91854,304,605,7240,
96.66905057221399,91853,305,605,7240,
96.67486712230955,91853,305,604,7241,
96.67934071213128,91853,305,603,7242,
96.67964751528275,91853,304,604,7242,
96.68776138325583,91853,303,605,7242,
96.68946227731522,91853,302,606,7242,
96.69615078667273,91852,303,606,7242,
96.6965735917897,91851,304,606,7242,
96.7121254726263,91851,303,607,7242,
96.7201426946073,91851,302,608,7242,
96.73028146504299,91851,301,609,7242,
96.74926666533736,91851,301,608,7243,
96.76239058586833,91851,300,609,7243,
96.76902593856946,91851,299,610,7243,
96.77778907742854,91851,298,611,7243,
96.78036779375137,91850,299,611,7243,
96.78552756989683,91850,299,610,7244,
96.78783640153384,91850,299,609,7245,
96.81276117292296,91849,300,609,7245,
96.83403444506385,91849,300,608,7246,
96.84195706650868,91848,301,608,7246,
96.84274768314302,91848,301,607,7247,
96.8434749788241,91848,300,608,7247,
96.84460967443502,91847,301,608,7247,
96.847127695377,91846,302,608,7247,
96.84898757652299,91846,301,609,7247,
96.85726618870538,91846,300,610,7247,
96.8631161444596,91845,301,610,7247,
96.86717404583138,91845,301,609,7248,
96.86998731788609,91844,302,609,7248,
96.87145610644748,91844,301,610,7248,
96.88124142489467,91843,302,610,7248,
96.88483294583932,91843,301,611,7248,
96.89015516491563,91843,300,612,7248,
96.89171940826822,91842,301,612,7248,
96.907656698674,91842,301,611,7249,
96.91561606596743,91842,301,610,7250,
96.91666704272828,91842,300,611,7250,
96.92562404922938,91842,300,610,7251,
96.93442622038535,91841,301,610,7251,
96.94129019357577,91840,302,610,7251,
96.94810993487238,91840,302,609,7252,
96.94845758004655,91840,302,608,7253,
96.95600833760427,91840,302,607,7254,
96.96046327793772,91840,302,606,7255,
96.96809148183985,91840,301,607,7255,
96.97445439492665,91840,301,606,7256,
96.98232135461384,91840,300,607,7256,
96.98738491874789,91840,299,608,7256,
96.99194431186078,91840,298,609,7256,
97.00302930690091,91839,299,609,7256,
97.00775909582993,91839,299,608,7257,
97.01117560014274,91839,298,609,7257,
97.0113186604257,91839,297,610,7257,
97.02331366031031,91839,297,609,7258,
97.02614852950542,91839,297,608,7259,
97.03455573776542,91838,298,608,7259,
97.05153640794256,91837,299,608,7259,
97.05770022900003,91837,299,607,7260,
97.06047533955777,91836,300,607,7260,
97.07600549002564,91836,300,606,7261,
97.07988045779122,91836,300,605,7262,
97.08636844878953,91836,300,604,7263,
97.09168843298036,91836,299,605,7263,
97.09395939916544,91835,300,605,7263,
97.0954153426006,91835,300,604,7264,
97.09986197734439,91834,301,604,7264,
97.10870246680346,91834,300,605,7264,
97.10986046812037,91833,301,605,7264,
97.12863413981822,91832,302,605,7264,
97.12935183148136,91832,302,604,7265,
97.1360309280361,91831,303,604,7265,
97.1370316351923,91831,303,603,7266,
97.13908889549816,91831,302,604,7266,
97.14349356740911,91830,303,604,7266,
97.14645755572249,91829,304,604,7266,
97.14675123776406,91828,305,604,7266,
97.14764769857715,91828,305,603,7267,
97.15426107588539,91827,306,603,7267,
97.17195584343246,91827,305,604,7267,
97.1796699419303,91826,306,604,7267,
97.18068314810904,91826,305,605,7267,
97.1853636772945,91826,304,606,7267,
97.19754814072681,91826,304,605,7268,
97.19919152119179,91826,304,604,7269,
97.1996647171199,91826,303,605,7269,
97.20882698775173,91826,302,606,7269,
97.21345687534708,91826,302,605,7270,
97.23032082368661,91826,301,606,7270,
97.23530015748898,91825,302,606,7270,
97.2391798807799,91825,302,605,7271,
97.23941001771314,91825,302,604,7272,
97.24187939528217,91825,301,605,7272,
97.24381772647324,91824,302,605,7272,
97.25638593570152,91823,303,605,7272,
97.26905404386484,91823,302,606,7272,
97.28105158801625,91823,301,607,7272,
97.29597149609867,91823,301,606,7273,
97.2997900376244,91822,302,606,7273,
97.30063332940456,91822,302,605,7274,
97.30317375483466,91822,301,606,7274,
97.30803854659172,91822,301,605,7275,
97.31076475220007,91822,300,606,7275,
97.31297576437316,91821,301,606,7275,
97.31570035565537,91821,301,605,7276,
97.31678124392678,91821,300,606,7276,
97.32640980882766,91820,301,606,7276,
97.32663108147459,91820,301,605,7277,
97.33429239575138,91820,301,604,7278,
97.33529008878163,91820,300,605,7278,
97.336947278915,91820,300,604,7279,
97.35065626845088,91820,299,605,7279,
97.35236979676617,91819,300,605,7279,
97.35929941848235,91818,301,605,7279,
97.36643895468684,91818,301,604,7280,
97.37052632529668,91818,301,603,7281,
97.37287852587556,91817,302,603,7281,
97.37458410367942,91817,302,602,7282,
97.37560544897025,91817,301,603,7282,
97.3786148103573,91817,301,602,7283,
97.37883193614167,91817,300,603,7283,
97.38010525083538,91816,301,603,7283,
97.38163968845632,91816,300,604,7283,
97.38259258924262,91816,299,605,7283,
97.38816227998396,91815,300,605,7283,
97.39385390460976,91815,299,606,7283,
97.39462015539068,91815,299,605,7284,
97.41838034922613,91815,299,604,7285,
97.42397777967179,91814,300,604,7285,
97.43093530421089,91814,299,605,7285,
97.43720822368962,91813,300,605,7285,
97.43799678972469,91812,301,605,7285,
97.44061102329871,91812,300,606,7285,
97.44269602575005,91812,300,605,7286,
97.44942706151134,91812,300,604,7287,
97.4551352608378,91811,301,604,7287,
97.46033172964316,91811,300,605,7287,
97.46488534210536,91811,299,606,7287,
97.47029429615593,91811,298,607,7287,
97.47764760371658,91811,298,606,7288,
97.48122714273347,91811,298,605,7289,
97.4848747112003,91811,298,604,7290,
97.50481227760693,91811,298,603,7291,
97.5054318760865,91811,298,602,7292,
97.51332376640605,91810,299,602,7292,
97.51427291268054,91809,300,602,7292,
97.51429783812524,91809,300,601,7293,
97.51891916881726,91809,299,602,7293,
97.51972122441126,91808,300,602,7293,
97.52186779918571,91808,300,601,7294,
97.52551924388635,91807,301,601,7294,
97.5316547824466,91806,302,601,7294,
97.53543247139442,91806,301,602,7294,
97.53972190027757,91805,302,602,7294,
97.54857192401533,91805,301,603,7294,
97.55183747128814,91804,302,603,7294,
97.55459612803475,91803,303,603,7294,
97.55547176074592,91803,302,604,7294,
97.55697782195176,91803,301,605,7294,
97.58486375715921,91803,301,604,7295,
97.58757307339741,91803,300,605,7295,
97.59821723527394,91803,300,604,7296,
97.59849263644139,91803,300,603,7297,
97.59978708153544,91803,299,604,7297,
97.60015897636373,91802,300,604,7297,
97.60344699803375,91802,299,605,7297,
97.61029990245302,91802,299,604,7298,
97.61043850456355,91802,299,603,7299,
97.61664585700942,91801,300,603,7299,
97.62270581027661,91801,300,602,7300,
97.62416460779428,91801,300,601,7301,
97.62476477311624,91800,301,601,7301,
97.63459175992347,91800,300,602,7301,
97.63628639655283,91799,301,602,7301,
97.63649359717728,91799,300,603,7301,
97.65924465015996,91799,299,604,7301,
97.66747720919122,91798,300,604,7301,
97.67727550202822,91798,299,605,7301,
97.67869171673055,91798,299,604,7302,
97.67869469774018,91798,298,605,7302,
97.6796297363984,91798,297,606,7302,
97.68038071664901,91798,296,607,7302,
97.68524179471575,91798,296,606,7303,
97.6881765181898,91797,297,606,7303,
97.69173175775884,91797,297,605,7304,
97.69775013286288,91797,296,606,7304,
97.69935322797849,91797,296,605,7305,
97.70604232936549,91797,296,604,7306,
97.70688333598355,91797,295,605,7306,
97.70691140344728,91797,295,604,7307,
97.70802572772203,91797,295,603,7308,
97.7089354262634,91797,295,602,7309,
97.71159426853738,91797,294,603,7309,
97.71233735374088,91797,293,604,7309,
97.71911601143786,91797,293,603,7310,
97.71961645267689,91797,293,602,7311,
97.72149059572989,91797,293,601,7312,
97.72419467636672,91797,292,602,7312,
97.74268319810074,91796,293,602,7312,
97.74431790506736,91795,294,602,7312,
97.75144300455625,91794,295,602,7312,
97.75312453790029,91794,294,603,7312,
97.75322102663395,91794,294,602,7313,
97.76411710971806,91793,295,602,7313,
97.76455422074878,91793,295,601,7314,
97.77100258771398,91793,295,600,7315,
97.7839965131659,91792,296,600,7315,
97.78530686857019,91791,297,600,7315,
97.80622142781655,91791,297,599,7316,
97.8142534138901,91791,297,598,7317,
97.8244979024376,91791,296,599,7317,
97.82825192375776,91791,295,600,7317,
97.8294251536939,91790,296,600,7317,
97.83105954940845,91789,297,600,7317,
97.8316578799976,91789,296,601,7317,
97.83210083255265,91789,296,600,7318,
97.83405771614514,91788,297,600,7318,
97.84764058354662,91787,298,600,7318,
97.8491288239899,91786,299,600,7318,
97.85206677983257,91786,299,599,7319,
97.86110036576487,91786,299,598,7320,
97.86857257708556,91786,298,599,7320,
97.87206449088515,91786,297,600,7320,
97.87815905768728,91785,298,600,7320,
97.88699060101537,91785,297,601,7320,
97.88824709003443,91785,296,602,7320,
97.88991095098373,91784,297,602,7320,
97.89187920658293,91784,297,601,7321,
97.89287493638648,91783,298,601,7321,
97.91515953052414,91783,298,600,7322,
97.92175622994594,91783,298,599,7323,
97.92295324472096,91782,299,599,7323,
97.93128620456085,91782,299,598,7324,
97.93324424550067,91781,300,598,7324,
97.94123913204814,91781,299,599,7324,
97.94507896461062,91780,300,599,7324,
97.9484099465565,91780,300,598,7325,
97.95912765195467,91780,299,599,7325,
97.9621409303083,91780,299,598,7326,
97.98254733797444,91780,298,599,7326,
97.98392354152526,91779,299,599,7326,
97.99698183325407,91779,299,598,7327,
98.00320418119924,91779,299,597,7328,
98.01151032430505,91778,300,597,7328,
98.02162548988349,91777,301,597,7328,
98.02450952075768,91776,302,597,7328,
98.03229670399062,91776,302,596,7329,
98.0516240850528,91776,302,595,7330,
98.05685197362757,91775,303,595,7330,
98.0662980621772,91775,302,596,7330,
98.07763743930998,91775,301,597,7330,
98.08334026007446,91775,300,598,7330,
98.08377465411444,91774,301,598,7330,
98.08866836834923,91773,302,598,7330,
98.09251618556718,91772,303,598,7330,
98.09522691328166,91772,303,597,7331,
98.09583376780266,91771,304,597,7331,
98.09867957192075,91771,303,598,7331,
98.10373566487758,91771,303,597,7332,
98.10510256398051,91771,302,598,7332,
98.11626548106761,91771,302,597,7333,
98.11854132849398,91771,302,596,7334,
98.1212095662336,91771,302,595,7335,
98.12405032844516,91771,301,596,7335,
98.12965198045495,91771,300,597,7335,
98.13250341422108,91771,300,596,7336,
98.13536818293784,91770,301,596,7336,
98.13582070879899,91770,301,595,7337,
98.13778784381527,91770,301,594,7338,
98.14283861904119,91769,302,594,7338,
98.15679322258396,91768,303,594,7338,
98.156971508053,91768,303,593,7339,
98.15989188174905,91768,302,594,7339,
98.18393362924613,91768,302,593,7340,
98.1839763157703,91767,303,593,7340,
98.19420927909553,91766,304,593,7340,
98.19486737871651,91766,304,592,7341,
98.203878186656,91766,304,591,7342,
98.22530715659148,91766,304,590,7343,
98.2326216581237,91766,303,591,7343,
98.23415561628377,91766,303,590,7344,
98.2352226281826,91766,302,591,7344,
98.24158367653456,91765,303,591,7344,
98.24353302244876,91765,302,592,7344,
98.24575332692203,91765,302,591,7345,
98.24809380900675,91765,302,590,7346,
98.24832171661386,91765,301,591,7346,
98.25724793148018,91764,302,591,7346,
98.26616117271143,91764,301,592,7346,
98.26990828461905,91763,302,592,7346,
98.27713886088456,91762,303,592,7346,
98.28018372777085,91762,302,593,7346,
98.2880448295271,91762,301,594,7346,
98.28985019011938,91762,300,595,7346,
98.2933481980631,91762,299,596,7346,
98.29851577920331,91761,300,596,7346,
98.29931436249191,91761,300,595,7347,
98.30832352659263,91760,301,595,7347,
98.31243544582635,91760,300,596,7347,
98.3270702750968,91760,300,595,7348,
98.33107788998937,91759,301,595,7348,
98.33747679611295,91759,301,594,7349,
98.34417699494725,91758,302,594,7349,
98.34519837529982,91757,303,594,7349,
98.3458922869956,91757,303,593,7350,
98.34851807853556,91757,303,592,7351,
98.34884934393509,91757,303,591,7352,
98.35561673248759,91757,303,590,7353,
98.35564064221406,91757,303,589,7354,
98.35577331172337,91757,302,590,7354,
98.36022874834767,91756,303,590,7354,
98.36517648258535,91756,303,589,7355,
98.3677826161242,91756,302,590,7355,
98.37226203281534,91756,302,589,7356,
98.38286192512582,91756,302,588,7357,
98.39000328795046,91755,303,588,7357,
98.40043965520539,91755,303,587,7358,
98.40610268274907,91754,304,587,7358,
98.40759080906632,91754,304,586,7359,
98.40788370029594,91754,304,585,7360,
98.4153691801759,91754,304,584,7361,
98.41556921243975,91754,304,583,7362,
98.4207286231881,91754,303,584,7362,
98.43119833656624,91754,303,583,7363,
98.4331861379049,91753,304,583,7363,
98.45249037307752,91753,304,582,7364,
98.45542657873776,91753,304,581,7365,
98.45895278056801,91752,305,581,7365,
98.46930009094447,91752,305,580,7366,
98.47365146612069,91751,306,580,7366,
98.47461877524651,91750,307,580,7366,
98.47514344384824,91750,307,579,7367,
98.5030690412487,91750,307,578,7368,
98.51247342834066,91749,308,578,7368,
98.52307408477685,91748,309,578,7368,
98.52532287790228,91748,308,579,7368,
98.53559918764859,91748,308,578,7369,
98.53788583946383,91748,308,577,7370,
98.5397685845513,91747,309,577,7370,
98.54046351268326,91747,308,578,7370,
98.5444861543118,91747,308,577,7371,
98.55808283731656,91747,308,576,7372,
98.55921457943217,91747,308,575,7373,
98.56164613351665,91747,307,576,7373,
98.56418472091886,91747,307,575,7374,
98.57318572276425,91747,307,574,7375,
98.57769104822736,91746,308,574,7375,
98.58044074138866,91746,308,573,7376,
98.58793797041821,91745,309,573,7376,
98.61314601309485,91744,310,573,7376,
98.61446380511006,91743,311,573,7376,
98.61633485020904,91743,310,574,7376,
98.62556800190491,91743,310,573,7377,
98.62790160159557,91742,311,573,7377,
98.62898731739932,91741,312,573,7377,
98.63177021408328,91740,313,573,7377,
98.63241811415634,91740,312,574,7377,
98.63461746088437,91739,313,574,7377,
98.63813438031173,91739,312,575,7377,
98.63834146744433,91739,312,574,7378,
98.64189327075779,91739,312,573,7379,
98.64718118227702,91738,313,573,7379,
98.64766212670952,91738,312,574,7379,
98.65449259013232,91738,312,573,7380,
98.66948915468191,91738,311,574,7380,
98.67954876674983,91738,311,573,7381,
98.68742333206589,91737,312,573,7381,
98.69713057735146,91736,313,573,7381,
98.7053744575236,91735,314,573,7381,
98.71032724629941,91734,315,573,7381,
98.71599787776412,91733,316,573,7381,
98.71636121324059,91732,317,573,7381,
98.72562960342714,91732,316,574,7381,
98.73440440654662,91732,315,575,7381,
98.74101593223585,91731,316,575,7381,
98.74662183029847,91731,315,576,7381,
98.74774150835694,91731,315,575,7382,
98.74965110524127,91731,314,576,7382,
98.75033152873266,91731,314,575,7383,
98.76329214645506,91731,313,576,7383,
98.76992184869336,91730,314,576,7383,
98.77295936112654,91730,314,575,7384,
98.78264325693831,91730,313,576,7384,
98.78465917364137,91729,314,576,7384,
98.78551158958294,91729,313,577,7384,
98.78880765980242,91729,313,576,7385,
98.7892891534991,91729,312,577,7385,
98.80015484561686,91728,313,577,7385,
98.80444340718869,91728,313,576,7386,
98.81456740061341,91728,312,577,7386,
98.82116785741597,91728,312,576,7387,
98.83587570366088,91728,312,575,7388,
98.83642552536469,91728,312,574,7389,
98.84495413038682,91728,311,575,7389,
98.84495550615203,91728,311,574,7390,
98.8450592383244,91728,310,575,7390,
98.84628519460873,91727,311,575,7390,
98.84689046597597,91726,312,575,7390,
98.85378460124855,91726,312,574,7391,
98.8639838579733,91726,312,573,7392,
98.86420620975392,91726,312,572,7393,
98.86905493365362,91725,313,572,7393,
98.87890725615398,91724,314,572,7393,
98.882143390442,91724,314,571,7394,
98.8839134006896,91723,315,571,7394,
98.88879594580156,91723,314,572,7394,
98.88946193448851,91723,314,571,7395,
98.88946875701379,91722,315,571,7395,
98.90537589727337,91722,314,572,7395,
98.9197531472552,91721,315,572,7395,
98.92256723420243,91720,316,572,7395,
98.92977484097614,91719,317,572,7395,
98.93518292293456,91719,316,573,7395,
98.9461310917469,91719,315,574,7395,
98.94734463581663,91719,315,573,7396,
98.94978728782776,91719,314,574,7396,
98.96226069486528,91719,314,573,7397,
98.96247340769575,91719,314,572,7398,
98.9797838031989,91719,314,571,7399,
98.98742902202926,91719,313,572,7399,
98.99131486384928,91719,313,571,7400,
98.99494578230411,91719,313,570,7401,
99.0129789189595,91719,312,571,7401,
99.01697396083699,91719,312,570,7402,
99.0244890694857,91719,311,571,7402,
99.02480691286755,91719,310,572,7402,
99.03740554044228,91718,311,572,7402,
99.0376343726085,91717,312,572,7402,
99.05273008719247,91717,312,571,7403,
99.05999149550703,91717,312,570,7404,
99.06443629184375,91717,311,571,7404,
99.08042319881199,91716,312,571,7404,
99.08660879069038,91716,312,570,7405,
99.08913034567638,91716,311,571,7405,
99.09759580088611,91715,312,571,7405,
99.0986563517844,91714,313,571,7405,
99.09984909006414,91714,313,570,7406,
99.10728563417736,91714,313,569,7407,
99.11114802500508,91714,313,568,7408,
99.11353155100767,91713,314,568,7408,
99.12608852827191,91713,314,567,7409,
99.12737460977513,91713,313,568,7409,
99.1303436175093,91713,313,567,7410,
99.13126391747903,91713,312,568,7410,
99.13293305327164,91713,312,567,7411,
99.13406555826636,91712,313,567,7411,
99.13455572865459,91712,312,568,7411,
99.13932336094256,91712,311,569,7411,
99.14231401130746,91712,310,570,7411,
99.17071624568689,91712,309,571,7411,
99.17263323339188,91712,308,572,7411,
99.18575254800163,91712,307,573,7411,
99.18839502471042,91712,307,572,7412,
99.19157828015,91712,307,571,7413,
99.19198215904453,91712,306,572,7413,
99.19329675959008,91712,306,571,7414,
99.20305528229915,91712,306,570,7415,
99.20884907234867,91712,306,569,7416,
99.21774207490475,91712,306,568,7417,
99.23138720751501,91712,306,567,7418,
99.23217280595182,91712,305,568,7418,
99.23354198683101,91712,305,567,7419,
99.24884939687558,91711,306,567,7419,
99.25877838287515,91711,306,566,7420,
99.26253370227033,91711,306,565,7421,
99.2685991050293,91710,307,565,7421,
99.27053894730962,91709,308,565,7421,
99.27318111941088,91709,307,566,7421,
99.28005433174755,91709,306,567,7421,
99.28631200472209,91709,306,566,7422,
99.2919991051624,91709,306,565,7423,
99.30688478828752,91709,305,566,7423,
99.3070825940726,91709,305,565,7424,
99.31040942852192,91709,305,564,7425,
99.32013826779354,91709,305,563,7426,
99.33913436500815,91709,305,562,7427,
99.34167741544076,91708,306,562,7427,
99.35340044981498,91708,305,563,7427,
99.3558563695052,91708,305,562,7428,
99.35990394617963,91708,304,563,7428,
99.36000954443654,91708,303,564,7428,
99.36433170894873,91707,304,564,7428,
99.37095767235375,91707,303,565,7428,
99.37560339339886,91706,304,565,7428,
99.37956406293215,91706,303,566,7428,
99.37971414886964,91706,303,565,7429,
99.38111484950824,91706,303,564,7430,
99.38327084793417,91706,303,563,7431,
99.39203006479366,91706,302,564,7431,
99.39698718177169,91705,303,564,7431,
99.39866083598233,91704,304,564,7431,
99.40858291607061,91704,304,563,7432,
99.40872604942493,91704,303,564,7432,
99.41632572858262,91704,303,563,7433,
99.41642988988102,91704,303,562,7434,
99.42277542599948,91704,303,561,7435,
99.4261929435811,91703,304,561,7435,
99.43635768839556,91703,303,562,7435,
99.44011557636293,91703,302,563,7435,
99.44458273949783,91703,301,564,7435,
99.45315007123666,91702,302,564,7435,
99.46686671275842,91702,302,563,7436,
99.46735015058923,91701,303,563,7436,
99.47293419814966,91701,303,562,7437,
99.48052306167185,91701,303,561,7438,
99.49668507695739,91700,304,561,7438,
99.5104535498462,91700,303,562,7438,
99.5196222598262,91699,304,562,7438,
99.52690595204527,91699,304,561,7439,
99.53029682986514,91699,303,562,7439,
99.54253352063313,91698,304,562,7439,
99.5498435150392,91697,305,562,7439,
99.55680161247682,91696,306,562,7439,
99.55781938947939,91696,305,563,7439,
99.55796382868644,91696,305,562,7440,
99.56143574357121,91695,306,562,7440,
99.56229085212635,91694,307,562,7440,
99.56341551771035,91693,308,562,7440,
99.56881666604443,91692,309,562,7440,
99.58006384957847,91692,308,563,7440,
99.58485490497253,91692,307,564,7440,
99.58903317958891,91692,307,563,7441,
99.5895283840334,91692,307,562,7442,
99.59120569314157,91691,308,562,7442,
99.59714515704917,91691,307,563,7442,
99.60056395665437,91691,307,562,7443,
99.6034050749771,91690,308,562,7443,
99.60657123971313,91689,309,562,7443,
99.61241689567566,91689,308,563,7443,
99.61469191037077,91688,309,563,7443,
99.61783735200424,91688,309,562,7444,
99.62784941419716,91688,309,561,7445,
99.63722539614733,91688,309,560,7446,
99.63802726149284,91687,310,560,7446,
99.64851264468467,91687,309,561,7446,
99.6490198332296,91687,309,560,7447,
99.6517439986882,91686,310,560,7447,
99.65441961050296,91686,309,561,7447,
99.66006737358126,91686,308,562,7447,
99.6611572094061,91686,308,561,7448,
99.6631573416818,91686,308,560,7449,
99.66569245647824,91685,309,560,7449,
99.66716578416032,91684,310,560,7449,
99.66778198431888,91684,309,561,7449,
99.66876100730036,91684,308,562,7449,
99.66910648431059,91683,309,562,7449,
99.68261324499704,91683,309,561,7450,
99.69142662692815,91682,310,561,7450,
99.69775056496441,91681,311,561,7450,
99.69941980512391,91681,310,562,7450,
99.7028325162236,91681,309,563,7450,
99.70920821270468,91681,309,562,7451,
99.71374197531458,91681,309,561,7452,
99.7144427572556,91680,310,561,7452,
99.71858100907859,91680,310,560,7453,
99.7195989904269,91680,309,561,7453,
99.72059083093336,91680,309,560,7454,
99.73702551002727,91680,309,559,7455,
99.75446746677883,91679,310,559,7455,
99.75470412687403,91679,309,560,7455,
99.75762763579787,91679,309,559,7456,
99.75826906221022,91679,308,560,7456,
99.76012544229204,91679,308,559,7457,
99.77075904895563,91679,308,558,7458,
99.77222494530373,91679,307,559,7458,
99.77593317803624,91679,306,560,7458,
99.77737174917473,91679,305,561,7458,
99.78083016152544,91679,305,560,7459,
99.78502390068047,91678,306,560,7459,
99.80902833774451,91678,306,559,7460,
99.81892830782382,91678,305,560,7460,
99.82134786793287,91677,306,560,7460,
99.82818666668031,91676,307,560,7460,
99.83868397857569,91676,306,561,7460,
99.86284138763341,91676,306,560,7461,
99.8651056632226,91676,306,559,7462,
99.86636928364362,91676,306,558,7463,
99.86928817753031,91676,306,557,7464,
99.86993145706762,91676,305,558,7464,
99.87036454893551,91676,305,557,7465,
99.87298220622536,91676,304,558,7465,
99.87652400779928,91676,303,559,7465,
99.87874505692155,91675,304,559,7465,
99.88037305684827,91674,305,559,7465,
99.88842335364706,91674,304,560,7465,
99.90097446476807,91674,303,561,7465,
99.90546099061004,91674,303,560,7466,
99.90602248814571,91673,304,560,7466,
99.90752759535629,91673,304,559,7467,
99.90933077423261,91673,304,558,7468,
99.92287764012133,91673,304,557,7469,
99.92572313643564,91673,303,558,7469,
99.92950497778045,91673,302,559,7469,
99.93702612455897,91673,301,560,7469,
99.94734158066538,91673,301,559,7470,
99.95362382324444,91673,300,560,7470,
99.96287060023676,91673,299,561,7470,
99.96455118840689,91673,299,560,7471,
99.97049366333403,91673,298,561,7471,
99.97174631136701,91673,298,560,7472,
99.97188829186118,91673,297,561,7472,
99.9767575221592,91672,298,561,7472,
99.98031319967768,91672,298,560,7473,
99.98195921810844,91672,297,561,7473,
99.99203468270463,91672,297,560,7474,
99.99397550541858,91672,297,559,7475,
99.99454510928881,91672,296,560,7475,
100.00019251740463,91672,295,561,7475,
100.0015418854122,91672,294,562,7475,
100.00191852563925,91672,294,561,7476,
100.00710323589968,91671,295,561,7476,
100.01031300198704,91671,294,562,7476,
100.01075766017078,91671,293,563,7476,
100.01391500473457,91670,294,563,7476,
100.02585501343637,91669,295,563,7476,
100.03761394765348,91669,294,564,7476,
100.04425712948031,91669,294,563,7477,
100.04633716036122,91669,293,564,7477,
100.04973600965243,91669,292,565,7477,
100.05620852004796,91669,292,564,7478,
100.05904251404274,91668,293,564,7478,
100.062008237241,91668,292,565,7478,
100.07737423627026,91668,291,566,7478,
100.07802167545805,91668,291,565,7479,
100.08036137339812,91668,290,566,7479,
100.09117238555456,91668,289,567,7479,
100.09592627693962,91667,290,567,7479,
100.09937571001784,91666,291,567,7479,
100.10355857159507,91665,292,567,7479,
100.105124833068,91665,291,568,7479,
100.10575964689086,91665,291,567,7480,
100.11647609390633,91665,291,566,7481,
100.12422198167931,91665,291,565,7482,
100.13941733831169,91664,292,565,7482,
100.1407888103696,91664,292,564,7483,
100.14770604620566,91664,292,563,7484,
100.15356625511669,91663,293,563,7484,
100.15459549708312,91663,293,562,7485,
100.15629171106194,91663,292,563,7485,
100.15826680588123,91663,291,564,7485,
100.16087609806151,91662,292,564,7485,
100.16310301672976,91662,291,565,7485,
100.16465896642555,91662,291,564,7486,
100.17052888036153,91662,290,565,7486,
100.17636061346607,91662,289,566,7486,
100.19142750625707,91662,288,567,7486,
100.1917603528974,91662,288,566,7487,
100.19216979687091,91661,289,566,7487,
100.19750020087665,91660,290,566,7487,
100.20996323199235,91659,291,566,7487,
100.21154050715685,91659,291,565,7488,
100.21258486163399,91659,290,566,7488,
100.21563894886876,91658,291,566,7488,
100.22050791668715,91658,291,565,7489,
100.22121742407657,91657,292,565,7489,
100.22123862643508,91656,293,565,7489,
100.22294830247895,91655,294,565,7489,
100.22470392712576,91654,295,565,7489,
100.23176084000178,91654,294,566,7489,
100.23494590065556,91654,294,565,7490,
100.23945125692809,91654,293,566,7490,
100.24514197094476,91654,292,567,7490,
100.24597274567245,91654,292,566,7491,
100.24717661312897,91654,292,565,7492,
100.2509891703999,91653,293,565,7492,
100.25873678940587,91653,293,564,7493,
100.26437171156229,91653,292,565,7493,
100.27113058031742,91653,292,564,7494,
100.27606611887303,91653,292,563,7495,
100.27654067417967,91652,293,563,7495,
100.28290244819755,91651,294,563,7495,
100.28571055845961,91651,294,562,7496,
100.29584529277847,91651,294,561,7497,
100.29599841470255,91650,295,561,7497,
100.30407298749085,91649,296,561,7497,
100.30628069435299,91648,297,561,7497,
100.3204105890304,91648,297,560,7498,
100.32205295129273,91648,297,559,7499,
100.33889023160091,91647,298,559,7499,
100.34017052235544,91647,297,560,7499,
100.34142390796552,91647,297,559,7500,
100.34377147261195,91647,296,560,7500,
100.34680649706266,91646,297,560,7500,
100.34727318934026,91646,297,559,7501,
100.36076613894355,91646,297,558,7502,
100.36141200484158,91646,296,559,7502,
100.36544109163287,91646,295,560,7502,
100.39450608027528,91646,294,561,7502,
100.4027213366196,91646,293,562,7502,
100.40439147975168,91646,293,561,7503,
100.4171724380679,91645,294,561,7503,
100.42130481791159,91645,294,560,7504,
100.42993937686514,91644,295,560,7504,
100.45087464615794,91643,296,560,7504,
100.45166778438417,91642,297,560,7504,
100.46422224352487,91642,297,559,7505,
100.46642103548399,91641,298,559,7505,
100.4679979378728,91641,297,560,7505,
100.46909695571449,91641,297,559,7506,
100.47690313218291,91641,297,558,7507,
100.47730743816933,91641,297,557,7508,
100.47773744444258,91641,297,556,7509,
100.48150435879103,91641,296,557,7509,
100.48306764056416,91641,295,558,7509,
100.49808596925618,91640,296,558,7509,
100.50691471812615,91640,295,559,7509,
100.52200887287401,91640,295,558,7510,
100.52928618511979,91640,294,559,7510,
100.53816276032266,91640,293,560,7510,
100.54313053106026,91639,294,560,7510,
100.54339909787387,91639,293,561,7510,
100.54469267020853,91639,292,562,7510,
100.5478452037568,91638,293,562,7510,
100.55008146855877,91637,294,562,7510,
100.55284373352559,91636,295,562,7510,
100.55297568561929,91636,295,561,7511,
100.55527922982174,91636,295,560,7512,
100.55804706872337,91636,295,559,7513,
100.56895042430483,91635,296,559,7513,
100.5792178922431,91635,296,558,7514,
100.57927589956702,91635,296,557,7515,
100.58098719195634,91634,297,557,7515,
100.59056647263655,91634,296,558,7515,
100.6066837479199,91634,295,559,7515,
100.6162059082553,91634,294,560,7515,
100.62220807059091,91634,293,561,7515,
100.6338525570164,91634,293,560,7516,
100.63556580231923,91634,293,559,7517,
100.6380288441863,91634,293,558,7518,
100.65665941063523,91634,293,557,7519,
100.6631403391516,91633,294,557,7519,
100.67266853510031,91633,293,558,7519,
100.67803227910065,91633,292,559,7519,
100.68373577339001,91632,293,559,7519,
100.68854210150752,91632,292,560,7519,
100.69152211819167,91632,291,561,7519,
100.69662521651645,91631,292,561,7519,
100.69760864994812,91631,291,562,7519,
100.69899514976836,91630,292,562,7519,
100.70029154523544,91629,293,562,7519,
100.70086870839378,91628,294,562,7519,
100.70659330151612,91627,295,562,7519,
100.70888474894286,91627,295,561,7520,
100.712821945065,91627,294,562,7520,
100.71319244199697,91627,294,561,7521,
100.71418225534094,91627,294,560,7522,
100.71473937330626,91627,293,561,7522,
100.71900776245853,91626,294,561,7522,
100.74374421496461,91626,293,562,7522,
100.7561079861023,91625,294,562,7522,
100.76049005160708,91625,293,563,7522,
100.76348910338584,91625,292,564,7522,
100.76836382146368,91625,291,565,7522,
100.77013643914168,91625,291,564,7523,
100.77355081092901,91625,291,563,7524,
100.77782109914882,91625,290,564,7524,
100.78380594996476,91625,290,563,7525,
100.78454860971533,91624,291,563,7525,
100.80412419784173,91624,291,562,7526,
100.81525293809406,91624,290,563,7526,
100.81667995964443,91624,290,562,7527,
100.81796063726136,91624,289,563,7527,
100.82303003632758,91624,288,564,7527,
100.82306212803383,91623,289,564,7527,
100.83015923432353,91623,289,563,7528,
100.83180337775582,91622,290,563,7528,
100.83628658086323,91621,291,563,7528,
100.84719290985592,91620,292,563,7528,
100.84854896936312,91619,293,563,7528,
100.84971244905425,91618,294,563,7528,
100.85001414521703,91618,293,564,7528,
100.85230555854307,91618,293,563,7529,
100.85955857187668,91617,294,563,7529,
100.86508638427182,91617,293,564,7529,
100.87271218598593,91617,292,565,7529,
100.8785768997531,91617,292,564,7530,
100.88646075803675,91617,291,565,7530,
100.8920120972493,91617,291,564,7531,
100.89593238972076,91617,290,565,7531,
100.89947600614305,91617,289,566,7531,
100.90537366175263,91616,290,566,7531,
100.9224257939605,91616,289,567,7531,
100.92348156669198,91616,289,566,7532,
100.92901825641604,91615,290,566,7532,
100.93267753511924,91614,291,566,7532,
100.94252449917495,91614,290,567,7532,
100.94581065040268,91614,289,568,7532,
100.95172642186662,91614,288,569,7532,
100.95520858036056,91614,288,568,7533,
100.95534709899736,91614,287,569,7533,
100.96148471271115,91614,287,568,7534,
100.9624000008108,91613,288,568,7534,
100.97114274961494,91612,289,568,7534,
100.9803654095595,91612,289,567,7535,
100.98178519513445,91612,288,568,7535,
101.00459915194591,91612,288,567,7536,
101.01703305219624,91612,287,568,7536,
101.0410526295014,91611,288,568,7536,
101.04485475597065,91611,288,567,7537,
101.04795127497032,91611,287,568,7537,
101.07160742012113,91611,287,567,7538,
101.08026891513813,91610,288,567,7538,
101.0803022420365,91610,287,568,7538,
101.08906152798076,91609,288,568,7538,
101.09193671453656,91609,288,567,7539,
101.10420437353326,91608,289,567,7539,
101.1163912606387,91607,290,567,7539,
101.11719773995802,91606,291,567,7539,
101.11885389157969,91605,292,567,7539,
101.14630968554869,91605,292,566,7540,
101.15541672518407,91605,292,565,7541,
101.1599048569721,91605,291,566,7541,
101.16080358761056,91605,290,567,7541,
101.17201239778939,91605,289,568,7541,
101.17648308716551,91604,290,568,7541,
101.18209536880008,91604,289,569,7541,
101.19004420539379,91603,290,569,7541,
101.20499758105719,91603,289,570,7541,
101.20666204949978,91603,288,571,7541,
101.21093994910719,91603,288,570,7542,
101.21100606764466,91603,288,569,7543,
101.21992440849641,91603,288,568,7544,
101.22146571835255,91603,288,567,7545,
101.23560289151251,91603,288,566,7546,
101.24378451625728,91603,287,567,7546,
101.24584145605783,91603,286,568,7546,
101.25053047181596,91603,285,569,7546,
101.25242755985929,91603,285,568,7547,
101.26497022415347,91603,285,567,7548,
101.2652433582982,91602,286,567,7548,
101.26560622740035,91602,285,568,7548,
101.27030093320977,91602,284,569,7548,
101.27740297928202,91602,284,568,7549,
101.28271769239576,91602,284,567,7550,
101.29764851305622,91602,283,568,7550,
101.29766907872227,91602,282,569,7550,
101.29891267281545,91601,283,569,7550,
101.29902490592823,91601,282,570,7550,
101.300171138662,91600,283,570,7550,
101.30497635532494,91599,284,570,7550,
101.31013493913053,91599,283,571,7550,
101.3116619079597,91599,282,572,7550,
101.31223302278543,91598,283,572,7550,
101.31723177937339,91598,282,573,7550,
101.31744698835969,91598,282,572,7551,
101.31880721134479,91597,283,572,7551,
101.32368852385227,91597,283,571,7552,
101.3266077059514,91596,284,571,7552,
101.33063530677742,91595,285,571,7552,
101.33582269040716,91595,284,572,7552,
101.33791082199488,91595,284,571,7553,
101.34732776373366,91595,283,572,7553,
101.36456249750216,91595,283,571,7554,
101.36833359631643,91594,284,571,7554,
101.37719180614621,91594,283,572,7554,
101.37777923982406,91594,283,571,7555,
101.38841273963868,91593,284,571,7555,
101.40107913735201,91593,284,570,7556,
101.40565202173946,91593,283,571,7556,
101.41118636485143,91593,282,572,7556,
101.43039212973747,91592,283,572,7556,
101.43280005026857,91592,282,573,7556,
101.43565726605019,91592,281,574,7556,
101.4382884491033,91592,280,575,7556,
101.44464471421615,91591,281,575,7556,
101.45174782750914,91591,281,574,7557,
101.45542268469232,91591,281,573,7558,
101.4847943814832,91590,282,573,7558,
101.48988128729201,91590,282,572,7559,
101.49423038264831,91590,281,573,7559,
101.49846898576087,91590,280,574,7559,
101.49879508741498,91590,279,575,7559,
101.5005066712366,91590,279,574,7560,
101.5052951365926,91590,279,573,7561,
101.51154392575658,91589,280,573,7561,
101.51634553730702,91588,281,573,7561,
101.51675781240061,91588,281,572,7562,
101.51889368170009,91587,282,572,7562,
101.53998296489709,91587,282,571,7563,
101.54026736486693,91587,281,572,7563,
101.54352245775848,91586,282,572,7563,
101.54684122684421,91586,282,571,7564,
101.56230734335912,91585,283,571,7564,
101.57090989270361,91585,283,570,7565,
101.57182480983559,91585,282,571,7565,
101.57517196331965,91585,281,572,7565,
101.57991116530496,91584,282,572,7565,
101.58372743692382,91584,282,571,7566,
101.58708969013345,91584,281,572,7566,
101.58799765313024,91584,280,573,7566,
101.58908585528769,91584,280,572,7567,
101.59032518273544,91584,279,573,7567,
101.59483424604586,91584,278,574,7567,
101.60557029402025,91583,279,574,7567,
101.61076848034725,91582,280,574,7567,
101.61163540697217,91582,279,575,7567,
101.61308962191583,91582,279,574,7568,
101.64040147498264,91582,279,573,7569,
101.64109676148902,91582,279,572,7570,
101.64419271775122,91582,278,573,7570,
101.64828438331845,91582,277,574,7570,
101.64854428511886,91582,277,573,7571,
101.65582113998352,91582,276,574,7571,
101.66199173158083,91581,277,574,7571,
101.66620370595768,91581,277,573,7572,
101.67018693966165,91581,276,574,7572,
101.67615135136604,91581,275,575,7572,
101.67703682401891,91580,276,575,7572,
101.6801334001936,91579,277,575,7572,
101.68288241532235,91578,278,575,7572,
101.68833960114144,91577,279,575,7572,
101.69934795624887,91577,279,574,7573,
101.71044286326926,91577,278,575,7573,
101.72320080877577,91576,279,575,7573,
101.74257979238183,91576,279,574,7574,
101.75166643094082,91575,280,574,7574,
101.76557636983998,91575,279,575,7574,
101.76612248495763,91575,278,576,7574,
101.77000075008247,91575,278,575,7575,
101.77085302551262,91575,278,574,7576,
101.78085807874402,91575,277,575,7576,
101.78505568013841,91575,277,574,7577,
101.7913918178546,91574,278,574,7577,
101.81501944116687,91574,277,575,7577,
101.8158233995128,91574,276,576,7577,
101.81982563259339,91574,276,575,7578,
101.82056962133336,91573,277,575,7578,
101.82433408336496,91573,276,576,7578,
101.82598650443914,91572,277,576,7578,
101.84158562925765,91571,278,576,7578,
101.84319956510058,91571,278,575,7579,
101.84788818725407,91571,277,576,7579,
101.85282208477832,91570,278,576,7579,
101.8532998962211,91570,278,575,7580,
101.85449280136888,91570,278,574,7581,
101.85467653196712,91570,278,573,7582,
101.86530203013277,91570,278,572,7583,
101.86870096618736,91570,278,571,7584,
101.86999594852234,91570,277,572,7584,
101.87897584387207,91569,278,572,7584,
101.8800855577027,91569,278,571,7585,
101.8803061767994,91569,278,570,7586,
101.90463865619145,91569,277,571,7586,
101.91243573457649,91568,278,571,7586,
101.92748251507038,91568,278,570,7587,
101.93465032598549,91568,278,569,7588,
101.94937957423627,91568,278,568,7589,
101.95118496985734,91568,277,569,7589,
101.95377519141093,91568,276,570,7589,
101.9573325015668,91568,275,571,7589,
101.96736043586111,91567,276,571,7589,
101.96799203724747,91567,275,572,7589,
101.98806190187477,91567,274,573,7589,
101.98994732352287,91567,273,574,7589,
102.00785167538878,91566,274,574,7589,
102.00925611776626,91566,273,575,7589,
102.01256876906031,91566,273,574,7590,
102.01372153541321,91566,272,575,7590,
102.02003893044201,91566,272,574,7591,
102.02590893155167,91566,271,575,7591,
102.02735639215797,91566,270,576,7591,
102.03024547933575,91566,270,575,7592,
102.03911449171454,91566,270,574,7593,
102.03993714988142,91566,269,575,7593,
102.04120824396708,91565,270,575,7593,
102.04597475525736,91564,271,575,7593,
102.050767631051,91564,271,574,7594,
102.06573622896211,91564,271,573,7595,
102.06587078717709,91564,271,572,7596,
102.07116290307893,91564,271,571,7597,
102.07356766482224,91564,271,570,7598,
102.08365234151016,91564,271,569,7599,
102.08452195516577,91563,272,569,7599,
102.09907823220263,91563,272,568,7600,
102.10533643925328,91563,272,567,7601,
102.11603816523376,91562,273,567,7601,
102.11890606221812,91562,273,566,7602,
102.1218255555666,91562,273,565,7603,
102.12400728272513,91562,272,566,7603,
102.13232226094718,91562,271,567,7603,
102.13323048657966,91562,270,568,7603,
102.14814446799329,91562,270,567,7604,
102.14910745916686,91562,269,568,7604,
102.14957180093124,91562,268,569,7604,
102.1572872253381,91562,268,568,7605,
102.16139929072077,91561,269,568,7605,
102.16181835291502,91560,270,568,7605,
102.16515918569351,91560,270,567,7606,
102.16525720697499,91560,269,568,7606,
102.16629857744397,91559,270,568,7606,
102.16852493525651,91558,271,568,7606,
102.17346057353849,91558,270,569,7606,
102.176707417615,91558,269,570,7606,
102.177191189214,91557,270,570,7606,
102.18217794310334,91557,270,569,7607,
102.18675382787056,91557,270,568,7608,
102.18685219961081,91557,270,567,7609,
102.1915583078657,91556,271,567,7609,
102.19431839603737,91556,270,568,7609,
102.19764204709918,91556,270,567,7610,
102.21396390201718,91555,271,567,7610,
102.21440573351592,91555,271,566,7611,
102.21811022097644,91555,271,565,7612,
102.22150907291126,91554,272,565,7612,
102.22204100303327,91554,272,564,7613,
102.23914820869152,91554,271,565,7613,
102.2406688618743,91553,272,565,7613,
102.24117859991264,91552,273,565,7613,
102.24132736361521,91552,272,566,7613,
102.25420572581697,91552,271,567,7613,
102.25606934372803,91552,271,566,7614,
102.25643691621158,91551,272,566,7614,
102.26045888008241,91551,272,565,7615,
102.26297127952476,91551,272,564,7616,
102.27494905000088,91551,272,563,7617,
102.28160996134169,91551,272,562,7618,
102.28752259075803,91551,272,561,7619,
102.29780209193125,91551,272,560,7620,
102.31075622025648,91551,271,561,7620,
102.32443114092655,91551,271,560,7621,
102.32480263844113,91551,270,561,7621,
102.32630995770049,91551,270,560,7622,
102.3363830087183,91550,271,560,7622,
102.33646410104458,91549,272,560,7622,
102.33697579693818,91549,271,561,7622,
102.34080648541006,91549,271,560,7623,
102.34405102584643,91549,271,559,7624,
102.344053712009,91549,271,558,7625,
102.34919265827668,91548,272,558,7625,
102.35581489159892,91547,273,558,7625,
102.36861419037686,91547,273,557,7626,
102.378734724595,91547,273,556,7627,
102.38477216368682,91547,273,555,7628,
102.3859532438143,91547,273,554,7629,
102.39035189710881,91547,273,553,7630,
102.39903465749617,91547,273,552,7631,
102.41313215253683,91547,272,553,7631,
102.41993122689695,91547,271,554,7631,
102.42235959165626,91547,271,553,7632,
102.42247817904625,91547,270,554,7632,
102.42515370586233,91547,269,555,7632,
102.44998970170874,91546,270,555,7632,
102.45199668835662,91546,269,556,7632,
102.45208308905544,91546,269,555,7633,
102.45878933591865,91546,268,556,7633,
102.45986340115053,91545,269,556,7633,
102.46304671904963,91545,269,555,7634,
102.47800271672182,91545,269,554,7635,
102.48378301017138,91545,269,553,7636,
102.49679404870479,91545,269,552,7637,
102.50285908191233,91545,268,553,7637,
102.51261880708878,91545,268,552,7638,
102.52403740153991,91544,269,552,7638,
102.5262977317672,91543,270,552,7638,
102.52662785385934,91543,270,551,7639,
102.53717333682465,91543,270,550,7640,
102.53829019670317,91543,270,549,7641,
102.54468453929518,91543,270,548,7642,
102.57260226433091,91543,270,547,7643,
102.57592777981992,91543,270,546,7644,
102.5811145562065,91542,271,546,7644,
102.58406679226206,91542,271,545,7645,
102.60137482645831,91542,270,546,7645,
102.61146321569831,91542,269,547,7645,
102.61197174882662,91541,270,547,7645,
102.61433577269926,91540,271,547,7645,
102.62736396730986,91539,272,547,7645,
102.64153029044077,91539,272,546,7646,
102.64159425583418,91539,271,547,7646,
102.64397245220579,91539,271,546,7647,
102.64891224656249,91538,272,546,7647,
102.65133877013646,91538,272,545,7648,
102.65257070734084,91538,271,546,7648,
102.65527087265869,91538,271,545,7649,
102.65705622979927,91538,271,544,7650,
102.67535481522972,91538,271,543,7651,
102.68820118612354,91538,270,544,7651,
102.69747557430964,91538,269,545,7651,
102.70376930719264,91537,270,545,7651,
102.71235069290597,91537,270,544,7652,
102.73688252284086,91537,270,543,7653,
102.75228216382439,91537,270,542,7654,
102.76004316627792,91537,269,543,7654,
102.76385115900673,91537,268,544,7654,
102.76525082246583,91537,268,543,7655,
102.77191087903856,91537,268,542,7656,
102.77536134181855,91536,269,542,7656,
102.78061643348202,91535,270,542,7656,
102.78572079333479,91534,271,542,7656,
102.7923305927528,91533,272,542,7656,
102.79540156045607,91533,272,541,7657,
102.79808582409578,91533,272,540,7658,
102.80559443315698,91532,273,540,7658,
102.80719192113324,91532,272,541,7658,
102.80945464633666,91532,272,540,7659,
102.82436319060304,91532,272,539,7660,
102.82780905518825,91531,273,539,7660,
102.82858450714383,91531,273,538,7661,
102.83166752656527,91531,273,537,7662,
102.8339137636817,91531,273,536,7663,
102.84857660955322,91531,272,537,7663,
102.85273846458063,91531,271,538,7663,
102.8531933640017,91531,270,539,7663,
102.86402332457472,91531,270,538,7664,
102.86429428415443,91531,269,539,7664,
102.87487044079468,91531,268,540,7664,
102.8772978034047,91531,267,541,7664,
102.87916321519957,91531,267,540,7665,
102.88071171177523,91531,267,539,7666,
102.8887046831272,91531,266,540,7666,
102.8899673267506,91531,266,539,7667,
102.89458521438569,91531,266,538,7668,
102.89501676671466,91531,266,537,7669,
102.9007964958859,91531,266,536,7670,
102.90603025474124,91530,267,536,7670,
102.92243345675791,91529,268,536,7670,
102.92935472531377,91528,269,536,7670,
102.94044119260273,91528,269,535,7671,
102.94131805347905,91527,270,535,7671,
102.94469747933024,91527,269,536,7671,
102.95075906149114,91526,270,536,7671,
102.95423962765568,91526,269,537,7671,
102.95990029388224,91525,270,537,7671,
102.9641110344146,91525,269,538,7671,
102.96705375595417,91525,269,537,7672,
102.9688591979762,91525,269,536,7673,
102.972351722991,91525,268,537,7673,
102.99344163331536,91525,268,536,7674,
102.99426724753155,91525,268,535,7675,
102.99837516422535,91525,268,534,7676,
102.99994625278083,91525,268,533,7677,
103.02191544889456,91525,268,532,7678,
103.02467297631964,91524,269,532,7678,
103.02740458402118,91523,270,532,7678,
103.03093896015986,91523,269,533,7678,
103.03524565016542,91523,269,532,7679,
103.03529515515976,91522,270,532,7679,
103.0356736224798,91522,270,531,7680,
103.05062002378008,91522,269,532,7680,
103.05186124675416,91521,270,532,7680,
103.06016943606333,91520,271,532,7680,
103.06545380803176,91519,272,532,7680,
103.06918108328014,91519,272,531,7681,
103.07769200119112,91519,271,532,7681,
103.07993247965729,91518,272,532,7681,
103.08185560873113,91517,273,532,7681,
103.0905081357717,91517,273,531,7682,
103.09118439353597,91517,273,530,7683,
103.09629417006767,91517,273,529,7684,
103.12846692313713,91517,272,530,7684,
103.13005965436528,91517,271,531,7684,
103.13702066508374,91517,271,530,7685,
103.15998818626981,91516,272,530,7685,
103.160673974014,91515,273,530,7685,
103.16366920051102,91514,274,530,7685,
103.16822749841086,91514,273,531,7685,
103.16873725450378,91513,274,531,7685,
103.18198287338609,91512,275,531,7685,
103.18714718539007,91511,276,531,7685,
103.18715879206842,91511,275,532,7685,
103.18760943594032,91511,274,533,7685,
103.19694540494885,91511,273,534,7685,
103.19932239102903,91510,274,534,7685,
103.20116794649729,91510,273,535,7685,
103.20884801569703,91510,272,536,7685,
103.21294672654214,91510,272,535,7686,
103.2213364199674,91510,271,536,7686,
103.22347492912839,91510,271,535,7687,
103.23660155386413,91510,271,534,7688,
103.24543430975243,91510,271,533,7689,
103.24725752904651,91509,272,533,7689,
103.24741727694459,91509,271,534,7689,
103.25460422225407,91508,272,534,7689,
103.25691753520633,91508,272,533,7690,
103.25805726802984,91508,272,532,7691,
103.25901776425415,91508,271,533,7691,
103.25978730894414,91508,270,534,7691,
103.26086254809758,91508,270,533,7692,
103.26335421792068,91507,271,533,7692,
103.26932782418668,91506,272,533,7692,
103.27470981820971,91506,272,532,7693,
103.2759884284022,91505,273,532,7693,
103.29958860281343,91504,274,532,7693,
103.31186405728465,91504,273,533,7693,
103.3360728798596,91504,272,534,7693,
103.34521977079045,91504,271,535,7693,
103.35068414862477,91504,271,534,7694,
103.35222070446358,91504,271,533,7695,
103.35742182501778,91504,270,534,7695,
103.36997100990888,91504,270,533,7696,
103.37129287745094,91504,269,534,7696,
103.3716070081017,91504,269,533,7697,
103.37282774608991,91503,270,533,7697,
103.37368224360708,91503,270,532,7698,
103.38481223068032,91502,271,532,7698,
103.39246633629065,91502,270,533,7698,
103.3946699812635,91502,270,532,7699,
103.3983494485156,91502,270,531,7700,
103.41096144173434,91502,269,532,7700,
103.41992788612042,91502,268,533,7700,
103.42750288047243,91502,267,534,7700,
103.43300314817446,91502,266,535,7700,
103.4333244070462,91502,265,536,7700,
103.43995107873734,91501,266,536,7700,
103.44706540048752,91500,267,536,7700,
103.45419881659292,91500,266,537,7700,
103.46087790136008,91500,265,538,7700,
103.46835543505773,91500,264,539,7700,
103.4819604623492,91499,265,539,7700,
103.48558376002498,91499,265,538,7701,
103.50766123347671,91499,264,539,7701,
103.50980723381888,91498,265,539,7701,
103.5183873871479,91498,264,540,7701,
103.52289527532369,91498,263,541,7701,
103.52669715312388,91498,262,542,7701,
103.52833896629741,91497,263,542,7701,
103.52916635658134,91496,264,542,7701,
103.53007617442155,91496,264,541,7702,
103.5347273517323,91496,264,540,7703,
103.53827161530046,91495,265,540,7703,
103.54083041920768,91495,265,539,7704,
103.5502445405316,91495,265,538,7705,
103.55118566576216,91495,265,537,7706,
103.55334313026441,91495,265,536,7707,
103.55601520230667,91495,265,535,7708,
103.56897790560109,91494,266,535,7708,
103.57035584764327,91494,266,534,7709,
103.57883374973204,91494,266,533,7710,
103.58103863221004,91494,266,532,7711,
103.58140031873903,91494,265,533,7711,
103.58506950354494,91493,266,533,7711,
103.60667458655176,91492,267,533,7711,
103.60716532800484,91492,267,532,7712,
103.61492720664643,91491,268,532,7712,
103.61842032881107,91490,269,532,7712,
103.64273296695751,91489,270,532,7712,
103.64660042556643,91488,271,532,7712,
103.64881399651924,91487,272,532,7712,
103.68519792537177,91487,272,531,7713,
103.68625920016333,91486,273,531,7713,
103.69247226220702,91485,274,531,7713,
103.69708944543407,91484,275,531,7713,
103.70477023336551,91484,275,530,7714,
103.7092764732723,91483,276,530,7714,
103.71454003367258,91483,276,529,7715,
103.7208489454284,91482,277,529,7715,
103.72801076513528,91482,276,530,7715,
103.7339197551314,91482,276,529,7716,
103.73520134484002,91482,275,530,7716,
103.74061800128632,91482,274,531,7716,
103.74380112070004,91482,273,532,7716,
103.74418504233658,91481,274,532,7716,
103.74501095258145,91480,275,532,7716,
103.75672486016235,91479,276,532,7716,
103.76469386627494,91478,277,532,7716,
103.7882717231875,91478,277,531,7717,
103.79120106046278,91478,277,530,7718,
103.79410501618396,91478,276,531,7718,
103.80777333842678,91478,275,532,7718,
103.81123525940144,91477,276,532,7718,
103.81235133916425,91476,277,532,7718,
103.81526752082767,91475,278,532,7718,
103.81805448904541,91475,277,533,7718,
103.83077303253863,91475,277,532,7719,
103.83359806200875,91474,278,532,7719,
103.83716043798995,91474,278,531,7720,
103.83925564161015,91474,277,532,7720,
103.83962543759569,91474,276,533,7720,
103.84352180294505,91473,277,533,7720,
103.84570135779389,91473,276,534,7720,
103.85592129498514,91473,276,533,7721,
103.85599089160652,91472,277,533,7721,
103.86224809165702,91472,276,534,7721,
103.86358388173817,91472,276,533,7722,
103.86911389661105,91472,275,534,7722,
103.88780166687891,91472,274,535,7722,
103.89067261199222,91472,273,536,7722,
103.89504282353175,91472,272,537,7722,
103.8993135996748,91471,273,537,7722,
103.90256357924628,91470,274,537,7722,
103.90529267026325,91470,273,538,7722,
103.91411322927635,91470,272,539,7722,
103.92234388028885,91469,273,539,7722,
103.94265623699599,91469,273,538,7723,
103.9442503612413,91469,272,539,7723,
103.94440861482019,91469,272,538,7724,
103.95452797095334,91468,273,538,7724,
103.95503608263178,91467,274,538,7724,
103.95581284104816,91467,274,537,7725,
103.96314656460198,91467,274,536,7726,
103.96353908545433,91466,275,536,7726,
103.97327293425454,91465,276,536,7726,
103.97503131842083,91465,276,535,7727,
103.97831944077927,91464,277,535,7727,
103.98078317044212,91464,277,534,7728,
103.9808265146047,91463,278,534,7728,
103.99450984418245,91463,277,535,7728,
103.9945289530539,91462,278,535,7728,
103.99899531277705,91462,278,534,7729,
104.02329953628518,91462,278,533,7730,
104.0272848351543,91462,277,534,7730,
104.02906448037278,91462,277,533,7731,
104.04100504833032,91462,277,532,7732,
104.05429139069992,91462,277,531,7733,
104.05571396956285,91461,278,531,7733,
104.06080854021243,91460,279,531,7733,
104.06650000319897,91459,280,531,7733,
104.08268109086622,91459,279,532,7733,
104.08274553780126,91459,279,531,7734,
104.09299616631212,91459,279,530,7735,
104.11541708666758,91459,279,529,7736,
104.1224981562505,91459,279,528,7737,
104.12365805040425,91459,279,527,7738,
104.13385525878091,91458,280,527,7738,
104.15758583034815,91458,279,528,7738,
104.15886403271872,91458,278,529,7738,
104.17606519833461,91457,279,529,7738,
104.17957705496664,91457,279,528,7739,
104.19038092470674,91457,279,527,7740,
104.19254068251263,91457,278,528,7740,
104.20285616447211,91457,277,529,7740,
104.21288678141067,91457,276,530,7740,
104.21479935274981,91457,276,529,7741,
104.21972064816146,91457,275,530,7741,
104.22130898551596,91457,274,531,7741,
104.22329181701663,91457,274,530,7742,
104.22386266516469,91457,274,529,7743,
104.22691497092929,91456,275,529,7743,
104.22778149820356,91455,276,529,7743,
104.23154249448669,91454,277,529,7743,
104.23796723618877,91454,277,528,7744,
104.24598930168118,91454,276,529,7744,
104.2532689812819,91453,277,529,7744,
104.25659150392286,91453,276,530,7744,
104.26358822589697,91453,276,529,7745,
104.27368979336552,91453,275,530,7745,
104.2763752141335,91453,274,531,7745,
104.28948668407784,91452,275,531,7745,
104.30956586207765,91452,275,530,7746,
104.32513234493075,91451,276,530,7746,
104.3262195780268,91451,275,531,7746,
104.33225548469973,91451,275,530,7747,
104.33341463075999,91451,274,531,7747,
104.33594830808605,91451,274,530,7748,
104.34990332042203,91451,274,529,7749,
104.35067908488743,91450,275,529,7749,
104.35702885078342,91449,276,529,7749,
104.36661435123071,91449,275,530,7749,
104.38164233185768,91449,275,529,7750,
104.3921411408256,91449,275,528,7751,
104.400257392481,91448,276,528,7751,
104.40197771891995,91448,276,527,7752,
104.4031293581577,91448,275,528,7752,
104.40442923683223,91447,276,528,7752,
104.40690449412463,91447,275,529,7752,
104.4075727198,91446,276,529,7752,
104.40930346013097,91446,275,530,7752,
104.41149017431846,91445,276,530,7752,
104.42541375738517,91445,276,529,7753,
104.44999907153286,91444,277,529,7753,
104.45881593574498,91444,276,530,7753,
104.4618285256447,91444,276,529,7754,
104.46357611999909,91444,275,530,7754,
104.48055524168538,91443,276,530,7754,
104.48648520871104,91442,277,530,7754,
104.49190305869405,91442,277,529,7755,
104.49983887660267,91442,277,528,7756,
104.50502283938644,91442,277,527,7757,
104.51091695293329,91442,277,526,7758,
104.51815343566659,91442,277,525,7759,
104.5385443985682,91442,277,524,7760,
104.55333161582274,91441,278,524,7760,
104.5550203452012,91440,279,524,7760,
104.5577369514939,91440,279,523,7761,
104.55774642601482,91440,278,524,7761,
104.55844173443782,91439,279,524,7761,
104.56127562940786,91439,279,523,7762,
104.57179502055068,91439,278,524,7762,
104.57856749700127,91438,279,524,7762,
104.5891755749073,91438,278,525,7762,
104.59030078986999,91438,277,526,7762,
104.59443939053142,91437,278,526,7762,
104.59570574013688,91437,277,527,7762,
104.59637753697545,91437,277,526,7763,
104.59664777451312,91436,278,526,7763,
104.60375663998411,91435,279,526,7763,
104.60501213275099,91435,278,527,7763,
104.61132351131698,91435,278,526,7764,
104.62224116271409,91435,277,527,7764,
104.62242106165286,91435,277,526,7765,
104.622863827569,91434,278,526,7765,
104.64236917895525,91434,277,527,7765,
104.65918858145852,91433,278,527,7765,
104.66107348430037,91433,277,528,7765,
104.6692271650278,91433,276,529,7765,
104.67086309242225,91432,277,529,7765,
104.67406633521995,91432,277,528,7766,
104.67476764224787,91431,278,528,7766,
104.67886613735033,91430,279,528,7766,
104.6837431251365,91430,278,529,7766,
104.68680638023467,91430,277,530,7766,
104.69657492328406,91430,277,529,7767,
104.70387056399801,91429,278,529,7767,
104.70616865170317,91429,278,528,7768,
104.70632184087555,91428,279,528,7768,
104.71321506240614,91428,279,527,7769,
104.71850296651999,91428,278,528,7769,
104.7194407172991,91428,277,529,7769,
104.72012317174554,91427,278,529,7769,
104.73645243957189,91427,278,528,7770,
104.74053180127295,91427,277,529,7770,
104.74123884346227,91427,276,530,7770,
104.74493647128608,91427,276,529,7771,
104.7460970086073,91426,277,529,7771,
104.75881015700264,91426,277,528,7772,
104.76004150272618,91426,277,527,7773,
104.7736179662071,91425,278,527,7773,
104.78353498140848,91425,277,528,7773,
104.78616376489452,91425,277,527,7774,
104.78753795510053,91425,277,526,7775,
104.79246705235721,91425,276,527,7775,
104.79511024059738,91425,276,526,7776,
104.79616109046188,91425,275,527,7776,
104.80310707393971,91425,274,528,7776,
104.81485047058138,91424,275,528,7776,
104.81511241359229,91424,275,527,7777,
104.82609091954109,91424,275,526,7778,
104.8275276104383,91423,276,526,7778,
104.83232281064295,91423,276,525,7779,
104.84004920687605,91423,275,526,7779,
104.84181220114195,91422,276,526,7779,
104.84484180840094,91422,275,527,7779,
104.85768512041457,91422,274,528,7779,
104.86197284473323,91422,274,527,7780,
104.86312939488937,91422,274,526,7781,
104.86998515063996,91422,273,527,7781,
104.8711230575779,91422,272,528,7781,
104.88582515286008,91422,272,527,7782,
104.88987554914331,91422,271,528,7782,
104.89006524373293,91422,270,529,7782,
104.89123769535094,91422,270,528,7783,
104.89250082017313,91422,269,529,7783,
104.90130111376376,91422,269,528,7784,
104.90153123205553,91422,269,527,7785,
104.90782317084054,91422,269,526,7786,
104.9160225986123,91422,268,527,7786,
104.91763650212839,91422,268,526,7787,
104.93514541811044,91422,268,525,7788,
104.95137353463922,91422,267,526,7788,
104.95441952182126,91422,267,525,7789,
104.9684406256838,91422,267,524,7790,
104.97383244580416,91421,268,524,7790,
104.97410251562546,91421,267,525,7790,
104.97791464725637,91421,266,526,7790,
104.9779867396708,91421,265,527,7790,
104.9804821387855,91421,265,526,7791,
104.99239170004176,91421,264,527,7791,
104.99443601490839,91420,265,527,7791,
105.00198890503364,91420,264,528,7791,
105.00216897376714,91420,264,527,7792,
105.01137026507061,91420,264,526,7793,
105.01542758685699,91420,264,525,7794,
105.02594897075899,91420,263,526,7794,
105.03435474803561,91420,263,525,7795,
105.04024031355384,91420,262,526,7795,
105.06486388665869,91419,263,526,7795,
105.07181099116296,91419,262,527,7795,
105.08044966235502,91419,262,526,7796,
105.10765770882077,91419,262,525,7797,
105.10779975353168,91418,263,525,7797,
105.10926360744091,91418,262,526,7797,
105.11919224157786,91418,261,527,7797,
105.12803762122608,91417,262,527,7797,
105.13762871966603,91417,261,528,7797,
105.13876024059778,91417,260,529,7797,
105.15229389407659,91417,260,528,7798,
105.1577138606916,91417,260,527,7799,
105.16162811844478,91416,261,527,7799,
105.16239598801309,91415,262,527,7799,
105.17876277077195,91415,262,526,7800,
105.1933282639915,91415,262,525,7801,
105.19403745313667,91415,262,524,7802,
105.19418745391877,91415,262,523,7803,
105.1945718805062,91415,261,524,7803,
105.19562673860969,91415,260,525,7803,
105.19586313734939,91414,261,525,7803,
105.20035528058723,91413,262,525,7803,
105.20673185546971,91413,262,524,7804,
105.21055640516028,91413,262,523,7805,
105.21196069756203,91412,263,523,7805,
105.21312570894406,91411,264,523,7805,
105.21815325779727,91411,264,522,7806,
105.22212030810482,91411,264,521,7807,
105.2227874739568,91411,263,522,7807,
105.2318439953792,91410,264,522,7807,
105.24662964784616,91409,265,522,7807,
105.25089423448543,91409,265,521,7808,
105.253059438989,91409,265,520,7809,
105.26570497785768,91409,264,521,7809,
105.26737781017871,91409,264,520,7810,
105.27062459061092,91409,264,519,7811,
105.27659563494485,91408,265,519,7811,
105.28169781710463,91408,264,520,7811,
105.2965663964187,91408,264,519,7812,
105.2993265529611,91407,265,519,7812,
105.30376908974299,91407,265,518,7813,
105.30513066092314,91407,265,517,7814,
105.31342328361967,91407,265,516,7815,
105.3207191400974,91407,264,517,7815,
105.3219089386088,91407,263,518,7815,
105.32601946648902,91407,262,519,7815,
105.33004508788918,91407,261,520,7815,
105.33453267959726,91407,261,519,7816,
105.34634161801442,91407,261,518,7817,
105.34879349584023,91407,261,517,7818,
105.34983284502547,91407,260,518,7818,
105.35662205639274,91406,261,518,7818,
105.35921128456377,91406,261,517,7819,
105.36468337642489,91406,261,516,7820,
105.3673340255205,91406,260,517,7820,
105.37546506786703,91406,260,516,7821,
105.37860252283858,91406,260,515,7822,
105.3922789400614,91405,261,515,7822,
105.3950540128848,91405,261,514,7823,
105.40179629973848,91405,260,515,7823,
105.41570704127884,91405,259,516,7823,
105.42202520349417,91405,258,517,7823,
105.43087776345808,91405,257,518,7823,
105.43728435608261,91405,257,517,7824,
105.43908305036626,91405,257,516,7825,
105.44134138901507,91404,258,516,7825,
105.44746681413923,91403,259,516,7825,
105.44935771338606,91403,259,515,7826,
105.45233908200392,91403,259,514,7827,
105.47649939007587,91403,259,513,7828,
105.48311387328795,91402,260,513,7828,
105.48493768804767,91402,260,512,7829,
105.49508152306228,91402,259,513,7829,
105.50033710887027,91402,259,512,7830,
105.50818522639085,91402,259,511,7831,
105.51173506528585,91401,260,511,7831,
105.51901463878366,91401,260,510,7832,
105.54634371304569,91401,260,509,7833,
105.55099813232445,91401,259,510,7833,
105.55576234003577,91400,260,510,7833,
105.56061389567472,91399,261,510,7833,
105.56266500670704,91399,260,511,7833,
105.56853468881596,91398,261,511,7833,
105.57058682589512,91397,262,511,7833,
105.60490748590688,91396,263,511,7833,
105.61777585246871,91396,262,512,7833,
105.62213256769272,91396,262,511,7834,
105.63160853944936,91396,262,510,7835,
105.64176634061516,91395,263,510,7835,
105.65831355806623,91395,262,511,7835,
105.6601622792279,91394,263,511,7835,
105.66382828658703,91394,262,512,7835,
105.66491801684609,91394,262,511,7836,
105.67928053040941,91393,263,511,7836,
105.69620975183724,91393,263,510,7837,
105.69962275360896,91392,264,510,7837,
105.70484301204198,91392,263,511,7837,
105.72014232883579,91392,263,510,7838,
105.72042452120647,91391,264,510,7838,
105.7321925509533,91390,265,510,7838,
105.73674132508359,91389,266,510,7838,
105.73694343093709,91389,266,509,7839,
105.74122518398589,91389,266,508,7840,
105.74723643898825,91389,265,509,7840,
105.75064147053544,91388,266,509,7840,
105.7537506015687,91388,266,508,7841,
105.77255509526037,91387,267,508,7841,
105.77553828872931,91387,267,507,7842,
105.78150514238428,91386,268,507,7842,
105.78711942302738,91386,268,506,7843,
105.78916968590627,91386,268,505,7844,
105.79010963539264,91386,268,504,7845,
105.79204240875501,91386,268,503,7846,
105.82369360372812,91386,267,504,7846,
105.82635488942688,91385,268,504,7846,
105.82645718361437,91385,267,505,7846,
105.83043897426485,91385,266,506,7846,
105.84710037571631,91385,266,505,7847,
105.84725895117533,91385,266,504,7848,
105.8483149165128,91385,266,503,7849,
105.85218096640475,91384,267,503,7849,
105.85672538306633,91383,268,503,7849,
105.86285490163726,91383,267,504,7849,
105.8741459978335,91383,267,503,7850,
105.87712502316111,91383,267,502,7851,
105.88832245615782,91383,266,503,7851,
105.89049609021859,91382,267,503,7851,
105.90338134448419,91381,268,503,7851,
105.90522334395939,91381,268,502,7852,
105.91628485848169,91381,267,503,7852,
105.9278219070021,91381,267,502,7853,
105.93070056156583,91381,266,503,7853,
105.93159907785798,91381,266,502,7854,
105.93371572677998,91381,265,503,7854,
105.9405458315081,91380,266,503,7854,
105.94345615883957,91380,265,504,7854,
105.9463384687876,91380,264,505,7854,
105.94872325516278,91379,265,505,7854,
105.95149592994903,91378,266,505,7854,
105.95887946072014,91377,267,505,7854,
105.96289163315171,91376,268,505,7854,
105.97807692875446,91376,268,504,7855,
105.97922710906906,91376,268,503,7856,
105.98558075040548,91376,268,502,7857,
105.99192368740843,91376,267,503,7857,
105.99399827267268,91375,268,503,7857,
105.9981460544045,91375,268,502,7858,
106.00125131961437,91375,267,503,7858,
106.00365660759611,91375,266,504,7858,
106.01169705560403,91375,266,503,7859,
106.01970769791461,91375,265,504,7859,
106.02795763595091,91375,265,503,7860,
106.0317358381256,91375,265,502,7861,
106.0448035157438,91375,265,501,7862,
106.05095395461862,91375,265,500,7863,
106.05970430308363,91375,264,501,7863,
106.0609495067101,91374,265,501,7863,
106.07587481017454,91374,265,500,7864,
106.08964536355445,91374,264,501,7864,
106.09435463588893,91374,263,502,7864,
106.09976768838169,91374,263,501,7865,
106.1014194842599,91373,264,501,7865,
106.11709177128316,91373,263,502,7865,
106.11866677651463,91373,263,501,7866,
106.1198836871161,91373,263,500,7867,
106.12451115873266,91372,264,500,7867,
106.13302312493235,91372,263,501,7867,
106.15373776698115,91371,264,501,7867,
106.15526612613871,91371,264,500,7868,
106.1741122932711,91371,263,501,7868,
106.1762402964641,91371,262,502,7868,
106.1776171318097,91371,262,501,7869,
106.18229618232087,91370,263,501,7869,
106.19104862690244,91369,264,501,7869,
106.19434087125681,91369,264,500,7870,
106.19469671901922,91368,265,500,7870,
106.19777297916198,91368,265,499,7871,
106.20606254947302,91368,264,500,7871,
106.21133928857714,91367,265,500,7871,
106.23551556526249,91367,264,501,7871,
106.23764111503638,91367,264,500,7872,
106.24270255650728,91366,265,500,7872,
106.24520823715049,91366,264,501,7872,
106.24797915701868,91365,265,501,7872,
106.25616634200976,91364,266,501,7872,
106.25801169541734,91364,265,502,7872,
106.2623785227849,91364,264,503,7872,
106.26358740721841,91364,263,504,7872,
106.27896157324271,91363,264,504,7872,
106.29010679122342,91363,264,503,7873,
106.29120286262949,91362,265,503,7873,
106.30427333793908,91362,265,502,7874,
106.30853148576358,91362,265,501,7875,
106.31015594780284,91361,266,501,7875,
106.33015610079684,91361,265,502,7875,
106.33980386275644,91361,264,503,7875,
106.34578519955802,91361,264,502,7876,
106.35493008572328,91361,264,501,7877,
106.3563013788085,91360,265,501,7877,
106.36072301002287,91360,265,500,7878,
106.36817220099331,91359,266,500,7878,
106.37459164160579,91359,265,501,7878,
106.37779726234385,91359,265,500,7879,
106.38699278820647,91359,265,499,7880,
106.38739306103125,91359,264,500,7880,
106.38842182276602,91359,264,499,7881,
106.39791475466124,91359,263,500,7881,
106.40265373977797,91359,262,501,7881,
106.40443711520598,91359,262,500,7882,
106.40749793180228,91358,263,500,7882,
106.41100698324941,91358,263,499,7883,
106.42362659501957,91358,263,498,7884,
106.42590891274327,91358,263,497,7885,
106.43761675615279,91358,263,496,7886,
106.44078088653421,91358,263,495,7887,
106.44213887727717,91358,262,496,7887,
106.44801633179347,91358,262,495,7888,
106.4670875385759,91358,262,494,7889,
106.46904016136756,91358,262,493,7890,
106.47815279492687,91358,262,492,7891,
106.47995257028711,91358,262,491,7892,
106.4805681529953,91358,261,492,7892,
106.48342330318665,91357,262,492,7892,
106.48479503117079,91357,262,491,7893,
106.48836482302212,91356,263,491,7893,
106.49134357369888,91356,263,490,7894,
106.49183762840258,91355,264,490,7894,
106.50055778070973,91354,265,490,7894,
106.50293798223602,91354,264,491,7894,
106.50734199758287,91354,263,492,7894,
106.51109329712904,91353,264,492,7894,
106.5198747825344,91352,265,492,7894,
106.52399891699326,91352,264,493,7894,
106.5264699158968,91352,263,494,7894,
106.52677661738622,91352,263,493,7895,
106.53247145166765,91351,264,493,7895,
106.5337281344469,91350,265,493,7895,
106.53680816112325,91350,264,494,7895,
106.54215650670808,91350,263,495,7895,
106.54374611743592,91350,262,496,7895,
106.54910308042165,91350,262,495,7896,
106.55471832526757,91350,262,494,7897,
106.55875380719121,91350,261,495,7897,
106.56298063699434,91350,260,496,7897,
106.57053342127443,91349,261,496,7897,
106.57065769240053,91348,262,496,7897,
106.58058822787831,91348,262,495,7898,
106.5871525957568,91348,261,496,7898,
106.59218566909401,91348,261,495,7899,
106.60388461171954,91347,262,495,7899,
106.60470166967704,91346,263,495,7899,
106.60735410404644,91346,263,494,7900,
106.60880582281507,91345,264,494,7900,
106.62212608523795,91345,264,493,7901,
106.62621205266899,91345,264,492,7902,
106.63801429539845,91345,263,493,7902,
106.64741240764562,91345,262,494,7902,
106.64745905064089,91345,262,493,7903,
106.65062295396356,91344,263,493,7903,
106.65229015802147,91344,263,492,7904,
106.66248503626235,91344,262,493,7904,
106.66903936889386,91344,261,494,7904,
106.67535379806617,91344,260,495,7904,
106.68897889139922,91344,260,494,7905,
106.69834333434183,91343,261,494,7905,
106.7087251445164,91343,260,495,7905,
106.7112424095674,91343,260,494,7906,
106.71635765786858,91343,260,493,7907,
106.72339140416133,91343,260,492,7908,
106.72685890973639,91342,261,492,7908,
106.72778552999372,91341,262,492,7908,
106.73754992216996,91341,262,491,7909,
106.75512866197644,91341,262,490,7910,
106.76055663392384,91341,261,491,7910,
106.76095372755702,91340,262,491,7910,
106.76714063188086,91340,262,490,7911,
106.77823104686854,91340,262,489,7912,
106.77855208458294,91340,261,490,7912,
106.80640625935648,91340,261,489,7913,
106.80671614769977,91340,261,488,7914,
106.83158239050266,91339,262,488,7914,
106.83572500436543,91339,262,487,7915,
106.84036348224251,91339,261,488,7915,
106.84401045343265,91339,261,487,7916,
106.85249266346214,91339,260,488,7916,
106.86055308370584,91339,260,487,7917,
106.87060414639238,91339,260,486,7918,
106.8707376110055,91338,261,486,7918,
106.876938617443,91338,260,487,7918,
106.87799925781417,91337,261,487,7918,
106.87945495907226,91337,260,488,7918,
106.88331577756487,91337,259,489,7918,
106.88682680609381,91337,259,488,7919,
106.88947968426604,91337,259,487,7920,
106.89647358256968,91337,259,486,7921,
106.90190742523552,91336,260,486,7921,
106.90268640828822,91336,259,487,7921,
106.91652891589472,91336,259,486,7922,
106.92007506946108,91335,260,486,7922,
106.92476062668082,91334,261,486,7922,
106.9290590748032,91334,260,487,7922,
106.931496238215,91334,259,488,7922,
106.93780034119484,91334,259,487,7923,
106.94108887547841,91334,258,488,7923,
106.9469305605891,91334,258,487,7924,
106.94911323193139,91334,258,486,7925,
106.9503946490168,91334,258,485,7926,
106.95094736321283,91333,259,485,7926,
106.95522156290872,91333,259,484,7927,
106.96348122665526,91332,260,484,7927,
106.9675184785702,91331,261,484,7927,
106.97015748870825,91331,261,483,7928,
106.97381104439555,91331,261,482,7929,
106.98936419111189,91331,261,481,7930,
107.00146935981206,91331,261,480,7931,
107.02514585706994,91331,260,481,7931,
107.02587429739677,91331,259,482,7931,
107.02686105480807,91330,260,482,7931,
107.03145762800608,91330,260,481,7932,
107.03306026259888,91329,261,481,7932,
107.03658121063881,91329,260,482,7932,
107.04404054114332,91328,261,482,7932,
107.05300894295613,91327,262,482,7932,
107.0533442262803,91327,262,481,7933,
107.06307169089206,91326,263,481,7933,
107.06476027745092,91326,263,480,7934,
107.0769794962149,91326,262,481,7934,
107.088044836167,91326,262,480,7935,
107.09391658007772,91326,262,479,7936,
107.09426541101189,91325,263,479,7936,
107.1002593319867,91325,262,480,7936,
107.11720698188164,91324,263,480,7936,
107.12035631296193,91323,264,480,7936,
107.1268902858925,91323,263,481,7936,
107.12898368705214,91322,264,481,7936,
107.12990782409528,91322,264,480,7937,
107.13098796928463,91322,264,479,7938,
107.1313092706477,91321,265,479,7938,
107.1329019382861,91321,264,480,7938,
107.13779287307783,91320,265,480,7938,
107.14189167838276,91320,265,479,7939,
107.15410504399145,91320,264,480,7939,
107.15792159349172,91319,265,480,7939,
107.16203668514252,91319,265,479,7940,
107.16821401292061,91319,264,480,7940,
107.16982662581003,91319,263,481,7940,
107.17506179041511,91319,262,482,7940,
107.18287183047318,91319,262,481,7941,
107.18494838274556,91318,263,481,7941,
107.19394264529684,91318,263,480,7942,
107.19410775147958,91318,263,479,7943,
107.1949518840956,91318,263,478,7944,
107.2219547056545,91318,263,477,7945,
107.2264830409755,91317,264,477,7945,
107.23013275974758,91317,263,478,7945,
107.2308583303772,91317,262,479,7945,
107.24169180788019,91316,263,479,7945,
107.24249988218268,91316,263,478,7946,
107.24281999547176,91316,263,477,7947,
107.25552204832135,91315,264,477,7947,
107.2565071432414,91315,263,478,7947,
107.26277721052665,91315,262,479,7947,
107.26928175345404,91315,262,478,7948,
107.29588235109921,91315,262,477,7949,
107.30166099411318,91315,262,476,7950,
107.30342181933057,91315,261,477,7950,
107.31075743954126,91315,260,478,7950,
107.32372543818047,91315,260,477,7951,
107.34816270121956,91315,260,476,7952,
107.35666726135301,91315,259,477,7952,
107.36329087390553,91314,260,477,7952,
107.36439984576592,91314,259,478,7952,
107.36901925843574,91314,259,477,7953,
107.37879363094547,91313,260,477,7953,
107.39633671399432,91313,260,476,7954,
107.40009440703855,91313,259,477,7954,
107.40788814550721,91313,258,478,7954,
107.40808438834765,91312,259,478,7954,
107.41636949269329,91312,258,479,7954,
107.42036707674299,91312,257,480,7954,
107.42347090441186,91311,258,480,7954,
107.42381967007881,91310,259,480,7954,
107.42983759671256,91309,260,480,7954,
107.43338776685512,91309,259,481,7954,
107.46342204654941,91309,259,480,7955,
107.46542209285342,91308,260,480,7955,
107.47354360219964,91307,261,480,7955,
107.47581901205959,91306,262,480,7955,
107.48504988059108,91306,261,481,7955,
107.48682850017858,91305,262,481,7955,
107.48956639576352,91304,263,481,7955,
107.49714341397143,91303,264,481,7955,
107.50176170119731,91303,263,482,7955,
107.51104639237154,91303,262,483,7955,
107.52147327535295,91303,261,484,7955,
107.53462632772113,91303,261,483,7956,
107.53935908889774,91303,261,482,7957,
107.54102048928982,91302,262,482,7957,
107.54163459507978,91302,262,481,7958,
107.5453003273477,91301,263,481,7958,
107.54692575961637,91301,263,480,7959,
107.55223672346804,91301,262,481,7959,
107.55407599465975,91301,262,480,7960,
107.55421776511326,91301,262,479,7961,
107.55947802004565,91301,261,480,7961,
107.56129782257727,91301,260,481,7961,
107.56408505074651,91301,260,480,7962,
107.56903455748858,91301,259,481,7962,
107.56944760602735,91301,259,480,7963,
107.57557732329501,91300,260,480,7963,
107.57892778487644,91300,259,481,7963,
107.58219524276528,91300,259,480,7964,
107.58536895495497,91300,258,481,7964,
107.58602573186913,91300,257,482,7964,
107.59315070143833,91299,258,482,7964,
107.59525874224876,91299,258,481,7965,
107.61609752902676,91299,258,480,7966,
107.62012955085953,91299,257,481,7966,
107.62155165628398,91299,257,480,7967,
107.62282549291905,91299,257,479,7968,
107.63196035996819,91299,256,480,7968,
107.6440423718765,91299,256,479,7969,
107.65096712369977,91299,255,480,7969,
107.65575636914078,91299,254,481,7969,
107.65739142572954,91299,253,482,7969,
107.66418793190581,91299,253,481,7970,
107.67316897742401,91299,253,480,7971,
107.67657676511956,91299,252,481,7971,
107.67744364481766,91299,251,482,7971,
107.68241146697761,91299,250,483,7971,
107.68541316485242,91299,250,482,7972,
107.7017383860058,91299,249,483,7972,
107.70280274157379,91299,249,482,7973,
107.70941581490473,91298,250,482,7973,
107.71490017994822,91298,249,483,7973,
107.71507680416019,91297,250,483,7973,
107.71657270840821,91296,251,483,7973,
107.71839358500775,91296,251,482,7974,
107.74070487360396,91295,252,482,7974,
107.74787468133394,91294,253,482,7974,
107.75074833240305,91293,254,482,7974,
107.76037233575985,91292,255,482,7974,
107.77063861532478,91292,255,481,7975,
107.77167359904536,91292,254,482,7975,
107.77484761001001,91292,253,483,7975,
107.78556264158955,91292,252,484,7975,
107.78876095080369,91291,253,484,7975,
107.80531465660331,91291,253,483,7976,
107.80642456637247,91291,252,484,7976,
107.80887583516557,91290,253,484,7976,
107.80909500589759,91290,253,483,7977,
107.81962854181741,91290,253,482,7978,
107.82658369581395,91290,252,483,7978,
107.8355842221904,91290,252,482,7979,
107.84560928965928,91290,251,483,7979,
107.85150215311006,91289,252,483,7979,
107.86278122285779,91288,253,483,7979,
107.87724934581888,91287,254,483,7979,
107.88882434695866,91287,254,482,7980,
107.89252996974028,91287,253,483,7980,
107.89298518710712,91286,254,483,7980,
107.89410658727574,91285,255,483,7980,
107.90060664559047,91285,255,482,7981,
107.90564649112176,91285,254,483,7981,
107.90806738797805,91284,255,483,7981,
107.92783568722655,91284,254,484,7981,
107.93425994572465,91284,254,483,7982,
107.95223470284306,91284,253,484,7982,
107.95481861833524,91284,253,483,7983,
107.95485829206741,91284,253,482,7984,
107.96758836793214,91283,254,482,7984,
107.97649388957683,91283,253,483,7984,
107.98454521147133,91282,254,483,7984,
107.98572479733316,91281,255,483,7984,
107.98671061247776,91280,256,483,7984,
107.99550843028072,91280,256,482,7985,
108.00860977794903,91280,255,483,7985,
108.01271897096805,91280,255,482,7986,
108.02096257483683,91280,255,481,7987,
108.02120425271008,91280,254,482,7987,
108.02925205216434,91280,253,483,7987,
108.03111626262367,91279,254,483,7987,
108.03577810468212,91279,253,484,7987,
108.05970158135216,91279,253,483,7988,
108.05984107159337,91279,253,482,7989,
108.06018774384854,91278,254,482,7989,
108.06354972445921,91278,254,481,7990,
108.06887310216331,91278,253,482,7990,
108.08125397298812,91278,252,483,7990,
108.10209846054893,91278,252,482,7991,
108.10731427933332,91278,251,483,7991,
108.1100687750042,91278,251,482,7992,
108.11784872052996,91277,252,482,7992,
108.12864273974478,91277,252,481,7993,
108.13726416895567,91276,253,481,7993,
108.13843044329877,91275,254,481,7993,
108.14443902312132,91275,254,480,7994,
108.14762739994131,91275,254,479,7995,
108.149112433404,91274,255,479,7995,
108.1529014097194,91274,254,480,7995,
108.15918914681593,91273,255,480,7995,
108.16583532222717,91273,255,479,7996,
108.169775570432,91273,254,480,7996,
108.16984942406948,91273,253,481,7996,
108.21195113082166,91273,252,482,7996,
108.21231474198166,91272,253,482,7996,
108.21644314960619,91272,252,483,7996,
108.21780674957472,91271,253,483,7996,
108.22187863353037,91270,254,483,7996,
108.22686189403373,91270,253,484,7996,
108.22850347454502,91270,253,483,7997,
108.23265861223356,91269,254,483,7997,
108.23825152590013,91269,253,484,7997,
108.24869234846167,91268,254,484,7997,
108.25096373935733,91267,255,484,7997,
108.25414841034029,91267,255,483,7998,
108.25709237151719,91267,255,482,7999,
108.26006530377148,91266,256,482,7999,
108.2767152410442,91266,256,481,8000,
108.27676098657022,91265,257,481,8000,
108.2830090040894,91265,256,482,8000,
108.28735214454016,91264,257,482,8000,
108.31063133561771,91263,258,482,8000,
108.32121634722498,91263,258,481,8001,
108.32315003032184,91263,257,482,8001,
108.3245049546136,91263,256,483,8001,
108.32958041291259,91263,256,482,8002,
108.33173781206872,91262,257,482,8002,
108.34201513068092,91262,256,483,8002,
108.34554311795887,91262,255,484,8002,
108.3660926270304,91261,256,484,8002,
108.39028766170708,91261,256,483,8003,
108.39309789439304,91261,256,482,8004,
108.39443825601451,91261,256,481,8005,
108.40290187227156,91261,255,482,8005,
108.40313375124315,91260,256,482,8005,
108.4096577488362,91260,255,483,8005,
108.42014415157698,91259,256,483,8005,
108.44603482126911,91259,255,484,8005,
108.44814264759131,91259,254,485,8005,
108.44880648395093,91258,255,485,8005,
108.44977063441377,91258,254,486,8005,
108.4677013771279,91257,255,486,8005,
108.47087429532655,91256,256,486,8005,
108.4770008952282,91255,257,486,8005,
108.48784219262073,91255,257,485,8006,
108.4909634546722,91254,258,485,8006,
108.50597604416934,91253,259,485,8006,
108.50647356961575,91253,258,486,8006,
108.50734221681333,91252,259,486,8006,
108.5229439885168,91252,258,487,8006,
108.53279400180685,91252,257,488,8006,
108.53783983009318,91251,258,488,8006,
108.54048176471949,91251,258,487,8007,
108.54256519961888,91251,258,486,8008,
108.54793601448472,91251,258,485,8009,
108.5497023296674,91250,259,485,8009,
108.55490609394663,91249,260,485,8009,
108.56118993120633,91249,260,484,8010,
108.56144318491474,91248,261,484,8010,
108.56511034443062,91248,261,483,8011,
108.56757097838884,91247,262,483,8011,
108.57418621299239,91247,262,482,8012,
108.57962285074086,91247,261,483,8012,
108.59054211709704,91246,262,483,8012,
108.59867112879851,91246,261,484,8012,
108.60272509128089,91246,260,485,8012,
108.60392554673459,91246,260,484,8013,
108.61168486268096,91246,260,483,8014,
108.61366654023533,91245,261,483,8014,
108.61649433664924,91245,260,484,8014,
108.6276058269839,91245,259,485,8014,
108.62996425654379,91244,260,485,8014,
108.63221302669572,91244,260,484,8015,
108.64229792141194,91244,260,483,8016,
108.6612496439646,91243,261,483,8016,
108.67165752227812,91243,261,482,8017,
108.67232723954834,91243,261,481,8018,
108.68329281186746,91243,260,482,8018,
108.68415422978438,91243,260,481,8019,
108.69065358212502,91242,261,481,8019,
108.70776923065849,91241,262,481,8019,
108.70940664068259,91240,263,481,8019,
108.71232352853912,91240,262,482,8019,
108.71477670961809,91240,262,481,8020,
108.71534973273643,91240,261,482,8020,
108.71740923724688,91239,262,482,8020,
108.71778966139163,91238,263,482,8020,
108.72156812037665,91238,263,481,8021,
108.73226789656152,91238,262,482,8021,
108.73656088446141,91238,261,483,8021,
108.74619813266091,91238,260,484,8021,
108.77514675730447,91238,259,485,8021,
108.78928506587094,91238,259,484,8022,
108.80530062348222,91238,258,485,8022,
108.80586972988621,91238,258,484,8023,
108.80858207950203,91238,257,485,8023,
108.81450930420684,91238,256,486,8023,
108.81488583267836,91237,257,486,8023,
108.81683800544465,91237,257,485,8024,
108.83758629699389,91237,256,486,8024,
108.84334157093336,91237,255,487,8024,
108.84926537352939,91237,255,486,8025,
108.854667095639,91237,255,485,8026,
108.85561984957532,91237,254,486,8026,
108.8618667584185,91237,254,485,8027,
108.86483406687987,91236,255,485,8027,
108.87004499328899,91235,256,485,8027,
108.88431714304964,91235,255,486,8027,
108.89108620337484,91235,255,485,8028,
108.89291382241561,91234,256,485,8028,
108.90636401020632,91234,255,486,8028,
108.90837835858542,91234,254,487,8028,
108.91067305281155,91234,253,488,8028,
108.91337013204935,91234,253,487,8029,
108.91738527376017,91234,252,488,8029,
108.93125815441402,91233,253,488,8029,
108.94849861006702,91233,253,487,8030,
108.95803841398134,91233,253,486,8031,
108.96331996153384,91233,252,487,8031,
108.96365176154809,91233,252,486,8032,
108.9672322009952,91232,253,486,8032,
108.99060109653487,91232,253,485,8033,
108.99134565988211,91232,252,486,8033,
109.01616459389459,91232,252,485,8034,
109.01842164526656,91232,252,484,8035,
109.02038626909267,91232,251,485,8035,
109.02167770191065,91232,250,486,8035,
109.0241569922537,91231,251,486,8035,
109.0477129325167,91230,252,486,8035,
109.05538294575354,91229,253,486,8035,
109.06883202832793,91229,252,487,8035,
109.06962896037928,91229,251,488,8035,
109.09073953828393,91228,252,488,8035,
109.0931520713957,91227,253,488,8035,
109.0998222532639,91227,253,487,8036,
109.10365072695346,91227,253,486,8037,
109.10753400324097,91227,252,487,8037,
109.10755401820774,91227,252,486,8038,
109.11390629542328,91226,253,486,8038,
109.1333076703844,91225,254,486,8038,
109.13932350522691,91224,255,486,8038,
109.14416103043911,91223,256,486,8038,
109.1483957288892,91222,257,486,8038,
109.15268300295908,91222,256,487,8038,
109.15543386860438,91222,255,488,8038,
109.15665918883587,91222,255,487,8039,
109.16353881123177,91221,256,487,8039,
109.1673293986732,91221,256,486,8040,
109.17496505740219,91221,256,485,8041,
109.18476634765236,91221,256,484,8042,
109.1854473155554,91221,255,485,8042,
109.1918005419071,91220,256,485,8042,
109.19523481534384,91219,257,485,8042,
109.19740132515801,91219,256,486,8042,
109.19897812072401,91218,257,486,8042,
109.20275885658552,91218,257,485,8043,
109.20907723294641,91217,258,485,8043,
109.21154380647774,91217,258,484,8044,
109.21597388232459,91217,258,483,8045,
109.22504372843594,91216,259,483,8045,
109.22606813427413,91215,260,483,8045,
109.23264216180164,91215,259,484,8045,
109.25700419242497,91214,260,484,8045,
109.26046531733066,91214,260,483,8046,
109.26551086326062,91214,259,484,8046,
109.2680808762301,91214,259,483,8047,
109.27047809575402,91214,259,482,8048,
109.27153630212453,91214,258,483,8048,
109.28207048018452,91214,257,484,8048,
109.28443733889891,91214,257,483,8049,
109.29799021892234,91214,256,484,8049,
109.30932289898166,91214,255,485,8049,
109.31230871872549,91213,256,485,8049,
109.31338215829969,91213,256,484,8050,
109.31814883129414,91213,256,483,8051,
109.33030903046426,91213,255,484,8051,
109.33981871236378,91213,254,485,8051,
109.35102469199606,91212,255,485,8051,
109.35830230378204,91212,255,484,8052,
109.36542533466962,91212,255,483,8053,
109.36921431169424,91212,255,482,8054,
109.378017202645,91212,255,481,8055,
109.37802265432542,91212,254,482,8055,
109.40541084369804,91212,253,483,8055,
109.40754464646179,91211,254,483,8055,
109.41199706089861,91211,254,482,8056,
109.41555964289847,91211,254,481,8057,
109.41919911145453,91211,254,480,8058,
109.42236675717143,91211,254,479,8059,
109.43241251899238,91211,253,480,8059,
109.438587587497,91211,253,479,8060,
109.44460309420953,91210,254,479,8060,
109.44584183579674,91209,255,479,8060,
109.44899065342938,91208,256,479,8060,
109.46038210504008,91208,256,478,8061,
109.46084080736696,91208,255,479,8061,
109.47604390223952,91207,256,479,8061,
109.48329383628511,91207,255,480,8061,
109.49227515642134,91207,254,481,8061,
109.49285528697982,91207,254,480,8062,
109.5023718438421,91206,255,480,8062,
109.50695377125916,91205,256,480,8062,
109.51135087642399,91205,255,481,8062,
109.51481922167947,91205,254,482,8062,
109.519799451212,91205,254,481,8063,
109.51986670328857,91205,253,482,8063,
109.52427351127571,91205,252,483,8063,
109.52506047738751,91205,251,484,8063,
109.53653843442149,91204,252,484,8063,
109.53751188655282,91203,253,484,8063,
109.56358272737286,91202,254,484,8063,
109.57806415257352,91202,254,483,8064,
109.58319093204025,91202,254,482,8065,
109.59503093636388,91202,253,483,8065,
109.59854712939506,91202,253,482,8066,
109.60105242772653,91202,252,483,8066,
109.61017519825108,91201,253,483,8066,
109.65014509014605,91201,253,482,8067,
109.65841937693693,91200,254,482,8067,
109.65952131916104,91200,253,483,8067,
109.65994396972488,91199,254,483,8067,
109.66272502883783,91199,254,482,8068,
109.67991081905745,91198,255,482,8068,
109.68314747289841,91198,255,481,8069,
109.68345963680929,91198,255,480,8070,
109.68406518416862,91197,256,480,8070,
109.6865939572834,91197,255,481,8070,
109.68789429802254,91196,256,481,8070,
109.68981552703383,91195,257,481,8070,
109.69370369049878,91194,258,481,8070,
109.69449467939538,91194,258,480,8071,
109.70464994662458,91194,258,479,8072,
109.70754900949288,91193,259,479,8072,
109.71191889248507,91192,260,479,8072,
109.71775403540084,91192,259,480,8072,
109.71804073737582,91192,258,481,8072,
109.73962900199042,91192,258,480,8073,
109.75681610979987,91192,257,481,8073,
109.75998651047581,91192,256,482,8073,
109.76874320546877,91191,257,482,8073,
109.77045264335366,91191,257,481,8074,
109.77606961753048,91191,257,480,8075,
109.77697320536797,91190,258,480,8075,
109.78141460643904,91190,257,481,8075,
109.7886292736211,91189,258,481,8075,
109.80605558688572,91189,257,482,8075,
109.8152551924902,91189,256,483,8075,
109.81526414257321,91189,256,482,8076,
109.82710892079845,91189,255,483,8076,
109.8457036350586,91189,255,482,8077,
109.86638469290828,91188,256,482,8077,
109.8688554482502,91188,255,483,8077,
109.87320209106366,91188,254,484,8077,
109.87462956612512,91188,253,485,8077,
109.87845432607628,91188,253,484,8078,
109.88354650039491,91187,254,484,8078,
109.8894949692898,91187,254,483,8079,
109.89335671267703,91187,253,484,8079,
109.89583130313025,91186,254,484,8079,
109.89919785798442,91186,253,485,8079,
109.89920977820118,91185,254,485,8079,
109.9057027909212,91185,254,484,8080,
109.91109990975966,91185,254,483,8081,
109.91111393207197,91185,253,484,8081,
109.92841390779836,91185,253,483,8082,
109.9289298677576,91184,254,483,8082,
109.95988859656651,91184,254,482,8083,
109.96983262731825,91184,254,481,8084,
109.97478218605588,91183,255,481,8084,
109.99078669833011,91182,256,481,8084,
109.99385718877869,91182,255,482,8084,
110.00191062086519,91182,255,481,8085,
110.01346839283923,91182,255,480,8086,
110.0152728782263,91182,255,479,8087,
110.04934444176298,91182,254,480,8087,
110.07525487906591,91181,255,480,8087,
110.07843437561058,91181,255,479,8088,
110.10256530066516,91180,256,479,8088,
110.10263045406353,91179,257,479,8088,
110.1086311958324,91179,257,478,8089,
110.11343613302134,91179,257,477,8090,
110.1162662204986,91178,258,477,8090,
110.12464343606935,91177,259,477,8090,
110.12922989135274,91176,260,477,8090,
110.14746715459293,91176,260,476,8091,
110.15605255220835,91176,259,477,8091,
110.15663855633292,91176,259,476,8092,
110.16479564404541,91175,260,476,8092,
110.16663905946552,91175,260,475,8093,
110.17317555859638,91174,261,475,8093,
110.17760941096687,91174,261,474,8094,
110.19301576366317,91174,261,473,8095,
110.19892729304857,91174,260,474,8095,
110.20854416638934,91174,260,473,8096,
110.24530405459186,91173,261,473,8096,
110.24685475864987,91172,262,473,8096,
110.25239627992879,91172,262,472,8097,
110.25286615157395,91172,261,473,8097,
110.25831214286157,91172,260,474,8097,
110.26056067348493,91172,260,473,8098,
110.26192714350825,91172,260,472,8099,
110.26579692478977,91172,259,473,8099,
110.26871180622375,91172,258,474,8099,
110.26890554635892,91172,258,473,8100,
110.26929625123756,91171,259,473,8100,
110.2705388025642,91171,259,472,8101,
110.27985396151664,91171,258,473,8101,
110.28323895458108,91171,257,474,8101,
110.29362249534651,91171,256,475,8101,
110.29997034947283,91171,256,474,8102,
110.30830461259455,91170,257,474,8102,
110.3114896549846,91169,258,474,8102,
110.32059592983255,91169,257,475,8102,
110.3268796233818,91169,257,474,8103,
110.32825251441017,91169,257,473,8104,
110.33343964304264,91168,258,473,8104,
110.33475751593973,91168,257,474,8104,
110.34050804374655,91168,256,475,8104,
110.34669190558436,91168,256,474,8105,
110.34953787572088,91168,256,473,8106,
110.35241961745348,91168,256,472,8107,
110.35527199689128,91168,255,473,8107,
110.35896992254783,91168,254,474,8107,
110.35936326978093,91168,254,473,8108,
110.37335388830766,91168,253,474,8108,
110.38657531646284,91167,254,474,8108,
110.39099087076198,91167,253,475,8108,
110.39359520297351,91167,253,474,8109,
110.40470376116916,91167,252,475,8109,
110.4059398129578,91167,251,476,8109,
110.41742179659937,91167,251,475,8110,
110.41800880175626,91167,251,474,8111,
110.42436072737397,91166,252,474,8111,
110.435651061759,91165,253,474,8111,
110.44016252681885,91165,252,475,8111,
110.46220540107254,91164,253,475,8111,
110.46251750550627,91164,252,476,8111,
110.47127227272657,91164,251,477,8111,
110.48249371317895,91163,252,477,8111,
110.48266816250091,91163,251,478,8111,
110.48468104300824,91163,251,477,8112,
110.4938467591956,91163,250,478,8112,
110.49766191385166,91163,249,479,8112,
110.50633301442025,91163,248,480,8112,
110.50900983893233,91163,248,479,8113,
110.51295944533953,91162,249,479,8113,
110.52408215484394,91162,249,478,8114,
110.5241342465834,91162,249,477,8115,
110.527426848437,91162,249,476,8116,
110.53551401839165,91162,249,475,8117,
110.5380410693972,91162,248,476,8117,
110.53997790736257,91162,247,477,8117,
110.54412744578948,91162,247,476,8118,
110.54666355375693,91162,247,475,8119,
110.55037592389043,91162,247,474,8120,
110.55529080759149,91162,247,473,8121,
110.55720298023431,91162,246,474,8121,
110.55874037794143,91161,247,474,8121,
110.56709411886146,91161,247,473,8122,
110.56757503280755,91160,248,473,8122,
110.57130025474558,91159,249,473,8122,
110.5782291941682,91158,250,473,8122,
110.5807920487531,91158,249,474,8122,
110.59097761584658,91158,248,475,8122,
110.60181162778535,91157,249,475,8122,
110.61089031238359,91157,249,474,8123,
110.61170744595316,91157,248,475,8123,
110.61775085109292,91157,248,474,8124,
110.62136805787202,91157,248,473,8125,
110.62381738229234,91156,249,473,8125,
110.62619195434968,91155,250,473,8125,
110.62922371183765,91155,250,472,8126,
110.62953625551683,91155,250,471,8127,
110.64107654542815,91155,249,472,8127,
110.65737118243251,91155,248,473,8127,
110.66269900601256,91155,247,474,8127,
110.67182780709794,91155,247,473,8128,
110.67468358260402,91155,247,472,8129,
110.6790356799824,91155,247,471,8130,
110.68426777137219,91154,248,471,8130,
110.69083716597837,91154,247,472,8130,
110.69263652634544,91154,247,471,8131,
110.69411486255498,91154,247,470,8132,
110.69841692737411,91154,246,471,8132,
110.69930431475608,91154,246,470,8133,
110.70199214550095,91154,245,471,8133,
110.7024381202992,91154,244,472,8133,
110.70411509444568,91153,245,472,8133,
110.70621500202304,91152,246,472,8133,
110.70846630477226,91152,246,471,8134,
110.71417555225815,91152,246,470,8135,
110.7160058276634,91152,246,469,8136,
110.71990060415816,91152,246,468,8137,
110.72215250024462,91151,247,468,8137,
110.7285974776299,91151,246,469,8137,
110.73908217807478,91151,245,470,8137,
110.74715128239784,91151,245,469,8138,
110.74753050283437,91151,245,468,8139,
110.75608973652781,91151,245,467,8140,
110.76299979174371,91150,246,467,8140,
110.7696077319064,91150,245,468,8140,
110.77132603965526,91150,245,467,8141,
110.79117215220967,91150,245,466,8142,
110.81372346265502,91150,244,467,8142,
110.82637520311576,91150,243,468,8142,
110.84285317524635,91150,243,467,8143,
110.84426768134976,91149,244,467,8143,
110.85086297126219,91148,245,467,8143,
110.85574044288953,91148,245,466,8144,
110.8588611458213,91148,245,465,8145,
110.85999495862214,91148,245,464,8146,
110.86250670704169,91147,246,464,8146,
110.8678730627123,91147,246,463,8147,
110.87958796073535,91146,247,463,8147,
110.88401115769062,91146,246,464,8147,
110.88652157043484,91145,247,464,8147,
110.8945084986276,91144,248,464,8147,
110.90483006903554,91143,249,464,8147,
110.91026698921986,91143,249,463,8148,
110.91902831418942,91143,249,462,8149,
110.93338980603181,91143,249,461,8150,
110.93837682823576,91143,248,462,8150,
110.94028769151494,91143,247,463,8150,
110.95786508911334,91143,247,462,8151,
110.96723830190487,91143,246,463,8151,
110.97984501026717,91143,245,464,8151,
110.98074958981012,91142,246,464,8151,
110.98867321108102,91141,247,464,8151,
110.99545378214269,91141,246,465,8151,
111.00525945224184,91140,247,465,8151,
111.02627535985863,91140,247,464,8152,
111.04088729769958,91139,248,464,8152,
111.04544725203272,91139,247,465,8152,
111.04913554125562,91138,248,465,8152,
111.05105065212123,91137,249,465,8152,
111.05227045893363,91136,250,465,8152,
111.05443128619419,91136,249,466,8152,
111.05949372673717,91136,248,467,8152,
111.06152477164363,91135,249,467,8152,
111.06379639122075,91134,250,467,8152,
111.0661024268735,91134,250,466,8153,
111.0844681859438,91134,250,465,8154,
111.08564101365903,91134,249,466,8154,
111.08606932388174,91133,250,466,8154,
111.08673407882074,91132,251,466,8154,
111.0886058455636,91132,251,465,8155,
111.09625445361809,91131,252,465,8155,
111.10137360213508,91130,253,465,8155,
111.10469571457963,91129,254,465,8155,
111.11078930165269,91129,254,464,8156,
111.1157159934647,91129,253,465,8156,
111.1183507872579,91129,252,466,8156,
111.15136110701168,91129,252,465,8157,
111.15652204459275,91128,253,465,8157,
111.16573396385857,91128,252,466,8157,
111.19465456021635,91128,251,467,8157,
111.20547737510617,91127,252,467,8157,
111.20973456138606,91126,253,467,8157,
111.217907973608,91126,252,468,8157,
111.22352601035321,91125,253,468,8157,
111.2338319640626,91125,252,469,8157,
111.23669237539895,91125,252,468,8158,
111.23996854806391,91125,251,469,8158,
111.26052048143146,91125,251,468,8159,
111.26080424004661,91125,251,467,8160,
111.26283729162571,91125,251,466,8161,
111.2771954179084,91124,252,466,8161,
111.27753070624235,91124,251,467,8161,
111.27818683432233,91124,250,468,8161,
111.28395940818942,91123,251,468,8161,
111.28992477494992,91122,252,468,8161,
111.2903293194121,91122,251,469,8161,
111.2920215830278,91122,251,468,8162,
111.29406487434846,91122,250,469,8162,
111.29492457845424,91122,250,468,8163,
111.30379592438723,91121,251,468,8163,
111.30418846613978,91121,250,469,8163,
111.30430180380705,91121,249,470,8163,
111.30594768793303,91121,249,469,8164,
111.30605931696982,91120,250,469,8164,
111.32022232504202,91120,250,468,8165,
111.35451510454078,91120,249,469,8165,
111.3547315921909,91120,249,468,8166,
111.36492933225776,91120,248,469,8166,
111.37757538688518,91120,248,468,8167,
111.38672729697618,91120,248,467,8168,
111.40213667331214,91120,247,468,8168,
111.41144180230793,91120,247,467,8169,
111.42569073033363,91120,246,468,8169,
111.42723538253776,91119,247,468,8169,
111.44150524509834,91119,247,467,8170,
111.45178090887615,91118,248,467,8170,
111.46288683268776,91118,247,468,8170,
111.4687329611765,91117,248,468,8170,
111.4732049746334,91117,248,467,8171,
111.47525239167194,91116,249,467,8171,
111.49041485773141,91116,249,466,8172,
111.49830925474683,91116,248,467,8172,
111.50079406758896,91115,249,467,8172,
111.50528861471048,91114,250,467,8172,
111.51019767179677,91114,249,468,8172,
111.51952754602372,91114,248,469,8172,
111.52571913750197,91114,248,468,8173,
111.53148000102621,91114,248,467,8174,
111.53246170656477,91114,248,466,8175,
111.5371089378559,91114,247,467,8175,
111.55996380314963,91114,247,466,8176,
111.5718896214797,91114,246,467,8176,
111.59235939093244,91114,246,466,8177,
111.59263605346212,91114,245,467,8177,
111.59604401782813,91113,246,467,8177,
111.59692393054053,91113,246,466,8178,
111.60960742675205,91113,245,467,8178,
111.61019572897791,91113,244,468,8178,
111.63884788462204,91112,245,468,8178,
111.64215710495927,91112,244,469,8178,
111.64247593049593,91112,244,468,8179,
111.65351692743279,91112,243,469,8179,
111.65372370139502,91112,242,470,8179,
111.65554649278603,91112,241,471,8179,
111.66657023959306,91112,241,470,8180,
111.66896856888579,91112,241,469,8181,
111.67962608371379,91112,241,468,8182,
111.70135586828478,91112,241,467,8183,
111.70389675119006,91112,240,468,8183,
111.70436011966373,91111,241,468,8183,
111.7069714445534,91110,242,468,8183,
111.71074564107859,91110,241,469,8183,
111.71875751882514,91109,242,469,8183,
111.72250629961144,91109,242,468,8184,
111.73571045269712,91109,241,469,8184,
111.73881680640167,91109,241,468,8185,
111.76575652816086,91109,241,467,8186,
111.7669405455652,91109,241,466,8187,
111.76694600692048,91109,241,465,8188,
111.78276938059959,91108,242,465,8188,
111.7838488739649,91108,242,464,8189,
111.78484211214484,91108,242,463,8190,
111.80015898213327,91108,242,462,8191,
111.81235791166125,91108,242,461,8192,
111.81637444154603,91108,241,462,8192,
111.81982750613491,91107,242,462,8192,
111.82115253180186,91107,241,463,8192,
111.82535479964048,91107,240,464,8192,
111.84286544699772,91107,239,465,8192,
111.84434506048544,91107,238,466,8192,
111.84729177943572,91107,237,467,8192,
111.85420004570301,91107,237,466,8193,
111.85987665665289,91107,237,465,8194,
111.86064614467418,91106,238,465,8194,
111.87033419306599,91106,238,464,8195,
111.8750330391176,91106,237,465,8195,
111.87801823655106,91106,236,466,8195,
111.88287439392,91106,235,467,8195,
111.8846649826073,91106,234,468,8195,
111.8894799420357,91106,233,469,8195,
111.89184527296635,91106,233,468,8196,
111.89612078798785,91106,233,467,8197,
111.89769073422252,91105,234,467,8197,
111.89958386950414,91104,235,467,8197,
111.91338541127446,91104,235,466,8198,
111.91952873071779,91103,236,466,8198,
111.92263272371852,91103,236,465,8199,
111.92534432217228,91103,236,464,8200,
111.94623580692777,91103,235,465,8200,
111.95700406317077,91103,234,466,8200,
111.96570959367452,91102,235,466,8200,
111.96994069438574,91102,235,465,8201,
111.97426569496744,91101,236,465,8201,
111.97472664193101,91100,237,465,8201,
111.97517682981962,91100,237,464,8202,
111.97651304977593,91100,237,463,8203,
111.97664070594614,91100,237,462,8204,
111.97745595462015,91100,236,463,8204,
112.00873360700706,91100,235,464,8204,
112.01111438445218,91100,235,463,8205,
112.01482180997755,91100,235,462,8206,
112.01835573428733,91100,234,463,8206,
112.0209246922603,91100,233,464,8206,
112.03070458682663,91100,233,463,8207,
112.03270431409852,91100,232,464,8207,
112.06065084268388,91100,232,463,8208,
112.06845773220516,91100,232,462,8209,
112.07314767645417,91100,231,463,8209,
112.09161152192232,91100,231,462,8210,
112.12039313893838,91099,232,462,8210,
112.12169000710841,91099,231,463,8210,
112.12798853592187,91099,230,464,8210,
112.13050843307931,91099,229,465,8210,
112.13692820491141,91099,229,464,8211,
112.13843619649808,91099,229,463,8212,
112.144391059882,91099,228,464,8212,
112.16576622479005,91098,229,464,8212,
112.17445757041952,91097,230,464,8212,
112.17491926697807,91097,229,465,8212,
112.17658598046643,91097,228,466,8212,
112.18791590369717,91096,229,466,8212,
112.18847574816121,91096,228,467,8212,
112.20116121128304,91095,229,467,8212,
112.21039841808269,91094,230,467,8212,
112.2145479256611,91094,230,466,8213,
112.2219528365396,91094,230,465,8214,
112.22521560940439,91094,229,466,8214,
112.22717891838953,91094,228,467,8214,
112.26108606057514,91093,229,467,8214,
112.26829937299519,91093,229,466,8215,
112.28816456430724,91093,229,465,8216,
112.29550698868776,91093,229,464,8217,
112.30305803948062,91093,228,465,8217,
112.30737391683071,91093,228,464,8218,
112.31571204951481,91093,228,463,8219,
112.32880027267589,91093,228,462,8220,
112.33337872720605,91093,227,463,8220,
112.33396168826576,91092,228,463,8220,
112.3417974664215,91091,229,463,8220,
112.3548986856854,91091,228,464,8220,
112.3588074907631,91091,228,463,8221,
112.35943607491362,91091,228,462,8222,
112.36198405436265,91090,229,462,8222,
112.36691143701248,91089,230,462,8222,
112.36843028715285,91088,231,462,8222,
112.37078379554947,91088,231,461,8223,
112.37868055522654,91087,232,461,8223,
112.39824596590924,91087,232,460,8224,
112.40061451123393,91087,232,459,8225,
112.4022505915135,91087,231,460,8225,
112.4027256140744,91086,232,460,8225,
112.42308269605604,91086,232,459,8226,
112.42820709160505,91086,232,458,8227,
112.45279532651016,91086,232,457,8228,
112.45952907247374,91086,231,458,8228,
112.46033205574606,91086,231,457,8229,
112.4725399380398,91086,231,456,8230,
112.4954384765254,91085,232,456,8230,
112.50549574209427,91085,232,455,8231,
112.51069103690695,91085,232,454,8232,
112.51264998393461,91085,232,453,8233,
112.51384130152073,91084,233,453,8233,
112.51769660219685,91084,232,454,8233,
112.52246256852266,91083,233,454,8233,
112.54529073104953,91083,233,453,8234,
112.56099661862254,91082,234,453,8234,
112.56255204249253,91082,234,452,8235,
112.56699347955221,91082,233,453,8235,
112.57748150495735,91082,232,454,8235,
112.57791695141597,91082,232,453,8236,
112.57992406534612,91081,233,453,8236,
112.58265639449888,91081,232,454,8236,
112.59653553357752,91080,233,454,8236,
112.59830491375597,91080,232,455,8236,
112.60087217516092,91080,232,454,8237,
112.61057691961736,91080,231,455,8237,
112.62471061386177,91080,230,456,8237,
112.63268223495123,91080,229,457,8237,
112.6332986310508,91080,228,458,8237,
112.63647360039067,91079,229,458,8237,
112.65059847872926,91078,230,458,8237,
112.66196877082783,91077,231,458,8237,
112.67124213860677,91077,230,459,8237,
112.67732150239164,91077,230,458,8238,
112.68856500848088,91076,231,458,8238,
112.693663568049,91076,230,459,8238,
112.69797862436596,91076,230,458,8239,
112.70759075650123,91076,229,459,8239,
112.71096833620769,91075,230,459,8239,
112.71195212478435,91075,230,458,8240,
112.71596060653619,91075,230,457,8241,
112.71731699945987,91074,231,457,8241,
112.7201858044049,91074,231,456,8242,
112.75845815406953,91074,230,457,8242,
112.76221076177211,91074,230,456,8243,
112.77554686640141,91073,231,456,8243,
112.77689254669778,91073,230,457,8243,
112.77778750837113,91073,229,458,8243,
112.80872539543796,91073,228,459,8243,
112.81884039022336,91073,228,458,8244,
112.83359187823766,91072,229,458,8244,
112.83464054110203,91072,228,459,8244,
112.85332612308748,91072,228,458,8245,
112.8542867039919,91072,227,459,8245,
112.86749442208068,91072,227,458,8246,
112.87800039492832,91072,227,457,8247,
112.87930780604708,91072,227,456,8248,
112.88732275856376,91071,228,456,8248,
112.89174893139467,91070,229,456,8248,
112.89550386156178,91070,229,455,8249,
112.89612382566838,91070,229,454,8250,
112.90676758904874,91069,230,454,8250,
112.91769471640438,91069,229,455,8250,
112.94658413441627,91069,228,456,8250,
112.94671108501534,91069,227,457,8250,
112.94894452868098,91068,228,457,8250,
112.95126190414129,91068,228,456,8251,
112.95801345998905,91068,228,455,8252,
112.97686766650023,91068,228,454,8253,
112.98501894708441,91068,228,453,8254,
112.99331084189839,91067,229,453,8254,
113.01093706517453,91067,228,454,8254,
113.01944922984646,91067,227,455,8254,
113.02157808133967,91067,226,456,8254,
113.04623262320501,91066,227,456,8254,
113.04811454606886,91066,226,457,8254,
113.05175061245723,91066,225,458,8254,
113.07052378769578,91066,225,457,8255,
113.0712905611756,91065,226,457,8255,
113.08381428903007,91064,227,457,8255,
113.09282066753721,91063,228,457,8255,
113.09909748211041,91062,229,457,8255,
113.10253110166404,91061,230,457,8255,
113.11375951314224,91061,230,456,8256,
113.12457878400511,91061,230,455,8257,
113.12512969318576,91060,231,455,8257,
113.1367996194254,91059,232,455,8257,
113.14342074201747,91058,233,455,8257,
113.16153362473642,91058,233,454,8258,
113.1624594740741,91058,233,453,8259,
113.16301117460608,91057,234,453,8259,
113.16546124806976,91057,233,454,8259,
113.18056687810807,91057,232,455,8259,
113.18575553961583,91057,232,454,8260,
113.19711695911201,91056,233,454,8260,
113.1995892975722,91056,232,455,8260,
113.20827543849336,91055,233,455,8260,
113.20838147017984,91055,233,454,8261,
113.21056469725258,91055,233,453,8262,
113.21461696812355,91055,233,452,8263,
113.2165064443684,91055,232,453,8263,
113.22431028384213,91054,233,453,8263,
113.24238599681587,91053,234,453,8263,
113.24404813082322,91053,233,454,8263,
113.24953575515173,91052,234,454,8263,
113.2520315343287,91052,233,455,8263,
113.25338838704339,91051,234,455,8263,
113.26241823602979,91050,235,455,8263,
113.27193026398751,91050,235,454,8264,
113.27810122949505,91050,234,455,8264,
113.28775024506658,91050,233,456,8264,
113.28795180240485,91050,233,455,8265,
113.30241950487402,91050,233,454,8266,
113.31452619913986,91050,233,453,8267,
113.32032848886743,91050,233,452,8268,
113.32626565343634,91050,233,451,8269,
113.33241901723054,91049,234,451,8269,
113.33715858067396,91049,234,450,8270,
113.34045918596104,91049,233,451,8270,
113.34207625165428,91049,233,450,8271,
113.35007138025227,91048,234,450,8271,
113.37255219420771,91047,235,450,8271,
113.41082605981883,91046,236,450,8271,
113.42426429067908,91046,236,449,8272,
113.42427060897279,91045,237,449,8272,
113.42742262851704,91045,236,450,8272,
113.43289598525496,91044,237,450,8272,
113.43950153892243,91044,236,451,8272,
113.44495130473692,91043,237,451,8272,
113.44528095419375,91042,238,451,8272,
113.45221519434998,91042,238,450,8273,
113.45626191520472,91041,239,450,8273,
113.45844296681639,91041,238,451,8273,
113.46503063556547,91041,238,450,8274,
113.4695873660848,91041,238,449,8275,
113.47447836558848,91041,238,448,8276,
113.47457403807684,91040,239,448,8276,
113.47678669453512,91039,240,448,8276,
113.48750680158398,91039,239,449,8276,
113.4950457457688,91038,240,449,8276,
113.50236884335459,91038,239,450,8276,
113.50473669123959,91038,239,449,8277,
113.5096583103326,91037,240,449,8277,
113.558281557318,91037,240,448,8278,
113.55838643002625,91037,240,447,8279,
113.55877567723809,91037,239,448,8279,
113.55949310801591,91037,239,447,8280,
113.56015601046457,91037,238,448,8280,
113.56259408288277,91036,239,448,8280,
113.56499005493733,91035,240,448,8280,
113.57175557273452,91035,239,449,8280,
113.58363678150425,91035,239,448,8281,
113.58720823298393,91034,240,448,8281,
113.59069194575038,91034,239,449,8281,
113.59258987034879,91034,239,448,8282,
113.59397304036656,91034,239,447,8283,
113.60116725608626,91034,238,448,8283,
113.60311224998297,91034,237,449,8283,
113.6031566139377,91033,238,449,8283,
113.60709828683008,91033,238,448,8284,
113.61769651958312,91032,239,448,8284,
113.61913368715749,91031,240,448,8284,
113.6226675149991,91031,240,447,8285,
113.63875499861213,91030,241,447,8285,
113.66140944214624,91029,242,447,8285,
113.67793646535883,91029,241,448,8285,
113.68901453901887,91028,242,448,8285,
113.6954707322576,91028,242,447,8286,
113.73613722656603,91028,242,446,8287,
113.74099875694812,91027,243,446,8287,
113.75489949478668,91027,242,447,8287,
113.76192420438522,91027,242,446,8288,
113.77604865579124,91027,241,447,8288,
113.78331934629529,91026,242,447,8288,
113.79438805130755,91026,242,446,8289,
113.80118655284866,91025,243,446,8289,
113.80361845114872,91024,244,446,8289,
113.8159740227662,91024,244,445,8290,
113.81781053234333,91024,243,446,8290,
113.82192355358265,91024,242,447,8290,
113.8246289026414,91024,242,446,8291,
113.82530327614943,91024,241,447,8291,
113.83351531290876,91024,241,446,8292,
113.83571827632224,91024,241,445,8293,
113.8424055474377,91023,242,445,8293,
113.84480710446465,91023,241,446,8293,
113.84823275278347,91023,241,445,8294,
113.84879931708227,91023,241,444,8295,
113.8596871435187,91023,241,443,8296,
113.85977250342088,91022,242,443,8296,
113.86266602261446,91021,243,443,8296,
113.86898686614889,91021,243,442,8297,
113.89025143544377,91021,243,441,8298,
113.90039455429893,91021,242,442,8298,
113.90687141908629,91020,243,442,8298,
113.91001620606386,91020,242,443,8298,
113.91046841406191,91019,243,443,8298,
113.9137069166967,91018,244,443,8298,
113.9158131757365,91018,243,444,8298,
113.92133359915397,91017,244,444,8298,
113.92381080663912,91017,243,445,8298,
113.92448551413204,91017,242,446,8298,
113.92518472628879,91017,241,447,8298,
113.92711106178146,91016,242,447,8298,
113.93256223182118,91015,243,447,8298,
113.93282135971728,91015,242,448,8298,
113.93765031121444,91014,243,448,8298,
113.95143534065704,91014,242,449,8298,
113.9527683667664,91014,242,448,8299,
113.97480217477612,91014,242,447,8300,
113.97885847467143,91014,242,446,8301,
113.98339883314082,91013,243,446,8301,
113.99412137528714,91013,242,447,8301,
113.99688089272809,91013,241,448,8301,
114.00793347579508,91012,242,448,8301,
114.0141674223342,91012,242,447,8302,
114.01923536730263,91011,243,447,8302,
114.02169687612596,91010,244,447,8302,
114.02787419192774,91010,244,446,8303,
114.02831578845516,91010,243,447,8303,
114.0343784964861,91010,242,448,8303,
114.0406686062318,91010,241,449,8303,
114.0505608520727,91009,242,449,8303,
114.05390270769563,91008,243,449,8303,
114.05630091998532,91007,244,449,8303,
114.0959855718094,91006,245,449,8303,
114.09739910299166,91006,244,450,8303,
114.11374933812426,91005,245,450,8303,
114.11901959971468,91005,245,449,8304,
114.12775415477208,91005,244,450,8304,
114.14071509292278,91005,243,451,8304,
114.16450212936388,91005,242,452,8304,
114.16559056575272,91005,242,451,8305,
114.16761073969768,91005,242,450,8306,
114.22117284744282,91004,243,450,8306,
114.23202447841071,91004,243,449,8307,
114.23286753068831,91003,244,449,8307,
114.23413632454474,91002,245,449,8307,
114.24046230573062,91002,245,448,8308,
114.2427495847568,91002,244,449,8308,
114.250643814523,91002,243,450,8308,
114.25474015866712,91001,244,450,8308,
114.25945497653981,91001,244,449,8309,
114.26226399253773,91001,243,450,8309,
114.26618435941843,91000,244,450,8309,
114.26971466738812,90999,245,450,8309,
114.28378881632156,90999,244,451,8309,
114.28386593358462,90999,244,450,8310,
114.28603028090183,90999,243,451,8310,
114.28717544347462,90998,244,451,8310,
114.29373627878148,90997,245,451,8310,
114.29391604305316,90996,246,451,8310,
114.29391670452276,90995,247,451,8310,
114.29528193889377,90994,248,451,8310,
114.2988754601226,90994,248,450,8311,
114.30069934750512,90994,248,449,8312,
114.3070238185941,90994,247,450,8312,
114.31758170996972,90993,248,450,8312,
114.32028313272656,90992,249,450,8312,
114.32972914110671,90992,249,449,8313,
114.33409519509026,90992,249,448,8314,
114.33880412972341,90991,250,448,8314,
114.34183402402547,90991,250,447,8315,
114.34699031385395,90990,251,447,8315,
114.35571351212364,90989,252,447,8315,
114.37070216090328,90988,253,447,8315,
114.37149201969913,90988,253,446,8316,
114.3754119406893,90988,253,445,8317,
114.3849342213802,90988,253,444,8318,
114.38630535372394,90987,254,444,8318,
114.38790842024922,90987,253,445,8318,
114.39625224133906,90987,253,444,8319,
114.40443880310312,90987,253,443,8320,
114.40615365148881,90987,253,442,8321,
114.43928986944098,90987,252,443,8321,
114.46239629747646,90987,252,442,8322,
114.47091882602618,90986,253,442,8322,
114.47731669883106,90986,252,443,8322,
114.48735962852533,90986,252,442,8323,
114.49285499581066,90986,251,443,8323,
114.49497107473954,90986,251,442,8324,
114.49503867218476,90986,251,441,8325,
114.50047804593876,90986,250,442,8325,
114.50382907139061,90985,251,442,8325,
114.50655007283012,90985,250,443,8325,
114.51948813866584,90985,250,442,8326,
114.52346235315423,90985,250,441,8327,
114.53506302682544,90985,250,440,8328,
114.55285512552587,90985,250,439,8329,
114.56487312275797,90985,250,438,8330,
114.56817052242255,90984,251,438,8330,
114.5692443649135,90984,251,437,8331,
114.5695980596096,90984,250,438,8331,
114.57713168887955,90984,250,437,8332,
114.58152281748741,90984,249,438,8332,
114.59201222458654,90983,250,438,8332,
114.59816354228104,90983,250,437,8333,
114.59830345429874,90982,251,437,8333,
114.60920483619265,90982,251,436,8334,
114.61028806020292,90982,251,435,8335,
114.62338781123152,90981,252,435,8335,
114.63663746600609,90981,252,434,8336,
114.64373483017667,90980,253,434,8336,
114.64670670370191,90979,254,434,8336,
114.65706254268801,90979,254,433,8337,
114.66208043476088,90979,254,432,8338,
114.66721110868883,90979,253,433,8338,
114.67750959426083,90979,252,434,8338,
114.67914935654642,90979,252,433,8339,
114.6889351023666,90978,253,433,8339,
114.69051645406654,90978,252,434,8339,
114.70990609962756,90978,251,435,8339,
114.71411735363883,90978,250,436,8339,
114.71737893264645,90978,250,435,8340,
114.71749671404692,90977,251,435,8340,
114.72150883158164,90977,251,434,8341,
114.7284182802299,90976,252,434,8341,
114.75020773789974,90976,251,435,8341,
114.76288865419113,90976,251,434,8342,
114.7639765836937,90976,251,433,8343,
114.78860341491557,90976,250,434,8343,
114.78925285353463,90976,250,433,8344,
114.79813814892762,90975,251,433,8344,
114.79824086144973,90974,252,433,8344,
114.79944573024429,90974,251,434,8344,
114.80569800287361,90974,251,433,8345,
114.80574583975553,90974,251,432,8346,
114.83097116202055,90974,250,433,8346,
114.84217625767515,90974,250,432,8347,
114.84805693172095,90974,250,431,8348,
114.85978377841533,90973,251,431,8348,
114.86080503300285,90973,250,432,8348,
114.88115318856867,90972,251,432,8348,
114.88419873339858,90972,251,431,8349,
114.88621777608927,90972,250,432,8349,
114.89294413224405,90972,250,431,8350,
114.89894924198157,90972,249,432,8350,
114.90262547515485,90972,249,431,8351,
114.91011609448314,90972,249,430,8352,
114.9149641991551,90972,248,431,8352,
114.91668515575688,90972,248,430,8353,
114.9190827433076,90972,248,429,8354,
114.91976427034777,90971,249,429,8354,
114.94136032386905,90971,248,430,8354,
114.94304765221344,90970,249,430,8354,
114.9621566669997,90970,249,429,8355,
114.96664006842359,90970,249,428,8356,
114.96700290415313,90969,250,428,8356,
114.967965233287,90968,251,428,8356,
114.97001652249352,90968,250,429,8356,
114.9873006695901,90968,249,430,8356,
114.99110376156442,90968,249,429,8357,
115.0066406510726,90967,250,429,8357,
115.01082315296975,90967,249,430,8357,
115.02059400613724,90966,250,430,8357,
115.02177103909669,90966,249,431,8357,
115.02239686492678,90966,249,430,8358,
115.0225004951262,90966,248,431,8358,
115.02497300023985,90965,249,431,8358,
115.03280918415439,90964,250,431,8358,
115.04406790353377,90964,250,430,8359,
115.05243045839059,90964,250,429,8360,
115.05350113817335,90964,250,428,8361,
115.06916154318905,90964,249,429,8361,
115.08211536376581,90964,249,428,8362,
115.09805773617737,90964,248,429,8362,
115.1089245320477,90963,249,429,8362,
115.11129617206676,90963,249,428,8363,
115.1154072928804,90963,248,429,8363,
115.11916744354457,90963,248,428,8364,
115.12186210015341,90963,248,427,8365,
115.13172113727745,90963,248,426,8366,
115.13303142125818,90962,249,426,8366,
115.13698678281348,90962,248,427,8366,
115.1423666521661,90962,248,426,8367,
115.14949535011667,90962,248,425,8368,
115.15371843874232,90962,248,424,8369,
115.1597072255242,90962,247,425,8369,
115.16306450995188,90961,248,425,8369,
115.16473517668862,90961,247,426,8369,
115.16727299711923,90961,247,425,8370,
115.16801474262137,90960,248,425,8370,
115.1717643973549,90959,249,425,8370,
115.18212711646154,90959,249,424,8371,
115.19020867790026,90959,249,423,8372,
115.19462518223912,90959,248,424,8372,
115.1968036978991,90959,248,423,8373,
115.20001703609755,90958,249,423,8373,
115.21723653222236,90958,249,422,8374,
115.22697404537409,90957,250,422,8374,
115.23042408586326,90957,249,423,8374,
115.23888254707946,90956,250,423,8374,
115.24197100542214,90956,250,422,8375,
115.24308093212707,90956,250,421,8376,
115.24395323959237,90956,249,422,8376,
115.24464461471553,90956,249,421,8377,
115.24523058229383,90956,248,422,8377,
115.24708831650317,90955,249,422,8377,
115.2473901685313,90954,250,422,8377,
115.25034202839264,90953,251,422,8377,
115.2583879308564,90953,250,423,8377,
115.26116606325354,90953,249,424,8377,
115.2735001774901,90952,250,424,8377,
115.2815741480353,90952,250,423,8378,
115.30681404859946,90952,249,424,8378,
115.31212450282375,90951,250,424,8378,
115.31703468721227,90950,251,424,8378,
115.32012029477117,90950,250,425,8378,
115.32723066536687,90950,250,424,8379,
115.33754953768091,90950,249,425,8379,
115.34019301325435,90950,249,424,8380,
115.34962314075084,90949,250,424,8380,
115.35110553979517,90949,249,425,8380,
115.35989589409223,90949,249,424,8381,
115.36030914334633,90948,250,424,8381,
115.36056205668895,90948,249,425,8381,
115.37367659585243,90947,250,425,8381,
115.37547476310799,90946,251,425,8381,
115.3994182407635,90946,251,424,8382,
115.39966011751775,90946,251,423,8383,
115.3997554561677,90946,251,422,8384,
115.40367893979499,90946,250,423,8384,
115.40656702692965,90946,250,422,8385,
115.40866835167753,90946,250,421,8386,
115.41220982496012,90946,250,420,8387,
115.42088079762962,90946,249,421,8387,
115.43250801320535,90945,250,421,8387,
115.44315369247148,90945,249,422,8387,
115.44541223288257,90944,250,422,8387,
115.44606361462061,90944,249,423,8387,
115.4462531070597,90944,249,422,8388,
115.44678754858423,90944,248,423,8388,
115.44689490695393,90943,249,423,8388,
115.44929444651596,90943,248,424,8388,
115.45117933821122,90943,247,425,8388,
115.46082972575269,90942,248,425,8388,
115.4674542904299,90941,249,425,8388,
115.48018515560426,90941,248,426,8388,
115.48178770447154,90941,247,427,8388,
115.50331334566643,90941,247,426,8389,
115.51032456374116,90941,246,427,8389,
115.52131451028134,90941,246,426,8390,
115.52169294087456,90941,246,425,8391,
115.52435528228003,90940,247,425,8391,
115.53066710533713,90940,247,424,8392,
115.54181066847606,90940,247,423,8393,
115.55003771427367,90940,247,422,8394,
115.55413799060068,90939,248,422,8394,
115.56895468693475,90938,249,422,8394,
115.5732380897099,90938,249,421,8395,
115.57773928022904,90937,250,421,8395,
115.58813107427801,90936,251,421,8395,
115.58913505301868,90936,250,422,8395,
115.5916782807597,90936,250,421,8396,
115.59216925493766,90935,251,421,8396,
115.59883567034723,90935,250,422,8396,
115.61148346672974,90935,249,423,8396,
115.63161517962162,90935,249,422,8397,
115.66042446267048,90935,249,421,8398,
115.66788562393903,90935,248,422,8398,
115.66984465680889,90934,249,422,8398,
115.67501057610464,90934,248,423,8398,
115.67992812836287,90934,248,422,8399,
115.69211271682337,90934,247,423,8399,
115.69478070299114,90934,247,422,8400,
115.69540433407413,90933,248,422,8400,
115.6963263918884,90933,247,423,8400,
115.69641005897492,90933,247,422,8401,
115.69735536892424,90933,246,423,8401,
115.70850301106904,90933,246,422,8402,
115.71458704872119,90933,245,423,8402,
115.7152121346667,90933,245,422,8403,
115.71564837628013,90932,246,422,8403,
115.72293324255277,90932,246,421,8404,
115.72367975476386,90932,246,420,8405,
115.72474197947358,90931,247,420,8405,
115.72735200661614,90931,247,419,8406,
115.73092434811902,90931,247,418,8407,
115.73443114286212,90931,247,417,8408,
115.74219697481784,90931,246,418,8408,
115.74666513090082,90930,247,418,8408,
115.75226564252202,90929,248,418,8408,
115.76358313221455,90929,248,417,8409,
115.76364000970929,90929,247,418,8409,
115.76636649061807,90929,246,419,8409,
115.76702648206387,90928,247,419,8409,
115.76877818924046,90927,248,419,8409,
115.77035022052426,90927,247,420,8409,
115.77155992825833,90926,248,420,8409,
115.77270855396142,90925,249,420,8409,
115.77829822978072,90925,249,419,8410,
115.78058500390941,90925,248,420,8410,
115.78178451175502,90925,248,419,8411,
115.79051609929277,90924,249,419,8411,
115.7939122847848,90924,248,420,8411,
115.79725955938709,90924,247,421,8411,
115.8291495707422,90924,246,422,8411,
115.82962622855767,90924,245,423,8411,
115.83673284593642,90924,244,424,8411,
115.837091749597,90924,243,425,8411,
115.84974643094735,90924,243,424,8412,
115.85281139591451,90924,243,423,8413,
115.85562375285522,90923,244,423,8413,
115.8560778614287,90923,244,422,8414,
115.85871809332774,90923,244,421,8415,
115.86910490797294,90923,244,420,8416,
115.87101250069946,90923,244,419,8417,
115.87400344938264,90923,243,420,8417,
115.87713467533521,90923,242,421,8417,
115.87778863108296,90923,242,420,8418,
115.89081072982293,90923,242,419,8419,
115.89101435055312,90923,241,420,8419,
115.89800438185324,90923,240,421,8419,
115.90586187388848,90922,241,421,8419,
115.90930782844151,90922,240,422,8419,
115.9123787292438,90922,240,421,8420,
115.91572453494682,90922,240,420,8421,
115.928258966462,90921,241,420,8421,
115.94035449306526,90920,242,420,8421,
115.94456783540693,90920,241,421,8421,
115.94841359606716,90919,242,421,8421,
115.96067348157075,90918,243,421,8421,
115.96679528045759,90918,243,420,8422,
115.97568780516518,90918,242,421,8422,
115.98072167145966,90918,241,422,8422,
115.98937033896689,90918,241,421,8423,
116.00002666840825,90918,240,422,8423,
116.00402078741892,90918,240,421,8424,
116.0050035458712,90918,239,422,8424,
116.00887135148699,90918,238,423,8424,
116.02252317030356,90918,238,422,8425,
116.02286132197561,90917,239,422,8425,
116.02713227378257,90917,238,423,8425,
116.02726555142212,90917,238,422,8426,
116.02950084888754,90917,237,423,8426,
116.03612730742705,90917,237,422,8427,
116.04006524829796,90917,236,423,8427,
116.05121601715501,90917,236,422,8428,
116.0818696335296,90917,236,421,8429,
116.11108606391728,90916,237,421,8429,
116.11286322445397,90916,236,422,8429,
116.11390441164089,90915,237,422,8429,
116.11491166839232,90915,236,423,8429,
116.1166090036845,90915,236,422,8430,
116.12320859262299,90914,237,422,8430,
116.13207980359185,90914,236,423,8430,
116.13728486520709,90914,236,422,8431,
116.15249996027512,90913,237,422,8431,
116.15564866869076,90912,238,422,8431,
116.15807167007735,90911,239,422,8431,
116.16295446650405,90911,238,423,8431,
116.17542392067729,90911,237,424,8431,
116.17610601224479,90911,236,425,8431,
116.17727524319753,90910,237,425,8431,
116.17759751241054,90909,238,425,8431,
116.18111387840908,90909,237,426,8431,
116.18495112294025,90909,236,427,8431,
116.18863882673327,90908,237,427,8431,
116.19248093082493,90908,236,428,8431,
116.19420350846576,90907,237,428,8431,
116.19570948685073,90907,236,429,8431,
116.2073378437894,90907,236,428,8432,
116.20774040285461,90906,237,428,8432,
116.20963551751173,90906,236,429,8432,
116.21625722176158,90906,236,428,8433,
116.21919450421308,90906,235,429,8433,
116.23445996705586,90906,234,430,8433,
116.237907226703,90906,233,431,8433,
116.24270061300597,90906,233,430,8434,
116.24750458128356,90906,232,431,8434,
116.24994041808385,90905,233,431,8434,
116.26777989190066,90905,232,432,8434,
116.26821679217572,90905,231,433,8434,
116.285806098709,90905,231,432,8435,
116.29003330000442,90905,231,431,8436,
116.29499380482495,90905,231,430,8437,
116.30015995225956,90905,230,431,8437,
116.30688110363073,90904,231,431,8437,
116.30917200110768,90904,231,430,8438,
116.31101805542802,90903,232,430,8438,
116.31115166299388,90903,232,429,8439,
116.31505993988192,90902,233,429,8439,
116.32237097717605,90902,232,430,8439,
116.32299142787616,90902,232,429,8440,
116.32471027388895,90901,233,429,8440,
116.32769098872626,90901,233,428,8441,
116.33303679447687,90900,234,428,8441,
116.35032961101855,90900,233,429,8441,
116.35481924311162,90899,234,429,8441,
116.35669743699623,90899,234,428,8442,
116.36151092132648,90898,235,428,8442,
116.36637867146254,90897,236,428,8442,
116.37233696449027,90896,237,428,8442,
116.37561625281164,90896,236,429,8442,
116.38024725600637,90896,236,428,8443,
116.3822668125154,90896,236,427,8444,
116.39275155903815,90896,235,428,8444,
116.40606155721477,90895,236,428,8444,
116.40733927366895,90895,235,429,8444,
116.41322114796326,90895,235,428,8445,
116.41340603642438,90895,235,427,8446,
116.41928965448507,90894,236,427,8446,
116.42241177649629,90893,237,427,8446,
116.43528108375614,90893,237,426,8447,
116.44800051588605,90893,236,427,8447,
116.45547569599742,90893,236,426,8448,
116.45621977295464,90893,235,427,8448,
116.47069738067908,90893,235,426,8449,
116.47971220012238,90893,234,427,8449,
116.47989601750251,90892,235,427,8449,
116.48244699678355,90892,234,428,8449,
116.48437621620062,90892,234,427,8450,
116.48960249268656,90891,235,427,8450,
116.49073060509475,90890,236,427,8450,
116.4953137950287,90890,236,426,8451,
116.49586145670413,90890,236,425,8452,
116.49676534914985,90889,237,425,8452,
116.49934952761157,90889,237,424,8453,
116.5038027832974,90889,236,425,8453,
116.50801347100258,90889,236,424,8454,
116.51373834802577,90889,236,423,8455,
116.52330658461078,90889,236,422,8456,
116.53312858878917,90889,235,423,8456,
116.53432781600631,90888,236,423,8456,
116.5360755976469,90888,236,422,8457,
116.5389974037454,90888,235,423,8457,
116.55318739777358,90888,234,424,8457,
116.55726215487101,90888,234,423,8458,
116.5583303395683,90888,233,424,8458,
116.56136552567106,90888,232,425,8458,
116.5663256983518,90888,232,424,8459,
116.58800913990595,90888,232,423,8460,
116.59187326156096,90888,232,422,8461,
116.59841369045819,90888,232,421,8462,
116.60059675807885,90888,232,420,8463,
116.60476207414116,90888,232,419,8464,
116.61198375277748,90887,233,419,8464,
116.62184873164537,90886,234,419,8464,
116.62478572462884,90885,235,419,8464,
116.62878032425876,90885,234,420,8464,
116.63079974920042,90885,234,419,8465,
116.6415372650951,90885,234,418,8466,
116.64654949466089,90884,235,418,8466,
116.66609948189772,90884,234,419,8466,
116.67414672012214,90884,234,418,8467,
116.68730119811586,90883,235,418,8467,
116.70029229010862,90882,236,418,8467,
116.71030387176344,90882,235,419,8467,
116.71207478319754,90882,235,418,8468,
116.71363635593097,90881,236,418,8468,
116.73196588226443,90881,235,419,8468,
116.74043654003394,90881,235,418,8469,
116.74209149492192,90880,236,418,8469,
116.74274306810102,90880,235,419,8469,
116.75912809861556,90880,235,418,8470,
116.77549983666991,90879,236,418,8470,
116.78719781593789,90879,235,419,8470,
116.7872219650677,90879,235,418,8471,
116.79988215443142,90879,235,417,8472,
116.81080196438698,90879,234,418,8472,
116.81101981772801,90879,234,417,8473,
116.8331414864361,90879,234,416,8474,
116.8489932013364,90878,235,416,8474,
116.8543236559911,90878,235,415,8475,
116.86009546827458,90878,234,416,8475,
116.86722984368247,90878,234,415,8476,
116.87166968470615,90877,235,415,8476,
116.87597759995408,90877,235,414,8477,
116.88619378377643,90876,236,414,8477,
116.88632163654891,90876,236,413,8478,
116.89031932953309,90876,236,412,8479,
116.89568242563115,90876,236,411,8480,
116.89876759591843,90876,235,412,8480,
116.89961428751123,90876,234,413,8480,
116.89967061127325,90876,234,412,8481,
116.90760202374572,90876,234,411,8482,
116.91518752316098,90876,233,412,8482,
116.94895045548407,90876,232,413,8482,
116.95072248905842,90876,231,414,8482,
116.95979786500817,90876,231,413,8483,
116.97340178057459,90876,231,412,8484,
116.97539455676508,90875,232,412,8484,
116.98431312200437,90875,231,413,8484,
116.98725121539829,90875,231,412,8485,
116.99042131876477,90875,230,413,8485,
117.00067203662367,90875,230,412,8486,
117.00645668479969,90875,229,413,8486,
117.03452922758512,90875,228,414,8486,
117.04304620586058,90874,229,414,8486,
117.0432576861626,90874,228,415,8486,
117.04708225773302,90874,227,416,8486,
117.06984038516605,90873,228,416,8486,
117.07068795249417,90872,229,416,8486,
117.07416909496084,90871,230,416,8486,
117.08845145359847,90870,231,416,8486,
117.08846301451358,90870,231,415,8487,
117.09852529918777,90869,232,415,8487,
117.11190436389428,90869,232,414,8488,
117.11423359829746,90869,231,415,8488,
117.12324293296648,90869,231,414,8489,
117.12680523290912,90869,231,413,8490,
117.13156042052694,90869,230,414,8490,
117.14157614893385,90869,229,415,8490,
117.16268718477679,90868,230,415,8490,
117.16732362338705,90868,229,416,8490,
117.17690572123325,90868,228,417,8490,
117.21317941352798,90868,227,418,8490,
117.21883733517227,90868,226,419,8490,
117.21972532170102,90868,226,418,8491,
117.23620862232279,90867,227,418,8491,
117.24412646660353,90866,228,418,8491,
117.25336608341956,90866,228,417,8492,
117.25467202713315,90866,227,418,8492,
117.25998012223893,90866,227,417,8493,
117.27798751539652,90865,228,417,8493,
117.2800305686973,90865,228,416,8494,
117.2880373972753,90865,228,415,8495,
117.30086010605623,90865,228,414,8496,
117.30719055276796,90864,229,414,8496,
117.31137082071992,90864,229,413,8497,
117.31875099635874,90864,229,412,8498,
117.33369484863493,90864,228,413,8498,
117.33796140663226,90864,228,412,8499,
117.3489222817033,90864,227,413,8499,
117.352679617528,90864,226,414,8499,
117.36652159202877,90863,227,414,8499,
117.37189316905516,90863,227,413,8500,
117.37309087862468,90863,226,414,8500,
117.37470121747828,90862,227,414,8500,
117.37797042139758,90862,227,413,8501,
117.38363823632508,90861,228,413,8501,
117.38476968341055,90861,227,414,8501,
117.38588705941687,90860,228,414,8501,
117.39219514819993,90859,229,414,8501,
117.3924650631798,90858,230,414,8501,
117.3958113609854,90858,229,415,8501,
117.41353402388994,90858,229,414,8502,
117.41749419828291,90858,229,413,8503,
117.42296507564897,90858,229,412,8504,
117.42779893082069,90857,230,412,8504,
117.43074425253907,90857,229,413,8504,
117.43111191733783,90856,230,413,8504,
117.4320005947208,90856,229,414,8504,
117.43314664917807,90856,228,415,8504,
117.43356929722941,90856,227,416,8504,
117.44690417513617,90855,228,416,8504,
117.44912031073817,90855,228,415,8505,
117.44938865860291,90855,228,414,8506,
117.45197023302008,90854,229,414,8506,
117.45223605355254,90854,228,415,8506,
117.4539045815848,90854,227,416,8506,
117.46094748774799,90854,226,417,8506,
117.46605583681975,90854,226,416,8507,
117.4708962906003,90854,226,415,8508,
117.47916571013627,90853,227,415,8508,
117.48133739438896,90853,227,414,8509,
117.49055116383784,90853,226,415,8509,
117.50620493115477,90852,227,415,8509,
117.51247511122291,90852,226,416,8509,
117.5169414832382,90852,226,415,8510,
117.52762618443887,90852,226,414,8511,
117.5295678207974,90852,225,415,8511,
117.53062433825741,90852,224,416,8511,
117.53627516348472,90852,224,415,8512,
117.54405015507483,90851,225,415,8512,
117.54518047433234,90851,224,416,8512,
117.5559964453787,90851,224,415,8513,
117.5633685368132,90851,224,414,8514,
117.56410894849051,90851,223,415,8514,
117.5688744306803,90851,222,416,8514,
117.61171519677514,90851,221,417,8514,
117.6306781799619,90851,221,416,8515,
117.63194702724425,90850,222,416,8515,
117.6382528131463,90850,222,415,8516,
117.65781087971509,90850,221,416,8516,
117.65963881200182,90849,222,416,8516,
117.67729120329754,90848,223,416,8516,
117.67982784801534,90848,222,417,8516,
117.68000533826178,90848,222,416,8517,
117.68164524621945,90848,221,417,8517,
117.683529899876,90848,220,418,8517,
117.69010325295271,90847,221,418,8517,
117.70021161772794,90846,222,418,8517,
117.70873507576171,90846,222,417,8518,
117.71429056655785,90846,221,418,8518,
117.71730100527755,90846,220,419,8518,
117.72024801353469,90846,219,420,8518,
117.73063769943343,90846,218,421,8518,
117.73305520749062,90846,218,420,8519,
117.73432068785388,90845,219,420,8519,
117.74198541682472,90845,219,419,8520,
117.75166253987989,90844,220,419,8520,
117.75637791481986,90844,220,418,8521,
117.75720042595692,90844,219,419,8521,
117.75949186147801,90844,218,420,8521,
117.76224558866646,90843,219,420,8521,
117.76779983036717,90843,219,419,8522,
117.77111008877812,90843,219,418,8523,
117.78024546256874,90842,220,418,8523,
117.78210052334734,90842,220,417,8524,
117.80453060361504,90842,220,416,8525,
117.80955557002314,90842,219,417,8525,
117.81095632475322,90841,220,417,8525,
117.81691953835133,90841,220,416,8526,
117.8435500809768,90840,221,416,8526,
117.84827879292041,90839,222,416,8526,
117.85811409281487,90839,222,415,8527,
117.86520547441467,90838,223,415,8527,
117.8655706096938,90838,222,416,8527,
117.87297355388979,90838,221,417,8527,
117.87700291197055,90837,222,417,8527,
117.87784945295056,90836,223,417,8527,
117.88321157685442,90835,224,417,8527,
117.89196350014227,90835,224,416,8528,
117.89672948454633,90835,223,417,8528,
117.90050439721519,90835,223,416,8529,
117.9026240694886,90835,223,415,8530,
117.9050955220058,90835,222,416,8530,
117.91153007746178,90835,221,417,8530,
117.91317770824179,90835,221,416,8531,
117.9149216548167,90834,222,416,8531,
117.91631510439328,90833,223,416,8531,
117.91899321423901,90832,224,416,8531,
117.93315469606176,90832,223,417,8531,
117.93394612860868,90831,224,417,8531,
117.94759356577156,90830,225,417,8531,
117.95007962443363,90829,226,417,8531,
117.95348947527448,90828,227,417,8531,
117.95695718331396,90828,226,418,8531,
117.96024681753718,90828,225,419,8531,
117.961458828655,90828,225,418,8532,
117.96477002592103,90827,226,418,8532,
117.96882972271678,90827,226,417,8533,
118.00441747982374,90827,225,418,8533,
118.00561229103707,90827,225,417,8534,
118.00643095374478,90826,226,417,8534,
118.00936386969431,90826,225,418,8534,
118.02173994123548,90826,225,417,8535,
118.035867975935,90825,226,417,8535,
118.04020975414315,90824,227,417,8535,
118.04815090821121,90824,227,416,8536,
118.05292102168235,90824,227,415,8537,
118.05758530998546,90824,227,414,8538,
118.06341220134567,90823,228,414,8538,
118.07109939427693,90823,227,415,8538,
118.0877433110499,90823,227,414,8539,
118.10017994309314,90822,228,414,8539,
118.10658185719184,90821,229,414,8539,
118.1128017920984,90821,229,413,8540,
118.11476200536664,90821,229,412,8541,
118.11590868136074,90821,229,411,8542,
118.11693510331541,90821,228,412,8542,
118.12408042131688,90820,229,412,8542,
118.12692193140059,90819,230,412,8542,
118.1316913931649,90819,229,413,8542,
118.13212293871926,90819,228,414,8542,
118.13221584934011,90819,228,413,8543,
118.15139538401205,90818,229,413,8543,
118.15291628994233,90817,230,413,8543,
118.17970497867299,90817,230,412,8544,
118.18036318638691,90817,229,413,8544,
118.18434684213035,90817,229,412,8545,
118.19093435558902,90817,229,411,8546,
118.19701054418965,90817,228,412,8546,
118.20100878606397,90816,229,412,8546,
118.21030201713924,90816,229,411,8547,
118.21070970243117,90816,228,412,8547,
118.2139096029963,90816,227,413,8547,
118.22361841798889,90816,227,412,8548,
118.22418957115717,90816,226,413,8548,
118.22449455300969,90815,227,413,8548,
118.23035547293317,90815,227,412,8549,
118.23965608885709,90814,228,412,8549,
118.2462864207471,90813,229,412,8549,
118.26561609748488,90813,229,411,8550,
118.267848755119,90812,230,411,8550,
118.28138907802341,90812,229,412,8550,
118.29526483009478,90812,229,411,8551,
118.30357726202452,90812,229,410,8552,
118.30521139973331,90811,230,410,8552,
118.31110994239755,90811,229,411,8552,
118.31473444002368,90811,228,412,8552,
118.32157592514938,90811,228,411,8553,
118.32243008038736,90811,227,412,8553,
118.3249690185556,90811,227,411,8554,
118.32961794911537,90810,228,411,8554,
118.36166751787886,90810,227,412,8554,
118.37108093904313,90810,226,413,8554,
118.37618587659554,90810,225,414,8554,
118.38035978094061,90810,225,413,8555,
118.38246752315828,90810,224,414,8555,
118.38263237173335,90810,224,413,8556,
118.39324261093701,90809,225,413,8556,
118.39745840185438,90809,224,414,8556,
118.41227337701787,90809,224,413,8557,
118.41478076854202,90809,224,412,8558,
118.41526738337411,90809,224,411,8559,
118.43771241856498,90809,224,410,8560,
118.44095810231717,90809,224,409,8561,
118.44543168759994,90809,224,408,8562,
118.4456841400647,90809,224,407,8563,
118.44767533502318,90809,224,406,8564,
118.45693082150004,90809,224,405,8565,
118.46149185354987,90809,223,406,8565,
118.46204291512929,90809,223,405,8566,
118.4640247839038,90808,224,405,8566,
118.49776882588515,90808,224,404,8567,
118.49806968999542,90808,223,405,8567,
118.50117101167669,90808,222,406,8567,
118.51512873583586,90808,222,405,8568,
118.51856662932533,90807,223,405,8568,
118.5302131462267,90807,223,404,8569,
118.54555522325788,90806,224,404,8569,
118.56073210697427,90806,224,403,8570,
118.57604372742723,90806,224,402,8571,
118.59154487231969,90805,225,402,8571,
118.60460735543796,90804,226,402,8571,
118.60644212146872,90804,225,403,8571,
118.60774607473637,90804,225,402,8572,
118.62142502951204,90804,225,401,8573,
118.62570667912124,90804,225,400,8574,
118.62932549123263,90803,226,400,8574,
118.63359452845864,90802,227,400,8574,
118.6424644947107,90801,228,400,8574,
118.6459559319864,90801,227,401,8574,
118.64676446793683,90801,226,402,8574,
118.65005842852509,90800,227,402,8574,
118.65670685039225,90800,227,401,8575,
118.67825267972394,90800,227,400,8576,
118.6860930808837,90799,228,400,8576,
118.68701272503347,90799,227,401,8576,
118.71172124797855,90799,226,402,8576,
118.72833587730571,90799,226,401,8577,
118.74119622271392,90798,227,401,8577,
118.7535302291419,90797,228,401,8577,
118.7627507153668,90796,229,401,8577,
118.76337357959277,90795,230,401,8577,
118.77718733579158,90795,230,400,8578,
118.77811421504771,90795,229,401,8578,
118.78900619973412,90795,228,402,8578,
118.78909677060986,90795,228,401,8579,
118.79258540882287,90795,228,400,8580,
118.79526135586866,90795,227,401,8580,
118.80286377812682,90795,226,402,8580,
118.80943666348205,90795,226,401,8581,
118.80956010622423,90795,226,400,8582,
118.80964806140052,90795,225,401,8582,
118.8211705264429,90795,225,400,8583,
118.8287001149385,90795,224,401,8583,
118.83312708236097,90795,224,400,8584,
118.8353125075031,90795,224,399,8585,
118.83919087125517,90794,225,399,8585,
118.84685938351359,90794,224,400,8585,
118.84922779964108,90794,224,399,8586,
118.85646966565146,90793,225,399,8586,
118.8594086896802,90792,226,399,8586,
118.86389740288693,90791,227,399,8586,
118.86525820854776,90791,226,400,8586,
118.86669526468474,90791,226,399,8587,
118.86780495948368,90791,226,398,8588,
118.87428597715606,90790,227,398,8588,
118.87928623600659,90789,228,398,8588,
118.90821112749548,90789,227,399,8588,
118.90861676672534,90789,227,398,8589,
118.91368345860523,90789,226,399,8589,
118.91437630018095,90789,226,398,8590,
118.9144767952981,90789,226,397,8591,
118.94658819035219,90788,227,397,8591,
118.95316697194515,90788,227,396,8592,
118.956730904344,90788,227,395,8593,
118.97505833046054,90788,226,396,8593,
118.98102497480191,90787,227,396,8593,
118.98747074071164,90787,226,397,8593,
118.99779055410727,90786,227,397,8593,
118.9986223045909,90786,226,398,8593,
119.00877451096494,90786,225,399,8593,
119.01960950407779,90786,225,398,8594,
119.0293534329172,90786,225,397,8595,
119.03805809228145,90785,226,397,8595,
119.04461279259111,90785,225,398,8595,
119.04633442170355,90784,226,398,8595,
119.05374585757286,90784,225,399,8595,
119.06933298541539,90784,224,400,8595,
119.06953409074595,90784,224,399,8596,
119.07604295307831,90784,223,400,8596,
119.07907639927481,90783,224,400,8596,
119.08256237597215,90783,224,399,8597,
119.08783098064954,90783,224,398,8598,
119.09363751775349,90783,224,397,8599,
119.09740443458126,90783,223,398,8599,
119.10382070770234,90783,223,397,8600,
119.10808389862638,90782,224,397,8600,
119.11835114718697,90781,225,397,8600,
119.12299661264804,90781,225,396,8601,
119.1275401144903,90781,225,395,8602,
119.13234527011362,90781,224,396,8602,
119.14374570027304,90781,224,395,8603,
119.14457840151569,90780,225,395,8603,
119.15998970988231,90779,226,395,8603,
119.17291472471469,90778,227,395,8603,
119.17461303470184,90778,227,394,8604,
119.18694769914102,90778,226,395,8604,
119.19143481240995,90778,225,396,8604,
119.20162346408097,90777,226,396,8604,
119.2240654894482,90776,227,396,8604,
119.24468826100967,90776,226,397,8604,
119.24577636562111,90776,225,398,8604,
119.24986004976894,90776,225,397,8605,
119.25469765912393,90776,225,396,8606,
119.26338880247582,90776,225,395,8607,
119.26859654597511,90776,224,396,8607,
119.27070416534232,90776,224,395,8608,
119.2718877656526,90776,223,396,8608,
119.28161592566813,90776,222,397,8608,
119.28173683688908,90775,223,397,8608,
119.29020802001871,90775,223,396,8609,
119.29946188849108,90774,224,396,8609,
119.31227015363204,90774,224,395,8610,
119.31928070031624,90774,224,394,8611,
119.33547615320275,90774,223,395,8611,
119.35032453678086,90774,223,394,8612,
119.3569643576474,90774,222,395,8612,
119.37902376776326,90774,221,396,8612,
119.37969203389646,90773,222,396,8612,
119.39190437503431,90773,222,395,8613,
119.39315849083626,90773,221,396,8613,
119.4041501638516,90773,220,397,8613,
119.43087505332892,90773,220,396,8614,
119.44232676664035,90772,221,396,8614,
119.46164089617552,90772,220,397,8614,
119.46415737321475,90771,221,397,8614,
119.46968247545306,90770,222,397,8614,
119.4759366185297,90769,223,397,8614,
119.47628868148959,90769,222,398,8614,
119.47981962671149,90768,223,398,8614,
119.48103981106301,90767,224,398,8614,
119.4824043341507,90767,223,399,8614,
119.50272923368273,90766,224,399,8614,
119.50327336570582,90765,225,399,8614,
119.50778269131806,90765,225,398,8615,
119.53459907309059,90765,224,399,8615,
119.53529550193898,90765,224,398,8616,
119.53786645770741,90765,223,399,8616,
119.54096526939398,90765,222,400,8616,
119.54170001997541,90765,221,401,8616,
119.5491505054912,90765,220,402,8616,
119.55129994723869,90764,221,402,8616,
119.55438329284085,90763,222,402,8616,
119.55885404454074,90763,221,403,8616,
119.56621085379497,90763,221,402,8617,
119.56768782531147,90763,221,401,8618,
119.56904776498591,90762,222,401,8618,
119.57218310982176,90762,222,400,8619,
119.57826120977077,90761,223,400,8619,
119.58676165469967,90761,223,399,8620,
119.59518439151952,90761,222,400,8620,
119.5985585047221,90761,221,401,8620,
119.60247818866725,90761,221,400,8621,
119.60412347133351,90761,220,401,8621,
119.60572194929243,90761,220,400,8622,
119.6077510493254,90761,220,399,8623,
119.62806625096782,90760,221,399,8623,
119.64278261658656,90760,221,398,8624,
119.6501913329496,90759,222,398,8624,
119.6834156249933,90759,221,399,8624,
119.68699139647669,90759,220,400,8624,
119.69402511002325,90759,220,399,8625,
119.6991433282834,90759,220,398,8626,
119.71786353127166,90759,219,399,8626,
119.73367798366073,90759,218,400,8626,
119.7359429576956,90758,219,400,8626,
119.73784058597487,90757,220,400,8626,
119.77432035290711,90757,219,401,8626,
119.77634426431001,90757,219,400,8627,
119.77843330271041,90757,218,401,8627,
119.77990668979244,90757,218,400,8628,
119.7863505743453,90756,219,400,8628,
119.79296597523862,90755,220,400,8628,
119.79679915142805,90755,219,401,8628,
119.80970270066747,90755,218,402,8628,
119.81053448958501,90755,218,401,8629,
119.81184450117978,90754,219,401,8629,
119.81623267192036,90754,219,400,8630,
119.81760416558177,90753,220,400,8630,
119.82046888979912,90752,221,400,8630,
119.82899531252234,90752,221,399,8631,
119.8390467540487,90752,220,400,8631,
119.84885210684345,90752,220,399,8632,
119.85017579687558,90752,220,398,8633,
119.85654735155661,90752,220,397,8634,
119.86094186512916,90752,219,398,8634,
119.87605592168913,90752,219,397,8635,
119.877231894944,90752,218,398,8635,
119.89337788243256,90752,217,399,8635,
119.90511562793114,90752,217,398,8636,
119.91237495820948,90752,217,397,8637,
119.91427009970397,90751,218,397,8637,
119.91909429546259,90751,218,396,8638,
119.91971803769343,90751,218,395,8639,
119.9249563395425,90751,217,396,8639,
119.93157664759015,90750,218,396,8639,
119.94373211169079,90750,217,397,8639,
119.94456397147299,90749,218,397,8639,
119.95258503911886,90748,219,397,8639,
119.95664571065704,90748,219,396,8640,
119.9597163081884,90748,219,395,8641,
119.96559129901912,90748,219,394,8642,
119.9763201903271,90747,220,394,8642,
119.98341012353718,90747,219,395,8642,
119.99208978202824,90747,218,396,8642,
119.9927317877303,90747,218,395,8643,
120.00400229366885,90747,218,394,8644,
120.00478516358697,90747,217,395,8644,
120.01272885650786,90746,218,395,8644,
120.01655272487231,90746,217,396,8644,
120.03706022182702,90746,217,395,8645,
120.04257147327205,90746,216,396,8645,
120.05414023923463,90746,216,395,8646,
120.05921779743551,90746,216,394,8647,
120.06167777242771,90746,216,393,8648,
120.06316838977348,90745,217,393,8648,
120.07913907795705,90745,217,392,8649,
120.08364791481222,90744,218,392,8649,
120.08693251284363,90744,218,391,8650,
120.08895803332622,90744,218,390,8651,
120.09303329694161,90744,218,389,8652,
120.09338354801919,90744,218,388,8653,
120.09434287056501,90744,217,389,8653,
120.10218952621027,90744,217,388,8654,
120.10501052778156,90744,216,389,8654,
120.11448072552714,90744,216,388,8655,
120.12167514921606,90744,215,389,8655,
120.12688674721481,90743,216,389,8655,
120.14637927462942,90743,215,390,8655,
120.14853716320214,90743,214,391,8655,
120.15509246795169,90743,214,390,8656,
120.1651036671713,90743,213,391,8656,
120.16964984180242,90743,212,392,8656,
120.17950219966859,90743,211,393,8656,
120.18486049346357,90743,211,392,8657,
120.18601633305396,90743,211,391,8658,
120.18645346405935,90743,211,390,8659,
120.20046569143778,90742,212,390,8659,
120.20649658103497,90741,213,390,8659,
120.21196186101918,90741,213,389,8660,
120.23372526401263,90741,212,390,8660,
120.23536700868732,90741,211,391,8660,
120.25006426166242,90741,211,390,8661,
120.26514352706215,90741,211,389,8662,
120.27038018888854,90740,212,389,8662,
120.27331908370779,90740,212,388,8663,
120.28611595169252,90740,211,389,8663,
120.29741862935472,90740,211,388,8664,
120.30598047759317,90739,212,388,8664,
120.30746835212852,90739,212,387,8665,
120.31208879620817,90738,213,387,8665,
120.31341930591636,90737,214,387,8665,
120.31880230780399,90737,214,386,8666,
120.32118265556068,90736,215,386,8666,
120.32663173904649,90735,216,386,8666,
120.33517679082463,90734,217,386,8666,
120.36588508803831,90734,216,387,8666,
120.36914516423045,90734,216,386,8667,
120.37058170301978,90734,216,385,8668,
120.39162366546127,90733,217,385,8668,
120.39732140931244,90732,218,385,8668,
120.40338918892031,90731,219,385,8668,
120.41581553562372,90731,219,384,8669,
120.4196127057549,90730,220,384,8669,
120.42188907417174,90730,220,383,8670,
120.4228617724191,90730,219,384,8670,
120.4251062455714,90730,219,383,8671,
120.4277004929862,90730,218,384,8671,
120.42966927690858,90730,218,383,8672,
120.44187047880915,90729,219,383,8672,
120.45530836430734,90728,220,383,8672,
120.46073244257764,90728,220,382,8673,
120.465920520937,90727,221,382,8673,
120.46856498131893,90727,220,383,8673,
120.48247050431644,90727,220,382,8674,
120.49419076996881,90727,220,381,8675,
120.5115890128561,90727,219,382,8675,
120.51754758247736,90727,218,383,8675,
120.52247962352553,90727,217,384,8675,
120.52345096489209,90727,217,383,8676,
120.52471774900455,90727,216,384,8676,
120.52495788846404,90727,216,383,8677,
120.52834942678007,90727,216,382,8678,
120.53459409820341,90727,216,381,8679,
120.56295141507785,90726,217,381,8679,
120.56371666525351,90726,217,380,8680,
120.5655231223685,90726,217,379,8681,
120.56666153753586,90725,218,379,8681,
120.56732173540199,90725,218,378,8682,
120.56814355812254,90725,217,379,8682,
120.59687057248823,90724,218,379,8682,
120.59859533834965,90724,218,378,8683,
120.5994992814059,90724,218,377,8684,
120.63013996767543,90724,218,376,8685,
120.63538602452275,90724,218,375,8686,
120.64042496588615,90723,219,375,8686,
120.64280795907416,90723,219,374,8687,
120.65012649085826,90723,219,373,8688,
120.65303761248437,90723,218,374,8688,
120.65773368933722,90723,218,373,8689,
120.6602383035849,90722,219,373,8689,
120.66330014283945,90721,220,373,8689,
120.66919707213106,90721,219,374,8689,
120.68485056796962,90721,219,373,8690,
120.69114057451495,90721,219,372,8691,
120.71198913946422,90720,220,372,8691,
120.7135963178351,90720,220,371,8692,
120.72445305895894,90720,219,372,8692,
120.72821763094686,90719,220,372,8692,
120.74312681197378,90718,221,372,8692,
120.75996127653094,90717,222,372,8692,
120.76543727214549,90717,222,371,8693,
120.76624034119261,90716,223,371,8693,
120.78462428725118,90716,222,372,8693,
120.78740170610295,90715,223,372,8693,
120.79137889300056,90715,222,373,8693,
120.81107753107148,90715,222,372,8694,
120.81732529402562,90714,223,372,8694,
120.81961843446885,90713,224,372,8694,
120.83987919934677,90713,223,373,8694,
120.84094546396281,90712,224,373,8694,
120.84641024702266,90711,225,373,8694,
120.84809610839349,90711,225,372,8695,
120.84992619033825,90711,225,371,8696,
120.86681799602296,90711,225,370,8697,
120.8683101838895,90711,225,369,8698,
120.87843596705262,90711,224,370,8698,
120.88186651835618,90711,223,371,8698,
120.88738460595428,90711,223,370,8699,
120.89581469647212,90711,222,371,8699,
120.89757503202091,90711,221,372,8699,
120.9020646808021,90711,221,371,8700,
120.92642887764809,90710,222,371,8700,
120.92815490560159,90710,222,370,8701,
120.93091364128409,90710,222,369,8702,
120.95685825889869,90709,223,369,8702,
120.96013781440318,90709,222,370,8702,
120.96474172090412,90709,222,369,8703,
120.97911715367559,90709,221,370,8703,
120.98359729244174,90709,221,369,8704,
120.9908051410483,90709,220,370,8704,
120.99389039173248,90708,221,370,8704,
121.00703034518122,90708,220,371,8704,
121.02523688282979,90708,219,372,8704,
121.02554953066993,90708,219,371,8705,
121.02733808714491,90708,219,370,8706,
121.02769509081575,90708,218,371,8706,
121.02838247817141,90707,219,371,8706,
121.05658780887761,90706,220,371,8706,
121.05676708329078,90706,220,370,8707,
121.06004749823714,90705,221,370,8707,
121.06929083745001,90705,220,371,8707,
121.07832640723298,90704,221,371,8707,
121.07968250316733,90704,221,370,8708,
121.0840592950481,90703,222,370,8708,
121.09313525847008,90703,221,371,8708,
121.09962115614596,90703,220,372,8708,
121.11851747997794,90703,220,371,8709,
121.12792979445251,90703,220,370,8710,
121.13182335352855,90702,221,370,8710,
121.13260964235951,90702,220,371,8710,
121.13552632914354,90702,220,370,8711,
121.14295337584736,90702,219,371,8711,
121.15810360559175,90701,220,371,8711,
121.15997996706999,90701,219,372,8711,
121.17343521738945,90701,218,373,8711,
121.1799703777038,90701,217,374,8711,
121.18166383484439,90700,218,374,8711,
121.18716863566392,90700,217,375,8711,
121.19511935845297,90700,217,374,8712,
121.20933799210061,90700,217,373,8713,
121.23335699193676,90700,216,374,8713,
121.23514371859167,90700,215,375,8713,
121.24425823842513,90699,216,375,8713,
121.25281449089387,90699,215,376,8713,
121.25423545945806,90699,214,377,8713,
121.25570355822587,90699,214,376,8714,
121.26184461617517,90698,215,376,8714,
121.26532151453767,90698,214,377,8714,
121.2663235846337,90698,214,376,8715,
121.2711500760599,90698,213,377,8715,
121.27645222210869,90698,213,376,8716,
121.28052830504308,90697,214,376,8716,
121.2931525371848,90697,214,375,8717,
121.34704564006324,90697,214,374,8718,
121.35839960686828,90696,215,374,8718,
121.36783316959684,90696,214,375,8718,
121.38660472466344,90696,213,376,8718,
121.387761530589,90696,212,377,8718,
121.39088781871801,90696,212,376,8719,
121.40193946201144,90696,211,377,8719,
121.41931434604078,90696,210,378,8719,
121.42813403185798,90696,209,379,8719,
121.4323735813693,90695,210,379,8719,
121.43935319194445,90695,210,378,8720,
121.44186297108358,90695,209,379,8720,
121.45444352091276,90695,209,378,8721,
121.45947939139243,90695,208,379,8721,
121.46802540272638,90695,208,378,8722,
121.47223362210661,90695,208,377,8723,
121.48216961653726,90695,208,376,8724,
121.4830977357621,90695,208,375,8725,
121.4836357720997,90695,208,374,8726,
121.49617343420518,90695,208,373,8727,
121.49672104299675,90694,209,373,8727,
121.49828157634914,90694,209,372,8728,
121.4995047182874,90694,208,373,8728,
121.50732174424449,90693,209,373,8728,
121.52833674939247,90693,209,372,8729,
121.53115007819062,90693,209,371,8730,
121.5434702540094,90693,208,372,8730,
121.54566943564645,90693,208,371,8731,
121.5472547254523,90693,207,372,8731,
121.55782916717266,90693,206,373,8731,
121.560619409685,90693,205,374,8731,
121.56438081496407,90693,205,373,8732,
121.5685883837384,90693,205,372,8733,
121.57255040902596,90693,204,373,8733,
121.57665064591744,90693,203,374,8733,
121.57853995237303,90693,202,375,8733,
121.60763393384394,90693,202,374,8734,
121.61505610657075,90693,201,375,8734,
121.62494026653512,90693,201,374,8735,
121.63817393443094,90692,202,374,8735,
121.6430644065506,90692,202,373,8736,
121.65307477506336,90692,202,372,8737,
121.6558856443499,90692,202,371,8738,
121.68040673617732,90692,202,370,8739,
121.70850447899753,90692,201,371,8739,
121.70960888092804,90691,202,371,8739,
121.71646267702202,90690,203,371,8739,
121.72506502393747,90690,202,372,8739,
121.72738582920951,90690,202,371,8740,
121.7275712368694,90690,201,372,8740,
121.74352153098975,90690,201,371,8741,
121.74742300018664,90689,202,371,8741,
121.74868003952012,90689,201,372,8741,
121.75401918448135,90688,202,372,8741,
121.77932824877038,90688,202,371,8742,
121.7820893214123,90688,202,370,8743,
121.79052417200087,90687,203,370,8743,
121.81218865393308,90687,202,371,8743,
121.8151668979718,90687,201,372,8743,
121.818243105773,90687,201,371,8744,
121.82449919511735,90687,200,372,8744,
121.83933595426493,90687,200,371,8745,
121.85872908867783,90687,199,372,8745,
121.85981253460412,90687,199,371,8746,
121.86024614845019,90687,198,372,8746,
121.86271127240396,90687,197,373,8746,
121.88104051894695,90687,197,372,8747,
121.89408862331219,90686,198,372,8747,
121.93169906733553,90686,198,371,8748,
121.94002809466436,90685,199,371,8748,
121.95198088842493,90685,198,372,8748,
121.9661308762371,90685,198,371,8749,
121.97931395264354,90685,197,372,8749,
121.98881096945811,90685,197,371,8750,
122.00376310487377,90685,197,370,8751,
122.02931366489432,90685,197,369,8752,
122.03153674845728,90685,196,370,8752,
122.05074710664518,90685,196,369,8753,
122.07691889590441,90685,195,370,8753,
122.08300779823189,90685,195,369,8754,
122.08677893684944,90685,195,368,8755,
122.09095767655207,90685,195,367,8756,
122.09960952603174,90685,194,368,8756,
122.11746020666514,90685,194,367,8757,
122.12126455577834,90684,195,367,8757,
122.12356733932468,90684,194,368,8757,
122.12448971450546,90684,194,367,8758,
122.12858072605393,90684,194,366,8759,
122.14443017294464,90684,193,367,8759,
122.1482545192653,90684,193,366,8760,
122.14833991627118,90683,194,366,8760,
122.15750069431009,90682,195,366,8760,
122.1592267345654,90682,194,367,8760,
122.15979917996681,90682,194,366,8761,
122.18407057683243,90681,195,366,8761,
122.21711739715036,90681,194,367,8761,
122.22571772671066,90680,195,367,8761,
122.22880028613473,90680,195,366,8762,
122.23048501991714,90679,196,366,8762,
122.24020621625888,90678,197,366,8762,
122.24752302858852,90678,196,367,8762,
122.26075169244753,90678,195,368,8762,
122.26340615203297,90678,194,369,8762,
122.2634478463376,90678,193,370,8762,
122.26614519250133,90678,193,369,8763,
122.26876040615247,90677,194,369,8763,
122.27279943784673,90676,195,369,8763,
122.28350698741292,90676,194,370,8763,
122.29583504333654,90676,194,369,8764,
122.30791483200848,90676,193,370,8764,
122.31737312990741,90676,192,371,8764,
122.32325079842686,90675,193,371,8764,
122.34495022837416,90675,192,372,8764,
122.34844217627646,90675,192,371,8765,
122.36507063751526,90675,192,370,8766,
122.3718324724473,90675,192,369,8767,
122.3835946264013,90675,192,368,8768,
122.38875807214669,90675,192,367,8769,
122.39986756089807,90675,192,366,8770,
122.41417418454755,90675,192,365,8771,
122.42232650691764,90674,193,365,8771,
122.42243396064264,90674,192,366,8771,
122.4254660320308,90674,192,365,8772,
122.42846173243237,90674,192,364,8773,
122.4343949809019,90673,193,364,8773,
122.43726582887201,90673,193,363,8774,
122.43952017068052,90673,193,362,8775,
122.46023548200854,90673,193,361,8776,
122.47393423418495,90673,193,360,8777,
122.48954271955436,90673,193,359,8778,
122.50996525741927,90673,193,358,8779,
122.53998291716269,90673,193,357,8780,
122.54094079005489,90673,192,358,8780,
122.55051203800411,90673,192,357,8781,
122.57641993239069,90673,191,358,8781,
122.57751939693134,90673,191,357,8782,
122.60212310087954,90673,190,358,8782,
122.60471180134425,90672,191,358,8782,
122.6067543361448,90672,190,359,8782,
122.61523681980678,90672,189,360,8782,
122.61825314098765,90672,188,361,8782,
122.63869466651362,90672,188,360,8783,
122.6763308159132,90671,189,360,8783,
122.68996026538437,90670,190,360,8783,
122.69477678861209,90670,189,361,8783,
122.69668629428823,90670,189,360,8784,
122.70964426731673,90669,190,360,8784,
122.71110366307529,90669,190,359,8785,
122.71863923777045,90669,189,360,8785,
122.71981466323989,90669,189,359,8786,
122.72061841932621,90669,189,358,8787,
122.7244549007236,90669,188,359,8787,
122.72893117100989,90668,189,359,8787,
122.73070468083763,90667,190,359,8787,
122.73678483788524,90667,189,360,8787,
122.74524812605988,90666,190,360,8787,
122.74901549320413,90666,189,361,8787,
122.75735778942949,90665,190,361,8787,
122.76167373670934,90665,189,362,8787,
122.7743274037752,90665,189,361,8788,
122.7775076391654,90664,190,361,8788,
122.79478679561053,90663,191,361,8788,
122.79981165839074,90663,190,362,8788,
122.81009748644053,90663,189,363,8788,
122.81311087488267,90663,188,364,8788,
122.82862131431799,90663,187,365,8788,
122.83716556275053,90663,187,364,8789,
122.85077840303074,90663,187,363,8790,
122.85503960937332,90663,187,362,8791,
122.86163123099205,90663,186,363,8791,
122.86205389708124,90662,187,363,8791,
122.89369804987437,90662,186,364,8791,
122.89788855464776,90661,187,364,8791,
122.89823324584786,90661,186,365,8791,
122.91103319625505,90661,185,366,8791,
122.91691031384923,90660,186,366,8791,
122.92064521085432,90660,185,367,8791,
122.92763336013888,90660,184,368,8791,
122.9292188635557,90660,184,367,8792,
122.9307865945447,90660,184,366,8793,
122.93083342139784,90660,183,367,8793,
122.93353874591132,90659,184,367,8793,
122.94744061764128,90659,183,368,8793,
122.95054929676196,90659,183,367,8794,
122.95628152064174,90659,182,368,8794,
122.95708360211326,90658,183,368,8794,
122.9572620511273,90657,184,368,8794,
122.95995231284391,90657,184,367,8795,
122.96300080559715,90656,185,367,8795,
122.97957592373658,90656,185,366,8796,
122.98227517962596,90656,185,365,8797,
122.98470071427458,90656,184,366,8797,
122.99804982655107,90656,184,365,8798,
122.99814687614989,90656,184,364,8799,
123.0042471213964,90655,185,364,8799,
123.00944035469443,90655,185,363,8800,
123.01883304583883,90654,186,363,8800,
123.01908389667544,90654,186,362,8801,
123.04035976120468,90654,186,361,8802,
123.04287945357189,90654,186,360,8803,
123.04316881705883,90654,186,359,8804,
123.04410874150625,90653,187,359,8804,
123.04750228172891,90653,187,358,8805,
123.04926212952985,90653,186,359,8805,
123.06319082292684,90652,187,359,8805,
123.07163200225625,90652,187,358,8806,
123.0809337413899,90652,187,357,8807,
123.08509557740835,90652,187,356,8808,
123.09628153401619,90652,187,355,8809,
123.12643347095627,90651,188,355,8809,
123.1373839327849,90650,189,355,8809,
123.1396491478926,90649,190,355,8809,
123.15223328595823,90649,189,356,8809,
123.16971522987262,90649,188,357,8809,
123.18104865105606,90649,187,358,8809,
123.18969044942098,90649,186,359,8809,
123.20270935956535,90648,187,359,8809,
123.20359587571829,90648,187,358,8810,
123.22390294542171,90648,187,357,8811,
123.23229488008789,90648,187,356,8812,
123.24036708750057,90648,186,357,8812,
123.24154192100865,90648,185,358,8812,
123.26574350441946,90648,185,357,8813,
123.28154806825064,90648,184,358,8813,
123.29667656407474,90648,183,359,8813,
123.29718789016951,90647,184,359,8813,
123.2987215362512,90647,184,358,8814,
123.29910080690684,90647,184,357,8815,
123.3071859556555,90646,185,357,8815,
123.32562789792244,90645,186,357,8815,
123.32575100597839,90645,186,356,8816,
123.34051092193326,90644,187,356,8816,
123.34584774382137,90644,186,357,8816,
123.34929099348159,90644,185,358,8816,
123.36108195724142,90643,186,358,8816,
123.36415151687712,90642,187,358,8816,
123.37395863218924,90642,187,357,8817,
123.3762183553806,90642,187,356,8818,
123.38518421010093,90641,188,356,8818,
123.38551269254259,90641,188,355,8819,
123.42097116568652,90641,188,354,8820,
123.43339158793873,90641,188,353,8821,
123.44286603290016,90641,188,352,8822,
123.44322471964475,90641,187,353,8822,
123.45014583944901,90641,187,352,8823,
123.47132394078908,90640,188,352,8823,
123.48248948999262,90639,189,352,8823,
123.49057484125031,90639,188,353,8823,
123.50128672628418,90639,187,354,8823,
123.5200611616584,90639,186,355,8823,
123.53336687168505,90639,185,356,8823,
123.54559835629067,90638,186,356,8823,
123.55911287519187,90638,185,357,8823,
123.58721476489566,90638,184,358,8823,
123.59101011488323,90638,183,359,8823,
123.59446638232556,90638,182,360,8823,
123.60590746958442,90638,182,359,8824,
123.61425922814581,90638,182,358,8825,
123.61826146493418,90638,181,359,8825,
123.6292329479108,90637,182,359,8825,
123.63005196944962,90636,183,359,8825,
123.63352369275962,90636,182,360,8825,
123.6369196732112,90636,182,359,8826,
123.637377168946,90636,181,360,8826,
123.6430557386274,90636,181,359,8827,
123.64649554401949,90636,180,360,8827,
123.64737683495888,90636,179,361,8827,
123.65479191179112,90636,178,362,8827,
123.67838174262398,90636,177,363,8827,
123.68153536585848,90635,178,363,8827,
123.68722966335083,90634,179,363,8827,
123.69405251729212,90633,180,363,8827,
123.69611677053918,90632,181,363,8827,
123.69630049663158,90631,182,363,8827,
123.69813248962788,90630,183,363,8827,
123.7128703750325,90630,182,364,8827,
123.72524101004802,90629,183,364,8827,
123.73377447474049,90628,184,364,8827,
123.73832651326235,90628,184,363,8828,
123.7384535826176,90628,184,362,8829,
123.74701143646467,90628,183,363,8829,
123.7501402782704,90628,182,364,8829,
123.75241662560751,90628,182,363,8830,
123.75874786753027,90627,183,363,8830,
123.766682551909,90626,184,363,8830,
123.77969103283338,90626,184,362,8831,
123.79286454593704,90626,184,361,8832,
123.7986007878327,90625,185,361,8832,
123.79891216307861,90625,184,362,8832,
123.80453852548288,90625,183,363,8832,
123.80764994330683,90625,182,364,8832,
123.81586742395379,90624,183,364,8832,
123.83251271103121,90624,182,365,8832,
123.84983094764638,90624,181,366,8832,
123.85193013748217,90624,181,365,8833,
123.86311623568506,90623,182,365,8833,
123.88591438210607,90622,183,365,8833,
123.89164455105491,90622,182,366,8833,
123.8971998738636,90622,182,365,8834,
123.89921168516524,90622,181,366,8834,
123.90858253880269,90622,181,365,8835,
123.91213643808149,90621,182,365,8835,
123.91281563815075,90620,183,365,8835,
123.93114130162901,90620,183,364,8836,
123.93940987305278,90620,182,365,8836,
123.94281846471762,90620,181,366,8836,
123.99434520210714,90620,180,367,8836,
124.01302095288433,90620,180,366,8837,
124.01420644964026,90619,181,366,8837,
124.03573970432159,90618,182,366,8837,
124.04381908065383,90618,181,367,8837,
124.05572542193445,90618,181,366,8838,
124.0736457150118,90617,182,366,8838,
124.10029083877582,90617,181,367,8838,
124.10473517887233,90617,181,366,8839,
124.11263796545337,90617,181,365,8840,
124.11486183665895,90617,181,364,8841,
124.1224908782623,90617,181,363,8842,
124.12423297780107,90616,182,363,8842,
124.13043617039763,90616,181,364,8842,
124.13218288142822,90616,181,363,8843,
124.13360927828145,90616,180,364,8843,
124.14992418207909,90615,181,364,8843,
124.15274717448794,90614,182,364,8843,
124.15737261021475,90614,182,363,8844,
124.1734726524774,90614,182,362,8845,
124.18527043671038,90613,183,362,8845,
124.18592603495901,90613,182,363,8845,
124.23036123421534,90613,181,364,8845,
124.23461529036088,90612,182,364,8845,
124.24781643614142,90612,182,363,8846,
124.24853815645808,90612,182,362,8847,
124.25479088531831,90612,182,361,8848,
124.25925233742572,90612,182,360,8849,
124.26127329175868,90611,183,360,8849,
124.26279510208859,90611,183,359,8850,
124.26880135619712,90611,183,358,8851,
124.28333819265552,90610,184,358,8851,
124.28610453436589,90610,183,359,8851,
124.29591310535456,90609,184,359,8851,
124.29650936730833,90609,184,358,8852,
124.29654108852186,90609,183,359,8852,
124.29994793271504,90609,182,360,8852,
124.30486915505409,90609,181,361,8852,
124.30950382396179,90609,181,360,8853,
124.31853965774802,90608,182,360,8853,
124.32138605678662,90608,182,359,8854,
124.32253145399287,90607,183,359,8854,
124.33685962033228,90606,184,359,8854,
124.3540159182211,90605,185,359,8854,
124.35443683491599,90605,185,358,8855,
124.35982436996395,90604,186,358,8855,
124.36019818084738,90604,185,359,8855,
124.36309599072742,90604,185,358,8856,
124.38583023830596,90604,185,357,8857,
124.38708503583923,90604,184,358,8857,
124.38922494432978,90603,185,358,8857,
124.39181930648402,90602,186,358,8857,
124.39559832738593,90602,186,357,8858,
124.41661997793284,90601,187,357,8858,
124.44127765476352,90601,187,356,8859,
124.44651457237914,90601,187,355,8860,
124.44656754158241,90601,186,356,8860,
124.44974328032107,90601,186,355,8861,
124.45490257448854,90601,186,354,8862,
124.46010343530764,90601,185,355,8862,
124.46293563083167,90601,184,356,8862,
124.46972310528666,90601,184,355,8863,
124.46998654914043,90600,185,355,8863,
124.4715899893102,90600,184,356,8863,
124.48256285858359,90600,183,357,8863,
124.48779678032199,90600,183,356,8864,
124.50411466600926,90599,184,356,8864,
124.52261202976962,90599,184,355,8865,
124.52554117274856,90598,185,355,8865,
124.52613793351593,90598,185,354,8866,
124.52701284737724,90598,185,353,8867,
124.55994853052078,90598,184,354,8867,
124.56441559477936,90598,184,353,8868,
124.56886171355048,90598,183,354,8868,
124.57098938816381,90597,184,354,8868,
124.58163332879998,90597,183,355,8868,
124.58601117037803,90596,184,355,8868,
124.58960454167644,90596,184,354,8869,
124.59486418572222,90595,185,354,8869,
124.60209478929066,90595,185,353,8870,
124.6086395454821,90595,185,352,8871,
124.60892193734082,90594,186,352,8871,
124.61076381531375,90594,186,351,8872,
124.61457587198367,90594,185,352,8872,
124.614748525306,90593,186,352,8872,
124.622935034448,90593,185,353,8872,
124.6236759339177,90592,186,353,8872,
124.62627366707774,90591,187,353,8872,
124.63797773994085,90591,186,354,8872,
124.63947508257824,90590,187,354,8872,
124.64086432770816,90590,187,353,8873,
124.64300443725332,90590,186,354,8873,
124.64819481821698,90590,185,355,8873,
124.65696651517281,90590,184,356,8873,
124.65983195086903,90590,183,357,8873,
124.67318377400433,90590,182,358,8873,
124.67479111199582,90590,182,357,8874,
124.68222601661988,90589,183,357,8874,
124.68264101670555,90588,184,357,8874,
124.70748641336505,90588,184,356,8875,
124.71171774953288,90587,185,356,8875,
124.73184961103091,90586,186,356,8875,
124.73873663009473,90585,187,356,8875,
124.73888918837756,90585,187,355,8876,
124.75333334724154,90585,186,356,8876,
124.75678813967252,90585,186,355,8877,
124.7804030377933,90585,186,354,8878,
124.81581171288147,90585,185,355,8878,
124.83430354100378,90585,184,356,8878,
124.83742672294791,90584,185,356,8878,
124.85028758555855,90584,184,357,8878,
124.88271928650842,90583,185,357,8878,
124.9230203857462,90583,184,358,8878,
124.93514380148342,90583,183,359,8878,
124.94104593891265,90582,184,359,8878,
124.95376294628456,90581,185,359,8878,
124.96846915725361,90580,186,359,8878,
124.97636080688171,90579,187,359,8878,
124.9876023072716,90579,187,358,8879,
124.98903281210723,90579,187,357,8880,
124.99852350289733,90579,186,358,8880,
124.99993889318083,90579,185,359,8880,
125.00166199616443,90579,185,358,8881,
125.00378792668214,90579,185,357,8882,
125.01418133629066,90579,185,356,8883,
125.0201503294982,90578,186,356,8883,
125.05378838964089,90578,186,355,8884,
125.05456885506632,90577,187,355,8884,
125.05471094977005,90577,186,356,8884,
125.0565128601213,90577,186,355,8885,
125.07096689024186,90577,185,356,8885,
125.07163536341072,90577,185,355,8886,
125.08557709292272,90577,184,356,8886,
125.09849829752366,90577,184,355,8887,
125.11224204938145,90576,185,355,8887,
125.11514238134436,90576,185,354,8888,
125.13219202773683,90576,185,353,8889,
125.13377092744018,90576,184,354,8889,
125.13377092744018,90576,184,354,8889,
125.13815389198314,90576,183,355,8889,
125.15155730367815,90575,184,355,8889,
125.21485451371302,90574,185,355,8889,
125.2336696185561,90574,185,354,8890,
125.23683582428875,90574,184,355,8890,
125.2567948461159,90573,185,355,8890,
125.25831332428685,90572,186,355,8890,
125.28240686237,90572,186,354,8891,
125.29570384351695,90572,185,355,8891,
125.30313044457867,90572,185,354,8892,
125.31070840796669,90572,185,353,8893,
125.33506374401635,90572,185,352,8894,
125.36199012582277,90572,184,353,8894,
125.37242197238871,90572,184,352,8895,
125.38007474824522,90572,184,351,8896,
125.38520265035537,90572,183,352,8896,
125.3951438803242,90571,184,352,8896,
125.40216063305841,90571,183,353,8896,
125.40992339215474,90571,182,354,8896,
125.41047641117812,90570,183,354,8896,
125.42228745917177,90570,182,355,8896,
125.42852028309859,90570,182,354,8897,
125.43119801610331,90570,181,355,8897,
125.43141823923698,90570,181,354,8898,
125.43948100992813,90570,180,355,8898,
125.4402622958668,90570,179,356,8898,
125.44236037541995,90569,180,356,8898,
125.4511867115836,90569,179,357,8898,
125.45891911132725,90568,180,357,8898,
125.46292652921906,90568,179,358,8898,
125.46773862453585,90568,178,359,8898,
125.4796612488228,90567,179,359,8898,
125.49301394385611,90566,180,359,8898,
125.49399143640616,90566,179,360,8898,
125.49619164356046,90566,179,359,8899,
125.49731943790832,90565,180,359,8899,
125.50468050144524,90565,180,358,8900,
125.51569558295334,90565,179,359,8900,
125.519685748642,90565,178,360,8900,
125.53244943225687,90565,178,359,8901,
125.53436501312098,90565,178,358,8902,
125.53636497839703,90564,179,358,8902,
125.54549046341398,90564,178,359,8902,
125.57149481611329,90564,178,358,8903,
125.58782962842376,90563,179,358,8903,
125.58891605483885,90563,178,359,8903,
125.59353445691845,90563,178,358,8904,
125.63179024511341,90562,179,358,8904,
125.63489768132189,90562,178,359,8904,
125.67117703363047,90562,177,360,8904,
125.67906314767424,90562,177,359,8905,
125.67925997709074,90562,176,360,8905,
125.68216101196798,90562,175,361,8905,
125.68278432870082,90561,176,361,8905,
125.69090107812373,90561,176,360,8906,
125.69675124593526,90561,175,361,8906,
125.69890477462552,90561,175,360,8907,
125.70866217490992,90561,175,359,8908,
125.73048057496007,90561,175,358,8909,
125.74445132545257,90561,174,359,8909,
125.7536583346871,90561,173,360,8909,
125.75372386923628,90560,174,360,8909,
125.7788526605549,90560,174,359,8910,
125.7985327790955,90560,174,358,8911,
125.80611002523511,90559,175,358,8911,
125.81447040012279,90559,174,359,8911,
125.82664028329847,90558,175,359,8911,
125.8306833393853,90558,175,358,8912,
125.83531436536768,90558,174,359,8912,
125.85642126291512,90558,173,360,8912,
125.86016918313769,90557,174,360,8912,
125.86822225602808,90557,174,359,8913,
125.87226017990277,90557,174,358,8914,
125.88574304316495,90556,175,358,8914,
125.90316494127582,90556,174,359,8914,
125.9089463828627,90556,174,358,8915,
125.91746075687801,90556,173,359,8915,
125.91854746993755,90556,173,358,8916,
125.93319401662681,90555,174,358,8916,
125.93631205737711,90555,173,359,8916,
125.94844038912261,90555,173,358,8917,
125.95034844978224,90555,173,357,8918,
125.9596768429894,90554,174,357,8918,
125.98574912287862,90554,174,356,8919,
126.01074856925564,90554,174,355,8920,
126.01351344310575,90554,173,356,8920,
126.02612374545916,90554,173,355,8921,
126.03241196337271,90553,174,355,8921,
126.04778917154779,90553,174,354,8922,
126.05394635324907,90553,174,353,8923,
126.05487932699623,90553,173,354,8923,
126.06766159843052,90553,172,355,8923,
126.07290040927214,90552,173,355,8923,
126.08656835206392,90552,173,354,8924,
126.08799684712224,90552,172,355,8924,
126.11856316763217,90552,172,354,8925,
126.13070093536177,90551,173,354,8925,
126.13450202094937,90551,173,353,8926,
126.14435638702153,90551,172,354,8926,
126.14869885305781,90551,172,353,8927,
126.15098708665994,90551,172,352,8928,
126.16013431440224,90551,171,353,8928,
126.16058238930196,90551,171,352,8929,
126.16405171064218,90551,171,351,8930,
126.16714889899947,90551,171,350,8931,
126.17370336748688,90551,170,351,8931,
126.17504904756949,90551,169,352,8931,
126.18793377220997,90550,170,352,8931,
126.19189415890435,90550,170,351,8932,
126.19796496580517,90549,171,351,8932,
126.20705285024351,90549,170,352,8932,
126.21221019758245,90549,169,353,8932,
126.22087813122887,90549,169,352,8933,
126.22398427395686,90549,169,351,8934,
126.26053969652764,90549,169,350,8935,
126.27053028412408,90548,170,350,8935,
126.27446432666984,90548,170,349,8936,
126.30116982185177,90548,169,350,8936,
126.31379003249053,90548,168,351,8936,
126.31423120119787,90547,169,351,8936,
126.32272916908059,90547,168,352,8936,
126.33377767053707,90547,168,351,8937,
126.33770215940811,90547,168,350,8938,
126.34297917565986,90546,169,350,8938,
126.36252610499716,90545,170,350,8938,
126.37374002081856,90545,170,349,8939,
126.37659195314174,90545,169,350,8939,
126.38312446496555,90544,170,350,8939,
126.39190200325315,90544,170,349,8940,
126.39363994258893,90544,170,348,8941,
126.39461419721933,90544,170,347,8942,
126.39488380742702,90544,169,348,8942,
126.41258781110551,90544,169,347,8943,
126.41794457950023,90544,168,348,8943,
126.41907025839012,90543,169,348,8943,
126.428563285399,90543,169,347,8944,
126.4347760267231,90542,170,347,8944,
126.44373888384602,90542,169,348,8944,
126.45069803216529,90541,170,348,8944,
126.45215199679761,90541,170,347,8945,
126.45475937307116,90541,170,346,8946,
126.4602350001941,90541,169,347,8946,
126.46155426680617,90541,169,346,8947,
126.46303824355704,90541,168,347,8947,
126.46530578745681,90540,169,347,8947,
126.47106043503626,90539,170,347,8947,
126.48076862252893,90539,169,348,8947,
126.51427941066179,90538,170,348,8947,
126.5168796478506,90537,171,348,8947,
126.52467891029943,90537,171,347,8948,
126.52960563115941,90537,170,348,8948,
126.53427067415218,90536,171,348,8948,
126.5372930670573,90535,172,348,8948,
126.53819295585,90534,173,348,8948,
126.54038715072993,90534,172,349,8948,
126.54138660981847,90534,171,350,8948,
126.55199098109506,90533,172,350,8948,
126.57596586830293,90533,171,351,8948,
126.59691685189041,90532,172,351,8948,
126.62496959425849,90532,172,350,8949,
126.6643937461463,90532,172,349,8950,
126.69514036217892,90531,173,349,8950,
126.69893607351284,90531,172,350,8950,
126.70520001303872,90531,172,349,8951,
126.70978334451736,90531,172,348,8952,
126.71695146640937,90530,173,348,8952,
126.73584506703989,90530,173,347,8953,
126.75475546436833,90530,172,348,8953,
126.76835640922086,90530,171,349,8953,
126.77445494779833,90530,171,348,8954,
126.78645043233526,90529,172,348,8954,
126.7869987543674,90529,171,349,8954,
126.7890854410563,90528,172,349,8954,
126.80198233972304,90528,172,348,8955,
126.80853821811576,90528,171,349,8955,
126.81618757878942,90527,172,349,8955,
126.81867755950877,90527,171,350,8955,
126.83086854479058,90527,171,349,8956,
126.8378770347037,90527,171,348,8957,
126.85390512224149,90527,171,347,8958,
126.85813779974484,90526,172,347,8958,
126.86748727392553,90526,172,346,8959,
126.8694463812727,90526,171,347,8959,
126.86944663008953,90526,171,346,8960,
126.87910826347925,90526,171,345,8961,
126.87974671120936,90526,171,344,8962,
126.88297206740535,90525,172,344,8962,
126.88847941749326,90524,173,344,8962,
126.90259448204542,90524,173,343,8963,
126.91260269612219,90524,173,342,8964,
126.91898097661476,90524,173,341,8965,
126.92621155779533,90523,174,341,8965,
126.92814964831221,90523,174,340,8966,
126.9313364281375,90523,173,341,8966,
126.94990429877068,90523,172,342,8966,
126.95134221784727,90523,172,341,8967,
126.95719711958708,90523,171,342,8967,
126.97306151632547,90523,171,341,8968,
126.97445830076438,90523,170,342,8968,
126.99689520504157,90523,170,341,8969,
126.99978386917202,90523,170,340,8970,
127.02203674302778,90522,171,340,8970,
127.03123216826849,90522,171,339,8971,
127.0479972065968,90522,170,340,8971,
127.08914714269748,90521,171,340,8971,
127.10339466578144,90520,172,340,8971,
127.12872132638364,90520,171,341,8971,
127.14873861560315,90520,171,340,8972,
127.15881357646924,90520,171,339,8973,
127.16528746955862,90519,172,339,8973,
127.16671537301379,90518,173,339,8973,
127.17389505622484,90518,173,338,8974,
127.18498028859152,90518,173,337,8975,
127.21492718920854,90518,172,338,8975,
127.23115618367258,90518,172,337,8976,
127.24276299941498,90517,173,337,8976,
127.26828483640753,90516,174,337,8976,
127.29342630172135,90516,174,336,8977,
127.29402032712808,90515,175,336,8977,
127.2989676015179,90514,176,336,8977,
127.30361848936852,90514,176,335,8978,
127.30825051120175,90514,175,336,8978,
127.31076106369287,90514,175,335,8979,
127.3163191200832,90513,176,335,8979,
127.33325848216849,90512,177,335,8979,
127.33512715700704,90511,178,335,8979,
127.3368518808238,90510,179,335,8979,
127.34522676654844,90510,179,334,8980,
127.34996446820251,90510,179,333,8981,
127.35868760331117,90509,180,333,8981,
127.37279199871513,90509,179,334,8981,
127.3830861448852,90509,179,333,8982,
127.39196374519054,90509,178,334,8982,
127.39708147081382,90508,179,334,8982,
127.4185719354858,90508,179,333,8983,
127.418737744589,90508,179,332,8984,
127.42020738208159,90508,179,331,8985,
127.43843800588697,90508,178,332,8985,
127.45266653484097,90508,178,331,8986,
127.4588358346973,90507,179,331,8986,
127.4810213198743,90507,178,332,8986,
127.51685988400776,90506,179,332,8986,
127.53845148328371,90506,179,331,8987,
127.5417393935374,90505,180,331,8987,
127.55107558658993,90505,179,332,8987,
127.55144498682601,90505,179,331,8988,
127.56308537542857,90505,179,330,8989,
127.56479233346941,90505,178,331,8989,
127.57080496221714,90504,179,331,8989,
127.57697236858098,90503,180,331,8989,
127.58718614731133,90503,180,330,8990,
127.59628600222497,90503,179,331,8990,
127.63374543950968,90503,179,330,8991,
127.6474124042294,90503,179,329,8992,
127.66134954354779,90503,179,328,8993,
127.66736850356219,90503,179,327,8994,
127.66752065202449,90503,179,326,8995,
127.68606808680815,90503,179,325,8996,
127.69795033188504,90503,179,324,8997,
127.70335799706238,90502,180,324,8997,
127.71347490806718,90501,181,324,8997,
127.71721042968761,90501,181,323,8998,
127.72580079752404,90501,181,322,8999,
127.73197296926669,90500,182,322,8999,
127.73880734284923,90499,183,322,8999,
127.75162681785397,90499,183,321,9000,
127.75239575262607,90499,182,322,9000,
127.76397693712985,90498,183,322,9000,
127.78133708195669,90497,184,322,9000,
127.79108846543912,90497,184,321,9001,
127.80314866409638,90497,184,320,9002,
127.81219648568614,90497,184,319,9003,
127.81310106183427,90497,183,320,9003,
127.8184907852901,90497,183,319,9004,
127.8188389392301,90497,183,318,9005,
127.82175445341893,90496,184,318,9005,
127.8371868600138,90496,184,317,9006,
127.84628014680321,90496,184,316,9007,
127.84723203669328,90496,183,317,9007,
127.85014400321795,90495,184,317,9007,
127.86095652500971,90495,184,316,9008,
127.87453605279461,90495,184,315,9009,
127.8756464453075,90495,184,314,9010,
127.87686815243313,90495,184,313,9011,
127.88395175084,90495,183,314,9011,
127.88812003317462,90495,182,315,9011,
127.89980344108402,90494,183,315,9011,
127.90386212570806,90493,184,315,9011,
127.90466091641453,90492,185,315,9011,
127.93341992444624,90492,185,314,9012,
127.9338779271695,90491,186,314,9012,
127.94619232800021,90491,186,313,9013,
127.96647818877847,90490,187,313,9013,
127.96715987457111,90489,188,313,9013,
127.97763535579149,90489,188,312,9014,
127.98395501308832,90489,188,311,9015,
128.0193290934037,90489,187,312,9015,
128.02289597775174,90489,186,313,9015,
128.02308413963598,90489,186,312,9016,
128.053906563224,90489,185,313,9016,
128.05507811674454,90489,184,314,9016,
128.06393253434496,90489,184,313,9017,
128.0674414654334,90488,185,313,9017,
128.08147664853095,90488,184,314,9017,
128.09043727101727,90488,184,313,9018,
128.10744096917156,90487,185,313,9018,
128.12168301544972,90486,186,313,9018,
128.12305531257638,90486,185,314,9018,
128.12828440671285,90485,186,314,9018,
128.1338601829436,90485,186,313,9019,
128.15910394606985,90485,185,314,9019,
128.1591481685181,90485,184,315,9019,
128.18876496966146,90485,183,316,9019,
128.19529366327012,90485,183,315,9020,
128.19856524173846,90485,182,316,9020,
128.21021280965348,90485,181,317,9020,
128.21301430813412,90484,182,317,9020,
128.21785948015065,90483,183,317,9020,
128.21912576063067,90482,184,317,9020,
128.22080178213156,90482,184,316,9021,
128.2320679548011,90481,185,316,9021,
128.23413853971033,90481,184,317,9021,
128.2387358792758,90481,183,318,9021,
128.2414281963969,90481,183,317,9022,
128.2442651665915,90480,184,317,9022,
128.24640522418667,90480,183,318,9022,
128.24849032320236,90480,182,319,9022,
128.2550719768673,90480,182,318,9023,
128.2583443728055,90480,181,319,9023,
128.25904821027677,90480,181,318,9024,
128.2621599688961,90480,180,319,9024,
128.26738819779658,90480,179,320,9024,
128.27103710992748,90480,179,319,9025,
128.27274262772207,90480,178,320,9025,
128.27983967801796,90479,179,320,9025,
128.28337284581917,90479,179,319,9026,
128.29416273944915,90478,180,319,9026,
128.3112049028168,90478,179,320,9026,
128.3191624611038,90478,178,321,9026,
128.32751883670028,90477,179,321,9026,
128.34132286161466,90476,180,321,9026,
128.34593947104025,90476,180,320,9027,
128.37814970858557,90475,181,320,9027,
128.38881595317133,90474,182,320,9027,
128.41455469195483,90474,181,321,9027,
128.41683860324977,90473,182,321,9027,
128.46185177522142,90473,182,320,9028,
128.47263422683776,90472,183,320,9028,
128.47271904386614,90471,184,320,9028,
128.47990326050348,90471,184,319,9029,
128.48685979377677,90471,184,318,9030,
128.49973630213034,90471,183,319,9030,
128.5211487679285,90471,183,318,9031,
128.5265327173853,90471,182,319,9031,
128.5281815445128,90471,182,318,9032,
128.53103519072798,90471,182,317,9033,
128.5327198570145,90471,182,316,9034,
128.54121335337214,90471,182,315,9035,
128.5517576151254,90471,182,314,9036,
128.567762688187,90470,183,314,9036,
128.56893603584004,90470,182,315,9036,
128.5727739465499,90469,183,315,9036,
128.61334195606588,90469,183,314,9037,
128.61648166258806,90469,182,315,9037,
128.62793925763864,90469,181,316,9037,
128.62831931618456,90469,181,315,9038,
128.64634927103947,90468,182,315,9038,
128.64827022706407,90468,182,314,9039,
128.67816532013782,90467,183,314,9039,
128.69169370592232,90466,184,314,9039,
128.6963027293662,90466,183,315,9039,
128.71673877525254,90466,182,316,9039,
128.72519948016745,90466,181,317,9039,
128.72677004223374,90466,181,316,9040,
128.73149398518305,90466,181,315,9041,
128.74147648271102,90466,180,316,9041,
128.74465740623566,90466,179,317,9041,
128.74710728060938,90465,180,317,9041,
128.7558649303089,90465,180,316,9042,
128.75673220993332,90465,179,317,9042,
128.76948131885246,90464,180,317,9042,
128.7827431547014,90463,181,317,9042,
128.7853089096564,90463,181,316,9043,
128.79667887156586,90463,181,315,9044,
128.82465123970798,90463,181,314,9045,
128.83781246271118,90463,180,315,9045,
128.84685785467403,90463,180,314,9046,
128.85149061603855,90463,180,313,9047,
128.85236648725632,90462,181,313,9047,
128.8734049216956,90462,181,312,9048,
128.87392202837623,90462,180,313,9048,
128.88126799943285,90461,181,313,9048,
128.88176104600646,90461,180,314,9048,
128.88561236493635,90461,179,315,9048,
128.8923268492315,90461,178,316,9048,
128.89937897427654,90461,178,315,9049,
128.9023140680521,90461,177,316,9049,
128.91326740156757,90460,178,316,9049,
128.9139347019247,90460,177,317,9049,
128.92730054870333,90459,178,317,9049,
128.93456964694138,90459,178,316,9050,
128.94841119233712,90459,177,317,9050,
128.97389653997527,90459,176,318,9050,
128.9827931475754,90459,175,319,9050,
128.99147443574043,90459,174,320,9050,
128.99393795714929,90459,174,319,9051,
128.99515693642905,90459,173,320,9051,
128.99987655236512,90458,174,320,9051,
129.0105563246738,90458,173,321,9051,
129.01059944577528,90457,174,321,9051,
129.0134683936844,90456,175,321,9051,
129.01786767649173,90456,175,320,9052,
129.02595788462298,90455,176,320,9052,
129.03308057640587,90455,175,321,9052,
129.03691714163514,90455,174,322,9052,
129.06195481117308,90455,173,323,9052,
129.06297547199057,90455,173,322,9053,
129.06506228807424,90455,172,323,9053,
129.07843993563523,90455,171,324,9053,
129.09383909150375,90455,171,323,9054,
129.09967841565177,90455,171,322,9055,
129.102310420522,90455,171,321,9056,
129.10591521064248,90455,170,322,9056,
129.11168311170832,90455,170,321,9057,
129.11520276770176,90455,170,320,9058,
129.11819445711762,90455,170,319,9059,
129.14602279732296,90455,169,320,9059,
129.15782923210642,90455,168,321,9059,
129.16685377282093,90455,167,322,9059,
129.1724483131515,90455,167,321,9060,
129.17796465147816,90455,167,320,9061,
129.22649398956648,90455,166,321,9061,
129.22938290978786,90454,167,321,9061,
129.25647043742322,90454,166,322,9061,
129.25783473921706,90454,166,321,9062,
129.28381527929213,90454,165,322,9062,
129.28900482003212,90454,165,321,9063,
129.30025736254788,90454,164,322,9063,
129.33284778165157,90454,164,321,9064,
129.33399715869942,90453,165,321,9064,
129.3387180939395,90453,164,322,9064,
129.34625540264395,90453,163,323,9064,
129.3535887898545,90453,163,322,9065,
129.36560299924398,90453,162,323,9065,
129.3771378275997,90453,162,322,9066,
129.38548274411704,90452,163,322,9066,
129.39621800012495,90452,162,323,9066,
129.43436864630547,90452,162,322,9067,
129.44090434506322,90452,161,323,9067,
129.44660730383941,90451,162,323,9067,
129.46048294441303,90450,163,323,9067,
129.5009698918814,90450,163,322,9068,
129.51397678926654,90449,164,322,9068,
129.51769955996076,90449,164,321,9069,
129.52494549661432,90449,164,320,9070,
129.5348963806123,90449,163,321,9070,
129.5448314444703,90449,162,322,9070,
129.54881779365815,90449,161,323,9070,
129.5531131878477,90449,161,322,9071,
129.56047078184622,90448,162,322,9071,
129.57216826351026,90448,162,321,9072,
129.5842221250093,90448,162,320,9073,
129.5886827498651,90448,162,319,9074,
129.58883768479848,90447,163,319,9074,
129.59020922878642,90447,162,320,9074,
129.59454192859926,90447,162,319,9075,
129.6062250796095,90447,161,320,9075,
129.62866994380983,90447,161,319,9076,
129.64979594894595,90447,161,318,9077,
129.65344732796925,90447,160,319,9077,
129.65413326945398,90447,160,318,9078,
129.65466837834646,90447,160,317,9079,
129.66548635231635,90446,161,317,9079,
129.68741231032936,90446,161,316,9080,
129.71191030415162,90446,161,315,9081,
129.72184817794422,90446,161,314,9082,
129.72305913008776,90446,160,315,9082,
129.7260840567916,90446,159,316,9082,
129.73149212389433,90445,160,316,9082,
129.73278564326966,90445,159,317,9082,
129.74362417527172,90445,159,316,9083,
129.7644770404953,90445,159,315,9084,
129.78341322056218,90445,159,314,9085,
129.79247080851596,90445,159,313,9086,
129.81197874954353,90444,160,313,9086,
129.83337464935437,90443,161,313,9086,
129.833381150981,90443,160,314,9086,
129.83417097776012,90442,161,314,9086,
129.8704938746016,90441,162,314,9086,
129.88382745183324,90441,161,315,9086,
129.89108854148375,90441,160,316,9086,
129.90020240771514,90441,160,315,9087,
129.90462534428679,90440,161,315,9087,
129.90731584137984,90440,161,314,9088,
129.92668158275282,90439,162,314,9088,
129.92847097263657,90439,162,313,9089,
129.94084417111145,90439,161,314,9089,
129.94584714694471,90439,161,313,9090,
129.94726213634488,90439,160,314,9090,
129.96681120755167,90439,160,313,9091,
129.96958134400526,90439,159,314,9091,
129.9745434898037,90439,159,313,9092,
129.98122656896646,90439,159,312,9093,
129.98481935804864,90438,160,312,9093,
129.99392027724016,90437,161,312,9093,
130.0023347931252,90436,162,312,9093,
130.00946781206963,90436,161,313,9093,
130.02837222476023,90436,161,312,9094,
130.03212508162602,90436,160,313,9094,
130.03558171810258,90436,160,312,9095,
130.03806589058877,90436,159,313,9095,
130.03892560326773,90436,159,312,9096,
130.04623345418318,90435,160,312,9096,
130.06255226415792,90435,159,313,9096,
130.07346189815595,90434,160,313,9096,
130.09273674158942,90434,159,314,9096,
130.0963929280113,90433,160,314,9096,
130.1104200179784,90432,161,314,9096,
130.11529408066815,90432,160,315,9096,
130.12352002404498,90432,160,314,9097,
130.13027819759563,90431,161,314,9097,
130.1370504176682,90431,161,313,9098,
130.1401129510577,90431,161,312,9099,
130.14553604903034,90430,162,312,9099,
130.145596477062,90429,163,312,9099,
130.1459418100335,90429,163,311,9100,
130.15374440525613,90428,164,311,9100,
130.1571065925912,90428,164,310,9101,
130.16588429793453,90427,165,310,9101,
130.17887020963448,90427,165,309,9102,
130.1793345210334,90427,165,308,9103,
130.1800723787239,90427,164,309,9103,
130.1856861431057,90427,163,310,9103,
130.18661052303062,90426,164,310,9103,
130.19671856205377,90426,163,311,9103,
130.20338683012355,90426,162,312,9103,
130.20649628823767,90426,162,311,9104,
130.21170213854663,90425,163,311,9104,
130.22043334536852,90425,162,312,9104,
130.22309045454554,90424,163,312,9104,
130.24532252363798,90424,163,311,9105,
130.25156031970138,90424,162,312,9105,
130.25661495179784,90423,163,312,9105,
130.2675444499249,90422,164,312,9105,
130.2727477594823,90422,164,311,9106,
130.27905491394148,90422,164,310,9107,
130.31513682693958,90422,163,311,9107,
130.3158650965313,90422,163,310,9108,
130.32112076049907,90421,164,310,9108,
130.34767783752525,90421,163,311,9108,
130.3583711875994,90421,163,310,9109,
130.35995153225133,90420,164,310,9109,
130.3727978904623,90420,164,309,9110,
130.3837832138152,90420,164,308,9111,
130.39984758508737,90419,165,308,9111,
130.40762210801384,90419,165,307,9112,
130.4088303644427,90419,165,306,9113,
130.43573064279968,90418,166,306,9113,
130.4363060838106,90418,166,305,9114,
130.4419120283495,90418,166,304,9115,
130.45991656420972,90418,165,305,9115,
130.46129960873495,90418,165,304,9116,
130.4707176872579,90418,165,303,9117,
130.47122770352178,90418,164,304,9117,
130.47659472690287,90418,163,305,9117,
130.48186415212254,90418,163,304,9118,
130.49732493770108,90417,164,304,9118,
130.5109084184133,90417,163,305,9118,
130.527595255493,90416,164,305,9118,
130.53370465667498,90415,165,305,9118,
130.5379363395,90415,165,304,9119,
130.542124853137,90414,166,304,9119,
130.55381632683634,90414,166,303,9120,
130.56193766783576,90413,167,303,9120,
130.56209307151792,90413,166,304,9120,
130.56422039435262,90413,166,303,9121,
130.56950852873462,90413,165,304,9121,
130.57089801936152,90413,165,303,9122,
130.57623646381168,90413,165,302,9123,
130.58261738560577,90413,165,301,9124,
130.59044997656483,90413,165,300,9125,
130.60287606794097,90413,164,301,9125,
130.61324139190458,90413,164,300,9126,
130.61721670227092,90412,165,300,9126,
130.64054780015942,90412,165,299,9127,
130.66622506261893,90412,165,298,9128,
130.67255592134484,90412,165,297,9129,
130.67604842650798,90411,166,297,9129,
130.67994663828904,90410,167,297,9129,
130.68659869050913,90410,166,298,9129,
130.69954999472915,90409,167,298,9129,
130.71340421795873,90408,168,298,9129,
130.71688380932633,90408,167,299,9129,
130.71852798560448,90408,167,298,9130,
130.72109222489286,90408,167,297,9131,
130.7256730820281,90408,167,296,9132,
130.7498856218122,90408,166,297,9132,
130.76729659183908,90407,167,297,9132,
130.76847475563426,90406,168,297,9132,
130.77448672643618,90406,167,298,9132,
130.77576895708503,90406,167,297,9133,
130.8191240427549,90406,167,296,9134,
130.8217487749984,90405,168,296,9134,
130.84072721178524,90405,168,295,9135,
130.86470017260268,90405,168,294,9136,
130.86657911013637,90405,168,293,9137,
130.87322750506672,90405,167,294,9137,
130.88046022631528,90405,167,293,9138,
130.88087900218108,90405,167,292,9139,
130.898789673265,90405,167,291,9140,
130.90002913767654,90404,168,291,9140,
130.9119880882033,90404,167,292,9140,
130.92729513248952,90404,167,291,9141,
130.93388819144755,90404,166,292,9141,
130.93785238977668,90404,166,291,9142,
130.94597980438786,90404,165,292,9142,
130.96850910038066,90404,164,293,9142,
130.98262391193933,90404,164,292,9143,
130.98954872311265,90403,165,292,9143,
130.99768399820715,90403,165,291,9144,
131.00621026033113,90403,165,290,9145,
131.0118179838609,90403,164,291,9145,
131.0147883775945,90403,164,290,9146,
131.0148533279399,90403,164,289,9147,
131.0169987426492,90402,165,289,9147,
131.03816721291383,90401,166,289,9147,
131.03908988805338,90400,167,289,9147,
131.04362379165,90399,168,289,9147,
131.07900749723814,90398,169,289,9147,
131.08510637009854,90398,168,290,9147,
131.08991506128953,90397,169,290,9147,
131.09588304192658,90396,170,290,9147,
131.0966390464082,90396,169,291,9147,
131.11235299208042,90396,168,292,9147,
131.11367746041952,90396,168,291,9148,
131.1252187259298,90396,168,290,9149,
131.1290633433748,90395,169,290,9149,
131.13672937811728,90395,168,291,9149,
131.1414179325985,90395,167,292,9149,
131.14595595266616,90395,167,291,9150,
131.15074138282552,90395,167,290,9151,
131.15685682375445,90394,168,290,9151,
131.16350585498307,90393,169,290,9151,
131.16949801143502,90393,169,289,9152,
131.16969760960373,90392,170,289,9152,
131.17369318394302,90391,171,289,9152,
131.17529455002904,90391,171,288,9153,
131.1764593037681,90391,170,289,9153,
131.19659785669035,90391,170,288,9154,
131.2257780618553,90391,169,289,9154,
131.2271668865966,90391,168,290,9154,
131.2295706371316,90390,169,290,9154,
131.25642974984115,90389,170,290,9154,
131.26069370250005,90389,170,289,9155,
131.26562897019267,90388,171,289,9155,
131.26593521983094,90388,171,288,9156,
131.272816028402,90388,171,287,9157,
131.276054852323,90388,170,288,9157,
131.27779663419005,90387,171,288,9157,
131.28648047542134,90387,171,287,9158,
131.31939490958004,90387,170,288,9158,
131.32433669951638,90386,171,288,9158,
131.34798666073172,90385,172,288,9158,
131.35651194319823,90385,171,289,9158,
131.37867694207927,90385,171,288,9159,
131.38031534861517,90384,172,288,9159,
131.38651832080902,90384,171,289,9159,
131.4162449628763,90383,172,289,9159,
131.41892352901922,90383,172,288,9160,
131.4299247623963,90383,172,287,9161,
131.4480086594442,90383,172,286,9162,
131.45291714270098,90383,172,285,9163,
131.4628007858625,90382,173,285,9163,
131.46327514817918,90382,173,284,9164,
131.46360436815036,90382,173,283,9165,
131.4643602242615,90382,172,284,9165,
131.4748153462161,90382,172,283,9166,
131.47809759629683,90381,173,283,9166,
131.51080848828798,90381,172,284,9166,
131.52396371482902,90380,173,284,9166,
131.52463766392898,90380,173,283,9167,
131.5332135105959,90379,174,283,9167,
131.54374174009808,90379,174,282,9168,
131.5545601394141,90378,175,282,9168,
131.56188337500564,90377,176,282,9168,
131.561894171903,90377,175,283,9168,
131.56492302749086,90377,174,284,9168,
131.57894470166343,90377,174,283,9169,
131.57971175078302,90377,174,282,9170,
131.58137876092445,90377,173,283,9170,
131.5834842583766,90377,172,284,9170,
131.58863867828006,90377,171,285,9170,
131.5973704426991,90377,171,284,9171,
131.59808850935448,90377,170,285,9171,
131.61200682287173,90377,169,286,9171,
131.63583889925957,90377,168,287,9171,
131.6600652286836,90377,168,286,9172,
131.6654373133073,90377,167,287,9172,
131.66718677973802,90376,168,287,9172,
131.66722896517282,90375,169,287,9172,
131.67696477457326,90374,170,287,9172,
131.71599934509587,90374,170,286,9173,
131.7370678523692,90374,170,285,9174,
131.75156792738576,90373,171,285,9174,
131.75194166005298,90373,170,286,9174,
131.76515734305033,90373,170,285,9175,
131.76588284746762,90372,171,285,9175,
131.8079747042449,90372,171,284,9176,
131.8100360267536,90371,172,284,9176,
131.83080632577727,90370,173,284,9176,
131.8324397719911,90370,173,283,9177,
131.84474452251857,90370,173,282,9178,
131.86285914846871,90369,174,282,9178,
131.86395767720936,90369,173,283,9178,
131.86623329466454,90369,173,282,9179,
131.86838401989533,90369,172,283,9179,
131.89151219201662,90368,173,283,9179,
131.92193556391067,90367,174,283,9179,
131.92761331606093,90367,174,282,9180,
131.93249039028598,90366,175,282,9180,
131.9747032972657,90366,175,281,9181,
131.97824067050206,90366,174,282,9181,
131.98450008586815,90366,174,281,9182,
131.99491684293514,90366,174,280,9183,
132.0146587781615,90366,173,281,9183,
132.0170917043755,90365,174,281,9183,
132.05692420067982,90365,173,282,9183,
132.05922931856657,90364,174,282,9183,
132.06515150686332,90363,175,282,9183,
132.08379534524892,90363,175,281,9184,
132.09011969083983,90363,175,280,9185,
132.09033673587098,90363,174,281,9185,
132.09089873268118,90363,174,280,9186,
132.09554098909678,90363,174,279,9187,
132.0982584753503,90363,173,280,9187,
132.09868425132225,90363,173,279,9188,
132.10058676001077,90362,174,279,9188,
132.10191713636857,90362,174,278,9189,
132.1144249634554,90361,175,278,9189,
132.11699734860824,90361,175,277,9190,
132.12078189361333,90361,175,276,9191,
132.12420348146208,90360,176,276,9191,
132.12874185907182,90359,177,276,9191,
132.13057100847465,90359,176,277,9191,
132.141753408509,90359,176,276,9192,
132.14712414486766,90359,175,277,9192,
132.14719976826612,90359,174,278,9192,
132.16366695451043,90359,174,277,9193,
132.17000003167828,90359,174,276,9194,
132.1977155461576,90358,175,276,9194,
132.20095852238305,90358,175,275,9195,
132.2046871867233,90357,176,275,9195,
132.21075959990847,90357,175,276,9195,
132.2172307366636,90357,175,275,9196,
132.2450481740168,90357,174,276,9196,
132.2650271386704,90357,174,275,9197,
132.26726519517905,90357,173,276,9197,
132.28378177393378,90356,174,276,9197,
132.290034321907,90356,173,277,9197,
132.31297803377802,90355,174,277,9197,
132.3225682027581,90354,175,277,9197,
132.3248866418535,90353,176,277,9197,
132.33754116318033,90352,177,277,9197,
132.34367003935378,90352,176,278,9197,
132.3526724693124,90352,176,277,9198,
132.3569103808637,90352,175,278,9198,
132.3616812243828,90352,175,277,9199,
132.37467807119452,90352,174,278,9199,
132.40555525491027,90352,174,277,9200,
132.40664201157827,90351,175,277,9200,
132.4249005658001,90351,174,278,9200,
132.44246594600068,90350,175,278,9200,
132.44386259531478,90350,174,279,9200,
132.44405749693465,90350,173,280,9200,
132.4475389024317,90350,172,281,9200,
132.4517992807605,90349,173,281,9200,
132.45217274744752,90349,173,280,9201,
132.4653384502346,90348,174,280,9201,
132.47108755719262,90347,175,280,9201,
132.48672860452507,90347,174,281,9201,
132.4916338648611,90347,173,282,9201,
132.51130285535598,90347,172,283,9201,
132.51297328433785,90346,173,283,9201,
132.52303995005937,90346,172,284,9201,
132.52844945733233,90346,171,285,9201,
132.53531322180677,90346,171,284,9202,
132.54441863003237,90345,172,284,9202,
132.55261274037545,90345,171,285,9202,
132.5544398814471,90345,170,286,9202,
132.5616019200765,90345,170,285,9203,
132.5779410572084,90345,170,284,9204,
132.58708336314936,90345,169,285,9204,
132.59559039014837,90345,169,284,9205,
132.60727428942573,90345,168,285,9205,
132.66515381085682,90345,167,286,9205,
132.66541761922596,90345,166,287,9205,
132.6683106632374,90345,166,286,9206,
132.6738558397565,90344,167,286,9206,
132.67403086082712,90344,167,285,9207,
132.68813491198665,90344,166,286,9207,
132.71841316236538,90344,166,285,9208,
132.7282591705824,90344,166,284,9209,
132.73246602111908,90343,167,284,9209,
132.73729389536572,90343,167,283,9210,
132.75966840287612,90342,168,283,9210,
132.78294409214308,90342,167,284,9210,
132.78934115093543,90341,168,284,9210,
132.80515421522813,90341,167,285,9210,
132.80624841356877,90340,168,285,9210,
132.8087316570287,90340,167,286,9210,
132.8292186776454,90340,167,285,9211,
132.85916490742696,90340,166,286,9211,
132.87886991503444,90340,166,285,9212,
132.88820929874706,90340,165,286,9212,
132.90010522326628,90339,166,286,9212,
132.90190260824374,90339,166,285,9213,
132.90345138102546,90338,167,285,9213,
132.90935986782057,90337,168,285,9213,
132.92068995282148,90337,168,284,9214,
132.94888122359214,90336,169,284,9214,
132.9609276541747,90335,170,284,9214,
132.98286768381536,90335,169,285,9214,
132.9868613525335,90335,169,284,9215,
132.99184495614,90334,170,284,9215,
132.99238248752147,90334,169,285,9215,
132.99785158930118,90334,169,284,9216,
133.00747938118536,90334,168,285,9216,
133.01673193741644,90333,169,285,9216,
133.02716439080194,90332,170,285,9216,
133.03357019276535,90332,170,284,9217,
133.04099051756833,90332,170,283,9218,
133.0583090450981,90332,169,284,9218,
133.0845052338642,90332,169,283,9219,
133.10051397845382,90332,168,284,9219,
133.10431968103117,90332,168,283,9220,
133.13380588587535,90331,169,283,9220,
133.13856349810018,90331,168,284,9220,
133.16202309112666,90330,169,284,9220,
133.17623357741198,90330,169,283,9221,
133.17839988534598,90330,169,282,9222,
133.18099768559645,90329,170,282,9222,
133.18572537580252,90329,170,281,9223,
133.18736793196834,90329,170,280,9224,
133.19454655963278,90328,171,280,9224,
133.21467931507132,90327,172,280,9224,
133.2288955907792,90327,171,281,9224,
133.23391590180358,90326,172,281,9224,
133.24679398556447,90326,171,282,9224,
133.24896727161703,90326,170,283,9224,
133.25507008035535,90325,171,283,9224,
133.26464910366187,90324,172,283,9224,
133.2652145933715,90324,172,282,9225,
133.26626801382835,90323,173,282,9225,
133.27183811992217,90322,174,282,9225,
133.27915404698993,90322,174,281,9226,
133.2802600329835,90322,173,282,9226,
133.3024738161737,90322,173,281,9227,
133.30440694910445,90322,173,280,9228,
133.32144549215775,90322,173,279,9229,
133.33474402053722,90322,172,280,9229,
133.33569418007679,90321,173,280,9229,
133.3411104604753,90321,172,281,9229,
133.34327605400466,90320,173,281,9229,
133.34356217127944,90320,173,280,9230,
133.35001213362267,90320,173,279,9231,
133.3770867909691,90319,174,279,9231,
133.38456343925012,90318,175,279,9231,
133.3908693278629,90318,174,280,9231,
133.3955469598628,90318,174,279,9232,
133.3973927627048,90318,173,280,9232,
133.3995341162521,90317,174,280,9232,
133.40099625581826,90317,173,281,9232,
133.41098725549784,90317,173,280,9233,
133.414300478881,90317,173,279,9234,
133.44422180842696,90317,172,280,9234,
133.45289541419262,90317,171,281,9234,
133.46602084553072,90317,171,280,9235,
133.47618193458234,90316,172,280,9235,
133.48199899987088,90316,171,281,9235,
133.49129594727478,90316,171,280,9236,
133.4964298551498,90316,171,279,9237,
133.50087459632567,90316,170,280,9237,
133.50469246013512,90316,169,281,9237,
133.50625520542243,90315,170,281,9237,
133.5163759495996,90314,171,281,9237,
133.5213912196163,90313,172,281,9237,
133.54075603203404,90312,173,281,9237,
133.54546627496248,90311,174,281,9237,
133.56561303213786,90311,174,280,9238,
133.5803962580382,90311,174,279,9239,
133.58276218967308,90310,175,279,9239,
133.60116590100424,90310,175,278,9240,
133.60209085520538,90309,176,278,9240,
133.62443325075597,90309,175,279,9240,
133.62887758301764,90309,175,278,9241,
133.6354315096214,90309,174,279,9241,
133.66160894535767,90308,175,279,9241,
133.677768207916,90308,174,280,9241,
133.68252827904615,90307,175,280,9241,
133.69879991900808,90307,174,281,9241,
133.70145083878293,90307,174,280,9242,
133.70504383126513,90306,175,280,9242,
133.70922600837937,90306,175,279,9243,
133.7115660466186,90306,175,278,9244,
133.71165295491787,90305,176,278,9244,
133.71650597101686,90304,177,278,9244,
133.7176371368152,90304,177,277,9245,
133.71863462949113,90304,177,276,9246,
133.73547666239799,90304,177,275,9247,
133.73831139204523,90304,177,274,9248,
133.73839967733176,90304,177,273,9249,
133.76483386315746,90304,177,272,9250,
133.77009969955083,90304,176,273,9250,
133.7765300637521,90304,176,272,9251,
133.78562402821458,90304,175,273,9251,
133.79705178139685,90303,176,273,9251,
133.8037117222211,90303,176,272,9252,
133.80730118472795,90303,176,271,9253,
133.8230972400885,90303,175,272,9253,
133.84837868830004,90303,175,271,9254,
133.85179372510163,90303,175,270,9255,
133.8536750476637,90303,174,271,9255,
133.85546838886455,90302,175,271,9255,
133.88298615307642,90301,176,271,9255,
133.886796733673,90301,176,270,9256,
133.88894606415377,90300,177,270,9256,
133.8924836079282,90300,177,269,9257,
133.8943941587243,90300,177,268,9258,
133.8947084356617,90300,176,269,9258,
133.90543106251275,90300,176,268,9259,
133.91027089535896,90300,176,267,9260,
133.93247672476974,90299,177,267,9260,
133.93445418300809,90299,176,268,9260,
133.93596218458558,90299,175,269,9260,
133.94401620745862,90298,176,269,9260,
133.94699965343406,90298,175,270,9260,
133.9476477512277,90298,174,271,9260,
133.94866500881614,90298,174,270,9261,
133.96171749486456,90298,173,271,9261,
133.9624501038263,90298,172,272,9261,
133.96402452871558,90298,172,271,9262,
133.97112357815183,90297,173,271,9262,
133.97633881239253,90297,173,270,9263,
133.99123069190486,90296,174,270,9263,
133.99342732726325,90296,173,271,9263,
133.9983952840645,90296,172,272,9263,
133.9991634953519,90296,172,271,9264,
134.01201963440067,90296,171,272,9264,
134.02784355780898,90295,172,272,9264,
134.0331924139269,90295,172,271,9265,
134.04409766409947,90294,173,271,9265,
134.0484861037669,90294,172,272,9265,
134.05468484650427,90294,172,271,9266,
134.0573760169898,90294,172,270,9267,
134.0636248700451,90294,171,271,9267,
134.07811190438775,90294,171,270,9268,
134.0809415556412,90294,171,269,9269,
134.08652798582884,90294,170,270,9269,
134.11181360908043,90294,170,269,9270,
134.12031039792743,90293,171,269,9270,
134.12310018880143,90293,171,268,9271,
134.12324641663008,90293,171,267,9272,
134.1503372043944,90293,171,266,9273,
134.15838233856115,90293,171,265,9274,
134.16537028400123,90292,172,265,9274,
134.17544202036316,90292,172,264,9275,
134.18736403161796,90292,171,265,9275,
134.19011251337037,90292,170,266,9275,
134.1920874859663,90292,170,265,9276,
134.19736058012066,90292,169,266,9276,
134.19888219233596,90292,169,265,9277,
134.21319695951564,90292,168,266,9277,
134.21492360797208,90292,168,265,9278,
134.23031805472826,90291,169,265,9278,
134.25501835515718,90291,169,264,9279,
134.26203182937022,90290,170,264,9279,
134.28723620464874,90289,171,264,9279,
134.3113986067893,90289,171,263,9280,
134.3424890285906,90289,171,262,9281,
134.35475092327798,90289,171,261,9282,
134.35835977852298,90289,171,260,9283,
134.364625522075,90289,170,261,9283,
134.3657339750196,90289,169,262,9283,
134.37271035033996,90289,169,261,9284,
134.38195924245267,90289,169,260,9285,
134.3874383500518,90289,169,259,9286,
134.3963618701727,90288,170,259,9286,
134.40343122194736,90287,171,259,9286,
134.4060470922705,90287,171,258,9287,
134.43662048121894,90286,172,258,9287,
134.44244955053412,90286,171,259,9287,
134.45695060924302,90285,172,259,9287,
134.46051583641523,90285,172,258,9288,
134.4665589831887,90285,171,259,9288,
134.46773707946016,90284,172,259,9288,
134.48884980801324,90284,172,258,9289,
134.4915977911361,90284,172,257,9290,
134.51118006310952,90283,173,257,9290,
134.51300769498738,90283,173,256,9291,
134.519944539228,90283,172,257,9291,
134.5279753010989,90283,171,258,9291,
134.53503633905586,90283,170,259,9291,
134.54088667647278,90283,169,260,9291,
134.5431402197276,90282,170,260,9291,
134.54569134334767,90282,170,259,9292,
134.5634791146618,90281,171,259,9292,
134.57044588692855,90281,170,260,9292,
134.57389042583316,90280,171,260,9292,
134.57868006284244,90280,171,259,9293,
134.6002619053284,90279,172,259,9293,
134.6313149401198,90279,172,258,9294,
134.63241572646842,90279,172,257,9295,
134.64430448103252,90278,173,257,9295,
134.65892539883612,90277,174,257,9295,
134.6605542876179,90277,173,258,9295,
134.67870387049066,90277,173,257,9296,
134.68869115952205,90276,174,257,9296,
134.6966067570789,90276,173,258,9296,
134.70011785627418,90276,172,259,9296,
134.72354355103408,90276,171,260,9296,
134.73129408055718,90276,170,261,9296,
134.7523344730719,90275,171,261,9296,
134.75567267519043,90275,170,262,9296,
134.79401201526326,90275,170,261,9297,
134.79532527629073,90275,169,262,9297,
134.79658065820894,90275,168,263,9297,
134.80185361398014,90275,168,262,9298,
134.82285313592786,90275,167,263,9298,
134.83173418575973,90274,168,263,9298,
134.83424836736066,90273,169,263,9298,
134.83553993215133,90273,168,264,9298,
134.86140435248953,90273,167,265,9298,
134.86481689193909,90273,166,266,9298,
134.89385819126932,90273,165,267,9298,
134.91044191524324,90273,165,266,9299,
134.91369818737925,90272,166,266,9299,
134.91697220189454,90272,165,267,9299,
134.98526926245688,90272,164,268,9299,
135.0069787492272,90272,163,269,9299,
135.02018476217827,90272,162,270,9299,
135.02594146654948,90271,163,270,9299,
135.03712089685214,90271,163,269,9300,
135.03938089156105,90270,164,269,9300,
135.05393405423152,90270,164,268,9301,
135.06107680041515,90270,163,269,9301,
135.06869956194816,90270,162,270,9301,
135.07931000703843,90270,162,269,9302,
135.08357574539295,90270,162,268,9303,
135.0992178529959,90270,162,267,9304,
135.14453947742777,90269,163,267,9304,
135.1553631457444,90268,164,267,9304,
135.15626995577404,90268,164,266,9305,
135.1621464227262,90268,163,267,9305,
135.17018532199924,90267,164,267,9305,
135.17410791189022,90267,164,266,9306,
135.19767038786773,90266,165,266,9306,
135.20198733325492,90265,166,266,9306,
135.20369152163917,90265,166,265,9307,
135.218716293965,90265,166,264,9308,
135.21998833311986,90265,166,263,9309,
135.22446160007613,90264,167,263,9309,
135.2251151686906,90264,166,264,9309,
135.22755609571192,90264,165,265,9309,
135.23284941820324,90264,165,264,9310,
135.24683039620035,90264,164,265,9310,
135.24941282186654,90264,163,266,9310,
135.24942654905695,90264,163,265,9311,
135.2616084454757,90264,162,266,9311,
135.29301612513967,90263,163,266,9311,
135.3002705945215,90263,163,265,9312,
135.30150019519445,90262,164,265,9312,
135.3123286203255,90262,163,266,9312,
135.31944133288948,90262,163,265,9313,
135.34396558395449,90261,164,265,9313,
135.35733300185353,90261,164,264,9314,
135.367550526996,90261,164,263,9315,
135.39086855242053,90261,164,262,9316,
135.42478496042165,90261,163,263,9316,
135.43437218935094,90260,164,263,9316,
135.43893160899322,90260,163,264,9316,
135.4577026622655,90260,163,263,9317,
135.4609456555874,90259,164,263,9317,
135.46905098905512,90259,163,264,9317,
135.46998062186378,90258,164,264,9317,
135.47372490439756,90257,165,264,9317,
135.4813911119058,90257,165,263,9318,
135.49461774301093,90256,166,263,9318,
135.50537459382997,90255,167,263,9318,
135.50946010078312,90254,168,263,9318,
135.51817714594378,90254,168,262,9319,
135.53210092267693,90254,167,263,9319,
135.5353648675529,90254,167,262,9320,
135.56189501253957,90253,168,262,9320,
135.56443452222263,90253,167,263,9320,
135.56467046282393,90253,167,262,9321,
135.57532440054425,90253,167,261,9322,
135.58528106557554,90252,168,261,9322,
135.60147187453924,90252,168,260,9323,
135.6015783656611,90252,168,259,9324,
135.61316324010292,90252,168,258,9325,
135.61547176975782,90252,168,257,9326,
135.61987672520516,90251,169,257,9326,
135.62144244149715,90251,169,256,9327,
135.62905466753278,90251,168,257,9327,
135.63125253043467,90251,167,258,9327,
135.64018383983324,90250,168,258,9327,
135.64551761571474,90250,167,259,9327,
135.64804644744038,90250,167,258,9328,
135.65443010425383,90249,168,258,9328,
135.66167452710397,90249,167,259,9328,
135.6641261810122,90248,168,259,9328,
135.66858472523418,90248,167,260,9328,
135.67887703137342,90248,167,259,9329,
135.6854172788047,90248,167,258,9330,
135.68750794711974,90247,168,258,9330,
135.69610872613288,90247,167,259,9330,
135.69691536953204,90247,166,260,9330,
135.71091718803152,90246,167,260,9330,
135.7205781636975,90245,168,260,9330,
135.76512360286586,90245,167,261,9330,
135.7661900019639,90244,168,261,9330,
135.76812009098126,90244,168,260,9331,
135.80543419240823,90244,167,261,9331,
135.80874039961307,90244,166,262,9331,
135.8300048765501,90243,167,262,9331,
135.8351763687262,90243,166,263,9331,
135.85389103269816,90243,166,262,9332,
135.85669041138001,90243,165,263,9332,
135.8614028485074,90242,166,263,9332,
135.8723390511839,90241,167,263,9332,
135.8728239166268,90240,168,263,9332,
135.87569505785362,90239,169,263,9332,
135.88969034868242,90239,169,262,9333,
135.89064067422606,90238,170,262,9333,
135.9134483973583,90237,171,262,9333,
135.91407779737446,90236,172,262,9333,
135.95837188892972,90236,172,261,9334,
135.96874797282322,90235,173,261,9334,
135.96993492454976,90235,172,262,9334,
135.98367845451168,90235,171,263,9334,
135.9880229189057,90235,171,262,9335,
135.99853194033727,90235,170,263,9335,
136.0058944813861,90235,170,262,9336,
136.008114327405,90235,169,263,9336,
136.01111888630726,90235,168,264,9336,
136.01418367696294,90235,167,265,9336,
136.03292345022808,90235,166,266,9336,
136.04383746134368,90235,166,265,9337,
136.09890353488512,90235,165,266,9337,
136.10884561200368,90235,164,267,9337,
136.1278781927679,90235,164,266,9338,
136.1724507337841,90235,164,265,9339,
136.1922341527106,90235,164,264,9340,
136.19858238251442,90235,163,265,9340,
136.21066755006552,90234,164,265,9340,
136.2185141084005,90234,163,266,9340,
136.2193700312812,90234,162,267,9340,
136.23534835456329,90234,161,268,9340,
136.23783130505498,90233,162,268,9340,
136.24033472430472,90232,163,268,9340,
136.25967082061948,90232,162,269,9340,
136.26142332978876,90232,161,270,9340,
136.27654936592913,90231,162,270,9340,
136.28355570232085,90230,163,270,9340,
136.30429639809398,90230,163,269,9341,
136.33460184863088,90230,162,270,9341,
136.33544532620726,90230,161,271,9341,
136.3469708989051,90229,162,271,9341,
136.3613385876179,90229,161,272,9341,
136.3646571572021,90228,162,272,9341,
136.36531578484056,90228,161,273,9341,
136.3663979909615,90228,160,274,9341,
136.36791204340278,90228,159,275,9341,
136.37150729301044,90228,159,274,9342,
136.3834746937084,90228,159,273,9343,
136.41215374131508,90228,159,272,9344,
136.4205259922202,90228,158,273,9344,
136.44940535520573,90228,158,272,9345,
136.45193664947513,90228,157,273,9345,
136.4636643236332,90227,158,273,9345,
136.46630652638822,90227,158,272,9346,
136.47116579034895,90227,157,273,9346,
136.4800727752058,90227,156,274,9346,
136.50121575237756,90227,156,273,9347,
136.51357348240577,90227,156,272,9348,
136.5318901006687,90227,155,273,9348,
136.55733305379152,90226,156,273,9348,
136.56766584484853,90226,155,274,9348,
136.56955917254672,90226,155,273,9349,
136.57014300824846,90226,155,272,9350,
136.574774680692,90226,155,271,9351,
136.58144430583857,90226,154,272,9351,
136.58405567720212,90225,155,272,9351,
136.62419086114784,90224,156,272,9351,
136.63549867525197,90223,157,272,9351,
136.6680511095277,90222,158,272,9351,
136.66907935385737,90222,157,273,9351,
136.66937473288334,90222,157,272,9352,
136.68798710397022,90222,156,273,9352,
136.6986716605841,90221,157,273,9352,
136.72715489518023,90221,156,274,9352,
136.72737243367385,90220,157,274,9352,
136.75202215316244,90220,156,275,9352,
136.75338553918564,90219,157,275,9352,
136.76095813795945,90219,156,276,9352,
136.7619442962916,90218,157,276,9352,
136.7695513318496,90218,156,277,9352,
136.8033831847973,90218,155,278,9352,
136.81012727909777,90218,155,277,9353,
136.81543795805072,90218,154,278,9353,
136.81551224258527,90218,154,277,9354,
136.81816237826587,90218,154,276,9355,
136.82289915481326,90217,155,276,9355,
136.8258744569156,90216,156,276,9355,
136.82916416769808,90216,155,277,9355,
136.8332227475333,90216,155,276,9356,
136.84354209547018,90215,156,276,9356,
136.84775702791163,90215,155,277,9356,
136.85469563333186,90214,156,277,9356,
136.8660528247718,90214,156,276,9357,
136.87041800670661,90213,157,276,9357,
136.8811607659656,90213,156,277,9357,
136.88929620608934,90213,155,278,9357,
136.89771301565276,90213,154,279,9357,
136.90699847190874,90213,154,278,9358,
136.94609172808782,90213,154,277,9359,
136.95191137392328,90212,155,277,9359,
136.95562299508637,90211,156,277,9359,
136.95757585237266,90211,156,276,9360,
136.96474376637644,90211,155,277,9360,
136.96578181512865,90211,155,276,9361,
136.97480718521734,90211,154,277,9361,
136.9848457265184,90210,155,277,9361,
136.98831734632293,90210,154,278,9361,
137.0035244465761,90209,155,278,9361,
137.00753946470928,90209,155,277,9362,
137.02271171220357,90209,155,276,9363,
137.04431924302145,90209,154,277,9363,
137.07011182567365,90209,153,278,9363,
137.08917061995535,90209,152,279,9363,
137.09634501999457,90208,153,279,9363,
137.09903911898905,90208,153,278,9364,
137.1076353778413,90208,153,277,9365,
137.12388045126764,90208,152,278,9365,
137.14013372648887,90208,152,277,9366,
137.14737924076212,90208,151,278,9366,
137.15099964592,90208,151,277,9367,
137.16436638061984,90208,151,276,9368,
137.19192281719847,90208,150,277,9368,
137.1928549088402,90207,151,277,9368,
137.19517385572732,90206,152,277,9368,
137.19810271371506,90205,153,277,9368,
137.20542947080048,90204,154,277,9368,
137.2122503822144,90204,153,278,9368,
137.22148765048385,90204,153,277,9369,
137.2268958147119,90203,154,277,9369,
137.26376009430473,90203,153,278,9369,
137.26852232107686,90203,152,279,9369,
137.2790576182904,90203,152,278,9370,
137.28210432073976,90202,153,278,9370,
137.28415684468754,90202,153,277,9371,
137.28783019556803,90202,152,278,9371,
137.28825317275536,90202,151,279,9371,
137.30000433091004,90202,151,278,9372,
137.30398886695332,90202,151,277,9373,
137.3042732263812,90202,151,276,9374,
137.31905924296225,90202,150,277,9374,
137.32750724503384,90202,150,276,9375,
137.34701117589867,90202,150,275,9376,
137.34762142523897,90202,149,276,9376,
137.36347379569776,90201,150,276,9376,
137.37637949726465,90200,151,276,9376,
137.3770286858153,90200,151,275,9377,
137.40131437026184,90200,150,276,9377,
137.43063818550385,90199,151,276,9377,
137.4679782712382,90199,150,277,9377,
137.4840976653008,90199,150,276,9378,
137.48767523541164,90198,151,276,9378,
137.50671159039027,90198,151,275,9379,
137.51042146878825,90197,152,275,9379,
137.5124456688661,90197,151,276,9379,
137.54777126862473,90197,151,275,9380,
137.57017930293514,90196,152,275,9380,
137.5765911942338,90195,153,275,9380,
137.57734927967553,90195,153,274,9381,
137.5814229989807,90194,154,274,9381,
137.58750954488949,90193,155,274,9381,
137.58921172526345,90193,154,275,9381,
137.58950386332918,90193,154,274,9382,
137.59637692441115,90193,154,273,9383,
137.60178261265486,90192,155,273,9383,
137.642604672449,90192,154,274,9383,
137.6574873599886,90191,155,274,9383,
137.65900109425252,90190,156,274,9383,
137.65961194578537,90190,155,275,9383,
137.67520843885777,90190,155,274,9384,
137.67641192849075,90190,154,275,9384,
137.68172781648107,90190,153,276,9384,
137.70847423865467,90190,153,275,9385,
137.71243378244228,90189,154,275,9385,
137.72863248282405,90189,153,276,9385,
137.75667105534495,90188,154,276,9385,
137.76075158220178,90188,154,275,9386,
137.77126304892596,90187,155,275,9386,
137.77663655046,90187,154,276,9386,
137.79379290545944,90186,155,276,9386,
137.80357046764462,90186,154,277,9386,
137.8058784945288,90186,154,276,9387,
137.81534610780534,90185,155,276,9387,
137.8489506968315,90185,154,277,9387,
137.8530799549355,90185,154,276,9388,
137.87930081517533,90184,155,276,9388,
137.88266068283153,90183,156,276,9388,
137.9017088458559,90183,156,275,9389,
137.91680334384185,90183,156,274,9390,
137.9425975645043,90183,156,273,9391,
137.95885957109107,90182,157,273,9391,
137.98421524046276,90182,157,272,9392,
137.99005961541667,90182,157,271,9393,
137.99289450158074,90182,157,270,9394,
137.99382989320964,90182,157,269,9395,
137.9954151569058,90181,158,269,9395,
138.00620899538285,90181,157,270,9395,
138.00933871775567,90181,157,269,9396,
138.01124678483555,90181,156,270,9396,
138.0244797810701,90181,155,271,9396,
138.02513282972163,90181,154,272,9396,
138.0406082112801,90180,155,272,9396,
138.05024687794236,90179,156,272,9396,
138.05301842220797,90179,156,271,9397,
138.07464385136527,90179,155,272,9397,
138.11189035311878,90179,154,273,9397,
138.11790666036586,90179,153,274,9397,
138.1498153670311,90179,152,275,9397,
138.15482184574583,90179,152,274,9398,
138.16664488419934,90179,152,273,9399,
138.16706127953927,90179,151,274,9399,
138.16872316601678,90178,152,274,9399,
138.16878297680793,90178,152,273,9400,
138.19872026984712,90178,151,274,9400,
138.20432849524082,90178,151,273,9401,
138.21504151492724,90177,152,273,9401,
138.21760108503182,90177,152,272,9402,
138.22480209364875,90176,153,272,9402,
138.22991706445356,90176,152,273,9402,
138.24070223261955,90176,152,272,9403,
138.2408348562848,90176,152,271,9404,
138.24379130641992,90175,153,271,9404,
138.2515961350164,90175,152,272,9404,
138.27491533557452,90175,151,273,9404,
138.28246930362218,90175,150,274,9404,
138.3089618718273,90174,151,274,9404,
138.31269661517175,90174,150,275,9404,
138.31569049678671,90173,151,275,9404,
138.317048582687,90173,151,274,9405,
138.3264804386334,90173,151,273,9406,
138.33152651950138,90172,152,273,9406,
138.33707009468517,90172,152,272,9407,
138.34508954924385,90172,151,273,9407,
138.3548336509341,90172,150,274,9407,
138.35720557496924,90171,151,274,9407,
138.36433167738727,90171,150,275,9407,
138.37774964259629,90171,150,274,9408,
138.38578283770454,90171,150,273,9409,
138.39927559248014,90171,149,274,9409,
138.40591829452674,90171,149,273,9410,
138.4188639429487,90170,150,273,9410,
138.43000680566183,90170,150,272,9411,
138.44752929643417,90169,151,272,9411,
138.44899829428263,90169,150,273,9411,
138.45740452857547,90168,151,273,9411,
138.47327130135986,90167,152,273,9411,
138.47596709130008,90166,153,273,9411,
138.48484702728402,90165,154,273,9411,
138.49067535059558,90164,155,273,9411,
138.52710020552792,90164,155,272,9412,
138.53839584216217,90164,154,273,9412,
138.54982555566852,90164,153,274,9412,
138.55243896312172,90163,154,274,9412,
138.5524976715226,90162,155,274,9412,
138.5573284358542,90162,154,275,9412,
138.55967546924455,90161,155,275,9412,
138.57525738510898,90160,156,275,9412,
138.5758421023476,90159,157,275,9412,
138.5774746097772,90159,157,274,9413,
138.59476880415502,90158,158,274,9413,
138.59764912561323,90158,158,273,9414,
138.5990740536824,90157,159,273,9414,
138.59948514341136,90157,159,272,9415,
138.64635784509105,90157,158,273,9415,
138.64972296756693,90156,159,273,9415,
138.65351288943805,90155,160,273,9415,
138.65555920238285,90155,159,274,9415,
138.65660348520728,90155,159,273,9416,
138.66504193078353,90155,159,272,9417,
138.69820804855556,90154,160,272,9417,
138.71887935325455,90154,159,273,9417,
138.7279869742344,90153,160,273,9417,
138.73572673012112,90152,161,273,9417,
138.74133611789793,90152,161,272,9418,
138.75389335274798,90152,160,273,9418,
138.77970538800722,90152,159,274,9418,
138.78040867984882,90152,158,275,9418,
138.78791985973928,90151,159,275,9418,
138.7919404603713,90150,160,275,9418,
138.8351640535299,90150,160,274,9419,
138.84793044061792,90149,161,274,9419,
138.88988794503737,90149,161,273,9420,
138.89747853586874,90149,161,272,9421,
138.9141414390748,90148,162,272,9421,
138.91708053352883,90148,161,273,9421,
138.91990757510285,90148,160,274,9421,
138.92768780911257,90147,161,274,9421,
138.93700728048273,90147,161,273,9422,
138.9465000847452,90147,160,274,9422,
138.94791939370361,90147,159,275,9422,
138.9504732864706,90147,158,276,9422,
138.9539766427484,90146,159,276,9422,
138.95706133280262,90146,159,275,9423,
138.96693833620006,90145,160,275,9423,
138.98183466255827,90144,161,275,9423,
139.00196143618487,90144,161,274,9424,
139.00222527028924,90143,162,274,9424,
139.03525912247989,90143,161,275,9424,
139.0396246731673,90142,162,275,9424,
139.0481403217654,90141,163,275,9424,
139.05061468486693,90141,162,276,9424,
139.05069771657926,90141,162,275,9425,
139.05238866236002,90141,162,274,9426,
139.0623575841227,90141,162,273,9427,
139.0640224588566,90140,163,273,9427,
139.06429920359957,90140,162,274,9427,
139.10111192903776,90140,162,273,9428,
139.10526506685375,90139,163,273,9428,
139.11122007987373,90139,163,272,9429,
139.11137457774223,90138,164,272,9429,
139.1172902574894,90138,164,271,9430,
139.11898947019455,90138,164,270,9431,
139.1198796285991,90137,165,270,9431,
139.12947738330126,90137,165,269,9432,
139.13902429136348,90137,164,270,9432,
139.18495039019228,90137,163,271,9432,
139.20084420691748,90137,163,270,9433,
139.2096997146754,90137,163,269,9434,
139.21429059305058,90136,164,269,9434,
139.23788485179398,90136,163,270,9434,
139.2684910466395,90135,164,270,9434,
139.2715363968568,90135,163,271,9434,
139.27335546920034,90135,163,270,9435,
139.29440867234018,90134,164,270,9435,
139.29569768837305,90133,165,270,9435,
139.30502989195003,90132,166,270,9435,
139.3156829626893,90132,166,269,9436,
139.33396497421396,90132,165,270,9436,
139.34267892257532,90131,166,270,9436,
139.35267774897133,90131,165,271,9436,
139.38117257308147,90130,166,271,9436,
139.3904367679543,90130,165,272,9436,
139.39252425712482,90130,164,273,9436,
139.3978295825632,90130,163,274,9436,
139.42347885618082,90130,163,273,9437,
139.42699532337548,90130,163,272,9438,
139.43524493992385,90130,163,271,9439,
139.43569050644658,90130,162,272,9439,
139.44076246834572,90129,163,272,9439,
139.44241411893267,90128,164,272,9439,
139.4685089017576,90128,164,271,9440,
139.46858444079112,90128,163,272,9440,
139.47319612682284,90128,163,271,9441,
139.47566699475564,90128,163,270,9442,
139.48757703332728,90128,163,269,9443,
139.51029398575864,90128,162,270,9443,
139.5263343566688,90127,163,270,9443,
139.5309748987336,90127,163,269,9444,
139.53736071480762,90127,163,268,9445,
139.5377363788406,90127,162,269,9445,
139.5494980363599,90127,161,270,9445,
139.5625812443427,90127,161,269,9446,
139.60596271467043,90127,160,270,9446,
139.61328153140713,90127,160,269,9447,
139.61923834422348,90126,161,269,9447,
139.62514030147435,90126,160,270,9447,
139.63560805071847,90126,160,269,9448,
139.63634009393348,90126,160,268,9449,
139.64153933631366,90125,161,268,9449,
139.65498278507363,90125,160,269,9449,
139.66902338744882,90125,159,270,9449,
139.70190176700552,90125,159,269,9450,
139.7089114774706,90124,160,269,9450,
139.71644727553024,90124,160,268,9451,
139.71648978330674,90123,161,268,9451,
139.71947804228063,90123,160,269,9451,
139.72812148963445,90123,159,270,9451,
139.76038850566883,90122,160,270,9451,
139.7639024705131,90121,161,270,9451,
139.76422185164412,90121,160,271,9451,
139.77875647415476,90120,161,271,9451,
139.77961989365818,90119,162,271,9451,
139.78494386063468,90119,162,270,9452,
139.82812863829844,90118,163,270,9452,
139.84594816074096,90118,163,269,9453,
139.84764447186276,90118,163,268,9454,
139.8558271325518,90118,162,269,9454,
139.89743436303704,90117,163,269,9454,
139.91408867198285,90117,162,270,9454,
139.9228716701737,90116,163,270,9454,
139.92348491720472,90116,163,269,9455,
139.9247438462324,90115,164,269,9455,
139.95226911956064,90115,164,268,9456,
139.96352630002326,90115,163,269,9456,
139.96543839828286,90115,163,268,9457,
139.99686956270463,90115,162,269,9457,
139.99830137188073,90115,162,268,9458,
140.00020319758949,90115,161,269,9458,
140.00293977293313,90115,161,268,9459,
140.00619223656776,90114,162,268,9459,
140.01518664944223,90114,162,267,9460,
140.02281575149522,90114,161,268,9460,
140.03440590023018,90114,161,267,9461,
140.04777783326122,90114,161,266,9462,
140.0532394590224,90113,162,266,9462,
140.07469879943656,90113,162,265,9463,
140.1113202282464,90112,163,265,9463,
140.11798545563025,90112,162,266,9463,
140.12838543250308,90112,162,265,9464,
140.14086254376633,90111,163,265,9464,
140.14607405687997,90111,163,264,9465,
140.15464308341853,90111,163,263,9466,
140.1588173205729,90111,162,264,9466,
140.17117015549647,90110,163,264,9466,
140.21571193344406,90110,162,265,9466,
140.24928262570376,90110,162,264,9467,
140.2529466749754,90110,162,263,9468,
140.25637001798972,90110,161,264,9468,
140.28324491420443,90109,162,264,9468,
140.284814959219,90109,161,265,9468,
140.2941917148925,90108,162,265,9468,
140.3053255502161,90108,161,266,9468,
140.3144623769103,90108,161,265,9469,
140.3225076274533,90108,161,264,9470,
140.3290318129693,90108,161,263,9471,
140.33662066656694,90108,160,264,9471,
140.34036970542905,90107,161,264,9471,
140.35416296617902,90107,161,263,9472,
140.35618963386113,90107,161,262,9473,
140.35948228321197,90107,161,261,9474,
140.36768989927944,90106,162,261,9474,
140.3846756856887,90106,162,260,9475,
140.38890632054859,90106,162,259,9476,
140.421154940381,90106,161,260,9476,
140.42434833740856,90105,162,260,9476,
140.4319931146438,90105,161,261,9476,
140.46358429136103,90105,161,260,9477,
140.48772650718826,90104,162,260,9477,
140.4934131221029,90104,161,261,9477,
140.5269914193109,90104,161,260,9478,
140.5383597481207,90104,161,259,9479,
140.54837136802954,90104,161,258,9480,
140.55293626209115,90104,161,257,9481,
140.55475531141084,90104,160,258,9481,
140.57624070866848,90104,159,259,9481,
140.57840539901173,90103,160,259,9481,
140.58606086065686,90103,159,260,9481,
140.58715085176644,90102,160,260,9481,
140.59347187290385,90102,159,261,9481,
140.5954643811166,90101,160,261,9481,
140.5993104894899,90101,159,262,9481,
140.60684320241808,90100,160,262,9481,
140.60954537134447,90099,161,262,9481,
140.6134932614549,90098,162,262,9481,
140.6192159636056,90098,162,261,9482,
140.62465069809417,90098,162,260,9483,
140.62668779930095,90098,161,261,9483,
140.64353038765586,90097,162,261,9483,
140.64955345008474,90096,163,261,9483,
140.65003399708863,90095,164,261,9483,
140.6742397504806,90095,163,262,9483,
140.67671508704333,90095,162,263,9483,
140.6787741008078,90094,163,263,9483,
140.68038896131992,90093,164,263,9483,
140.68306530801095,90093,164,262,9484,
140.69742698649958,90093,164,261,9485,
140.71683929313554,90093,163,262,9485,
140.7468506961314,90093,163,261,9486,
140.7533634756886,90093,162,262,9486,
140.7680830113399,90093,162,261,9487,
140.78863593337002,90093,161,262,9487,
140.78905559148512,90093,160,263,9487,
140.7921633974306,90093,160,262,9488,
140.79910289366134,90093,160,261,9489,
140.8020730897734,90092,161,261,9489,
140.8119273351416,90092,160,262,9489,
140.82903271134563,90092,159,263,9489,
140.83422414476917,90092,158,264,9489,
140.83676731358642,90092,158,263,9490,
140.85626167192973,90092,157,264,9490,
140.86502013199942,90092,157,263,9491,
140.8728234767159,90092,156,264,9491,
140.90243145548928,90091,157,264,9491,
140.91616625133224,90090,158,264,9491,
140.92484444240452,90090,158,263,9492,
140.95664024165998,90090,157,264,9492,
140.97122845526408,90089,158,264,9492,
140.97369676262298,90088,159,264,9492,
140.98622014167776,90088,158,265,9492,
140.99777069215705,90087,159,265,9492,
141.0089470505698,90087,159,264,9493,
141.01278039128974,90087,159,263,9494,
141.0136903293154,90086,160,263,9494,
141.01581013530836,90086,159,264,9494,
141.02227884471876,90086,158,265,9494,
141.03799843034776,90085,159,265,9494,
141.04664287448875,90085,158,266,9494,
141.05733566719317,90085,157,267,9494,
141.0667861779697,90085,157,266,9495,
141.0684560849143,90084,158,266,9495,
141.07183014583106,90084,157,267,9495,
141.07646488245936,90084,156,268,9495,
141.08059007804295,90083,157,268,9495,
141.08067628669198,90083,156,269,9495,
141.08454315088548,90083,155,270,9495,
141.08567639466136,90083,154,271,9495,
141.08581986183765,90083,154,270,9496,
141.09141662207824,90083,153,271,9496,
141.12762460549408,90082,154,271,9496,
141.12775991681656,90082,154,270,9497,
141.1299804887724,90081,155,270,9497,
141.1304748594242,90080,156,270,9497,
141.15981665478688,90080,156,269,9498,
141.16306621041414,90080,155,270,9498,
141.1655318722805,90080,154,271,9498,
141.1729117880485,90080,154,270,9499,
141.18742590538284,90080,154,269,9500,
141.19539288177282,90079,155,269,9500,
141.19899914299228,90078,156,269,9500,
141.20282404880925,90078,156,268,9501,
141.2034171105446,90077,157,268,9501,
141.20645469248555,90077,156,269,9501,
141.22655895811553,90077,155,270,9501,
141.22768797461336,90077,155,269,9502,
141.24221124619342,90077,154,270,9502,
141.25863570661215,90077,153,271,9502,
141.26793330562003,90077,152,272,9502,
141.27259245727694,90076,153,272,9502,
141.28310027222756,90076,152,273,9502,
141.28500439588782,90076,152,272,9503,
141.28843680624368,90076,151,273,9503,
141.33530882958365,90075,152,273,9503,
141.34172225619378,90075,152,272,9504,
141.3597927442806,90075,152,271,9505,
141.36054284938191,90074,153,271,9505,
141.36195109560526,90073,154,271,9505,
141.39115195318504,90072,155,271,9505,
141.41486031925967,90072,155,270,9506,
141.43286231070854,90071,156,270,9506,
141.43871377304907,90071,156,269,9507,
141.4441771349767,90071,155,270,9507,
141.4448854994275,90071,154,271,9507,
141.45087284691294,90071,153,272,9507,
141.45355974538245,90071,152,273,9507,
141.46862105493054,90071,151,274,9507,
141.47390590306154,90070,152,274,9507,
141.4763864173294,90070,152,273,9508,
141.48332902898386,90070,152,272,9509,
141.50312564279565,90070,152,271,9510,
141.5130421629365,90069,153,271,9510,
141.55342022944396,90069,153,270,9511,
141.56795848471484,90069,152,271,9511,
141.57057968216074,90068,153,271,9511,
141.5865245766406,90068,152,272,9511,
141.59146029129388,90068,152,271,9512,
141.60706578770208,90068,151,272,9512,
141.62217527743732,90068,151,271,9513,
141.6236642069038,90068,150,272,9513,
141.62915260546956,90067,151,272,9513,
141.64386711553504,90067,151,271,9514,
141.64715671260416,90067,151,270,9515,
141.64792021531923,90067,151,269,9516,
141.66125318248197,90067,151,268,9517,
141.66172801916176,90067,150,269,9517,
141.67783554428013,90067,150,268,9518,
141.6931126962436,90066,151,268,9518,
141.70020479808517,90066,150,269,9518,
141.726932098189,90066,149,270,9518,
141.73629618944832,90065,150,270,9518,
141.74140154299815,90064,151,270,9518,
141.74211491899268,90064,151,269,9519,
141.74621036910392,90064,150,270,9519,
141.76675093842385,90064,149,271,9519,
141.7897965508621,90064,149,270,9520,
141.79441178428183,90064,148,271,9520,
141.80894748830568,90063,149,271,9520,
141.82544414114656,90062,150,271,9520,
141.82822177187828,90061,151,271,9520,
141.86529000873165,90060,152,271,9520,
141.87308397958617,90060,152,270,9521,
141.88431469664113,90059,153,270,9521,
141.893642648376,90059,153,269,9522,
141.93580017875217,90059,152,270,9522,
141.9543424542872,90059,151,271,9522,
141.99629915241377,90059,150,272,9522,
142.01062906843336,90059,149,273,9522,
142.02886887668726,90059,148,274,9522,
142.0482744643607,90059,147,275,9522,
142.0603950948342,90059,147,274,9523,
142.0640773857599,90059,147,273,9524,
142.06505276884496,90059,146,274,9524,
142.07607745311216,90059,146,273,9525,
142.08968980562264,90059,145,274,9525,
142.1019192619349,90059,145,273,9526,
142.13301306649646,90058,146,273,9526,
142.14005539093753,90058,145,274,9526,
142.14622343986497,90058,144,275,9526,
142.1675140331114,90058,144,274,9527,
142.1764120611498,90058,144,273,9528,
142.1825317467072,90057,145,273,9528,
142.19524047072719,90057,145,272,9529,
142.2092777600426,90057,144,273,9529,
142.21123043012062,90057,143,274,9529,
142.2191050009652,90056,144,274,9529,
142.21945172778126,90056,143,275,9529,
142.224975785735,90056,142,276,9529,
142.22564421117775,90056,142,275,9530,
142.2302732929686,90055,143,275,9530,
142.24613774886237,90055,143,274,9531,
142.26205373196382,90055,142,275,9531,
142.26904495467295,90055,141,276,9531,
142.2915592052467,90054,142,276,9531,
142.29499747566337,90054,142,275,9532,
142.32058573484832,90054,142,274,9533,
142.32908167185218,90054,142,273,9534,
142.35664387074218,90053,143,273,9534,
142.36258581047804,90052,144,273,9534,
142.36550159824947,90052,144,272,9535,
142.37355596478972,90052,143,273,9535,
142.3797120016866,90052,142,274,9535,
142.41545838621104,90052,142,273,9536,
142.42504539614072,90052,142,272,9537,
142.4465800325664,90051,143,272,9537,
142.45301842855585,90050,144,272,9537,
142.4700415823329,90050,144,271,9538,
142.47444868745606,90049,145,271,9538,
142.47735009815915,90048,146,271,9538,
142.49185624799344,90048,146,270,9539,
142.4972340278783,90047,147,270,9539,
142.51005422446843,90047,147,269,9540,
142.5127453164402,90047,147,268,9541,
142.5352999785391,90047,147,267,9542,
142.53996129317485,90047,147,266,9543,
142.54286405454656,90047,147,265,9544,
142.54772078663342,90047,147,264,9545,
142.55115885267674,90046,148,264,9545,
142.57488241994358,90046,148,263,9546,
142.5792211472774,90046,147,264,9546,
142.58024468603497,90046,146,265,9546,
142.58164749314972,90046,145,266,9546,
142.58366353381834,90046,145,265,9547,
142.59855406401766,90046,145,264,9548,
142.60548973986198,90046,144,265,9548,
142.61028952154948,90046,144,264,9549,
142.62678722094955,90046,144,263,9550,
142.63469572905896,90045,145,263,9550,
142.64949371077313,90045,144,264,9550,
142.65701380822915,90045,143,265,9550,
142.71237202852888,90044,144,265,9550,
142.71953282685007,90044,144,264,9551,
142.72127218233067,90044,143,265,9551,
142.7282597480426,90043,144,265,9551,
142.73054483599387,90042,145,265,9551,
142.7330033467339,90042,144,266,9551,
142.73382321868243,90042,144,265,9552,
142.74257414574618,90042,144,264,9553,
142.7479818090251,90041,145,264,9553,
142.76648607327448,90041,144,265,9553,
142.78644813836962,90041,143,266,9553,
142.7992843375471,90040,144,266,9553,
142.80532370324204,90039,145,266,9553,
142.81320144211992,90039,144,267,9553,
142.8150525078315,90039,143,268,9553,
142.8365727186671,90039,143,267,9554,
142.85745687538318,90039,142,268,9554,
142.86306071927098,90038,143,268,9554,
142.8661097444805,90038,142,269,9554,
142.869570471864,90037,143,269,9554,
142.87062934453178,90037,142,270,9554,
142.88378183638815,90037,141,271,9554,
142.88907921840948,90037,140,272,9554,
142.8984335435386,90037,140,271,9555,
142.90081596054338,90037,140,270,9556,
142.9040336491063,90037,140,269,9557,
142.91078356928222,90037,140,268,9558,
142.91613173104187,90037,140,267,9559,
142.94656653905318,90037,140,266,9560,
142.95067423849784,90037,139,267,9560,
142.960898777176,90037,139,266,9561,
142.9644705712527,90037,139,265,9562,
142.98012302165492,90036,140,265,9562,
142.98093977107627,90035,141,265,9562,
142.9979614822036,90035,140,266,9562,
143.00624326138774,90034,141,266,9562,
143.00853783257654,90033,142,266,9562,
143.01344396329782,90033,142,265,9563,
143.01353257029598,90032,143,265,9563,
143.02364229040512,90032,143,264,9564,
143.03294176865342,90032,142,265,9564,
143.03345675579772,90032,142,264,9565,
143.04890501195717,90032,141,265,9565,
143.06215105545763,90032,140,266,9565,
143.06487211390657,90031,141,266,9565,
143.06493221157857,90030,142,266,9565,
143.0682793934327,90029,143,266,9565,
143.07067302920603,90029,143,265,9566,
143.07331198781256,90029,142,266,9566,
143.07546428567542,90029,141,267,9566,
143.07632983138421,90029,140,268,9566,
143.07936522458058,90029,140,267,9567,
143.0886606357464,90028,141,267,9567,
143.09562226627338,90027,142,267,9567,
143.10055524547795,90026,143,267,9567,
143.11437814089254,90026,143,266,9568,
143.12002166165502,90025,144,266,9568,
143.13073780384605,90024,145,266,9568,
143.15745277094888,90024,144,267,9568,
143.16301312569544,90023,145,267,9568,
143.1637054876435,90023,144,268,9568,
143.1806264850016,90022,145,268,9568,
143.18505906413438,90022,144,269,9568,
143.1984859035836,90021,145,269,9568,
143.2022849859449,90020,146,269,9568,
143.2094857483986,90020,145,270,9568,
143.21225298907942,90020,144,271,9568,
143.2374075978455,90020,144,270,9569,
143.24448347458053,90020,144,269,9570,
143.24864719733324,90020,144,268,9571,
143.28433350770928,90019,145,268,9571,
143.29286057042427,90019,145,267,9572,
143.29755154248994,90019,145,266,9573,
143.30563047189005,90019,145,265,9574,
143.32523683493403,90019,145,264,9575,
143.3412112873274,90019,145,263,9576,
143.34573204912715,90019,145,262,9577,
143.3736241846095,90018,146,262,9577,
143.37624882650255,90017,147,262,9577,
143.42579240937732,90016,148,262,9577,
143.437917717175,90015,149,262,9577,
143.43862256907082,90015,148,263,9577,
143.44409368137417,90014,149,263,9577,
143.44802419926992,90014,149,262,9578,
143.45394902208426,90014,149,261,9579,
143.45821917302527,90013,150,261,9579,
143.4601663907189,90013,149,262,9579,
143.46278725194267,90013,148,263,9579,
143.48226033648564,90013,148,262,9580,
143.48945731492842,90013,148,261,9581,
143.51287221749666,90012,149,261,9581,
143.52435316299665,90011,150,261,9581,
143.53434203571584,90010,151,261,9581,
143.54085547798636,90010,151,260,9582,
143.55653983269136,90009,152,260,9582,
143.5566072426922,90009,151,261,9582,
143.5622362358235,90009,150,262,9582,
143.59329923987582,90009,150,261,9583,
143.5992649261912,90009,149,262,9583,
143.59930327384308,90009,149,261,9584,
143.60939888347923,90009,149,260,9585,
143.61605648255494,90009,148,261,9585,
143.62845338836365,90008,149,261,9585,
143.66315562146772,90007,150,261,9585,
143.69089158768222,90007,149,262,9585,
143.69548212322402,90007,149,261,9586,
143.69564331316198,90007,148,262,9586,
143.70480579373438,90007,147,263,9586,
143.70639274927538,90006,148,263,9586,
143.70714055536064,90006,147,264,9586,
143.71377743968267,90006,147,263,9587,
143.72969598458883,90006,147,262,9588,
143.74104878081684,90006,147,261,9589,
143.74736587650068,90006,147,260,9590,
143.77506971341765,90006,147,259,9591,
143.79545410114835,90006,147,258,9592,
143.80051131173536,90006,147,257,9593,
143.80669658661932,90006,147,256,9594,
143.80855856490876,90006,147,255,9595,
143.81889320975804,90006,146,256,9595,
143.82159929219767,90006,145,257,9595,
143.82768760627954,90006,144,258,9595,
143.84533689365819,90006,143,259,9595,
143.86661785945861,90006,143,258,9596,
143.87006984627786,90006,143,257,9597,
143.87063778621803,90005,144,257,9597,
143.87508360505305,90004,145,257,9597,
143.88356152086678,90004,145,256,9598,
143.8904106145922,90004,144,257,9598,
143.89940212618893,90004,144,256,9599,
143.9024045595403,90003,145,256,9599,
143.90487056981087,90003,144,257,9599,
143.90496047850303,90003,143,258,9599,
143.90978724501213,90002,144,258,9599,
143.92715097417948,90002,144,257,9600,
143.92909137048252,90002,143,258,9600,
143.94977663539203,90001,144,258,9600,
143.95066579066759,90001,143,259,9600,
143.97137372183113,90001,143,258,9601,
143.9723275797144,90001,143,257,9602,
143.99426817664948,90001,143,256,9603,
144.03613673024583,90001,142,257,9603,
144.03999780569322,90001,142,256,9604,
144.04766039420753,90001,142,255,9605,
144.05755624219142,90000,143,255,9605,
144.0638582056112,90000,143,254,9606,
144.10112742379854,89999,144,254,9606,
144.12000925117815,89999,143,255,9606,
144.1244903176094,89998,144,255,9606,
144.1281214424615,89997,145,255,9606,
144.13598087823874,89997,144,256,9606,
144.13685537789047,89997,143,257,9606,
144.14483942855608,89996,144,257,9606,
144.1739453624723,89995,145,257,9606,
144.18972727913422,89995,144,258,9606,
144.19116968196377,89995,144,257,9607,
144.2364818647721,89994,145,257,9607,
144.2429500391455,89994,144,258,9607,
144.24732693355892,89994,144,257,9608,
144.25540197709412,89994,144,256,9609,
144.27195699364987,89994,144,255,9610,
144.28731788868546,89993,145,255,9610,
144.30552387009635,89993,144,256,9610,
144.32409716451284,89993,143,257,9610,
144.3290211652709,89993,143,256,9611,
144.3293499440599,89992,144,256,9611,
144.33134395204468,89991,145,256,9611,
144.33577603174334,89991,144,257,9611,
144.33720343160354,89991,143,258,9611,
144.3567608584872,89991,143,257,9612,
144.36046135900824,89991,143,256,9613,
144.36966551694982,89991,143,255,9614,
144.37497438543804,89990,144,255,9614,
144.3794684345576,89990,143,256,9614,
144.3811629230585,89990,142,257,9614,
144.38253368156623,89990,142,256,9615,
144.3891642913081,89990,142,255,9616,
144.42310964122981,89989,143,255,9616,
144.44882757124054,89989,143,254,9617,
144.4512365152837,89989,143,253,9618,
144.46311554644726,89988,144,253,9618,
144.46824678738972,89987,145,253,9618,
144.48258484486274,89987,145,252,9619,
144.5019845843749,89987,144,253,9619,
144.50783198827455,89987,144,252,9620,
144.5168633131777,89987,144,251,9621,
144.52463884676757,89987,144,250,9622,
144.52908669850908,89987,143,251,9622,
144.53859380777718,89987,143,250,9623,
144.54330715099633,89987,142,251,9623,
144.54596542727845,89987,142,250,9624,
144.549134047707,89987,141,251,9624,
144.5507548124455,89987,140,252,9624,
144.5541144343668,89986,141,252,9624,
144.55952975887266,89986,141,251,9625,
144.58500080136346,89986,141,250,9626,
144.60121413975097,89985,142,250,9626,
144.60824277809252,89984,143,250,9626,
144.6103735025354,89984,142,251,9626,
144.6321970581622,89984,141,252,9626,
144.6379561664168,89984,141,251,9627,
144.64626568310328,89983,142,251,9627,
144.64787496026088,89983,141,252,9627,
144.65177477287205,89983,141,251,9628,
144.66145759374325,89983,141,250,9629,
144.6692552497823,89983,141,249,9630,
144.68286094574682,89983,141,248,9631,
144.6938886660409,89983,141,247,9632,
144.70124585145672,89982,142,247,9632,
144.71316413567297,89981,143,247,9632,
144.72460718676348,89981,142,248,9632,
144.72588444877908,89980,143,248,9632,
144.72955615190568,89980,142,249,9632,
144.74709725631612,89980,142,248,9633,
144.75826344436126,89980,142,247,9634,
144.763487039537,89980,142,246,9635,
144.77727743620127,89979,143,246,9635,
144.77863190352596,89979,143,245,9636,
144.80474662698003,89979,142,246,9636,
144.8110352101693,89978,143,246,9636,
144.82462578083965,89978,142,247,9636,
144.83078692454623,89978,141,248,9636,
144.83764643399644,89978,141,247,9637,
144.84508939368,89978,140,248,9637,
144.8632340370514,89977,141,248,9637,
144.86884866890216,89977,141,247,9638,
144.8804033066507,89976,142,247,9638,
144.88262932942143,89975,143,247,9638,
144.88836918480376,89975,143,246,9639,
144.88856470173405,89975,143,245,9640,
144.89282391876526,89975,143,244,9641,
144.89486710964806,89975,143,243,9642,
144.90701188451786,89974,144,243,9642,
144.9072029838869,89974,144,242,9643,
144.91504449589314,89973,145,242,9643,
144.94193054415484,89972,146,242,9643,
144.98891372296464,89972,146,241,9644,
145.0356822840905,89972,146,240,9645,
145.03719209807127,89972,146,239,9646,
145.0590419944674,89972,145,240,9646,
145.10062402311442,89971,146,240,9646,
145.1023839560206,89971,146,239,9647,
145.1077263647013,89971,145,240,9647,
145.1082919468295,89971,145,239,9648,
145.1159643556157,89971,144,240,9648,
145.12240210171544,89971,144,239,9649,
145.12274054402585,89970,145,239,9649,
145.12516387136625,89970,144,240,9649,
145.13000338743956,89970,144,239,9650,
145.1651366973323,89970,144,238,9651,
145.17227915415106,89970,143,239,9651,
145.17401775486684,89969,144,239,9651,
145.1931395216617,89968,145,239,9651,
145.19622107992475,89968,144,240,9651,
145.24632915435623,89967,145,240,9651,
145.25411520810187,89967,145,239,9652,
145.27324895082302,89967,144,240,9652,
145.32945642753845,89966,145,240,9652,
145.36236708690717,89965,146,240,9652,
145.37637656523094,89965,146,239,9653,
145.38355967141388,89965,145,240,9653,
145.43299054677823,89965,144,241,9653,
145.4453738519317,89965,143,242,9653,
145.4474760319254,89964,144,242,9653,
145.46183844064535,89964,143,243,9653,
145.46247753029525,89964,142,244,9653,
145.48114658687007,89964,141,245,9653,
145.51461520428035,89963,142,245,9653,
145.52668519837485,89963,142,244,9654,
145.54046757031554,89962,143,244,9654,
145.5497763250408,89962,143,243,9655,
145.5532230159827,89961,144,243,9655,
145.5569490094831,89961,144,242,9656,
145.56645031854163,89961,143,243,9656,
145.5665744810823,89961,143,242,9657,
145.56702703980213,89960,144,242,9657,
145.5731154365778,89960,144,241,9658,
145.57883103876557,89960,144,240,9659,
145.58464550799403,89960,144,239,9660,
145.5953335695265,89959,145,239,9660,
145.59866801395188,89958,146,239,9660,
145.60055744751526,89958,146,238,9661,
145.65454582959228,89958,146,237,9662,
145.66118399090618,89958,146,236,9663,
145.6782308291027,89957,147,236,9663,
145.68159244224717,89956,148,236,9663,
145.69287416329223,89955,149,236,9663,
145.70231179398846,89955,149,235,9664,
145.71309297223732,89954,150,235,9664,
145.71332074191506,89954,150,234,9665,
145.71656922540876,89954,150,233,9666,
145.7289238969544,89954,150,232,9667,
145.73638671504216,89954,150,231,9668,
145.7633565057481,89954,150,230,9669,
145.76488297720826,89954,150,229,9670,
145.77435912455172,89953,151,229,9670,
145.77527315302734,89953,151,228,9671,
145.77532068849854,89952,152,228,9671,
145.77617621254993,89952,151,229,9671,
145.78145490852282,89952,151,228,9672,
145.78395939377418,89952,151,227,9673,
145.7957037553674,89951,152,227,9673,
145.80987267612778,89951,152,226,9674,
145.816020737587,89951,152,225,9675,
145.81618535004748,89950,153,225,9675,
145.84597557121737,89950,153,224,9676,
145.8549582977392,89950,152,225,9676,
145.88966589588074,89950,151,226,9676,
145.92401650394487,89949,152,226,9676,
145.93453171645007,89948,153,226,9676,
145.93791626153862,89948,153,225,9677,
145.9593256559113,89948,152,226,9677,
145.96179353786178,89947,153,226,9677,
146.0102491593129,89947,152,227,9677,
146.01928595674542,89947,151,228,9677,
146.0233102393339,89947,151,227,9678,
146.0534573064219,89947,150,228,9678,
146.05928276358387,89947,149,229,9678,
146.07007128185577,89947,148,230,9678,
146.08259920888278,89947,147,231,9678,
146.09143727470507,89946,148,231,9678,
146.09740993098285,89946,148,230,9679,
146.0988732090036,89946,147,231,9679,
146.14447620912262,89946,146,232,9679,
146.15643880500747,89946,145,233,9679,
146.15936875916032,89946,145,232,9680,
146.1669982992892,89945,146,232,9680,
146.19021259415752,89945,146,231,9681,
146.20064417943692,89944,147,231,9681,
146.20110881244986,89943,148,231,9681,
146.21988695867256,89943,148,230,9682,
146.22461217991642,89943,148,229,9683,
146.24768492891263,89943,147,230,9683,
146.25010548806551,89943,147,229,9684,
146.2947965939273,89942,148,229,9684,
146.30834752193508,89942,148,228,9685,
146.3108858752827,89941,149,228,9685,
146.3184874720177,89941,148,229,9685,
146.32979651606615,89941,148,228,9686,
146.34659941837188,89941,147,229,9686,
146.3599403340028,89941,146,230,9686,
146.38041776358074,89941,146,229,9687,
146.41011532687804,89941,145,230,9687,
146.41392831570843,89941,144,231,9687,
146.41559423279315,89941,143,232,9687,
146.44306562405666,89940,144,232,9687,
146.45006318645582,89940,143,233,9687,
146.4550742103266,89939,144,233,9687,
146.45709756686364,89938,145,233,9687,
146.46460323811462,89937,146,233,9687,
146.4692213484755,89936,147,233,9687,
146.47346673192405,89936,146,234,9687,
146.48465172468906,89936,146,233,9688,
146.49752862608426,89936,145,234,9688,
146.5056883097051,89936,144,235,9688,
146.5144255075705,89935,145,235,9688,
146.54279874704037,89935,144,236,9688,
146.5434308289549,89935,143,237,9688,
146.56100263673457,89935,143,236,9689,
146.56930814651875,89935,142,237,9689,
146.57655453669832,89934,143,237,9689,
146.58130717376946,89933,144,237,9689,
146.61944048221343,89932,145,237,9689,
146.62369838680792,89932,144,238,9689,
146.62996079946043,89932,144,237,9690,
146.6437268991839,89932,144,236,9691,
146.65497980501303,89931,145,236,9691,
146.66157169960167,89930,146,236,9691,
146.6654031532413,89930,146,235,9692,
146.67922938243333,89930,146,234,9693,
146.67978916783923,89930,146,233,9694,
146.68646530692845,89929,147,233,9694,
146.69590408729763,89929,147,232,9695,
146.6960191325729,89928,148,232,9695,
146.70332884091815,89927,149,232,9695,
146.70541512621165,89927,149,231,9696,
146.72963528158985,89926,150,231,9696,
146.7393165038579,89925,151,231,9696,
146.74596809920462,89925,150,232,9696,
146.74713093658653,89925,149,233,9696,
146.75046230972444,89925,149,232,9697,
146.76100379355609,89925,149,231,9698,
146.78342799641885,89925,149,230,9699,
146.78521644940687,89925,148,231,9699,
146.78646484344873,89924,149,231,9699,
146.8178931666706,89923,150,231,9699,
146.83664706960326,89922,151,231,9699,
146.83747044155896,89921,152,231,9699,
146.841571101773,89920,153,231,9699,
146.8574708054463,89919,154,231,9699,
146.8574812574802,89919,154,230,9700,
146.862620045756,89918,155,230,9700,
146.8776620477768,89918,155,229,9701,
146.89256430378487,89918,155,228,9702,
146.902060822293,89918,155,227,9703,
146.90672660200332,89917,156,227,9703,
146.91103211165938,89917,155,228,9703,
146.92759322367058,89917,154,229,9703,
146.93364642892502,89917,153,230,9703,
146.93913941735306,89917,152,231,9703,
146.94780552961916,89917,151,232,9703,
146.9553750097691,89916,152,232,9703,
146.9633005154438,89916,151,233,9703,
146.986411090929,89916,150,234,9703,
147.00576172757928,89915,151,234,9703,
147.0369301754938,89914,152,234,9703,
147.04048902979812,89914,151,235,9703,
147.0424388732367,89914,150,236,9703,
147.06198976078235,89914,150,235,9704,
147.0816120639979,89913,151,235,9704,
147.09021406118956,89913,151,234,9705,
147.0929015679598,89913,150,235,9705,
147.1231206945547,89913,149,236,9705,
147.12425264044933,89912,150,236,9705,
147.12525441248312,89911,151,236,9705,
147.13098551747396,89911,150,237,9705,
147.1352367302071,89911,149,238,9705,
147.1472045452901,89911,148,239,9705,
147.15128266100245,89911,147,240,9705,
147.1518186421516,89911,147,239,9706,
147.16151631134267,89911,146,240,9706,
147.16488123676305,89911,145,241,9706,
147.16691281488303,89911,144,242,9706,
147.16824272204008,89911,143,243,9706,
147.17396326963393,89910,144,243,9706,
147.17856339730653,89910,143,244,9706,
147.1800284834378,89909,144,244,9706,
147.18764598826803,89909,143,245,9706,
147.1901754870667,89909,143,244,9707,
147.19470049670028,89909,143,243,9708,
147.19494466086982,89909,143,242,9709,
147.2222112063711,89908,144,242,9709,
147.22777137927358,89907,145,242,9709,
147.23561027939095,89907,145,241,9710,
147.28576162520403,89907,145,240,9711,
147.29887492676545,89907,144,241,9711,
147.33324731104372,89906,145,241,9711,
147.34041273366162,89905,146,241,9711,
147.35928489681817,89904,147,241,9711,
147.36171105221948,89904,146,242,9711,
147.373214365399,89903,147,242,9711,
147.37856013941646,89903,146,243,9711,
147.3810624416583,89902,147,243,9711,
147.42930394298105,89901,148,243,9711,
147.4332629180271,89901,148,242,9712,
147.442317247656,89901,148,241,9713,
147.45238821674945,89900,149,241,9713,
147.4548520576248,89900,149,240,9714,
147.4688127537487,89900,149,239,9715,
147.5203567716224,89900,149,238,9716,
147.53667538469395,89900,148,239,9716,
147.5374945182354,89900,148,238,9717,
147.53993591073035,89900,148,237,9718,
147.54414676155847,89900,147,238,9718,
147.55541419966042,89900,146,239,9718,
147.57036459969368,89900,146,238,9719,
147.5775132312183,89900,146,237,9720,
147.62023207924935,89900,145,238,9720,
147.62579742488631,89900,145,237,9721,
147.6483757622749,89900,144,238,9721,
147.65673854136998,89900,144,237,9722,
147.66461425049215,89900,144,236,9723,
147.67201247498264,89900,144,235,9724,
147.69093834833583,89899,145,235,9724,
147.69501244924666,89899,144,236,9724,
147.69501707999822,89899,143,237,9724,
147.7215612435168,89898,144,237,9724,
147.73621233687754,89897,145,237,9724,
147.74457707938205,89897,145,236,9725,
147.81750025972977,89897,144,237,9725,
147.82352019553122,89897,143,238,9725,
147.85395926266855,89897,143,237,9726,
147.8908033119142,89897,142,238,9726,
147.90354505169347,89897,141,239,9726,
147.90567250274245,89897,140,240,9726,
147.9100047506167,89897,140,239,9727,
147.9323996172018,89897,140,238,9728,
147.96270719947324,89896,141,238,9728,
147.96753751655905,89895,142,238,9728,
147.9977930998779,89894,143,238,9728,
148.0024318120982,89894,142,239,9728,
148.00473018780752,89894,141,240,9728,
148.0240098339731,89893,142,240,9728,
148.02452928174395,89892,143,240,9728,
148.02671463599864,89891,144,240,9728,
148.0399977315633,89891,144,239,9729,
148.051091407955,89890,145,239,9729,
148.05256292910468,89890,145,238,9730,
148.05349814901712,89890,144,239,9730,
148.06200402399375,89890,143,240,9730,
148.07896919860266,89889,144,240,9730,
148.09580125924137,89888,145,240,9730,
148.10753954589086,89887,146,240,9730,
148.11136536126438,89887,145,241,9730,
148.11432952891334,89887,144,242,9730,
148.12960791874272,89886,145,242,9730,
148.14242194055498,89886,144,243,9730,
148.15666160199945,89886,144,242,9731,
148.17276299158178,89885,145,242,9731,
148.17338693684655,89885,144,243,9731,
148.19561924384945,89885,144,242,9732,
148.1960019879397,89885,144,241,9733,
148.21772990220757,89884,145,241,9733,
148.25211974839982,89884,144,242,9733,
148.2628371610953,89884,144,241,9734,
148.279425809593,89884,144,240,9735,
148.28128117949052,89883,145,240,9735,
148.28672344423126,89883,145,239,9736,
148.28836445835415,89883,144,240,9736,
148.31775452960247,89883,143,241,9736,
148.33022783995693,89882,144,241,9736,
148.33366612852336,89881,145,241,9736,
148.3356832702189,89881,144,242,9736,
148.3505675778859,89881,144,241,9737,
148.36133210141153,89881,144,240,9738,
148.4041337167084,89880,145,240,9738,
148.4317618238398,89879,146,240,9738,
148.44819685092014,89879,146,239,9739,
148.46218478236264,89879,146,238,9740,
148.46731055609285,89879,145,239,9740,
148.46815454906923,89879,145,238,9741,
148.47840670580754,89879,145,237,9742,
148.4843353255475,89878,146,237,9742,
148.50462098378043,89878,146,236,9743,
148.5069080572845,89877,147,236,9743,
148.51697370251384,89876,148,236,9743,
148.51962152517407,89875,149,236,9743,
148.52286982765418,89875,149,235,9744,
148.53451887168666,89875,148,236,9744,
148.56821325045053,89875,148,235,9745,
148.57540846850955,89875,147,236,9745,
148.62602292465095,89875,146,237,9745,
148.63209450787735,89875,145,238,9745,
148.65118859727974,89875,145,237,9746,
148.6564509367165,89875,145,236,9747,
148.66265026259433,89874,146,236,9747,
148.66720669316925,89873,147,236,9747,
148.6676144336235,89873,146,237,9747,
148.67151365193843,89873,145,238,9747,
148.6892102213635,89872,146,238,9747,
148.70516518599013,89872,145,239,9747,
148.7284462258562,89871,146,239,9747,
148.74037305143958,89871,145,240,9747,
148.74749710560607,89870,146,240,9747,
148.75212090554595,89870,145,241,9747,
148.7590197062493,89869,146,241,9747,
148.76113873701206,89869,146,240,9748,
148.76409786998963,89869,145,241,9748,
148.7999230824792,89869,144,242,9748,
148.8155743414043,89869,143,243,9748,
148.8262170109536,89869,142,244,9748,
148.84941654320082,89869,141,245,9748,
148.86580935021365,89868,142,245,9748,
148.89458927701875,89868,142,244,9749,
148.90097034155252,89868,142,243,9750,
148.90676089286666,89867,143,243,9750,
148.91241896755866,89867,143,242,9751,
148.92161317354964,89866,144,242,9751,
148.9380561482952,89866,144,241,9752,
148.96766513076815,89866,144,240,9753,
148.98027306018668,89865,145,240,9753,
148.9899108223941,89865,145,239,9754,
148.99394176346206,89865,144,240,9754,
149.01510474074132,89864,145,240,9754,
149.06026985404512,89864,144,241,9754,
149.0675887407615,89864,144,240,9755,
149.06968301764007,89864,143,241,9755,
149.0711710714436,89864,142,242,9755,
149.08148124720654,89863,143,242,9755,
149.08977832056178,89862,144,242,9755,
149.09145671559466,89862,144,241,9756,
149.10521575577562,89862,143,242,9756,
149.1222041483883,89862,142,243,9756,
149.13528186926231,89862,142,242,9757,
149.1431286595052,89861,143,242,9757,
149.14997545360012,89861,143,241,9758,
149.1687690356484,89860,144,241,9758,
149.19142767155705,89860,144,240,9759,
149.1918893254388,89860,143,241,9759,
149.1947923090653,89860,143,240,9760,
149.20241341423642,89860,143,239,9761,
149.20357052871572,89860,143,238,9762,
149.20397468446328,89860,143,237,9763,
149.21000047957764,89860,143,236,9764,
149.21343921730372,89860,143,235,9765,
149.22517643609535,89859,144,235,9765,
149.25860348291695,89858,145,235,9765,
149.27085100997942,89858,145,234,9766,
149.27105493671468,89858,145,233,9767,
149.29308149972027,89858,144,234,9767,
149.29447556030345,89857,145,234,9767,
149.3018121327296,89857,145,233,9768,
149.31171509994536,89856,146,233,9768,
149.35479150864,89856,145,234,9768,
149.36118098682064,89856,144,235,9768,
149.36187950159407,89856,144,234,9769,
149.37378170909045,89856,144,233,9770,
149.37775358678243,89856,144,232,9771,
149.38075898781557,89855,145,232,9771,
149.38468992296197,89854,146,232,9771,
149.38622505842258,89854,145,233,9771,
149.39419431541234,89853,146,233,9771,
149.39532395044898,89853,145,234,9771,
149.39701063950997,89853,144,235,9771,
149.43382342651262,89853,144,234,9772,
149.44802391437238,89852,145,234,9772,
149.4496743798249,89851,146,234,9772,
149.45351258298948,89851,145,235,9772,
149.4611886938709,89851,144,236,9772,
149.4636625204257,89850,145,236,9772,
149.4664830071173,89849,146,236,9772,
149.47668195926565,89849,146,235,9773,
149.48243553052131,89848,147,235,9773,
149.51330671146064,89848,146,236,9773,
149.5231034782375,89847,147,236,9773,
149.5459557677941,89847,146,237,9773,
149.5468520652643,89847,146,236,9774,
149.5593703519844,89847,146,235,9775,
149.55960869726832,89847,145,236,9775,
149.56655832390248,89847,144,237,9775,
149.56808261645023,89846,145,237,9775,
149.62519694798834,89846,145,236,9776,
149.62623985484385,89845,146,236,9776,
149.6267404857554,89845,146,235,9777,
149.64030270382617,89845,145,236,9777,
149.6425986437206,89845,144,237,9777,
149.65930274188446,89845,143,238,9777,
149.67127190681708,89845,143,237,9778,
149.67345002637387,89845,143,236,9779,
149.70817354729542,89845,142,237,9779,
149.71755348416502,89845,142,236,9780,
149.72120791811895,89845,141,237,9780,
149.72150640927887,89845,140,238,9780,
149.7327646635716,89844,141,238,9780,
149.73796795919938,89844,141,237,9781,
149.74433425980604,89844,140,238,9781,
149.75758408651947,89844,140,237,9782,
149.79916456563697,89844,140,236,9783,
149.80184829246485,89844,140,235,9784,
149.8075755539701,89843,141,235,9784,
149.82149825787496,89843,140,236,9784,
149.83165765933316,89843,139,237,9784,
149.85262648234237,89843,139,236,9785,
149.86257102945314,89843,138,237,9785,
149.8743296281419,89843,138,236,9786,
149.8818019756862,89843,138,235,9787,
149.88224877681438,89843,137,236,9787,
149.9073635025534,89842,138,236,9787,
149.94340114302662,89842,138,235,9788,
149.94837971536046,89841,139,235,9788,
150.00046734147435,89841,138,236,9788,
150.01846348591573,89840,139,236,9788,
150.0225464324392,89840,138,237,9788,
150.0351406116845,89840,138,236,9789,
150.03940441974035,89840,138,235,9790,
150.04621235814975,89840,138,234,9791,
150.04755511585645,89839,139,234,9791,
150.08809207391224,89839,139,233,9792,
150.09202334747025,89839,139,232,9793,
150.14687591168504,89839,139,231,9794,
150.15860294313046,89839,138,232,9794,
150.16331878680649,89839,138,231,9795,
150.16526198760295,89839,137,232,9795,
150.19035667274508,89839,137,231,9796,
150.19425428761156,89839,136,232,9796,
150.20111886850952,89838,137,232,9796,
150.20179572477468,89838,136,233,9796,
150.20724274968455,89838,136,232,9797,
150.20794773421224,89838,136,231,9798,
150.21826762779523,89838,135,232,9798,
150.24545547680162,89838,135,231,9799,
150.24916408672894,89838,135,230,9800,
150.24985918846724,89837,136,230,9800,
150.273117300852,89837,135,231,9800,
150.2780858323658,89837,134,232,9800,
150.28340541388877,89836,135,232,9800,
150.28981220209374,89835,136,232,9800,
150.29458361722567,89834,137,232,9800,
150.34077370384676,89834,136,233,9800,
150.37166596015703,89833,137,233,9800,
150.38032043474874,89833,136,234,9800,
150.38658253821905,89833,135,235,9800,
150.39998176091657,89833,135,234,9801,
150.42575652724975,89832,136,234,9801,
150.45177020566757,89832,136,233,9802,
150.46516605594132,89832,136,232,9803,
150.4718615055872,89831,137,232,9803,
150.4945536734392,89830,138,232,9803,
150.50251874022723,89830,137,233,9803,
150.50484660044327,89830,136,234,9803,
150.52129553407215,89830,135,235,9803,
150.52471265939812,89829,136,235,9803,
150.52547837982206,89829,135,236,9803,
150.56063946972506,89828,136,236,9803,
150.5673943128515,89828,135,237,9803,
150.58679435014346,89828,135,236,9804,
150.58683492524744,89828,135,235,9805,
150.59045685787277,89827,136,235,9805,
150.6286167046316,89827,135,236,9805,
150.63654131289238,89826,136,236,9805,
150.64165348798235,89825,137,236,9805,
150.65285831207095,89824,138,236,9805,
150.69160467665537,89824,137,237,9805,
150.69623181116307,89823,138,237,9805,
150.69730558733374,89823,138,236,9806,
150.7017323133431,89822,139,236,9806,
150.75237606587467,89821,140,236,9806,
150.7744610130261,89821,140,235,9807,
150.77614421849543,89821,139,236,9807,
150.79324148534585,89820,140,236,9807,
150.81039935404922,89820,139,237,9807,
150.8140887538442,89819,140,237,9807,
150.83355141341164,89819,139,238,9807,
150.8438531807044,89819,138,239,9807,
150.85251335497034,89818,139,239,9807,
150.85820079861767,89818,138,240,9807,
150.85872781679183,89818,137,241,9807,
150.86723494805685,89818,136,242,9807,
150.87911458722797,89818,135,243,9807,
150.89918574830085,89817,136,243,9807,
150.91265826660987,89817,136,242,9808,
150.9430315873711,89817,136,241,9809,
150.95078497546555,89817,135,242,9809,
150.9535108966902,89817,135,241,9810,
150.96869491288075,89817,134,242,9810,
150.9750875131144,89817,133,243,9810,
150.97847910306183,89817,132,244,9810,
150.98961649170636,89817,131,245,9810,
151.00441099643677,89817,131,244,9811,
151.0121341361599,89817,131,243,9812,
151.05183964627827,89817,130,244,9812,
151.06597510773696,89817,129,245,9812,
151.07033163501183,89816,130,245,9812,
151.07055420970894,89815,131,245,9812,
151.07795631258463,89815,131,244,9813,
151.09235128767517,89815,130,245,9813,
151.10092780466883,89815,130,244,9814,
151.13317000585016,89815,129,245,9814,
151.15778446623955,89814,130,245,9814,
151.16232391452056,89813,131,245,9814,
151.17031460819666,89813,131,244,9815,
151.17312308008295,89812,132,244,9815,
151.17402889027815,89811,133,244,9815,
151.17656775466392,89810,134,244,9815,
151.19329524287656,89810,133,245,9815,
151.21126990277887,89809,134,245,9815,
151.21790481289494,89809,134,244,9816,
151.236197953221,89808,135,244,9816,
151.25271235869556,89808,135,243,9817,
151.26784164644215,89808,134,244,9817,
151.27493902201152,89808,134,243,9818,
151.2750812640042,89808,133,244,9818,
151.2949752881419,89808,132,245,9818,
151.31885797382657,89808,131,246,9818,
151.32743990590558,89807,132,246,9818,
151.33364715779248,89807,132,245,9819,
151.35264388286902,89807,131,246,9819,
151.35646504288374,89807,131,245,9820,
151.3720292123166,89807,130,246,9820,
151.37812540249624,89807,130,245,9821,
151.38726975952298,89807,130,244,9822,
151.39301585354227,89807,129,245,9822,
151.4067733282316,89806,130,245,9822,
151.42202544188797,89806,130,244,9823,
151.4343030914634,89805,131,244,9823,
151.4541863686151,89804,132,244,9823,
151.4843973460122,89804,132,243,9824,
151.4844427352651,89803,133,243,9824,
151.48526562067224,89802,134,243,9824,
151.4873860641121,89802,134,242,9825,
151.497356740523,89801,135,242,9825,
151.52465998373657,89801,134,243,9825,
151.55203928261693,89800,135,243,9825,
151.55437964229128,89800,134,244,9825,
151.56578930920944,89800,133,245,9825,
151.573050455079,89800,133,244,9826,
151.59187369613215,89800,133,243,9827,
151.6100905259948,89799,134,243,9827,
151.61721132266572,89799,133,244,9827,
151.6277904199721,89799,132,245,9827,
151.62953900529342,89799,132,244,9828,
151.67592676150892,89798,133,244,9828,
151.68222317363671,89797,134,244,9828,
151.6867634691429,89797,133,245,9828,
151.69221191802757,89797,133,244,9829,
151.6922884986092,89797,132,245,9829,
151.6956318888738,89797,131,246,9829,
151.70820671928257,89797,131,245,9830,
151.7122143956653,89797,131,244,9831,
151.73445712464903,89796,132,244,9831,
151.75422496414006,89796,132,243,9832,
151.75452868836365,89796,131,244,9832,
151.75586747790445,89795,132,244,9832,
151.75942411687242,89795,132,243,9833,
151.76846917058936,89795,131,244,9833,
151.77049676458316,89795,130,245,9833,
151.77455393121485,89795,129,246,9833,
151.77465456560068,89795,128,247,9833,
151.78247990481742,89795,128,246,9834,
151.78363949888123,89795,128,245,9835,
151.78778123478378,89794,129,245,9835,
151.80674808263325,89794,129,244,9836,
151.81980764046,89794,128,245,9836,
151.8199264656071,89793,129,245,9836,
151.82370498314882,89792,130,245,9836,
151.83647279644205,89792,130,244,9837,
151.83846938297995,89792,129,245,9837,
151.84328222163882,89791,130,245,9837,
151.88263281794227,89790,131,245,9837,
151.88629884222559,89789,132,245,9837,
151.88973050212732,89788,133,245,9837,
151.91201028415685,89788,133,244,9838,
151.94392006337506,89788,132,245,9838,
151.95302172926034,89788,132,244,9839,
151.96536201591954,89788,131,245,9839,
151.97772509721423,89788,130,246,9839,
151.98941885581735,89787,131,246,9839,
151.9939537428932,89787,131,245,9840,
152.0001257565024,89786,132,245,9840,
152.01431646800484,89786,132,244,9841,
152.0195868467866,89785,133,244,9841,
152.04426925903326,89784,134,244,9841,
152.05683323011758,89783,135,244,9841,
152.06824935252362,89782,136,244,9841,
152.08519426191629,89781,137,244,9841,
152.08603748827016,89781,136,245,9841,
152.08989272777325,89781,136,244,9842,
152.16112688830705,89780,137,244,9842,
152.16320780798645,89779,138,244,9842,
152.18085821343436,89778,139,244,9842,
152.18610076482054,89778,139,243,9843,
152.1998508874904,89777,140,243,9843,
152.20342320841394,89777,139,244,9843,
152.21630918602037,89776,140,244,9843,
152.22859875324818,89776,139,245,9843,
152.2326076966575,89776,139,244,9844,
152.23986326870957,89776,138,245,9844,
152.24226720929747,89775,139,245,9844,
152.24740161605973,89775,139,244,9845,
152.26327842567332,89775,138,245,9845,
152.28355179252145,89775,138,244,9846,
152.28774711604325,89774,139,244,9846,
152.295143756897,89774,139,243,9847,
152.3488331076503,89773,140,243,9847,
152.36841972366975,89773,140,242,9848,
152.37333582371213,89773,139,243,9848,
152.3926666239339,89773,139,242,9849,
152.39736917255834,89772,140,242,9849,
152.42385163145715,89772,139,243,9849,
152.43295134048014,89772,138,244,9849,
152.4746854116974,89772,138,243,9850,
152.47485700962807,89772,138,242,9851,
152.4844739023823,89772,138,241,9852,
152.5020849944517,89771,139,241,9852,
152.50576317042223,89771,138,242,9852,
152.52740978202877,89771,137,243,9852,
152.55072404117993,89771,136,244,9852,
152.57116813237008,89771,135,245,9852,
152.6385127370165,89771,135,244,9853,
152.64998356128334,89771,135,243,9854,
152.6516469040948,89771,135,242,9855,
152.6627380375211,89770,136,242,9855,
152.68111057545602,89770,136,241,9856,
152.70451872125045,89770,136,240,9857,
152.71021350851038,89769,137,240,9857,
152.7131340154065,89768,138,240,9857,
152.73312612092602,89767,139,240,9857,
152.75091035857764,89766,140,240,9857,
152.75207667084678,89766,140,239,9858,
152.7757072960161,89765,141,239,9858,
152.7961452007692,89765,141,238,9859,
152.79918799823292,89765,140,239,9859,
152.80117145913243,89765,140,238,9860,
152.80659398438652,89765,140,237,9861,
152.8074773321338,89765,140,236,9862,
152.80924365199638,89765,139,237,9862,
152.82237260954892,89765,139,236,9863,
152.82405729670094,89765,138,237,9863,
152.8647705374438,89765,137,238,9863,
152.8660235431778,89765,137,237,9864,
152.87063920725237,89765,137,236,9865,
152.88432220702822,89764,138,236,9865,
152.8940123009653,89763,139,236,9865,
152.896872846952,89763,139,235,9866,
152.90762519375633,89762,140,235,9866,
152.91601724492168,89761,141,235,9866,
152.920257188069,89761,140,236,9866,
152.92446233558078,89760,141,236,9866,
152.9254281091957,89760,141,235,9867,
152.9272405881486,89760,140,236,9867,
152.92953059262837,89760,139,237,9867,
152.9419727637299,89760,139,236,9868,
152.94325624514167,89760,139,235,9869,
152.95386810004763,89759,140,235,9869,
152.9584988700676,89759,140,234,9870,
152.96000162748658,89759,139,235,9870,
152.97895452297394,89758,140,235,9870,
152.97946824195657,89758,140,234,9871,
152.98547501773686,89758,139,235,9871,
152.99835006514002,89758,138,236,9871,
153.0042266855821,89758,138,235,9872,
153.0047222542773,89758,138,234,9873,
153.0252114403091,89758,137,235,9873,
153.02714890835824,89758,137,234,9874,
153.02801175828031,89758,136,235,9874,
153.02908080472804,89757,137,235,9874,
153.04517701411345,89756,138,235,9874,
153.04605965048847,89756,138,234,9875,
153.04707959283238,89755,139,234,9875,
153.05029066442742,89755,139,233,9876,
153.074285403492,89755,138,234,9876,
153.0764169662855,89755,137,235,9876,
153.09779563509778,89755,137,234,9877,
153.1004810028057,89754,138,234,9877,
153.11988998781146,89754,138,233,9878,
153.12153931352887,89754,138,232,9879,
153.12873731623685,89754,137,233,9879,
153.12951016785058,89754,136,234,9879,
153.1330461226868,89753,137,234,9879,
153.15444017603247,89753,137,233,9880,
153.16791150586545,89753,137,232,9881,
153.19605430242592,89753,136,233,9881,
153.2006321649335,89753,136,232,9882,
153.20891396278412,89752,137,232,9882,
153.21800198073495,89752,136,233,9882,
153.22355793387473,89752,135,234,9882,
153.22419048539703,89751,136,234,9882,
153.22527978773059,89750,137,234,9882,
153.22573308665977,89749,138,234,9882,
153.25443987090995,89749,137,235,9882,
153.2581916601587,89749,137,234,9883,
153.26428101057027,89749,136,235,9883,
153.27116609336986,89749,136,234,9884,
153.2762046390716,89748,137,234,9884,
153.28188074984206,89748,137,233,9885,
153.29619759115073,89747,138,233,9885,
153.30219772184773,89746,139,233,9885,
153.30735780151295,89746,138,234,9885,
153.31317717845857,89746,137,235,9885,
153.33324635700006,89746,137,234,9886,
153.357932662649,89746,137,233,9887,
153.36944232636228,89745,138,233,9887,
153.3878549892713,89744,139,233,9887,
153.38802782893964,89744,139,232,9888,
153.38981746077633,89744,138,233,9888,
153.3978766181153,89744,138,232,9889,
153.45802015263988,89744,137,233,9889,
153.48780620449804,89744,137,232,9890,
153.49047011855674,89744,137,231,9891,
153.50481083775233,89743,138,231,9891,
153.51763642285212,89743,137,232,9891,
153.52864217024174,89743,137,231,9892,
153.53916753541986,89743,136,232,9892,
153.54365377627704,89743,136,231,9893,
153.58806904324751,89743,135,232,9893,
153.5880807361471,89743,135,231,9894,
153.59695674974944,89742,136,231,9894,
153.60580815872825,89741,137,231,9894,
153.6381124188758,89740,138,231,9894,
153.64415935462586,89740,138,230,9895,
153.64700048152724,89740,137,231,9895,
153.64854766022916,89739,138,231,9895,
153.69584742854346,89739,137,232,9895,
153.69698539767543,89739,136,233,9895,
153.70544209060319,89738,137,233,9895,
153.71402002023495,89737,138,233,9895,
153.7509961046304,89736,139,233,9895,
153.75773178147153,89735,140,233,9895,
153.77145286976477,89735,140,232,9896,
153.77617057057995,89735,140,231,9897,
153.78558781947544,89734,141,231,9897,
153.79671008066381,89734,141,230,9898,
153.80390616654972,89734,141,229,9899,
153.80630757581906,89733,142,229,9899,
153.80776243182018,89733,142,228,9900,
153.80934797166935,89733,141,229,9900,
153.81168467695647,89733,140,230,9900,
153.81520164244225,89733,140,229,9901,
153.83309026524705,89732,141,229,9901,
153.8648005472213,89732,140,230,9901,
153.87739346976664,89732,140,229,9902,
153.88160674564176,89732,139,230,9902,
153.881913285262,89732,139,229,9903,
153.88565828494006,89731,140,229,9903,
153.9115059455497,89731,139,230,9903,
153.92729192091093,89731,138,231,9903,
153.9339056050004,89731,137,232,9903,
153.9407094711639,89731,136,233,9903,
153.95085767413173,89731,135,234,9903,
153.9544255599406,89731,135,233,9904,
153.95741328650416,89731,134,234,9904,
153.9677577191443,89731,134,233,9905,
153.98567230779912,89731,133,234,9905,
153.99779378945254,89731,132,235,9905,
153.99825788480425,89731,132,234,9906,
154.01012300534524,89731,132,233,9907,
154.02063229802002,89731,132,232,9908,
154.0241750726432,89731,132,231,9909,
154.0344666832566,89730,133,231,9909,
154.03613341322523,89730,133,230,9910,
154.04413809106916,89730,132,231,9910,
154.0733893501866,89730,131,232,9910,
154.08185338354798,89730,131,231,9911,
154.0867089246934,89730,131,230,9912,
154.0869112921598,89730,131,229,9913,
154.09024588292556,89730,130,230,9913,
154.09185926271363,89730,129,231,9913,
154.09919012098183,89730,129,230,9914,
154.11561010409775,89730,128,231,9914,
154.11595910927662,89730,128,230,9915,
154.11961672170673,89730,127,231,9915,
154.12488454589024,89730,126,232,9915,
154.12523180662402,89729,127,232,9915,
154.14028926748236,89728,128,232,9915,
154.14604733606188,89727,129,232,9915,
154.14981571455004,89727,128,233,9915,
154.16934913229696,89727,127,234,9915,
154.18307375440227,89726,128,234,9915,
154.1879221073047,89725,129,234,9915,
154.24845144699387,89725,129,233,9916,
154.2491060407475,89725,128,234,9916,
154.2764345048003,89725,128,233,9917,
154.28077666311972,89725,128,232,9918,
154.2836339377804,89724,129,232,9918,
154.28673876793897,89723,130,232,9918,
154.29937930509848,89722,131,232,9918,
154.30783625272466,89721,132,232,9918,
154.31410444493784,89721,131,233,9918,
154.3199585171641,89720,132,233,9918,
154.34461964309818,89719,133,233,9918,
154.3512311942076,89719,133,232,9919,
154.3541881023253,89718,134,232,9919,
154.35668675693512,89718,134,231,9920,
154.36970346243774,89718,133,232,9920,
154.3719140265977,89718,132,233,9920,
154.43214021426175,89717,133,233,9920,
154.44337067459,89717,132,234,9920,
154.45922008460366,89717,132,233,9921,
154.4596880037432,89717,132,232,9922,
154.4784875169787,89716,133,232,9922,
154.5034089663336,89716,132,233,9922,
154.5065051083914,89716,131,234,9922,
154.51576368051252,89715,132,234,9922,
154.51640038035606,89715,131,235,9922,
154.52235456121656,89714,132,235,9922,
154.54368611900676,89713,133,235,9922,
154.5605715843843,89712,134,235,9922,
154.60003600870132,89711,135,235,9922,
154.61358351493513,89710,136,235,9922,
154.62846447615132,89710,135,236,9922,
154.63939946072793,89709,136,236,9922,
154.65499179001122,89708,137,236,9922,
154.6596817554583,89708,136,237,9922,
154.6638814611011,89708,136,236,9923,
154.70667001390694,89708,135,237,9923,
154.7153386412319,89707,136,237,9923,
154.72404995456424,89706,137,237,9923,
154.74788426646467,89706,137,236,9924,
154.7682088442785,89706,136,237,9924,
154.7857598894101,89706,135,238,9924,
154.78994430974245,89705,136,238,9924,
154.81687876428654,89704,137,238,9924,
154.82154500611088,89704,136,239,9924,
154.8249446427177,89704,136,238,9925,
154.83809440139945,89704,136,237,9926,
154.84258991044183,89704,136,236,9927,
154.843199167622,89704,136,235,9928,
154.8440744718061,89704,136,234,9929,
154.84891036806044,89704,136,233,9930,
154.85103286411538,89703,137,233,9930,
154.86049920559375,89702,138,233,9930,
154.8639912256218,89702,138,232,9931,
154.87707404400004,89702,138,231,9932,
154.91161898321388,89702,138,230,9933,
154.91937591208904,89702,137,231,9933,
154.91973719143812,89702,137,230,9934,
154.92820357661034,89702,137,229,9935,
154.94873257132662,89702,136,230,9935,
154.9514028197942,89702,136,229,9936,
154.95814081145554,89701,137,229,9936,
154.99287275660058,89701,136,230,9936,
155.0021067052698,89700,137,230,9936,
155.0220403929714,89699,138,230,9936,
155.0513574340012,89699,138,229,9937,
155.07978499056844,89698,139,229,9937,
155.08415475593864,89698,138,230,9937,
155.08875005664348,89698,137,231,9937,
155.09531125464252,89698,137,230,9938,
155.13347095043633,89698,137,229,9939,
155.13654155976937,89698,136,230,9939,
155.13756938716946,89698,136,229,9940,
155.1545820732248,89698,135,230,9940,
155.15591137706332,89698,135,229,9941,
155.17410990375774,89697,136,229,9941,
155.17536957669614,89697,135,230,9941,
155.17543512966202,89696,136,230,9941,
155.17847968412187,89696,135,231,9941,
155.1824765047481,89696,134,232,9941,
155.212094433369,89695,135,232,9941,
155.21536707374634,89695,134,233,9941,
155.2196229467604,89695,133,234,9941,
155.2272632556037,89694,134,234,9941,
155.23288174792793,89694,133,235,9941,
155.24072561236557,89694,132,236,9941,
155.2556606255465,89693,133,236,9941,
155.2562677945613,89693,133,235,9942,
155.26153298959528,89692,134,235,9942,
155.27737827092812,89691,135,235,9942,
155.2776172285532,89691,134,236,9942,
155.28530540504164,89691,134,235,9943,
155.29684166892258,89691,133,236,9943,
155.30738300219392,89691,132,237,9943,
155.31665372776396,89691,131,238,9943,
155.3280635151153,89690,132,238,9943,
155.33193134946393,89689,133,238,9943,
155.3411103977366,89689,132,239,9943,
155.3418188608345,89689,131,240,9943,
155.34345175287334,89689,130,241,9943,
155.34646875658092,89689,130,240,9944,
155.35172222396585,89688,131,240,9944,
155.3703206117015,89688,130,241,9944,
155.39511997687174,89688,130,240,9945,
155.44415940316466,89688,130,239,9946,
155.44694728215833,89687,131,239,9946,
155.46843584447865,89687,131,238,9947,
155.50449495487413,89686,132,238,9947,
155.50627763505514,89686,132,237,9948,
155.5285631629679,89686,132,236,9949,
155.53537316035582,89686,131,237,9949,
155.54276264715676,89685,132,237,9949,
155.55925209525262,89685,132,236,9950,
155.56291318801533,89685,131,237,9950,
155.58151715682376,89684,132,237,9950,
155.58417627486162,89683,133,237,9950,
155.60283411090523,89682,134,237,9950,
155.60707666608425,89682,134,236,9951,
155.61408767318446,89682,134,235,9952,
155.63151255849618,89682,134,234,9953,
155.6405471768303,89682,133,235,9953,
155.65463472288212,89682,133,234,9954,
155.65806057292735,89682,133,233,9955,
155.7047142415636,89681,134,233,9955,
155.7053424366177,89681,134,232,9956,
155.713381218067,89681,133,233,9956,
155.7151968180933,89680,134,233,9956,
155.7289914711111,89679,135,233,9956,
155.7354392600792,89679,134,234,9956,
155.74478174553346,89678,135,234,9956,
155.75977130935712,89678,134,235,9956,
155.76249020320884,89678,133,236,9956,
155.77925724164862,89677,134,236,9956,
155.77997320651227,89677,134,235,9957,
155.7940951932867,89676,135,235,9957,
155.79978139174204,89676,135,234,9958,
155.86040771396546,89676,134,235,9958,
155.8624503546849,89675,135,235,9958,
155.87006125454067,89674,136,235,9958,
155.87436496640504,89673,137,235,9958,
155.9013893386155,89672,138,235,9958,
155.9049772720188,89672,138,234,9959,
155.90826752592358,89672,138,233,9960,
155.91384190663592,89672,137,234,9960,
155.9435388780256,89672,137,233,9961,
155.97191011619617,89672,137,232,9962,
155.98296379995722,89672,136,233,9962,
155.99107525426592,89672,136,232,9963,
155.99590113009248,89672,135,233,9963,
156.00132260298093,89672,135,232,9964,
156.01970135566881,89671,136,232,9964,
156.04553485863502,89671,136,231,9965,
156.04780559957936,89671,136,230,9966,
156.04956916990722,89671,136,229,9967,
156.0506824964077,89670,137,229,9967,
156.06130874932325,89670,137,228,9968,
156.0781088818216,89670,136,229,9968,
156.08635339057074,89670,135,230,9968,
156.09053750312853,89670,135,229,9969,
156.09329530645263,89670,134,230,9969,
156.13750542153105,89670,134,229,9970,
156.1443723872832,89670,133,230,9970,
156.1456144039612,89670,133,229,9971,
156.16729980463276,89669,134,229,9971,
156.1954128863864,89669,134,228,9972,
156.20581577934263,89669,134,227,9973,
156.2134759937324,89669,133,228,9973,
156.2176889755754,89668,134,228,9973,
156.2177483885655,89668,133,229,9973,
156.32955661637342,89668,132,230,9973,
156.3403374059534,89668,131,231,9973,
156.36835175677768,89667,132,231,9973,
156.42328391547906,89667,132,230,9974,
156.42817485253576,89667,131,231,9974,
156.45421818442634,89667,131,230,9975,
156.45712935995044,89667,131,229,9976,
156.47411068724523,89667,130,230,9976,
156.4819169887931,89667,130,229,9977,
156.50509950386748,89667,129,230,9977,
156.5076901601921,89667,128,231,9977,
156.51060891722895,89667,128,230,9978,
156.5260333000374,89667,128,229,9979,
156.53671584673552,89667,127,230,9979,
156.5460244947848,89667,127,229,9980,
156.55084483917696,89666,128,229,9980,
156.56589667412172,89665,129,229,9980,
156.56661249459992,89665,128,230,9980,
156.5674718997885,89665,128,229,9981,
156.59980824519326,89665,128,228,9982,
156.60774404984986,89665,128,227,9983,
156.619877426903,89665,128,226,9984,
156.638081505408,89664,129,226,9984,
156.65293262626696,89663,130,226,9984,
156.68722073756635,89663,130,225,9985,
156.7034635775775,89662,131,225,9985,
156.70560697636972,89661,132,225,9985,
156.70929373147212,89660,133,225,9985,
156.72695105059674,89659,134,225,9985,
156.7406982428299,89659,134,224,9986,
156.79021926695273,89659,133,225,9986,
156.80363227134944,89658,134,225,9986,
156.80538586731126,89658,134,224,9987,
156.82278702139834,89657,135,224,9987,
156.85803247879076,89656,136,224,9987,
156.87167419154602,89655,137,224,9987,
156.9030873936517,89655,137,223,9988,
156.93823759633588,89655,136,224,9988,
156.94030551278553,89655,135,225,9988,
156.94619751931475,89655,135,224,9989,
156.95322670904397,89655,134,225,9989,
156.95715062301792,89655,134,224,9990,
156.95825141239982,89654,135,224,9990,
156.97904978565757,89654,135,223,9991,
156.98558179895176,89654,134,224,9991,
157.00097435445,89654,134,223,9992,
157.02874903129242,89654,133,224,9992,
157.03625479149494,89654,133,223,9993,
157.03983889064847,89653,134,223,9993,
157.05984774272937,89653,133,224,9993,
157.06136898960278,89653,133,223,9994,
157.0677446073903,89653,133,222,9995,
157.0843717640714,89653,133,221,9996,
157.0889687958146,89653,133,220,9997,
157.0923344648135,89653,133,219,9998,
157.10365293797759,89653,133,218,9999,
157.12317322759725,89653,133,217,10000,
157.12673345997868,89653,132,218,10000,
157.128710523598,89653,132,217,10001,
157.13700675779543,89652,133,217,10001,
157.14917998304395,89652,133,216,10002,
157.14964922994298,89651,134,216,10002,
157.15298887564194,89651,133,217,10002,
157.16486864200485,89651,132,218,10002,
157.16754501083443,89651,131,219,10002,
157.1813042158601,89651,130,220,10002,
157.18758789880275,89651,129,221,10002,
157.20221055306288,89650,130,221,10002,
157.22515142639998,89649,131,221,10002,
157.2416107479017,89649,131,220,10003,
157.25324239405847,89649,131,219,10004,
157.2632976030355,89649,130,220,10004,
157.27972472755422,89649,130,219,10005,
157.28898128947765,89648,131,219,10005,
157.30037265835773,89648,130,220,10005,
157.30255203918605,89648,130,219,10006,
157.30658251359242,89648,130,218,10007,
157.32024902262398,89647,131,218,10007,
157.3409339524678,89647,131,217,10008,
157.344165288733,89646,132,217,10008,
157.36468218948897,89646,132,216,10009,
157.37401908810307,89645,133,216,10009,
157.38429737255257,89644,134,216,10009,
157.395181608482,89644,134,215,10010,
157.40379166139664,89643,135,215,10010,
157.4196015340075,89643,135,214,10011,
157.44796583958825,89642,136,214,10011,
157.46076407518714,89641,137,214,10011,
157.47965058200955,89641,136,215,10011,
157.4826175448728,89641,136,214,10012,
157.48290046607707,89641,136,213,10013,
157.48569372901162,89641,135,214,10013,
157.496392724607,89641,134,215,10013,
157.4993487908947,89640,135,215,10013,
157.52037109019767,89640,134,216,10013,
157.5435076660303,89640,133,217,10013,
157.57285237641196,89639,134,217,10013,
157.59592083657566,89639,134,216,10014,
157.62245776997747,89639,134,215,10015,
157.63954447138596,89638,135,215,10015,
157.64368239241153,89637,136,215,10015,
157.65033180836633,89637,135,216,10015,
157.6698942287976,89636,136,216,10015,
157.71891390579327,89636,136,215,10016,
157.72000547620632,89636,136,214,10017,
157.72366862722998,89635,137,214,10017,
157.73813750492465,89635,137,213,10018,
157.74290959993343,89634,138,213,10018,
157.75028178140266,89634,138,212,10019,
157.78809373861816,89634,137,213,10019,
157.80264722403317,89633,138,213,10019,
157.88757993038413,89633,137,214,10019,
157.89869275877277,89633,136,215,10019,
157.90672843439256,89633,135,216,10019,
157.90794646974757,89633,135,215,10020,
157.93996939678146,89632,136,215,10020,
157.95294824252085,89631,137,215,10020,
158.01616184670502,89631,137,214,10021,
158.02350448767464,89630,138,214,10021,
158.03506023984195,89630,138,213,10022,
158.04311963514164,89630,137,214,10022,
158.0706905722923,89630,136,215,10022,
158.11144058853066,89630,136,214,10023,
158.1311807089291,89630,135,215,10023,
158.13563793235318,89630,135,214,10024,
158.1400254710142,89630,134,215,10024,
158.14243858480557,89630,133,216,10024,
158.1506549210577,89630,132,217,10024,
158.15099844165206,89629,133,217,10024,
158.17566472759907,89628,134,217,10024,
158.2018409032949,89628,133,218,10024,
158.20443570399132,89628,132,219,10024,
158.207256851758,89628,131,220,10024,
158.21089545119298,89627,132,220,10024,
158.22022399122136,89626,133,220,10024,
158.24677875790704,89625,134,220,10024,
158.25653181704465,89624,135,220,10024,
158.26315915709364,89624,134,221,10024,
158.28176232861549,89624,133,222,10024,
158.28218613113503,89624,133,221,10025,
158.29013786852323,89624,132,222,10025,
158.29417002736275,89623,133,222,10025,
158.3107135483259,89623,132,223,10025,
158.31564044080312,89622,133,223,10025,
158.32117524322757,89622,133,222,10026,
158.32349210787115,89621,134,222,10026,
158.3303859338314,89621,134,221,10027,
158.3390533165343,89621,134,220,10028,
158.36258564482984,89621,134,219,10029,
158.36826506300685,89621,133,220,10029,
158.3747487510626,89620,134,220,10029,
158.37490988527364,89620,134,219,10030,
158.37829820083996,89620,133,220,10030,
158.38240515866906,89620,132,221,10030,
158.38529282277756,89620,132,220,10031,
158.39884590010962,89620,132,219,10032,
158.46712537915806,89620,131,220,10032,
158.48957369199633,89620,130,221,10032,
158.50850103702123,89619,131,221,10032,
158.52184193769168,89619,131,220,10033,
158.53329859441456,89619,131,219,10034,
158.55253333032778,89619,131,218,10035,
158.5886026853442,89619,130,219,10035,
158.59061190271748,89619,130,218,10036,
158.607146621503,89619,129,219,10036,
158.63430687541242,89619,128,220,10036,
158.68662087466487,89619,127,221,10036,
158.6957350611455,89618,128,221,10036,
158.6965067548589,89618,127,222,10036,
158.69702248665425,89618,127,221,10037,
158.69762627291328,89618,126,222,10037,
158.71504742037698,89618,125,223,10037,
158.73328322880292,89617,126,223,10037,
158.74027983003975,89617,125,224,10037,
158.74041408176151,89616,126,224,10037,
158.74738590688779,89616,126,223,10038,
158.75052478290235,89616,126,222,10039,
158.75260652059407,89616,126,221,10040,
158.76161673757883,89616,126,220,10041,
158.78875108869494,89616,125,221,10041,
158.8265883502818,89616,124,222,10041,
158.82771931872924,89616,124,221,10042,
158.83996226643217,89616,124,220,10043,
158.84882202651863,89615,125,220,10043,
158.84953255394197,89615,125,219,10044,
158.8554481800453,89615,125,218,10045,
158.8562615330639,89614,126,218,10045,
158.85931288990486,89614,126,217,10046,
158.87743643893606,89614,126,216,10047,
158.88144087293298,89614,126,215,10048,
158.88957087253453,89614,126,214,10049,
158.90692062133039,89614,126,213,10050,
158.91375434336143,89614,126,212,10051,
158.9180679719522,89614,125,213,10051,
158.92047073316348,89614,124,214,10051,
158.92215616379113,89614,123,215,10051,
158.95187936368876,89614,122,216,10051,
159.0056770802661,89613,123,216,10051,
159.01441977265145,89613,123,215,10052,
159.0191489862523,89612,124,215,10052,
159.05007045304689,89611,125,215,10052,
159.06088839202008,89611,124,216,10052,
159.06197921457297,89611,124,215,10053,
159.06737348265307,89611,123,216,10053,
159.08692808318494,89610,124,216,10053,
159.10183622093868,89610,123,217,10053,
159.10764548683906,89610,122,218,10053,
159.10798317942192,89609,123,218,10053,
159.12274832336558,89609,122,219,10053,
159.12746939864698,89609,122,218,10054,
159.13725857490687,89608,123,218,10054,
159.14053356832193,89607,124,218,10054,
159.14438029724957,89607,123,219,10054,
159.14954649590098,89606,124,219,10054,
159.1635354414937,89606,123,220,10054,
159.16772603515093,89606,123,219,10055,
159.18340458026958,89606,123,218,10056,
159.21516589579386,89606,123,217,10057,
159.2466917445921,89605,124,217,10057,
159.27357999759113,89605,123,218,10057,
159.2795908526963,89605,122,219,10057,
159.29446753401578,89604,123,219,10057,
159.3311964875233,89604,123,218,10058,
159.34013342710244,89604,122,219,10058,
159.37081432262065,89604,122,218,10059,
159.37599342700778,89604,122,217,10060,
159.37859181722587,89603,123,217,10060,
159.37862674329887,89602,124,217,10060,
159.39927274557058,89601,125,217,10060,
159.41326918186425,89601,124,218,10060,
159.47893143706563,89601,124,217,10061,
159.4930516993175,89600,125,217,10061,
159.49610998544313,89600,124,218,10061,
159.50554631735696,89600,123,219,10061,
159.51134519342858,89600,122,220,10061,
159.53387486622614,89600,122,219,10062,
159.54638015940833,89600,122,218,10063,
159.55806068840968,89599,123,218,10063,
159.56341695097882,89598,124,218,10063,
159.5854832516728,89598,123,219,10063,
159.60709271810646,89598,122,220,10063,
159.60894276162085,89598,121,221,10063,
159.63308780804525,89598,121,220,10064,
159.63563708201318,89597,122,220,10064,
159.63836462646475,89597,122,219,10065,
159.64163037252013,89596,123,219,10065,
159.64561432141903,89596,123,218,10066,
159.66012540816658,89596,123,217,10067,
159.6748180906602,89595,124,217,10067,
159.68598482807585,89594,125,217,10067,
159.68900742289028,89593,126,217,10067,
159.69046520579022,89592,127,217,10067,
159.7144542877874,89592,127,216,10068,
159.7175660657906,89592,127,215,10069,
159.73630972632276,89592,127,214,10070,
159.73976822749006,89592,127,213,10071,
159.74997406052242,89591,128,213,10071,
159.75165226964916,89591,128,212,10072,
159.77264118745993,89591,128,211,10073,
159.78929322135926,89590,129,211,10073,
159.79521905054895,89590,128,212,10073,
159.8059342310321,89590,128,211,10074,
159.8148761956292,89590,128,210,10075,
159.8173021181582,89590,128,209,10076,
159.82809855026815,89590,128,208,10077,
159.87956671011966,89590,128,207,10078,
159.89916987754708,89590,127,208,10078,
159.91401575677213,89590,126,209,10078,
159.92164114056666,89589,127,209,10078,
159.93219375614774,89588,128,209,10078,
159.95053020691452,89588,128,208,10079,
159.960983021885,89588,128,207,10080,
159.98714820289706,89587,129,207,10080,
160.0135408329191,89587,129,206,10081,
160.03159681907738,89587,128,207,10081,
160.08245822231362,89587,128,206,10082,
160.10927328519267,89587,128,205,10083,
160.1138880303769,89587,128,204,10084,
160.15024028827867,89587,128,203,10085,
160.2002513962522,89586,129,203,10085,
160.22815302190244,89585,130,203,10085,
160.24901990414878,89585,129,204,10085,
160.25159701717135,89585,128,205,10085,
160.26019246989728,89585,128,204,10086,
160.2826783955225,89584,129,204,10086,
160.29118274333447,89583,130,204,10086,
160.29246249788633,89582,131,204,10086,
160.29977645446812,89581,132,204,10086,
160.32811070144837,89581,132,203,10087,
160.33138783095558,89581,131,204,10087,
160.34133992060586,89581,130,205,10087,
160.34134702465568,89580,131,205,10087,
160.3467103966918,89579,132,205,10087,
160.3675491774572,89578,133,205,10087,
160.39652218525578,89578,132,206,10087,
160.39684965169002,89577,133,206,10087,
160.42202260187713,89577,133,205,10088,
160.46113437657704,89577,132,206,10088,
160.46164859721313,89577,131,207,10088,
160.47467222578476,89577,130,208,10088,
160.47877325435462,89577,130,207,10089,
160.5179242469815,89577,130,206,10090,
160.54776721407177,89576,131,206,10090,
160.54889748627846,89576,130,207,10090,
160.55245057608147,89575,131,207,10090,
160.56334881246627,89575,130,208,10090,
160.57743414240198,89575,129,209,10090,
160.5955135512977,89575,128,210,10090,
160.60037815685766,89574,129,210,10090,
160.62174734661946,89574,128,211,10090,
160.6346517766501,89574,127,212,10090,
160.64774957465102,89574,127,211,10091,
160.64899287112917,89574,126,212,10091,
160.65315698414375,89574,125,213,10091,
160.6556787012222,89574,124,214,10091,
160.65840682846846,89573,125,214,10091,
160.66104920383964,89573,124,215,10091,
160.66746695144258,89573,124,214,10092,
160.6742415224724,89572,125,214,10092,
160.68334524850394,89572,125,213,10093,
160.68714683724872,89572,125,212,10094,
160.7264439471894,89571,126,212,10094,
160.75398714436014,89571,126,211,10095,
160.75407146525606,89570,127,211,10095,
160.77676571076702,89569,128,211,10095,
160.7935007997178,89568,129,211,10095,
160.79736985642657,89567,130,211,10095,
160.81422676220657,89566,131,211,10095,
160.82925236717594,89565,132,211,10095,
160.8504950528239,89565,131,212,10095,
160.86804819342495,89564,132,212,10095,
160.87594186467692,89564,132,211,10096,
160.89613666092418,89563,133,211,10096,
160.90541306160253,89563,132,212,10096,
160.9242939220161,89563,132,211,10097,
160.93645623871913,89563,131,212,10097,
160.9412035048854,89563,130,213,10097,
160.9437938646454,89563,129,214,10097,
160.96066066108682,89563,128,215,10097,
161.00553387215976,89562,129,215,10097,
161.00576425189956,89562,128,216,10097,
161.01938613567728,89562,128,215,10098,
161.02822232315117,89562,127,216,10098,
161.03089182199005,89561,128,216,10098,
161.03961757666073,89561,128,215,10099,
161.06035377019774,89560,129,215,10099,
161.1031670074378,89560,129,214,10100,
161.10743232405738,89560,129,213,10101,
161.115709303745,89560,128,214,10101,
161.1239123822236,89560,127,215,10101,
161.1311294515529,89559,128,215,10101,
161.15750621952938,89559,127,216,10101,
161.15846250567756,89559,127,215,10102,
161.1627051248065,89559,127,214,10103,
161.17413129713202,89559,127,213,10104,
161.19321727373102,89559,126,214,10104,
161.2029170053385,89559,125,215,10104,
161.23868084650138,89558,126,215,10104,
161.2552648933537,89558,126,214,10105,
161.2709767711519,89558,125,215,10105,
161.27718963420583,89558,124,216,10105,
161.28754828517287,89557,125,216,10105,
161.30110150442633,89557,124,217,10105,
161.3250872138339,89557,123,218,10105,
161.33428420228321,89557,122,219,10105,
161.33596421217402,89557,122,218,10106,
161.3552368681974,89556,123,218,10106,
161.36217755203256,89556,123,217,10107,
161.36943662253228,89556,123,216,10108,
161.39073259501254,89556,122,217,10108,
161.392502678585,89555,123,217,10108,
161.39926480173054,89555,123,216,10109,
161.42403160647552,89555,122,217,10109,
161.45015988236383,89555,122,216,10110,
161.482152026554,89555,121,217,10110,
161.48874938103296,89554,122,217,10110,
161.51791600255953,89553,123,217,10110,
161.5234776944548,89553,122,218,10110,
161.54760833015163,89553,121,219,10110,
161.57657997962505,89552,122,219,10110,
161.58110009601805,89552,121,220,10110,
161.59094511344819,89552,121,219,10111,
161.63027929643232,89551,122,219,10111,
161.6387806535664,89550,123,219,10111,
161.640236124618,89550,123,218,10112,
161.648353523494,89550,123,217,10113,
161.65621831749024,89550,122,218,10113,
161.6697233572368,89549,123,218,10113,
161.67654774626675,89549,122,219,10113,
161.70182266370256,89549,122,218,10114,
161.72694504656246,89549,121,219,10114,
161.74720880722347,89549,120,220,10114,
161.75526563153244,89548,121,220,10114,
161.7746802650521,89548,121,219,10115,
161.79544753160468,89548,121,218,10116,
161.7993870831114,89548,121,217,10117,
161.81679793344608,89548,121,216,10118,
161.8258757832345,89547,122,216,10118,
161.83111277955112,89546,123,216,10118,
161.83143879516138,89545,124,216,10118,
161.8545112850641,89544,125,216,10118,
161.87959700816126,89544,124,217,10118,
161.90759989309538,89544,123,218,10118,
161.9111380728752,89543,124,218,10118,
161.9311255277466,89542,125,218,10118,
161.934908908126,89541,126,218,10118,
161.94835704551608,89541,125,219,10118,
161.95489757919086,89541,124,220,10118,
161.99720579745227,89540,125,220,10118,
162.0047754804993,89540,124,221,10118,
162.0378922935837,89540,123,222,10118,
162.04313646314768,89539,124,222,10118,
162.06429516776817,89538,125,222,10118,
162.07663144725237,89538,124,223,10118,
162.09053657807743,89537,125,223,10118,
162.10518050336236,89537,124,224,10118,
162.10579121137243,89537,124,223,10119,
162.116457422907,89537,123,224,10119,
162.1399479098822,89537,123,223,10120,
162.16083792085487,89537,122,224,10120,
162.16517527970922,89537,122,223,10121,
162.17831351532806,89536,123,223,10121,
162.1851130531552,89536,123,222,10122,
162.2020349318571,89536,122,223,10122,
162.2033920124207,89536,122,222,10123,
162.21733096725507,89535,123,222,10123,
162.23991886387591,89535,122,223,10123,
162.2419907891247,89535,122,222,10124,
162.25233113145964,89535,121,223,10124,
162.25390834788791,89535,121,222,10125,
162.26063304599137,89535,121,221,10126,
162.2888037260722,89535,121,220,10127,
162.29564240400686,89534,122,220,10127,
162.3094315466673,89534,122,219,10128,
162.3107586331714,89534,122,218,10129,
162.33021824804786,89534,122,217,10130,
162.33491931010388,89534,121,218,10130,
162.34807182233266,89534,121,217,10131,
162.35039629854708,89533,122,217,10131,
162.3601001273221,89533,121,218,10131,
162.36809184622808,89533,120,219,10131,
162.37446766527424,89533,119,220,10131,
162.3804056811527,89533,119,219,10132,
162.39418799295655,89533,119,218,10133,
162.3981575393984,89533,118,219,10133,
162.39940407331,89533,118,218,10134,
162.40645745987737,89533,118,217,10135,
162.43423633435788,89533,117,218,10135,
162.43553036124297,89533,117,217,10136,
162.444342365467,89532,118,217,10136,
162.4460961482772,89532,118,216,10137,
162.4492980395908,89531,119,216,10137,
162.46239261557577,89531,118,217,10137,
162.46303577471434,89531,118,216,10138,
162.47804207214517,89530,119,216,10138,
162.49646247793856,89529,120,216,10138,
162.52455137627484,89528,121,216,10138,
162.53283972588363,89528,120,217,10138,
162.54080289315925,89528,119,218,10138,
162.5411490715103,89528,118,219,10138,
162.54414815594845,89528,118,218,10139,
162.54800453200704,89528,118,217,10140,
162.57511331955945,89528,117,218,10140,
162.58295368615038,89528,117,217,10141,
162.58486971141173,89528,117,216,10142,
162.60000115383346,89527,118,216,10142,
162.60571900879404,89526,119,216,10142,
162.6061655753761,89525,120,216,10142,
162.61231028305477,89525,120,215,10143,
162.6212478905372,89525,119,216,10143,
162.62701321752866,89525,118,217,10143,
162.658751064331,89525,117,218,10143,
162.67223142823292,89525,117,217,10144,
162.69421302874517,89524,118,217,10144,
162.69957467179717,89524,117,218,10144,
162.7122418750855,89524,116,219,10144,
162.72940137101708,89524,116,218,10145,
162.75052040855246,89523,117,218,10145,
162.76394059688783,89523,117,217,10146,
162.77605044799762,89523,117,216,10147,
162.77813249759853,89523,117,215,10148,
162.7958995827014,89522,118,215,10148,
162.7993847195268,89522,117,216,10148,
162.81518599181877,89522,117,215,10149,
162.816451566139,89522,117,214,10150,
162.81979952159537,89521,118,214,10150,
162.84181772392074,89521,117,215,10150,
162.85625959158688,89521,117,214,10151,
162.85778583465256,89521,116,215,10151,
162.86719350178777,89521,116,214,10152,
162.9394450637484,89521,115,215,10152,
162.95890449738874,89520,116,215,10152,
163.0128032206707,89520,115,216,10152,
163.0241250703691,89519,116,216,10152,
163.0313837099539,89518,117,216,10152,
163.05640800082784,89518,117,215,10153,
163.05650155165887,89518,116,216,10153,
163.104819096019,89518,115,217,10153,
163.10557642050134,89518,115,216,10154,
163.12494454034456,89517,116,216,10154,
163.12795616808685,89517,115,217,10154,
163.15849635253403,89516,116,217,10154,
163.16256475319915,89516,116,216,10155,
163.2263210178886,89516,115,217,10155,
163.24913896362455,89516,115,216,10156,
163.25029617296866,89516,115,215,10157,
163.2550606977245,89516,115,214,10158,
163.25567769358588,89515,116,214,10158,
163.28699052914442,89514,117,214,10158,
163.30571827639403,89514,117,213,10159,
163.32866118431548,89514,116,214,10159,
163.33816318480243,89513,117,214,10159,
163.33825588850954,89512,118,214,10159,
163.3482127890841,89512,118,213,10160,
163.37390227466827,89512,118,212,10161,
163.38554036967238,89512,118,211,10162,
163.4267836972313,89511,119,211,10162,
163.45048635798176,89510,120,211,10162,
163.48983914434825,89510,120,210,10163,
163.50223106874824,89510,120,209,10164,
163.54848519737928,89510,119,210,10164,
163.55205417405028,89510,119,209,10165,
163.55290035402027,89509,120,209,10165,
163.57215355865657,89509,120,208,10166,
163.5773572392581,89509,119,209,10166,
163.64236199803042,89509,119,208,10167,
163.65601452516273,89509,119,207,10168,
163.66045947879286,89509,118,208,10168,
163.66103747530397,89508,119,208,10168,
163.67251202296416,89508,118,209,10168,
163.67321193231595,89508,117,210,10168,
163.67402102319159,89508,116,211,10168,
163.67802075680436,89508,115,212,10168,
163.69049976645107,89508,114,213,10168,
163.72276427411273,89508,114,212,10169,
163.75741999398258,89508,113,213,10169,
163.78071948504564,89507,114,213,10169,
163.80131498826444,89507,113,214,10169,
163.8038021247793,89506,114,214,10169,
163.80638016487143,89505,115,214,10169,
163.81518231462,89505,115,213,10170,
163.85501280110026,89505,115,212,10171,
163.88476733768402,89505,115,211,10172,
163.88975311399952,89505,114,212,10172,
163.89245743327055,89505,114,211,10173,
163.89948813365575,89505,114,210,10174,
163.9037122849465,89505,113,211,10174,
163.90577504968454,89504,114,211,10174,
163.90932289277407,89504,113,212,10174,
163.9537226309441,89503,114,212,10174,
163.97083903224424,89503,114,211,10175,
163.9779906439709,89502,115,211,10175,
163.99448728788215,89502,115,210,10176,
164.01535582453403,89501,116,210,10176,
164.01540977386617,89501,116,209,10177,
164.0185091066377,89501,115,210,10177,
164.05774566652659,89500,116,210,10177,
164.06573233563253,89499,117,210,10177,
164.0670305435791,89499,116,211,10177,
164.08903488247958,89499,116,210,10178,
164.0995969964407,89499,116,209,10179,
164.10168753744503,89499,116,208,10180,
164.10664769728098,89498,117,208,10180,
164.11200689275506,89498,117,207,10181,
164.13726041928948,89498,117,206,10182,
164.23684939544935,89498,117,205,10183,
164.2466821907681,89497,118,205,10183,
164.25438942813122,89496,119,205,10183,
164.28787000902227,89496,118,206,10183,
164.29274885059664,89495,119,206,10183,
164.34018523031978,89495,118,207,10183,
164.3634936940322,89495,118,206,10184,
164.36384067840993,89495,117,207,10184,
164.36484997583113,89495,117,206,10185,
164.39272351106865,89495,117,205,10186,
164.41356793216812,89494,118,205,10186,
164.48388428219994,89493,119,205,10186,
164.4916295355913,89493,119,204,10187,
164.49414582807515,89493,118,205,10187,
164.49489118363724,89492,119,205,10187,
164.51898787062518,89492,119,204,10188,
164.51967506576625,89491,120,204,10188,
164.54946517940104,89491,119,205,10188,
164.55208267471485,89491,118,206,10188,
164.55248291147316,89490,119,206,10188,
164.5873766818234,89490,119,205,10189,
164.58792654416433,89490,119,204,10190,
164.60157255108703,89490,119,203,10191,
164.61113622098142,89490,118,204,10191,
164.61871876251774,89490,118,203,10192,
164.63536231050483,89490,118,202,10193,
164.6396110647676,89489,119,202,10193,
164.64855924642208,89489,119,201,10194,
164.6661621253782,89489,119,200,10195,
164.7009426848042,89488,120,200,10195,
164.7287862390667,89488,120,199,10196,
164.74590458014814,89488,120,198,10197,
164.75600817827387,89488,119,199,10197,
164.7873064363565,89487,120,199,10197,
164.81135312000188,89487,119,200,10197,
164.81520217475398,89487,119,199,10198,
164.82800786573472,89487,118,200,10198,
164.83095898976813,89486,119,200,10198,
164.833648795648,89485,120,200,10198,
164.83887541723374,89485,119,201,10198,
164.85484022714155,89484,120,201,10198,
164.85925493142707,89484,119,202,10198,
164.86367433514062,89483,120,202,10198,
164.8868698307574,89482,121,202,10198,
164.90742827842547,89482,121,201,10199,
164.924299177874,89482,120,202,10199,
164.94704662980556,89481,121,202,10199,
164.9618005610756,89481,121,201,10200,
165.00039489267994,89481,121,200,10201,
165.05837738731907,89481,121,199,10202,
165.06117693657754,89481,121,198,10203,
165.07810197954524,89481,120,199,10203,
165.08820011864168,89480,121,199,10203,
165.09217719799648,89480,120,200,10203,
165.1001443329078,89480,120,199,10204,
165.10248029063013,89480,120,198,10205,
165.11925075698778,89480,120,197,10206,
165.12477270943333,89479,121,197,10206,
165.1455709072721,89479,120,198,10206,
165.1457947921721,89479,120,197,10207,
165.18629774676518,89478,121,197,10207,
165.19389558551592,89478,121,196,10208,
165.20968406043718,89478,120,197,10208,
165.23656957652,89477,121,197,10208,
165.23974600452624,89477,120,198,10208,
165.24921336487603,89477,119,199,10208,
165.2753870546165,89477,119,198,10209,
165.28107542518586,89477,119,197,10210,
165.2893016867086,89477,119,196,10211,
165.31576734657284,89477,119,195,10212,
165.3679137739864,89477,118,196,10212,
165.38094654040069,89477,117,197,10212,
165.38531524025882,89476,118,197,10212,
165.38907552799145,89476,118,196,10213,
165.41350791590452,89476,118,195,10214,
165.43878095877776,89476,117,196,10214,
165.47144342721919,89476,116,197,10214,
165.47620213199806,89476,115,198,10214,
165.476215472617,89476,115,197,10215,
165.47623466357078,89476,115,196,10216,
165.49536470499194,89476,114,197,10216,
165.50670230795993,89476,114,196,10217,
165.50760349052288,89476,113,197,10217,
165.5255036800703,89476,112,198,10217,
165.55201465414962,89476,112,197,10218,
165.5757595312895,89476,112,196,10219,
165.5824395270876,89476,111,197,10219,
165.66642413260087,89476,110,198,10219,
165.6664345469967,89476,110,197,10220,
165.68426134449535,89475,111,197,10220,
165.68725670881528,89475,110,198,10220,
165.69214861170877,89475,110,197,10221,
165.7036106343837,89475,109,198,10221,
165.70478614266003,89475,108,199,10221,
165.72398271887474,89475,108,198,10222,
165.75234297299838,89474,109,198,10222,
165.7615973414813,89474,109,197,10223,
165.77353810925442,89474,109,196,10224,
165.78779307610236,89473,110,196,10224,
165.83140819189137,89473,109,197,10224,
165.87024474353134,89473,108,198,10224,
165.8777913377728,89473,107,199,10224,
165.89480589039385,89473,106,200,10224,
165.90207152895323,89473,106,199,10225,
165.9247199853612,89473,105,200,10225,
165.94043425331765,89473,105,199,10226,
165.9537773224213,89473,105,198,10227,
165.96786277995028,89472,106,198,10227,
165.97124902017325,89472,106,197,10228,
165.97904523792465,89472,105,198,10228,
165.9803493991252,89472,105,197,10229,
166.00859813392037,89472,105,196,10230,
166.06538658441497,89472,104,197,10230,
166.07646560481126,89471,105,197,10230,
166.08014470772886,89471,104,198,10230,
166.13231221253665,89470,105,198,10230,
166.1345047269736,89470,104,199,10230,
166.15284266426755,89469,105,199,10230,
166.17808177468675,89469,105,198,10231,
166.1954615439089,89469,105,197,10232,
166.20201898060893,89469,105,196,10233,
166.2130298483599,89469,104,197,10233,
166.2162460493285,89468,105,197,10233,
166.22000239220463,89467,106,197,10233,
166.24272492057835,89467,106,196,10234,
166.28855078436996,89466,107,196,10234,
166.30119376870329,89466,107,195,10235,
166.36390891834878,89465,108,195,10235,
166.38806839049306,89464,109,195,10235,
166.4304963020304,89464,109,194,10236,
166.46042855354148,89463,110,194,10236,
166.46098733878716,89463,109,195,10236,
166.4926859778704,89463,109,194,10237,
166.5221640087432,89462,110,194,10237,
166.56171214195433,89462,109,195,10237,
166.56418390401245,89462,108,196,10237,
166.57669706274092,89462,107,197,10237,
166.5943201957375,89461,108,197,10237,
166.63840286376276,89461,107,198,10237,
166.66959026752542,89461,107,197,10238,
166.67586863084398,89461,107,196,10239,
166.682536672107,89460,108,196,10239,
166.68998163788865,89459,109,196,10239,
166.69249945972254,89459,109,195,10240,
166.699525310088,89459,108,196,10240,
166.70657278730732,89459,107,197,10240,
166.73125714490214,89458,108,197,10240,
166.74011810731284,89458,108,196,10241,
166.74804510806317,89458,108,195,10242,
166.79134927066193,89458,108,194,10243,
166.79482063112067,89458,108,193,10244,
166.84302279386156,89458,107,194,10244,
166.8458353598321,89458,107,193,10245,
166.86671030154912,89458,106,194,10245,
166.88788105856196,89458,105,195,10245,
166.89845625389583,89457,106,195,10245,
166.92332677909826,89456,107,195,10245,
166.9359319370465,89456,107,194,10246,
166.95529391170558,89455,108,194,10246,
166.97487783708402,89455,107,195,10246,
166.976612743545,89455,106,196,10246,
166.9871667673238,89455,105,197,10246,
166.99091165478427,89455,105,196,10247,
166.99365983742143,89455,105,195,10248,
166.99597199798364,89455,105,194,10249,
166.99893794622287,89455,104,195,10249,
167.00750770108215,89455,104,194,10250,
167.01354040032217,89455,104,193,10251,
167.02435165897847,89455,104,192,10252,
167.02808853255164,89455,104,191,10253,
167.02820526384414,89455,104,190,10254,
167.05055554984966,89454,105,190,10254,
167.0564221464603,89454,105,189,10255,
167.08302059836183,89453,106,189,10255,
167.0949139132361,89453,106,188,10256,
167.09554724907187,89452,107,188,10256,
167.11779898286608,89452,106,189,10256,
167.12944777057749,89452,106,188,10257,
167.13159728396312,89452,105,189,10257,
167.14266246666526,89452,105,188,10258,
167.1515307263113,89452,104,189,10258,
167.15247764806938,89452,103,190,10258,
167.15861982495935,89452,102,191,10258,
167.18569257479584,89452,101,192,10258,
167.19985905554347,89452,100,193,10258,
167.22853313718304,89451,101,193,10258,
167.2432767101627,89451,100,194,10258,
167.2535397626878,89451,100,193,10259,
167.25582560754026,89451,100,192,10260,
167.2574256946776,89451,100,191,10261,
167.2699989330448,89451,99,192,10261,
167.2734002863048,89451,98,193,10261,
167.27755736796303,89450,99,193,10261,
167.3506301280707,89449,100,193,10261,
167.36737639817295,89448,101,193,10261,
167.38775085172796,89447,102,193,10261,
167.41092027908434,89446,103,193,10261,
167.41320120959085,89445,104,193,10261,
167.41820812463055,89445,103,194,10261,
167.44032206152212,89445,102,195,10261,
167.4443537942954,89445,102,194,10262,
167.4588106828506,89445,101,195,10262,
167.50476209598767,89444,102,195,10262,
167.50918747839668,89444,102,194,10263,
167.53137053652142,89444,102,193,10264,
167.54012724021865,89444,101,194,10264,
167.54166968602738,89444,100,195,10264,
167.57090226281377,89443,101,195,10264,
167.577940300424,89443,100,196,10264,
167.59076648705485,89443,100,195,10265,
167.60637056741342,89443,100,194,10266,
167.62601071332665,89443,100,193,10267,
167.65572447446135,89443,100,192,10268,
167.6575475619255,89443,100,191,10269,
167.6806794142606,89443,100,190,10270,
167.68775627853188,89443,99,191,10270,
167.6966243660278,89442,100,191,10270,
167.7029233609952,89441,101,191,10270,
167.72819000111946,89441,101,190,10271,
167.7292794823416,89441,101,189,10272,
167.74585538996078,89441,100,190,10272,
167.76066524912446,89441,99,191,10272,
167.76509657968185,89440,100,191,10272,
167.77140430435566,89440,99,192,10272,
167.79939706986536,89440,99,191,10273,
167.82730694778547,89440,99,190,10274,
167.83661755958806,89440,99,189,10275,
167.84686610134406,89440,99,188,10276,
167.9282478962288,89440,99,187,10277,
168.01352449670532,89439,100,187,10277,
168.0138058638602,89439,99,188,10277,
168.04877337050937,89439,99,187,10278,
168.06769160576067,89438,100,187,10278,
168.06840978367012,89438,100,186,10279,
168.0731613775712,89438,100,185,10280,
168.07364574496935,89438,99,186,10280,
168.08426832507425,89437,100,186,10280,
168.08650399230044,89436,101,186,10280,
168.11268458668755,89435,102,186,10280,
168.11375048488821,89435,102,185,10281,
168.12500536874242,89435,102,184,10282,
168.12529706738954,89435,101,185,10282,
168.14223311993095,89435,100,186,10282,
168.1473352194148,89435,99,187,10282,
168.18253408279304,89435,99,186,10283,
168.24117048503368,89435,99,185,10284,
168.24824617502426,89435,99,184,10285,
168.25132598551556,89434,100,184,10285,
168.26155969636565,89434,99,185,10285,
168.26809753114696,89434,99,184,10286,
168.26839202867342,89433,100,184,10286,
168.27915877714656,89433,99,185,10286,
168.28892954880257,89433,99,184,10287,
168.29973687960714,89432,100,184,10287,
168.30256732408662,89432,100,183,10288,
168.31103992086122,89432,100,182,10289,
168.3115950715601,89431,101,182,10289,
168.31187053718247,89431,101,181,10290,
168.3410378569572,89431,101,180,10291,
168.34976809124916,89431,101,179,10292,
168.35495496059102,89430,102,179,10292,
168.35737534774813,89430,101,180,10292,
168.35808495610755,89430,101,179,10293,
168.37439010357744,89429,102,179,10293,
168.381122520401,89429,102,178,10294,
168.38361410958387,89429,102,177,10295,
168.38477232685077,89428,103,177,10295,
168.40075816584996,89428,103,176,10296,
168.40102410933258,89427,104,176,10296,
168.43699832110372,89427,103,177,10296,
168.44541518094883,89427,102,178,10296,
168.52695320914415,89427,102,177,10297,
168.52865261520785,89426,103,177,10297,
168.55039521849187,89426,103,176,10298,
168.56579866231664,89426,102,177,10298,
168.59811446624315,89426,102,176,10299,
168.61877491360974,89426,101,177,10299,
168.63452739430238,89426,101,176,10300,
168.6654746431486,89425,102,176,10300,
168.67640735927458,89424,103,176,10300,
168.682098042639,89423,104,176,10300,
168.68844478984698,89423,103,177,10300,
168.69158210699948,89423,103,176,10301,
168.69897031247248,89423,102,177,10301,
168.72115483092477,89423,101,178,10301,
168.73217845584782,89423,101,177,10302,
168.74017717842037,89423,100,178,10302,
168.77234922160002,89423,99,179,10302,
168.77326664528564,89423,99,178,10303,
168.777578792633,89423,99,177,10304,
168.8284861156897,89423,98,178,10304,
168.84690245763917,89423,98,177,10305,
168.84754224067416,89423,98,176,10306,
168.8588205173671,89423,97,177,10306,
168.86060479015407,89422,98,177,10306,
168.8789725893787,89422,98,176,10307,
168.90679985460213,89421,99,176,10307,
168.91467777562104,89421,99,175,10308,
168.91846337641888,89421,98,176,10308,
168.92419343841146,89421,97,177,10308,
168.93488972281435,89421,96,178,10308,
168.93990138370333,89421,96,177,10309,
168.95824119091506,89421,96,176,10310,
168.96794164375336,89421,95,177,10310,
168.9919156881981,89421,94,178,10310,
169.01719096933732,89421,93,179,10310,
169.0245134033553,89420,94,179,10310,
169.0345765382226,89419,95,179,10310,
169.04633301074955,89419,95,178,10311,
169.0766686851913,89419,95,177,10312,
169.08571567275732,89419,94,178,10312,
169.08925122389792,89419,94,177,10313,
169.09273658933705,89419,93,178,10313,
169.10349927967138,89418,94,178,10313,
169.10709888400388,89417,95,178,10313,
169.11370810251728,89416,96,178,10313,
169.11969859437875,89416,96,177,10314,
169.1365940928129,89416,96,176,10315,
169.14819838376692,89416,95,177,10315,
169.16754219748415,89415,96,177,10315,
169.173860347272,89415,96,176,10316,
169.17719106276652,89414,97,176,10316,
169.2115576628123,89414,97,175,10317,
169.2203414792378,89414,97,174,10318,
169.2384444606526,89413,98,174,10318,
169.254818441808,89413,97,175,10318,
169.25643873264806,89413,96,176,10318,
169.28877164703158,89413,96,175,10319,
169.311485593349,89413,96,174,10320,
169.31467959049547,89413,95,175,10320,
169.31964369968836,89413,94,176,10320,
169.32599730672712,89412,95,176,10320,
169.32814073941827,89411,96,176,10320,
169.3322039321862,89410,97,176,10320,
169.33918620870753,89410,96,177,10320,
169.35020660425852,89410,96,176,10321,
169.35864581298281,89410,96,175,10322,
169.41758696127903,89409,97,175,10322,
169.418760330464,89409,96,176,10322,
169.42903064881173,89409,95,177,10322,
169.43604715876376,89409,95,176,10323,
169.45131158464312,89409,95,175,10324,
169.46422711104,89409,94,176,10324,
169.47165773806688,89409,93,177,10324,
169.52340174291425,89409,93,176,10325,
169.52960665489252,89408,94,176,10325,
169.54138746330688,89408,93,177,10325,
169.59212366678935,89408,93,176,10326,
169.6043365554463,89408,92,177,10326,
169.6286312258532,89408,91,178,10326,
169.68279613943446,89408,90,179,10326,
169.68368578539838,89408,89,180,10326,
169.7161913889105,89407,90,180,10326,
169.7214900627999,89407,90,179,10327,
169.79984365626484,89407,90,178,10328,
169.8121792992336,89407,90,177,10329,
169.8772096442987,89407,90,176,10330,
169.894395304474,89407,89,177,10330,
169.89450406609333,89407,88,178,10330,
169.90685920583758,89406,89,178,10330,
169.9146409873906,89406,89,177,10331,
169.95589230669077,89406,89,176,10332,
169.9687500276249,89405,90,176,10332,
169.97617264310205,89405,89,177,10332,
169.97687789472334,89405,89,176,10333,
169.99879918099754,89405,88,177,10333,
170.0103664758384,89405,87,178,10333,
170.05198801823863,89405,87,177,10334,
170.05473271869593,89405,86,178,10334,
170.054776224279,89405,85,179,10334,
170.06403402779455,89404,86,179,10334,
170.07401731561689,89403,87,179,10334,
170.07807776018865,89403,87,178,10335,
170.1024178663312,89403,86,179,10335,
170.11744641186215,89403,86,178,10336,
170.13986269982388,89403,85,179,10336,
170.1444734291816,89403,85,178,10337,
170.15839142979593,89402,86,178,10337,
170.17654596411626,89401,87,178,10337,
170.19390901364304,89401,86,179,10337,
170.20029649085734,89401,86,178,10338,
170.2032246668766,89400,87,178,10338,
170.2336765777344,89399,88,178,10338,
170.24239543143753,89399,87,179,10338,
170.25105668172571,89399,87,178,10339,
170.25137314424381,89398,88,178,10339,
170.26743968751026,89398,87,179,10339,
170.27092028419491,89398,86,180,10339,
170.2762901388098,89398,85,181,10339,
170.28330782679626,89397,86,181,10339,
170.30673711482456,89397,86,180,10340,
170.30731930899844,89397,86,179,10341,
170.3197219078815,89397,85,180,10341,
170.3226753217843,89397,85,179,10342,
170.32695293244927,89396,86,179,10342,
170.33820013181986,89396,85,180,10342,
170.37223208882955,89395,86,180,10342,
170.3828456107226,89395,86,179,10343,
170.39994357424746,89395,86,178,10344,
170.41543495448622,89394,87,178,10344,
170.4190814229061,89393,88,178,10344,
170.4244971318679,89393,87,179,10344,
170.43604804733644,89393,87,178,10345,
170.46836039051203,89393,87,177,10346,
170.47598320164778,89392,88,177,10346,
170.4903522064585,89392,87,178,10346,
170.49521843525216,89391,88,178,10346,
170.49926395580786,89391,88,177,10347,
170.50872465493137,89390,89,177,10347,
170.60687773994675,89389,90,177,10347,
170.62604945279713,89389,89,178,10347,
170.6288649211698,89388,90,178,10347,
170.65053847778844,89387,91,178,10347,
170.6516278109861,89387,91,177,10348,
170.65950376435302,89386,92,177,10348,
170.66863019383072,89385,93,177,10348,
170.6864720992086,89385,93,176,10349,
170.76892487680936,89384,94,176,10349,
170.79621337474862,89384,93,177,10349,
170.79989838768415,89384,92,178,10349,
170.83812626531528,89383,93,178,10349,
170.84611914279577,89382,94,178,10349,
170.85618160096396,89381,95,178,10349,
170.86417230300313,89381,95,177,10350,
170.87257120783872,89381,95,176,10351,
170.87652877788793,89381,95,175,10352,
170.88271153965377,89381,94,176,10352,
170.9113745215051,89380,95,176,10352,
170.9150497815175,89380,95,175,10353,
170.95365520875217,89380,94,176,10353,
170.96467831227426,89380,93,177,10353,
170.97192774251414,89380,93,176,10354,
170.97242990245005,89380,92,177,10354,
170.99316714744924,89380,91,178,10354,
171.0102012736002,89380,90,179,10354,
171.04250633196312,89379,91,179,10354,
171.06110019375507,89379,90,180,10354,
171.0913134911086,89379,90,179,10355,
171.0924545338705,89379,89,180,10355,
171.0979327449017,89379,88,181,10355,
171.13725692645994,89378,89,181,10355,
171.16321436910903,89378,88,182,10355,
171.18794209993416,89378,88,181,10356,
171.18856644481582,89378,88,180,10357,
171.191745284781,89378,88,179,10358,
171.19178918008774,89377,89,179,10358,
171.20245560605196,89377,89,178,10359,
171.20718284464482,89377,89,177,10360,
171.23063409590614,89376,90,177,10360,
171.2600092347979,89376,89,178,10360,
171.30235307955667,89376,89,177,10361,
171.30349462843697,89375,90,177,10361,
171.34962998373484,89375,90,176,10362,
171.37772180944202,89374,91,176,10362,
171.39475036887103,89374,90,177,10362,
171.40980291197317,89374,89,178,10362,
171.4330636933738,89373,90,178,10362,
171.44318606199306,89372,91,178,10362,
171.46267413164145,89372,90,179,10362,
171.48338641650412,89371,91,179,10362,
171.53830442650082,89371,91,178,10363,
171.548637743169,89370,92,178,10363,
171.58126165106887,89370,92,177,10364,
171.58824214466682,89369,93,177,10364,
171.6047027339946,89369,92,178,10364,
171.6107348168909,89369,91,179,10364,
171.62564239713805,89369,90,180,10364,
171.6610487542143,89369,90,179,10365,
171.68247890544717,89369,90,178,10366,
171.69086706421461,89369,89,179,10366,
171.69784963599437,89368,90,179,10366,
171.71406191435497,89368,89,180,10366,
171.78320394555806,89368,88,181,10366,
171.79813833438712,89367,89,181,10366,
171.80188186045214,89367,89,180,10367,
171.8292161909117,89367,88,181,10367,
171.83549575711808,89366,89,181,10367,
171.89126314508306,89366,89,180,10368,
171.89301462783433,89365,90,180,10368,
171.94794302623416,89365,90,179,10369,
171.9493571873554,89365,90,178,10370,
171.95463362219726,89365,89,179,10370,
171.9584505657916,89364,90,179,10370,
171.96222387550193,89364,89,180,10370,
171.9685444415151,89364,88,181,10370,
172.00025922912926,89363,89,181,10370,
172.00558889244556,89363,88,182,10370,
172.03869624635809,89362,89,182,10370,
172.04315174505567,89362,88,183,10370,
172.06976229384165,89361,89,183,10370,
172.0708499489728,89361,89,182,10371,
172.08619158573725,89360,90,182,10371,
172.08760128595384,89359,91,182,10371,
172.0982378523458,89359,91,181,10372,
172.1008277812857,89359,90,182,10372,
172.1107498089676,89359,89,183,10372,
172.122892989932,89358,90,183,10372,
172.12389324615336,89358,90,182,10373,
172.13716402313088,89357,91,182,10373,
172.160242098204,89356,92,182,10373,
172.19028833798126,89356,91,183,10373,
172.21197296404742,89356,91,182,10374,
172.2221589996277,89355,92,182,10374,
172.2225944941964,89354,93,182,10374,
172.2641498898483,89353,94,182,10374,
172.31091919615903,89352,95,182,10374,
172.3547036417823,89352,94,183,10374,
172.36382567033965,89352,94,182,10375,
172.36716508782226,89352,94,181,10376,
172.38581027204788,89352,93,182,10376,
172.3872674553159,89351,94,182,10376,
172.40968230060238,89350,95,182,10376,
172.42192287626244,89349,96,182,10376,
172.42414698543803,89349,96,181,10377,
172.438988302968,89349,96,180,10378,
172.4595159998085,89349,95,181,10378,
172.47672360860386,89349,95,180,10379,
172.4942583901725,89349,95,179,10380,
172.50912024595934,89348,96,179,10380,
172.51006232761338,89348,96,178,10381,
172.5142884247867,89347,97,178,10381,
172.5146568799641,89346,98,178,10381,
172.51890552936828,89345,99,178,10381,
172.53304660959117,89345,98,179,10381,
172.54991087480212,89345,97,180,10381,
172.5571404232864,89345,97,179,10382,
172.56328106932105,89345,97,178,10383,
172.56454420637357,89345,96,179,10383,
172.56795569673943,89345,96,178,10384,
172.58238699534857,89344,97,178,10384,
172.59477781536984,89343,98,178,10384,
172.61137054998926,89342,99,178,10384,
172.61468876211276,89342,98,179,10384,
172.61527989160152,89342,98,178,10385,
172.61838061994368,89342,98,177,10386,
172.62523256096492,89342,97,178,10386,
172.6645194784579,89341,98,178,10386,
172.6685545818259,89341,98,177,10387,
172.6891444071778,89341,98,176,10388,
172.73080735997843,89341,98,175,10389,
172.7414788480115,89340,99,175,10389,
172.74169891767994,89339,100,175,10389,
172.7461390120946,89338,101,175,10389,
172.76267120067607,89338,100,176,10389,
172.77375482441607,89337,101,176,10389,
172.784386555173,89337,100,177,10389,
172.7862492828943,89337,99,178,10389,
172.80857634293065,89337,98,179,10389,
172.82812346232316,89337,97,180,10389,
172.85753404772612,89336,98,180,10389,
172.8933108841558,89335,99,180,10389,
172.92229448402395,89334,100,180,10389,
172.97899892931818,89334,99,181,10389,
172.98009575737484,89334,99,180,10390,
173.002002735476,89334,99,179,10391,
173.05481749144963,89333,100,179,10391,
173.0658557251534,89333,99,180,10391,
173.06798888471502,89333,99,179,10392,
173.11503366160994,89333,99,178,10393,
173.12917289739752,89332,100,178,10393,
173.14057897568298,89331,101,178,10393,
173.14821871431965,89331,101,177,10394,
173.1567895017598,89331,101,176,10395,
173.17307897570686,89330,102,176,10395,
173.20292921367778,89330,101,177,10395,
173.2203033663458,89329,102,177,10395,
173.23171918250335,89328,103,177,10395,
173.23717751858192,89328,103,176,10396,
173.23720631655107,89327,104,176,10396,
173.26249134349615,89326,105,176,10396,
173.32134504126196,89326,104,177,10396,
173.33827896579962,89326,104,176,10397,
173.34997566651265,89325,105,176,10397,
173.3531280943643,89325,105,175,10398,
173.35984814544148,89325,105,174,10399,
173.37030378680674,89325,104,175,10399,
173.37243843517342,89325,103,176,10399,
173.381400531222,89325,102,177,10399,
173.4079438634138,89324,103,177,10399,
173.42420357311494,89323,104,177,10399,
173.42753849010586,89323,104,176,10400,
173.43474937579057,89323,104,175,10401,
173.436932080913,89323,103,176,10401,
173.4374909124031,89322,104,176,10401,
173.45166760685586,89322,103,177,10401,
173.48573412777526,89322,103,176,10402,
173.50223197976413,89322,103,175,10403,
173.50517274390813,89322,102,176,10403,
173.50759043647565,89321,103,176,10403,
173.5077623465983,89321,103,175,10404,
173.54538064202274,89320,104,175,10404,
173.548015937097,89320,103,176,10404,
173.55088116497046,89320,103,175,10405,
173.5520909689394,89320,103,174,10406,
173.5626047007574,89320,103,173,10407,
173.58226794070163,89320,103,172,10408,
173.62787538742765,89319,104,172,10408,
173.63216748257744,89319,103,173,10408,
173.6324432277882,89318,104,173,10408,
173.63525415861034,89318,104,172,10409,
173.6572218195808,89317,105,172,10409,
173.65780187326334,89317,104,173,10409,
173.70964909199373,89317,103,174,10409,
173.75023324788503,89316,104,174,10409,
173.78133773477208,89316,103,175,10409,
173.78218564668472,89316,102,176,10409,
173.79368851267944,89316,102,175,10410,
173.7981517245412,89315,103,175,10410,
173.80041287428162,89314,104,175,10410,
173.80378674725583,89314,103,176,10410,
173.80399014747815,89314,102,177,10410,
173.812349870543,89313,103,177,10410,
173.83232775917747,89313,102,178,10410,
173.84675659466754,89312,103,178,10410,
173.8468145172043,89312,102,179,10410,
173.8483116688252,89312,101,180,10410,
173.8690355785166,89312,101,179,10411,
173.8941504425633,89312,101,178,10412,
173.9057374065238,89312,101,177,10413,
173.93355268943887,89312,100,178,10413,
173.93904969436906,89311,101,178,10413,
174.0201182791014,89311,101,177,10414,
174.04651957928752,89310,102,177,10414,
174.05387084066587,89310,102,176,10415,
174.06025447644421,89310,101,177,10415,
174.0740339428355,89309,102,177,10415,
174.08548049905858,89308,103,177,10415,
174.0927275094594,89307,104,177,10415,
174.0935017302255,89307,104,176,10416,
174.0967201335057,89307,104,175,10417,
174.13965748367792,89307,103,176,10417,
174.16274251930014,89307,103,175,10418,
174.18166112762663,89307,102,176,10418,
174.2086244020978,89307,101,177,10418,
174.228973655807,89306,102,177,10418,
174.25130641770613,89306,102,176,10419,
174.29290387296797,89306,102,175,10420,
174.2994590565665,89305,103,175,10420,
174.30474764586265,89305,102,176,10420,
174.33870626638628,89304,103,176,10420,
174.36543844910676,89304,102,177,10420,
174.37979539880365,89304,102,176,10421,
174.3829571373878,89304,102,175,10422,
174.40224441350938,89304,102,174,10423,
174.45884167521947,89304,101,175,10423,
174.4674654740201,89303,102,175,10423,
174.47720820566872,89303,102,174,10424,
174.4806770729234,89302,103,174,10424,
174.48743291649737,89301,104,174,10424,
174.50373832406822,89301,104,173,10425,
174.57616618661592,89301,104,172,10426,
174.57628842924834,89300,105,172,10426,
174.60636015789675,89299,106,172,10426,
174.6107812629866,89299,106,171,10427,
174.61579042242238,89299,105,172,10427,
174.61626283431474,89299,105,171,10428,
174.62770577305065,89299,104,172,10428,
174.63472940048325,89298,105,172,10428,
174.6380995991421,89298,105,171,10429,
174.64918529960093,89298,105,170,10430,
174.65189641031566,89297,106,170,10430,
174.69192960822812,89297,105,171,10430,
174.70813177046307,89296,106,171,10430,
174.7194706745845,89295,107,171,10430,
174.72649697052546,89295,107,170,10431,
174.7788393508804,89295,107,169,10432,
174.81058316419353,89295,107,168,10433,
174.82965369363967,89294,108,168,10433,
174.85214540731636,89293,109,168,10433,
174.85277714707382,89292,110,168,10433,
174.8600328745144,89292,110,167,10434,
174.86432324071572,89292,110,166,10435,
174.86835269332258,89291,111,166,10435,
174.87257986267338,89290,112,166,10435,
174.8757670074302,89290,111,167,10435,
174.8789442503593,89290,111,166,10436,
174.89743567650316,89289,112,166,10436,
174.90298083291975,89289,112,165,10437,
174.92066108468572,89289,112,164,10438,
174.95811099276608,89288,113,164,10438,
174.99969320726035,89288,113,163,10439,
175.02517403188196,89288,113,162,10440,
175.08690988467123,89288,112,163,10440,
175.1071932159494,89287,113,163,10440,
175.11396616134093,89287,113,162,10441,
175.11503603146693,89287,112,163,10441,
175.14387797611704,89287,111,164,10441,
175.1621718518135,89287,111,163,10442,
175.16853716008424,89287,110,164,10442,
175.17574479585164,89287,109,165,10442,
175.18945720630762,89287,109,164,10443,
175.2104126940792,89287,108,165,10443,
175.211093787805,89287,108,164,10444,
175.2241638150242,89287,107,165,10444,
175.23284096102833,89287,107,164,10445,
175.23917992718052,89287,106,165,10445,
175.2904255575249,89287,105,166,10445,
175.29997337307157,89287,104,167,10445,
175.3247117126912,89287,103,168,10445,
175.3484828279378,89287,103,167,10446,
175.3582557759005,89287,103,166,10447,
175.36760906962206,89287,103,165,10448,
175.39858218614984,89287,103,164,10449,
175.40790855961527,89287,102,165,10449,
175.42795399412066,89287,101,166,10449,
175.44950694190112,89287,101,165,10450,
175.45442599981394,89287,101,164,10451,
175.46172782619848,89287,101,163,10452,
175.5002697977713,89287,100,164,10452,
175.51718425602297,89287,100,163,10453,
175.54948864879645,89286,101,163,10453,
175.57784857082254,89286,100,164,10453,
175.59906837595176,89286,100,163,10454,
175.6125349406515,89286,99,164,10454,
175.6316589944516,89286,98,165,10454,
175.6347260754153,89286,98,164,10455,
175.646403452298,89286,98,163,10456,
175.64922462949306,89285,99,163,10456,
175.6519929107839,89285,99,162,10457,
175.6670581838951,89285,99,161,10458,
175.68656343254722,89285,99,160,10459,
175.7286415386586,89285,98,161,10459,
175.76649846590408,89285,98,160,10460,
175.76741441545994,89285,97,161,10460,
175.77066887037284,89285,96,162,10460,
175.77903862601843,89284,97,162,10460,
175.78662351598797,89283,98,162,10460,
175.79915214695868,89283,98,161,10461,
175.86174889634225,89283,98,160,10462,
175.8865266050372,89282,99,160,10462,
175.88860358999534,89281,100,160,10462,
175.89222709718456,89281,99,161,10462,
175.89992298212906,89281,98,162,10462,
175.9091657076506,89281,98,161,10463,
175.91410901944323,89281,98,160,10464,
175.9527984379257,89280,99,160,10464,
175.9550575885793,89280,98,161,10464,
175.98659582736704,89280,98,160,10465,
176.00743605574712,89279,99,160,10465,
176.0104652018412,89279,98,161,10465,
176.01547510201107,89278,99,161,10465,
176.05618558313017,89278,99,160,10466,
176.06567803449383,89278,99,159,10467,
176.0759028819408,89277,100,159,10467,
176.08501521196297,89277,100,158,10468,
176.1018712625287,89277,100,157,10469,
176.1043788050893,89277,99,158,10469,
176.10930136084158,89277,99,157,10470,
176.1097002562928,89277,99,156,10471,
176.1347405734058,89277,98,157,10471,
176.1605832949652,89277,98,156,10472,
176.1913919390241,89277,97,157,10472,
176.20215953940794,89276,98,157,10472,
176.20423977851374,89275,99,157,10472,
176.23628049729228,89275,99,156,10473,
176.24139990886235,89275,99,155,10474,
176.2473571132308,89275,98,156,10474,
176.26467340920004,89274,99,156,10474,
176.27781733478335,89274,98,157,10474,
176.30583594755856,89274,97,158,10474,
176.35477369901406,89274,96,159,10474,
176.35577978694607,89274,95,160,10474,
176.39169346073527,89274,95,159,10475,
176.4008934445437,89274,95,158,10476,
176.43006697724542,89274,94,159,10476,
176.48294447058078,89273,95,159,10476,
176.50302465493064,89272,96,159,10476,
176.50587236386966,89271,97,159,10476,
176.5097497248949,89271,97,158,10477,
176.5427225445188,89271,97,157,10478,
176.5500376496799,89271,97,156,10479,
176.57439746699572,89271,96,157,10479,
176.57755131100402,89270,97,157,10479,
176.61432370565768,89270,97,156,10480,
176.65002340259906,89270,96,157,10480,
176.7033535155617,89269,97,157,10480,
176.71744865063087,89268,98,157,10480,
176.73797342395213,89267,99,157,10480,
176.74314284821935,89267,98,158,10480,
176.78076801298675,89267,98,157,10481,
176.80179954746615,89267,98,156,10482,
176.81191661596938,89267,98,155,10483,
176.8128344143412,89266,99,155,10483,
176.83030121418946,89266,98,156,10483,
176.83784428590866,89266,97,157,10483,
176.8614979029022,89266,96,158,10483,
176.87279904725997,89266,95,159,10483,
176.87945791816423,89266,94,160,10483,
176.88562869918917,89266,93,161,10483,
176.90004035654414,89266,93,160,10484,
176.91125354644157,89265,94,160,10484,
176.91507165112122,89264,95,160,10484,
176.9190117257886,89263,96,160,10484,
176.9410097268634,89262,97,160,10484,
176.9470159039834,89262,96,161,10484,
176.9836064703451,89262,95,162,10484,
176.98938086191293,89261,96,162,10484,
177.0274044652514,89261,95,163,10484,
177.02885567831834,89260,96,163,10484,
177.07271907993356,89260,96,162,10485,
177.0818633935061,89260,95,163,10485,
177.08477213166748,89260,94,164,10485,
177.1255763007162,89259,95,164,10485,
177.12848793971324,89258,96,164,10485,
177.14243848358146,89258,95,165,10485,
177.15167797964335,89258,95,164,10486,
177.16111007249145,89258,94,165,10486,
177.1653725353898,89258,94,164,10487,
177.17254647920961,89257,95,164,10487,
177.1917851183894,89256,96,164,10487,
177.1972731559722,89256,96,163,10488,
177.212243632453,89255,97,163,10488,
177.21736770897363,89254,98,163,10488,
177.255818255061,89253,99,163,10488,
177.25599057496058,89253,99,162,10489,
177.2748036545404,89253,98,163,10489,
177.2818481065614,89252,99,163,10489,
177.31931812080657,89251,100,163,10489,
177.3228662822366,89251,100,162,10490,
177.3274267488955,89250,101,162,10490,
177.33350401382248,89250,101,161,10491,
177.34144975987064,89250,100,162,10491,
177.35655446703,89250,99,163,10491,
177.36233676286855,89250,98,164,10491,
177.36978995787538,89250,98,163,10492,
177.38394085661497,89250,97,164,10492,
177.38478205878008,89249,98,164,10492,
177.38712949808092,89248,99,164,10492,
177.3960607391614,89248,99,163,10493,
177.39820206850146,89248,98,164,10493,
177.40244476495678,89247,99,164,10493,
177.40518927802827,89246,100,164,10493,
177.40715981353762,89246,99,165,10493,
177.42935420870253,89245,100,165,10493,
177.4384937505378,89245,100,164,10494,
177.52364639147297,89245,99,165,10494,
177.53647469046007,89245,99,164,10495,
177.54506883559378,89245,98,165,10495,
177.57904335320234,89245,98,164,10496,
177.58242234426118,89245,97,165,10496,
177.59234285340744,89245,97,164,10497,
177.6103151860117,89244,98,164,10497,
177.61163304439202,89244,98,163,10498,
177.62240879038342,89244,98,162,10499,
177.65300404662042,89243,99,162,10499,
177.68260628614306,89243,99,161,10500,
177.68993919446726,89243,99,160,10501,
177.70190124212695,89243,99,159,10502,
177.75936052284055,89243,99,158,10503,
177.76453254657403,89243,99,157,10504,
177.78013470907496,89243,98,158,10504,
177.82171948538365,89243,98,157,10505,
177.8588695544479,89243,98,156,10506,
177.86062499268223,89243,97,157,10506,
177.8621505350688,89243,96,158,10506,
177.86694230683906,89243,95,159,10506,
177.89123098459527,89243,95,158,10507,
177.91532823164277,89243,94,159,10507,
177.92328392404363,89242,95,159,10507,
177.92840585267686,89241,96,159,10507,
177.9342713871233,89240,97,159,10507,
177.94400717415502,89239,98,159,10507,
178.00178735662254,89239,98,158,10508,
178.01216846832853,89238,99,158,10508,
178.0146893161362,89237,100,158,10508,
178.0282392282557,89236,101,158,10508,
178.0457805136268,89235,102,158,10508,
178.05898157934269,89235,102,157,10509,
178.0618307334405,89235,101,158,10509,
178.06573493154895,89235,101,157,10510,
178.06784104672204,89235,101,156,10511,
178.09926301159675,89234,102,156,10511,
178.12310223254624,89233,103,156,10511,
178.18195485616417,89233,102,157,10511,
178.18278106835947,89233,102,156,10512,
178.22131323772817,89233,101,157,10512,
178.22998089915302,89233,100,158,10512,
178.23044070707374,89233,100,157,10513,
178.23920302449906,89233,99,158,10513,
178.2466617577531,89233,98,159,10513,
178.30840009927712,89233,97,160,10513,
178.3319266261028,89232,98,160,10513,
178.33778583541567,89232,98,159,10514,
178.3402727038957,89232,98,158,10515,
178.34323201031214,89232,98,157,10516,
178.3536313169705,89232,97,158,10516,
178.391266554311,89231,98,158,10516,
178.39508265146833,89231,97,159,10516,
178.44547832036477,89231,96,160,10516,
178.44922818742273,89230,97,160,10516,
178.45829875523026,89230,97,159,10517,
178.46526008180703,89230,97,158,10518,
178.52830627118925,89230,96,159,10518,
178.53024989625425,89229,97,159,10518,
178.53572654950779,89229,97,158,10519,
178.53937032891133,89229,96,159,10519,
178.5487304820933,89229,96,158,10520,
178.5551099163298,89229,95,159,10520,
178.56267939773056,89229,95,158,10521,
178.58894633579075,89229,95,157,10522,
178.5918324665822,89229,95,156,10523,
178.62764158181076,89229,95,155,10524,
178.63808345135973,89229,94,156,10524,
178.64448735444188,89228,95,156,10524,
178.66892133512283,89228,95,155,10525,
178.671962252246,89227,96,155,10525,
178.67955539147403,89227,95,156,10525,
178.69933813557938,89226,96,156,10525,
178.70499118330952,89225,97,156,10525,
178.7330686853647,89225,96,157,10525,
178.74216437296803,89224,97,157,10525,
178.74447601282094,89223,98,157,10525,
178.76270446634675,89222,99,157,10525,
178.78400128428999,89222,99,156,10526,
178.82157130868603,89222,98,157,10526,
178.82478921790778,89222,98,156,10527,
178.82479277692767,89221,99,156,10527,
178.8430421204045,89220,100,156,10527,
178.86670435746458,89220,100,155,10528,
178.88795623274433,89220,99,156,10528,
178.95101933202545,89220,98,157,10528,
178.96618897077076,89220,97,158,10528,
178.96631117424127,89219,98,158,10528,
178.98367255080723,89219,97,159,10528,
178.99267874721053,89219,97,158,10529,
179.00446990304437,89219,96,159,10529,
179.00571357104823,89219,95,160,10529,
179.0147461658723,89219,95,159,10530,
179.0167953968972,89219,95,158,10531,
179.03239591631856,89219,95,157,10532,
179.04880962289894,89219,94,158,10532,
179.05444881349288,89219,93,159,10532,
179.06879925544962,89219,93,158,10533,
179.07474759601877,89219,93,157,10534,
179.08232329559036,89219,92,158,10534,
179.08486703879962,89219,91,159,10534,
179.09673161325736,89218,92,159,10534,
179.10619988473562,89218,91,160,10534,
179.16054923991572,89218,91,159,10535,
179.19160244573627,89217,92,159,10535,
179.19545130020106,89217,91,160,10535,
179.20169040370993,89217,91,159,10536,
179.21917430163955,89217,91,158,10537,
179.2333675809938,89216,92,158,10537,
179.23818204312852,89216,92,157,10538,
179.31008031959357,89216,92,156,10539,
179.32146106915326,89215,93,156,10539,
179.3316812698897,89215,92,157,10539,
179.34172318788416,89215,91,158,10539,
179.35551713260583,89215,91,157,10540,
179.36394995091308,89215,90,158,10540,
179.36638085059903,89215,90,157,10541,
179.38046792843838,89214,91,157,10541,
179.3901677308327,89214,90,158,10541,
179.4012869924251,89213,91,158,10541,
179.41896187344216,89212,92,158,10541,
179.42567429272452,89211,93,158,10541,
179.44369531813112,89210,94,158,10541,
179.4447211182324,89210,93,159,10541,
179.45208491699663,89209,94,159,10541,
179.46151806717182,89209,94,158,10542,
179.48257590901693,89209,94,157,10543,
179.48565444768445,89209,94,156,10544,
179.49950109753598,89208,95,156,10544,
179.5105201734641,89208,94,157,10544,
179.5154114765469,89208,93,158,10544,
179.57637834462213,89208,92,159,10544,
179.6291466589132,89208,91,160,10544,
179.6617069047773,89208,91,159,10545,
179.6752994445336,89208,91,158,10546,
179.69180020769684,89208,90,159,10546,
179.71813029889364,89208,90,158,10547,
179.7186525556896,89208,89,159,10547,
179.7295259334958,89208,89,158,10548,
179.76441153867827,89208,88,159,10548,
179.7960328426032,89207,89,159,10548,
179.80130251127014,89206,90,159,10548,
179.85014891147074,89205,91,159,10548,
179.88695313216306,89204,92,159,10548,
179.90169162509568,89204,92,158,10549,
179.90633426876028,89203,93,158,10549,
179.91001839301074,89202,94,158,10549,
179.91864501084967,89202,94,157,10550,
179.929255614645,89202,94,156,10551,
179.97011642135607,89201,95,156,10551,
179.97423731046965,89200,96,156,10551,
180.0015465459995,89200,95,157,10551,
180.00516677035125,89199,96,157,10551,
180.01030782161706,89199,96,156,10552,
180.04484981839215,89199,95,157,10552,
180.058655536997,89199,94,158,10552,
180.06221525605434,89198,95,158,10552,
180.06239951847934,89197,96,158,10552,
180.0646856244552,89197,95,159,10552,
180.06594666216057,89197,95,158,10553,
180.08314187639752,89197,95,157,10554,
180.08470746033345,89197,94,158,10554,
180.0935592884168,89197,94,157,10555,
180.09766647742617,89197,93,158,10555,
180.10906625547958,89197,92,159,10555,
180.11065217131585,89197,92,158,10556,
180.13039513488172,89197,92,157,10557,
180.13130631823952,89196,93,157,10557,
180.14264872192805,89196,92,158,10557,
180.16878608802398,89196,92,157,10558,
180.18920413287216,89195,93,157,10558,
180.21990906730707,89194,94,157,10558,
180.22147528115548,89194,93,158,10558,
180.23278606241504,89193,94,158,10558,
180.24822669096972,89192,95,158,10558,
180.2503591656819,89192,94,159,10558,
180.28979150919386,89192,93,160,10558,
180.30631682103933,89191,94,160,10558,
180.30662497256748,89191,94,159,10559,
180.31834594860965,89190,95,159,10559,
180.33947108362904,89189,96,159,10559,
180.3550542228884,89189,96,158,10560,
180.3778707453966,89189,95,159,10560,
180.38407078641785,89188,96,159,10560,
180.38910386436436,89188,96,158,10561,
180.4334672812879,89187,97,158,10561,
180.43785503844126,89187,96,159,10561,
180.43965057711233,89187,96,158,10562,
180.45783676761874,89186,97,158,10562,
180.47584833444157,89186,97,157,10563,
180.47689040766826,89186,96,158,10563,
180.48131304578575,89185,97,158,10563,
180.51195174017394,89184,98,158,10563,
180.51625554724865,89184,97,159,10563,
180.5247358458598,89183,98,159,10563,
180.53851890941033,89183,98,158,10564,
180.5429740904269,89183,98,157,10565,
180.54331386684314,89183,97,158,10565,
180.54868335570094,89183,97,157,10566,
180.54883770320203,89183,96,158,10566,
180.55930301108873,89182,97,158,10566,
180.5656471312978,89182,97,157,10567,
180.60018318455766,89182,97,156,10568,
180.60343877902787,89182,96,157,10568,
180.63498247430928,89182,96,156,10569,
180.6355213218097,89181,97,156,10569,
180.69095529919184,89181,96,157,10569,
180.72167798242293,89180,97,157,10569,
180.7317094581464,89180,97,156,10570,
180.73641999729472,89179,98,156,10570,
180.7378300865768,89179,98,155,10571,
180.7446994241906,89178,99,155,10571,
180.76491712884018,89178,99,154,10572,
180.78548384777386,89178,99,153,10573,
180.81329338829795,89178,98,154,10573,
180.81583368263807,89178,98,153,10574,
180.8414990719653,89177,99,153,10574,
180.85445184523417,89177,98,154,10574,
180.8909039871669,89177,97,155,10574,
180.89290015483763,89177,97,154,10575,
180.89472427320266,89177,97,153,10576,
180.97796221694267,89177,96,154,10576,
180.9803131519413,89177,96,153,10577,
181.03466803002047,89177,96,152,10578,
181.04138270923198,89177,96,151,10579,
181.05183758988898,89177,96,150,10580,
181.06227403270975,89176,97,150,10580,
181.08919201031645,89175,98,150,10580,
181.1117536966383,89174,99,150,10580,
181.1521287638646,89173,100,150,10580,
181.16446270766215,89172,101,150,10580,
181.1744127882334,89171,102,150,10580,
181.18060614908376,89171,101,151,10580,
181.18647383064868,89171,100,152,10580,
181.18856072270813,89171,99,153,10580,
181.19837449529152,89171,98,154,10580,
181.2437032776383,89171,98,153,10581,
181.24909929426454,89171,97,154,10581,
181.27259190396956,89171,97,153,10582,
181.27882710923348,89170,98,153,10582,
181.30291975887314,89169,99,153,10582,
181.35513941026815,89169,99,152,10583,
181.38776318896078,89168,100,152,10583,
181.39635291484453,89168,100,151,10584,
181.39978603031597,89168,100,150,10585,
181.43313327378257,89168,100,149,10586,
181.44497986763994,89168,99,150,10586,
181.48693293358477,89168,98,151,10586,
181.49713959256744,89167,99,151,10586,
181.5029530330008,89167,98,152,10586,
181.52690967551985,89166,99,152,10586,
181.53502030345828,89166,98,153,10586,
181.55638163839578,89166,98,152,10587,
181.5599352152886,89165,99,152,10587,
181.56104707078754,89164,100,152,10587,
181.56581571589615,89164,100,151,10588,
181.5965277242061,89164,100,150,10589,
181.60303627439907,89164,99,151,10589,
181.61253113009414,89164,99,150,10590,
181.6193669481771,89164,99,149,10591,
181.63344380069248,89164,98,150,10591,
181.63589586504614,89164,97,151,10591,
181.644317298935,89163,98,151,10591,
181.64884460401998,89163,98,150,10592,
181.66839745077414,89162,99,150,10592,
181.66868685918413,89161,100,150,10592,
181.7040179878749,89161,99,151,10592,
181.72510754924042,89160,100,151,10592,
181.73205123371307,89160,100,150,10593,
181.74779042783786,89160,99,151,10593,
181.77341174715684,89159,100,151,10593,
181.7762100855122,89159,99,152,10593,
181.8026574257572,89159,99,151,10594,
181.8160167449622,89159,99,150,10595,
181.87845166291038,89159,98,151,10595,
181.89134564145715,89158,99,151,10595,
181.91842094033325,89158,99,150,10596,
181.92044461885627,89157,100,150,10596,
181.92301433990306,89157,99,151,10596,
181.94286586595132,89157,99,150,10597,
181.9549925475466,89157,98,151,10597,
181.96161126776204,89157,98,150,10598,
181.97085970394733,89157,98,149,10599,
181.98230834155333,89157,97,150,10599,
182.01535493522653,89156,98,150,10599,
182.01663556762148,89155,99,150,10599,
182.04102634750166,89155,98,151,10599,
182.0537642133757,89155,97,152,10599,
182.08796447575173,89155,96,153,10599,
182.0943051023836,89155,95,154,10599,
182.09676059937723,89155,95,153,10600,
182.09676059937723,89155,95,153,10600,
182.09998233931304,89155,95,152,10601,
182.10745702794728,89155,94,153,10601,
182.12148887775948,89155,93,154,10601,
182.12731343563752,89155,93,153,10602,
182.1329417052441,89155,92,154,10602,
182.14800688798277,89154,93,154,10602,
182.15300236189262,89154,93,153,10603,
182.15558283808613,89153,94,153,10603,
182.15894456606415,89153,93,154,10603,
182.19599755310875,89152,94,154,10603,
182.20941553080303,89151,95,154,10603,
182.22205952088467,89150,96,154,10603,
182.23933566534333,89149,97,154,10603,
182.2455966881345,89148,98,154,10603,
182.25064860245678,89147,99,154,10603,
182.26386643282774,89147,99,153,10604,
182.29023315332483,89146,100,153,10604,
182.30437748919852,89145,101,153,10604,
182.3449511879266,89145,100,154,10604,
182.37242713666942,89145,100,153,10605,
182.39689118469818,89145,100,152,10606,
182.46089814137773,89145,99,153,10606,
182.54933155069878,89145,98,154,10606,
182.56533349009436,89144,99,154,10606,
182.57453560802261,89144,98,155,10606,
182.57493346698678,89144,97,156,10606,
182.57771687677064,89144,97,155,10607,
182.58833812515078,89144,96,156,10607,
182.5887429124944,89144,95,157,10607,
182.60437857955756,89143,96,157,10607,
182.60972742051212,89143,95,158,10607,
182.62515544917048,89142,96,158,10607,
182.63398562238967,89142,95,159,10607,
182.63512568461985,89142,95,158,10608,
182.64000119698548,89141,96,158,10608,
182.6441632868936,89141,96,157,10609,
182.64726957705395,89140,97,157,10609,
182.67587575389928,89139,98,157,10609,
182.69422471144938,89138,99,157,10609,
182.7222443634523,89138,98,158,10609,
182.72980980393794,89138,97,159,10609,
182.78249571948868,89138,97,158,10610,
182.7825212907292,89138,97,157,10611,
182.8002611089276,89138,96,158,10611,
182.81009251140574,89138,95,159,10611,
182.82098231721054,89138,95,158,10612,
182.83212314414746,89138,95,157,10613,
182.83522777241308,89138,94,158,10613,
182.84372135667311,89137,95,158,10613,
182.85296982829217,89137,94,159,10613,
182.90187836359888,89137,94,158,10614,
182.90757335556705,89137,94,157,10615,
182.93528445386292,89137,93,158,10615,
182.93974805034406,89137,92,159,10615,
182.95260829393138,89137,92,158,10616,
182.97506993573387,89137,92,157,10617,
182.97781919645286,89137,92,156,10618,
183.01470014282546,89137,91,157,10618,
183.0439359938552,89137,90,158,10618,
183.04972481521747,89136,91,158,10618,
183.05025489681606,89135,92,158,10618,
183.05257244009292,89134,93,158,10618,
183.06025655218104,89134,93,157,10619,
183.08092809546986,89134,92,158,10619,
183.1010471403079,89133,93,158,10619,
183.11323898066505,89133,92,159,10619,
183.1347470529476,89132,93,159,10619,
183.13880095180997,89131,94,159,10619,
183.15821330293352,89130,95,159,10619,
183.17657984710797,89130,95,158,10620,
183.17761743661487,89130,94,159,10620,
183.1787591317153,89130,93,160,10620,
183.1833921938842,89130,93,159,10621,
183.18594604450607,89130,92,160,10621,
183.1950413129501,89130,92,159,10622,
183.21830118339741,89129,93,159,10622,
183.24310744258338,89129,93,158,10623,
183.25134315772405,89129,93,157,10624,
183.2581127766006,89129,93,156,10625,
183.27472328574532,89129,92,157,10625,
183.28495706845538,89129,91,158,10625,
183.2980318601171,89129,90,159,10625,
183.30655527910918,89128,91,159,10625,
183.31972999165632,89128,90,160,10625,
183.36067570644616,89127,91,160,10625,
183.37141331868372,89127,91,159,10626,
183.37182191317186,89127,90,160,10626,
183.39559933467544,89127,90,159,10627,
183.42157432694114,89127,89,160,10627,
183.4414077449475,89127,88,161,10627,
183.45775382726262,89127,88,160,10628,
183.47592704399818,89127,87,161,10628,
183.4836663066534,89126,88,161,10628,
183.5045619388152,89125,89,161,10628,
183.5748040439719,89125,88,162,10628,
183.58530725955492,89124,89,162,10628,
183.60724405288374,89123,90,162,10628,
183.60860603607077,89123,90,161,10629,
183.6445988502258,89123,90,160,10630,
183.66616442443197,89123,89,161,10630,
183.68841269978287,89123,89,160,10631,
183.71334095975453,89122,90,160,10631,
183.71984494620173,89122,89,161,10631,
183.73363969007318,89121,90,161,10631,
183.7846669996811,89121,89,162,10631,
183.79456299134537,89120,90,162,10631,
183.7979486898327,89120,90,161,10632,
183.798688286658,89119,91,161,10632,
183.80182449956536,89118,92,161,10632,
183.80868373147516,89118,92,160,10633,
183.85710085494767,89117,93,160,10633,
183.8661922497024,89117,93,159,10634,
183.8687002733342,89116,94,159,10634,
183.87943895568833,89116,94,158,10635,
183.8852850137191,89116,93,159,10635,
183.88823410250714,89116,92,160,10635,
183.89636382680902,89116,91,161,10635,
183.89668592656497,89116,90,162,10635,
183.91746805498678,89116,89,163,10635,
183.93779428476904,89115,90,163,10635,
183.95176872096872,89115,89,164,10635,
183.97370619517503,89115,88,165,10635,
183.98000843711844,89115,87,166,10635,
184.00530545316036,89114,88,166,10635,
184.02542791369444,89114,87,167,10635,
184.03399774734606,89114,86,168,10635,
184.06016489494738,89113,87,168,10635,
184.0682118111494,89112,88,168,10635,
184.10376247589298,89111,89,168,10635,
184.15323783942364,89111,88,169,10635,
184.18444628420642,89110,89,169,10635,
184.18734907125935,89110,89,168,10636,
184.1982286938827,89110,88,169,10636,
184.20990834859145,89109,89,169,10636,
184.21116418158178,89108,90,169,10636,
184.2199942852293,89108,90,168,10637,
184.2292953139031,89107,91,168,10637,
184.23046475685265,89106,92,168,10637,
184.23293662307475,89105,93,168,10637,
184.23347120820247,89104,94,168,10637,
184.2476672628107,89104,93,169,10637,
184.25712314268605,89104,92,170,10637,
184.26845817250197,89104,91,171,10637,
184.27008580477928,89104,91,170,10638,
184.27733751411432,89103,92,170,10638,
184.3305114916026,89102,93,170,10638,
184.35180049067225,89102,93,169,10639,
184.3685337628958,89101,94,169,10639,
184.3760662651133,89101,94,168,10640,
184.38385486367824,89100,95,168,10640,
184.39009398816503,89099,96,168,10640,
184.40517786618759,89099,96,167,10641,
184.50116553632125,89099,95,168,10641,
184.5237670803905,89098,96,168,10641,
184.52601199183522,89098,96,167,10642,
184.54195137535666,89097,97,167,10642,
184.54601019562435,89097,97,166,10643,
184.56952689801332,89096,98,166,10643,
184.59354729309715,89096,98,165,10644,
184.6058803978734,89095,99,165,10644,
184.60610278412565,89094,100,165,10644,
184.6430629646729,89094,99,166,10644,
184.66407746597486,89093,100,166,10644,
184.67697310847788,89093,100,165,10645,
184.67718203273435,89093,99,166,10645,
184.68970862511753,89092,100,166,10645,
184.68976256416408,89092,99,167,10645,
184.69908312367642,89092,99,166,10646,
184.71223812008466,89092,98,167,10646,
184.72723494777176,89092,97,168,10646,
184.796436171012,89092,96,169,10646,
184.8057662761834,89091,97,169,10646,
184.83272851555512,89091,97,168,10647,
184.84810414227334,89091,97,167,10648,
184.860471024014,89091,96,168,10648,
184.86421484693017,89091,95,169,10648,
184.86449870874682,89091,95,168,10649,
184.86870180300778,89091,94,169,10649,
184.87383610133887,89090,95,169,10649,
184.87468373883578,89089,96,169,10649,
184.8888606409488,89088,97,169,10649,
184.91756842218962,89088,96,170,10649,
184.91918558030838,89087,97,170,10649,
184.92134136251926,89087,97,169,10650,
184.9264632876382,89086,98,169,10650,
184.92904835676327,89086,97,170,10650,
184.94114687834056,89085,98,170,10650,
184.94401376705758,89085,97,171,10650,
184.94461463968432,89085,96,172,10650,
184.97634261827503,89085,96,171,10651,
184.98000306889801,89085,95,172,10651,
184.98467430528595,89085,95,171,10652,
185.01102368057386,89084,96,171,10652,
185.03399566571827,89083,97,171,10652,
185.03726026917974,89082,98,171,10652,
185.05626413384297,89082,97,172,10652,
185.05931142907352,89082,97,171,10653,
185.06201485223838,89082,97,170,10654,
185.0628729290268,89081,98,170,10654,
185.06562553501732,89080,99,170,10654,
185.07564224838418,89080,98,171,10654,
185.08020713204084,89080,98,170,10655,
185.08546108509537,89079,99,170,10655,
185.14381330063563,89078,100,170,10655,
185.14745187666426,89078,99,171,10655,
185.17481552602445,89078,99,170,10656,
185.20013128278742,89077,100,170,10656,
185.20330069413805,89077,100,169,10657,
185.204457276935,89077,100,168,10658,
185.20564464253192,89077,100,167,10659,
185.22611059960633,89076,101,167,10659,
185.2290109421239,89076,101,166,10660,
185.2310994802903,89075,102,166,10660,
185.24409134961397,89075,102,165,10661,
185.25199754414197,89074,103,165,10661,
185.25899995559328,89074,103,164,10662,
185.28689783514574,89074,103,163,10663,
185.29014843342316,89074,102,164,10663,
185.32008417689548,89074,101,165,10663,
185.32048302505302,89074,100,166,10663,
185.3279780286708,89073,101,166,10663,
185.33056217985006,89073,101,165,10664,
185.38586931216682,89072,102,165,10664,
185.39311338996336,89072,102,164,10665,
185.40913606688912,89072,102,163,10666,
185.43856300631808,89072,102,162,10667,
185.44056289236727,89072,102,161,10668,
185.44392511936144,89072,101,162,10668,
185.47152546084664,89071,102,162,10668,
185.48264464566634,89070,103,162,10668,
185.4932462633257,89070,102,163,10668,
185.504802527194,89069,103,163,10668,
185.51569957792682,89068,104,163,10668,
185.57001108269736,89068,103,164,10668,
185.57848622306787,89067,104,164,10668,
185.57931279678806,89066,105,164,10668,
185.61780106738584,89066,105,163,10669,
185.62744538198845,89065,106,163,10669,
185.63432284014561,89065,105,164,10669,
185.668925585942,89064,106,164,10669,
185.6895426142337,89063,107,164,10669,
185.6987312045831,89062,108,164,10669,
185.7250130451851,89062,108,163,10670,
185.72552107904758,89061,109,163,10670,
185.7363461217279,89061,108,164,10670,
185.74608744650828,89061,107,165,10670,
185.7604399420766,89061,106,166,10670,
185.76178036748453,89060,107,166,10670,
185.78835173926154,89060,107,165,10671,
185.81974509384833,89059,108,165,10671,
185.8225470560248,89059,107,166,10671,
185.82867676950897,89059,106,167,10671,
185.84060440659167,89058,107,167,10671,
185.84398695562314,89057,108,167,10671,
185.85424251735745,89056,109,167,10671,
185.88895113255765,89056,108,168,10671,
185.89439276115192,89056,107,169,10671,
185.90732705804473,89055,108,169,10671,
185.9133177444611,89055,107,170,10671,
185.9237121044066,89055,107,169,10672,
185.9305982515161,89055,106,170,10672,
185.93183338655044,89055,106,169,10673,
185.93553346963398,89055,106,168,10674,
185.9506570752726,89055,105,169,10674,
185.9908585547439,89055,105,168,10675,
186.00083014901264,89054,106,168,10675,
186.01631173125176,89054,106,167,10676,
186.02092631528137,89054,105,168,10676,
186.0280719962582,89054,105,167,10677,
186.06669623921468,89054,104,168,10677,
186.0971725718227,89054,104,167,10678,
186.1026788949996,89054,103,168,10678,
186.12975408686924,89053,104,168,10678,
186.1602681194336,89053,103,169,10678,
186.17785327904267,89053,103,168,10679,
186.18291021228455,89053,102,169,10679,
186.19415071732365,89053,101,170,10679,
186.1959750476044,89052,102,170,10679,
186.19807873644277,89052,102,169,10680,
186.23090846670559,89052,101,170,10680,
186.24826943057786,89052,100,171,10680,
186.27138045556856,89052,99,172,10680,
186.27441391459502,89052,98,173,10680,
186.2777659187217,89051,99,173,10680,
186.34406989454217,89051,98,174,10680,
186.35715770959234,89051,98,173,10681,
186.35922839019122,89050,99,173,10681,
186.36397331721062,89050,98,174,10681,
186.37239694318177,89050,98,173,10682,
186.3874571836344,89049,99,173,10682,
186.38775935423564,89049,98,174,10682,
186.39000681973795,89048,99,174,10682,
186.3945943237646,89048,98,175,10682,
186.4634584495625,89047,99,175,10682,
186.4807960773223,89047,99,174,10683,
186.58689672701075,89047,98,175,10683,
186.59851022100014,89046,99,175,10683,
186.6350201894887,89045,100,175,10683,
186.6387698045172,89044,101,175,10683,
186.64552455384185,89044,101,174,10684,
186.64630854198734,89044,101,173,10685,
186.71940471844624,89043,102,173,10685,
186.72002778414912,89042,103,173,10685,
186.72300897448233,89042,103,172,10686,
186.72707758345157,89042,103,171,10687,
186.72939583576797,89042,103,170,10688,
186.7456259455563,89042,103,169,10689,
186.7520023227278,89041,104,169,10689,
186.78532683043716,89041,103,170,10689,
186.78955474561297,89040,104,170,10689,
186.80694032314784,89039,105,170,10689,
186.81857707943598,89039,105,169,10690,
186.827625603914,89038,106,169,10690,
186.84977064981996,89037,107,169,10690,
186.95991199320153,89036,108,169,10690,
186.97563956908454,89036,107,170,10690,
186.9778920879632,89035,108,170,10690,
186.98084402385942,89034,109,170,10690,
186.9881608359651,89033,110,170,10690,
186.990317954857,89033,109,171,10690,
186.99600046243106,89033,109,170,10691,
187.05548445476884,89032,110,170,10691,
187.0694093347791,89031,111,170,10691,
187.0703305731424,89030,112,170,10691,
187.08929426219214,89030,112,169,10692,
187.09502129544086,89030,112,168,10693,
187.10527970873446,89030,111,169,10693,
187.11691791756576,89029,112,169,10693,
187.11954861371126,89029,111,170,10693,
187.13152445365492,89029,110,171,10693,
187.13659006159438,89029,110,170,10694,
187.1656095902537,89029,110,169,10695,
187.1679394054353,89029,110,168,10696,
187.18803802694842,89029,110,167,10697,
187.19229663372266,89029,109,168,10697,
187.2045940939182,89029,109,167,10698,
187.21195328897429,89028,110,167,10698,
187.22154959456608,89027,111,167,10698,
187.2326011192043,89026,112,167,10698,
187.23912738171254,89025,113,167,10698,
187.26053255794358,89025,113,166,10699,
187.26221952583344,89025,113,165,10700,
187.27098185312715,89025,113,164,10701,
187.3008604689834,89025,112,165,10701,
187.30927876952416,89025,111,166,10701,
187.31373323144953,89025,111,165,10702,
187.32387244587062,89025,110,166,10702,
187.3251497076227,89024,111,166,10702,
187.3417283976906,89024,111,165,10703,
187.34458203998378,89023,112,165,10703,
187.36159478314693,89022,113,165,10703,
187.37008343081808,89022,112,166,10703,
187.43405723932025,89021,113,166,10703,
187.50789498198938,89021,112,167,10703,
187.54607081354857,89020,113,167,10703,
187.55316389014783,89020,113,166,10704,
187.5630833353122,89019,114,166,10704,
187.5690697850621,89019,114,165,10705,
187.5893492856919,89019,114,164,10706,
187.605799749435,89019,113,165,10706,
187.6194757651083,89018,114,165,10706,
187.62257349727125,89018,113,166,10706,
187.66790111791596,89018,112,167,10706,
187.67657092945225,89018,111,168,10706,
187.69217718343685,89018,110,169,10706,
187.7128845812296,89017,111,169,10706,
187.71449697870202,89017,110,170,10706,
187.71595984800632,89016,111,170,10706,
187.72596562949215,89015,112,170,10706,
187.74279443978676,89015,112,169,10707,
187.7591365245209,89015,112,168,10708,
187.77796593807338,89014,113,168,10708,
187.79706958519805,89013,114,168,10708,
187.79849707911842,89012,115,168,10708,
187.811718944047,89011,116,168,10708,
187.82349717771945,89010,117,168,10708,
187.83596896462322,89010,117,167,10709,
187.86041018304036,89010,116,168,10709,
187.86923849902047,89010,115,169,10709,
187.9050493933671,89010,115,168,10710,
187.93203439059917,89009,116,168,10710,
187.93214941453365,89009,115,169,10710,
187.9393014506566,89009,114,170,10710,
187.9440541678721,89008,115,170,10710,
187.9452532760227,89007,116,170,10710,
187.9515386530124,89006,117,170,10710,
187.95895731952106,89005,118,170,10710,
187.98511089704434,89004,119,170,10710,
187.9857821724835,89004,118,171,10710,
187.99702603918414,89004,117,172,10710,
188.0096372366156,89004,116,173,10710,
188.00976958246667,89004,115,174,10710,
188.02513066451027,89003,116,174,10710,
188.03149599585845,89002,117,174,10710,
188.03935294011066,89001,118,174,10710,
188.05102713408775,89001,117,175,10710,
188.07747596542046,89001,117,174,10711,
188.07849247015403,89001,116,175,10711,
188.0793540757118,89000,117,175,10711,
188.09732894861207,89000,116,176,10711,
188.152984612187,88999,117,176,10711,
188.16301573446418,88998,118,176,10711,
188.1777114431655,88997,119,176,10711,
188.24221212611567,88996,120,176,10711,
188.26164810666808,88996,119,177,10711,
188.28194201686313,88996,118,178,10711,
188.30993098715805,88995,119,178,10711,
188.31587389635547,88994,120,178,10711,
188.31967644380043,88993,121,178,10711,
188.32924446728578,88993,120,179,10711,
188.33901053038426,88993,120,178,10712,
188.34288013449137,88992,121,178,10712,
188.34811854480947,88991,122,178,10712,
188.35309744004917,88991,122,177,10713,
188.37312133372828,88991,122,176,10714,
188.39206273376928,88991,121,177,10714,
188.41006447164872,88991,121,176,10715,
188.44039326650304,88991,120,177,10715,
188.45102445786807,88991,119,178,10715,
188.45870801312742,88990,120,178,10715,
188.46898223178604,88990,119,179,10715,
188.46904175564444,88989,120,179,10715,
188.47204005258635,88988,121,179,10715,
188.49074617541268,88988,121,178,10716,
188.49108383564302,88987,122,178,10716,
188.5193652949007,88987,121,179,10716,
188.53270486875482,88987,121,178,10717,
188.54675826129278,88986,122,178,10717,
188.54719961319373,88985,123,178,10717,
188.56558720923357,88985,122,179,10717,
188.5819197770646,88985,121,180,10717,
188.59842579561385,88985,120,181,10717,
188.6154293934721,88985,119,182,10717,
188.64010087120678,88985,118,183,10717,
188.64419495659462,88984,119,183,10717,
188.64574166954924,88984,119,182,10718,
188.6544240041451,88984,119,181,10719,
188.66735531674948,88983,120,181,10719,
188.7005229123718,88983,120,180,10720,
188.70774101399826,88983,119,181,10720,
188.71273934978868,88982,120,181,10720,
188.74218538125203,88982,119,182,10720,
188.78618854332672,88982,119,181,10721,
188.78698200666193,88981,120,181,10721,
188.81992614246272,88981,119,182,10721,
188.82461921565869,88981,119,181,10722,
188.83446461175865,88981,119,180,10723,
188.83530452428445,88981,119,179,10724,
188.84768343590855,88980,120,179,10724,
188.85394958637897,88980,119,180,10724,
188.8622135626302,88979,120,180,10724,
188.8651251987412,88979,119,181,10724,
188.86522035839545,88979,118,182,10724,
188.8849955145381,88979,117,183,10724,
188.893522061924,88979,116,184,10724,
188.93301370068812,88979,115,185,10724,
188.9413355418113,88979,115,184,10725,
188.94324816962194,88979,114,185,10725,
188.94510052593847,88979,114,184,10726,
188.96375199153601,88978,115,184,10726,
188.9669513480908,88978,115,183,10727,
188.97094583784684,88978,114,184,10727,
188.99388634954647,88978,114,183,10728,
188.99923696674784,88978,114,182,10729,
189.01877845608183,88977,115,182,10729,
189.05218693583325,88976,116,182,10729,
189.05629084563697,88976,116,181,10730,
189.07379883045863,88975,117,181,10730,
189.07777042832436,88974,118,181,10730,
189.0786873239136,88974,117,182,10730,
189.08120561230186,88973,118,182,10730,
189.09141073696233,88973,117,183,10730,
189.09306704867245,88972,118,183,10730,
189.09342279450533,88972,117,184,10730,
189.1007340412718,88972,116,185,10730,
189.11523322561422,88972,115,186,10730,
189.11728661073585,88971,116,186,10730,
189.15953049522983,88971,115,187,10730,
189.1613231648054,88971,114,188,10730,
189.1676670735898,88970,115,188,10730,
189.17316507357393,88970,115,187,10731,
189.1814164985404,88970,114,188,10731,
189.18304181007792,88969,115,188,10731,
189.19161501094024,88968,116,188,10731,
189.21946080723225,88968,115,189,10731,
189.22180962246412,88967,116,189,10731,
189.2244113633792,88967,116,188,10732,
189.26122796921578,88966,117,188,10732,
189.2835497136995,88965,118,188,10732,
189.28754051579958,88964,119,188,10732,
189.2906854940955,88964,118,189,10732,
189.31419590697286,88964,117,190,10732,
189.3175598573775,88964,117,189,10733,
189.31782120498153,88964,117,188,10734,
189.33162303682747,88964,117,187,10735,
189.3360518722954,88964,117,186,10736,
189.35382773345248,88963,118,186,10736,
189.35515450727138,88962,119,186,10736,
189.35847780526112,88962,119,185,10737,
189.35937708189172,88962,118,186,10737,
189.3877768845124,88962,118,185,10738,
189.42581152295267,88961,119,185,10738,
189.43218686937394,88961,118,186,10738,
189.4356015573263,88961,117,187,10738,
189.44092292927607,88961,116,188,10738,
189.46356808789088,88961,115,189,10738,
189.49253236973064,88961,114,190,10738,
189.49286868125114,88961,113,191,10738,
189.51274596982034,88961,112,192,10738,
189.53054116583692,88961,111,193,10738,
189.53148721461994,88961,110,194,10738,
189.5603893640775,88960,111,194,10738,
189.56077123494234,88960,110,195,10738,
189.59999536067377,88960,110,194,10739,
189.6237737787569,88959,111,194,10739,
189.62390496157823,88958,112,194,10739,
189.637477937601,88957,113,194,10739,
189.6403762449278,88956,114,194,10739,
189.64041460520173,88955,115,194,10739,
189.67007545165737,88955,115,193,10740,
189.68917159241167,88954,116,193,10740,
189.69594609000913,88954,116,192,10741,
189.7428216216742,88953,117,192,10741,
189.7630817854171,88953,117,191,10742,
189.76808451131222,88953,117,190,10743,
189.76903867979829,88953,117,189,10744,
189.77925083424313,88953,117,188,10745,
189.78849057026085,88953,116,189,10745,
189.7998749227409,88952,117,189,10745,
189.81819567209203,88951,118,189,10745,
189.85179824074402,88951,118,188,10746,
189.8526411948174,88951,117,189,10746,
189.85564532572144,88951,117,188,10747,
189.8721836803569,88951,117,187,10748,
189.89172422781564,88951,116,188,10748,
189.9371305109364,88951,116,187,10749,
189.94712911252446,88950,117,187,10749,
189.9530628324458,88949,118,187,10749,
189.96591691261858,88948,119,187,10749,
189.96932002923015,88947,120,187,10749,
189.9903699462798,88946,121,187,10749,
189.997165941549,88946,121,186,10750,
190.00103714826878,88946,120,187,10750,
190.03683329528857,88946,120,186,10751,
190.05917535288214,88945,121,186,10751,
190.06743983159907,88945,120,187,10751,
190.0907759254115,88945,120,186,10752,
190.09825243617922,88945,120,185,10753,
190.10385301178403,88944,121,185,10753,
190.1062655125294,88944,120,186,10753,
190.13527291753405,88944,120,185,10754,
190.13561028615078,88944,119,186,10754,
190.13756075892815,88944,118,187,10754,
190.15457210936745,88944,117,188,10754,
190.1612760752672,88943,118,188,10754,
190.17640454910594,88942,119,188,10754,
190.18155106163547,88942,118,189,10754,
190.19128368297777,88942,117,190,10754,
190.19282048830766,88942,116,191,10754,
190.19559066959565,88942,115,192,10754,
190.22798047440557,88942,115,191,10755,
190.27844643618155,88941,116,191,10755,
190.29404345951534,88941,115,192,10755,
190.29923352312608,88941,114,193,10755,
190.30431722244407,88940,115,193,10755,
190.32091142177845,88939,116,193,10755,
190.32125575107295,88939,116,192,10756,
190.34121620370928,88938,117,192,10756,
190.35541822491547,88938,117,191,10757,
190.3824672507495,88938,116,192,10757,
190.40877712804846,88937,117,192,10757,
190.4175406270974,88937,117,191,10758,
190.4268628319484,88937,116,192,10758,
190.4303386352172,88936,117,192,10758,
190.4314520185925,88936,116,193,10758,
190.434948605217,88936,115,194,10758,
190.43695524737885,88936,114,195,10758,
190.4525940541451,88936,114,194,10759,
190.4676647348307,88936,114,193,10760,
190.48661764131091,88936,113,194,10760,
190.48731871119625,88935,114,194,10760,
190.49058779468817,88935,114,193,10761,
190.49276525696092,88935,113,194,10761,
190.5043035574035,88934,114,194,10761,
190.5179749063064,88933,115,194,10761,
190.518396461035,88932,116,194,10761,
190.5304166454294,88932,115,195,10761,
190.5468752337699,88931,116,195,10761,
190.55590046700152,88930,117,195,10761,
190.5560685033205,88930,117,194,10762,
190.58146053116502,88929,118,194,10762,
190.5879474124301,88929,118,193,10763,
190.59704550933927,88929,118,192,10764,
190.6060070981226,88929,117,193,10764,
190.61145700789405,88928,118,193,10764,
190.61807598840383,88927,119,193,10764,
190.62198479641904,88927,118,194,10764,
190.6247354595733,88927,117,195,10764,
190.63446879132357,88926,118,195,10764,
190.65291795912935,88926,117,196,10764,
190.65725885879212,88925,118,196,10764,
190.65797640431185,88925,117,197,10764,
190.65989549869062,88925,117,196,10765,
190.6732415831964,88924,118,196,10765,
190.68006184052265,88923,119,196,10765,
190.73084607032848,88923,118,197,10765,
190.73477229658565,88922,119,197,10765,
190.73759535124992,88922,118,198,10765,
190.7397782307511,88922,117,199,10765,
190.74503371350949,88922,117,198,10766,
190.747158032291,88921,118,198,10766,
190.75427945952492,88921,117,199,10766,
190.75444093786348,88920,118,199,10766,
190.76766420408697,88920,117,200,10766,
190.7741371756623,88919,118,200,10766,
190.77719164419568,88918,119,200,10766,
190.7995902475084,88917,120,200,10766,
190.81365986377307,88917,120,199,10767,
190.81415430651197,88917,119,200,10767,
190.8182976748857,88917,119,199,10768,
190.83545771289437,88917,119,198,10769,
190.84253022267916,88916,120,198,10769,
190.8553231786035,88916,120,197,10770,
190.86463574754825,88915,121,197,10770,
190.89131478050408,88914,122,197,10770,
190.9009156162448,88914,122,196,10771,
190.90681800567774,88914,122,195,10772,
190.90777526597395,88914,121,196,10772,
190.9259964644825,88914,120,197,10772,
190.94817858162776,88914,120,196,10773,
190.94957928254988,88913,121,196,10773,
190.96314705357764,88913,120,197,10773,
190.96882891323588,88913,119,198,10773,
190.97341204934278,88913,119,197,10774,
190.97552877185407,88913,119,196,10775,
190.978197222838,88913,118,197,10775,
190.98665475474286,88912,119,197,10775,
191.0078414387576,88912,118,198,10775,
191.01855442513943,88911,119,198,10775,
191.03911163696984,88910,120,198,10775,
191.0397054532646,88909,121,198,10775,
191.04887121365428,88908,122,198,10775,
191.0505998575556,88908,121,199,10775,
191.05138394874126,88908,120,200,10775,
191.07346606118924,88908,120,199,10776,
191.11943839123293,88907,121,199,10776,
191.1611525604751,88907,120,200,10776,
191.16237334812962,88907,120,199,10777,
191.17166635557524,88906,121,199,10777,
191.1835825118022,88906,120,200,10777,
191.1966307743868,88905,121,200,10777,
191.201856723165,88904,122,200,10777,
191.207777195992,88904,122,199,10778,
191.22095150252332,88904,121,200,10778,
191.23034088902259,88903,122,200,10778,
191.23663053366624,88902,123,200,10778,
191.24360146641567,88902,123,199,10779,
191.24993697292,88901,124,199,10779,
191.25559698147487,88901,123,200,10779,
191.26613800834292,88900,124,200,10779,
191.28181369986245,88899,125,200,10779,
191.2932708788754,88899,125,199,10780,
191.30017706119466,88899,124,200,10780,
191.31083932643878,88898,125,200,10780,
191.31180208948012,88897,126,200,10780,
191.31613821052855,88897,126,199,10781,
191.34206847829248,88897,126,198,10782,
191.34615635338446,88897,125,199,10782,
191.35929964071914,88896,126,199,10782,
191.36054842036742,88896,126,198,10783,
191.3815706221272,88895,127,198,10783,
191.43510631144895,88895,126,199,10783,
191.43713132724156,88894,127,199,10783,
191.44005900593712,88894,126,200,10783,
191.45256032550927,88894,126,199,10784,
191.46331277863848,88894,126,198,10785,
191.46657621910754,88894,126,197,10786,
191.4889900017133,88894,126,196,10787,
191.5002105401921,88893,127,196,10787,
191.51406184966228,88893,127,195,10788,
191.53333206388945,88893,126,196,10788,
191.53921404973605,88893,126,195,10789,
191.54020770456847,88893,126,194,10790,
191.5454720279796,88893,125,195,10790,
191.55238267816696,88893,125,194,10791,
191.5623542249927,88892,126,194,10791,
191.57076090307297,88892,125,195,10791,
191.5878470916544,88892,125,194,10792,
191.58867182509542,88892,124,195,10792,
191.6052514920317,88891,125,195,10792,
191.60793170620587,88891,125,194,10793,
191.6166275552557,88890,126,194,10793,
191.6216860545098,88890,125,195,10793,
191.6278135186936,88889,126,195,10793,
191.65259091901268,88889,126,194,10794,
191.66523185488322,88889,125,195,10794,
191.66973737994144,88889,125,194,10795,
191.6788931821525,88889,125,193,10796,
191.6822043422406,88889,125,192,10797,
191.71819504617008,88889,125,191,10798,
191.72057656396694,88888,126,191,10798,
191.72341982738763,88887,127,191,10798,
191.7268124852644,88886,128,191,10798,
191.7289429648329,88885,129,191,10798,
191.73193461695186,88884,130,191,10798,
191.73464928270312,88884,129,192,10798,
191.75740292885004,88883,130,192,10798,
191.76800863310794,88883,130,191,10799,
191.77542561767044,88883,130,190,10800,
191.7850407863215,88883,129,191,10800,
191.79076631185708,88883,129,190,10801,
191.80317559728104,88883,128,191,10801,
191.812023387313,88883,128,190,10802,
191.81898776703008,88883,128,189,10803,
191.83800822836474,88882,129,189,10803,
191.84049401460038,88882,129,188,10804,
191.8633224836963,88882,128,189,10804,
191.8923608095413,88882,127,190,10804,
191.89330846988977,88882,127,189,10805,
191.8942040706173,88882,127,188,10806,
191.92121835593383,88882,126,189,10806,
191.92483325019762,88881,127,189,10806,
191.92788650605158,88880,128,189,10806,
191.94977152483804,88879,129,189,10806,
191.9718504256663,88879,129,188,10807,
191.9740959054351,88878,130,188,10807,
191.9771305846663,88878,130,187,10808,
192.02426254248485,88877,131,187,10808,
192.02666178360656,88876,132,187,10808,
192.0299489110869,88876,132,186,10809,
192.0462531046493,88876,132,185,10810,
192.0527391665235,88875,133,185,10810,
192.05976023670405,88874,134,185,10810,
192.06167488998466,88874,133,186,10810,
192.06556836113396,88873,134,186,10810,
192.06751275954807,88873,133,187,10810,
192.09019548376017,88873,133,186,10811,
192.0974556933122,88872,134,186,10811,
192.1070078452496,88871,135,186,10811,
192.10798496172617,88870,136,186,10811,
192.10937532274195,88870,135,187,10811,
192.14102977440152,88869,136,187,10811,
192.15323773512375,88869,136,186,10812,
192.15592001530047,88868,137,186,10812,
192.16082918502048,88867,138,186,10812,
192.16913849812903,88867,138,185,10813,
192.17435412821038,88867,137,186,10813,
192.1773627753305,88867,137,185,10814,
192.18535328488406,88866,138,185,10814,
192.21074381428713,88866,138,184,10815,
192.234288488289,88866,137,185,10815,
192.2474287077417,88866,136,186,10815,
192.2548122992067,88866,136,185,10816,
192.25576970921225,88866,135,186,10816,
192.27205018974593,88866,134,187,10816,
192.27825833413783,88865,135,187,10816,
192.3013245291039,88864,136,187,10816,
192.34262567894413,88863,137,187,10816,
192.35686009305184,88862,138,187,10816,
192.36364636968608,88861,139,187,10816,
192.36784024531988,88861,138,188,10816,
192.37652420350858,88861,137,189,10816,
192.38021565701422,88861,137,188,10817,
192.38330418144812,88860,138,188,10817,
192.4159484280966,88859,139,188,10817,
192.42231628419552,88859,139,187,10818,
192.43161545802613,88858,140,187,10818,
192.44564172715505,88857,141,187,10818,
192.45844038576777,88857,140,188,10818,
192.46379646506244,88857,139,189,10818,
192.47074077462037,88857,139,188,10819,
192.47845850400577,88857,139,187,10820,
192.48810609324113,88857,138,188,10820,
192.54534447312506,88856,139,188,10820,
192.5505788914053,88856,138,189,10820,
192.55436037951512,88856,137,190,10820,
192.5585047273973,88856,137,189,10821,
192.57009097745174,88856,137,188,10822,
192.57109026741063,88856,137,187,10823,
192.57931516729806,88855,138,187,10823,
192.58760889335466,88855,138,186,10824,
192.5975270867436,88855,137,187,10824,
192.62212971000372,88854,138,187,10824,
192.62228052794856,88853,139,187,10824,
192.6229494531278,88852,140,187,10824,
192.62572547844786,88851,141,187,10824,
192.63768790249753,88850,142,187,10824,
192.6419795643906,88849,143,187,10824,
192.6724451294268,88849,142,188,10824,
192.68779261116129,88849,141,189,10824,
192.706873231011,88849,140,190,10824,
192.7119085354705,88848,141,190,10824,
192.75805344993336,88848,140,191,10824,
192.76181212160373,88848,140,190,10825,
192.76450527616706,88848,139,191,10825,
192.77375353276435,88847,140,191,10825,
192.7981520442459,88847,140,190,10826,
192.7991569298419,88847,140,189,10827,
192.81606284050707,88847,139,190,10827,
192.82253702924197,88846,140,190,10827,
192.82287281230234,88845,141,190,10827,
192.82638164212403,88844,142,190,10827,
192.8264886216895,88843,143,190,10827,
192.8268473979765,88842,144,190,10827,
192.82882474792726,88842,144,189,10828,
192.8428787139633,88842,143,190,10828,
192.8580857321201,88842,142,191,10828,
192.88401830053405,88842,142,190,10829,
192.8927796628334,88842,142,189,10830,
192.90721063770582,88842,142,188,10831,
192.9340459922136,88841,143,188,10831,
192.93809014459873,88840,144,188,10831,
192.9409439589591,88840,144,187,10832,
192.9725245341439,88840,143,188,10832,
192.97396168954043,88839,144,188,10832,
192.9967442887098,88838,145,188,10832,
193.02352380492698,88837,146,188,10832,
193.02433492277433,88836,147,188,10832,
193.02686658591537,88836,146,189,10832,
193.03235654215686,88835,147,189,10832,
193.04101018009052,88835,147,188,10833,
193.0750283437665,88835,146,189,10833,
193.0763677563714,88835,146,188,10834,
193.0788514919648,88834,147,188,10834,
193.07933470529235,88833,148,188,10834,
193.11643322566871,88833,147,189,10834,
193.12380427687916,88833,146,190,10834,
193.13051027444166,88832,147,190,10834,
193.13510856376297,88831,148,190,10834,
193.14758944438336,88830,149,190,10834,
193.1492967020028,88829,150,190,10834,
193.1565728880449,88828,151,190,10834,
193.16613449405463,88827,152,190,10834,
193.20477232049336,88826,153,190,10834,
193.21266538622035,88826,152,191,10834,
193.222081001732,88826,151,192,10834,
193.23543605579945,88825,152,192,10834,
193.26603128583085,88824,153,192,10834,
193.27617374736636,88823,154,192,10834,
193.29458394146468,88823,153,193,10834,
193.34607546875955,88822,154,193,10834,
193.34859823974733,88822,154,192,10835,
193.3504972583364,88822,154,191,10836,
193.35419191501967,88821,155,191,10836,
193.35969265583302,88821,155,190,10837,
193.36913020883145,88821,155,189,10838,
193.37119201168494,88821,154,190,10838,
193.37393105211953,88821,153,191,10838,
193.3860067165293,88821,153,190,10839,
193.3909777730014,88821,152,191,10839,
193.39282495587403,88821,152,190,10840,
193.39542751861575,88821,152,189,10841,
193.40571552408719,88820,153,189,10841,
193.41307922600535,88819,154,189,10841,
193.42593192851922,88819,154,188,10842,
193.42732557837118,88819,153,189,10842,
193.43543647683964,88818,154,189,10842,
193.4466121922771,88818,153,190,10842,
193.452021885005,88818,153,189,10843,
193.46238266424044,88817,154,189,10843,
193.47557916455642,88816,155,189,10843,
193.4832918970595,88816,154,190,10843,
193.48973449692772,88816,153,191,10843,
193.49011475984804,88816,152,192,10843,
193.51421643445963,88815,153,192,10843,
193.5151530805434,88815,152,193,10843,
193.5348539172354,88815,152,192,10844,
193.53989696061572,88814,153,192,10844,
193.5399589812433,88814,153,191,10845,
193.54911715976579,88813,154,191,10845,
193.5506613115803,88812,155,191,10845,
193.55887893464177,88812,154,192,10845,
193.56170171122784,88812,153,193,10845,
193.56175199113616,88812,152,194,10845,
193.57149628293675,88812,152,193,10846,
193.5806446444049,88811,153,193,10846,
193.58282974099748,88810,154,193,10846,
193.58497277670116,88809,155,193,10846,
193.59001158876592,88808,156,193,10846,
193.60331995061242,88807,157,193,10846,
193.60389324565284,88807,156,194,10846,
193.62146593153233,88807,156,193,10847,
193.62437035005598,88807,155,194,10847,
193.63407297611872,88807,154,195,10847,
193.63884098614156,88807,153,196,10847,
193.65426799191448,88807,153,195,10848,
193.67032902833802,88806,154,195,10848,
193.67288842599766,88805,155,195,10848,
193.6735122056136,88804,156,195,10848,
193.6756202347658,88803,157,195,10848,
193.6951837334001,88803,157,194,10849,
193.69722572369102,88802,158,194,10849,
193.71476498351677,88801,159,194,10849,
193.71879747431092,88800,160,194,10849,
193.76815307020058,88799,161,194,10849,
193.7927646065806,88799,160,195,10849,
193.794044284766,88799,159,196,10849,
193.7998442275055,88799,158,197,10849,
193.80286701981566,88799,157,198,10849,
193.80417976132108,88798,158,198,10849,
193.8096740973731,88798,157,199,10849,
193.81524463421556,88798,156,200,10849,
193.82984434754775,88798,155,201,10849,
193.8347884081362,88798,155,200,10850,
193.83728031578258,88798,155,199,10851,
193.83776655105865,88798,154,200,10851,
193.85610893405874,88798,154,199,10852,
193.87948959319831,88797,155,199,10852,
193.9046898892178,88797,154,200,10852,
193.90658776966575,88797,153,201,10852,
193.91566290516153,88797,153,200,10853,
193.94197568245087,88797,152,201,10853,
193.94399563808867,88797,151,202,10853,
193.94953740912695,88797,151,201,10854,
193.95332350447245,88797,151,200,10855,
193.98997800756015,88797,150,201,10855,
193.99359823897493,88797,149,202,10855,
194.01108698611273,88797,148,203,10855,
194.04437440593404,88797,148,202,10856,
194.05155579981005,88796,149,202,10856,
194.05273801081316,88795,150,202,10856,
194.05345078655034,88795,149,203,10856,
194.06159456777687,88795,148,204,10856,
194.0921514450543,88794,149,204,10856,
194.10558403722774,88794,149,203,10857,
194.11520109581593,88793,150,203,10857,
194.12033195288586,88793,149,204,10857,
194.13322363116018,88793,148,205,10857,
194.14693775544052,88792,149,205,10857,
194.15398629944616,88792,148,206,10857,
194.15501517779992,88792,147,207,10857,
194.1609135877928,88792,147,206,10858,
194.16262291476244,88791,148,206,10858,
194.18393535331626,88790,149,206,10858,
194.18463921186694,88789,150,206,10858,
194.18608514913106,88789,149,207,10858,
194.1940098276282,88789,149,206,10859,
194.2132184274647,88788,150,206,10859,
194.2316067159482,88787,151,206,10859,
194.23707993032136,88786,152,206,10859,
194.24574863222261,88786,151,207,10859,
194.24944170261975,88786,151,206,10860,
194.25435181537884,88786,151,205,10861,
194.26228746666348,88786,150,206,10861,
194.26471266450244,88785,151,206,10861,
194.26591151554243,88785,151,205,10862,
194.2677615335667,88785,151,204,10863,
194.29559234086608,88785,150,205,10863,
194.30773071973263,88785,149,206,10863,
194.31034162894903,88784,150,206,10863,
194.31648489073575,88784,150,205,10864,
194.32285066423574,88783,151,205,10864,
194.37300712812532,88783,151,204,10865,
194.37737576910845,88782,152,204,10865,
194.39530154482594,88781,153,204,10865,
194.39639810622074,88781,153,203,10866,
194.400989779605,88780,154,203,10866,
194.4124684250476,88779,155,203,10866,
194.41701980242664,88778,156,203,10866,
194.42427405642647,88777,157,203,10866,
194.44515264605735,88777,156,204,10866,
194.44658105225625,88776,157,204,10866,
194.4641620012945,88775,158,204,10866,
194.4672378520376,88775,158,203,10867,
194.47212122330612,88775,157,204,10867,
194.47875598199138,88774,158,204,10867,
194.48164335157563,88774,157,205,10867,
194.49058217372354,88774,157,204,10868,
194.4966440382951,88774,157,203,10869,
194.50291442229872,88774,156,204,10869,
194.5081626059772,88774,155,205,10869,
194.5185832821521,88774,154,206,10869,
194.5240532719464,88774,154,205,10870,
194.53713872176493,88774,153,206,10870,
194.53845641988966,88774,153,205,10871,
194.56036759013642,88774,152,206,10871,
194.56263595260808,88774,151,207,10871,
194.58608159105552,88774,151,206,10872,
194.58687139734786,88773,152,206,10872,
194.59956904798116,88772,153,206,10872,
194.6024893451545,88771,154,206,10872,
194.60801468258808,88771,154,205,10873,
194.62476956126267,88771,154,204,10874,
194.63034514070165,88770,155,204,10874,
194.64329151655804,88770,155,203,10875,
194.64684966759492,88769,156,203,10875,
194.64722656043273,88768,157,203,10875,
194.65877912055998,88768,157,202,10876,
194.6590525910779,88768,156,203,10876,
194.6617053295363,88768,156,202,10877,
194.66559788101196,88767,157,202,10877,
194.66636318034813,88766,158,202,10877,
194.72106170188596,88765,159,202,10877,
194.75006486019234,88764,160,202,10877,
194.75311745010296,88763,161,202,10877,
194.76005277055884,88762,162,202,10877,
194.76824881616233,88762,161,203,10877,
194.7714223744332,88761,162,203,10877,
194.77601529155737,88760,163,203,10877,
194.79244778441705,88760,163,202,10878,
194.79704114436774,88759,164,202,10878,
194.81541680263214,88759,163,203,10878,
194.83336317017688,88759,162,204,10878,
194.84707102921078,88759,161,205,10878,
194.85355441980477,88759,161,204,10879,
194.85644154012306,88759,160,205,10879,
194.8728684878612,88759,159,206,10879,
194.87394354015885,88758,160,206,10879,
194.87496191231222,88758,160,205,10880,
194.88751335777278,88758,159,206,10880,
194.8984700602471,88758,158,207,10880,
194.90613985501935,88758,157,208,10880,
194.90724529426134,88757,158,208,10880,
194.9112324898657,88756,159,208,10880,
194.913865882827,88756,159,207,10881,
194.91811293845774,88756,158,208,10881,
194.92598553378144,88755,159,208,10881,
194.94886665561452,88755,159,207,10882,
194.95288791768635,88755,159,206,10883,
194.95605806075355,88755,158,207,10883,
194.96261453852432,88755,158,206,10884,
194.97063291401258,88755,158,205,10885,
194.97087353062403,88755,158,204,10886,
194.97781878069034,88755,158,203,10887,
194.99749573370326,88754,159,203,10887,
195.00477319397413,88753,160,203,10887,
195.01318746851882,88753,159,204,10887,
195.01577650186707,88753,159,203,10888,
195.02645196669144,88753,159,202,10889,
195.0398431638728,88752,160,202,10889,
195.04080619117303,88752,160,201,10890,
195.05727777595214,88752,160,200,10891,
195.05882348607398,88751,161,200,10891,
195.0836355314908,88751,160,201,10891,
195.11955471610108,88751,159,202,10891,
195.13206926121012,88751,158,203,10891,
195.1333617964946,88751,158,202,10892,
195.13416243752545,88751,157,203,10892,
195.13673203877323,88751,156,204,10892,
195.1446356764553,88750,157,204,10892,
195.1462433619936,88750,156,205,10892,
195.16522629214924,88749,157,205,10892,
195.1779187148625,88749,157,204,10893,
195.20170954608378,88748,158,204,10893,
195.20346915453052,88747,159,204,10893,
195.21226904240092,88747,159,203,10894,
195.22849223291507,88746,160,203,10894,
195.24324149602984,88746,159,204,10894,
195.24624872207627,88746,159,203,10895,
195.2755815465509,88745,160,203,10895,
195.2805845200477,88745,159,204,10895,
195.28606043402112,88745,159,203,10896,
195.31902191851512,88745,159,202,10897,
195.33260876835456,88744,160,202,10897,
195.3476646630691,88743,161,202,10897,
195.3476915230057,88742,162,202,10897,
195.3492469509259,88742,161,203,10897,
195.35144604230794,88742,160,204,10897,
195.36148736254043,88741,161,204,10897,
195.37203348237963,88741,161,203,10898,
195.37461132904554,88741,160,204,10898,
195.3778115783278,88741,159,205,10898,
195.39194502468342,88740,160,205,10898,
195.4148626060334,88739,161,205,10898,
195.42314710643117,88738,162,205,10898,
195.47384345352702,88738,162,204,10899,
195.48545394254248,88738,161,205,10899,
195.48839938056284,88738,160,206,10899,
195.5071425176838,88738,160,205,10900,
195.51424557297617,88737,161,205,10900,
195.55424696031972,88737,160,206,10900,
195.5559197677358,88737,159,207,10900,
195.56187414865303,88737,158,208,10900,
195.57503393800334,88737,158,207,10901,
195.57773766054535,88737,157,208,10901,
195.58421792656839,88737,156,209,10901,
195.58484856860431,88737,155,210,10901,
195.5865676102418,88737,154,211,10901,
195.59872966016172,88737,153,212,10901,
195.60820131819418,88737,153,211,10902,
195.61988986436356,88737,152,212,10902,
195.62034744349975,88737,152,211,10903,
195.63537429460777,88737,152,210,10904,
195.6410014157766,88736,153,210,10904,
195.64511320704963,88736,153,209,10905,
195.66135190771791,88735,154,209,10905,
195.66363541909823,88735,154,208,10906,
195.6733184858449,88734,155,208,10906,
195.6826329719627,88733,156,208,10906,
195.68600567381256,88732,157,208,10906,
195.69734582403646,88731,158,208,10906,
195.70188713134303,88730,159,208,10906,
195.70750554379296,88730,158,209,10906,
195.74496806852622,88730,157,210,10906,
195.75425662064396,88730,156,211,10906,
195.7621715863763,88730,155,212,10906,
195.79200107224307,88730,154,213,10906,
195.8001523363809,88730,154,212,10907,
195.83177199694558,88730,154,211,10908,
195.85324932420318,88730,153,212,10908,
195.85630582310287,88730,153,211,10909,
195.86309756971656,88730,152,212,10909,
195.86657049478302,88730,152,211,10910,
195.87959408186148,88730,151,212,10910,
195.90371308212198,88729,152,212,10910,
195.9042039032798,88728,153,212,10910,
195.9105262675974,88728,152,213,10910,
195.9111088440631,88728,152,212,10911,
195.9260188332327,88728,151,213,10911,
195.92685755087848,88727,152,213,10911,
195.94120251309064,88727,151,214,10911,
195.95982625480377,88727,150,215,10911,
195.9687195396769,88727,149,216,10911,
195.97533263976632,88726,150,216,10911,
195.99729083716701,88726,150,215,10912,
195.99773809123053,88725,151,215,10912,
196.03490348617933,88724,152,215,10912,
196.05313208421032,88724,152,214,10913,
196.06087185313692,88723,153,214,10913,
196.07462157712106,88723,153,213,10914,
196.08749604848774,88723,152,214,10914,
196.08847966696598,88723,152,213,10915,
196.09190180227608,88723,152,212,10916,
196.10473563170967,88723,152,211,10917,
196.1194920463389,88722,153,211,10917,
196.1329757812099,88722,152,212,10917,
196.14290158213925,88721,153,212,10917,
196.1501719142822,88721,152,213,10917,
196.16668685816649,88721,151,214,10917,
196.17951142032015,88721,150,215,10917,
196.17977426100498,88721,149,216,10917,
196.18862181237137,88720,150,216,10917,
196.20480934597032,88719,151,216,10917,
196.21298518449964,88719,151,215,10918,
196.22900273191067,88718,152,215,10918,
196.2328476543669,88718,152,214,10919,
196.2348618080364,88718,152,213,10920,
196.23763552690133,88717,153,213,10920,
196.2381059283472,88716,154,213,10920,
196.24054140371751,88716,154,212,10921,
196.24153887563682,88716,154,211,10922,
196.29182918846752,88715,155,211,10922,
196.29515982303576,88715,155,210,10923,
196.2994544648808,88715,154,211,10923,
196.3064793563842,88714,155,211,10923,
196.31364760305124,88713,156,211,10923,
196.34422497964948,88713,156,210,10924,
196.35455038762734,88712,157,210,10924,
196.3654604412872,88712,156,211,10924,
196.4009701484133,88711,157,211,10924,
196.4022570298103,88710,158,211,10924,
196.42469957545214,88709,159,211,10924,
196.43355975374106,88709,158,212,10924,
196.4401308440432,88708,159,212,10924,
196.44461585148218,88708,158,213,10924,
196.4470203322258,88707,159,213,10924,
196.462378884681,88706,160,213,10924,
196.47824491630368,88706,159,214,10924,
196.48381318141458,88706,158,215,10924,
196.49363132778717,88706,158,214,10925,
196.49494351411545,88706,158,213,10926,
196.5143144721706,88706,157,214,10926,
196.5320135773821,88706,156,215,10926,
196.54623499156773,88706,156,214,10927,
196.54655218640661,88705,157,214,10927,
196.55072903254887,88705,156,215,10927,
196.55773120132355,88704,157,215,10927,
196.56815907771343,88704,156,216,10927,
196.58104534640412,88703,157,216,10927,
196.58341559574293,88703,157,215,10928,
196.58813859800944,88702,158,215,10928,
196.60927074741358,88702,158,214,10929,
196.62482104378856,88702,157,215,10929,
196.62922992970272,88701,158,215,10929,
196.63103749926447,88701,158,214,10930,
196.6344539791707,88700,159,214,10930,
196.64085387039253,88700,159,213,10931,
196.6437844003577,88700,158,214,10931,
196.65879784157715,88700,157,215,10931,
196.66631264777504,88700,156,216,10931,
196.66669828745924,88700,156,215,10932,
196.67679981843702,88700,155,216,10932,
196.68760895920744,88700,154,217,10932,
196.69617153201682,88699,155,217,10932,
196.7022311003228,88699,155,216,10933,
196.70426214053285,88698,156,216,10933,
196.7082914886523,88698,156,215,10934,
196.70954586708123,88698,155,216,10934,
196.72766544374645,88698,154,217,10934,
196.72780410074247,88697,155,217,10934,
196.73008283909948,88697,154,218,10934,
196.7324764259629,88697,153,219,10934,
196.73861674956035,88696,154,219,10934,
196.74257855242473,88696,154,218,10935,
196.7509911052555,88696,154,217,10936,
196.75337208560637,88695,155,217,10936,
196.77950849204151,88695,154,218,10936,
196.78208310882007,88694,155,218,10936,
196.78327752484864,88694,155,217,10937,
196.7844858849441,88694,154,218,10937,
196.78489655296974,88694,153,219,10937,
196.8078855741594,88693,154,219,10937,
196.81821484379543,88692,155,219,10937,
196.8198383668415,88691,156,219,10937,
196.82182670399766,88690,157,219,10937,
196.83179808822064,88690,157,218,10938,
196.83652632697195,88689,158,218,10938,
196.84047861488062,88689,157,219,10938,
196.8686724335138,88688,158,219,10938,
196.88081958577257,88688,158,218,10939,
196.90483773141094,88688,158,217,10940,
196.90910823862876,88687,159,217,10940,
196.92012243366847,88686,160,217,10940,
196.92475780543012,88685,161,217,10940,
196.9252112780048,88685,161,216,10941,
196.93119191148241,88684,162,216,10941,
196.93495428695581,88684,161,217,10941,
196.94679784390647,88684,161,216,10942,
196.95303427592546,88684,160,217,10942,
196.96654476963076,88684,159,218,10942,
196.9807241406439,88683,160,218,10942,
196.98274959365227,88682,161,218,10942,
196.99249680953923,88682,161,217,10943,
196.99667125325476,88681,162,217,10943,
197.0028776661753,88681,162,216,10944,
197.0137077395122,88680,163,216,10944,
197.0168116950123,88679,164,216,10944,
197.02482721446898,88678,165,216,10944,
197.02935388940065,88677,166,216,10944,
197.03053621739966,88676,167,216,10944,
197.0333807389194,88675,168,216,10944,
197.03600972881554,88675,167,217,10944,
197.04558300560024,88675,167,216,10945,
197.0461256267117,88675,166,217,10945,
197.0508598757762,88675,166,216,10946,
197.06312749107957,88675,165,217,10946,
197.07258750185798,88674,166,217,10946,
197.0926258829899,88674,166,216,10947,
197.11198752683026,88673,167,216,10947,
197.12539927748486,88672,168,216,10947,
197.13916932425934,88672,168,215,10948,
197.1438812981388,88672,167,216,10948,
197.15064950216293,88672,166,217,10948,
197.15537399795926,88672,166,216,10949,
197.1597198131793,88672,166,215,10950,
197.16472303564433,88672,166,214,10951,
197.18968941012602,88672,165,215,10951,
197.1954391111807,88671,166,215,10951,
197.1962385042798,88671,165,216,10951,
197.1978385680371,88671,164,217,10951,
197.19944372128498,88670,165,217,10951,
197.20807350112494,88670,165,216,10952,
197.2097703901776,88670,165,215,10953,
197.2200822554377,88670,164,216,10953,
197.2243997413459,88669,165,216,10953,
197.24088092000449,88668,166,216,10953,
197.24861337881615,88668,166,215,10954,
197.25281033995788,88668,165,216,10954,
197.25958609811096,88668,164,217,10954,
197.26216255347006,88668,163,218,10954,
197.26453325707908,88667,164,218,10954,
197.29195395087896,88667,164,217,10955,
197.2954105313051,88666,165,217,10955,
197.2985864818967,88666,165,216,10956,
197.32075515874806,88665,166,216,10956,
197.32902560446686,88664,167,216,10956,
197.3294995205807,88664,166,217,10956,
197.33011300801112,88664,166,216,10957,
197.3307541562831,88663,167,216,10957,
197.3431532927997,88662,168,216,10957,
197.3538167533725,88661,169,216,10957,
197.3786854928012,88660,170,216,10957,
197.39161849183384,88659,171,216,10957,
197.39190399157073,88658,172,216,10957,
197.41996490602384,88658,171,217,10957,
197.42135968137123,88658,171,216,10958,
197.43485440494425,88658,171,215,10959,
197.47736631459682,88657,172,215,10959,
197.48452773174589,88656,173,215,10959,
197.49125597391517,88656,172,216,10959,
197.52502968939203,88656,172,215,10960,
197.53172399965447,88656,171,216,10960,
197.53840198619187,88655,172,216,10960,
197.5439187451937,88654,173,216,10960,
197.56522904934843,88654,173,215,10961,
197.5861330937546,88654,173,214,10962,
197.59166753185454,88653,174,214,10962,
197.60132844440835,88653,173,215,10962,
197.60780504309716,88653,172,216,10962,
197.6099631631554,88653,171,217,10962,
197.6409369112493,88653,171,216,10963,
197.65550861475546,88652,172,216,10963,
197.66225585531333,88652,171,217,10963,
197.6719897669363,88652,171,216,10964,
197.67929745106883,88651,172,216,10964,
197.69005967854488,88650,173,216,10964,
197.70354613266335,88650,172,217,10964,
197.70387225158714,88649,173,217,10964,
197.71530687343446,88648,174,217,10964,
197.72363118228375,88648,174,216,10965,
197.7271832983028,88648,174,215,10966,
197.7477680599349,88648,173,216,10966,
197.7642629035412,88647,174,216,10966,
197.77415379618932,88647,173,217,10966,
197.79061743707814,88646,174,217,10966,
197.82542551432945,88645,175,217,10966,
197.8274004854642,88645,175,216,10967,
197.8434944751047,88644,176,216,10967,
197.85436921141408,88644,176,215,10968,
197.85673469205878,88643,177,215,10968,
197.8868377609237,88642,178,215,10968,
197.90178996077753,88642,177,216,10968,
197.90782272187667,88642,177,215,10969,
197.90812088396748,88642,177,214,10970,
197.93083232897578,88642,176,215,10970,
197.9386673884117,88642,175,216,10970,
197.9433563505322,88641,176,216,10970,
197.94455248472823,88641,175,217,10970,
197.96507542296436,88641,174,218,10970,
197.96575830422944,88641,174,217,10971,
197.9727368021499,88641,174,216,10972,
197.9797308777034,88641,174,215,10973,
197.9928030215553,88640,175,215,10973,
198.00298458076605,88640,174,216,10973,
198.01211651076005,88639,175,216,10973,
198.015446801931,88639,175,215,10974,
198.03307769797675,88639,174,216,10974,
198.03617737458663,88638,175,216,10974,
198.0377487981877,88637,176,216,10974,
198.04523856953546,88637,175,217,10974,
198.04760196059095,88636,176,217,10974,
198.04933318599953,88636,175,218,10974,
198.05274567517333,88635,176,218,10974,
198.0538477684032,88635,175,219,10974,
198.05733050440844,88635,175,218,10975,
198.06310774494037,88635,174,219,10975,
198.0666734514455,88635,174,218,10976,
198.09730710528092,88634,175,218,10976,
198.1123464323224,88633,176,218,10976,
198.12085139315104,88633,175,219,10976,
198.1297861967308,88633,175,218,10977,
198.13118642729236,88633,175,217,10978,
198.13875984912184,88632,176,217,10978,
198.15187754405963,88632,175,218,10978,
198.15439659480597,88631,176,218,10978,
198.15913997846278,88630,177,218,10978,
198.18385131882633,88630,176,219,10978,
198.18646183146487,88629,177,219,10978,
198.1954244318272,88629,176,220,10978,
198.19593169863685,88629,175,221,10978,
198.19704187321804,88628,176,221,10978,
198.23657510336994,88627,177,221,10978,
198.2393555415071,88627,177,220,10979,
198.2409225304911,88627,176,221,10979,
198.24372106279063,88626,177,221,10979,
198.24683479750624,88625,178,221,10979,
198.25239335085217,88624,179,221,10979,
198.26876351698013,88623,180,221,10979,
198.2984397512623,88622,181,221,10979,
198.3132600067081,88621,182,221,10979,
198.31642657329684,88620,183,221,10979,
198.35989391035508,88619,184,221,10979,
198.36052590347117,88619,183,222,10979,
198.36254553649133,88619,182,223,10979,
198.36596956169714,88618,183,223,10979,
198.36906397869856,88618,183,222,10980,
198.39105314659056,88618,182,223,10980,
198.3933432977117,88617,183,223,10980,
198.397107128034,88617,183,222,10981,
198.40450520775008,88617,183,221,10982,
198.413591619797,88617,183,220,10983,
198.41909687330093,88616,184,220,10983,
198.42017696423798,88615,185,220,10983,
198.44019034638893,88614,186,220,10983,
198.44680700186208,88614,186,219,10984,
198.4630379601614,88614,185,220,10984,
198.46677534444703,88613,186,220,10984,
198.47168303566065,88613,185,221,10984,
198.4718832283812,88613,184,222,10984,
198.48897655895888,88613,184,221,10985,
198.4896944195714,88613,183,222,10985,
198.52373496185297,88613,182,223,10985,
198.5332325041739,88613,181,224,10985,
198.53506161831046,88613,181,223,10986,
198.54991212799692,88613,181,222,10987,
198.55080336355388,88613,180,223,10987,
198.55829020225158,88612,181,223,10987,
198.5688262997734,88612,181,222,10988,
198.5722914301095,88612,180,223,10988,
198.58825123193586,88612,179,224,10988,
198.59278438041733,88611,180,224,10988,
198.60235363221628,88610,181,224,10988,
198.60451011046288,88609,182,224,10988,
198.6081682136561,88609,182,223,10989,
198.6180523623067,88609,181,224,10989,
198.62134015506123,88608,182,224,10989,
198.625692372393,88607,183,224,10989,
198.63511806272948,88607,182,225,10989,
198.6388339556582,88607,182,224,10990,
198.64488887294914,88607,182,223,10991,
198.66041052402144,88607,181,224,10991,
198.6722586282452,88607,181,223,10992,
198.685776569169,88607,181,222,10993,
198.70752738845903,88607,180,223,10993,
198.7103008083897,88607,179,224,10993,
198.7369646921062,88606,180,224,10993,
198.79133158860668,88606,180,223,10994,
198.79402361205743,88605,181,223,10994,
198.8028855164581,88605,181,222,10995,
198.81126362519606,88605,181,221,10996,
198.81222691032278,88605,180,222,10996,
198.81738464904234,88605,179,223,10996,
198.83168911624992,88604,180,223,10996,
198.83651927325084,88604,179,224,10996,
198.8366641471687,88603,180,224,10996,
198.83848464425017,88603,179,225,10996,
198.83996399345023,88603,178,226,10996,
198.84089038607516,88602,179,226,10996,
198.85012809592575,88602,178,227,10996,
198.8545652020399,88602,178,226,10997,
198.85593261194543,88602,177,227,10997,
198.86310087257868,88601,178,227,10997,
198.8765245754305,88601,177,228,10997,
198.87678106406355,88600,178,228,10997,
198.88817059932688,88600,178,227,10998,
198.9491263417126,88599,179,227,10998,
198.96185940543617,88599,179,226,10999,
198.96933612892403,88599,178,227,10999,
198.97791335208134,88599,177,228,10999,
198.98953166818632,88599,177,227,11000,
198.9933359170355,88599,176,228,11000,
199.01441947595492,88599,176,227,11001,
199.0158518459341,88599,175,228,11001,
199.01902005571986,88599,174,229,11001,
199.0222474676503,88598,175,229,11001,
199.06388490553718,88598,175,228,11002,
199.0789335071792,88598,174,229,11002,
199.0899962167327,88598,173,230,11002,
199.09823129925982,88598,172,231,11002,
199.09859591557043,88597,173,231,11002,
199.10936908237014,88597,173,230,11003,
199.14055491977163,88596,174,230,11003,
199.14473757659425,88595,175,230,11003,
199.15018378013662,88595,174,231,11003,
199.16002090776487,88594,175,231,11003,
199.16225891089206,88594,174,232,11003,
199.1721573084084,88594,174,231,11004,
199.17295953614934,88594,174,230,11005,
199.19002146067362,88594,174,229,11006,
199.21405070487626,88594,173,230,11006,
199.2208135815282,88594,172,231,11006,
199.22730379988278,88593,173,231,11006,
199.24566997537025,88593,172,232,11006,
199.25399437059951,88593,172,231,11007,
199.25880284190927,88593,172,230,11008,
199.27604962130727,88593,171,231,11008,
199.27916306578484,88593,170,232,11008,
199.28477985299057,88593,170,231,11009,
199.29419574413856,88593,169,232,11009,
199.3118284986829,88592,170,232,11009,
199.33784049996797,88592,169,233,11009,
199.35534234235777,88591,170,233,11009,
199.3593453696771,88590,171,233,11009,
199.447926969691,88589,172,233,11009,
199.45576615892367,88588,173,233,11009,
199.45756665534358,88588,172,234,11009,
199.45990394146838,88587,173,234,11009,
199.46856360040042,88587,172,235,11009,
199.4718310820138,88586,173,235,11009,
199.49147553659955,88586,173,234,11010,
199.49914607097844,88586,173,233,11011,
199.50896970878432,88586,172,234,11011,
199.528022697483,88586,171,235,11011,
199.53443904303234,88586,171,234,11012,
199.54722956205268,88585,172,234,11012,
199.5617072601662,88584,173,234,11012,
199.56572565634963,88584,172,235,11012,
199.57257187526636,88584,171,236,11012,
199.57809067449602,88583,172,236,11012,
199.59597179360216,88582,173,236,11012,
199.59788405902282,88581,174,236,11012,
199.60058460891528,88580,175,236,11012,
199.61069241951282,88580,174,237,11012,
199.61740991596434,88580,174,236,11013,
199.6215735378425,88580,174,235,11014,
199.62651342851757,88579,175,235,11014,
199.65999667126826,88579,175,234,11015,
199.66295170087622,88578,176,234,11015,
199.6660870963056,88577,177,234,11015,
199.6701654961697,88577,176,235,11015,
199.67950734650267,88577,175,236,11015,
199.6885797373668,88577,174,237,11015,
199.69749854993836,88577,173,238,11015,
199.74222413786882,88577,172,239,11015,
199.74236349187254,88577,172,238,11016,
199.75435349829223,88577,172,237,11017,
199.75503595467177,88576,173,237,11017,
199.75948515390027,88576,173,236,11018,
199.7798803820792,88576,173,235,11019,
199.78599470587636,88575,174,235,11019,
199.79014226147888,88575,174,234,11020,
199.79446078336707,88574,175,234,11020,
199.8089855616804,88574,174,235,11020,
199.813930282824,88573,175,235,11020,
199.8153381384627,88573,174,236,11020,
199.8198605240325,88572,175,236,11020,
199.82154873657612,88571,176,236,11020,
199.8266009477261,88571,175,237,11020,
199.84519957929308,88570,176,237,11020,
199.84640896167926,88569,177,237,11020,
199.86527953362676,88568,178,237,11020,
199.8685025124885,88567,179,237,11020,
199.87467452547594,88567,179,236,11021,
199.87975069366644,88567,178,237,11021,
199.88206738114354,88567,177,238,11021,
199.88502434820097,88566,178,238,11021,
199.88569698986944,88565,179,238,11021,
199.8940758771519,88565,179,237,11022,
199.89573388893396,88564,180,237,11022,
199.90269937263798,88563,181,237,11022,
199.91294396655522,88563,181,236,11023,
199.93942135678202,88563,180,237,11023,
199.94640896567304,88563,179,238,11023,
199.950327376108,88563,179,237,11024,
199.95989155356799,88563,179,236,11025,
199.96358949786574,88562,180,236,11025,
199.96389241832767,88562,180,235,11026,
199.9754836089934,88562,180,234,11027,
199.98278723975756,88562,179,235,11027,
199.98554741885656,88561,180,235,11027,
199.9880592897899,88561,180,234,11028,
200.00431399760015,88561,180,233,11029,
200.00736495290167,88561,180,232,11030,
200.0119993048692,88561,180,231,11031,
200.016370982189,88560,181,231,11031,
200.0213086987612,88560,180,232,11031,
200.02716224505122,88560,179,233,11031,
200.03128359431676,88560,178,234,11031,
200.0402105194627,88560,177,235,11031,
200.0415877539763,88559,178,235,11031,
200.0458870387367,88559,177,236,11031,
200.05514132108092,88558,178,236,11031,
200.05881521647774,88558,177,237,11031,
200.06395770740713,88558,177,236,11032,
200.07057338688637,88557,178,236,11032,
200.0766119961005,88556,179,236,11032,
200.09874673740754,88556,179,235,11033,
200.10912795332308,88555,180,235,11033,
200.11363050246595,88554,181,235,11033,
200.11515620377892,88554,180,236,11033,
200.12379973438647,88553,181,236,11033,
200.13729383667436,88552,182,236,11033,
200.13737379496712,88552,182,235,11034,
200.14155335374943,88552,182,234,11035,
200.15924232848613,88552,182,233,11036,
200.16384336718352,88551,183,233,11036,
200.17525845886783,88550,184,233,11036,
200.1758082516161,88550,184,232,11037,
200.19287530184468,88549,185,232,11037,
200.19562257435908,88549,185,231,11038,
200.19705048849818,88548,186,231,11038,
200.22604986922357,88548,185,232,11038,
200.24493039739968,88548,184,233,11038,
200.25150956197126,88548,183,234,11038,
200.26376566945896,88547,184,234,11038,
200.26951224938696,88547,183,235,11038,
200.27491765914624,88547,183,234,11039,
200.28592502258658,88547,182,235,11039,
200.28933632772646,88547,181,236,11039,
200.30116874382617,88547,180,237,11039,
200.30574260833689,88546,181,237,11039,
200.30631581277416,88545,182,237,11039,
200.31905254200407,88544,183,237,11039,
200.32476665042623,88544,182,238,11039,
200.32922518084405,88543,183,238,11039,
200.33546701285252,88543,183,237,11040,
200.3356378379545,88542,184,237,11040,
200.34067888107398,88542,184,236,11041,
200.34243579533327,88542,183,237,11041,
200.34266518584022,88542,183,236,11042,
200.35146889285164,88542,182,237,11042,
200.3708944441221,88542,181,238,11042,
200.38699349506564,88542,181,237,11043,
200.3894776642441,88541,182,237,11043,
200.3899898476672,88540,183,237,11043,
200.41824240914133,88540,182,238,11043,
200.4229614845598,88539,183,238,11043,
200.426655805892,88538,184,238,11043,
200.42905028607638,88538,183,239,11043,
200.4304295195405,88538,182,240,11043,
200.43945372312916,88538,182,239,11044,
200.44139289326472,88538,181,240,11044,
200.44250430323638,88537,182,240,11044,
200.44364631510138,88537,181,241,11044,
200.45809709428238,88536,182,241,11044,
200.48414860418194,88536,182,240,11045,
200.49412744109765,88536,181,241,11045,
200.50048769137499,88536,180,242,11045,
200.51546279019968,88535,181,242,11045,
200.53796812407097,88535,180,243,11045,
200.54329737445846,88535,179,244,11045,
200.56148273217678,88535,178,245,11045,
200.57617009560894,88535,177,246,11045,
200.58110892664592,88534,178,246,11045,
200.5820606887209,88533,179,246,11045,
200.58359110296894,88532,180,246,11045,
200.60875917819803,88531,181,246,11045,
200.6095571826745,88530,182,246,11045,
200.61192696066843,88530,181,247,11045,
200.6177419133835,88529,182,247,11045,
200.6299576330382,88528,183,247,11045,
200.6303542178452,88528,182,248,11045,
200.63307467369742,88528,182,247,11046,
200.64143079787834,88528,182,246,11047,
200.66156091683237,88527,183,246,11047,
200.67434762540526,88526,184,246,11047,
200.70057508647608,88526,183,247,11047,
200.70402747008654,88526,182,248,11047,
200.73815903884935,88525,183,248,11047,
200.75306769596594,88524,184,248,11047,
200.7533812413446,88523,185,248,11047,
200.7536213329477,88522,186,248,11047,
200.75465196920734,88522,185,249,11047,
200.7605885732914,88522,185,248,11048,
200.77755034976062,88522,184,249,11048,
200.78555408981086,88522,183,250,11048,
200.81373597018256,88522,183,249,11049,
200.8186770090304,88522,183,248,11050,
200.8217707576671,88522,183,247,11051,
200.82843251335808,88522,183,246,11052,
200.82993181104445,88521,184,246,11052,
200.84434325660231,88520,185,246,11052,
200.8529638667374,88520,185,245,11053,
200.8555543413635,88520,184,246,11053,
200.86284769302867,88519,185,246,11053,
200.86590157367917,88519,185,245,11054,
200.86991611360148,88518,186,245,11054,
200.87769134322556,88518,185,246,11054,
200.90783316240865,88518,184,247,11054,
200.91882049969257,88517,185,247,11054,
200.9481579423347,88517,184,248,11054,
200.97986188793,88517,184,247,11055,
200.98031258113394,88516,185,247,11055,
200.98313226093816,88516,184,248,11055,
201.01222006316763,88515,185,248,11055,
201.01534673757322,88514,186,248,11055,
201.025922334172,88513,187,248,11055,
201.0277218144712,88512,188,248,11055,
201.0389976861968,88512,187,249,11055,
201.05269059041393,88512,186,250,11055,
201.0707508228588,88512,186,249,11056,
201.07776740236005,88511,187,249,11056,
201.07885291878446,88511,186,250,11056,
201.0866795588498,88510,187,250,11056,
201.10087342250253,88509,188,250,11056,
201.10812012134787,88509,188,249,11057,
201.13260538238708,88509,188,248,11058,
201.1382129263309,88509,188,247,11059,
201.1498814191275,88509,187,248,11059,
201.15789107344855,88509,187,247,11060,
201.1669971573876,88509,187,246,11061,
201.1681674339398,88509,186,247,11061,
201.18747137633028,88509,186,246,11062,
201.209421087351,88508,187,246,11062,
201.20961787658442,88508,186,247,11062,
201.2260325251416,88508,186,246,11063,
201.2315498552849,88508,185,247,11063,
201.2380299643063,88508,185,246,11064,
201.2491566298165,88507,186,246,11064,
201.28456361859168,88507,186,245,11065,
201.2939134708639,88506,187,245,11065,
201.30425959645675,88505,188,245,11065,
201.30672236327248,88505,187,246,11065,
201.31345838036148,88505,187,245,11066,
201.31381683535568,88505,187,244,11067,
201.32052954720737,88504,188,244,11067,
201.3260273483746,88504,188,243,11068,
201.3390136984114,88503,189,243,11068,
201.34429790676103,88502,190,243,11068,
201.35551445363132,88501,191,243,11068,
201.35740462996125,88501,191,242,11069,
201.3633711541701,88500,192,242,11069,
201.3676745657227,88499,193,242,11069,
201.37401336137455,88498,194,242,11069,
201.3840300597742,88497,195,242,11069,
201.38519653305028,88497,194,243,11069,
201.38942790966416,88496,195,243,11069,
201.39948870852538,88496,194,244,11069,
201.4350156067083,88496,193,245,11069,
201.44938761562557,88496,192,246,11069,
201.45180836507018,88495,193,246,11069,
201.46636575182,88494,194,246,11069,
201.4667047095088,88494,193,247,11069,
201.4767734910726,88493,194,247,11069,
201.47907993134305,88493,194,246,11070,
201.48237561998104,88493,194,245,11071,
201.4841970915162,88492,195,245,11071,
201.49003180751092,88491,196,245,11071,
201.5248982393469,88490,197,245,11071,
201.5256683223492,88489,198,245,11071,
201.52742388903084,88489,198,244,11072,
201.5302066847143,88489,198,243,11073,
201.53570931820136,88489,197,244,11073,
201.55198173058136,88489,197,243,11074,
201.5630414914109,88489,196,244,11074,
201.56649106840516,88488,197,244,11074,
201.57176041631476,88488,196,245,11074,
201.58171916659916,88488,196,244,11075,
201.58197453949435,88488,196,243,11076,
201.59193533569956,88488,195,244,11076,
201.59447426022473,88488,195,243,11077,
201.59690830872347,88488,194,244,11077,
201.61466115661705,88488,193,245,11077,
201.61991944128286,88488,192,246,11077,
201.6264606048057,88488,191,247,11077,
201.62896208586136,88488,190,248,11077,
201.65163703106322,88488,189,249,11077,
201.6561011551765,88488,188,250,11077,
201.66899905405762,88487,189,250,11077,
201.67801765034244,88487,188,251,11077,
201.68273454234614,88487,187,252,11077,
201.68499983924755,88486,188,252,11077,
201.6939871695677,88486,187,253,11077,
201.69837058542046,88485,188,253,11077,
201.72244896076006,88484,189,253,11077,
201.73048717178887,88484,188,254,11077,
201.73567302097604,88484,188,253,11078,
201.74576063307563,88483,189,253,11078,
201.7637976178314,88482,190,253,11078,
201.7649132820673,88481,191,253,11078,
201.76574717712424,88481,190,254,11078,
201.77128594394108,88481,189,255,11078,
201.80371190957732,88480,190,255,11078,
201.80649601060352,88480,189,256,11078,
201.81561674140048,88480,189,255,11079,
201.8414552063312,88480,188,256,11079,
201.84991615098605,88480,187,257,11079,
201.8590647518243,88480,186,258,11079,
201.86996389432795,88479,187,258,11079,
201.87039726842048,88479,186,259,11079,
201.88332127846047,88478,187,259,11079,
201.89378639907093,88478,186,260,11079,
201.89510752892554,88478,185,261,11079,
201.89745821435645,88478,185,260,11080,
201.9009825405989,88478,185,259,11081,
201.90338508294215,88477,186,259,11081,
201.93250324443522,88477,186,258,11082,
201.94413829761746,88476,187,258,11082,
201.95022352053564,88475,188,258,11082,
201.9734789202426,88475,188,257,11083,
201.97902401604594,88474,189,257,11083,
201.9805725498647,88474,189,256,11084,
201.985072733095,88473,190,256,11084,
201.98948347547326,88473,189,257,11084,
202.00223016309596,88472,190,257,11084,
202.01657994645393,88472,189,258,11084,
202.0211419061951,88472,189,257,11085,
202.02470908397072,88472,189,256,11086,
202.02782984442854,88472,188,257,11086,
202.0458107055088,88472,187,258,11086,
202.0601495817704,88472,186,259,11086,
202.06131884184975,88472,186,258,11087,
202.06154529278518,88472,186,257,11088,
202.0638100938043,88471,187,257,11088,
202.07983797928438,88471,187,256,11089,
202.08331152002313,88470,188,256,11089,
202.08925259069622,88470,187,257,11089,
202.0903632758268,88470,186,258,11089,
202.10012344227118,88469,187,258,11089,
202.11206580169917,88469,186,259,11089,
202.11466732805982,88469,186,258,11090,
202.11812572784964,88469,186,257,11091,
202.13666777172617,88468,187,257,11091,
202.1451620700673,88468,186,258,11091,
202.14616975857254,88468,186,257,11092,
202.15118895390378,88468,186,256,11093,
202.15224135950822,88467,187,256,11093,
202.1559030363452,88466,188,256,11093,
202.15786766970865,88466,187,257,11093,
202.15930010562644,88465,188,257,11093,
202.22140334383823,88465,187,258,11093,
202.2504758771699,88465,186,259,11093,
202.26262033983272,88464,187,259,11093,
202.28453729631377,88464,187,258,11094,
202.28958545453003,88464,187,257,11095,
202.29900438584895,88464,186,258,11095,
202.30936926156028,88463,187,258,11095,
202.3198435537848,88463,187,257,11096,
202.3231110974308,88463,187,256,11097,
202.3313449169476,88463,187,255,11098,
202.34672220232136,88463,186,256,11098,
202.35100957235738,88463,185,257,11098,
202.36439190573907,88462,186,257,11098,
202.36505600043463,88461,187,257,11098,
202.37039453386026,88461,187,256,11099,
202.37543171384095,88461,187,255,11100,
202.37751019392664,88461,187,254,11101,
202.37982924187412,88461,186,255,11101,
202.39363280833055,88461,186,254,11102,
202.40780942673558,88460,187,254,11102,
202.41364039678666,88460,186,255,11102,
202.43236708040754,88460,186,254,11103,
202.45671035036088,88460,186,253,11104,
202.45906596767273,88460,185,254,11104,
202.46528790142224,88459,186,254,11104,
202.4676229878706,88459,186,253,11105,
202.47065803545013,88458,187,253,11105,
202.47844040164543,88457,188,253,11105,
202.48810848753186,88457,187,254,11105,
202.5017777008418,88457,187,253,11106,
202.519593860708,88457,187,252,11107,
202.52006188393597,88457,187,251,11108,
202.53014127715795,88456,188,251,11108,
202.5396394974137,88455,189,251,11108,
202.54021469100675,88455,188,252,11108,
202.54352247306142,88455,187,253,11108,
202.548099097178,88454,188,253,11108,
202.55345058965173,88454,188,252,11109,
202.5599417444783,88454,187,253,11109,
202.5692788738706,88454,186,254,11109,
202.57956258309756,88454,186,253,11110,
202.5803124666407,88454,186,252,11111,
202.58086352515454,88454,185,253,11111,
202.59356256050657,88454,184,254,11111,
202.59805532113836,88454,183,255,11111,
202.5989170636231,88454,183,254,11112,
202.6324550975274,88454,182,255,11112,
202.63278748774573,88454,181,256,11112,
202.6377953622423,88454,181,255,11113,
202.6380275562633,88453,182,255,11113,
202.65852693303805,88453,182,254,11114,
202.65893815212476,88453,181,255,11114,
202.66271156312047,88452,182,255,11114,
202.67099183158223,88452,181,256,11114,
202.67284425541231,88451,182,256,11114,
202.67494999476654,88451,182,255,11115,
202.67772620471388,88451,182,254,11116,
202.68129518005105,88450,183,254,11116,
202.6941155544077,88449,184,254,11116,
202.7297588733503,88449,183,255,11116,
202.73938622915063,88449,182,256,11116,
202.75051254999843,88448,183,256,11116,
202.76162771266823,88448,183,255,11117,
202.76655837950165,88448,182,256,11117,
202.77120338776228,88447,183,256,11117,
202.7790653845789,88447,182,257,11117,
202.78691333568577,88446,183,257,11117,
202.7929851717648,88446,183,256,11118,
202.79317534619204,88446,182,257,11118,
202.8049315408164,88446,182,256,11119,
202.81562743011793,88446,182,255,11120,
202.819065381793,88446,182,254,11121,
202.82806620109702,88445,183,254,11121,
202.83288165966033,88444,184,254,11121,
202.8380378893834,88444,183,255,11121,
202.86019789138587,88443,184,255,11121,
202.87078001277598,88442,185,255,11121,
202.87307900727004,88441,186,255,11121,
202.90499262540916,88441,186,254,11122,
202.90545133843483,88441,186,253,11123,
202.90736011888418,88440,187,253,11123,
202.90809884486683,88439,188,253,11123,
202.94129099157252,88439,188,252,11124,
202.94133815733417,88439,187,253,11124,
202.94160186691923,88439,187,252,11125,
202.95053675909665,88438,188,252,11125,
202.9564515348016,88438,187,253,11125,
202.9600020161373,88437,188,253,11125,
203.000930028095,88436,189,253,11125,
203.02637123985713,88435,190,253,11125,
203.03146621992778,88435,190,252,11126,
203.03684475194274,88434,191,252,11126,
203.04075714028926,88433,192,252,11126,
203.05427182938922,88432,193,252,11126,
203.05573675582343,88432,192,253,11126,
203.06443499690445,88432,192,252,11127,
203.0687498132578,88431,193,252,11127,
203.07388182884816,88430,194,252,11127,
203.08381519882496,88430,194,251,11128,
203.0878303739248,88429,195,251,11128,
203.0942635241271,88428,196,251,11128,
203.1144975099018,88428,195,252,11128,
203.1218442707725,88427,196,252,11128,
203.1225464574349,88426,197,252,11128,
203.1234490411742,88426,196,253,11128,
203.12695044364824,88425,197,253,11128,
203.13632850080182,88424,198,253,11128,
203.14910556551644,88424,198,252,11129,
203.15418941314252,88423,199,252,11129,
203.16069811600167,88423,199,251,11130,
203.16742237836738,88423,198,252,11130,
203.16992135989636,88423,198,251,11131,
203.19230406077165,88422,199,251,11131,
203.2150185882642,88422,198,252,11131,
203.22858436479177,88422,197,253,11131,
203.23030768596604,88421,198,253,11131,
203.23958888886264,88420,199,253,11131,
203.26016284398125,88419,200,253,11131,
203.26023000794495,88419,199,254,11131,
203.2633573294516,88419,199,253,11132,
203.2657665815104,88419,199,252,11133,
203.27447919423992,88418,200,252,11133,
203.27823477279003,88418,200,251,11134,
203.28820632777578,88418,199,252,11134,
203.29114834495107,88418,198,253,11134,
203.2925459921694,88418,197,254,11134,
203.29284996793902,88417,198,254,11134,
203.29618871472144,88417,198,253,11135,
203.30183075466073,88417,197,254,11135,
203.30500660877175,88417,197,253,11136,
203.3213593815245,88417,197,252,11137,
203.33919517787945,88416,198,252,11137,
203.3520061383944,88416,197,253,11137,
203.38059221423134,88415,198,253,11137,
203.39640929417996,88414,199,253,11137,
203.4033474140666,88414,199,252,11138,
203.405781105409,88414,199,251,11139,
203.41533047016014,88413,200,251,11139,
203.41773502841903,88412,201,251,11139,
203.4240053326016,88411,202,251,11139,
203.42642252139495,88411,202,250,11140,
203.43005451325863,88411,202,249,11141,
203.48824147650822,88410,203,249,11141,
203.49764464956039,88410,202,250,11141,
203.51340834339538,88410,202,249,11142,
203.54258603304822,88409,203,249,11142,
203.54915271705156,88409,202,250,11142,
203.5508198416117,88409,202,249,11143,
203.55376007016275,88408,203,249,11143,
203.57492635408033,88407,204,249,11143,
203.59740221881313,88406,205,249,11143,
203.59799354108614,88406,204,250,11143,
203.60535365150355,88405,205,250,11143,
203.60705217186344,88405,205,249,11144,
203.61753249903003,88404,206,249,11144,
203.6279615771431,88404,205,250,11144,
203.6296173729671,88404,205,249,11145,
203.63654035269968,88404,205,248,11146,
203.64748091391033,88404,204,249,11146,
203.66227794999693,88404,204,248,11147,
203.66669766869293,88404,204,247,11148,
203.6800443411468,88404,203,248,11148,
203.68162133039158,88404,203,247,11149,
203.68487918786303,88403,204,247,11149,
203.70701093870204,88402,205,247,11149,
203.77891066244015,88401,206,247,11149,
203.77992531823534,88401,205,248,11149,
203.79837099579322,88401,205,247,11150,
203.80255861890365,88401,204,248,11150,
203.80603898904366,88400,205,248,11150,
203.81092578409138,88400,205,247,11151,
203.81423659057486,88399,206,247,11151,
203.8243379435967,88399,206,246,11152,
203.83279165020244,88399,205,247,11152,
203.86683367927986,88399,204,248,11152,
203.86925346831256,88398,205,248,11152,
203.87840664720235,88397,206,248,11152,
203.8880180459083,88397,206,247,11153,
203.89206531192082,88397,205,248,11153,
203.89260900338635,88397,205,247,11154,
203.89554863130175,88397,205,246,11155,
203.89629960908516,88396,206,246,11155,
203.9016367610366,88396,206,245,11156,
203.90214223931537,88395,207,245,11156,
203.91488542432288,88395,206,246,11156,
203.91533862970988,88395,206,245,11157,
203.91911767043945,88395,206,244,11158,
203.92829800827081,88394,207,244,11158,
203.93595116015314,88394,207,243,11159,
203.94372150654914,88394,206,244,11159,
203.95294243695102,88393,207,244,11159,
203.96118112113487,88392,208,244,11159,
203.96515086942264,88391,209,244,11159,
203.96849488069452,88391,209,243,11160,
203.97180014497366,88391,208,244,11160,
203.9761981621917,88390,209,244,11160,
203.98508881587097,88389,210,244,11160,
204.00818581738127,88388,211,244,11160,
204.01330930575745,88387,212,244,11160,
204.0134768507435,88387,211,245,11160,
204.01621669398907,88387,210,246,11160,
204.01763838533216,88387,209,247,11160,
204.03167430097358,88387,208,248,11160,
204.0404382938881,88387,208,247,11161,
204.0433065844001,88386,209,247,11161,
204.04574604006956,88386,208,248,11161,
204.0630086040106,88386,207,249,11161,
204.06640945998532,88386,207,248,11162,
204.07647667582776,88386,207,247,11163,
204.07780798762712,88386,206,248,11163,
204.0987363322203,88385,207,248,11163,
204.106158422794,88384,208,248,11163,
204.11364264014912,88384,207,249,11163,
204.11892736507713,88384,206,250,11163,
204.12285216366024,88383,207,250,11163,
204.13983542150197,88383,207,249,11164,
204.14597564266063,88383,206,250,11164,
204.1495784788697,88383,205,251,11164,
204.15650071019394,88383,204,252,11164,
204.1570350425861,88382,205,252,11164,
204.16784652197484,88382,204,253,11164,
204.1985233000557,88382,204,252,11165,
204.21794368330228,88382,204,251,11166,
204.22006773994323,88381,205,251,11166,
204.23185573076475,88381,205,250,11167,
204.23229207382437,88380,206,250,11167,
204.24011103975064,88379,207,250,11167,
204.25001158504057,88379,207,249,11168,
204.25425398291335,88379,206,250,11168,
204.2569703968677,88379,206,249,11169,
204.26011119749865,88378,207,249,11169,
204.26372907693946,88378,207,248,11170,
204.27457486778042,88377,208,248,11170,
204.2852755272328,88377,208,247,11171,
204.28674986996933,88377,208,246,11172,
204.28928194533614,88377,208,245,11173,
204.29961781671858,88376,209,245,11173,
204.3035303182089,88375,210,245,11173,
204.30561026867608,88375,210,244,11174,
204.3099907057806,88374,211,244,11174,
204.32525512863185,88373,212,244,11174,
204.32573132932512,88373,212,243,11175,
204.35740193790838,88372,213,243,11175,
204.35856944918388,88372,213,242,11176,
204.36669797313414,88372,212,243,11176,
204.3668403294502,88372,211,244,11176,
204.3836961477792,88372,211,243,11177,
204.38754852197988,88371,212,243,11177,
204.39879154243732,88371,211,244,11177,
204.399311099332,88370,212,244,11177,
204.40417871738111,88369,213,244,11177,
204.4274550620217,88369,212,245,11177,
204.43364747024518,88368,213,245,11177,
204.44271011793327,88368,213,244,11178,
204.44432601955853,88368,212,245,11178,
204.4584711062296,88367,213,245,11178,
204.45899008372163,88367,212,246,11178,
204.47191336602378,88367,212,245,11179,
204.47511534947162,88367,212,244,11180,
204.47966639352134,88366,213,244,11180,
204.50257149148396,88366,212,245,11180,
204.52664437884746,88365,213,245,11180,
204.5270125885883,88365,212,246,11180,
204.5428088609163,88364,213,246,11180,
204.54850218168346,88363,214,246,11180,
204.55057462682774,88363,213,247,11180,
204.55182037141995,88363,212,248,11180,
204.55397839632306,88362,213,248,11180,
204.57078421112857,88362,213,247,11181,
204.57966729533408,88362,212,248,11181,
204.58146634232216,88361,213,248,11181,
204.58267687226123,88360,214,248,11181,
204.5990720356492,88360,213,249,11181,
204.59960992262572,88360,212,250,11181,
204.61444863698154,88360,211,251,11181,
204.6484668435316,88359,212,251,11181,
204.66131992123132,88358,213,251,11181,
204.66382083909764,88358,212,252,11181,
204.67141642471967,88358,212,251,11182,
204.6792575706501,88357,213,251,11182,
204.68431559632523,88357,212,252,11182,
204.70235264895646,88357,211,253,11182,
204.70403128296766,88357,210,254,11182,
204.71193283845798,88357,209,255,11182,
204.7122680305976,88356,210,255,11182,
204.7191755462381,88356,210,254,11183,
204.7251135338001,88356,210,253,11184,
204.73496339750307,88356,210,252,11185,
204.74697868177037,88356,210,251,11186,
204.75161539513297,88356,209,252,11186,
204.78085875958175,88355,210,252,11186,
204.79594600230212,88354,211,252,11186,
204.80411297174814,88353,212,252,11186,
204.8066123376473,88353,211,253,11186,
204.82295210198575,88353,211,252,11187,
204.84178469069678,88353,210,253,11187,
204.85177875697744,88353,209,254,11187,
204.86323059431166,88353,208,255,11187,
204.8821310302285,88352,209,255,11187,
204.888344889735,88352,209,254,11188,
204.8957625304112,88352,208,255,11188,
204.8983062094283,88352,207,256,11188,
204.90171539805698,88352,207,255,11189,
204.9165566171803,88352,206,256,11189,
204.92416070583855,88351,207,256,11189,
204.9249057898797,88351,206,257,11189,
204.9274455838339,88350,207,257,11189,
204.92927340120985,88350,206,258,11189,
204.92983458168973,88349,207,258,11189,
204.93276247906607,88348,208,258,11189,
204.93431320060353,88347,209,258,11189,
204.9390904462355,88346,210,258,11189,
204.94450251091857,88346,209,259,11189,
204.9452039668941,88345,210,259,11189,
204.9705267826647,88344,211,259,11189,
204.9773036908675,88343,212,259,11189,
204.98442465743196,88343,211,260,11189,
204.99664307756956,88343,211,259,11190,
205.01180424514294,88342,212,259,11190,
205.0156849837757,88341,213,259,11190,
205.02051020373673,88341,213,258,11191,
205.03468285341694,88340,214,258,11191,
205.04888057646082,88340,213,259,11191,
205.05671476198512,88340,212,260,11191,
205.06041501561725,88340,212,259,11192,
205.06809940079756,88340,212,258,11193,
205.07469675756917,88339,213,258,11193,
205.0858965905885,88338,214,258,11193,
205.0870635869446,88337,215,258,11193,
205.09031857294823,88337,214,259,11193,
205.0976710469805,88336,215,259,11193,
205.10851244774406,88336,215,258,11194,
205.12804955236408,88336,215,257,11195,
205.1331306276846,88335,216,257,11195,
205.14262017434132,88335,215,258,11195,
205.1535501404516,88335,214,259,11195,
205.16616928002978,88335,214,258,11196,
205.17349858378293,88335,213,259,11196,
205.1756304250016,88334,214,259,11196,
205.17609560760982,88334,213,260,11196,
205.17910075841718,88334,212,261,11196,
205.18461887757923,88334,211,262,11196,
205.18628941047967,88333,212,262,11196,
205.18669568464315,88332,213,262,11196,
205.1870104912979,88331,214,262,11196,
205.20866188287562,88331,214,261,11197,
205.2168183939749,88331,214,260,11198,
205.2184972503968,88331,214,259,11199,
205.22289215982764,88331,214,258,11200,
205.23030860498824,88331,214,257,11201,
205.23181361616446,88330,215,257,11201,
205.23436434249652,88329,216,257,11201,
205.24049736905604,88329,215,258,11201,
205.27291967695467,88329,215,257,11202,
205.2861169483359,88329,215,256,11203,
205.30824824987684,88328,216,256,11203,
205.3310413532671,88327,217,256,11203,
205.34937669248686,88327,216,257,11203,
205.35681097562326,88327,216,256,11204,
205.35964943971877,88327,216,255,11205,
205.38101992412254,88326,217,255,11205,
205.38903448860538,88325,218,255,11205,
205.40187298766514,88325,217,256,11205,
205.40786896098135,88325,217,255,11206,
205.40901289693002,88324,218,255,11206,
205.42171160843253,88323,219,255,11206,
205.42195912686552,88323,219,254,11207,
205.42953178125802,88323,219,253,11208,
205.43087083149248,88323,218,254,11208,
205.4477083551634,88323,218,253,11209,
205.4525673655753,88323,217,254,11209,
205.46463867361265,88323,217,253,11210,
205.47076239811923,88322,218,253,11210,
205.4728690130418,88321,219,253,11210,
205.47461845625352,88320,220,253,11210,
205.48563287297614,88320,219,254,11210,
205.48672295933022,88320,219,253,11211,
205.4893371368967,88319,220,253,11211,
205.49846425785395,88319,219,254,11211,
205.51213876752814,88319,219,253,11212,
205.5144653077879,88318,220,253,11212,
205.52089193455132,88318,219,254,11212,
205.5215319740034,88318,219,253,11213,
205.5429469330196,88318,218,254,11213,
205.55644987869732,88317,219,254,11213,
205.56483528486382,88317,218,255,11213,
205.59145499616224,88316,219,255,11213,
205.59551780967655,88315,220,255,11213,
205.60678935015693,88315,220,254,11214,
205.60976018053202,88314,221,254,11214,
205.61672263987253,88313,222,254,11214,
205.61981263567785,88312,223,254,11214,
205.62598457841116,88312,223,253,11215,
205.62847765840846,88312,222,254,11215,
205.62920183470473,88311,223,254,11215,
205.63125019451698,88311,223,253,11216,
205.63240675753175,88311,223,252,11217,
205.64536077479127,88311,223,251,11218,
205.64692262130828,88310,224,251,11218,
205.6524438887877,88309,225,251,11218,
205.6606886465949,88309,224,252,11218,
205.66662302452414,88309,224,251,11219,
205.66667377542262,88309,223,252,11219,
205.67102535416484,88309,222,253,11219,
205.67663187701336,88308,223,253,11219,
205.6855875644036,88307,224,253,11219,
205.68719083149463,88307,223,254,11219,
205.68901009393423,88306,224,254,11219,
205.7049019912219,88306,223,255,11219,
205.70518330096047,88306,223,254,11220,
205.7069610551357,88306,223,253,11221,
205.70722647990033,88306,222,254,11221,
205.70996531756234,88306,222,253,11222,
205.71361429639433,88306,221,254,11222,
205.7254449628742,88306,220,255,11222,
205.73489423049955,88306,219,256,11222,
205.73822445337976,88306,218,257,11222,
205.74515224504728,88306,218,256,11223,
205.74777879522532,88306,218,255,11224,
205.7503890699794,88306,218,254,11225,
205.75484389488787,88306,217,255,11225,
205.76754885141517,88306,216,256,11225,
205.79999986954462,88306,216,255,11226,
205.8045476566755,88306,215,256,11226,
205.807240074627,88306,214,257,11226,
205.81596760333167,88306,214,256,11227,
205.84017750305662,88306,213,257,11227,
205.8472466063093,88306,212,258,11227,
205.86069768573904,88305,213,258,11227,
205.86718488843871,88305,212,259,11227,
205.87104977217274,88304,213,259,11227,
205.92649814831242,88303,214,259,11227,
205.92707395122875,88303,213,260,11227,
205.93264152603712,88303,213,259,11228,
205.93505890921946,88303,212,260,11228,
205.9493853168033,88303,211,261,11228,
205.94966051851821,88303,211,260,11229,
205.9536809335431,88303,210,261,11229,
205.96933040264307,88303,209,262,11229,
205.97342904617528,88303,209,261,11230,
205.9836928873393,88303,209,260,11231,
205.9838750209271,88303,208,261,11231,
205.99706330377592,88302,209,261,11231,
206.00471003609755,88301,210,261,11231,
206.02014155197136,88301,209,262,11231,
206.02543280977656,88301,208,263,11231,
206.03465264774124,88301,208,262,11232,
206.03497867057928,88301,207,263,11232,
206.0455674002404,88301,206,264,11232,
206.05715523107307,88301,205,265,11232,
206.06457689572545,88300,206,265,11232,
206.0680936696078,88299,207,265,11232,
206.06858951391058,88299,206,266,11232,
206.0761502922765,88298,207,266,11232,
206.10244363332131,88298,207,265,11233,
206.10877389572747,88298,206,266,11233,
206.11183332284463,88298,205,267,11233,
206.11200743125937,88298,205,266,11234,
206.1126667952999,88298,204,267,11234,
206.12366216859138,88298,203,268,11234,
206.13266422215898,88298,203,267,11235,
206.14324412240808,88298,203,266,11236,
206.14850188077816,88298,203,265,11237,
206.15411279817835,88298,202,266,11237,
206.15872830413335,88298,201,267,11237,
206.15955134338418,88298,201,266,11238,
206.1652788451276,88298,200,267,11238,
206.17213329027624,88298,199,268,11238,
206.17833040285214,88298,199,267,11239,
206.17885407584356,88298,198,268,11239,
206.1808618745705,88298,197,269,11239,
206.19459875147615,88297,198,269,11239,
206.19576403511368,88297,197,270,11239,
206.20021190181222,88296,198,270,11239,
206.2054069027346,88296,197,271,11239,
206.20899753433514,88296,197,270,11240,
206.21048909891408,88296,196,271,11240,
206.21444164235822,88296,195,272,11240,
206.2157920716749,88295,196,272,11240,
206.22075950001,88295,195,273,11240,
206.22405944885944,88294,196,273,11240,
206.2272775083432,88294,195,274,11240,
206.23441013190524,88294,194,275,11240,
206.25354723096387,88294,193,276,11240,
206.26181435808653,88294,193,275,11241,
206.2649241231724,88293,194,275,11241,
206.26861664089319,88293,194,274,11242,
206.28711346068093,88293,194,273,11243,
206.29317850475678,88292,195,273,11243,
206.29453281882599,88292,195,272,11244,
206.29756188158194,88292,194,273,11244,
206.29778446857225,88292,193,274,11244,
206.30546404198822,88292,193,273,11245,
206.31390154711653,88292,193,272,11246,
206.31653517723734,88292,193,271,11247,
206.3178867739422,88291,194,271,11247,
206.3288632615136,88291,194,270,11248,
206.34942102661648,88290,195,270,11248,
206.3562095285688,88290,194,271,11248,
206.35632650937242,88290,193,272,11248,
206.36125544321976,88289,194,272,11248,
206.3654258958688,88289,193,273,11248,
206.37367119872604,88289,193,272,11249,
206.3821504815254,88289,192,273,11249,
206.38339301193517,88289,191,274,11249,
206.38638728972728,88289,190,275,11249,
206.3922752241514,88288,191,275,11249,
206.39403898040777,88287,192,275,11249,
206.40218584774885,88286,193,275,11249,
206.4163643310635,88286,192,276,11249,
206.42298400137653,88286,192,275,11250,
206.42353569838144,88285,193,275,11250,
206.43531251592412,88285,193,274,11251,
206.44024479334914,88284,194,274,11251,
206.4584557561718,88283,195,274,11251,
206.4687841614542,88283,194,275,11251,
206.47372350824617,88283,194,274,11252,
206.48574112789612,88282,195,274,11252,
206.48962735189448,88281,196,274,11252,
206.50380433212882,88281,196,273,11253,
206.5081006516844,88281,196,272,11254,
206.5124444514728,88281,196,271,11255,
206.5158419778375,88281,195,272,11255,
206.51802713745428,88280,196,272,11255,
206.51865579894113,88280,195,273,11255,
206.5444134738808,88280,195,272,11256,
206.54844721561236,88280,195,271,11257,
206.56187959093177,88280,195,270,11258,
206.56490002717865,88280,195,269,11259,
206.58261215027653,88280,194,270,11259,
206.59102530888603,88280,193,271,11259,
206.59305561356058,88280,192,272,11259,
206.59842044751463,88279,193,272,11259,
206.61548357577854,88279,192,273,11259,
206.62597571650338,88278,193,273,11259,
206.63542871445983,88278,193,272,11260,
206.6443403644871,88277,194,272,11260,
206.6488767131873,88277,193,273,11260,
206.6490825771863,88277,192,274,11260,
206.65794263741824,88277,191,275,11260,
206.66181867660205,88276,192,275,11260,
206.6618456392008,88275,193,275,11260,
206.66283148681543,88274,194,275,11260,
206.66475798112583,88274,194,274,11261,
206.66910859465602,88274,194,273,11262,
206.6865345614502,88274,193,274,11262,
206.69534820267975,88274,192,275,11262,
206.70764368841938,88273,193,275,11262,
206.71311559979264,88272,194,275,11262,
206.72656160943436,88271,195,275,11262,
206.73279578446432,88271,194,276,11262,
206.73350862991862,88270,195,276,11262,
206.73514325570721,88269,196,276,11262,
206.73887389793728,88268,197,276,11262,
206.74778346999935,88268,196,277,11262,
206.74896250715088,88267,197,277,11262,
206.75428013082788,88266,198,277,11262,
206.75699050253158,88266,198,276,11263,
206.76090187511434,88266,198,275,11264,
206.7691102108892,88266,197,276,11264,
206.78016996758618,88266,197,275,11265,
206.7908979865987,88266,196,276,11265,
206.7950782660949,88266,196,275,11266,
206.80479732719874,88266,196,274,11267,
206.8085477430848,88266,196,273,11268,
206.81610409862571,88265,197,273,11268,
206.81793247552568,88264,198,273,11268,
206.81885271589306,88264,197,274,11268,
206.829099254791,88263,198,274,11268,
206.83132550074842,88263,198,273,11269,
206.8349210172567,88263,197,274,11269,
206.84314817565476,88262,198,274,11269,
206.8654838989887,88262,197,275,11269,
206.87296239871972,88262,197,274,11270,
206.90747978109928,88262,196,275,11270,
206.91051341166093,88262,196,274,11271,
206.91238098403886,88262,195,275,11271,
206.92068566298093,88262,195,274,11272,
206.9332287655571,88261,196,274,11272,
206.94554546480603,88261,196,273,11273,
206.94946914304796,88261,196,272,11274,
206.95692455829257,88261,196,271,11275,
206.96189697946133,88260,197,271,11275,
206.9652725643907,88260,197,270,11276,
206.9697401015291,88260,196,271,11276,
206.98042448862793,88259,197,271,11276,
206.98645388323595,88259,196,272,11276,
206.99938975936487,88259,196,271,11277,
207.00060096475863,88259,195,272,11277,
207.00450825086222,88258,196,272,11277,
207.00566619603438,88258,195,273,11277,
207.01418602605025,88257,196,273,11277,
207.01870024320112,88257,195,274,11277,
207.03183411161802,88257,194,275,11277,
207.05144871531428,88256,195,275,11277,
207.05778528070456,88255,196,275,11277,
207.05901202721475,88255,196,274,11278,
207.06906105158276,88254,197,274,11278,
207.0737695675193,88253,198,274,11278,
207.10742914121025,88252,199,274,11278,
207.110225349939,88251,200,274,11278,
207.11783901896126,88251,200,273,11279,
207.12931333933332,88251,200,272,11280,
207.13811064273983,88251,200,271,11281,
207.14039429671809,88251,200,270,11282,
207.1469157307944,88251,200,269,11283,
207.15576279011964,88250,201,269,11283,
207.18138322620052,88249,202,269,11283,
207.1962016659279,88249,201,270,11283,
207.1984621940557,88248,202,270,11283,
207.20303905702733,88248,201,271,11283,
207.20777880865649,88248,201,270,11284,
207.214159778875,88247,202,270,11284,
207.2235253870944,88247,201,271,11284,
207.22860873357035,88247,200,272,11284,
207.23331771407774,88246,201,272,11284,
207.2374544079339,88245,202,272,11284,
207.2459287563281,88244,203,272,11284,
207.2532711641669,88243,204,272,11284,
207.26199066987107,88243,203,273,11284,
207.2631454313409,88242,204,273,11284,
207.26610038916937,88241,205,273,11284,
207.28032035105292,88241,205,272,11285,
207.28365373509303,88241,204,273,11285,
207.2919068570547,88240,205,273,11285,
207.31261640341043,88240,205,272,11286,
207.32020884224937,88239,206,272,11286,
207.33361489457226,88238,207,272,11286,
207.33371641113888,88237,208,272,11286,
207.3366849698837,88237,207,273,11286,
207.34576002259388,88237,207,272,11287,
207.3495849977556,88236,208,272,11287,
207.35572284124464,88236,208,271,11288,
207.35888159867406,88235,209,271,11288,
207.362395718834,88234,210,271,11288,
207.36256892762754,88234,210,270,11289,
207.36257879793786,88234,210,269,11290,
207.37331568683013,88233,211,269,11290,
207.3749591555764,88232,212,269,11290,
207.37535174984208,88231,213,269,11290,
207.40163961782247,88231,213,268,11291,
207.40806083083353,88230,214,268,11291,
207.41293248312542,88229,215,268,11291,
207.42941178840084,88228,216,268,11291,
207.44523293120076,88228,215,269,11291,
207.45413698556592,88227,216,269,11291,
207.45476290207426,88227,215,270,11291,
207.46568012940673,88226,216,270,11291,
207.48665459379941,88225,217,270,11291,
207.49083318914938,88225,217,269,11292,
207.51708102439042,88225,216,270,11292,
207.524086153735,88225,216,269,11293,
207.54155331580816,88224,217,269,11293,
207.54624409167374,88223,218,269,11293,
207.56058256784752,88223,218,268,11294,
207.57575071655955,88223,218,267,11295,
207.57806402368817,88222,219,267,11295,
207.57828610515782,88221,220,267,11295,
207.57901923146022,88221,220,266,11296,
207.593849012566,88221,219,267,11296,
207.61024219188445,88221,218,268,11296,
207.61491202619692,88221,217,269,11296,
207.62830921827802,88221,216,270,11296,
207.6289742809858,88221,216,269,11297,
207.63163825930815,88221,215,270,11297,
207.64291213036586,88221,215,269,11298,
207.6465142404528,88221,214,270,11298,
207.66360608778768,88220,215,270,11298,
207.66433466489576,88219,216,270,11298,
207.67236187351946,88219,215,271,11298,
207.69279151828155,88219,214,272,11298,
207.70202114077168,88218,215,272,11298,
207.70268926149262,88218,215,271,11299,
207.70949799278472,88217,216,271,11299,
207.7163575574282,88216,217,271,11299,
207.7189763413337,88216,217,270,11300,
207.75977471647155,88216,217,269,11301,
207.76096855239817,88216,216,270,11301,
207.7627155922759,88215,217,270,11301,
207.79524427062424,88215,217,269,11302,
207.80215096115873,88215,216,270,11302,
207.81085612647243,88215,215,271,11302,
207.81347393113867,88214,216,271,11302,
207.81631065446916,88214,216,270,11303,
207.81938268583795,88213,217,270,11303,
207.83170114024372,88213,217,269,11304,
207.83663777055162,88213,217,268,11305,
207.8415510950812,88213,216,269,11305,
207.86736139886213,88213,215,270,11305,
207.87429665140428,88213,215,269,11306,
207.88032160757052,88212,216,269,11306,
207.90181059748596,88212,215,270,11306,
207.90803723956552,88212,214,271,11306,
207.90976133045564,88212,214,270,11307,
207.92619684991,88211,215,270,11307,
207.94602953440344,88211,215,269,11308,
207.94872039787546,88211,215,268,11309,
207.9508800044798,88211,215,267,11310,
207.95876928640072,88211,214,268,11310,
207.96276204714806,88211,214,267,11311,
207.96706482401123,88211,213,268,11311,
207.97305925191606,88211,213,267,11312,
208.0125168668154,88211,212,268,11312,
208.01612602397753,88211,211,269,11312,
208.0245112511407,88211,211,268,11313,
208.0340320389867,88211,211,267,11314,
208.03757513686256,88211,210,268,11314,
208.0396620461835,88211,209,269,11314,
208.04920126806138,88211,208,270,11314,
208.06877004416808,88210,209,270,11314,
208.06912439056242,88210,209,269,11315,
208.07392282525404,88210,209,268,11316,
208.09201371156394,88209,210,268,11316,
208.0946939768587,88209,209,269,11316,
208.10415171106257,88208,210,269,11316,
208.12081260666588,88208,209,270,11316,
208.15903695240513,88208,208,271,11316,
208.16626150288002,88208,207,272,11316,
208.16790299841168,88208,207,271,11317,
208.16946132572107,88207,208,271,11317,
208.16980476096685,88207,208,270,11318,
208.17106228300344,88207,207,271,11318,
208.17260719028909,88207,206,272,11318,
208.17588181623933,88206,207,272,11318,
208.18447964316147,88205,208,272,11318,
208.1882252716496,88204,209,272,11318,
208.18944819683853,88203,210,272,11318,
208.19170537993182,88203,209,273,11318,
208.19909188737253,88203,208,274,11318,
208.21985506498382,88202,209,274,11318,
208.23723969014446,88202,208,275,11318,
208.25969972923656,88201,209,275,11318,
208.2779423663649,88201,209,274,11319,
208.27973303306004,88201,208,275,11319,
208.2798353232298,88200,209,275,11319,
208.2798524816309,88200,209,274,11320,
208.2946704788411,88199,210,274,11320,
208.29755581091726,88198,211,274,11320,
208.32207528830298,88197,212,274,11320,
208.33360016972622,88196,213,274,11320,
208.3423212765394,88196,212,275,11320,
208.3563203763223,88195,213,275,11320,
208.36724383828331,88194,214,275,11320,
208.37944480380546,88194,213,276,11320,
208.38353183052902,88193,214,276,11320,
208.38409221394912,88193,213,277,11320,
208.3881555875817,88193,213,276,11321,
208.39001535044272,88193,212,277,11321,
208.39269349214644,88193,212,276,11322,
208.39509660462912,88192,213,276,11322,
208.4009772800558,88192,212,277,11322,
208.40983371310685,88191,213,277,11322,
208.41332461983978,88191,213,276,11323,
208.42553812984184,88191,212,277,11323,
208.42579191728413,88191,212,276,11324,
208.44793791650332,88191,211,277,11324,
208.45388704041676,88191,210,278,11324,
208.45462586228578,88190,211,278,11324,
208.47545898451918,88190,210,279,11324,
208.4805792126445,88190,209,280,11324,
208.51247346386836,88190,208,281,11324,
208.51410362969156,88190,207,282,11324,
208.5435982293752,88190,206,283,11324,
208.55050290109898,88190,205,284,11324,
208.60016048184633,88189,206,284,11324,
208.60221270964018,88189,206,283,11325,
208.61125557375553,88188,207,283,11325,
208.61673964327557,88188,207,282,11326,
208.62436895438313,88188,206,283,11326,
208.63484851389336,88187,207,283,11326,
208.63818101377097,88186,208,283,11326,
208.64345963263003,88185,209,283,11326,
208.65233665248718,88185,208,284,11326,
208.65743223875316,88185,208,283,11327,
208.6606176447973,88185,208,282,11328,
208.6699910666522,88184,209,282,11328,
208.67047188302072,88183,210,282,11328,
208.67065327644144,88182,211,282,11328,
208.70165817281656,88181,212,282,11328,
208.70705314718867,88181,211,283,11328,
208.72493818323318,88180,212,283,11328,
208.72633807897606,88180,212,282,11329,
208.7321401532929,88179,213,282,11329,
208.73359962428452,88178,214,282,11329,
208.7416151373899,88177,215,282,11329,
208.7545299352188,88177,214,283,11329,
208.77233334775104,88177,214,282,11330,
208.7729568158232,88177,214,281,11331,
208.77458834727494,88176,215,281,11331,
208.78059381741195,88176,214,282,11331,
208.7815061450013,88175,215,282,11331,
208.794299745438,88174,216,282,11331,
208.81589699687993,88173,217,282,11331,
208.82187965361967,88173,216,283,11331,
208.82504670765957,88173,216,282,11332,
208.82885207421435,88172,217,282,11332,
208.8350999428518,88172,217,281,11333,
208.83538875088468,88172,216,282,11333,
208.8383725892428,88171,217,282,11333,
208.84750663378904,88170,218,282,11333,
208.8500007497675,88170,217,283,11333,
208.86145663624583,88170,217,282,11334,
208.86366681044979,88170,216,283,11334,
208.86490701036064,88170,215,284,11334,
208.87460983274724,88170,215,283,11335,
208.87767086817067,88170,214,284,11335,
208.8780381387563,88170,213,285,11335,
208.89796170196362,88170,213,284,11336,
208.90363763575183,88169,214,284,11336,
208.90453858606398,88169,214,283,11337,
208.91342155083348,88168,215,283,11337,
208.91529362805915,88167,216,283,11337,
208.9180927825032,88167,215,284,11337,
208.9191876322899,88166,216,284,11337,
208.9256472077499,88166,216,283,11338,
208.9354100508038,88165,217,283,11338,
208.94784505018242,88165,216,284,11338,
208.95322063948478,88164,217,284,11338,
208.95472116101072,88164,217,283,11339,
208.9551300885748,88163,218,283,11339,
208.96004738353946,88163,217,284,11339,
208.96776315245242,88163,216,285,11339,
208.9771776970905,88163,215,286,11339,
208.9880387047788,88163,214,287,11339,
208.99100993124782,88162,215,287,11339,
208.99490340924314,88161,216,287,11339,
209.0018432114293,88160,217,287,11339,
209.0056597584807,88160,217,286,11340,
209.0126721669935,88159,218,286,11340,
209.01283773666768,88159,218,285,11341,
209.0171860966085,88158,219,285,11341,
209.02406783609266,88157,220,285,11341,
209.0323079119436,88157,219,286,11341,
209.04892685203012,88157,219,285,11342,
209.0498419757984,88157,218,286,11342,
209.06517783004023,88157,217,287,11342,
209.0735709185353,88156,218,287,11342,
209.07910384320448,88156,217,288,11342,
209.0854882514161,88155,218,288,11342,
209.08625888646617,88154,219,288,11342,
209.0890291258016,88154,218,289,11342,
209.10255396714857,88154,217,290,11342,
209.11593936092885,88154,216,291,11342,
209.11620262670132,88153,217,291,11342,
209.15410010450637,88152,218,291,11342,
209.15812184306762,88151,219,291,11342,
209.1918876477156,88150,220,291,11342,
209.19519567529272,88150,220,290,11343,
209.19881489162242,88150,220,289,11344,
209.20493965845804,88149,221,289,11344,
209.2197946984342,88148,222,289,11344,
209.22131994697958,88148,221,290,11344,
209.22942176427466,88148,220,291,11344,
209.25015778851645,88148,219,292,11344,
209.25241634823482,88148,219,291,11345,
209.25820746108815,88147,220,291,11345,
209.26319509269726,88147,219,292,11345,
209.26388448831003,88146,220,292,11345,
209.28209234939857,88146,220,291,11346,
209.28497565755546,88146,219,292,11346,
209.3125202573428,88145,220,292,11346,
209.32051010276518,88145,219,293,11346,
209.32942433773584,88145,218,294,11346,
209.3321244801341,88145,217,295,11346,
209.3640891225379,88144,218,295,11346,
209.36782058359137,88143,219,295,11346,
209.38197036524096,88142,220,295,11346,
209.38988869294982,88141,221,295,11346,
209.41759881475883,88140,222,295,11346,
209.4187790627177,88140,221,296,11346,
209.42065207694242,88139,222,296,11346,
209.42136801988192,88139,221,297,11346,
209.42317453090192,88139,221,296,11347,
209.4462006494294,88139,220,297,11347,
209.45030134934322,88139,220,296,11348,
209.4617569600481,88138,221,296,11348,
209.48383369832126,88138,221,295,11349,
209.48947368928958,88138,221,294,11350,
209.48951445570702,88138,221,293,11351,
209.49160398176446,88138,220,294,11351,
209.51324347363305,88137,221,294,11351,
209.51686554251373,88137,221,293,11352,
209.52986525908267,88136,222,293,11352,
209.53482270972802,88136,222,292,11353,
209.54462828021724,88136,221,293,11353,
209.56287980223837,88136,221,292,11354,
209.59718454345665,88135,222,292,11354,
209.6018282374432,88135,221,293,11354,
209.60236367409783,88134,222,293,11354,
209.61250241934985,88134,222,292,11355,
209.61361758452557,88133,223,292,11355,
209.61665325306055,88133,223,291,11356,
209.6229764788284,88133,222,292,11356,
209.62627427629258,88133,221,293,11356,
209.62655484618924,88133,221,292,11357,
209.63437878752586,88132,222,292,11357,
209.6567429871819,88132,222,291,11358,
209.67265536920317,88132,222,290,11359,
209.68765455994523,88131,223,290,11359,
209.68947386219017,88131,223,289,11360,
209.69097366713513,88131,222,290,11360,
209.6998033453164,88130,223,290,11360,
209.70097683065035,88130,222,291,11360,
209.70104022415808,88129,223,291,11360,
209.7047011367646,88129,222,292,11360,
209.70593690481772,88128,223,292,11360,
209.71118184142645,88127,224,292,11360,
209.7127561886878,88127,223,293,11360,
209.71713684666628,88127,222,294,11360,
209.72584350599064,88127,222,293,11361,
209.7467663145128,88126,223,293,11361,
209.750791266827,88125,224,293,11361,
209.76618313729153,88125,224,292,11362,
209.77059754483247,88125,223,293,11362,
209.77900253490594,88124,224,293,11362,
209.78054217977035,88124,224,292,11363,
209.7954188883848,88124,223,293,11363,
209.79743565644503,88123,224,293,11363,
209.80676835824937,88123,223,294,11363,
209.8149266467695,88123,223,293,11364,
209.81529577671483,88123,223,292,11365,
209.81936529147237,88122,224,292,11365,
209.83427530152215,88122,223,293,11365,
209.83855159075458,88121,224,293,11365,
209.84765772024403,88120,225,293,11365,
209.8504067283368,88119,226,293,11365,
209.86051516400124,88119,226,292,11366,
209.86788106452994,88119,225,293,11366,
209.8683703606848,88118,226,293,11366,
209.88030328414138,88118,225,294,11366,
209.89920299237653,88118,225,293,11367,
209.9146283779219,88117,226,293,11367,
209.9230107110124,88117,226,292,11368,
209.92525253311663,88116,227,292,11368,
209.936214402801,88115,228,292,11368,
209.94161913769918,88115,227,293,11368,
209.9461899813883,88114,228,293,11368,
209.9536268277769,88113,229,293,11368,
209.95551358984238,88113,228,294,11368,
209.9850591006463,88112,229,294,11368,
209.9878024518194,88112,228,295,11368,
209.9898656693925,88112,227,296,11368,
209.99252917382566,88112,226,297,11368,
209.99864493618816,88112,226,296,11369,
210.00069386419733,88112,226,295,11370,
210.00388782921874,88111,227,295,11370,
210.01426953574418,88111,227,294,11371,
210.0232488023242,88111,226,295,11371,
210.023981530559,88111,225,296,11371,
210.02772733573678,88111,225,295,11372,
210.03589001956246,88111,225,294,11373,
210.06179027118333,88111,224,295,11373,
210.0620670256043,88110,225,295,11373,
210.06379887257793,88110,225,294,11374,
210.06917309913825,88110,224,295,11374,
210.0760116868011,88110,223,296,11374,
210.08034868799973,88110,223,295,11375,
210.08119754103194,88109,224,295,11375,
210.09362902748987,88108,225,295,11375,
210.09632412839872,88108,225,294,11376,
210.12639239435975,88108,224,295,11376,
210.14234695273996,88107,225,295,11376,
210.1508646649417,88106,226,295,11376,
210.15179108814073,88105,227,295,11376,
210.17262682275063,88105,227,294,11377,
210.176547156189,88104,228,294,11377,
210.1904412010744,88103,229,294,11377,
210.20721549380238,88102,230,294,11377,
210.21361065349336,88102,229,295,11377,
210.2146239241963,88102,228,296,11377,
210.2333139952864,88101,229,296,11377,
210.2436764095703,88101,229,295,11378,
210.26065175281377,88101,228,296,11378,
210.28712703269952,88100,229,296,11378,
210.29134173591117,88100,228,297,11378,
210.29711595154538,88099,229,297,11378,
210.2999921500845,88099,228,298,11378,
210.30259419739102,88098,229,298,11378,
210.3128754440653,88098,228,299,11378,
210.31549603418046,88098,228,298,11379,
210.32382434806797,88098,227,299,11379,
210.34021959074434,88098,227,298,11380,
210.36450583150778,88098,226,299,11380,
210.37292122607286,88098,226,298,11381,
210.38089960063752,88098,226,297,11382,
210.3815237952324,88098,226,296,11383,
210.38874580690987,88098,226,295,11384,
210.3922124168007,88098,225,296,11384,
210.44848010404093,88098,224,297,11384,
210.46026765618643,88097,225,297,11384,
210.46841317394833,88097,225,296,11385,
210.47909710832533,88096,226,296,11385,
210.4918167755821,88095,227,296,11385,
210.4969032096551,88095,227,295,11386,
210.5014384761244,88095,227,294,11387,
210.52065074943536,88095,226,295,11387,
210.53523334799402,88095,226,294,11388,
210.54848267639278,88095,226,293,11389,
210.54887673933595,88095,225,294,11389,
210.5560698372141,88094,226,294,11389,
210.55963025670542,88094,226,293,11390,
210.57028319094968,88093,227,293,11390,
210.57062617488552,88093,226,294,11390,
210.57552873455293,88093,225,295,11390,
210.6027043543128,88093,225,294,11391,
210.61457681849012,88092,226,294,11391,
210.62636160208734,88091,227,294,11391,
210.63271535120438,88091,226,295,11391,
210.66508539155535,88090,227,295,11391,
210.67241756575942,88090,227,294,11392,
210.68346778107184,88090,227,293,11393,
210.68432523558482,88090,227,292,11394,
210.68901265515734,88089,228,292,11394,
210.68948652432834,88089,227,293,11394,
210.71640313678242,88089,227,292,11395,
210.71901599126767,88089,226,293,11395,
210.72365849932027,88089,225,294,11395,
210.7331575961502,88089,224,295,11395,
210.7345822008814,88088,225,295,11395,
210.75572519245344,88087,226,295,11395,
210.75938552139957,88087,225,296,11395,
210.7751129140265,88087,225,295,11396,
210.77720419328475,88087,225,294,11397,
210.78000248922808,88086,226,294,11397,
210.78023783843912,88085,227,294,11397,
210.7816138866684,88085,226,295,11397,
210.7887824793404,88084,227,295,11397,
210.791835564845,88084,227,294,11398,
210.79253228078736,88083,228,294,11398,
210.8001443437512,88083,227,295,11398,
210.80844938574728,88083,227,294,11399,
210.82269608182554,88083,227,293,11400,
210.8309840764551,88083,227,292,11401,
210.83738505260447,88083,226,293,11401,
210.85669055640878,88083,226,292,11402,
210.86234925057872,88083,225,293,11402,
210.86444156211476,88083,225,292,11403,
210.87049250214565,88083,225,291,11404,
210.87200404187712,88083,224,292,11404,
210.87406057811268,88083,223,293,11404,
210.8915400043358,88082,224,293,11404,
210.89195093248514,88082,223,294,11404,
210.89987771750816,88082,223,293,11405,
210.90879251215776,88082,223,292,11406,
210.91489131901824,88082,223,291,11407,
210.92265281651186,88081,224,291,11407,
210.93379196257655,88080,225,291,11407,
210.94123923066473,88080,225,290,11408,
210.9574173956245,88079,226,290,11408,
210.95867622675547,88079,225,291,11408,
210.97229662198822,88079,224,292,11408,
210.99525533374702,88079,224,291,11409,
211.02073230893944,88078,225,291,11409,
211.02592033119524,88078,224,292,11409,
211.0284105465888,88078,224,291,11410,
211.03355826257052,88078,223,292,11410,
211.03481117315755,88078,222,293,11410,
211.06145109436991,88077,223,293,11410,
211.06157385648405,88077,223,292,11411,
211.0626571050416,88077,223,291,11412,
211.07077670564908,88077,222,292,11412,
211.07526518579843,88077,221,293,11412,
211.07643007362074,88077,221,292,11413,
211.07890023490978,88076,222,292,11413,
211.08651838588105,88075,223,292,11413,
211.0899476183609,88075,222,293,11413,
211.09586143153211,88074,223,293,11413,
211.09895373250276,88074,223,292,11414,
211.11684170692592,88074,223,291,11415,
211.11985366822324,88074,222,292,11415,
211.12588622533,88074,222,291,11416,
211.14054183800158,88073,223,291,11416,
211.14224849361122,88073,222,292,11416,
211.15078719972846,88072,223,292,11416,
211.15085045144144,88071,224,292,11416,
211.16307967814413,88070,225,292,11416,
211.16611567164892,88069,226,292,11416,
211.17084421061577,88069,225,293,11416,
211.17444733469978,88068,226,293,11416,
211.20820497003365,88068,226,292,11417,
211.21150678815283,88067,227,292,11417,
211.21627160919843,88067,226,293,11417,
211.22319286568634,88067,226,292,11418,
211.23053427060057,88066,227,292,11418,
211.2503805571709,88066,227,291,11419,
211.25351823931948,88066,227,290,11420,
211.25900975805698,88066,226,291,11420,
211.26355940493724,88065,227,291,11420,
211.2655178264934,88065,227,290,11421,
211.27589630157507,88064,228,290,11421,
211.27704672289684,88064,227,291,11421,
211.28808374100223,88064,227,290,11422,
211.30042632547844,88064,227,289,11423,
211.30445423111763,88063,228,289,11423,
211.3081737750719,88063,227,290,11423,
211.31838295603507,88063,226,291,11423,
211.32971049835893,88063,225,292,11423,
211.33832382387388,88063,224,293,11423,
211.34056348269746,88062,225,293,11423,
211.3751180633757,88061,226,293,11423,
211.3808267122506,88061,225,294,11423,
211.3831366937709,88061,224,295,11423,
211.39345554631421,88061,223,296,11423,
211.39914283125913,88060,224,296,11423,
211.405147309658,88060,224,295,11424,
211.4065752961868,88059,225,295,11424,
211.433041827586,88058,226,295,11424,
211.4348424369812,88057,227,295,11424,
211.43876127864237,88057,227,294,11425,
211.46108022283568,88057,227,293,11426,
211.4741213379944,88057,226,294,11426,
211.4845583226038,88057,225,295,11426,
211.48898302003394,88056,226,295,11426,
211.5246911865409,88055,227,295,11426,
211.52871176930108,88055,227,294,11427,
211.53332039504807,88054,228,294,11427,
211.54954780301767,88053,229,294,11427,
211.569691318188,88052,230,294,11427,
211.57705949474544,88052,229,295,11427,
211.58632806527467,88051,230,295,11427,
211.58998064109588,88051,229,296,11427,
211.60248664085572,88050,230,296,11427,
211.61910677926764,88050,229,297,11427,
211.62734599528977,88049,230,297,11427,
211.63805197307448,88049,229,298,11427,
211.64469176367487,88048,230,298,11427,
211.65383407937315,88048,230,297,11428,
211.66198890990205,88047,231,297,11428,
211.6627957436403,88047,230,298,11428,
211.66701034706915,88046,231,298,11428,
211.6686147394501,88046,230,299,11428,
211.67160339363443,88046,230,298,11429,
211.6738411425268,88046,230,297,11430,
211.68405074250938,88046,230,296,11431,
211.68569553310994,88046,229,297,11431,
211.68719860170333,88046,228,298,11431,
211.68854965894846,88046,228,297,11432,
211.70037313517346,88046,227,298,11432,
211.7095959230667,88046,226,299,11432,
211.71569013994014,88045,227,299,11432,
211.73440218040656,88045,226,300,11432,
211.74031067484896,88045,226,299,11433,
211.74093089666783,88044,227,299,11433,
211.74846109712436,88044,227,298,11434,
211.75515885170742,88044,226,299,11434,
211.7554154938631,88044,225,300,11434,
211.76865230976276,88044,224,301,11434,
211.78998914308423,88044,224,300,11435,
211.79257128314262,88043,225,300,11435,
211.79671402939823,88043,225,299,11436,
211.80942571537108,88043,225,298,11437,
211.8195463548271,88043,224,299,11437,
211.82361455453704,88043,223,300,11437,
211.82418235181274,88043,223,299,11438,
211.83331933122025,88042,224,299,11438,
211.8582558554093,88041,225,299,11438,
211.86044457884466,88041,224,300,11438,
211.86132488733705,88041,223,301,11438,
211.87126655040555,88041,223,300,11439,
211.87828989855922,88040,224,300,11439,
211.88938768757114,88040,223,301,11439,
211.90048950156984,88040,222,302,11439,
211.90088184725226,88040,222,301,11440,
211.90980142404382,88040,222,300,11441,
211.91462318989116,88039,223,300,11441,
211.91720299922125,88039,222,301,11441,
211.92521312686463,88039,221,302,11441,
211.92702829782488,88038,222,302,11441,
211.92973790214305,88038,221,303,11441,
211.9458470722864,88038,221,302,11442,
211.94598600984938,88038,221,301,11443,
211.98275864813047,88038,220,302,11443,
211.98888185292716,88037,221,302,11443,
211.99702446637679,88037,221,301,11444,
212.011722135416,88036,222,301,11444,
212.02181846525508,88036,221,302,11444,
212.04442864050318,88035,222,302,11444,
212.05367243406852,88034,223,302,11444,
212.06000101828127,88033,224,302,11444,
212.06036059353357,88032,225,302,11444,
212.0607026983579,88032,225,301,11445,
212.06109382628256,88031,226,301,11445,
212.068701643384,88030,227,301,11445,
212.07654198792986,88029,228,301,11445,
212.08908728744368,88028,229,301,11445,
212.09673914456812,88027,230,301,11445,
212.09808559024015,88027,229,302,11445,
212.1037144086807,88026,230,302,11445,
212.11198484932078,88026,229,303,11445,
212.12010329923106,88026,229,302,11446,
212.12595845067398,88025,230,302,11446,
212.12934253357608,88025,230,301,11447,
212.12972862006356,88024,231,301,11447,
212.140796233505,88024,231,300,11448,
212.14994010863603,88024,230,301,11448,
212.15366665628073,88024,230,300,11449,
212.15605843763004,88024,230,299,11450,
212.15701382789663,88024,230,298,11451,
212.16369058381255,88023,231,298,11451,
212.17337636468545,88023,230,299,11451,
212.1777128832805,88022,231,299,11451,
212.19464163233704,88022,230,300,11451,
212.1992287614441,88022,230,299,11452,
212.20963172678495,88022,229,300,11452,
212.21314029129402,88021,230,300,11452,
212.2244575877457,88021,229,301,11452,
212.22660171713483,88021,228,302,11452,
212.23316110091744,88020,229,302,11452,
212.25216468606746,88020,229,301,11453,
212.2527717927921,88020,229,300,11454,
212.25317888217035,88020,228,301,11454,
212.25331369840825,88019,229,301,11454,
212.25486362418644,88019,229,300,11455,
212.26684904686195,88019,229,299,11456,
212.2696357367347,88019,229,298,11457,
212.2704421052922,88019,229,297,11458,
212.2924036260848,88019,229,296,11459,
212.29755221520128,88019,229,295,11460,
212.31407274622384,88019,229,294,11461,
212.31672405035602,88018,230,294,11461,
212.3173564473764,88018,229,295,11461,
212.32030434170105,88018,229,294,11462,
212.3274393300416,88017,230,294,11462,
212.3279082053857,88017,230,293,11463,
212.35438222497817,88017,230,292,11464,
212.35649489501048,88016,231,292,11464,
212.35954953193607,88016,230,293,11464,
212.36064335416793,88016,230,292,11465,
212.3707221089787,88015,231,292,11465,
212.37933796364473,88014,232,292,11465,
212.38869118109977,88014,231,293,11465,
212.3913825219906,88014,230,294,11465,
212.39308769329142,88013,231,294,11465,
212.39751040584463,88012,232,294,11465,
212.402962082112,88012,231,295,11465,
212.4074470968245,88012,230,296,11465,
212.4175763986414,88011,231,296,11465,
212.4264384218159,88010,232,296,11465,
212.43706617597437,88009,233,296,11465,
212.4430526486404,88009,233,295,11466,
212.4476031571802,88009,232,296,11466,
212.44899495681886,88008,233,296,11466,
212.4584964719209,88008,233,295,11467,
212.4594367280657,88008,232,296,11467,
212.4628809646601,88008,231,297,11467,
212.4657272291152,88007,232,297,11467,
212.46681517841404,88007,231,298,11467,
212.48067932249663,88006,232,298,11467,
212.48163148174586,88006,231,299,11467,
212.50838200256823,88006,231,298,11468,
212.52484194720742,88006,230,299,11468,
212.5276995311324,88006,229,300,11468,
212.54598483801288,88006,229,299,11469,
212.54637068768497,88006,228,300,11469,
212.54998655576662,88006,228,299,11470,
212.5572106109426,88006,228,298,11471,
212.5591640201406,88006,228,297,11472,
212.56258281638486,88005,229,297,11472,
212.582219655592,88005,229,296,11473,
212.59284957176396,88005,229,295,11474,
212.5985780809362,88005,228,296,11474,
212.59977692331296,88005,227,297,11474,
212.60079361342252,88005,227,296,11475,
212.62248857373694,88005,226,297,11475,
212.6229578829499,88005,225,298,11475,
212.62336940509445,88004,226,298,11475,
212.62490697795795,88004,225,299,11475,
212.62602532433,88003,226,299,11475,
212.63756894892788,88003,226,298,11476,
212.6496673341179,88002,227,298,11476,
212.65125351361064,88002,226,299,11476,
212.66903465572955,88002,225,300,11476,
212.67530379444977,88001,226,300,11476,
212.68093421974558,88001,226,299,11477,
212.69133145083086,88001,225,300,11477,
212.69689530013744,88001,224,301,11477,
212.69962408160728,88000,225,301,11477,
212.70413964607212,87999,226,301,11477,
212.71066219897946,87999,225,302,11477,
212.72036861780862,87998,226,302,11477,
212.7218582350398,87998,226,301,11478,
212.72214667951144,87998,226,300,11479,
212.72751892145328,87997,227,300,11479,
212.73041665345505,87997,227,299,11480,
212.73296401261797,87997,226,300,11480,
212.74340054873116,87996,227,300,11480,
212.7436063298501,87995,228,300,11480,
212.7491069527325,87994,229,300,11480,
212.75139859113114,87993,230,300,11480,
212.75752296479672,87993,229,301,11480,
212.7588247575022,87993,229,300,11481,
212.76379558147377,87993,228,301,11481,
212.76423100657834,87993,227,302,11481,
212.7666029717931,87993,227,301,11482,
212.77196686273166,87993,227,300,11483,
212.77446183341212,87993,226,301,11483,
212.7789114416611,87993,225,302,11483,
212.78575466780833,87993,225,301,11484,
212.79917321155085,87993,225,300,11485,
212.80437968760444,87992,226,300,11485,
212.81818510508154,87992,225,301,11485,
212.82124279015216,87991,226,301,11485,
212.8265687949294,87991,225,302,11485,
212.8345800725194,87990,226,302,11485,
212.84077161443332,87990,225,303,11485,
212.8411140137998,87990,224,304,11485,
212.84518755028844,87990,224,303,11486,
212.8529462127739,87990,223,304,11486,
212.8577301665581,87989,224,304,11486,
212.8661508667964,87989,223,305,11486,
212.86667180675732,87989,222,306,11486,
212.86722204784246,87988,223,306,11486,
212.87976837695157,87988,222,307,11486,
212.88243454483055,87988,222,306,11487,
212.88458432130912,87988,221,307,11487,
212.88878707155928,87988,220,308,11487,
212.9066654997528,87988,220,307,11488,
212.90864827398883,87988,220,306,11489,
212.91593338078982,87988,219,307,11489,
212.92113517550885,87987,220,307,11489,
212.92646260988974,87986,221,307,11489,
212.93100311342783,87986,221,306,11490,
212.93392713458792,87985,222,306,11490,
212.94468011390282,87985,222,305,11491,
212.95787953214034,87985,221,306,11491,
212.96724021186452,87985,221,305,11492,
212.97416283171285,87985,220,306,11492,
212.9818753399916,87985,219,307,11492,
212.9819387336423,87984,220,307,11492,
213.0257941040618,87984,220,306,11493,
213.0326109678909,87984,219,307,11493,
213.0331838779927,87984,218,308,11493,
213.03657587863734,87984,217,309,11493,
213.04822577757878,87983,218,309,11493,
213.05011745082092,87982,219,309,11493,
213.05709568971432,87982,218,310,11493,
213.0578078327279,87981,219,310,11493,
213.0619526471798,87980,220,310,11493,
213.06558056378282,87980,220,309,11494,
213.07341424784488,87980,219,310,11494,
213.08546566245326,87979,220,310,11494,
213.0938574847356,87979,220,309,11495,
213.0938574847356,87979,220,309,11495,
213.1043989222759,87979,220,308,11496,
213.11171747958375,87978,221,308,11496,
213.11210938602358,87978,221,307,11497,
213.11746151420274,87978,220,308,11497,
213.11996077202267,87978,219,309,11497,
213.12321739368838,87978,219,308,11498,
213.14844582812427,87978,218,309,11498,
213.15752897720432,87977,219,309,11498,
213.1596593047646,87977,218,310,11498,
213.16832758177736,87977,218,309,11499,
213.16933310843598,87977,217,310,11499,
213.1693858329323,87977,216,311,11499,
213.17475584818865,87976,217,311,11499,
213.18160156633817,87975,218,311,11499,
213.18512535072543,87974,219,311,11499,
213.18583889192192,87974,219,310,11500,
213.18895780844147,87973,220,310,11500,
213.22473578987174,87972,221,310,11500,
213.2354923076087,87971,222,310,11500,
213.2460264564881,87970,223,310,11500,
213.27267973309176,87970,223,309,11501,
213.27348333222773,87970,222,310,11501,
213.2924242935517,87970,222,309,11502,
213.29953493461633,87970,222,308,11503,
213.30991320783093,87970,222,307,11504,
213.31069196544584,87969,223,307,11504,
213.31463349373462,87969,222,308,11504,
213.32418517684496,87968,223,308,11504,
213.34657243310303,87968,222,309,11504,
213.3472656834862,87968,221,310,11504,
213.3505893943089,87968,220,311,11504,
213.35813929906664,87967,221,311,11504,
213.36253346396228,87966,222,311,11504,
213.37310630078687,87966,222,310,11505,
213.37604836498252,87965,223,310,11505,
213.4113445639044,87964,224,310,11505,
213.41417294386497,87964,224,309,11506,
213.42036707119775,87963,225,309,11506,
213.4289108867084,87962,226,309,11506,
213.42964349063598,87961,227,309,11506,
213.43154383858467,87961,227,308,11507,
213.44285264323568,87961,226,309,11507,
213.4430491446608,87960,227,309,11507,
213.44614305154008,87960,226,310,11507,
213.4485897912817,87959,227,310,11507,
213.45087121619983,87958,228,310,11507,
213.4509284924886,87957,229,310,11507,
213.45486884221413,87957,229,309,11508,
213.4621619273919,87956,230,309,11508,
213.481020504867,87955,231,309,11508,
213.4864027213023,87954,232,309,11508,
213.4952538805162,87953,233,309,11508,
213.50327273104168,87953,233,308,11509,
213.50596759396822,87953,233,307,11510,
213.50860232066407,87953,232,308,11510,
213.52540285767645,87953,231,309,11510,
213.53351171842672,87953,231,308,11511,
213.54004400831167,87953,230,309,11511,
213.540170698693,87953,229,310,11511,
213.54492951609507,87953,229,309,11512,
213.54542227795451,87953,228,310,11512,
213.56401707480916,87952,229,310,11512,
213.56643411435982,87952,229,309,11513,
213.58519515734713,87951,230,309,11513,
213.58617680395676,87950,231,309,11513,
213.59043206864774,87949,232,309,11513,
213.59054706451403,87949,231,310,11513,
213.5946746806145,87948,232,310,11513,
213.5982085346385,87948,232,309,11514,
213.59873612869282,87947,233,309,11514,
213.60588651672717,87947,233,308,11515,
213.61024441528264,87947,233,307,11516,
213.6367762634034,87946,234,307,11516,
213.64149222457897,87945,235,307,11516,
213.6425591934017,87944,236,307,11516,
213.64410196482203,87944,235,308,11516,
213.65079373268443,87944,234,309,11516,
213.65739841600288,87944,233,310,11516,
213.6677671267842,87944,233,309,11517,
213.6690814401975,87944,233,308,11518,
213.67888636837776,87944,232,309,11518,
213.68487247420694,87944,231,310,11518,
213.70194357474494,87944,230,311,11518,
213.71232722247075,87943,231,311,11518,
213.71785172243136,87942,232,311,11518,
213.73534552312037,87942,231,312,11518,
213.7353610041575,87942,230,313,11518,
213.73853314860276,87942,230,312,11519,
213.74410956593735,87942,229,313,11519,
213.74853382128993,87941,230,313,11519,
213.75201550225293,87941,229,314,11519,
213.775247028763,87940,230,314,11519,
213.7759466049277,87940,229,315,11519,
213.78084195772706,87939,230,315,11519,
213.81695195150675,87939,230,314,11520,
213.8184881040791,87938,231,314,11520,
213.81981146185956,87937,232,314,11520,
213.82887226343934,87936,233,314,11520,
213.83065961751146,87936,232,315,11520,
213.83216918380342,87936,232,314,11521,
213.83541263570598,87936,232,313,11522,
213.840501061769,87935,233,313,11522,
213.8414657319712,87935,232,314,11522,
213.86409214084264,87934,233,314,11522,
213.8679000169649,87934,233,313,11523,
213.86998665038854,87933,234,313,11523,
213.88369918665893,87933,234,312,11524,
213.88763986368068,87933,233,313,11524,
213.89759857415686,87933,233,312,11525,
213.90238552737307,87932,234,312,11525,
213.92031599952566,87931,235,312,11525,
213.9318054252689,87930,236,312,11525,
213.93767196819155,87929,237,312,11525,
213.93910801068654,87929,236,313,11525,
213.94594361470905,87928,237,313,11525,
213.96355429847654,87928,237,312,11526,
213.96696210600786,87927,238,312,11526,
213.9685346807047,87927,237,313,11526,
213.96936401191897,87926,238,313,11526,
213.97726940525598,87926,238,312,11527,
213.9795884289527,87926,237,313,11527,
213.99538618907116,87925,238,313,11527,
213.99560381131047,87925,237,314,11527,
213.99669707313524,87925,236,315,11527,
214.00064219927606,87925,235,316,11527,
214.00250114616355,87925,235,315,11528,
214.00972254924912,87925,234,316,11528,
214.01306140956424,87925,233,317,11528,
214.028735659042,87924,234,317,11528,
214.03265437496336,87924,234,316,11529,
214.03320253725317,87924,233,317,11529,
214.0498784754059,87924,232,318,11529,
214.06028157931553,87924,232,317,11530,
214.06342164435094,87924,232,316,11531,
214.0755687338518,87923,233,316,11531,
214.08278012867075,87923,233,315,11532,
214.0851615373957,87922,234,315,11532,
214.10019983180464,87922,233,316,11532,
214.11403124232106,87922,233,315,11533,
214.1182000494545,87921,234,315,11533,
214.1349675137198,87920,235,315,11533,
214.13510258877045,87919,236,315,11533,
214.13852631518137,87918,237,315,11533,
214.14253860326397,87918,237,314,11534,
214.15956976861528,87918,236,315,11534,
214.16930150076826,87917,237,315,11534,
214.181658427285,87917,237,314,11535,
214.21831751913302,87917,236,315,11535,
214.21927844911326,87916,237,315,11535,
214.22375189413734,87915,238,315,11535,
214.22528868792074,87915,237,316,11535,
214.23067410357092,87914,238,316,11535,
214.2347097891679,87914,237,317,11535,
214.25331557609283,87914,236,318,11535,
214.2572023051735,87913,237,318,11535,
214.2592271118985,87912,238,318,11535,
214.25979332209442,87911,239,318,11535,
214.26169164517944,87911,238,319,11535,
214.2718296781252,87911,238,318,11536,
214.27718747915515,87911,238,317,11537,
214.28321642156527,87911,238,316,11538,
214.28829618355556,87910,239,316,11538,
214.31029674482508,87910,238,317,11538,
214.31300217965995,87910,237,318,11538,
214.31640219875706,87910,237,317,11539,
214.32621182690443,87909,238,317,11539,
214.32916305622538,87909,238,316,11540,
214.34033026024605,87909,238,315,11541,
214.344893627136,87909,237,316,11541,
214.3466011900549,87908,238,316,11541,
214.36001039827656,87908,237,317,11541,
214.36196212067907,87908,236,318,11541,
214.3701600678059,87907,237,318,11541,
214.3734528316961,87906,238,318,11541,
214.37426660690824,87905,239,318,11541,
214.39793177569487,87905,239,317,11542,
214.4028565594556,87904,240,317,11542,
214.41742550774623,87904,239,318,11542,
214.43991328014968,87904,238,319,11542,
214.44712552549203,87904,238,318,11543,
214.45606471347165,87904,238,317,11544,
214.45838507638908,87903,239,317,11544,
214.4820291206478,87903,238,318,11544,
214.4867483920769,87902,239,318,11544,
214.5051426839303,87902,239,317,11545,
214.50775897851366,87902,238,318,11545,
214.51433159617778,87902,238,317,11546,
214.5182390141425,87901,239,317,11546,
214.52524916931458,87900,240,317,11546,
214.52849065100543,87900,239,318,11546,
214.56480001297678,87899,240,318,11546,
214.56808718197456,87898,241,318,11546,
214.5712933064362,87898,241,317,11547,
214.59278027005726,87898,240,318,11547,
214.5970714517379,87897,241,318,11547,
214.59882998672109,87897,241,317,11548,
214.6082683178883,87896,242,317,11548,
214.61015318070528,87896,241,318,11548,
214.6118279705536,87895,242,318,11548,
214.61283677464306,87895,241,319,11548,
214.62449960872524,87895,241,318,11549,
214.63606290192124,87894,242,318,11549,
214.6396053065743,87894,242,317,11550,
214.65918394934155,87894,241,318,11550,
214.66400417532446,87893,242,318,11550,
214.67584779098505,87892,243,318,11550,
214.68771750245767,87892,243,317,11551,
214.69110199436065,87891,244,317,11551,
214.71936138746725,87890,245,317,11551,
214.72867323955143,87889,246,317,11551,
214.73740145417017,87889,245,318,11551,
214.7463133819874,87889,244,319,11551,
214.76353061741312,87888,245,319,11551,
214.77751185435028,87888,244,320,11551,
214.77809751609587,87888,243,321,11551,
214.7975598130274,87887,244,321,11551,
214.80158420418275,87887,243,322,11551,
214.80456413415556,87886,244,322,11551,
214.80771520445606,87885,245,322,11551,
214.81899271601685,87884,246,322,11551,
214.8191409784158,87884,245,323,11551,
214.822426544295,87883,246,323,11551,
214.82631338544607,87883,245,324,11551,
214.83178292058543,87882,246,324,11551,
214.8454529117639,87881,247,324,11551,
214.85528512245108,87881,247,323,11552,
214.8619549716156,87881,247,322,11553,
214.8824280865544,87881,247,321,11554,
214.88702594370005,87881,246,322,11554,
214.88718336779615,87881,245,323,11554,
214.88997069618114,87881,244,324,11554,
214.90379637745667,87881,243,325,11554,
214.91222224349931,87881,243,324,11555,
214.9265974542221,87880,244,324,11555,
214.92886806180655,87880,244,323,11556,
214.92916699462035,87880,243,324,11556,
214.93242933953758,87879,244,324,11556,
214.9371575439669,87879,244,323,11557,
214.93745634717567,87879,243,324,11557,
214.9591049534256,87879,243,323,11558,
214.96025781619147,87878,244,323,11558,
214.96165392324284,87877,245,323,11558,
214.96690546962304,87876,246,323,11558,
214.98883792108404,87875,247,323,11558,
214.99988221185566,87874,248,323,11558,
215.00948344070795,87873,249,323,11558,
215.01128461627013,87873,249,322,11559,
215.01858777077658,87873,249,321,11560,
215.0190811150059,87872,250,321,11560,
215.03218250400715,87872,249,322,11560,
215.04427616638873,87872,249,321,11561,
215.0443820684282,87872,248,322,11561,
215.04667875375435,87871,249,322,11561,
215.05482906969826,87871,248,323,11561,
215.05907921558028,87871,248,322,11562,
215.0881561271076,87871,247,323,11562,
215.08848532501176,87871,247,322,11563,
215.1086028570802,87871,247,321,11564,
215.10939650316763,87870,248,321,11564,
215.11342255443114,87870,247,322,11564,
215.11420184423102,87869,248,322,11564,
215.11535564944063,87869,248,321,11565,
215.12818617422684,87869,247,322,11565,
215.13117159804904,87869,247,321,11566,
215.1325184000506,87868,248,321,11566,
215.14284661864536,87868,248,320,11567,
215.1451458286429,87867,249,320,11567,
215.15139682112266,87866,250,320,11567,
215.15400536038368,87865,251,320,11567,
215.15510954592594,87864,252,320,11567,
215.15591283784636,87864,251,321,11567,
215.15984307446467,87863,252,321,11567,
215.17815827220565,87862,253,321,11567,
215.18594086421336,87862,253,320,11568,
215.19062462615292,87861,254,320,11568,
215.20658963803382,87861,253,321,11568,
215.20825124366567,87861,252,322,11568,
215.20934324960226,87861,252,321,11569,
215.21037513077817,87861,252,320,11570,
215.21892979265724,87861,251,321,11570,
215.22439522081874,87860,252,321,11570,
215.23626559970984,87859,253,321,11570,
215.24000385133763,87858,254,321,11570,
215.25535819690197,87858,253,322,11570,
215.2576610773729,87857,254,322,11570,
215.28298095347543,87857,253,323,11570,
215.28338121425165,87856,254,323,11570,
215.2850247297484,87856,253,324,11570,
215.28759936978227,87855,254,324,11570,
215.28861812344033,87855,253,325,11570,
215.29312887525631,87855,253,324,11571,
215.30482727431993,87854,254,324,11571,
215.3156514076574,87853,255,324,11571,
215.31718457582048,87852,256,324,11571,
215.33985667886387,87852,255,325,11571,
215.35329071270843,87852,254,326,11571,
215.358945136261,87852,254,325,11572,
215.3770309754796,87852,254,324,11573,
215.38064636566705,87851,255,324,11573,
215.38325873856758,87851,255,323,11574,
215.39123723555562,87851,254,324,11574,
215.3936767442391,87851,254,323,11575,
215.3954864919953,87850,255,323,11575,
215.4029907731732,87850,255,322,11576,
215.4065080542618,87850,254,323,11576,
215.41457156087446,87850,253,324,11576,
215.41514168391308,87850,252,325,11576,
215.41538905580836,87849,253,325,11576,
215.41900415582435,87849,252,326,11576,
215.42306163270203,87848,253,326,11576,
215.42988309620313,87848,253,325,11577,
215.43008409862935,87847,254,325,11577,
215.43259576923003,87847,253,326,11577,
215.44497048258472,87846,254,326,11577,
215.44538095893776,87846,253,327,11577,
215.4549554783618,87846,253,326,11578,
215.45534743909383,87846,253,325,11579,
215.45535220939172,87845,254,325,11579,
215.4580802831842,87845,254,324,11580,
215.46863194208936,87844,255,324,11580,
215.48566767736276,87843,256,324,11580,
215.4875945213447,87843,256,323,11581,
215.4924215873125,87842,257,323,11581,
215.49711520840404,87842,256,324,11581,
215.49881411809795,87842,255,325,11581,
215.5000223467243,87841,256,325,11581,
215.51296909012956,87841,255,326,11581,
215.51446277039437,87841,254,327,11581,
215.51493027230526,87840,255,327,11581,
215.51834152139708,87840,254,328,11581,
215.52631975696676,87840,254,327,11582,
215.5294160318263,87840,253,328,11582,
215.52944444932336,87840,252,329,11582,
215.53229688912293,87840,252,328,11583,
215.5489614942055,87840,251,329,11583,
215.55352164369566,87839,252,329,11583,
215.55492876752953,87838,253,329,11583,
215.55701790937582,87838,253,328,11584,
215.56275210418858,87838,253,327,11585,
215.56530847047395,87838,252,328,11585,
215.5721775651372,87837,253,328,11585,
215.5733558597844,87837,252,329,11585,
215.58072876466002,87837,251,330,11585,
215.58219305393777,87837,250,331,11585,
215.5895271433028,87837,249,332,11585,
215.59758116124175,87837,248,333,11585,
215.5988276363152,87836,249,333,11585,
215.5997293219539,87836,248,334,11585,
215.60962198531266,87835,249,334,11585,
215.62186825894292,87834,250,334,11585,
215.63295399319594,87833,251,334,11585,
215.65779491809369,87833,250,335,11585,
215.6646609940712,87833,250,334,11586,
215.66817125496206,87833,249,335,11586,
215.6861439153977,87832,250,335,11586,
215.6867554121988,87832,249,336,11586,
215.6969791995134,87832,248,337,11586,
215.7075997568582,87831,249,337,11586,
215.71088440974071,87830,250,337,11586,
215.7127736050907,87829,251,337,11586,
215.7143476433929,87828,252,337,11586,
215.7152911684813,87828,252,336,11587,
215.7171561853583,87827,253,336,11587,
215.73423393186704,87826,254,336,11587,
215.7397146266546,87825,255,336,11587,
215.74545644584066,87824,256,336,11587,
215.74614989220103,87823,257,336,11587,
215.76209514304165,87822,258,336,11587,
215.76815337644797,87822,257,337,11587,
215.77284271550033,87822,256,338,11587,
215.7782521414736,87821,257,338,11587,
215.77882680685602,87821,257,337,11588,
215.79285151303608,87821,256,338,11588,
215.79477485741066,87820,257,338,11588,
215.80071065392542,87819,258,338,11588,
215.8067738571581,87819,258,337,11589,
215.8082249024349,87819,257,338,11589,
215.8168128670523,87819,256,339,11589,
215.81978728389913,87818,257,339,11589,
215.8215615035124,87818,257,338,11590,
215.83183169709022,87818,256,339,11590,
215.83815665820853,87818,255,340,11590,
215.85339067658907,87818,254,341,11590,
215.8680201295044,87818,254,340,11591,
215.87928178742646,87818,254,339,11592,
215.87957561493843,87817,255,339,11592,
215.88019624777223,87816,256,339,11592,
215.88100454744603,87816,256,338,11593,
215.89472954800124,87815,257,338,11593,
215.90863127179443,87815,257,337,11594,
215.91280408216736,87814,258,337,11594,
215.92619122308665,87814,257,338,11594,
215.93276585572363,87814,257,337,11595,
215.93721539639216,87813,258,337,11595,
215.9391946183799,87813,257,338,11595,
215.94055215895563,87813,256,339,11595,
215.94502019896882,87812,257,339,11595,
215.94945759240755,87811,258,339,11595,
215.96702321119338,87811,257,340,11595,
215.9683371291343,87811,257,339,11596,
215.97209890017191,87810,258,339,11596,
215.98150913204404,87810,258,338,11597,
215.99404265833994,87810,258,337,11598,
215.99476306544238,87810,257,338,11598,
215.99696639335977,87809,258,338,11598,
216.022567602395,87808,259,338,11598,
216.03255925355046,87808,259,337,11599,
216.04205140454826,87808,258,338,11599,
216.04583796909128,87807,259,338,11599,
216.0503045116839,87806,260,338,11599,
216.0514532010726,87806,260,337,11600,
216.05804911594126,87806,260,336,11601,
216.05944423262451,87805,261,336,11601,
216.0612718878902,87804,262,336,11601,
216.0614652840023,87804,261,337,11601,
216.06437229694086,87803,262,337,11601,
216.06938043583196,87803,262,336,11602,
216.07045153658228,87803,262,335,11603,
216.07111002929065,87803,262,334,11604,
216.07671470391296,87802,263,334,11604,
216.08659915639637,87801,264,334,11604,
216.09192701734128,87800,265,334,11604,
216.09468939911227,87800,265,333,11605,
216.102262177498,87800,265,332,11606,
216.105970499077,87800,265,331,11607,
216.1190664721054,87799,266,331,11607,
216.12045824840348,87799,266,330,11608,
216.13884285123328,87799,266,329,11609,
216.145645209338,87799,265,330,11609,
216.1601200859802,87799,264,331,11609,
216.1660220369482,87799,264,330,11610,
216.17001506608284,87798,265,330,11610,
216.17302788417902,87798,265,329,11611,
216.17666489287365,87798,264,330,11611,
216.17708142123155,87798,263,331,11611,
216.1773453187012,87798,262,332,11611,
216.19341793654456,87797,263,332,11611,
216.19543874215623,87796,264,332,11611,
216.2079901293467,87795,265,332,11611,
216.21221910216317,87794,266,332,11611,
216.2157336520083,87794,266,331,11612,
216.21667863538394,87793,267,331,11612,
216.21805274093688,87793,267,330,11613,
216.2223226142681,87793,267,329,11614,
216.222794910687,87793,267,328,11615,
216.2501200628405,87793,267,327,11616,
216.25462059801046,87792,268,327,11616,
216.2572122591393,87792,267,328,11616,
216.25883783718876,87791,268,328,11616,
216.25960157606173,87791,268,327,11617,
216.26400156328828,87791,268,326,11618,
216.26640189124402,87790,269,326,11618,
216.27616498102807,87790,268,327,11618,
216.27742122058075,87789,269,327,11618,
216.27870759939208,87788,270,327,11618,
216.28831326328367,87788,269,328,11618,
216.29215859461092,87788,269,327,11619,
216.3021411932869,87787,270,327,11619,
216.30498715303787,87787,270,326,11620,
216.3070390260134,87787,270,325,11621,
216.31901887109768,87787,269,326,11621,
216.31936531866174,87787,268,327,11621,
216.32186447364256,87786,269,327,11621,
216.32705991963755,87786,268,328,11621,
216.34154960708642,87785,269,328,11621,
216.34280168944423,87784,270,328,11621,
216.35145248845896,87784,270,327,11622,
216.35679161119185,87784,269,328,11622,
216.35991884847337,87784,268,329,11622,
216.36926728769225,87784,267,330,11622,
216.3897526017909,87783,268,330,11622,
216.39183591417282,87783,268,329,11623,
216.39248131517212,87782,269,329,11623,
216.39308970293638,87781,270,329,11623,
216.39783766975745,87781,270,328,11624,
216.40320857962578,87780,271,328,11624,
216.41335333236546,87780,271,327,11625,
216.41408395925546,87780,271,326,11626,
216.41480937952073,87780,270,327,11626,
216.41651617049072,87779,271,327,11626,
216.4202332661033,87779,270,328,11626,
216.4255198086893,87779,270,327,11627,
216.43130103082137,87778,271,327,11627,
216.43557022109567,87777,272,327,11627,
216.43770954510313,87777,271,328,11627,
216.44674010271623,87777,271,327,11628,
216.45105706064854,87777,270,328,11628,
216.4548870474269,87777,269,329,11628,
216.45762474069866,87777,269,328,11629,
216.462431236722,87776,270,328,11629,
216.46498581461307,87775,271,328,11629,
216.4671618105828,87774,272,328,11629,
216.4743377961506,87773,273,328,11629,
216.47531573044532,87772,274,328,11629,
216.4877401687152,87772,273,329,11629,
216.49247515194904,87772,272,330,11629,
216.4930468668752,87772,272,329,11630,
216.50087131666112,87772,271,330,11630,
216.50098574599332,87771,272,330,11630,
216.50312965959677,87770,273,330,11630,
216.53053228841384,87770,273,329,11631,
216.53168119377935,87770,273,328,11632,
216.53484648258097,87769,274,328,11632,
216.54069119538758,87769,274,327,11633,
216.54354833801716,87768,275,327,11633,
216.5454564850417,87767,276,327,11633,
216.556201727515,87767,275,328,11633,
216.55831530236836,87766,276,328,11633,
216.55929410103545,87765,277,328,11633,
216.56127970928975,87765,276,329,11633,
216.57286601053025,87765,275,330,11633,
216.57423647396533,87764,276,330,11633,
216.58119104949452,87764,276,329,11634,
216.58647017970398,87763,277,329,11634,
216.58933423850908,87763,277,328,11635,
216.5904659038303,87763,276,329,11635,
216.59193248688555,87763,276,328,11636,
216.60095499973937,87763,275,329,11636,
216.61665592190772,87762,276,329,11636,
216.62151426212404,87762,276,328,11637,
216.6217233524784,87762,276,327,11638,
216.62531659217757,87761,277,327,11638,
216.6514294708814,87761,276,328,11638,
216.6574536211746,87760,277,328,11638,
216.66240252857787,87759,278,328,11638,
216.67070450728124,87759,277,329,11638,
216.6847896940212,87759,277,328,11639,
216.68759592552723,87759,277,327,11640,
216.69571950799096,87759,276,328,11640,
216.70662396046333,87758,277,328,11640,
216.70817959752657,87757,278,328,11640,
216.71028983924984,87756,279,328,11640,
216.7140683847199,87756,278,329,11640,
216.72240197411205,87756,277,330,11640,
216.72896325979085,87755,278,330,11640,
216.72949738692694,87755,278,329,11641,
216.736573676227,87755,278,328,11642,
216.7381853099294,87755,277,329,11642,
216.75299054758895,87755,277,328,11643,
216.761889732787,87755,276,329,11643,
216.76721427408344,87755,275,330,11643,
216.77110222961693,87755,274,331,11643,
216.78200269135218,87754,275,331,11643,
216.787310870537,87754,274,332,11643,
216.7899465465981,87753,275,332,11643,
216.79608279243897,87752,276,332,11643,
216.80135083439936,87752,276,331,11644,
216.80182513619272,87751,277,331,11644,
216.80478679660024,87751,276,332,11644,
216.8056054567053,87751,275,333,11644,
216.8235240002479,87751,275,332,11645,
216.82571982136272,87751,275,331,11646,
216.82964085950348,87750,276,331,11646,
216.83582182058046,87750,275,332,11646,
216.83889964412842,87749,276,332,11646,
216.85379590696346,87749,275,333,11646,
216.86497121817493,87748,276,333,11646,
216.8662884785301,87748,276,332,11647,
216.8772182019038,87748,275,333,11647,
216.87842371931544,87748,275,332,11648,
216.89284172794868,87747,276,332,11648,
216.8928963334517,87747,276,331,11649,
216.8959386288029,87747,276,330,11650,
216.89871952402476,87746,277,330,11650,
216.91025685175148,87746,277,329,11651,
216.91530278327838,87745,278,329,11651,
216.92711265827333,87745,277,330,11651,
216.9273288145986,87745,277,329,11652,
216.92875817813876,87745,276,330,11652,
216.92997703532833,87745,275,331,11652,
216.9376434783594,87744,276,331,11652,
216.94049169432046,87744,275,332,11652,
216.94321797694687,87744,275,331,11653,
216.9610611309453,87744,275,330,11654,
216.9734393178786,87743,276,330,11654,
216.97500734655995,87742,277,330,11654,
216.98186659134768,87742,276,331,11654,
216.98383468644414,87742,276,330,11655,
216.98610640575325,87741,277,330,11655,
216.98861633873778,87741,277,329,11656,
217.00036520718803,87740,278,329,11656,
217.01538941689952,87739,279,329,11656,
217.04168182656517,87738,280,329,11656,
217.04487472459658,87737,281,329,11656,
217.04840605491796,87737,280,330,11656,
217.05821573745274,87737,279,331,11656,
217.061079754607,87736,280,331,11656,
217.06673058182366,87736,279,332,11656,
217.07365885648625,87735,280,332,11656,
217.07472861771876,87734,281,332,11656,
217.07517759636875,87734,281,331,11657,
217.0760808485623,87733,282,331,11657,
217.07857162927084,87733,281,332,11657,
217.08324302073518,87732,282,332,11657,
217.0915066027378,87731,283,332,11657,
217.0930699635956,87731,283,331,11658,
217.09459097933603,87731,283,330,11659,
217.0960255998628,87731,283,329,11660,
217.0982967339768,87731,282,330,11660,
217.1030736642868,87730,283,330,11660,
217.10777018675793,87730,282,331,11660,
217.11291096266115,87730,281,332,11660,
217.13109240896839,87730,281,331,11661,
217.13199379140667,87730,280,332,11661,
217.1481155131589,87730,279,333,11661,
217.14855082324036,87729,280,333,11661,
217.15256126265197,87728,281,333,11661,
217.155705975731,87727,282,333,11661,
217.15624131269124,87726,283,333,11661,
217.1569268806206,87726,282,334,11661,
217.16283637439477,87726,281,335,11661,
217.1731903017302,87726,281,334,11662,
217.17549870247603,87726,280,335,11662,
217.1773181440144,87726,280,334,11663,
217.1850985321793,87725,281,334,11663,
217.19121428708888,87724,282,334,11663,
217.193171879391,87723,283,334,11663,
217.1951521664213,87722,284,334,11663,
217.1975726159037,87722,283,335,11663,
217.20200539231794,87722,283,334,11664,
217.21094051936507,87721,284,334,11664,
217.21582242093814,87720,285,334,11664,
217.2194638877807,87720,285,333,11665,
217.23116398113726,87720,284,334,11665,
217.23426127131182,87720,283,335,11665,
217.24219738897744,87720,282,336,11665,
217.24401614446907,87719,283,336,11665,
217.2446275286964,87719,283,335,11666,
217.2604776322269,87719,283,334,11667,
217.26713248601328,87719,282,335,11667,
217.27199668828325,87719,282,334,11668,
217.28346489893474,87718,283,334,11668,
217.28444354331438,87717,284,334,11668,
217.29762687920004,87717,284,333,11669,
217.30817396840044,87717,284,332,11670,
217.32168167142387,87716,285,332,11670,
217.32182222421193,87715,286,332,11670,
217.32847342938828,87715,286,331,11671,
217.3297149650718,87714,287,331,11671,
217.32972465328504,87714,286,332,11671,
217.33000358013857,87714,285,333,11671,
217.33493359566495,87713,286,333,11671,
217.3360834258932,87713,286,332,11672,
217.34771444529008,87713,286,331,11673,
217.34927943706674,87712,287,331,11673,
217.3505048310948,87711,288,331,11673,
217.35510636719812,87711,287,332,11673,
217.35992386589143,87711,286,333,11673,
217.36143756712863,87710,287,333,11673,
217.373020449626,87709,288,333,11673,
217.37332450039693,87709,288,332,11674,
217.37660776943375,87709,288,331,11675,
217.38095591978194,87709,288,330,11676,
217.38981058572796,87709,288,329,11677,
217.4011629444129,87709,287,330,11677,
217.40753278549315,87708,288,330,11677,
217.41912340811365,87708,287,331,11677,
217.42021759621667,87708,286,332,11677,
217.42407342171342,87708,286,331,11678,
217.42797659862904,87707,287,331,11678,
217.42829750733767,87707,286,332,11678,
217.4309009977276,87707,285,333,11678,
217.43188358880693,87707,285,332,11679,
217.4369791870009,87707,285,331,11680,
217.44227665038497,87706,286,331,11680,
217.46028979628232,87705,287,331,11680,
217.46880304263203,87705,286,332,11680,
217.4691781098015,87705,285,333,11680,
217.46923347126008,87705,284,334,11680,
217.48751973799935,87704,285,334,11680,
217.4882430769478,87703,286,334,11680,
217.4921223367345,87703,285,335,11680,
217.4940751915841,87703,285,334,11681,
217.4945965861092,87703,284,335,11681,
217.49498351863792,87703,283,336,11681,
217.49938139563338,87702,284,336,11681,
217.5029432817382,87701,285,336,11681,
217.50350272566723,87701,285,335,11682,
217.5046682339321,87701,284,336,11682,
217.50684989554293,87700,285,336,11682,
217.51573983391367,87700,284,337,11682,
217.51760561800467,87699,285,337,11682,
217.52253488978488,87698,286,337,11682,
217.53010830960295,87698,286,336,11683,
217.53618684536022,87698,286,335,11684,
217.538055487285,87697,287,335,11684,
217.56308108867407,87696,288,335,11684,
217.5688353936768,87696,288,334,11685,
217.57869068059887,87696,287,335,11685,
217.58683014777563,87696,287,334,11686,
217.58825307966362,87695,288,334,11686,
217.59120010556802,87695,287,335,11686,
217.5931668424326,87694,288,335,11686,
217.59527836077274,87694,287,336,11686,
217.5981854803505,87694,286,337,11686,
217.60720708535825,87694,286,336,11687,
217.61615803449115,87693,287,336,11687,
217.6208167586461,87693,287,335,11688,
217.62107729337987,87693,287,334,11689,
217.62774385169092,87693,287,333,11690,
217.63342297164616,87692,288,333,11690,
217.63572878629233,87691,289,333,11690,
217.64681452110244,87691,288,334,11690,
217.65702475004912,87690,289,334,11690,
217.663358279854,87690,288,335,11690,
217.6663665604916,87689,289,335,11690,
217.67170129038522,87688,290,335,11690,
217.67669957210916,87688,289,336,11690,
217.68592064343574,87687,290,336,11690,
217.70652748148913,87687,289,337,11690,
217.72106596203037,87687,289,336,11691,
217.724114411948,87687,289,335,11692,
217.74050538044526,87686,290,335,11692,
217.74236118220622,87686,290,334,11693,
217.74338243011513,87686,290,333,11694,
217.7546673092982,87686,289,334,11694,
217.75619942220595,87685,290,334,11694,
217.76106506003373,87685,290,333,11695,
217.76405774796598,87685,290,332,11696,
217.7884022618518,87684,291,332,11696,
217.79991669039757,87684,290,333,11696,
217.80110461113054,87684,290,332,11697,
217.80455373427165,87684,290,331,11698,
217.80834736598777,87684,290,330,11699,
217.81119736956182,87684,289,331,11699,
217.82004923687654,87684,288,332,11699,
217.82079691508974,87684,287,333,11699,
217.8255156088561,87684,287,332,11700,
217.8255890248769,87684,286,333,11700,
217.8274380009173,87684,285,334,11700,
217.84394411181503,87684,284,335,11700,
217.84606644614882,87684,284,334,11701,
217.8607976793311,87683,285,334,11701,
217.86081838864828,87683,285,333,11702,
217.8731202951092,87683,284,334,11702,
217.8773824765816,87683,283,335,11702,
217.8859649474094,87683,282,336,11702,
217.8974909125733,87682,283,336,11702,
217.90590358329843,87681,284,336,11702,
217.90646336844247,87681,284,335,11703,
217.9086554138055,87680,285,335,11703,
217.90957661894583,87680,285,334,11704,
217.93209291939755,87679,286,334,11704,
217.9351018743247,87679,286,333,11705,
217.93624227016772,87679,286,332,11706,
217.93757794046834,87679,285,333,11706,
217.95048805470805,87679,284,334,11706,
217.9607443487907,87678,285,334,11706,
217.9694497188643,87678,284,335,11706,
217.97336103980845,87677,285,335,11706,
217.97732295517244,87677,284,336,11706,
217.98107693515522,87676,285,336,11706,
217.98566840485037,87676,284,337,11706,
217.9993801525299,87676,284,336,11707,
217.9995111277934,87676,284,335,11708,
218.00396314938232,87675,285,335,11708,
218.004425374884,87675,284,336,11708,
218.00457292955463,87675,284,335,11709,
218.03762129558376,87675,283,336,11709,
218.0382624123163,87674,284,336,11709,
218.0406102366763,87673,285,336,11709,
218.04309423022764,87673,285,335,11710,
218.05507328599737,87672,286,335,11710,
218.05624520800484,87671,287,335,11710,
218.05685880415186,87670,288,335,11710,
218.0598138170903,87670,288,334,11711,
218.06299597924513,87669,289,334,11711,
218.06420527007714,87669,288,335,11711,
218.06961209041344,87668,289,335,11711,
218.08274565174966,87667,290,335,11711,
218.08515219881144,87667,289,336,11711,
218.08515718259716,87666,290,336,11711,
218.08810744463034,87666,289,337,11711,
218.09753737157072,87666,289,336,11712,
218.10911346290646,87666,289,335,11713,
218.10944461133533,87666,289,334,11714,
218.1132924587468,87666,288,335,11714,
218.11799072233853,87666,288,334,11715,
218.1265009540943,87665,289,334,11715,
218.13997319368872,87665,289,333,11716,
218.1437455995175,87664,290,333,11716,
218.14740229019438,87664,290,332,11717,
218.1483877371895,87664,289,333,11717,
218.18538847449676,87664,288,334,11717,
218.19132432902933,87664,287,335,11717,
218.19440949312983,87664,286,336,11717,
218.19985422450674,87664,286,335,11718,
218.20988723937626,87663,287,335,11718,
218.22061213987024,87662,288,335,11718,
218.22581996704992,87662,288,334,11719,
218.22981363492633,87662,287,335,11719,
218.25552899204237,87662,286,336,11719,
218.26358203885258,87661,287,336,11719,
218.2689329371254,87660,288,336,11719,
218.27727880472617,87660,287,337,11719,
218.2855218874826,87660,287,336,11720,
218.28807219417635,87660,287,335,11721,
218.29665490412378,87660,287,334,11722,
218.3018029947938,87660,287,333,11723,
218.31008871241508,87660,286,334,11723,
218.35304593361812,87660,285,335,11723,
218.35725539103467,87659,286,335,11723,
218.36230460952612,87658,287,335,11723,
218.3654924332664,87657,288,335,11723,
218.39717185622416,87657,287,336,11723,
218.40010106636916,87657,286,337,11723,
218.4020179077949,87657,285,338,11723,
218.40408746236503,87657,285,337,11724,
218.40665490807731,87657,284,338,11724,
218.40974292139765,87657,284,337,11725,
218.41471602458626,87657,283,338,11725,
218.42499490083398,87656,284,338,11725,
218.42869488812275,87656,284,337,11726,
218.43123869394458,87656,283,338,11726,
218.447297997285,87656,282,339,11726,
218.44829012107476,87656,282,338,11727,
218.4548103857183,87655,283,338,11727,
218.45660985851083,87655,282,339,11727,
218.458282210272,87655,281,340,11727,
218.46077002138944,87654,282,340,11727,
218.46694708276104,87653,283,340,11727,
218.4759492691027,87653,282,341,11727,
218.47952394731533,87653,282,340,11728,
218.48070155755747,87653,282,339,11729,
218.49167775137198,87652,283,339,11729,
218.4957414875773,87651,284,339,11729,
218.50113821066498,87651,283,340,11729,
218.5051334398093,87651,282,341,11729,
218.50756536455089,87651,281,342,11729,
218.50896382854515,87650,282,342,11729,
218.51313343943153,87650,282,341,11730,
218.51842434964706,87649,283,341,11730,
218.52249500286504,87649,282,342,11730,
218.52456756612307,87649,281,343,11730,
218.52677300346448,87649,281,342,11731,
218.53517117400918,87649,281,341,11732,
218.5486695120375,87649,281,340,11733,
218.5556595598987,87649,281,339,11734,
218.5612774790685,87649,280,340,11734,
218.56222557997467,87648,281,340,11734,
218.56550507708872,87648,281,339,11735,
218.5812647458468,87647,282,339,11735,
218.58505991546315,87647,281,340,11735,
218.60095116651212,87646,282,340,11735,
218.60198712262113,87645,283,340,11735,
218.60313559663751,87645,283,339,11736,
218.60652584632825,87645,283,338,11737,
218.61868556499013,87645,283,337,11738,
218.62113679423757,87645,283,336,11739,
218.62421842296416,87645,283,335,11740,
218.62821299449752,87645,283,334,11741,
218.63549892013768,87644,284,334,11741,
218.64021243916426,87643,285,334,11741,
218.6415016280906,87643,284,335,11741,
218.65423997698954,87643,284,334,11742,
218.65536323650173,87643,283,335,11742,
218.6568694130558,87643,283,334,11743,
218.6633424283919,87643,282,335,11743,
218.67290433765945,87643,281,336,11743,
218.67355882094338,87642,282,336,11743,
218.68779958439694,87641,283,336,11743,
218.69304489968835,87641,282,337,11743,
218.69857015335936,87640,283,337,11743,
218.71927779096396,87640,282,338,11743,
218.72795632074565,87640,281,339,11743,
218.73428322793967,87640,281,338,11744,
218.7371275311291,87640,280,339,11744,
218.74870738834062,87639,281,339,11744,
218.7521298928262,87638,282,339,11744,
218.7623422504377,87638,282,338,11745,
218.76358971706753,87638,282,337,11746,
218.76716331983258,87638,282,336,11747,
218.7794344411446,87637,283,336,11747,
218.78214540777378,87637,283,335,11748,
218.78328481593627,87636,284,335,11748,
218.7943655293081,87636,284,334,11749,
218.8069451055156,87636,283,335,11749,
218.81418337892683,87636,282,336,11749,
218.81506016830207,87636,281,337,11749,
218.8160621744756,87636,280,338,11749,
218.83964344805716,87636,279,339,11749,
218.84427488161637,87635,280,339,11749,
218.84740095920026,87635,280,338,11750,
218.84819327585438,87635,279,339,11750,
218.85515887749972,87634,280,339,11750,
218.8563382158123,87633,281,339,11750,
218.85859423875837,87632,282,339,11750,
218.86547604530003,87632,281,340,11750,
218.87579793686575,87632,280,341,11750,
218.88113229700159,87632,279,342,11750,
218.89266644256548,87632,278,343,11750,
218.9009470568056,87632,278,342,11751,
218.90852998562488,87632,278,341,11752,
218.9171524554589,87632,277,342,11752,
218.92277825049663,87632,276,343,11752,
218.92384312243962,87631,277,343,11752,
218.92584738257128,87631,277,342,11753,
218.93427149850976,87631,277,341,11754,
218.93578164512238,87631,276,342,11754,
218.93731370237916,87631,275,343,11754,
218.94679607928805,87631,274,344,11754,
218.9474282101673,87631,274,343,11755,
218.95521580823683,87631,273,344,11755,
218.9591239125867,87631,273,343,11756,
218.96335112617862,87630,274,343,11756,
218.9648610541878,87630,273,344,11756,
218.96783578530213,87629,274,344,11756,
218.9680343480655,87629,273,345,11756,
218.97490392807615,87629,272,346,11756,
218.97837290759264,87629,271,347,11756,
218.97937065524906,87629,270,348,11756,
218.98885416190086,87628,271,348,11756,
218.99436874424583,87628,271,347,11757,
219.0010129636382,87627,272,347,11757,
219.0060672521992,87627,272,346,11758,
219.02713360785958,87626,273,346,11758,
219.0362804374861,87626,272,347,11758,
219.03926062132246,87626,271,348,11758,
219.0555525056613,87626,271,347,11759,
219.0589774945544,87626,271,346,11760,
219.08868236031958,87626,271,345,11761,
219.10046734658403,87626,270,346,11761,
219.11716378923242,87626,269,347,11761,
219.11720715520875,87626,269,346,11762,
219.12921217752705,87625,270,346,11762,
219.13113794801444,87625,269,347,11762,
219.132152804851,87625,268,348,11762,
219.13918315711402,87625,268,347,11763,
219.14279333241163,87624,269,347,11763,
219.1434709332435,87624,268,348,11763,
219.14885220791075,87624,268,347,11764,
219.14929332134622,87624,268,346,11765,
219.15349013912632,87623,269,346,11765,
219.1538174211669,87623,268,347,11765,
219.1551906106526,87623,267,348,11765,
219.15558494343375,87622,268,348,11765,
219.1674947717904,87622,267,349,11765,
219.1751901183666,87621,268,349,11765,
219.17610927659,87621,268,348,11766,
219.17714097118395,87620,269,348,11766,
219.1811284852885,87620,269,347,11767,
219.18138851558342,87620,268,348,11767,
219.18350300943888,87620,268,347,11768,
219.1952532468138,87619,269,347,11768,
219.20967878292785,87619,268,348,11768,
219.21221831049252,87618,269,348,11768,
219.21304462074713,87617,270,348,11768,
219.22042739364375,87617,270,347,11769,
219.2227041705799,87617,269,348,11769,
219.22884667613147,87617,268,349,11769,
219.23700283509908,87617,268,348,11770,
219.2376427936497,87617,267,349,11770,
219.24587022579473,87617,266,350,11770,
219.2834318317042,87616,267,350,11770,
219.2894876085987,87615,268,350,11770,
219.29301004293293,87614,269,350,11770,
219.30443646254875,87614,268,351,11770,
219.31353855286855,87614,267,352,11770,
219.33240686015148,87614,267,351,11771,
219.33490555445889,87614,266,352,11771,
219.33518414749176,87614,266,351,11772,
219.33561299442263,87614,265,352,11772,
219.33947051007357,87613,266,352,11772,
219.35974516031598,87613,266,351,11773,
219.36067133272422,87612,267,351,11773,
219.36634332049343,87612,266,352,11773,
219.3727332888485,87612,265,353,11773,
219.37998464712967,87611,266,353,11773,
219.38614690650067,87611,265,354,11773,
219.38615148518937,87611,264,355,11773,
219.3931805356887,87611,263,356,11773,
219.39962100319394,87611,262,357,11773,
219.40352493132906,87610,263,357,11773,
219.40677240872884,87610,263,356,11774,
219.40848524598675,87610,263,355,11775,
219.41130850625072,87610,262,356,11775,
219.4170711334793,87610,262,355,11776,
219.4200809449758,87609,263,355,11776,
219.42704473550174,87609,262,356,11776,
219.4300991571021,87609,262,355,11777,
219.4304233482577,87609,261,356,11777,
219.43617814692874,87608,262,356,11777,
219.44258474956013,87608,261,357,11777,
219.44766254881472,87607,262,357,11777,
219.4504550921854,87606,263,357,11777,
219.45445200899772,87606,263,356,11778,
219.48295944723228,87606,262,357,11778,
219.49631012325,87606,262,356,11779,
219.49788957224249,87606,262,355,11780,
219.49983889240355,87605,263,355,11780,
219.50423935212694,87605,262,356,11780,
219.50738988619946,87604,263,356,11780,
219.5093180795234,87604,262,357,11780,
219.52590266029682,87604,262,356,11781,
219.5271058657323,87603,263,356,11781,
219.52992828077313,87603,263,355,11782,
219.54417992151014,87603,262,356,11782,
219.551098949059,87603,262,355,11783,
219.55223194630776,87603,261,356,11783,
219.57344869656535,87603,260,357,11783,
219.5752646322916,87602,261,357,11783,
219.5790900872746,87602,261,356,11784,
219.58575939351687,87602,261,355,11785,
219.61547931914637,87601,262,355,11785,
219.61915066784815,87600,263,355,11785,
219.62027861050672,87600,263,354,11786,
219.6237750977283,87599,264,354,11786,
219.62429712359216,87599,264,353,11787,
219.628565224458,87598,265,353,11787,
219.62883475700323,87598,265,352,11788,
219.65159169680913,87598,264,353,11788,
219.6531502625908,87598,263,354,11788,
219.67395253670375,87598,262,355,11788,
219.67717000888874,87597,263,355,11788,
219.6779044595377,87597,263,354,11789,
219.68312014380535,87596,264,354,11789,
219.68425471461086,87596,263,355,11789,
219.68530859687797,87595,264,355,11789,
219.70257799828676,87594,265,355,11789,
219.70851165101067,87594,264,356,11789,
219.7161342492421,87594,263,357,11789,
219.72179326743765,87594,263,356,11790,
219.72282907367995,87593,264,356,11790,
219.72432025426346,87593,264,355,11791,
219.7255850213982,87592,265,355,11791,
219.72660072994003,87592,265,354,11792,
219.74341865793022,87592,264,355,11792,
219.75402125589298,87591,265,355,11792,
219.7844658900921,87591,264,356,11792,
219.79062631873003,87591,264,355,11793,
219.79923803522715,87591,264,354,11794,
219.80300277519342,87591,263,355,11794,
219.80706461049726,87591,262,356,11794,
219.81065283178964,87590,263,356,11794,
219.81138896173286,87589,264,356,11794,
219.82837551946272,87589,264,355,11795,
219.83079803694457,87588,265,355,11795,
219.84746505053778,87588,265,354,11796,
219.85617174960623,87587,266,354,11796,
219.85723044914303,87587,266,353,11797,
219.8660927948963,87586,267,353,11797,
219.8776415204726,87585,268,353,11797,
219.88347656722433,87585,268,352,11798,
219.8959468227766,87585,267,353,11798,
219.89754802569388,87585,266,354,11798,
219.898000322165,87584,267,354,11798,
219.89983654281087,87584,267,353,11799,
219.9065177221479,87584,266,354,11799,
219.9141495067267,87583,267,354,11799,
219.91483623536274,87582,268,354,11799,
219.92096199150814,87582,267,355,11799,
219.9388888611398,87581,268,355,11799,
219.9389947048077,87580,269,355,11799,
219.94131201169213,87579,270,355,11799,
219.9473034441864,87578,271,355,11799,
219.95432750293557,87578,270,356,11799,
219.9663789613236,87577,271,356,11799,
219.97344778377538,87577,271,355,11800,
219.98927041773086,87576,272,355,11800,
220.00348605435795,87576,272,354,11801,
220.00921943526762,87576,271,355,11801,
220.0324665475648,87576,271,354,11802,
220.0367323895579,87576,270,355,11802,
220.0420387009902,87576,270,354,11803,
220.0540369020834,87576,269,355,11803,
220.05557322373903,87575,270,355,11803,
220.055628353007,87575,269,356,11803,
220.07382859802175,87575,269,355,11804,
220.0849071374176,87575,269,354,11805,
220.08793599977474,87575,268,355,11805,
220.09021246840788,87574,269,355,11805,
220.10603640395374,87574,269,354,11806,
220.11222483701582,87573,270,354,11806,
220.11497466487765,87573,269,355,11806,
220.11783370847704,87573,269,354,11807,
220.12366830632345,87573,269,353,11808,
220.12980870275024,87572,270,353,11808,
220.13512301519464,87571,271,353,11808,
220.13754946964323,87570,272,353,11808,
220.14266240908182,87569,273,353,11808,
220.1476097476802,87569,272,354,11808,
220.14857213468073,87569,271,355,11808,
220.15122385543032,87569,270,356,11808,
220.15854013919562,87568,271,356,11808,
220.1667922549548,87567,272,356,11808,
220.16925776595355,87566,273,356,11808,
220.17413082959314,87566,272,357,11808,
220.1798687735781,87566,271,358,11808,
220.1851697351661,87565,272,358,11808,
220.18807956318514,87565,271,359,11808,
220.1888813298775,87565,271,358,11809,
220.19586887228448,87564,272,358,11809,
220.19705189389597,87563,273,358,11809,
220.20703560743166,87563,273,357,11810,
220.2140385867079,87563,272,358,11810,
220.21926046293464,87563,272,357,11811,
220.22772609051853,87562,273,357,11811,
220.23259703212963,87562,273,356,11812,
220.24020405087944,87561,274,356,11812,
220.2513569300092,87561,273,357,11812,
220.2538455394007,87560,274,357,11812,
220.2564070611647,87560,273,358,11812,
220.2598959877516,87559,274,358,11812,
220.28994828877222,87559,274,357,11813,
220.29342991948562,87558,275,357,11813,
220.29923369441158,87558,274,358,11813,
220.31802680140316,87557,275,358,11813,
220.33056391234007,87557,274,359,11813,
220.33287715959023,87556,275,359,11813,
220.35180369007327,87555,276,359,11813,
220.35614089581605,87554,277,359,11813,
220.35671774329896,87553,278,359,11813,
220.3636795080105,87552,279,359,11813,
220.37005432706405,87552,279,358,11814,
220.3731632937078,87551,280,358,11814,
220.37686532115907,87550,281,358,11814,
220.37905847139143,87550,280,359,11814,
220.38267789574115,87549,281,359,11814,
220.38962546967022,87549,281,358,11815,
220.4082200032978,87549,281,357,11816,
220.40890816094435,87549,281,356,11817,
220.41365815969257,87549,280,357,11817,
220.41441400778282,87548,281,357,11817,
220.41756139383892,87547,282,357,11817,
220.42601108547152,87546,283,357,11817,
220.4272803882315,87546,282,358,11817,
220.42941961971493,87546,281,359,11817,
220.43047585722258,87545,282,359,11817,
220.4331908958803,87545,282,358,11818,
220.4721430538739,87544,283,358,11818,
220.47420831471095,87544,283,357,11819,
220.48415477027316,87544,283,356,11820,
220.48587793126754,87543,284,356,11820,
220.4873091539517,87543,284,355,11821,
220.49609115517487,87542,285,355,11821,
220.50008884518255,87542,284,356,11821,
220.50017414127518,87541,285,356,11821,
220.50121104971504,87540,286,356,11821,
220.5014345087873,87540,286,355,11822,
220.50744813990073,87540,286,354,11823,
220.5117874155878,87539,287,354,11823,
220.51209353011586,87539,287,353,11824,
220.5134955282359,87539,287,352,11825,
220.51396461409902,87539,286,353,11825,
220.51756473886712,87539,285,354,11825,
220.52527212505763,87538,286,354,11825,
220.5361322014191,87538,286,353,11826,
220.5366081682874,87538,285,354,11826,
220.5420943284655,87538,285,353,11827,
220.5456022035151,87538,284,354,11827,
220.55445063537528,87538,283,355,11827,
220.56451374883702,87538,283,354,11828,
220.58466741105636,87538,283,353,11829,
220.59309875965778,87538,282,354,11829,
220.62256228678388,87538,282,353,11830,
220.6267805902882,87538,281,354,11830,
220.62973446241182,87538,281,353,11831,
220.64702462628554,87538,280,354,11831,
220.660068700135,87538,279,355,11831,
220.67593910373742,87538,279,354,11832,
220.67868990915522,87538,278,355,11832,
220.70868017820789,87537,279,355,11832,
220.72380199311388,87536,280,355,11832,
220.7286005945595,87536,280,354,11833,
220.74340435330842,87536,280,353,11834,
220.75442112570724,87535,281,353,11834,
220.76376883536847,87535,280,354,11834,
220.76472648937983,87535,280,353,11835,
220.77136738623904,87535,279,354,11835,
220.7825485330288,87534,280,354,11835,
220.7923527589664,87534,279,355,11835,
220.80659868437374,87534,278,356,11835,
220.81344612509858,87533,279,356,11835,
220.83253371901824,87533,279,355,11836,
220.83842132687755,87532,280,355,11836,
220.838518403362,87532,279,356,11836,
220.83931895837077,87532,278,357,11836,
220.84748498522652,87532,277,358,11836,
220.84986630281185,87532,277,357,11837,
220.86185887073756,87531,278,357,11837,
220.8715202055551,87530,279,357,11837,
220.87349367739176,87530,278,358,11837,
220.8735608685581,87530,278,357,11838,
220.87425584997177,87530,278,356,11839,
220.88086815407553,87530,277,357,11839,
220.88153163672703,87529,278,357,11839,
220.89960643250282,87528,279,357,11839,
220.91107574304095,87528,278,358,11839,
220.9122496313343,87528,277,359,11839,
220.91235100628163,87528,276,360,11839,
220.91613009275292,87528,275,361,11839,
220.91812147974977,87527,276,361,11839,
220.91856864194807,87527,275,362,11839,
220.9241614376616,87527,275,361,11840,
220.95865656873977,87527,274,362,11840,
220.96011618241596,87526,275,362,11840,
220.97073805863033,87526,274,363,11840,
220.9715947772285,87525,275,363,11840,
220.9720903118494,87524,276,363,11840,
220.97396347173668,87524,275,364,11840,
220.9752654671633,87524,274,365,11840,
220.97620246420144,87524,274,364,11841,
220.98603396525235,87524,274,363,11842,
220.98941629173927,87523,275,363,11842,
220.99597665136906,87522,276,363,11842,
221.00183473160007,87521,277,363,11842,
221.00299445216345,87521,276,364,11842,
221.00472386772498,87520,277,364,11842,
221.0174469978435,87519,278,364,11842,
221.021439164666,87519,277,365,11842,
221.02633559413462,87518,278,365,11842,
221.0283008530297,87518,277,366,11842,
221.02831843418429,87518,276,367,11842,
221.0287218248656,87517,277,367,11842,
221.0328375445417,87517,276,368,11842,
221.04153871459084,87516,277,368,11842,
221.06958902069746,87515,278,368,11842,
221.0727863227851,87514,279,368,11842,
221.07644577791024,87513,280,368,11842,
221.0888082226826,87512,281,368,11842,
221.0967273581157,87511,282,368,11842,
221.09968170988517,87511,281,369,11842,
221.10682701698434,87511,281,368,11843,
221.1095793228045,87511,281,367,11844,
221.11207386114293,87511,280,368,11844,
221.11597266333624,87510,281,368,11844,
221.1289907616721,87509,282,368,11844,
221.12924938926128,87508,283,368,11844,
221.1323859515988,87508,282,369,11844,
221.14159008055458,87508,282,368,11845,
221.15680074853807,87508,282,367,11846,
221.18170382793213,87508,281,368,11846,
221.1833658134565,87508,280,369,11846,
221.1841292133843,87508,279,370,11846,
221.18416908339543,87508,278,371,11846,
221.20596663127134,87508,278,370,11847,
221.21290496257927,87507,279,370,11847,
221.22255017059922,87507,278,371,11847,
221.23159101499857,87506,279,371,11847,
221.2336721773547,87505,280,371,11847,
221.24692155421735,87505,280,370,11848,
221.2556957819964,87504,281,370,11848,
221.2572702830726,87504,280,371,11848,
221.2602170588801,87504,279,372,11848,
221.26293438148315,87504,278,373,11848,
221.27429400303595,87504,278,372,11849,
221.29307724332503,87503,279,372,11849,
221.2994161543417,87502,280,372,11849,
221.30077061839927,87502,280,371,11850,
221.30258879094143,87501,281,371,11850,
221.30702420176394,87501,281,370,11851,
221.3070980894588,87501,281,369,11852,
221.32441087227096,87501,280,370,11852,
221.3446203256326,87500,281,370,11852,
221.35650091831812,87500,280,371,11852,
221.3575144853788,87500,279,372,11852,
221.3601558111588,87500,279,371,11853,
221.36979262020014,87500,278,372,11853,
221.37480977123346,87500,278,371,11854,
221.37601225282546,87500,278,370,11855,
221.38689020988733,87500,277,371,11855,
221.38798845455895,87499,278,371,11855,
221.3891365831478,87499,278,370,11856,
221.39275322425507,87498,279,370,11856,
221.40601728191885,87497,280,370,11856,
221.40650847607142,87496,281,370,11856,
221.4082080839591,87495,282,370,11856,
221.41365841419773,87494,283,370,11856,
221.422730657893,87494,282,371,11856,
221.4234220359475,87493,283,371,11856,
221.42973055777415,87493,283,370,11857,
221.43145324005036,87492,284,370,11857,
221.43255587405093,87492,283,371,11857,
221.4344096431503,87492,283,370,11858,
221.43448435756972,87492,282,371,11858,
221.4404096613108,87492,281,372,11858,
221.4440365431804,87492,280,373,11858,
221.46023250221108,87492,280,372,11859,
221.46162084377704,87491,281,372,11859,
221.46908852603298,87491,281,371,11860,
221.47518479737806,87491,280,372,11860,
221.4778648333622,87491,280,371,11861,
221.48296025127996,87490,281,371,11861,
221.49521251082427,87489,282,371,11861,
221.50371737158736,87489,281,372,11861,
221.51485736108575,87489,281,371,11862,
221.51501212615733,87488,282,371,11862,
221.51832582809604,87488,281,372,11862,
221.5199713314597,87488,280,373,11862,
221.52124729108755,87488,280,372,11863,
221.52348881439377,87488,280,371,11864,
221.52483909917632,87488,280,370,11865,
221.52571901570124,87488,279,371,11865,
221.531924037377,87487,280,371,11865,
221.53619708974875,87487,279,372,11865,
221.54426900858283,87487,278,373,11865,
221.54732871421365,87486,279,373,11865,
221.5643942882408,87486,278,374,11865,
221.56499711096856,87486,278,373,11866,
221.5678642664354,87486,278,372,11867,
221.57226425880629,87486,278,371,11868,
221.57348702114098,87485,279,371,11868,
221.57714380065931,87485,279,370,11869,
221.58152933093552,87485,279,369,11870,
221.58542282662253,87485,278,370,11870,
221.5909888497851,87485,277,371,11870,
221.59192814088237,87485,276,372,11870,
221.5927952411807,87484,277,372,11870,
221.5967060160247,87484,276,373,11870,
221.59756694162576,87484,276,372,11871,
221.60761095472964,87483,277,372,11871,
221.61341789063627,87482,278,372,11871,
221.61559910452766,87482,278,371,11872,
221.61583746188768,87482,277,372,11872,
221.61613546470383,87481,278,372,11872,
221.620935993655,87481,277,373,11872,
221.63222221864876,87480,278,373,11872,
221.6538200309912,87479,279,373,11872,
221.65827984326177,87478,280,373,11872,
221.65937911672978,87477,281,373,11872,
221.66238462896817,87477,280,374,11872,
221.68635915911,87476,281,374,11872,
221.69698714745536,87475,282,374,11872,
221.70308219330877,87474,283,374,11872,
221.71402313583138,87474,283,373,11873,
221.71440733239285,87473,284,373,11873,
221.721710652412,87473,283,374,11873,
221.73297726080256,87473,283,373,11874,
221.73677629693373,87473,283,372,11875,
221.73946532442955,87472,284,372,11875,
221.7596869360284,87471,285,372,11875,
221.76118136326596,87471,285,371,11876,
221.78385599979902,87471,285,370,11877,
221.7858798977834,87471,285,369,11878,
221.78797623848828,87470,286,369,11878,
221.78811592070858,87470,285,370,11878,
221.78865408301138,87469,286,370,11878,
221.78967021576696,87469,286,369,11879,
221.793725924195,87469,286,368,11880,
221.79606213576338,87469,286,367,11881,
221.79732998734102,87469,286,366,11882,
221.80009658027828,87469,286,365,11883,
221.8130605855032,87469,285,366,11883,
221.82768105411895,87469,284,367,11883,
221.83895070759996,87469,284,366,11884,
221.84287685800965,87469,284,365,11885,
221.84426546231165,87469,284,364,11886,
221.84734268971584,87468,285,364,11886,
221.85082545854692,87468,284,365,11886,
221.85265020509004,87467,285,365,11886,
221.85324545614617,87467,284,366,11886,
221.85365549267328,87466,285,366,11886,
221.8571513085636,87466,285,365,11887,
221.86286449346548,87465,286,365,11887,
221.86901531326606,87465,286,364,11888,
221.87907283956767,87464,287,364,11888,
221.8876789839983,87464,286,365,11888,
221.89486649074814,87463,287,365,11888,
221.90393011086687,87463,286,366,11888,
221.90674298366343,87462,287,366,11888,
221.90887607106637,87462,286,367,11888,
221.91078099208042,87462,286,366,11889,
221.91294964249212,87461,287,366,11889,
221.91432317853491,87461,286,367,11889,
221.93128771747948,87460,287,367,11889,
221.94386977045625,87459,288,367,11889,
221.9469580785149,87458,289,367,11889,
221.94932248551203,87458,288,368,11889,
221.9511786296517,87457,289,368,11889,
221.95157606525396,87456,290,368,11889,
221.9613655126075,87456,289,369,11889,
221.96239409045975,87456,288,370,11889,
221.96621083085577,87456,288,369,11890,
221.97558157046544,87455,289,369,11890,
221.97784688013553,87454,290,369,11890,
221.98297796482694,87453,291,369,11890,
221.98318240513808,87453,290,370,11890,
221.98346860729725,87452,291,370,11890,
221.9882980902707,87452,291,369,11891,
221.98965911880256,87452,291,368,11892,
222.00377274989464,87451,292,368,11892,
222.00508656297293,87451,291,369,11892,
222.0122554044015,87450,292,369,11892,
222.01346309131904,87450,292,368,11893,
222.01748904578915,87450,292,367,11894,
222.0360619024752,87450,291,368,11894,
222.03915234609593,87449,292,368,11894,
222.0409651403206,87449,292,367,11895,
222.04149616040553,87448,293,367,11895,
222.0429763956372,87448,292,368,11895,
222.0611582641684,87448,292,367,11896,
222.06140781050732,87448,291,368,11896,
222.06174384999466,87448,290,369,11896,
222.06989710538224,87448,289,370,11896,
222.07005735596914,87447,290,370,11896,
222.07291299718025,87446,291,370,11896,
222.09408865982377,87445,292,370,11896,
222.1027337307631,87445,292,369,11897,
222.104677477908,87445,292,368,11898,
222.11558812178117,87445,291,369,11898,
222.12223727399214,87444,292,369,11898,
222.12513207408142,87443,293,369,11898,
222.12543234001814,87443,292,370,11898,
222.1255904248702,87442,293,370,11898,
222.12859657295994,87442,293,369,11899,
222.13455935822293,87442,292,370,11899,
222.13487471360602,87442,291,371,11899,
222.13980950594274,87441,292,371,11899,
222.14448349916876,87441,291,372,11899,
222.1546389773394,87441,290,373,11899,
222.17474061846423,87441,289,374,11899,
222.18194461243237,87441,288,375,11899,
222.18681507455324,87440,289,375,11899,
222.18791944712876,87440,289,374,11900,
222.18862012013304,87440,289,373,11901,
222.189655130078,87440,289,372,11902,
222.18978519781624,87440,288,373,11902,
222.1992503336846,87439,289,373,11902,
222.2013558814755,87439,288,374,11902,
222.20407776095257,87439,288,373,11903,
222.20857551009453,87439,287,374,11903,
222.21223705186827,87439,286,375,11903,
222.23285967873778,87438,287,375,11903,
222.2410649631104,87438,286,376,11903,
222.25107334802314,87438,285,377,11903,
222.25125572572296,87437,286,377,11903,
222.26964625072105,87437,286,376,11904,
222.28615274509113,87436,287,376,11904,
222.28661890636337,87435,288,376,11904,
222.2906561652636,87435,287,377,11904,
222.3006920964037,87435,286,378,11904,
222.30286177843146,87434,287,378,11904,
222.3281382261569,87434,287,377,11905,
222.33615769866424,87433,288,377,11905,
222.3448273762807,87433,288,376,11906,
222.35414641060652,87433,287,377,11906,
222.37728490733664,87432,288,377,11906,
222.3839132419195,87432,288,376,11907,
222.39759900749218,87432,287,377,11907,
222.40097401018724,87431,288,377,11907,
222.4022878442861,87430,289,377,11907,
222.40236095116617,87430,288,378,11907,
222.41022070521896,87430,287,379,11907,
222.41252758684803,87429,288,379,11907,
222.41761802223536,87428,289,379,11907,
222.42196827631415,87427,290,379,11907,
222.43136819371844,87427,289,380,11907,
222.4322075532355,87427,288,381,11907,
222.43998048371543,87426,289,381,11907,
222.46948795476862,87426,288,382,11907,
222.4702130416516,87425,289,382,11907,
222.4705804152825,87425,289,381,11908,
222.47835613684762,87425,288,382,11908,
222.51125424296401,87425,288,381,11909,
222.5121034246052,87424,289,381,11909,
222.51469832895918,87424,289,380,11910,
222.5273525451755,87424,289,379,11911,
222.53443618983974,87424,288,380,11911,
222.53445730118366,87424,288,379,11912,
222.55027804930705,87424,287,380,11912,
222.55215294517754,87423,288,380,11912,
222.55342452296924,87422,289,380,11912,
222.55607767280378,87422,289,379,11913,
222.55879937589916,87421,290,379,11913,
222.5632675505825,87420,291,379,11913,
222.56757625626668,87420,290,380,11913,
222.5680157248861,87420,290,379,11914,
222.5708492850358,87420,289,380,11914,
222.57576374236382,87419,290,380,11914,
222.5764462240159,87419,290,379,11915,
222.58194107476555,87419,290,378,11916,
222.58400061567383,87418,291,378,11916,
222.58448749846875,87417,292,378,11916,
222.5983675317287,87416,293,378,11916,
222.5997165875873,87415,294,378,11916,
222.6028716332173,87415,294,377,11917,
222.60625273275974,87414,295,377,11917,
222.60641329663542,87414,294,378,11917,
222.60764511423068,87414,294,377,11918,
222.60965619866732,87414,293,378,11918,
222.6272253692132,87413,294,378,11918,
222.62832390496024,87412,295,378,11918,
222.63302635221828,87412,294,379,11918,
222.65563380072527,87412,293,380,11918,
222.66208288540878,87411,294,380,11918,
222.66479534281984,87410,295,380,11918,
222.67255861507317,87410,294,381,11918,
222.68252264807475,87410,294,380,11919,
222.69510479579196,87409,295,380,11919,
222.69683212967834,87408,296,380,11919,
222.69794689250847,87408,295,381,11919,
222.73151974453083,87408,294,382,11919,
222.73819159305123,87407,295,382,11919,
222.73897180708286,87406,296,382,11919,
222.74210995149338,87406,296,381,11920,
222.76261511317747,87406,295,382,11920,
222.7627604632263,87406,294,383,11920,
222.76992170878944,87405,295,383,11920,
222.77116498281262,87405,294,384,11920,
222.7732579760803,87404,295,384,11920,
222.78134141469937,87403,296,384,11920,
222.78219228652293,87402,297,384,11920,
222.7848583543616,87402,296,385,11920,
222.78752846169508,87402,295,386,11920,
222.7918242777697,87402,295,385,11921,
222.80638409663973,87402,295,384,11922,
222.81192917335747,87402,294,385,11922,
222.81289259284938,87402,293,386,11922,
222.81492218751382,87402,293,385,11923,
222.81716827457305,87401,294,385,11923,
222.82295480633903,87401,294,384,11924,
222.82439180116938,87400,295,384,11924,
222.82484323348407,87399,296,384,11924,
222.832662879729,87399,296,383,11925,
222.83465328022183,87398,297,383,11925,
222.84155204358237,87397,298,383,11925,
222.84544705848785,87397,298,382,11926,
222.85052071564382,87397,297,383,11926,
222.858830603116,87397,296,384,11926,
222.86349029982614,87397,296,383,11927,
222.86874845734718,87397,295,384,11927,
222.8723341075471,87397,294,385,11927,
222.8735053970405,87397,293,386,11927,
222.87691976654034,87397,292,387,11927,
222.89688070226782,87396,293,387,11927,
222.89885939049475,87396,293,386,11928,
222.9042227504743,87396,293,385,11929,
222.90463455884196,87395,294,385,11929,
222.90640780612685,87394,295,385,11929,
222.9075688968902,87394,295,384,11930,
222.9133149994772,87394,294,385,11930,
222.91706394865707,87394,293,386,11930,
222.91838358194252,87394,292,387,11930,
222.92646760997908,87394,291,388,11930,
222.9323447328876,87394,290,389,11930,
222.938319278557,87393,291,389,11930,
222.94733252057105,87393,290,390,11930,
222.95955786943117,87393,289,391,11930,
222.96143823748397,87393,288,392,11930,
222.9619361764974,87393,287,393,11930,
222.96846280746098,87392,288,393,11930,
222.9688317264186,87392,288,392,11931,
222.97583466577467,87392,288,391,11932,
222.97857730235023,87391,289,391,11932,
222.98248048802643,87391,289,390,11933,
222.99005116097672,87391,289,389,11934,
222.99903559237347,87391,289,388,11935,
223.00351706321203,87390,290,388,11935,
223.00870220142116,87389,291,388,11935,
223.02974868764855,87388,292,388,11935,
223.05007843460683,87388,292,387,11936,
223.05732164135298,87388,292,386,11937,
223.05824610002796,87388,292,385,11938,
223.07332832857819,87388,291,386,11938,
223.0742134351547,87387,292,386,11938,
223.08892178491493,87387,292,385,11939,
223.09339408402104,87387,292,384,11940,
223.10502290056894,87387,291,385,11940,
223.10642023455225,87387,291,384,11941,
223.10876603050252,87387,291,383,11942,
223.1147727105968,87387,291,382,11943,
223.11592845610835,87386,292,382,11943,
223.12522906841323,87386,291,383,11943,
223.13998991361058,87385,292,383,11943,
223.14207214710586,87384,293,383,11943,
223.1432713336425,87384,293,382,11944,
223.1711664755784,87383,294,382,11944,
223.17950907863906,87383,293,383,11944,
223.19126128002694,87383,293,382,11945,
223.19310308636236,87382,294,382,11945,
223.20493619568163,87382,294,381,11946,
223.2059163005465,87382,294,380,11947,
223.20678881499782,87382,293,381,11947,
223.20962197235394,87382,293,380,11948,
223.21099278607747,87381,294,380,11948,
223.21802370876574,87381,293,381,11948,
223.22300004245952,87380,294,381,11948,
223.2266980785799,87379,295,381,11948,
223.22910613973121,87379,294,382,11948,
223.22966556043096,87378,295,382,11948,
223.23044167680533,87378,294,383,11948,
223.23057554408143,87378,294,382,11949,
223.2355518384067,87378,293,383,11949,
223.24249557585065,87378,292,384,11949,
223.24858859792784,87378,292,383,11950,
223.25162005703993,87377,293,383,11950,
223.25327270797663,87376,294,383,11950,
223.25717674256234,87376,293,384,11950,
223.26411637394042,87376,293,383,11951,
223.2677654773622,87375,294,383,11951,
223.2725143460564,87374,295,383,11951,
223.27285555197005,87374,295,382,11952,
223.2795198446279,87374,294,383,11952,
223.28546683726276,87374,293,384,11952,
223.29647347041808,87373,294,384,11952,
223.29822998849946,87372,295,384,11952,
223.30188944298243,87372,294,385,11952,
223.3087123189451,87371,295,385,11952,
223.30930434296215,87371,295,384,11953,
223.31848557755586,87370,296,384,11953,
223.32477009762732,87369,297,384,11953,
223.3257212176352,87369,296,385,11953,
223.34154354985668,87369,296,384,11954,
223.3451772116604,87369,295,385,11954,
223.34953445476188,87369,294,386,11954,
223.35037225275678,87369,294,385,11955,
223.35944893267992,87369,293,386,11955,
223.35990742226994,87369,293,385,11956,
223.36947664736172,87369,292,386,11956,
223.3726986313692,87369,292,385,11957,
223.38759590902328,87369,291,386,11957,
223.41947264721233,87368,292,386,11957,
223.42087493488515,87367,293,386,11957,
223.42269814706464,87367,292,387,11957,
223.42411976051298,87367,292,386,11958,
223.42938370636202,87367,292,385,11959,
223.43115588764178,87366,293,385,11959,
223.43470700822058,87366,292,386,11959,
223.4399885464961,87365,293,386,11959,
223.44671704114802,87364,294,386,11959,
223.447567146207,87364,293,387,11959,
223.45360798259608,87364,292,388,11959,
223.45466090183828,87363,293,388,11959,
223.47199038156128,87362,294,388,11959,
223.4864639045436,87361,295,388,11959,
223.48672669760344,87361,294,389,11959,
223.4965428006486,87361,294,388,11960,
223.50866420052157,87361,294,387,11961,
223.50914137819098,87360,295,387,11961,
223.5243720610514,87360,294,388,11961,
223.52769588165623,87359,295,388,11961,
223.52818835677357,87359,295,387,11962,
223.52935388361095,87359,295,386,11963,
223.5306693507164,87359,295,385,11964,
223.54396888930188,87359,295,384,11965,
223.54544479295444,87358,296,384,11965,
223.5475179794749,87358,295,385,11965,
223.56695670976958,87357,296,385,11965,
223.58292896322024,87357,295,386,11965,
223.6146498502498,87357,294,387,11965,
223.62017771689975,87356,295,387,11965,
223.62688346306896,87356,295,386,11966,
223.62873723356114,87355,296,386,11966,
223.62924235614008,87355,296,385,11967,
223.6298631004038,87355,296,384,11968,
223.63185214917357,87355,296,383,11969,
223.63346227195407,87354,297,383,11969,
223.65088510942797,87353,298,383,11969,
223.65242060566933,87353,297,384,11969,
223.65701197159515,87353,297,383,11970,
223.6774424512763,87353,297,382,11971,
223.6818238736671,87353,297,381,11972,
223.6856082235704,87353,297,380,11973,
223.69176034224887,87353,297,379,11974,
223.69196931152175,87353,296,380,11974,
223.69433077893905,87352,297,380,11974,
223.71071865617995,87352,297,379,11975,
223.73133625470354,87351,298,379,11975,
223.748412085143,87351,297,380,11975,
223.7499117833932,87351,297,379,11976,
223.75708595714426,87351,296,380,11976,
223.75977408758254,87351,296,379,11977,
223.76059266464105,87351,296,378,11978,
223.765469439102,87351,295,379,11978,
223.77629151017618,87351,294,380,11978,
223.78090996626605,87351,294,379,11979,
223.78192162735428,87350,295,379,11979,
223.7894549068842,87350,294,380,11979,
223.79769243078402,87350,293,381,11979,
223.7987089258458,87350,292,382,11979,
223.80001737269797,87349,293,382,11979,
223.800679970391,87349,292,383,11979,
223.80288848780657,87349,292,382,11980,
223.80367290928825,87349,291,383,11980,
223.80377374039304,87348,292,383,11980,
223.8092074812185,87348,291,384,11980,
223.81245396784195,87347,292,384,11980,
223.81469361154376,87346,293,384,11980,
223.81830919907446,87346,293,383,11981,
223.82629201356275,87346,292,384,11981,
223.84147023061166,87345,293,384,11981,
223.84887747159078,87345,293,383,11982,
223.8630549531452,87345,293,382,11983,
223.8664466795721,87345,293,381,11984,
223.86796119964552,87345,292,382,11984,
223.87560337350718,87345,291,383,11984,
223.87565394462106,87344,292,383,11984,
223.87738935876368,87343,293,383,11984,
223.8793061192123,87343,292,384,11984,
223.88046714362684,87343,291,385,11984,
223.89293423208892,87342,292,385,11984,
223.89342416594656,87341,293,385,11984,
223.89869441365593,87340,294,385,11984,
223.90245903435832,87340,293,386,11984,
223.90905050860948,87340,293,385,11985,
223.92210404055288,87340,293,384,11986,
223.93014551064485,87339,294,384,11986,
223.9336161676011,87339,294,383,11987,
223.9492764326537,87338,295,383,11987,
223.95597164364517,87337,296,383,11987,
223.95660636795944,87336,297,383,11987,
223.9605442430058,87336,296,384,11987,
223.9706905544326,87335,297,384,11987,
223.9742993028356,87335,296,385,11987,
223.9799403736594,87334,297,385,11987,
223.98287345098714,87334,296,386,11987,
223.98552508284382,87333,297,386,11987,
223.98659735570027,87332,298,386,11987,
223.98985021330893,87332,297,387,11987,
223.99117529422657,87332,296,388,11987,
224.00117498139358,87332,295,389,11987,
224.0015194002308,87331,296,389,11987,
224.0025778296172,87331,296,388,11988,
224.00884996179008,87331,295,389,11988,
224.0142716517125,87330,296,389,11988,
224.0301699315648,87329,297,389,11988,
224.04617479786126,87329,297,388,11989,
224.04902766418456,87329,297,387,11990,
224.05681931529224,87329,297,386,11991,
224.0744676520455,87328,298,386,11991,
224.0826356182015,87328,298,385,11992,
224.0837937640012,87327,299,385,11992,
224.09572791834324,87326,300,385,11992,
224.12591450110432,87326,299,386,11992,
224.13987507272506,87325,300,386,11992,
224.14477003670996,87324,301,386,11992,
224.15087956470862,87323,302,386,11992,
224.15485702230993,87323,302,385,11993,
224.1652094442187,87323,301,386,11993,
224.16843245121254,87322,302,386,11993,
224.17642675245764,87322,301,387,11993,
224.20496686847213,87322,300,388,11993,
224.20815240863388,87321,301,388,11993,
224.21474276365797,87321,300,389,11993,
224.22355789778638,87321,300,388,11994,
224.22655163133854,87320,301,388,11994,
224.23556551069214,87320,301,387,11995,
224.23965648147532,87320,300,388,11995,
224.24697959188097,87320,299,389,11995,
224.2614610455332,87320,298,390,11995,
224.26355024333023,87320,298,389,11996,
224.27259579738757,87319,299,389,11996,
224.27626889300802,87318,300,389,11996,
224.28396015392573,87318,299,390,11996,
224.28797677500194,87317,300,390,11996,
224.2955137353408,87317,299,391,11996,
224.30029611560423,87317,298,392,11996,
224.33439077235158,87317,297,393,11996,
224.3350694264169,87317,296,394,11996,
224.34448124441764,87316,297,394,11996,
224.34561347666076,87316,296,395,11996,
224.36980272339466,87316,296,394,11997,
224.3723310857328,87316,295,395,11997,
224.37528576539657,87316,294,396,11997,
224.4010520811154,87316,294,395,11998,
224.40443646082088,87316,294,394,11999,
224.40621276672357,87316,293,395,11999,
224.40668291913866,87316,293,394,12000,
224.40684833297283,87316,292,395,12000,
224.41480170193344,87316,291,396,12000,
224.4174520318683,87315,292,396,12000,
224.4234937682271,87315,292,395,12001,
224.42738918840607,87315,291,396,12001,
224.43541692326374,87315,291,395,12002,
224.4482394237289,87315,291,394,12003,
224.454982972761,87315,291,393,12004,
224.4586535105227,87315,291,392,12005,
224.45886051192315,87314,292,392,12005,
224.46271295524437,87313,293,392,12005,
224.49900403254324,87313,292,393,12005,
224.51054886361248,87313,291,394,12005,
224.51386171969455,87313,291,393,12006,
224.5155594638074,87312,292,393,12006,
224.5256824016262,87312,292,392,12007,
224.52750203799832,87311,293,392,12007,
224.5387249527582,87311,292,393,12007,
224.53893343760126,87311,291,394,12007,
224.54649589793888,87311,290,395,12007,
224.54993198706612,87311,290,394,12008,
224.57075028097273,87310,291,394,12008,
224.5773640505381,87309,292,394,12008,
224.58018696981625,87309,291,395,12008,
224.59674324751452,87309,291,394,12009,
224.59823383650155,87309,291,393,12010,
224.60300573749282,87309,291,392,12011,
224.6055951551494,87308,292,392,12011,
224.6098858629832,87307,293,392,12011,
224.61400072793367,87306,294,392,12011,
224.61460582526723,87306,293,393,12011,
224.6194983797622,87306,293,392,12012,
224.6207613117464,87306,292,393,12012,
224.62923838306847,87306,291,394,12012,
224.63336477884548,87306,290,395,12012,
224.6443596449497,87306,289,396,12012,
224.6454342882339,87306,288,397,12012,
224.65470980189738,87306,288,396,12013,
224.65494936225537,87305,289,396,12013,
224.6563061443078,87305,288,397,12013,
224.6670266980289,87305,288,396,12014,
224.67240120898782,87305,287,397,12014,
224.68156971415527,87305,286,398,12014,
224.68297884316772,87305,286,397,12015,
224.68706680628074,87304,287,397,12015,
224.69199276819586,87304,286,398,12015,
224.69510178826133,87304,285,399,12015,
224.69798463055187,87303,286,399,12015,
224.7067160342573,87303,285,400,12015,
224.7078139967362,87303,284,401,12015,
224.70962474041468,87303,283,402,12015,
224.71389553953196,87303,282,403,12015,
224.72226449529714,87302,283,403,12015,
224.72660654520973,87302,282,404,12015,
224.72758622156317,87301,283,404,12015,
224.7279089802788,87301,282,405,12015,
224.72871495917192,87301,282,404,12016,
224.7344005801694,87301,282,403,12017,
224.73783078697815,87300,283,403,12017,
224.7390968843426,87299,284,403,12017,
224.74788567272444,87299,283,404,12017,
224.75233180263228,87299,283,403,12018,
224.76443265587858,87299,282,404,12018,
224.76464897148207,87299,281,405,12018,
224.77051159417186,87298,282,405,12018,
224.77116570139114,87297,283,405,12018,
224.7760476764997,87297,282,406,12018,
224.77889114831845,87297,282,405,12019,
224.7845657500023,87296,283,405,12019,
224.78633227733098,87296,282,406,12019,
224.7879247394579,87295,283,406,12019,
224.80745504021533,87294,284,406,12019,
224.81358871671696,87293,285,406,12019,
224.81625595184073,87292,286,406,12019,
224.8164884117071,87291,287,406,12019,
224.83021791746376,87290,288,406,12019,
224.83285181072785,87290,288,405,12020,
224.8481225653203,87289,289,405,12020,
224.85440998613637,87289,289,404,12021,
224.8661142197265,87289,289,403,12022,
224.87314996799887,87289,289,402,12023,
224.87785687901038,87289,288,403,12023,
224.88952286233405,87289,288,402,12024,
224.89157819768118,87289,288,401,12025,
224.89274301335772,87289,287,402,12025,
224.9116799902288,87288,288,402,12025,
224.9160596000357,87287,289,402,12025,
224.92576571322618,87287,288,403,12025,
224.9352254225601,87287,288,402,12026,
224.94747123221228,87286,289,402,12026,
224.94850117705772,87286,289,401,12027,
224.94901247677865,87285,290,401,12027,
224.94910673111806,87284,291,401,12027,
224.9536776851871,87284,290,402,12027,
224.95444743507028,87283,291,402,12027,
224.95738591309743,87282,292,402,12027,
224.9630497988245,87282,292,401,12028,
224.97914715641642,87282,291,402,12028,
224.98004451702022,87282,290,403,12028,
224.98051549507545,87281,291,403,12028,
224.98711199751477,87281,291,402,12029,
224.98726577574368,87280,292,402,12029,
224.990864395063,87280,291,403,12029,
224.99389739095466,87280,290,404,12029,
224.99967457129577,87280,289,405,12029,
225.00480330915676,87280,288,406,12029,
225.00553533201727,87279,289,406,12029,
225.01235366121966,87279,289,405,12030,
225.01747360510288,87279,289,404,12031,
225.0249505860439,87278,290,404,12031,
225.02854656665883,87277,291,404,12031,
225.03757047963623,87277,291,403,12032,
225.0393706824647,87277,290,404,12032,
225.04093594615503,87277,290,403,12033,
225.06302207100345,87276,291,403,12033,
225.06996325949768,87276,290,404,12033,
225.07071661140895,87276,290,403,12034,
225.07692532135155,87275,291,403,12034,
225.07968224974533,87275,291,402,12035,
225.09330185969407,87274,292,402,12035,
225.09551608679072,87274,291,403,12035,
225.0989384329465,87274,290,404,12035,
225.11227571938235,87274,290,403,12036,
225.1170589218047,87273,291,403,12036,
225.1444979896373,87273,291,402,12037,
225.15249993709307,87273,290,403,12037,
225.15695559867737,87273,289,404,12037,
225.17350203860087,87273,288,405,12037,
225.18619667239818,87273,288,404,12038,
225.18929664739557,87273,288,403,12039,
225.1897048340582,87273,288,402,12040,
225.1914925574094,87273,288,401,12041,
225.1942592096475,87273,287,402,12041,
225.19442804863638,87273,287,401,12042,
225.2046891773879,87272,288,401,12042,
225.20504359214195,87272,287,402,12042,
225.20838392073213,87271,288,402,12042,
225.21620879800471,87270,289,402,12042,
225.21634168825761,87269,290,402,12042,
225.21650413787467,87269,290,401,12043,
225.22132313195422,87269,290,400,12044,
225.22142606456774,87269,289,401,12044,
225.23690509648986,87269,288,402,12044,
225.238041068769,87269,287,403,12044,
225.24210173807825,87268,288,403,12044,
225.24549716481778,87267,289,403,12044,
225.24735789110355,87267,289,402,12045,
225.2483214187291,87267,289,401,12046,
225.24943439706348,87267,289,400,12047,
225.2592728439485,87266,290,400,12047,
225.25986255107412,87265,291,400,12047,
225.26852722702992,87265,291,399,12048,
225.27132474066082,87264,292,399,12048,
225.2778892418901,87264,291,400,12048,
225.285039046646,87264,290,401,12048,
225.29902380099642,87264,289,402,12048,
225.32289105024415,87264,288,403,12048,
225.33214395577357,87264,288,402,12049,
225.33559907660685,87264,288,401,12050,
225.34046849985515,87263,289,401,12050,
225.34074500952815,87263,288,402,12050,
225.3460085267193,87263,287,403,12050,
225.35500900007204,87262,288,403,12050,
225.3640657944618,87262,288,402,12051,
225.36560167813357,87262,288,401,12052,
225.37133076808806,87262,287,402,12052,
225.37353065517556,87261,288,402,12052,
225.37526553671364,87261,288,401,12053,
225.39210100264975,87261,288,400,12054,
225.3940592916223,87261,287,401,12054,
225.3963619219306,87260,288,401,12054,
225.40047931542173,87260,287,402,12054,
225.40985974681433,87260,286,403,12054,
225.41913744436337,87260,285,404,12054,
225.42027892230254,87260,284,405,12054,
225.42623971584223,87260,283,406,12054,
225.4321278432257,87260,282,407,12054,
225.43254266149373,87260,282,406,12055,
225.44896095916062,87259,283,406,12055,
225.45506516303456,87258,284,406,12055,
225.46103435899624,87258,284,405,12056,
225.46858947690123,87257,285,405,12056,
225.47015842348645,87256,286,405,12056,
225.4729489191187,87256,285,406,12056,
225.47549224963666,87255,286,406,12056,
225.4775298559837,87254,287,406,12056,
225.50685032971523,87254,286,407,12056,
225.50736322096748,87253,287,407,12056,
225.51059637914784,87252,288,407,12056,
225.52236742642222,87251,289,407,12056,
225.53477317624356,87250,290,407,12056,
225.54253351532017,87250,290,406,12057,
225.54717274622178,87250,289,407,12057,
225.55476855358793,87250,288,408,12057,
225.55808874865582,87250,287,409,12057,
225.55880975417722,87250,287,408,12058,
225.56171356219036,87249,288,408,12058,
225.5688326474916,87249,288,407,12059,
225.5757290956441,87249,287,408,12059,
225.57710685690708,87249,287,407,12060,
225.58077180124207,87248,288,407,12060,
225.58569812986593,87247,289,407,12060,
225.59899343109328,87246,290,407,12060,
225.60439038227275,87246,290,406,12061,
225.62257528154316,87246,289,407,12061,
225.62614096181113,87245,290,407,12061,
225.6463195714495,87245,289,408,12061,
225.64950630517345,87244,290,408,12061,
225.665901925933,87243,291,408,12061,
225.6718041880902,87243,291,407,12062,
225.67428785792686,87243,291,406,12063,
225.68172719509917,87243,291,405,12064,
225.6852017656308,87242,292,405,12064,
225.69800666588253,87242,291,406,12064,
225.7025275288718,87242,290,407,12064,
225.70565865448424,87242,289,408,12064,
225.71948530450868,87242,289,407,12065,
225.71956465823803,87242,289,406,12066,
225.72389396514927,87241,290,406,12066,
225.72394700493513,87241,290,405,12067,
225.7240692870516,87241,289,406,12067,
225.72863191454982,87240,290,406,12067,
225.74280562763366,87239,291,406,12067,
225.77474662422918,87238,292,406,12067,
225.7910646328743,87238,292,405,12068,
225.79878329417235,87237,293,405,12068,
225.80585643842028,87236,294,405,12068,
225.80668899653867,87235,295,405,12068,
225.8106863420689,87235,294,406,12068,
225.8155241700118,87235,294,405,12069,
225.81854894619028,87235,293,406,12069,
225.81907568500816,87235,293,405,12070,
225.8196783553245,87235,292,406,12070,
225.82241164015488,87234,293,406,12070,
225.825002135136,87234,293,405,12071,
225.8252426659333,87233,294,405,12071,
225.8280817990128,87233,294,404,12072,
225.8285674255145,87233,293,405,12072,
225.83626370107135,87232,294,405,12072,
225.8488591771066,87232,294,404,12073,
225.85111053641174,87232,293,405,12073,
225.85346296047797,87232,292,406,12073,
225.86117415220664,87231,293,406,12073,
225.8632822703274,87231,292,407,12073,
225.8736159165618,87230,293,407,12073,
225.88408409884187,87229,294,407,12073,
225.88562493962118,87229,293,408,12073,
225.8883147216223,87229,293,407,12074,
225.8936539843988,87228,294,407,12074,
225.90607465494705,87228,294,406,12075,
225.91148566087895,87228,293,407,12075,
225.91220999779276,87228,293,406,12076,
225.91302649209905,87227,294,406,12076,
225.92034585589582,87227,293,407,12076,
225.92348264810383,87227,293,406,12077,
225.93832843419483,87227,293,405,12078,
225.9413980352044,87227,292,406,12078,
225.94838937317226,87226,293,406,12078,
225.95361968247374,87226,293,405,12079,
225.95431435346893,87225,294,405,12079,
225.95750581932512,87225,293,406,12079,
225.96401634809007,87225,293,405,12080,
225.96823786743266,87225,292,406,12080,
225.971139735594,87224,293,406,12080,
225.9777346960844,87224,292,407,12080,
225.99776132233762,87224,291,408,12080,
226.0008370630015,87223,292,408,12080,
226.01441767893596,87223,292,407,12081,
226.0174416742966,87223,291,408,12081,
226.03217118958005,87223,291,407,12082,
226.04797315669248,87222,292,407,12082,
226.05353808285776,87221,293,407,12082,
226.06779329380268,87220,294,407,12082,
226.0800984160991,87219,295,407,12082,
226.09007021438697,87219,295,406,12083,
226.09900694619566,87219,294,407,12083,
226.1012306523924,87219,293,408,12083,
226.13124515683583,87219,292,409,12083,
226.13955904006306,87218,293,409,12083,
226.15299568301901,87218,292,410,12083,
226.15509408289952,87218,292,409,12084,
226.159010955449,87218,291,410,12084,
226.16023438393844,87218,291,409,12085,
226.1677622938697,87217,292,409,12085,
226.17218929911712,87216,293,409,12085,
226.18041259426346,87216,293,408,12086,
226.19121003906648,87216,292,409,12086,
226.19150687098707,87216,291,410,12086,
226.19489807568317,87216,291,409,12087,
226.20099616819755,87215,292,409,12087,
226.20351618691296,87215,291,410,12087,
226.2066969299167,87214,292,410,12087,
226.2081378379334,87214,291,411,12087,
226.20993578984024,87213,292,411,12087,
226.21227883520197,87212,293,411,12087,
226.21605068883616,87211,294,411,12087,
226.2219664978784,87210,295,411,12087,
226.22442941294378,87210,295,410,12088,
226.2332510696817,87209,296,410,12088,
226.23784782118727,87208,297,410,12088,
226.23853854040857,87208,297,409,12089,
226.24103144576426,87208,297,408,12090,
226.2445035398426,87208,296,409,12090,
226.27035927733075,87208,295,410,12090,
226.27073107374184,87207,296,410,12090,
226.2734491140858,87206,297,410,12090,
226.2950508284402,87206,297,409,12091,
226.29663637452688,87205,298,409,12091,
226.29782216846263,87204,299,409,12091,
226.30216942332453,87204,299,408,12092,
226.30339903995554,87204,298,409,12092,
226.30728836071492,87204,297,410,12092,
226.307631224404,87204,296,411,12092,
226.31025036993748,87204,296,410,12093,
226.31763363864184,87204,296,409,12094,
226.32070936907945,87203,297,409,12094,
226.3220342438904,87203,296,410,12094,
226.32286484308295,87203,295,411,12094,
226.32800053461133,87203,295,410,12095,
226.33887916941177,87203,295,409,12096,
226.3425438776042,87203,294,410,12096,
226.34912195003847,87203,293,411,12096,
226.35254386831468,87203,293,410,12097,
226.36518271015166,87202,294,410,12097,
226.36561757564328,87202,293,411,12097,
226.3661921551014,87201,294,411,12097,
226.36987931789037,87201,294,410,12098,
226.37351268766128,87200,295,410,12098,
226.37912878064859,87199,296,410,12098,
226.37980403142933,87199,295,411,12098,
226.38224490044624,87198,296,411,12098,
226.3824211074031,87197,297,411,12098,
226.3927304014869,87197,296,412,12098,
226.40382155104285,87197,295,413,12098,
226.41361012795696,87196,296,413,12098,
226.42440988372607,87196,295,414,12098,
226.43100973075627,87195,296,414,12098,
226.440798569036,87195,295,415,12098,
226.44752883781752,87194,296,415,12098,
226.45196111540142,87194,296,414,12099,
226.4521832564786,87193,297,414,12099,
226.4532621382714,87193,297,413,12100,
226.46478160437343,87193,296,414,12100,
226.46994068355662,87192,297,414,12100,
226.47399473229052,87192,297,413,12101,
226.48486429166132,87192,296,414,12101,
226.48598335696073,87192,295,415,12101,
226.48624167877944,87192,295,414,12102,
226.48711909371886,87191,296,414,12102,
226.49024244220516,87191,296,413,12103,
226.49495210804156,87191,296,412,12104,
226.49748503489695,87191,295,413,12104,
226.50234569971343,87191,294,414,12104,
226.50707501747183,87190,295,414,12104,
226.52907674631032,87190,294,415,12104,
226.5398892142545,87190,294,414,12105,
226.5419635136642,87190,294,413,12106,
226.55022923775394,87189,295,413,12106,
226.5529558578578,87189,295,412,12107,
226.55375082663804,87188,296,412,12107,
226.55465039822678,87187,297,412,12107,
226.5547924892941,87187,297,411,12108,
226.55798929143202,87186,298,411,12108,
226.56200773996693,87185,299,411,12108,
226.5630041147182,87184,300,411,12108,
226.56489398804106,87183,301,411,12108,
226.56896615003595,87182,302,411,12108,
226.57357487868487,87181,303,411,12108,
226.59036049527717,87180,304,411,12108,
226.5906315059667,87179,305,411,12108,
226.60145084997322,87179,304,412,12108,
226.60842250479584,87179,304,411,12109,
226.62498803651715,87179,303,412,12109,
226.62825340148,87179,303,411,12110,
226.63070371694482,87178,304,411,12110,
226.6322587993182,87177,305,411,12110,
226.6347479219291,87176,306,411,12110,
226.63545390082766,87176,305,412,12110,
226.63705166944206,87175,306,412,12110,
226.64234343817216,87175,306,411,12111,
226.6460214493461,87175,305,412,12111,
226.6466764741423,87175,305,411,12112,
226.64696584620518,87175,304,412,12112,
226.65435760654086,87174,305,412,12112,
226.65518398279883,87173,306,412,12112,
226.6610268583407,87172,307,412,12112,
226.66137934839534,87172,307,411,12113,
226.66454297861077,87172,307,410,12114,
226.66492368076885,87172,307,409,12115,
226.66975730027707,87172,306,410,12115,
226.6710860218956,87171,307,410,12115,
226.67862307694836,87170,308,410,12115,
226.68302620210264,87169,309,410,12115,
226.68701033405392,87169,309,409,12116,
226.69264713272807,87169,309,408,12117,
226.69640345880745,87168,310,408,12117,
226.70257630526316,87168,310,407,12118,
226.7037369278096,87167,311,407,12118,
226.73574655932293,87167,311,406,12119,
226.73577809758774,87166,312,406,12119,
226.75459844150734,87166,311,407,12119,
226.7612380084054,87165,312,407,12119,
226.7694449595399,87165,311,408,12119,
226.78529313210336,87165,310,409,12119,
226.7939750696144,87165,309,410,12119,
226.80427217809358,87165,309,409,12120,
226.8195460351709,87164,310,409,12120,
226.82608505721348,87163,311,409,12120,
226.8277334134126,87163,311,408,12121,
226.8291819905,87163,310,409,12121,
226.83321813799284,87163,309,410,12121,
226.83471780748866,87162,310,410,12121,
226.84002109289503,87161,311,410,12121,
226.84181199009174,87160,312,410,12121,
226.86857438539855,87159,313,410,12121,
226.8715750610557,87159,313,409,12122,
226.87451230399503,87159,312,410,12122,
226.88398438302886,87158,313,410,12122,
226.8868835483485,87158,312,411,12122,
226.8902745623813,87157,313,411,12122,
226.89319248139847,87156,314,411,12122,
226.894263702214,87155,315,411,12122,
226.89651014025364,87155,314,412,12122,
226.8967213714909,87154,315,412,12122,
226.90155027548957,87154,315,411,12123,
226.90302494114192,87154,314,412,12123,
226.90952777570067,87153,315,412,12123,
226.9253505739194,87153,315,411,12124,
226.92609882825454,87152,316,411,12124,
226.92724149921654,87151,317,411,12124,
226.92881956495597,87151,317,410,12125,
226.93287852899653,87150,318,410,12125,
226.94275745581706,87149,319,410,12125,
226.94616803425288,87149,318,411,12125,
226.96352409275877,87149,317,412,12125,
226.96934232659413,87149,316,413,12125,
226.9736157207038,87149,316,412,12126,
226.9808208585054,87149,316,411,12127,
226.98368104002742,87148,317,411,12127,
226.99273756115576,87148,316,412,12127,
226.9938604540556,87147,317,412,12127,
227.00256721693785,87147,316,413,12127,
227.00717332641298,87147,315,414,12127,
227.00864366579572,87147,314,415,12127,
227.01483066291254,87147,313,416,12127,
227.0149442833358,87147,312,417,12127,
227.0157271574355,87146,313,417,12127,
227.02537820318227,87146,313,416,12128,
227.0257574853708,87145,314,416,12128,
227.02665265826445,87144,315,416,12128,
227.03406131808615,87144,315,415,12129,
227.0456569435718,87144,314,416,12129,
227.05380003496046,87143,315,416,12129,
227.05623450192158,87143,314,417,12129,
227.0590721463591,87143,313,418,12129,
227.05918507301064,87143,313,417,12130,
227.0604337063096,87142,314,417,12130,
227.07119666101656,87142,313,418,12130,
227.07344106640954,87142,313,417,12131,
227.0737346266901,87141,314,417,12131,
227.07619419226253,87140,315,417,12131,
227.09337275623906,87140,315,416,12132,
227.10218081955583,87140,314,417,12132,
227.10459801729596,87140,313,418,12132,
227.11682160971029,87140,312,419,12132,
227.12933609888918,87139,313,419,12132,
227.13309292484146,87139,312,420,12132,
227.13671733329073,87139,312,419,12133,
227.13736944022415,87138,313,419,12133,
227.1424450658434,87138,313,418,12134,
227.1466055195569,87137,314,418,12134,
227.155034654335,87136,315,418,12134,
227.15700055668867,87136,315,417,12135,
227.16882375021953,87136,314,418,12135,
227.17922090861916,87135,315,418,12135,
227.17976461301288,87134,316,418,12135,
227.18109432497675,87133,317,418,12135,
227.1841574421705,87133,316,419,12135,
227.18988597240178,87132,317,419,12135,
227.19394173476013,87132,317,418,12136,
227.19571883851796,87131,318,418,12136,
227.20770583307583,87131,317,419,12136,
227.21006011284123,87131,317,418,12137,
227.21200821441332,87131,317,417,12138,
227.22314950589046,87131,316,418,12138,
227.23931474677968,87131,315,419,12138,
227.2402513314988,87131,314,420,12138,
227.2422087660731,87131,313,421,12138,
227.2492463234391,87130,314,421,12138,
227.26498433588534,87129,315,421,12138,
227.271753758245,87129,315,420,12139,
227.2919781073924,87129,314,421,12139,
227.29256122057478,87129,314,420,12140,
227.29639267545275,87128,315,420,12140,
227.3003360427705,87127,316,420,12140,
227.3034936937681,87127,315,421,12140,
227.30368116183487,87126,316,421,12140,
227.3060282528892,87126,316,420,12141,
227.30890844458156,87126,316,419,12142,
227.3107944923318,87126,316,418,12143,
227.31376485104997,87126,315,419,12143,
227.3145486979975,87126,314,420,12143,
227.31501114158308,87125,315,420,12143,
227.31949650293578,87125,315,419,12144,
227.32841512715498,87124,316,419,12144,
227.33229919329503,87124,316,418,12145,
227.33388940650585,87123,317,418,12145,
227.34624461946197,87122,318,418,12145,
227.34860751287962,87122,317,419,12145,
227.3497277610444,87122,317,418,12146,
227.35162698579856,87122,316,419,12146,
227.361042465466,87122,315,420,12146,
227.36866930705486,87121,316,420,12146,
227.37372139449695,87121,316,419,12147,
227.37470797968726,87121,315,420,12147,
227.37549457962882,87121,314,421,12147,
227.38533071580918,87120,315,421,12147,
227.38539009060563,87119,316,421,12147,
227.3887526723599,87118,317,421,12147,
227.39450379788605,87117,318,421,12147,
227.39486717594002,87117,318,420,12148,
227.39590477070945,87117,318,419,12149,
227.39626075066388,87117,318,418,12150,
227.40048930852387,87117,317,419,12150,
227.40424504666356,87117,316,420,12150,
227.4139284339603,87117,316,419,12151,
227.41484687215123,87116,317,419,12151,
227.41950126297266,87116,317,418,12152,
227.42623116501716,87116,316,419,12152,
227.42644976600482,87116,315,420,12152,
227.42798266942796,87116,314,421,12152,
227.4291884805657,87116,313,422,12152,
227.42995336706682,87115,314,422,12152,
227.4422222106457,87114,315,422,12152,
227.4446527849591,87114,314,423,12152,
227.448390101351,87114,313,424,12152,
227.46173267616808,87114,313,423,12153,
227.4799233098501,87114,313,422,12154,
227.48316110996885,87113,314,422,12154,
227.48715681211485,87113,313,423,12154,
227.4874732336179,87113,313,422,12155,
227.48796795383902,87113,312,423,12155,
227.49480783021102,87113,312,422,12156,
227.49693722839703,87112,313,422,12156,
227.5088823341705,87112,313,421,12157,
227.5181500166841,87112,313,420,12158,
227.52420958999332,87111,314,420,12158,
227.52733290624468,87111,314,419,12159,
227.52863256348533,87110,315,419,12159,
227.53071440444327,87110,314,420,12159,
227.53193947193762,87110,313,421,12159,
227.5328576496271,87110,312,422,12159,
227.53745418119374,87110,312,421,12160,
227.5384430751724,87109,313,421,12160,
227.53892774712105,87108,314,421,12160,
227.5516786109065,87107,315,421,12160,
227.55551144673834,87107,315,420,12161,
227.5596218163329,87107,315,419,12162,
227.56903927305638,87107,315,418,12163,
227.57727372945786,87106,316,418,12163,
227.58634132113042,87105,317,418,12163,
227.58932017761674,87104,318,418,12163,
227.5957166134456,87104,318,417,12164,
227.59792507609433,87104,317,418,12164,
227.59808095218722,87103,318,418,12164,
227.60821174614676,87103,318,417,12165,
227.6130690759607,87103,318,416,12166,
227.6252203019362,87102,319,416,12166,
227.63715099445716,87101,320,416,12166,
227.6373517762515,87101,319,417,12166,
227.64615230830287,87101,319,416,12167,
227.64705221864574,87101,318,417,12167,
227.64749091466808,87100,319,417,12167,
227.67223530821443,87100,318,418,12167,
227.68778396879452,87099,319,418,12167,
227.68802162215678,87098,320,418,12167,
227.6892733210785,87097,321,418,12167,
227.69123032831834,87096,322,418,12167,
227.6955893283017,87096,322,417,12168,
227.6989123791877,87096,322,416,12169,
227.69920861781196,87095,323,416,12169,
227.70034608213018,87094,324,416,12169,
227.70845842682252,87093,325,416,12169,
227.70879542888022,87092,326,416,12169,
227.70888461736067,87092,325,417,12169,
227.72349652504732,87092,325,416,12170,
227.72721729277978,87092,324,417,12170,
227.7278504425594,87092,323,418,12170,
227.73012331650077,87092,322,419,12170,
227.74142838658386,87091,323,419,12170,
227.7481543293292,87090,324,419,12170,
227.75571042847744,87089,325,419,12170,
227.7643170869811,87088,326,419,12170,
227.76948974266833,87088,326,418,12171,
227.76960347769733,87088,326,417,12172,
227.77750284979828,87087,327,417,12172,
227.77950716965316,87086,328,417,12172,
227.77979987787623,87086,328,416,12173,
227.78049105916747,87086,328,415,12174,
227.7835544049189,87085,329,415,12174,
227.7851912037582,87084,330,415,12174,
227.79419139970554,87084,329,416,12174,
227.79468496079573,87083,330,416,12174,
227.79745630838607,87082,331,416,12174,
227.80133807669384,87082,330,417,12174,
227.81748553260246,87082,329,418,12174,
227.81825321197707,87082,329,417,12175,
227.83155367052385,87081,330,417,12175,
227.8355861385805,87081,329,418,12175,
227.84419072436708,87081,328,419,12175,
227.8569842445278,87080,329,419,12175,
227.85894145063503,87079,330,419,12175,
227.85908338842665,87078,331,419,12175,
227.86011423950404,87078,330,420,12175,
227.8633493114947,87077,331,420,12175,
227.8751020370285,87077,330,421,12175,
227.8840545349403,87077,329,422,12175,
227.88415662440764,87077,329,421,12176,
227.8903474567793,87077,329,420,12177,
227.8950147250414,87076,330,420,12177,
227.90160864345702,87075,331,420,12177,
227.90941549757093,87075,330,421,12177,
227.9099444132438,87074,331,421,12177,
227.92310908007417,87073,332,421,12177,
227.92630327097316,87073,331,422,12177,
227.95030834174258,87073,331,421,12178,
227.95701938520602,87073,330,422,12178,
227.97810496028552,87073,330,421,12179,
227.97980942539394,87073,330,420,12180,
227.9988923068218,87073,329,421,12180,
228.00140440908729,87072,330,421,12180,
228.00147097109533,87071,331,421,12180,
228.00713344527063,87070,332,421,12180,
228.01785283999547,87070,331,422,12180,
228.02679388281976,87070,331,421,12181,
228.0276681431834,87070,331,420,12182,
228.02808124868952,87069,332,420,12182,
228.03694691037893,87069,332,419,12183,
228.03719262206545,87069,332,418,12184,
228.03940816078475,87068,333,418,12184,
228.03980460522465,87068,332,419,12184,
228.0458946968008,87068,332,418,12185,
228.04655722371447,87068,331,419,12185,
228.05093045684458,87068,330,420,12185,
228.05093111883184,87068,330,419,12186,
228.05522777102942,87067,331,419,12186,
228.06494466154584,87066,332,419,12186,
228.06931197551435,87065,333,419,12186,
228.07393591159408,87065,332,420,12186,
228.0743537635618,87064,333,420,12186,
228.075913059434,87064,332,421,12186,
228.08852389741398,87064,331,422,12186,
228.09074717977097,87063,332,422,12186,
228.09346138537148,87063,331,423,12186,
228.09810166336817,87062,332,423,12186,
228.09887311577182,87062,332,422,12187,
228.10000082060603,87061,333,422,12187,
228.10529693908774,87060,334,422,12187,
228.10888239249743,87059,335,422,12187,
228.11466140675014,87058,336,422,12187,
228.1164882661999,87057,337,422,12187,
228.12082452490029,87057,337,421,12188,
228.1240087738628,87057,336,422,12188,
228.13527938164802,87056,337,422,12188,
228.13533070237375,87056,337,421,12189,
228.15645142500222,87056,336,422,12189,
228.17284333569043,87056,336,421,12190,
228.17528268864461,87056,335,422,12190,
228.180446278068,87056,334,423,12190,
228.181256842459,87055,335,423,12190,
228.1813345807036,87055,334,424,12190,
228.1887230748216,87055,334,423,12191,
228.1931115016119,87054,335,423,12191,
228.19959168717222,87053,336,423,12191,
228.2000021510503,87053,335,424,12191,
228.20074095263996,87052,336,424,12191,
228.2014637155827,87051,337,424,12191,
228.2157359316394,87050,338,424,12191,
228.21603099892022,87050,337,425,12191,
228.2240831399242,87050,336,426,12191,
228.22524548671205,87050,335,427,12191,
228.24228441705293,87049,336,427,12191,
228.24429617333044,87048,337,427,12191,
228.24551700338972,87048,336,428,12191,
228.25103505525996,87047,337,428,12191,
228.2558345004781,87046,338,428,12191,
228.26588932470887,87045,339,428,12191,
228.26799602600352,87044,340,428,12191,
228.2833136558252,87044,340,427,12192,
228.28601202684956,87044,339,428,12192,
228.30221696243316,87043,340,428,12192,
228.31145618812948,87043,339,429,12192,
228.32964621056885,87043,339,428,12193,
228.36416868951153,87043,339,427,12194,
228.38428167633083,87043,338,428,12194,
228.3857535421886,87043,337,429,12194,
228.39626041531088,87043,337,428,12195,
228.4100199243425,87042,338,428,12195,
228.41060425269268,87042,338,427,12196,
228.42163910771012,87042,337,428,12196,
228.42244539508016,87042,337,427,12197,
228.42832208376865,87042,336,428,12197,
228.42833332645202,87042,336,427,12198,
228.43077645371102,87042,335,428,12198,
228.43141086676061,87041,336,428,12198,
228.44018667436376,87041,335,429,12198,
228.44052509698562,87041,334,430,12198,
228.4522652389905,87041,334,429,12199,
228.45276295371795,87040,335,429,12199,
228.46101194910398,87040,335,428,12200,
228.46208497018955,87040,334,429,12200,
228.46663742391635,87040,334,428,12201,
228.47168821934204,87040,334,427,12202,
228.47372868260666,87040,334,426,12203,
228.4743894188491,87039,335,426,12203,
228.47620069312183,87038,336,426,12203,
228.480348194807,87037,337,426,12203,
228.48324405097586,87037,337,425,12204,
228.49520763820024,87037,337,424,12205,
228.50068825249514,87036,338,424,12205,
228.50367493957518,87035,339,424,12205,
228.50556651356018,87035,338,425,12205,
228.5130436839684,87034,339,425,12205,
228.51433777345065,87034,338,426,12205,
228.5164733092295,87034,338,425,12206,
228.5187919324514,87033,339,425,12206,
228.5229668388759,87033,338,426,12206,
228.52576539723833,87033,337,427,12206,
228.5313554927763,87033,336,428,12206,
228.53170037201468,87032,337,428,12206,
228.5406936156385,87032,336,429,12206,
228.54096078477198,87032,335,430,12206,
228.54397612430768,87032,335,429,12207,
228.5454310788543,87032,335,428,12208,
228.5485837433325,87032,335,427,12209,
228.5495436342135,87032,334,428,12209,
228.5537182232935,87031,335,428,12209,
228.5548918147256,87031,334,429,12209,
228.55678421732523,87031,334,428,12210,
228.56580691718887,87031,333,429,12210,
228.56754560212374,87030,334,429,12210,
228.5696667912666,87029,335,429,12210,
228.58927116723095,87029,335,428,12211,
228.5992729588904,87028,336,428,12211,
228.60215636088077,87027,337,428,12211,
228.61862841495963,87026,338,428,12211,
228.63378939046018,87026,337,429,12211,
228.63718778869224,87026,336,430,12211,
228.63830283874802,87025,337,430,12211,
228.6402951319785,87024,338,430,12211,
228.6415749559457,87024,337,431,12211,
228.64648054364298,87024,336,432,12211,
228.6494234776044,87024,335,433,12211,
228.65432384268948,87023,336,433,12211,
228.6666531479862,87022,337,433,12211,
228.6693564292005,87022,337,432,12212,
228.67169771303028,87021,338,432,12212,
228.67189912076032,87021,338,431,12213,
228.67420885002423,87021,338,430,12214,
228.68731381376543,87021,337,431,12214,
228.68755654374513,87021,336,432,12214,
228.68756962971653,87020,337,432,12214,
228.69053518089416,87020,337,431,12215,
228.69399950540347,87020,337,430,12216,
228.69542919856815,87020,337,429,12217,
228.6992075170218,87020,336,430,12217,
228.70201572679775,87019,337,430,12217,
228.703263628167,87019,336,431,12217,
228.70406243042993,87019,336,430,12218,
228.70538109999458,87018,337,430,12218,
228.70897864698603,87018,337,429,12219,
228.7231744742893,87018,336,430,12219,
228.73104694012977,87018,335,431,12219,
228.73171869625236,87018,334,432,12219,
228.74461742860697,87018,333,433,12219,
228.74718918873776,87018,332,434,12219,
228.74825879691448,87018,331,435,12219,
228.74969925335165,87018,331,434,12220,
228.75134560991137,87017,332,434,12220,
228.7543022729919,87017,332,433,12221,
228.77831428983862,87017,331,434,12221,
228.77971128608,87016,332,434,12221,
228.7874325358074,87015,333,434,12221,
228.79057586043302,87015,333,433,12222,
228.80085084395063,87014,334,433,12222,
228.80348600983137,87014,333,434,12222,
228.80611158145052,87014,332,435,12222,
228.8113729682696,87013,333,435,12222,
228.81168351815782,87013,333,434,12223,
228.82398942096924,87013,332,435,12223,
228.82570591645836,87012,333,435,12223,
228.8288751372469,87012,332,436,12223,
228.83612544591878,87011,333,436,12223,
228.83665734610568,87010,334,436,12223,
228.837768218963,87009,335,436,12223,
228.84565859562184,87009,335,435,12224,
228.8476319437683,87009,334,436,12224,
228.84905325022095,87008,335,436,12224,
228.8513242081837,87008,334,437,12224,
228.85343122205563,87008,334,436,12225,
228.85591514025427,87007,335,436,12225,
228.85806403983665,87007,335,435,12226,
228.85989518549817,87007,335,434,12227,
228.85996580557642,87007,335,433,12228,
228.86493755849582,87007,335,432,12229,
228.8695572650909,87007,335,431,12230,
228.87747156695627,87007,334,432,12230,
228.88044823448354,87006,335,432,12230,
228.8808360924623,87005,336,432,12230,
228.88162948069,87005,335,433,12230,
228.88393756677792,87004,336,433,12230,
228.88717074808764,87004,335,434,12230,
228.88742942382257,87003,336,434,12230,
228.89144447154996,87002,337,434,12230,
228.89517230704848,87002,336,435,12230,
228.89811391990062,87001,337,435,12230,
228.89897645037274,87000,338,435,12230,
228.90175412420862,86999,339,435,12230,
228.9023391362366,86999,339,434,12231,
228.90521586879282,86998,340,434,12231,
228.92467469829876,86998,339,435,12231,
228.93634090871308,86998,338,436,12231,
228.9416106842937,86998,338,435,12232,
228.9432685721373,86997,339,435,12232,
228.9454234312075,86996,340,435,12232,
228.95672839508296,86996,340,434,12233,
228.9569248280631,86996,339,435,12233,
228.95949528179074,86996,339,434,12234,
228.96808592713322,86996,339,433,12235,
228.96886388456826,86996,339,432,12236,
228.97131982288886,86995,340,432,12236,
228.98559930822574,86995,340,431,12237,
228.99359266953846,86995,340,430,12238,
228.99649257591466,86995,339,431,12238,
228.99835406807998,86994,340,431,12238,
228.99893220257655,86993,341,431,12238,
229.0000166963436,86993,340,432,12238,
229.00077237319732,86993,340,431,12239,
229.00209476948683,86992,341,431,12239,
229.00719273806607,86992,341,430,12240,
229.01120777888252,86992,340,431,12240,
229.01330541018868,86991,341,431,12240,
229.01525335857312,86991,340,432,12240,
229.01541909729357,86991,339,433,12240,
229.02061799761117,86991,338,434,12240,
229.03201837509488,86991,338,433,12241,
229.03440437888923,86991,337,434,12241,
229.03676280100808,86990,338,434,12241,
229.04683257369396,86990,338,433,12242,
229.05466230574376,86990,337,434,12242,
229.05751996049892,86990,336,435,12242,
229.0605546820416,86990,335,436,12242,
229.06089002645777,86990,335,435,12243,
229.06645616705714,86990,334,436,12243,
229.0667957275122,86990,333,437,12243,
229.06685760440868,86989,334,437,12243,
229.06710510198172,86988,335,437,12243,
229.07526499654728,86988,334,438,12243,
229.0758295902714,86988,333,439,12243,
229.08213625158703,86988,332,440,12243,
229.0832250750558,86987,333,440,12243,
229.09450811512676,86987,332,441,12243,
229.09492657541713,86986,333,441,12243,
229.10629213372462,86985,334,441,12243,
229.11048555208234,86985,333,442,12243,
229.1145650129429,86985,333,441,12244,
229.117459010875,86985,332,442,12244,
229.11951425512552,86984,333,442,12244,
229.1200944525791,86983,334,442,12244,
229.12319868706604,86983,334,441,12245,
229.12707750526974,86983,333,442,12245,
229.13551858194228,86982,334,442,12245,
229.1416385494652,86981,335,442,12245,
229.14642973924694,86981,334,443,12245,
229.16148745182903,86981,333,444,12245,
229.16282640152605,86981,333,443,12246,
229.17714632940366,86981,332,444,12246,
229.19113894183303,86981,332,443,12247,
229.19220460956058,86981,331,444,12247,
229.19722735217834,86980,332,444,12247,
229.19921005479364,86980,332,443,12248,
229.20072885896084,86980,332,442,12249,
229.20189105197588,86980,331,443,12249,
229.20277658158494,86980,330,444,12249,
229.20352693424786,86980,330,443,12250,
229.2070146520439,86979,331,443,12250,
229.21203740300516,86979,330,444,12250,
229.21436381389424,86979,329,445,12250,
229.21464398091985,86979,328,446,12250,
229.21894835071564,86979,327,447,12250,
229.22081761306458,86979,327,446,12251,
229.22183519223952,86979,327,445,12252,
229.22700551950985,86979,326,446,12252,
229.22904784343785,86979,325,447,12252,
229.23390110578848,86979,324,448,12252,
229.23396492198498,86979,323,449,12252,
229.2358246116586,86979,323,448,12253,
229.2471392244768,86979,322,449,12253,
229.24903837135554,86979,321,450,12253,
229.2495285578427,86978,322,450,12253,
229.25137263344487,86978,321,451,12253,
229.258719015045,86978,320,452,12253,
229.27151602676682,86978,320,451,12254,
229.27766376361316,86977,321,451,12254,
229.28218511244435,86977,320,452,12254,
229.30084217086068,86976,321,452,12254,
229.30577050907243,86976,320,453,12254,
229.30668860886027,86976,319,454,12254,
229.31302861805784,86975,320,454,12254,
229.31569866899815,86975,319,455,12254,
229.31951498202758,86974,320,455,12254,
229.33732891776316,86973,321,455,12254,
229.3377360407035,86973,320,456,12254,
229.3381376961453,86973,320,455,12255,
229.3553390477416,86973,319,456,12255,
229.36298810332318,86972,320,456,12255,
229.37651475703686,86971,321,456,12255,
229.38272099091054,86970,322,456,12255,
229.38326672529573,86969,323,456,12255,
229.3890918791807,86968,324,456,12255,
229.39072947094522,86968,323,457,12255,
229.3915415181345,86968,323,456,12256,
229.39537314631434,86968,323,455,12257,
229.3994598249229,86967,324,455,12257,
229.40144671350885,86967,323,456,12257,
229.41078478007046,86967,322,457,12257,
229.41081130861733,86967,322,456,12258,
229.42038231024273,86967,321,457,12258,
229.43440819515257,86967,321,456,12259,
229.43518465616518,86966,322,456,12259,
229.4421738734868,86966,322,455,12260,
229.44805163661277,86966,322,454,12261,
229.45375869354282,86966,321,455,12261,
229.4577004071552,86966,321,454,12262,
229.4616809769505,86966,321,453,12263,
229.4636238578465,86965,322,453,12263,
229.48447882353668,86965,322,452,12264,
229.48689973043457,86965,322,451,12265,
229.4881899871766,86964,323,451,12265,
229.48852579855154,86964,323,450,12266,
229.48958160164648,86964,322,451,12266,
229.49443553906778,86964,322,450,12267,
229.495083133282,86963,323,450,12267,
229.4969984478201,86963,323,449,12268,
229.50109179085757,86962,324,449,12268,
229.50460230519894,86961,325,449,12268,
229.50728396255562,86960,326,449,12268,
229.5139163083688,86960,325,450,12268,
229.51485082283514,86960,324,451,12268,
229.5184358669106,86960,324,450,12269,
229.51899914824267,86960,324,449,12270,
229.51939856586,86959,325,449,12270,
229.52195529755753,86959,324,450,12270,
229.52503564810254,86959,323,451,12270,
229.53107917108503,86959,323,450,12271,
229.53597647090606,86959,323,449,12272,
229.5373568837034,86959,323,448,12273,
229.53791026464947,86959,322,449,12273,
229.55798916009218,86958,323,449,12273,
229.55882967376198,86957,324,449,12273,
229.56227686402653,86957,324,448,12274,
229.5669243614592,86957,323,449,12274,
229.5719684227228,86957,322,450,12274,
229.5726619186126,86957,322,449,12275,
229.57350982695596,86956,323,449,12275,
229.5774969267876,86956,323,448,12276,
229.5821218859663,86956,322,449,12276,
229.58355973421516,86956,321,450,12276,
229.5883655118203,86956,321,449,12277,
229.59032866244556,86956,320,450,12277,
229.59276502972872,86956,320,449,12278,
229.5982728720816,86956,320,448,12279,
229.5997348310566,86955,321,448,12279,
229.6033510733041,86955,321,447,12280,
229.60592709706296,86954,322,447,12280,
229.60879929472537,86953,323,447,12280,
229.60958304380176,86953,323,446,12281,
229.61288119197218,86953,322,447,12281,
229.61449449140744,86953,321,448,12281,
229.62379489629632,86953,320,449,12281,
229.62434142533044,86952,321,449,12281,
229.63077577257647,86952,320,450,12281,
229.63322719268265,86952,319,451,12281,
229.6374345270953,86952,319,450,12282,
229.63961934458672,86952,319,449,12283,
229.64082825923066,86951,320,449,12283,
229.64623499944824,86951,320,448,12284,
229.64956424452328,86951,319,449,12284,
229.65763989462633,86950,320,449,12284,
229.65868027312217,86949,321,449,12284,
229.674711051377,86949,320,450,12284,
229.67891430089554,86949,319,451,12284,
229.68465327757104,86948,320,451,12284,
229.69190865632848,86947,321,451,12284,
229.69631022304463,86946,322,451,12284,
229.69922469577534,86946,322,450,12285,
229.69972206391012,86945,323,450,12285,
229.7117677253409,86945,323,449,12286,
229.71913039745866,86944,324,449,12286,
229.728134516443,86944,324,448,12287,
229.7321970990812,86943,325,448,12287,
229.73282153825505,86943,324,449,12287,
229.73543612704657,86943,324,448,12288,
229.7414804428812,86943,323,449,12288,
229.74424463573342,86942,324,449,12288,
229.74824512715884,86941,325,449,12288,
229.76138379597745,86940,326,449,12288,
229.76327018054374,86940,326,448,12289,
229.77801187003377,86939,327,448,12289,
229.78195913992184,86939,326,449,12289,
229.79146472719222,86938,327,449,12289,
229.79747019632495,86938,326,450,12289,
229.7981576284077,86938,325,451,12289,
229.80081569155416,86938,324,452,12289,
229.8031687575936,86938,324,451,12290,
229.83026205909505,86938,323,452,12290,
229.83365179599917,86938,322,453,12290,
229.85897495166645,86938,321,454,12290,
229.86242023834197,86938,320,455,12290,
229.86281230178324,86937,321,455,12290,
229.8688505893269,86937,320,456,12290,
229.87149080351813,86937,319,457,12290,
229.8723116462735,86937,319,456,12291,
229.87884446106017,86937,319,455,12292,
229.88629758047344,86937,319,454,12293,
229.8929677176043,86937,318,455,12293,
229.89752930090683,86937,317,456,12293,
229.89852384418984,86936,318,456,12293,
229.90476820838705,86935,319,456,12293,
229.9103993770705,86934,320,456,12293,
229.91583548891623,86934,320,455,12294,
229.9188437493167,86934,320,454,12295,
229.9206331123117,86933,321,454,12295,
229.92220479715218,86933,320,455,12295,
229.92321325703998,86933,319,456,12295,
229.92396760380106,86932,320,456,12295,
229.9331613996479,86931,321,456,12295,
229.93475283407355,86930,322,456,12295,
229.93515132428527,86929,323,456,12295,
229.9479140841049,86928,324,456,12295,
229.9650481239774,86927,325,456,12295,
229.9658906741798,86927,324,457,12295,
229.97071965195312,86927,324,456,12296,
229.976409545254,86927,323,457,12296,
229.97812235073246,86927,322,458,12296,
229.9790154306848,86927,321,459,12296,
229.9800228490958,86927,321,458,12297,
229.98201619295426,86927,320,459,12297,
229.9823496704419,86927,320,458,12298,
230.00357482620103,86926,321,458,12298,
230.00918195165156,86926,320,459,12298,
230.0237873555783,86926,320,458,12299,
230.03191786855328,86925,321,458,12299,
230.0359768761225,86924,322,458,12299,
230.03962844268466,86924,321,459,12299,
230.03972524283748,86924,321,458,12300,
230.0449797590243,86924,321,457,12301,
230.04922660834,86924,321,456,12302,
230.0544155608549,86923,322,456,12302,
230.05529313799516,86922,323,456,12302,
230.06593519890524,86922,322,457,12302,
230.0706187361873,86922,322,456,12303,
230.07912273170078,86922,321,457,12303,
230.09096169206924,86921,322,457,12303,
230.09356850678026,86921,321,458,12303,
230.10177554769044,86921,320,459,12303,
230.10207420664943,86921,320,458,12304,
230.10214577706,86920,321,458,12304,
230.10453570999502,86919,322,458,12304,
230.10804849430343,86919,322,457,12305,
230.10823720957535,86919,321,458,12305,
230.11683671129538,86919,320,459,12305,
230.12829482409165,86918,321,459,12305,
230.1292312855695,86918,321,458,12306,
230.13354611914127,86918,320,459,12306,
230.13453763736834,86917,321,459,12306,
230.13652545812488,86917,320,460,12306,
230.13687153680658,86916,321,460,12306,
230.13956335441543,86915,322,460,12306,
230.14338230960396,86915,322,459,12307,
230.14376798334985,86914,323,459,12307,
230.14477071071167,86914,322,460,12307,
230.14521791502608,86913,323,460,12307,
230.1518088759727,86913,323,459,12308,
230.15896626371622,86913,322,460,12308,
230.160287619913,86913,321,461,12308,
230.16246526649664,86913,321,460,12309,
230.17969732100624,86912,322,460,12309,
230.18092413793812,86912,322,459,12310,
230.18145412016239,86912,321,460,12310,
230.18196361284356,86911,322,460,12310,
230.18460491448272,86910,323,460,12310,
230.19084006561474,86910,322,461,12310,
230.19572374503002,86910,322,460,12311,
230.19667074364747,86909,323,460,12311,
230.2053320259522,86908,324,460,12311,
230.2107457917213,86907,325,460,12311,
230.21152537486074,86906,326,460,12311,
230.2150058733515,86906,325,461,12311,
230.21501177231465,86906,325,460,12312,
230.219948640512,86905,326,460,12312,
230.22892221762515,86904,327,460,12312,
230.24242544435737,86903,328,460,12312,
230.24339672728468,86902,329,460,12312,
230.25417457862534,86902,329,459,12313,
230.25563763852963,86902,328,460,12313,
230.2657118822622,86902,327,461,12313,
230.26853207033213,86901,328,461,12313,
230.27326073862332,86901,327,462,12313,
230.29214787759952,86901,327,461,12314,
230.29266347271115,86900,328,461,12314,
230.2943977421147,86900,328,460,12315,
230.29838262266708,86899,329,460,12315,
230.30219625991543,86899,329,459,12316,
230.30700898640953,86898,330,459,12316,
230.3075857574307,86898,330,458,12317,
230.31520388869762,86897,331,458,12317,
230.3190691666409,86896,332,458,12317,
230.33023589452677,86896,332,457,12318,
230.33531228542788,86895,333,457,12318,
230.33568398746027,86895,333,456,12319,
230.3543368577546,86895,333,455,12320,
230.3658902339654,86895,333,454,12321,
230.36887214695787,86895,332,455,12321,
230.36902595337193,86894,333,455,12321,
230.37217666713332,86894,333,454,12322,
230.37494618607323,86893,334,454,12322,
230.37671936013416,86893,333,455,12322,
230.37733110581857,86893,332,456,12322,
230.38295053950463,86892,333,456,12322,
230.38737634739599,86892,333,455,12323,
230.38824208806,86891,334,455,12323,
230.38855545157043,86890,335,455,12323,
230.3940695255,86890,334,456,12323,
230.39612093918365,86890,333,457,12323,
230.40656238092808,86890,332,458,12323,
230.42147521079963,86890,332,457,12324,
230.42434502209352,86890,332,456,12325,
230.45073565456772,86890,332,455,12326,
230.45240961810913,86890,331,456,12326,
230.45787942018015,86890,331,455,12327,
230.46295138950458,86889,332,455,12327,
230.470649466574,86889,331,456,12327,
230.4806490762654,86889,331,455,12328,
230.48389137602754,86888,332,455,12328,
230.49262683990065,86887,333,455,12328,
230.50176166405302,86886,334,455,12328,
230.50198691856556,86886,333,456,12328,
230.5063300004784,86886,332,457,12328,
230.51069676789155,86885,333,457,12328,
230.51429581484769,86884,334,457,12328,
230.514363400658,86883,335,457,12328,
230.51822396009237,86883,335,456,12329,
230.53057327814173,86882,336,456,12329,
230.5318346737899,86882,336,455,12330,
230.54148884310038,86882,335,456,12330,
230.54290363868566,86882,334,457,12330,
230.5431072760094,86882,333,458,12330,
230.5513205270607,86881,334,458,12330,
230.55382373136823,86881,334,457,12331,
230.56826935974948,86881,334,456,12332,
230.58109101817232,86880,335,456,12332,
230.58850835096507,86880,335,455,12333,
230.5998357323641,86880,335,454,12334,
230.60260529662463,86880,335,453,12335,
230.60977523688226,86880,334,454,12335,
230.6118191326603,86880,333,455,12335,
230.61289139121584,86880,332,456,12335,
230.64376483636977,86880,331,457,12335,
230.64801056464427,86880,331,456,12336,
230.65014579889714,86880,330,457,12336,
230.66740750526125,86879,331,457,12336,
230.66829821297537,86879,330,458,12336,
230.6712970469061,86879,329,459,12336,
230.6781186212591,86879,328,460,12336,
230.6827863265988,86879,328,459,12337,
230.68292866700963,86878,329,459,12337,
230.68621828320153,86877,330,459,12337,
230.693142508757,86877,329,460,12337,
230.69736645862247,86876,330,460,12337,
230.70214650391233,86876,330,459,12338,
230.70329227936026,86876,329,460,12338,
230.70570591001373,86876,328,461,12338,
230.7112687340308,86876,328,460,12339,
230.71789874910024,86875,329,460,12339,
230.7213892078111,86875,329,459,12340,
230.7255082285282,86874,330,459,12340,
230.73742842472177,86874,329,460,12340,
230.73763359087945,86874,328,461,12340,
230.74268427696285,86874,327,462,12340,
230.74902952214035,86873,328,462,12340,
230.74940726484837,86873,327,463,12340,
230.7532319945,86872,328,463,12340,
230.7613270125477,86872,328,462,12341,
230.76520517044247,86872,328,461,12342,
230.7652177618188,86872,327,462,12342,
230.7655614128899,86871,328,462,12342,
230.7658652960827,86870,329,462,12342,
230.76797829126272,86870,329,461,12343,
230.772568998439,86870,328,462,12343,
230.77499439903082,86870,327,463,12343,
230.78633288528172,86870,326,464,12343,
230.7914413601943,86870,325,465,12343,
230.7927692910762,86869,326,465,12343,
230.79497299236482,86869,325,466,12343,
230.79591896462432,86869,324,467,12343,
230.80245783152282,86868,325,467,12343,
230.80512558496432,86867,326,467,12343,
230.80580830664098,86866,327,467,12343,
230.80817319145592,86865,328,467,12343,
230.812229835014,86865,327,468,12343,
230.81440115113836,86865,326,469,12343,
230.81455587699566,86865,325,470,12343,
230.83058352443476,86865,325,469,12344,
230.84730108525756,86865,325,468,12345,
230.85497712209906,86865,324,469,12345,
230.8555405231171,86864,325,469,12345,
230.85858750381317,86864,324,470,12345,
230.8595586662591,86863,325,470,12345,
230.861777691687,86862,326,470,12345,
230.8640896085639,86862,325,471,12345,
230.86646080397128,86861,326,471,12345,
230.86652400706126,86860,327,471,12345,
230.87402799285644,86859,328,471,12345,
230.8778263360459,86859,327,472,12345,
230.88429731547515,86858,328,472,12345,
230.88717118015234,86857,329,472,12345,
230.89068313019408,86857,329,471,12346,
230.8944088260152,86857,328,472,12346,
230.89640580669388,86856,329,472,12346,
230.90360668624706,86856,328,473,12346,
230.9123409096594,86856,327,474,12346,
230.91853523352242,86856,327,473,12347,
230.91866826341774,86856,326,474,12347,
230.9206441947235,86856,326,473,12348,
230.92101078437335,86856,325,474,12348,
230.92211269959927,86856,325,473,12349,
230.92279127464312,86855,326,473,12349,
230.93192283078747,86854,327,473,12349,
230.94403285699727,86854,327,472,12350,
230.94555078117557,86854,327,471,12351,
230.94681903063653,86853,328,471,12351,
230.94848826170514,86853,328,470,12352,
230.95294329584766,86853,327,471,12352,
230.97360530357315,86852,328,471,12352,
230.9791736501992,86852,328,470,12353,
230.98800797541435,86851,329,470,12353,
230.9945242579442,86850,330,470,12353,
231.0108276421707,86849,331,470,12353,
231.01502870694188,86848,332,470,12353,
231.02660325464063,86848,331,471,12353,
231.03243053808797,86847,332,471,12353,
231.03402245933964,86846,333,471,12353,
231.03606644149514,86845,334,471,12353,
231.03632993448971,86845,333,472,12353,
231.03655089611414,86844,334,472,12353,
231.03879294219848,86843,335,472,12353,
231.03895098899193,86843,335,471,12354,
231.04152103438696,86842,336,471,12354,
231.04384139321647,86841,337,471,12354,
231.0444003463764,86840,338,471,12354,
231.04744518065291,86840,338,470,12355,
231.05134699061242,86840,337,471,12355,
231.0531504293313,86840,336,472,12355,
231.0590961407755,86839,337,472,12355,
231.06757638390437,86839,336,473,12355,
231.06874807003092,86839,335,474,12355,
231.08185340777845,86838,336,474,12355,
231.0884650432829,86838,335,475,12355,
231.09227831124815,86837,336,475,12355,
231.10401390505626,86836,337,475,12355,
231.10698138831123,86836,336,476,12355,
231.1086511018072,86836,335,477,12355,
231.11065846970348,86836,335,476,12356,
231.11104634083082,86836,334,477,12356,
231.11714031555113,86836,333,478,12356,
231.11910081356245,86835,334,478,12356,
231.13653668112676,86835,333,479,12356,
231.1392539436016,86835,333,478,12357,
231.14689281276617,86835,332,479,12357,
231.14817610494728,86835,332,478,12358,
231.14974557622787,86835,332,477,12359,
231.1537181039635,86834,333,477,12359,
231.16167293082674,86834,332,478,12359,
231.1617827270498,86834,332,477,12360,
231.1627639641372,86833,333,477,12360,
231.16430523847202,86833,333,476,12361,
231.1730995027791,86833,332,477,12361,
231.1822928098745,86832,333,477,12361,
231.18543771342198,86831,334,477,12361,
231.19225914614879,86830,335,477,12361,
231.19426904929026,86829,336,477,12361,
231.1966494550068,86829,336,476,12362,
231.20208850200373,86828,337,476,12362,
231.20713024013705,86828,337,475,12363,
231.2122565506265,86827,338,475,12363,
231.2129849032818,86826,339,475,12363,
231.21548756090266,86826,338,476,12363,
231.23089563157052,86825,339,476,12363,
231.25035021344632,86825,338,477,12363,
231.25696853859833,86824,339,477,12363,
231.25928490215313,86823,340,477,12363,
231.26774232741417,86823,339,478,12363,
231.2727152471786,86822,340,478,12363,
231.29019376067072,86821,341,478,12363,
231.29218726431702,86821,341,477,12364,
231.2938392850107,86820,342,477,12364,
231.29505345825285,86819,343,477,12364,
231.3016895261388,86819,342,478,12364,
231.30234154076317,86818,343,478,12364,
231.30855062737965,86817,344,478,12364,
231.30906999650523,86817,343,479,12364,
231.31891724694208,86817,342,480,12364,
231.32067314967838,86817,341,481,12364,
231.32408415286255,86817,340,482,12364,
231.33163931234645,86816,341,482,12364,
231.3386491490207,86815,342,482,12364,
231.34356541907593,86814,343,482,12364,
231.34487088608464,86814,342,483,12364,
231.35267294304845,86814,342,482,12365,
231.35375732716028,86813,343,482,12365,
231.36667388531944,86812,344,482,12365,
231.36987491543758,86812,343,483,12365,
231.37407762696807,86812,343,482,12366,
231.37538231499633,86811,344,482,12366,
231.38113449755508,86811,343,483,12366,
231.38649559307567,86811,343,482,12367,
231.39458068565847,86810,344,482,12367,
231.3968462747992,86810,344,481,12368,
231.4020569057309,86810,344,480,12369,
231.409746971019,86810,343,481,12369,
231.41506539550537,86810,342,482,12369,
231.4162322038874,86810,342,481,12370,
231.41673189529686,86810,341,482,12370,
231.42079269392684,86809,342,482,12370,
231.421193446205,86808,343,482,12370,
231.4295921074292,86808,342,483,12370,
231.4331343724511,86807,343,483,12370,
231.4353757504382,86807,342,484,12370,
231.43600355749285,86807,341,485,12370,
231.43712953164916,86806,342,485,12370,
231.4384455719541,86806,341,486,12370,
231.44428526281988,86806,340,487,12370,
231.4509510112875,86805,341,487,12370,
231.45365503386395,86804,342,487,12370,
231.46824427234955,86804,341,488,12370,
231.46830628740463,86804,341,487,12371,
231.46964770316205,86804,340,488,12371,
231.4740390805384,86804,340,487,12372,
231.47979997660292,86804,339,488,12372,
231.48158875294993,86804,338,489,12372,
231.48213054106796,86803,339,489,12372,
231.49009311772383,86803,339,488,12373,
231.49171574849666,86802,340,488,12373,
231.49374119604596,86802,339,489,12373,
231.49965407532616,86802,338,490,12373,
231.5021266815434,86802,338,489,12374,
231.50581671740107,86802,337,490,12374,
231.51446124948055,86801,338,490,12374,
231.5148240245086,86801,337,491,12374,
231.52079089502877,86800,338,491,12374,
231.52886601442475,86799,339,491,12374,
231.53241475854625,86799,339,490,12375,
231.53798221099228,86798,340,490,12375,
231.5411848713553,86798,339,491,12375,
231.5462723345402,86798,338,492,12375,
231.5527204503594,86798,338,491,12376,
231.5528125687074,86797,339,491,12376,
231.56447740213855,86796,340,491,12376,
231.56887987397698,86796,339,492,12376,
231.59392735595424,86796,339,491,12377,
231.59524039156216,86796,338,492,12377,
231.59806262320956,86796,338,491,12378,
231.6065734272403,86795,339,491,12378,
231.60874604752547,86794,340,491,12378,
231.60966489656647,86794,340,490,12379,
231.61277202987608,86794,339,491,12379,
231.62290663600183,86794,338,492,12379,
231.6273073782105,86794,338,491,12380,
231.63049586821703,86794,337,492,12380,
231.63390611245944,86793,338,492,12380,
231.63820242131197,86792,339,492,12380,
231.63970822075316,86791,340,492,12380,
231.64085906407317,86791,339,493,12380,
231.6458651550451,86790,340,493,12380,
231.65242693232443,86789,341,493,12380,
231.6557914264344,86789,341,492,12381,
231.6638516551339,86789,340,493,12381,
231.66661296345245,86789,339,494,12381,
231.66937459722473,86789,339,493,12382,
231.6716350701953,86789,339,492,12383,
231.67267506829694,86789,338,493,12383,
231.69712298492718,86789,338,492,12384,
231.6988314882731,86788,339,492,12384,
231.70296838388037,86787,340,492,12384,
231.7080109050405,86787,339,493,12384,
231.70955092201729,86786,340,493,12384,
231.71414086983393,86786,340,492,12385,
231.71565845910018,86785,341,492,12385,
231.71956151873545,86785,341,491,12386,
231.72056411615557,86785,341,490,12387,
231.72244720825225,86784,342,490,12387,
231.72342749877185,86784,342,489,12388,
231.72673225032673,86784,342,488,12389,
231.72838581480733,86783,343,488,12389,
231.72991559517263,86782,344,488,12389,
231.73442049363268,86781,345,488,12389,
231.73894154121044,86780,346,488,12389,
231.74182497674468,86779,347,488,12389,
231.74345322265168,86779,347,487,12390,
231.7447462250594,86778,348,487,12390,
231.74813760099022,86778,347,488,12390,
231.75787526104784,86777,348,488,12390,
231.76109015468398,86777,347,489,12390,
231.7653173016205,86776,348,489,12390,
231.76608094887627,86775,349,489,12390,
231.77785044831336,86775,349,488,12391,
231.80208186999718,86775,349,487,12392,
231.807332722284,86775,349,486,12393,
231.80829795608514,86774,350,486,12393,
231.81543584580464,86774,349,487,12393,
231.82958168071056,86773,350,487,12393,
231.83135368404496,86773,349,488,12393,
231.8389365320187,86773,348,489,12393,
231.83992779953064,86773,347,490,12393,
231.84412697038016,86773,346,491,12393,
231.84536372012127,86773,346,490,12394,
231.85458365171942,86773,346,489,12395,
231.86215216195265,86772,347,489,12395,
231.86784149029432,86772,346,490,12395,
231.87165480153794,86772,345,491,12395,
231.87404455467924,86771,346,491,12395,
231.8748178008825,86770,347,491,12395,
231.88039052247382,86770,346,492,12395,
231.88279687520216,86770,345,493,12395,
231.88702038194458,86769,346,493,12395,
231.89289943755142,86769,346,492,12396,
231.89322320961847,86769,345,493,12396,
231.8959029577835,86769,345,492,12397,
231.89596506489275,86768,346,492,12397,
231.90879406246594,86768,345,493,12397,
231.91249073674214,86767,346,493,12397,
231.92395239487067,86766,347,493,12397,
231.92571059603245,86765,348,493,12397,
231.92573887442842,86765,347,494,12397,
231.92753069046645,86765,346,495,12397,
231.92903992713238,86765,345,496,12397,
231.9374177660546,86765,345,495,12398,
231.94221923391288,86764,346,495,12398,
231.94424722982995,86764,346,494,12399,
231.9535763716541,86764,346,493,12400,
231.95920813562896,86764,346,492,12401,
231.95976001468568,86764,345,493,12401,
231.96129860235465,86764,344,494,12401,
231.9850458482167,86763,345,494,12401,
231.98918845311374,86763,344,495,12401,
231.9964787583938,86763,343,496,12401,
231.99935080191457,86763,342,497,12401,
232.01187234769276,86763,342,496,12402,
232.01453693707276,86762,343,496,12402,
232.01728942989627,86762,343,495,12403,
232.02364998135533,86762,343,494,12404,
232.0238492721402,86762,342,495,12404,
232.0403445730532,86761,343,495,12404,
232.05102959429425,86761,342,496,12404,
232.05646514107542,86760,343,496,12404,
232.06231280070276,86759,344,496,12404,
232.06401346480112,86759,344,495,12405,
232.06923129226863,86759,343,496,12405,
232.07132422047022,86759,343,495,12406,
232.07157119448127,86758,344,495,12406,
232.07362280854872,86757,345,495,12406,
232.07589871966536,86757,344,496,12406,
232.10165971936738,86757,344,495,12407,
232.1078798629863,86756,345,495,12407,
232.11056012123768,86755,346,495,12407,
232.11166903054072,86755,346,494,12408,
232.11387636796746,86754,347,494,12408,
232.12106370636286,86753,348,494,12408,
232.1304666943815,86752,349,494,12408,
232.13150673891727,86751,350,494,12408,
232.1386788087393,86750,351,494,12408,
232.14866128693888,86749,352,494,12408,
232.1495797097309,86748,353,494,12408,
232.1540377003668,86748,352,495,12408,
232.1541195653012,86747,353,495,12408,
232.16257431563878,86746,354,495,12408,
232.17744720172476,86745,355,495,12408,
232.17950461209327,86745,354,496,12408,
232.1935195684679,86745,353,497,12408,
232.19523823946832,86745,352,498,12408,
232.2038819546754,86745,352,497,12409,
232.2094897878348,86745,352,496,12410,
232.21660014691042,86745,351,497,12410,
232.2213218496159,86744,352,497,12410,
232.22448998285725,86743,353,497,12410,
232.23141187407322,86742,354,497,12410,
232.23440053278978,86742,354,496,12411,
232.23661830587258,86742,353,497,12411,
232.2555019273791,86742,352,498,12411,
232.26554786126982,86741,353,498,12411,
232.26722513717394,86741,353,497,12412,
232.27881223826424,86741,352,498,12412,
232.27884615500125,86741,352,497,12413,
232.27922156964857,86740,353,497,12413,
232.2793503182699,86740,352,498,12413,
232.2850973746946,86739,353,498,12413,
232.28976751678405,86738,354,498,12413,
232.29112472022422,86738,353,499,12413,
232.2918725366809,86738,352,500,12413,
232.29868396003127,86738,352,499,12414,
232.3016701956813,86738,351,500,12414,
232.3065443266342,86738,350,501,12414,
232.3122256368975,86738,349,502,12414,
232.3152454077189,86737,350,502,12414,
232.31799572592527,86737,349,503,12414,
232.3181823215512,86737,349,502,12415,
232.32022848539123,86737,348,503,12415,
232.32088389747565,86737,347,504,12415,
232.3276226326295,86737,347,503,12416,
232.3319249261401,86737,346,504,12416,
232.33204958273757,86736,347,504,12416,
232.33353164434746,86736,347,503,12417,
232.3424858392019,86736,346,504,12417,
232.34779945009515,86736,346,503,12418,
232.3558874628877,86736,345,504,12418,
232.35675879241825,86735,346,504,12418,
232.36211307452578,86734,347,504,12418,
232.3639276962719,86733,348,504,12418,
232.36485822817946,86733,347,505,12418,
232.3658882563015,86733,347,504,12419,
232.3720722581602,86732,348,504,12419,
232.3829614327249,86732,348,503,12420,
232.40072009847756,86732,347,504,12420,
232.41069819369355,86732,347,503,12421,
232.4152582377879,86732,347,502,12422,
232.41544331413647,86732,347,501,12423,
232.42073339229276,86731,348,501,12423,
232.42104331663853,86731,347,502,12423,
232.42797506864437,86731,346,503,12423,
232.42871767764854,86731,345,504,12423,
232.43803405804874,86730,346,504,12423,
232.44033048927741,86730,346,503,12424,
232.44078569852223,86729,347,503,12424,
232.44469978571155,86729,347,502,12425,
232.44783181673012,86729,346,503,12425,
232.4514045610775,86728,347,503,12425,
232.45244503578823,86727,348,503,12425,
232.45634227980318,86727,348,502,12426,
232.4614889082129,86727,348,501,12427,
232.46368110035272,86727,348,500,12428,
232.46865531937374,86726,349,500,12428,
232.48647308150993,86726,349,499,12429,
232.48748743159058,86726,348,500,12429,
232.48818822682136,86725,349,500,12429,
232.4950796648921,86724,350,500,12429,
232.49959774673755,86723,351,500,12429,
232.50145560982224,86722,352,500,12429,
232.50189766267107,86722,352,499,12430,
232.50579109449802,86722,352,498,12431,
232.51051469827735,86722,352,497,12432,
232.51578131924413,86722,351,498,12432,
232.52268036225018,86722,350,499,12432,
232.5244340369567,86721,351,499,12432,
232.52565492744336,86721,351,498,12433,
232.53305697450554,86721,351,497,12434,
232.53666229825726,86720,352,497,12434,
232.54120777458022,86720,351,498,12434,
232.5468631830991,86720,351,497,12435,
232.55070904359877,86720,350,498,12435,
232.5533761870948,86720,349,499,12435,
232.55857148553082,86720,348,500,12435,
232.56501154964647,86720,348,499,12436,
232.56561593122194,86719,349,499,12436,
232.57929253402415,86718,350,499,12436,
232.58587256606867,86717,351,499,12436,
232.59107016631594,86717,350,500,12436,
232.59168795860873,86717,349,501,12436,
232.5965909903096,86717,348,502,12436,
232.60129323842338,86716,349,502,12436,
232.60604731777025,86716,349,501,12437,
232.609305866833,86715,350,501,12437,
232.618243386352,86715,350,500,12438,
232.63015430644373,86715,349,501,12438,
232.63267622376378,86714,350,501,12438,
232.64120614337583,86714,350,500,12439,
232.64423467147333,86714,350,499,12440,
232.64582864137935,86713,351,499,12440,
232.64644732617148,86713,350,500,12440,
232.65306579449486,86713,349,501,12440,
232.65899038499927,86712,350,501,12440,
232.6624708699136,86711,351,501,12440,
232.66546601489216,86710,352,501,12440,
232.6841627384282,86709,353,501,12440,
232.69540275442193,86709,352,502,12440,
232.69963272072422,86709,352,501,12441,
232.7036199536322,86708,353,501,12441,
232.7101895237738,86708,352,502,12441,
232.71107760865496,86707,353,502,12441,
232.71482689072445,86706,354,502,12441,
232.71721259519478,86706,354,501,12442,
232.72335216385812,86706,353,502,12442,
232.7294588213525,86705,354,502,12442,
232.73616136837848,86704,355,502,12442,
232.73924782811608,86703,356,502,12442,
232.74840447676968,86702,357,502,12442,
232.75512057849613,86702,357,501,12443,
232.75607176202237,86702,356,502,12443,
232.75693212886927,86702,355,503,12443,
232.762988937094,86702,354,504,12443,
232.76754026588827,86702,354,503,12444,
232.7761885476422,86702,354,502,12445,
232.78475187370407,86701,355,502,12445,
232.7851144106765,86701,355,501,12446,
232.78627552225424,86700,356,501,12446,
232.80011538465547,86700,356,500,12447,
232.80515310208597,86699,357,500,12447,
232.80984756810662,86698,358,500,12447,
232.82967365694708,86697,359,500,12447,
232.84159562819534,86697,358,501,12447,
232.8444998160501,86696,359,501,12447,
232.84923727636948,86695,360,501,12447,
232.852868840596,86694,361,501,12447,
232.85290900818717,86694,360,502,12447,
232.85647784535433,86694,360,501,12448,
232.86524544736665,86694,360,500,12449,
232.87062834533592,86694,360,499,12450,
232.8733653342484,86694,359,500,12450,
232.87761532164737,86693,360,500,12450,
232.88044183113595,86693,359,501,12450,
232.8805635367795,86692,360,501,12450,
232.88133519222168,86692,360,500,12451,
232.88210123545957,86691,361,500,12451,
232.8833252637354,86691,360,501,12451,
232.88931749197147,86691,360,500,12452,
232.89064789516559,86690,361,500,12452,
232.89707347560744,86690,360,501,12452,
232.89999638154086,86690,359,502,12452,
232.90063738384228,86689,360,502,12452,
232.90464104096057,86688,361,502,12452,
232.90979390970102,86688,361,501,12453,
232.91372972128968,86688,360,502,12453,
232.91594613353465,86688,360,501,12454,
232.91758779039353,86688,359,502,12454,
232.92041401947418,86688,359,501,12455,
232.922296211662,86688,358,502,12455,
232.9246364031862,86688,357,503,12455,
232.92632058392442,86688,356,504,12455,
232.95581690852103,86687,357,504,12455,
232.95784358187655,86687,357,503,12456,
232.9585882522336,86686,358,503,12456,
232.96129717374907,86686,358,502,12457,
232.9684719537516,86685,359,502,12457,
232.9745108963261,86685,358,503,12457,
232.99977722880067,86685,357,504,12457,
233.00588483065732,86684,358,504,12457,
233.0196996420944,86683,359,504,12457,
233.02789296530395,86683,359,503,12458,
233.02861202363553,86683,358,504,12458,
233.03339478084703,86683,357,505,12458,
233.03408166710466,86682,358,505,12458,
233.03485465272126,86682,357,506,12458,
233.03541206894127,86681,358,506,12458,
233.03748295662584,86680,359,506,12458,
233.03803969621043,86679,360,506,12458,
233.03893913308244,86679,360,505,12459,
233.0415647336357,86679,360,504,12460,
233.0428841121391,86679,359,505,12460,
233.04613212124295,86679,358,506,12460,
233.05250311829315,86678,359,506,12460,
233.05703608908365,86678,359,505,12461,
233.06543927134254,86678,359,504,12462,
233.0694909410733,86678,358,505,12462,
233.0716224833723,86678,357,506,12462,
233.072365559321,86678,356,507,12462,
233.0791137439335,86677,357,507,12462,
233.08101667767355,86676,358,507,12462,
233.09715637542513,86676,357,508,12462,
233.1093205327462,86676,357,507,12463,
233.11519345896565,86675,358,507,12463,
233.11686807955792,86674,359,507,12463,
233.11744707102378,86674,359,506,12464,
233.1178673994947,86674,359,505,12465,
233.1228506845111,86674,358,506,12465,
233.12944444894146,86673,359,506,12465,
233.13064818033425,86672,360,506,12465,
233.1347628910354,86672,360,505,12466,
233.1378635886029,86672,359,506,12466,
233.1433405796065,86672,358,507,12466,
233.14704172099067,86671,359,507,12466,
233.1541796289343,86671,358,508,12466,
233.1565267592896,86671,358,507,12467,
233.16237957798015,86671,358,506,12468,
233.17139355567372,86670,359,506,12468,
233.1780564644332,86670,358,507,12468,
233.1788231477521,86670,357,508,12468,
233.17914478157076,86670,357,507,12469,
233.1854245491351,86670,356,508,12469,
233.1873045045613,86669,357,508,12469,
233.19748885351768,86668,358,508,12469,
233.2178631574818,86668,357,509,12469,
233.22026818342295,86668,357,508,12470,
233.22137736392915,86667,358,508,12470,
233.2219845473049,86667,358,507,12471,
233.2228766038633,86666,359,507,12471,
233.23677483008845,86665,360,507,12471,
233.24562390549613,86664,361,507,12471,
233.24827235887597,86664,361,506,12472,
233.24913406331711,86664,361,505,12473,
233.25083059426464,86664,361,504,12474,
233.25716021973625,86664,360,505,12474,
233.2610669015284,86663,361,505,12474,
233.2619193269321,86662,362,505,12474,
233.2634437955419,86662,362,504,12475,
233.26501380196245,86661,363,504,12475,
233.26515510394015,86661,363,503,12476,
233.26740162336185,86661,362,504,12476,
233.268240519733,86661,361,505,12476,
233.27945760275773,86661,360,506,12476,
233.28033514566198,86661,360,505,12477,
233.28457797452876,86661,359,506,12477,
233.28881723206942,86661,358,507,12477,
233.2898784432136,86661,357,508,12477,
233.2953374957026,86661,357,507,12478,
233.3094493574958,86660,358,507,12478,
233.3114846051644,86659,359,507,12478,
233.3151316621581,86659,359,506,12479,
233.32692594919155,86658,360,506,12479,
233.32850145384566,86658,360,505,12480,
233.33308510719635,86658,359,506,12480,
233.3385983094464,86657,360,506,12480,
233.33909027799592,86657,360,505,12481,
233.34046489306766,86657,360,504,12482,
233.3468827110086,86656,361,504,12482,
233.34874361349796,86655,362,504,12482,
233.35061725791817,86655,362,503,12483,
233.3548305633014,86655,361,504,12483,
233.35720539638842,86654,362,504,12483,
233.35987895860129,86654,361,505,12483,
233.3668107461007,86654,361,504,12484,
233.36869727629812,86653,362,504,12484,
233.38105335040794,86653,361,505,12484,
233.38216976944528,86653,360,506,12484,
233.38580321888475,86653,359,507,12484,
233.39137928549104,86652,360,507,12484,
233.40106873916685,86652,359,508,12484,
233.40613715535653,86652,359,507,12485,
233.41518187228948,86652,359,506,12486,
233.4274192414187,86651,360,506,12486,
233.42948671041526,86651,359,507,12486,
233.43167222983806,86651,358,508,12486,
233.43263500091288,86651,358,507,12487,
233.43745998566285,86650,359,507,12487,
233.440427140301,86650,358,508,12487,
233.44092136841448,86650,358,507,12488,
233.44578169655296,86649,359,507,12488,
233.44662548266467,86649,358,508,12488,
233.44849574310933,86649,358,507,12489,
233.45046576060605,86649,358,506,12490,
233.45212490820148,86649,357,507,12490,
233.4574990618795,86649,357,506,12491,
233.45844334414474,86649,357,505,12492,
233.46520477826877,86649,357,504,12493,
233.4660928678763,86649,357,503,12494,
233.46722511847017,86649,357,502,12495,
233.46854026152252,86648,358,502,12495,
233.4752596287894,86647,359,502,12495,
233.47955907480966,86646,360,502,12495,
233.4957844724927,86646,359,503,12495,
233.4994275225009,86645,360,503,12495,
233.50495583524136,86644,361,503,12495,
233.50846071680158,86643,362,503,12495,
233.51128465283048,86643,361,504,12495,
233.5141841953219,86643,360,505,12495,
233.51449965906468,86643,359,506,12495,
233.5180819192596,86643,358,507,12495,
233.5199741457343,86643,357,508,12495,
233.5207818642217,86643,356,509,12495,
233.52489192261177,86642,357,509,12495,
233.52498967696738,86641,358,509,12495,
233.53052619158032,86640,359,509,12495,
233.53412215979472,86639,360,509,12495,
233.54281902739396,86639,360,508,12496,
233.54585662203164,86639,359,509,12496,
233.54780806061922,86638,360,509,12496,
233.5563643918512,86638,359,510,12496,
233.5607163115171,86638,359,509,12497,
233.56102164442262,86637,360,509,12497,
233.56542306924263,86637,360,508,12498,
233.56566925994477,86636,361,508,12498,
233.5689097433341,86635,362,508,12498,
233.57360525894453,86635,362,507,12499,
233.5771866981422,86635,362,506,12500,
233.57955846249584,86634,363,506,12500,
233.5813983094467,86634,362,507,12500,
233.58753116458948,86633,363,507,12500,
233.59020855153577,86633,363,506,12501,
233.59114690283286,86633,362,507,12501,
233.59146845595416,86632,363,507,12501,
233.59812433969884,86632,363,506,12502,
233.6045867801118,86631,364,506,12502,
233.60599237610603,86631,363,507,12502,
233.61041023416385,86631,362,508,12502,
233.6173785179767,86631,361,509,12502,
233.61857507000963,86631,361,508,12503,
233.62647624098545,86631,361,507,12504,
233.63234915331742,86631,361,506,12505,
233.63249519891548,86631,361,505,12506,
233.63409909416984,86631,361,504,12507,
233.63674764973277,86631,360,505,12507,
233.6416054486199,86630,361,505,12507,
233.6481477324376,86629,362,505,12507,
233.65006415020497,86629,361,506,12507,
233.65154670533198,86629,360,507,12507,
233.66141906826988,86629,359,508,12507,
233.68505740005222,86629,359,507,12508,
233.68855489295183,86628,360,507,12508,
233.70004989287503,86627,361,507,12508,
233.7019516302031,86626,362,507,12508,
233.7074571231263,86626,361,508,12508,
233.71326040960284,86625,362,508,12508,
233.7136887317255,86624,363,508,12508,
233.71873330035655,86623,364,508,12508,
233.71937149933822,86623,363,509,12508,
233.73415127211166,86623,362,510,12508,
233.74350894695195,86622,363,510,12508,
233.74612444318547,86621,364,510,12508,
233.74810696220734,86620,365,510,12508,
233.7603807184685,86620,364,511,12508,
233.76513471755584,86619,365,511,12508,
233.7718375260414,86618,366,511,12508,
233.77302763465656,86618,365,512,12508,
233.779596633816,86618,365,511,12509,
233.78703512719028,86618,365,510,12510,
233.78958187720573,86617,366,510,12510,
233.79297265554032,86617,366,509,12511,
233.79588663946814,86617,365,510,12511,
233.79812569041366,86617,364,511,12511,
233.8026078081687,86617,363,512,12511,
233.80288558639546,86617,362,513,12511,
233.8035115589672,86617,361,514,12511,
233.80517194135766,86617,360,515,12511,
233.8075900611173,86616,361,515,12511,
233.81054566955424,86616,361,514,12512,
233.81368580731262,86615,362,514,12512,
233.81565949691617,86615,361,515,12512,
233.8211521103003,86615,361,514,12513,
233.82212826142774,86615,360,515,12513,
233.82720366966714,86615,360,514,12514,
233.83108039824512,86614,361,514,12514,
233.83203101389498,86614,361,513,12515,
233.83604275165973,86613,362,513,12515,
233.83888857419797,86613,361,514,12515,
233.83966083884573,86612,362,514,12515,
233.83995859161354,86612,361,515,12515,
233.84974076948657,86611,362,515,12515,
233.85090849569443,86610,363,515,12515,
233.85859493598727,86609,364,515,12515,
233.86341947113024,86609,363,516,12515,
233.87158067982472,86608,364,516,12515,
233.87923575619146,86608,364,515,12516,
233.88122595882356,86608,364,514,12517,
233.8840937251498,86608,364,513,12518,
233.88567541949936,86608,363,514,12518,
233.88830405117525,86608,362,515,12518,
233.88912750152286,86608,362,514,12519,
233.90165694035485,86607,363,514,12519,
233.90748203448982,86606,364,514,12519,
233.9168838427695,86606,363,515,12519,
233.91749060947063,86605,364,515,12519,
233.91753669630586,86605,364,514,12520,
233.91779434400797,86605,364,513,12521,
233.93656149749023,86605,363,514,12521,
233.93660317182588,86604,364,514,12521,
233.93889824140356,86604,364,513,12522,
233.9402376061232,86604,364,512,12523,
233.94035461863007,86604,363,513,12523,
233.94347160320336,86603,364,513,12523,
233.95481831449268,86603,363,514,12523,
233.95555626741353,86602,364,514,12523,
233.96467316837067,86602,364,513,12524,
233.97063835000102,86601,365,513,12524,
233.97691991596548,86600,366,513,12524,
233.977184283729,86600,366,512,12525,
233.98191332758194,86600,365,513,12525,
233.98231259879302,86599,366,513,12525,
233.98605142573354,86598,367,513,12525,
233.98996351530332,86598,366,514,12525,
233.99249797971535,86598,365,515,12525,
233.99736162607869,86598,365,514,12526,
234.0037366619212,86597,366,514,12526,
234.01130751340185,86596,367,514,12526,
234.01923389464193,86596,367,513,12527,
234.01939647809738,86596,366,514,12527,
234.02070047443635,86595,367,514,12527,
234.02991565535518,86594,368,514,12527,
234.0341286009513,86593,369,514,12527,
234.03669031335738,86593,369,513,12528,
234.03971571579206,86593,369,512,12529,
234.04844529901405,86593,369,511,12530,
234.051894800181,86592,370,511,12530,
234.05190184302884,86591,371,511,12530,
234.0560039530214,86591,371,510,12531,
234.05726459453396,86590,372,510,12531,
234.05726759984353,86589,373,510,12531,
234.0589213464981,86589,372,511,12531,
234.06044572613575,86589,372,510,12532,
234.06982267708693,86589,371,511,12532,
234.07615658765434,86589,371,510,12533,
234.0769307510336,86588,372,510,12533,
234.07867098611956,86588,371,511,12533,
234.08578864524316,86587,372,511,12533,
234.08701321728083,86587,372,510,12534,
234.09703414269836,86587,371,511,12534,
234.10411868193364,86587,371,510,12535,
234.10502874552787,86586,372,510,12535,
234.10521210382072,86586,372,509,12536,
234.10687973273144,86586,371,510,12536,
234.12170992500754,86586,371,509,12537,
234.1266735395348,86586,371,508,12538,
234.13406345487027,86586,370,509,12538,
234.13517240191703,86585,371,509,12538,
234.13537260765887,86585,370,510,12538,
234.13954082110635,86584,371,510,12538,
234.13968743063586,86583,372,510,12538,
234.14052361441946,86582,373,510,12538,
234.14649277911167,86581,374,510,12538,
234.1479123550426,86581,373,511,12538,
234.14890052617682,86580,374,511,12538,
234.15329857834567,86580,374,510,12539,
234.1554638566201,86580,374,509,12540,
234.1562494069608,86580,374,508,12541,
234.16455764447971,86579,375,508,12541,
234.16464645791328,86579,374,509,12541,
234.1646991734078,86578,375,509,12541,
234.16581762703194,86578,374,510,12541,
234.1770105476339,86578,373,511,12541,
234.18759883394938,86578,372,512,12541,
234.18777356445977,86578,372,511,12542,
234.1898169008408,86577,373,511,12542,
234.19286793268898,86577,373,510,12543,
234.19333861931554,86577,372,511,12543,
234.20097280586438,86577,371,512,12543,
234.2094606116643,86577,371,511,12544,
234.2121247876114,86577,370,512,12544,
234.21540336480612,86576,371,512,12544,
234.2349663106278,86576,370,513,12544,
234.2371371120394,86575,371,513,12544,
234.23970478215236,86575,371,512,12545,
234.24079788884302,86575,370,513,12545,
234.24182665898812,86574,371,513,12545,
234.24304515678804,86574,371,512,12546,
234.24797043530333,86574,371,511,12547,
234.24994722828342,86574,370,512,12547,
234.2591196533707,86574,369,513,12547,
234.26068141315488,86574,369,512,12548,
234.27207388124953,86574,369,511,12549,
234.27343201527935,86574,369,510,12550,
234.27463885730322,86574,369,509,12551,
234.2808470244377,86573,370,509,12551,
234.2913812752512,86572,371,509,12551,
234.29221036908007,86571,372,509,12551,
234.30551043258032,86571,371,510,12551,
234.32110113568012,86571,370,511,12551,
234.32687284456188,86571,369,512,12551,
234.32856406337098,86571,368,513,12551,
234.32936522744504,86570,369,513,12551,
234.33020504731334,86570,368,514,12551,
234.33556141900453,86570,368,513,12552,
234.3397884103341,86570,367,514,12552,
234.34067051603458,86570,367,513,12553,
234.34719239700746,86570,367,512,12554,
234.35117661334488,86569,368,512,12554,
234.351774856797,86569,368,511,12555,
234.35302299466457,86569,367,512,12555,
234.35750363697878,86569,367,511,12556,
234.36397361594572,86569,366,512,12556,
234.36481629150717,86568,367,512,12556,
234.36582409220674,86567,368,512,12556,
234.36896452354625,86567,367,513,12556,
234.36950311652282,86567,366,514,12556,
234.37272078411505,86567,366,513,12557,
234.3736520857386,86567,365,514,12557,
234.37520514491942,86567,365,513,12558,
234.3858074048512,86566,366,513,12558,
234.39415827009088,86565,367,513,12558,
234.40109131130916,86564,368,513,12558,
234.40226330192493,86564,368,512,12559,
234.41163148733844,86564,367,513,12559,
234.41254832343463,86564,367,512,12560,
234.41679938779603,86564,367,511,12561,
234.41946048205992,86563,368,511,12561,
234.4196419495395,86563,368,510,12562,
234.42118203249308,86563,368,509,12563,
234.42262032748295,86563,368,508,12564,
234.4276114404391,86563,368,507,12565,
234.42957098589957,86562,369,507,12565,
234.43686777176447,86562,369,506,12566,
234.44574692824995,86561,370,506,12566,
234.45836940316354,86560,371,506,12566,
234.46002080197078,86559,372,506,12566,
234.46283833270743,86559,371,507,12566,
234.4666189071168,86559,370,508,12566,
234.46674820255765,86559,370,507,12567,
234.46681520742084,86559,369,508,12567,
234.47419745140047,86559,368,509,12567,
234.47868669869655,86558,369,509,12567,
234.48237091049234,86557,370,509,12567,
234.4847988443031,86557,369,510,12567,
234.48712556375315,86557,368,511,12567,
234.4915352501721,86557,368,510,12568,
234.50268528668235,86557,368,509,12569,
234.50951924412556,86557,368,508,12570,
234.51115236605494,86557,367,509,12570,
234.5121233615611,86556,368,509,12570,
234.51815393045712,86555,369,509,12570,
234.53060280383778,86554,370,509,12570,
234.53828916123962,86553,371,509,12570,
234.54337468698657,86553,370,510,12570,
234.54611270034516,86553,369,511,12570,
234.54796264612094,86552,370,511,12570,
234.54796717229186,86552,369,512,12570,
234.55210017351683,86551,370,512,12570,
234.55909637739157,86551,369,513,12570,
234.5618949955342,86550,370,513,12570,
234.58312967780012,86550,370,512,12571,
234.58331545642315,86549,371,512,12571,
234.58497098291664,86549,370,513,12571,
234.5887014848267,86548,371,513,12571,
234.5898324340479,86548,370,514,12571,
234.59314640154412,86547,371,514,12571,
234.59435195375812,86547,371,513,12572,
234.59690839237894,86546,372,513,12572,
234.59839662603795,86546,372,512,12573,
234.6052575048049,86546,372,511,12574,
234.6056792100689,86546,371,512,12574,
234.60979815685602,86546,370,513,12574,
234.61428024943368,86545,371,513,12574,
234.61668333169115,86545,371,512,12575,
234.62438455707,86545,370,513,12575,
234.6270220254415,86544,371,513,12575,
234.63338435414957,86544,370,514,12575,
234.64218455655325,86544,370,513,12576,
234.65504588485294,86544,370,512,12577,
234.6607875987576,86544,370,511,12578,
234.6627045085125,86544,370,510,12579,
234.66740912499844,86543,371,510,12579,
234.66808550786752,86543,371,509,12580,
234.66888846642792,86543,370,510,12580,
234.66989638975946,86543,369,511,12580,
234.6724409244293,86542,370,511,12580,
234.67286318112497,86542,369,512,12580,
234.67313610787198,86542,368,513,12580,
234.68229645533563,86541,369,513,12580,
234.68298598208605,86540,370,513,12580,
234.68558012697147,86539,371,513,12580,
234.68616145270403,86539,370,514,12580,
234.68947037151136,86539,370,513,12581,
234.69326525254743,86539,370,512,12582,
234.69406008226252,86539,370,511,12583,
234.70650505452107,86539,370,510,12584,
234.7089686002976,86539,369,511,12584,
234.72368207753166,86539,368,512,12584,
234.72584692374215,86539,368,511,12585,
234.73070139242083,86538,369,511,12585,
234.73660017313537,86537,370,511,12585,
234.73964446319405,86537,369,512,12585,
234.74125203972284,86536,370,512,12585,
234.74142338263474,86536,369,513,12585,
234.7465501489579,86536,369,512,12586,
234.7506937408015,86535,370,512,12586,
234.75357971663578,86535,369,513,12586,
234.7564213571766,86535,369,512,12587,
234.76344678512461,86535,368,513,12587,
234.76711475217024,86535,367,514,12587,
234.76840434208114,86535,366,515,12587,
234.77692478134014,86535,365,516,12587,
234.7776550553013,86535,365,515,12588,
234.77856889733076,86535,364,516,12588,
234.77977492675143,86534,365,516,12588,
234.78380359069334,86534,364,517,12588,
234.79131236992353,86534,363,518,12588,
234.7946756376932,86533,364,518,12588,
234.8061977170625,86533,364,517,12589,
234.82118789914267,86533,363,518,12589,
234.82380846462348,86533,362,519,12589,
234.83110911644036,86533,362,518,12590,
234.83421132717194,86532,363,518,12590,
234.83992905495904,86532,362,519,12590,
234.84512621242735,86532,361,520,12590,
234.84811866285722,86531,362,520,12590,
234.8486166557022,86531,362,519,12591,
234.85904678358443,86530,363,519,12591,
234.8597569407426,86530,362,520,12591,
234.8619947494752,86530,362,519,12592,
234.8697963217259,86529,363,519,12592,
234.8790949276439,86528,364,519,12592,
234.8794078010458,86528,364,518,12593,
234.8944342511379,86528,363,519,12593,
234.89958063506504,86528,362,520,12593,
234.90016678096208,86528,361,521,12593,
234.91133691748328,86528,360,522,12593,
234.91861586703212,86528,360,521,12594,
234.93717688652282,86528,359,522,12594,
234.9377857772164,86528,358,523,12594,
234.94886083425564,86527,359,523,12594,
234.94910268698348,86527,358,524,12594,
234.96524129432683,86527,358,523,12595,
234.96610758289248,86527,358,522,12596,
234.9672029752872,86526,359,522,12596,
234.97023824211635,86525,360,522,12596,
234.97057392416582,86524,361,522,12596,
234.9709802908785,86524,361,521,12597,
234.9743621958647,86523,362,521,12597,
234.97564253275155,86523,361,522,12597,
234.9766023758716,86523,361,521,12598,
234.98241543940821,86522,362,521,12598,
235.00363883511153,86521,363,521,12598,
235.00604234373833,86520,364,521,12598,
235.01135516523937,86520,364,520,12599,
235.0117634811298,86520,363,521,12599,
235.0132144192706,86519,364,521,12599,
235.02553296050013,86519,364,520,12600,
235.0314412254119,86519,363,521,12600,
235.03296802660438,86518,364,521,12600,
235.03616274050782,86518,363,522,12600,
235.0370491481814,86518,363,521,12601,
235.03972933540584,86518,363,520,12602,
235.04016031023644,86517,364,520,12602,
235.0477449442361,86517,363,521,12602,
235.0515364541529,86517,362,522,12602,
235.05738632104308,86517,361,523,12602,
235.07244326013628,86517,361,522,12603,
235.0727665326389,86517,360,523,12603,
235.07399027344232,86516,361,523,12603,
235.07480577443002,86516,361,522,12604,
235.0841888202771,86516,360,523,12604,
235.08569459188104,86515,361,523,12604,
235.0883385965327,86515,361,522,12605,
235.08995579845782,86515,360,523,12605,
235.0974222984295,86515,360,522,12606,
235.09914539180735,86514,361,522,12606,
235.1021734137568,86513,362,522,12606,
235.10425907846223,86512,363,522,12606,
235.105614974578,86512,362,523,12606,
235.11005273197088,86512,362,522,12607,
235.12265270604877,86512,361,523,12607,
235.1250231114163,86512,361,522,12608,
235.12530263486397,86511,362,522,12608,
235.12585280972044,86511,362,521,12609,
235.1260427791817,86510,363,521,12609,
235.1304225762056,86510,362,522,12609,
235.13818023639,86510,361,523,12609,
235.1382757502769,86509,362,523,12609,
235.13879277579838,86508,363,523,12609,
235.1553669992447,86507,364,523,12609,
235.15720912665287,86507,364,522,12610,
235.15860800837697,86507,364,521,12611,
235.15987623006635,86507,364,520,12612,
235.16949957486503,86507,363,521,12612,
235.1732342445301,86506,364,521,12612,
235.17703609068482,86506,364,520,12613,
235.1860698077652,86506,364,519,12614,
235.19447879079502,86506,363,520,12614,
235.20213824358893,86506,362,521,12614,
235.2022882873931,86505,363,521,12614,
235.20325933092082,86504,364,521,12614,
235.21438756247397,86504,364,520,12615,
235.21501703686096,86504,363,521,12615,
235.22134304978624,86504,362,522,12615,
235.22737298105244,86503,363,522,12615,
235.2289267532065,86503,363,521,12616,
235.23256156761104,86502,364,521,12616,
235.23331499992673,86501,365,521,12616,
235.23387873613802,86501,365,520,12617,
235.24049998283274,86501,365,519,12618,
235.24497057342805,86501,364,520,12618,
235.25126314446325,86500,365,520,12618,
235.2533427935316,86499,366,520,12618,
235.25344129223623,86499,365,521,12618,
235.2580885418447,86499,365,520,12619,
235.25927440793402,86499,365,519,12620,
235.26187011516626,86499,365,518,12621,
235.2727616425676,86499,364,519,12621,
235.27409801893367,86499,364,518,12622,
235.27733360182918,86499,364,517,12623,
235.28032135974388,86498,365,517,12623,
235.28205573423125,86498,364,518,12623,
235.28312284053726,86498,364,517,12624,
235.2838188620508,86497,365,517,12624,
235.29858982418355,86497,364,518,12624,
235.31082547616688,86497,364,517,12625,
235.31126119357515,86497,364,516,12626,
235.31338188345055,86497,364,515,12627,
235.31744484530805,86497,363,516,12627,
235.32565013045777,86496,364,516,12627,
235.32870975522286,86495,365,516,12627,
235.33942554058495,86495,364,517,12627,
235.34252542523026,86494,365,517,12627,
235.3437117733655,86494,365,516,12628,
235.35181961060374,86493,366,516,12628,
235.35384941239792,86493,366,515,12629,
235.35663232172337,86492,367,515,12629,
235.36384053958704,86491,368,515,12629,
235.36570388168468,86491,367,516,12629,
235.3752126378538,86490,368,516,12629,
235.3758031668629,86490,368,515,12630,
235.37627136095062,86489,369,515,12630,
235.38317004391777,86488,370,515,12630,
235.39168252679792,86487,371,515,12630,
235.39233026118455,86486,372,515,12630,
235.39604876530268,86486,372,514,12631,
235.39737087631448,86485,373,514,12631,
235.39797466225082,86485,373,513,12632,
235.40546645047093,86485,372,514,12632,
235.42358828978047,86484,373,514,12632,
235.42769910308564,86484,373,513,12633,
235.42958237025968,86484,373,512,12634,
235.42990253106117,86484,373,511,12635,
235.43146734412363,86483,374,511,12635,
235.43944999360275,86483,374,510,12636,
235.44882807325246,86482,375,510,12636,
235.45101716963765,86482,375,509,12637,
235.45402980130484,86481,376,509,12637,
235.45971212728594,86480,377,509,12637,
235.46261205598944,86480,376,510,12637,
235.46770523694613,86480,376,509,12638,
235.46928548793633,86480,375,510,12638,
235.469521046333,86480,375,509,12639,
235.47498939866244,86480,374,510,12639,
235.47789308770655,86480,373,511,12639,
235.47866665200638,86480,372,512,12639,
235.48860056871504,86480,371,513,12639,
235.4888513177453,86480,370,514,12639,
235.49009653344217,86480,369,515,12639,
235.49115412709645,86480,368,516,12639,
235.49295015727577,86480,368,515,12640,
235.50718687671147,86480,367,516,12640,
235.5154350843692,86480,367,515,12641,
235.54106373966448,86480,367,514,12642,
235.54562389621194,86479,368,514,12642,
235.54961755044104,86479,367,515,12642,
235.5530716396653,86478,368,515,12642,
235.5586550985338,86478,368,514,12643,
235.56657548289712,86478,367,515,12643,
235.5696410346364,86477,368,515,12643,
235.56973379762582,86477,368,514,12644,
235.57076661053742,86476,369,514,12644,
235.571702625617,86475,370,514,12644,
235.57554364090674,86475,370,513,12645,
235.58559481359018,86474,371,513,12645,
235.59590981871207,86473,372,513,12645,
235.60125722068926,86473,371,514,12645,
235.6069396054529,86473,371,513,12646,
235.60816945301008,86473,370,514,12646,
235.60923911729842,86473,369,515,12646,
235.61513985720583,86473,368,516,12646,
235.61528230737795,86473,368,515,12647,
235.6236890721843,86473,368,514,12648,
235.62679677200296,86473,367,515,12648,
235.6277923933183,86472,368,515,12648,
235.6343352442144,86472,368,514,12649,
235.64119746011895,86472,368,513,12650,
235.6440084448337,86472,367,514,12650,
235.65008992098723,86472,366,515,12650,
235.65396665756606,86472,365,516,12650,
235.65685655590764,86471,366,516,12650,
235.6633875185506,86470,367,516,12650,
235.66776582065845,86469,368,516,12650,
235.67243729818478,86469,367,517,12650,
235.67533854288186,86469,367,516,12651,
235.67591830723333,86469,366,517,12651,
235.6760887470162,86468,367,517,12651,
235.67729439417118,86468,366,518,12651,
235.67879371262956,86467,367,518,12651,
235.6791492382003,86467,366,519,12651,
235.682922685969,86467,366,518,12652,
235.68736737651906,86467,365,519,12652,
235.6891542775882,86467,365,518,12653,
235.702586518288,86467,365,517,12654,
235.7066930307199,86467,365,516,12655,
235.70860135798753,86467,364,517,12655,
235.7262492465815,86467,364,516,12656,
235.72780071050875,86467,363,517,12656,
235.7284277813196,86466,364,517,12656,
235.72915165490832,86465,365,517,12656,
235.7330047839784,86465,365,516,12657,
235.73402302274891,86465,364,517,12657,
235.73509636057932,86465,363,518,12657,
235.74277971635348,86465,363,517,12658,
235.74350145824087,86464,364,517,12658,
235.7446266822163,86463,365,517,12658,
235.74886022565676,86463,364,518,12658,
235.75015501348452,86463,363,519,12658,
235.7526832094629,86463,362,520,12658,
235.75701317694288,86462,363,520,12658,
235.75793334487744,86462,363,519,12659,
235.7706135718823,86461,364,519,12659,
235.77698973807648,86461,363,520,12659,
235.78065147535386,86460,364,520,12659,
235.78283090958857,86459,365,520,12659,
235.78818915783387,86459,364,521,12659,
235.80160645253497,86458,365,521,12659,
235.8168769831455,86458,364,522,12659,
235.81729767203726,86458,364,521,12660,
235.83370463370244,86457,365,521,12660,
235.85491155425834,86457,364,522,12660,
235.8566918401301,86457,364,521,12661,
235.87017856086243,86457,363,522,12661,
235.87254788590877,86456,364,522,12661,
235.8792732407798,86455,365,522,12661,
235.88988852700996,86455,364,523,12661,
235.90786277713926,86454,365,523,12661,
235.91738047954792,86454,364,524,12661,
235.91791050220115,86454,363,525,12661,
235.9184309157981,86454,362,526,12661,
235.91909750619368,86454,362,525,12662,
235.9208247635179,86453,363,525,12662,
235.92796066935614,86453,363,524,12663,
235.9299015077095,86452,364,524,12663,
235.93041622240887,86452,363,525,12663,
235.934197381825,86451,364,525,12663,
235.93821890695352,86451,364,524,12664,
235.950850937499,86451,363,525,12664,
235.95836240237705,86451,363,524,12665,
235.96355324454728,86450,364,524,12665,
235.96385235301543,86450,364,523,12666,
235.9659024283216,86449,365,523,12666,
235.98426883946078,86449,364,524,12666,
235.985732575751,86449,364,523,12667,
235.99302934282326,86449,363,524,12667,
235.99886797205227,86448,364,524,12667,
236.00392059664526,86447,365,524,12667,
236.0217543347598,86447,364,525,12667,
236.0235830634265,86447,363,526,12667,
236.03999430759083,86446,364,526,12667,
236.04659172522668,86446,364,525,12668,
236.05334399663275,86446,363,526,12668,
236.0548853269537,86446,362,527,12668,
236.0592835886683,86445,363,527,12668,
236.0617385538281,86444,364,527,12668,
236.06771023558525,86443,365,527,12668,
236.06830219038767,86442,366,527,12668,
236.0701812551353,86442,366,526,12669,
236.07738554412086,86442,366,525,12670,
236.09142530015018,86442,366,524,12671,
236.09844604551762,86441,367,524,12671,
236.10075844898356,86441,367,523,12672,
236.1009151155303,86441,367,522,12673,
236.10645335432312,86441,366,523,12673,
236.12286120078556,86441,366,522,12674,
236.12504342615094,86441,365,523,12674,
236.125352998447,86441,365,522,12675,
236.1255177992546,86440,366,522,12675,
236.13098739240678,86440,365,523,12675,
236.13934992669036,86440,364,524,12675,
236.15030222823378,86440,363,525,12675,
236.15718500416568,86439,364,525,12675,
236.1581056332547,86439,364,524,12676,
236.1726569084014,86439,363,525,12676,
236.17288474703338,86438,364,525,12676,
236.1745839045026,86438,363,526,12676,
236.17764211553538,86438,362,527,12676,
236.1808216905147,86438,361,528,12676,
236.18351265656364,86437,362,528,12676,
236.18644177363427,86437,362,527,12677,
236.1868995890775,86436,363,527,12677,
236.18877796633143,86435,364,527,12677,
236.200962313796,86435,364,526,12678,
236.2012624120405,86435,363,527,12678,
236.21933483973183,86434,364,527,12678,
236.21956028441807,86434,364,526,12679,
236.22304437246356,86433,365,526,12679,
236.23628342898354,86433,364,527,12679,
236.24350767079576,86433,363,528,12679,
236.2582060696777,86432,364,528,12679,
236.26497483955174,86431,365,528,12679,
236.2662542627132,86430,366,528,12679,
236.2678258356524,86430,365,529,12679,
236.29237742158162,86430,365,528,12680,
236.3083963177847,86429,366,528,12680,
236.3107900532217,86429,365,529,12680,
236.3162767600174,86428,366,529,12680,
236.3176179005712,86427,367,529,12680,
236.3319422004215,86427,366,530,12680,
236.34115401570406,86427,366,529,12681,
236.34707644774693,86427,365,530,12681,
236.36609897741917,86427,364,531,12681,
236.3703196409997,86426,365,531,12681,
236.37165442383636,86426,364,532,12681,
236.37443244987486,86425,365,532,12681,
236.38638865756107,86425,364,533,12681,
236.39545572237088,86425,363,534,12681,
236.39781338880644,86424,364,534,12681,
236.40494411248386,86423,365,534,12681,
236.40809690238257,86423,365,533,12682,
236.4121727122313,86423,364,534,12682,
236.4199405677759,86423,364,533,12683,
236.4374290792962,86423,364,532,12684,
236.44338964851258,86423,364,531,12685,
236.44792112355276,86423,363,532,12685,
236.4522868177427,86423,362,533,12685,
236.45629746989647,86422,363,533,12685,
236.45767065820644,86421,364,533,12685,
236.46221578040206,86420,365,533,12685,
236.4641604479554,86419,366,533,12685,
236.46484351427966,86419,365,534,12685,
236.46530048766704,86419,364,535,12685,
236.46580898462847,86419,363,536,12685,
236.4661903291706,86418,364,536,12685,
236.4695790673324,86418,364,535,12686,
236.47556990902734,86418,363,536,12686,
236.48425666089435,86418,362,537,12686,
236.4860628546495,86417,363,537,12686,
236.4878761544224,86417,362,538,12686,
236.4879882992486,86417,362,537,12687,
236.49176794921408,86417,362,536,12688,
236.49492160996826,86417,362,535,12689,
236.4949864379102,86416,363,535,12689,
236.49509244128893,86415,364,535,12689,
236.49510233716936,86415,364,534,12690,
236.5045447461296,86415,363,535,12690,
236.5076231989924,86415,363,534,12691,
236.50878945359045,86414,364,534,12691,
236.51448128921774,86414,364,533,12692,
236.5158683838191,86413,365,533,12692,
236.51591200784404,86413,365,532,12693,
236.5191917240482,86413,364,533,12693,
236.5239821484625,86413,363,534,12693,
236.5250460083992,86413,363,533,12694,
236.5260038704103,86413,362,534,12694,
236.53238795970321,86413,362,533,12695,
236.53494969975674,86412,363,533,12695,
236.54590550889284,86412,363,532,12696,
236.55228902853915,86411,364,532,12696,
236.56154441034988,86410,365,532,12696,
236.56300186960763,86410,365,531,12697,
236.58585054796478,86410,364,532,12697,
236.59411815700966,86410,363,533,12697,
236.60290906073843,86410,363,532,12698,
236.6082254993501,86409,364,532,12698,
236.6085744432908,86409,363,533,12698,
236.6115089990791,86408,364,533,12698,
236.6115784042191,86408,364,532,12699,
236.61477390243803,86408,363,533,12699,
236.61598014912903,86408,362,534,12699,
236.61926067087782,86407,363,534,12699,
236.6206476957662,86407,362,535,12699,
236.6224315144931,86406,363,535,12699,
236.63099394147804,86406,363,534,12700,
236.63218663782143,86405,364,534,12700,
236.63254670719047,86405,363,535,12700,
236.63464332159947,86404,364,535,12700,
236.6358431695113,86404,363,536,12700,
236.63864393641404,86404,363,535,12701,
236.6410777276799,86403,364,535,12701,
236.6482154915148,86402,365,535,12701,
236.64895692698295,86401,366,535,12701,
236.65442850443148,86401,366,534,12702,
236.65626781321765,86401,365,535,12702,
236.65917917983987,86400,366,535,12702,
236.6624483592003,86400,365,536,12702,
236.6684397788176,86399,366,536,12702,
236.66983074101404,86399,366,535,12703,
236.67571251869023,86398,367,535,12703,
236.67587156853867,86397,368,535,12703,
236.68117776027253,86396,369,535,12703,
236.68250433734698,86395,370,535,12703,
236.68262899688753,86394,371,535,12703,
236.68449207112332,86393,372,535,12703,
236.6853041887303,86393,371,536,12703,
236.68661186712148,86392,372,536,12703,
236.68843138008842,86392,371,537,12703,
236.68847913451677,86391,372,537,12703,
236.68902886644642,86391,371,538,12703,
236.69074239366282,86391,370,539,12703,
236.69076536263412,86391,369,540,12703,
236.69283673953393,86391,368,541,12703,
236.69321661961004,86391,367,542,12703,
236.6942798009868,86391,366,543,12703,
236.69845932162917,86390,367,543,12703,
236.70183952380535,86389,368,543,12703,
236.70557930293023,86389,367,544,12703,
236.70841862775612,86389,367,543,12704,
236.7091212546443,86388,368,543,12704,
236.7102646435836,86388,367,544,12704,
236.71398822002396,86388,366,545,12704,
236.71712807155203,86387,367,545,12704,
236.7260797906022,86387,366,546,12704,
236.7269956068775,86386,367,546,12704,
236.7324033073383,86385,368,546,12704,
236.7369140806291,86384,369,546,12704,
236.7378569435307,86383,370,546,12704,
236.7414636063939,86382,371,546,12704,
236.7653911277247,86381,372,546,12704,
236.77026789571843,86380,373,546,12704,
236.7712512178172,86379,374,546,12704,
236.77228685996096,86379,373,547,12704,
236.77373078207378,86379,372,548,12704,
236.777121660755,86378,373,548,12704,
236.77724726101138,86378,372,549,12704,
236.78463294699725,86377,373,549,12704,
236.78745767616388,86376,374,549,12704,
236.78966390534703,86376,374,548,12705,
236.80680031752837,86376,373,549,12705,
236.81027966608625,86376,372,550,12705,
236.81464644531948,86375,373,550,12705,
236.8166801346539,86375,372,551,12705,
236.81764636297007,86374,373,551,12705,
236.82008438632565,86374,372,552,12705,
236.82561624550178,86373,373,552,12705,
236.83309967268818,86373,373,551,12706,
236.83397458539778,86372,374,551,12706,
236.84782814945396,86372,373,552,12706,
236.8493036325214,86371,374,552,12706,
236.85017930173552,86370,375,552,12706,
236.85633168408182,86369,376,552,12706,
236.8584972829567,86369,376,551,12707,
236.86059273228372,86368,377,551,12707,
236.86211498775472,86367,378,551,12707,
236.86721379227095,86366,379,551,12707,
236.87262127436597,86365,380,551,12707,
236.87571833213954,86365,380,550,12708,
236.87632691204723,86365,380,549,12709,
236.87641759075674,86364,381,549,12709,
236.8782052075282,86364,380,550,12709,
236.87937038137002,86364,380,549,12710,
236.88263400083417,86364,380,548,12711,
236.89080335283316,86364,379,549,12711,
236.8925326484656,86364,378,550,12711,
236.90135561054802,86363,379,550,12711,
236.9176266358698,86363,378,551,12711,
236.9186923138265,86363,377,552,12711,
236.92479858986175,86363,377,551,12712,
236.93706742102094,86362,378,551,12712,
236.94006171623445,86362,377,552,12712,
236.9458642403585,86361,378,552,12712,
236.95169789233154,86360,379,552,12712,
236.96467365607157,86360,379,551,12713,
236.96960136155465,86359,380,551,12713,
236.97111031438266,86358,381,551,12713,
236.97161429421803,86358,381,550,12714,
236.97937064110005,86357,382,550,12714,
236.98585725897695,86357,382,549,12715,
236.98654391172593,86357,382,548,12716,
236.9896612978862,86357,382,547,12717,
236.9924861774088,86357,381,548,12717,
236.9973987539159,86357,381,547,12718,
237.00010667800092,86357,381,546,12719,
237.00136098280652,86357,381,545,12720,
237.00252477769996,86357,381,544,12721,
237.00939843692265,86357,381,543,12722,
237.01668186840027,86357,380,544,12722,
237.01716142617713,86357,380,543,12723,
237.01913246056583,86356,381,543,12723,
237.02179272636437,86356,381,542,12724,
237.03733807378978,86355,382,542,12724,
237.03825689485464,86355,381,543,12724,
237.044802526064,86355,381,542,12725,
237.05983955228987,86355,381,541,12726,
237.064083394273,86355,380,542,12726,
237.07375172127416,86355,379,543,12726,
237.07540279972898,86354,380,543,12726,
237.0756009153432,86354,380,542,12727,
237.07982525742767,86353,381,542,12727,
237.08311954705533,86353,380,543,12727,
237.08612965047348,86352,381,543,12727,
237.08729803827538,86351,382,543,12727,
237.09456934917276,86351,382,542,12728,
237.0949051922289,86350,383,542,12728,
237.0998770634413,86350,382,543,12728,
237.10130837149242,86350,382,542,12729,
237.10673770264137,86349,383,542,12729,
237.1120773451279,86348,384,542,12729,
237.11325874005513,86348,384,541,12730,
237.11600351511314,86348,384,540,12731,
237.12157641927755,86348,383,541,12731,
237.12188559380996,86348,382,542,12731,
237.12485129223398,86347,383,542,12731,
237.12563369520524,86347,382,543,12731,
237.13429779193606,86346,383,543,12731,
237.1348113976975,86346,383,542,12732,
237.13541230738014,86346,382,543,12732,
237.13733541196538,86346,382,542,12733,
237.1378344589582,86345,383,542,12733,
237.14202445845285,86345,382,543,12733,
237.1537642820739,86345,382,542,12734,
237.15510140082367,86345,381,543,12734,
237.18284838603006,86345,381,542,12735,
237.1837545129943,86345,380,543,12735,
237.19373895856805,86344,381,543,12735,
237.19459155080187,86344,380,544,12735,
237.203032946004,86344,380,543,12736,
237.20834507226502,86344,380,542,12737,
237.20951681038542,86343,381,542,12737,
237.2099301215373,86342,382,542,12737,
237.21445348543253,86341,383,542,12737,
237.21455935534706,86340,384,542,12737,
237.2158466476194,86339,385,542,12737,
237.22759064587535,86338,386,542,12737,
237.2317579234658,86338,386,541,12738,
237.23373136128143,86338,386,540,12739,
237.23542898386611,86338,385,541,12739,
237.23956505944932,86338,384,542,12739,
237.24557215951742,86338,383,543,12739,
237.24860281482043,86338,382,544,12739,
237.2542487331567,86338,382,543,12740,
237.2543738783958,86337,383,543,12740,
237.25712819189664,86336,384,543,12740,
237.25925516181493,86335,385,543,12740,
237.2675495348887,86335,384,544,12740,
237.2690926296967,86335,384,543,12741,
237.27680212742894,86334,385,543,12741,
237.27894207938488,86333,386,543,12741,
237.28771446689888,86333,385,544,12741,
237.28896341935675,86333,385,543,12742,
237.294928087163,86332,386,543,12742,
237.29760203274597,86331,387,543,12742,
237.30651745215,86331,386,544,12742,
237.31658978166672,86330,387,544,12742,
237.3179077433354,86329,388,544,12742,
237.32067510070817,86329,388,543,12743,
237.32074485743306,86329,388,542,12744,
237.3229144782684,86329,388,541,12745,
237.32580503898942,86328,389,541,12745,
237.32986755502125,86328,388,542,12745,
237.33767150080956,86328,387,543,12745,
237.33792501055794,86328,387,542,12746,
237.34202548015438,86328,387,541,12747,
237.3436584317517,86328,387,540,12748,
237.34767083065913,86327,388,540,12748,
237.34868056139874,86326,389,540,12748,
237.36060304966222,86326,388,541,12748,
237.36898125670353,86326,387,542,12748,
237.36916304366972,86325,388,542,12748,
237.37273701740847,86324,389,542,12748,
237.37537158742484,86324,388,543,12748,
237.3762161402201,86323,389,543,12748,
237.37685632753963,86323,389,542,12749,
237.38219720756757,86323,388,543,12749,
237.38506009296674,86323,387,544,12749,
237.3891590814379,86323,386,545,12749,
237.3936821581068,86323,385,546,12749,
237.3975795849239,86323,385,545,12750,
237.39889854226155,86323,384,546,12750,
237.40010533532822,86322,385,546,12750,
237.40014476911614,86322,384,547,12750,
237.40150859944353,86321,385,547,12750,
237.4062514817192,86321,385,546,12751,
237.4072870813722,86320,386,546,12751,
237.40934278806657,86319,387,546,12751,
237.40993758451702,86319,386,547,12751,
237.4122608547246,86319,385,548,12751,
237.4130086873921,86318,386,548,12751,
237.41522399708572,86317,387,548,12751,
237.41642593737438,86317,386,549,12751,
237.41920098766798,86317,385,550,12751,
237.4251273198788,86317,385,549,12752,
237.43053521994074,86316,386,549,12752,
237.43384316356938,86315,387,549,12752,
237.44014754468216,86315,387,548,12753,
237.44274263079944,86315,386,549,12753,
237.44793207086164,86314,387,549,12753,
237.4545381837937,86314,386,550,12753,
237.45778342169052,86313,387,550,12753,
237.46030644183278,86313,386,551,12753,
237.46399111342254,86313,386,550,12754,
237.47264254332003,86313,385,551,12754,
237.47503858011822,86312,386,551,12754,
237.47678228239602,86312,385,552,12754,
237.49814924866735,86312,384,553,12754,
237.50259955844047,86312,384,552,12755,
237.50416135984574,86311,385,552,12755,
237.5073253120561,86311,385,551,12756,
237.51326067256073,86311,384,552,12756,
237.51449198774603,86310,385,552,12756,
237.52380289388438,86309,386,552,12756,
237.5239484867797,86308,387,552,12756,
237.5289726820769,86308,387,551,12757,
237.53498674399893,86308,387,550,12758,
237.54176834840257,86308,386,551,12758,
237.5419672861661,86308,386,550,12759,
237.5499882854352,86307,387,550,12759,
237.5581319750214,86306,388,550,12759,
237.56041406044847,86306,388,549,12760,
237.56728962574664,86306,388,548,12761,
237.567575467263,86305,389,548,12761,
237.56869094673613,86305,389,547,12762,
237.57060158211704,86305,388,548,12762,
237.5803072592925,86305,387,549,12762,
237.58879800119234,86305,386,550,12762,
237.59046071330866,86304,387,550,12762,
237.59651447966723,86303,388,550,12762,
237.59941263672695,86303,387,551,12762,
237.60254122089933,86303,386,552,12762,
237.61410662755728,86302,387,552,12762,
237.61930141803006,86301,388,552,12762,
237.62331284520064,86300,389,552,12762,
237.62793704816443,86300,389,551,12763,
237.62800805885834,86299,390,551,12763,
237.63168114854204,86299,389,552,12763,
237.63875556420155,86299,388,553,12763,
237.63987688445255,86298,389,553,12763,
237.6427647106471,86298,388,554,12763,
237.64766020700725,86298,387,555,12763,
237.64775879596345,86297,388,555,12763,
237.65396425140477,86296,389,555,12763,
237.65892096770608,86296,389,554,12764,
237.66151297120658,86295,390,554,12764,
237.6621304433997,86295,390,553,12765,
237.6752923535436,86295,390,552,12766,
237.6802470768874,86295,389,553,12766,
237.68218074660794,86294,390,553,12766,
237.68516105828135,86294,389,554,12766,
237.69027606423273,86294,389,553,12767,
237.69499751628172,86294,389,552,12768,
237.69651773672229,86293,390,552,12768,
237.70245521212348,86293,390,551,12769,
237.70252272867242,86293,389,552,12769,
237.7037412545378,86292,390,552,12769,
237.7052268171039,86292,390,551,12770,
237.70581041042138,86292,389,552,12770,
237.70921983612416,86292,389,551,12771,
237.70942262834393,86292,388,552,12771,
237.71213466197293,86292,388,551,12772,
237.72083982709626,86292,388,550,12773,
237.73210990125398,86292,387,551,12773,
237.73229489960198,86292,386,552,12773,
237.73473446434264,86291,387,552,12773,
237.74128593976397,86291,387,551,12774,
237.74498443793,86291,386,552,12774,
237.75190760599992,86290,387,552,12774,
237.75281173531783,86290,386,553,12774,
237.7593378876251,86289,387,553,12774,
237.76060759577044,86288,388,553,12774,
237.76388996649806,86287,389,553,12774,
237.76767440346407,86287,389,552,12775,
237.77306839963848,86286,390,552,12775,
237.77732483310479,86285,391,552,12775,
237.77898588276364,86284,392,552,12775,
237.7862344795977,86284,391,553,12775,
237.78755068398644,86283,392,553,12775,
237.78774552818533,86282,393,553,12775,
237.78888260653488,86282,392,554,12775,
237.79183632298,86282,391,555,12775,
237.79979428518752,86282,390,556,12775,
237.79997229810584,86281,391,556,12775,
237.80606586408015,86280,392,556,12775,
237.82528255252907,86279,393,556,12775,
237.82591608354596,86279,392,557,12775,
237.83090562378658,86278,393,557,12775,
237.83709701549034,86277,394,557,12775,
237.84306186845885,86277,394,556,12776,
237.8458144255409,86277,393,557,12776,
237.8560038052607,86276,394,557,12776,
237.86205243727804,86275,395,557,12776,
237.8632009417832,86274,396,557,12776,
237.86778790091847,86274,395,558,12776,
237.8708604552155,86274,395,557,12777,
237.87631660244446,86273,396,557,12777,
237.878570894498,86273,395,558,12777,
237.88048613878635,86272,396,558,12777,
237.88962328774866,86272,395,559,12777,
237.90027403983194,86271,396,559,12777,
237.90170193750572,86271,395,560,12777,
237.90517246480672,86271,394,561,12777,
237.90573044017646,86270,395,561,12777,
237.9071962156611,86270,394,562,12777,
237.90756802467655,86270,394,561,12778,
237.90910735044525,86270,393,562,12778,
237.92302099556358,86269,394,562,12778,
237.92683117695276,86269,394,561,12779,
237.9269625314128,86268,395,561,12779,
237.92876796223035,86268,395,560,12780,
237.92950079796867,86268,394,561,12780,
237.93077441194694,86268,393,562,12780,
237.93197128753815,86268,392,563,12780,
237.9329092794935,86267,393,563,12780,
237.93398113708412,86266,394,563,12780,
237.93506278660345,86266,394,562,12781,
237.9371383492068,86265,395,562,12781,
237.9383509369863,86265,394,563,12781,
237.9464349927443,86265,393,564,12781,
237.94910662410877,86264,394,564,12781,
237.94950606396327,86263,395,564,12781,
237.9504573788303,86263,395,563,12782,
237.95961966955966,86262,396,563,12782,
237.962047978039,86262,396,562,12783,
237.9622200711826,86262,396,561,12784,
237.96384576278786,86262,396,560,12785,
237.96554247717086,86262,396,559,12786,
237.97377577681948,86261,397,559,12786,
237.97801415323042,86261,397,558,12787,
237.97844190253963,86260,398,558,12787,
237.983035913736,86259,399,558,12787,
237.99776873083943,86258,400,558,12787,
238.00445321002553,86258,399,559,12787,
238.0061635100747,86257,400,559,12787,
238.00953589755977,86256,401,559,12787,
238.0120246716003,86256,401,558,12788,
238.01608098491204,86255,402,558,12788,
238.01844919420063,86254,403,558,12788,
238.01856536820162,86254,402,559,12788,
238.02086341774324,86254,401,560,12788,
238.02587131608254,86254,400,561,12788,
238.0282279668527,86254,400,560,12789,
238.0291667817763,86254,400,559,12790,
238.03189760970872,86254,399,560,12790,
238.03281264313196,86253,400,560,12790,
238.03306766456052,86253,400,559,12791,
238.0333958355892,86253,399,560,12791,
238.0344598530506,86252,400,560,12791,
238.03614029506093,86251,401,560,12791,
238.03706246065525,86251,400,561,12791,
238.03866074571465,86251,399,562,12791,
238.04077722512153,86250,400,562,12791,
238.0429573567367,86250,400,561,12792,
238.04296503313958,86249,401,561,12792,
238.04445092229983,86248,402,561,12792,
238.05618801712646,86247,403,561,12792,
238.0582750787517,86246,404,561,12792,
238.0616417523854,86245,405,561,12792,
238.06177637942875,86245,404,562,12792,
238.06210558763541,86245,404,561,12793,
238.06257697635098,86244,405,561,12793,
238.06356438729136,86243,406,561,12793,
238.0693597410167,86243,405,562,12793,
238.07120030042523,86243,405,561,12794,
238.07367485381562,86243,404,562,12794,
238.07436688819016,86243,403,563,12794,
238.0755430614738,86243,403,562,12795,
238.07786662482832,86243,403,561,12796,
238.0795730752739,86243,402,562,12796,
238.08258685475417,86243,401,563,12796,
238.08959814544136,86243,401,562,12797,
238.0918205499833,86243,400,563,12797,
238.10058380696583,86243,400,562,12798,
238.10139486126707,86243,400,561,12799,
238.10344709913838,86243,400,560,12800,
238.1079650515343,86243,399,561,12800,
238.11032940755038,86243,399,560,12801,
238.11178743811186,86243,398,561,12801,
238.11827516796683,86242,399,561,12801,
238.12746555489693,86241,400,561,12801,
238.12984882798062,86241,400,560,12802,
238.14102633125339,86241,400,559,12803,
238.14161666613452,86241,399,560,12803,
238.14989610483985,86240,400,560,12803,
238.15698693339203,86240,399,561,12803,
238.15851881184227,86240,398,562,12803,
238.16066771087748,86240,398,561,12804,
238.16175899874588,86240,397,562,12804,
238.16294911311292,86239,398,562,12804,
238.16485583039287,86239,398,561,12805,
238.16927125121526,86238,399,561,12805,
238.1745889799115,86238,399,560,12806,
238.1775099196196,86238,398,561,12806,
238.1790219270083,86238,397,562,12806,
238.19022200451568,86237,398,562,12806,
238.20603549502218,86236,399,562,12806,
238.2099766841837,86236,399,561,12807,
238.21440736328188,86236,399,560,12808,
238.22221650699717,86236,398,561,12808,
238.22649783789024,86235,399,561,12808,
238.22956591993216,86234,400,561,12808,
238.23202718583423,86233,401,561,12808,
238.23272124145484,86233,401,560,12809,
238.23789063968704,86233,401,559,12810,
238.2409522691021,86233,400,560,12810,
238.24496750886593,86233,399,561,12810,
238.25440660044285,86232,400,561,12810,
238.25886559670846,86231,401,561,12810,
238.26110840356557,86231,401,560,12811,
238.26203209549908,86230,402,560,12811,
238.26326417790457,86229,403,560,12811,
238.27086767721855,86229,403,559,12812,
238.27337933872835,86228,404,559,12812,
238.27469628637144,86227,405,559,12812,
238.2796016612945,86226,406,559,12812,
238.27977434992536,86226,406,558,12813,
238.28721987256625,86226,405,559,12813,
238.28883080945968,86226,404,560,12813,
238.29472322724848,86226,404,559,12814,
238.30578635288083,86225,405,559,12814,
238.30585896660597,86225,404,560,12814,
238.30718047742596,86225,403,561,12814,
238.30806475781105,86225,403,560,12815,
238.3132557885682,86224,404,560,12815,
238.32329223981012,86223,405,560,12815,
238.3311981539005,86223,404,561,12815,
238.33201068470217,86222,405,561,12815,
238.33362173895887,86222,405,560,12816,
238.33409072464616,86222,404,561,12816,
238.3375351321797,86222,404,560,12817,
238.34102520383257,86222,403,561,12817,
238.34107649857188,86221,404,561,12817,
238.34245129118023,86220,405,561,12817,
238.34346487392122,86220,404,562,12817,
238.35334472198272,86219,405,562,12817,
238.35589231848834,86218,406,562,12817,
238.35628268143645,86218,405,563,12817,
238.35646629718468,86218,404,564,12817,
238.36826079270935,86217,405,564,12817,
238.37416439863006,86217,404,565,12817,
238.37498015922742,86217,404,564,12818,
238.37633361785694,86216,405,564,12818,
238.37888395271335,86216,404,565,12818,
238.37935356498542,86216,404,564,12819,
238.38474843098402,86215,405,564,12819,
238.38559373254265,86215,404,565,12819,
238.38938518491324,86215,403,566,12819,
238.38989953448046,86214,404,566,12819,
238.40734681825384,86214,404,565,12820,
238.41689508280857,86214,403,566,12820,
238.41977484697173,86214,403,565,12821,
238.42163043519682,86213,404,565,12821,
238.42173212394246,86213,404,564,12822,
238.42797363138905,86213,403,565,12822,
238.44437921675856,86213,402,566,12822,
238.44859696748728,86212,403,566,12822,
238.44946554736288,86212,403,565,12823,
238.45106417172633,86211,404,565,12823,
238.4549435263459,86211,403,566,12823,
238.4550273977127,86211,403,565,12824,
238.463390594131,86211,403,564,12825,
238.46730904942382,86210,404,564,12825,
238.47247203673348,86209,405,564,12825,
238.47816770728713,86208,406,564,12825,
238.4843644856067,86208,405,565,12825,
238.48490837669522,86208,405,564,12826,
238.4900669065175,86208,404,565,12826,
238.491307111846,86208,404,564,12827,
238.49961047158786,86207,405,564,12827,
238.5042933850904,86207,404,565,12827,
238.5083654724611,86206,405,565,12827,
238.50986360565736,86206,404,566,12827,
238.51356374733132,86205,405,566,12827,
238.52015203496728,86205,404,567,12827,
238.53399927239494,86204,405,567,12827,
238.53661467010517,86204,404,568,12827,
238.53886423650408,86203,405,568,12827,
238.5392227048015,86203,405,567,12828,
238.53943801977874,86203,404,568,12828,
238.54220406492234,86203,403,569,12828,
238.54364773612716,86202,404,569,12828,
238.5445589868021,86202,404,568,12829,
238.54760710864772,86202,403,569,12829,
238.55428870755765,86201,404,569,12829,
238.56277124195714,86201,404,568,12830,
238.57729379514126,86200,405,568,12830,
238.57946787630488,86200,404,569,12830,
238.5842210016508,86200,403,570,12830,
238.58817226837334,86199,404,570,12830,
238.58968066631232,86198,405,570,12830,
238.5930638737249,86197,406,570,12830,
238.59422227063263,86196,407,570,12830,
238.595520748853,86196,406,571,12830,
238.6055347160207,86196,406,570,12831,
238.60641491257357,86196,406,569,12832,
238.61283195568382,86196,406,568,12833,
238.6199872358894,86196,405,569,12833,
238.62670964625627,86196,405,568,12834,
238.6365057609858,86195,406,568,12834,
238.63943356748925,86194,407,568,12834,
238.6425193541419,86193,408,568,12834,
238.6431116902982,86193,407,569,12834,
238.64378193558707,86192,408,569,12834,
238.65047916001126,86192,407,570,12834,
238.65560270975283,86192,406,571,12834,
238.659751160599,86192,405,572,12834,
238.67131497177476,86192,405,571,12835,
238.6850785752687,86192,404,572,12835,
238.69018047453886,86192,403,573,12835,
238.70101367845058,86191,404,573,12835,
238.70622351935734,86191,404,572,12836,
238.70718569706787,86191,403,573,12836,
238.71203542652867,86190,404,573,12836,
238.71410391039558,86190,403,574,12836,
238.71692223658846,86189,404,574,12836,
238.71960907464128,86189,404,573,12837,
238.72983384281554,86188,405,573,12837,
238.73048199421382,86188,405,572,12838,
238.733976458121,86188,405,571,12839,
238.73447672878336,86187,406,571,12839,
238.7372113597958,86186,407,571,12839,
238.7433835750917,86186,406,572,12839,
238.74410059471444,86186,406,571,12840,
238.7460618012816,86186,406,570,12841,
238.74907172860185,86185,407,570,12841,
238.7528945142646,86185,406,571,12841,
238.75323418114272,86185,405,572,12841,
238.75563463014262,86185,404,573,12841,
238.76727006770457,86185,404,572,12842,
238.76760357183076,86185,404,571,12843,
238.7702839295213,86184,405,571,12843,
238.77295258102367,86184,404,572,12843,
238.7764199411167,86183,405,572,12843,
238.7779161426807,86183,404,573,12843,
238.77798429666652,86183,403,574,12843,
238.77869582329288,86183,402,575,12843,
238.7819470302089,86183,401,576,12843,
238.78363254573415,86182,402,576,12843,
238.78773041543963,86182,402,575,12844,
238.79101768296246,86182,401,576,12844,
238.79846330112665,86181,402,576,12844,
238.80107127214367,86180,403,576,12844,
238.80606909933704,86180,402,577,12844,
238.80610218060858,86180,402,576,12845,
238.80648531320395,86179,403,576,12845,
238.8068074303139,86179,403,575,12846,
238.81149613632587,86178,404,575,12846,
238.8129417874788,86178,404,574,12847,
238.81489185978114,86177,405,574,12847,
238.82149980994478,86176,406,574,12847,
238.82187941425985,86176,405,575,12847,
238.82648234822963,86176,404,576,12847,
238.82956135927253,86176,403,577,12847,
238.8431806530577,86176,403,576,12848,
238.8436287671518,86175,404,576,12848,
238.84449461021575,86174,405,576,12848,
238.85050675891793,86173,406,576,12848,
238.85093848760334,86172,407,576,12848,
238.86120858433515,86171,408,576,12848,
238.8612818992894,86171,408,575,12849,
238.86400929147106,86170,409,575,12849,
238.8699042153966,86170,409,574,12850,
238.87069829917152,86170,408,575,12850,
238.87136339232427,86170,407,576,12850,
238.87148368464008,86169,408,576,12850,
238.8767199603514,86169,408,575,12851,
238.88075661817504,86169,408,574,12852,
238.8880035328733,86169,407,575,12852,
238.8968328710817,86168,408,575,12852,
238.89894203032662,86168,407,576,12852,
238.902717350395,86167,408,576,12852,
238.91377360636497,86167,407,577,12852,
238.91727288392832,86166,408,577,12852,
238.91801488760674,86166,407,578,12852,
238.9338921561103,86166,407,577,12853,
238.93670053788148,86165,408,577,12853,
238.93678986295453,86165,407,578,12853,
238.93858551001748,86165,407,577,12854,
238.9391938829673,86164,408,577,12854,
238.9514966498158,86164,408,576,12855,
238.95402083290398,86164,408,575,12856,
238.95716186335684,86163,409,575,12856,
238.9616792350709,86163,408,576,12856,
238.9637567611199,86162,409,576,12856,
238.96635284573526,86162,409,575,12857,
238.9670723349231,86161,410,575,12857,
238.97038058606236,86161,409,576,12857,
238.97443833938746,86160,410,576,12857,
238.9753476682923,86159,411,576,12857,
238.9762636132365,86159,411,575,12858,
238.99070244118025,86158,412,575,12858,
238.99729786657636,86158,411,576,12858,
238.99765815974405,86158,410,577,12858,
239.01360068853606,86157,411,577,12858,
239.01429463715996,86157,410,578,12858,
239.01504271713802,86156,411,578,12858,
239.016193238857,86156,410,579,12858,
239.01913732085353,86155,411,579,12858,
239.02378822175763,86155,410,580,12858,
239.0248357192413,86155,410,579,12859,
239.02497151214158,86155,409,580,12859,
239.03255080484763,86155,408,581,12859,
239.04269848087853,86155,407,582,12859,
239.04324796495487,86154,408,582,12859,
239.04526370103724,86154,407,583,12859,
239.04550936490074,86154,406,584,12859,
239.05150807440234,86154,405,585,12859,
239.05354816426942,86153,406,585,12859,
239.05911194929462,86153,405,586,12859,
239.06350367836706,86152,406,586,12859,
239.06750337049147,86151,407,586,12859,
239.0711374066026,86151,407,585,12860,
239.07780420471866,86150,408,585,12860,
239.0785075317695,86149,409,585,12860,
239.08018887027742,86149,408,586,12860,
239.0837882469512,86149,407,587,12860,
239.0843020299793,86149,406,588,12860,
239.0855978561363,86149,406,587,12861,
239.08597453327786,86148,407,587,12861,
239.09568751065393,86148,407,586,12862,
239.09913149102601,86148,407,585,12863,
239.10883472520322,86148,407,584,12864,
239.11531247394382,86147,408,584,12864,
239.12193442507277,86147,407,585,12864,
239.12405280029805,86146,408,585,12864,
239.1281142674988,86146,408,584,12865,
239.12912236911956,86146,408,583,12866,
239.142832582629,86145,409,583,12866,
239.148652034192,86144,410,583,12866,
239.14885142750558,86144,410,582,12867,
239.14958951444905,86144,409,583,12867,
239.16173948813733,86143,410,583,12867,
239.16422401877816,86143,410,582,12868,
239.16550458367553,86142,411,582,12868,
239.16607500473214,86141,412,582,12868,
239.1666967069093,86140,413,582,12868,
239.16672777666744,86139,414,582,12868,
239.1694286543346,86139,414,581,12869,
239.17047791068669,86138,415,581,12869,
239.17983892963753,86137,416,581,12869,
239.18465571134888,86136,417,581,12869,
239.18580830916034,86135,418,581,12869,
239.19024797968385,86134,419,581,12869,
239.1942814809954,86134,419,580,12870,
239.1951416507722,86134,419,579,12871,
239.197530742618,86133,420,579,12871,
239.19874238047254,86132,421,579,12871,
239.20145788928332,86131,422,579,12871,
239.210831519622,86131,422,578,12872,
239.21837792575403,86130,423,578,12872,
239.22759588068817,86129,424,578,12872,
239.2443173591194,86128,425,578,12872,
239.24776220489494,86128,425,577,12873,
239.25386784654282,86128,424,578,12873,
239.25961047815855,86127,425,578,12873,
239.26165429217042,86127,425,577,12874,
239.263649109085,86127,424,578,12874,
239.2637767844351,86127,423,579,12874,
239.26517466619686,86127,422,580,12874,
239.26523544857622,86127,421,581,12874,
239.27229869311378,86127,420,582,12874,
239.28008072921855,86127,419,583,12874,
239.2812147260291,86126,420,583,12874,
239.2835864471498,86125,421,583,12874,
239.28858045462255,86124,422,583,12874,
239.2929157391135,86124,421,584,12874,
239.29375483956915,86123,422,584,12874,
239.2982103229388,86123,421,585,12874,
239.30259657118486,86123,421,584,12875,
239.30611720632373,86122,422,584,12875,
239.30945261860077,86121,423,584,12875,
239.31276148428125,86121,423,583,12876,
239.3163957556441,86121,423,582,12877,
239.32112947319501,86121,422,583,12877,
239.32527348583162,86121,421,584,12877,
239.33401129927068,86121,420,585,12877,
239.3377009218452,86121,419,586,12877,
239.34726332971215,86121,419,585,12878,
239.35691945608005,86121,418,586,12878,
239.3572799167977,86121,417,587,12878,
239.36097973466389,86121,417,586,12879,
239.36246696378353,86121,416,587,12879,
239.38159266919308,86121,416,586,12880,
239.38184033902104,86121,416,585,12881,
239.38327415542327,86121,416,584,12882,
239.38711905494642,86121,416,583,12883,
239.39174549702716,86120,417,583,12883,
239.39178293861391,86120,417,582,12884,
239.39703747079776,86120,416,583,12884,
239.39996929846566,86120,415,584,12884,
239.40083916903808,86120,415,583,12885,
239.4100893872936,86120,414,584,12885,
239.41518301612808,86119,415,584,12885,
239.41648477830822,86119,414,585,12885,
239.41886028305518,86118,415,585,12885,
239.4210741411048,86118,415,584,12886,
239.4218708673725,86117,416,584,12886,
239.42321211438423,86117,416,583,12887,
239.4277838692609,86117,415,584,12887,
239.43066443945395,86117,414,585,12887,
239.4398387958332,86117,413,586,12887,
239.44194244936236,86116,414,586,12887,
239.44292963840084,86115,415,586,12887,
239.44829428298587,86115,414,587,12887,
239.44879054137718,86114,415,587,12887,
239.45325331492245,86114,415,586,12888,
239.46004711152864,86113,416,586,12888,
239.46940137089015,86112,417,586,12888,
239.47065454119536,86111,418,586,12888,
239.4767668270632,86110,419,586,12888,
239.47951526711466,86110,418,587,12888,
239.4833666847103,86110,418,586,12889,
239.48389965325094,86110,418,585,12890,
239.4860786607807,86110,417,586,12890,
239.48777922471396,86109,418,586,12890,
239.49630389595126,86109,417,587,12890,
239.496737422871,86109,416,588,12890,
239.49741858768087,86108,417,588,12890,
239.49904040950085,86108,416,589,12890,
239.50559947462952,86107,417,589,12890,
239.50637816863215,86107,416,590,12890,
239.508202090031,86106,417,590,12890,
239.5100922961601,86106,416,591,12890,
239.518566970015,86106,415,592,12890,
239.5225743248933,86106,414,593,12890,
239.5246722461073,86106,414,592,12891,
239.52513931156332,86106,414,591,12892,
239.53903830357234,86105,415,591,12892,
239.54264465648558,86105,414,592,12892,
239.5487792985923,86105,413,593,12892,
239.55667154797476,86105,412,594,12892,
239.55735102472585,86104,413,594,12892,
239.55965007188402,86103,414,594,12892,
239.56415125773404,86102,415,594,12892,
239.56524334676493,86101,416,594,12892,
239.5659461159876,86101,416,593,12893,
239.5705284196741,86100,417,593,12893,
239.57147731520962,86099,418,593,12893,
239.5742903232894,86099,418,592,12894,
239.5747147555866,86099,418,591,12895,
239.58535701319613,86098,419,591,12895,
239.58969911547865,86098,419,590,12896,
239.59822134065337,86098,418,591,12896,
239.59932664484603,86098,418,590,12897,
239.60030675552952,86097,419,590,12897,
239.60784233080474,86097,419,589,12898,
239.61199875188385,86097,418,590,12898,
239.6125191406701,86097,417,591,12898,
239.61771448731477,86096,418,591,12898,
239.62520810558922,86096,417,592,12898,
239.62580710100494,86096,417,591,12899,
239.6342326081394,86095,418,591,12899,
239.6507456546688,86094,419,591,12899,
239.65316375962945,86094,419,590,12900,
239.65379718425092,86093,420,590,12900,
239.65816788367545,86093,420,589,12901,
239.66420574140602,86093,419,590,12901,
239.66743879580454,86092,420,590,12901,
239.67157893633345,86092,419,591,12901,
239.68249839693323,86092,419,590,12902,
239.68412468821828,86092,419,589,12903,
239.6888088910896,86092,418,590,12903,
239.69072769577286,86091,419,590,12903,
239.69141860359224,86090,420,590,12903,
239.69159640798387,86090,420,589,12904,
239.69921654727887,86089,421,589,12904,
239.69963268997407,86088,422,589,12904,
239.70628738762855,86088,422,588,12905,
239.71032222806832,86088,421,589,12905,
239.71231640988364,86088,420,590,12905,
239.72159304572548,86088,420,589,12906,
239.7227815237461,86087,421,589,12906,
239.7234567170349,86086,422,589,12906,
239.72523387459776,86086,422,588,12907,
239.7279498156548,86086,421,589,12907,
239.72943269978074,86086,421,588,12908,
239.73701733558434,86085,422,588,12908,
239.7395613824077,86085,421,589,12908,
239.7409767925684,86084,422,589,12908,
239.75159519501824,86084,421,590,12908,
239.75177122764478,86083,422,590,12908,
239.7535817426567,86083,422,589,12909,
239.7539051904879,86083,422,588,12910,
239.76353769141448,86082,423,588,12910,
239.76801170070678,86082,422,589,12910,
239.77027965404002,86081,423,589,12910,
239.77102033493236,86081,422,590,12910,
239.7738542179711,86081,422,589,12911,
239.77483475829513,86081,422,588,12912,
239.77800936159014,86080,423,588,12912,
239.77898171024424,86080,422,589,12912,
239.78368488550063,86079,423,589,12912,
239.78586271001413,86078,424,589,12912,
239.79126844606262,86078,423,590,12912,
239.79160377919473,86077,424,590,12912,
239.79583832827447,86076,425,590,12912,
239.80034189680254,86076,425,589,12913,
239.8012923505327,86076,424,590,12913,
239.80375619533356,86075,425,590,12913,
239.80975887496825,86074,426,590,12913,
239.81829605342014,86074,426,589,12914,
239.82076242407365,86074,426,588,12915,
239.82080358637538,86074,425,589,12915,
239.82111820447022,86074,424,590,12915,
239.83004020704783,86074,423,591,12915,
239.83235353231993,86074,422,592,12915,
239.83605913819005,86074,421,593,12915,
239.84178393786638,86073,422,593,12915,
239.85882485768147,86073,421,594,12915,
239.86102771188828,86073,420,595,12915,
239.86124902189007,86073,419,596,12915,
239.86138022119349,86072,420,596,12915,
239.86473125635098,86072,419,597,12915,
239.86583881153115,86072,418,598,12915,
239.8667569545181,86071,419,598,12915,
239.87376515420044,86071,419,597,12916,
239.87435358609335,86071,419,596,12917,
239.88335280797756,86071,418,597,12917,
239.88736289221362,86071,418,596,12918,
239.89129974291336,86070,419,596,12918,
239.89408303905947,86070,419,595,12919,
239.9011139036376,86069,420,595,12919,
239.9077326131191,86069,420,594,12920,
239.9100212085844,86068,421,594,12920,
239.91162308073163,86068,421,593,12921,
239.91911381815495,86068,420,594,12921,
239.92483484941937,86067,421,594,12921,
239.92922051574575,86066,422,594,12921,
239.92936669073657,86066,421,595,12921,
239.9352969975451,86066,421,594,12922,
239.94025945224155,86066,421,593,12923,
239.945420735416,86066,421,592,12924,
239.9478776682892,86065,422,592,12924,
239.94902837276155,86065,421,593,12924,
239.9502301466119,86064,422,593,12924,
239.95044324608716,86063,423,593,12924,
239.95254503663446,86063,423,592,12925,
239.95743488685625,86062,424,592,12925,
239.96019106601415,86061,425,592,12925,
239.96031344578947,86060,426,592,12925,
239.9620819784004,86059,427,592,12925,
239.96384580787893,86059,427,591,12926,
239.9731659085587,86059,426,592,12926,
239.99287584256956,86059,425,593,12926,
239.99617691731288,86059,424,594,12926,
239.99858897637904,86058,425,594,12926,
240.0061782467546,86057,426,594,12926,
240.0084358157249,86057,426,593,12927,
240.0084359317415,86057,425,594,12927,
240.012751047824,86056,426,594,12927,
240.01550672231275,86056,426,593,12928,
240.02235248942094,86055,427,593,12928,
240.0271722282008,86055,426,594,12928,
240.03174278843903,86055,425,595,12928,
240.03512695015644,86055,425,594,12929,
240.04136060488395,86054,426,594,12929,
240.0444729031973,86053,427,594,12929,
240.05159626329208,86053,426,595,12929,
240.05292027076945,86053,426,594,12930,
240.054045139286,86053,426,593,12931,
240.05490019212218,86053,425,594,12931,
240.06077419403192,86052,426,594,12931,
240.0671120752109,86052,426,593,12932,
240.0694575131625,86051,427,593,12932,
240.06977337370273,86050,428,593,12932,
240.07059202366258,86050,428,592,12933,
240.0717083585718,86049,429,592,12933,
240.0731836089431,86049,428,593,12933,
240.0739835068576,86049,428,592,12934,
240.0742877543186,86049,427,593,12934,
240.08059184661195,86049,427,592,12935,
240.08080522648845,86049,427,591,12936,
240.08287117259692,86048,428,591,12936,
240.08577412902952,86048,428,590,12937,
240.08727207003136,86048,428,589,12938,
240.09108990890374,86048,427,590,12938,
240.09606733965458,86048,427,589,12939,
240.10099781673233,86047,428,589,12939,
240.1059380552119,86046,429,589,12939,
240.1063644463856,86045,430,589,12939,
240.10834625874315,86045,429,590,12939,
240.10903111824322,86045,428,591,12939,
240.11162607783967,86045,428,590,12940,
240.11242924585338,86044,429,590,12940,
240.11435667093852,86044,428,591,12940,
240.11573217024988,86044,428,590,12941,
240.11816756174733,86043,429,590,12941,
240.12377696838112,86042,430,590,12941,
240.131507890181,86041,431,590,12941,
240.13164744356888,86040,432,590,12941,
240.13927704754425,86040,431,591,12941,
240.14260334181475,86040,430,592,12941,
240.14918788687046,86040,430,591,12942,
240.15352173561175,86040,429,592,12942,
240.15472160880694,86040,429,591,12943,
240.15561542760818,86039,430,591,12943,
240.1556481471067,86039,430,590,12944,
240.15773659773092,86039,429,591,12944,
240.1618521492697,86039,429,590,12945,
240.16351667747844,86038,430,590,12945,
240.1663358028943,86038,429,591,12945,
240.16688338851412,86038,428,592,12945,
240.17112003645138,86038,427,593,12945,
240.172144564555,86038,426,594,12945,
240.17381192754476,86038,425,595,12945,
240.17451666248903,86038,425,594,12946,
240.18091699698027,86038,424,595,12946,
240.1905343280367,86037,425,595,12946,
240.19100558719967,86036,426,595,12946,
240.19414294919926,86036,426,594,12947,
240.20607564361777,86036,425,595,12947,
240.21029913838746,86036,425,594,12948,
240.21089631837341,86035,426,594,12948,
240.21153386139676,86035,426,593,12949,
240.21200008571097,86034,427,593,12949,
240.21725127679318,86034,427,592,12950,
240.2264013732176,86034,427,591,12951,
240.2288348678207,86033,428,591,12951,
240.2311781203436,86032,429,591,12951,
240.2324267672352,86032,429,590,12952,
240.2352583876626,86032,429,589,12953,
240.23543246859472,86032,429,588,12954,
240.2362977753247,86032,428,589,12954,
240.24570585024506,86032,427,590,12954,
240.24636602006615,86032,427,589,12955,
240.27213767244208,86031,428,589,12955,
240.27480154527052,86031,428,588,12956,
240.28745406938214,86031,427,589,12956,
240.29516064057432,86030,428,589,12956,
240.2958957850229,86029,429,589,12956,
240.30049110479936,86028,430,589,12956,
240.31172158756047,86028,430,588,12957,
240.32077283851027,86027,431,588,12957,
240.3386340493649,86027,430,589,12957,
240.34385923104412,86027,430,588,12958,
240.35316071882696,86027,430,587,12959,
240.35808626739927,86027,429,588,12959,
240.35858613836905,86027,428,589,12959,
240.35899272761816,86026,429,589,12959,
240.36193541619215,86025,430,589,12959,
240.3625633216687,86025,430,588,12960,
240.36623895373518,86025,430,587,12961,
240.36942897212924,86025,429,588,12961,
240.3696852321858,86025,428,589,12961,
240.37472245575432,86025,427,590,12961,
240.38132593930663,86025,426,591,12961,
240.38517786345457,86025,426,590,12962,
240.39066510096634,86025,425,591,12962,
240.39259250232004,86024,426,591,12962,
240.3932389331056,86024,426,590,12963,
240.39594013591164,86023,427,590,12963,
240.40244450430015,86023,427,589,12964,
240.4025674713467,86023,427,588,12965,
240.40696331260347,86022,428,588,12965,
240.40778232166792,86022,427,589,12965,
240.40901500201136,86022,426,590,12965,
240.41304538584097,86022,425,591,12965,
240.4131143030767,86021,426,591,12965,
240.41778484397108,86021,426,590,12966,
240.4186741286798,86021,426,589,12967,
240.43461568002596,86021,425,590,12967,
240.437252905758,86021,425,589,12968,
240.43993694033327,86021,424,590,12968,
240.44008055733212,86021,424,589,12969,
240.44986508068217,86020,425,589,12969,
240.45752062149637,86019,426,589,12969,
240.4587022530684,86019,426,588,12970,
240.48200514328826,86018,427,588,12970,
240.4824919248178,86018,427,587,12971,
240.48302795173262,86017,428,587,12971,
240.48557826307348,86017,428,586,12972,
240.48764803068954,86017,428,585,12973,
240.4915719484775,86017,427,586,12973,
240.49160836211223,86016,428,586,12973,
240.49201309564845,86016,427,587,12973,
240.50089687127803,86016,426,588,12973,
240.50453100460425,86015,427,588,12973,
240.5077265685247,86014,428,588,12973,
240.52290064044246,86014,427,589,12973,
240.52492599164609,86014,426,590,12973,
240.5299571358662,86014,426,589,12974,
240.53614228080517,86014,425,590,12974,
240.53968258086317,86014,424,591,12974,
240.54303541092054,86013,425,591,12974,
240.5448756424982,86012,426,591,12974,
240.5453197627307,86012,425,592,12974,
240.5526531449993,86012,424,593,12974,
240.55363445082804,86012,424,592,12975,
240.5577780785603,86011,425,592,12975,
240.56128257808658,86011,424,593,12975,
240.563605642967,86011,424,592,12976,
240.56431947569428,86010,425,592,12976,
240.57780307086733,86010,424,593,12976,
240.58715989577846,86009,425,593,12976,
240.58956184769312,86009,424,594,12976,
240.5897289337773,86009,423,595,12976,
240.5904310781145,86009,423,594,12977,
240.592056177333,86009,422,595,12977,
240.59741120529878,86009,421,596,12977,
240.60648622053648,86008,422,596,12977,
240.61529087054396,86008,421,597,12977,
240.61863830474877,86008,420,598,12977,
240.62765734419162,86008,420,597,12978,
240.6282825772917,86007,421,597,12978,
240.62910972468305,86006,422,597,12978,
240.6302797989247,86006,422,596,12979,
240.6345460878875,86006,422,595,12980,
240.64619858319395,86005,423,595,12980,
240.64692022534865,86005,422,596,12980,
240.64993145651366,86005,422,595,12981,
240.65246099842886,86005,421,596,12981,
240.6540424913189,86005,420,597,12981,
240.65865136038627,86005,420,596,12982,
240.66654006373602,86004,421,596,12982,
240.67327416833848,86004,420,597,12982,
240.67406969199064,86004,419,598,12982,
240.67605166426296,86003,420,598,12982,
240.6771633830678,86003,419,599,12982,
240.67809397682763,86003,418,600,12982,
240.6784630726275,86003,418,599,12983,
240.67848867150732,86002,419,599,12983,
240.6823389875344,86002,419,598,12984,
240.69104162390101,86001,420,598,12984,
240.69265775137052,86000,421,598,12984,
240.69492879603825,86000,420,599,12984,
240.6973754998429,86000,420,598,12985,
240.70254392590144,86000,419,599,12985,
240.70528242563344,85999,420,599,12985,
240.70718031370387,85998,421,599,12985,
240.71931654678752,85997,422,599,12985,
240.7199510815545,85997,422,598,12986,
240.72254042640918,85997,422,597,12987,
240.7241577204019,85997,421,598,12987,
240.72555108507464,85997,420,599,12987,
240.72661201281352,85997,419,600,12987,
240.7313380756048,85997,419,599,12988,
240.73489928245843,85997,418,600,12988,
240.73643809576353,85997,417,601,12988,
240.74070403849635,85996,418,601,12988,
240.7413371679466,85996,417,602,12988,
240.7433807010284,85996,416,603,12988,
240.7518742692537,85995,417,603,12988,
240.7568301903418,85994,418,603,12988,
240.76220188050468,85993,419,603,12988,
240.76495547227196,85993,418,604,12988,
240.76546343452605,85992,419,604,12988,
240.77031049423772,85992,419,603,12989,
240.77277187361926,85992,419,602,12990,
240.77350705850824,85992,419,601,12991,
240.7765858934406,85991,420,601,12991,
240.7821030594134,85991,419,602,12991,
240.78254633749614,85991,418,603,12991,
240.79569407250034,85991,418,602,12992,
240.79709393030785,85991,418,601,12993,
240.8019405127005,85990,419,601,12993,
240.8084099614005,85989,420,601,12993,
240.80905085153435,85988,421,601,12993,
240.8131953178178,85988,420,602,12993,
240.8151382012547,85988,419,603,12993,
240.8157759189037,85987,420,603,12993,
240.8194068743008,85987,420,602,12994,
240.82010188306248,85987,419,603,12994,
240.8293856105194,85987,419,602,12995,
240.83344722065772,85987,418,603,12995,
240.84326316370758,85986,419,603,12995,
240.84374840916882,85986,418,604,12995,
240.84529740046358,85985,419,604,12995,
240.84776854755108,85984,420,604,12995,
240.85531576824874,85984,419,605,12995,
240.8564021874025,85983,420,605,12995,
240.85784900756255,85983,420,604,12996,
240.86653477541188,85983,419,605,12996,
240.87661151033507,85983,418,606,12996,
240.88135189318658,85983,418,605,12997,
240.88379474450255,85982,419,605,12997,
240.88450270669276,85981,420,605,12997,
240.88466394332215,85980,421,605,12997,
240.88866325970113,85980,421,604,12998,
240.89122466083606,85979,422,604,12998,
240.89320716428077,85979,421,605,12998,
240.89461331510773,85979,420,606,12998,
240.89813778829648,85979,419,607,12998,
240.9039788492593,85979,419,606,12999,
240.90733197996875,85979,418,607,12999,
240.91019114789077,85979,418,606,13000,
240.9130055000519,85979,417,607,13000,
240.913562042225,85979,417,606,13001,
240.92577795301253,85978,418,606,13001,
240.92691628737424,85978,417,607,13001,
240.92895347259312,85977,418,607,13001,
240.93178247175854,85976,419,607,13001,
240.93226233614774,85976,418,608,13001,
240.9343365076005,85975,419,608,13001,
240.93542869272267,85975,418,609,13001,
240.93623107137617,85974,419,609,13001,
240.9365017162749,85974,418,610,13001,
240.93938303457537,85973,419,610,13001,
240.95243638793207,85972,420,610,13001,
240.969591993389,85971,421,610,13001,
240.96961130042138,85971,420,611,13001,
240.96992829948462,85971,419,612,13001,
240.97209620014746,85971,419,611,13002,
240.97612001436886,85971,418,612,13002,
240.98310101070686,85971,417,613,13002,
240.98515278377147,85971,417,612,13003,
240.9852752454609,85970,418,612,13003,
240.98731655354388,85969,419,612,13003,
240.98776373526727,85968,420,612,13003,
240.9947997815121,85968,420,611,13004,
241.0022932447943,85968,419,612,13004,
241.00262589279808,85968,419,611,13005,
241.00427119588903,85967,420,611,13005,
241.0046504120292,85967,419,612,13005,
241.00569705654567,85966,420,612,13005,
241.0081868066908,85965,421,612,13005,
241.01485196296966,85965,421,611,13006,
241.01653969161694,85964,422,611,13006,
241.0176569609544,85964,421,612,13006,
241.0281787002137,85963,422,612,13006,
241.03074143166793,85962,423,612,13006,
241.0331380269431,85962,422,613,13006,
241.04173894883075,85962,421,614,13006,
241.04685936430184,85961,422,614,13006,
241.06653845366415,85960,423,614,13006,
241.06720434818806,85959,424,614,13006,
241.08699911991962,85959,424,613,13007,
241.08832728053562,85958,425,613,13007,
241.0993474773236,85958,425,612,13008,
241.10083063773826,85957,426,612,13008,
241.10346758231591,85957,426,611,13009,
241.11183453146103,85957,425,612,13009,
241.11578866717258,85957,424,613,13009,
241.11638901330122,85957,423,614,13009,
241.11827001643465,85957,422,615,13009,
241.123693384801,85956,423,615,13009,
241.13892316341645,85956,423,614,13010,
241.14902311651193,85956,422,615,13010,
241.16055196127996,85956,421,616,13010,
241.16457465908582,85955,422,616,13010,
241.1773491016944,85955,421,617,13010,
241.18032336620678,85955,420,618,13010,
241.18047915496857,85954,421,618,13010,
241.18982648854728,85954,421,617,13011,
241.1960387410533,85954,421,616,13012,
241.19613538564556,85953,422,616,13012,
241.20409576451834,85953,422,615,13013,
241.21209195389102,85952,423,615,13013,
241.22641745986033,85951,424,615,13013,
241.22818047120379,85951,423,616,13013,
241.23876671745268,85951,423,615,13014,
241.24075302234337,85950,424,615,13014,
241.241260637958,85949,425,615,13014,
241.2459878376529,85949,424,616,13014,
241.25312553443558,85948,425,616,13014,
241.2549011006944,85948,425,615,13015,
241.25493575646814,85948,424,616,13015,
241.25716634185628,85947,425,616,13015,
241.2584210964975,85946,426,616,13015,
241.26076925950545,85946,425,617,13015,
241.26954429386024,85945,426,617,13015,
241.27537811981625,85945,425,618,13015,
241.2754741337294,85945,425,617,13016,
241.28282151004686,85944,426,617,13016,
241.29214982261203,85943,427,617,13016,
241.29940077213521,85943,426,618,13016,
241.30042165518066,85942,427,618,13016,
241.30171168111534,85942,427,617,13017,
241.3190583121789,85942,427,616,13018,
241.32524621474957,85942,427,615,13019,
241.32648214127624,85942,427,614,13020,
241.33072584290232,85942,426,615,13020,
241.33961927540628,85941,427,615,13020,
241.3425262365799,85940,428,615,13020,
241.34532375135987,85939,429,615,13020,
241.3465216478176,85939,429,614,13021,
241.3509234055747,85938,430,614,13021,
241.3527814892766,85937,431,614,13021,
241.35415937444375,85936,432,614,13021,
241.36388194414042,85935,433,614,13021,
241.3678460567063,85934,434,614,13021,
241.37123036310388,85934,434,613,13022,
241.37723401189132,85933,435,613,13022,
241.3824778780152,85933,434,614,13022,
241.38421277841968,85933,434,613,13023,
241.408424409449,85933,433,614,13023,
241.4085539203512,85933,432,615,13023,
241.41553387558503,85933,431,616,13023,
241.4173221471635,85932,432,616,13023,
241.4336211252015,85932,432,615,13024,
241.43706456411795,85931,433,615,13024,
241.4405325775697,85930,434,615,13024,
241.44091313980078,85929,435,615,13024,
241.442620130849,85929,434,616,13024,
241.4465323786345,85928,435,616,13024,
241.4478591394603,85928,434,617,13024,
241.45197841837276,85928,434,616,13025,
241.4572976469731,85927,435,616,13025,
241.45874233160484,85926,436,616,13025,
241.45944710310295,85925,437,616,13025,
241.46073027597257,85925,437,615,13026,
241.46148551803986,85924,438,615,13026,
241.46830818358282,85924,437,616,13026,
241.47025312873035,85923,438,616,13026,
241.4705667730472,85923,438,615,13027,
241.47399807250997,85922,439,615,13027,
241.48353786617741,85922,439,614,13028,
241.4908088332297,85922,439,613,13029,
241.49265755041185,85921,440,613,13029,
241.49791415500786,85920,441,613,13029,
241.50155643612322,85920,440,614,13029,
241.50183863351526,85920,439,615,13029,
241.50657299186324,85919,440,615,13029,
241.50803792545966,85919,439,616,13029,
241.51366552617623,85919,438,617,13029,
241.51548838232242,85918,439,617,13029,
241.52159194034564,85917,440,617,13029,
241.5274690305294,85917,439,618,13029,
241.52798315966874,85917,439,617,13030,
241.53029084029396,85917,439,616,13031,
241.53282695928954,85917,439,615,13032,
241.53796701020298,85917,439,614,13033,
241.53884627986454,85916,440,614,13033,
241.53946602067472,85915,441,614,13033,
241.54463462069353,85914,442,614,13033,
241.54490674549632,85913,443,614,13033,
241.54722684292028,85912,444,614,13033,
241.548438076828,85911,445,614,13033,
241.55411982986843,85910,446,614,13033,
241.55730587217425,85910,445,615,13033,
241.5578266012752,85910,445,614,13034,
241.55980388751064,85910,444,615,13034,
241.55987276701126,85909,445,615,13034,
241.56148990628884,85909,445,614,13035,
241.56490348524198,85909,445,613,13036,
241.5714034989665,85908,446,613,13036,
241.5721532192276,85907,447,613,13036,
241.57891321060782,85907,446,614,13036,
241.58344620732947,85907,445,615,13036,
241.5840377379615,85906,446,615,13036,
241.58779475802558,85906,446,614,13037,
241.588568750774,85905,447,614,13037,
241.59006237361984,85904,448,614,13037,
241.59486390923038,85903,449,614,13037,
241.59488564162513,85903,448,615,13037,
241.59744757707261,85903,447,616,13037,
241.6013833417342,85903,446,617,13037,
241.60452677449032,85902,447,617,13037,
241.6118038230006,85901,448,617,13037,
241.6122884808123,85901,448,616,13038,
241.61659419022388,85901,447,617,13038,
241.6174671372059,85901,446,618,13038,
241.61857844788406,85901,446,617,13039,
241.62305925172768,85901,445,618,13039,
241.63150473238022,85901,444,619,13039,
241.63837621639513,85900,445,619,13039,
241.64134348294326,85899,446,619,13039,
241.6449742801615,85899,446,618,13040,
241.6525687153176,85899,445,619,13040,
241.65731322025147,85899,445,618,13041,
241.66298611146635,85899,444,619,13041,
241.6642644893415,85899,444,618,13042,
241.67039791491462,85899,444,617,13043,
241.67432537421794,85899,443,618,13043,
241.67461886473316,85898,444,618,13043,
241.6881256226775,85898,444,617,13044,
241.69618427414406,85897,445,617,13044,
241.70345730214314,85897,445,616,13045,
241.7069497906677,85896,446,616,13045,
241.70911361827092,85896,445,617,13045,
241.7157577182404,85895,446,617,13045,
241.72075394237353,85895,445,618,13045,
241.7265202618489,85894,446,618,13045,
241.72893149408475,85893,447,618,13045,
241.7300220931758,85893,447,617,13046,
241.73155006427194,85893,446,618,13046,
241.73215177229935,85893,445,619,13046,
241.73391629709488,85892,446,619,13046,
241.73760648128817,85892,446,618,13047,
241.74321139313471,85891,447,618,13047,
241.74721989167062,85890,448,618,13047,
241.7497920575077,85890,447,619,13047,
241.75282722780165,85890,446,620,13047,
241.75428800851893,85890,445,621,13047,
241.75849368876632,85890,445,620,13048,
241.7702465174705,85889,446,620,13048,
241.77226074716046,85889,446,619,13049,
241.77516524760793,85889,445,620,13049,
241.77787202431867,85889,445,619,13050,
241.78117609240692,85888,446,619,13050,
241.78362054841918,85888,446,618,13051,
241.7870165030266,85887,447,618,13051,
241.79112307961333,85887,446,619,13051,
241.80376953400645,85886,447,619,13051,
241.80472804824922,85886,447,618,13052,
241.80658710696753,85885,448,618,13052,
241.80718623380778,85884,449,618,13052,
241.8164195808711,85883,450,618,13052,
241.82436282390876,85883,449,619,13052,
241.82592051912118,85883,449,618,13053,
241.829229810294,85883,449,617,13054,
241.83073065685045,85883,448,618,13054,
241.8322992377289,85883,448,617,13055,
241.83289121522552,85883,448,616,13056,
241.83850531253304,85883,448,615,13057,
241.84657815252103,85882,449,615,13057,
241.85431050404733,85882,448,616,13057,
241.8571109832864,85882,447,617,13057,
241.8591833339536,85882,447,616,13058,
241.8617238796576,85882,447,615,13059,
241.8686401587711,85882,447,614,13060,
241.86951713792666,85882,447,613,13061,
241.87938736405138,85882,446,614,13061,
241.88136420470428,85881,447,614,13061,
241.88734820200202,85880,448,614,13061,
241.89145911965593,85880,447,615,13061,
241.89475437338783,85880,447,614,13062,
241.9033725404179,85880,446,615,13062,
241.91218491701184,85880,445,616,13062,
241.92220492091045,85880,445,615,13063,
241.9231105610433,85879,446,615,13063,
241.92417518874925,85879,445,616,13063,
241.9251404248871,85879,444,617,13063,
241.9325172425429,85879,444,616,13064,
241.93604163621268,85879,443,617,13064,
241.94610820027674,85879,443,616,13065,
241.95096863276802,85879,443,615,13066,
241.95395260469977,85879,443,614,13067,
241.95832632389485,85879,442,615,13067,
241.96089593433166,85878,443,615,13067,
241.96734469557765,85877,444,615,13067,
241.97623442357835,85877,444,614,13068,
241.97810928624816,85876,445,614,13068,
241.97842978918234,85876,445,613,13069,
241.98250752157514,85876,445,612,13070,
241.9833988255535,85876,445,611,13071,
241.9859277150713,85876,445,610,13072,
241.98668220126476,85875,446,610,13072,
241.99392531466458,85874,447,610,13072,
241.99507221535944,85874,446,611,13072,
242.00241556375641,85873,447,611,13072,
242.00658699058644,85872,448,611,13072,
242.02061892502084,85872,447,612,13072,
242.02139351381274,85872,446,613,13072,
242.0246177639396,85872,446,612,13073,
242.03102617786092,85872,446,611,13074,
242.03579912453702,85871,447,611,13074,
242.03723917708442,85871,446,612,13074,
242.03915190154078,85871,446,611,13075,
242.04287494543178,85870,447,611,13075,
242.04661665442111,85870,446,612,13075,
242.04828868360303,85870,446,611,13076,
242.04891605882298,85869,447,611,13076,
242.0621520884703,85869,447,610,13077,
242.0659017188948,85869,446,611,13077,
242.0698888369223,85869,446,610,13078,
242.08080682072256,85868,447,610,13078,
242.08465455213735,85867,448,610,13078,
242.09226595641886,85867,448,609,13079,
242.09457598102057,85866,449,609,13079,
242.0975877469317,85865,450,609,13079,
242.09793130300164,85865,449,610,13079,
242.10717945630793,85865,448,611,13079,
242.11493714244995,85865,448,610,13080,
242.11594701219659,85864,449,610,13080,
242.11628895948255,85864,448,611,13080,
242.11666668382637,85864,447,612,13080,
242.11760118604602,85863,448,612,13080,
242.1192889645069,85863,447,613,13080,
242.12064803013888,85863,446,614,13080,
242.12873010837674,85863,445,615,13080,
242.13745239777114,85863,444,616,13080,
242.14399832947967,85863,444,615,13081,
242.14507219524882,85863,443,616,13081,
242.1491719495731,85862,444,616,13081,
242.15273989024382,85862,443,617,13081,
242.15464665957248,85861,444,617,13081,
242.1560177243903,85860,445,617,13081,
242.15647575316754,85859,446,617,13081,
242.15733116857334,85858,447,617,13081,
242.15936109069972,85858,447,616,13082,
242.1735191722463,85857,448,616,13082,
242.17356370922073,85857,447,617,13082,
242.18151918585022,85857,446,618,13082,
242.19045785906442,85857,446,617,13083,
242.19533958272373,85857,446,616,13084,
242.19569846676845,85856,447,616,13084,
242.19662383172528,85856,446,617,13084,
242.20003252067193,85856,445,618,13084,
242.2118059660094,85856,445,617,13085,
242.21382102276152,85855,446,617,13085,
242.21501592857496,85855,445,618,13085,
242.21700364757302,85855,445,617,13086,
242.2192389330716,85855,445,616,13087,
242.22270686198908,85855,445,615,13088,
242.2239378175526,85855,444,616,13088,
242.2240381632345,85855,443,617,13088,
242.22496669769131,85854,444,617,13088,
242.22579692618712,85854,443,618,13088,
242.22730147174713,85853,444,618,13088,
242.24135290056046,85852,445,618,13088,
242.24144672742972,85852,445,617,13089,
242.24429225254474,85852,444,618,13089,
242.25005405938714,85852,443,619,13089,
242.26950457259207,85852,442,620,13089,
242.27798094287525,85852,441,621,13089,
242.28061647080833,85852,441,620,13090,
242.2856068408646,85852,441,619,13091,
242.2861517625287,85852,441,618,13092,
242.28990454120236,85851,442,618,13092,
242.2938637058929,85850,443,618,13092,
242.29464588337015,85849,444,618,13092,
242.29588969975143,85849,443,619,13092,
242.30087873504212,85848,444,619,13092,
242.30112265288534,85847,445,619,13092,
242.30278855467913,85846,446,619,13092,
242.30733166253282,85846,446,618,13093,
242.30973512921048,85846,445,619,13093,
242.31108056576716,85846,444,620,13093,
242.31177693553826,85846,443,621,13093,
242.31738912447628,85846,442,622,13093,
242.3224170537946,85846,442,621,13094,
242.3280729918638,85846,441,622,13094,
242.33281792237852,85846,441,621,13095,
242.3343614273887,85845,442,621,13095,
242.3353393063248,85844,443,621,13095,
242.33579346988043,85844,443,620,13096,
242.34060784477262,85844,442,621,13096,
242.34115656027203,85844,442,620,13097,
242.34145844602375,85844,442,619,13098,
242.3425489414765,85844,442,618,13099,
242.3460152780496,85844,441,619,13099,
242.34609690742246,85844,441,618,13100,
242.34705333902443,85843,442,618,13100,
242.35462319932748,85843,441,619,13100,
242.35883680813984,85843,441,618,13101,
242.36032858654204,85843,440,619,13101,
242.36137365058684,85843,439,620,13101,
242.37487562908552,85843,438,621,13101,
242.37620669936265,85842,439,621,13101,
242.37782580157133,85842,438,622,13101,
242.3806702116408,85841,439,622,13101,
242.38206340608,85840,440,622,13101,
242.3827650630245,85840,440,621,13102,
242.3829438586926,85839,441,621,13102,
242.3849437165947,85838,442,621,13102,
242.38600908584982,85838,441,622,13102,
242.390100998337,85838,441,621,13103,
242.39030731694365,85838,441,620,13104,
242.3952204475327,85837,442,620,13104,
242.3955201789935,85836,443,620,13104,
242.39888481568744,85835,444,620,13104,
242.40358033172933,85834,445,620,13104,
242.4045423276721,85834,444,621,13104,
242.4087030272643,85833,445,621,13104,
242.40918481096423,85833,444,622,13104,
242.417835468097,85833,444,621,13105,
242.42267312104127,85832,445,621,13105,
242.4262104302814,85831,446,621,13105,
242.42849728938737,85830,447,621,13105,
242.42917009089126,85830,447,620,13106,
242.43124118317257,85830,446,621,13106,
242.43283630575033,85829,447,621,13106,
242.43561848344322,85829,447,620,13107,
242.43570681467816,85828,448,620,13107,
242.44780203327028,85828,447,621,13107,
242.4491655401799,85827,448,621,13107,
242.44955097134337,85826,449,621,13107,
242.45135956243303,85825,450,621,13107,
242.45137752316177,85825,450,620,13108,
242.45382037435073,85824,451,620,13108,
242.45752058827654,85823,452,620,13108,
242.45797526231433,85823,451,621,13108,
242.4611057224673,85822,452,621,13108,
242.4622862064974,85822,452,620,13109,
242.46337912859462,85822,452,619,13110,
242.46705519409,85822,451,620,13110,
242.4673543041119,85821,452,620,13110,
242.4717804209766,85820,453,620,13110,
242.47346202440116,85819,454,620,13110,
242.47405684584604,85819,454,619,13111,
242.4812227415269,85819,453,620,13111,
242.48530052811554,85818,454,620,13111,
242.4860411115122,85817,455,620,13111,
242.4919281006092,85817,454,621,13111,
242.49663849804426,85816,455,621,13111,
242.5047498567388,85816,455,620,13112,
242.50616721783427,85816,455,619,13113,
242.50703075031103,85815,456,619,13113,
242.51395360406352,85815,456,618,13114,
242.5148510660981,85815,455,619,13114,
242.51620931348964,85815,454,620,13114,
242.52422902726028,85814,455,620,13114,
242.52521691661323,85814,455,619,13115,
242.52761477276823,85814,454,620,13115,
242.52983599615138,85813,455,620,13115,
242.53116124818163,85812,456,620,13115,
242.5394227634697,85812,455,621,13115,
242.54695066008995,85811,456,621,13115,
242.55956134623935,85811,456,620,13116,
242.56761645888568,85810,457,620,13116,
242.56805187562952,85810,456,621,13116,
242.5717191983073,85810,455,622,13116,
242.5730160324759,85810,455,621,13117,
242.57420264211518,85809,456,621,13117,
242.57440893148595,85809,455,622,13117,
242.57672174826794,85808,456,622,13117,
242.57751577130077,85808,455,623,13117,
242.5777226628168,85808,455,622,13118,
242.58185198679934,85807,456,622,13118,
242.59766960299183,85806,457,622,13118,
242.59873083745495,85805,458,622,13118,
242.60127535437599,85805,457,623,13118,
242.60513185767155,85805,457,622,13119,
242.61956068094764,85804,458,622,13119,
242.62336217077714,85804,458,621,13120,
242.62544368490467,85804,457,622,13120,
242.63334112286714,85803,458,622,13120,
242.6354432224914,85802,459,622,13120,
242.6490108046608,85801,460,622,13120,
242.64931251595064,85800,461,622,13120,
242.6544973393104,85800,460,623,13120,
242.65643996915566,85799,461,623,13120,
242.65914117584035,85799,461,622,13121,
242.66307696382148,85799,460,623,13121,
242.6672179067251,85799,459,624,13121,
242.67074853183394,85799,459,623,13122,
242.6796797751725,85799,459,622,13123,
242.68162314950013,85799,459,621,13124,
242.6825410771084,85798,460,621,13124,
242.6826549349125,85798,459,622,13124,
242.68493584835,85797,460,622,13124,
242.6860340219109,85797,459,623,13124,
242.69638933983487,85796,460,623,13124,
242.7113810172601,85796,460,622,13125,
242.71762885897184,85796,460,621,13126,
242.72482791512314,85796,459,622,13126,
242.72503761037237,85796,458,623,13126,
242.72776856304048,85795,459,623,13126,
242.73609885796532,85795,459,622,13127,
242.7361668655442,85795,458,623,13127,
242.7376083726657,85794,459,623,13127,
242.7423561562078,85794,458,624,13127,
242.75007249949647,85793,459,624,13127,
242.75199216152635,85792,460,624,13127,
242.7520402329861,85792,459,625,13127,
242.7543325650051,85792,459,624,13128,
242.75478986063322,85792,458,625,13128,
242.75509544918265,85792,457,626,13128,
242.7558807157014,85791,458,626,13128,
242.75601645112604,85790,459,626,13128,
242.76317326681405,85790,459,625,13129,
242.7701018982477,85790,458,626,13129,
242.77256385469934,85790,457,627,13129,
242.7760554291891,85790,457,626,13130,
242.78125311653696,85789,458,626,13130,
242.78453341032733,85789,457,627,13130,
242.78455161358622,85789,457,626,13131,
242.78725635527238,85788,458,626,13131,
242.78986974943405,85787,459,626,13131,
242.7962057656002,85786,460,626,13131,
242.80733197658154,85786,459,627,13131,
242.81405065492487,85786,458,628,13131,
242.8203161503729,85785,459,628,13131,
242.82111038457006,85785,459,627,13132,
242.8219089202836,85785,459,626,13133,
242.82426201009548,85785,458,627,13133,
242.8261300690431,85785,458,626,13134,
242.83141173099932,85784,459,626,13134,
242.83468433255368,85784,458,627,13134,
242.8356851292904,85784,458,626,13135,
242.83947352170554,85784,457,627,13135,
242.8488010026218,85784,456,628,13135,
242.87074940819502,85783,457,628,13135,
242.8773987487427,85783,456,629,13135,
242.8846386048748,85783,455,630,13135,
242.88967546065012,85782,456,630,13135,
242.89158499988497,85782,455,631,13135,
242.89396550337233,85782,455,630,13136,
242.89494225508332,85782,455,629,13137,
242.8962484361681,85782,454,630,13137,
242.89815083092222,85781,455,630,13137,
242.9003623685681,85781,455,629,13138,
242.901091672161,85780,456,629,13138,
242.91197515697937,85779,457,629,13138,
242.91568204206422,85778,458,629,13138,
242.9160042613664,85777,459,629,13138,
242.92028694541844,85777,459,628,13139,
242.92378925575946,85777,459,627,13140,
242.92785257443418,85776,460,627,13140,
242.9298853806226,85775,461,627,13140,
242.93358433916154,85774,462,627,13140,
242.9342538752918,85773,463,627,13140,
242.93711071400992,85772,464,627,13140,
242.94081558162935,85771,465,627,13140,
242.9451773892641,85771,464,628,13140,
242.95058810480032,85771,463,629,13140,
242.95842282191342,85770,464,629,13140,
242.95908627431103,85769,465,629,13140,
242.9597582167035,85769,464,630,13140,
242.963739568125,85768,465,630,13140,
242.97430063710584,85767,466,630,13140,
242.9833948883272,85766,467,630,13140,
242.98702881104694,85766,467,629,13141,
242.9922338343771,85766,466,630,13141,
242.99574809203605,85765,467,630,13141,
243.00066515569438,85764,468,630,13141,
243.00314722923096,85764,468,629,13142,
243.00328742810737,85764,468,628,13143,
243.0036048843205,85764,468,627,13144,
243.00888545005037,85764,468,626,13145,
243.01142689540458,85764,467,627,13145,
243.0126804651776,85763,468,627,13145,
243.01287690367778,85763,467,628,13145,
243.01556692599394,85763,467,627,13146,
243.01856750553412,85763,466,628,13146,
243.02140215169786,85763,465,629,13146,
243.02788189923032,85762,466,629,13146,
243.0283290028424,85762,465,630,13146,
243.0307722650766,85761,466,630,13146,
243.031115984124,85761,466,629,13147,
243.03215369714238,85760,467,629,13147,
243.03252913400695,85760,467,628,13148,
243.03306472406652,85759,468,628,13148,
243.04114016023613,85758,469,628,13148,
243.0412879705973,85757,470,628,13148,
243.04394787780842,85757,470,627,13149,
243.04476221484313,85756,471,627,13149,
243.0484891170575,85755,472,627,13149,
243.055497985774,85754,473,627,13149,
243.06383605134909,85753,474,627,13149,
243.0672447423095,85753,473,628,13149,
243.07690096832332,85752,474,628,13149,
243.07769166303356,85752,473,629,13149,
243.0791260546,85751,474,629,13149,
243.0799497124777,85750,475,629,13149,
243.0820657090747,85749,476,629,13149,
243.0876863048021,85748,477,629,13149,
243.08783177363128,85748,477,628,13150,
243.08989397478365,85748,476,629,13150,
243.09024068226958,85748,475,630,13150,
243.09024068226958,85748,475,630,13150,
243.09390222896644,85747,476,630,13150,
243.10419413761446,85746,477,630,13150,
243.11267146087013,85746,476,631,13150,
243.11530530174457,85745,477,631,13150,
243.11672223526924,85744,478,631,13150,
243.1179816890283,85743,479,631,13150,
243.12225528765973,85742,480,631,13150,
243.12450909327816,85741,481,631,13150,
243.12957185769585,85741,480,632,13150,
243.13037439610753,85740,481,632,13150,
243.13072826492572,85740,480,633,13150,
243.13115490141251,85739,481,633,13150,
243.1330506908017,85738,482,633,13150,
243.135677517739,85738,482,632,13151,
243.13850254957066,85738,481,633,13151,
243.1413152814592,85737,482,633,13151,
243.1506470603258,85736,483,633,13151,
243.1587992756619,85736,483,632,13152,
243.1588060058246,85735,484,632,13152,
243.1595494043185,85734,485,632,13152,
243.16241006306677,85734,484,633,13152,
243.16296527481197,85733,485,633,13152,
243.1648836597717,85733,484,634,13152,
243.16587121488996,85733,483,635,13152,
243.16818867669954,85733,483,634,13153,
243.16935803210865,85733,482,635,13153,
243.17736380636254,85733,482,634,13154,
243.17782550006294,85732,483,634,13154,
243.1805723096551,85732,483,633,13155,
243.18270128084063,85731,484,633,13155,
243.18330808057763,85731,484,632,13156,
243.19214292966356,85731,483,633,13156,
243.19241798833124,85730,484,633,13156,
243.19501679367403,85730,483,634,13156,
243.19626419286524,85730,483,633,13157,
243.19702141392557,85730,482,634,13157,
243.19965844850154,85729,483,634,13157,
243.21539366187426,85728,484,634,13157,
243.21549905998836,85727,485,634,13157,
243.2161969458265,85727,484,635,13157,
243.2249516876459,85727,483,636,13157,
243.23021001192305,85726,484,636,13157,
243.23093628272238,85725,485,636,13157,
243.2317116065917,85724,486,636,13157,
243.23560111001447,85724,485,637,13157,
243.24127251386489,85724,485,636,13158,
243.24229958318904,85723,486,636,13158,
243.25399221727508,85723,485,637,13158,
243.25576210405828,85723,484,638,13158,
243.26014228857218,85723,483,639,13158,
243.26314005035047,85723,483,638,13159,
243.26753744864612,85722,484,638,13159,
243.27325817558452,85722,484,637,13160,
243.27640336815801,85722,484,636,13161,
243.28048943083132,85722,484,635,13162,
243.28310012205904,85721,485,635,13162,
243.28489209335015,85721,484,636,13162,
243.28747879377914,85721,484,635,13163,
243.2914288172667,85721,483,636,13163,
243.29502022096455,85721,482,637,13163,
243.3012659651922,85720,483,637,13163,
243.31505492634253,85720,482,638,13163,
243.31534951834504,85719,483,638,13163,
243.3157807429016,85718,484,638,13163,
243.31944512190995,85718,483,639,13163,
243.3229689469643,85718,483,638,13164,
243.33406808742004,85718,482,639,13164,
243.33634940967107,85718,482,638,13165,
243.3369117131204,85717,483,638,13165,
243.34889350556372,85717,483,637,13166,
243.35493942771166,85716,484,637,13166,
243.35738778530933,85716,484,636,13167,
243.35883874715287,85716,483,637,13167,
243.3607861892918,85716,482,638,13167,
243.36599854044672,85715,483,638,13167,
243.36741298842963,85714,484,638,13167,
243.37800446158505,85713,485,638,13167,
243.3845824425602,85713,484,639,13167,
243.38465152596143,85713,483,640,13167,
243.38654540419498,85712,484,640,13167,
243.3899787361273,85712,484,639,13168,
243.3974046114835,85711,485,639,13168,
243.39741546491354,85711,485,638,13169,
243.41041870428492,85710,486,638,13169,
243.41468814462792,85710,486,637,13170,
243.4169168485625,85710,486,636,13171,
243.41929509630938,85710,485,637,13171,
243.42005957697899,85710,485,636,13172,
243.42632277406955,85710,484,637,13172,
243.42640307057903,85710,484,636,13173,
243.4276685412627,85709,485,636,13173,
243.43117931158812,85709,484,637,13173,
243.43373157411602,85708,485,637,13173,
243.43484954742502,85708,484,638,13173,
243.45391733748116,85707,485,638,13173,
243.45661053680138,85707,485,637,13174,
243.45797658208335,85706,486,637,13174,
243.4596774103856,85705,487,637,13174,
243.46013469574982,85705,486,638,13174,
243.46603342549585,85705,486,637,13175,
243.46633680736156,85705,486,636,13176,
243.4797915225316,85705,486,635,13177,
243.4895475226991,85704,487,635,13177,
243.4896014948349,85704,486,636,13177,
243.49568434734016,85704,486,635,13178,
243.5026417715952,85704,486,634,13179,
243.50581547243374,85704,485,635,13179,
243.5188523169616,85703,486,635,13179,
243.51950175267703,85703,485,636,13179,
243.5196990168339,85702,486,636,13179,
243.5206926755172,85702,485,637,13179,
243.5210024538012,85702,484,638,13179,
243.5254070819073,85702,483,639,13179,
243.5305003184464,85702,483,638,13180,
243.5310807012594,85702,483,637,13181,
243.53828445851323,85702,483,636,13182,
243.54388795697278,85701,484,636,13182,
243.54733476805805,85701,483,637,13182,
243.5473516509248,85701,483,636,13183,
243.54773333207677,85701,482,637,13183,
243.55096959278018,85701,481,638,13183,
243.5519720038582,85701,480,639,13183,
243.56016745454158,85700,481,639,13183,
243.56611120655657,85699,482,639,13183,
243.58097567648485,85698,483,639,13183,
243.58239606208562,85698,483,638,13184,
243.5852565203713,85697,484,638,13184,
243.58539384699677,85696,485,638,13184,
243.58592508150718,85695,486,638,13184,
243.5875246088907,85695,485,639,13184,
243.58823391474172,85694,486,639,13184,
243.5898543363614,85694,485,640,13184,
243.590522624736,85694,485,639,13185,
243.59342194352755,85693,486,639,13185,
243.5992221463587,85692,487,639,13185,
243.5993864146582,85691,488,639,13185,
243.60250701346803,85690,489,639,13185,
243.6025545436296,85690,488,640,13185,
243.6032434184365,85690,487,641,13185,
243.60422298981226,85690,486,642,13185,
243.6088425272512,85690,486,641,13186,
243.60901686674202,85690,485,642,13186,
243.61001179603662,85690,485,641,13187,
243.61115613916232,85689,486,641,13187,
243.61903401691222,85689,485,642,13187,
243.62945503388866,85688,486,642,13187,
243.63300074696056,85688,485,643,13187,
243.6338973865316,85687,486,643,13187,
243.63631309000073,85686,487,643,13187,
243.63761109221602,85686,487,642,13188,
243.6570916861392,85686,486,643,13188,
243.6668857814068,85686,485,644,13188,
243.66754780192787,85685,486,644,13188,
243.6682269230736,85685,485,645,13188,
243.6715548784587,85685,485,644,13189,
243.6723978409176,85684,486,644,13189,
243.6775883442572,85683,487,644,13189,
243.67799756779846,85683,486,645,13189,
243.6899742156587,85683,486,644,13190,
243.6916396180386,85683,485,645,13190,
243.6920234332966,85683,484,646,13190,
243.70078487711,85682,485,646,13190,
243.70468993897094,85681,486,646,13190,
243.70765562104032,85680,487,646,13190,
243.71607451082775,85679,488,646,13190,
243.7194989123585,85679,487,647,13190,
243.72064366747267,85678,488,647,13190,
243.7301227750047,85678,488,646,13191,
243.73164519166127,85677,489,646,13191,
243.73656063106003,85676,490,646,13191,
243.7410398575878,85675,491,646,13191,
243.74374132886092,85675,490,647,13191,
243.74378248040225,85674,491,647,13191,
243.74739894103453,85674,491,646,13192,
243.75280812256844,85673,492,646,13192,
243.75411157194026,85673,492,645,13193,
243.756016055472,85673,492,644,13194,
243.7565873809412,85672,493,644,13194,
243.76067577232794,85671,494,644,13194,
243.76102188459365,85671,493,645,13194,
243.76120091632342,85671,492,646,13194,
243.76169949903218,85671,491,647,13194,
243.77126463769355,85671,490,648,13194,
243.7722307722977,85671,490,647,13195,
243.77371063647226,85671,490,646,13196,
243.7788008938428,85671,490,645,13197,
243.79369086757902,85670,491,645,13197,
243.7945527363214,85670,490,646,13197,
243.7947000027176,85670,489,647,13197,
243.7961639297375,85670,489,646,13198,
243.7998990299518,85669,490,646,13198,
243.80017954270684,85669,489,647,13198,
243.80109824900757,85669,488,648,13198,
243.80161798389773,85669,487,649,13198,
243.8025477077098,85668,488,649,13198,
243.81152407789412,85667,489,649,13198,
243.82590052611965,85667,488,650,13198,
243.82933273412152,85667,488,649,13199,
243.83178892256802,85667,487,650,13199,
243.8321620793877,85666,488,650,13199,
243.8341139586439,85665,489,650,13199,
243.83439138900027,85665,488,651,13199,
243.83702551824445,85665,487,652,13199,
243.83834452380017,85665,486,653,13199,
243.83911408813387,85664,487,653,13199,
243.8417961582557,85664,487,652,13200,
243.84219420801276,85664,487,651,13201,
243.8439488950286,85664,486,652,13201,
243.84610860298852,85663,487,652,13201,
243.84901392688158,85663,486,653,13201,
243.85357385299312,85663,486,652,13202,
243.8541219793048,85663,485,653,13202,
243.85567691624445,85662,486,653,13202,
243.85722617381919,85662,486,652,13203,
243.8620590673143,85662,486,651,13204,
243.86547014426728,85662,485,652,13204,
243.88266779630308,85662,485,651,13205,
243.88288714649087,85662,485,650,13206,
243.88478580015536,85661,486,650,13206,
243.8852895688042,85661,486,649,13207,
243.8860394017572,85660,487,649,13207,
243.88833340515086,85660,487,648,13208,
243.88882507721158,85660,487,647,13209,
243.89113492260503,85659,488,647,13209,
243.89839600990234,85658,489,647,13209,
243.90300047617325,85658,488,648,13209,
243.90461553693785,85657,489,648,13209,
243.9161246310268,85657,488,649,13209,
243.917023826954,85657,487,650,13209,
243.91712230202674,85657,486,651,13209,
243.91733915560877,85657,486,650,13210,
243.91746956820003,85657,486,649,13211,
243.92988199578556,85657,485,650,13211,
243.93039911857343,85656,486,650,13211,
243.93458869800548,85656,485,651,13211,
243.93960492353838,85656,484,652,13211,
243.9426634104493,85655,485,652,13211,
243.95079780283666,85654,486,652,13211,
243.9519412113848,85653,487,652,13211,
243.96317722656494,85652,488,652,13211,
243.96825992238973,85651,489,652,13211,
243.96923119197754,85651,488,653,13211,
243.97500214150256,85651,487,654,13211,
243.98124501195102,85650,488,654,13211,
243.98770857612894,85650,488,653,13212,
243.98871533938433,85650,487,654,13212,
243.9895806325078,85649,488,654,13212,
243.99062029681562,85648,489,654,13212,
243.99590913051415,85648,488,655,13212,
243.9961953413245,85648,487,656,13212,
243.99827237446792,85648,486,657,13212,
244.0040463007259,85647,487,657,13212,
244.0060071383396,85647,486,658,13212,
244.00824862682848,85647,485,659,13212,
244.0082578992774,85647,484,660,13212,
244.01933525705357,85646,485,660,13212,
244.02721175971982,85646,484,661,13212,
244.02820464086193,85646,483,662,13212,
244.04916411014045,85645,484,662,13212,
244.05552054858197,85645,483,663,13212,
244.0653786180884,85645,482,664,13212,
244.07475156648488,85645,482,663,13213,
244.07753391137067,85645,481,664,13213,
244.0871257414618,85645,481,663,13214,
244.09044719552924,85645,481,662,13215,
244.0943812278797,85645,481,661,13216,
244.0966957620752,85644,482,661,13216,
244.09692424727749,85644,481,662,13216,
244.0980448307948,85644,481,661,13217,
244.102908596829,85643,482,661,13217,
244.10354827633014,85642,483,661,13217,
244.10397141198942,85642,482,662,13217,
244.10795554933273,85642,482,661,13218,
244.10914138419827,85641,483,661,13218,
244.11857146102378,85641,483,660,13219,
244.11988746034598,85641,482,661,13219,
244.12487174906664,85640,483,661,13219,
244.1251382453051,85640,483,660,13220,
244.13029335954147,85640,482,661,13220,
244.13187586905863,85640,481,662,13220,
244.13319964976324,85639,482,662,13220,
244.133611611447,85638,483,662,13220,
244.13409158752634,85638,482,663,13220,
244.13715732951292,85638,482,662,13221,
244.14004818302337,85637,483,662,13221,
244.14408467858487,85637,482,663,13221,
244.15005525760498,85637,482,662,13222,
244.1516157031645,85637,482,661,13223,
244.15299914640312,85637,481,662,13223,
244.15551978522666,85637,480,663,13223,
244.15623295951838,85637,480,662,13224,
244.1576167370833,85637,479,663,13224,
244.16927294456434,85636,480,663,13224,
244.17102842742005,85636,480,662,13225,
244.17290382874663,85635,481,662,13225,
244.17585688808515,85634,482,662,13225,
244.1766123557145,85633,483,662,13225,
244.17837158730282,85633,483,661,13226,
244.19231094827353,85632,484,661,13226,
244.1947531504402,85631,485,661,13226,
244.1959112225151,85630,486,661,13226,
244.19889938157468,85630,486,660,13227,
244.19921048551635,85629,487,660,13227,
244.20228447761704,85628,488,660,13227,
244.20823841536577,85628,487,661,13227,
244.2099005240339,85627,488,661,13227,
244.21026019923548,85627,488,660,13228,
244.21341566049077,85627,487,661,13228,
244.21383279121835,85627,486,662,13228,
244.21471433483012,85626,487,662,13228,
244.21641312255957,85626,487,661,13229,
244.21662048564687,85626,487,660,13230,
244.21947784716082,85626,487,659,13231,
244.21949524069893,85626,487,658,13232,
244.2202473642582,85626,486,659,13232,
244.22220665461396,85626,485,660,13232,
244.2247167866873,85626,485,659,13233,
244.22655674096157,85626,485,658,13234,
244.22692575303566,85626,485,657,13235,
244.2277933344761,85626,484,658,13235,
244.22931393552312,85626,483,659,13235,
244.2294996223993,85626,483,658,13236,
244.23006998324172,85626,483,657,13237,
244.23202681008925,85626,483,656,13238,
244.2371649047993,85626,483,655,13239,
244.2402349088088,85626,482,656,13239,
244.2411880012173,85626,481,657,13239,
244.25219324623248,85626,480,658,13239,
244.2527773329138,85625,481,658,13239,
244.25962408071425,85625,480,659,13239,
244.2626922394023,85624,481,659,13239,
244.2672300861428,85624,480,660,13239,
244.27268873571543,85624,479,661,13239,
244.2743399729949,85623,480,661,13239,
244.27691849055554,85623,479,662,13239,
244.27732707497094,85623,478,663,13239,
244.27846426184337,85622,479,663,13239,
244.27850384414762,85621,480,663,13239,
244.2832380508092,85621,479,664,13239,
244.28348459668993,85621,478,665,13239,
244.28457769410716,85621,477,666,13239,
244.28722056682687,85621,477,665,13240,
244.28928165325783,85620,478,665,13240,
244.29386922630704,85620,478,664,13241,
244.296145897471,85619,479,664,13241,
244.30297631879463,85619,478,665,13241,
244.30404966378484,85619,477,666,13241,
244.30543550858297,85618,478,666,13241,
244.30544091714515,85617,479,666,13241,
244.30810388346072,85617,478,667,13241,
244.3217055819529,85616,479,667,13241,
244.32614114582987,85615,480,667,13241,
244.32720828720554,85615,480,666,13242,
244.3283331515414,85614,481,666,13242,
244.32944476667956,85613,482,666,13242,
244.33297756374728,85613,481,667,13242,
244.33315258942307,85613,480,668,13242,
244.33532815880486,85613,479,669,13242,
244.3353823335022,85612,480,669,13242,
244.3412614551544,85612,480,668,13243,
244.3432914891036,85612,479,669,13243,
244.34486304253113,85611,480,669,13243,
244.34572674261997,85611,479,670,13243,
244.34905599778645,85611,479,669,13244,
244.35300471217383,85610,480,669,13244,
244.35602702945837,85609,481,669,13244,
244.35623692160462,85609,480,670,13244,
244.35736916088032,85609,479,671,13244,
244.36113626163842,85609,478,672,13244,
244.3623428778329,85609,477,673,13244,
244.36503832058355,85608,478,673,13244,
244.36851075086895,85608,478,672,13245,
244.36989397143898,85608,477,673,13245,
244.37655788769342,85607,478,673,13245,
244.37948717361436,85607,478,672,13246,
244.3858080713507,85607,478,671,13247,
244.39244784805518,85607,478,670,13248,
244.39284614501648,85606,479,670,13248,
244.39439281594778,85606,478,671,13248,
244.39947050674658,85605,479,671,13248,
244.40116492810006,85605,479,670,13249,
244.4054326657073,85605,478,671,13249,
244.40853833623325,85605,477,672,13249,
244.41455236696052,85604,478,672,13249,
244.41576497138146,85604,477,673,13249,
244.41905966725645,85604,477,672,13250,
244.41914115815013,85604,477,671,13251,
244.4191876836146,85603,478,671,13251,
244.42138742618602,85602,479,671,13251,
244.43372747619551,85601,480,671,13251,
244.436027073124,85601,479,672,13251,
244.43786659986827,85600,480,672,13251,
244.44567633062934,85600,479,673,13251,
244.4467724559359,85600,478,674,13251,
244.45091225622963,85600,478,673,13252,
244.45127255531062,85600,477,674,13252,
244.45552466231757,85599,478,674,13252,
244.46029610799334,85599,477,675,13252,
244.46549219674517,85599,476,676,13252,
244.47149107363484,85599,475,677,13252,
244.47449048695637,85598,476,677,13252,
244.47532826153093,85598,475,678,13252,
244.48242499576185,85597,476,678,13252,
244.4833483479734,85597,476,677,13253,
244.48661470747186,85597,476,676,13254,
244.4880273041304,85596,477,676,13254,
244.49201809368338,85596,476,677,13254,
244.4921417448381,85596,476,676,13255,
244.4927040183262,85596,476,675,13256,
244.49559694544178,85596,476,674,13257,
244.49794870760672,85596,476,673,13258,
244.50357315545614,85595,477,673,13258,
244.50372710513568,85595,477,672,13259,
244.50444602084556,85595,476,673,13259,
244.50580018521677,85594,477,673,13259,
244.50783743571603,85593,478,673,13259,
244.5208068626211,85593,477,674,13259,
244.52152028950348,85593,477,673,13260,
244.5218799963711,85593,477,672,13261,
244.52507009674173,85593,477,671,13262,
244.52594336819536,85593,476,672,13262,
244.52793766503368,85593,475,673,13262,
244.53118664591355,85592,476,673,13262,
244.53327333706048,85591,477,673,13262,
244.5334557894283,85590,478,673,13262,
244.54122848203943,85590,477,674,13262,
244.54267525806551,85590,476,675,13262,
244.5446593738352,85590,475,676,13262,
244.54997090808772,85589,476,676,13262,
244.55279490599733,85588,477,676,13262,
244.5555943420073,85587,478,676,13262,
244.557731899616,85586,479,676,13262,
244.5587401024535,85585,480,676,13262,
244.5598453912718,85585,479,677,13262,
244.56009721398692,85585,478,678,13262,
244.5636082373924,85585,478,677,13263,
244.56512200429037,85584,479,677,13263,
244.56874740679172,85583,480,677,13263,
244.57556252848403,85582,481,677,13263,
244.576786476617,85581,482,677,13263,
244.57684711455676,85581,482,676,13264,
244.57877586699314,85581,481,677,13264,
244.5797407025898,85581,481,676,13265,
244.5799787151522,85581,480,677,13265,
244.58127914997323,85580,481,677,13265,
244.58335545517397,85580,481,676,13266,
244.58633024957,85580,481,675,13267,
244.5882352379251,85580,480,676,13267,
244.58871367768566,85579,481,676,13267,
244.58888624802026,85578,482,676,13267,
244.59202485797292,85577,483,676,13267,
244.60054678826555,85577,483,675,13268,
244.61839715115525,85577,482,676,13268,
244.62383454691596,85577,482,675,13269,
244.62403273781788,85577,481,676,13269,
244.62953021478444,85577,480,677,13269,
244.63030617193067,85577,479,678,13269,
244.63095505769317,85577,478,679,13269,
244.631365937469,85576,479,679,13269,
244.63473843577472,85576,479,678,13270,
244.6356970828192,85576,479,677,13271,
244.6362002644431,85576,478,678,13271,
244.63664818394406,85575,479,678,13271,
244.63696825340585,85574,480,678,13271,
244.64446817884732,85574,480,677,13272,
244.64782122658485,85573,481,677,13272,
244.65400954081105,85573,481,676,13273,
244.6547922837207,85572,482,676,13273,
244.65792165727143,85572,481,677,13273,
244.65869449723047,85572,481,676,13274,
244.66216764711237,85572,481,675,13275,
244.66375078400847,85572,480,676,13275,
244.66701853184378,85572,480,675,13276,
244.66710906745354,85571,481,675,13276,
244.66967796675996,85571,481,674,13277,
244.67166741095937,85571,481,673,13278,
244.67697315664475,85571,480,674,13278,
244.68556050818552,85571,479,675,13278,
244.68868221831028,85571,479,674,13279,
244.68876564202498,85570,480,674,13279,
244.68997853320548,85570,479,675,13279,
244.70055717020247,85570,478,676,13279,
244.7018936425257,85570,477,677,13279,
244.70196092178043,85570,476,678,13279,
244.70223357945932,85570,475,679,13279,
244.70487697254424,85570,474,680,13279,
244.70704838870444,85570,474,679,13280,
244.70835441219953,85570,473,680,13280,
244.71546500072992,85569,474,680,13280,
244.71744024649723,85569,473,681,13280,
244.71781551598895,85569,473,680,13281,
244.71961174453224,85568,474,680,13281,
244.72046715257858,85567,475,680,13281,
244.7223244490663,85567,475,679,13282,
244.7262094812013,85566,476,679,13282,
244.72724935825335,85566,476,678,13283,
244.73046170802425,85566,476,677,13284,
244.73346067593005,85566,475,678,13284,
244.73649035241573,85565,476,678,13284,
244.74070999253928,85565,475,679,13284,
244.7462927530605,85564,476,679,13284,
244.7565583588185,85563,477,679,13284,
244.75991561546962,85562,478,679,13284,
244.7602899651808,85561,479,679,13284,
244.76587522764743,85561,479,678,13285,
244.77270672660958,85561,479,677,13286,
244.7781125679947,85560,480,677,13286,
244.77948916606158,85560,479,678,13286,
244.79126418041562,85559,480,678,13286,
244.79433771366743,85559,479,679,13286,
244.79906886648627,85558,480,679,13286,
244.79990012354756,85557,481,679,13286,
244.80597869641264,85556,482,679,13286,
244.80624364976313,85556,481,680,13286,
244.8067948514767,85555,482,680,13286,
244.80772887579903,85554,483,680,13286,
244.81297721871525,85553,484,680,13286,
244.81311498527813,85552,485,680,13286,
244.81462655594243,85552,485,679,13287,
244.817040169039,85552,484,680,13287,
244.81906637695505,85552,483,681,13287,
244.8236214717748,85551,484,681,13287,
244.82673304396442,85550,485,681,13287,
244.82777788779927,85550,484,682,13287,
244.82805290702103,85550,483,683,13287,
244.83026801157393,85550,482,684,13287,
244.83288373222544,85550,482,683,13288,
244.83812230578403,85550,481,684,13288,
244.83879267456507,85549,482,684,13288,
244.84598163404257,85549,482,683,13289,
244.84718312924224,85548,483,683,13289,
244.85482371711885,85548,482,684,13289,
244.85545076788134,85548,481,685,13289,
244.85978468907035,85548,481,684,13290,
244.85997543910207,85548,481,683,13291,
244.8622633269451,85548,480,684,13291,
244.86822153722724,85548,479,685,13291,
244.87635268360978,85548,478,686,13291,
244.88660828490612,85547,479,686,13291,
244.89310359672407,85546,480,686,13291,
244.8998674685223,85546,480,685,13292,
244.90029528744358,85546,480,684,13293,
244.9022149656071,85545,481,684,13293,
244.91376741109258,85544,482,684,13293,
244.91993051714036,85543,483,684,13293,
244.92170887999163,85543,483,683,13294,
244.92646482588395,85542,484,683,13294,
244.92747482029105,85541,485,683,13294,
244.92774727111893,85541,485,682,13295,
244.93684448485254,85541,485,681,13296,
244.9386083081775,85541,485,680,13297,
244.94132263439158,85541,485,679,13298,
244.942549908524,85540,486,679,13298,
244.9438264023565,85539,487,679,13298,
244.94953862541874,85538,488,679,13298,
244.96059476629333,85538,487,680,13298,
244.96121000502063,85537,488,680,13298,
244.96809827615286,85537,487,681,13298,
244.97659068685027,85537,486,682,13298,
244.97710696209765,85537,486,681,13299,
244.98173275412748,85536,487,681,13299,
244.98274676833898,85535,488,681,13299,
244.98650115929038,85535,488,680,13300,
244.98762143072037,85535,487,681,13300,
244.99025871012677,85535,487,680,13301,
244.99063330881606,85535,486,681,13301,
244.99088911984845,85535,485,682,13301,
244.99271266133928,85535,484,683,13301,
244.99307916980342,85535,484,682,13302,
244.99375899097282,85535,483,683,13302,
244.99774010110337,85535,482,684,13302,
245.00612421153693,85534,483,684,13302,
245.01245748771578,85534,483,683,13303,
245.0152173719916,85533,484,683,13303,
245.0159301010167,85533,484,682,13304,
245.01829643719563,85532,485,682,13304,
245.02112005771207,85532,484,683,13304,
245.02376374070855,85531,485,683,13304,
245.03051602157697,85530,486,683,13304,
245.0319149674447,85529,487,683,13304,
245.0349696268733,85529,487,682,13305,
245.03733137642766,85528,488,682,13305,
245.0397008435283,85527,489,682,13305,
245.04120926632865,85526,490,682,13305,
245.04180050088848,85526,489,683,13305,
245.04457278952927,85526,488,684,13305,
245.0579623768655,85526,488,683,13306,
245.06067116556756,85526,487,684,13306,
245.06123719968022,85526,486,685,13306,
245.06624451133504,85526,486,684,13307,
245.06864861495725,85526,485,685,13307,
245.07315492013734,85525,486,685,13307,
245.0824310370445,85524,487,685,13307,
245.08501997383792,85524,487,684,13308,
245.08585464495832,85523,488,684,13308,
245.08761771090218,85522,489,684,13308,
245.08796714977873,85521,490,684,13308,
245.09055502305242,85521,489,685,13308,
245.09808728077306,85521,488,686,13308,
245.09863812034814,85521,488,685,13309,
245.09916683140432,85520,489,685,13309,
245.1011439478504,85520,488,686,13309,
245.10352797408476,85520,487,687,13309,
245.10354305078778,85519,488,687,13309,
245.1038046895985,85518,489,687,13309,
245.10862999795725,85517,490,687,13309,
245.12211656171112,85516,491,687,13309,
245.1249254270981,85516,491,686,13310,
245.13061641594498,85515,492,686,13310,
245.13834586100978,85514,493,686,13310,
245.14814583299722,85514,493,685,13311,
245.1490298518862,85514,493,684,13312,
245.15750417328007,85514,492,685,13312,
245.15863595981625,85513,493,685,13312,
245.16139918357786,85513,493,684,13313,
245.1748171570605,85512,494,684,13313,
245.1788691389024,85511,495,684,13313,
245.17928300598805,85510,496,684,13313,
245.181255677283,85510,495,685,13313,
245.1858647598659,85509,496,685,13313,
245.18936539525706,85508,497,685,13313,
245.20019868268014,85508,496,686,13313,
245.20307478165194,85508,496,685,13314,
245.2046121540631,85507,497,685,13314,
245.20469658699358,85507,497,684,13315,
245.2051593209095,85506,498,684,13315,
245.21253903854932,85505,499,684,13315,
245.21275771969758,85504,500,684,13315,
245.2153934996437,85504,500,683,13316,
245.2176055218075,85504,500,682,13317,
245.2214824092565,85503,501,682,13317,
245.22361978056293,85503,500,683,13317,
245.23097852452258,85502,501,683,13317,
245.23367518875224,85501,502,683,13317,
245.24275193009794,85501,501,684,13317,
245.24503472754705,85501,501,683,13318,
245.25161943526706,85501,501,682,13319,
245.25315419819464,85500,502,682,13319,
245.25663746333117,85499,503,682,13319,
245.2572880457104,85499,503,681,13320,
245.25820471653668,85499,502,682,13320,
245.25883113347427,85498,503,682,13320,
245.27231406825186,85497,504,682,13320,
245.27468629670062,85497,503,683,13320,
245.27552598898995,85496,504,683,13320,
245.27651188609224,85495,505,683,13320,
245.29234201754218,85495,505,682,13321,
245.30058156429794,85495,504,683,13321,
245.30738733770676,85494,505,683,13321,
245.30811431759756,85493,506,683,13321,
245.31575263742766,85492,507,683,13321,
245.31796455369744,85492,507,682,13322,
245.32471611271222,85492,506,683,13322,
245.33911256011925,85491,507,683,13322,
245.3411194267119,85490,508,683,13322,
245.3427057934507,85489,509,683,13322,
245.34374372836712,85489,509,682,13323,
245.35117432099534,85489,508,683,13323,
245.35142938549433,85489,507,684,13323,
245.36181418053565,85489,507,683,13324,
245.36185736039124,85489,507,682,13325,
245.3666692964043,85489,506,683,13325,
245.36750784240587,85489,505,684,13325,
245.3678957074473,85489,504,685,13325,
245.37493578155045,85489,503,686,13325,
245.37866739400695,85489,503,685,13326,
245.3793272834073,85489,502,686,13326,
245.39083881383826,85489,501,687,13326,
245.39661565982564,85489,500,688,13326,
245.40685002627416,85489,499,689,13326,
245.41139771691073,85488,500,689,13326,
245.4151077543316,85488,499,690,13326,
245.42769959906775,85487,500,690,13326,
245.42887513001685,85487,499,691,13326,
245.43757890945457,85487,498,692,13326,
245.439917576807,85487,498,691,13327,
245.4530445815789,85487,498,690,13328,
245.45453187306472,85486,499,690,13328,
245.46078856419496,85486,499,689,13329,
245.46326566721382,85486,498,690,13329,
245.46447877427693,85486,498,689,13330,
245.4649144921258,85486,497,690,13330,
245.46606503588572,85486,496,691,13330,
245.46665539508706,85486,496,690,13331,
245.46979656973213,85485,497,690,13331,
245.47176755720625,85484,498,690,13331,
245.47344904470657,85483,499,690,13331,
245.47742767510857,85483,498,691,13331,
245.48074970934968,85483,498,690,13332,
245.483106036445,85483,498,689,13333,
245.48492604146116,85482,499,689,13333,
245.48726157971603,85482,499,688,13334,
245.48853897756226,85482,498,689,13334,
245.48877577224198,85481,499,689,13334,
245.48954949972403,85480,500,689,13334,
245.49027843606527,85479,501,689,13334,
245.49197751356124,85479,501,688,13335,
245.49482184308272,85479,500,689,13335,
245.51349690761464,85479,499,690,13335,
245.51692478012006,85479,499,689,13336,
245.52220937632626,85479,498,690,13336,
245.52397454348696,85479,497,691,13336,
245.52690865004277,85479,497,690,13337,
245.5272203647047,85479,496,691,13337,
245.53317477916013,85479,495,692,13337,
245.5425719492247,85478,496,692,13337,
245.54358178237152,85478,495,693,13337,
245.54509018436946,85478,494,694,13337,
245.54674226539487,85477,495,694,13337,
245.54685763871476,85477,494,695,13337,
245.55481024442338,85476,495,695,13337,
245.5622207004086,85476,494,696,13337,
245.56765536787975,85475,495,696,13337,
245.56823007421966,85475,494,697,13337,
245.5711163180882,85475,494,696,13338,
245.57466247991275,85475,493,697,13338,
245.57777421640276,85474,494,697,13338,
245.578188707847,85474,493,698,13338,
245.58041622751452,85473,494,698,13338,
245.5890900013992,85472,495,698,13338,
245.59119571537127,85472,495,697,13339,
245.59323192118185,85471,496,697,13339,
245.59392692538074,85470,497,697,13339,
245.5988114783371,85469,498,697,13339,
245.59933342246038,85469,497,698,13339,
245.60129110390196,85468,498,698,13339,
245.6013288212174,85467,499,698,13339,
245.60285784902862,85467,498,699,13339,
245.60308713772554,85466,499,699,13339,
245.60758496519975,85466,499,698,13340,
245.60782497690604,85466,498,699,13340,
245.61133918613112,85466,497,700,13340,
245.6130828107226,85466,496,701,13340,
245.6136808649448,85465,497,701,13340,
245.61737305449265,85464,498,701,13340,
245.6195594439174,85463,499,701,13340,
245.62479593943834,85463,499,700,13341,
245.6339577615067,85463,499,699,13342,
245.63507893704954,85463,499,698,13343,
245.63513806375954,85462,500,698,13343,
245.63624465351376,85462,500,697,13344,
245.63664866384883,85461,501,697,13344,
245.6368514037612,85461,501,696,13345,
245.63911342943746,85460,502,696,13345,
245.64773227277445,85460,501,697,13345,
245.6482220751811,85460,501,696,13346,
245.64895105819778,85460,500,697,13346,
245.65260601896065,85460,499,698,13346,
245.6533655963542,85460,499,697,13347,
245.65818533552184,85460,498,698,13347,
245.66395185899864,85459,499,698,13347,
245.66415811676586,85459,498,699,13347,
245.66643089871644,85459,498,698,13348,
245.6758095741525,85459,498,697,13349,
245.6762395700325,85459,497,698,13349,
245.6765855086684,85459,496,699,13349,
245.68310159309607,85459,495,700,13349,
245.6845721285505,85458,496,700,13349,
245.68769357971362,85458,495,701,13349,
245.69050129753228,85457,496,701,13349,
245.69103141196612,85457,496,700,13350,
245.6962733986587,85456,497,700,13350,
245.69986898870263,85456,497,699,13351,
245.70008347306748,85456,496,700,13351,
245.7060083303937,85455,497,700,13351,
245.7097405749775,85455,496,701,13351,
245.71384138335597,85455,496,700,13352,
245.71801685023885,85454,497,700,13352,
245.72161162255787,85453,498,700,13352,
245.72780095682998,85453,498,699,13353,
245.7278897209444,85453,497,700,13353,
245.7303873723347,85452,498,700,13353,
245.74420738112133,85451,499,700,13353,
245.74699561165812,85450,500,700,13353,
245.75482814766093,85449,501,700,13353,
245.75778832541366,85449,501,699,13354,
245.7623535880938,85448,502,699,13354,
245.77123034368307,85448,502,698,13355,
245.77355697929286,85447,503,698,13355,
245.77878853552906,85447,502,699,13355,
245.78073879581214,85446,503,699,13355,
245.78719396016248,85446,502,700,13355,
245.7916771131743,85446,501,701,13355,
245.79554575144456,85445,502,701,13355,
245.80399995823743,85444,503,701,13355,
245.81051646519282,85444,502,702,13355,
245.82008752202202,85443,503,702,13355,
245.8204913153947,85442,504,702,13355,
245.8224782776032,85442,504,701,13356,
245.82307998218263,85442,503,702,13356,
245.8267081925463,85442,503,701,13357,
245.8349099701179,85442,502,702,13357,
245.83991670529753,85442,501,703,13357,
245.8445761052185,85441,502,703,13357,
245.84516885795477,85440,503,703,13357,
245.84663603657765,85439,504,703,13357,
245.8473311486595,85439,504,702,13358,
245.84882041126062,85439,503,703,13358,
245.85238346957655,85438,504,703,13358,
245.86313626511105,85438,503,704,13358,
245.86417331792407,85438,503,703,13359,
245.86424320617786,85437,504,703,13359,
245.86484038347587,85437,504,702,13360,
245.8672698872083,85437,503,703,13360,
245.8707287583431,85436,504,703,13360,
245.8734558771016,85436,504,702,13361,
245.87455630772783,85436,504,701,13362,
245.87877881963874,85435,505,701,13362,
245.87903277388287,85434,506,701,13362,
245.8872577736851,85433,507,701,13362,
245.89315573919572,85433,506,702,13362,
245.89381383617382,85433,505,703,13362,
245.89533516132167,85433,505,702,13363,
245.90490884009256,85432,506,702,13363,
245.91105047794898,85432,505,703,13363,
245.91606991619526,85431,506,703,13363,
245.91691793097846,85431,506,702,13364,
245.91697472440825,85431,505,703,13364,
245.92046218797975,85431,504,704,13364,
245.9221503013806,85430,505,704,13364,
245.92571901229067,85430,504,705,13364,
245.92898508637873,85430,504,704,13365,
245.92957736418742,85430,504,703,13366,
245.93035035168788,85430,503,704,13366,
245.9337914002762,85430,503,703,13367,
245.93409121982057,85430,503,702,13368,
245.93456344644196,85430,502,703,13368,
245.9391817427718,85429,503,703,13368,
245.9398376874983,85429,502,704,13368,
245.9410126870527,85429,502,703,13369,
245.9419834350087,85428,503,703,13369,
245.94564715163128,85428,502,704,13369,
245.94739710480727,85427,503,704,13369,
245.95181264188054,85426,504,704,13369,
245.95324566169998,85425,505,704,13369,
245.95421982206702,85424,506,704,13369,
245.95439993057207,85424,506,703,13370,
245.95785343873916,85424,505,704,13370,
245.96034572448173,85424,504,705,13370,
245.96444159042676,85424,503,706,13370,
245.9667681901839,85424,503,705,13371,
245.97011823397045,85424,502,706,13371,
245.97021847235092,85423,503,706,13371,
245.97343076289943,85423,503,705,13372,
245.97469560732657,85422,504,705,13372,
245.97811611115634,85421,505,705,13372,
245.9815810036518,85420,506,705,13372,
245.98186102349698,85420,506,704,13373,
245.98209361271242,85420,506,703,13374,
245.98222608982624,85420,505,704,13374,
245.9841249848762,85420,504,705,13374,
245.9867463741164,85420,503,706,13374,
245.99053087455047,85419,504,706,13374,
245.9945767274467,85419,503,707,13374,
245.9954486927184,85418,504,707,13374,
245.99657841065186,85417,505,707,13374,
246.00606701377478,85417,504,708,13374,
246.00698617994584,85417,503,709,13374,
246.00781344929604,85416,504,709,13374,
246.00861049791862,85415,505,709,13374,
246.01395646332642,85415,505,708,13375,
246.02700148249008,85415,505,707,13376,
246.02712630586177,85415,505,706,13377,
246.02909523732367,85414,506,706,13377,
246.02925464292213,85413,507,706,13377,
246.03339451660892,85413,506,707,13377,
246.04098910298075,85413,506,706,13378,
246.04571126410082,85413,505,707,13378,
246.05031131463278,85413,504,708,13378,
246.05551766683303,85413,503,709,13378,
246.05858695020913,85413,502,710,13378,
246.05909219043951,85413,501,711,13378,
246.05939271570014,85413,501,710,13379,
246.06066017887096,85413,501,709,13380,
246.06563974039986,85412,502,709,13380,
246.06743955576474,85412,501,710,13380,
246.07575653098718,85411,502,710,13380,
246.08063724233634,85410,503,710,13380,
246.08554091371334,85410,503,709,13381,
246.0917131423927,85410,503,708,13382,
246.0951577598782,85410,503,707,13383,
246.1004599424379,85410,503,706,13384,
246.1025568534556,85410,503,705,13385,
246.10871871380112,85409,504,705,13385,
246.10989474164683,85409,504,704,13386,
246.111427500317,85408,505,704,13386,
246.1192224584403,85408,504,705,13386,
246.12007411343268,85407,505,705,13386,
246.1226009856892,85406,506,705,13386,
246.1239692998112,85405,507,705,13386,
246.12477379051987,85405,507,704,13387,
246.12702980698035,85405,507,703,13388,
246.12799647720382,85404,508,703,13388,
246.13000724927852,85404,508,702,13389,
246.13423088793013,85404,507,703,13389,
246.1390434860395,85404,507,702,13390,
246.1446686484617,85404,507,701,13391,
246.14802945922082,85404,507,700,13392,
246.15167051648152,85404,506,701,13392,
246.15933585871693,85404,505,702,13392,
246.16034108358363,85404,505,701,13393,
246.16773117949583,85404,504,702,13393,
246.17164529290787,85404,503,703,13393,
246.17185888872737,85404,503,702,13394,
246.18425838032496,85403,504,702,13394,
246.1854368493466,85403,504,701,13395,
246.18650578322828,85403,504,700,13396,
246.1925976447129,85402,505,700,13396,
246.19530191574384,85402,504,701,13396,
246.19643263187035,85402,503,702,13396,
246.19909262812763,85401,504,702,13396,
246.20212849206945,85401,503,703,13396,
246.20303126912688,85401,503,702,13397,
246.20401443146096,85401,503,701,13398,
246.20818652944138,85401,503,700,13399,
246.21418663710625,85401,503,699,13400,
246.21529868381322,85401,503,698,13401,
246.22182292636683,85401,503,697,13402,
246.2308592374135,85400,504,697,13402,
246.23588381128275,85399,505,697,13402,
246.2404089165308,85398,506,697,13402,
246.24616789496375,85397,507,697,13402,
246.24644108174107,85396,508,697,13402,
246.25614757756134,85395,509,697,13402,
246.25662282559446,85395,509,696,13403,
246.26000468643568,85394,510,696,13403,
246.2644489484037,85394,509,697,13403,
246.26534233255427,85393,510,697,13403,
246.2688443960326,85393,509,698,13403,
246.2695631382717,85392,510,698,13403,
246.273621654183,85391,511,698,13403,
246.27461654103936,85391,511,697,13404,
246.27552787001977,85391,511,696,13405,
246.27778145349657,85391,510,697,13405,
246.28232450521992,85390,511,697,13405,
246.285173280324,85390,510,698,13405,
246.2855899393806,85390,510,697,13406,
246.28742879808934,85389,511,697,13406,
246.29028702433797,85389,510,698,13406,
246.29113231106982,85389,509,699,13406,
246.29822695711638,85389,509,698,13407,
246.30681442763736,85389,509,697,13408,
246.3095472279688,85388,510,697,13408,
246.31817697740928,85388,509,698,13408,
246.31988611464251,85387,510,698,13408,
246.32037286710712,85386,511,698,13408,
246.3246323732241,85385,512,698,13408,
246.33299939261602,85385,511,699,13408,
246.3339668041737,85385,510,700,13408,
246.3420009151298,85385,510,699,13409,
246.34272408525467,85384,511,699,13409,
246.34345141989462,85383,512,699,13409,
246.34656989599554,85383,511,700,13409,
246.34708003230074,85383,511,699,13410,
246.3481019226058,85383,510,700,13410,
246.35131284811715,85383,509,701,13410,
246.3529918052501,85382,510,701,13410,
246.35369914963113,85382,509,702,13410,
246.35793496429142,85382,509,701,13411,
246.36064497398837,85382,508,702,13411,
246.36213365508203,85381,509,702,13411,
246.36218495332886,85381,508,703,13411,
246.36731688980532,85381,508,702,13412,
246.36930482832585,85381,507,703,13412,
246.38515996112557,85381,506,704,13412,
246.3921218030626,85381,506,703,13413,
246.39622276635328,85380,507,703,13413,
246.3979362868355,85380,507,702,13414,
246.40110568390529,85379,508,702,13414,
246.4068610884824,85379,508,701,13415,
246.41647625814034,85379,507,702,13415,
246.42251387054978,85379,507,701,13416,
246.42467176778607,85378,508,701,13416,
246.4246976812108,85378,508,700,13417,
246.42470076436533,85378,508,699,13418,
246.42748511348535,85378,508,698,13419,
246.43360412445895,85378,508,697,13420,
246.43997628490297,85378,507,698,13420,
246.44106942576113,85378,506,699,13420,
246.44190151293515,85378,505,700,13420,
246.44282117783678,85378,504,701,13420,
246.44475835290166,85378,504,700,13421,
246.4460451767773,85378,504,699,13422,
246.448748094095,85377,505,699,13422,
246.45036414125707,85377,504,700,13422,
246.46923666016377,85377,503,701,13422,
246.46994258076617,85377,503,700,13423,
246.4752139679568,85377,502,701,13423,
246.47844533835152,85377,502,700,13424,
246.47874043563075,85377,502,699,13425,
246.48005570741725,85376,503,699,13425,
246.48049316652666,85376,502,700,13425,
246.48493104340542,85375,503,700,13425,
246.49260181378904,85375,503,699,13426,
246.49843957522526,85375,502,700,13426,
246.50171651727203,85374,503,700,13426,
246.5028668607276,85374,502,701,13426,
246.5047485285417,85374,501,702,13426,
246.50643562451867,85374,500,703,13426,
246.50867468379408,85374,499,704,13426,
246.51517991582045,85373,500,704,13426,
246.51572808567244,85373,500,703,13427,
246.51882548781305,85372,501,703,13427,
246.53004062478882,85372,500,704,13427,
246.53308634613555,85372,500,703,13428,
246.53376632673434,85371,501,703,13428,
246.5420311974426,85370,502,703,13428,
246.5443345564084,85369,503,703,13428,
246.54794370640445,85369,502,704,13428,
246.5480771003125,85369,502,703,13429,
246.55219098391785,85369,501,704,13429,
246.55237827210902,85368,502,704,13429,
246.55699304681147,85368,502,703,13430,
246.55708983904526,85367,503,703,13430,
246.5615054842984,85367,502,704,13430,
246.56240233472943,85366,503,704,13430,
246.5669260882952,85365,504,704,13430,
246.5673129646181,85365,503,705,13430,
246.56852728684186,85365,503,704,13431,
246.58340406553813,85365,503,703,13432,
246.5899949970504,85365,503,702,13433,
246.59142000739365,85364,504,702,13433,
246.59486163820728,85364,503,703,13433,
246.5973974029145,85364,503,702,13434,
246.59769313464656,85364,502,703,13434,
246.59900675805457,85364,501,704,13434,
246.60143474430535,85363,502,704,13434,
246.6108124626733,85363,502,703,13435,
246.61420503257648,85362,503,703,13435,
246.61499383107048,85361,504,703,13435,
246.61601366408786,85361,504,702,13436,
246.61712617577024,85361,503,703,13436,
246.6203591293684,85360,504,703,13436,
246.62859417879858,85359,505,703,13436,
246.63443497899144,85359,504,704,13436,
246.63674155974726,85358,505,704,13436,
246.63716315869786,85357,506,704,13436,
246.63797367088407,85356,507,704,13436,
246.6381502153244,85356,506,705,13436,
246.6403630523369,85355,507,705,13436,
246.64073872491548,85354,508,705,13436,
246.64375482035285,85354,507,706,13436,
246.64905274358554,85354,506,707,13436,
246.655555919767,85353,507,707,13436,
246.65702991131508,85353,507,706,13437,
246.65754603659013,85353,506,707,13437,
246.66212420844735,85353,505,708,13437,
246.6642843190664,85353,505,707,13438,
246.6677479871361,85353,504,708,13438,
246.67199520820398,85353,503,709,13438,
246.67282716667913,85353,502,710,13438,
246.67343955441572,85353,501,711,13438,
246.67554074908406,85353,501,710,13439,
246.68380513538105,85352,502,710,13439,
246.68393169159063,85351,503,710,13439,
246.68762770924457,85350,504,710,13439,
246.68932669043554,85349,505,710,13439,
246.69437237620804,85348,506,710,13439,
246.69478080561004,85348,505,711,13439,
246.69491815173052,85348,505,710,13440,
246.6966017018633,85348,505,709,13441,
246.69973243219653,85348,504,710,13441,
246.71449299326267,85347,505,710,13441,
246.73167043076378,85347,505,709,13442,
246.73370661990506,85346,506,709,13442,
246.7368006761179,85346,505,710,13442,
246.73913346456885,85346,505,709,13443,
246.73981621612964,85346,504,710,13443,
246.73990721090058,85346,504,709,13444,
246.7452127107271,85345,505,709,13444,
246.74897105986128,85344,506,709,13444,
246.75223623066518,85343,507,709,13444,
246.75254529083742,85343,507,708,13445,
246.75678990314827,85342,508,708,13445,
246.75680172662695,85341,509,708,13445,
246.7579072843637,85340,510,708,13445,
246.76338120854425,85339,511,708,13445,
246.76809560590203,85339,511,707,13446,
246.77287180494693,85339,510,708,13446,
246.77643175427158,85338,511,708,13446,
246.77736127330297,85338,510,709,13446,
246.77737421047507,85338,510,708,13447,
246.7786281215079,85337,511,708,13447,
246.77901244826052,85337,510,709,13447,
246.78066535698326,85337,510,708,13448,
246.78072630789478,85336,511,708,13448,
246.79224991131804,85336,510,709,13448,
246.79349680711067,85335,511,709,13448,
246.79703740998548,85335,510,710,13448,
246.80047501102854,85335,509,711,13448,
246.80297089443215,85335,509,710,13449,
246.80496785245498,85335,508,711,13449,
246.8072695395175,85334,509,711,13449,
246.8092787203787,85334,509,710,13450,
246.81337426300286,85334,508,711,13450,
246.8150798324751,85334,507,712,13450,
246.81616406632963,85334,506,713,13450,
246.81801474300647,85334,505,714,13450,
246.81955904886618,85333,506,714,13450,
246.8289367734495,85332,507,714,13450,
246.83181570770134,85331,508,714,13450,
246.8347720682084,85331,508,713,13451,
246.8402077546357,85330,509,713,13451,
246.84654080251318,85330,508,714,13451,
246.8539642365038,85330,508,713,13452,
246.85677457464055,85330,507,714,13452,
246.863595416322,85329,508,714,13452,
246.87789870904277,85329,508,713,13453,
246.88326676711193,85329,508,712,13454,
246.88667227650714,85328,509,712,13454,
246.89179752827917,85327,510,712,13454,
246.8925630318943,85327,510,711,13455,
246.89466097656938,85327,510,710,13456,
246.89686188119614,85327,509,711,13456,
246.90064829285382,85326,510,711,13456,
246.90360201880748,85326,510,710,13457,
246.90432583982968,85326,510,709,13458,
246.90682616976386,85326,509,710,13458,
246.90806946522832,85326,509,709,13459,
246.91147877111723,85325,510,709,13459,
246.91173777729207,85325,510,708,13460,
246.91351269543327,85325,509,709,13460,
246.91413738795492,85325,508,710,13460,
246.92278432317917,85325,507,711,13460,
246.92791181889106,85324,508,711,13460,
246.92827541801057,85324,507,712,13460,
246.92889228250075,85323,508,712,13460,
246.93314702953782,85323,508,711,13461,
246.9383987014962,85323,508,710,13462,
246.93867374443323,85322,509,710,13462,
246.9448583948768,85322,508,711,13462,
246.94619398823883,85322,507,712,13462,
246.94937327827412,85321,508,712,13462,
246.95299162432644,85321,507,713,13462,
246.95364738005406,85320,508,713,13462,
246.96129698851968,85319,509,713,13462,
246.96164851036053,85319,508,714,13462,
246.96507070460396,85318,509,714,13462,
246.96706656686658,85318,509,713,13463,
246.96791077979947,85317,510,713,13463,
246.97345510415866,85316,511,713,13463,
246.97629031219188,85315,512,713,13463,
246.98063679235014,85315,512,712,13464,
246.98714639856948,85315,512,711,13465,
246.98776899601003,85315,511,712,13465,
246.98993952289177,85315,511,711,13466,
246.99067942628923,85315,510,712,13466,
246.99098395660283,85314,511,712,13466,
246.99169194578116,85314,510,713,13466,
246.99181831167573,85314,509,714,13466,
246.99228636184571,85313,510,714,13466,
246.994988847594,85313,510,713,13467,
246.99834308945424,85313,510,712,13468,
246.99910695526344,85313,509,713,13468,
247.00425383970915,85313,509,712,13469,
247.01826851571872,85313,508,713,13469,
247.01834362270446,85313,507,714,13469,
247.0189972498913,85313,506,715,13469,
247.01915103076942,85313,505,716,13469,
247.0194013354815,85312,506,716,13469,
247.0248667830923,85312,505,717,13469,
247.0254024591892,85312,505,716,13470,
247.0271525382467,85311,506,716,13470,
247.02779065420197,85311,506,715,13471,
247.02830218273257,85310,507,715,13471,
247.02854622493385,85309,508,715,13471,
247.03107432256692,85309,508,714,13472,
247.03258879454677,85309,507,715,13472,
247.03489581909255,85309,506,716,13472,
247.04482820638745,85309,506,715,13473,
247.04607434017015,85308,507,715,13473,
247.0480016287386,85307,508,715,13473,
247.0481914856538,85307,507,716,13473,
247.05431154179033,85307,506,717,13473,
247.05452230328746,85306,507,717,13473,
247.05505049211206,85305,508,717,13473,
247.05656679543873,85304,509,717,13473,
247.06364782344247,85303,510,717,13473,
247.0653560898975,85302,511,717,13473,
247.075839653412,85301,512,717,13473,
247.07755404700256,85301,512,716,13474,
247.0818651390226,85300,513,716,13474,
247.08931158143236,85299,514,716,13474,
247.08942549059384,85299,514,715,13475,
247.09101425964994,85299,513,716,13475,
247.09311261154784,85298,514,716,13475,
247.09470823555696,85297,515,716,13475,
247.0948955655273,85296,516,716,13475,
247.09725731611158,85295,517,716,13475,
247.09843581459307,85294,518,716,13475,
247.1140463878639,85293,519,716,13475,
247.11750369411044,85293,519,715,13476,
247.11828854677614,85293,519,714,13477,
247.11977570368592,85292,520,714,13477,
247.1211458296814,85292,519,715,13477,
247.12454910691122,85292,519,714,13478,
247.13287511697033,85292,519,713,13479,
247.13496433562256,85292,518,714,13479,
247.13522190028513,85292,517,715,13479,
247.1371665823794,85292,517,714,13480,
247.14202518306084,85292,517,713,13481,
247.14503989629523,85291,518,713,13481,
247.1469287646695,85291,517,714,13481,
247.14831888398197,85291,516,715,13481,
247.14936645520535,85290,517,715,13481,
247.15967670501257,85290,516,716,13481,
247.1635497657441,85289,517,716,13481,
247.16370552606315,85288,518,716,13481,
247.16383368511282,85288,517,717,13481,
247.16648451967382,85288,516,718,13481,
247.16910735631416,85288,516,717,13482,
247.17076302220056,85288,516,716,13483,
247.1741653584116,85288,516,715,13484,
247.18496889024104,85287,517,715,13484,
247.18817152621702,85286,518,715,13484,
247.1884508046331,85286,518,714,13485,
247.18864791230604,85286,518,713,13486,
247.18966787204081,85286,518,712,13487,
247.19336777835272,85286,518,711,13488,
247.1965692598725,85285,519,711,13488,
247.19910769556475,85285,518,712,13488,
247.19928255827872,85284,519,712,13488,
247.20085759922293,85284,518,713,13488,
247.2056463644031,85284,517,714,13488,
247.21022191157928,85283,518,714,13488,
247.21447465998364,85282,519,714,13488,
247.21748165890224,85282,518,715,13488,
247.22553804870756,85281,519,715,13488,
247.22958254952528,85281,518,716,13488,
247.24276283463865,85280,519,716,13488,
247.24593155401413,85280,518,717,13488,
247.2494387856371,85280,517,718,13488,
247.25490688432853,85280,516,719,13488,
247.2557835054933,85279,517,719,13488,
247.25641153982704,85279,517,718,13489,
247.25711753405915,85278,518,718,13489,
247.2593247566857,85277,519,718,13489,
247.26656424155442,85277,519,717,13490,
247.27126588681926,85277,518,718,13490,
247.28067040183308,85276,519,718,13490,
247.28421823577884,85276,518,719,13490,
247.2918609076858,85275,519,719,13490,
247.292632820214,85275,518,720,13490,
247.29452353952962,85275,517,721,13490,
247.29475620228115,85274,518,721,13490,
247.29669064269345,85274,517,722,13490,
247.29899914128723,85274,516,723,13490,
247.30502651801046,85273,517,723,13490,
247.31286384386615,85273,517,722,13491,
247.3179828624818,85273,517,721,13492,
247.32002143564966,85272,518,721,13492,
247.32347201718966,85271,519,721,13492,
247.3234735294764,85271,518,722,13492,
247.32494358580868,85271,517,723,13492,
247.3279706803044,85271,516,724,13492,
247.33631834360003,85271,516,723,13493,
247.34021266517792,85270,517,723,13493,
247.34079282747996,85270,516,724,13493,
247.34187004555218,85270,515,725,13493,
247.3488752496926,85269,516,725,13493,
247.34926059498278,85269,516,724,13494,
247.35043297218317,85268,517,724,13494,
247.35257148144728,85268,516,725,13494,
247.3528076699788,85268,515,726,13494,
247.35683906334432,85268,514,727,13494,
247.35727247818437,85268,513,728,13494,
247.35786766926512,85268,512,729,13494,
247.35956534862117,85267,513,729,13494,
247.36446360870445,85267,512,730,13494,
247.3655136444903,85267,512,729,13495,
247.36727402368783,85267,512,728,13496,
247.36832761415354,85266,513,728,13496,
247.3684400328403,85266,513,727,13497,
247.36982420635235,85265,514,727,13497,
247.3701580049872,85265,513,728,13497,
247.37063879030734,85265,512,729,13497,
247.37090439477225,85264,513,729,13497,
247.375528993053,85264,512,730,13497,
247.37932650319658,85263,513,730,13497,
247.38002411096807,85263,513,729,13498,
247.38098729757007,85263,512,730,13498,
247.38458151589313,85262,513,730,13498,
247.3929956481319,85262,512,731,13498,
247.3964733539812,85262,512,730,13499,
247.4033685469716,85262,512,729,13500,
247.4045737896364,85261,513,729,13500,
247.41162588083364,85261,513,728,13501,
247.4135453636405,85261,513,727,13502,
247.41807823372562,85261,513,726,13503,
247.42156028149296,85261,513,725,13504,
247.426235913931,85260,514,725,13504,
247.42741968965902,85260,513,726,13504,
247.43005627998838,85260,512,727,13504,
247.43329881545912,85259,513,727,13504,
247.44463059390222,85259,513,726,13505,
247.46517589328565,85259,512,727,13505,
247.4659784830883,85259,511,728,13505,
247.46613907378838,85258,512,728,13505,
247.4669647777162,85257,513,728,13505,
247.4684235450481,85257,512,729,13505,
247.47580247449721,85257,511,730,13505,
247.4761920686093,85257,511,729,13506,
247.47651165877977,85256,512,729,13506,
247.4773500418536,85255,513,729,13506,
247.47786807386004,85255,512,730,13506,
247.47892425107312,85254,513,730,13506,
247.4869457394791,85254,512,731,13506,
247.48748713402716,85253,513,731,13506,
247.48763142886153,85253,513,730,13507,
247.49176511609215,85253,512,731,13507,
247.4927887526388,85253,512,730,13508,
247.5011871951128,85253,512,729,13509,
247.50205789526407,85253,511,730,13509,
247.50259026829235,85252,512,730,13509,
247.50514391634988,85251,513,730,13509,
247.50656240381005,85251,512,731,13509,
247.51518916165344,85250,513,731,13509,
247.5237675281357,85250,512,732,13509,
247.5242671963988,85250,511,733,13509,
247.5267760329144,85250,510,734,13509,
247.5270984516137,85250,510,733,13510,
247.5290257063979,85250,510,732,13511,
247.53696086743955,85250,510,731,13512,
247.53802625272016,85250,509,732,13512,
247.53865731196254,85249,510,732,13512,
247.53962917746293,85248,511,732,13512,
247.5410810045825,85247,512,732,13512,
247.54303952593418,85247,512,731,13513,
247.54673309264763,85246,513,731,13513,
247.54744124270545,85246,512,732,13513,
247.5481282500391,85246,511,733,13513,
247.55289873731158,85246,510,734,13513,
247.5536232371993,85246,509,735,13513,
247.55822920550375,85246,508,736,13513,
247.56383132949546,85246,508,735,13514,
247.5784557514155,85246,507,736,13514,
247.58398148558078,85246,507,735,13515,
247.58660741214214,85245,508,735,13515,
247.59253526450922,85244,509,735,13515,
247.59305924984182,85243,510,735,13515,
247.59361476646495,85242,511,735,13515,
247.59466423314595,85242,510,736,13515,
247.6000058120454,85242,509,737,13515,
247.6059186563366,85242,509,736,13516,
247.61037441998084,85242,508,737,13516,
247.61964930891537,85242,507,738,13516,
247.62087949530763,85242,506,739,13516,
247.6252821892778,85241,507,739,13516,
247.62802636931855,85240,508,739,13516,
247.62896643168546,85240,507,740,13516,
247.63165607559628,85239,508,740,13516,
247.63228431124787,85239,508,739,13517,
247.6371199367921,85238,509,739,13517,
247.6425806430778,85238,509,738,13518,
247.64604347362626,85238,509,737,13519,
247.6461540077035,85238,509,736,13520,
247.65162067804812,85238,508,737,13520,
247.65989031225251,85238,507,738,13520,
247.6606883469145,85237,508,738,13520,
247.66711202305055,85237,508,737,13521,
247.66786375515687,85237,508,736,13522,
247.66859537133834,85236,509,736,13522,
247.67405369547555,85236,509,735,13523,
247.67629910250764,85235,510,735,13523,
247.6769971252612,85235,510,734,13524,
247.68092266740825,85234,511,734,13524,
247.6838769406376,85234,511,733,13525,
247.68485390288063,85234,511,732,13526,
247.6943935179749,85233,512,732,13526,
247.70369899704028,85232,513,732,13526,
247.7039157823838,85232,513,731,13527,
247.70442945805743,85232,512,732,13527,
247.70604694754516,85231,513,732,13527,
247.71297705597976,85231,513,731,13528,
247.71326334621273,85230,514,731,13528,
247.71525782155612,85230,513,732,13528,
247.71865003295736,85230,512,733,13528,
247.71887689873344,85230,512,732,13529,
247.72013098828026,85229,513,732,13529,
247.72067945966953,85229,512,733,13529,
247.7213579653207,85229,511,734,13529,
247.72289701824607,85229,511,733,13530,
247.72716330494347,85228,512,733,13530,
247.73125221029701,85228,512,732,13531,
247.73901001970228,85228,511,733,13531,
247.7407779675657,85227,512,733,13531,
247.74230043724305,85227,512,732,13532,
247.75321409083793,85227,511,733,13532,
247.75563808911735,85227,510,734,13532,
247.75585341357987,85227,510,733,13533,
247.75640388594235,85227,510,732,13534,
247.76346869992486,85227,510,731,13535,
247.76420850557648,85227,510,730,13536,
247.76919650793107,85226,511,730,13536,
247.77038556350843,85225,512,730,13536,
247.7723230767192,85224,513,730,13536,
247.7728429120056,85224,513,729,13537,
247.7730143048631,85224,513,728,13538,
247.7742924797253,85224,512,729,13538,
247.77799350521875,85224,511,730,13538,
247.78139133941627,85223,512,730,13538,
247.78340981541518,85223,512,729,13539,
247.79033375013583,85222,513,729,13539,
247.79105356700197,85222,512,730,13539,
247.79350475991365,85222,511,731,13539,
247.79616051615415,85222,511,730,13540,
247.79710623262542,85222,510,731,13540,
247.79976214965504,85222,510,730,13541,
247.8001504155002,85222,510,729,13542,
247.8025992117309,85222,510,728,13543,
247.80308163111894,85222,509,729,13543,
247.8054470141331,85222,508,730,13543,
247.80802867702738,85222,507,731,13543,
247.8102062998148,85221,508,731,13543,
247.81038999637815,85221,507,732,13543,
247.81673610347931,85220,508,732,13543,
247.81712118511624,85219,509,732,13543,
247.81732485091752,85218,510,732,13543,
247.8176068157714,85217,511,732,13543,
247.82424959387106,85216,512,732,13543,
247.83517888003547,85216,512,731,13544,
247.83891507006652,85215,513,731,13544,
247.84341870606494,85215,513,730,13545,
247.84374103354077,85214,514,730,13545,
247.8445310332155,85214,513,731,13545,
247.84587323825812,85213,514,731,13545,
247.84856265165863,85213,513,732,13545,
247.8496086955719,85213,513,731,13546,
247.8502542153179,85213,512,732,13546,
247.85552946044317,85212,513,732,13546,
247.8556094956752,85212,512,733,13546,
247.86921798433877,85212,512,732,13547,
247.8694856607621,85211,513,732,13547,
247.8714144272505,85210,514,732,13547,
247.8744437465082,85210,513,733,13547,
247.87871207492978,85209,514,733,13547,
247.88929830423436,85209,514,732,13548,
247.89166415206518,85208,515,732,13548,
247.89802911842904,85208,515,731,13549,
247.89852013523443,85208,514,732,13549,
247.89982754015904,85208,514,731,13550,
247.90033576272802,85208,513,732,13550,
247.90195468110826,85208,513,731,13551,
247.902203716591,85208,512,732,13551,
247.9085949946407,85207,513,732,13551,
247.90866742169098,85207,512,733,13551,
247.91234748326326,85207,512,732,13552,
247.91540082539782,85207,512,731,13553,
247.91561019854134,85206,513,731,13553,
247.9187426193735,85206,513,730,13554,
247.919737838431,85206,512,731,13554,
247.92030922825083,85205,513,731,13554,
247.92053783109688,85205,513,730,13555,
247.92168615514478,85204,514,730,13555,
247.92679381811246,85203,515,730,13555,
247.9272008437268,85203,515,729,13556,
247.93347663468606,85202,516,729,13556,
247.93589565371457,85201,517,729,13556,
247.93770853433145,85201,517,728,13557,
247.9494137051507,85201,517,727,13558,
247.94986953137825,85201,517,726,13559,
247.95340816131124,85201,516,727,13559,
247.9545995980929,85200,517,727,13559,
247.95512289755237,85199,518,727,13559,
247.95975091156367,85199,517,728,13559,
247.96084863666647,85198,518,728,13559,
247.9753552144196,85198,518,727,13560,
247.98081076387712,85198,518,726,13561,
247.982985489987,85197,519,726,13561,
247.9831647777423,85197,519,725,13562,
247.9837422903423,85197,518,726,13562,
247.99081123743306,85197,517,727,13562,
247.99540627887058,85196,518,727,13562,
247.99630184328862,85195,519,727,13562,
247.9985064373078,85194,520,727,13562,
248.00147196030838,85194,520,726,13563,
248.00315264975754,85194,519,727,13563,
248.01035697681607,85194,518,728,13563,
248.0103806010925,85193,519,728,13563,
248.01606516536077,85193,519,727,13564,
248.02060543116934,85192,520,727,13564,
248.02136033749113,85192,520,726,13565,
248.02417529732557,85192,520,725,13566,
248.02524088727796,85192,519,726,13566,
248.0261008819993,85192,518,727,13566,
248.03649465797588,85192,517,728,13566,
248.03930440797316,85191,518,728,13566,
248.04002642394389,85191,518,727,13567,
248.04829497639855,85191,517,728,13567,
248.06062838506884,85191,517,727,13568,
248.06444723082797,85191,516,728,13568,
248.0646879853272,85191,516,727,13569,
248.06494927778544,85190,517,727,13569,
248.06647318376278,85189,518,727,13569,
248.06851736651234,85188,519,727,13569,
248.0697786463954,85188,518,728,13569,
248.07178899493772,85188,517,729,13569,
248.07380292623,85188,516,730,13569,
248.08614254150822,85188,516,729,13570,
248.08718580963367,85188,515,730,13570,
248.08766702118828,85188,514,731,13570,
248.0886440157293,85188,513,732,13570,
248.0895420826342,85188,512,733,13570,
248.09342194175514,85187,513,733,13570,
248.09598321571485,85187,512,734,13570,
248.0974782694097,85186,513,734,13570,
248.10283373541264,85186,512,735,13570,
248.1038489540652,85186,511,736,13570,
248.1063543211698,85186,510,737,13570,
248.1115352694411,85185,511,737,13570,
248.11265567071504,85185,510,738,13570,
248.1216969598213,85185,509,739,13570,
248.12241327239207,85184,510,739,13570,
248.12703567293153,85183,511,739,13570,
248.13234895374157,85182,512,739,13570,
248.13444572991366,85181,513,739,13570,
248.13671445185827,85180,514,739,13570,
248.14071560271998,85180,514,738,13571,
248.1407164859514,85179,515,738,13571,
248.14217114271526,85178,516,738,13571,
248.1431686257708,85177,517,738,13571,
248.14346136925025,85177,517,737,13572,
248.14947870735355,85177,516,738,13572,
248.1516666101963,85177,515,739,13572,
248.1520327888706,85176,516,739,13572,
248.1531368227796,85175,517,739,13572,
248.1573665479981,85174,518,739,13572,
248.16430226828507,85174,517,740,13572,
248.16834196056828,85173,518,740,13572,
248.16840826911047,85172,519,740,13572,
248.1698307526467,85171,520,740,13572,
248.1699949184153,85171,519,741,13572,
248.17497605212682,85171,518,742,13572,
248.17578802021254,85171,518,741,13573,
248.18211794208528,85171,518,740,13574,
248.18217438658934,85171,517,741,13574,
248.18561982179602,85171,517,740,13575,
248.18877582016262,85170,518,740,13575,
248.20041829466328,85170,517,741,13575,
248.20424904401906,85170,516,742,13575,
248.20484551134453,85170,516,741,13576,
248.20489627780697,85169,517,741,13576,
248.21412852785386,85168,518,741,13576,
248.21906319269956,85167,519,741,13576,
248.22011856373427,85166,520,741,13576,
248.22167092280944,85165,521,741,13576,
248.2260431440299,85165,520,742,13576,
248.22791784319932,85164,521,742,13576,
248.23691231941538,85163,522,742,13576,
248.24203345406988,85162,523,742,13576,
248.25765579140045,85161,524,742,13576,
248.26142570881032,85161,524,741,13577,
248.26860182536055,85161,523,742,13577,
248.26975001360438,85160,524,742,13577,
248.2721089402852,85160,523,743,13577,
248.27437603715032,85160,523,742,13578,
248.2825085697844,85159,524,742,13578,
248.28851403332797,85159,524,741,13579,
248.28940302056535,85158,525,741,13579,
248.2956355324284,85158,525,740,13580,
248.29961170446933,85158,525,739,13581,
248.30001655986658,85157,526,739,13581,
248.3022020827267,85156,527,739,13581,
248.30229233041482,85156,527,738,13582,
248.30287803911338,85156,526,739,13582,
248.30523192397965,85155,527,739,13582,
248.306170005067,85155,527,738,13583,
248.3078001704926,85154,528,738,13583,
248.31258445002172,85153,529,738,13583,
248.31953243600574,85153,528,739,13583,
248.32455406091822,85153,527,740,13583,
248.32577920118638,85152,528,740,13583,
248.3284985396123,85152,527,741,13583,
248.33049419721598,85151,528,741,13583,
248.33167463965935,85151,527,742,13583,
248.333339760462,85151,526,743,13583,
248.33402623734136,85151,526,742,13584,
248.3362307989613,85151,525,743,13584,
248.33677645255216,85150,526,743,13584,
248.3400604691283,85150,525,744,13584,
248.3426762272448,85149,526,744,13584,
248.34959689958956,85149,526,743,13585,
248.35433641549415,85148,527,743,13585,
248.35866117298198,85148,526,744,13585,
248.3611754476311,85148,525,745,13585,
248.36269609598364,85148,524,746,13585,
248.3627273464223,85147,525,746,13585,
248.36297416814057,85146,526,746,13585,
248.36403383073616,85145,527,746,13585,
248.36875250858145,85144,528,746,13585,
248.36936133081505,85143,529,746,13585,
248.3800495921011,85142,530,746,13585,
248.38146619840185,85141,531,746,13585,
248.38330123158863,85141,531,745,13586,
248.39196178887008,85141,530,746,13586,
248.3952586215214,85141,529,747,13586,
248.39955243333173,85140,530,747,13586,
248.40377685627965,85139,531,747,13586,
248.407681368832,85139,531,746,13587,
248.41490564350906,85139,530,747,13587,
248.41843561147488,85139,530,746,13588,
248.41899786591907,85138,531,746,13588,
248.41903654977065,85137,532,746,13588,
248.4193685048195,85137,531,747,13588,
248.4287767417295,85137,530,748,13588,
248.42988275711605,85137,529,749,13588,
248.43142178419737,85136,530,749,13588,
248.432651244915,85135,531,749,13588,
248.43265634833355,85134,532,749,13588,
248.43268364281414,85133,533,749,13588,
248.43305106158886,85133,533,748,13589,
248.43355452026742,85133,532,749,13589,
248.43460838278372,85133,532,748,13590,
248.43596537500446,85133,532,747,13591,
248.44103069824186,85133,532,746,13592,
248.4478037706647,85133,532,745,13593,
248.44894669881342,85132,533,745,13593,
248.45209601965857,85132,533,744,13594,
248.45324603849704,85132,532,745,13594,
248.45473939665473,85131,533,745,13594,
248.45787442128216,85131,533,744,13595,
248.45907453165444,85130,534,744,13595,
248.45929961351018,85129,535,744,13595,
248.4607765360709,85129,535,743,13596,
248.4663784212531,85129,534,744,13596,
248.47534580150133,85129,534,743,13597,
248.480888794415,85129,534,742,13598,
248.49255749703497,85129,534,741,13599,
248.49275324519326,85129,534,740,13600,
248.49770216712545,85129,533,741,13600,
248.5113812815628,85128,534,741,13600,
248.5176857950065,85127,535,741,13600,
248.5264813384094,85127,535,740,13601,
248.52648889885288,85127,534,741,13601,
248.53373214319424,85127,534,740,13602,
248.53534575202426,85127,534,739,13603,
248.5440337775355,85127,534,738,13604,
248.54530368596824,85126,535,738,13604,
248.54755294907085,85126,534,739,13604,
248.55003511251692,85125,535,739,13604,
248.5524784029784,85125,534,740,13604,
248.55255925994797,85125,533,741,13604,
248.5534191432617,85124,534,741,13604,
248.55379304298938,85124,534,740,13605,
248.5572034044722,85124,533,741,13605,
248.5606275061799,85124,533,740,13606,
248.5745504268573,85124,532,741,13606,
248.57595591775905,85124,531,742,13606,
248.5798169689141,85124,530,743,13606,
248.59141124532465,85123,531,743,13606,
248.59386087702768,85123,530,744,13606,
248.59761613103166,85122,531,744,13606,
248.60380965384593,85122,531,743,13607,
248.60615122897636,85122,531,742,13608,
248.60666103774642,85122,530,743,13608,
248.60740264251524,85122,530,742,13609,
248.60984586037438,85122,529,743,13609,
248.61177634875807,85122,528,744,13609,
248.6240368089566,85121,529,744,13609,
248.62437284724248,85120,530,744,13609,
248.6268010852752,85120,530,743,13610,
248.64159971100378,85119,531,743,13610,
248.64821747102994,85119,530,744,13610,
248.64874190855278,85119,530,743,13611,
248.65557050540002,85119,530,742,13612,
248.6555811448645,85118,531,742,13612,
248.65643287148689,85118,530,743,13612,
248.65696535215068,85118,529,744,13612,
248.66041696179414,85118,529,743,13613,
248.6610684928406,85118,529,742,13614,
248.66332006532866,85118,529,741,13615,
248.66349825442165,85118,529,740,13616,
248.66530485523435,85118,528,741,13616,
248.66653056211354,85118,527,742,13616,
248.6689487344761,85118,526,743,13616,
248.6785236414804,85118,525,744,13616,
248.68233056377923,85118,524,745,13616,
248.68387449442451,85117,525,745,13616,
248.68478558697288,85117,524,746,13616,
248.68515994629433,85117,524,745,13617,
248.6874256841079,85117,523,746,13617,
248.69079257765983,85116,524,746,13617,
248.69317441320766,85116,523,747,13617,
248.71155662515486,85115,524,747,13617,
248.71171707877076,85114,525,747,13617,
248.72054865511774,85114,525,746,13618,
248.72340816052375,85114,524,747,13618,
248.7242769041016,85114,524,746,13619,
248.72842870015495,85114,523,747,13619,
248.72977877184024,85113,524,747,13619,
248.73173702292382,85112,525,747,13619,
248.7321048969615,85112,524,748,13619,
248.73506618711966,85112,524,747,13620,
248.73722689852403,85112,523,748,13620,
248.73836587824482,85112,523,747,13621,
248.74015257736684,85112,523,746,13622,
248.7409819599607,85111,524,746,13622,
248.74569895164942,85111,524,745,13623,
248.7461580434969,85111,523,746,13623,
248.7494803572977,85111,523,745,13624,
248.7505628226378,85111,522,746,13624,
248.7548889431648,85111,522,745,13625,
248.75513525965928,85110,523,745,13625,
248.7557441319275,85110,522,746,13625,
248.75645691081365,85110,522,745,13626,
248.7572423262546,85109,523,745,13626,
248.76088844013296,85109,523,744,13627,
248.76206532875628,85109,522,745,13627,
248.76518164351523,85109,522,744,13628,
248.76751943138237,85109,521,745,13628,
248.76947750644447,85108,522,745,13628,
248.77259051414546,85108,521,746,13628,
248.77319264437182,85107,522,746,13628,
248.7753638154781,85107,521,747,13628,
248.7784002188642,85107,521,746,13629,
248.77844010311907,85106,522,746,13629,
248.78029167769603,85105,523,746,13629,
248.78365277329314,85105,522,747,13629,
248.7842774095531,85104,523,747,13629,
248.7843059396827,85103,524,747,13629,
248.78529271959536,85103,523,748,13629,
248.78992017841554,85103,523,747,13630,
248.7928116594309,85102,524,747,13630,
248.795723907976,85101,525,747,13630,
248.7990246067536,85100,526,747,13630,
248.7991291249509,85099,527,747,13630,
248.8060324055874,85099,527,746,13631,
248.80658446891866,85098,528,746,13631,
248.81047289155825,85098,528,745,13632,
248.81777268966275,85098,528,744,13633,
248.81821184575838,85098,527,745,13633,
248.8234980522001,85098,526,746,13633,
248.8256357860836,85098,525,747,13633,
248.82680064377354,85097,526,747,13633,
248.8310683970046,85097,525,748,13633,
248.8434153805366,85097,524,749,13633,
248.84600744969617,85097,523,750,13633,
248.84921722168886,85096,524,750,13633,
248.8518471215862,85096,523,751,13633,
248.85870223102694,85095,524,751,13633,
248.85920703160258,85095,523,752,13633,
248.87019935048477,85094,524,752,13633,
248.87552237147352,85093,525,752,13633,
248.88047675490586,85093,525,751,13634,
248.8834975448914,85093,524,752,13634,
248.88692085852847,85093,523,753,13634,
248.88836617816287,85093,522,754,13634,
248.88929179937477,85093,521,755,13634,
248.89156965273884,85093,520,756,13634,
248.8919969233816,85093,520,755,13635,
248.89580818946996,85092,521,755,13635,
248.89593661514098,85092,520,756,13635,
248.89738075930077,85092,519,757,13635,
248.89840680262034,85092,518,758,13635,
248.902713289528,85092,518,757,13636,
248.90283017114498,85091,519,757,13636,
248.90441828922965,85091,519,756,13637,
248.9069156059081,85091,519,755,13638,
248.90811991468945,85091,518,756,13638,
248.9099310792233,85091,518,755,13639,
248.91055142276082,85091,517,756,13639,
248.91068749847412,85091,516,757,13639,
248.91297422137666,85091,515,758,13639,
248.91418946587947,85090,516,758,13639,
248.91746028367754,85090,515,759,13639,
248.92208190835498,85089,516,759,13639,
248.9291334979926,85088,517,759,13639,
248.9333314586749,85087,518,759,13639,
248.93892366348825,85086,519,759,13639,
248.94293443990762,85086,519,758,13640,
248.94444381051008,85086,518,759,13640,
248.94729165931366,85086,517,760,13640,
248.9501549789422,85085,518,760,13640,
248.95375717555908,85084,519,760,13640,
248.95532012468715,85084,519,759,13641,
248.9567810584833,85083,520,759,13641,
248.95968520591518,85082,521,759,13641,
248.96059854943474,85082,520,760,13641,
248.9608894480404,85081,521,760,13641,
248.96240637691605,85081,521,759,13642,
248.9625153528664,85080,522,759,13642,
248.97037637560922,85080,521,760,13642,
248.97231005733292,85079,522,760,13642,
248.97393047046154,85079,521,761,13642,
248.97554665876797,85078,522,761,13642,
248.97614622930269,85078,522,760,13643,
248.97740701460987,85077,523,760,13643,
248.97960164366117,85076,524,760,13643,
248.9805960358208,85075,525,760,13643,
248.98226341906027,85074,526,760,13643,
248.98738764736373,85073,527,760,13643,
248.9891665744345,85073,526,761,13643,
248.99509887481628,85073,526,760,13644,
248.99662567629764,85072,527,760,13644,
249.0002290707721,85071,528,760,13644,
249.00478038374416,85071,527,761,13644,
249.00570563499048,85070,528,761,13644,
249.0091472049103,85069,529,761,13644,
249.015040109359,85069,529,760,13645,
249.01518275792918,85069,529,759,13646,
249.01834807660518,85069,529,758,13647,
249.02041371224365,85069,529,757,13648,
249.02426976444926,85069,529,756,13649,
249.02650840369967,85068,530,756,13649,
249.0269176369405,85068,530,755,13650,
249.0293726807138,85068,530,754,13651,
249.0309044642619,85067,531,754,13651,
249.03599300887836,85067,530,755,13651,
249.03654999550483,85066,531,755,13651,
249.03717214458823,85065,532,755,13651,
249.03770165245496,85064,533,755,13651,
249.04005235177715,85063,534,755,13651,
249.04040091836995,85063,534,754,13652,
249.04229998546927,85063,534,753,13653,
249.04290772468508,85063,534,752,13654,
249.04777453942523,85063,533,753,13654,
249.05064619647797,85063,532,754,13654,
249.05180405558804,85062,533,754,13654,
249.05325140464222,85062,532,755,13654,
249.0542260756951,85061,533,755,13654,
249.05940634582427,85061,533,754,13655,
249.0609307837639,85060,534,754,13655,
249.06763588046195,85060,533,755,13655,
249.06821378317963,85059,534,755,13655,
249.06865898589967,85059,534,754,13656,
249.07240057972666,85058,535,754,13656,
249.07615660096025,85057,536,754,13656,
249.07655126885166,85057,536,753,13657,
249.08229463320316,85057,536,752,13658,
249.08305933784317,85057,535,753,13658,
249.0838256152542,85056,536,753,13658,
249.08386526621857,85056,535,754,13658,
249.08739112068656,85056,535,753,13659,
249.08910847419165,85055,536,753,13659,
249.0895482752951,85054,537,753,13659,
249.09418664330786,85053,538,753,13659,
249.09701294004728,85053,538,752,13660,
249.09749606471806,85053,538,751,13661,
249.10308138854484,85052,539,751,13661,
249.11344025482126,85051,540,751,13661,
249.1148712753929,85051,539,752,13661,
249.1166687671136,85051,538,753,13661,
249.11830242199645,85051,538,752,13662,
249.12393523684648,85051,538,751,13663,
249.13085761453442,85051,537,752,13663,
249.13472028208596,85051,537,751,13664,
249.13877626936747,85050,538,751,13664,
249.14060929374153,85050,538,750,13665,
249.14588256725168,85050,538,749,13666,
249.1466342332261,85049,539,749,13666,
249.1469105385423,85048,540,749,13666,
249.14691481072077,85047,541,749,13666,
249.16839878771358,85046,542,749,13666,
249.17303433428293,85046,541,750,13666,
249.17586456306816,85045,542,750,13666,
249.1768428391233,85045,541,751,13666,
249.1772474146709,85045,541,750,13667,
249.17861286101555,85045,541,749,13668,
249.17977169633272,85045,540,750,13668,
249.18053904776727,85044,541,750,13668,
249.19341423525134,85044,540,751,13668,
249.19473884642142,85043,541,751,13668,
249.19624509154366,85043,540,752,13668,
249.20040288637207,85043,540,751,13669,
249.20240692623332,85042,541,751,13669,
249.20665007164325,85042,540,752,13669,
249.20812331835535,85041,541,752,13669,
249.20848832301016,85041,540,753,13669,
249.21053958428874,85041,540,752,13670,
249.21125677703444,85040,541,752,13670,
249.21633550348142,85040,541,751,13671,
249.21714891958152,85040,540,752,13671,
249.21725105879906,85040,539,753,13671,
249.22164809716492,85040,539,752,13672,
249.2219791069544,85039,540,752,13672,
249.22656577480427,85038,541,752,13672,
249.22712887468663,85038,540,753,13672,
249.23390409619802,85037,541,753,13672,
249.23728128899216,85036,542,753,13672,
249.23802939362213,85036,542,752,13673,
249.23813455071095,85036,541,753,13673,
249.23921793727465,85036,541,752,13674,
249.24638186043032,85035,542,752,13674,
249.24850802699376,85035,541,753,13674,
249.25510774106357,85035,541,752,13675,
249.2604961132018,85035,540,753,13675,
249.26179592023615,85035,540,752,13676,
249.2624847463597,85035,539,753,13676,
249.26275252224121,85035,538,754,13676,
249.26289283220723,85035,537,755,13676,
249.26674042460152,85034,538,755,13676,
249.27896216663734,85034,538,754,13677,
249.27923753456048,85034,538,753,13678,
249.28246015523516,85034,537,754,13678,
249.28529965573725,85034,537,753,13679,
249.29118058013538,85034,536,754,13679,
249.29867023201643,85033,537,754,13679,
249.2990721472134,85032,538,754,13679,
249.2999164539682,85031,539,754,13679,
249.30408490136455,85031,538,755,13679,
249.30475817977901,85031,537,756,13679,
249.315332480949,85031,537,755,13680,
249.31586913036367,85031,536,756,13680,
249.31625488895227,85031,535,757,13680,
249.316908309588,85031,535,756,13681,
249.31889344434728,85031,534,757,13681,
249.31947595857534,85031,533,758,13681,
249.32187583704064,85030,534,758,13681,
249.32503787380702,85030,533,759,13681,
249.32709054191187,85029,534,759,13681,
249.32817348932122,85029,534,758,13682,
249.32836988411597,85029,534,757,13683,
249.3290784239774,85029,533,758,13683,
249.33067968853607,85029,532,759,13683,
249.33984707054353,85028,533,759,13683,
249.34367687362067,85027,534,759,13683,
249.34484278446646,85027,534,758,13684,
249.3463207685142,85027,533,759,13684,
249.35129967230503,85026,534,759,13684,
249.35318949613716,85026,533,760,13684,
249.35483647416646,85025,534,760,13684,
249.35658368566726,85025,533,761,13684,
249.3610297196838,85025,533,760,13685,
249.36121972501905,85024,534,760,13685,
249.36435764346624,85024,534,759,13686,
249.36893801754275,85024,533,760,13686,
249.37054953859598,85024,533,759,13687,
249.37232658839883,85023,534,759,13687,
249.37289551116945,85023,533,760,13687,
249.37538090625316,85022,534,760,13687,
249.37603352383167,85022,534,759,13688,
249.3888877037925,85021,535,759,13688,
249.3908575601219,85021,535,758,13689,
249.39416007130902,85021,534,759,13689,
249.3963283812389,85021,534,758,13690,
249.40130921884054,85021,533,759,13690,
249.4074018116854,85020,534,759,13690,
249.4100296628253,85020,534,758,13691,
249.41274312862174,85020,534,757,13692,
249.41583771531447,85020,534,756,13693,
249.41600079942705,85019,535,756,13693,
249.4171324108611,85019,534,757,13693,
249.4172717912343,85019,533,758,13693,
249.41733362926476,85018,534,758,13693,
249.41866443898587,85017,535,758,13693,
249.42636141204417,85016,536,758,13693,
249.42819991120058,85015,537,758,13693,
249.42834998685376,85015,537,757,13694,
249.42881083145062,85014,538,757,13694,
249.43327234215351,85014,537,758,13694,
249.43353411839936,85014,536,759,13694,
249.43620765656877,85014,535,760,13694,
249.437699919344,85014,535,759,13695,
249.4393049635181,85013,536,759,13695,
249.4438100106967,85012,537,759,13695,
249.45018425537677,85012,537,758,13696,
249.45182554618867,85012,537,757,13697,
249.4557839488251,85011,538,757,13697,
249.45906741352448,85010,539,757,13697,
249.46097610547486,85010,538,758,13697,
249.46303928458184,85010,538,757,13698,
249.47071513658787,85009,539,757,13698,
249.47220330407617,85009,538,758,13698,
249.47470023235246,85008,539,758,13698,
249.4780765602123,85008,538,759,13698,
249.48126071899827,85007,539,759,13698,
249.48196271506094,85007,539,758,13699,
249.48363496115084,85006,540,758,13699,
249.4838077835061,85006,539,759,13699,
249.49285299330336,85006,539,758,13700,
249.50229012504604,85006,539,757,13701,
249.502801355743,85005,540,757,13701,
249.5067437677352,85004,541,757,13701,
249.51455348119316,85004,541,756,13702,
249.52459544742382,85003,542,756,13702,
249.5254463030688,85002,543,756,13702,
249.52737794072706,85001,544,756,13702,
249.5292371612901,85001,544,755,13703,
249.53224026641996,85001,543,756,13703,
249.53298758134585,85001,543,755,13704,
249.5332466340638,85000,544,755,13704,
249.53484903488425,84999,545,755,13704,
249.542781514648,84999,544,756,13704,
249.559497748836,84999,544,755,13705,
249.56082689260904,84999,543,756,13705,
249.56139035037623,84999,543,755,13706,
249.56390140485288,84998,544,755,13706,
249.56680050362002,84997,545,755,13706,
249.5733491956052,84996,546,755,13706,
249.58197335313614,84996,546,754,13707,
249.58675907993944,84995,547,754,13707,
249.58752548528435,84994,548,754,13707,
249.58839310411054,84993,549,754,13707,
249.59349256092173,84993,549,753,13708,
249.59477665325218,84993,549,752,13709,
249.59930661304193,84992,550,752,13709,
249.6019485771292,84991,551,752,13709,
249.6036049518564,84990,552,752,13709,
249.60390334644762,84990,551,753,13709,
249.60915906083338,84989,552,753,13709,
249.6105725562185,84988,553,753,13709,
249.6122290454811,84988,553,752,13710,
249.61798170380158,84987,554,752,13710,
249.61880271488482,84987,554,751,13711,
249.61995353924837,84987,554,750,13712,
249.62023706517144,84987,553,751,13712,
249.62569918793778,84987,553,750,13713,
249.62787805060813,84987,552,751,13713,
249.62828574178906,84986,553,751,13713,
249.62836342599272,84985,554,751,13713,
249.6308648387194,84984,555,751,13713,
249.63331998945614,84984,554,752,13713,
249.63338830651233,84983,555,752,13713,
249.63454658991574,84982,556,752,13713,
249.64270849521532,84982,555,753,13713,
249.6434647723005,84982,554,754,13713,
249.64437878078488,84982,554,753,13714,
249.64654642522336,84982,553,754,13714,
249.6465654489886,84982,552,755,13714,
249.64704707740867,84982,552,754,13715,
249.64873356695534,84982,552,753,13716,
249.65105840610687,84982,552,752,13717,
249.6529303984754,84982,551,753,13717,
249.66473929462055,84981,552,753,13717,
249.6694034282132,84980,553,753,13717,
249.66960944199525,84979,554,753,13717,
249.66986844516418,84979,554,752,13718,
249.678287084155,84978,555,752,13718,
249.67886347604343,84978,554,753,13718,
249.67972070207531,84978,554,752,13719,
249.68697409141922,84977,555,752,13719,
249.68741310181557,84977,554,753,13719,
249.69724111840142,84976,555,753,13719,
249.69801240371743,84976,554,754,13719,
249.70317664204697,84975,555,754,13719,
249.7075892453367,84974,556,754,13719,
249.71474451732894,84973,557,754,13719,
249.7157833462654,84973,556,755,13719,
249.71610416284904,84972,557,755,13719,
249.7213194243089,84972,557,754,13720,
249.72872290991072,84972,557,753,13721,
249.72888279028172,84972,556,754,13721,
249.7318217501403,84972,556,753,13722,
249.7402185283749,84971,557,753,13722,
249.74231508981026,84971,557,752,13723,
249.75274761731953,84971,556,753,13723,
249.75581343937918,84970,557,753,13723,
249.7642448757135,84969,558,753,13723,
249.7660025076458,84969,557,754,13723,
249.76855639043706,84969,557,753,13724,
249.77615295475158,84968,558,753,13724,
249.7784829941983,84968,558,752,13725,
249.77896550742628,84967,559,752,13725,
249.780093984642,84966,560,752,13725,
249.78147790767628,84965,561,752,13725,
249.78214489889348,84965,561,751,13726,
249.78321699844622,84965,560,752,13726,
249.78421691172605,84964,561,752,13726,
249.784801767925,84963,562,752,13726,
249.78566440431106,84962,563,752,13726,
249.80182353346748,84961,564,752,13726,
249.80980178917267,84960,565,752,13726,
249.8162568299002,84959,566,752,13726,
249.81760196894288,84958,567,752,13726,
249.81802943350107,84958,566,753,13726,
249.82627474734213,84957,567,753,13726,
249.82668892179288,84957,566,754,13726,
249.82755056130162,84957,565,755,13726,
249.82833993282816,84956,566,755,13726,
249.83304759627293,84955,567,755,13726,
249.83341901144593,84955,566,756,13726,
249.8397238925276,84954,567,756,13726,
249.84402773942776,84954,567,755,13727,
249.85306502483374,84954,566,756,13727,
249.86043490536815,84954,565,757,13727,
249.8626424436606,84954,564,758,13727,
249.86767926674506,84953,565,758,13727,
249.86924839403326,84953,565,757,13728,
249.87059061645962,84953,564,758,13728,
249.88175969271063,84952,565,758,13728,
249.88859495995123,84952,564,759,13728,
249.89133894776808,84952,564,758,13729,
249.89459833855187,84952,563,759,13729,
249.89545299994964,84951,564,759,13729,
249.90376686092353,84951,563,760,13729,
249.90719086956872,84951,563,759,13730,
249.92573220299886,84950,564,759,13730,
249.92783522397306,84949,565,759,13730,
249.9325801677366,84948,566,759,13730,
249.93423621771427,84947,567,759,13730,
249.93617745739763,84947,567,758,13731,
249.94035862076757,84946,568,758,13731,
249.94682396714614,84946,568,757,13732,
249.9482887795375,84945,569,757,13732,
249.94984831218096,84944,570,757,13732,
249.95009784160752,84944,569,758,13732,
249.95464927870879,84944,568,759,13732,
249.9616890227283,84944,568,758,13733,
249.96465040400074,84943,569,758,13733,
249.9723575418526,84943,569,757,13734,
249.97390207372322,84943,568,758,13734,
249.97578060303803,84943,567,759,13734,
249.9801101687521,84942,568,759,13734,
249.98021096625126,84942,568,758,13735,
249.98049964619463,84941,569,758,13735,
249.98572652617412,84941,568,759,13735,
249.98700893135756,84941,567,760,13735,
249.9886719915745,84941,567,759,13736,
249.9890962637892,84940,568,759,13736,
249.99964331383197,84940,568,758,13737,
249.9998458831798,84939,569,758,13737,
250.00718778974576,84939,568,759,13737,
250.0087290361661,84939,567,760,13737,
250.01843692353984,84939,567,759,13738,
250.02113578772008,84938,568,759,13738,
250.02867840913396,84937,569,759,13738,
250.02874356276564,84937,568,760,13738,
250.0297741333368,84937,568,759,13739,
250.03016599627574,84937,568,758,13740,
250.0334926316988,84937,567,759,13740,
250.0365339789084,84937,567,758,13741,
250.0396047000106,84937,567,757,13742,
250.04069845360888,84937,567,756,13743,
250.04088506850746,84937,566,757,13743,
250.04104668908525,84937,565,758,13743,
250.0420353627809,84937,565,757,13744,
250.0498473945692,84936,566,757,13744,
250.05059920669382,84936,566,756,13745,
250.0534521151354,84936,565,757,13745,
250.05433848276616,84935,566,757,13745,
250.0555077541319,84935,566,756,13746,
250.05973317380068,84935,565,757,13746,
250.06004538448994,84934,566,757,13746,
250.06147046777323,84934,565,758,13746,
250.06253411783035,84934,565,757,13747,
250.06344105415084,84934,565,756,13748,
250.0650244284534,84933,566,756,13748,
250.0698076861103,84933,566,755,13749,
250.0703007380116,84933,566,754,13750,
250.07279974978923,84933,565,755,13750,
250.07287729707548,84932,566,755,13750,
250.07463788278585,84931,567,755,13750,
250.07600629260298,84930,568,755,13750,
250.07999576220027,84930,568,754,13751,
250.08029233727783,84930,567,755,13751,
250.08041039579888,84929,568,755,13751,
250.08132652640018,84929,567,756,13751,
250.08146217777272,84929,566,757,13751,
250.0822217728814,84929,566,756,13752,
250.08446442312965,84929,565,757,13752,
250.08927680485948,84929,565,756,13753,
250.08929620064976,84929,564,757,13753,
250.10306727030422,84929,564,756,13754,
250.1052752961417,84928,565,756,13754,
250.11359974427143,84928,565,755,13755,
250.1148519073414,84928,565,754,13756,
250.12171211112357,84928,565,753,13757,
250.1288500886334,84927,566,753,13757,
250.12898350127261,84927,565,754,13757,
250.1353857812812,84926,566,754,13757,
250.14093190422483,84926,565,755,13757,
250.14856225065378,84925,566,755,13757,
250.1568884913819,84924,567,755,13757,
250.18032341563824,84924,566,756,13757,
250.18542229142116,84923,567,756,13757,
250.1898675955542,84922,568,756,13757,
250.19163951463986,84922,567,757,13757,
250.19178631711907,84921,568,757,13757,
250.19235174635654,84921,567,758,13757,
250.19645787569908,84921,566,759,13757,
250.19781916295975,84921,566,758,13758,
250.19954787090518,84921,566,757,13759,
250.20574707814964,84920,567,757,13759,
250.21235809861574,84919,568,757,13759,
250.21334054532457,84919,567,758,13759,
250.21600991950308,84919,567,757,13760,
250.2167026546048,84919,566,758,13760,
250.22180692236822,84919,565,759,13760,
250.2241863377884,84918,566,759,13760,
250.234914593627,84918,565,760,13760,
250.23541391761447,84918,564,761,13760,
250.2361956172652,84918,563,762,13760,
250.24311017002472,84918,562,763,13760,
250.244708672141,84917,563,763,13760,
250.24913520129073,84917,562,764,13760,
250.25249676820616,84917,561,765,13760,
250.25624403593204,84916,562,765,13760,
250.259350070435,84916,562,764,13761,
250.25950116663867,84916,562,763,13762,
250.26264366347317,84916,561,764,13762,
250.26537047109528,84915,562,764,13762,
250.27116382755904,84915,562,763,13763,
250.2724041676382,84915,562,762,13764,
250.27274376920408,84915,561,763,13764,
250.27321211326557,84914,562,763,13764,
250.2746426997117,84914,562,762,13765,
250.28399318069452,84913,563,762,13765,
250.28443119668182,84913,563,761,13766,
250.2916140994253,84913,562,762,13766,
250.30338363251875,84913,562,761,13767,
250.30745030295233,84913,562,760,13768,
250.3088333924889,84913,562,759,13769,
250.31053819796654,84913,562,758,13770,
250.31126035547376,84912,563,758,13770,
250.31925205396476,84912,562,759,13770,
250.3232034105499,84912,562,758,13771,
250.3239212061492,84912,561,759,13771,
250.32545402028825,84911,562,759,13771,
250.328448411572,84910,563,759,13771,
250.33450865340382,84910,562,760,13771,
250.3374052670108,84910,562,759,13772,
250.338461092799,84909,563,759,13772,
250.33990498374175,84908,564,759,13772,
250.33994201154604,84908,563,760,13772,
250.34222668233397,84908,563,759,13773,
250.3424047884961,84907,564,759,13773,
250.3524064877334,84907,563,760,13773,
250.35332619448212,84906,564,760,13773,
250.35759903554887,84905,565,760,13773,
250.35910119105066,84904,566,760,13773,
250.36353388759568,84904,566,759,13774,
250.36534939976718,84903,567,759,13774,
250.36580057938914,84902,568,759,13774,
250.36816933418874,84901,569,759,13774,
250.37075766029224,84900,570,759,13774,
250.37229559636546,84900,569,760,13774,
250.379831836666,84899,570,760,13774,
250.38046725840184,84898,571,760,13774,
250.38063954426727,84898,570,761,13774,
250.3811726289011,84898,569,762,13774,
250.3864907989508,84898,569,761,13775,
250.38687491805786,84898,568,762,13775,
250.3886833895548,84898,567,763,13775,
250.39400475845466,84898,566,764,13775,
250.3993347144637,84897,567,764,13775,
250.4040609551519,84896,568,764,13775,
250.41025017037742,84896,568,763,13776,
250.4129879081194,84896,568,762,13777,
250.4149979613946,84895,569,762,13777,
250.41632643879439,84894,570,762,13777,
250.41677791917797,84894,569,763,13777,
250.4174890586464,84893,570,763,13777,
250.42915046332192,84893,570,762,13778,
250.4304386399581,84893,569,763,13778,
250.43124675960902,84892,570,763,13778,
250.43376737527294,84892,569,764,13778,
250.43604320357585,84891,570,764,13778,
250.4381977846393,84890,571,764,13778,
250.43958170595383,84889,572,764,13778,
250.44565651332232,84889,572,763,13779,
250.44819115370393,84889,571,764,13779,
250.44889820582267,84889,571,763,13780,
250.4497426350562,84888,572,763,13780,
250.452078887614,84888,572,762,13781,
250.45414617925852,84888,571,763,13781,
250.4578926792195,84887,572,763,13781,
250.46182567881013,84887,571,764,13781,
250.46310147592393,84886,572,764,13781,
250.4636125682021,84886,571,765,13781,
250.46434218536248,84886,571,764,13782,
250.4646841933263,84885,572,764,13782,
250.4677567350388,84884,573,764,13782,
250.47337492321196,84883,574,764,13782,
250.49066643195903,84882,575,764,13782,
250.49288703470467,84882,575,763,13783,
250.4967931728307,84882,574,764,13783,
250.49692471326924,84882,574,763,13784,
250.50083585244036,84882,573,764,13784,
250.50758045719576,84882,573,763,13785,
250.50788157971945,84882,573,762,13786,
250.5129224353226,84881,574,762,13786,
250.51588244109578,84881,573,763,13786,
250.5166810487627,84881,573,762,13787,
250.5202597276255,84881,572,763,13787,
250.5244526669283,84881,571,764,13787,
250.52658780245517,84881,570,765,13787,
250.530017667956,84881,570,764,13788,
250.5318972482314,84880,571,764,13788,
250.53441049911683,84879,572,764,13788,
250.53936822912542,84879,572,763,13789,
250.54020603087338,84878,573,763,13789,
250.5407055252455,84877,574,763,13789,
250.54279062748358,84877,573,764,13789,
250.54300591928248,84876,574,764,13789,
250.5430063026016,84876,573,765,13789,
250.54319889709816,84876,572,766,13789,
250.5444429840667,84876,571,767,13789,
250.5452777279408,84876,570,768,13789,
250.5462457010131,84876,569,769,13789,
250.54972452185433,84876,568,770,13789,
250.5524886554547,84876,567,771,13789,
250.5526216456648,84875,568,771,13789,
250.5541808206636,84875,567,772,13789,
250.557338023795,84875,567,771,13790,
250.5645267182918,84875,566,772,13790,
250.56481196399778,84875,565,773,13790,
250.56481844617406,84874,566,773,13790,
250.5653368989917,84874,565,774,13790,
250.57199079464314,84874,565,773,13791,
250.572866725471,84874,564,774,13791,
250.5760251055157,84874,563,775,13791,
250.57656237882588,84874,562,776,13791,
250.5809523849457,84874,561,777,13791,
250.58300386380685,84874,560,778,13791,
250.58506446481096,84874,559,779,13791,
250.5851490477852,84874,558,780,13791,
250.58642101993706,84874,558,779,13792,
250.58652096100985,84873,559,779,13792,
250.5880769119372,84872,560,779,13792,
250.5927869655652,84872,559,780,13792,
250.59318647175004,84871,560,780,13792,
250.59500022932178,84870,561,780,13792,
250.60127425301798,84869,562,780,13792,
250.6013986247532,84868,563,780,13792,
250.60270387843147,84868,562,781,13792,
250.62034342765264,84868,561,782,13792,
250.62054934120977,84867,562,782,13792,
250.6205558033298,84867,561,783,13792,
250.62606882294023,84867,560,784,13792,
250.62626640117608,84867,559,785,13792,
250.62751420467757,84867,559,784,13793,
250.6367285970706,84867,558,785,13793,
250.63848671080424,84867,557,786,13793,
250.64379838596645,84867,556,787,13793,
250.64480620928273,84867,556,786,13794,
250.6494348018342,84867,555,787,13794,
250.65009731383822,84867,555,786,13795,
250.65173208572625,84867,554,787,13795,
250.65267032825588,84866,555,787,13795,
250.65382706150598,84865,556,787,13795,
250.65939342778464,84864,557,787,13795,
250.66145956813347,84864,556,788,13795,
250.6616928087427,84864,556,787,13796,
250.66376795252074,84863,557,787,13796,
250.6641196309572,84863,557,786,13797,
250.66477523335053,84863,556,787,13797,
250.6658358250797,84863,556,786,13798,
250.6706485614479,84863,556,785,13799,
250.67656143231306,84863,556,784,13800,
250.67789601648153,84863,556,783,13801,
250.6824208440668,84862,557,783,13801,
250.6841159604819,84862,556,784,13801,
250.68634531533957,84862,555,785,13801,
250.68964199184956,84861,556,785,13801,
250.69563605930102,84860,557,785,13801,
250.7019026543573,84859,558,785,13801,
250.7051881137237,84858,559,785,13801,
250.70896903046827,84858,559,784,13802,
250.70910903481973,84858,559,783,13803,
250.7105410591419,84858,558,784,13803,
250.71171379434838,84858,557,785,13803,
250.71221350335287,84857,558,785,13803,
250.71284542239982,84857,557,786,13803,
250.7136257075743,84857,557,785,13804,
250.71504867799672,84857,557,784,13805,
250.71750623735272,84856,558,784,13805,
250.71778586680324,84856,557,785,13805,
250.71968448565374,84855,558,785,13805,
250.7272887150388,84855,557,786,13805,
250.7277791934159,84855,557,785,13806,
250.72892431166466,84855,556,786,13806,
250.73097286847172,84854,557,786,13806,
250.73315098230003,84854,556,787,13806,
250.73326351571913,84854,555,788,13806,
250.7379628180476,84854,554,789,13806,
250.74018343603427,84853,555,789,13806,
250.74118458850538,84852,556,789,13806,
250.742146098026,84852,555,790,13806,
250.7436770953685,84851,556,790,13806,
250.74602398064854,84851,555,791,13806,
250.74940525298913,84851,555,790,13807,
250.7515706100497,84851,555,789,13808,
250.75284995511063,84851,555,788,13809,
250.75740400684074,84851,554,789,13809,
250.76387825650997,84851,553,790,13809,
250.76516639434948,84851,553,789,13810,
250.76621176741307,84850,554,789,13810,
250.77096349158933,84850,553,790,13810,
250.78130041947486,84850,552,791,13810,
250.78188733191675,84850,552,790,13811,
250.7837265136068,84850,551,791,13811,
250.7861585013559,84850,551,790,13812,
250.7862002519074,84849,552,790,13812,
250.79119461065324,84849,551,791,13812,
250.7981022535778,84849,551,790,13813,
250.79954118296544,84848,552,790,13813,
250.8009820057001,84848,552,789,13814,
250.80863111335057,84848,552,788,13815,
250.808829971133,84848,551,789,13815,
250.81064695792585,84848,551,788,13816,
250.812441520257,84848,550,789,13816,
250.81318609289218,84848,550,788,13817,
250.8177080069626,84847,551,788,13817,
250.81799978674564,84846,552,788,13817,
250.8222748566979,84845,553,788,13817,
250.82399417058394,84844,554,788,13817,
250.82836150737785,84844,554,787,13818,
250.83225444507374,84844,553,788,13818,
250.83324287163802,84844,552,789,13818,
250.83639359223076,84843,553,789,13818,
250.83839656708497,84843,553,788,13819,
250.83974384437704,84843,552,789,13819,
250.84503725069382,84843,552,788,13820,
250.85259953379574,84842,553,788,13820,
250.85447109838213,84841,554,788,13820,
250.85928133681264,84841,554,787,13821,
250.86181487447783,84841,553,788,13821,
250.86206522534306,84841,552,789,13821,
250.86698621270736,84841,551,790,13821,
250.868545210694,84841,551,789,13822,
250.86981801447212,84840,552,789,13822,
250.87027602158216,84840,551,790,13822,
250.87368801557113,84840,550,791,13822,
250.87406787150982,84840,550,790,13823,
250.87775038211242,84840,549,791,13823,
250.8807356357008,84839,550,791,13823,
250.88203182176122,84838,551,791,13823,
250.88309499076323,84838,551,790,13824,
250.8837402188278,84838,551,789,13825,
250.88490845063632,84838,550,790,13825,
250.88538155973797,84838,550,789,13826,
250.8963653402645,84837,551,789,13826,
250.8989932759227,84836,552,789,13826,
250.90340075814873,84836,552,788,13827,
250.904716438612,84836,552,787,13828,
250.9068952873884,84836,552,786,13829,
250.91144493232542,84836,551,787,13829,
250.91151650019316,84835,552,787,13829,
250.91830165655665,84834,553,787,13829,
250.921527635621,84834,552,788,13829,
250.92845644938524,84833,553,788,13829,
250.9343613003324,84832,554,788,13829,
250.9375645059811,84832,554,787,13830,
250.94518907039222,84832,553,788,13830,
250.9476035701792,84832,553,787,13831,
250.95184591613364,84832,552,788,13831,
250.9565261915985,84832,551,789,13831,
250.96041124267575,84832,551,788,13832,
250.96775343278887,84832,551,787,13833,
250.9678410864689,84831,552,787,13833,
250.97548704763022,84830,553,787,13833,
250.97802589874087,84829,554,787,13833,
250.98288851733702,84828,555,787,13833,
250.984456552697,84828,555,786,13834,
250.9856940464168,84828,555,785,13835,
250.98632430569972,84827,556,785,13835,
250.9914190114074,84827,555,786,13835,
251.00340748481287,84826,556,786,13835,
251.00471420681995,84826,556,785,13836,
251.00676213427397,84826,556,784,13837,
251.01003352639978,84825,557,784,13837,
251.01475429202424,84825,557,783,13838,
251.01754839144817,84825,556,784,13838,
251.0185110510187,84825,555,785,13838,
251.01860529747393,84824,556,785,13838,
251.02162644334285,84824,556,784,13839,
251.02616264885557,84823,557,784,13839,
251.0328985566013,84822,558,784,13839,
251.03917324559444,84821,559,784,13839,
251.03926185152426,84821,559,783,13840,
251.0397451619243,84821,558,784,13840,
251.04035379880756,84821,557,785,13840,
251.04660484322466,84821,556,786,13840,
251.05037395959624,84820,557,786,13840,
251.05434047390779,84819,558,786,13840,
251.05779730365276,84818,559,786,13840,
251.0586827994451,84817,560,786,13840,
251.0636809307387,84816,561,786,13840,
251.0740544752458,84815,562,786,13840,
251.07453426050864,84815,562,785,13841,
251.07483728810786,84815,561,786,13841,
251.07832698302636,84814,562,786,13841,
251.08292106545287,84813,563,786,13841,
251.0863579126882,84813,563,785,13842,
251.09088523046972,84813,562,786,13842,
251.0944206979686,84813,561,787,13842,
251.09662922542623,84812,562,787,13842,
251.09905148761845,84812,561,788,13842,
251.10238041946593,84811,562,788,13842,
251.10314398051202,84810,563,788,13842,
251.10775008558616,84809,564,788,13842,
251.11344330424956,84808,565,788,13842,
251.1275714258203,84807,566,788,13842,
251.13285388595406,84807,565,789,13842,
251.1332359941333,84807,565,788,13843,
251.13674936303227,84806,566,788,13843,
251.1370361554776,84806,565,789,13843,
251.13731895279773,84806,565,788,13844,
251.13938194279044,84806,565,787,13845,
251.14800515831993,84805,566,787,13845,
251.15349952724011,84805,565,788,13845,
251.15593467231642,84805,565,787,13846,
251.15753319890416,84804,566,787,13846,
251.16167749095126,84804,566,786,13847,
251.16840251630285,84803,567,786,13847,
251.17017476589075,84802,568,786,13847,
251.1712500747684,84801,569,786,13847,
251.17590878651674,84801,569,785,13848,
251.17758551098993,84801,569,784,13849,
251.18187759021882,84801,569,783,13850,
251.1849731105713,84801,568,784,13850,
251.1898180942592,84800,569,784,13850,
251.19014768238154,84800,568,785,13850,
251.19181493560527,84800,568,784,13851,
251.19480261659032,84800,567,785,13851,
251.20333774803373,84799,568,785,13851,
251.20384661510295,84798,569,785,13851,
251.20516717740594,84797,570,785,13851,
251.21008420253332,84797,569,786,13851,
251.21561528135697,84796,570,786,13851,
251.21722032705915,84796,570,785,13852,
251.22285430456503,84795,571,785,13852,
251.22354651435683,84794,572,785,13852,
251.2263796640927,84794,572,784,13853,
251.22678778519494,84794,572,783,13854,
251.23512201983692,84794,571,784,13854,
251.23644072256982,84794,571,783,13855,
251.23852473794227,84794,571,782,13856,
251.2406751964849,84794,570,783,13856,
251.2411277024767,84794,569,784,13856,
251.2421032575434,84793,570,784,13856,
251.24277203844753,84793,570,783,13857,
251.2440090461701,84793,570,782,13858,
251.25231743349948,84792,571,782,13858,
251.25397007532519,84791,572,782,13858,
251.26030939796016,84790,573,782,13858,
251.26330816741046,84789,574,782,13858,
251.26542085492875,84788,575,782,13858,
251.26548949162293,84787,576,782,13858,
251.26558392522918,84786,577,782,13858,
251.2675066850301,84786,577,781,13859,
251.28037643323214,84786,576,782,13859,
251.28247982125723,84786,576,781,13860,
251.28413733648873,84786,576,780,13861,
251.28597218806036,84785,577,780,13861,
251.28859685031165,84785,576,781,13861,
251.29949461189779,84785,576,780,13862,
251.30181619742882,84785,575,781,13862,
251.303086660443,84784,576,781,13862,
251.30485053615217,84784,575,782,13862,
251.30541741047884,84783,576,782,13862,
251.3075463749896,84782,577,782,13862,
251.30777762058437,84782,576,783,13862,
251.31293964686833,84782,576,782,13863,
251.31783022895166,84781,577,782,13863,
251.3203296118972,84780,578,782,13863,
251.32117189184842,84780,578,781,13864,
251.32433771823216,84779,579,781,13864,
251.32581260205504,84779,578,782,13864,
251.3281629332384,84779,577,783,13864,
251.32963318084055,84778,578,783,13864,
251.33418187206902,84777,579,783,13864,
251.33672672016414,84777,579,782,13865,
251.34063428569047,84776,580,782,13865,
251.34610066265023,84776,579,783,13865,
251.3506884047968,84776,578,784,13865,
251.35226818930042,84776,577,785,13865,
251.35558025288069,84776,577,784,13866,
251.3556076584099,84776,576,785,13866,
251.36057241246584,84776,575,786,13866,
251.36223627043245,84775,576,786,13866,
251.3633390707284,84775,575,787,13866,
251.36398899215487,84775,574,788,13866,
251.36431890622848,84775,573,789,13866,
251.36501271459937,84775,572,790,13866,
251.3650847138987,84774,573,790,13866,
251.36751930221317,84773,574,790,13866,
251.36812096334705,84773,574,789,13867,
251.3723908841921,84772,575,789,13867,
251.37294591757674,84772,575,788,13868,
251.37980324843747,84772,575,787,13869,
251.38188950091845,84772,574,788,13869,
251.39009292820577,84772,573,789,13869,
251.3919965221072,84771,574,789,13869,
251.39440361199775,84770,575,789,13869,
251.39788080027722,84769,576,789,13869,
251.4010914646481,84769,575,790,13869,
251.40299462906253,84769,575,789,13870,
251.40423046373897,84768,576,789,13870,
251.41284007969352,84767,577,789,13870,
251.4157278544505,84767,577,788,13871,
251.41743377171105,84767,577,787,13872,
251.42420430600367,84767,576,788,13872,
251.42503474484568,84767,576,787,13873,
251.42787059712578,84767,575,788,13873,
251.43213839080067,84767,574,789,13873,
251.43399470768364,84767,574,788,13874,
251.4340850736017,84767,574,787,13875,
251.43460657829584,84766,575,787,13875,
251.43660737546753,84765,576,787,13875,
251.44296776188452,84764,577,787,13875,
251.445208246447,84764,576,788,13875,
251.45092238269783,84764,575,789,13875,
251.4525268042642,84764,574,790,13875,
251.45354950529392,84764,573,791,13875,
251.45797594778278,84764,572,792,13875,
251.4596441115177,84763,573,792,13875,
251.46079502556938,84762,574,792,13875,
251.4622436374318,84761,575,792,13875,
251.46482846335286,84761,575,791,13876,
251.46582534336363,84760,576,791,13876,
251.4688716388557,84760,575,792,13876,
251.4700827171047,84760,574,793,13876,
251.47202725030314,84760,574,792,13877,
251.47222726622556,84759,575,792,13877,
251.48513809059736,84759,575,791,13878,
251.48762938038354,84759,575,790,13879,
251.49227230795984,84758,576,790,13879,
251.49443298683323,84758,576,789,13880,
251.4968220411289,84757,577,789,13880,
251.49704481678972,84756,578,789,13880,
251.50239662395103,84755,579,789,13880,
251.50245054826084,84755,578,790,13880,
251.50307915979383,84755,577,791,13880,
251.50328389170522,84754,578,791,13880,
251.50538596475752,84754,578,790,13881,
251.51366347849313,84753,579,790,13881,
251.51531843186325,84752,580,790,13881,
251.51604648273,84751,581,790,13881,
251.51678834680263,84750,582,790,13881,
251.51919985169812,84749,583,790,13881,
251.5228619026721,84749,582,791,13881,
251.52432916263166,84748,583,791,13881,
251.5247472558862,84747,584,791,13881,
251.53986614047582,84747,584,790,13882,
251.54084932251465,84747,583,791,13882,
251.54280355095176,84746,584,791,13882,
251.5442267108665,84746,584,790,13883,
251.54496209762013,84746,584,789,13884,
251.54580582601736,84746,583,790,13884,
251.54839778805564,84746,583,789,13885,
251.54870115440454,84745,584,789,13885,
251.5520149784736,84745,583,790,13885,
251.55827644975813,84745,583,789,13886,
251.56028515006628,84744,584,789,13886,
251.5691692564831,84744,584,788,13887,
251.57242203520659,84743,585,788,13887,
251.5801646274783,84743,585,787,13888,
251.58346725427285,84743,585,786,13889,
251.58376275941728,84743,584,787,13889,
251.58402288421942,84742,585,787,13889,
251.5857821259913,84742,585,786,13890,
251.5884378933733,84741,586,786,13890,
251.58891216273423,84741,586,785,13891,
251.59409999251056,84741,585,786,13891,
251.59826472440443,84740,586,786,13891,
251.60857862027657,84740,585,787,13891,
251.60899694636169,84740,584,788,13891,
251.6116790074408,84740,583,789,13891,
251.6135450489569,84739,584,789,13891,
251.61441572219047,84739,584,788,13892,
251.62774945327112,84738,585,788,13892,
251.63462431669063,84737,586,788,13892,
251.6437734300855,84737,586,787,13893,
251.64466821065542,84736,587,787,13893,
251.64547083763517,84735,588,787,13893,
251.647484198227,84734,589,787,13893,
251.65581671425167,84734,588,788,13893,
251.6564222632838,84733,589,788,13893,
251.66346078198146,84732,590,788,13893,
251.66402142890345,84732,590,787,13894,
251.66615736694257,84732,589,788,13894,
251.66837939341363,84732,588,789,13894,
251.66932482406136,84732,587,790,13894,
251.67016206241462,84732,587,789,13895,
251.6707209776605,84732,587,788,13896,
251.67182174941496,84731,588,788,13896,
251.6737377026411,84730,589,788,13896,
251.67626496559876,84729,590,788,13896,
251.6795448452414,84728,591,788,13896,
251.68202739066558,84728,590,789,13896,
251.68230199451105,84728,590,788,13897,
251.68328692231745,84728,590,787,13898,
251.68406986986005,84728,590,786,13899,
251.6912757570438,84728,589,787,13899,
251.69347935805447,84727,590,787,13899,
251.69472396370992,84726,591,787,13899,
251.697065449254,84726,590,788,13899,
251.69962585460763,84726,589,789,13899,
251.7024076964417,84725,590,789,13899,
251.70572694935677,84724,591,789,13899,
251.71036711613954,84723,592,789,13899,
251.7186062907705,84723,592,788,13900,
251.7227911228358,84723,592,787,13901,
251.72384545977212,84722,593,787,13901,
251.74074215579975,84722,593,786,13902,
251.74442260107512,84722,593,785,13903,
251.7445015532291,84722,593,784,13904,
251.74469091128773,84722,592,785,13904,
251.75289715348868,84722,591,786,13904,
251.7535608069332,84721,592,786,13904,
251.75409471020353,84721,592,785,13905,
251.75636067917742,84721,591,786,13905,
251.75890708147713,84721,590,787,13905,
251.75905251661453,84720,591,787,13905,
251.76060064097305,84719,592,787,13905,
251.7612708221737,84719,591,788,13905,
251.76682998552607,84719,590,789,13905,
251.77134772433882,84718,591,789,13905,
251.77617186153228,84717,592,789,13905,
251.78492734195763,84716,593,789,13905,
251.7932976471547,84716,593,788,13906,
251.79585406235995,84716,592,789,13906,
251.79659232299468,84716,591,790,13906,
251.80122907052973,84715,592,790,13906,
251.80946115651457,84715,591,791,13906,
251.81008585623934,84715,590,792,13906,
251.8108876204123,84714,591,792,13906,
251.8144541757673,84714,590,793,13906,
251.8145520478319,84714,589,794,13906,
251.8183939486737,84714,589,793,13907,
251.82514827847982,84714,588,794,13907,
251.82793663268265,84714,588,793,13908,
251.8294983909535,84713,589,793,13908,
251.82963696425534,84712,590,793,13908,
251.83154390743465,84711,591,793,13908,
251.83171894218847,84710,592,793,13908,
251.83230411060782,84710,591,794,13908,
251.83419646702285,84710,591,793,13909,
251.8342841236741,84710,590,794,13909,
251.8346328241071,84710,590,793,13910,
251.8376152906031,84709,591,793,13910,
251.84250340805994,84709,591,792,13911,
251.84675211615357,84709,591,791,13912,
251.8479770005406,84709,591,790,13913,
251.8509159815162,84709,591,789,13914,
251.85483182204246,84708,592,789,13914,
251.8622532061315,84708,591,790,13914,
251.862795740624,84708,591,789,13915,
251.86469145974587,84708,590,790,13915,
251.86698801036883,84708,589,791,13915,
251.86784897305284,84708,588,792,13915,
251.8717567310569,84708,587,793,13915,
251.872163000365,84707,588,793,13915,
251.8760224974714,84706,589,793,13915,
251.8773740308876,84705,590,793,13915,
251.8824501447231,84705,590,792,13916,
251.88566215924843,84704,591,792,13916,
251.88661340595982,84703,592,792,13916,
251.88865382046046,84702,593,792,13916,
251.8931762096367,84702,593,791,13917,
251.89344129889324,84702,593,790,13918,
251.902994563468,84702,592,791,13918,
251.90566535388544,84701,593,791,13918,
251.90589306147987,84701,593,790,13919,
251.905895714664,84700,594,790,13919,
251.9202588356719,84700,594,789,13920,
251.92368945742308,84699,595,789,13920,
251.9241606999341,84699,594,790,13920,
251.93768682357296,84699,593,791,13920,
251.93911484812799,84699,593,790,13921,
251.94087800535678,84699,592,791,13921,
251.94226930695015,84698,593,791,13921,
251.94717420413727,84698,593,790,13922,
251.94822552473025,84698,593,789,13923,
251.9509500697648,84697,594,789,13923,
251.9530832321868,84697,594,788,13924,
251.95348409168886,84696,595,788,13924,
251.95931356932508,84695,596,788,13924,
251.96038270003913,84694,597,788,13924,
251.96329446154508,84694,596,789,13924,
251.9636722209002,84694,595,790,13924,
251.96461869904502,84694,595,789,13925,
251.96515761744013,84694,594,790,13925,
251.96904905911848,84694,594,789,13926,
251.96986128613494,84693,595,789,13926,
251.97187907606343,84692,596,789,13926,
251.97228845462828,84692,596,788,13927,
251.97697977834247,84692,595,789,13927,
251.97971470729675,84692,595,788,13928,
251.98419072790435,84692,594,789,13928,
251.99020422678655,84692,594,788,13929,
251.99197775749613,84692,594,787,13930,
251.99868458093914,84692,593,788,13930,
252.006460974569,84691,594,788,13930,
252.00958360577968,84691,594,787,13931,
252.01108154720868,84690,595,787,13931,
252.01974338984292,84690,595,786,13932,
252.0225346455324,84690,594,787,13932,
252.02455282578705,84690,594,786,13933,
252.03119419812265,84690,593,787,13933,
252.03530697378656,84689,594,787,13933,
252.04122929392517,84688,595,787,13933,
252.045072693069,84687,596,787,13933,
252.0461084122809,84687,596,786,13934,
252.05027735366554,84686,597,786,13934,
252.05161877684722,84686,596,787,13934,
252.054031087918,84686,596,786,13935,
252.06134204277967,84686,596,785,13936,
252.07029465195214,84686,595,786,13936,
252.07203212443903,84685,596,786,13936,
252.07515067941677,84685,595,787,13936,
252.0751872148337,84684,596,787,13936,
252.0752744680956,84683,597,787,13936,
252.07754861283445,84683,596,788,13936,
252.0794057992322,84683,595,789,13936,
252.0905263867364,84683,595,788,13937,
252.09063179039146,84683,594,789,13937,
252.09381425919835,84683,594,788,13938,
252.0958569038986,84683,593,789,13938,
252.09728743636728,84682,594,789,13938,
252.10649072625574,84682,594,788,13939,
252.1091093008428,84682,594,787,13940,
252.1116201923415,84682,594,786,13941,
252.11198520363786,84682,593,787,13941,
252.1140112803397,84681,594,787,13941,
252.11429684391547,84680,595,787,13941,
252.11572440751712,84680,595,786,13942,
252.1208443145528,84680,595,785,13943,
252.12197678712766,84679,596,785,13943,
252.1287693615717,84678,597,785,13943,
252.13072411354534,84677,598,785,13943,
252.13396513568784,84677,597,786,13943,
252.13462336450428,84677,597,785,13944,
252.13512571914194,84677,596,786,13944,
252.1419877133521,84677,596,785,13945,
252.14557868777518,84677,595,786,13945,
252.147327916478,84677,595,785,13946,
252.14953293092623,84676,596,785,13946,
252.15224109686096,84675,597,785,13946,
252.15827916086366,84674,598,785,13946,
252.16146641905053,84673,599,785,13946,
252.16181563685885,84672,600,785,13946,
252.1636005350947,84672,600,784,13947,
252.16797960119618,84672,600,783,13948,
252.16992173550204,84671,601,783,13948,
252.17185945429742,84671,600,784,13948,
252.17355221698904,84671,599,785,13948,
252.17546969772425,84671,598,786,13948,
252.1787224779697,84671,598,785,13949,
252.18006742026338,84670,599,785,13949,
252.18278955561718,84670,599,784,13950,
252.18365443106828,84670,598,785,13950,
252.18573146328262,84669,599,785,13950,
252.18862052050562,84669,598,786,13950,
252.18978234158072,84668,599,786,13950,
252.19077557627446,84667,600,786,13950,
252.1909816796571,84667,599,787,13950,
252.2032127169112,84666,600,787,13950,
252.20464631190734,84665,601,787,13950,
252.20734819625528,84665,601,786,13951,
252.20963406400278,84665,600,787,13951,
252.2099269764392,84665,599,788,13951,
252.21340264204886,84665,598,789,13951,
252.21710191507464,84664,599,789,13951,
252.21846748681853,84664,598,790,13951,
252.2230500725309,84664,597,791,13951,
252.2239484863039,84664,596,792,13951,
252.22459925978083,84664,596,791,13952,
252.2253216339284,84663,597,791,13952,
252.2321372840067,84663,597,790,13953,
252.2371204094333,84663,596,791,13953,
252.24001128083194,84663,596,790,13954,
252.24090458830287,84663,596,789,13955,
252.24320015839226,84662,597,789,13955,
252.2472220884724,84661,598,789,13955,
252.25723002822514,84660,599,789,13955,
252.26873235621022,84659,600,789,13955,
252.27346067598876,84659,600,788,13956,
252.27515979484298,84659,599,789,13956,
252.27565221696028,84659,599,788,13957,
252.2760181545692,84659,598,789,13957,
252.27651338872172,84658,599,789,13957,
252.27870265078798,84657,600,789,13957,
252.28129994076332,84656,601,789,13957,
252.28229790547408,84656,601,788,13958,
252.2825090158534,84656,600,789,13958,
252.28280278749827,84655,601,789,13958,
252.28377574661843,84655,600,790,13958,
252.28445146276485,84655,599,791,13958,
252.2846105839938,84655,598,792,13958,
252.28860137784318,84655,597,793,13958,
252.28966477721676,84655,596,794,13958,
252.29029475476383,84655,596,793,13959,
252.2906776902995,84655,595,794,13959,
252.29989193220013,84654,596,794,13959,
252.3037234132003,84653,597,794,13959,
252.30497574115347,84653,596,795,13959,
252.3061810307456,84652,597,795,13959,
252.30919867003422,84652,597,794,13960,
252.31509352425795,84651,598,794,13960,
252.31577198771666,84651,598,793,13961,
252.31685564369056,84651,597,794,13961,
252.31828132898966,84651,596,795,13961,
252.32088594997157,84651,596,794,13962,
252.3213729356866,84650,597,794,13962,
252.3224596346411,84650,596,795,13962,
252.3228049404298,84650,596,794,13963,
252.3295821948291,84650,595,795,13963,
252.33135582920116,84649,596,795,13963,
252.3349433480162,84648,597,795,13963,
252.33634756397274,84648,596,796,13963,
252.33959474292718,84647,597,796,13963,
252.3399174848668,84646,598,796,13963,
252.34137974630946,84646,598,795,13964,
252.34234163695623,84645,599,795,13964,
252.34345984165356,84644,600,795,13964,
252.34990180662484,84644,600,794,13965,
252.35341003724332,84644,599,795,13965,
252.35842618919017,84643,600,795,13965,
252.35884928915226,84643,599,796,13965,
252.36448375195548,84643,599,795,13966,
252.36552401297888,84643,598,796,13966,
252.3688682527823,84643,597,797,13966,
252.372612446461,84643,597,796,13967,
252.37399413464738,84643,596,797,13967,
252.3795206368656,84643,595,798,13967,
252.38206137639352,84642,596,798,13967,
252.38408974487632,84642,595,799,13967,
252.38762159748072,84642,595,798,13968,
252.38871698531042,84642,594,799,13968,
252.3907214916908,84642,593,800,13968,
252.3916253065986,84641,594,800,13968,
252.39262684505348,84640,595,800,13968,
252.39508038236167,84640,595,799,13969,
252.39658499015928,84640,594,800,13969,
252.40174777916639,84640,594,799,13970,
252.4018970172024,84639,595,799,13970,
252.40977090918113,84639,594,800,13970,
252.4101002928064,84639,594,799,13971,
252.41381438620718,84639,594,798,13972,
252.41457789120335,84639,593,799,13972,
252.4246014180418,84638,594,799,13972,
252.42680570440632,84638,594,798,13973,
252.4271295761365,84638,593,799,13973,
252.42750940616114,84638,592,800,13973,
252.430190794918,84637,593,800,13973,
252.43113845117384,84637,593,799,13974,
252.4369336491142,84636,594,799,13974,
252.44081574024358,84636,593,800,13974,
252.4605490724702,84635,594,800,13974,
252.46112751341283,84634,595,800,13974,
252.46184967115445,84634,594,801,13974,
252.4618538199185,84634,593,802,13974,
252.46476297161124,84634,592,803,13974,
252.46971626287063,84633,593,803,13974,
252.47012027510308,84632,594,803,13974,
252.47024355232068,84632,593,804,13974,
252.47035597177154,84631,594,804,13974,
252.47753659426846,84631,594,803,13975,
252.48002597038413,84631,593,804,13975,
252.4824064119111,84631,593,803,13976,
252.48276988410365,84630,594,803,13976,
252.48771377741383,84630,593,804,13976,
252.49373191960242,84629,594,804,13976,
252.4940844037153,84628,595,804,13976,
252.49845583999516,84627,596,804,13976,
252.50062024742604,84627,596,803,13977,
252.50118022004327,84627,596,802,13978,
252.50153149888993,84627,595,803,13978,
252.5021289105633,84626,596,803,13978,
252.50931088513695,84625,597,803,13978,
252.5130325048113,84625,596,804,13978,
252.5152005358509,84625,596,803,13979,
252.51738054900798,84625,596,802,13980,
252.51745805128647,84625,595,803,13980,
252.52124301695966,84625,595,802,13981,
252.5239905439884,84625,594,803,13981,
252.5248990002744,84625,593,804,13981,
252.52836478503912,84625,593,803,13982,
252.52855388902697,84625,592,804,13982,
252.53354956907495,84625,591,805,13982,
252.5335566339546,84625,590,806,13982,
252.53730564534138,84624,591,806,13982,
252.54180160600768,84624,590,807,13982,
252.54389557655932,84624,589,808,13982,
252.54468442567884,84623,590,808,13982,
252.54609411319046,84623,590,807,13983,
252.54629199834153,84623,590,806,13984,
252.54636546294014,84623,589,807,13984,
252.54840823882557,84623,588,808,13984,
252.54982615675908,84622,589,808,13984,
252.55292225534222,84621,590,808,13984,
252.55499727444015,84621,590,807,13985,
252.5559073088874,84620,591,807,13985,
252.55646666036904,84619,592,807,13985,
252.55695973653346,84618,593,807,13985,
252.56025183732586,84618,593,806,13986,
252.56120376692556,84617,594,806,13986,
252.56283299714877,84617,594,805,13987,
252.56384543485004,84617,594,804,13988,
252.56437718974263,84616,595,804,13988,
252.56495029585332,84616,594,805,13988,
252.56679506448768,84615,595,805,13988,
252.56880217156984,84615,595,804,13989,
252.570796066966,84615,594,805,13989,
252.57768061552989,84615,594,804,13990,
252.58402328800705,84615,594,803,13991,
252.5964983144114,84615,593,804,13991,
252.5979722473462,84614,594,804,13991,
252.60008867398034,84614,594,803,13992,
252.60403743535565,84613,595,803,13992,
252.60976800503505,84613,594,804,13992,
252.6114403640023,84613,593,805,13992,
252.61317376936535,84612,594,805,13992,
252.62398725810976,84612,594,804,13993,
252.6246285892777,84612,593,805,13993,
252.6306445325988,84612,592,806,13993,
252.63487957641374,84612,592,805,13994,
252.637665195234,84612,591,806,13994,
252.6461441195886,84611,592,806,13994,
252.64831592716683,84611,591,807,13994,
252.65149875294384,84611,591,806,13995,
252.6555105688316,84611,591,805,13996,
252.6632886230217,84611,591,804,13997,
252.66502133932403,84611,591,803,13998,
252.66725122035885,84611,590,804,13998,
252.67220936067037,84611,589,805,13998,
252.6755242135776,84610,590,805,13998,
252.6778521942076,84610,590,804,13999,
252.67808269975495,84609,591,804,13999,
252.6792973538256,84609,590,805,13999,
252.68481140561087,84609,589,806,13999,
252.6893117344906,84609,589,805,14000,
252.69018833079238,84609,588,806,14000,
252.69141242784605,84609,588,805,14001,
252.69761338766338,84609,587,806,14001,
252.70198336029875,84608,588,806,14001,
252.70770579597195,84608,587,807,14001,
252.7077798691348,84608,586,808,14001,
252.7097555927723,84608,585,809,14001,
252.71979585569912,84608,585,808,14002,
252.72449442362907,84607,586,808,14002,
252.72532269721896,84607,586,807,14003,
252.7266599593421,84606,587,807,14003,
252.73460291792145,84606,586,808,14003,
252.73659721394083,84605,587,808,14003,
252.7382535129232,84605,586,809,14003,
252.7397881801166,84605,585,810,14003,
252.7443885635169,84604,586,810,14003,
252.74440026153076,84604,585,811,14003,
252.74748684986687,84603,586,811,14003,
252.75059668719405,84603,586,810,14004,
252.7507264803905,84602,587,810,14004,
252.7522333066786,84602,587,809,14005,
252.76244896183366,84601,588,809,14005,
252.76485693937784,84600,589,809,14005,
252.76835916314923,84600,588,810,14005,
252.7787790722791,84600,587,811,14005,
252.78243889889796,84600,586,812,14005,
252.78267174636358,84599,587,812,14005,
252.78429876039334,84599,586,813,14005,
252.7856972218795,84599,586,812,14006,
252.78910617118999,84599,585,813,14006,
252.79744440918807,84599,585,812,14007,
252.80141425292663,84598,586,812,14007,
252.80494235088685,84598,585,813,14007,
252.81546660335889,84598,584,814,14007,
252.81978534311617,84597,585,814,14007,
252.821142170024,84596,586,814,14007,
252.82471324470072,84596,586,813,14008,
252.82842091257353,84595,587,813,14008,
252.8297219159336,84595,586,814,14008,
252.83565344859306,84595,586,813,14009,
252.84098984562993,84595,586,812,14010,
252.8450070585144,84594,587,812,14010,
252.84646943318666,84594,586,813,14010,
252.84904956012096,84593,587,813,14010,
252.85004608647142,84592,588,813,14010,
252.85149099334453,84592,587,814,14010,
252.8548996269374,84592,586,815,14010,
252.85778337591603,84592,585,816,14010,
252.8584583446072,84592,585,815,14011,
252.85933261967648,84592,585,814,14012,
252.86068996294384,84592,584,815,14012,
252.86319341791472,84592,584,814,14013,
252.86451479516595,84591,585,814,14013,
252.86575358360136,84590,586,814,14013,
252.86744788356924,84590,586,813,14014,
252.87776417966015,84590,586,812,14015,
252.88370867218373,84590,586,811,14016,
252.89125839183558,84589,587,811,14016,
252.89876970656044,84588,588,811,14016,
252.89999804982162,84588,587,812,14016,
252.9043376802436,84588,587,811,14017,
252.90463008775725,84588,586,812,14017,
252.90633253437923,84587,587,812,14017,
252.91013200805938,84586,588,812,14017,
252.9114997837617,84585,589,812,14017,
252.9203150964316,84584,590,812,14017,
252.92464208000692,84583,591,812,14017,
252.9251992287954,84582,592,812,14017,
252.925747563613,84582,591,813,14017,
252.92873710137098,84581,592,813,14017,
252.92970807416222,84581,592,812,14018,
252.93383194982417,84581,592,811,14019,
252.9346098660075,84580,593,811,14019,
252.9393746118746,84579,594,811,14019,
252.93958881719044,84578,595,811,14019,
252.94730564000912,84578,594,812,14019,
252.94844671525124,84578,594,811,14020,
252.95226244509772,84578,593,812,14020,
252.96288742401723,84577,594,812,14020,
252.96592140870763,84576,595,812,14020,
252.96883327159202,84576,595,811,14021,
252.9698399407285,84576,594,812,14021,
252.9712759789902,84575,595,812,14021,
252.9714645121264,84575,594,813,14021,
252.97590257657916,84574,595,813,14021,
252.97737439719677,84574,595,812,14022,
252.97985560307998,84574,595,811,14023,
252.98014704495233,84574,594,812,14023,
252.9806917404135,84574,593,813,14023,
252.9810316089988,84574,592,814,14023,
252.98367315604858,84574,591,815,14023,
252.9860329086961,84574,591,814,14024,
252.98847684919363,84574,590,815,14024,
252.99167681692077,84574,590,814,14025,
253.00058532862133,84573,591,814,14025,
253.0017266017392,84573,590,815,14025,
253.0064103083607,84572,591,815,14025,
253.0141898560837,84572,591,814,14026,
253.01460849995473,84572,590,815,14026,
253.01696930623797,84572,589,816,14026,
253.02009183858354,84572,588,817,14026,
253.02188610667315,84572,588,816,14027,
253.0259927477312,84571,589,816,14027,
253.0280641738453,84571,589,815,14028,
253.0350783757618,84571,589,814,14029,
253.03739652300442,84570,590,814,14029,
253.03895482710158,84569,591,814,14029,
253.03991381579903,84569,590,815,14029,
253.04104506668068,84568,591,815,14029,
253.04254704289963,84567,592,815,14029,
253.05453659743694,84567,591,816,14029,
253.05999283725447,84567,590,817,14029,
253.06546855292336,84566,591,817,14029,
253.06926631482676,84565,592,817,14029,
253.07072656958357,84565,592,816,14030,
253.09145775769733,84565,592,815,14031,
253.09239351894095,84564,593,815,14031,
253.09280906310607,84563,594,815,14031,
253.09553800953577,84563,593,816,14031,
253.09834008343054,84563,592,817,14031,
253.10164204798093,84562,593,817,14031,
253.10458229262554,84561,594,817,14031,
253.1087380408433,84560,595,817,14031,
253.11015839483406,84559,596,817,14031,
253.1117960509991,84558,597,817,14031,
253.11608483631593,84558,597,816,14032,
253.11889929978284,84558,597,815,14033,
253.12082821370257,84558,596,816,14033,
253.12300360375988,84558,595,817,14033,
253.12505553010718,84558,594,818,14033,
253.12580161097262,84558,594,817,14034,
253.1258701145273,84557,595,817,14034,
253.12917003024455,84557,594,818,14034,
253.13393886913713,84557,594,817,14035,
253.13499554241463,84557,594,816,14036,
253.1403908252152,84556,595,816,14036,
253.14348770463636,84556,595,815,14037,
253.14422711065274,84555,596,815,14037,
253.1454043148022,84555,596,814,14038,
253.14773783601396,84554,597,814,14038,
253.15147256812347,84554,596,815,14038,
253.15169596844862,84554,596,814,14039,
253.15652838143546,84554,596,813,14040,
253.16051079101166,84554,595,814,14040,
253.16106100330327,84554,594,815,14040,
253.16276947454404,84553,595,815,14040,
253.1653753067682,84552,596,815,14040,
253.1720647159431,84551,597,815,14040,
253.1721414085126,84551,597,814,14041,
253.17754014595192,84551,597,813,14042,
253.18177006241558,84551,596,814,14042,
253.18832176090606,84551,595,815,14042,
253.1893890993348,84550,596,815,14042,
253.19055996817107,84550,595,816,14042,
253.19210054862288,84550,594,817,14042,
253.19240616955955,84550,593,818,14042,
253.1957586085909,84550,592,819,14042,
253.19685714021304,84549,593,819,14042,
253.20018678257264,84549,593,818,14043,
253.20193708841938,84549,593,817,14044,
253.202007973447,84548,594,817,14044,
253.20398018870299,84548,593,818,14044,
253.20501312829182,84548,593,817,14045,
253.2056380598762,84548,593,816,14046,
253.20667035895804,84547,594,816,14046,
253.21095678220968,84547,594,815,14047,
253.2122691412572,84546,595,815,14047,
253.21712658987838,84546,595,814,14048,
253.21715941197377,84546,594,815,14048,
253.2174133803286,84545,595,815,14048,
253.21779806931931,84545,594,816,14048,
253.22102661390514,84544,595,816,14048,
253.22368594906078,84543,596,816,14048,
253.22824423979537,84542,597,816,14048,
253.23366185482348,84541,598,816,14048,
253.2338747119929,84540,599,816,14048,
253.23409708358383,84540,599,815,14049,
253.2404488031907,84540,599,814,14050,
253.25035313558402,84540,598,815,14050,
253.25267884954124,84540,597,816,14050,
253.25448075685298,84540,596,817,14050,
253.2579257203461,84540,595,818,14050,
253.25847667002418,84540,595,817,14051,
253.27010273874964,84539,596,817,14051,
253.2704237756716,84539,596,816,14052,
253.27507828879018,84538,597,816,14052,
253.28208128859245,84538,596,817,14052,
253.29432957464064,84537,597,817,14052,
253.2950836909179,84537,597,816,14053,
253.29709028651416,84537,596,817,14053,
253.29859075352192,84536,597,817,14053,
253.3037790778745,84536,597,816,14054,
253.30602661588185,84535,598,816,14054,
253.31830602517283,84534,599,816,14054,
253.3216970916404,84534,599,815,14055,
253.32194796012848,84534,598,816,14055,
253.3229009349718,84534,598,815,14056,
253.32329407300918,84534,597,816,14056,
253.32993494952666,84534,597,815,14057,
253.3326891850875,84534,597,814,14058,
253.33274962572773,84534,597,813,14059,
253.33805902896046,84533,598,813,14059,
253.33847798182782,84533,598,812,14060,
253.3416662396331,84533,598,811,14061,
253.34349564469596,84532,599,811,14061,
253.34366598613644,84531,600,811,14061,
253.344974865202,84531,599,812,14061,
253.34969803728717,84530,600,812,14061,
253.35059351535918,84529,601,812,14061,
253.35201466330616,84529,601,811,14062,
253.3561673288838,84529,601,810,14063,
253.35663184719704,84529,601,809,14064,
253.36298055853962,84528,602,809,14064,
253.3703020666139,84528,602,808,14065,
253.37340018413275,84527,603,808,14065,
253.375660207568,84527,602,809,14065,
253.38318589623898,84526,603,809,14065,
253.38713121215508,84525,604,809,14065,
253.3884458549778,84525,603,810,14065,
253.39038127398751,84524,604,810,14065,
253.39792412900204,84524,603,811,14065,
253.39797281269963,84523,604,811,14065,
253.39992822997075,84522,605,811,14065,
253.40186931119345,84522,605,810,14066,
253.40190898947736,84522,604,811,14066,
253.4023448791739,84522,604,810,14067,
253.40255139981224,84522,604,809,14068,
253.40499634228271,84522,603,810,14068,
253.40844577663546,84522,602,811,14068,
253.4089568179987,84521,603,811,14068,
253.4114252975815,84521,603,810,14069,
253.4181673407675,84521,603,809,14070,
253.42263094311772,84520,604,809,14070,
253.42318662899106,84520,603,810,14070,
253.4265876272809,84520,603,809,14071,
253.4270134461283,84519,604,809,14071,
253.4278609406346,84519,603,810,14071,
253.4289675209938,84519,603,809,14072,
253.42939115848975,84518,604,809,14072,
253.4406108643767,84518,604,808,14073,
253.4454114173346,84518,604,807,14074,
253.44807187699237,84518,604,806,14075,
253.45534214976135,84518,603,807,14075,
253.4553769515292,84518,603,806,14076,
253.46133889155573,84517,604,806,14076,
253.4616297286697,84516,605,806,14076,
253.46405885285395,84515,606,806,14076,
253.4666932763048,84515,606,805,14077,
253.47338501377777,84515,606,804,14078,
253.47448145610142,84515,605,805,14078,
253.47798557555993,84514,606,805,14078,
253.4781981586631,84513,607,805,14078,
253.48031963251378,84512,608,805,14078,
253.48434557981778,84512,607,806,14078,
253.4971219700822,84512,607,805,14079,
253.49760337374263,84512,607,804,14080,
253.49855754450243,84512,607,803,14081,
253.4987878980176,84511,608,803,14081,
253.50080754234304,84510,609,803,14081,
253.50388269701773,84510,609,802,14082,
253.505533005363,84509,610,802,14082,
253.52642583920624,84508,611,802,14082,
253.53389781778858,84508,610,803,14082,
253.53455401191917,84508,609,804,14082,
253.53621174901951,84507,610,804,14082,
253.53682500948207,84507,610,803,14083,
253.53923926967954,84507,610,802,14084,
253.5423916987035,84507,609,803,14084,
253.54263768686553,84507,609,802,14085,
253.54330950457967,84507,609,801,14086,
253.54399096411422,84506,610,801,14086,
253.54639378995353,84505,611,801,14086,
253.5490907114251,84504,612,801,14086,
253.55240760473674,84504,611,802,14086,
253.5533797819374,84504,611,801,14087,
253.5556028367314,84504,610,802,14087,
253.55577542294787,84504,609,803,14087,
253.5655996150224,84503,610,803,14087,
253.56821390854796,84503,609,804,14087,
253.5693523171447,84503,609,803,14088,
253.57141137637328,84503,608,804,14088,
253.57225504812703,84503,608,803,14089,
253.57227246428943,84503,608,802,14090,
253.57401239521388,84503,608,801,14091,
253.5749161040739,84502,609,801,14091,
253.57535938727605,84502,609,800,14092,
253.5805712032096,84502,609,799,14093,
253.5808020267519,84501,610,799,14093,
253.59030202342686,84501,610,798,14094,
253.59250271920047,84501,609,799,14094,
253.59313968494035,84501,609,798,14095,
253.59462831219386,84501,608,799,14095,
253.5954813627227,84501,607,800,14095,
253.59708260986508,84500,608,800,14095,
253.59938078654343,84499,609,800,14095,
253.60016785140382,84499,609,799,14096,
253.60516063736307,84499,609,798,14097,
253.6061203608712,84499,609,797,14098,
253.60839379718723,84499,609,796,14099,
253.60875859378544,84499,609,795,14100,
253.61020241387322,84498,610,795,14100,
253.61050807570982,84497,611,795,14100,
253.6105317202076,84497,610,796,14100,
253.6112731063869,84497,609,797,14100,
253.6240278348646,84497,608,798,14100,
253.62500582399548,84497,607,799,14100,
253.6293331596791,84497,606,800,14100,
253.6300961916649,84497,605,801,14100,
253.63023410457546,84497,604,802,14100,
253.63275152710267,84496,605,802,14100,
253.63437513321605,84496,604,803,14100,
253.63827766680527,84496,603,804,14100,
253.64686156388137,84495,604,804,14100,
253.65010125108535,84495,603,805,14100,
253.65012100047414,84494,604,805,14100,
253.6579700393992,84493,605,805,14100,
253.65842883006178,84492,606,805,14100,
253.66121459713622,84492,606,804,14101,
253.66397660748447,84492,606,803,14102,
253.66581192156954,84492,606,802,14103,
253.66791176791176,84492,605,803,14103,
253.67027364724783,84492,605,802,14104,
253.67144260240224,84492,605,801,14105,
253.67473599905267,84492,604,802,14105,
253.6750196011254,84492,603,803,14105,
253.6831513688808,84491,604,803,14105,
253.69255398412324,84491,603,804,14105,
253.69503384658336,84491,602,805,14105,
253.6970631518356,84491,602,804,14106,
253.70182992443702,84491,602,803,14107,
253.70331613888067,84491,602,802,14108,
253.7039509183826,84490,603,802,14108,
253.70405434412686,84489,604,802,14108,
253.7073359976274,84489,604,801,14109,
253.70838613857052,84488,605,801,14109,
253.71050804921458,84488,605,800,14110,
253.7213474680782,84487,606,800,14110,
253.72786990580573,84486,607,800,14110,
253.73040205472128,84486,606,801,14110,
253.73282171044778,84485,607,801,14110,
253.73709663480128,84485,607,800,14111,
253.73798114560006,84485,606,801,14111,
253.7427530281843,84484,607,801,14111,
253.74958358416566,84484,606,802,14111,
253.755318491069,84484,606,801,14112,
253.75732050032167,84483,607,801,14112,
253.75897866884355,84482,608,801,14112,
253.7593107730068,84482,608,800,14113,
253.76377520250375,84482,607,801,14113,
253.7664697498896,84482,606,802,14113,
253.7685026749696,84482,606,801,14114,
253.77022788156683,84482,605,802,14114,
253.77040010532588,84482,605,801,14115,
253.7736168997836,84482,604,802,14115,
253.77374938358446,84482,603,803,14115,
253.77771654551486,84481,604,803,14115,
253.78026623855692,84481,604,802,14116,
253.78347449977423,84480,605,802,14116,
253.7882927115395,84479,606,802,14116,
253.7924659456524,84479,605,803,14116,
253.79813991163763,84479,604,804,14116,
253.79900787488882,84478,605,804,14116,
253.79940015809157,84477,606,804,14116,
253.80145258581663,84477,606,803,14117,
253.80970326809327,84477,605,804,14117,
253.82038658321514,84476,606,804,14117,
253.82524029606003,84476,605,805,14117,
253.82618969760742,84475,606,805,14117,
253.82811819695655,84474,607,805,14117,
253.83018463491126,84474,606,806,14117,
253.83504555191334,84474,606,805,14118,
253.83638145847095,84473,607,805,14118,
253.83968146656161,84473,607,804,14119,
253.84086594469014,84473,606,805,14119,
253.8409587098667,84472,607,805,14119,
253.84230399637207,84472,606,806,14119,
253.84239467450553,84471,607,806,14119,
253.84521673205964,84470,608,806,14119,
253.84650167343725,84470,607,807,14119,
253.85249619163034,84469,608,807,14119,
253.85572709747777,84469,608,806,14120,
253.85611096135187,84469,608,805,14121,
253.86830230948513,84468,609,805,14121,
253.87112167996062,84468,608,806,14121,
253.88458195028124,84468,607,807,14121,
253.8859986214602,84468,607,806,14122,
253.88675571886947,84468,606,807,14122,
253.89028037572385,84468,605,808,14122,
253.90140915032165,84468,605,807,14123,
253.90435386722618,84467,606,807,14123,
253.9070870244757,84467,605,808,14123,
253.9115782935885,84466,606,808,14123,
253.9157421665257,84465,607,808,14123,
253.91815991581478,84465,607,807,14124,
253.9184747151337,84464,608,807,14124,
253.92287917757145,84463,609,807,14124,
253.9272862550677,84462,610,807,14124,
253.9293583885933,84461,611,807,14124,
253.93241734809112,84460,612,807,14124,
253.9335341016834,84460,611,808,14124,
253.93405776350727,84460,611,807,14125,
253.93548644761225,84460,610,808,14125,
253.94038412560826,84459,611,808,14125,
253.9411919743091,84459,611,807,14126,
253.9424683566133,84458,612,807,14126,
253.94425256359594,84458,612,806,14127,
253.94545460785073,84457,613,806,14127,
253.94669526570462,84456,614,806,14127,
253.9489017455602,84456,614,805,14128,
253.95217399072817,84456,614,804,14129,
253.95281894582305,84456,614,803,14130,
253.95549189449784,84456,613,804,14130,
253.9565124704456,84455,614,804,14130,
253.96112493486797,84455,614,803,14131,
253.9638684911314,84455,614,802,14132,
253.96541757593502,84455,613,803,14132,
253.96544227776104,84454,614,803,14132,
253.9661887898111,84453,615,803,14132,
253.97400021478688,84453,614,804,14132,
253.97619972817716,84452,615,804,14132,
253.97896986503014,84451,616,804,14132,
253.98049159430005,84451,615,805,14132,
253.98722189286087,84451,615,804,14133,
253.98734378446125,84451,614,805,14133,
253.98908401400084,84451,613,806,14133,
253.98933686832817,84451,612,807,14133,
253.99319467735071,84450,613,807,14133,
253.9979844511882,84450,613,806,14134,
253.9994187233055,84450,612,807,14134,
254.00580885410193,84450,612,806,14135,
254.01009105460582,84449,613,806,14135,
254.01336720601506,84449,612,807,14135,
254.01621176474012,84448,613,807,14135,
254.02207169269988,84448,612,808,14135,
254.02427406384973,84447,613,808,14135,
254.0250419324178,84446,614,808,14135,
254.02722466464655,84446,614,807,14136,
254.0283980136754,84446,613,808,14136,
254.03105364371658,84446,613,807,14137,
254.03187829775166,84446,612,808,14137,
254.0321316319149,84446,611,809,14137,
254.03582574611252,84446,610,810,14137,
254.03625067984393,84446,609,811,14137,
254.04325994054017,84446,609,810,14138,
254.0434855925789,84445,610,810,14138,
254.04477766247027,84445,609,811,14138,
254.04541643619942,84444,610,811,14138,
254.04730607799715,84444,610,810,14139,
254.0560156071645,84444,610,809,14140,
254.06254048775838,84444,610,808,14141,
254.06651888282101,84443,611,808,14141,
254.0665475210762,84442,612,808,14141,
254.0687865701512,84442,612,807,14142,
254.07055037925886,84441,613,807,14142,
254.07095133522517,84441,612,808,14142,
254.07146493034668,84441,611,809,14142,
254.0732566633442,84441,611,808,14143,
254.0736462546357,84440,612,808,14143,
254.0756359265394,84440,612,807,14144,
254.07799000617294,84440,612,806,14145,
254.0821768346732,84439,613,806,14145,
254.08246487831653,84439,613,805,14146,
254.08470913327545,84439,612,806,14146,
254.08800293573736,84439,611,807,14146,
254.09504881453546,84439,610,808,14146,
254.09626546795624,84439,609,809,14146,
254.10125613558137,84439,608,810,14146,
254.10183760648806,84438,609,810,14146,
254.10205894526612,84437,610,810,14146,
254.10302612792768,84436,611,810,14146,
254.10602370623047,84435,612,810,14146,
254.1121863325395,84435,612,809,14147,
254.11492917073474,84434,613,809,14147,
254.11637352452559,84433,614,809,14147,
254.11659964028726,84433,614,808,14148,
254.1231768998351,84433,613,809,14148,
254.12745934965693,84433,612,810,14148,
254.12772902545456,84433,611,811,14148,
254.1300024340023,84432,612,811,14148,
254.13159049228656,84432,612,810,14149,
254.13485083049588,84432,611,811,14149,
254.14963700034716,84432,610,812,14149,
254.15458405371317,84431,611,812,14149,
254.15479751187178,84430,612,812,14149,
254.15854943984002,84430,611,813,14149,
254.1607682245178,84430,610,814,14149,
254.16389895593053,84430,610,813,14150,
254.16631458651287,84430,609,814,14150,
254.16944700069052,84429,610,814,14150,
254.16987675629088,84429,610,813,14151,
254.17210159168374,84429,609,814,14151,
254.17238322352907,84429,609,813,14152,
254.17509451246121,84428,610,813,14152,
254.1754739799675,84427,611,813,14152,
254.17602313514536,84427,611,812,14153,
254.1772941010907,84427,611,811,14154,
254.17857029460887,84426,612,811,14154,
254.18579738752987,84425,613,811,14154,
254.19135531181036,84425,613,810,14155,
254.19834669857602,84425,612,811,14155,
254.19854924711922,84425,611,812,14155,
254.2090330344926,84424,612,812,14155,
254.21038303200808,84424,611,813,14155,
254.21344755872155,84424,611,812,14156,
254.21695994972274,84423,612,812,14156,
254.2264142892556,84423,611,813,14156,
254.22675681015545,84423,610,814,14156,
254.22746856698245,84423,609,815,14156,
254.23114927516602,84423,608,816,14156,
254.2337515656584,84423,608,815,14157,
254.23554921321633,84423,608,814,14158,
254.2436773730432,84422,609,814,14158,
254.24515516007656,84422,609,813,14159,
254.2552256040418,84422,609,812,14160,
254.2561178432074,84421,610,812,14160,
254.26034182269726,84420,611,812,14160,
254.2644739650698,84419,612,812,14160,
254.26464407260616,84419,612,811,14161,
254.26672362118398,84419,611,812,14161,
254.2692949010553,84418,612,812,14161,
254.27341156860632,84418,612,811,14162,
254.27391503160294,84418,611,812,14162,
254.27412285879328,84417,612,812,14162,
254.27452030273605,84417,611,813,14162,
254.27865671631247,84416,612,813,14162,
254.2805236912558,84415,613,813,14162,
254.28099226302172,84415,613,812,14163,
254.28137251152665,84415,612,813,14163,
254.28216159029552,84415,612,812,14164,
254.28488547263152,84415,612,811,14165,
254.29045767564597,84414,613,811,14165,
254.29127565902505,84414,612,812,14165,
254.29394882518602,84414,612,811,14166,
254.29676407017578,84414,612,810,14167,
254.29676932403603,84414,611,811,14167,
254.3041821102508,84413,612,811,14167,
254.31079557544692,84413,611,812,14167,
254.31469652095168,84413,611,811,14168,
254.31538515472417,84413,610,812,14168,
254.3188898748809,84412,611,812,14168,
254.3189458078496,84412,610,813,14168,
254.32217180649886,84411,611,813,14168,
254.32251751096044,84411,610,814,14168,
254.32343133166182,84411,610,813,14169,
254.3250787881791,84410,611,813,14169,
254.32574751136778,84410,610,814,14169,
254.32684793282698,84409,611,814,14169,
254.3273188978504,84409,611,813,14170,
254.3274319926931,84408,612,813,14170,
254.3318405913209,84408,611,814,14170,
254.3319095557402,84408,610,815,14170,
254.33941887621373,84408,610,814,14171,
254.3464482338145,84407,611,814,14171,
254.35557876648764,84407,611,813,14172,
254.37657969276583,84407,610,814,14172,
254.37802305706612,84406,611,814,14172,
254.37833390427915,84406,610,815,14172,
254.37876060370982,84406,609,816,14172,
254.38423119685834,84405,610,816,14172,
254.38618837688173,84405,609,817,14172,
254.3921414843324,84404,610,817,14172,
254.4017702257645,84403,611,817,14172,
254.40598530006952,84402,612,817,14172,
254.40954100623333,84402,611,818,14172,
254.4164257270353,84401,612,818,14172,
254.4188193628112,84401,611,819,14172,
254.42012576202376,84401,611,818,14173,
254.42291864045586,84401,611,817,14174,
254.43293855405093,84400,612,817,14174,
254.434936253283,84399,613,817,14174,
254.43513414687988,84398,614,817,14174,
254.4390980129059,84398,614,816,14175,
254.43925555055208,84397,615,816,14175,
254.44026261053187,84397,614,817,14175,
254.4426841072825,84397,613,818,14175,
254.44335724835616,84397,612,819,14175,
254.44475506024588,84397,612,818,14176,
254.4497660412326,84397,611,819,14176,
254.44982742585395,84396,612,819,14176,
254.45239540287568,84396,612,818,14177,
254.45463755309004,84395,613,818,14177,
254.456090831215,84395,612,819,14177,
254.45709681060794,84394,613,819,14177,
254.45850951183667,84393,614,819,14177,
254.46104381959074,84393,613,820,14177,
254.4614677491357,84393,612,821,14177,
254.46361875538716,84392,613,821,14177,
254.46740361728533,84392,613,820,14178,
254.46917786907915,84391,614,820,14178,
254.47503033195,84391,614,819,14179,
254.47623392525992,84391,614,818,14180,
254.48217493674824,84391,613,819,14180,
254.4841347650742,84390,614,819,14180,
254.49372421536177,84390,614,818,14181,
254.4975488480783,84390,613,819,14181,
254.50167387952666,84390,613,818,14182,
254.50172406697453,84389,614,818,14182,
254.50369628991237,84389,613,819,14182,
254.5043730772714,84388,614,819,14182,
254.50773890794576,84387,615,819,14182,
254.51108908991574,84387,615,818,14183,
254.5126342354199,84387,615,817,14184,
254.51324455111657,84387,614,818,14184,
254.51333528886167,84387,614,817,14185,
254.5231804659976,84387,613,818,14185,
254.52319418589724,84386,614,818,14185,
254.52520088380257,84386,614,817,14186,
254.52684007779075,84386,614,816,14187,
254.53339925179435,84386,613,817,14187,
254.5364297716773,84386,612,818,14187,
254.54012472661069,84385,613,818,14187,
254.5433899280917,84385,613,817,14188,
254.54431987665066,84384,614,817,14188,
254.54510923927762,84384,613,818,14188,
254.5469912194686,84384,613,817,14189,
254.547716941274,84384,612,818,14189,
254.54853187064592,84384,612,817,14190,
254.5521840136606,84384,612,816,14191,
254.55536434899963,84384,612,815,14192,
254.55629665346243,84383,613,815,14192,
254.5606903664969,84382,614,815,14192,
254.56681648061493,84382,613,816,14192,
254.57318550405378,84382,612,817,14192,
254.58094469345366,84382,612,816,14193,
254.58223759648521,84381,613,816,14193,
254.59068410589913,84380,614,816,14193,
254.5951558947852,84379,615,816,14193,
254.59526837435087,84378,616,816,14193,
254.59893206553627,84378,616,815,14194,
254.6049188859525,84377,617,815,14194,
254.61083813606007,84376,618,815,14194,
254.6133566677836,84376,617,816,14194,
254.61697736766664,84375,618,816,14194,
254.61953245939338,84374,619,816,14194,
254.6316499759376,84374,618,817,14194,
254.6344996208894,84373,619,817,14194,
254.63916755861766,84372,620,817,14194,
254.63933649882065,84372,620,816,14195,
254.64048254246595,84372,619,817,14195,
254.64317809645507,84371,620,817,14195,
254.6442362671766,84370,621,817,14195,
254.6463913879952,84370,621,816,14196,
254.65267185594297,84370,620,817,14196,
254.6555800432198,84369,621,817,14196,
254.656108212322,84369,620,818,14196,
254.6625977938736,84369,619,819,14196,
254.66300036888634,84369,618,820,14196,
254.66857935714526,84369,618,819,14197,
254.67089998114713,84369,617,820,14197,
254.68500690905952,84369,616,821,14197,
254.68935486179896,84369,615,822,14197,
254.69643034683304,84369,615,821,14198,
254.6965955418469,84369,615,820,14199,
254.7001451600894,84369,614,821,14199,
254.70337238063473,84368,615,821,14199,
254.70502100242882,84368,614,822,14199,
254.7079583919227,84367,615,822,14199,
254.70844968167208,84367,615,821,14200,
254.70962637966997,84367,614,822,14200,
254.7124255236898,84366,615,822,14200,
254.71418640324347,84366,614,823,14200,
254.7155435902328,84365,615,823,14200,
254.71944579556614,84365,614,824,14200,
254.72081453718496,84365,613,825,14200,
254.72331834467838,84364,614,825,14200,
254.72379606921305,84364,614,824,14201,
254.72452716498623,84364,614,823,14202,
254.72452785328653,84364,613,824,14202,
254.72822416726518,84363,614,824,14202,
254.72823983993578,84363,614,823,14203,
254.7284936444433,84363,614,822,14204,
254.7289153866039,84362,615,822,14204,
254.7325794308411,84362,614,823,14204,
254.7339945645972,84361,615,823,14204,
254.7352268064194,84361,614,824,14204,
254.73841578877062,84361,614,823,14205,
254.74108504913568,84361,613,824,14205,
254.7417307739698,84361,612,825,14205,
254.74780801909748,84361,612,824,14206,
254.74888460022777,84361,611,825,14206,
254.75127958495227,84361,610,826,14206,
254.75264794072825,84361,610,825,14207,
254.75314478693252,84360,611,825,14207,
254.75327856067355,84359,612,825,14207,
254.76985479027385,84359,611,826,14207,
254.77035850125307,84358,612,826,14207,
254.7798489643341,84358,612,825,14208,
254.78345505431318,84358,612,824,14209,
254.80081114128092,84358,612,823,14210,
254.8030286657443,84358,612,822,14211,
254.8047158630135,84358,611,823,14211,
254.8124757966998,84357,612,823,14211,
254.81328331640313,84357,611,824,14211,
254.8155245394373,84356,612,824,14211,
254.8169416578335,84356,612,823,14212,
254.8170804666795,84356,611,824,14212,
254.8335395086728,84356,611,823,14213,
254.83427328705906,84355,612,823,14213,
254.83473951718398,84355,612,822,14214,
254.83490572644936,84355,612,821,14215,
254.83604571758363,84355,612,820,14216,
254.8369212524655,84355,611,821,14216,
254.84004448362703,84354,612,821,14216,
254.84033002419937,84354,612,820,14217,
254.84216261063108,84353,613,820,14217,
254.84454366729804,84352,614,820,14217,
254.84739301220202,84351,615,820,14217,
254.84899277917683,84350,616,820,14217,
254.84928118884903,84350,615,821,14217,
254.85361680559313,84349,616,821,14217,
254.85818165473617,84349,615,822,14217,
254.85922858583305,84349,614,823,14217,
254.86111185743488,84349,614,822,14218,
254.86118680610878,84349,613,823,14218,
254.86871016214056,84349,612,824,14218,
254.87758870159007,84349,612,823,14219,
254.88280791462526,84349,612,822,14220,
254.8854526920867,84349,611,823,14220,
254.88560387359064,84349,611,822,14221,
254.88957873480732,84349,610,823,14221,
254.88968863366858,84349,609,824,14221,
254.8915350396501,84349,609,823,14222,
254.89368037196328,84349,608,824,14222,
254.89463395275362,84349,607,825,14222,
254.8947965026669,84348,608,825,14222,
254.89501466171578,84348,608,824,14223,
254.89917372372875,84348,608,823,14224,
254.904144984742,84348,607,824,14224,
254.90467575799957,84348,606,825,14224,
254.90894567435086,84348,605,826,14224,
254.9092910637669,84348,604,827,14224,
254.91508023309345,84348,603,828,14224,
254.9195009002717,84348,603,827,14225,
254.92014566915273,84347,604,827,14225,
254.9342145778485,84347,603,828,14225,
254.93442579783857,84347,603,827,14226,
254.9357012349884,84347,602,828,14226,
254.93684843841336,84347,601,829,14226,
254.94199873628693,84347,601,828,14227,
254.9435301619486,84346,602,828,14227,
254.94958246353042,84346,602,827,14228,
254.9505008966712,84345,603,827,14228,
254.95126269578728,84345,602,828,14228,
254.9519922739045,84345,601,829,14228,
254.9528459837489,84344,602,829,14228,
254.95312822983047,84344,602,828,14229,
254.9597270085573,84344,601,829,14229,
254.96822681381178,84343,602,829,14229,
254.97392183152417,84343,602,828,14230,
254.9759293982928,84343,601,829,14230,
254.97828960196844,84343,600,830,14230,
254.97838250353544,84342,601,830,14230,
254.97921911994175,84342,600,831,14230,
254.9838263742782,84342,600,830,14231,
254.98474556514023,84342,599,831,14231,
254.98713386215198,84342,598,832,14231,
254.99237612278233,84342,597,833,14231,
254.99456207810582,84342,597,832,14232,
254.99563825172098,84341,598,832,14232,
254.99699329831873,84340,599,832,14232,
254.99796255080102,84340,598,833,14232,
254.99797801220592,84339,599,833,14232,
255.00650889779806,84339,599,832,14233,
255.00724326089548,84339,599,831,14234,
255.01142595460394,84339,598,832,14234,
255.01293552672186,84339,597,833,14234,
255.01591101984044,84338,598,833,14234,
255.01723210382048,84337,599,833,14234,
255.01924134866266,84337,598,834,14234,
255.0198802177014,84336,599,834,14234,
255.0217705525994,84336,599,833,14235,
255.02553798761355,84336,599,832,14236,
255.02606450176964,84336,598,833,14236,
255.0325948062239,84336,598,832,14237,
255.0354765900808,84335,599,832,14237,
255.03977518508114,84335,599,831,14238,
255.05001627867537,84334,600,831,14238,
255.05169786822864,84334,600,830,14239,
255.05837315361484,84334,599,831,14239,
255.06003555359104,84334,598,832,14239,
255.0622703819398,84333,599,832,14239,
255.0659175930219,84333,598,833,14239,
255.06593978449152,84333,597,834,14239,
255.07704141815373,84333,596,835,14239,
255.08512709929872,84332,597,835,14239,
255.09054158260597,84332,596,836,14239,
255.09116840688677,84332,596,835,14240,
255.0970526859893,84332,595,836,14240,
255.09743808572213,84331,596,836,14240,
255.1000020396886,84330,597,836,14240,
255.10108860992642,84330,597,835,14241,
255.10207675852075,84330,596,836,14241,
255.10277303438835,84330,595,837,14241,
255.10286552827435,84329,596,837,14241,
255.1039794730343,84329,596,836,14242,
255.1054907578355,84329,596,835,14243,
255.10576008846084,84328,597,835,14243,
255.10665054553021,84328,596,836,14243,
255.10848089342767,84328,595,837,14243,
255.1088720127712,84328,595,836,14244,
255.11185030757647,84328,595,835,14245,
255.11301770358358,84328,595,834,14246,
255.12386431064874,84327,596,834,14246,
255.1249966996425,84327,596,833,14247,
255.1258981613202,84327,596,832,14248,
255.12792358423803,84327,595,833,14248,
255.13121132875858,84327,594,834,14248,
255.13136818535835,84326,595,834,14248,
255.13208371559557,84326,594,835,14248,
255.13776749611003,84325,595,835,14248,
255.142940129538,84325,594,836,14248,
255.14480455136143,84325,593,837,14248,
255.14584994774862,84325,593,836,14249,
255.14952049692621,84324,594,836,14249,
255.15141190424103,84323,595,836,14249,
255.1515091917776,84322,596,836,14249,
255.1546015572532,84321,597,836,14249,
255.15772852933233,84321,597,835,14250,
255.15912056861418,84320,598,835,14250,
255.1597622137126,84319,599,835,14250,
255.16087476318756,84319,599,834,14251,
255.16115198045625,84319,598,835,14251,
255.16225926927595,84319,598,834,14252,
255.16747985937997,84318,599,834,14252,
255.17258058001048,84318,599,833,14253,
255.17525607322,84318,598,834,14253,
255.1773512636672,84318,597,835,14253,
255.17928924886448,84318,596,836,14253,
255.18009063603614,84317,597,836,14253,
255.18057159545046,84316,598,836,14253,
255.1829477270122,84315,599,836,14253,
255.1892008622351,84315,599,835,14254,
255.1908648843644,84315,599,834,14255,
255.19318411088315,84315,598,835,14255,
255.19627912854705,84315,597,836,14255,
255.196789817522,84315,597,835,14256,
255.19746622780298,84315,596,836,14256,
255.19770459127233,84315,596,835,14257,
255.19864960201068,84314,597,835,14257,
255.19893582042238,84314,596,836,14257,
255.2019029202497,84314,595,837,14257,
255.20660106253814,84314,595,836,14258,
255.206797211095,84314,594,837,14258,
255.20719908387215,84313,595,837,14258,
255.20929264962592,84313,594,838,14258,
255.21178133824316,84313,594,837,14259,
255.21865285123786,84313,593,838,14259,
255.2210368012534,84313,592,839,14259,
255.22187168166258,84313,591,840,14259,
255.2232852786176,84312,592,840,14259,
255.23237169203986,84312,591,841,14259,
255.23337930206944,84312,590,842,14259,
255.23443689012635,84311,591,842,14259,
255.23591750092095,84311,590,843,14259,
255.23929725087038,84311,589,844,14259,
255.24350192344136,84310,590,844,14259,
255.25413614835944,84309,591,844,14259,
255.2574648986809,84309,590,845,14259,
255.25876736614816,84309,589,846,14259,
255.26116868766363,84308,590,846,14259,
255.26380007110802,84308,589,847,14259,
255.26444459221918,84307,590,847,14259,
255.26589399713066,84306,591,847,14259,
255.26636524781284,84305,592,847,14259,
255.26759033305055,84305,592,846,14260,
255.27694039788906,84304,593,846,14260,
255.2864410080742,84303,594,846,14260,
255.288715580346,84302,595,846,14260,
255.29123838329593,84302,594,847,14260,
255.29380826665366,84302,593,848,14260,
255.29539738654518,84301,594,848,14260,
255.29611739327117,84301,593,849,14260,
255.29634024978728,84301,592,850,14260,
255.30054545795215,84300,593,850,14260,
255.30212774891612,84300,593,849,14261,
255.30487445783692,84299,594,849,14261,
255.30875338148388,84299,594,848,14262,
255.3108222917037,84298,595,848,14262,
255.3108878092394,84297,596,848,14262,
255.31090603312623,84296,597,848,14262,
255.3169145116535,84296,596,849,14262,
255.32593890839055,84295,597,849,14262,
255.32678124347362,84295,597,848,14263,
255.32707352636797,84294,598,848,14263,
255.3281767497087,84294,598,847,14264,
255.32854615616782,84293,599,847,14264,
255.32940446772932,84292,600,847,14264,
255.33227542514072,84292,599,848,14264,
255.33356494376923,84291,600,848,14264,
255.33688225960637,84290,601,848,14264,
255.3414216876901,84289,602,848,14264,
255.34423032955038,84288,603,848,14264,
255.34769559913735,84288,602,849,14264,
255.35762299395043,84287,603,849,14264,
255.36218309907932,84287,603,848,14265,
255.36365811092801,84287,603,847,14266,
255.36618920575472,84287,603,846,14267,
255.36655000844488,84287,602,847,14267,
255.3689074889657,84287,601,848,14267,
255.370637551383,84287,601,847,14268,
255.3768753745096,84287,600,848,14268,
255.38040689298788,84287,599,849,14268,
255.38533989357933,84286,600,849,14268,
255.38666653993113,84285,601,849,14268,
255.38975450651805,84285,601,848,14269,
255.39091292820945,84285,601,847,14270,
255.39336031044414,84285,600,848,14270,
255.39776312083615,84284,601,848,14270,
255.4014721033265,84283,602,848,14270,
255.40386550298908,84283,601,849,14270,
255.40430962141755,84283,600,850,14270,
255.40620570806993,84282,601,850,14270,
255.41161648567675,84282,601,849,14271,
255.41417587267955,84282,600,850,14271,
255.41780799922515,84281,601,850,14271,
255.42178854660378,84281,601,849,14272,
255.42271701347482,84280,602,849,14272,
255.4261081340776,84280,601,850,14272,
255.42801955463352,84280,600,851,14272,
255.42940659544496,84280,600,850,14273,
255.42981663286378,84279,601,850,14273,
255.43316038369002,84279,601,849,14274,
255.43903875649158,84279,600,850,14274,
255.4396107994987,84279,599,851,14274,
255.44194456019358,84278,600,851,14274,
255.44305884377766,84277,601,851,14274,
255.44404020169262,84277,600,852,14274,
255.44480084397298,84276,601,852,14274,
255.44501436344132,84276,600,853,14274,
255.44817155418536,84276,599,854,14274,
255.45012841191624,84275,600,854,14274,
255.45882661899876,84275,599,855,14274,
255.46058932763623,84275,599,854,14275,
255.4615859465515,84275,598,855,14275,
255.46584392915278,84274,599,855,14275,
255.4659647396522,84274,598,856,14275,
255.4689552818019,84273,599,856,14275,
255.48396907887795,84272,600,856,14275,
255.48598484986718,84271,601,856,14275,
255.4864395456107,84271,600,857,14275,
255.49485936214518,84271,600,856,14276,
255.4962086180346,84270,601,856,14276,
255.49736617989825,84270,601,855,14277,
255.4991190825318,84269,602,855,14277,
255.50189462646293,84269,602,854,14278,
255.50482804032237,84268,603,854,14278,
255.51029304558665,84268,603,853,14279,
255.51280359513544,84268,602,854,14279,
255.51393265991157,84267,603,854,14279,
255.5149437608883,84267,602,855,14279,
255.51593411691027,84266,603,855,14279,
255.51879264995017,84266,602,856,14279,
255.5249725633744,84265,603,856,14279,
255.5284236557409,84264,604,856,14279,
255.53149133774622,84264,604,855,14280,
255.5319542910171,84264,603,856,14280,
255.53300938291542,84263,604,856,14280,
255.54452251681016,84262,605,856,14280,
255.54474338813688,84262,604,857,14280,
255.54575004563378,84262,604,856,14281,
255.54750826326466,84262,604,855,14282,
255.5498821433022,84262,604,854,14283,
255.55065412641608,84261,605,854,14283,
255.56121378757763,84260,606,854,14283,
255.56272161030688,84260,606,853,14284,
255.5661491809577,84260,605,854,14284,
255.56619246056204,84260,604,855,14284,
255.56634766927675,84259,605,855,14284,
255.5677927130477,84258,606,855,14284,
255.57156405860445,84258,605,856,14284,
255.57246072940464,84257,606,856,14284,
255.58096994610992,84256,607,856,14284,
255.58915935970242,84256,607,855,14285,
255.5901333970296,84256,606,856,14285,
255.59146142085277,84255,607,856,14285,
255.5931148670497,84255,607,855,14286,
255.60028624004673,84255,606,856,14286,
255.60048583922014,84255,606,855,14287,
255.6037319357874,84255,605,856,14287,
255.61807097661247,84255,604,857,14287,
255.6214937869055,84254,605,857,14287,
255.62585962300943,84253,606,857,14287,
255.62648700942395,84252,607,857,14287,
255.62705822744715,84251,608,857,14287,
255.62826159037058,84251,608,856,14288,
255.63197987420435,84251,607,857,14288,
255.63670310036403,84251,607,856,14289,
255.63674691294912,84250,608,856,14289,
255.6397195601434,84250,607,857,14289,
255.6462635982554,84250,606,858,14289,
255.6565422396624,84250,606,857,14290,
255.66065326095585,84249,607,857,14290,
255.66129738057725,84249,606,858,14290,
255.6660292742201,84248,607,858,14290,
255.67083729385874,84247,608,858,14290,
255.67212629855933,84247,608,857,14291,
255.6760465689077,84247,607,858,14291,
255.6783352892513,84247,606,859,14291,
255.6811704715849,84247,606,858,14292,
255.68163357828004,84246,607,858,14292,
255.6833642984912,84246,606,859,14292,
255.6841745845583,84245,607,859,14292,
255.68424704617695,84244,608,859,14292,
255.68556577670654,84244,608,858,14293,
255.68583963624073,84243,609,858,14293,
255.69194189654354,84243,609,857,14294,
255.7008057121045,84243,608,858,14294,
255.7069437540628,84243,607,859,14294,
255.70757361250503,84242,608,859,14294,
255.7105581918587,84242,607,860,14294,
255.7136852046844,84241,608,860,14294,
255.71810300216453,84241,608,859,14295,
255.71876775161635,84240,609,859,14295,
255.7207462963981,84240,608,860,14295,
255.7211812161758,84240,608,859,14296,
255.72299495809222,84240,607,860,14296,
255.72601642293108,84240,606,861,14296,
255.72789061412993,84240,606,860,14297,
255.7292426595482,84240,605,861,14297,
255.7308862219066,84240,605,860,14298,
255.73299189145146,84240,604,861,14298,
255.73776721931677,84239,605,861,14298,
255.7486745056687,84239,605,860,14299,
255.75369757473476,84239,605,859,14300,
255.75614088640336,84239,604,860,14300,
255.7564540750822,84238,605,860,14300,
255.7635979781058,84238,605,859,14301,
255.77466959563876,84237,606,859,14301,
255.77511344530177,84237,606,858,14302,
255.77564344582987,84236,607,858,14302,
255.77728336898662,84235,608,858,14302,
255.78867745590378,84235,607,859,14302,
255.79026070309556,84234,608,859,14302,
255.79693885713075,84234,608,858,14303,
255.79974285043215,84233,609,858,14303,
255.80363023730789,84233,609,857,14304,
255.80500126917838,84233,609,856,14305,
255.8052385433041,84233,608,857,14305,
255.80789078168033,84233,608,856,14306,
255.81084231239598,84232,609,856,14306,
255.8112629919034,84231,610,856,14306,
255.8126665125491,84231,609,857,14306,
255.8128292228242,84231,608,858,14306,
255.81396830989036,84230,609,858,14306,
255.81438094271556,84229,610,858,14306,
255.81792782859458,84229,610,857,14307,
255.82080313702048,84228,611,857,14307,
255.82270233055112,84228,610,858,14307,
255.83098072929354,84227,611,858,14307,
255.84603315572556,84227,610,859,14307,
255.84751939974092,84227,610,858,14308,
255.8521547443501,84226,611,858,14308,
255.85407977715093,84226,611,857,14309,
255.85465709909803,84225,612,857,14309,
255.8575015847704,84224,613,857,14309,
255.85762974187918,84224,612,858,14309,
255.85813607829547,84223,613,858,14309,
255.86046780102748,84223,613,857,14310,
255.8608559025396,84222,614,857,14310,
255.86113737675348,84221,615,857,14310,
255.86176483876517,84221,614,858,14310,
255.8683451311749,84221,613,859,14310,
255.868379880937,84221,613,858,14311,
255.87293039046605,84221,613,857,14312,
255.87383134730248,84221,612,858,14312,
255.87848558741197,84220,613,858,14312,
255.8842494633858,84220,613,857,14313,
255.88718459392527,84219,614,857,14313,
255.8871857401885,84219,614,856,14314,
255.8892630219295,84219,613,857,14314,
255.88949920053912,84219,612,858,14314,
255.8933502758117,84219,612,857,14315,
255.89548303276155,84219,611,858,14315,
255.89838006604833,84219,611,857,14316,
255.89923424060143,84218,612,857,14316,
255.9021687461333,84218,611,858,14316,
255.9040080450741,84217,612,858,14316,
255.91244259725528,84217,611,859,14316,
255.91321889350905,84217,610,860,14316,
255.91693740182282,84216,611,860,14316,
255.9197118738697,84215,612,860,14316,
255.92001489694135,84214,613,860,14316,
255.9211884664725,84214,612,861,14316,
255.92162281561974,84214,612,860,14317,
255.9230632321252,84213,613,860,14317,
255.92403671905296,84213,612,861,14317,
255.92560456953427,84213,612,860,14318,
255.9319982002656,84213,611,861,14318,
255.93375354620525,84213,610,862,14318,
255.93530423666814,84212,611,862,14318,
255.9376004971427,84211,612,862,14318,
255.93866007818588,84211,612,861,14319,
255.93942806187223,84210,613,861,14319,
255.94058339914574,84210,613,860,14320,
255.94095485480074,84210,612,861,14320,
255.94176231160736,84210,612,860,14321,
255.9419207254655,84210,612,859,14322,
255.94232791921877,84209,613,859,14322,
255.94252901381424,84208,614,859,14322,
255.9437661979327,84207,615,859,14322,
255.94485983562362,84206,616,859,14322,
255.94840880223737,84206,615,860,14322,
255.94970189485176,84206,614,861,14322,
255.95381048755988,84205,615,861,14322,
255.95629715612847,84205,614,862,14322,
255.95861842163623,84205,614,861,14323,
255.95891668779367,84205,613,862,14323,
255.96105429855564,84205,612,863,14323,
255.96151175836084,84205,611,864,14323,
255.96865670333645,84205,611,863,14324,
255.96877384489122,84205,610,864,14324,
255.96904801887413,84204,611,864,14324,
255.97298994786908,84203,612,864,14324,
255.97318248392995,84202,613,864,14324,
255.97849057199625,84202,613,863,14325,
255.98038232077795,84201,614,863,14325,
255.98319462471034,84201,613,864,14325,
255.98638744449738,84201,612,865,14325,
255.9914577830205,84200,613,865,14325,
255.9921297371096,84199,614,865,14325,
255.99476437748677,84198,615,865,14325,
255.9973557161397,84197,616,865,14325,
256.00294821348956,84197,616,864,14326,
256.003869985944,84197,616,863,14327,
256.00790292733836,84197,616,862,14328,
256.0126654963403,84197,615,863,14328,
256.0134010534673,84197,615,862,14329,
256.0147418411226,84197,615,861,14330,
256.0148019590749,84197,615,860,14331,
256.030642933314,84196,616,860,14331,
256.03167449328663,84196,616,859,14332,
256.0332344743025,84196,616,858,14333,
256.03379080939834,84195,617,858,14333,
256.0504277976109,84195,616,859,14333,
256.05063385928753,84195,615,860,14333,
256.0553931007732,84195,615,859,14334,
256.0614254540097,84194,616,859,14334,
256.0623465923047,84194,615,860,14334,
256.0665696688454,84194,615,859,14335,
256.0689114729576,84193,616,859,14335,
256.0695893999702,84192,617,859,14335,
256.06998454217955,84192,617,858,14336,
256.073488677974,84191,618,858,14336,
256.07814636228,84191,617,859,14336,
256.0815715374689,84191,616,860,14336,
256.0927748686832,84191,616,859,14337,
256.09713802279015,84190,617,859,14337,
256.09720311261924,84190,617,858,14338,
256.09723814851355,84190,617,857,14339,
256.0973881884532,84190,617,856,14340,
256.0998606467643,84189,618,856,14340,
256.10175898371386,84189,618,855,14341,
256.1044526949576,84188,619,855,14341,
256.1055544557795,84188,618,856,14341,
256.11035822747704,84188,617,857,14341,
256.1104312346722,84187,618,857,14341,
256.11090634541756,84186,619,857,14341,
256.11479613975564,84186,619,856,14342,
256.1196751870099,84185,620,856,14342,
256.12032850030386,84184,621,856,14342,
256.1213718030882,84184,620,857,14342,
256.1253071700691,84183,621,857,14342,
256.1286851752278,84183,620,858,14342,
256.1291654187761,84183,619,859,14342,
256.1338974209653,84182,620,859,14342,
256.1354213995048,84181,621,859,14342,
256.13983105262855,84181,621,858,14343,
256.1423408865804,84181,621,857,14344,
256.14528471626477,84180,622,857,14344,
256.1461475406068,84180,621,858,14344,
256.1502147263924,84180,620,859,14344,
256.1524014776565,84180,619,860,14344,
256.1544762907328,84179,620,860,14344,
256.15736172984083,84179,619,861,14344,
256.1654621001753,84179,619,860,14345,
256.1695753423158,84179,618,861,14345,
256.1710203808508,84179,617,862,14345,
256.17214813278554,84178,618,862,14345,
256.17224408643585,84177,619,862,14345,
256.17243523365477,84177,618,863,14345,
256.1748956203011,84177,618,862,14346,
256.17533849025534,84177,618,861,14347,
256.17610099509983,84177,617,862,14347,
256.1830122722645,84176,618,862,14347,
256.18804361664866,84176,618,861,14348,
256.19192939937244,84176,618,860,14349,
256.1920150940884,84176,618,859,14350,
256.19384732757146,84176,617,860,14350,
256.2002408276037,84176,617,859,14351,
256.20126418166313,84176,616,860,14351,
256.20400210762085,84175,617,860,14351,
256.2083580477114,84175,616,861,14351,
256.20869168625035,84174,617,861,14351,
256.2112509371437,84174,616,862,14351,
256.2137596264518,84174,616,861,14352,
256.2151008154603,84174,615,862,14352,
256.21516656650334,84174,615,861,14353,
256.2258993481176,84173,616,861,14353,
256.2297022341931,84173,616,860,14354,
256.2304285445602,84172,617,860,14354,
256.23639150234686,84171,618,860,14354,
256.23865215825754,84170,619,860,14354,
256.23981898726686,84170,618,861,14354,
256.2419881650088,84170,618,860,14355,
256.2440508938549,84170,618,859,14356,
256.2462736642344,84169,619,859,14356,
256.24678657158915,84169,618,860,14356,
256.25643725986623,84169,617,861,14356,
256.2572564000224,84169,616,862,14356,
256.25842165352657,84169,616,861,14357,
256.2589626773521,84169,615,862,14357,
256.2668509690858,84168,616,862,14357,
256.2686010736792,84168,615,863,14357,
256.26904758313253,84168,614,864,14357,
256.2697958776556,84167,615,864,14357,
256.2725062492427,84167,615,863,14358,
256.2778510246152,84166,616,863,14358,
256.27787074863386,84165,617,863,14358,
256.2795828382944,84164,618,863,14358,
256.28372163092257,84163,619,863,14358,
256.28968427804233,84162,620,863,14358,
256.2949051747351,84161,621,863,14358,
256.2959169361739,84161,621,862,14359,
256.2975370909827,84161,621,861,14360,
256.30042742645776,84161,620,862,14360,
256.30369319820926,84161,620,861,14361,
256.306183833472,84160,621,861,14361,
256.3065765253429,84159,622,861,14361,
256.3082489752113,84159,621,862,14361,
256.3091457508378,84159,621,861,14362,
256.3102897618487,84159,620,862,14362,
256.31393874892035,84159,620,861,14363,
256.32061605772464,84159,620,860,14364,
256.32652661997685,84159,619,861,14364,
256.327596919435,84158,620,861,14364,
256.32916552101545,84158,620,860,14365,
256.3293172907225,84158,619,861,14365,
256.3297210837943,84158,619,860,14366,
256.32984159581804,84158,619,859,14367,
256.33195622243636,84158,619,858,14368,
256.3410159086768,84158,618,859,14368,
256.3449631855921,84157,619,859,14368,
256.34551777442147,84157,619,858,14369,
256.3456100541572,84157,619,857,14370,
256.347097208924,84157,619,856,14371,
256.3494296102248,84156,620,856,14371,
256.35563762350455,84156,620,855,14372,
256.35931271470764,84156,620,854,14373,
256.36210690178825,84156,619,855,14373,
256.3627293617491,84155,620,855,14373,
256.36749006503646,84155,620,854,14374,
256.36966584959197,84154,621,854,14374,
256.37059341212995,84153,622,854,14374,
256.3706803880684,84153,622,853,14375,
256.37557664865403,84153,621,854,14375,
256.38921671231,84153,621,853,14376,
256.3902472442486,84153,620,854,14376,
256.3941791701595,84152,621,854,14376,
256.3957723400286,84151,622,854,14376,
256.4023870830889,84150,623,854,14376,
256.40345575000447,84150,623,853,14377,
256.4068075086066,84150,622,854,14377,
256.4198152186138,84150,622,853,14378,
256.42410042377935,84149,623,853,14378,
256.42727027830034,84148,624,853,14378,
256.4287422888698,84147,625,853,14378,
256.42919593721547,84146,626,853,14378,
256.43287092409116,84145,627,853,14378,
256.43769942382863,84145,627,852,14379,
256.4377835885215,84145,627,851,14380,
256.43782590651506,84144,628,851,14380,
256.43810060803725,84144,627,852,14380,
256.43827159936995,84144,627,851,14381,
256.4397124337128,84143,628,851,14381,
256.43978342751404,84142,629,851,14381,
256.4410582298685,84142,628,852,14381,
256.4413621186486,84142,627,853,14381,
256.44149972689985,84141,628,853,14381,
256.44424860261097,84141,628,852,14382,
256.4602645879852,84141,627,853,14382,
256.4676916967123,84141,626,854,14382,
256.46950384877584,84140,627,854,14382,
256.4710216079052,84139,628,854,14382,
256.47698810601065,84138,629,854,14382,
256.4874201329221,84137,630,854,14382,
256.4890406276643,84136,631,854,14382,
256.49081502065883,84135,632,854,14382,
256.49087984626027,84134,633,854,14382,
256.491265587385,84134,632,855,14382,
256.49447755938775,84134,631,856,14382,
256.4973883217658,84133,632,856,14382,
256.50050718280744,84132,633,856,14382,
256.5060770079232,84131,634,856,14382,
256.5087693557474,84131,633,857,14382,
256.5102176745663,84130,634,857,14382,
256.5103523413998,84130,633,858,14382,
256.51170850687197,84130,633,857,14383,
256.51358715144374,84129,634,857,14383,
256.51624808858764,84128,635,857,14383,
256.5214240270028,84127,636,857,14383,
256.5254876027547,84127,635,858,14383,
256.5291481000234,84127,635,857,14384,
256.53035771682124,84127,635,856,14385,
256.53274017425576,84127,634,857,14385,
256.53329648420953,84127,633,858,14385,
256.53746708172986,84127,632,859,14385,
256.5375314635522,84127,631,860,14385,
256.54868630777713,84126,632,860,14385,
256.55031218659803,84126,632,859,14386,
256.5539431291965,84126,631,860,14386,
256.554773773762,84126,631,859,14387,
256.55697929393784,84125,632,859,14387,
256.55740047643036,84124,633,859,14387,
256.5578392892003,84124,632,860,14387,
256.5601671140263,84124,632,859,14388,
256.5616747845958,84124,632,858,14389,
256.5629300539069,84124,631,859,14389,
256.56563957366285,84124,630,860,14389,
256.56580787952396,84124,629,861,14389,
256.56610794064864,84123,630,861,14389,
256.56691043503736,84123,630,860,14390,
256.57695642399693,84123,630,859,14391,
256.5773445789886,84123,630,858,14392,
256.5850404672213,84123,630,857,14393,
256.5895497795077,84123,630,856,14394,
256.5911532552825,84123,630,855,14395,
256.59826363093805,84122,631,855,14395,
256.5995983860407,84121,632,855,14395,
256.60335124029336,84121,631,856,14395,
256.6044223623422,84121,631,855,14396,
256.6066466899191,84120,632,855,14396,
256.6081768667763,84119,633,855,14396,
256.60881321210945,84119,633,854,14397,
256.6093325394401,84119,633,853,14398,
256.6144684094356,84118,634,853,14398,
256.61518533759056,84118,633,854,14398,
256.61547538803495,84118,632,855,14398,
256.61563208788147,84118,631,856,14398,
256.62895543653696,84117,632,856,14398,
256.63071737590144,84117,631,857,14398,
256.63361195170955,84116,632,857,14398,
256.6352718439066,84116,632,856,14399,
256.63553664343664,84115,633,856,14399,
256.6359060093968,84115,632,857,14399,
256.6399369200751,84115,631,858,14399,
256.6481941873707,84115,631,857,14400,
256.65416059929925,84114,632,857,14400,
256.66251773969805,84114,631,858,14400,
256.6633114510737,84114,630,859,14400,
256.66502973892193,84113,631,859,14400,
256.66719398041863,84113,630,860,14400,
256.6709972271271,84113,630,859,14401,
256.67395842119873,84113,630,858,14402,
256.6767715803225,84112,631,858,14402,
256.6781922862939,84112,630,859,14402,
256.67851888185737,84112,629,860,14402,
256.68222061003365,84112,629,859,14403,
256.68328908357165,84112,628,860,14403,
256.6835898534555,84112,628,859,14404,
256.6912274976965,84112,628,858,14405,
256.6969298812516,84111,629,858,14405,
256.69846828153464,84111,628,859,14405,
256.7030959367644,84110,629,859,14405,
256.7039684074633,84109,630,859,14405,
256.7046334096967,84109,629,860,14405,
256.70712005568237,84109,628,861,14405,
256.7089569659333,84109,627,862,14405,
256.71308007691766,84109,626,863,14405,
256.71688218137456,84109,626,862,14406,
256.7170322370155,84109,626,861,14407,
256.7243028739742,84108,627,861,14407,
256.73678819234584,84108,626,862,14407,
256.7384551293122,84108,626,861,14408,
256.7385769048145,84108,625,862,14408,
256.7405401564774,84108,625,861,14409,
256.74714177749945,84108,624,862,14409,
256.7482241518155,84108,623,863,14409,
256.74928520513004,84107,624,863,14409,
256.7497901671247,84107,624,862,14410,
256.7528513807455,84107,623,863,14410,
256.759064199918,84107,623,862,14411,
256.7618809444963,84107,622,863,14411,
256.7631804271585,84106,623,863,14411,
256.7652342893053,84105,624,863,14411,
256.7670056004049,84105,624,862,14412,
256.7728690903891,84105,623,863,14412,
256.78715274772554,84104,624,863,14412,
256.78834418624734,84103,625,863,14412,
256.78885665794616,84103,624,864,14412,
256.80145876204534,84103,623,865,14412,
256.8041652345394,84103,622,866,14412,
256.8043565521716,84102,623,866,14412,
256.8086480864832,84102,622,867,14412,
256.8105040959909,84101,623,867,14412,
256.81277543068757,84101,622,868,14412,
256.8168861588125,84101,622,867,14413,
256.8187843196518,84101,622,866,14414,
256.8197480812814,84101,622,865,14415,
256.8301218218092,84100,623,865,14415,
256.8341705024503,84100,622,866,14415,
256.8354173493974,84100,621,867,14415,
256.83702112671466,84099,622,867,14415,
256.84005979057895,84098,623,867,14415,
256.8429876870286,84098,622,868,14415,
256.844271312173,84098,621,869,14415,
256.844784772148,84097,622,869,14415,
256.8525097044473,84097,621,870,14415,
256.85720999578285,84097,620,871,14415,
256.86715459906173,84097,620,870,14416,
256.8681989752172,84097,619,871,14416,
256.8684609008031,84097,619,870,14417,
256.86846161633486,84097,619,869,14418,
256.87726364387095,84096,620,869,14418,
256.8772819136522,84096,620,868,14419,
256.8815769698863,84095,621,868,14419,
256.88841528071225,84095,620,869,14419,
256.89543380224615,84095,619,870,14419,
256.90284431505876,84094,620,870,14419,
256.92301756979646,84093,621,870,14419,
256.92320949517836,84092,622,870,14419,
256.92691288707846,84091,623,870,14419,
256.93083074759767,84090,624,870,14419,
256.9311837058429,84090,624,869,14420,
256.93125227437554,84090,624,868,14421,
256.9403489831577,84090,623,869,14421,
256.9408535408394,84090,623,868,14422,
256.94174779129423,84089,624,868,14422,
256.9423944308543,84089,624,867,14423,
256.94255769993225,84089,623,868,14423,
256.94981422863907,84089,623,867,14424,
256.9511548191664,84088,624,867,14424,
256.9564320622914,84088,623,868,14424,
256.95808421131835,84088,622,869,14424,
256.9644763527546,84087,623,869,14424,
256.96502803635514,84086,624,869,14424,
256.9688213745792,84086,623,870,14424,
256.9742373043729,84085,624,870,14424,
256.97970926429815,84084,625,870,14424,
256.98019971418114,84084,624,871,14424,
256.98078374168614,84083,625,871,14424,
256.9817689717902,84083,625,870,14425,
256.986588484497,84083,624,871,14425,
256.9890728907822,84082,625,871,14425,
256.9918850764592,84082,625,870,14426,
256.9919402704378,84081,626,870,14426,
256.99366509000487,84081,625,871,14426,
256.99523729970673,84081,624,872,14426,
256.99586277752945,84080,625,872,14426,
256.99792068253623,84080,624,873,14426,
256.998593433002,84079,625,873,14426,
257.0062359678069,84079,624,874,14426,
257.0071191427926,84079,623,875,14426,
257.01177309095726,84078,624,875,14426,
257.0168692067792,84078,624,874,14427,
257.0243337204767,84077,625,874,14427,
257.02642972288623,84077,625,873,14428,
257.0289101733532,84077,625,872,14429,
257.0320921521388,84077,625,871,14430,
257.03451216510376,84076,626,871,14430,
257.0384997908353,84076,625,872,14430,
257.0421197227136,84076,625,871,14431,
257.0443126695962,84075,626,871,14431,
257.0481415723681,84075,626,870,14432,
257.0490696554976,84075,626,869,14433,
257.0528898178471,84075,625,870,14433,
257.0531800721762,84075,625,869,14434,
257.0538419265601,84075,624,870,14434,
257.06154244848744,84074,625,870,14434,
257.06777959257397,84073,626,870,14434,
257.0706515178832,84073,626,869,14435,
257.0713945209498,84073,626,868,14436,
257.0736999849651,84073,626,867,14437,
257.07959350873443,84072,627,867,14437,
257.0799226981245,84071,628,867,14437,
257.08173619572926,84070,629,867,14437,
257.0844371112064,84069,630,867,14437,
257.0854789065449,84068,631,867,14437,
257.09002886667423,84068,630,868,14437,
257.0911206922143,84067,631,868,14437,
257.10521688876486,84066,632,868,14437,
257.10569037963,84066,632,867,14438,
257.109301311396,84066,631,868,14438,
257.11224323438904,84066,630,869,14438,
257.115492407241,84066,629,870,14438,
257.11754377671303,84066,629,869,14439,
257.11771450553874,84065,630,869,14439,
257.12485558801893,84065,629,870,14439,
257.1249720006138,84065,629,869,14440,
257.126540429156,84065,628,870,14440,
257.1280632262609,84065,627,871,14440,
257.1297366218365,84065,626,872,14440,
257.13296955697643,84065,625,873,14440,
257.1367216324537,84064,626,873,14440,
257.14080774182924,84064,626,872,14441,
257.1436248241334,84064,626,871,14442,
257.14482457946013,84064,625,872,14442,
257.14570103727914,84063,626,872,14442,
257.1460991121899,84063,626,871,14443,
257.1481728075047,84063,625,872,14443,
257.1539846685621,84063,624,873,14443,
257.15922231706605,84062,625,873,14443,
257.1593632634081,84061,626,873,14443,
257.16402277121244,84061,625,874,14443,
257.165925460561,84061,625,873,14444,
257.1668273970853,84061,625,872,14445,
257.1774371145511,84060,626,872,14445,
257.18152283496,84059,627,872,14445,
257.1833622996525,84059,626,873,14445,
257.1898316090791,84059,626,872,14446,
257.1919871417808,84059,626,871,14447,
257.19508564207865,84059,626,870,14448,
257.19556508904225,84059,626,869,14449,
257.1960841189337,84059,625,870,14449,
257.19698654823935,84059,625,869,14450,
257.19747152426726,84058,626,869,14450,
257.20464861462347,84057,627,869,14450,
257.2059976536595,84056,628,869,14450,
257.20632246081306,84056,628,868,14451,
257.2066864623971,84056,628,867,14452,
257.2067734596649,84055,629,867,14452,
257.2077707878161,84055,628,868,14452,
257.2084300398247,84054,629,868,14452,
257.2121554681771,84053,630,868,14452,
257.2123178664985,84052,631,868,14452,
257.21232138377314,84051,632,868,14452,
257.2128277629561,84051,632,867,14453,
257.21607514954155,84050,633,867,14453,
257.2170418250729,84050,633,866,14454,
257.2249037640086,84050,632,867,14454,
257.2295181113658,84050,631,868,14454,
257.23070977694965,84049,632,868,14454,
257.2335479650985,84049,632,867,14455,
257.23761625655396,84049,632,866,14456,
257.2387106987784,84049,631,867,14456,
257.2387188126163,84049,631,866,14457,
257.2420064994707,84048,632,866,14457,
257.2449844557424,84047,633,866,14457,
257.2474660987,84047,632,867,14457,
257.2500589756008,84047,631,868,14457,
257.25076348886967,84047,631,867,14458,
257.2508278889698,84047,630,868,14458,
257.2511111557527,84047,630,867,14459,
257.252141288143,84047,629,868,14459,
257.25377783363524,84047,628,869,14459,
257.25520462526345,84046,629,869,14459,
257.2556845404378,84045,630,869,14459,
257.25689413090805,84045,629,870,14459,
257.2579046620201,84045,628,871,14459,
257.2592854240947,84044,629,871,14459,
257.26117917709087,84043,630,871,14459,
257.26132455704834,84043,630,870,14460,
257.2711735972363,84043,630,869,14461,
257.2716116166162,84043,629,870,14461,
257.2743421150819,84043,629,869,14462,
257.27643221771837,84043,628,870,14462,
257.2883350488782,84043,627,871,14462,
257.2908288222685,84042,628,871,14462,
257.29358063222924,84041,629,871,14462,
257.2969399229277,84041,629,870,14463,
257.297541353951,84041,628,871,14463,
257.29870122189675,84041,627,872,14463,
257.30617700284205,84041,627,871,14464,
257.3065948779484,84041,626,872,14464,
257.3078957701366,84041,625,873,14464,
257.30858711621886,84041,625,872,14465,
257.3119911629939,84040,626,872,14465,
257.317247266214,84039,627,872,14465,
257.3186358203555,84039,627,871,14466,
257.32111759948214,84039,627,870,14467,
257.3218301763678,84039,626,871,14467,
257.3237958226966,84039,626,870,14468,
257.3264619052863,84039,626,869,14469,
257.32756678890973,84039,626,868,14470,
257.3295375382782,84038,627,868,14470,
257.3305342836655,84038,626,869,14470,
257.3359937121291,84038,625,870,14470,
257.3395822454884,84038,624,871,14470,
257.3415783181992,84038,623,872,14470,
257.3441679121248,84037,624,872,14470,
257.34488085242947,84037,623,873,14470,
257.3463961601425,84037,623,872,14471,
257.3563371770306,84036,624,872,14471,
257.35709850178057,84035,625,872,14471,
257.35790435682577,84034,626,872,14471,
257.3586486591824,84034,625,873,14471,
257.35993543380465,84034,624,874,14471,
257.3612630965366,84033,625,874,14471,
257.3646368515478,84033,625,873,14472,
257.36753241889346,84033,624,874,14472,
257.36782468669793,84032,625,874,14472,
257.3685439823868,84032,625,873,14473,
257.37547647076315,84032,625,872,14474,
257.37605027198225,84031,626,872,14474,
257.37771516359606,84031,625,873,14474,
257.38113338278913,84031,625,872,14475,
257.3815735061249,84031,625,871,14476,
257.3825815981207,84031,624,872,14476,
257.39960159765974,84030,625,872,14476,
257.399823189445,84029,626,872,14476,
257.40092829477135,84029,625,873,14476,
257.4026312425159,84029,625,872,14477,
257.4048745027774,84029,625,871,14478,
257.40592666168374,84028,626,871,14478,
257.4065445384044,84027,627,871,14478,
257.41176013391384,84026,628,871,14478,
257.4132088041628,84026,627,872,14478,
257.41371723387806,84026,627,871,14479,
257.4144697506838,84025,628,871,14479,
257.41478964829867,84025,628,870,14480,
257.4158737556863,84025,628,869,14481,
257.41872745891504,84025,628,868,14482,
257.4227645107916,84024,629,868,14482,
257.42661025042196,84024,629,867,14483,
257.4275051088763,84023,630,867,14483,
257.4275923741052,84023,630,866,14484,
257.4276758734026,84023,630,865,14485,
257.42860535099857,84022,631,865,14485,
257.42985984312816,84022,631,864,14486,
257.4308014931429,84021,632,864,14486,
257.43265317722546,84020,633,864,14486,
257.43410377642664,84020,632,865,14486,
257.44142019783885,84020,631,866,14486,
257.44169577232014,84019,632,866,14486,
257.44782292989436,84019,631,867,14486,
257.45070865438714,84018,632,867,14486,
257.45221192045096,84017,633,867,14486,
257.45644869847825,84017,632,868,14486,
257.4664807539827,84017,631,869,14486,
257.4671631887038,84017,630,870,14486,
257.4672306852292,84016,631,870,14486,
257.4675160363548,84016,630,871,14486,
257.4687883328211,84016,630,870,14487,
257.4698636702032,84016,629,871,14487,
257.47134057629546,84016,628,872,14487,
257.4717415073958,84015,629,872,14487,
257.4720826034302,84015,629,871,14488,
257.4729480827455,84015,629,870,14489,
257.474351713229,84015,629,869,14490,
257.47527254988483,84015,629,868,14491,
257.48288427725953,84014,630,868,14491,
257.4843278092933,84014,629,869,14491,
257.4853286247277,84013,630,869,14491,
257.49007783938254,84013,630,868,14492,
257.49107099706123,84013,629,869,14492,
257.4981122161965,84013,629,868,14493,
257.49875868288296,84012,630,868,14493,
257.49897750743554,84012,629,869,14493,
257.5019832290539,84011,630,869,14493,
257.5036424210692,84011,630,868,14494,
257.5050322274478,84010,631,868,14494,
257.50572992746135,84010,630,869,14494,
257.50732172460727,84010,630,868,14495,
257.5080483517728,84009,631,868,14495,
257.50866686336735,84009,630,869,14495,
257.51115562117116,84008,631,869,14495,
257.52142432781676,84007,632,869,14495,
257.52239839714764,84007,632,868,14496,
257.52243684541276,84007,631,869,14496,
257.53695975001676,84006,632,869,14496,
257.539738110698,84005,633,869,14496,
257.5403398328776,84004,634,869,14496,
257.541231287577,84003,635,869,14496,
257.54672715859937,84003,634,870,14496,
257.55156110068833,84003,633,871,14496,
257.55746626430295,84003,633,870,14497,
257.5639303195953,84002,634,870,14497,
257.5648180618845,84001,635,870,14497,
257.56737467347307,84001,635,869,14498,
257.5691431036577,84000,636,869,14498,
257.5691766353968,83999,637,869,14498,
257.57029152967965,83999,637,868,14499,
257.5723915076132,83998,638,868,14499,
257.57268659234757,83997,639,868,14499,
257.57415398952844,83997,639,867,14500,
257.5785225930048,83997,638,868,14500,
257.5792689131846,83996,639,868,14500,
257.57935686237687,83995,640,868,14500,
257.58069503006806,83994,641,868,14500,
257.58484561225936,83994,641,867,14501,
257.5872811927686,83993,642,867,14501,
257.5914365402494,83993,642,866,14502,
257.59192494006606,83993,642,865,14503,
257.5966744941185,83992,643,865,14503,
257.59706634725427,83992,642,866,14503,
257.59969101786237,83992,641,867,14503,
257.60128810859146,83992,640,868,14503,
257.60193508614196,83992,639,869,14503,
257.60469783124483,83991,640,869,14503,
257.6051305377679,83991,640,868,14504,
257.6053729177551,83991,640,867,14505,
257.61303625571446,83991,640,866,14506,
257.61416643415737,83990,641,866,14506,
257.61521547740017,83989,642,866,14506,
257.61537940918845,83989,642,865,14507,
257.61833209690997,83988,643,865,14507,
257.6187932801861,83987,644,865,14507,
257.6196813755356,83986,645,865,14507,
257.6198825423004,83986,644,866,14507,
257.62024196704,83985,645,866,14507,
257.62228294405764,83985,644,867,14507,
257.62280010599505,83985,644,866,14508,
257.62365448457444,83985,644,865,14509,
257.6244900609218,83984,645,865,14509,
257.6247995065932,83984,645,864,14510,
257.6254424066453,83984,644,865,14510,
257.62660784537616,83984,643,866,14510,
257.6273671493554,83984,643,865,14511,
257.63231179395046,83984,643,864,14512,
257.6340970323861,83983,644,864,14512,
257.63640737336056,83982,645,864,14512,
257.63776594022767,83982,645,863,14513,
257.63820535103605,83981,646,863,14513,
257.63899971563217,83981,646,862,14514,
257.639991594149,83981,646,861,14515,
257.64241722755446,83980,647,861,14515,
257.6500111444767,83979,648,861,14515,
257.65030019984783,83978,649,861,14515,
257.65182364870014,83977,650,861,14515,
257.65668171064146,83977,650,860,14516,
257.65828455522137,83976,651,860,14516,
257.66107977804063,83976,651,859,14517,
257.66294221127197,83975,652,859,14517,
257.6631594696216,83975,652,858,14518,
257.6639520122051,83975,652,857,14519,
257.6645275881975,83975,651,858,14519,
257.66742381471425,83974,652,858,14519,
257.6702097267457,83974,652,857,14520,
257.6726520347814,83974,652,856,14521,
257.6761329953706,83974,651,857,14521,
257.68016393982043,83973,652,857,14521,
257.6828490443486,83973,651,858,14521,
257.68296979725267,83973,651,857,14522,
257.68382409256105,83972,652,857,14522,
257.6852230176028,83971,653,857,14522,
257.68530514675257,83970,654,857,14522,
257.6870599335332,83970,653,858,14522,
257.68723421028085,83970,652,859,14522,
257.69220937950445,83969,653,859,14522,
257.6948460476045,83968,654,859,14522,
257.6972133610621,83968,653,860,14522,
257.69937981927364,83967,654,860,14522,
257.7004103835401,83967,653,861,14522,
257.70231041494685,83967,653,860,14523,
257.70249483020126,83967,653,859,14524,
257.7038599838288,83967,652,860,14524,
257.70468066844995,83967,651,861,14524,
257.7051306830827,83967,650,862,14524,
257.71041569898483,83967,650,861,14525,
257.71326155030505,83967,650,860,14526,
257.71363034002553,83967,649,861,14526,
257.71754293836676,83966,650,861,14526,
257.7204206988809,83966,649,862,14526,
257.7210141197229,83965,650,862,14526,
257.72170926933603,83964,651,862,14526,
257.7220591075123,83964,650,863,14526,
257.7258869421459,83964,650,862,14527,
257.72747707288954,83963,651,862,14527,
257.7285249092888,83963,651,861,14528,
257.73236565012814,83963,651,860,14529,
257.733839169087,83962,652,860,14529,
257.7391124176497,83961,653,860,14529,
257.7398079555189,83961,653,859,14530,
257.74425242675244,83961,653,858,14531,
257.7458759160396,83961,653,857,14532,
257.7469435648647,83961,653,856,14533,
257.7489498178788,83961,652,857,14533,
257.750844061839,83960,653,857,14533,
257.75447188943724,83960,653,856,14534,
257.75512277260174,83960,653,855,14535,
257.75778310281845,83960,653,854,14536,
257.7597444526126,83960,652,855,14536,
257.7651754548496,83960,651,856,14536,
257.7699398124244,83959,652,856,14536,
257.77844311238636,83958,653,856,14536,
257.77851627181644,83958,653,855,14537,
257.78195622002403,83957,654,855,14537,
257.78525378311684,83957,653,856,14537,
257.78525458640365,83957,652,857,14537,
257.7854900732974,83957,651,858,14537,
257.78573394402304,83957,650,859,14537,
257.79173515714007,83956,651,859,14537,
257.80012573537033,83956,650,860,14537,
257.80316857795674,83956,650,859,14538,
257.80325107706494,83955,651,859,14538,
257.8072284562052,83954,652,859,14538,
257.81118023987676,83954,651,860,14538,
257.8121640731926,83953,652,860,14538,
257.81329537822666,83953,651,861,14538,
257.81635822136434,83952,652,861,14538,
257.81860752622634,83952,651,862,14538,
257.8266479974187,83951,652,862,14538,
257.8282482570172,83951,652,861,14539,
257.8306812131916,83951,652,860,14540,
257.83785259968266,83951,651,861,14540,
257.8391179832581,83950,652,861,14540,
257.83971682171483,83949,653,861,14540,
257.8407565714819,83949,652,862,14540,
257.84128631861233,83948,653,862,14540,
257.84170977764245,83948,652,863,14540,
257.8475466853417,83948,652,862,14541,
257.85233078618506,83948,652,861,14542,
257.85371961514966,83947,653,861,14542,
257.8537337493024,83947,652,862,14542,
257.8571518833789,83947,652,861,14543,
257.8589065698504,83946,653,861,14543,
257.86120017093015,83945,654,861,14543,
257.86377964182077,83945,653,862,14543,
257.8663905494369,83945,653,861,14544,
257.8692036373503,83945,653,860,14545,
257.87230697628036,83945,653,859,14546,
257.87367103673796,83945,652,860,14546,
257.8754702913152,83944,653,860,14546,
257.876959353623,83943,654,860,14546,
257.87741922531495,83943,653,861,14546,
257.87779547561917,83942,654,861,14546,
257.8809283281996,83941,655,861,14546,
257.88236863356934,83941,655,860,14547,
257.88465542779494,83941,654,861,14547,
257.8856648719821,83941,653,862,14547,
257.8864999359434,83940,654,862,14547,
257.9040137651915,83940,653,863,14547,
257.90812036602165,83939,654,863,14547,
257.9127200358867,83939,653,864,14547,
257.91404965238263,83939,653,863,14548,
257.91496493384255,83939,653,862,14549,
257.91896480372964,83938,654,862,14549,
257.9204120959262,83938,654,861,14550,
257.9231514134535,83938,654,860,14551,
257.9263784954938,83937,655,860,14551,
257.92994592508916,83937,655,859,14552,
257.9365835058617,83937,654,860,14552,
257.9369054673581,83937,653,861,14552,
257.93979418636525,83936,654,861,14552,
257.94052226565395,83935,655,861,14552,
257.94689033658494,83934,656,861,14552,
257.9496239393005,83934,656,860,14553,
257.95157046022473,83934,656,859,14554,
257.95545895721585,83933,657,859,14554,
257.95662804743574,83933,657,858,14555,
257.95995650891405,83933,657,857,14556,
257.9684382741851,83932,658,857,14556,
257.98206230680125,83932,658,856,14557,
257.9825488204004,83932,657,857,14557,
257.9872214789875,83931,658,857,14557,
257.9897210449701,83931,658,856,14558,
257.9938738785265,83931,658,855,14559,
257.99680328119234,83931,657,856,14559,
257.9998021747332,83930,658,856,14559,
258.0008690209688,83930,658,855,14560,
258.00562761263836,83930,658,854,14561,
258.0074498659694,83930,657,855,14561,
258.01136966108646,83930,656,856,14561,
258.0162724622938,83930,655,857,14561,
258.02261615427705,83929,656,857,14561,
258.0255936902478,83929,655,858,14561,
258.0260338131359,83929,655,857,14562,
258.0264566589923,83928,656,857,14562,
258.0337443577456,83927,657,857,14562,
258.0387586711082,83927,656,858,14562,
258.0428383306806,83927,655,859,14562,
258.05091884379027,83927,654,860,14562,
258.05543386680984,83927,654,859,14563,
258.05544822298725,83927,654,858,14564,
258.05887916225373,83927,653,859,14564,
258.0622945514177,83927,652,860,14564,
258.0628971214556,83926,653,860,14564,
258.0629772612958,83925,654,860,14564,
258.0663912390576,83925,653,861,14564,
258.0666797655503,83924,654,861,14564,
258.0671774840205,83923,655,861,14564,
258.06887788576165,83922,656,861,14564,
258.07255675794084,83921,657,861,14564,
258.07264593568505,83920,658,861,14564,
258.0733282739906,83920,657,862,14564,
258.0787010258682,83920,657,861,14565,
258.0811630414625,83920,657,860,14566,
258.0817953885974,83920,656,861,14566,
258.08583204257934,83919,657,861,14566,
258.0900903493299,83919,657,860,14567,
258.09250983848744,83918,658,860,14567,
258.0931174765124,83918,658,859,14568,
258.0949851664821,83917,659,859,14568,
258.0977062845104,83917,659,858,14569,
258.0985602506995,83916,660,858,14569,
258.0995002534585,83916,660,857,14570,
258.1014908499353,83915,661,857,14570,
258.1031813965971,83915,661,856,14571,
258.10552679658883,83914,662,856,14571,
258.11102841695663,83914,662,855,14572,
258.1142130632401,83913,663,855,14572,
258.11586199888615,83913,662,856,14572,
258.13569592837007,83913,662,855,14573,
258.140174123096,83913,661,856,14573,
258.1416680188276,83912,662,856,14573,
258.1418168569985,83912,661,857,14573,
258.1460115110856,83912,660,858,14573,
258.14623834923145,83912,659,859,14573,
258.14694347051153,83911,660,859,14573,
258.15187724384805,83911,660,858,14574,
258.1519811237931,83911,659,859,14574,
258.15273789762085,83911,659,858,14575,
258.15794569645846,83910,660,858,14575,
258.1583223238325,83910,659,859,14575,
258.16089738061817,83910,659,858,14576,
258.1644450295387,83910,659,857,14577,
258.17012098729117,83910,659,856,14578,
258.17121140871626,83909,660,856,14578,
258.17362518840554,83908,661,856,14578,
258.1757823084299,83908,661,855,14579,
258.1788122574337,83908,661,854,14580,
258.1797897988311,83908,660,855,14580,
258.1800506166533,83908,659,856,14580,
258.18185488875235,83908,659,855,14581,
258.18915448819223,83908,658,856,14581,
258.19071038135235,83907,659,856,14581,
258.1961797793871,83907,658,857,14581,
258.1965133120425,83907,657,858,14581,
258.1997728434229,83907,656,859,14581,
258.2006528088927,83907,656,858,14582,
258.2023345951842,83906,657,858,14582,
258.2026392645316,83906,656,859,14582,
258.2078943759352,83905,657,859,14582,
258.20913963902825,83905,656,860,14582,
258.2115544961591,83905,655,861,14582,
258.21242871516375,83904,656,861,14582,
258.2144937542634,83904,656,860,14583,
258.21830936368866,83904,655,861,14583,
258.22556745629845,83904,654,862,14583,
258.23119168521714,83904,653,863,14583,
258.2340852503631,83904,653,862,14584,
258.2341433019367,83903,654,862,14584,
258.2368019431996,83903,654,861,14585,
258.2426877761378,83903,653,862,14585,
258.2431439833666,83902,654,862,14585,
258.2451492488638,83901,655,862,14585,
258.2477863415232,83901,654,863,14585,
258.2548221627437,83900,655,863,14585,
258.26020889933704,83900,655,862,14586,
258.2632094776987,83900,655,861,14587,
258.267083153515,83900,655,860,14588,
258.27025146771325,83900,654,861,14588,
258.27345799019326,83899,655,861,14588,
258.27476660172215,83899,654,862,14588,
258.2779131272124,83899,653,863,14588,
258.2885398775607,83898,654,863,14588,
258.29455134166966,83898,653,864,14588,
258.2960077017058,83898,652,865,14588,
258.2962020800511,83898,652,864,14589,
258.3010146726985,83897,653,864,14589,
258.30517294325085,83897,652,865,14589,
258.3053096417064,83897,652,864,14590,
258.3054146423661,83897,651,865,14590,
258.3057100902872,83897,650,866,14590,
258.30578824005204,83896,651,866,14590,
258.30752570412443,83895,652,866,14590,
258.3127206440792,83894,653,866,14590,
258.3145717133012,83893,654,866,14590,
258.31741809024027,83893,654,865,14591,
258.3197734048904,83892,655,865,14591,
258.32138246609793,83891,656,865,14591,
258.3222391845377,83890,657,865,14591,
258.32278556990553,83889,658,865,14591,
258.3229556313091,83889,657,866,14591,
258.3306554994897,83888,658,866,14591,
258.3310279706535,83887,659,866,14591,
258.3319911955613,83887,659,865,14592,
258.33301891958763,83886,660,865,14592,
258.33423316088977,83886,659,866,14592,
258.3349792672147,83886,658,867,14592,
258.3375218898039,83886,657,868,14592,
258.3380892446506,83886,656,869,14592,
258.34092211565866,83885,657,869,14592,
258.3429455329431,83885,657,868,14593,
258.34733142711764,83885,657,867,14594,
258.3484322673473,83885,656,868,14594,
258.35133504145074,83885,655,869,14594,
258.3550751733967,83885,655,868,14595,
258.3587683717505,83884,656,868,14595,
258.3614428405625,83884,655,869,14595,
258.3620359440195,83883,656,869,14595,
258.36391773217827,83883,655,870,14595,
258.3699835099172,83882,656,870,14595,
258.370847587933,83881,657,870,14595,
258.37671100741903,83881,656,871,14595,
258.37940676832307,83881,656,870,14596,
258.38129743329966,83881,656,869,14597,
258.3822240123215,83881,656,868,14598,
258.3823748467825,83880,657,868,14598,
258.3885923568669,83879,658,868,14598,
258.38885430680324,83878,659,868,14598,
258.3905222223079,83878,658,869,14598,
258.39460217306754,83878,657,870,14598,
258.39889955273173,83877,658,870,14598,
258.4092287714913,83877,657,871,14598,
258.4109996816959,83876,658,871,14598,
258.41197909605296,83875,659,871,14598,
258.4130967862533,83875,659,870,14599,
258.41447733656645,83875,658,871,14599,
258.41640309327147,83875,658,870,14600,
258.4186700997379,83875,657,871,14600,
258.41998273936673,83875,657,870,14601,
258.42013764425855,83875,657,869,14602,
258.42791927550184,83875,657,868,14603,
258.43335601484847,83875,657,867,14604,
258.4401537872902,83875,657,866,14605,
258.44402839807736,83874,658,866,14605,
258.4444914287307,83873,659,866,14605,
258.4448199931299,83873,659,865,14606,
258.44676535516936,83872,660,865,14606,
258.4494873337833,83872,660,864,14607,
258.45210831497883,83871,661,864,14607,
258.4542574952436,83871,660,865,14607,
258.4586532623201,83870,661,865,14607,
258.4595655879766,83870,661,864,14608,
258.4620897379409,83870,660,865,14608,
258.46271222741245,83870,659,866,14608,
258.4629140663229,83869,660,866,14608,
258.4629181052627,83869,659,867,14608,
258.4634182118373,83868,660,867,14608,
258.46673110876463,83868,659,868,14608,
258.471618282217,83868,658,869,14608,
258.4721170299265,83868,657,870,14608,
258.47271687743324,83868,657,869,14609,
258.47274208458936,83868,657,868,14610,
258.47442622898956,83868,656,869,14610,
258.4744661758952,83868,656,868,14611,
258.4788559907158,83868,656,867,14612,
258.48864008501386,83867,657,867,14612,
258.4965628528729,83866,658,867,14612,
258.501565786951,83866,657,868,14612,
258.5041110309092,83866,656,869,14612,
258.50969969580666,83866,656,868,14613,
258.51028675537594,83865,657,868,14613,
258.5122256167974,83865,656,869,14613,
258.51515725220935,83865,655,870,14613,
258.51816906414246,83865,654,871,14613,
258.520599363433,83865,653,872,14613,
258.5229731356108,83865,653,871,14614,
258.523336390756,83865,653,870,14615,
258.52569351634804,83865,652,871,14615,
258.526070618515,83865,651,872,14615,
258.5283058816609,83864,652,872,14615,
258.5287286116191,83864,652,871,14616,
258.5291619839708,83864,651,872,14616,
258.53010641742264,83863,652,872,14616,
258.53131348598635,83863,652,871,14617,
258.5375090279334,83862,653,871,14617,
258.5375580520099,83862,653,870,14618,
258.5390794762475,83861,654,870,14618,
258.54112493332707,83860,655,870,14618,
258.54325096785556,83860,654,871,14618,
258.5449532465059,83860,653,872,14618,
258.5461297708127,83859,654,872,14618,
258.5466442912079,83859,654,871,14619,
258.55200571678466,83859,653,872,14619,
258.5552213362227,83858,654,872,14619,
258.5556389029176,83857,655,872,14619,
258.5609673368608,83857,654,873,14619,
258.56113717032065,83857,654,872,14620,
258.562174095178,83856,655,872,14620,
258.56279959857096,83856,655,871,14621,
258.56308336711453,83855,656,871,14621,
258.5643002124922,83854,657,871,14621,
258.5658820906156,83854,657,870,14622,
258.5676044072372,83853,658,870,14622,
258.5678376732178,83853,658,869,14623,
258.5721575995574,83853,657,870,14623,
258.5733082629279,83852,658,870,14623,
258.5760400914689,83852,657,871,14623,
258.5781310861622,83851,658,871,14623,
258.5889968823032,83850,659,871,14623,
258.59300864465695,83850,659,870,14624,
258.5968652225059,83850,658,871,14624,
258.59913540600434,83850,657,872,14624,
258.602437036102,83850,657,871,14625,
258.60450534316965,83850,656,872,14625,
258.61046187500114,83849,657,872,14625,
258.61477239883664,83848,658,872,14625,
258.615264976571,83848,658,871,14626,
258.6157682426831,83847,659,871,14626,
258.61908913485024,83846,660,871,14626,
258.6275557610039,83846,660,870,14627,
258.627837215432,83846,659,871,14627,
258.63087323483285,83846,658,872,14627,
258.6329230011185,83845,659,872,14627,
258.6335832747066,83845,659,871,14628,
258.63399229472975,83845,659,870,14629,
258.6340228032161,83845,658,871,14629,
258.6340909865448,83845,658,870,14630,
258.6397341137101,83845,657,871,14630,
258.6471186080207,83845,656,872,14630,
258.6503058560132,83844,657,872,14630,
258.65292816497833,83844,656,873,14630,
258.6531203758319,83844,656,872,14631,
258.65667135032663,83844,656,871,14632,
258.6577497375353,83844,655,872,14632,
258.6588374830777,83843,656,872,14632,
258.66034873000115,83843,655,873,14632,
258.6615465765796,83842,656,873,14632,
258.66876209415926,83842,656,872,14633,
258.66978467033704,83841,657,872,14633,
258.67091842551457,83840,658,872,14633,
258.6714948502906,83839,659,872,14633,
258.6750707405659,83839,659,871,14634,
258.67591511119656,83839,658,872,14634,
258.67694264450853,83839,657,873,14634,
258.6833809089596,83839,656,874,14634,
258.6874405300656,83839,656,873,14635,
258.68909116693226,83839,656,872,14636,
258.6929143106077,83838,657,872,14636,
258.6941270214824,83838,656,873,14636,
258.6976388675692,83838,655,874,14636,
258.6990766999841,83838,654,875,14636,
258.7018405213469,83838,654,874,14637,
258.70742523088586,83837,655,874,14637,
258.7096631380776,83836,656,874,14637,
258.71239073394423,83835,657,874,14637,
258.7193531983289,83835,657,873,14638,
258.71987339484303,83834,658,873,14638,
258.7199367169746,83834,657,874,14638,
258.7211124884353,83834,656,875,14638,
258.7222842277664,83834,656,874,14639,
258.7239205220251,83834,656,873,14640,
258.72829052889705,83833,657,873,14640,
258.73060735479163,83832,658,873,14640,
258.7344633836841,83832,658,872,14641,
258.73589808760613,83832,657,873,14641,
258.74595458327707,83832,656,874,14641,
258.74714049329907,83831,657,874,14641,
258.75716192984964,83831,656,875,14641,
258.758011188259,83831,655,876,14641,
258.75995466170264,83830,656,876,14641,
258.7606623234339,83829,657,876,14641,
258.7613905808646,83829,656,877,14641,
258.76240016672733,83828,657,877,14641,
258.76657621245124,83828,656,878,14641,
258.7667809675922,83828,656,877,14642,
258.7685448603005,83828,656,876,14643,
258.77615612975535,83828,656,875,14644,
258.77671864994693,83828,655,876,14644,
258.77965759850576,83827,656,876,14644,
258.78070306532294,83826,657,876,14644,
258.785749288004,83826,657,875,14645,
258.7889380665024,83825,658,875,14645,
258.7904779557232,83824,659,875,14645,
258.7908108718094,83823,660,875,14645,
258.7915019995255,83823,659,876,14645,
258.7946053165573,83823,658,877,14645,
258.79529604416047,83823,658,876,14646,
258.7978097012084,83823,658,875,14647,
258.7991990208653,83823,657,876,14647,
258.79991904266996,83822,658,876,14647,
258.80173436749857,83822,658,875,14648,
258.807265396375,83821,659,875,14648,
258.8116580968512,83821,659,874,14649,
258.81294282576687,83821,658,875,14649,
258.8297434340737,83820,659,875,14649,
258.83006655422423,83820,658,876,14649,
258.8315214511116,83820,657,877,14649,
258.832156471719,83819,658,877,14649,
258.8358507882542,83819,658,876,14650,
258.84288875112713,83819,657,877,14650,
258.84636712911885,83818,658,877,14650,
258.8464722572626,83817,659,877,14650,
258.85846364579226,83817,658,878,14650,
258.86217866616056,83817,657,879,14650,
258.8648278455396,83817,657,878,14651,
258.8653500997272,83817,657,877,14652,
258.86632646047065,83816,658,877,14652,
258.86836656517994,83815,659,877,14652,
258.8683731866163,83815,658,878,14652,
258.87135583233476,83815,657,879,14652,
258.8717365334631,83815,656,880,14652,
258.87202450652035,83815,655,881,14652,
258.8742304452291,83815,655,880,14653,
258.87449795504625,83815,654,881,14653,
258.8751606107868,83815,654,880,14654,
258.87677122438004,83814,655,880,14654,
258.8800912115925,83813,656,880,14654,
258.885144592853,83812,657,880,14654,
258.8893011121295,83812,657,879,14655,
258.89005912540983,83812,657,878,14656,
258.89115511281517,83811,658,878,14656,
258.8929028383956,83810,659,878,14656,
258.89526076467735,83809,660,878,14656,
258.8964701591148,83808,661,878,14656,
258.8994427938784,83808,661,877,14657,
258.89949959111294,83808,661,876,14658,
258.9003772425235,83808,660,877,14658,
258.90131048148004,83808,659,878,14658,
258.90365759491505,83808,659,877,14659,
258.9050656817952,83808,659,876,14660,
258.9069571019649,83808,659,875,14661,
258.9095768193502,83808,659,874,14662,
258.9122571023685,83808,658,875,14662,
258.91508408558883,83807,659,875,14662,
258.92307022914474,83807,658,876,14662,
258.92843747918033,83806,659,876,14662,
258.92898464136437,83806,659,875,14663,
258.93096611732363,83806,659,874,14664,
258.9346833498129,83806,659,873,14665,
258.9363536208046,83806,658,874,14665,
258.93660366010766,83806,657,875,14665,
258.9374586135553,83806,657,874,14666,
258.93758598692114,83805,658,874,14666,
258.9409689338934,83804,659,874,14666,
258.95200143083724,83804,658,875,14666,
258.95708064928624,83803,659,875,14666,
258.9597122690142,83802,660,875,14666,
258.9619255089546,83802,659,876,14666,
258.97055930245466,83801,660,876,14666,
258.9726019683999,83800,661,876,14666,
258.9732303193293,83799,662,876,14666,
258.9768159895367,83799,661,877,14666,
258.9810518191977,83798,662,877,14666,
258.9865105302912,83797,663,877,14666,
258.98826321541264,83797,663,876,14667,
258.9900749498891,83797,662,877,14667,
258.99044742855756,83796,663,877,14667,
258.9934456172112,83795,664,877,14667,
258.9971777176634,83794,665,877,14667,
258.998278751095,83793,666,877,14667,
259.00023970602217,83793,665,878,14667,
259.00043866412113,83793,665,877,14668,
259.001523671951,83793,664,878,14668,
259.0038183411599,83793,663,879,14668,
259.00826221073623,83793,662,880,14668,
259.0094996314909,83793,661,881,14668,
259.01102565534035,83792,662,881,14668,
259.0188688067488,83791,663,881,14668,
259.0296001815538,83791,662,882,14668,
259.0327818622764,83791,661,883,14668,
259.03530265851975,83791,661,882,14669,
259.0370203137257,83791,660,883,14669,
259.03707887669543,83791,659,884,14669,
259.0376646980393,83791,659,883,14670,
259.03959196016194,83790,660,883,14670,
259.04058107762415,83790,660,882,14671,
259.04094791078757,83790,660,881,14672,
259.0482170624622,83790,659,882,14672,
259.0493977761326,83790,658,883,14672,
259.0510419097801,83790,657,884,14672,
259.052873308366,83789,658,884,14672,
259.05479167984055,83788,659,884,14672,
259.0556152390906,83787,660,884,14672,
259.0569583322861,83787,660,883,14673,
259.06118077078446,83787,659,884,14673,
259.06251770290277,83787,659,883,14674,
259.0656410191132,83786,660,883,14674,
259.0669099084542,83786,659,884,14674,
259.0671406247958,83786,658,885,14674,
259.06852591974837,83785,659,885,14674,
259.07155937658365,83785,658,886,14674,
259.07470382401226,83784,659,886,14674,
259.07644764805946,83784,658,887,14674,
259.08010098055223,83783,659,887,14674,
259.0830546504514,83782,660,887,14674,
259.08528512720835,83782,659,888,14674,
259.08796334940973,83781,660,888,14674,
259.08811923848856,83781,660,887,14675,
259.0912287246697,83781,659,888,14675,
259.0912688974404,83781,659,887,14676,
259.094486892185,83781,658,888,14676,
259.09462706521515,83781,657,889,14676,
259.0949615685059,83781,656,890,14676,
259.0995563648974,83780,657,890,14676,
259.10135542229114,83779,658,890,14676,
259.1015802583215,83779,657,891,14676,
259.10277682636803,83778,658,891,14676,
259.10349046671706,83778,658,890,14677,
259.10383543686567,83778,658,889,14678,
259.10578021042136,83777,659,889,14678,
259.10756358127884,83776,660,889,14678,
259.10930229384826,83776,659,890,14678,
259.1122668083845,83775,660,890,14678,
259.1229269104156,83775,659,891,14678,
259.1302275562531,83775,659,890,14679,
259.1346116456818,83775,658,891,14679,
259.1360678702001,83775,658,890,14680,
259.1414083873851,83774,659,890,14680,
259.14858492297805,83773,660,890,14680,
259.15103376070226,83773,660,889,14681,
259.15511336248267,83773,659,890,14681,
259.1578259772732,83772,660,890,14681,
259.16132561254494,83772,659,891,14681,
259.1630424679562,83771,660,891,14681,
259.1737164238953,83770,661,891,14681,
259.17420936052486,83769,662,891,14681,
259.17493459054594,83769,662,890,14682,
259.18655844279976,83769,662,889,14683,
259.18936049876794,83768,663,889,14683,
259.19144673957044,83768,663,888,14684,
259.19335391203316,83767,664,888,14684,
259.19895025060555,83767,664,887,14685,
259.19954105178346,83766,665,887,14685,
259.1996521900043,83766,665,886,14686,
259.2014573488385,83765,666,886,14686,
259.2017782829336,83765,666,885,14687,
259.20783491210426,83765,666,884,14688,
259.2080958285216,83765,665,885,14688,
259.21012047692636,83765,664,886,14688,
259.2128960391978,83765,664,885,14689,
259.21307202830286,83764,665,885,14689,
259.22027613645423,83763,666,885,14689,
259.22097414774686,83763,666,884,14690,
259.2241622366866,83762,667,884,14690,
259.22726086939156,83762,666,885,14690,
259.23058563851686,83762,665,886,14690,
259.23835279460013,83762,664,887,14690,
259.238365677338,83762,663,888,14690,
259.2416599500354,83762,662,889,14690,
259.2436617884907,83762,661,890,14690,
259.2485912143455,83762,661,889,14691,
259.24918083358256,83762,660,890,14691,
259.2508305733358,83762,659,891,14691,
259.25152183033833,83762,658,892,14691,
259.2550480378666,83762,657,893,14691,
259.25674472235977,83761,658,893,14691,
259.25758863961096,83761,658,892,14692,
259.25827669120537,83761,658,891,14693,
259.2597345820958,83760,659,891,14693,
259.26086824654493,83759,660,891,14693,
259.262539522809,83759,660,890,14694,
259.26669466135576,83759,660,889,14695,
259.27078363865445,83759,659,890,14695,
259.27120047686367,83758,660,890,14695,
259.27553104948925,83758,660,889,14696,
259.2802465985986,83758,660,888,14697,
259.28050160295055,83758,660,887,14698,
259.2809561147113,83758,659,888,14698,
259.2839022619973,83757,660,888,14698,
259.2849540897595,83757,660,887,14699,
259.2865279582161,83757,660,886,14700,
259.28879073214205,83757,660,885,14701,
259.28898452345123,83757,659,886,14701,
259.2907448723802,83756,660,886,14701,
259.29287793580056,83756,659,887,14701,
259.2938772308465,83755,660,887,14701,
259.29526347890373,83755,660,886,14702,
259.2957759788009,83755,659,887,14702,
259.2989217896257,83754,660,887,14702,
259.3030417518513,83753,661,887,14702,
259.3043245510642,83753,661,886,14703,
259.305581570793,83753,661,885,14704,
259.30645017804534,83753,660,886,14704,
259.3076082763823,83753,659,887,14704,
259.30941587298304,83752,660,887,14704,
259.30961036574,83752,659,888,14704,
259.31566244249694,83751,660,888,14704,
259.31996464540015,83751,659,889,14704,
259.3212680646543,83750,660,889,14704,
259.3233295880304,83750,660,888,14705,
259.32690540341673,83749,661,888,14705,
259.32739312427475,83749,660,889,14705,
259.32746229923737,83749,660,888,14706,
259.3308764666216,83748,661,888,14706,
259.3324855381137,83747,662,888,14706,
259.3338132708867,83747,662,887,14707,
259.33926329702854,83747,661,888,14707,
259.34695021426955,83746,662,888,14707,
259.3522797485676,83745,663,888,14707,
259.37035170067554,83745,662,889,14707,
259.37287578861356,83744,663,889,14707,
259.3789985508311,83743,664,889,14707,
259.38015143201915,83743,663,890,14707,
259.38225888178425,83742,664,890,14707,
259.3857184092123,83742,664,889,14708,
259.39193089968137,83742,664,888,14709,
259.39703915390385,83742,663,889,14709,
259.39926777608724,83742,662,890,14709,
259.39930732957646,83742,662,889,14710,
259.3995204864182,83742,661,890,14710,
259.40179946710333,83741,662,890,14710,
259.40312141362114,83741,662,889,14711,
259.40354725597354,83741,661,890,14711,
259.4043680759035,83740,662,890,14711,
259.4130450881194,83740,662,889,14712,
259.4131508141183,83739,663,889,14712,
259.4158229974556,83738,664,889,14712,
259.4159799673592,83738,663,890,14712,
259.4164815746427,83737,664,890,14712,
259.4172428495192,83736,665,890,14712,
259.41999098269855,83735,666,890,14712,
259.42943958466634,83734,667,890,14712,
259.4317255532153,83734,666,891,14712,
259.4360743735509,83733,667,891,14712,
259.43995480817546,83733,666,892,14712,
259.4422101638412,83733,665,893,14712,
259.44243610759895,83732,666,893,14712,
259.44331476254035,83731,667,893,14712,
259.44999129626837,83731,666,894,14712,
259.4513470493239,83730,667,894,14712,
259.4535678769768,83730,667,893,14713,
259.4545734502943,83730,667,892,14714,
259.46031576728535,83729,668,892,14714,
259.46292836588196,83728,669,892,14714,
259.46559610724717,83728,668,893,14714,
259.4767051989715,83728,668,892,14715,
259.47840635015405,83727,669,892,14715,
259.48189553643334,83727,668,893,14715,
259.4827062798128,83726,669,893,14715,
259.48862565229086,83726,669,892,14716,
259.4890143723596,83726,668,893,14716,
259.48908689714006,83725,669,893,14716,
259.4923389817548,83724,670,893,14716,
259.493186928291,83724,670,892,14717,
259.493889462218,83724,670,891,14718,
259.4964307795864,83724,669,892,14718,
259.4970956121115,83724,669,891,14719,
259.4994742198386,83724,669,890,14720,
259.506028367941,83724,669,889,14721,
259.5067508712175,83723,670,889,14721,
259.5078243557875,83723,669,890,14721,
259.50899218482283,83723,669,889,14722,
259.5115988733506,83722,670,889,14722,
259.5130597147462,83722,669,890,14722,
259.5134836895907,83722,668,891,14722,
259.5137267110507,83722,668,890,14723,
259.514889043543,83722,668,889,14724,
259.51827559763683,83722,668,888,14725,
259.52023757490286,83722,667,889,14725,
259.52413994807523,83721,668,889,14725,
259.52480483920937,83720,669,889,14725,
259.5264490733106,83719,670,889,14725,
259.53370507015853,83718,671,889,14725,
259.53558134571324,83718,671,888,14726,
259.5385264266727,83717,672,888,14726,
259.5445119861263,83717,671,889,14726,
259.5504187815015,83716,672,889,14726,
259.55661538936425,83715,673,889,14726,
259.55750998617435,83715,672,890,14726,
259.55889374120613,83715,671,891,14726,
259.55917211622847,83714,672,891,14726,
259.56766660354293,83714,671,892,14726,
259.5693992263475,83713,672,892,14726,
259.5761166891537,83713,671,893,14726,
259.58021868645466,83712,672,893,14726,
259.581644459478,83711,673,893,14726,
259.5860419092341,83710,674,893,14726,
259.58614198009076,83710,673,894,14726,
259.59507091412416,83709,674,894,14726,
259.59588571928236,83709,674,893,14727,
259.59666771140365,83709,673,894,14727,
259.6018681750853,83709,672,895,14727,
259.60381811716746,83709,672,894,14728,
259.60703960544953,83709,671,895,14728,
259.6085198538897,83708,672,895,14728,
259.6107741058356,83708,671,896,14728,
259.6111111138064,83707,672,896,14728,
259.6111838363499,83707,671,897,14728,
259.6123748835477,83707,671,896,14729,
259.6142481737753,83706,672,896,14729,
259.61478710242915,83706,671,897,14729,
259.62686253554386,83705,672,897,14729,
259.6274582285436,83704,673,897,14729,
259.6291142988411,83703,674,897,14729,
259.6310712806708,83703,673,898,14729,
259.6369184260718,83703,672,899,14729,
259.6383390011725,83703,671,900,14729,
259.64158920399797,83703,671,899,14730,
259.64340331120076,83703,670,900,14730,
259.6485980331401,83702,671,900,14730,
259.65071595732223,83702,671,899,14731,
259.66038783788474,83702,671,898,14732,
259.6629838805224,83702,670,899,14732,
259.66364343057,83702,670,898,14733,
259.6643982955714,83702,670,897,14734,
259.667398460307,83701,671,897,14734,
259.67219516902134,83701,670,898,14734,
259.68098820516775,83700,671,898,14734,
259.6815054749615,83700,671,897,14735,
259.68605690557825,83699,672,897,14735,
259.6919149052794,83699,671,898,14735,
259.6936867408239,83699,670,899,14735,
259.69410274707707,83699,669,900,14735,
259.69803778238065,83698,670,900,14735,
259.7025897330175,83698,669,901,14735,
259.70550043109836,83698,668,902,14735,
259.70762159801603,83698,667,903,14735,
259.71333307654606,83698,666,904,14735,
259.71354737933103,83697,667,904,14735,
259.7161934831457,83697,666,905,14735,
259.71889621802393,83697,665,906,14735,
259.72556824321174,83696,666,906,14735,
259.72635340586186,83696,666,905,14736,
259.7264737339834,83696,666,904,14737,
259.7273681827806,83696,665,905,14737,
259.729325388067,83696,665,904,14738,
259.734810799623,83696,665,903,14739,
259.7354304248784,83696,664,904,14739,
259.7399617371614,83695,665,904,14739,
259.7405133537386,83694,666,904,14739,
259.7447817303337,83694,666,903,14740,
259.75024397702873,83694,666,902,14741,
259.7504160522254,83694,666,901,14742,
259.750512307343,83694,666,900,14743,
259.75429329875004,83693,667,900,14743,
259.75992740430416,83693,666,901,14743,
259.7615339106866,83692,667,901,14743,
259.7619558820281,83691,668,901,14743,
259.7633216713358,83691,667,902,14743,
259.7677467495131,83690,668,902,14743,
259.7699172208666,83689,669,902,14743,
259.7705525207531,83689,669,901,14744,
259.7709386073883,83688,670,901,14744,
259.7767020217891,83688,669,902,14744,
259.7791322028621,83688,669,901,14745,
259.77982768963096,83688,669,900,14746,
259.7814037094599,83688,669,899,14747,
259.78467514108706,83688,669,898,14748,
259.7869468797861,83687,670,898,14748,
259.78776164018274,83687,670,897,14749,
259.7878744398626,83687,670,896,14750,
259.78983933746304,83687,669,897,14750,
259.7939136082769,83687,668,898,14750,
259.7941620338291,83687,667,899,14750,
259.801798262377,83687,667,898,14751,
259.8090829825031,83687,666,899,14751,
259.8097206247708,83687,666,898,14752,
259.8121491867022,83686,667,898,14752,
259.8131338206854,83686,667,897,14753,
259.81326008326755,83686,667,896,14754,
259.81441981941606,83685,668,896,14754,
259.81676220941665,83685,668,895,14755,
259.81797637825446,83685,667,896,14755,
259.81851904629895,83685,666,897,14755,
259.82763417243456,83685,665,898,14755,
259.8284301052592,83685,664,899,14755,
259.8285149479581,83685,664,898,14756,
259.8315531521848,83685,663,899,14756,
259.8495262859964,83684,664,899,14756,
259.8496899772928,83684,663,900,14756,
259.856107189129,83684,662,901,14756,
259.8574013019278,83684,661,902,14756,
259.86148982795294,83683,662,902,14756,
259.86438097285185,83683,662,901,14757,
259.8645803250475,83683,661,902,14757,
259.8647371714135,83682,662,902,14757,
259.86576826127634,83681,663,902,14757,
259.86652212128024,83681,662,903,14757,
259.8715072483574,83681,661,904,14757,
259.87157394867313,83681,660,905,14757,
259.87194323977445,83681,659,906,14757,
259.8735127203117,83680,660,906,14757,
259.87399601433293,83680,660,905,14758,
259.8762481753031,83680,659,906,14758,
259.8765368731308,83679,660,906,14758,
259.8782475666395,83679,659,907,14758,
259.88457901176014,83679,659,906,14759,
259.88486150352946,83678,660,906,14759,
259.8865194838048,83678,659,907,14759,
259.8895237208014,83678,658,908,14759,
259.8914123332545,83678,658,907,14760,
259.8926355940549,83678,658,906,14761,
259.90134431535296,83677,659,906,14761,
259.9027402381233,83677,658,907,14761,
259.9071759825045,83676,659,907,14761,
259.9087721652226,83676,659,906,14762,
259.91075917071896,83675,660,906,14762,
259.91119519106746,83675,660,905,14763,
259.91903970457577,83674,661,905,14763,
259.9209430653772,83673,662,905,14763,
259.92262318744463,83673,661,906,14763,
259.9407973757327,83672,662,906,14763,
259.9450714688647,83671,663,906,14763,
259.9479634368188,83671,663,905,14764,
259.9480547569732,83671,663,904,14765,
259.9494875659399,83671,662,905,14765,
259.95043444845805,83671,662,904,14766,
259.95100388381206,83670,663,904,14766,
259.9512619270115,83669,664,904,14766,
259.9517446396189,83668,665,904,14766,
259.95416480149896,83668,665,903,14767,
259.95471979044487,83668,665,902,14768,
259.9592386266324,83668,664,903,14768,
259.9623643205439,83668,664,902,14769,
259.96321369114946,83668,663,903,14769,
259.96711252643286,83668,662,904,14769,
259.96760136464684,83668,662,903,14770,
259.9684564166297,83668,661,904,14770,
259.9724337392332,83667,662,904,14770,
259.9726244949069,83667,662,903,14771,
259.9747833519042,83667,662,902,14772,
259.9766342498693,83667,662,901,14773,
259.9790631063625,83666,663,901,14773,
259.97946141522726,83666,662,902,14773,
259.98041836029864,83666,661,903,14773,
259.9804243967433,83666,660,904,14773,
259.9838392347667,83666,660,903,14774,
259.9885000003575,83666,659,904,14774,
259.9901962521385,83666,658,905,14774,
259.9926371431418,83665,659,905,14774,
259.9939736722844,83665,658,906,14774,
259.9939949175452,83665,658,905,14775,
259.99407919390507,83664,659,905,14775,
259.9985841812618,83664,659,904,14776,
259.9994520569386,83664,659,903,14777,
260.0067118501328,83664,658,904,14777,
260.0072019929268,83664,657,905,14777,
260.00779418759566,83664,656,906,14777,
260.0088148348113,83664,656,905,14778,
260.0090685714512,83664,655,906,14778,
260.0093563481241,83664,655,905,14779,
260.0097529628769,83664,655,904,14780,
260.01482125940333,83664,654,905,14780,
260.01539367296795,83663,655,905,14780,
260.01541827748207,83663,655,904,14781,
260.01802650964953,83663,655,903,14782,
260.01811199560166,83663,654,904,14782,
260.02011624924603,83662,655,904,14782,
260.02182102654956,83662,654,905,14782,
260.0233973438534,83662,653,906,14782,
260.0328688159047,83661,654,906,14782,
260.03313603617516,83661,653,907,14782,
260.0348372750979,83661,652,908,14782,
260.0352516160095,83660,653,908,14782,
260.03529096076426,83659,654,908,14782,
260.038755374261,83658,655,908,14782,
260.0433730104267,83658,654,909,14782,
260.04347595061273,83657,655,909,14782,
260.04517352773144,83657,654,910,14782,
260.0456987717263,83657,654,909,14783,
260.0558131759564,83657,653,910,14783,
260.059204627666,83657,653,909,14784,
260.06098532567995,83656,654,909,14784,
260.06119179314123,83656,653,910,14784,
260.0618361352908,83655,654,910,14784,
260.0630173838584,83654,655,910,14784,
260.06770832334627,83654,654,911,14784,
260.072713971269,83654,653,912,14784,
260.0735953125117,83653,654,912,14784,
260.0742742341916,83653,653,913,14784,
260.07660109431913,83653,653,912,14785,
260.07798611880133,83653,652,913,14785,
260.0782875041701,83653,651,914,14785,
260.08042898358775,83652,652,914,14785,
260.08313348959086,83651,653,914,14785,
260.09128525204244,83650,654,914,14785,
260.09453943087215,83649,655,914,14785,
260.0979950487598,83649,654,915,14785,
260.1000925575195,83648,655,915,14785,
260.1013539989584,83648,655,914,14786,
260.10662703345736,83648,655,913,14787,
260.1086123862383,83648,654,914,14787,
260.1087233641519,83648,654,913,14788,
260.1090936368656,83647,655,913,14788,
260.111632567319,83647,654,914,14788,
260.1120102163716,83646,655,914,14788,
260.118955954764,83645,656,914,14788,
260.1195331097186,83644,657,914,14788,
260.12088058147765,83644,657,913,14789,
260.1256454790966,83643,658,913,14789,
260.1303466323466,83643,657,914,14789,
260.1315385391872,83643,656,915,14789,
260.1380478684613,83643,656,914,14790,
260.1388750486141,83643,655,915,14790,
260.1418516257162,83643,654,916,14790,
260.1454342620767,83643,654,915,14791,
260.1458014252657,83643,653,916,14791,
260.14669684216983,83643,652,917,14791,
260.15048223113524,83642,653,917,14791,
260.1512960535414,83642,653,916,14792,
260.16014747352654,83642,653,915,14793,
260.16151318180624,83642,653,914,14794,
260.16563650391794,83642,653,913,14795,
260.1671741641097,83642,652,914,14795,
260.1671746780182,83641,653,914,14795,
260.16774928693866,83641,652,915,14795,
260.1689587313749,83641,651,916,14795,
260.1706135474831,83641,651,915,14796,
260.1776026063674,83641,651,914,14797,
260.1793584466665,83640,652,914,14797,
260.18015932051566,83640,652,913,14798,
260.18614322008176,83640,651,914,14798,
260.1911788155072,83639,652,914,14798,
260.1958598614915,83639,651,915,14798,
260.19822310928464,83639,651,914,14799,
260.1983061714019,83639,650,915,14799,
260.2019755157269,83639,649,916,14799,
260.20312642616744,83639,649,915,14800,
260.20326053494085,83638,650,915,14800,
260.20340192804406,83638,649,916,14800,
260.210100658144,83637,650,916,14800,
260.2273489021911,83637,649,917,14800,
260.22892208522063,83637,648,918,14800,
260.23053711932164,83636,649,918,14800,
260.2310362796249,83635,650,918,14800,
260.23110285856586,83635,649,919,14800,
260.2394153445624,83635,649,918,14801,
260.2399986860375,83634,650,918,14801,
260.2511804320494,83634,649,919,14801,
260.2550401629091,83634,648,920,14801,
260.2563553351086,83633,649,920,14801,
260.25692337860124,83632,650,920,14801,
260.2580015885936,83632,650,919,14802,
260.26183079039095,83632,649,920,14802,
260.2621228190874,83632,648,921,14802,
260.2717781013215,83631,649,921,14802,
260.27325688977237,83630,650,921,14802,
260.2800075780473,83630,650,920,14803,
260.28389323976944,83629,651,920,14803,
260.2873533103998,83629,650,921,14803,
260.2874086207483,83629,649,922,14803,
260.28758377810317,83629,648,923,14803,
260.28937926868565,83628,649,923,14803,
260.29339272181346,83628,648,924,14803,
260.2983242608331,83628,648,923,14804,
260.30016500541325,83627,649,923,14804,
260.30020023094863,83626,650,923,14804,
260.30533376534316,83626,649,924,14804,
260.3068763345872,83625,650,924,14804,
260.31009831869534,83625,649,925,14804,
260.31745047958304,83624,650,925,14804,
260.31824564808807,83624,649,926,14804,
260.3190478603657,83624,648,927,14804,
260.32205401911534,83624,648,926,14805,
260.32570228556966,83624,648,925,14806,
260.32963381861015,83623,649,925,14806,
260.3325581470532,83623,648,926,14806,
260.3331717800395,83623,648,925,14807,
260.335977847154,83623,648,924,14808,
260.3360557514852,83622,649,924,14808,
260.3436320584284,83622,649,923,14809,
260.34542026066913,83621,650,923,14809,
260.35344259869987,83621,649,924,14809,
260.35428318284835,83621,648,925,14809,
260.35459403631285,83621,647,926,14809,
260.3555663562072,83621,647,925,14810,
260.3588822165981,83620,648,925,14810,
260.35889770731416,83620,648,924,14811,
260.3607122199505,83620,648,923,14812,
260.3631080986454,83620,648,922,14813,
260.36414421059266,83620,647,923,14813,
260.36432920016694,83620,646,924,14813,
260.3671619847049,83619,647,924,14813,
260.36830410765407,83619,646,925,14813,
260.368670642923,83619,645,926,14813,
260.37151032011616,83619,645,925,14814,
260.3744429115391,83618,646,925,14814,
260.3744574710359,83618,645,926,14814,
260.3785723935156,83617,646,926,14814,
260.38002343850883,83616,647,926,14814,
260.38491439446244,83616,647,925,14815,
260.38603383551066,83616,647,924,14816,
260.38951052787513,83615,648,924,14816,
260.391244025071,83614,649,924,14816,
260.39199549227175,83614,648,925,14816,
260.3934373356578,83614,648,924,14817,
260.393812450607,83613,649,924,14817,
260.3948659569922,83613,648,925,14817,
260.3960245068791,83613,647,926,14817,
260.3965422703199,83613,646,927,14817,
260.39697011248865,83612,647,927,14817,
260.3974307470354,83612,647,926,14818,
260.39817838620036,83612,647,925,14819,
260.3988310620454,83611,648,925,14819,
260.39973771611125,83610,649,925,14819,
260.4013797473804,83610,648,926,14819,
260.4022442793134,83610,648,925,14820,
260.40277345470173,83610,647,926,14820,
260.4070392257741,83609,648,926,14820,
260.40708416468055,83608,649,926,14820,
260.4100990831121,83608,648,927,14820,
260.4105967757555,83607,649,927,14820,
260.4114798673369,83607,649,926,14821,
260.4115736865106,83606,650,926,14821,
260.41508196479504,83606,649,927,14821,
260.4152426168457,83606,649,926,14822,
260.4174523000568,83606,648,927,14822,
260.4177650274847,83606,647,928,14822,
260.4181592153212,83605,648,928,14822,
260.4298501967517,83605,648,927,14823,
260.43735878080935,83605,647,928,14823,
260.450576419235,83605,647,927,14824,
260.45140225098675,83604,648,927,14824,
260.4572195170235,83604,648,926,14825,
260.4591537305224,83604,648,925,14826,
260.4626695511945,83604,648,924,14827,
260.4683065611774,83604,647,925,14827,
260.471648376021,83604,646,926,14827,
260.4720136809442,83604,646,925,14828,
260.4749229768049,83604,646,924,14829,
260.4799972184528,83603,647,924,14829,
260.4806007242553,83603,646,925,14829,
260.48224010049535,83603,645,926,14829,
260.48409701695374,83602,646,926,14829,
260.48521473954577,83601,647,926,14829,
260.48529304695813,83601,646,927,14829,
260.4879829886297,83600,647,927,14829,
260.4944295095954,83600,647,926,14830,
260.49590003518307,83599,648,926,14830,
260.4983209743914,83599,647,927,14830,
260.4995776717294,83599,647,926,14831,
260.5030074394805,83599,647,925,14832,
260.50484213526346,83599,646,926,14832,
260.50856982078994,83598,647,926,14832,
260.5098713153755,83598,647,925,14833,
260.51419378361965,83598,647,924,14834,
260.51617867408396,83598,647,923,14835,
260.5171345704735,83598,647,922,14836,
260.5176648262562,83597,648,922,14836,
260.52160899326543,83597,647,923,14836,
260.5256228090707,83597,647,922,14837,
260.5301862186095,83597,647,921,14838,
260.5329513532106,83597,646,922,14838,
260.54059976902755,83597,646,921,14839,
260.5406790812514,83597,646,920,14840,
260.54371209968747,83596,647,920,14840,
260.5461399052556,83596,647,919,14841,
260.54720465230986,83595,648,919,14841,
260.5489415836729,83595,648,918,14842,
260.549773830858,83595,648,917,14843,
260.5517343006774,83595,647,918,14843,
260.55190020499725,83595,647,917,14844,
260.552072435836,83595,647,916,14845,
260.55262115158445,83594,648,916,14845,
260.55364666649984,83594,648,915,14846,
260.5549908446295,83594,648,914,14847,
260.5581727200808,83593,649,914,14847,
260.5585772241724,83593,649,913,14848,
260.55858175768674,83593,648,914,14848,
260.5601602711166,83592,649,914,14848,
260.56191106592945,83592,649,913,14849,
260.5619770885613,83592,649,912,14850,
260.5630647765489,83592,648,913,14850,
260.56782074254954,83591,649,913,14850,
260.5697190647136,83590,650,913,14850,
260.57207462302324,83590,650,912,14851,
260.5763637405463,83590,649,913,14851,
260.5781673096812,83589,650,913,14851,
260.5788446248815,83588,651,913,14851,
260.5794292359673,83588,651,912,14852,
260.58030861306196,83588,651,911,14853,
260.5828201421576,83587,652,911,14853,
260.5844987167181,83586,653,911,14853,
260.5870598351032,83586,653,910,14854,
260.587965222631,83586,652,911,14854,
260.58845772682906,83586,652,910,14855,
260.59830075248135,83585,653,910,14855,
260.6009986678056,83585,652,911,14855,
260.60210886494986,83584,653,911,14855,
260.6069369408013,83584,652,912,14855,
260.60928528982214,83583,653,912,14855,
260.61198141711134,83583,652,913,14855,
260.6158338294913,83583,652,912,14856,
260.6165954281285,83582,653,912,14856,
260.6210037381225,83582,653,911,14857,
260.62580374916536,83582,652,912,14857,
260.62931492486086,83582,652,911,14858,
260.6329473593626,83582,651,912,14858,
260.63333904635743,83582,651,911,14859,
260.63719585293103,83582,650,912,14859,
260.6404887366782,83581,651,912,14859,
260.6411407858283,83580,652,912,14859,
260.6420182013498,83580,651,913,14859,
260.6426803233136,83579,652,913,14859,
260.6477983282073,83579,651,914,14859,
260.65027310444697,83579,651,913,14860,
260.6503002282483,83579,650,914,14860,
260.6534585297047,83578,651,914,14860,
260.65518841121417,83578,651,913,14861,
260.6558104907346,83577,652,913,14861,
260.65597434179244,83577,651,914,14861,
260.65628841424297,83576,652,914,14861,
260.65671314442875,83576,651,915,14861,
260.6572925429484,83575,652,915,14861,
260.6603015320613,83575,652,914,14862,
260.6615750001245,83575,651,915,14862,
260.6634598373983,83575,651,914,14863,
260.67247073187355,83574,652,914,14863,
260.67253022898905,83574,651,915,14863,
260.6765743100299,83573,652,915,14863,
260.67794529871236,83572,653,915,14863,
260.68045890869803,83571,654,915,14863,
260.68055158424187,83571,653,916,14863,
260.68405674469767,83571,652,917,14863,
260.6882247148528,83570,653,917,14863,
260.6957246948341,83570,652,918,14863,
260.69653799467886,83569,653,918,14863,
260.6991796381777,83568,654,918,14863,
260.70083448130055,83568,653,919,14863,
260.7032090092947,83568,652,920,14863,
260.71190880553456,83568,651,921,14863,
260.720736234329,83567,652,921,14863,
260.7215692584731,83566,653,921,14863,
260.72395238731895,83566,652,922,14863,
260.7242835550631,83566,652,921,14864,
260.73060028502175,83566,651,922,14864,
260.7312758335356,83566,650,923,14864,
260.7360779300571,83565,651,923,14864,
260.7365421153624,83565,650,924,14864,
260.7370211773463,83565,650,923,14865,
260.73754825185756,83565,650,922,14866,
260.7382513122059,83565,649,923,14866,
260.74164007034375,83564,650,923,14866,
260.7467288736939,83564,650,922,14867,
260.7477580436806,83563,651,922,14867,
260.750104216654,83563,650,923,14867,
260.7527476899738,83562,651,923,14867,
260.75462346085453,83562,650,924,14867,
260.7608930314133,83562,649,925,14867,
260.76223462593316,83561,650,925,14867,
260.76715829942157,83560,651,925,14867,
260.76747797754973,83560,651,924,14868,
260.77496348103847,83559,652,924,14868,
260.77527509900546,83559,651,925,14868,
260.78401596480654,83559,651,924,14869,
260.7918008429315,83559,651,923,14870,
260.79295299644684,83558,652,923,14870,
260.7945603963023,83558,651,924,14870,
260.7954815711847,83558,651,923,14871,
260.79568636214617,83557,652,923,14871,
260.79681647343205,83556,653,923,14871,
260.79802118226684,83556,653,922,14872,
260.7993545648222,83556,652,923,14872,
260.8006432316487,83556,652,922,14873,
260.8031518326048,83556,651,923,14873,
260.8045516336696,83556,651,922,14874,
260.8054044040147,83556,650,923,14874,
260.8118197463583,83555,651,923,14874,
260.8120385808766,83555,650,924,14874,
260.8124545021222,83554,651,924,14874,
260.81564251023923,83553,652,924,14874,
260.8175861988798,83553,651,925,14874,
260.81826799625185,83553,651,924,14875,
260.8207922054246,83553,650,925,14875,
260.825144415697,83553,649,926,14875,
260.82624128978614,83553,648,927,14875,
260.82666553653246,83553,647,928,14875,
260.82781399447987,83553,646,929,14875,
260.82974334114834,83552,647,929,14875,
260.8328880644616,83551,648,929,14875,
260.84725445385885,83550,649,929,14875,
260.8479511186573,83550,648,930,14875,
260.84798902450535,83550,648,929,14876,
260.8500048466236,83549,649,929,14876,
260.8501859009362,83549,648,930,14876,
260.854449268061,83548,649,930,14876,
260.8574519368325,83548,648,931,14876,
260.85916828643036,83547,649,931,14876,
260.8632189532996,83547,649,930,14877,
260.8656231190161,83547,648,931,14877,
260.86804052154923,83546,649,931,14877,
260.8700050533032,83545,650,931,14877,
260.8715131299977,83545,649,932,14877,
260.8723720339957,83545,649,931,14878,
260.8785313397564,83545,648,932,14878,
260.88260287792195,83544,649,932,14878,
260.8838774758224,83544,649,931,14879,
260.88560148370925,83544,648,932,14879,
260.8895062777868,83544,647,933,14879,
260.89379573445007,83544,647,932,14880,
260.89535134548925,83544,647,931,14881,
260.89575781539105,83544,647,930,14882,
260.9009461973207,83543,648,930,14882,
260.9026185283138,83543,647,931,14882,
260.90842740246876,83542,648,931,14882,
260.922240220076,83542,647,932,14882,
260.92265171606965,83541,648,932,14882,
260.92417824392265,83541,647,933,14882,
260.9290041920247,83540,648,933,14882,
260.92910170454354,83540,648,932,14883,
260.9347715691291,83540,648,931,14884,
260.9348547682675,83540,647,932,14884,
260.9371900743341,83540,646,933,14884,
260.9382363318319,83540,646,932,14885,
260.9404034122114,83539,647,932,14885,
260.94128533097233,83539,646,933,14885,
260.94468548821584,83539,645,934,14885,
260.9481642921628,83539,645,933,14886,
260.9487154511898,83539,644,934,14886,
260.95433649735094,83538,645,934,14886,
260.9563096876864,83538,645,933,14887,
260.9568949593459,83538,645,932,14888,
260.95698562807956,83537,646,932,14888,
260.9570654477837,83536,647,932,14888,
260.95741530893537,83535,648,932,14888,
260.95982667969025,83535,648,931,14889,
260.96121038812504,83534,649,931,14889,
260.96436607110576,83534,649,930,14890,
260.96758120760774,83533,650,930,14890,
260.97087026639883,83533,649,931,14890,
260.9715705832089,83533,649,930,14891,
260.97848486969474,83533,649,929,14892,
260.9799147883443,83533,648,930,14892,
260.9829041911355,83532,649,930,14892,
260.9868025019554,83532,648,931,14892,
260.9912077408617,83532,648,930,14893,
260.9912501089958,83532,647,931,14893,
260.9920756558983,83531,648,931,14893,
260.99485880392496,83530,649,931,14893,
260.9978639063392,83529,650,931,14893,
260.9981606156295,83528,651,931,14893,
261.00373843950894,83528,651,930,14894,
261.0050953552842,83528,651,929,14895,
261.00573762377985,83528,651,928,14896,
261.0081154236611,83527,652,928,14896,
261.0086585206198,83526,653,928,14896,
261.0088871329904,83526,652,929,14896,
261.0108701356848,83526,651,930,14896,
261.01343725644114,83525,652,930,14896,
261.01475369825295,83525,651,931,14896,
261.0185421352419,83525,650,932,14896,
261.0186621605006,83525,650,931,14897,
261.02151138884267,83525,650,930,14898,
261.0237347213917,83525,650,929,14899,
261.02554342077246,83525,650,928,14900,
261.025637597878,83525,649,929,14900,
261.0323656228509,83525,649,928,14901,
261.0382884589756,83524,650,928,14901,
261.04605247494555,83524,649,929,14901,
261.05070240417905,83524,649,928,14902,
261.05564743454215,83523,650,928,14902,
261.0594528402568,83523,649,929,14902,
261.0600911819913,83522,650,929,14902,
261.06092865247206,83521,651,929,14902,
261.06680710652597,83521,651,928,14903,
261.0676528897342,83521,651,927,14904,
261.07049352445193,83521,651,926,14905,
261.0725003320034,83521,651,925,14906,
261.0772213413078,83521,651,924,14907,
261.07749312867503,83521,650,925,14907,
261.0775883370635,83521,649,926,14907,
261.09538794394535,83521,648,927,14907,
261.0957464677842,83521,647,928,14907,
261.1025668487215,83521,647,927,14908,
261.109023635297,83521,646,928,14908,
261.10965296411234,83520,647,928,14908,
261.1103349045439,83519,648,928,14908,
261.11086480633105,83518,649,928,14908,
261.1130280875866,83518,648,929,14908,
261.11338010370673,83518,648,928,14909,
261.1136332575824,83518,648,927,14910,
261.11525690151666,83518,648,926,14911,
261.1163978402462,83518,647,927,14911,
261.11697065444946,83518,646,928,14911,
261.1215092625524,83518,646,927,14912,
261.12333242562306,83518,646,926,14913,
261.1245131463819,83518,645,927,14913,
261.1255142237898,83517,646,927,14913,
261.12560334318204,83517,646,926,14914,
261.12661264176273,83517,645,927,14914,
261.1280794427678,83516,646,927,14914,
261.1297248175182,83516,646,926,14915,
261.1319045936639,83515,647,926,14915,
261.1372737593509,83515,646,927,14915,
261.13847065375,83514,647,927,14915,
261.1407452821557,83513,648,927,14915,
261.1420990249354,83513,647,928,14915,
261.1435639586429,83513,647,927,14916,
261.144678946301,83513,646,928,14916,
261.1449547819473,83513,645,929,14916,
261.145404323555,83513,644,930,14916,
261.15080868385536,83512,645,930,14916,
261.1553742373138,83512,644,931,14916,
261.15586135444744,83512,643,932,14916,
261.15693775581525,83511,644,932,14916,
261.1606182754245,83511,643,933,14916,
261.16813588700177,83511,643,932,14917,
261.1714229915963,83510,644,932,14917,
261.1721062390461,83510,644,931,14918,
261.17392234504644,83510,644,930,14919,
261.17463087621275,83510,643,931,14919,
261.1820834874372,83510,643,930,14920,
261.1852794315367,83510,642,931,14920,
261.1872590506002,83509,643,931,14920,
261.1895859098873,83508,644,931,14920,
261.1964956012962,83508,644,930,14921,
261.2026829592677,83508,644,929,14922,
261.20327919109167,83508,644,928,14923,
261.20485985310023,83508,643,929,14923,
261.2055712816652,83507,644,929,14923,
261.21064675409633,83506,645,929,14923,
261.2128676092725,83505,646,929,14923,
261.2145410390637,83504,647,929,14923,
261.21961921154144,83504,646,930,14923,
261.2203300102598,83503,647,930,14923,
261.2229721178826,83502,648,930,14923,
261.22398383647567,83502,648,929,14924,
261.2241439494419,83501,649,929,14924,
261.2249952311135,83500,650,929,14924,
261.2264694272714,83500,649,930,14924,
261.2287863335153,83500,649,929,14925,
261.2292579009355,83500,648,930,14925,
261.23442239119515,83500,648,929,14926,
261.2345017198466,83500,648,928,14927,
261.2360679212247,83499,649,928,14927,
261.2371517826784,83499,648,929,14927,
261.2419251503028,83499,647,930,14927,
261.2474307048067,83498,648,930,14927,
261.2493235342474,83498,648,929,14928,
261.2496693466627,83498,647,930,14928,
261.2499048334676,83498,647,929,14929,
261.25013548244056,83497,648,929,14929,
261.2512744510119,83496,649,929,14929,
261.25143832382423,83495,650,929,14929,
261.2553364670309,83495,650,928,14930,
261.25963463420914,83495,649,929,14930,
261.2615716386515,83495,649,928,14931,
261.2639847341943,83495,649,927,14932,
261.2661181949122,83495,648,928,14932,
261.26634486370824,83495,647,929,14932,
261.2709580555667,83495,646,930,14932,
261.2717643899241,83494,647,930,14932,
261.2720621738878,83493,648,930,14932,
261.2750412748179,83492,649,930,14932,
261.27933794582924,83492,649,929,14933,
261.2798467765841,83492,649,928,14934,
261.2844422303855,83492,649,927,14935,
261.28856013201323,83491,650,927,14935,
261.29020434446284,83491,649,928,14935,
261.29057767921483,83491,649,927,14936,
261.29074812646,83490,650,927,14936,
261.29165287940657,83490,649,928,14936,
261.2924527556532,83490,648,929,14936,
261.29293184410426,83490,648,928,14937,
261.2937105916738,83490,648,927,14938,
261.2944908923649,83490,647,928,14938,
261.2956942527606,83490,646,929,14938,
261.2960054922717,83490,646,928,14939,
261.29640772625254,83490,645,929,14939,
261.29817290755756,83490,645,928,14940,
261.298493497515,83490,645,927,14941,
261.30088550122184,83490,644,928,14941,
261.30203800060474,83490,643,929,14941,
261.3033909241019,83489,644,929,14941,
261.3062665448229,83488,645,929,14941,
261.3063775059931,83487,646,929,14941,
261.30799204368725,83487,645,930,14941,
261.30839528185703,83487,645,929,14942,
261.30841550405194,83487,644,930,14942,
261.3100207451271,83487,643,931,14942,
261.3118017779904,83486,644,931,14942,
261.3122123891968,83486,643,932,14942,
261.3173155607294,83486,642,933,14942,
261.32152277073607,83486,642,932,14943,
261.3241498861507,83485,643,932,14943,
261.3261529548021,83485,643,931,14944,
261.3302416401799,83484,644,931,14944,
261.3331893654434,83483,645,931,14944,
261.33908045600776,83482,646,931,14944,
261.3428666104241,83481,647,931,14944,
261.3458642953257,83480,648,931,14944,
261.3460430997056,83479,649,931,14944,
261.347176924422,83478,650,931,14944,
261.34867142988065,83478,650,930,14945,
261.3492348815976,83478,649,931,14945,
261.35066310732907,83478,648,932,14945,
261.35659427918876,83478,648,931,14946,
261.3671186036419,83477,649,931,14946,
261.370693234288,83477,648,932,14946,
261.37107530260187,83476,649,932,14946,
261.3718523803836,83476,648,933,14946,
261.3808562946074,83476,647,934,14946,
261.38114435751277,83476,647,933,14947,
261.38181855608804,83475,648,933,14947,
261.3827393248335,83475,647,934,14947,
261.3869800430867,83475,647,933,14948,
261.39087229831006,83474,648,933,14948,
261.394161176261,83474,647,934,14948,
261.3963700299592,83474,646,935,14948,
261.40428897111974,83474,646,934,14949,
261.4056769032901,83474,645,935,14949,
261.4083994072452,83473,646,935,14949,
261.40899484050954,83473,645,936,14949,
261.41116543954456,83472,646,936,14949,
261.4121044887238,83472,645,937,14949,
261.4139306869374,83472,644,938,14949,
261.4152906036077,83472,644,937,14950,
261.41624491665823,83472,643,938,14950,
261.42767999606156,83472,643,937,14951,
261.43355938137984,83472,643,936,14952,
261.43499126138795,83471,644,936,14952,
261.4359316856278,83471,643,937,14952,
261.439160375482,83470,644,937,14952,
261.4433561188789,83469,645,937,14952,
261.4436571530704,83469,644,938,14952,
261.4442416964905,83469,643,939,14952,
261.4451725130143,83469,643,938,14953,
261.4454582663736,83469,642,939,14953,
261.4480672459726,83468,643,939,14953,
261.4500293322625,83467,644,939,14953,
261.45363361169586,83467,643,940,14953,
261.4573841199043,83466,644,940,14953,
261.4608258673483,83466,644,939,14954,
261.4666273097527,83465,645,939,14954,
261.4667579565077,83464,646,939,14954,
261.46908093039866,83463,647,939,14954,
261.4707098553021,83463,646,940,14954,
261.47072858251045,83462,647,940,14954,
261.4709753843074,83462,647,939,14955,
261.4763131396896,83462,646,940,14955,
261.4782655588086,83461,647,940,14955,
261.48113849102646,83461,647,939,14956,
261.48180699956583,83461,646,940,14956,
261.49197576689926,83460,647,940,14956,
261.4958848816057,83459,648,940,14956,
261.49589966515873,83459,648,939,14957,
261.4980155110547,83458,649,939,14957,
261.4995182356184,83458,649,938,14958,
261.50030720928646,83458,649,937,14959,
261.50194103955164,83458,648,938,14959,
261.5083174104454,83457,649,938,14959,
261.51186091915696,83457,649,937,14960,
261.5197898227088,83456,650,937,14960,
261.52180611160446,83455,651,937,14960,
261.52201675316,83455,651,936,14961,
261.52962288124337,83455,651,935,14962,
261.5301202373956,83455,651,934,14963,
261.5318135954812,83455,650,935,14963,
261.5364552055687,83455,650,934,14964,
261.54483862448916,83455,649,935,14964,
261.5541791742876,83455,648,936,14964,
261.5575631230768,83454,649,936,14964,
261.55788413999835,83454,649,935,14965,
261.5648166785658,83453,650,935,14965,
261.5652567791114,83452,651,935,14965,
261.5658566550585,83451,652,935,14965,
261.56716973743096,83451,651,936,14965,
261.5684876744847,83451,651,935,14966,
261.5715956209238,83451,651,934,14967,
261.5716941540614,83450,652,934,14967,
261.5737519160916,83449,653,934,14967,
261.5740675295429,83449,652,935,14967,
261.5750446167396,83449,651,936,14967,
261.58216513829336,83449,651,935,14968,
261.58371078970515,83449,650,936,14968,
261.5843282763209,83449,649,937,14968,
261.58840775070865,83449,648,938,14968,
261.5891340227477,83448,649,938,14968,
261.5905658972101,83447,650,938,14968,
261.5905994168701,83447,650,937,14969,
261.5915157756735,83446,651,937,14969,
261.59388868183714,83445,652,937,14969,
261.59627246970115,83444,653,937,14969,
261.59901737847173,83443,654,937,14969,
261.6007068749971,83442,655,937,14969,
261.6057216187115,83442,654,938,14969,
261.6073834559931,83442,653,939,14969,
261.6164422016175,83442,653,938,14970,
261.6203509633756,83442,653,937,14971,
261.62355798585276,83442,652,938,14971,
261.627660103389,83441,653,938,14971,
261.62799878091863,83441,652,939,14971,
261.62887908743255,83441,652,938,14972,
261.6330408665931,83441,651,939,14972,
261.633517339707,83441,650,940,14972,
261.63548338103885,83441,650,939,14973,
261.6357550057722,83441,649,940,14973,
261.6381042232795,83441,649,939,14974,
261.6407988284222,83441,648,940,14974,
261.6410792110751,83441,648,939,14975,
261.64258084064016,83441,648,938,14976,
261.64731928654396,83441,648,937,14977,
261.6499113087191,83441,647,938,14977,
261.6533943912891,83440,648,938,14977,
261.65492522222144,83440,647,939,14977,
261.6553287241493,83439,648,939,14977,
261.65691129593495,83438,649,939,14977,
261.658539198395,83438,649,938,14978,
261.66223451909127,83437,650,938,14978,
261.6652775735884,83436,651,938,14978,
261.67097514825826,83436,650,939,14978,
261.67641375250105,83436,650,938,14979,
261.6771771885886,83436,650,937,14980,
261.67934547983185,83435,651,937,14980,
261.69062115192537,83434,652,937,14980,
261.69096578331414,83433,653,937,14980,
261.6965648097584,83432,654,937,14980,
261.6984332982608,83432,654,936,14981,
261.7002336117643,83431,655,936,14981,
261.7008480164822,83431,655,935,14982,
261.70267552034886,83431,655,934,14983,
261.7031872025009,83431,654,935,14983,
261.7053549227598,83431,654,934,14984,
261.7129787051004,83431,654,933,14985,
261.7178921720786,83430,655,933,14985,
261.72101545084547,83430,654,934,14985,
261.72114262098944,83430,654,933,14986,
261.7240641386663,83430,654,932,14987,
261.7275505709475,83430,653,933,14987,
261.7324302615533,83430,653,932,14988,
261.73410476963824,83430,652,933,14988,
261.7364410709979,83430,652,932,14989,
261.73724954836524,83430,652,931,14990,
261.7444530858044,83430,651,932,14990,
261.74632304389786,83430,651,931,14991,
261.7509810366806,83429,652,931,14991,
261.7535077838674,83429,652,930,14992,
261.7540367306599,83429,652,929,14993,
261.76256667429936,83429,652,928,14994,
261.76269249815914,83428,653,928,14994,
261.76329309031865,83428,652,929,14994,
261.76480676380265,83427,653,929,14994,
261.76913086656043,83426,654,929,14994,
261.76937904954855,83425,655,929,14994,
261.7704372894678,83424,656,929,14994,
261.773082372224,83424,655,930,14994,
261.77616101922285,83423,656,930,14994,
261.77685027188613,83423,655,931,14994,
261.7797906893712,83423,654,932,14994,
261.7803799532231,83423,654,931,14995,
261.7807235251293,83422,655,931,14995,
261.78464250338544,83422,654,932,14995,
261.78752756381175,83422,653,933,14995,
261.788611744807,83422,653,932,14996,
261.79324764856335,83422,653,931,14997,
261.7955086492136,83422,652,932,14997,
261.7959664621161,83421,653,932,14997,
261.800186850435,83421,653,931,14998,
261.80188453541314,83421,652,932,14998,
261.80955938266834,83420,653,932,14998,
261.81769779495545,83419,654,932,14998,
261.818149714223,83419,654,931,14999,
261.8193693591481,83418,655,931,14999,
261.8206763242208,83417,656,931,14999,
261.820695846362,83416,657,931,14999,
261.825175165465,83416,656,932,14999,
261.82608995295254,83416,656,931,15000,
261.8301507849858,83415,657,931,15000,
261.83384353127525,83414,658,931,15000,
261.8444165054282,83414,657,932,15000,
261.8500520175056,83413,658,932,15000,
261.851606638009,83412,659,932,15000,
261.85616408269425,83412,658,933,15000,
261.8585871812892,83411,659,933,15000,
261.8696038750917,83410,660,933,15000,
261.87014979453414,83409,661,933,15000,
261.87131450776525,83409,660,934,15000,
261.87271287896425,83408,661,934,15000,
261.8830545145622,83408,660,935,15000,
261.88662350613214,83408,660,934,15001,
261.89114972580404,83408,659,935,15001,
261.8923001410494,83408,658,936,15001,
261.89326960921386,83407,659,936,15001,
261.89693453242194,83407,659,935,15002,
261.89962419659855,83407,658,936,15002,
261.90379195548087,83407,658,935,15003,
261.90454078636907,83406,659,935,15003,
261.90460440425045,83406,659,934,15004,
261.9090470897707,83406,659,933,15005,
261.9102401992208,83406,659,932,15006,
261.9113631053967,83405,660,932,15006,
261.91540839346516,83405,660,931,15007,
261.91552208807457,83405,660,930,15008,
261.916384393651,83404,661,930,15008,
261.9203368234766,83403,662,930,15008,
261.92150864092537,83403,662,929,15009,
261.92230187505294,83403,662,928,15010,
261.9243158322101,83403,662,927,15011,
261.9264083939375,83403,661,928,15011,
261.92770366423497,83402,662,928,15011,
261.92829598132505,83402,662,927,15012,
261.92903680007134,83401,663,927,15012,
261.92949811973716,83400,664,927,15012,
261.9297673700369,83400,664,926,15013,
261.93308623545437,83399,665,926,15013,
261.93890915736716,83398,666,926,15013,
261.94155160159386,83397,667,926,15013,
261.94363495526557,83397,666,927,15013,
261.94501817016675,83397,665,928,15013,
261.94626449307145,83397,665,927,15014,
261.94636275216806,83397,664,928,15014,
261.947812626735,83397,663,929,15014,
261.9478300844943,83396,664,929,15014,
261.9487397466643,83395,665,929,15014,
261.9514316032098,83395,665,928,15015,
261.9533061870548,83395,664,929,15015,
261.9561002143762,83395,664,928,15016,
261.96326094212355,83395,663,929,15016,
261.96822144296686,83395,662,930,15016,
261.9709705871077,83394,663,930,15016,
261.971450780469,83393,664,930,15016,
261.97218527657833,83392,665,930,15016,
261.97692125270726,83391,666,930,15016,
261.9794099673564,83391,666,929,15017,
261.9809356298274,83391,666,928,15018,
261.98684751423593,83390,667,928,15018,
261.990262158344,83389,668,928,15018,
261.996121365204,83388,669,928,15018,
262.00099292451523,83388,669,927,15019,
262.0014175037013,83387,670,927,15019,
262.0046436736021,83386,671,927,15019,
262.00929107426657,83386,670,928,15019,
262.0098136558411,83385,671,928,15019,
262.0108813044529,83385,671,927,15020,
262.01094348622473,83385,670,928,15020,
262.01222279223356,83384,671,928,15020,
262.012597208072,83384,671,927,15021,
262.0154402809009,83384,670,928,15021,
262.0161350758818,83384,669,929,15021,
262.02117799232394,83384,668,930,15021,
262.0215982241164,83384,667,931,15021,
262.0222713109433,83384,666,932,15021,
262.02348963251023,83384,665,933,15021,
262.0237858966313,83384,665,932,15022,
262.025471778432,83384,664,933,15022,
262.026154248165,83384,664,932,15023,
262.02712515055055,83384,664,931,15024,
262.03275756967577,83384,663,932,15024,
262.0380183029327,83384,663,931,15025,
262.039515457829,83383,664,931,15025,
262.0420927832585,83383,664,930,15026,
262.05113732395165,83382,665,930,15026,
262.052494546797,83382,665,929,15027,
262.0526756354356,83382,664,930,15027,
262.0583871653507,83381,665,930,15027,
262.0619180482642,83380,666,930,15027,
262.065851572293,83380,665,931,15027,
262.0674073695022,83379,666,931,15027,
262.06751579800573,83379,666,930,15028,
262.0726002706703,83378,667,930,15028,
262.0727755901305,83378,666,931,15028,
262.0744175700666,83377,667,931,15028,
262.0745661138659,83377,667,930,15029,
262.0844244609759,83377,667,929,15030,
262.08884705585166,83377,667,928,15031,
262.09251250243983,83377,667,927,15032,
262.09365929611005,83377,666,928,15032,
262.095207633988,83377,666,927,15033,
262.09921422645954,83377,666,926,15034,
262.1031836069517,83377,666,925,15035,
262.105781152159,83377,666,924,15036,
262.1072125757473,83376,667,924,15036,
262.11419495158384,83376,667,923,15037,
262.1163676521411,83376,666,924,15037,
262.1168029475081,83375,667,924,15037,
262.11860181663604,83374,668,924,15037,
262.12357742377634,83373,669,924,15037,
262.1255362734915,83372,670,924,15037,
262.126028730289,83372,669,925,15037,
262.1283700074978,83372,668,926,15037,
262.12879531691794,83372,668,925,15038,
262.13180650645256,83372,667,926,15038,
262.13220315412025,83372,667,925,15039,
262.1359853070351,83372,667,924,15040,
262.1393214128227,83372,667,923,15041,
262.1481117364824,83371,668,923,15041,
262.1485566436244,83370,669,923,15041,
262.15241327380414,83369,670,923,15041,
262.1550157838225,83368,671,923,15041,
262.1613041206891,83367,672,923,15041,
262.1621341647734,83367,672,922,15042,
262.16380451160023,83366,673,922,15042,
262.1638992861258,83365,674,922,15042,
262.16515503848296,83365,673,923,15042,
262.1669968465956,83365,673,922,15043,
262.1677275994674,83365,672,923,15043,
262.17000271364026,83365,671,924,15043,
262.1707904539821,83365,670,925,15043,
262.1711008273882,83364,671,925,15043,
262.1730117515646,83363,672,925,15043,
262.1737183131813,83362,673,925,15043,
262.174686568866,83362,672,926,15043,
262.17977489405405,83362,672,925,15044,
262.1802401541348,83361,673,925,15044,
262.18605509618135,83361,672,926,15044,
262.1931335203796,83360,673,926,15044,
262.1946996637175,83359,674,926,15044,
262.1947575678103,83359,673,927,15044,
262.1967376750005,83359,672,928,15044,
262.1999606338817,83358,673,928,15044,
262.20386121394785,83357,674,928,15044,
262.20396973281686,83356,675,928,15044,
262.20526782234367,83355,676,928,15044,
262.2054988092349,83355,675,929,15044,
262.20585499771835,83354,676,929,15044,
262.20605432546097,83353,677,929,15044,
262.20623692247193,83353,676,930,15044,
262.2070001973111,83352,677,930,15044,
262.2103560116339,83352,677,929,15045,
262.21095170714136,83352,676,930,15045,
262.2121899519507,83351,677,930,15045,
262.2139605713465,83351,677,929,15046,
262.2147218732514,83351,677,928,15047,
262.22196670495237,83351,676,929,15047,
262.22903005433295,83351,676,928,15048,
262.2335888157998,83350,677,928,15048,
262.2344148514633,83350,676,929,15048,
262.23518537736453,83350,675,930,15048,
262.2375782487693,83349,676,930,15048,
262.2395231300362,83348,677,930,15048,
262.2499418573776,83348,676,931,15048,
262.25006308019056,83347,677,931,15048,
262.25237532496,83347,677,930,15049,
262.25251338890524,83346,678,930,15049,
262.25455869234133,83346,677,931,15049,
262.2549604287519,83345,678,931,15049,
262.2576254258304,83344,679,931,15049,
262.2590154518567,83343,680,931,15049,
262.2592471449203,83342,681,931,15049,
262.2597821510079,83341,682,931,15049,
262.2617026604484,83341,681,932,15049,
262.265378523149,83341,681,931,15050,
262.26823426556626,83341,681,930,15051,
262.2693194857671,83340,682,930,15051,
262.27509239030906,83340,681,931,15051,
262.276206340352,83339,682,931,15051,
262.27631198471187,83339,682,930,15052,
262.2845307455604,83339,681,931,15052,
262.28541274849636,83339,681,930,15053,
262.28589478505825,83338,682,930,15053,
262.2865340177752,83337,683,930,15053,
262.28728304670767,83337,683,929,15054,
262.2897395694389,83336,684,929,15054,
262.2900033512091,83335,685,929,15054,
262.29265679860066,83335,684,930,15054,
262.29655458933433,83334,685,930,15054,
262.2990017801514,83333,686,930,15054,
262.29942744687804,83333,685,931,15054,
262.3015137986248,83332,686,931,15054,
262.3079709196345,83332,685,932,15054,
262.3092602763739,83332,684,933,15054,
262.3125585732749,83331,685,933,15054,
262.31826403086734,83331,684,934,15054,
262.3202529119427,83331,684,933,15055,
262.32110465561215,83331,683,934,15055,
262.32181805685286,83330,684,934,15055,
262.32555636124914,83330,684,933,15056,
262.32679568228417,83330,683,934,15056,
262.3311144807047,83329,684,934,15056,
262.33457084820856,83329,683,935,15056,
262.3346923508283,83328,684,935,15056,
262.33701280887334,83328,684,934,15057,
262.33984955314287,83328,684,933,15058,
262.3431677849339,83328,683,934,15058,
262.3489058974918,83328,682,935,15058,
262.3496052744124,83327,683,935,15058,
262.35051372534235,83326,684,935,15058,
262.35189432677055,83326,684,934,15059,
262.3546788680278,83326,684,933,15060,
262.35501212967057,83326,684,932,15061,
262.35554806734393,83325,685,932,15061,
262.35767135856827,83325,685,931,15062,
262.36145010150454,83325,685,930,15063,
262.3633158522017,83325,684,931,15063,
262.3651900149659,83324,685,931,15063,
262.3659951717905,83324,684,932,15063,
262.36755595866634,83323,685,932,15063,
262.3691084549626,83323,684,933,15063,
262.3700669455621,83323,684,932,15064,
262.37115522457935,83323,684,931,15065,
262.37200679572976,83323,683,932,15065,
262.3733079126216,83322,684,932,15065,
262.37489716947164,83321,685,932,15065,
262.3757061809993,83321,684,933,15065,
262.37598813391,83321,683,934,15065,
262.3826014916521,83321,682,935,15065,
262.3837302767222,83321,682,934,15066,
262.3846507095199,83321,682,933,15067,
262.38886962057865,83321,681,934,15067,
262.3895393353321,83321,681,933,15068,
262.3917699730096,83321,681,932,15069,
262.3963588426612,83320,682,932,15069,
262.3985973936577,83320,681,933,15069,
262.4010105322057,83319,682,933,15069,
262.4011274099861,83319,681,934,15069,
262.4026306467167,83319,680,935,15069,
262.40431623738317,83318,681,935,15069,
262.40542616919583,83317,682,935,15069,
262.40627622155887,83317,681,936,15069,
262.4091976533796,83316,682,936,15069,
262.41879881777356,83316,681,937,15069,
262.4197032077859,83316,681,936,15070,
262.42118765357804,83316,680,937,15070,
262.4245699408411,83316,679,938,15070,
262.42976531702277,83316,679,937,15071,
262.43386704777043,83316,679,936,15072,
262.4355797729324,83316,679,935,15073,
262.4358481851577,83316,678,936,15073,
262.43586190943597,83315,679,936,15073,
262.4424964716958,83315,679,935,15074,
262.4429400408832,83315,678,936,15074,
262.44817518781053,83314,679,936,15074,
262.44935011787635,83314,678,937,15074,
262.45047632898587,83314,678,936,15075,
262.45648195328494,83314,678,935,15076,
262.45965043946427,83314,677,936,15076,
262.4642016395791,83313,678,936,15076,
262.46813094547434,83312,679,936,15076,
262.46939539712906,83311,680,936,15076,
262.473841299092,83310,681,936,15076,
262.47439132588227,83310,680,937,15076,
262.4771040742902,83310,680,936,15077,
262.4774069966685,83309,681,936,15077,
262.47785907782577,83309,681,935,15078,
262.4803214366735,83309,680,936,15078,
262.48246904487183,83309,680,935,15079,
262.4836693857226,83309,680,934,15080,
262.48580831282305,83309,679,935,15080,
262.48592637229746,83309,678,936,15080,
262.4898934718398,83309,677,937,15080,
262.4930489494849,83309,676,938,15080,
262.4971794677505,83309,676,937,15081,
262.4989188254454,83308,677,937,15081,
262.4989696559551,83307,678,937,15081,
262.503201143124,83307,678,936,15082,
262.50455339440305,83307,677,937,15082,
262.5065960077346,83307,676,938,15082,
262.509305385483,83307,675,939,15082,
262.5118441950874,83307,674,940,15082,
262.5121529415432,83307,674,939,15083,
262.51541441228665,83307,673,940,15083,
262.5209748912026,83307,673,939,15084,
262.5214763565698,83307,673,938,15085,
262.52318370989815,83306,674,938,15085,
262.5234350532542,83305,675,938,15085,
262.52604853716184,83305,675,937,15086,
262.5267450890169,83304,676,937,15086,
262.5293388718117,83304,676,936,15087,
262.5303927393696,83304,676,935,15088,
262.5328558785909,83303,677,935,15088,
262.5361217562152,83303,677,934,15089,
262.53891531615557,83303,676,935,15089,
262.5413221212982,83302,677,935,15089,
262.5425704148329,83301,678,935,15089,
262.5476463334811,83300,679,935,15089,
262.548571572947,83299,680,935,15089,
262.5509721124052,83298,681,935,15089,
262.5519054687715,83298,681,934,15090,
262.557384801621,83298,681,933,15091,
262.557939571713,83297,682,933,15091,
262.5624060202728,83297,681,934,15091,
262.56306493324746,83297,680,935,15091,
262.5652136419811,83296,681,935,15091,
262.5667125775682,83296,680,936,15091,
262.5677511281191,83295,681,936,15091,
262.5694893676041,83294,682,936,15091,
262.56954816419784,83294,681,937,15091,
262.5736141129487,83294,681,936,15092,
262.5745917260755,83293,682,936,15092,
262.577309507021,83293,681,937,15092,
262.57925502064245,83293,680,938,15092,
262.57953280816133,83293,679,939,15092,
262.58152827340945,83293,679,938,15093,
262.58423263893985,83292,680,938,15093,
262.59642252981274,83292,680,937,15094,
262.5978924849806,83292,680,936,15095,
262.60450485288624,83292,680,935,15096,
262.60451546327937,83292,680,934,15097,
262.60943232281977,83292,680,933,15098,
262.6109489229876,83292,679,934,15098,
262.611912648573,83291,680,934,15098,
262.61333401837487,83290,681,934,15098,
262.6143157402521,83289,682,934,15098,
262.61549867459996,83289,682,933,15099,
262.6174628613482,83289,682,932,15100,
262.6189064844229,83289,682,931,15101,
262.61992120062865,83289,681,932,15101,
262.62005216977104,83289,681,931,15102,
262.6236742174656,83289,680,932,15102,
262.62619180804484,83288,681,932,15102,
262.62661818466114,83288,680,933,15102,
262.6268197392706,83288,679,934,15102,
262.62714789669457,83287,680,934,15102,
262.6290735108412,83287,679,935,15102,
262.630706637598,83287,679,934,15103,
262.6314339026698,83287,678,935,15103,
262.6383211005996,83287,677,936,15103,
262.64298144404125,83287,677,935,15104,
262.6513084121291,83287,677,934,15105,
262.65131103010674,83287,676,935,15105,
262.6527164689893,83286,677,935,15105,
262.65381919304144,83285,678,935,15105,
262.6545599922574,83285,677,936,15105,
262.6548380613912,83285,676,937,15105,
262.6623226514637,83285,675,938,15105,
262.67321977324235,83285,674,939,15105,
262.675445411909,83285,674,938,15106,
262.67693449869535,83285,674,937,15107,
262.6793248041719,83285,674,936,15108,
262.6797873301383,83284,675,936,15108,
262.68409749272547,83284,675,935,15109,
262.6844150980027,83283,676,935,15109,
262.6850696937489,83283,675,936,15109,
262.68677977662696,83282,676,936,15109,
262.69011303715683,83281,677,936,15109,
262.695941348157,83281,677,935,15110,
262.6969353428022,83281,677,934,15111,
262.6989105073329,83281,677,933,15112,
262.70498608747516,83281,676,934,15112,
262.707187016888,83280,677,934,15112,
262.70806879872816,83280,676,935,15112,
262.71123989437854,83280,676,934,15113,
262.7144722831136,83280,675,935,15113,
262.7173697134351,83279,676,935,15113,
262.7177005422386,83278,677,935,15113,
262.7189937208187,83277,678,935,15113,
262.7222700175762,83276,679,935,15113,
262.7233892305584,83276,679,934,15114,
262.72542644692015,83276,679,933,15115,
262.72720015592984,83275,680,933,15115,
262.72793782995717,83275,680,932,15116,
262.7284759002302,83275,680,931,15117,
262.73006713920626,83274,681,931,15117,
262.7320634064299,83273,682,931,15117,
262.73250606018166,83273,682,930,15118,
262.73682455196524,83273,681,931,15118,
262.7372978187206,83273,681,930,15119,
262.7419399543769,83272,682,930,15119,
262.7422670404812,83271,683,930,15119,
262.7426097381655,83271,683,929,15120,
262.74550609823297,83271,682,930,15120,
262.74616323055034,83271,681,931,15120,
262.7475720595588,83271,680,932,15120,
262.752140682761,83270,681,932,15120,
262.75468708337513,83269,682,932,15120,
262.75547319527135,83269,681,933,15120,
262.7575312316902,83268,682,933,15120,
262.75909815061203,83268,681,934,15120,
262.76254151595475,83267,682,934,15120,
262.7760786659873,83267,681,935,15120,
262.7808784703865,83266,682,935,15120,
262.7845576712586,83265,683,935,15120,
262.79669100206286,83264,684,935,15120,
262.79904117459654,83263,685,935,15120,
262.8026078041226,83262,686,935,15120,
262.80304083265554,83261,687,935,15120,
262.80316564167623,83261,687,934,15121,
262.8036234032333,83260,688,934,15121,
262.80455280330085,83260,687,935,15121,
262.80485554339407,83260,686,936,15121,
262.8100524567354,83260,685,937,15121,
262.8111409196722,83260,684,938,15121,
262.8135328306278,83260,683,939,15121,
262.8137606701304,83260,683,938,15122,
262.8165803020659,83260,683,937,15123,
262.8186824909977,83259,684,937,15123,
262.81964529533064,83259,683,938,15123,
262.82214645895715,83259,682,939,15123,
262.8254910627145,83259,682,938,15124,
262.82627954319037,83258,683,938,15124,
262.828379913199,83258,682,939,15124,
262.8290928576035,83258,681,940,15124,
262.830622652943,83258,680,941,15124,
262.8355368771089,83258,679,942,15124,
262.84287128402667,83258,679,941,15125,
262.844457178674,83258,679,940,15126,
262.8462454130713,83258,678,941,15126,
262.8468530414613,83257,679,941,15126,
262.8469738303694,83257,679,940,15127,
262.84931542635826,83256,680,940,15127,
262.85077792229083,83256,679,941,15127,
262.8535014145975,83256,679,940,15128,
262.854487545536,83255,680,940,15128,
262.85616411594935,83255,680,939,15129,
262.85682234308564,83255,680,938,15130,
262.85852280335763,83255,680,937,15131,
262.8619894040319,83254,681,937,15131,
262.87284267646845,83254,680,938,15131,
262.87927831193696,83253,681,938,15131,
262.8793544185736,83253,681,937,15132,
262.89066029063184,83252,682,937,15132,
262.8918123570324,83252,682,936,15133,
262.8922798187687,83252,681,937,15133,
262.8925490544407,83252,681,936,15134,
262.8965815948018,83252,680,937,15134,
262.8983069713959,83252,679,938,15134,
262.900325550344,83251,680,938,15134,
262.90671726699475,83250,681,938,15134,
262.90814628407435,83250,680,939,15134,
262.9108126884652,83250,679,940,15134,
262.91092383292147,83250,679,939,15135,
262.9113489628288,83250,678,940,15135,
262.9114447272766,83249,679,940,15135,
262.91269649765104,83249,678,941,15135,
262.9146909778463,83248,679,941,15135,
262.9180626342415,83248,678,942,15135,
262.9184349298266,83248,678,941,15136,
262.92255629398005,83247,679,941,15136,
262.92275291611986,83246,680,941,15136,
262.9241784281538,83246,680,940,15137,
262.92533400417517,83246,679,941,15137,
262.92842499571594,83246,679,940,15138,
262.93263037482626,83246,678,941,15138,
262.93378380634203,83245,679,941,15138,
262.9363257327857,83245,678,942,15138,
262.93784035959027,83245,677,943,15138,
262.94010042534495,83245,676,944,15138,
262.95871818535363,83245,675,945,15138,
262.9591872457203,83244,676,945,15138,
262.95921526753045,83244,676,944,15139,
262.95924902975446,83243,677,944,15139,
262.976835605952,83243,677,943,15140,
262.9774723729924,83243,677,942,15141,
262.97796201367146,83242,678,942,15141,
262.9786886002164,83242,678,941,15142,
262.9829687704745,83242,677,942,15142,
262.98503694639396,83242,676,943,15142,
262.9858922233396,83241,677,943,15142,
262.9889053015644,83241,677,942,15143,
262.99469157821295,83241,676,943,15143,
262.9951707103767,83241,676,942,15144,
262.99536529831437,83240,677,942,15144,
262.9988035850469,83240,677,941,15145,
263.00154255907694,83240,676,942,15145,
263.0016168243972,83240,676,941,15146,
263.0085747360063,83240,676,940,15147,
263.01097124594025,83240,675,941,15147,
263.0133672422027,83239,676,941,15147,
263.01620843353646,83239,675,942,15147,
263.02150674387644,83238,676,942,15147,
263.02181633627004,83238,675,943,15147,
263.0259901578644,83238,674,944,15147,
263.03031065099543,83238,674,943,15148,
263.0337204567896,83238,673,944,15148,
263.0372141681727,83237,674,944,15148,
263.03931937491166,83236,675,944,15148,
263.03960120562533,83235,676,944,15148,
263.0449147312809,83235,676,943,15149,
263.0484489401815,83234,677,943,15149,
263.0491423084095,83234,676,944,15149,
263.05540717818815,83233,677,944,15149,
263.06122944531677,83233,677,943,15150,
263.0695486228075,83232,678,943,15150,
263.06955231936877,83231,679,943,15150,
263.071729237736,83231,679,942,15151,
263.0723383462051,83231,679,941,15152,
263.0827240528649,83231,678,942,15152,
263.086729590855,83231,678,941,15153,
263.08993069258554,83231,677,942,15153,
263.0999564230552,83231,677,941,15154,
263.10110033912025,83230,678,941,15154,
263.10179529838956,83229,679,941,15154,
263.1039140740471,83229,678,942,15154,
263.10453415308194,83229,678,941,15155,
263.1064801799527,83229,678,940,15156,
263.1105836948923,83228,679,940,15156,
263.11175399275317,83228,678,941,15156,
263.1158191218948,83228,677,942,15156,
263.1247083036268,83228,677,941,15157,
263.13102951995546,83227,678,941,15157,
263.1347849332876,83227,677,942,15157,
263.13768768921585,83226,678,942,15157,
263.1562063207354,83225,679,942,15157,
263.1569235368584,83225,678,943,15157,
263.15931484966376,83224,679,943,15157,
263.16054609920997,83223,680,943,15157,
263.1651634991085,83223,679,944,15157,
263.16935600571486,83222,680,944,15157,
263.17406177895924,83222,679,945,15157,
263.17449409009646,83221,680,945,15157,
263.1930203810034,83221,679,946,15157,
263.1995968124748,83220,680,946,15157,
263.2012257910734,83220,680,945,15158,
263.2017401932456,83220,679,946,15158,
263.2026347449605,83220,678,947,15158,
263.2047335177453,83220,677,948,15158,
263.20833398639866,83220,676,949,15158,
263.2101417452086,83219,677,949,15158,
263.2107403337396,83219,676,950,15158,
263.211418685268,83218,677,950,15158,
263.21508639294615,83218,677,949,15159,
263.2162217511354,83218,676,950,15159,
263.2162400091767,83217,677,950,15159,
263.2236105238552,83217,677,949,15160,
263.22712610384883,83217,676,950,15160,
263.2331540698807,83217,675,951,15160,
263.23472442665343,83216,676,951,15160,
263.23550451210883,83216,676,950,15161,
263.23619626439444,83215,677,950,15161,
263.24085640538084,83215,677,949,15162,
263.24130208835396,83215,677,948,15163,
263.24226993775284,83215,677,947,15164,
263.2425920385405,83215,676,948,15164,
263.2446528278755,83215,675,949,15164,
263.2493396018856,83214,676,949,15164,
263.25196068821316,83214,676,948,15165,
263.2553192633496,83213,677,948,15165,
263.2562572476097,83213,677,947,15166,
263.2602209162477,83213,677,946,15167,
263.26180821470496,83213,676,947,15167,
263.2620107717002,83213,675,948,15167,
263.2639440368013,83212,676,948,15167,
263.268521147557,83212,675,949,15167,
263.2714420950755,83211,676,949,15167,
263.27647983004243,83211,675,950,15167,
263.2790561024102,83211,674,951,15167,
263.28035685442603,83211,673,952,15167,
263.2810796633078,83210,674,952,15167,
263.28287956353444,83210,674,951,15168,
263.2908926424605,83209,675,951,15168,
263.3045898547013,83209,674,952,15168,
263.30710083594204,83209,674,951,15169,
263.3071086853779,83208,675,951,15169,
263.3105231446266,83208,675,950,15170,
263.31274970830464,83208,674,951,15170,
263.31425347922834,83208,673,952,15170,
263.321224247752,83208,672,953,15170,
263.32808252839806,83208,672,952,15171,
263.3284438705915,83208,672,951,15172,
263.3299305114489,83208,671,952,15172,
263.33208641908845,83208,671,951,15173,
263.33298781624325,83207,672,951,15173,
263.33340804569167,83207,671,952,15173,
263.33726408484495,83207,671,951,15174,
263.3385552099437,83206,672,951,15174,
263.34315532952866,83205,673,951,15174,
263.34352758290447,83205,672,952,15174,
263.34417387892347,83204,673,952,15174,
263.3442527511585,83203,674,952,15174,
263.3467471707452,83203,673,953,15174,
263.34878300279286,83203,672,954,15174,
263.3540294760242,83203,671,955,15174,
263.35430813361984,83202,672,955,15174,
263.35836568467363,83202,671,956,15174,
263.36089985050586,83202,670,957,15174,
263.3620287891051,83202,669,958,15174,
263.3638862097606,83201,670,958,15174,
263.36440411278284,83201,670,957,15175,
263.3653530452443,83200,671,957,15175,
263.3669421218887,83200,670,958,15175,
263.3670981286448,83200,669,959,15175,
263.36962209504117,83200,668,960,15175,
263.3719142374047,83200,667,961,15175,
263.37394567746804,83200,666,962,15175,
263.3759240786294,83200,665,963,15175,
263.37865331498614,83200,664,964,15175,
263.3805545617839,83200,663,965,15175,
263.38383453193467,83199,664,965,15175,
263.38883815943467,83198,665,965,15175,
263.3893451111142,83197,666,965,15175,
263.38992266868377,83196,667,965,15175,
263.3911146931379,83195,668,965,15175,
263.39142669797394,83194,669,965,15175,
263.3917467596385,83193,670,965,15175,
263.39226119339406,83192,671,965,15175,
263.39265592197086,83191,672,965,15175,
263.40121326128605,83191,671,966,15175,
263.4045166591785,83191,671,965,15176,
263.40575512543916,83191,671,964,15177,
263.4072347940771,83190,672,964,15177,
263.4090547612632,83189,673,964,15177,
263.41282958583315,83189,672,965,15177,
263.41502352180254,83189,671,966,15177,
263.4210700690511,83188,672,966,15177,
263.42168303501956,83187,673,966,15177,
263.4264423196259,83186,674,966,15177,
263.4269890917758,83186,673,967,15177,
263.427421837158,83186,672,968,15177,
263.4371747878618,83186,671,969,15177,
263.4372268796163,83185,672,969,15177,
263.4394325888677,83185,672,968,15178,
263.4395885859065,83185,671,969,15178,
263.4456119695407,83185,671,968,15179,
263.44575915713864,83185,671,967,15180,
263.44713774627235,83185,670,968,15180,
263.448374249695,83184,671,968,15180,
263.44887975038745,83183,672,968,15180,
263.44922347357135,83182,673,968,15180,
263.44928702104914,83181,674,968,15180,
263.4568344843959,83180,675,968,15180,
263.46056444527534,83179,676,968,15180,
263.46138955975584,83179,676,967,15181,
263.4615152107387,83179,676,966,15182,
263.461537072144,83179,675,967,15182,
263.46297386151195,83179,674,968,15182,
263.46537649046917,83179,673,969,15182,
263.465444454098,83179,672,970,15182,
263.46892859301295,83178,673,970,15182,
263.47628963248576,83177,674,970,15182,
263.47705908166546,83176,675,970,15182,
263.4783423524735,83175,676,970,15182,
263.4834910780589,83174,677,970,15182,
263.48427321404523,83174,676,971,15182,
263.4844263771617,83174,676,970,15183,
263.48632796563004,83173,677,970,15183,
263.4885895987155,83173,676,971,15183,
263.49047595012684,83173,675,972,15183,
263.4953797242883,83173,675,971,15184,
263.49539407977016,83173,675,970,15185,
263.4964995445416,83173,674,971,15185,
263.4995907968805,83173,674,970,15186,
263.49996963916294,83172,675,970,15186,
263.5034870727568,83172,674,971,15186,
263.50383691084556,83172,674,970,15187,
263.5047726567859,83172,673,971,15187,
263.5050005774155,83172,673,970,15188,
263.5058323194744,83171,674,970,15188,
263.5070405556699,83170,675,970,15188,
263.5079781824762,83169,676,970,15188,
263.5108540273645,83169,676,969,15189,
263.51148716248974,83168,677,969,15189,
263.5120245025983,83168,677,968,15190,
263.51508452622465,83168,676,969,15190,
263.51577145792845,83167,677,969,15190,
263.5198233654125,83167,677,968,15191,
263.5234975654751,83166,678,968,15191,
263.528141669529,83165,679,968,15191,
263.5288911097763,83165,679,967,15192,
263.5337808737572,83165,678,968,15192,
263.53551622767986,83165,677,969,15192,
263.53763345367827,83165,676,970,15192,
263.5387143617976,83165,675,971,15192,
263.54046978973093,83165,674,972,15192,
263.5412475942968,83165,673,973,15192,
263.547503109616,83165,673,972,15193,
263.5514165978988,83164,674,972,15193,
263.55367136200454,83164,674,971,15194,
263.56035767034007,83164,674,970,15195,
263.5640903245137,83164,673,971,15195,
263.56780266309715,83163,674,971,15195,
263.5704936827825,83163,674,970,15196,
263.57804158252713,83162,675,970,15196,
263.5849204148784,83162,674,971,15196,
263.58563500702905,83162,673,972,15196,
263.58756374974377,83162,673,971,15197,
263.58756437655705,83162,672,972,15197,
263.5892514021821,83162,671,973,15197,
263.59405731953734,83162,671,972,15198,
263.5988762816982,83161,672,972,15198,
263.6038563067656,83161,672,971,15199,
263.6051387674661,83160,673,971,15199,
263.60615946526445,83159,674,971,15199,
263.6065276628444,83159,674,970,15200,
263.61025156929225,83159,673,971,15200,
263.610566083705,83158,674,971,15200,
263.61220146848245,83157,675,971,15200,
263.6180953196874,83157,675,970,15201,
263.61953168929637,83157,674,971,15201,
263.6205170948597,83157,674,970,15202,
263.6211052516782,83156,675,970,15202,
263.621337680869,83156,675,969,15203,
263.624217205746,83155,676,969,15203,
263.6245792400276,83155,676,968,15204,
263.6268486516611,83155,675,969,15204,
263.62958652010434,83155,674,970,15204,
263.63144200871807,83154,675,970,15204,
263.6316462556093,83153,676,970,15204,
263.6320814716912,83153,675,971,15204,
263.6345094947566,83152,676,971,15204,
263.6355749638457,83152,676,970,15205,
263.63866370276037,83151,677,970,15205,
263.6417650629074,83150,678,970,15205,
263.6441106398579,83150,677,971,15205,
263.64468212801216,83149,678,971,15205,
263.645067636472,83149,677,972,15205,
263.6464555767723,83148,678,972,15205,
263.64695646432415,83147,679,972,15205,
263.65034659392256,83147,679,971,15206,
263.65680241815716,83147,678,972,15206,
263.65976659079854,83146,679,972,15206,
263.66039409974366,83146,679,971,15207,
263.6607904468219,83146,678,972,15207,
263.66324308109466,83145,679,972,15207,
263.6664901719146,83145,679,971,15208,
263.6722069484868,83145,678,972,15208,
263.6747023319598,83144,679,972,15208,
263.6771676844423,83143,680,972,15208,
263.68052192669705,83142,681,972,15208,
263.68140428037685,83142,680,973,15208,
263.6815143710003,83142,679,974,15208,
263.68170183011654,83141,680,974,15208,
263.68707072319944,83141,679,975,15208,
263.6915620994984,83141,678,976,15208,
263.6929535110339,83141,678,975,15209,
263.69611142852847,83141,678,974,15210,
263.69791658903137,83140,679,974,15210,
263.6994847656322,83139,680,974,15210,
263.70046264208617,83139,680,973,15211,
263.7021401321591,83139,680,972,15212,
263.7086356706598,83138,681,972,15212,
263.71079455610516,83137,682,972,15212,
263.7124164397365,83136,683,972,15212,
263.7164294785097,83136,682,973,15212,
263.717113313605,83136,681,974,15212,
263.7185879081173,83136,680,975,15212,
263.720642590174,83135,681,975,15212,
263.72136419988,83134,682,975,15212,
263.7234621190117,83133,683,975,15212,
263.72445839108843,83133,683,974,15213,
263.72515906943124,83133,682,975,15213,
263.72652439773975,83132,683,975,15213,
263.72749642824846,83131,684,975,15213,
263.72993511315315,83130,685,975,15213,
263.73336196971076,83130,685,974,15214,
263.7338520115281,83130,684,975,15214,
263.7379114281974,83130,683,976,15214,
263.74072214992975,83130,683,975,15215,
263.7419936016512,83130,683,974,15216,
263.7429027364805,83130,682,975,15216,
263.7459932431616,83129,683,975,15216,
263.74610438343046,83129,682,976,15216,
263.7467569149302,83128,683,976,15216,
263.7477371405443,83128,682,977,15216,
263.74854645874973,83127,683,977,15216,
263.7514666579687,83127,682,978,15216,
263.75186480929574,83126,683,978,15216,
263.753303584059,83126,683,977,15217,
263.7537386786027,83125,684,977,15217,
263.7566984241984,83125,684,976,15218,
263.7587334064918,83124,685,976,15218,
263.7692972250293,83124,685,975,15219,
263.7702292009816,83124,685,974,15220,
263.77066531473065,83124,684,975,15220,
263.77330502357074,83123,685,975,15220,
263.7733815955341,83123,684,976,15220,
263.7742229526736,83123,684,975,15221,
263.77853186689345,83123,683,976,15221,
263.78860723164405,83123,682,977,15221,
263.7940077960883,83122,683,977,15221,
263.7970782201577,83121,684,977,15221,
263.8012678591944,83120,685,977,15221,
263.8026664241442,83119,686,977,15221,
263.805966499436,83119,686,976,15222,
263.8072060501691,83119,685,977,15222,
263.809614427876,83119,685,976,15223,
263.8123525499755,83119,685,975,15224,
263.8135209163694,83119,684,976,15224,
263.8144616641191,83119,683,977,15224,
263.81502078056,83118,684,977,15224,
263.8156492033131,83118,683,978,15224,
263.8164710893221,83118,682,979,15224,
263.8182896536588,83118,681,980,15224,
263.8202768565281,83118,680,981,15224,
263.82132139911954,83117,681,981,15224,
263.8225106852117,83117,681,980,15225,
263.8234417705593,83117,680,981,15225,
263.8235215423433,83116,681,981,15225,
263.82841324863836,83115,682,981,15225,
263.82960629067225,83115,682,980,15226,
263.82963782629827,83114,683,980,15226,
263.8306138698059,83114,683,979,15227,
263.83091599922204,83114,682,980,15227,
263.8315253562495,83114,682,979,15228,
263.83328597807366,83113,683,979,15228,
263.84272789632024,83113,682,980,15228,
263.8444193996078,83112,683,980,15228,
263.8456569179231,83112,682,981,15228,
263.84629692453643,83111,683,981,15228,
263.8469691556542,83111,683,980,15229,
263.8474695564779,83110,684,980,15229,
263.84868067839227,83109,685,980,15229,
263.85089141655146,83109,685,979,15230,
263.8539530519049,83109,685,978,15231,
263.85466440837945,83109,685,977,15232,
263.8570392598327,83109,685,976,15233,
263.8596339496228,83108,686,976,15233,
263.86128677270597,83108,685,977,15233,
263.862054841059,83108,684,978,15233,
263.86246348678776,83107,685,978,15233,
263.8636060204829,83106,686,978,15233,
263.86573152416855,83106,685,979,15233,
263.86712131713136,83106,684,980,15233,
263.8681620972598,83106,683,981,15233,
263.87111711760696,83105,684,981,15233,
263.8756733995673,83105,684,980,15234,
263.87901931487477,83104,685,980,15234,
263.883003408843,83103,686,980,15234,
263.88382484765566,83103,686,979,15235,
263.8889036152013,83103,686,978,15236,
263.8903044999566,83103,685,979,15236,
263.8910141712981,83102,686,979,15236,
263.89230559196994,83102,686,978,15237,
263.893790555243,83101,687,978,15237,
263.89457919858665,83101,687,977,15238,
263.8957552709919,83100,688,977,15238,
263.8967955312494,83100,687,978,15238,
263.9011660196975,83099,688,978,15238,
263.90451580350236,83099,687,979,15238,
263.90582253251495,83099,686,980,15238,
263.9062143589208,83098,687,980,15238,
263.9142071135998,83098,687,979,15239,
263.9149145477448,83098,687,978,15240,
263.91977637832764,83097,688,978,15240,
263.9207348367709,83096,689,978,15240,
263.9255657577574,83095,690,978,15240,
263.92711433643694,83095,689,979,15240,
263.92754029729616,83095,689,978,15241,
263.9298315768103,83094,690,978,15241,
263.93279077726015,83093,691,978,15241,
263.93629449253075,83093,691,977,15242,
263.93877748128,83092,692,977,15242,
263.9442670396642,83091,693,977,15242,
263.9504355543568,83091,692,978,15242,
263.9513556598961,83090,693,978,15242,
263.95158140413344,83090,693,977,15243,
263.95253136317154,83089,694,977,15243,
263.9537674375678,83089,693,978,15243,
263.955866045819,83088,694,978,15243,
263.9577002930237,83088,694,977,15244,
263.9583544576835,83087,695,977,15244,
263.96192445373697,83086,696,977,15244,
263.96215124303603,83085,697,977,15244,
263.96302819584434,83085,696,978,15244,
263.96621169277694,83085,695,979,15244,
263.96822449896104,83085,695,978,15245,
263.9686837265082,83084,696,978,15245,
263.97062825883654,83084,695,979,15245,
263.9717811069794,83083,696,979,15245,
263.97183356898825,83083,695,980,15245,
263.97390265436974,83083,694,981,15245,
263.97395531572414,83083,694,980,15246,
263.9745063412875,83083,694,979,15247,
263.97454558249217,83083,693,980,15247,
263.978936021381,83083,692,981,15247,
263.9790586530792,83082,693,981,15247,
263.9797068109754,83081,694,981,15247,
263.98201256959965,83081,694,980,15248,
263.9844609255717,83080,695,980,15248,
263.98451501875815,83080,694,981,15248,
263.9906330297413,83080,693,982,15248,
263.9912064077135,83080,692,983,15248,
263.9950228637153,83079,693,983,15248,
263.9965723416389,83078,694,983,15248,
263.996961455242,83078,694,982,15249,
263.9999763260799,83078,693,983,15249,
264.00740586725044,83078,692,984,15249,
264.0107989419355,83078,691,985,15249,
264.0111857247807,83078,690,986,15249,
264.01205341252927,83077,691,986,15249,
264.01226723868905,83076,692,986,15249,
264.01450393989745,83076,692,985,15250,
264.0146013909012,83076,691,986,15250,
264.01678685614604,83076,690,987,15250,
264.02144680901176,83076,690,986,15251,
264.03045221601985,83076,689,987,15251,
264.0348955287922,83075,690,987,15251,
264.0369499443209,83075,689,988,15251,
264.04024208787155,83074,690,988,15251,
264.0455122727719,83074,689,989,15251,
264.0460759684885,83074,689,988,15252,
264.0469986569542,83073,690,988,15252,
264.0524209440894,83072,691,988,15252,
264.05293791575195,83072,690,989,15252,
264.0578439441441,83072,689,990,15252,
264.0609530304311,83072,688,991,15252,
264.0686838772879,83072,687,992,15252,
264.068765462168,83072,686,993,15252,
264.0710044030318,83071,687,993,15252,
264.0747072723839,83071,686,994,15252,
264.075104497023,83070,687,994,15252,
264.0751168928376,83070,686,995,15252,
264.0782568757078,83070,686,994,15253,
264.07957132690296,83070,686,993,15254,
264.08050308937976,83069,687,993,15254,
264.08201387955654,83068,688,993,15254,
264.0832429317742,83068,688,992,15255,
264.0883480010487,83067,689,992,15255,
264.0941341725289,83067,688,993,15255,
264.0966872396387,83066,689,993,15255,
264.1037414435495,83065,690,993,15255,
264.109722701977,83065,690,992,15256,
264.11287120877626,83064,691,992,15256,
264.1143450297079,83063,692,992,15256,
264.11467154117355,83062,693,992,15256,
264.11475270509544,83062,693,991,15257,
264.12376133470826,83062,692,992,15257,
264.12574456440757,83061,693,992,15257,
264.1261862731901,83061,693,991,15258,
264.1274411822554,83061,693,990,15259,
264.12850956219853,83060,694,990,15259,
264.1290761354082,83060,694,989,15260,
264.13176895144056,83060,694,988,15261,
264.1354363031309,83060,694,987,15262,
264.1395854180155,83060,693,988,15262,
264.144303024368,83060,693,987,15263,
264.144313889595,83060,693,986,15264,
264.1457917482887,83060,693,985,15265,
264.14608066699196,83059,694,985,15265,
264.14933716188466,83059,693,986,15265,
264.15183222255746,83059,693,985,15266,
264.1536798016446,83059,692,986,15266,
264.1541009052791,83058,693,986,15266,
264.1555308388152,83058,692,987,15266,
264.1614097126909,83057,693,987,15266,
264.16456115637,83057,692,988,15266,
264.167201289261,83057,691,989,15266,
264.1720691183487,83056,692,989,15266,
264.1762887596518,83056,691,990,15266,
264.1772960278958,83056,691,989,15267,
264.1787574193414,83055,692,989,15267,
264.1806110155737,83054,693,989,15267,
264.1861340922421,83053,694,989,15267,
264.1867666489839,83053,694,988,15268,
264.19220326612094,83053,693,989,15268,
264.193955160204,83052,694,989,15268,
264.19465458091025,83052,694,988,15269,
264.1969000501745,83051,695,988,15269,
264.1970140485753,83051,694,989,15269,
264.1987483963598,83050,695,989,15269,
264.1988683096877,83050,694,990,15269,
264.202526859375,83049,695,990,15269,
264.2043384458262,83048,696,990,15269,
264.20632147417837,83048,696,989,15270,
264.208488309391,83048,696,988,15271,
264.21115903689895,83048,696,987,15272,
264.2117482954062,83047,697,987,15272,
264.2133008986855,83046,698,987,15272,
264.2174604901265,83045,699,987,15272,
264.2190983157203,83044,700,987,15272,
264.22014203643937,83043,701,987,15272,
264.2221844076347,83043,700,988,15272,
264.2243904238399,83043,699,989,15272,
264.23045527928997,83042,700,989,15272,
264.2321813319635,83041,701,989,15272,
264.23309063644206,83041,700,990,15272,
264.234034555465,83040,701,990,15272,
264.2343596687301,83039,702,990,15272,
264.2344966560988,83039,702,989,15273,
264.2349532322123,83038,703,989,15273,
264.2356822829797,83038,703,988,15274,
264.23763520036675,83037,704,988,15274,
264.2384726834943,83036,705,988,15274,
264.23977445003374,83035,706,988,15274,
264.2435836750449,83034,707,988,15274,
264.24399036623754,83034,706,989,15274,
264.2448612698332,83034,705,990,15274,
264.24674519336725,83034,704,991,15274,
264.2475959853978,83034,704,990,15275,
264.24920816993074,83033,705,990,15275,
264.2505916194537,83033,705,989,15276,
264.2512504099639,83033,704,990,15276,
264.2527013103927,83032,705,990,15276,
264.25865591798225,83032,704,991,15276,
264.25975606747244,83031,705,991,15276,
264.2628441487323,83030,706,991,15276,
264.2633904925571,83030,706,990,15277,
264.26582114453487,83030,706,989,15278,
264.2661329454908,83030,705,990,15278,
264.2700027791841,83029,706,990,15278,
264.2748306867611,83028,707,990,15278,
264.27996028353294,83027,708,990,15278,
264.2814494519502,83027,707,991,15278,
264.2828754852459,83026,708,991,15278,
264.2841671121749,83026,707,992,15278,
264.29006519294,83025,708,992,15278,
264.2950758223837,83025,708,991,15279,
264.2976988821369,83025,708,990,15280,
264.2978849987701,83025,707,991,15280,
264.2983787673328,83025,706,992,15280,
264.29858596841194,83025,706,991,15281,
264.3039179013127,83024,707,991,15281,
264.30443541894147,83023,708,991,15281,
264.30685016223936,83023,708,990,15282,
264.31396611298027,83023,707,991,15282,
264.31677868771646,83023,706,992,15282,
264.31717114105504,83023,706,991,15283,
264.32106979726683,83022,707,991,15283,
264.3218752577917,83021,708,991,15283,
264.322064474473,83021,708,990,15284,
264.32310237926856,83020,709,990,15284,
264.3257723237669,83020,709,989,15285,
264.3300639269282,83020,708,990,15285,
264.33311346970567,83020,708,989,15286,
264.33346994177026,83019,709,989,15286,
264.333803114209,83019,708,990,15286,
264.3390420541547,83018,709,990,15286,
264.34057267169123,83018,708,991,15286,
264.3439563681543,83017,709,991,15286,
264.34491973799294,83016,710,991,15286,
264.34516641097923,83015,711,991,15286,
264.3482525433906,83015,711,990,15287,
264.3483125395171,83015,710,991,15287,
264.34875945014403,83015,710,990,15288,
264.3549375572409,83015,709,991,15288,
264.3567760818156,83014,710,991,15288,
264.3600992708604,83014,710,990,15289,
264.3633877831954,83013,711,990,15289,
264.36560639930275,83012,712,990,15289,
264.36664266750864,83011,713,990,15289,
264.37232160603816,83011,712,991,15289,
264.3745018366701,83011,711,992,15289,
264.3757483244652,83011,710,993,15289,
264.3767967685926,83011,710,992,15290,
264.3805610983167,83011,710,991,15291,
264.38176047873065,83010,711,991,15291,
264.38382111697786,83010,711,990,15292,
264.38413790821505,83010,711,989,15293,
264.38479879178715,83010,711,988,15294,
264.3917160415341,83009,712,988,15294,
264.3958736926993,83008,713,988,15294,
264.3973876708235,83007,714,988,15294,
264.3983666240245,83007,714,987,15295,
264.40037824167246,83007,713,988,15295,
264.40094075636426,83006,714,988,15295,
264.4016607684467,83006,713,989,15295,
264.40370026180875,83006,712,990,15295,
264.40822224254345,83006,712,989,15296,
264.4094840587602,83006,712,988,15297,
264.41010793806936,83006,711,989,15297,
264.41433711172107,83006,711,988,15298,
264.4161048819891,83006,710,989,15298,
264.41770241261446,83006,709,990,15298,
264.4223593451061,83005,710,990,15298,
264.42311626694084,83005,710,989,15299,
264.4282692339064,83005,709,990,15299,
264.42840866649345,83004,710,990,15299,
264.42920409182597,83004,710,989,15300,
264.43089466952074,83003,711,989,15300,
264.4363429191661,83003,710,990,15300,
264.4379729748179,83003,709,991,15300,
264.438275474809,83003,709,990,15301,
264.4410468242131,83003,709,989,15302,
264.4432874698115,83003,709,988,15303,
264.45432361896815,83003,709,987,15304,
264.4573552765497,83002,710,987,15304,
264.460605192113,83002,709,988,15304,
264.4607918444396,83001,710,988,15304,
264.46723287777945,83001,709,989,15304,
264.4703913170163,83001,709,988,15305,
264.47451502157253,83000,710,988,15305,
264.4769113829042,83000,710,987,15306,
264.47842419903054,83000,710,986,15307,
264.4794461906384,83000,709,987,15307,
264.48683133014083,82999,710,987,15307,
264.4885418591893,82999,709,988,15307,
264.49114140235395,82999,708,989,15307,
264.49284354293894,82998,709,989,15307,
264.4939129210706,82998,708,990,15307,
264.50188443937463,82998,707,991,15307,
264.50195821039216,82997,708,991,15307,
264.50291979977817,82996,709,991,15307,
264.529815906638,82995,710,991,15307,
264.530399929993,82995,710,990,15308,
264.5311678625472,82995,709,991,15308,
264.53757375175456,82995,709,990,15309,
264.5386426085123,82995,708,991,15309,
264.54046925090717,82994,709,991,15309,
264.54308972029725,82993,710,991,15309,
264.54342095288695,82993,710,990,15310,
264.54913364086224,82993,710,989,15311,
264.5496718036883,82993,709,990,15311,
264.5504265039033,82993,709,989,15312,
264.55200106499166,82993,708,990,15312,
264.5522064762917,82992,709,990,15312,
264.5560569227494,82991,710,990,15312,
264.5614950692355,82991,710,989,15313,
264.56498494883925,82991,710,988,15314,
264.56647154066064,82991,709,989,15314,
264.5676938774251,82991,708,990,15314,
264.5678178247454,82991,707,991,15314,
264.569478610492,82991,707,990,15315,
264.5707746554854,82990,708,990,15315,
264.57157631945637,82990,708,989,15316,
264.57409155572634,82989,709,989,15316,
264.5777432332186,82988,710,989,15316,
264.5779645249511,82988,710,988,15317,
264.5781748282079,82988,710,987,15318,
264.5783531124483,82987,711,987,15318,
264.57928153453213,82986,712,987,15318,
264.57981824870217,82986,711,988,15318,
264.5805657594897,82985,712,988,15318,
264.58158871871564,82984,713,988,15318,
264.5827676074541,82983,714,988,15318,
264.58362846837986,82983,714,987,15319,
264.58378543320845,82983,713,988,15319,
264.5847208826466,82982,714,988,15319,
264.5879450009621,82982,713,989,15319,
264.5904083718929,82982,712,990,15319,
264.59122595978806,82981,713,990,15319,
264.5958392870668,82981,713,989,15320,
264.59796314565926,82981,712,990,15320,
264.603988610737,82981,712,989,15321,
264.60404962136494,82981,712,988,15322,
264.6047907291695,82981,712,987,15323,
264.6077799138461,82981,711,988,15323,
264.6078985778377,82980,712,988,15323,
264.61347725257366,82979,713,988,15323,
264.61920688798153,82978,714,988,15323,
264.6193818699129,82978,714,987,15324,
264.6224580636217,82977,715,987,15324,
264.62722398074726,82976,716,987,15324,
264.62793524013017,82975,717,987,15324,
264.63657442635787,82975,716,988,15324,
264.6372557900153,82974,717,988,15324,
264.6380293007852,82974,717,987,15325,
264.6403578181354,82973,718,987,15325,
264.6407800803055,82973,717,988,15325,
264.6408350593057,82973,716,989,15325,
264.6444375697545,82973,715,990,15325,
264.645563949286,82973,714,991,15325,
264.6513723442125,82973,713,992,15325,
264.6514364366081,82973,712,993,15325,
264.6529988069793,82972,713,993,15325,
264.65587128841935,82972,713,992,15326,
264.6593122211696,82972,713,991,15327,
264.659914077323,82972,712,992,15327,
264.66368385210683,82971,713,992,15327,
264.6643075377924,82970,714,992,15327,
264.6680847716314,82970,713,993,15327,
264.672474865546,82969,714,993,15327,
264.67272878354555,82969,713,994,15327,
264.6803698058043,82969,713,993,15328,
264.68134779022887,82968,714,993,15328,
264.6824028480105,82968,714,992,15329,
264.68273334066345,82967,715,992,15329,
264.68604057220944,82967,714,993,15329,
264.68667114595263,82967,713,994,15329,
264.69220525050844,82966,714,994,15329,
264.6945295030473,82965,715,994,15329,
264.7066054756493,82964,716,994,15329,
264.71330974061055,82964,715,995,15329,
264.7165341467814,82964,715,994,15330,
264.71813345351416,82964,715,993,15331,
264.7197920207191,82963,716,993,15331,
264.72196526064005,82962,717,993,15331,
264.7233349463762,82962,716,994,15331,
264.7242039949506,82962,716,993,15332,
264.7285999784954,82962,716,992,15333,
264.72910574794935,82961,717,992,15333,
264.7294277197868,82961,717,991,15334,
264.7294437777622,82961,716,992,15334,
264.7301583725534,82961,715,993,15334,
264.7380247055263,82961,715,992,15335,
264.73867552317597,82960,716,992,15335,
264.74082587059854,82959,717,992,15335,
264.74118333300817,82959,717,991,15336,
264.742483183195,82959,716,992,15336,
264.7459367585552,82959,716,991,15337,
264.7471270791966,82959,715,992,15337,
264.74863909406406,82959,715,991,15338,
264.7500445917441,82959,714,992,15338,
264.7521071641524,82958,715,992,15338,
264.7528533292246,82957,716,992,15338,
264.7543126703245,82956,717,992,15338,
264.7557285198786,82956,717,991,15339,
264.75597462619726,82956,717,990,15340,
264.75801920838023,82955,718,990,15340,
264.75916648329775,82955,717,991,15340,
264.7605954290503,82955,716,992,15340,
264.76237791708263,82954,717,992,15340,
264.76323514157974,82954,716,993,15340,
264.7659117993139,82953,717,993,15340,
264.76906757768086,82952,718,993,15340,
264.77058990678677,82952,718,992,15341,
264.7717984146707,82951,719,992,15341,
264.77431320004143,82951,719,991,15342,
264.77689989329434,82951,719,990,15343,
264.78054134904664,82951,718,991,15343,
264.7823691781199,82951,717,992,15343,
264.7849953960068,82951,717,991,15344,
264.7894316073352,82951,716,992,15344,
264.79059301163807,82951,716,991,15345,
264.7912659585353,82951,716,990,15346,
264.7919526458599,82951,716,989,15347,
264.79273128157524,82950,717,989,15347,
264.79480920578874,82950,716,990,15347,
264.79742784141627,82949,717,990,15347,
264.7998247129644,82949,716,991,15347,
264.8013321421825,82948,717,991,15347,
264.80165548602065,82948,717,990,15348,
264.8023315728934,82948,717,989,15349,
264.8031888723279,82947,718,989,15349,
264.8077402723662,82947,717,990,15349,
264.81010798204045,82946,718,990,15349,
264.8113659805338,82946,717,991,15349,
264.8121266820705,82946,716,992,15349,
264.8136162911962,82946,716,991,15350,
264.8137290154332,82945,717,991,15350,
264.81408080158786,82945,716,992,15350,
264.81467827923495,82945,716,991,15351,
264.8150836656641,82945,715,992,15351,
264.82130913464664,82944,716,992,15351,
264.8275925185017,82944,715,993,15351,
264.8349483375984,82944,715,992,15352,
264.84080095630486,82943,716,992,15352,
264.8441202014876,82943,716,991,15353,
264.8460018773999,82942,717,991,15353,
264.8527070690873,82941,718,991,15353,
264.8539802013718,82941,717,992,15353,
264.85702375639727,82940,718,992,15353,
264.8586369510838,82939,719,992,15353,
264.8600289920788,82938,720,992,15353,
264.8606013973394,82937,721,992,15353,
264.8606880531387,82937,720,993,15353,
264.8614207579214,82937,719,994,15353,
264.8634897882555,82937,718,995,15353,
264.864347569974,82936,719,995,15353,
264.8651209677153,82935,720,995,15353,
264.8656217619141,82935,719,996,15353,
264.86979604920225,82935,719,995,15354,
264.8725004763667,82935,719,994,15355,
264.873064783087,82934,720,994,15355,
264.87325434706423,82934,719,995,15355,
264.8734986764901,82933,720,995,15355,
264.87381638733063,82932,721,995,15355,
264.8781198945093,82932,721,994,15356,
264.8826121037053,82932,721,993,15357,
264.8828962753447,82932,721,992,15358,
264.8853167737493,82931,722,992,15358,
264.8873425740716,82930,723,992,15358,
264.8882648968855,82930,722,993,15358,
264.8894759767781,82929,723,993,15358,
264.89284807621607,82929,722,994,15358,
264.8931397245307,82928,723,994,15358,
264.89421465801814,82927,724,994,15358,
264.89619739982953,82927,723,995,15358,
264.89806075673255,82926,724,995,15358,
264.8983191960416,82926,724,994,15359,
264.89911383140185,82926,724,993,15360,
264.89946595630335,82926,724,992,15361,
264.9015649348206,82926,724,991,15362,
264.90385810876745,82926,723,992,15362,
264.9058905163138,82925,724,992,15362,
264.9083270913762,82924,725,992,15362,
264.90851880601736,82924,724,993,15362,
264.91058011118906,82924,723,994,15362,
264.91083180431883,82923,724,994,15362,
264.91682538043824,82922,725,994,15362,
264.9173162993043,82921,726,994,15362,
264.9178779600212,82920,727,994,15362,
264.9190988720762,82919,728,994,15362,
264.919606445069,82918,729,994,15362,
264.9220278320256,82917,730,994,15362,
264.92267646055654,82917,730,993,15363,
264.9229020943438,82917,729,994,15363,
264.92682476260046,82916,730,994,15363,
264.9314322379332,82915,731,994,15363,
264.9343243707838,82915,730,995,15363,
264.9345452937787,82914,731,995,15363,
264.94198157917856,82913,732,995,15363,
264.94297390420894,82913,731,996,15363,
264.94640273005876,82912,732,996,15363,
264.94665141719986,82912,732,995,15364,
264.9467748449465,82911,733,995,15364,
264.9474071331669,82911,732,996,15364,
264.947553093696,82910,733,996,15364,
264.9477058698444,82909,734,996,15364,
264.9493043298235,82909,734,995,15365,
264.9501026571926,82908,735,995,15365,
264.95536407160375,82907,736,995,15365,
264.9566950407157,82907,736,994,15366,
264.96043314930074,82907,736,993,15367,
264.96732948107945,82907,736,992,15368,
264.96940421700145,82907,736,991,15369,
264.9779169347798,82906,737,991,15369,
264.9832603329991,82906,737,990,15370,
264.98506333136766,82906,736,991,15370,
264.98657237983275,82906,736,990,15371,
264.9899610915061,82905,737,990,15371,
264.9901773539118,82905,737,989,15372,
264.9936312284402,82905,736,990,15372,
265.00078931296576,82904,737,990,15372,
265.0014810919102,82903,738,990,15372,
265.0038825109905,82903,737,991,15372,
265.00592979563453,82903,736,992,15372,
265.01323523775903,82903,736,991,15373,
265.0149874343655,82902,737,991,15373,
265.01739389865253,82902,737,990,15374,
265.01786817740026,82902,736,991,15374,
265.01892401943365,82902,735,992,15374,
265.01904749299456,82902,735,991,15375,
265.0192426698253,82901,736,991,15375,
265.0235644735314,82901,735,992,15375,
265.02387843449344,82901,735,991,15376,
265.02406297143926,82900,736,991,15376,
265.030736826029,82899,737,991,15376,
265.0322409109068,82899,736,992,15376,
265.03253254881747,82898,737,992,15376,
265.03419936444567,82897,738,992,15376,
265.0376426906428,82896,739,992,15376,
265.0436423206597,82896,738,993,15376,
265.0456255978546,82895,739,993,15376,
265.0493326527026,82895,739,992,15377,
265.05176603277505,82895,738,993,15377,
265.0538720128689,82895,738,992,15378,
265.0554156913245,82895,737,993,15378,
265.05721152312805,82895,736,994,15378,
265.06178276288665,82895,736,993,15379,
265.06211085121356,82895,736,992,15380,
265.0630555394545,82895,736,991,15381,
265.0655742486229,82895,736,990,15382,
265.0678058202553,82895,735,991,15382,
265.067850105481,82895,735,990,15383,
265.0682842794159,82895,734,991,15383,
265.07279538862076,82895,733,992,15383,
265.07305458945655,82895,733,991,15384,
265.07391927122114,82894,734,991,15384,
265.08084826704396,82893,735,991,15384,
265.0818221389,82893,735,990,15385,
265.0839401339892,82893,734,991,15385,
265.08501803862885,82892,735,991,15385,
265.08620995275515,82892,734,992,15385,
265.08803463012987,82892,734,991,15386,
265.0899928688856,82892,734,990,15387,
265.09177279633553,82891,735,990,15387,
265.0940419583576,82891,735,989,15388,
265.09655259162867,82891,735,988,15389,
265.0975861182317,82891,735,987,15390,
265.10222756808224,82890,736,987,15390,
265.10584819321116,82889,737,987,15390,
265.10691152031234,82889,736,988,15390,
265.1097105476912,82888,737,988,15390,
265.1151416830903,82888,736,989,15390,
265.11592433288354,82888,735,990,15390,
265.1168156367744,82887,736,990,15390,
265.11857618334943,82887,735,991,15390,
265.11943138404763,82886,736,991,15390,
265.12229573520403,82886,736,990,15391,
265.1255815690544,82885,737,990,15391,
265.12645054596356,82884,738,990,15391,
265.1274577933818,82884,737,991,15391,
265.129085463771,82884,736,992,15391,
265.13372533745445,82884,736,991,15392,
265.140630208826,82884,736,990,15393,
265.1419422741827,82884,736,989,15394,
265.14242511640464,82884,735,990,15394,
265.14386426341235,82884,734,991,15394,
265.1465067924689,82883,735,991,15394,
265.1558514371531,82882,736,991,15394,
265.16146351140526,82882,736,990,15395,
265.1615041069277,82882,735,991,15395,
265.1659645969633,82881,736,991,15395,
265.1666221911183,82881,735,992,15395,
265.1759431076529,82881,734,993,15395,
265.1767462932206,82881,733,994,15395,
265.177230805619,82880,734,994,15395,
265.1848962622006,82879,735,994,15395,
265.1871133110717,82878,736,994,15395,
265.1907741708991,82877,737,994,15395,
265.19485303177044,82877,737,993,15396,
265.1972199191315,82877,737,992,15397,
265.198206363411,82876,738,992,15397,
265.1997029096518,82875,739,992,15397,
265.2004636234264,82875,739,991,15398,
265.2005461902567,82874,740,991,15398,
265.201578280328,82874,740,990,15399,
265.20186135562165,82874,739,991,15399,
265.2029414534205,82873,740,991,15399,
265.2042313287005,82872,741,991,15399,
265.2072323161434,82872,740,992,15399,
265.2078291954365,82872,740,991,15400,
265.20901268517366,82871,741,991,15400,
265.2126765364622,82871,741,990,15401,
265.2134540618164,82871,740,991,15401,
265.21569176653367,82871,739,992,15401,
265.2177646433949,82870,740,992,15401,
265.2214927124909,82869,741,992,15401,
265.2263600682832,82869,740,993,15401,
265.23066490936435,82869,739,994,15401,
265.2324324680006,82869,738,995,15401,
265.232827874849,82869,737,996,15401,
265.2331391480213,82868,738,996,15401,
265.23450745484115,82868,737,997,15401,
265.2381593530346,82868,737,996,15402,
265.23922809932975,82868,737,995,15403,
265.2409622777136,82868,736,996,15403,
265.24235048078685,82867,737,996,15403,
265.24500941084534,82866,738,996,15403,
265.2450870308493,82865,739,996,15403,
265.2475088306063,82865,739,995,15404,
265.2510065859611,82865,739,994,15405,
265.2541385347584,82865,738,995,15405,
265.2543383274803,82865,737,996,15405,
265.2569093577154,82865,736,997,15405,
265.26145906264964,82864,737,997,15405,
265.2628669983247,82864,737,996,15406,
265.2651491934306,82863,738,996,15406,
265.2663488253018,82863,737,997,15406,
265.2671558827881,82863,736,998,15406,
265.2686341888592,82863,735,999,15406,
265.2710160859531,82862,736,999,15406,
265.2730549654138,82862,735,1000,15406,
265.2786393796039,82861,736,1000,15406,
265.2788755711478,82861,735,1001,15406,
265.2801306833711,82861,734,1002,15406,
265.28170122204756,82860,735,1002,15406,
265.28363720928957,82859,736,1002,15406,
265.2850453591134,82859,735,1003,15406,
265.2854059920476,82859,734,1004,15406,
265.28590910816706,82859,734,1003,15407,
265.2863850877569,82858,735,1003,15407,
265.29084744530013,82857,736,1003,15407,
265.29382912000585,82857,736,1002,15408,
265.29593380874695,82857,736,1001,15409,
265.29873208238814,82857,735,1002,15409,
265.3008428354312,82857,735,1001,15410,
265.3071382154859,82857,735,1000,15411,
265.30766269179486,82857,734,1001,15411,
265.30803987564684,82857,734,1000,15412,
265.3119585836816,82857,733,1001,15412,
265.31331746740307,82857,733,1000,15413,
265.31345909280003,82856,734,1000,15413,
265.3135406934701,82856,733,1001,15413,
265.3152293736213,82855,734,1001,15413,
265.318592791581,82855,734,1000,15414,
265.3206436045317,82854,735,1000,15414,
265.32147656612153,82854,734,1001,15414,
265.32257538766197,82853,735,1001,15414,
265.3367686908517,82853,734,1002,15414,
265.33831492350777,82852,735,1002,15414,
265.340980510589,82852,735,1001,15415,
265.3427822929903,82852,734,1002,15415,
265.3479054373809,82852,734,1001,15416,
265.34892696481205,82851,735,1001,15416,
265.34943435498957,82851,734,1002,15416,
265.3514130114484,82851,733,1003,15416,
265.35321443512424,82850,734,1003,15416,
265.35561067426903,82849,735,1003,15416,
265.3562145351875,82848,736,1003,15416,
265.35711458828337,82848,736,1002,15417,
265.3582371351084,82848,735,1003,15417,
265.3597258242547,82847,736,1003,15417,
265.36019296765517,82847,736,1002,15418,
265.3606637067437,82847,735,1003,15418,
265.361154862619,82847,735,1002,15419,
265.36282929353706,82847,735,1001,15420,
265.3636367829733,82847,735,1000,15421,
265.36450974653513,82847,734,1001,15421,
265.3650231615234,82846,735,1001,15421,
265.3659208015599,82846,735,1000,15422,
265.370446294742,82845,736,1000,15422,
265.3743902356612,82844,737,1000,15422,
265.37473165106576,82844,737,999,15423,
265.3771992374275,82844,737,998,15424,
265.37783423101376,82844,737,997,15425,
265.3834304238767,82843,738,997,15425,
265.38456369305584,82842,739,997,15425,
265.38808486468236,82842,738,998,15425,
265.3907124807653,82842,738,997,15426,
265.39090540469147,82841,739,997,15426,
265.3950728209661,82840,740,997,15426,
265.39525867595484,82840,740,996,15427,
265.39617412041406,82839,741,996,15427,
265.39753431263705,82839,740,997,15427,
265.3983749077953,82839,739,998,15427,
265.4001224937876,82838,740,998,15427,
265.4019129325,82838,740,997,15428,
265.4050080941615,82838,739,998,15428,
265.4078133896587,82837,740,998,15428,
265.41189959912117,82836,741,998,15428,
265.4150434296621,82835,742,998,15428,
265.4188747891168,82835,742,997,15429,
265.4194071847637,82835,741,998,15429,
265.42285115924324,82835,741,997,15430,
265.4244276118559,82835,741,996,15431,
265.42543126005523,82835,741,995,15432,
265.4257797560529,82835,741,994,15433,
265.4340624770575,82835,741,993,15434,
265.43679068094855,82834,742,993,15434,
265.44097879806463,82834,741,994,15434,
265.4410561881195,82833,742,994,15434,
265.44244036531484,82832,743,994,15434,
265.4456459754189,82832,743,993,15435,
265.4495285003398,82831,744,993,15435,
265.45195383108165,82830,745,993,15435,
265.45526458555304,82830,744,994,15435,
265.4553596164185,82829,745,994,15435,
265.4578443528023,82829,744,995,15435,
265.4602653363687,82828,745,995,15435,
265.4604248699098,82828,745,994,15436,
265.46220766194426,82828,745,993,15437,
265.4635888377167,82828,745,992,15438,
265.46868281424474,82827,746,992,15438,
265.47714401277085,82826,747,992,15438,
265.47722621591856,82826,746,993,15438,
265.48414896048604,82826,745,994,15438,
265.4845279058031,82826,745,993,15439,
265.4846829488242,82826,744,994,15439,
265.4870339818547,82825,745,994,15439,
265.48822688878334,82825,744,995,15439,
265.49053104613597,82824,745,995,15439,
265.4952885516539,82823,746,995,15439,
265.4960787670853,82823,745,996,15439,
265.51051761399185,82822,746,996,15439,
265.5117543861961,82822,745,997,15439,
265.51574323997113,82822,745,996,15440,
265.52098590035155,82822,745,995,15441,
265.52114840991584,82821,746,995,15441,
265.5227458933392,82820,747,995,15441,
265.5262016413749,82820,747,994,15442,
265.5285098195495,82819,748,994,15442,
265.52929229208394,82818,749,994,15442,
265.53155059172144,82818,749,993,15443,
265.5323460099641,82817,750,993,15443,
265.53610166073884,82816,751,993,15443,
265.5393852132904,82815,752,993,15443,
265.5407122948456,82815,752,992,15444,
265.5433599032324,82815,751,993,15444,
265.54575370185773,82815,750,994,15444,
265.5472193014166,82815,749,995,15444,
265.5514091444411,82815,748,996,15444,
265.55220500855944,82815,747,997,15444,
265.55267992707184,82815,747,996,15445,
265.553817853811,82814,748,996,15445,
265.5539287504272,82814,747,997,15445,
265.5564375066046,82814,746,998,15445,
265.5568874955789,82814,746,997,15446,
265.5569561203235,82814,746,996,15447,
265.5574757341365,82814,746,995,15448,
265.56026603105806,82814,746,994,15449,
265.56075032557555,82814,746,993,15450,
265.56170491810985,82814,745,994,15450,
265.5653978459088,82814,744,995,15450,
265.5679317973136,82814,743,996,15450,
265.57015157051006,82814,743,995,15451,
265.571012590805,82814,743,994,15452,
265.57457490687034,82813,744,994,15452,
265.57727022538177,82813,744,993,15453,
265.58434923799103,82812,745,993,15453,
265.58500264211386,82812,744,994,15453,
265.5882334636089,82812,744,993,15454,
265.5905956724578,82812,743,994,15454,
265.5993088824344,82811,744,994,15454,
265.5996537248742,82810,745,994,15454,
265.6010641830083,82810,745,993,15455,
265.60175853177964,82809,746,993,15455,
265.6021832186893,82809,745,994,15455,
265.6039118345419,82808,746,994,15455,
265.60498453594886,82807,747,994,15455,
265.60759834468735,82807,747,993,15456,
265.6079450223062,82806,748,993,15456,
265.6086838105723,82805,749,993,15456,
265.61879910081706,82805,749,992,15457,
265.6205147996881,82804,750,992,15457,
265.62239902428513,82803,751,992,15457,
265.62801196731976,82802,752,992,15457,
265.63053333357874,82802,752,991,15458,
265.6340035185331,82802,752,990,15459,
265.63412811360917,82801,753,990,15459,
265.6342980490767,82800,754,990,15459,
265.63872588354496,82800,754,989,15460,
265.64085758656347,82799,755,989,15460,
265.6410743875661,82799,754,990,15460,
265.64186841114304,82799,753,991,15460,
265.6442159728146,82799,752,992,15460,
265.6452982772297,82798,753,992,15460,
265.6463596327367,82797,754,992,15460,
265.6467178039179,82796,755,992,15460,
265.6483513741119,82796,754,993,15460,
265.65000555527746,82795,755,993,15460,
265.65103347394836,82795,754,994,15460,
265.6517834333128,82795,754,993,15461,
265.6521038575389,82795,753,994,15461,
265.6527801477316,82795,753,993,15462,
265.6541346616416,82795,752,994,15462,
265.65757728578484,82795,751,995,15462,
265.66162810277444,82794,752,995,15462,
265.6633077641238,82793,753,995,15462,
265.6643358696892,82792,754,995,15462,
265.6654999991119,82791,755,995,15462,
265.6666272215858,82791,754,996,15462,
265.6669090183936,82790,755,996,15462,
265.6681219883627,82790,755,995,15463,
265.6717669883369,82790,755,994,15464,
265.6724364662635,82789,756,994,15464,
265.6754129768068,82788,757,994,15464,
265.6770752928344,82788,756,995,15464,
265.68234427913393,82788,755,996,15464,
265.6865893893385,82788,755,995,15465,
265.68694877549683,82787,756,995,15465,
265.68754520496697,82787,755,996,15465,
265.6878282955659,82787,755,995,15466,
265.68946555490277,82786,756,995,15466,
265.6953008816083,82786,755,996,15466,
265.69600953859305,82785,756,996,15466,
265.69726500571323,82785,755,997,15466,
265.6983548904768,82785,755,996,15467,
265.6984249214201,82784,756,996,15467,
265.69919759638645,82784,756,995,15468,
265.70247529470083,82784,755,996,15468,
265.70745282153143,82784,754,997,15468,
265.7075208288655,82784,754,996,15469,
265.707660674141,82784,753,997,15469,
265.7080662110543,82784,752,998,15469,
265.70824426515077,82783,753,998,15469,
265.7082561140639,82782,754,998,15469,
265.7109609959804,82782,753,999,15469,
265.71190745951105,82782,753,998,15470,
265.7186543148904,82782,752,999,15470,
265.7244547979188,82782,751,1000,15470,
265.7263423638079,82781,752,1000,15470,
265.73666112069634,82781,751,1001,15470,
265.7425436254415,82781,750,1002,15470,
265.74264098466926,82780,751,1002,15470,
265.74405631223493,82780,750,1003,15470,
265.74697913378634,82779,751,1003,15470,
265.747423180321,82778,752,1003,15470,
265.7483890696179,82778,751,1004,15470,
265.748787735693,82778,750,1005,15470,
265.7522293568635,82778,750,1004,15471,
265.7552047668484,82777,751,1004,15471,
265.75589432813956,82776,752,1004,15471,
265.75772846569566,82776,751,1005,15471,
265.75954320862144,82776,750,1006,15471,
265.76479952794165,82775,751,1006,15471,
265.7658279019836,82775,750,1007,15471,
265.7698110851975,82774,751,1007,15471,
265.7707868531186,82774,751,1006,15472,
265.7736930006307,82774,751,1005,15473,
265.7739410613447,82774,751,1004,15474,
265.77974766054643,82774,751,1003,15475,
265.7809555268464,82773,752,1003,15475,
265.7830506384739,82773,751,1004,15475,
265.7834801414856,82773,750,1005,15475,
265.7835009761449,82773,749,1006,15475,
265.7846749531403,82772,750,1006,15475,
265.78590074968275,82772,750,1005,15476,
265.78794751031955,82772,749,1006,15476,
265.78964185062944,82772,749,1005,15477,
265.7923931458274,82771,750,1005,15477,
265.79378969252787,82770,751,1005,15477,
265.80170004782195,82770,751,1004,15478,
265.8047777067967,82770,750,1005,15478,
265.80626049796257,82770,749,1006,15478,
265.810426295304,82770,748,1007,15478,
265.82153567617496,82769,749,1007,15478,
265.8242860937127,82769,748,1008,15478,
265.8254432926297,82769,747,1009,15478,
265.8263404265453,82769,747,1008,15479,
265.82737128994376,82768,748,1008,15479,
265.829538045208,82767,749,1008,15479,
265.83245404565696,82766,750,1008,15479,
265.83266472708783,82765,751,1008,15479,
265.83282643621146,82765,750,1009,15479,
265.83418259293376,82765,749,1010,15479,
265.8374000689321,82764,750,1010,15479,
265.8383086508046,82763,751,1010,15479,
265.840836734783,82763,751,1009,15480,
265.8442826312435,82763,751,1008,15481,
265.8452462214721,82763,751,1007,15482,
265.8493212654251,82763,751,1006,15483,
265.8494776917553,82762,752,1006,15483,
265.85135835937444,82762,752,1005,15484,
265.85398987926277,82762,752,1004,15485,
265.8547868558004,82762,752,1003,15486,
265.85495692545317,82761,753,1003,15486,
265.8592803566661,82760,754,1003,15486,
265.8596320933534,82759,755,1003,15486,
265.8631470083513,82759,755,1002,15487,
265.86459370572084,82758,756,1002,15487,
265.86778435747647,82757,757,1002,15487,
265.86980002546716,82757,757,1001,15488,
265.87932896542134,82757,756,1002,15488,
265.8820411887744,82757,756,1001,15489,
265.8866692189187,82756,757,1001,15489,
265.89479144870256,82756,756,1002,15489,
265.89589473116007,82756,755,1003,15489,
265.9004874954157,82756,755,1002,15490,
265.9047687218786,82755,756,1002,15490,
265.90567126794537,82755,756,1001,15491,
265.90708410771185,82755,755,1002,15491,
265.91423219902686,82755,755,1001,15492,
265.91719011035525,82754,756,1001,15492,
265.91756103787435,82754,756,1000,15493,
265.9190441728233,82753,757,1000,15493,
265.91910785664913,82752,758,1000,15493,
265.9192074215047,82752,757,1001,15493,
265.9200485351853,82751,758,1001,15493,
265.9216110075266,82750,759,1001,15493,
265.921764188463,82749,760,1001,15493,
265.92310767618966,82748,761,1001,15493,
265.92412397055915,82748,761,1000,15494,
265.9247764279369,82748,761,999,15495,
265.92509800917765,82748,761,998,15496,
265.925677628347,82748,761,997,15497,
265.9282295439418,82748,761,996,15498,
265.93494849040957,82748,761,995,15499,
265.9383403089747,82747,762,995,15499,
265.9403056030933,82746,763,995,15499,
265.9406078936337,82746,763,994,15500,
265.9446893139553,82745,764,994,15500,
265.9455565756274,82745,764,993,15501,
265.94701735247645,82745,763,994,15501,
265.94707646319125,82745,763,993,15502,
265.9482647534642,82744,764,993,15502,
265.9494926167401,82744,763,994,15502,
265.95020587771063,82744,762,995,15502,
265.9563741606114,82744,761,996,15502,
265.9573115451208,82743,762,996,15502,
265.9638494869928,82742,763,996,15502,
265.9686513840308,82741,764,996,15502,
265.9716912280504,82740,765,996,15502,
265.9731489228251,82739,766,996,15502,
265.97403738554095,82739,766,995,15503,
265.9743711297383,82738,767,995,15503,
265.97589402215476,82738,767,994,15504,
265.9763116751985,82737,768,994,15504,
265.9776987507771,82736,769,994,15504,
265.97778294250975,82736,769,993,15505,
265.9794442866613,82736,769,992,15506,
265.9802948535907,82736,768,993,15506,
265.9846266471139,82736,767,994,15506,
265.98598610950785,82736,767,993,15507,
265.9890966955853,82736,766,994,15507,
265.9898163554218,82736,765,995,15507,
265.99010677385263,82736,764,996,15507,
266.0100421161114,82736,764,995,15508,
266.01135517308995,82736,763,996,15508,
266.0184713550298,82736,763,995,15509,
266.0202038841777,82735,764,995,15509,
266.0203551548932,82735,764,994,15510,
266.0210318212625,82734,765,994,15510,
266.02146578838574,82733,766,994,15510,
266.0219069759974,82733,765,995,15510,
266.0270597109741,82733,765,994,15511,
266.0286363516831,82733,765,993,15512,
266.03568740216457,82733,764,994,15512,
266.0412248643408,82732,765,994,15512,
266.04197543324284,82732,764,995,15512,
266.0440706116481,82731,765,995,15512,
266.04774341338884,82731,765,994,15513,
266.05786546065144,82731,764,995,15513,
266.06235164113673,82731,763,996,15513,
266.0625531768221,82731,763,995,15514,
266.06738798642687,82731,762,996,15514,
266.06776070868847,82730,763,996,15514,
266.0698777330812,82730,762,997,15514,
266.0790802801325,82729,763,997,15514,
266.0844205488021,82728,764,997,15514,
266.08726520890536,82728,763,998,15514,
266.08874719719694,82728,762,999,15514,
266.0899663595246,82728,762,998,15515,
266.09064018457326,82728,761,999,15515,
266.0969368669141,82728,761,998,15516,
266.09786061529707,82727,762,998,15516,
266.10328879957825,82727,762,997,15517,
266.1038453360523,82726,763,997,15517,
266.109181871075,82726,762,998,15517,
266.11265632980485,82726,761,999,15517,
266.11333477144706,82726,760,1000,15517,
266.11375342925663,82725,761,1000,15517,
266.11505751731613,82724,762,1000,15517,
266.1161897610504,82724,762,999,15518,
266.1182145141427,82724,761,1000,15518,
266.11984062960966,82723,762,1000,15518,
266.12428973383055,82723,762,999,15519,
266.12587523092316,82723,762,998,15520,
266.12620881440745,82723,761,999,15520,
266.127237968801,82723,760,1000,15520,
266.12936522844046,82723,759,1001,15520,
266.1301904855784,82723,759,1000,15521,
266.1325856448623,82723,758,1001,15521,
266.1349620302516,82723,758,1000,15522,
266.14566132806726,82723,757,1001,15522,
266.1482662274008,82722,758,1001,15522,
266.15149952065207,82722,758,1000,15523,
266.152183342913,82722,757,1001,15523,
266.15633519147804,82721,758,1001,15523,
266.15647751033845,82721,757,1002,15523,
266.1590823624834,82721,757,1001,15524,
266.16214069847604,82721,756,1002,15524,
266.1647909160801,82721,755,1003,15524,
266.1662579855707,82721,754,1004,15524,
266.16673416225285,82720,755,1004,15524,
266.1676619100773,82720,755,1003,15525,
266.16862571014315,82720,754,1004,15525,
266.16956078557695,82720,754,1003,15526,
266.1720636416355,82720,753,1004,15526,
266.1751052535384,82719,754,1004,15526,
266.17931443331673,82719,753,1005,15526,
266.1805578564233,82718,754,1005,15526,
266.18388267916237,82718,753,1006,15526,
266.1872134206037,82717,754,1006,15526,
266.1944175423649,82716,755,1006,15526,
266.19464224166836,82716,754,1007,15526,
266.19544090719745,82716,753,1008,15526,
266.1958036392653,82716,753,1007,15527,
266.1982988774259,82716,752,1008,15527,
266.20053927548014,82716,751,1009,15527,
266.2013461840924,82715,752,1009,15527,
266.2043629383734,82715,752,1008,15528,
266.2054393856802,82715,751,1009,15528,
266.2077845842772,82715,751,1008,15529,
266.2100492089903,82715,750,1009,15529,
266.21043084028236,82715,750,1008,15530,
266.2105587873163,82715,749,1009,15530,
266.21100404349943,82714,750,1009,15530,
266.2115236683645,82714,750,1008,15531,
266.2132929948872,82714,749,1009,15531,
266.21344588083696,82714,748,1010,15531,
266.2153150464006,82713,749,1010,15531,
266.2158630833065,82713,748,1011,15531,
266.21890971790157,82712,749,1011,15531,
266.2248028695454,82711,750,1011,15531,
266.2254372386083,82711,749,1012,15531,
266.2257543539237,82711,749,1011,15532,
266.22760918338133,82710,750,1011,15532,
266.23017595452495,82709,751,1011,15532,
266.23035390182315,82709,751,1010,15533,
266.2330524826549,82709,751,1009,15534,
266.23384560199054,82708,752,1009,15534,
266.2352157618601,82707,753,1009,15534,
266.2352902079783,82707,753,1008,15535,
266.23900202598765,82707,752,1009,15535,
266.2396481645562,82707,751,1010,15535,
266.2432019808686,82706,752,1010,15535,
266.24780793893825,82705,753,1010,15535,
266.2480300527987,82704,754,1010,15535,
266.2496438106911,82704,753,1011,15535,
266.2519715714966,82704,752,1012,15535,
266.2535352981485,82703,753,1012,15535,
266.2548433982231,82703,753,1011,15536,
266.25557152965473,82703,752,1012,15536,
266.2631663038855,82702,753,1012,15536,
266.26357259030056,82702,752,1013,15536,
266.2653189466391,82701,753,1013,15536,
266.265469937334,82701,753,1012,15537,
266.2655535653311,82701,753,1011,15538,
266.2663632261467,82701,753,1010,15539,
266.26666387484426,82701,753,1009,15540,
266.2675499711025,82701,752,1010,15540,
266.27037927884874,82701,751,1011,15540,
266.274307968256,82700,752,1011,15540,
266.2762461639631,82700,751,1012,15540,
266.2772687828925,82700,751,1011,15541,
266.28064621988693,82700,750,1012,15541,
266.2827316057287,82700,749,1013,15541,
266.2840770002848,82700,749,1012,15542,
266.28440541293446,82700,748,1013,15542,
266.28642245540664,82699,749,1013,15542,
266.2870908393392,82699,749,1012,15543,
266.2877925538528,82698,750,1012,15543,
266.2904307101865,82698,749,1013,15543,
266.29077392916366,82698,749,1012,15544,
266.29194213308165,82698,749,1011,15545,
266.292778119589,82697,750,1011,15545,
266.2952168485039,82696,751,1011,15545,
266.29576093441943,82695,752,1011,15545,
266.2968005748563,82695,751,1012,15545,
266.29746471393037,82695,750,1013,15545,
266.2983981144311,82695,749,1014,15545,
266.300531700067,82694,750,1014,15545,
266.30626835094023,82694,749,1015,15545,
266.30936470019344,82693,750,1015,15545,
266.31211827172723,82692,751,1015,15545,
266.3129211003318,82692,750,1016,15545,
266.3167808635085,82692,750,1015,15546,
266.3231165328835,82691,751,1015,15546,
266.32441881657013,82691,750,1016,15546,
266.32654374271283,82691,750,1015,15547,
266.3275054085008,82690,751,1015,15547,
266.33201214169384,82690,750,1016,15547,
266.33264871217017,82690,750,1015,15548,
266.33651631549554,82690,750,1014,15549,
266.3371749221313,82690,750,1013,15550,
266.3389353382401,82690,750,1012,15551,
266.3415146455412,82690,750,1011,15552,
266.343227224259,82690,750,1010,15553,
266.34361498942627,82690,750,1009,15554,
266.34564191766094,82689,751,1009,15554,
266.3476786053239,82688,752,1009,15554,
266.3517853314514,82688,752,1008,15555,
266.3597408272067,82688,751,1009,15555,
266.36008326523097,82687,752,1009,15555,
266.3601622765501,82687,751,1010,15555,
266.360962234407,82687,751,1009,15556,
266.3612321426541,82687,750,1010,15556,
266.3634255740113,82687,749,1011,15556,
266.36488095316656,82687,749,1010,15557,
266.37113314870817,82687,749,1009,15558,
266.3773460289437,82687,748,1010,15558,
266.3837761859918,82686,749,1010,15558,
266.38395616389244,82686,749,1009,15559,
266.3842467270422,82686,749,1008,15560,
266.38835205558496,82686,748,1009,15560,
266.3892481583045,82685,749,1009,15560,
266.3895121329298,82684,750,1009,15560,
266.39045103633316,82684,750,1008,15561,
266.3908247632389,82683,751,1008,15561,
266.3945893433028,82683,750,1009,15561,
266.3960047491971,82682,751,1009,15561,
266.3961306721417,82682,751,1008,15562,
266.4010138326649,82682,750,1009,15562,
266.40780503725756,82682,749,1010,15562,
266.4083455998378,82681,750,1010,15562,
266.4103383815042,82681,750,1009,15563,
266.41114102296046,82680,751,1009,15563,
266.4172289684593,82679,752,1009,15563,
266.4183945481353,82678,753,1009,15563,
266.41965405093237,82677,754,1009,15563,
266.42211701326426,82677,754,1008,15564,
266.42286007829927,82677,754,1007,15565,
266.42856300131535,82677,754,1006,15566,
266.42920097153615,82676,755,1006,15566,
266.42939266250005,82675,756,1006,15566,
266.4333017787678,82675,756,1005,15567,
266.43611051139067,82675,755,1006,15567,
266.4376178483878,82675,754,1007,15567,
266.44017361943986,82675,754,1006,15568,
266.44055485029605,82674,755,1006,15568,
266.44316910249205,82674,754,1007,15568,
266.44531132488567,82673,755,1007,15568,
266.45598103188377,82673,755,1006,15569,
266.46010284117875,82672,756,1006,15569,
266.4623267355966,82672,755,1007,15569,
266.46446137148035,82672,755,1006,15570,
266.4645113393367,82672,754,1007,15570,
266.46582499813434,82671,755,1007,15570,
266.4660299835143,82671,754,1008,15570,
266.4666756388213,82671,754,1007,15571,
266.47230968191997,82670,755,1007,15571,
266.4748663394784,82669,756,1007,15571,
266.4748947482515,82669,756,1006,15572,
266.4805849671806,82669,755,1007,15572,
266.48182390802384,82669,754,1008,15572,
266.4830594839182,82668,755,1008,15572,
266.48318481213335,82667,756,1008,15572,
266.4881069910698,82666,757,1008,15572,
266.49080946229094,82666,757,1007,15573,
266.49698395326374,82666,757,1006,15574,
266.50016300841605,82665,758,1006,15574,
266.500636545905,82665,757,1007,15574,
266.50288681048494,82664,758,1007,15574,
266.5041747656065,82664,757,1008,15574,
266.5158036011909,82663,758,1008,15574,
266.5158762021639,82663,758,1007,15575,
266.5234978463782,82663,758,1006,15576,
266.52915024307606,82663,758,1005,15577,
266.52929742711876,82662,759,1005,15577,
266.5302159580588,82662,758,1006,15577,
266.530627427679,82662,757,1007,15577,
266.53212418395674,82661,758,1007,15577,
266.53294737690607,82661,758,1006,15578,
266.53590438324966,82660,759,1006,15578,
266.5407942819897,82660,758,1007,15578,
266.54167127972244,82659,759,1007,15578,
266.54382937403113,82659,759,1006,15579,
266.5443165105378,82658,760,1006,15579,
266.5444712353617,82658,759,1007,15579,
266.54533931450806,82657,760,1007,15579,
266.54666186423765,82656,761,1007,15579,
266.5478493990182,82656,761,1006,15580,
266.5499004066582,82656,760,1007,15580,
266.5515351033281,82656,759,1008,15580,
266.55560123326404,82656,758,1009,15580,
266.5588804783994,82655,759,1009,15580,
266.55957978195704,82654,760,1009,15580,
266.5693551292138,82654,759,1010,15580,
266.5713127992004,82653,760,1010,15580,
266.57647450596863,82653,759,1011,15580,
266.5771336906334,82652,760,1011,15580,
266.5784083623761,82651,761,1011,15580,
266.5797977824314,82651,761,1010,15581,
266.5804111339619,82651,761,1009,15582,
266.58208911714524,82651,761,1008,15583,
266.58777547158195,82651,760,1009,15583,
266.5878511962274,82650,761,1009,15583,
266.58870892808744,82650,760,1010,15583,
266.59005647010343,82650,759,1011,15583,
266.59051519073057,82649,760,1011,15583,
266.5934774530821,82649,759,1012,15583,
266.59432634502525,82648,760,1012,15583,
266.5964547005365,82648,760,1011,15584,
266.59774310606247,82648,760,1010,15585,
266.59957244067533,82648,759,1011,15585,
266.6007515323302,82648,759,1010,15586,
266.60117487847475,82648,758,1011,15586,
266.60188901144215,82648,757,1012,15586,
266.6099044617254,82647,758,1012,15586,
266.6110987597159,82646,759,1012,15586,
266.61342932254706,82645,760,1012,15586,
266.61442880585355,82645,759,1013,15586,
266.61510285927466,82645,759,1012,15587,
266.619361771125,82644,760,1012,15587,
266.62186726271165,82644,759,1013,15587,
266.62198245185334,82644,759,1012,15588,
266.6244932219998,82644,758,1013,15588,
266.6268488995851,82644,757,1014,15588,
266.6287960032145,82644,756,1015,15588,
266.6295262913109,82644,755,1016,15588,
266.6315822336711,82643,756,1016,15588,
266.64216803355293,82642,757,1016,15588,
266.64577771087795,82642,757,1015,15589,
266.64625744320136,82641,758,1015,15589,
266.6476317996852,82641,758,1014,15590,
266.6491149867028,82640,759,1014,15590,
266.6496959510278,82639,760,1014,15590,
266.6506935344284,82639,759,1015,15590,
266.6509202082467,82638,760,1015,15590,
266.6543877893397,82638,760,1014,15591,
266.6555119513937,82638,759,1015,15591,
266.65639951220766,82638,758,1016,15591,
266.65717446115195,82637,759,1016,15591,
266.65723277791045,82636,760,1016,15591,
266.6578075356103,82635,761,1016,15591,
266.6601607814173,82635,760,1017,15591,
266.66189447931055,82635,759,1018,15591,
266.66984685964024,82635,759,1017,15592,
266.6750981786335,82635,759,1016,15593,
266.6770719976024,82635,759,1015,15594,
266.6781928437738,82635,758,1016,15594,
266.67917124287885,82635,758,1015,15595,
266.68065941505944,82635,758,1014,15596,
266.6810137125994,82635,758,1013,15597,
266.69848821038397,82634,759,1013,15597,
266.69883564978306,82633,760,1013,15597,
266.70193136051506,82633,759,1014,15597,
266.7034614235285,82633,758,1015,15597,
266.7056462212073,82633,757,1016,15597,
266.7056654809791,82633,756,1017,15597,
266.70584160183915,82633,756,1016,15598,
266.70771464954294,82633,756,1015,15599,
266.7107979614787,82633,755,1016,15599,
266.7116388520665,82633,754,1017,15599,
266.7117523872563,82633,753,1018,15599,
266.71675743690736,82633,753,1017,15600,
266.7167865241191,82633,752,1018,15600,
266.71779343536326,82633,751,1019,15600,
266.71795546627555,82633,751,1018,15601,
266.7210663089305,82633,750,1019,15601,
266.7222966563153,82633,750,1018,15602,
266.72389562269416,82632,751,1018,15602,
266.72850873339445,82632,750,1019,15602,
266.72959529166184,82632,750,1018,15603,
266.7311502030071,82632,749,1019,15603,
266.7312634180137,82632,748,1020,15603,
266.7344998968918,82632,748,1019,15604,
266.73613852101715,82632,747,1020,15604,
266.7392691872939,82632,746,1021,15604,
266.7396261076319,82631,747,1021,15604,
266.7401423267106,82630,748,1021,15604,
266.74028218214096,82629,749,1021,15604,
266.74105250364636,82629,748,1022,15604,
266.74301686713534,82629,747,1023,15604,
266.7450974595115,82629,746,1024,15604,
266.7493654698823,82629,745,1025,15604,
266.7525569221486,82628,746,1025,15604,
266.7526009361511,82627,747,1025,15604,
266.75956029395957,82626,748,1025,15604,
266.76007697846876,82626,747,1026,15604,
266.7634246156478,82626,746,1027,15604,
266.7648244523395,82626,745,1028,15604,
266.76564254365667,82625,746,1028,15604,
266.7689622019577,82625,746,1027,15605,
266.76956992547133,82624,747,1027,15605,
266.7703913859079,82624,747,1026,15606,
266.77248405203795,82624,747,1025,15607,
266.77926223214155,82623,748,1025,15607,
266.7816761269229,82623,747,1026,15607,
266.7832069086042,82623,746,1027,15607,
266.78414800380904,82623,746,1026,15608,
266.795837160676,82622,747,1026,15608,
266.7982583095952,82621,748,1026,15608,
266.7988120281818,82621,748,1025,15609,
266.80254939356195,82620,749,1025,15609,
266.8036013482958,82619,750,1025,15609,
266.8038060034087,82618,751,1025,15609,
266.8039863343666,82617,752,1025,15609,
266.8074045815681,82617,751,1026,15609,
266.8109846414475,82616,752,1026,15609,
266.81314377645316,82616,751,1027,15609,
266.8137303407534,82615,752,1027,15609,
266.81449221296316,82614,753,1027,15609,
266.8147289864648,82614,753,1026,15610,
266.8185542335469,82614,752,1027,15610,
266.822108938338,82613,753,1027,15610,
266.8260199806707,82613,753,1026,15611,
266.8280312013841,82613,752,1027,15611,
266.828127335568,82613,752,1026,15612,
266.8293830925784,82612,753,1026,15612,
266.8339022049398,82612,753,1025,15613,
266.83530177723856,82611,754,1025,15613,
266.83653382416213,82611,754,1024,15614,
266.83677003150035,82610,755,1024,15614,
266.84026397755605,82610,754,1025,15614,
266.8404178734008,82610,753,1026,15614,
266.84353005404245,82610,752,1027,15614,
266.8439392240091,82609,753,1027,15614,
266.85359997935086,82608,754,1027,15614,
266.8577226889604,82607,755,1027,15614,
266.8583473487724,82607,755,1026,15615,
266.8645851143672,82607,755,1025,15616,
266.8646067431008,82606,756,1025,15616,
266.86568704306814,82606,755,1026,15616,
266.8699120774729,82606,754,1027,15616,
266.872248149834,82606,753,1028,15616,
266.87810854213154,82606,752,1029,15616,
266.8860920847295,82606,751,1030,15616,
266.8871665093074,82606,750,1031,15616,
266.88938166686245,82605,751,1031,15616,
266.89232417810115,82605,750,1032,15616,
266.8939084269747,82604,751,1032,15616,
266.89703596631256,82604,751,1031,15617,
266.8978534098031,82604,750,1032,15617,
266.89786467861444,82604,749,1033,15617,
266.89927401725606,82603,750,1033,15617,
266.90121358002085,82602,751,1033,15617,
266.9040661874806,82601,752,1033,15617,
266.90660724741963,82600,753,1033,15617,
266.9117347522941,82600,752,1034,15617,
266.9118498089279,82600,751,1035,15617,
266.9127069408467,82600,751,1034,15618,
266.91445212198107,82600,750,1035,15618,
266.91749902965506,82599,751,1035,15618,
266.91905610916723,82598,752,1035,15618,
266.92158450530087,82597,753,1035,15618,
266.9237357436824,82597,753,1034,15619,
266.9260662382304,82597,752,1035,15619,
266.92682918213313,82596,753,1035,15619,
266.93372056185245,82596,753,1034,15620,
266.9344286375478,82596,752,1035,15620,
266.9360895874704,82596,752,1034,15621,
266.93790159695226,82596,752,1033,15622,
266.9388039863546,82596,751,1034,15622,
266.9399949130982,82596,750,1035,15622,
266.9410000010252,82595,751,1035,15622,
266.9417481302522,82595,751,1034,15623,
266.94426103394983,82594,752,1034,15623,
266.9456964609508,82593,753,1034,15623,
266.947943797436,82593,753,1033,15624,
266.9500942699742,82593,753,1032,15625,
266.9507268423512,82592,754,1032,15625,
266.95205639336046,82591,755,1032,15625,
266.95359090021304,82591,754,1033,15625,
266.9665665063478,82590,755,1033,15625,
266.96680853237535,82589,756,1033,15625,
266.96834551242915,82589,756,1032,15626,
266.9736552470054,82589,755,1033,15626,
266.976789494008,82589,755,1032,15627,
266.97683738127387,82588,756,1032,15627,
266.97775130336686,82587,757,1032,15627,
266.9800489728504,82586,758,1032,15627,
266.98049431630335,82585,759,1032,15627,
266.9860608034413,82584,760,1032,15627,
266.9912746895451,82583,761,1032,15627,
266.99183535104567,82582,762,1032,15627,
266.99403013131325,82582,761,1033,15627,
266.9971711770809,82581,762,1033,15627,
266.9984672247973,82580,763,1033,15627,
267.0008412168253,82579,764,1033,15627,
267.0017968918887,82579,764,1032,15628,
267.00844380139716,82579,763,1033,15628,
267.012890246116,82579,763,1032,15629,
267.02042183372174,82578,764,1032,15629,
267.0216275029261,82578,764,1031,15630,
267.0217820858968,82578,764,1030,15631,
267.0229572836968,82577,765,1030,15631,
267.0275734810127,82576,766,1030,15631,
267.0285872225192,82576,765,1031,15631,
267.0315131013795,82575,766,1031,15631,
267.0326921485174,82575,766,1030,15632,
267.0363910264752,82574,767,1030,15632,
267.03684777045544,82573,768,1030,15632,
267.0394058002832,82572,769,1030,15632,
267.04112753399437,82572,768,1031,15632,
267.042981424804,82571,769,1031,15632,
267.04322320033623,82570,770,1031,15632,
267.0445269206063,82570,770,1030,15633,
267.0459321170304,82570,769,1031,15633,
267.0472778410502,82570,769,1030,15634,
267.0508239915037,82570,768,1031,15634,
267.0539318077043,82570,768,1030,15635,
267.0553162889491,82569,769,1030,15635,
267.05850037204937,82569,769,1029,15636,
267.05858456808744,82568,770,1029,15636,
267.0619945571732,82568,770,1028,15637,
267.06460898233894,82567,771,1028,15637,
267.0658587524836,82567,771,1027,15638,
267.0658877840395,82566,772,1027,15638,
267.0687716054391,82565,773,1027,15638,
267.07305903649814,82565,773,1026,15639,
267.07442528158253,82565,772,1027,15639,
267.07747822227645,82565,771,1028,15639,
267.07838611523306,82564,772,1028,15639,
267.07841554260074,82564,772,1027,15640,
267.08134617031254,82564,771,1028,15640,
267.08297532114693,82564,771,1027,15641,
267.0866080284237,82564,770,1028,15641,
267.08672074420696,82563,771,1028,15641,
267.0914487268322,82562,772,1028,15641,
267.09306867335926,82561,773,1028,15641,
267.093677467346,82560,774,1028,15641,
267.1022458803183,82560,774,1027,15642,
267.10311615449166,82559,775,1027,15642,
267.10311656967923,82559,774,1028,15642,
267.10807553740165,82558,775,1028,15642,
267.1088009406127,82557,776,1028,15642,
267.11012954200635,82557,776,1027,15643,
267.1126302413113,82557,776,1026,15644,
267.1127964204823,82556,777,1026,15644,
267.1136393724674,82556,777,1025,15645,
267.1150949816404,82556,776,1026,15645,
267.1165852711618,82555,777,1026,15645,
267.1166709526171,82555,777,1025,15646,
267.11689857813474,82555,776,1026,15646,
267.1194808855878,82554,777,1026,15646,
267.12020811820366,82554,776,1027,15646,
267.12142403677245,82554,775,1028,15646,
267.1279838402639,82554,775,1027,15647,
267.1325445711059,82554,775,1026,15648,
267.1347383488435,82554,774,1027,15648,
267.141671279411,82553,775,1027,15648,
267.1432202027062,82553,775,1026,15649,
267.14336408655817,82552,776,1026,15649,
267.14416044409654,82551,777,1026,15649,
267.1466706306088,82550,778,1026,15649,
267.14971504957595,82549,779,1026,15649,
267.15072771184225,82549,778,1027,15649,
267.15321611615747,82548,779,1027,15649,
267.1545339268511,82547,780,1027,15649,
267.15567236991836,82546,781,1027,15649,
267.1583565313281,82545,782,1027,15649,
267.16070664092,82545,781,1028,15649,
267.1608386914489,82544,782,1028,15649,
267.16388679628415,82543,783,1028,15649,
267.1643057789265,82543,783,1027,15650,
267.16616609273694,82542,784,1027,15650,
267.16840321030315,82542,783,1028,15650,
267.1684059452325,82542,782,1029,15650,
267.16926076046013,82542,781,1030,15650,
267.1751418171423,82541,782,1030,15650,
267.17643759080886,82540,783,1030,15650,
267.1800459610894,82539,784,1030,15650,
267.1801795717088,82539,784,1029,15651,
267.1807551474833,82539,783,1030,15651,
267.18244663790637,82538,784,1030,15651,
267.1897136422183,82538,784,1029,15652,
267.19031072983853,82538,783,1030,15652,
267.19097168931984,82538,782,1031,15652,
267.19213734819,82537,783,1031,15652,
267.1933917932123,82537,782,1032,15652,
267.1949544957435,82536,783,1032,15652,
267.19810140403484,82536,782,1033,15652,
267.19879373424396,82536,782,1032,15653,
267.20496101532467,82535,783,1032,15653,
267.2103863765791,82535,783,1031,15654,
267.2121242876458,82534,784,1031,15654,
267.2178099622226,82534,784,1030,15655,
267.2218804150885,82534,784,1029,15656,
267.22752869485527,82533,785,1029,15656,
267.2275684605127,82533,785,1028,15657,
267.23148057514794,82532,786,1028,15657,
267.2317401147983,82532,786,1027,15658,
267.2318909765927,82532,785,1028,15658,
267.2354382403007,82532,784,1029,15658,
267.23801756559305,82532,783,1030,15658,
267.2396758246043,82531,784,1030,15658,
267.243206722393,82530,785,1030,15658,
267.24565328278806,82530,784,1031,15658,
267.25054996611476,82530,783,1032,15658,
267.25081874647816,82529,784,1032,15658,
267.25086877563103,82529,783,1033,15658,
267.2545684836903,82529,782,1034,15658,
267.2571038720559,82529,781,1035,15658,
267.2574338120838,82528,782,1035,15658,
267.2600717416607,82527,783,1035,15658,
267.2629580362622,82526,784,1035,15658,
267.26481159088667,82525,785,1035,15658,
267.26509068358024,82525,784,1036,15658,
267.2718889253034,82524,785,1036,15658,
267.27201288431974,82524,784,1037,15658,
267.27782639048127,82524,783,1038,15658,
267.28031819571794,82524,783,1037,15659,
267.28155798292016,82524,783,1036,15660,
267.28863213047885,82524,783,1035,15661,
267.2893773970282,82523,784,1035,15661,
267.2903831578373,82523,784,1034,15662,
267.2950292172503,82523,784,1033,15663,
267.2950828917996,82522,785,1033,15663,
267.29846268820563,82521,786,1033,15663,
267.30039292174064,82521,785,1034,15663,
267.31005173270876,82521,784,1035,15663,
267.31037460532843,82521,783,1036,15663,
267.3138087614465,82521,783,1035,15664,
267.31386777499205,82520,784,1035,15664,
267.3150641727525,82519,785,1035,15664,
267.3183674337757,82518,786,1035,15664,
267.3202717066513,82518,785,1036,15664,
267.3212180762898,82518,785,1035,15665,
267.32134526097457,82518,784,1036,15665,
267.32325609613235,82518,784,1035,15666,
267.32423192879793,82517,785,1035,15666,
267.3243004062968,82517,784,1036,15666,
267.32434671286427,82516,785,1036,15666,
267.3247808867656,82516,784,1037,15666,
267.3256091309144,82515,785,1037,15666,
267.32823652093515,82515,784,1038,15666,
267.3286122161211,82515,784,1037,15667,
267.3309671194762,82514,785,1037,15667,
267.33313983314036,82514,784,1038,15667,
267.33593596740616,82514,783,1039,15667,
267.3376404471521,82513,784,1039,15667,
267.3383884848511,82513,783,1040,15667,
267.3427579457202,82512,784,1040,15667,
267.3453108024747,82512,783,1041,15667,
267.35030624796724,82512,782,1042,15667,
267.3531662445572,82511,783,1042,15667,
267.3542609916958,82510,784,1042,15667,
267.3563811682235,82510,784,1041,15668,
267.3572307162108,82509,785,1041,15668,
267.3596431543212,82509,785,1040,15669,
267.360363085964,82508,786,1040,15669,
267.36512084806367,82508,786,1039,15670,
267.37277325248255,82507,787,1039,15670,
267.3781796066223,82507,786,1040,15670,
267.37966450633974,82507,786,1039,15671,
267.38746807413554,82506,787,1039,15671,
267.3910363174069,82506,786,1040,15671,
267.3916294724049,82505,787,1040,15671,
267.39206797994814,82505,787,1039,15672,
267.3944065693542,82505,786,1040,15672,
267.39484489864816,82505,786,1039,15673,
267.4022431553182,82505,785,1040,15673,
267.4030913760929,82504,786,1040,15673,
267.4031714729058,82503,787,1040,15673,
267.40760550691977,82503,787,1039,15674,
267.4085738968397,82503,787,1038,15675,
267.40967854532727,82503,787,1037,15676,
267.41201679884995,82503,786,1038,15676,
267.41232149799913,82503,786,1037,15677,
267.4178201650241,82503,785,1038,15677,
267.4207197558891,82503,784,1039,15677,
267.42214994935637,82503,784,1038,15678,
267.4248775322271,82503,784,1037,15679,
267.4259120711999,82502,785,1037,15679,
267.42691768551543,82501,786,1037,15679,
267.4306981382492,82500,787,1037,15679,
267.4325359214511,82499,788,1037,15679,
267.4349525675045,82499,788,1036,15680,
267.4395459131088,82499,787,1037,15680,
267.44345117977593,82498,788,1037,15680,
267.44615697877833,82498,787,1038,15680,
267.451011297078,82497,788,1038,15680,
267.4589349219705,82496,789,1038,15680,
267.46067170249313,82496,789,1037,15681,
267.4621080696352,82496,788,1038,15681,
267.4631837117259,82496,787,1039,15681,
267.4664202680224,82496,787,1038,15682,
267.4665536456776,82496,787,1037,15683,
267.4687668561102,82495,788,1037,15683,
267.46979414271857,82495,787,1038,15683,
267.4714899664099,82495,787,1037,15684,
267.4726631410955,82495,786,1038,15684,
267.4729774765595,82495,785,1039,15684,
267.4761893396637,82495,784,1040,15684,
267.4826328822718,82494,785,1040,15684,
267.48551694223954,82493,786,1040,15684,
267.4855503492671,82493,785,1041,15684,
267.4867983160019,82493,784,1042,15684,
267.48875955864435,82492,785,1042,15684,
267.4896052504661,82492,784,1043,15684,
267.49391187987214,82491,785,1043,15684,
267.4957337876204,82491,784,1044,15684,
267.49906123347785,82491,784,1043,15685,
267.4991445108008,82490,785,1043,15685,
267.49919670391876,82490,784,1044,15685,
267.4995794496774,82489,785,1044,15685,
267.50154344125485,82489,785,1043,15686,
267.50215563021925,82488,786,1043,15686,
267.5034607665596,82488,785,1044,15686,
267.5103389683117,82488,784,1045,15686,
267.51660382787776,82488,783,1046,15686,
267.5166882865042,82488,782,1047,15686,
267.51956748992006,82488,782,1046,15687,
267.52088505694144,82488,781,1047,15687,
267.5214342705011,82487,782,1047,15687,
267.52158224981974,82486,783,1047,15687,
267.52574817935545,82486,782,1048,15687,
267.5260675154997,82486,782,1047,15688,
267.52651795846754,82485,783,1047,15688,
267.530429902063,82485,782,1048,15688,
267.5318246830479,82484,783,1048,15688,
267.5364589725398,82483,784,1048,15688,
267.53734693400094,82482,785,1048,15688,
267.5401337808836,82481,786,1048,15688,
267.5404098142854,82481,786,1047,15689,
267.54329469431275,82481,785,1048,15689,
267.5455862620856,82480,786,1048,15689,
267.54641824369503,82480,786,1047,15690,
267.5464806725769,82480,785,1048,15690,
267.5490284592483,82479,786,1048,15690,
267.5511884960132,82478,787,1048,15690,
267.55134191233736,82477,788,1048,15690,
267.5519981151662,82476,789,1048,15690,
267.55227231689844,82476,788,1049,15690,
267.55366437979166,82475,789,1049,15690,
267.56671726984564,82474,790,1049,15690,
267.5680208760898,82473,791,1049,15690,
267.5717085732356,82473,790,1050,15690,
267.5743574502742,82473,790,1049,15691,
267.5787495811081,82473,790,1048,15692,
267.5858822930243,82473,789,1049,15692,
267.59081154863975,82473,789,1048,15693,
267.5910772199163,82472,790,1048,15693,
267.59551969100596,82472,789,1049,15693,
267.59917065820343,82472,789,1048,15694,
267.59984964134765,82472,789,1047,15695,
267.6006401776837,82472,789,1046,15696,
267.60221081515994,82472,788,1047,15696,
267.6034425803442,82471,789,1047,15696,
267.6079569848728,82470,790,1047,15696,
267.6114584729418,82470,789,1048,15696,
267.6138021191929,82470,789,1047,15697,
267.61686670659947,82470,789,1046,15698,
267.61796544601225,82469,790,1046,15698,
267.61910551331846,82468,791,1046,15698,
267.61990558079697,82468,791,1045,15699,
267.62000226887164,82468,791,1044,15700,
267.6200801329106,82467,792,1044,15700,
267.62032119318167,82467,791,1045,15700,
267.6237182085597,82466,792,1045,15700,
267.6283317608222,82466,792,1044,15701,
267.6308598342625,82465,793,1044,15701,
267.6338200454928,82464,794,1044,15701,
267.6381564793608,82464,793,1045,15701,
267.6442754022856,82464,793,1044,15702,
267.64594357588,82464,792,1045,15702,
267.6471937725789,82464,791,1046,15702,
267.65296803194315,82463,792,1046,15702,
267.65477576843216,82463,792,1045,15703,
267.655182096852,82463,792,1044,15704,
267.65783764027526,82463,792,1043,15705,
267.658330506226,82463,791,1044,15705,
267.6592456684762,82462,792,1044,15705,
267.66021756968837,82461,793,1044,15705,
267.66479952184494,82461,792,1045,15705,
267.6652210141785,82461,792,1044,15706,
267.66709595943956,82461,792,1043,15707,
267.67175810568165,82460,793,1043,15707,
267.67520618253354,82460,793,1042,15708,
267.67884013360253,82459,794,1042,15708,
267.6801581250739,82459,794,1041,15709,
267.68021133410116,82458,795,1041,15709,
267.6808666910155,82458,794,1042,15709,
267.68265607265613,82458,793,1043,15709,
267.68559308757455,82458,793,1042,15710,
267.68659981200966,82458,792,1043,15710,
267.6872811353226,82458,792,1042,15711,
267.6907581091542,82458,791,1043,15711,
267.69100527703756,82457,792,1043,15711,
267.69402528584396,82456,793,1043,15711,
267.69482819101455,82456,792,1044,15711,
267.69661902000126,82455,793,1044,15711,
267.69755498505776,82454,794,1044,15711,
267.69796428681366,82453,795,1044,15711,
267.69874939811825,82453,794,1045,15711,
267.7002846843118,82453,793,1046,15711,
267.7017952812069,82453,792,1047,15711,
267.7067544094952,82453,791,1048,15711,
267.70725687695136,82453,791,1047,15712,
267.70800106501855,82452,792,1047,15712,
267.7131790461915,82452,792,1046,15713,
267.7149497699116,82452,792,1045,15714,
267.71578340909,82452,792,1044,15715,
267.7208985523865,82452,791,1045,15715,
267.72216522477754,82451,792,1045,15715,
267.722345673779,82451,792,1044,15716,
267.72903553737785,82451,791,1045,15716,
267.73154223806876,82450,792,1045,15716,
267.7323342096942,82450,792,1044,15717,
267.7335785033059,82449,793,1044,15717,
267.7348398939124,82448,794,1044,15717,
267.7374635694495,82447,795,1044,15717,
267.73877896283915,82447,795,1043,15718,
267.7408805282923,82447,794,1044,15718,
267.74381535929416,82446,795,1044,15718,
267.7440883840362,82445,796,1044,15718,
267.7456729301439,82444,797,1044,15718,
267.74760723265257,82444,796,1045,15718,
267.7498841830551,82443,797,1045,15718,
267.75013476501425,82442,798,1045,15718,
267.75139348782,82441,799,1045,15718,
267.7524816661866,82441,799,1044,15719,
267.7525344612258,82440,800,1044,15719,
267.7576979303955,82440,799,1045,15719,
267.76196919532197,82440,798,1046,15719,
267.7632818004312,82440,797,1047,15719,
267.7659429025086,82440,796,1048,15719,
267.7662707362098,82440,796,1047,15720,
267.77015140906906,82439,797,1047,15720,
267.77422887927065,82438,798,1047,15720,
267.7746921277143,82437,799,1047,15720,
267.7751226840451,82436,800,1047,15720,
267.7778890604643,82436,799,1048,15720,
267.7826030571073,82436,798,1049,15720,
267.7833696568808,82436,797,1050,15720,
267.7882991207275,82436,796,1051,15720,
267.7884003075988,82436,795,1052,15720,
267.7884858201745,82435,796,1052,15720,
267.78884036791044,82434,797,1052,15720,
267.7934031307574,82434,797,1051,15721,
267.7946511357065,82434,796,1052,15721,
267.79539116703455,82433,797,1052,15721,
267.7972668623173,82433,797,1051,15722,
267.8027006203942,82433,796,1052,15722,
267.804275133664,82433,795,1053,15722,
267.8074653930509,82433,795,1052,15723,
267.8092943313013,82432,796,1052,15723,
267.8101657930103,82432,796,1051,15724,
267.8115000675362,82432,796,1050,15725,
267.8139802067188,82431,797,1050,15725,
267.8212403753974,82431,796,1051,15725,
267.8285757210821,82431,796,1050,15726,
267.8301331223774,82430,797,1050,15726,
267.8323148784305,82430,796,1051,15726,
267.8323425815175,82430,795,1052,15726,
267.8402354921071,82429,796,1052,15726,
267.84220101232654,82429,795,1053,15726,
267.84343045646256,82429,795,1052,15727,
267.84374514214585,82428,796,1052,15727,
267.8484568578278,82427,797,1052,15727,
267.8503475243982,82426,798,1052,15727,
267.8534077080437,82426,798,1051,15728,
267.85341842835595,82425,799,1051,15728,
267.85603135990465,82425,798,1052,15728,
267.8583074365716,82424,799,1052,15728,
267.8591533556371,82424,798,1053,15728,
267.86176984209175,82423,799,1053,15728,
267.8649100804529,82423,798,1054,15728,
267.8659937981641,82423,797,1055,15728,
267.86827623320005,82423,796,1056,15728,
267.8700832720478,82423,795,1057,15728,
267.8729628038636,82423,795,1056,15729,
267.87327672462993,82422,796,1056,15729,
267.8762859247571,82421,797,1056,15729,
267.87893341763186,82420,798,1056,15729,
267.8825632713021,82420,798,1055,15730,
267.8828772816449,82420,798,1054,15731,
267.8837797584595,82419,799,1054,15731,
267.8888811419079,82418,800,1054,15731,
267.89072382805307,82418,800,1053,15732,
267.89236041176116,82417,801,1053,15732,
267.89706308006873,82417,800,1054,15732,
267.89874287810903,82417,800,1053,15733,
267.8990025772025,82417,800,1052,15734,
267.90077273693873,82417,799,1053,15734,
267.90934382567553,82417,798,1054,15734,
267.9099812516664,82416,799,1054,15734,
267.91087950184465,82416,799,1053,15735,
267.9121931838769,82415,800,1053,15735,
267.91344293618766,82415,799,1054,15735,
267.91643120032325,82415,798,1055,15735,
267.91790362540075,82415,797,1056,15735,
267.9181661086002,82415,796,1057,15735,
267.91905535768,82414,797,1057,15735,
267.92149346003004,82413,798,1057,15735,
267.9230644335438,82413,798,1056,15736,
267.92520181385834,82412,799,1056,15736,
267.92614774319696,82412,799,1055,15737,
267.9349322578295,82412,799,1054,15738,
267.93518100325656,82411,800,1054,15738,
267.93541293657654,82411,800,1053,15739,
267.9410569081357,82411,799,1054,15739,
267.94393874263767,82411,799,1053,15740,
267.94977645141813,82410,800,1053,15740,
267.9500315033929,82409,801,1053,15740,
267.9550222314967,82409,801,1052,15741,
267.95855762155657,82409,800,1053,15741,
267.9586575318711,82409,800,1052,15742,
267.95897652710437,82409,800,1051,15743,
267.9628960061501,82408,801,1051,15743,
267.9642526891946,82407,802,1051,15743,
267.9644314045334,82407,802,1050,15744,
267.9644807119763,82407,802,1049,15745,
267.9667841896777,82406,803,1049,15745,
267.97471551837026,82406,803,1048,15746,
267.97498932594755,82406,803,1047,15747,
267.9757202366975,82406,802,1048,15747,
267.9764295134621,82406,802,1047,15748,
267.9768080778328,82406,801,1048,15748,
267.9770730842164,82405,802,1048,15748,
267.9785703336303,82405,801,1049,15748,
267.98589746337916,82404,802,1049,15748,
267.98809817792016,82404,802,1048,15749,
267.9882364896879,82404,802,1047,15750,
267.98879740701403,82404,801,1048,15750,
267.98973271153227,82404,800,1049,15750,
267.9962011231317,82404,800,1048,15751,
267.9979291980905,82404,800,1047,15752,
267.9983620029058,82404,799,1048,15752,
268.00691211166816,82404,798,1049,15752,
268.0084599782961,82404,798,1048,15753,
268.0097329082582,82404,798,1047,15754,
268.01337992364864,82403,799,1047,15754,
268.0155214776191,82403,799,1046,15755,
268.0186556156937,82403,798,1047,15755,
268.0305866094522,82403,797,1048,15755,
268.03096085837325,82402,798,1048,15755,
268.0321299326438,82402,797,1049,15755,
268.045857740052,82402,797,1048,15756,
268.04599924557346,82402,796,1049,15756,
268.04858642165215,82401,797,1049,15756,
268.0491578777069,82401,797,1048,15757,
268.0538195561522,82401,797,1047,15758,
268.05382455684787,82400,798,1047,15758,
268.05572438794053,82399,799,1047,15758,
268.05759304307617,82399,798,1048,15758,
268.0582605789601,82398,799,1048,15758,
268.06110198261683,82397,800,1048,15758,
268.0612773783787,82397,800,1047,15759,
268.06157464576535,82397,799,1048,15759,
268.06781539561337,82397,798,1049,15759,
268.0684376007162,82397,797,1050,15759,
268.06883363928944,82397,796,1051,15759,
268.07006629994964,82397,795,1052,15759,
268.0728333323647,82396,796,1052,15759,
268.07286291914994,82396,795,1053,15759,
268.07332596633614,82396,795,1052,15760,
268.0739987298428,82395,796,1052,15760,
268.0740612728366,82395,795,1053,15760,
268.0750380990493,82394,796,1053,15760,
268.0775223248782,82394,796,1052,15761,
268.08061395637924,82394,795,1053,15761,
268.0811896755839,82394,794,1054,15761,
268.0845982283078,82394,794,1053,15762,
268.095324737518,82393,795,1053,15762,
268.0960173164692,82392,796,1053,15762,
268.0979128249602,82391,797,1053,15762,
268.103791464281,82390,798,1053,15762,
268.10706898052325,82390,797,1054,15762,
268.11582394503677,82390,797,1053,15763,
268.1179014552407,82390,796,1054,15763,
268.12111241327875,82389,797,1054,15763,
268.12171865033594,82388,798,1054,15763,
268.1219957927226,82387,799,1054,15763,
268.12304185561186,82387,798,1055,15763,
268.1231690705089,82386,799,1055,15763,
268.1264966455075,82386,799,1054,15764,
268.1290726351479,82386,799,1053,15765,
268.1308870702074,82386,798,1054,15765,
268.1351125694757,82385,799,1054,15765,
268.13874370646454,82385,798,1055,15765,
268.1391816291428,82384,799,1055,15765,
268.139311775936,82384,799,1054,15766,
268.14381836179234,82384,799,1053,15767,
268.1487825634334,82383,800,1053,15767,
268.14946580230725,82383,800,1052,15768,
268.1494805154425,82383,800,1051,15769,
268.1499309472546,82383,799,1052,15769,
268.1506993619708,82382,800,1052,15769,
268.1533779295616,82381,801,1052,15769,
268.1534530969017,82381,800,1053,15769,
268.1545968059883,82380,801,1053,15769,
268.1620081561126,82380,800,1054,15769,
268.16392006013666,82380,800,1053,15770,
268.16869389037805,82380,800,1052,15771,
268.169365802865,82379,801,1052,15771,
268.1792364507165,82378,802,1052,15771,
268.18759875196184,82377,803,1052,15771,
268.1907931726826,82376,804,1052,15771,
268.1944148532527,82375,805,1052,15771,
268.1944232593941,82374,806,1052,15771,
268.20204212786734,82374,805,1053,15771,
268.2030863091782,82373,806,1053,15771,
268.20566784559054,82373,806,1052,15772,
268.20569791968086,82373,805,1053,15772,
268.20723797692955,82372,806,1053,15772,
268.2091899738118,82372,806,1052,15773,
268.2111920072085,82372,805,1053,15773,
268.2171920339202,82372,805,1052,15774,
268.21829504207255,82371,806,1052,15774,
268.2189736607812,82370,807,1052,15774,
268.2209341545766,82370,807,1051,15775,
268.22703729610663,82369,808,1051,15775,
268.2282060908364,82368,809,1051,15775,
268.23097090821534,82367,810,1051,15775,
268.2328864600422,82367,809,1052,15775,
268.2338703857564,82367,809,1051,15776,
268.2395533492514,82367,809,1050,15777,
268.24059280289936,82367,809,1049,15778,
268.2450152971384,82367,808,1050,15778,
268.24565306334796,82367,807,1051,15778,
268.2471275722745,82367,806,1052,15778,
268.24946400060895,82366,807,1052,15778,
268.253732599262,82366,807,1051,15779,
268.255292585081,82366,806,1052,15779,
268.25757566493456,82366,805,1053,15779,
268.2577318239771,82366,805,1052,15780,
268.2631653367065,82366,805,1051,15781,
268.2641595096408,82366,805,1050,15782,
268.268210897293,82365,806,1050,15782,
268.26863436700296,82365,806,1049,15783,
268.270429174616,82365,806,1048,15784,
268.27179783456,82364,807,1048,15784,
268.27403587186586,82364,806,1049,15784,
268.27930164159415,82363,807,1049,15784,
268.283010806606,82363,806,1050,15784,
268.28615037447565,82362,807,1050,15784,
268.28721559049126,82362,807,1049,15785,
268.287975242709,82361,808,1049,15785,
268.2881021787809,82360,809,1049,15785,
268.29168416227697,82359,810,1049,15785,
268.2917581852333,82359,810,1048,15786,
268.29956850725637,82359,810,1047,15787,
268.3015203018735,82359,809,1048,15787,
268.30767192743843,82359,809,1047,15788,
268.3119718933356,82359,809,1046,15789,
268.31305661879685,82358,810,1046,15789,
268.3177773873106,82357,811,1046,15789,
268.3185360103976,82357,811,1045,15790,
268.31870793387935,82357,810,1046,15790,
268.3198545838142,82356,811,1046,15790,
268.3207033468525,82356,810,1047,15790,
268.3230470630533,82356,809,1048,15790,
268.3240288966063,82356,808,1049,15790,
268.3266256475015,82355,809,1049,15790,
268.32732823752366,82354,810,1049,15790,
268.32961518476736,82354,810,1048,15791,
268.33139001406033,82353,811,1048,15791,
268.3335676077165,82352,812,1048,15791,
268.33435172377034,82352,811,1049,15791,
268.33644866737643,82352,810,1050,15791,
268.3378669659375,82352,809,1051,15791,
268.3381061841728,82352,809,1050,15792,
268.33841913901534,82352,808,1051,15792,
268.3402529588413,82352,808,1050,15793,
268.3411163847561,82352,807,1051,15793,
268.34128796143386,82351,808,1051,15793,
268.34134140192293,82350,809,1051,15793,
268.34573181381813,82350,808,1052,15793,
268.34701935556654,82350,808,1051,15794,
268.3483819964199,82350,807,1052,15794,
268.3495615250441,82349,808,1052,15794,
268.3501742512961,82348,809,1052,15794,
268.35298735269123,82348,808,1053,15794,
268.3532461258449,82347,809,1053,15794,
268.3541769212883,82347,808,1054,15794,
268.3558342843662,82347,807,1055,15794,
268.35960094244825,82347,807,1054,15795,
268.3600679516091,82347,807,1053,15796,
268.3613844300527,82347,806,1054,15796,
268.36148978520737,82346,807,1054,15796,
268.36739629285285,82346,807,1053,15797,
268.3693189901978,82346,807,1052,15798,
268.3710374118061,82345,808,1052,15798,
268.3748768572822,82345,808,1051,15799,
268.3752138959069,82344,809,1051,15799,
268.3764168549492,82343,810,1051,15799,
268.3766801350006,82343,809,1052,15799,
268.3789568174111,82342,810,1052,15799,
268.3795869337943,82341,811,1052,15799,
268.3852902514178,82340,812,1052,15799,
268.38591941372573,82340,812,1051,15800,
268.38808503595055,82339,813,1051,15800,
268.3898765377004,82339,812,1052,15800,
268.39237509258214,82338,813,1052,15800,
268.3983889426842,82337,814,1052,15800,
268.39880844438085,82337,814,1051,15801,
268.40065255678667,82336,815,1051,15801,
268.4014223178839,82336,815,1050,15802,
268.4022495280787,82335,816,1050,15802,
268.4027676439225,82335,815,1051,15802,
268.4065098173941,82335,814,1052,15802,
268.4094685440068,82334,815,1052,15802,
268.41152274864913,82334,815,1051,15803,
268.41743810222795,82334,815,1050,15804,
268.42503836822084,82333,816,1050,15804,
268.4294590394577,82333,816,1049,15805,
268.43051127519186,82333,815,1050,15805,
268.43333892169795,82333,814,1051,15805,
268.43767669473084,82332,815,1051,15805,
268.44413045058997,82332,815,1050,15806,
268.4451176600092,82332,814,1051,15806,
268.44592746543,82331,815,1051,15806,
268.44687147538065,82330,816,1051,15806,
268.44694094849876,82329,817,1051,15806,
268.4479422312697,82329,817,1050,15807,
268.45314770077425,82328,818,1050,15807,
268.45363306281433,82328,818,1049,15808,
268.45419883399757,82328,817,1050,15808,
268.45623039200547,82327,818,1050,15808,
268.4578322086568,82326,819,1050,15808,
268.45867058678624,82326,818,1051,15808,
268.46111066942996,82325,819,1051,15808,
268.4647931462647,82324,820,1051,15808,
268.4705129230686,82324,819,1052,15808,
268.4716844767545,82323,820,1052,15808,
268.4736413259768,82322,821,1052,15808,
268.478962859272,82322,820,1053,15808,
268.47994496691433,82321,821,1053,15808,
268.48087736359867,82320,822,1053,15808,
268.4843767217458,82320,822,1052,15809,
268.4872586102988,82320,822,1051,15810,
268.49021918185923,82320,821,1052,15810,
268.49082136301024,82320,820,1053,15810,
268.4935217547373,82320,820,1052,15811,
268.49624192217306,82320,820,1051,15812,
268.4966846213224,82320,820,1050,15813,
268.4974336610907,82320,819,1051,15813,
268.4991628640476,82319,820,1051,15813,
268.5012635097126,82318,821,1051,15813,
268.50354348092867,82317,822,1051,15813,
268.5061826285282,82316,823,1051,15813,
268.5069942973595,82315,824,1051,15813,
268.51258728524533,82314,825,1051,15813,
268.51284103331534,82313,826,1051,15813,
268.51319724204586,82313,826,1050,15814,
268.51759006023343,82313,826,1049,15815,
268.5185801333736,82312,827,1049,15815,
268.5233004555398,82311,828,1049,15815,
268.52644144617017,82310,829,1049,15815,
268.5290137428408,82310,828,1050,15815,
268.53428199301607,82309,829,1050,15815,
268.535224253763,82309,828,1051,15815,
268.5356860852914,82308,829,1051,15815,
268.53956093514347,82308,828,1052,15815,
268.54546430976535,82307,829,1052,15815,
268.5496255871284,82307,829,1051,15816,
268.550758161599,82307,829,1050,15817,
268.55117980782126,82307,829,1049,15818,
268.553268413844,82306,830,1049,15818,
268.56064155278074,82305,831,1049,15818,
268.5633274907906,82305,831,1048,15819,
268.5654665850554,82304,832,1048,15819,
268.567808033158,82303,833,1048,15819,
268.56869003798926,82303,833,1047,15820,
268.57041193234534,82302,834,1047,15820,
268.5722603610179,82302,833,1048,15820,
268.5732055929997,82301,834,1048,15820,
268.575184693401,82301,833,1049,15820,
268.5766692849587,82300,834,1049,15820,
268.5790234866293,82300,833,1050,15820,
268.5800925826314,82300,833,1049,15821,
268.58464517115766,82300,833,1048,15822,
268.5847762168814,82299,834,1048,15822,
268.58622674870713,82298,835,1048,15822,
268.58687204803664,82298,834,1049,15822,
268.5871999461768,82297,835,1049,15822,
268.590236088955,82296,836,1049,15822,
268.59205407450133,82296,835,1050,15822,
268.59205879631423,82295,836,1050,15822,
268.5924369317753,82294,837,1050,15822,
268.6005956974378,82293,838,1050,15822,
268.6007856454721,82293,837,1051,15822,
268.6037445139764,82293,837,1050,15823,
268.60725312637476,82293,836,1051,15823,
268.60828618202976,82293,836,1050,15824,
268.60926634525697,82293,835,1051,15824,
268.6095378008245,82292,836,1051,15824,
268.6112796794121,82292,836,1050,15825,
268.6130505174902,82292,835,1051,15825,
268.61729972981374,82292,834,1052,15825,
268.6194239548086,82292,833,1053,15825,
268.62035889414176,82292,832,1054,15825,
268.6252034732608,82291,833,1054,15825,
268.6258655291093,82290,834,1054,15825,
268.62630986734723,82290,833,1055,15825,
268.62834998265834,82290,833,1054,15826,
268.6295847888236,82290,832,1055,15826,
268.6329255457725,82289,833,1055,15826,
268.63458341083555,82289,832,1056,15826,
268.63495315843426,82289,832,1055,15827,
268.63986363080755,82288,833,1055,15827,
268.64244847707874,82287,834,1055,15827,
268.6429827461484,82286,835,1055,15827,
268.643002857919,82285,836,1055,15827,
268.64644513892307,82285,836,1054,15828,
268.6465563747856,82284,837,1054,15828,
268.65160593940783,82283,838,1054,15828,
268.6533808456314,82282,839,1054,15828,
268.65454121498,82282,838,1055,15828,
268.65942738628894,82282,838,1054,15829,
268.66384268018265,82281,839,1054,15829,
268.6639830793319,82281,838,1055,15829,
268.67211191080804,82281,837,1056,15829,
268.67247770230426,82281,836,1057,15829,
268.6813471769117,82281,836,1056,15830,
268.68249487366484,82281,835,1057,15830,
268.6840345936089,82280,836,1057,15830,
268.6840915783683,82280,835,1058,15830,
268.68596981411565,82280,835,1057,15831,
268.68623736062756,82280,834,1058,15831,
268.690030899621,82279,835,1058,15831,
268.6958784786337,82279,835,1057,15832,
268.70067264434823,82279,834,1058,15832,
268.7027226797923,82278,835,1058,15832,
268.7032054473192,82278,835,1057,15833,
268.70447574678303,82278,834,1058,15833,
268.70584747805736,82278,834,1057,15834,
268.70595303752293,82278,833,1058,15834,
268.71306947875,82278,832,1059,15834,
268.7135637380018,82277,833,1059,15834,
268.716474343544,82276,834,1059,15834,
268.7168027053947,82275,835,1059,15834,
268.7182682939645,82274,836,1059,15834,
268.72111012290355,82273,837,1059,15834,
268.72472651977995,82273,836,1060,15834,
268.7266818481206,82273,836,1059,15835,
268.7289996358039,82273,836,1058,15836,
268.73277840408,82272,837,1058,15836,
268.73552331640644,82272,836,1059,15836,
268.73659697415445,82272,836,1058,15837,
268.74011260706493,82272,835,1059,15837,
268.74253894624184,82272,835,1058,15838,
268.74349169508787,82272,834,1059,15838,
268.7451779958781,82271,835,1059,15838,
268.746917475654,82271,835,1058,15839,
268.7506593398348,82270,836,1058,15839,
268.7520576722173,82270,836,1057,15840,
268.7524447455904,82269,837,1057,15840,
268.75309829792803,82268,838,1057,15840,
268.7531559234863,82267,839,1057,15840,
268.75482415051806,82267,839,1056,15841,
268.75524929061163,82266,840,1056,15841,
268.760053141522,82265,841,1056,15841,
268.7632445145635,82264,842,1056,15841,
268.7646934876071,82264,842,1055,15842,
268.76829817509747,82263,843,1055,15842,
268.7692364528933,82263,842,1056,15842,
268.7708868237624,82263,842,1055,15843,
268.776889375889,82262,843,1055,15843,
268.7793413381475,82261,844,1055,15843,
268.77938452623727,82261,844,1054,15844,
268.78022292967114,82261,844,1053,15845,
268.7806975410514,82260,845,1053,15845,
268.7838480108428,82260,845,1052,15846,
268.785383030404,82259,846,1052,15846,
268.7932084355224,82259,846,1051,15847,
268.7937508450597,82259,846,1050,15848,
268.79478605102986,82259,846,1049,15849,
268.79613419940046,82258,847,1049,15849,
268.8033493785783,82258,847,1048,15850,
268.80458966880025,82257,848,1048,15850,
268.808062389437,82256,849,1048,15850,
268.80978516869334,82256,849,1047,15851,
268.8168496141635,82255,850,1047,15851,
268.81691427197654,82255,849,1048,15851,
268.820228838613,82255,848,1049,15851,
268.8294580734271,82255,848,1048,15852,
268.8328227284086,82255,848,1047,15853,
268.8346897171871,82255,847,1048,15853,
268.84071443938757,82255,846,1049,15853,
268.84111663110093,82255,845,1050,15853,
268.8428364481837,82255,844,1051,15853,
268.8445182510198,82255,843,1052,15853,
268.8519546832532,82255,843,1051,15854,
268.8533518954377,82255,842,1052,15854,
268.853675644163,82255,842,1051,15855,
268.8567165321329,82254,843,1051,15855,
268.85695432542155,82253,844,1051,15855,
268.8609067517715,82253,844,1050,15856,
268.86146062106513,82253,843,1051,15856,
268.8618260529363,82253,843,1050,15857,
268.86294546733376,82252,844,1050,15857,
268.8630669463399,82252,844,1049,15858,
268.86413343442985,82252,844,1048,15859,
268.865218067833,82252,844,1047,15860,
268.8704591190879,82252,843,1048,15860,
268.87227986296915,82252,842,1049,15860,
268.87508932067465,82251,843,1049,15860,
268.8797154942507,82251,842,1050,15860,
268.87975086977514,82251,841,1051,15860,
268.88397744201546,82251,841,1050,15861,
268.8882234726833,82250,842,1050,15861,
268.8897948689098,82249,843,1050,15861,
268.8907423953267,82249,843,1049,15862,
268.89262150553026,82249,843,1048,15863,
268.8961966338395,82249,843,1047,15864,
268.9002730427103,82248,844,1047,15864,
268.90063044559713,82247,845,1047,15864,
268.9042981835803,82247,844,1048,15864,
268.90433214478526,82247,843,1049,15864,
268.90574264024553,82247,843,1048,15865,
268.90994363457366,82247,843,1047,15866,
268.9126085701029,82247,842,1048,15866,
268.91689904558075,82247,841,1049,15866,
268.9169342024937,82247,841,1048,15867,
268.91807567538416,82247,841,1047,15868,
268.9205359365461,82247,840,1048,15868,
268.92253488946307,82247,840,1047,15869,
268.9230543399555,82247,840,1046,15870,
268.92371139028234,82247,839,1047,15870,
268.92883311322583,82247,838,1048,15870,
268.93141943357745,82246,839,1048,15870,
268.9322923616109,82245,840,1048,15870,
268.93614347581484,82244,841,1048,15870,
268.9364529536583,82244,841,1047,15871,
268.9374984318059,82244,841,1046,15872,
268.9379296286169,82243,842,1046,15872,
268.93854168415646,82242,843,1046,15872,
268.9420313511826,82241,844,1046,15872,
268.94504848553044,82241,843,1047,15872,
268.9492362414439,82241,842,1048,15872,
268.9567568261901,82241,841,1049,15872,
268.9570356318678,82240,842,1049,15872,
268.95798143282167,82240,842,1048,15873,
268.9588853979782,82239,843,1048,15873,
268.9597454727482,82238,844,1048,15873,
268.95988180323843,82237,845,1048,15873,
268.96067826641394,82237,844,1049,15873,
268.9626038741022,82237,844,1048,15874,
268.965385321351,82236,845,1048,15874,
268.973434102955,82236,844,1049,15874,
268.97384915034746,82236,844,1048,15875,
268.97466968066817,82236,843,1049,15875,
268.9775104237479,82235,844,1049,15875,
268.97826098500474,82235,843,1050,15875,
268.9827083815034,82235,842,1051,15875,
268.98382253288224,82235,842,1050,15876,
268.98817968616015,82234,843,1050,15876,
268.9903421669346,82233,844,1050,15876,
268.9906863524162,82233,844,1049,15877,
268.9919061223448,82233,844,1048,15878,
268.99220569003415,82233,844,1047,15879,
269.0002891730098,82233,843,1048,15879,
269.0015266581151,82232,844,1048,15879,
269.0029060671,82231,845,1048,15879,
269.0093229315276,82231,844,1049,15879,
269.0111498858176,82231,844,1048,15880,
269.0158804670526,82230,845,1048,15880,
269.0188597141215,82230,844,1049,15880,
269.02038715096194,82230,844,1048,15881,
269.0221205549748,82229,845,1048,15881,
269.02386273242405,82228,846,1048,15881,
269.0245127641529,82228,846,1047,15882,
269.0253937000238,82227,847,1047,15882,
269.02795189032133,82227,846,1048,15882,
269.0286818526456,82226,847,1048,15882,
269.0307875856455,82225,848,1048,15882,
269.031610303939,82225,847,1049,15882,
269.03229435016283,82225,846,1050,15882,
269.0360852793273,82225,846,1049,15883,
269.0365092543544,82224,847,1049,15883,
269.03688431460813,82223,848,1049,15883,
269.03743468267703,82222,849,1049,15883,
269.0381455128949,82222,849,1048,15884,
269.0383707856175,82222,848,1049,15884,
269.0402428410245,82222,847,1050,15884,
269.0404352089336,82221,848,1050,15884,
269.04779106904834,82220,849,1050,15884,
269.05217117733474,82220,848,1051,15884,
269.0528659955474,82219,849,1051,15884,
269.0534866090386,82218,850,1051,15884,
269.05770447605136,82218,849,1052,15884,
269.0620444407974,82217,850,1052,15884,
269.0652404044781,82217,849,1053,15884,
269.069872591166,82217,849,1052,15885,
269.0713988499044,82216,850,1052,15885,
269.07436238747897,82216,850,1051,15886,
269.0784657952574,82216,850,1050,15887,
269.0812702746182,82215,851,1050,15887,
269.082708921516,82215,850,1051,15887,
269.0833225515113,82214,851,1051,15887,
269.08583053402737,82213,852,1051,15887,
269.0921201207419,82213,851,1052,15887,
269.0922915327423,82212,852,1052,15887,
269.1056472458979,82212,851,1053,15887,
269.1060641856472,82211,852,1053,15887,
269.1122361207189,82211,852,1052,15888,
269.112464497969,82210,853,1052,15888,
269.11610833692214,82209,854,1052,15888,
269.1165767431971,82209,853,1053,15888,
269.11689809517975,82209,852,1054,15888,
269.1204295776809,82209,851,1055,15888,
269.12271923182146,82209,850,1056,15888,
269.1250838945844,82208,851,1056,15888,
269.1255462176251,82208,851,1055,15889,
269.1265461215645,82208,851,1054,15890,
269.1283907285181,82208,850,1055,15890,
269.1285475821041,82207,851,1055,15890,
269.12867915069967,82207,850,1056,15890,
269.1367390574552,82207,849,1057,15890,
269.1378539592651,82207,849,1056,15891,
269.13835895455065,82207,849,1055,15892,
269.1412527861301,82207,848,1056,15892,
269.1424266606755,82206,849,1056,15892,
269.1454931284034,82205,850,1056,15892,
269.150384216134,82204,851,1056,15892,
269.15146019423673,82204,850,1057,15892,
269.1570522851626,82203,851,1057,15892,
269.16008009303096,82202,852,1057,15892,
269.1644699935242,82202,852,1056,15893,
269.1685177007921,82202,851,1057,15893,
269.1687700815963,82202,850,1058,15893,
269.16919349104177,82202,849,1059,15893,
269.17046566237684,82202,848,1060,15893,
269.1736797030676,82202,847,1061,15893,
269.17529871451217,82201,848,1061,15893,
269.17606014110936,82200,849,1061,15893,
269.1775138712915,82200,849,1060,15894,
269.17772026169047,82200,849,1059,15895,
269.1777573457684,82199,850,1059,15895,
269.1800679430019,82199,849,1060,15895,
269.18750518099466,82199,849,1059,15896,
269.19088178937045,82198,850,1059,15896,
269.19109267212355,82198,849,1060,15896,
269.19393781145953,82198,848,1061,15896,
269.194670237261,82197,849,1061,15896,
269.1962741396689,82197,849,1060,15897,
269.19728495946345,82197,848,1061,15897,
269.1997743113698,82197,848,1060,15898,
269.2007788452275,82197,848,1059,15899,
269.20112241465506,82196,849,1059,15899,
269.20251292846433,82195,850,1059,15899,
269.2027815378633,82194,851,1059,15899,
269.2099719824182,82193,852,1059,15899,
269.2104614065917,82193,851,1060,15899,
269.21107327729953,82193,851,1059,15900,
269.21252057414677,82192,852,1059,15900,
269.2129693558233,82191,853,1059,15900,
269.21330335403775,82191,852,1060,15900,
269.2133398617025,82191,852,1059,15901,
269.21365887237107,82191,851,1060,15901,
269.21733728295067,82191,851,1059,15902,
269.220587188133,82191,850,1060,15902,
269.2269248975613,82191,849,1061,15902,
269.22946899459623,82191,849,1060,15903,
269.2298254177484,82191,849,1059,15904,
269.2335826548739,82190,850,1059,15904,
269.2338002070509,82190,850,1058,15905,
269.2347974394973,82190,850,1057,15906,
269.23592239258375,82189,851,1057,15906,
269.23599891782686,82189,851,1056,15907,
269.2368167767678,82188,852,1056,15907,
269.24115221895073,82187,853,1056,15907,
269.24122470336494,82187,852,1057,15907,
269.2418016919719,82186,853,1057,15907,
269.24228696860456,82185,854,1057,15907,
269.24776350012655,82185,854,1056,15908,
269.24960690010687,82185,853,1057,15908,
269.2499850245528,82185,853,1056,15909,
269.25084522037514,82184,854,1056,15909,
269.25648141309637,82183,855,1056,15909,
269.2567853180616,82182,856,1056,15909,
269.2569962310084,82182,855,1057,15909,
269.26101293973977,82181,856,1057,15909,
269.270578379243,82180,857,1057,15909,
269.2722079586604,82180,857,1056,15910,
269.2745833204973,82180,856,1057,15910,
269.2764655651879,82180,856,1056,15911,
269.2778284517543,82179,857,1056,15911,
269.2856103596453,82178,858,1056,15911,
269.29189333032946,82178,857,1057,15911,
269.295409621145,82178,856,1058,15911,
269.2968958351983,82178,856,1057,15912,
269.29771891448434,82177,857,1057,15912,
269.2995406635525,82176,858,1057,15912,
269.3016831840536,82175,859,1057,15912,
269.3020831662252,82174,860,1057,15912,
269.30267127306917,82174,860,1056,15913,
269.30333111814076,82173,861,1056,15913,
269.30382820736304,82173,860,1057,15913,
269.3059413092282,82172,861,1057,15913,
269.3060563839748,82172,860,1058,15913,
269.3072651601389,82172,859,1059,15913,
269.3132913294746,82172,859,1058,15914,
269.3140014439822,82172,859,1057,15915,
269.3149879099887,82172,859,1056,15916,
269.32014891950087,82171,860,1056,15916,
269.32147167961176,82170,861,1056,15916,
269.32557905222956,82169,862,1056,15916,
269.3365568573721,82168,863,1056,15916,
269.33877064501866,82168,862,1057,15916,
269.3388970291906,82167,863,1057,15916,
269.3391147005394,82167,863,1056,15917,
269.3412391436341,82166,864,1056,15917,
269.3418394865411,82166,864,1055,15918,
269.34225544058296,82166,863,1056,15918,
269.3428653402172,82165,864,1056,15918,
269.34851861509617,82164,865,1056,15918,
269.3494167080961,82163,866,1056,15918,
269.35218892333796,82163,866,1055,15919,
269.35464067882947,82163,866,1054,15920,
269.3581589215878,82163,866,1053,15921,
269.3625475736189,82163,865,1054,15921,
269.364021581031,82163,865,1053,15922,
269.3640551088442,82163,865,1052,15923,
269.36550366924786,82163,864,1053,15923,
269.3675530149305,82163,863,1054,15923,
269.37085892447567,82163,863,1053,15924,
269.3726423604601,82163,862,1054,15924,
269.37364887278295,82163,862,1053,15925,
269.3746060553182,82162,863,1053,15925,
269.3753287203845,82162,862,1054,15925,
269.3758297340964,82161,863,1054,15925,
269.3773020127695,82161,862,1055,15925,
269.3791608062932,82161,861,1056,15925,
269.38137564908357,82161,860,1057,15925,
269.3863160954895,82161,860,1056,15926,
269.38726037017096,82160,861,1056,15926,
269.38902280332593,82160,860,1057,15926,
269.39206751419124,82160,860,1056,15927,
269.3927285047208,82159,861,1056,15927,
269.39311850194224,82159,860,1057,15927,
269.3963396654001,82159,859,1058,15927,
269.39992972879867,82159,859,1057,15928,
269.40317946145177,82159,859,1056,15929,
269.40440661414004,82159,859,1055,15930,
269.4058423599613,82158,860,1055,15930,
269.4084670338306,82158,859,1056,15930,
269.41163121306755,82157,860,1056,15930,
269.413023070235,82157,860,1055,15931,
269.4135821557701,82157,860,1054,15932,
269.41474047780355,82156,861,1054,15932,
269.4166503829423,82156,861,1053,15933,
269.41789478113685,82156,860,1054,15933,
269.418125400722,82156,860,1053,15934,
269.41833217108547,82156,859,1054,15934,
269.41890144050336,82156,859,1053,15935,
269.41970016632314,82156,858,1054,15935,
269.42147440789824,82155,859,1054,15935,
269.4242594031972,82154,860,1054,15935,
269.4265548937484,82154,859,1055,15935,
269.4268006363543,82153,860,1055,15935,
269.428083553894,82152,861,1055,15935,
269.4315528143325,82152,861,1054,15936,
269.4327086428818,82151,862,1054,15936,
269.4393547043036,82150,863,1054,15936,
269.44052073233246,82150,862,1055,15936,
269.4459545534154,82150,861,1056,15936,
269.4475464093056,82150,860,1057,15936,
269.460861539599,82149,861,1057,15936,
269.4640184426755,82149,860,1058,15936,
269.466039818206,82149,860,1057,15937,
269.4665897014888,82149,859,1058,15937,
269.46695789416947,82149,858,1059,15937,
269.46918255228775,82148,859,1059,15937,
269.47084386977326,82148,858,1060,15937,
269.4708964914715,82148,858,1059,15938,
269.4755522966749,82148,857,1060,15938,
269.48077344804153,82148,856,1061,15938,
269.4856022591341,82147,857,1061,15938,
269.48970474506405,82146,858,1061,15938,
269.49149726091923,82146,857,1062,15938,
269.49192926975564,82145,858,1062,15938,
269.49268436719797,82145,857,1063,15938,
269.4953734489222,82145,857,1062,15939,
269.4962608110675,82144,858,1062,15939,
269.4967193942055,82144,858,1061,15940,
269.49857714569396,82144,858,1060,15941,
269.4994922608132,82143,859,1060,15941,
269.49952275397544,82142,860,1060,15941,
269.50001448604326,82142,859,1061,15941,
269.50522100017645,82142,858,1062,15941,
269.5084231110212,82142,858,1061,15942,
269.5120726911998,82141,859,1061,15942,
269.5134292540751,82141,859,1060,15943,
269.5142343212943,82141,859,1059,15944,
269.51553170007935,82141,859,1058,15945,
269.5158262647726,82141,858,1059,15945,
269.5167243260616,82141,857,1060,15945,
269.51839360632505,82141,856,1061,15945,
269.5197898718168,82141,855,1062,15945,
269.52022657826546,82141,854,1063,15945,
269.5212558823334,82141,853,1064,15945,
269.52140180762103,82141,852,1065,15945,
269.5220764560384,82141,851,1066,15945,
269.526916632302,82140,852,1066,15945,
269.53345215784424,82140,851,1067,15945,
269.5340961905601,82140,850,1068,15945,
269.5368691911149,82139,851,1068,15945,
269.5401980484754,82139,851,1067,15946,
269.540638009845,82138,852,1067,15946,
269.5421360320194,82138,851,1068,15946,
269.5442021128964,82137,852,1068,15946,
269.54817176567417,82137,851,1069,15946,
269.5495223376757,82137,850,1070,15946,
269.55005935527305,82136,851,1070,15946,
269.55168838273323,82135,852,1070,15946,
269.55207672528417,82135,851,1071,15946,
269.55290072753,82134,852,1071,15946,
269.55365242349654,82134,851,1072,15946,
269.55453002110414,82134,850,1073,15946,
269.55594474477823,82134,850,1072,15947,
269.56070181894324,82133,851,1072,15947,
269.56186192448087,82132,852,1072,15947,
269.564971338108,82132,852,1071,15948,
269.56771815596517,82131,853,1071,15948,
269.5718968588113,82130,854,1071,15948,
269.57217944219235,82129,855,1071,15948,
269.5724887312239,82129,855,1070,15949,
269.57367260773333,82129,855,1069,15950,
269.5750372683298,82128,856,1069,15950,
269.57524679621133,82127,857,1069,15950,
269.58744220905373,82127,857,1068,15951,
269.5897221580876,82127,857,1067,15952,
269.59102000909934,82126,858,1067,15952,
269.5937365425393,82126,858,1066,15953,
269.5938545764953,82125,859,1066,15953,
269.5945808109563,82125,858,1067,15953,
269.59462590257715,82125,858,1066,15954,
269.59466717023355,82125,858,1065,15955,
269.59506788143176,82125,857,1066,15955,
269.5964926296261,82124,858,1066,15955,
269.5968659496836,82124,858,1065,15956,
269.5972645426686,82124,858,1064,15957,
269.6014635054063,82124,858,1063,15958,
269.6052476941204,82123,859,1063,15958,
269.60859692243696,82123,858,1064,15958,
269.60919178325764,82123,858,1063,15959,
269.6092062283132,82123,858,1062,15960,
269.6095524436603,82122,859,1062,15960,
269.61047481816564,82121,860,1062,15960,
269.61127626244894,82120,861,1062,15960,
269.615920514486,82119,862,1062,15960,
269.6180331441284,82118,863,1062,15960,
269.618978139654,82118,863,1061,15961,
269.6190318696964,82118,863,1060,15962,
269.61927181262394,82118,862,1061,15962,
269.621649378628,82117,863,1061,15962,
269.6229777182796,82117,862,1062,15962,
269.62523048457456,82117,862,1061,15963,
269.6265734159667,82117,861,1062,15963,
269.63070122957225,82116,862,1062,15963,
269.632697190205,82115,863,1062,15963,
269.6327147183806,82115,863,1061,15964,
269.63644196002025,82115,862,1062,15964,
269.63870295591244,82115,862,1061,15965,
269.6432137089652,82115,861,1062,15965,
269.6447620402245,82115,861,1061,15966,
269.6466565964378,82114,862,1061,15966,
269.65225886324544,82114,862,1060,15967,
269.65737497392945,82113,863,1060,15967,
269.6574724037992,82112,864,1060,15967,
269.65777044312676,82111,865,1060,15967,
269.65964263116484,82110,866,1060,15967,
269.661758237754,82110,866,1059,15968,
269.6624460463584,82110,865,1060,15968,
269.6629301340951,82110,865,1059,15969,
269.66544948941294,82110,864,1060,15969,
269.6668243883609,82110,864,1059,15970,
269.66858504477835,82110,863,1060,15970,
269.66975273486247,82110,863,1059,15971,
269.6700699705602,82109,864,1059,15971,
269.6701427717759,82109,864,1058,15972,
269.67125347202693,82109,863,1059,15972,
269.67677670809144,82109,863,1058,15973,
269.67722342778126,82109,862,1059,15973,
269.67961394654765,82108,863,1059,15973,
269.67967804578154,82108,862,1060,15973,
269.68012066345483,82107,863,1060,15973,
269.6804497521374,82106,864,1060,15973,
269.68107553946186,82106,864,1059,15974,
269.68177685503764,82106,864,1058,15975,
269.68210054251483,82106,863,1059,15975,
269.68239642560224,82106,863,1058,15976,
269.68422188598913,82106,862,1059,15976,
269.6851570150496,82106,861,1060,15976,
269.68810811026094,82106,861,1059,15977,
269.6920206319966,82106,860,1060,15977,
269.6932515686531,82105,861,1060,15977,
269.6943658643982,82105,861,1059,15978,
269.6947273374756,82105,861,1058,15979,
269.6952902362261,82105,860,1059,15979,
269.6961849042489,82104,861,1059,15979,
269.69698864261443,82104,861,1058,15980,
269.697241514825,82103,862,1058,15980,
269.69972485143967,82103,862,1057,15981,
269.7003130520363,82103,862,1056,15982,
269.7009115606994,82103,861,1057,15982,
269.70272937472566,82103,860,1058,15982,
269.7029843264331,82102,861,1058,15982,
269.7065119003883,82102,860,1059,15982,
269.7092650192212,82102,860,1058,15983,
269.7134204022331,82101,861,1058,15983,
269.7139140890816,82100,862,1058,15983,
269.714943577462,82099,863,1058,15983,
269.7159803769344,82098,864,1058,15983,
269.7172129890183,82097,865,1058,15983,
269.7243514992268,82097,864,1059,15983,
269.7258159972024,82097,864,1058,15984,
269.729614367779,82097,863,1059,15984,
269.73045202492784,82097,862,1060,15984,
269.73705184128664,82096,863,1060,15984,
269.73752058338596,82096,862,1061,15984,
269.7386247125819,82096,861,1062,15984,
269.73917766014506,82095,862,1062,15984,
269.7420288066728,82095,862,1061,15985,
269.7443366469186,82095,861,1062,15985,
269.7448409487355,82094,862,1062,15985,
269.7457237416357,82093,863,1062,15985,
269.7458171879425,82093,863,1061,15986,
269.75154831660893,82093,862,1062,15986,
269.75430615842544,82093,861,1063,15986,
269.7546746883355,82093,860,1064,15986,
269.75651147429903,82092,861,1064,15986,
269.75772781744433,82092,861,1063,15987,
269.75839726475067,82092,861,1062,15988,
269.7593041291408,82092,861,1061,15989,
269.76366390391405,82092,861,1060,15990,
269.76700773237684,82092,860,1061,15990,
269.76822350452574,82091,861,1061,15990,
269.7707710286556,82091,860,1062,15990,
269.770810857407,82090,861,1062,15990,
269.77372458755667,82090,860,1063,15990,
269.7778257157648,82090,859,1064,15990,
269.7790016662661,82090,858,1065,15990,
269.7792192106,82089,859,1065,15990,
269.7794164508537,82089,859,1064,15991,
269.77996413029945,82088,860,1064,15991,
269.78025733744494,82088,860,1063,15992,
269.7803703891271,82087,861,1063,15992,
269.78050489315,82087,860,1064,15992,
269.78121101068746,82086,861,1064,15992,
269.78933085104035,82086,861,1063,15993,
269.7903310578527,82085,862,1063,15993,
269.7970542045632,82085,861,1064,15993,
269.79864248716393,82085,860,1065,15993,
269.7986452945203,82085,859,1066,15993,
269.79928892102816,82085,858,1067,15993,
269.8007226521306,82085,857,1068,15993,
269.80187875074756,82084,858,1068,15993,
269.8039581328628,82083,859,1068,15993,
269.80807643788546,82082,860,1068,15993,
269.80843451539926,82081,861,1068,15993,
269.80857399942397,82081,860,1069,15993,
269.809365588975,82081,860,1068,15994,
269.81085588993534,82080,861,1068,15994,
269.8118351690461,82080,860,1069,15994,
269.8137497285525,82080,859,1070,15994,
269.8137896897796,82080,859,1069,15995,
269.8186124387303,82080,858,1070,15995,
269.82181341340873,82080,858,1069,15996,
269.82690022131743,82080,857,1070,15996,
269.82870833960914,82080,857,1069,15997,
269.8291743226278,82080,856,1070,15997,
269.8307135473354,82080,856,1069,15998,
269.83298865141813,82080,855,1070,15998,
269.83327093708493,82079,856,1070,15998,
269.8447220789111,82079,856,1069,15999,
269.8450487756731,82079,855,1070,15999,
269.8497462540833,82079,854,1071,15999,
269.8514083184382,82079,854,1070,16000,
269.8571410490052,82078,855,1070,16000,
269.86033591760696,82077,856,1070,16000,
269.86245246337046,82076,857,1070,16000,
269.86405683549873,82076,856,1071,16000,
269.8641572948222,82076,855,1072,16000,
269.86468325253935,82076,855,1071,16001,
269.8649562714378,82076,855,1070,16002,
269.86823999745,82076,854,1071,16002,
269.8702178844037,82076,853,1072,16002,
269.8703761773476,82076,852,1073,16002,
269.8748942079854,82076,851,1074,16002,
269.87599020544394,82076,851,1073,16003,
269.87704204561345,82076,850,1074,16003,
269.8792188653487,82075,851,1074,16003,
269.88946479607245,82074,852,1074,16003,
269.89004246086154,82074,852,1073,16004,
269.8945749330691,82074,852,1072,16005,
269.8951663849873,82073,853,1072,16005,
269.89924857346597,82073,852,1073,16005,
269.89926641981094,82073,851,1074,16005,
269.901317139937,82073,850,1075,16005,
269.90181927450124,82073,849,1076,16005,
269.90195980254197,82073,848,1077,16005,
269.9100557519202,82073,848,1076,16006,
269.91163035821745,82072,849,1076,16006,
269.91288981950373,82071,850,1076,16006,
269.9148707406005,82070,851,1076,16006,
269.91919442883835,82070,851,1075,16007,
269.93228539887014,82070,850,1076,16007,
269.93669533450026,82070,849,1077,16007,
269.9397315214666,82069,850,1077,16007,
269.9426419808202,82069,849,1078,16007,
269.94825230659353,82069,848,1079,16007,
269.949522471862,82069,847,1080,16007,
269.95212122396435,82068,848,1080,16007,
269.9528641488038,82067,849,1080,16007,
269.95326522143284,82066,850,1080,16007,
269.9534981694429,82065,851,1080,16007,
269.9549558076301,82064,852,1080,16007,
269.9565388690071,82063,853,1080,16007,
269.9571472616316,82062,854,1080,16007,
269.9596336885088,82062,854,1079,16008,
269.96275588105203,82061,855,1079,16008,
269.9632274310466,82061,854,1080,16008,
269.96398913106896,82061,854,1079,16009,
269.9650686099734,82061,853,1080,16009,
269.9681293242558,82061,852,1081,16009,
269.97000661764804,82061,851,1082,16009,
269.9702742027293,82060,852,1082,16009,
269.976990410889,82060,851,1083,16009,
269.9782590283315,82060,851,1082,16010,
269.9803575639,82060,850,1083,16010,
269.9817967856506,82059,851,1083,16010,
269.9820848673876,82059,850,1084,16010,
269.98384767828094,82058,851,1084,16010,
269.9890740239937,82057,852,1084,16010,
269.99069327194456,82057,852,1083,16011,
269.9935407309151,82057,851,1084,16011,
269.996478053141,82057,851,1083,16012,
269.9989902492747,82056,852,1083,16012,
269.99989193147746,82055,853,1083,16012,
270.00270429833097,82055,853,1082,16013,
270.00331871041857,82055,852,1083,16013,
270.00921565635673,82055,851,1084,16013,
270.014005359836,82055,851,1083,16014,
270.01543437111934,82054,852,1083,16014,
270.0165432580014,82054,852,1082,16015,
270.0171907316951,82054,852,1081,16016,
270.02268904784125,82054,851,1082,16016,
270.02498173807635,82054,851,1081,16017,
270.0305223243165,82053,852,1081,16017,
270.0305574532966,82053,851,1082,16017,
270.03129545355245,82052,852,1082,16017,
270.0373036200607,82051,853,1082,16017,
270.03771977095727,82050,854,1082,16017,
270.03813124734467,82050,854,1081,16018,
270.04008071090095,82050,854,1080,16019,
270.0407385271493,82049,855,1080,16019,
270.04110549524603,82049,854,1081,16019,
270.04118771289257,82048,855,1081,16019,
270.0414374017222,82048,854,1082,16019,
270.0438966240956,82048,854,1081,16020,
270.04520630228456,82048,854,1080,16021,
270.04705538806627,82048,854,1079,16022,
270.0474159969004,82048,853,1080,16022,
270.048483694938,82047,854,1080,16022,
270.0504339204752,82046,855,1080,16022,
270.05208510736634,82046,855,1079,16023,
270.05219659104915,82046,854,1080,16023,
270.0522240524664,82046,854,1079,16024,
270.05269358764076,82045,855,1079,16024,
270.0548117964633,82045,854,1080,16024,
270.0626622541558,82044,855,1080,16024,
270.0631863110335,82044,854,1081,16024,
270.06330897746426,82043,855,1081,16024,
270.06465739703566,82043,854,1082,16024,
270.06705819572477,82043,853,1083,16024,
270.06834709293696,82043,853,1082,16025,
270.06880416396206,82042,854,1082,16025,
270.0691451448316,82042,853,1083,16025,
270.07178179421044,82041,854,1083,16025,
270.075349809732,82040,855,1083,16025,
270.0757095265586,82040,855,1082,16026,
270.07655502001387,82039,856,1082,16026,
270.08102767636643,82039,855,1083,16026,
270.08364032937203,82039,855,1082,16027,
270.0851138311571,82038,856,1082,16027,
270.08557663085105,82038,856,1081,16028,
270.0873269867836,82038,855,1082,16028,
270.0922507984587,82038,855,1081,16029,
270.0975050361697,82037,856,1081,16029,
270.0979368544019,82036,857,1081,16029,
270.098197130944,82036,857,1080,16030,
270.1013075010367,82036,857,1079,16031,
270.10145709430935,82036,857,1078,16032,
270.11218401905796,82035,858,1078,16032,
270.11218594618293,82035,857,1079,16032,
270.1170999131561,82034,858,1079,16032,
270.1180095441484,82033,859,1079,16032,
270.1190627843714,82032,860,1079,16032,
270.11977434991843,82031,861,1079,16032,
270.12822296896763,82031,861,1078,16033,
270.13109188045325,82031,860,1079,16033,
270.1336263292058,82030,861,1079,16033,
270.13435346734684,82029,862,1079,16033,
270.1383807853008,82028,863,1079,16033,
270.1395013124945,82027,864,1079,16033,
270.14283067017845,82026,865,1079,16033,
270.14352679975724,82025,866,1079,16033,
270.1471614319324,82025,866,1078,16034,
270.1478090999827,82025,865,1079,16034,
270.14829515863835,82025,864,1080,16034,
270.14870308447667,82025,864,1079,16035,
270.1505453748225,82025,863,1080,16035,
270.1511022131533,82025,862,1081,16035,
270.1517672470438,82025,862,1080,16036,
270.15468059470084,82024,863,1080,16036,
270.15500575339036,82023,864,1080,16036,
270.1562775574576,82023,864,1079,16037,
270.15922136875145,82023,863,1080,16037,
270.15931603020556,82022,864,1080,16037,
270.16058498389407,82022,863,1081,16037,
270.1609653072888,82021,864,1081,16037,
270.1679741283853,82021,864,1080,16038,
270.1751205479398,82020,865,1080,16038,
270.1752730966197,82019,866,1080,16038,
270.1778948809106,82019,866,1079,16039,
270.1779872837688,82018,867,1079,16039,
270.18020012221564,82017,868,1079,16039,
270.18166139154306,82017,867,1080,16039,
270.1821360262364,82017,866,1081,16039,
270.1842870083128,82017,865,1082,16039,
270.1852200529979,82017,865,1081,16040,
270.1870813722656,82017,865,1080,16041,
270.1895188614502,82017,864,1081,16041,
270.18998473549976,82016,865,1081,16041,
270.19032911201,82016,865,1080,16042,
270.19158378609256,82015,866,1080,16042,
270.1921335189341,82015,865,1081,16042,
270.19531085900263,82014,866,1081,16042,
270.1966982004773,82014,865,1082,16042,
270.1989751607118,82014,864,1083,16042,
270.19991746374313,82014,864,1082,16043,
270.20253425717704,82014,864,1081,16044,
270.2035412087458,82014,864,1080,16045,
270.2043484248763,82013,865,1080,16045,
270.2053575598542,82012,866,1080,16045,
270.2058614007157,82011,867,1080,16045,
270.2085821721175,82011,866,1081,16045,
270.20940138244305,82010,867,1081,16045,
270.21614087176556,82010,866,1082,16045,
270.217974119895,82010,866,1081,16046,
270.2186742660273,82009,867,1081,16046,
270.220596524999,82008,868,1081,16046,
270.2237897995674,82007,869,1081,16046,
270.22756972660613,82007,868,1082,16046,
270.2295630168264,82006,869,1082,16046,
270.2297486511712,82006,869,1081,16047,
270.23744426392875,82005,870,1081,16047,
270.2377965183983,82005,870,1080,16048,
270.24015262227044,82004,871,1080,16048,
270.24265967047006,82003,872,1080,16048,
270.2466377752948,82002,873,1080,16048,
270.24808813426563,82001,874,1080,16048,
270.2494703613266,82001,874,1079,16049,
270.25040685812166,82000,875,1079,16049,
270.250616386591,81999,876,1079,16049,
270.25156467575096,81998,877,1079,16049,
270.2520031603778,81998,877,1078,16050,
270.2529674901312,81997,878,1078,16050,
270.25700928634035,81997,877,1079,16050,
270.25910762390066,81997,877,1078,16051,
270.26466066675044,81996,878,1078,16051,
270.26660659404297,81995,879,1078,16051,
270.2672876213473,81995,878,1079,16051,
270.26774299255413,81995,877,1080,16051,
270.268288063927,81995,876,1081,16051,
270.2719966318411,81994,877,1081,16051,
270.2764036680649,81993,878,1081,16051,
270.278604711487,81992,879,1081,16051,
270.2790443975907,81992,879,1080,16052,
270.2802723591569,81992,879,1079,16053,
270.28440087310594,81991,880,1079,16053,
270.28829302758146,81990,881,1079,16053,
270.2904954705914,81990,880,1080,16053,
270.2910447489206,81990,879,1081,16053,
270.2913684095816,81989,880,1081,16053,
270.2914328125076,81988,881,1081,16053,
270.29326724005534,81988,880,1082,16053,
270.2934095928549,81988,880,1081,16054,
270.2935761283849,81988,880,1080,16055,
270.29364074503576,81987,881,1080,16055,
270.2945906393022,81987,880,1081,16055,
270.2959588433485,81987,879,1082,16055,
270.2970887559095,81987,878,1083,16055,
270.29763597979684,81986,879,1083,16055,
270.2998968676733,81986,878,1084,16055,
270.3006410775662,81986,877,1085,16055,
270.3010920768581,81986,876,1086,16055,
270.3039509956594,81986,876,1085,16056,
270.30672177751444,81986,876,1084,16057,
270.30793074798095,81986,875,1085,16057,
270.3107785643569,81985,876,1085,16057,
270.31191047603846,81985,875,1086,16057,
270.31379179054363,81985,874,1087,16057,
270.31449619486256,81985,874,1086,16058,
270.3165081440914,81985,874,1085,16059,
270.317578027259,81985,874,1084,16060,
270.3182634009856,81984,875,1084,16060,
270.32017752637626,81983,876,1084,16060,
270.322375844253,81983,875,1085,16060,
270.32367364638765,81982,876,1085,16060,
270.32781862052593,81982,875,1086,16060,
270.3326551700829,81982,875,1085,16061,
270.33344780664015,81982,875,1084,16062,
270.3339648158485,81982,874,1085,16062,
270.3356414774206,81982,874,1084,16063,
270.33723748985113,81982,874,1083,16064,
270.3411698326504,81982,873,1084,16064,
270.3443574920145,81981,874,1084,16064,
270.3477039573682,81981,873,1085,16064,
270.34888062078164,81980,874,1085,16064,
270.3495691366598,81980,874,1084,16065,
270.35013733535476,81980,873,1085,16065,
270.3555173942916,81980,872,1086,16065,
270.36231355909297,81979,873,1086,16065,
270.36348538439245,81979,873,1085,16066,
270.36421416162887,81978,874,1085,16066,
270.3644126497207,81978,873,1086,16066,
270.36446234104807,81978,873,1085,16067,
270.3687522999495,81978,872,1086,16067,
270.36948406775446,81977,873,1086,16067,
270.36960633881483,81976,874,1086,16067,
270.36968148441747,81976,874,1085,16068,
270.370349208708,81976,874,1084,16069,
270.3747937886901,81976,874,1083,16070,
270.37494558642766,81975,875,1083,16070,
270.3756148655484,81974,876,1083,16070,
270.37704597757374,81973,877,1083,16070,
270.3791302449621,81973,877,1082,16071,
270.38322514973834,81973,877,1081,16072,
270.3880820643673,81973,876,1082,16072,
270.38938548586844,81973,875,1083,16072,
270.3919485913691,81973,875,1082,16073,
270.3932813876531,81972,876,1082,16073,
270.3971837072937,81972,876,1081,16074,
270.397417997338,81971,877,1081,16074,
270.3990691494821,81971,877,1080,16075,
270.40044472552796,81971,876,1081,16075,
270.40231170835256,81971,875,1082,16075,
270.4025124552372,81971,874,1083,16075,
270.4034371255556,81971,873,1084,16075,
270.40531164994974,81971,872,1085,16075,
270.4070572500336,81971,872,1084,16076,
270.41425334391727,81970,873,1084,16076,
270.41465160495574,81970,872,1085,16076,
270.41515328819474,81969,873,1085,16076,
270.4157161786113,81969,873,1084,16077,
270.4163516168325,81969,872,1085,16077,
270.41745983121336,81969,872,1084,16078,
270.4187292562274,81969,871,1085,16078,
270.42253881351894,81968,872,1085,16078,
270.42319062168104,81968,871,1086,16078,
270.42365630345387,81968,870,1087,16078,
270.4244567445484,81968,870,1086,16079,
270.4249198854989,81968,869,1087,16079,
270.42761165016714,81968,869,1086,16080,
270.42800578569455,81968,868,1087,16080,
270.42819886067167,81968,867,1088,16080,
270.429136257388,81968,866,1089,16080,
270.4305370429669,81967,867,1089,16080,
270.43063110621597,81967,866,1090,16080,
270.4309866108276,81967,866,1089,16081,
270.4335719212797,81966,867,1089,16081,
270.43579244981,81966,866,1090,16081,
270.4389710493356,81966,866,1089,16082,
270.4390988993658,81966,865,1090,16082,
270.4398648197183,81965,866,1090,16082,
270.44011140395963,81965,866,1089,16083,
270.4452873038456,81965,866,1088,16084,
270.44572843844054,81964,867,1088,16084,
270.4474038746917,81963,868,1088,16084,
270.44832708187795,81962,869,1088,16084,
270.4484963954956,81962,868,1089,16084,
270.45078516994556,81961,869,1089,16084,
270.4561607856976,81960,870,1089,16084,
270.4574462402484,81960,870,1088,16085,
270.4582861836878,81959,871,1088,16085,
270.45831010017775,81958,872,1088,16085,
270.4586527407482,81958,872,1087,16086,
270.4607287310795,81958,871,1088,16086,
270.4616395751597,81958,870,1089,16086,
270.4619258005925,81958,869,1090,16086,
270.46250230276127,81957,870,1090,16086,
270.46294424291773,81956,871,1090,16086,
270.4632229025651,81955,872,1090,16086,
270.46619575717483,81955,872,1089,16087,
270.4682870361168,81954,873,1089,16087,
270.4706637412445,81953,874,1089,16087,
270.47725201659557,81952,875,1089,16087,
270.47907396527205,81951,876,1089,16087,
270.4803726493761,81951,876,1088,16088,
270.4805337849963,81950,877,1088,16088,
270.4857868499969,81950,876,1089,16088,
270.4860546930017,81950,876,1088,16089,
270.48926480202147,81950,876,1087,16090,
270.4893298862409,81950,875,1088,16090,
270.4893891079812,81950,874,1089,16090,
270.4898160735441,81949,875,1089,16090,
270.49058748179914,81948,876,1089,16090,
270.4994816160833,81947,877,1089,16090,
270.5046199400397,81947,877,1088,16091,
270.5081864101097,81947,877,1087,16092,
270.5085258956118,81947,876,1088,16092,
270.51050970324167,81946,877,1088,16092,
270.5155921030575,81946,877,1087,16093,
270.51635218049387,81946,876,1088,16093,
270.5166340291288,81945,877,1088,16093,
270.5166585927505,81945,876,1089,16093,
270.51734912913025,81945,875,1090,16093,
270.5183167471374,81944,876,1090,16093,
270.51935061657457,81944,875,1091,16093,
270.52296593439536,81944,874,1092,16093,
270.5256053681442,81943,875,1092,16093,
270.5258263129412,81942,876,1092,16093,
270.5269573256354,81941,877,1092,16093,
270.52721944352845,81941,876,1093,16093,
270.5281070003993,81940,877,1093,16093,
270.53524617036396,81940,877,1092,16094,
270.5396469388115,81940,877,1091,16095,
270.5458905662117,81940,876,1092,16095,
270.5464190151748,81939,877,1092,16095,
270.546469128723,81939,877,1091,16096,
270.54796324597584,81939,877,1090,16097,
270.54825480312144,81939,876,1091,16097,
270.55156515557616,81938,877,1091,16097,
270.5615818198177,81938,877,1090,16098,
270.5639026712474,81937,878,1090,16098,
270.56418754198427,81937,878,1089,16099,
270.564855487441,81936,879,1089,16099,
270.56773752528983,81936,878,1090,16099,
270.57833885213427,81936,878,1089,16100,
270.5830437767328,81936,878,1088,16101,
270.5863406619647,81936,877,1089,16101,
270.5889573113213,81935,878,1089,16101,
270.5926410292038,81935,878,1088,16102,
270.59284833185404,81934,879,1088,16102,
270.59289644119036,81934,878,1089,16102,
270.5931790716177,81934,878,1088,16103,
270.5989784944948,81933,879,1088,16103,
270.5996560633512,81933,879,1087,16104,
270.59984696005665,81933,878,1088,16104,
270.60226623618064,81933,877,1089,16104,
270.6030117399042,81933,876,1090,16104,
270.60336835044984,81933,875,1091,16104,
270.610033902984,81933,875,1090,16105,
270.61016011080613,81932,876,1090,16105,
270.6130116996314,81932,875,1091,16105,
270.6208139969894,81932,875,1090,16106,
270.621235705191,81932,874,1091,16106,
270.62187758977825,81931,875,1091,16106,
270.6235431797196,81931,874,1092,16106,
270.623857296907,81930,875,1092,16106,
270.62648914613806,81930,874,1093,16106,
270.62729581041475,81929,875,1093,16106,
270.6280647189682,81929,875,1092,16107,
270.6358759752079,81929,874,1093,16107,
270.63918716358876,81929,873,1094,16107,
270.63934589176125,81928,874,1094,16107,
270.64443082528487,81928,874,1093,16108,
270.6473057907539,81928,873,1094,16108,
270.6486215168056,81928,872,1095,16108,
270.65049088693877,81928,871,1096,16108,
270.6513532564053,81927,872,1096,16108,
270.65314628305003,81926,873,1096,16108,
270.6542401053269,81926,872,1097,16108,
270.65494245370905,81925,873,1097,16108,
270.65782669731084,81925,872,1098,16108,
270.65831173704595,81925,872,1097,16109,
270.6618300311726,81925,872,1096,16110,
270.6619382024027,81924,873,1096,16110,
270.66339643234505,81923,874,1096,16110,
270.66387826627954,81923,873,1097,16110,
270.6644684556339,81923,872,1098,16110,
270.6682033716409,81922,873,1098,16110,
270.6714500465582,81921,874,1098,16110,
270.673499557882,81921,873,1099,16110,
270.6751071469935,81921,873,1098,16111,
270.677735603816,81920,874,1098,16111,
270.6800115875933,81919,875,1098,16111,
270.6830478334504,81919,875,1097,16112,
270.6837711124554,81918,876,1097,16112,
270.6864578997595,81918,876,1096,16113,
270.68788021030366,81918,876,1095,16114,
270.6887179395475,81918,875,1096,16114,
270.69398377989074,81917,876,1096,16114,
270.69606130294244,81917,876,1095,16115,
270.69660232827175,81917,876,1094,16116,
270.7050196822214,81917,876,1093,16117,
270.70610393749985,81916,877,1093,16117,
270.7073140532929,81915,878,1093,16117,
270.70992414069156,81915,878,1092,16118,
270.710901245724,81915,877,1093,16118,
270.71192255217085,81914,878,1093,16118,
270.7132857492104,81914,878,1092,16119,
270.715230071799,81914,878,1091,16120,
270.7163618567979,81914,878,1090,16121,
270.7187037255346,81914,878,1089,16122,
270.72287237508885,81913,879,1089,16122,
270.7230676004807,81913,878,1090,16122,
270.72820668688956,81913,877,1091,16122,
270.7282069502021,81912,878,1091,16122,
270.7315503306914,81912,878,1090,16123,
270.73495864944294,81912,878,1089,16124,
270.7356704307885,81911,879,1089,16124,
270.73951856190774,81911,878,1090,16124,
270.7395376921581,81911,878,1089,16125,
270.7407491209123,81910,879,1089,16125,
270.74324414679353,81910,878,1090,16125,
270.7446575145239,81909,879,1090,16125,
270.7453581019291,81908,880,1090,16125,
270.7486298725685,81908,879,1091,16125,
270.75595278329604,81908,879,1090,16126,
270.75792123993125,81908,879,1089,16127,
270.7615947546736,81908,879,1088,16128,
270.769537586433,81908,878,1089,16128,
270.77296747067015,81907,879,1089,16128,
270.7730504560179,81907,879,1088,16129,
270.77309653096097,81906,880,1088,16129,
270.77383949653364,81906,879,1089,16129,
270.7762146591679,81906,878,1090,16129,
270.77687433591717,81906,878,1089,16130,
270.77829053997345,81906,878,1088,16131,
270.7812961659402,81906,878,1087,16132,
270.7828801541088,81906,877,1088,16132,
270.7875057499461,81905,878,1088,16132,
270.7886006192645,81905,877,1089,16132,
270.79340081875137,81905,876,1090,16132,
270.79448265825647,81905,875,1091,16132,
270.7950458903762,81905,874,1092,16132,
270.79509399972403,81905,873,1093,16132,
270.79672726252795,81905,872,1094,16132,
270.7971052891065,81904,873,1094,16132,
270.8032230609405,81904,872,1095,16132,
270.8058510354711,81904,872,1094,16133,
270.80910271137145,81904,872,1093,16134,
270.8095381745815,81903,873,1093,16134,
270.8118436557235,81902,874,1093,16134,
270.8118505501026,81901,875,1093,16134,
270.8129430662855,81900,876,1093,16134,
270.8137933198331,81899,877,1093,16134,
270.8142407193485,81899,877,1092,16135,
270.81535859266387,81898,878,1092,16135,
270.81839058491056,81897,879,1092,16135,
270.8185118898493,81897,878,1093,16135,
270.82014182061846,81897,877,1094,16135,
270.8204143518281,81897,876,1095,16135,
270.82349633223686,81897,875,1096,16135,
270.8272300930154,81897,874,1097,16135,
270.8281218834606,81897,873,1098,16135,
270.83017723508044,81896,874,1098,16135,
270.8301774295392,81896,873,1099,16135,
270.83025145301235,81896,872,1100,16135,
270.8362370286864,81895,873,1100,16135,
270.83656265012365,81895,873,1099,16136,
270.8368655943415,81895,873,1098,16137,
270.8383700648641,81894,874,1098,16137,
270.8403746038249,81894,873,1099,16137,
270.84125551750276,81893,874,1099,16137,
270.8419699093466,81892,875,1099,16137,
270.8431901955297,81891,876,1099,16137,
270.84719741169323,81891,876,1098,16138,
270.84772853650395,81890,877,1098,16138,
270.84777970902286,81890,876,1099,16138,
270.8480891220224,81889,877,1099,16138,
270.85241150299447,81889,876,1100,16138,
270.8538872786333,81889,875,1101,16138,
270.8557810628552,81889,875,1100,16139,
270.85634100151873,81888,876,1100,16139,
270.8594891803869,81887,877,1100,16139,
270.85985490985024,81886,878,1100,16139,
270.86258544793907,81885,879,1100,16139,
270.86407120675506,81885,879,1099,16140,
270.86466993881834,81885,878,1100,16140,
270.8648397069644,81885,877,1101,16140,
270.8656889819121,81885,877,1100,16141,
270.8672913594861,81885,876,1101,16141,
270.8674059946505,81885,875,1102,16141,
270.86906898025444,81885,874,1103,16141,
270.8716809998999,81885,874,1102,16142,
270.87292747252263,81885,874,1101,16143,
270.8739094748978,81885,873,1102,16143,
270.87422303972994,81885,872,1103,16143,
270.87720413711406,81884,873,1103,16143,
270.8794870583844,81884,873,1102,16144,
270.8802598435237,81884,873,1101,16145,
270.88713598900296,81884,873,1100,16146,
270.8885868187803,81883,874,1100,16146,
270.8887327143574,81883,874,1099,16147,
270.8902430386655,81882,875,1099,16147,
270.8948205675698,81882,874,1100,16147,
270.8958414396104,81882,874,1099,16148,
270.8992063886107,81881,875,1099,16148,
270.9063506928579,81881,875,1098,16149,
270.9067687151012,81881,874,1099,16149,
270.9069728184107,81881,874,1098,16150,
270.90884585945037,81880,875,1098,16150,
270.909273390855,81880,875,1097,16151,
270.9094358565167,81879,876,1097,16151,
270.91023273173425,81878,877,1097,16151,
270.91039850880884,81877,878,1097,16151,
270.9116964574142,81877,877,1098,16151,
270.91170935192787,81877,877,1097,16152,
270.9119697377934,81877,876,1098,16152,
270.9142286704721,81876,877,1098,16152,
270.9164649764474,81875,878,1098,16152,
270.9178910885805,81875,878,1097,16153,
270.91991634377894,81874,879,1097,16153,
270.9245153187026,81874,879,1096,16154,
270.9249806081551,81874,878,1097,16154,
270.9263900062817,81873,879,1097,16154,
270.9274879514045,81872,880,1097,16154,
270.9289317701717,81871,881,1097,16154,
270.9305021097109,81870,882,1097,16154,
270.9319974639846,81870,881,1098,16154,
270.9332219330052,81870,880,1099,16154,
270.93502945643024,81870,879,1100,16154,
270.93711001399447,81869,880,1100,16154,
270.9390924641799,81869,880,1099,16155,
270.9396687153493,81868,881,1099,16155,
270.94006409552844,81868,880,1100,16155,
270.9403493817031,81867,881,1100,16155,
270.9412380960611,81867,881,1099,16156,
270.9422520913634,81866,882,1099,16156,
270.9423630598728,81865,883,1099,16156,
270.94358913346474,81864,884,1099,16156,
270.9436993462977,81863,885,1099,16156,
270.94375360604334,81862,886,1099,16156,
270.9451386487942,81862,886,1098,16157,
270.9452483643649,81861,887,1098,16157,
270.9513750486755,81861,886,1099,16157,
270.9517174914714,81861,885,1100,16157,
270.9521342203155,81860,886,1100,16157,
270.9546607461604,81860,885,1101,16157,
270.9551052371194,81860,884,1102,16157,
270.9565310599303,81860,884,1101,16158,
270.9569738864227,81860,884,1100,16159,
270.9654516705156,81860,884,1099,16160,
270.96587250241305,81859,885,1099,16160,
270.97424432146295,81859,884,1100,16160,
270.97587235772585,81859,884,1099,16161,
270.97692680784735,81859,884,1098,16162,
270.9779185306139,81858,885,1098,16162,
270.9826156246938,81858,884,1099,16162,
270.98879858284397,81858,883,1100,16162,
270.9906830214515,81858,883,1099,16163,
270.9909478932692,81858,883,1098,16164,
270.99135249532145,81858,882,1099,16164,
270.9920306065446,81857,883,1099,16164,
271.0002458690785,81857,883,1098,16165,
271.00325276644946,81856,884,1098,16165,
271.00374374704984,81856,884,1097,16166,
271.01066277164534,81855,885,1097,16166,
271.0138748193915,81855,885,1096,16167,
271.0186558757241,81855,885,1095,16168,
271.025207696508,81854,886,1095,16168,
271.0289555643361,81853,887,1095,16168,
271.0289572856871,81852,888,1095,16168,
271.02918900669744,81852,887,1096,16168,
271.03306323155294,81852,886,1097,16168,
271.03353625351383,81852,885,1098,16168,
271.0380982771756,81851,886,1098,16168,
271.04118729240025,81851,886,1097,16169,
271.0424736944779,81851,885,1098,16169,
271.04258259067285,81851,884,1099,16169,
271.0443820382288,81851,883,1100,16169,
271.04544666007143,81851,883,1099,16170,
271.0468303673191,81851,883,1098,16171,
271.0474055220937,81851,882,1099,16171,
271.05002973983596,81850,883,1099,16171,
271.05241986699014,81850,883,1098,16172,
271.05743155701106,81850,883,1097,16173,
271.0630541288959,81850,883,1096,16174,
271.0648357949506,81850,882,1097,16174,
271.06497923637284,81850,881,1098,16174,
271.0656878405339,81850,881,1097,16175,
271.069547070844,81850,880,1098,16175,
271.06985306755047,81850,880,1097,16176,
271.0700641527371,81850,879,1098,16176,
271.0702344889167,81850,879,1097,16177,
271.0704923296748,81850,878,1098,16177,
271.07283004343117,81849,879,1098,16177,
271.07295093513136,81849,879,1097,16178,
271.0770539028117,81848,880,1097,16178,
271.0781338628902,81848,879,1098,16178,
271.07869510174226,81848,879,1097,16179,
271.08348731026757,81848,878,1098,16179,
271.0881092196649,81848,878,1097,16180,
271.09063947244454,81848,877,1098,16180,
271.09355026987,81848,876,1099,16180,
271.09479630259455,81847,877,1099,16180,
271.0954782995181,81847,877,1098,16181,
271.0985134217245,81847,877,1097,16182,
271.0999747259465,81846,878,1097,16182,
271.1015626300643,81846,878,1096,16183,
271.10310958763523,81845,879,1096,16183,
271.10594549335576,81845,879,1095,16184,
271.1114255767419,81844,880,1095,16184,
271.11671102588133,81843,881,1095,16184,
271.1195017821342,81842,882,1095,16184,
271.1195926441617,81842,881,1096,16184,
271.1270876953759,81842,880,1097,16184,
271.1278961250957,81841,881,1097,16184,
271.131696969619,81841,881,1096,16185,
271.1347964479357,81841,881,1095,16186,
271.1352220914709,81841,880,1096,16186,
271.1355461284263,81840,881,1096,16186,
271.13819370486186,81840,881,1095,16187,
271.139330585182,81840,880,1096,16187,
271.1414686364609,81839,881,1096,16187,
271.14148501898154,81839,880,1097,16187,
271.1434810302939,81838,881,1097,16187,
271.14445035303237,81838,881,1096,16188,
271.1455685007695,81837,882,1096,16188,
271.15197462831713,81836,883,1096,16188,
271.1525760487897,81836,883,1095,16189,
271.1535041041431,81836,882,1096,16189,
271.1554963505579,81835,883,1096,16189,
271.1570480853039,81834,884,1096,16189,
271.1594387266668,81834,883,1097,16189,
271.1618147171471,81834,883,1096,16190,
271.1618371392355,81834,882,1097,16190,
271.1629906688927,81834,881,1098,16190,
271.1659610866691,81834,880,1099,16190,
271.1678785948787,81834,879,1100,16190,
271.16808364739416,81833,880,1100,16190,
271.1686251346969,81833,880,1099,16191,
271.1741431403801,81833,879,1100,16191,
271.1746150119829,81833,879,1099,16192,
271.18204894884667,81833,878,1100,16192,
271.1828172827822,81832,879,1100,16192,
271.18487313589117,81832,879,1099,16193,
271.187409389716,81832,878,1100,16193,
271.188265348166,81832,877,1101,16193,
271.1890509666019,81832,876,1102,16193,
271.1940750922919,81831,877,1102,16193,
271.1947606101265,81831,877,1101,16194,
271.19514311758905,81831,877,1100,16195,
271.1971509304454,81831,876,1101,16195,
271.2002544361416,81831,876,1100,16196,
271.2031745054388,81831,875,1101,16196,
271.203308735492,81830,876,1101,16196,
271.20362834809475,81830,876,1100,16197,
271.2052464009896,81829,877,1100,16197,
271.2059289008507,81829,876,1101,16197,
271.2065092743,81828,877,1101,16197,
271.21104133460153,81828,877,1100,16198,
271.2148341228717,81827,878,1100,16198,
271.217388533196,81826,879,1100,16198,
271.2210909191186,81826,878,1101,16198,
271.22514887274633,81826,878,1100,16199,
271.2259392392636,81826,878,1099,16200,
271.2266121779458,81826,877,1100,16200,
271.22689106933836,81825,878,1100,16200,
271.226922357568,81825,878,1099,16201,
271.22725809379955,81825,878,1098,16202,
271.23490072100986,81824,879,1098,16202,
271.23598665295833,81823,880,1098,16202,
271.2361855146005,81822,881,1098,16202,
271.23707667733674,81822,881,1097,16203,
271.23807415261126,81822,880,1098,16203,
271.23851371489604,81822,879,1099,16203,
271.24540769726224,81822,878,1100,16203,
271.24559581519344,81822,877,1101,16203,
271.2465731145702,81822,876,1102,16203,
271.24720167765713,81822,875,1103,16203,
271.2474083776411,81821,876,1103,16203,
271.2480960367206,81821,875,1104,16203,
271.2531875402801,81821,875,1103,16204,
271.2640931261297,81821,874,1104,16204,
271.2667403183827,81821,873,1105,16204,
271.2669476621052,81821,872,1106,16204,
271.2672880598927,81821,872,1105,16205,
271.2690443712181,81821,872,1104,16206,
271.27421923463004,81821,871,1105,16206,
271.27468393602504,81820,872,1105,16206,
271.275744054017,81819,873,1105,16206,
271.2767093080649,81819,872,1106,16206,
271.27674167137013,81819,871,1107,16206,
271.28034452754844,81819,870,1108,16206,
271.28225539984345,81819,869,1109,16206,
271.2857512125158,81819,868,1110,16206,
271.28660072391625,81818,869,1110,16206,
271.28765673976216,81817,870,1110,16206,
271.2876839311665,81816,871,1110,16206,
271.28799852345975,81816,870,1111,16206,
271.29304746766235,81815,871,1111,16206,
271.30009116278393,81814,872,1111,16206,
271.3054871713182,81814,871,1112,16206,
271.3070188585219,81813,872,1112,16206,
271.3080477549332,81813,872,1111,16207,
271.31104756944717,81813,872,1110,16208,
271.3110906826581,81813,872,1109,16209,
271.3137531894516,81813,871,1110,16209,
271.3166845987605,81813,870,1111,16209,
271.31691763023673,81812,871,1111,16209,
271.32166729154187,81812,870,1112,16209,
271.32242698499965,81811,871,1112,16209,
271.3228473564889,81811,870,1113,16209,
271.3237274649467,81811,869,1114,16209,
271.325648693567,81810,870,1114,16209,
271.32916546003867,81809,871,1114,16209,
271.3304088809922,81809,870,1115,16209,
271.33161348636327,81809,869,1116,16209,
271.33343336944034,81808,870,1116,16209,
271.33454707755266,81808,870,1115,16210,
271.33652057645463,81807,871,1115,16210,
271.3365910058643,81806,872,1115,16210,
271.33788118642946,81806,871,1116,16210,
271.3389120725746,81806,870,1117,16210,
271.3407370052063,81806,869,1118,16210,
271.34289755773796,81806,868,1119,16210,
271.3433906813601,81806,868,1118,16211,
271.3437205661663,81806,868,1117,16212,
271.3441658370851,81806,868,1116,16213,
271.3451197557572,81806,868,1115,16214,
271.34764524957774,81806,868,1114,16215,
271.3506996944646,81805,869,1114,16215,
271.35121005925794,81804,870,1114,16215,
271.35269389452924,81803,871,1114,16215,
271.354780818841,81803,871,1113,16216,
271.3553984754182,81803,870,1114,16216,
271.3567497584466,81803,869,1115,16216,
271.3614150194461,81803,869,1114,16217,
271.3686546502215,81802,870,1114,16217,
271.373122925342,81801,871,1114,16217,
271.37879696496475,81801,870,1115,16217,
271.379347973768,81801,869,1116,16217,
271.3812478860171,81800,870,1116,16217,
271.38165609465835,81799,871,1116,16217,
271.38309498936576,81799,870,1117,16217,
271.38315182933377,81798,871,1117,16217,
271.3837712816161,81798,870,1118,16217,
271.3871973600989,81798,869,1119,16217,
271.39023961299694,81798,868,1120,16217,
271.3929241331255,81798,867,1121,16217,
271.39403869900013,81798,867,1120,16218,
271.3950433966903,81798,867,1119,16219,
271.39773868176815,81797,868,1119,16219,
271.40200291593277,81796,869,1119,16219,
271.40950483537625,81796,868,1120,16219,
271.4097323736736,81796,867,1121,16219,
271.412431317938,81795,868,1121,16219,
271.4130113368396,81795,868,1120,16220,
271.41474768283376,81795,868,1119,16221,
271.4179591247279,81795,868,1118,16222,
271.4187354117161,81795,867,1119,16222,
271.41884432268057,81795,866,1120,16222,
271.4210359119596,81794,867,1120,16222,
271.4233475965341,81794,866,1121,16222,
271.4238213443018,81793,867,1121,16222,
271.4239175468651,81793,866,1122,16222,
271.42689055814776,81793,865,1123,16222,
271.4282154432708,81793,864,1124,16222,
271.4301130965481,81792,865,1124,16222,
271.43053787880734,81792,864,1125,16222,
271.43291993935924,81792,863,1126,16222,
271.4330657309453,81791,864,1126,16222,
271.43380870207955,81791,864,1125,16223,
271.43582360236627,81791,863,1126,16223,
271.43698137388253,81791,863,1125,16224,
271.439912008402,81791,862,1126,16224,
271.44231574253604,81790,863,1126,16224,
271.44293696336763,81789,864,1126,16224,
271.44315327880554,81789,863,1127,16224,
271.4531794940306,81788,864,1127,16224,
271.4576405652526,81787,865,1127,16224,
271.4579998551179,81786,866,1127,16224,
271.45859506684434,81785,867,1127,16224,
271.46517788758786,81785,866,1128,16224,
271.47010443908715,81785,866,1127,16225,
271.47130287973437,81785,866,1126,16226,
271.47154597278796,81785,865,1127,16226,
271.4784361107383,81785,865,1126,16227,
271.47948964575505,81784,866,1126,16227,
271.48061902507607,81784,865,1127,16227,
271.48578651199176,81784,864,1128,16227,
271.49170897524044,81783,865,1128,16227,
271.4968224392687,81782,866,1128,16227,
271.4990031820777,81782,865,1129,16227,
271.49990483487335,81781,866,1129,16227,
271.50315083258914,81780,867,1129,16227,
271.5045960421979,81780,866,1130,16227,
271.5048865864183,81780,866,1129,16228,
271.50554961222076,81780,866,1128,16229,
271.5115315461236,81779,867,1128,16229,
271.51252879756754,81778,868,1128,16229,
271.51533891907184,81777,869,1128,16229,
271.51757313645186,81777,868,1129,16229,
271.51952138657657,81777,867,1130,16229,
271.5202672041145,81777,867,1129,16230,
271.5221020090073,81777,866,1130,16230,
271.5228887486804,81777,865,1131,16230,
271.5232242081113,81777,864,1132,16230,
271.5272434535159,81777,863,1133,16230,
271.5288831682346,81776,864,1133,16230,
271.5307169400302,81776,863,1134,16230,
271.533059173127,81776,862,1135,16230,
271.53582272969646,81776,862,1134,16231,
271.53605648350447,81776,861,1135,16231,
271.53859224138154,81776,860,1136,16231,
271.53996925375804,81776,860,1135,16232,
271.54505399884647,81776,860,1134,16233,
271.54589650651127,81775,861,1134,16233,
271.5467701428448,81774,862,1134,16233,
271.54729799222713,81774,862,1133,16234,
271.5481885289073,81774,861,1134,16234,
271.5485091950131,81773,862,1134,16234,
271.5486313673867,81773,862,1133,16235,
271.5486379107093,81773,861,1134,16235,
271.54909997284926,81773,860,1135,16235,
271.55431360310314,81773,859,1136,16235,
271.5563492987301,81773,859,1135,16236,
271.56218953609414,81773,859,1134,16237,
271.56288788143144,81773,858,1135,16237,
271.56328690488925,81772,859,1135,16237,
271.5660315372116,81772,858,1136,16237,
271.5670926430185,81772,858,1135,16238,
271.5733277023789,81772,858,1134,16239,
271.57451166160234,81771,859,1134,16239,
271.5758614287506,81771,859,1133,16240,
271.57591142460996,81771,859,1132,16241,
271.5770561312053,81771,859,1131,16242,
271.578959128328,81771,858,1132,16242,
271.585159649751,81771,857,1133,16242,
271.5911939827908,81770,858,1133,16242,
271.59188295858274,81770,857,1134,16242,
271.5952297615994,81770,856,1135,16242,
271.5953190865494,81770,856,1134,16243,
271.59714454548333,81769,857,1134,16243,
271.60306241953515,81769,856,1135,16243,
271.6039351036216,81769,856,1134,16244,
271.60435153217236,81769,855,1135,16244,
271.60459424788377,81769,854,1136,16244,
271.6049241314456,81768,855,1136,16244,
271.6081803820806,81768,854,1137,16244,
271.61234846551434,81768,853,1138,16244,
271.6126201187857,81767,854,1138,16244,
271.6144763347171,81767,853,1139,16244,
271.6195702153054,81767,853,1138,16245,
271.6206536617299,81767,852,1139,16245,
271.62187064778044,81767,851,1140,16245,
271.6223609448799,81766,852,1140,16245,
271.6254083508992,81766,851,1141,16245,
271.6254904946152,81766,850,1142,16245,
271.63159546970945,81766,850,1141,16246,
271.6327000285973,81766,849,1142,16246,
271.6345807167603,81765,850,1142,16246,
271.63510251436276,81764,851,1142,16246,
271.6373327684423,81764,851,1141,16247,
271.64484012543693,81763,852,1141,16247,
271.6486142133075,81762,853,1141,16247,
271.65014480854154,81762,852,1142,16247,
271.6551265966832,81762,851,1143,16247,
271.66247295506884,81762,850,1144,16247,
271.66268997917797,81762,850,1143,16248,
271.6638331754506,81762,850,1142,16249,
271.6657331533921,81761,851,1142,16249,
271.6730533056741,81761,851,1141,16250,
271.67484753774056,81761,850,1142,16250,
271.6780451344322,81761,850,1141,16251,
271.67843266701146,81761,850,1140,16252,
271.6819169287936,81761,850,1139,16253,
271.6834531068464,81760,851,1139,16253,
271.68761134116005,81760,850,1140,16253,
271.68805352549094,81760,850,1139,16254,
271.68879273271983,81760,849,1140,16254,
271.68895196875627,81760,849,1139,16255,
271.69085128858217,81759,850,1139,16255,
271.6918189512811,81759,850,1138,16256,
271.6923288578097,81759,849,1139,16256,
271.6930878703181,81758,850,1139,16256,
271.69309046968016,81758,849,1140,16256,
271.69395439405463,81758,849,1139,16257,
271.6952330106513,81758,849,1138,16258,
271.69724684291197,81758,849,1137,16259,
271.7014064620574,81757,850,1137,16259,
271.7065987808181,81756,851,1137,16259,
271.709542617969,81756,851,1136,16260,
271.70981576510417,81756,851,1135,16261,
271.71540392774665,81756,851,1134,16262,
271.71656813311745,81755,852,1134,16262,
271.72002438041744,81755,851,1135,16262,
271.7216748249715,81754,852,1135,16262,
271.7248387737253,81754,851,1136,16262,
271.72538652268685,81754,850,1137,16262,
271.736702902136,81753,851,1137,16262,
271.73733126834713,81753,850,1138,16262,
271.7398936920614,81752,851,1138,16262,
271.74016481274265,81752,851,1137,16263,
271.7404015223211,81752,851,1136,16264,
271.74068548697306,81752,851,1135,16265,
271.7440907007841,81752,851,1134,16266,
271.7444603324453,81751,852,1134,16266,
271.7463781923951,81751,851,1135,16266,
271.75537425207654,81751,851,1134,16267,
271.75787200325817,81751,851,1133,16268,
271.75924852312386,81750,852,1133,16268,
271.76129412115216,81749,853,1133,16268,
271.76250669086767,81749,853,1132,16269,
271.7630623961471,81749,852,1133,16269,
271.7635071845153,81748,853,1133,16269,
271.7641957889206,81748,852,1134,16269,
271.7678072341178,81748,852,1133,16270,
271.7711886461469,81748,852,1132,16271,
271.77499997569424,81748,852,1131,16272,
271.7783072839266,81748,851,1132,16272,
271.7807244223005,81747,852,1132,16272,
271.7833981959297,81747,852,1131,16273,
271.78576175900827,81747,852,1130,16274,
271.7887777566296,81747,852,1129,16275,
271.7897021668423,81746,853,1129,16275,
271.7937557830385,81745,854,1129,16275,
271.793979493526,81744,855,1129,16275,
271.8023843186116,81744,855,1128,16276,
271.8036931153025,81743,856,1128,16276,
271.80427308380615,81742,857,1128,16276,
271.8054647666979,81742,857,1127,16277,
271.805628586953,81742,857,1126,16278,
271.80971708238417,81742,857,1125,16279,
271.8104921896859,81742,857,1124,16280,
271.81337862421236,81742,856,1125,16280,
271.8184902353077,81741,857,1125,16280,
271.82054455989476,81740,858,1125,16280,
271.8226860924753,81740,858,1124,16281,
271.8232069235932,81739,859,1124,16281,
271.82375348816134,81739,858,1125,16281,
271.8251325399218,81738,859,1125,16281,
271.82920394584374,81738,858,1126,16281,
271.8305932150174,81738,857,1127,16281,
271.8341863308226,81738,856,1128,16281,
271.8365463288758,81738,856,1127,16282,
271.84105536264696,81738,855,1128,16282,
271.8418127818073,81738,854,1129,16282,
271.8433551984857,81737,855,1129,16282,
271.84362658798904,81737,854,1130,16282,
271.8462052681593,81737,853,1131,16282,
271.84829303867747,81737,852,1132,16282,
271.85130470998723,81737,852,1131,16283,
271.85156814819254,81737,852,1130,16284,
271.85678826354024,81737,852,1129,16285,
271.8572281961664,81737,852,1128,16286,
271.8613790560764,81737,852,1127,16287,
271.8643013944148,81737,851,1128,16287,
271.8687528256498,81737,851,1127,16288,
271.87302996609117,81737,850,1128,16288,
271.8756151223883,81737,849,1129,16288,
271.8761977672359,81736,850,1129,16288,
271.87779197046933,81735,851,1129,16288,
271.87800639972426,81735,850,1130,16288,
271.87851839231183,81735,849,1131,16288,
271.8803976423593,81734,850,1131,16288,
271.8807697870755,81734,850,1130,16289,
271.88086844370673,81733,851,1130,16289,
271.8830016076582,81733,851,1129,16290,
271.88329110351106,81732,852,1129,16290,
271.8857691733776,81732,852,1128,16291,
271.88578907777736,81731,853,1128,16291,
271.89137267095816,81731,852,1129,16291,
271.89361027395563,81731,851,1130,16291,
271.8942193339987,81731,850,1131,16291,
271.8995941498182,81731,849,1132,16291,
271.9057459961496,81731,848,1133,16291,
271.90733664440756,81730,849,1133,16291,
271.90787081301573,81730,849,1132,16292,
271.9083472142993,81729,850,1132,16292,
271.9089516985885,81729,850,1131,16293,
271.90968883989257,81729,850,1130,16294,
271.9106182558906,81729,849,1131,16294,
271.911107914349,81728,850,1131,16294,
271.9149175664459,81728,849,1132,16294,
271.91731906640416,81728,849,1131,16295,
271.9182057413272,81728,848,1132,16295,
271.9190409775008,81728,848,1131,16296,
271.9199683226176,81728,847,1132,16296,
271.9234218469647,81728,846,1133,16296,
271.9247290873618,81728,846,1132,16297,
271.9249674820733,81727,847,1132,16297,
271.92695152259057,81727,846,1133,16297,
271.9282861831129,81726,847,1133,16297,
271.9289049529775,81726,846,1134,16297,
271.92974575049954,81725,847,1134,16297,
271.9298327562191,81724,848,1134,16297,
271.9301325149359,81724,847,1135,16297,
271.932668614927,81724,846,1136,16297,
271.9328523574718,81724,845,1137,16297,
271.9343679248428,81724,845,1136,16298,
271.93871294915215,81724,844,1137,16298,
271.9417897818196,81724,843,1138,16298,
271.943024948029,81724,843,1137,16299,
271.9439172691049,81724,842,1138,16299,
271.947481987073,81723,843,1138,16299,
271.95797687124684,81723,842,1139,16299,
271.9583340308228,81723,841,1140,16299,
271.9588113143705,81723,840,1141,16299,
271.9596695113041,81723,840,1140,16300,
271.961806538771,81722,841,1140,16300,
271.9656287117661,81721,842,1140,16300,
271.972729800094,81721,841,1141,16300,
271.9748405276846,81720,842,1141,16300,
271.9763900617597,81720,842,1140,16301,
271.9783740136858,81719,843,1140,16301,
271.98088911512343,81719,843,1139,16302,
271.98214541988256,81719,842,1140,16302,
271.98307623046,81719,841,1141,16302,
271.984101524093,81719,840,1142,16302,
271.98758593845184,81718,841,1142,16302,
271.98849865098236,81718,840,1143,16302,
271.98867623882126,81718,840,1142,16303,
271.989025567465,81718,840,1141,16304,
271.99280133125984,81717,841,1141,16304,
271.99306976088855,81717,840,1142,16304,
272.0001028153256,81716,841,1142,16304,
272.0027562792455,81715,842,1142,16304,
272.00302372573026,81715,842,1141,16305,
272.00328760203894,81714,843,1141,16305,
272.00488048352105,81713,844,1141,16305,
272.0053011564415,81712,845,1141,16305,
272.0137117862568,81712,845,1140,16306,
272.01483736388434,81711,846,1140,16306,
272.0164615849842,81710,847,1140,16306,
272.0201752986587,81710,846,1141,16306,
272.0215883171127,81710,845,1142,16306,
272.02183524226854,81710,844,1143,16306,
272.0240863478968,81709,845,1143,16306,
272.0259860396889,81709,844,1144,16306,
272.02749764483747,81709,843,1145,16306,
272.02858595832276,81709,843,1144,16307,
272.02954560393033,81709,843,1143,16308,
272.0297157370412,81709,842,1144,16308,
272.02983439533193,81709,841,1145,16308,
272.0329240214388,81709,840,1146,16308,
272.0344933580595,81709,839,1147,16308,
272.0376509414099,81708,840,1147,16308,
272.03799569014313,81708,839,1148,16308,
272.03862175782905,81707,840,1148,16308,
272.03967535296056,81707,840,1147,16309,
272.04320527247506,81706,841,1147,16309,
272.04745020522165,81706,841,1146,16310,
272.05598311083236,81706,840,1147,16310,
272.05605004357585,81706,840,1146,16311,
272.0563395670992,81705,841,1146,16311,
272.0565775138027,81705,841,1145,16312,
272.0599233249449,81704,842,1145,16312,
272.0599716760587,81704,841,1146,16312,
272.06247399045105,81704,840,1147,16312,
272.0631769639871,81703,841,1147,16312,
272.063626273723,81703,840,1148,16312,
272.0659240923411,81703,840,1147,16313,
272.0660505870404,81703,840,1146,16314,
272.06615373937393,81702,841,1146,16314,
272.06741554593066,81702,840,1147,16314,
272.0675578207104,81702,840,1146,16315,
272.07069582124956,81701,841,1146,16315,
272.0712211982238,81700,842,1146,16315,
272.0712331141574,81700,842,1145,16316,
272.0715087791959,81700,841,1146,16316,
272.07199147023005,81700,840,1147,16316,
272.07221455988935,81700,839,1148,16316,
272.0749293793097,81699,840,1148,16316,
272.0775667664079,81698,841,1148,16316,
272.078221922366,81697,842,1148,16316,
272.0801931369823,81697,842,1147,16317,
272.08070031377576,81696,843,1147,16317,
272.0813838677912,81696,843,1146,16318,
272.08484007766293,81696,842,1147,16318,
272.08736309048186,81695,843,1147,16318,
272.08745529893184,81694,844,1147,16318,
272.0892256533673,81694,844,1146,16319,
272.0898320764628,81694,844,1145,16320,
272.0900584875276,81693,845,1145,16320,
272.0924807520346,81693,845,1144,16321,
272.09292822512214,81692,846,1144,16321,
272.093417734468,81692,845,1145,16321,
272.0936832127604,81691,846,1145,16321,
272.09373835152536,81691,845,1146,16321,
272.0943084595476,81691,845,1145,16322,
272.0975114862901,81690,846,1145,16322,
272.0976972110941,81689,847,1145,16322,
272.0985771647623,81688,848,1145,16322,
272.1023794021141,81688,847,1146,16322,
272.10438231130297,81688,847,1145,16323,
272.1062765066201,81688,846,1146,16323,
272.10681416025386,81687,847,1146,16323,
272.1074194208226,81686,848,1146,16323,
272.1092356680275,81686,847,1147,16323,
272.11002579913594,81685,848,1147,16323,
272.1155622704012,81684,849,1147,16323,
272.1156141879943,81684,849,1146,16324,
272.1160893125388,81684,849,1145,16325,
272.11868151717835,81683,850,1145,16325,
272.1229110713879,81682,851,1145,16325,
272.1246105147384,81681,852,1145,16325,
272.1349019886862,81681,851,1146,16325,
272.13893557056326,81681,850,1147,16325,
272.14271786363383,81681,849,1148,16325,
272.1452997427383,81680,850,1148,16325,
272.1479578602683,81679,851,1148,16325,
272.1553930336771,81678,852,1148,16325,
272.15895664712804,81678,851,1149,16325,
272.1594681970556,81678,851,1148,16326,
272.1608526435358,81678,850,1149,16326,
272.1632348615014,81678,849,1150,16326,
272.1637964610314,81677,850,1150,16326,
272.1682426825062,81676,851,1150,16326,
272.17484855086064,81676,850,1151,16326,
272.17732965008156,81676,849,1152,16326,
272.17747468520906,81676,848,1153,16326,
272.17868690626733,81675,849,1153,16326,
272.17960808410885,81675,848,1154,16326,
272.1796985734463,81674,849,1154,16326,
272.1800848409912,81674,849,1153,16327,
272.1804405266785,81674,849,1152,16328,
272.18120166883483,81674,848,1153,16328,
272.1839149689989,81673,849,1153,16328,
272.1845556853836,81673,848,1154,16328,
272.18556889683697,81673,847,1155,16328,
272.18609229171557,81672,848,1155,16328,
272.1876797337529,81672,847,1156,16328,
272.1900828896238,81671,848,1156,16328,
272.193293450445,81670,849,1156,16328,
272.19712729490215,81670,848,1157,16328,
272.19822175928357,81669,849,1157,16328,
272.1982867568932,81669,848,1158,16328,
272.1996983120423,81669,847,1159,16328,
272.2022256761149,81669,846,1160,16328,
272.2044227330133,81669,845,1161,16328,
272.2116910728065,81668,846,1161,16328,
272.2120621683929,81668,846,1160,16329,
272.2126046306645,81668,845,1161,16329,
272.21316275047604,81668,844,1162,16329,
272.21588787705247,81668,844,1161,16330,
272.2181920257336,81667,845,1161,16330,
272.22096919008237,81667,844,1162,16330,
272.2216461255287,81667,844,1161,16331,
272.2288107307847,81667,844,1160,16332,
272.2294189731753,81666,845,1160,16332,
272.2301569604089,81665,846,1160,16332,
272.23096638668994,81664,847,1160,16332,
272.2316351697945,81664,846,1161,16332,
272.23236179873743,81663,847,1161,16332,
272.2331415849588,81662,848,1161,16332,
272.2361734617395,81661,849,1161,16332,
272.2389133689266,81661,848,1162,16332,
272.2410025628637,81660,849,1162,16332,
272.24960331077494,81660,848,1163,16332,
272.2509503008783,81660,848,1162,16333,
272.25109596405565,81660,848,1161,16334,
272.2522618496601,81660,848,1160,16335,
272.2530826718828,81660,848,1159,16336,
272.2532842141617,81659,849,1159,16336,
272.2534978634542,81659,848,1160,16336,
272.25422498373626,81659,847,1161,16336,
272.25648648759227,81659,846,1162,16336,
272.25693286359024,81658,847,1162,16336,
272.2610381784269,81657,848,1162,16336,
272.2630713364036,81657,847,1163,16336,
272.26532525059645,81657,847,1162,16337,
272.26597173045906,81657,846,1163,16337,
272.26687068049864,81656,847,1163,16337,
272.27463995632655,81656,847,1162,16338,
272.28295082864497,81655,848,1162,16338,
272.2849672901648,81655,847,1163,16338,
272.28513147586784,81655,846,1164,16338,
272.28707125497806,81655,845,1165,16338,
272.29011417551794,81655,844,1166,16338,
272.2945986438252,81655,844,1165,16339,
272.29673602687666,81655,844,1164,16340,
272.296929275382,81655,844,1163,16341,
272.2970936557184,81655,843,1164,16341,
272.29874347747693,81655,842,1165,16341,
272.3005422653674,81655,842,1164,16342,
272.3021447644777,81655,842,1163,16343,
272.30336126608466,81655,841,1164,16343,
272.30364840566017,81655,841,1163,16344,
272.3055284664613,81655,840,1164,16344,
272.30611912198526,81654,841,1164,16344,
272.30806947413686,81654,841,1163,16345,
272.30856132275034,81654,840,1164,16345,
272.3085969845074,81654,840,1163,16346,
272.3107163608109,81653,841,1163,16346,
272.3113330453381,81652,842,1163,16346,
272.312422700359,81652,842,1162,16347,
272.3143522710695,81652,841,1163,16347,
272.3159275824921,81651,842,1163,16347,
272.31663277314976,81650,843,1163,16347,
272.31846397398573,81650,843,1162,16348,
272.3196495433958,81649,844,1162,16348,
272.3236443560196,81649,844,1161,16349,
272.3252302546044,81648,845,1161,16349,
272.3265681626215,81648,845,1160,16350,
272.32680698628434,81647,846,1160,16350,
272.3275269557536,81647,846,1159,16351,
272.3288961850998,81647,845,1160,16351,
272.3300599689421,81646,846,1160,16351,
272.3309382055035,81646,845,1161,16351,
272.331032305337,81646,844,1162,16351,
272.3312026149797,81646,844,1161,16352,
272.3335059905069,81645,845,1161,16352,
272.3360911972532,81645,845,1160,16353,
272.3378726865863,81644,846,1160,16353,
272.3420615615936,81643,847,1160,16353,
272.3424474819442,81643,847,1159,16354,
272.34584246389625,81643,847,1158,16355,
272.34608550985047,81643,846,1159,16355,
272.3512807407265,81643,845,1160,16355,
272.3568505298551,81642,846,1160,16355,
272.3568925255019,81642,845,1161,16355,
272.35847896681446,81642,844,1162,16355,
272.36354990224055,81642,844,1161,16356,
272.36833986755715,81642,843,1162,16356,
272.36996955719104,81641,844,1162,16356,
272.37162153578606,81640,845,1162,16356,
272.37218185236543,81639,846,1162,16356,
272.37458123588,81639,845,1163,16356,
272.37655698412686,81639,844,1164,16356,
272.377753405477,81638,845,1164,16356,
272.3782001324464,81638,845,1163,16357,
272.3803246032337,81638,845,1162,16358,
272.3813066925557,81637,846,1162,16358,
272.3831764353797,81636,847,1162,16358,
272.3837623941717,81636,847,1161,16359,
272.3846818466421,81636,847,1160,16360,
272.394388164075,81636,847,1159,16361,
272.3948745746601,81636,846,1160,16361,
272.39605843134524,81635,847,1160,16361,
272.3962832885242,81635,846,1161,16361,
272.3986021881685,81634,847,1161,16361,
272.4001127147384,81633,848,1161,16361,
272.4043499849848,81633,847,1162,16361,
272.4095451062112,81633,847,1161,16362,
272.41125257944697,81632,848,1161,16362,
272.4121035189401,81631,849,1161,16362,
272.412469688332,81631,849,1160,16363,
272.4185745257796,81630,850,1160,16363,
272.42220195998897,81630,850,1159,16364,
272.42531285485467,81630,850,1158,16365,
272.425958044577,81630,850,1157,16366,
272.42830400315495,81630,850,1156,16367,
272.4385211601176,81630,849,1157,16367,
272.4403099970349,81630,849,1156,16368,
272.44031819914625,81629,850,1156,16368,
272.44509048351614,81628,851,1156,16368,
272.44638499928874,81628,851,1155,16369,
272.44926007180936,81628,851,1154,16370,
272.4509570378929,81628,851,1153,16371,
272.45097210633656,81628,850,1154,16371,
272.45354740725014,81628,849,1155,16371,
272.45551571761916,81627,850,1155,16371,
272.4562570152305,81627,849,1156,16371,
272.45667232520435,81627,849,1155,16372,
272.45802877790385,81627,849,1154,16373,
272.4583929275238,81626,850,1154,16373,
272.45953343302745,81625,851,1154,16373,
272.46375963956757,81625,851,1153,16374,
272.46518292689444,81624,852,1153,16374,
272.4652006561222,81624,851,1154,16374,
272.4654266527541,81624,850,1155,16374,
272.471867376118,81623,851,1155,16374,
272.47231608014914,81623,850,1156,16374,
272.47347963693085,81623,849,1157,16374,
272.4738444678309,81623,849,1156,16375,
272.47487098284546,81623,849,1155,16376,
272.4768734049756,81622,850,1155,16376,
272.4779534442795,81622,849,1156,16376,
272.4787114170531,81622,849,1155,16377,
272.4836442067946,81622,849,1154,16378,
272.484442394816,81622,848,1155,16378,
272.48773604258366,81622,847,1156,16378,
272.49232387348405,81622,847,1155,16379,
272.4938219321202,81621,848,1155,16379,
272.49436509757794,81621,848,1154,16380,
272.4959387487555,81620,849,1154,16380,
272.5055928534838,81619,850,1154,16380,
272.5058344022495,81619,850,1153,16381,
272.5062814853119,81618,851,1153,16381,
272.50748885845314,81618,851,1152,16382,
272.50876088193337,81618,851,1151,16383,
272.51109965987837,81617,852,1151,16383,
272.5146118600649,81617,852,1150,16384,
272.51540901403837,81617,851,1151,16384,
272.51644288841027,81617,850,1152,16384,
272.51702899967296,81617,849,1153,16384,
272.5184610577434,81617,849,1152,16385,
272.521620016259,81617,849,1151,16386,
272.5283852894677,81617,849,1150,16387,
272.52864769594186,81616,850,1150,16387,
272.5309868380636,81615,851,1150,16387,
272.5329414698733,81615,851,1149,16388,
272.53476328575846,81614,852,1149,16388,
272.5353711115812,81613,853,1149,16388,
272.5373678180702,81612,854,1149,16388,
272.5395516025763,81612,853,1150,16388,
272.5400167886628,81612,853,1149,16389,
272.5451199883753,81612,852,1150,16389,
272.5452210790961,81612,852,1149,16390,
272.5452405883337,81611,853,1149,16390,
272.5456825806949,81610,854,1149,16390,
272.54904110373064,81610,853,1150,16390,
272.55050425006556,81610,852,1151,16390,
272.55609064772517,81610,852,1150,16391,
272.55652546291384,81610,852,1149,16392,
272.5586302589841,81610,851,1150,16392,
272.55991896224907,81609,852,1150,16392,
272.56052586549765,81608,853,1150,16392,
272.560830976201,81608,852,1151,16392,
272.5654239416209,81608,851,1152,16392,
272.56687059230455,81608,850,1153,16392,
272.5685909615273,81607,851,1153,16392,
272.5704028827976,81606,852,1153,16392,
272.5710473062916,81606,851,1154,16392,
272.57220114688783,81605,852,1154,16392,
272.5726246829227,81605,851,1155,16392,
272.57287453381906,81605,850,1156,16392,
272.57674944503265,81604,851,1156,16392,
272.58296809118707,81604,850,1157,16392,
272.58360376743195,81604,849,1158,16392,
272.58508784784055,81604,848,1159,16392,
272.59125099661355,81603,849,1159,16392,
272.5943799085111,81602,850,1159,16392,
272.59473227789965,81602,850,1158,16393,
272.599859435469,81602,849,1159,16393,
272.60130869608105,81601,850,1159,16393,
272.6075803177702,81601,850,1158,16394,
272.61279557550404,81601,849,1159,16394,
272.6128767673782,81600,850,1159,16394,
272.61716764105194,81599,851,1159,16394,
272.61772454957406,81598,852,1159,16394,
272.6178356493314,81598,851,1160,16394,
272.61904126013343,81598,850,1161,16394,
272.6196736000128,81598,849,1162,16394,
272.62049832800614,81598,848,1163,16394,
272.6214293413079,81598,848,1162,16395,
272.621857920087,81597,849,1162,16395,
272.6249340180979,81597,849,1161,16396,
272.6264501259751,81597,849,1160,16397,
272.6376502364524,81597,848,1161,16397,
272.6379906053506,81596,849,1161,16397,
272.63873500519907,81595,850,1161,16397,
272.6439672695114,81594,851,1161,16397,
272.6447164300758,81593,852,1161,16397,
272.6464596581352,81593,852,1160,16398,
272.6538551875345,81592,853,1160,16398,
272.65517388705797,81592,853,1159,16399,
272.65945147225995,81592,853,1158,16400,
272.6606501390303,81592,852,1159,16400,
272.6617943185323,81591,853,1159,16400,
272.66989722998636,81591,852,1160,16400,
272.6714432579274,81591,851,1161,16400,
272.67187299259854,81590,852,1161,16400,
272.67502140447544,81590,852,1160,16401,
272.67513725258334,81590,852,1159,16402,
272.67846634003894,81590,852,1158,16403,
272.68001278992,81590,852,1157,16404,
272.6872061750078,81590,852,1156,16405,
272.687337751822,81589,853,1156,16405,
272.68897055233356,81589,853,1155,16406,
272.69066606320297,81589,853,1154,16407,
272.6919304088985,81589,852,1155,16407,
272.6978097659458,81589,851,1156,16407,
272.6985558402492,81588,852,1156,16407,
272.7030153863002,81587,853,1156,16407,
272.70453647519804,81586,854,1156,16407,
272.70750750061706,81585,855,1156,16407,
272.7077114750531,81585,854,1157,16407,
272.70800305090023,81585,853,1158,16407,
272.7098655486781,81585,852,1159,16407,
272.7139472417461,81585,851,1160,16407,
272.7160421200034,81584,852,1160,16407,
272.716353116473,81583,853,1160,16407,
272.7179912142395,81583,852,1161,16407,
272.71931839647,81583,851,1162,16407,
272.7236376408298,81583,851,1161,16408,
272.7262474952636,81583,850,1162,16408,
272.7289920142013,81582,851,1162,16408,
272.7309155513925,81582,850,1163,16408,
272.7319909101709,81582,850,1162,16409,
272.7339043279947,81581,851,1162,16409,
272.738683216264,81581,851,1161,16410,
272.7445462441197,81581,850,1162,16410,
272.7485165975188,81581,849,1163,16410,
272.74897912634947,81581,848,1164,16410,
272.7494385153555,81581,847,1165,16410,
272.7520214427612,81581,847,1164,16411,
272.7586540466029,81580,848,1164,16411,
272.75965233676334,81580,847,1165,16411,
272.76218214846625,81580,847,1164,16412,
272.76836381349386,81579,848,1164,16412,
272.76853137945784,81579,847,1165,16412,
272.76934863275875,81579,846,1166,16412,
272.7715007494119,81579,845,1167,16412,
272.7723889418507,81578,846,1167,16412,
272.77279033279495,81578,846,1166,16413,
272.77317786755543,81578,846,1165,16414,
272.7791614507514,81578,845,1166,16414,
272.7813254322636,81578,845,1165,16415,
272.7814710606441,81577,846,1165,16415,
272.7874099625485,81577,846,1164,16416,
272.79009210940114,81576,847,1164,16416,
272.79072718099064,81576,847,1163,16417,
272.7957298296893,81576,846,1164,16417,
272.80104574041496,81576,845,1165,16417,
272.80587439665373,81575,846,1165,16417,
272.80841393606346,81574,847,1165,16417,
272.8084738795224,81574,847,1164,16418,
272.8139638670964,81574,846,1165,16418,
272.81658026065475,81574,845,1166,16418,
272.82103104439483,81573,846,1166,16418,
272.8233780925916,81573,846,1165,16419,
272.82396882849525,81573,845,1166,16419,
272.82529558778043,81573,845,1165,16420,
272.8255581508224,81573,844,1166,16420,
272.8273058949786,81573,843,1167,16420,
272.8305017170574,81572,844,1167,16420,
272.8311568894697,81571,845,1167,16420,
272.8342707658995,81571,845,1166,16421,
272.8356922810467,81571,844,1167,16421,
272.8364320909442,81571,843,1168,16421,
272.83693991780274,81570,844,1168,16421,
272.83740175929387,81570,843,1169,16421,
272.84100157369437,81570,843,1168,16422,
272.8445519140317,81570,842,1169,16422,
272.84467568285453,81570,842,1168,16423,
272.84542359609276,81570,841,1169,16423,
272.84968410823905,81569,842,1169,16423,
272.8503456750615,81568,843,1169,16423,
272.85087509008383,81568,843,1168,16424,
272.8526397504242,81568,842,1169,16424,
272.8529586240286,81568,841,1170,16424,
272.8534188120073,81567,842,1170,16424,
272.8545748385995,81567,842,1169,16425,
272.85534137687205,81567,842,1168,16426,
272.85590176987074,81567,841,1169,16426,
272.8608739045019,81567,841,1168,16427,
272.8628209338625,81567,840,1169,16427,
272.8633293137556,81567,840,1168,16428,
272.8637357332456,81567,840,1167,16429,
272.86445147083845,81566,841,1167,16429,
272.8706056451346,81566,841,1166,16430,
272.8730901868131,81566,840,1167,16430,
272.881820289549,81565,841,1167,16430,
272.88308158948064,81565,841,1166,16431,
272.88355824962184,81565,841,1165,16432,
272.8844657766626,81564,842,1165,16432,
272.8858471073705,81563,843,1165,16432,
272.88730354060243,81563,843,1164,16433,
272.8946297842807,81562,844,1164,16433,
272.8955949044319,81561,845,1164,16433,
272.89643755157334,81561,845,1163,16434,
272.9004352976553,81561,845,1162,16435,
272.90419578614086,81560,846,1162,16435,
272.90728848217367,81560,846,1161,16436,
272.909412588116,81560,846,1160,16437,
272.9099029606724,81559,847,1160,16437,
272.910555296597,81559,846,1161,16437,
272.91080137769103,81559,845,1162,16437,
272.9108255239289,81559,844,1163,16437,
272.9140476484116,81559,843,1164,16437,
272.91417789248135,81559,842,1165,16437,
272.91464453567096,81558,843,1165,16437,
272.9152086943306,81558,843,1164,16438,
272.9168866430241,81557,844,1164,16438,
272.9189013847297,81556,845,1164,16438,
272.9231617411779,81555,846,1164,16438,
272.92576877564886,81554,847,1164,16438,
272.9293655980911,81553,848,1164,16438,
272.9314842804156,81552,849,1164,16438,
272.93410559175095,81551,850,1164,16438,
272.93808906717595,81551,850,1163,16439,
272.9414277085815,81551,849,1164,16439,
272.94343948013574,81550,850,1164,16439,
272.94513133458025,81550,849,1165,16439,
272.9460236464968,81549,850,1165,16439,
272.9476359384533,81549,850,1164,16440,
272.9482636381426,81549,849,1165,16440,
272.95077977536624,81549,848,1166,16440,
272.95108222306146,81549,848,1165,16441,
272.95406403173206,81549,848,1164,16442,
272.95530011620826,81549,847,1165,16442,
272.95598842923863,81548,848,1165,16442,
272.95648949302756,81548,848,1164,16443,
272.95988270877893,81547,849,1164,16443,
272.96219112880743,81547,849,1163,16444,
272.96329155413065,81547,848,1164,16444,
272.9685362165252,81547,847,1165,16444,
272.9734052342988,81547,846,1166,16444,
272.9742373074576,81547,845,1167,16444,
272.9769816000656,81547,845,1166,16445,
272.9788125200158,81546,846,1166,16445,
272.97902395892106,81545,847,1166,16445,
272.97939771621424,81545,847,1165,16446,
272.98585229428926,81545,846,1166,16446,
272.9889962655021,81545,846,1165,16447,
272.9909934456568,81545,845,1166,16447,
272.9929938754271,81544,846,1166,16447,
272.99596160881816,81544,845,1167,16447,
272.99677691226896,81544,844,1168,16447,
272.9988826456389,81544,843,1169,16447,
272.99894047796647,81544,842,1170,16447,
273.00006031868094,81544,841,1171,16447,
273.00201070262193,81543,842,1171,16447,
273.00437274642655,81542,843,1171,16447,
273.0060662270993,81542,843,1170,16448,
273.007183444938,81542,842,1171,16448,
273.0080629194217,81542,841,1172,16448,
273.0082640550926,81542,840,1173,16448,
273.0111436545668,81541,841,1173,16448,
273.0127298503309,81541,841,1172,16449,
273.01330666517475,81541,841,1171,16450,
273.0139902860792,81540,842,1171,16450,
273.01448857579226,81539,843,1171,16450,
273.0232819731561,81538,844,1171,16450,
273.02406160040374,81538,843,1172,16450,
273.0242225723183,81538,842,1173,16450,
273.0246168682544,81538,842,1172,16451,
273.0264169054167,81538,841,1173,16451,
273.0298684619125,81538,841,1172,16452,
273.0314590745513,81537,842,1172,16452,
273.03296569257594,81536,843,1172,16452,
273.03516596186887,81536,842,1173,16452,
273.0384146583593,81536,841,1174,16452,
273.0408108841159,81536,841,1173,16453,
273.04135924500935,81536,840,1174,16453,
273.041706368066,81536,840,1173,16454,
273.0474517287113,81536,840,1172,16455,
273.047689080453,81536,839,1173,16455,
273.05142061568637,81536,839,1172,16456,
273.0520218081906,81536,838,1173,16456,
273.052779931552,81535,839,1173,16456,
273.05278962680785,81535,839,1172,16457,
273.0574755151793,81535,838,1173,16457,
273.06531223340056,81535,837,1174,16457,
273.06729060853405,81534,838,1174,16457,
273.0719975669203,81533,839,1174,16457,
273.07290216907523,81533,839,1173,16458,
273.07327244454575,81533,839,1172,16459,
273.0733030548795,81532,840,1172,16459,
273.0737975847172,81532,839,1173,16459,
273.07559316375114,81531,840,1173,16459,
273.07648866137083,81531,839,1174,16459,
273.07692427003207,81530,840,1174,16459,
273.07809172473935,81530,840,1173,16460,
273.0804322347346,81530,839,1174,16460,
273.0807587775117,81530,838,1175,16460,
273.0818491278491,81530,837,1176,16460,
273.0824424635316,81530,836,1177,16460,
273.08377742651015,81530,836,1176,16461,
273.08398482344603,81530,835,1177,16461,
273.0855906591651,81530,834,1178,16461,
273.0892619894161,81529,835,1178,16461,
273.08990536915024,81529,835,1177,16462,
273.0924467083952,81529,835,1176,16463,
273.0963977427502,81529,835,1175,16464,
273.09678287522394,81528,836,1175,16464,
273.09711005377085,81528,835,1176,16464,
273.0995188826335,81528,835,1175,16465,
273.10238442945837,81528,834,1176,16465,
273.1031582587544,81528,833,1177,16465,
273.1042764481941,81528,832,1178,16465,
273.10687192899024,81527,833,1178,16465,
273.1069403970569,81527,833,1177,16466,
273.1110048570871,81527,832,1178,16466,
273.11293026936227,81527,831,1179,16466,
273.1159676570501,81527,831,1178,16467,
273.11721069181584,81527,831,1177,16468,
273.11857013705156,81527,830,1178,16468,
273.1201050761487,81527,829,1179,16468,
273.1213561376327,81526,830,1179,16468,
273.1231827552593,81526,829,1180,16468,
273.12351907315593,81525,830,1180,16468,
273.12364510003283,81524,831,1180,16468,
273.1253373405001,81524,830,1181,16468,
273.12799282868235,81523,831,1181,16468,
273.1284281403395,81523,830,1182,16468,
273.13388623221624,81523,830,1181,16469,
273.13558012032775,81523,829,1182,16469,
273.1361448539742,81523,828,1183,16469,
273.1372710285381,81522,829,1183,16469,
273.14033884660046,81522,828,1184,16469,
273.15444238342263,81522,827,1185,16469,
273.1608683969505,81522,826,1186,16469,
273.16154202768524,81522,825,1187,16469,
273.16483228416007,81522,824,1188,16469,
273.1654965522488,81522,824,1187,16470,
273.1655328301529,81521,825,1187,16470,
273.1684316656673,81521,824,1188,16470,
273.16850853564836,81521,824,1187,16471,
273.1686593057681,81521,823,1188,16471,
273.1705718113636,81521,822,1189,16471,
273.17066613475737,81520,823,1189,16471,
273.17107093238803,81520,823,1188,16472,
273.1723494596396,81520,822,1189,16472,
273.1736907475598,81520,822,1188,16473,
273.17951803584293,81520,822,1187,16474,
273.1842398693536,81520,822,1186,16475,
273.1849816637262,81520,821,1187,16475,
273.19214864200006,81520,821,1186,16476,
273.194483595334,81520,821,1185,16477,
273.19698125782145,81520,820,1186,16477,
273.20121770995075,81520,820,1185,16478,
273.20139571982054,81520,819,1186,16478,
273.2022331662493,81520,818,1187,16478,
273.20253085215256,81519,819,1187,16478,
273.20455651930143,81519,818,1188,16478,
273.2099425690345,81518,819,1188,16478,
273.2114934869096,81517,820,1188,16478,
273.2173063200169,81516,821,1188,16478,
273.2195390832301,81516,821,1187,16479,
273.22099115770953,81516,820,1188,16479,
273.2240426478291,81516,819,1189,16479,
273.2241791283579,81516,819,1188,16480,
273.22580211896053,81516,819,1187,16481,
273.2287491303045,81516,818,1188,16481,
273.23040994415527,81516,818,1187,16482,
273.2308702834207,81516,817,1188,16482,
273.2310952066984,81516,817,1187,16483,
273.23179839166556,81516,817,1186,16484,
273.2363827626184,81516,817,1185,16485,
273.2372729655943,81515,818,1185,16485,
273.2409296377965,81514,819,1185,16485,
273.2432174365689,81513,820,1185,16485,
273.24412026235626,81513,820,1184,16486,
273.2456016478946,81513,820,1183,16487,
273.2460759524756,81512,821,1183,16487,
273.2481091077957,81511,822,1183,16487,
273.24857452996343,81511,822,1182,16488,
273.25081354845446,81511,822,1181,16489,
273.25095895072167,81510,823,1181,16489,
273.25321382555154,81510,822,1182,16489,
273.2534082970196,81510,822,1181,16490,
273.25690221922974,81509,823,1181,16490,
273.25875419824075,81509,823,1180,16491,
273.2595626929069,81509,823,1179,16492,
273.26009897744433,81509,822,1180,16492,
273.2605728362013,81508,823,1180,16492,
273.26265952633327,81508,822,1181,16492,
273.2659676162311,81508,822,1180,16493,
273.26677055535004,81507,823,1180,16493,
273.26749883474923,81507,822,1181,16493,
273.270130723597,81506,823,1181,16493,
273.27021052821044,81505,824,1181,16493,
273.27060854251965,81504,825,1181,16493,
273.27352705765014,81503,826,1181,16493,
273.27882538335814,81503,825,1182,16493,
273.279353085227,81503,824,1183,16493,
273.28019777556176,81503,824,1182,16494,
273.2809347990401,81503,824,1181,16495,
273.2859813762735,81503,823,1182,16495,
273.28611151853045,81502,824,1182,16495,
273.2877512642103,81501,825,1182,16495,
273.2883117085395,81500,826,1182,16495,
273.28931647416846,81499,827,1182,16495,
273.289558120875,81498,828,1182,16495,
273.2913837489645,81498,827,1183,16495,
273.2916328962447,81498,827,1182,16496,
273.30070032283965,81497,828,1182,16496,
273.30360287785845,81497,827,1183,16496,
273.3039768362962,81497,827,1182,16497,
273.3080441283102,81497,826,1183,16497,
273.30840602333694,81496,827,1183,16497,
273.31153853423865,81496,826,1184,16497,
273.31674195006076,81495,827,1184,16497,
273.31886330189144,81495,826,1185,16497,
273.32104307297294,81495,825,1186,16497,
273.3232240719764,81494,826,1186,16497,
273.3265019517069,81493,827,1186,16497,
273.3269982032497,81493,827,1185,16498,
273.33031722220915,81492,828,1185,16498,
273.3306736301868,81491,829,1185,16498,
273.33242648921464,81490,830,1185,16498,
273.3351628169279,81490,829,1186,16498,
273.3406979881383,81489,830,1186,16498,
273.34140907818403,81489,829,1187,16498,
273.3477118229372,81489,828,1188,16498,
273.3542866043579,81489,828,1187,16499,
273.35471607718677,81489,828,1186,16500,
273.3574137554823,81489,828,1185,16501,
273.35761772193973,81489,827,1186,16501,
273.3577092532681,81489,826,1187,16501,
273.35829644168274,81489,826,1186,16502,
273.3601217662401,81488,827,1186,16502,
273.3611887041271,81487,828,1186,16502,
273.362023317368,81486,829,1186,16502,
273.3627376571683,81486,829,1185,16503,
273.36388251005746,81486,828,1186,16503,
273.3671592093808,81486,828,1185,16504,
273.3674525961295,81486,827,1186,16504,
273.3683972982323,81486,827,1185,16505,
273.3700381980173,81486,827,1184,16506,
273.3714085004803,81485,828,1184,16506,
273.37872412827505,81485,827,1185,16506,
273.37874870523353,81484,828,1185,16506,
273.38748179703185,81484,827,1186,16506,
273.39254087605434,81484,827,1185,16507,
273.3930534976499,81483,828,1185,16507,
273.39339373266654,81482,829,1185,16507,
273.39417789303616,81482,828,1186,16507,
273.39478830350527,81482,827,1187,16507,
273.3951075425693,81482,827,1186,16508,
273.3970457793606,81481,828,1186,16508,
273.3993287969926,81480,829,1186,16508,
273.4006985379824,81480,829,1185,16509,
273.40412085737785,81480,829,1184,16510,
273.40698869142335,81479,830,1184,16510,
273.407316013467,81479,829,1185,16510,
273.40877229876855,81478,830,1185,16510,
273.40986724150395,81478,829,1186,16510,
273.41261266288,81478,829,1185,16511,
273.4163486295469,81477,830,1185,16511,
273.41839872067976,81476,831,1185,16511,
273.41892892924574,81476,831,1184,16512,
273.4218844882647,81476,831,1183,16513,
273.4229613265669,81475,832,1183,16513,
273.428875171913,81474,833,1183,16513,
273.4300870924034,81473,834,1183,16513,
273.4311792061023,81472,835,1183,16513,
273.4395978770462,81472,834,1184,16513,
273.44073063558903,81472,833,1185,16513,
273.44100664054173,81471,834,1185,16513,
273.44525090817456,81471,834,1184,16514,
273.44550651470934,81471,833,1185,16514,
273.44555603120784,81471,832,1186,16514,
273.44945578355083,81471,831,1187,16514,
273.4536518388846,81470,832,1187,16514,
273.45368873344177,81469,833,1187,16514,
273.4546308541458,81468,834,1187,16514,
273.4569183790382,81468,833,1188,16514,
273.458240016886,81468,832,1189,16514,
273.458814402245,81468,831,1190,16514,
273.4595233532882,81468,830,1191,16514,
273.4610812317284,81468,830,1190,16515,
273.4614798754135,81468,829,1191,16515,
273.4642550335772,81467,830,1191,16515,
273.46655324633207,81467,829,1192,16515,
273.46990545696434,81467,828,1193,16515,
273.47129247177867,81466,829,1193,16515,
273.47248016532393,81466,829,1192,16516,
273.47266536088705,81466,828,1193,16516,
273.47380521792235,81466,827,1194,16516,
273.4748482841361,81465,828,1194,16516,
273.47485589688756,81465,828,1193,16517,
273.47814655384616,81464,829,1193,16517,
273.4804728517827,81464,829,1192,16518,
273.4814852960857,81463,830,1192,16518,
273.482516459463,81462,831,1192,16518,
273.4826564758778,81462,831,1191,16519,
273.48467427136035,81462,830,1192,16519,
273.4859594316774,81461,831,1192,16519,
273.4881095419269,81460,832,1192,16519,
273.48895392222295,81460,832,1191,16520,
273.490767347567,81460,831,1192,16520,
273.495428411008,81459,832,1192,16520,
273.4976002227386,81458,833,1192,16520,
273.5029614787221,81457,834,1192,16520,
273.5042608525536,81457,833,1193,16520,
273.50690274011333,81457,833,1192,16521,
273.5073514576756,81456,834,1192,16521,
273.50772074058756,81455,835,1192,16521,
273.51028323267036,81455,835,1191,16522,
273.51109515931245,81455,835,1190,16523,
273.51274942845447,81454,836,1190,16523,
273.51466387268715,81454,836,1189,16524,
273.51680136886995,81454,835,1190,16524,
273.51863512761537,81453,836,1190,16524,
273.5196817509082,81453,835,1191,16524,
273.52030504737695,81453,835,1190,16525,
273.5229543664732,81453,834,1191,16525,
273.5247333187009,81453,833,1192,16525,
273.52500008041164,81453,833,1191,16526,
273.5255623235248,81452,834,1191,16526,
273.53084179045806,81452,833,1192,16526,
273.53266647823415,81451,834,1192,16526,
273.53426563375814,81451,834,1191,16527,
273.53531858608346,81450,835,1191,16527,
273.5399247263499,81450,834,1192,16527,
273.54092272535553,81450,834,1191,16528,
273.54483608731493,81450,833,1192,16528,
273.5449459702548,81450,833,1191,16529,
273.5455663337964,81450,833,1190,16530,
273.54771485936027,81450,833,1189,16531,
273.54808526012005,81449,834,1189,16531,
273.54844102638646,81449,833,1190,16531,
273.5510201975587,81448,834,1190,16531,
273.5537052005733,81448,833,1191,16531,
273.5561612401777,81448,833,1190,16532,
273.5592243027089,81447,834,1190,16532,
273.5595950095366,81446,835,1190,16532,
273.56272014340254,81445,836,1190,16532,
273.5633923762143,81444,837,1190,16532,
273.5649695048625,81444,836,1191,16532,
273.5693271020932,81444,836,1190,16533,
273.57192038938103,81444,835,1191,16533,
273.5731363168536,81443,836,1191,16533,
273.5742655219954,81443,835,1192,16533,
273.5781073769189,81443,835,1191,16534,
273.57981812883037,81442,836,1191,16534,
273.5807632809875,81442,836,1190,16535,
273.5846900925302,81442,836,1189,16536,
273.58479143952104,81442,836,1188,16537,
273.5869220935617,81441,837,1188,16537,
273.5880339682129,81441,837,1187,16538,
273.5889814323638,81440,838,1187,16538,
273.58908193868115,81440,837,1188,16538,
273.5893441910086,81439,838,1188,16538,
273.59072739124815,81438,839,1188,16538,
273.5943059677169,81437,840,1188,16538,
273.59527872889583,81437,840,1187,16539,
273.5952975349708,81437,840,1186,16540,
273.59629036297633,81437,840,1185,16541,
273.596791696043,81437,840,1184,16542,
273.60029424553517,81437,840,1183,16543,
273.6046606407373,81437,839,1184,16543,
273.6068285952909,81437,839,1183,16544,
273.6076660139471,81437,838,1184,16544,
273.6082506812951,81437,837,1185,16544,
273.6090514380717,81436,838,1185,16544,
273.61050571133654,81435,839,1185,16544,
273.61088201026894,81434,840,1185,16544,
273.62084291190945,81434,840,1184,16545,
273.62253637430905,81434,839,1185,16545,
273.63036249481,81434,838,1186,16545,
273.6321622288952,81434,837,1187,16545,
273.6341529513901,81433,838,1187,16545,
273.635813497667,81433,838,1186,16546,
273.6358258272619,81433,838,1185,16547,
273.637567705213,81433,837,1186,16547,
273.63788595221075,81433,837,1185,16548,
273.6402487209007,81433,837,1184,16549,
273.6411216620258,81433,836,1185,16549,
273.64277526936036,81433,836,1184,16550,
273.6441493464568,81433,836,1183,16551,
273.6468386235809,81433,835,1184,16551,
273.6483701127038,81432,836,1184,16551,
273.66295868879115,81431,837,1184,16551,
273.6703173635111,81431,837,1183,16552,
273.67233787112315,81430,838,1183,16552,
273.6738171110446,81430,837,1184,16552,
273.67486494267933,81429,838,1184,16552,
273.6780902084737,81429,838,1183,16553,
273.6784033206062,81429,838,1182,16554,
273.6790540524798,81428,839,1182,16554,
273.6806315631442,81428,838,1183,16554,
273.681283907375,81427,839,1183,16554,
273.68545384042375,81427,839,1182,16555,
273.68686413584766,81426,840,1182,16555,
273.6901774880012,81425,841,1182,16555,
273.6925552414117,81424,842,1182,16555,
273.6956601708852,81424,842,1181,16556,
273.6958883640068,81424,842,1180,16557,
273.6989475281179,81424,841,1181,16557,
273.7004149259388,81424,840,1182,16557,
273.7007532849251,81424,839,1183,16557,
273.702239418344,81424,839,1182,16558,
273.7043778109387,81423,840,1182,16558,
273.7051420515249,81423,840,1181,16559,
273.7073960279146,81422,841,1181,16559,
273.70741684945494,81422,840,1182,16559,
273.70887910677175,81421,841,1182,16559,
273.7137112977109,81421,841,1181,16560,
273.7176088657011,81420,842,1181,16560,
273.718880054306,81420,841,1182,16560,
273.7227367656226,81420,841,1181,16561,
273.72361725325743,81420,840,1182,16561,
273.72459290432454,81420,839,1183,16561,
273.7260727153719,81419,840,1183,16561,
273.7271666017176,81419,839,1184,16561,
273.7307077512282,81419,839,1183,16562,
273.7330808710975,81418,840,1183,16562,
273.7386718001928,81417,841,1183,16562,
273.73902028245453,81417,840,1184,16562,
273.743804435411,81416,841,1184,16562,
273.7441557182252,81416,841,1183,16563,
273.7447205362604,81416,840,1184,16563,
273.7448621484411,81416,840,1183,16564,
273.74544601391756,81415,841,1183,16564,
273.74554648357815,81415,840,1184,16564,
273.74579754921155,81415,840,1183,16565,
273.7475564434816,81414,841,1183,16565,
273.7497400903605,81414,840,1184,16565,
273.7499172741448,81414,839,1185,16565,
273.75060444493687,81413,840,1185,16565,
273.7517512296866,81412,841,1185,16565,
273.7525448700367,81412,840,1186,16565,
273.7555177028222,81412,840,1185,16566,
273.75771922049654,81411,841,1185,16566,
273.7604156255213,81411,840,1186,16566,
273.76079577833036,81410,841,1186,16566,
273.76088670422763,81409,842,1186,16566,
273.7666926496428,81409,842,1185,16567,
273.77099109573896,81409,841,1186,16567,
273.7711591969196,81408,842,1186,16567,
273.7737671576609,81407,843,1186,16567,
273.7769642038953,81407,843,1185,16568,
273.7775202391669,81407,843,1184,16569,
273.78273632757316,81407,842,1185,16569,
273.79830317748633,81407,841,1186,16569,
273.8018782368109,81406,842,1186,16569,
273.8056932793977,81406,841,1187,16569,
273.8058343625622,81406,841,1186,16570,
273.80645462850794,81406,840,1187,16570,
273.8153463614401,81406,840,1186,16571,
273.81861634463746,81406,840,1185,16572,
273.81941357690835,81405,841,1185,16572,
273.8261135467858,81405,840,1186,16572,
273.8290975488963,81405,840,1185,16573,
273.8387240077886,81405,840,1184,16574,
273.8392399060596,81405,840,1183,16575,
273.8402490549196,81404,841,1183,16575,
273.8405734769317,81403,842,1183,16575,
273.84074124122805,81402,843,1183,16575,
273.84432354836684,81402,842,1184,16575,
273.84669450132617,81401,843,1184,16575,
273.84775657283654,81401,843,1183,16576,
273.84834216242524,81401,843,1182,16577,
273.8516344868957,81401,842,1183,16577,
273.8587471844452,81401,842,1182,16578,
273.8591419176677,81401,842,1181,16579,
273.8619692130276,81400,843,1181,16579,
273.8628907554462,81400,843,1180,16580,
273.86510505670776,81399,844,1180,16580,
273.86650567602675,81399,844,1179,16581,
273.86693513626255,81399,844,1178,16582,
273.86805548673624,81399,843,1179,16582,
273.87012352902167,81399,842,1180,16582,
273.87077616662225,81399,841,1181,16582,
273.872850453136,81399,841,1180,16583,
273.87348374399227,81398,842,1180,16583,
273.8745755138039,81398,842,1179,16584,
273.8754829089872,81398,841,1180,16584,
273.87803784925603,81398,840,1181,16584,
273.8786016412259,81398,840,1180,16585,
273.87997615336565,81398,840,1179,16586,
273.8802912060864,81397,841,1179,16586,
273.8825965033483,81397,840,1180,16586,
273.884633491908,81396,841,1180,16586,
273.88589747796584,81396,840,1181,16586,
273.88595050375625,81396,840,1180,16587,
273.8896951921682,81395,841,1180,16587,
273.8904278975304,81394,842,1180,16587,
273.8976137949254,81394,841,1181,16587,
273.8980565692438,81394,841,1180,16588,
273.90295445241213,81394,840,1181,16588,
273.9058111564786,81394,839,1182,16588,
273.9062507410717,81394,838,1183,16588,
273.9074715292042,81393,839,1183,16588,
273.9127561929811,81392,840,1183,16588,
273.9142807875564,81392,839,1184,16588,
273.91480863158773,81391,840,1184,16588,
273.91741527494935,81390,841,1184,16588,
273.9181199030399,81390,841,1183,16589,
273.91822151921787,81390,841,1182,16590,
273.91855932315985,81390,841,1181,16591,
273.9229193664278,81389,842,1181,16591,
273.9312493885651,81389,841,1182,16591,
273.93398960518635,81389,841,1181,16592,
273.93469170463925,81389,840,1182,16592,
273.9369885573923,81389,839,1183,16592,
273.9373038858704,81389,839,1182,16593,
273.9373652144759,81389,839,1181,16594,
273.9402996138538,81388,840,1181,16594,
273.94089011229374,81388,840,1180,16595,
273.94404411965024,81387,841,1180,16595,
273.94571129368506,81387,840,1181,16595,
273.9469792288758,81386,841,1181,16595,
273.95013694935733,81385,842,1181,16595,
273.9506932151415,81385,842,1180,16596,
273.95265692491944,81384,843,1180,16596,
273.9571249854778,81384,842,1181,16596,
273.95786139194104,81383,843,1181,16596,
273.9580627235043,81383,842,1182,16596,
273.9609703190031,81383,842,1181,16597,
273.96307475872743,81382,843,1181,16597,
273.96325390925875,81381,844,1181,16597,
273.9645807448141,81380,845,1181,16597,
273.9652713822389,81379,846,1181,16597,
273.96583075667274,81379,845,1182,16597,
273.9660515901133,81378,846,1182,16597,
273.96920945823996,81378,845,1183,16597,
273.9730563948236,81378,845,1182,16598,
273.97454163967603,81378,844,1183,16598,
273.98191084572125,81378,843,1184,16598,
273.9829352131253,81378,842,1185,16598,
273.9839690472653,81377,843,1185,16598,
273.9845171426941,81377,843,1184,16599,
273.9868624391182,81376,844,1184,16599,
273.9879705261206,81376,843,1185,16599,
273.989397662381,81376,843,1184,16600,
273.99196730345477,81376,843,1183,16601,
273.99921449290395,81375,844,1183,16601,
273.9998855794078,81375,844,1182,16602,
274.0004643299863,81374,845,1182,16602,
274.0010335202482,81374,845,1181,16603,
274.00141888915255,81374,844,1182,16603,
274.0017543246676,81373,845,1182,16603,
274.0029333584088,81373,845,1181,16604,
274.00677227032594,81373,844,1182,16604,
274.00869706904626,81372,845,1182,16604,
274.012384555256,81371,846,1182,16604,
274.0184188238282,81371,845,1183,16604,
274.02055006972097,81370,846,1183,16604,
274.02102384757416,81369,847,1183,16604,
274.0234681434572,81368,848,1183,16604,
274.0277733458977,81368,848,1182,16605,
274.0299868979266,81368,847,1183,16605,
274.03373255245026,81368,847,1182,16606,
274.0352178890107,81368,846,1183,16606,
274.03918849519044,81367,847,1183,16606,
274.04035789817806,81367,847,1182,16607,
274.0405539776919,81366,848,1182,16607,
274.04515746441314,81365,849,1182,16607,
274.04605971552195,81364,850,1182,16607,
274.04881338931244,81364,849,1183,16607,
274.0509138343596,81364,848,1184,16607,
274.0524112273254,81363,849,1184,16607,
274.06029615144183,81362,850,1184,16607,
274.06218044833605,81362,850,1183,16608,
274.06271119405625,81362,850,1182,16609,
274.06558390058836,81362,850,1181,16610,
274.06898165614564,81361,851,1181,16610,
274.0702036157199,81361,851,1180,16611,
274.07212317986216,81361,850,1181,16611,
274.0725523250353,81360,851,1181,16611,
274.07262069954066,81360,850,1182,16611,
274.07409650489615,81359,851,1182,16611,
274.07559931281713,81359,851,1181,16612,
274.08015991847583,81359,850,1182,16612,
274.08204000327885,81359,850,1181,16613,
274.08280469322517,81359,849,1182,16613,
274.0831011495691,81359,848,1183,16613,
274.0831011495691,81359,848,1183,16613,
274.08473406242285,81358,849,1183,16613,
274.08533835498173,81357,850,1183,16613,
274.08605529987767,81357,850,1182,16614,
274.0862552537952,81357,850,1181,16615,
274.0871550879855,81356,851,1181,16615,
274.08740037478356,81355,852,1181,16615,
274.0875127902218,81355,851,1182,16615,
274.0888763273738,81354,852,1182,16615,
274.08983566339907,81353,853,1182,16615,
274.09187223615857,81352,854,1182,16615,
274.0920750128278,81351,855,1182,16615,
274.0962807673512,81351,854,1183,16615,
274.09952504446113,81351,854,1182,16616,
274.09960503316717,81351,854,1181,16617,
274.10012832765926,81351,853,1182,16617,
274.1050438108368,81351,853,1181,16618,
274.1104017372477,81351,853,1180,16619,
274.1147317817843,81351,852,1181,16619,
274.11917647415135,81351,851,1182,16619,
274.12242330996605,81350,852,1182,16619,
274.12742327199015,81349,853,1182,16619,
274.1285558179443,81349,852,1183,16619,
274.12977034800775,81349,852,1182,16620,
274.1297916361438,81349,852,1181,16621,
274.13017934387267,81349,851,1182,16621,
274.13128411186807,81349,851,1181,16622,
274.1364632051785,81348,852,1181,16622,
274.1381771208731,81347,853,1181,16622,
274.14657260126535,81347,853,1180,16623,
274.1470014632958,81347,852,1181,16623,
274.15042704563785,81347,852,1180,16624,
274.1513396990478,81346,853,1180,16624,
274.1523308261208,81346,853,1179,16625,
274.15435865830335,81345,854,1179,16625,
274.1581981085705,81345,854,1178,16626,
274.1610347071769,81345,854,1177,16627,
274.1642196719966,81345,853,1178,16627,
274.1674349950491,81345,853,1177,16628,
274.16800236465144,81345,852,1178,16628,
274.16810162298367,81345,852,1177,16629,
274.16858912582927,81345,851,1178,16629,
274.16904840644054,81345,851,1177,16630,
274.16970157065083,81345,850,1178,16630,
274.17096055196987,81344,851,1178,16630,
274.1786462699758,81344,851,1177,16631,
274.17879242924226,81344,851,1176,16632,
274.1832095090164,81344,850,1177,16632,
274.1838907292976,81343,851,1177,16632,
274.1844921720903,81343,851,1176,16633,
274.1852586019346,81342,852,1176,16633,
274.18588865868736,81341,853,1176,16633,
274.1862027454947,81341,853,1175,16634,
274.1884085653724,81341,852,1176,16634,
274.18929890411204,81341,851,1177,16634,
274.1909337786507,81341,851,1176,16635,
274.1921492635183,81341,850,1177,16635,
274.1935079170424,81341,850,1176,16636,
274.19462248259316,81340,851,1176,16636,
274.1953485167343,81339,852,1176,16636,
274.1986200995992,81339,852,1175,16637,
274.20336109405923,81339,852,1174,16638,
274.20512301741974,81339,851,1175,16638,
274.2058820842342,81339,851,1174,16639,
274.2061894925565,81339,850,1175,16639,
274.20813967788536,81339,849,1176,16639,
274.21254008150095,81338,850,1176,16639,
274.2144013479824,81338,849,1177,16639,
274.217300088265,81337,850,1177,16639,
274.21775359347697,81337,849,1178,16639,
274.2217687646511,81336,850,1178,16639,
274.2223501013342,81336,850,1177,16640,
274.2230684189506,81336,849,1178,16640,
274.223214476537,81336,848,1179,16640,
274.2250958541564,81336,847,1180,16640,
274.2274295364403,81336,846,1181,16640,
274.22852978263904,81336,846,1180,16641,
274.2299664743129,81336,846,1179,16642,
274.23333763238276,81336,845,1180,16642,
274.2382027922787,81336,845,1179,16643,
274.2392303419252,81336,844,1180,16643,
274.24162401052985,81335,845,1180,16643,
274.244506921725,81334,846,1180,16643,
274.25140673077715,81333,847,1180,16643,
274.25517585268096,81333,847,1179,16644,
274.2572249137846,81332,848,1179,16644,
274.25993604301334,81332,847,1180,16644,
274.2603747416364,81332,846,1181,16644,
274.26731295425986,81331,847,1181,16644,
274.27606477416026,81331,846,1182,16644,
274.2794907496084,81331,845,1183,16644,
274.28082113465484,81330,846,1183,16644,
274.28249389997956,81330,846,1182,16645,
274.28340103479536,81330,846,1181,16646,
274.2856616738596,81329,847,1181,16646,
274.28778033095716,81329,846,1182,16646,
274.28858840448277,81328,847,1182,16646,
274.2897996450822,81327,848,1182,16646,
274.29032136645554,81327,848,1181,16647,
274.2907760026658,81327,847,1182,16647,
274.29328675927553,81327,847,1181,16648,
274.29470545723217,81327,847,1180,16649,
274.298917236277,81326,848,1180,16649,
274.29893440581503,81326,848,1179,16650,
274.2997052826828,81326,847,1180,16650,
274.3047847915268,81326,847,1179,16651,
274.30639001003937,81326,846,1180,16651,
274.30887965122406,81326,846,1179,16652,
274.3103681639148,81326,846,1178,16653,
274.316269396465,81326,845,1179,16653,
274.3172638169397,81326,845,1178,16654,
274.3209757036485,81326,845,1177,16655,
274.3232330198006,81326,844,1178,16655,
274.3239231270417,81325,845,1178,16655,
274.32518679444917,81325,845,1177,16656,
274.32656543010347,81324,846,1177,16656,
274.32674853151457,81323,847,1177,16656,
274.33499986781186,81323,846,1178,16656,
274.3398156351023,81323,845,1179,16656,
274.34533970795366,81323,845,1178,16657,
274.3493362559785,81323,844,1179,16657,
274.35062420861516,81323,844,1178,16658,
274.3521728683753,81323,844,1177,16659,
274.35639733241027,81323,844,1176,16660,
274.36080997919487,81323,843,1177,16660,
274.36676310911105,81322,844,1177,16660,
274.38060224274244,81321,845,1177,16660,
274.38532483678796,81320,846,1177,16660,
274.3857288966513,81319,847,1177,16660,
274.387146532818,81319,846,1178,16660,
274.3898764565327,81319,845,1179,16660,
274.39088064983605,81318,846,1179,16660,
274.3914003669036,81317,847,1179,16660,
274.39152482908634,81317,846,1180,16660,
274.39209160696396,81317,846,1179,16661,
274.39725599426487,81317,846,1178,16662,
274.3973777652402,81316,847,1178,16662,
274.40204846287577,81316,846,1179,16662,
274.4031413792705,81315,847,1179,16662,
274.40532274491824,81315,847,1178,16663,
274.40585991354914,81315,847,1177,16664,
274.4065525017124,81315,846,1178,16664,
274.40750208947316,81315,845,1179,16664,
274.40750743348195,81315,845,1178,16665,
274.4084268279874,81315,845,1177,16666,
274.40898442653526,81315,844,1178,16666,
274.4095518463547,81315,844,1177,16667,
274.41047508713507,81314,845,1177,16667,
274.41155509456996,81313,846,1177,16667,
274.4126903557788,81312,847,1177,16667,
274.41370983559926,81312,847,1176,16668,
274.4147377618984,81311,848,1176,16668,
274.4160316943635,81311,848,1175,16669,
274.4188539070263,81310,849,1175,16669,
274.4224451987846,81309,850,1175,16669,
274.42404708437255,81309,849,1176,16669,
274.4247783225935,81309,849,1175,16670,
274.4347918807783,81309,848,1176,16670,
274.4358637603908,81308,849,1176,16670,
274.43718196293383,81308,849,1175,16671,
274.4373159885915,81308,848,1176,16671,
274.4392590258465,81308,848,1175,16672,
274.44149243249683,81307,849,1175,16672,
274.441927628976,81307,848,1176,16672,
274.4431616037767,81307,847,1177,16672,
274.44511050014137,81306,848,1177,16672,
274.4459745636972,81306,847,1178,16672,
274.44654571369756,81306,846,1179,16672,
274.44758340289417,81306,845,1180,16672,
274.4487144361427,81306,844,1181,16672,
274.44911452364425,81305,845,1181,16672,
274.45076991015486,81305,844,1182,16672,
274.45441046507693,81305,843,1183,16672,
274.45836631017085,81304,844,1183,16672,
274.4586558851175,81303,845,1183,16672,
274.4589914388605,81303,844,1184,16672,
274.4619038484768,81302,845,1184,16672,
274.4626008570814,81301,846,1184,16672,
274.46286115570575,81301,846,1183,16673,
274.46507141202954,81301,845,1184,16673,
274.46684116879067,81301,845,1183,16674,
274.4705137312985,81301,845,1182,16675,
274.4706184786561,81300,846,1182,16675,
274.4755592350062,81299,847,1182,16675,
274.47625281302703,81299,846,1183,16675,
274.47995299698266,81299,846,1182,16676,
274.48058039940315,81299,846,1181,16677,
274.48281799874604,81299,845,1182,16677,
274.4946823865399,81298,846,1182,16677,
274.49545180072926,81298,845,1183,16677,
274.49915495134667,81298,845,1182,16678,
274.50231038233494,81298,844,1183,16678,
274.5035562397174,81297,845,1183,16678,
274.5039484918526,81296,846,1183,16678,
274.51145514799134,81295,847,1183,16678,
274.51178480194204,81295,847,1182,16679,
274.5126344590864,81294,848,1182,16679,
274.51713828601635,81294,847,1183,16679,
274.5242380415532,81294,846,1184,16679,
274.52760949330985,81294,846,1183,16680,
274.5277237203812,81294,845,1184,16680,
274.5291619924409,81294,845,1183,16681,
274.5303824644383,81294,844,1184,16681,
274.53795788133357,81294,843,1185,16681,
274.5386692453676,81294,843,1184,16682,
274.543590398554,81293,844,1184,16682,
274.543711003662,81292,845,1184,16682,
274.54756346251054,81291,846,1184,16682,
274.54774019182116,81291,846,1183,16683,
274.5490602968431,81291,845,1184,16683,
274.5497229357634,81290,846,1184,16683,
274.55394571058946,81289,847,1184,16683,
274.55533283012994,81288,848,1184,16683,
274.5560412568618,81288,848,1183,16684,
274.5582737157763,81287,849,1183,16684,
274.55967485561814,81286,850,1183,16684,
274.5610813353998,81286,849,1184,16684,
274.5615860171908,81286,849,1183,16685,
274.563070792612,81285,850,1183,16685,
274.5651440969145,81284,851,1183,16685,
274.56524332700644,81284,851,1182,16686,
274.56846184310587,81284,851,1181,16687,
274.57435421622125,81284,850,1182,16687,
274.57558409403265,81284,850,1181,16688,
274.576115894287,81284,849,1182,16688,
274.57876788010356,81284,849,1181,16689,
274.5797175752109,81283,850,1181,16689,
274.5827432526217,81283,849,1182,16689,
274.58371971713706,81282,850,1182,16689,
274.5837827918491,81282,849,1183,16689,
274.5861395825339,81282,849,1182,16690,
274.58646339618474,81281,850,1182,16690,
274.5888226426848,81281,849,1183,16690,
274.5892846891974,81281,848,1184,16690,
274.5896852752821,81281,847,1185,16690,
274.5931673956826,81281,847,1184,16691,
274.598089182911,81281,846,1185,16691,
274.5989810827818,81281,846,1184,16692,
274.6023084668333,81280,847,1184,16692,
274.6068745228385,81280,846,1185,16692,
274.61253393642943,81280,845,1186,16692,
274.61298488561573,81280,844,1187,16692,
274.6158817358576,81279,845,1187,16692,
274.62000616612215,81279,845,1186,16693,
274.6225347544222,81278,846,1186,16693,
274.624177362551,81277,847,1186,16693,
274.6246581941536,81277,846,1187,16693,
274.6314315946712,81276,847,1187,16693,
274.63669425568617,81275,848,1187,16693,
274.6402876127154,81275,848,1186,16694,
274.6418624013241,81275,848,1185,16695,
274.64238418161636,81275,847,1186,16695,
274.6506637491515,81274,848,1186,16695,
274.65396565280133,81274,847,1187,16695,
274.65603856026877,81274,846,1188,16695,
274.6575526660236,81274,846,1187,16696,
274.65819894038987,81274,846,1186,16697,
274.65837285081255,81273,847,1186,16697,
274.6588508856312,81272,848,1186,16697,
274.6599889687551,81272,847,1187,16697,
274.66137025165904,81272,846,1188,16697,
274.6618156877424,81272,845,1189,16697,
274.6695012175199,81272,844,1190,16697,
274.67092648157336,81272,843,1191,16697,
274.67322040789634,81271,844,1191,16697,
274.6748224220465,81271,843,1192,16697,
274.6781501875532,81271,842,1193,16697,
274.6803680062119,81271,841,1194,16697,
274.6811698886059,81271,840,1195,16697,
274.68600927741886,81271,839,1196,16697,
274.68722822758775,81271,838,1197,16697,
274.6898855454535,81271,838,1196,16698,
274.6899140923497,81270,839,1196,16698,
274.6954972768895,81270,838,1197,16698,
274.6964781738931,81270,838,1196,16699,
274.697641641801,81270,837,1197,16699,
274.7038894183057,81270,836,1198,16699,
274.7070699293342,81269,837,1198,16699,
274.7079029597001,81269,837,1197,16700,
274.7107817844592,81268,838,1197,16700,
274.71645395876385,81267,839,1197,16700,
274.7170690466358,81266,840,1197,16700,
274.71718632874075,81266,840,1196,16701,
274.7177344029251,81265,841,1196,16701,
274.7180735673154,81264,842,1196,16701,
274.7199222345828,81264,842,1195,16702,
274.72142859348355,81264,841,1196,16702,
274.7246428526406,81264,840,1197,16702,
274.7337783411356,81264,840,1196,16703,
274.7346678653359,81264,839,1197,16703,
274.738254560221,81263,840,1197,16703,
274.7575082004394,81263,839,1198,16703,
274.7582812144131,81262,840,1198,16703,
274.7589114906006,81261,841,1198,16703,
274.7607846345065,81261,840,1199,16703,
274.76309564028764,81261,839,1200,16703,
274.7640372045839,81261,838,1201,16703,
274.76689836237546,81261,837,1202,16703,
274.7669529520417,81260,838,1202,16703,
274.7688956305089,81259,839,1202,16703,
274.7699193266681,81259,839,1201,16704,
274.7733534825012,81258,840,1201,16704,
274.7748554024337,81258,839,1202,16704,
274.7750779937314,81257,840,1202,16704,
274.7753392356193,81256,841,1202,16704,
274.7770198695876,81256,841,1201,16705,
274.77769105138117,81256,841,1200,16706,
274.78602524727205,81256,840,1201,16706,
274.78829470970805,81256,840,1200,16707,
274.79475807656087,81256,840,1199,16708,
274.7951945809428,81256,839,1200,16708,
274.798051871324,81256,838,1201,16708,
274.79843742324533,81256,837,1202,16708,
274.8038959358042,81255,838,1202,16708,
274.8054448145839,81255,838,1201,16709,
274.80674624967327,81255,837,1202,16709,
274.80869299565603,81255,837,1201,16710,
274.80897390690916,81254,838,1201,16710,
274.8090635657153,81254,837,1202,16710,
274.8097655282065,81253,838,1202,16710,
274.81182967982335,81253,838,1201,16711,
274.81282373459555,81252,839,1201,16711,
274.81467755664727,81252,838,1202,16711,
274.8207128710861,81252,837,1203,16711,
274.822841424405,81252,836,1204,16711,
274.82298415490845,81251,837,1204,16711,
274.82894034755594,81251,836,1205,16711,
274.8289549935171,81251,836,1204,16712,
274.8309581309194,81251,836,1203,16713,
274.83131653582734,81251,836,1202,16714,
274.8319720798636,81251,836,1201,16715,
274.8322475214335,81251,836,1200,16716,
274.83284974244555,81251,836,1199,16717,
274.83310809054535,81251,835,1200,16717,
274.8335788720856,81250,836,1200,16717,
274.84090804424693,81249,837,1200,16717,
274.84185187415926,81249,836,1201,16717,
274.8418728034256,81248,837,1201,16717,
274.8486908639653,81248,837,1200,16718,
274.8487473253438,81248,836,1201,16718,
274.8488726419633,81248,835,1202,16718,
274.8498448032651,81247,836,1202,16718,
274.852171592182,81246,837,1202,16718,
274.855506151782,81246,836,1203,16718,
274.8577043622958,81246,836,1202,16719,
274.8596127623531,81246,835,1203,16719,
274.8644819723656,81246,835,1202,16720,
274.866251036596,81246,834,1203,16720,
274.86736747886624,81246,833,1204,16720,
274.8700957206573,81246,833,1203,16721,
274.8702920457618,81245,834,1203,16721,
274.8707992227322,81244,835,1203,16721,
274.87810709760777,81244,835,1202,16722,
274.87901451534435,81244,835,1201,16723,
274.8802648126862,81244,834,1202,16723,
274.8808616966759,81243,835,1202,16723,
274.88382923955874,81243,834,1203,16723,
274.8869170022484,81243,834,1202,16724,
274.888123008381,81243,833,1203,16724,
274.88852313855654,81243,832,1204,16724,
274.89075059583007,81243,831,1205,16724,
274.89113124913337,81243,830,1206,16724,
274.89316180787876,81242,831,1206,16724,
274.8959275653577,81241,832,1206,16724,
274.8990899365845,81241,831,1207,16724,
274.89976119712287,81241,830,1208,16724,
274.90333396405043,81241,829,1209,16724,
274.9053076716074,81241,829,1208,16725,
274.9061857702589,81241,828,1209,16725,
274.9144063869525,81241,827,1210,16725,
274.9157536339163,81241,827,1209,16726,
274.91587275472585,81241,826,1210,16726,
274.91614377079895,81240,827,1210,16726,
274.91704300451465,81239,828,1210,16726,
274.92151293836406,81239,827,1211,16726,
274.9247543428674,81239,827,1210,16727,
274.92895602933464,81239,826,1211,16727,
274.94054518449946,81239,826,1210,16728,
274.94412619191587,81239,825,1211,16728,
274.94486711490396,81239,824,1212,16728,
274.947482251835,81239,824,1211,16729,
274.9480240271039,81239,824,1210,16730,
274.9482286943183,81239,823,1211,16730,
274.9484166451686,81239,823,1210,16731,
274.94889300769074,81239,822,1211,16731,
274.9491651488405,81239,821,1212,16731,
274.95124171509144,81238,822,1212,16731,
274.9533233162817,81237,823,1212,16731,
274.95379648731324,81237,823,1211,16732,
274.9543455492566,81237,823,1210,16733,
274.95487061662953,81237,823,1209,16734,
274.95741343541243,81237,822,1210,16734,
274.960630003877,81237,822,1209,16735,
274.9627773354582,81237,822,1208,16736,
274.9633012413667,81237,821,1209,16736,
274.9637619154306,81237,820,1210,16736,
274.9657698859996,81237,819,1211,16736,
274.96664877209207,81237,819,1210,16737,
274.9684031750803,81237,819,1209,16738,
274.9700960655635,81236,820,1209,16738,
274.9714342549051,81236,819,1210,16738,
274.9720546548547,81236,818,1211,16738,
274.97496044241586,81235,819,1211,16738,
274.9759029621471,81234,820,1211,16738,
274.98350174676125,81234,819,1212,16738,
274.9858956588737,81233,820,1212,16738,
274.9866084183724,81233,819,1213,16738,
274.9868022362449,81233,818,1214,16738,
274.9888597965397,81233,818,1213,16739,
274.98916205439656,81233,818,1212,16740,
274.99001692728547,81232,819,1212,16740,
274.99656797983954,81231,820,1212,16740,
274.998616116154,81231,820,1211,16741,
274.998888566059,81231,819,1212,16741,
275.00027379638374,81231,818,1213,16741,
275.00427889439226,81230,819,1213,16741,
275.00582608976515,81229,820,1213,16741,
275.01047294423034,81229,819,1214,16741,
275.0173569618626,81229,819,1213,16742,
275.01832392409426,81228,820,1213,16742,
275.02031170957525,81228,820,1212,16743,
275.02272781297995,81228,819,1213,16743,
275.0232194225989,81228,819,1212,16744,
275.02841248533764,81228,818,1213,16744,
275.02860253083145,81228,817,1214,16744,
275.03255182123297,81228,817,1213,16745,
275.03326827087545,81228,816,1214,16745,
275.0355236415793,81228,815,1215,16745,
275.0378005609346,81228,814,1216,16745,
275.03808080943304,81228,813,1217,16745,
275.03874007588007,81227,814,1217,16745,
275.03901033574266,81227,813,1218,16745,
275.0430040374455,81227,812,1219,16745,
275.0448390876895,81226,813,1219,16745,
275.045322865445,81225,814,1219,16745,
275.04751610238657,81225,814,1218,16746,
275.0479358006186,81224,815,1218,16746,
275.0482778898212,81224,814,1219,16746,
275.0483939529108,81224,813,1220,16746,
275.04857460786843,81223,814,1220,16746,
275.054277483352,81222,815,1220,16746,
275.0564505642538,81222,815,1219,16747,
275.06103891525555,81222,815,1218,16748,
275.06150156460245,81221,816,1218,16748,
275.06834538443115,81221,815,1219,16748,
275.0691121672154,81220,816,1219,16748,
275.0712360413716,81220,816,1218,16749,
275.0798242037423,81220,815,1219,16749,
275.0809562968501,81219,816,1219,16749,
275.0825335360405,81219,815,1220,16749,
275.0826743949887,81219,815,1219,16750,
275.0835861655258,81218,816,1219,16750,
275.0879410827682,81218,815,1220,16750,
275.0919458904204,81217,816,1220,16750,
275.09802973337565,81217,815,1221,16750,
275.0989456642244,81217,815,1220,16751,
275.0997050454546,81217,814,1221,16751,
275.1015321581139,81217,813,1222,16751,
275.10156579824996,81217,812,1223,16751,
275.10243196794914,81216,813,1223,16751,
275.10321907482,81216,812,1224,16751,
275.10670578127116,81216,811,1225,16751,
275.1081360635603,81215,812,1225,16751,
275.1086771948081,81215,812,1224,16752,
275.10906631044537,81215,811,1225,16752,
275.1102112059909,81215,811,1224,16753,
275.110317864299,81215,810,1225,16753,
275.1136422860551,81214,811,1225,16753,
275.11614902000076,81214,810,1226,16753,
275.11737577017544,81213,811,1226,16753,
275.11824072624347,81213,810,1227,16753,
275.11873524191697,81212,811,1227,16753,
275.12096080303223,81212,810,1228,16753,
275.12385924544185,81212,810,1227,16754,
275.1248262095233,81211,811,1227,16754,
275.12662187421614,81211,811,1226,16755,
275.12987188140437,81211,811,1225,16756,
275.1316743019561,81211,811,1224,16757,
275.1338998478178,81211,811,1223,16758,
275.13426469782905,81210,812,1223,16758,
275.13494360985754,81210,812,1222,16759,
275.1386991233366,81210,811,1223,16759,
275.14204727719226,81210,811,1222,16760,
275.14568338991415,81210,810,1223,16760,
275.1472879871335,81210,810,1222,16761,
275.14956518839625,81210,809,1223,16761,
275.1516970264918,81210,809,1222,16762,
275.1517438642303,81210,809,1221,16763,
275.15200874329486,81210,808,1222,16763,
275.15340652452704,81209,809,1222,16763,
275.1565680806659,81208,810,1222,16763,
275.1567949580933,81207,811,1222,16763,
275.1609539710283,81207,811,1221,16764,
275.16324312071345,81207,810,1222,16764,
275.1650267228819,81207,810,1221,16765,
275.16870151229205,81206,811,1221,16765,
275.1698544706335,81206,810,1222,16765,
275.1699913718566,81206,810,1221,16766,
275.1700830269279,81206,810,1220,16767,
275.1716887431646,81206,810,1219,16768,
275.17539125381836,81206,809,1220,16768,
275.17650030234415,81205,810,1220,16768,
275.1766637643782,81205,810,1219,16769,
275.1787300799927,81205,810,1218,16770,
275.18336686602936,81205,809,1219,16770,
275.18721265241766,81205,808,1220,16770,
275.19385087328516,81205,807,1221,16770,
275.1941863732893,81205,807,1220,16771,
275.1960730891227,81204,808,1220,16771,
275.2003820162728,81204,808,1219,16772,
275.20113188837337,81204,808,1218,16773,
275.20329880857537,81203,809,1218,16773,
275.2054230456792,81203,809,1217,16774,
275.205647035456,81203,808,1218,16774,
275.2073055318802,81203,807,1219,16774,
275.2096807898765,81203,806,1220,16774,
275.212616071609,81203,806,1219,16775,
275.2133160440773,81202,807,1219,16775,
275.21419159278656,81202,806,1220,16775,
275.21740451529547,81201,807,1220,16775,
275.2175869906878,81201,807,1219,16776,
275.2183232338074,81201,807,1218,16777,
275.2200441708633,81200,808,1218,16777,
275.2201513924122,81200,807,1219,16777,
275.2210879614509,81199,808,1219,16777,
275.2252695917446,81199,807,1220,16777,
275.226429132022,81198,808,1220,16777,
275.2277108884583,81198,807,1221,16777,
275.2303668609346,81198,806,1222,16777,
275.2303797713157,81197,807,1222,16777,
275.23906249542506,81197,806,1223,16777,
275.2458672436831,81197,806,1222,16778,
275.24739522371203,81197,806,1221,16779,
275.2495329967193,81197,806,1220,16780,
275.2500418998501,81196,807,1220,16780,
275.25043851324165,81196,806,1221,16780,
275.25214875793176,81196,805,1222,16780,
275.2523013771638,81196,804,1223,16780,
275.2524427204359,81196,803,1224,16780,
275.2558549326173,81195,804,1224,16780,
275.258621996201,81194,805,1224,16780,
275.2603897278878,81194,805,1223,16781,
275.2606369348083,81194,804,1224,16781,
275.26356711054916,81194,804,1223,16782,
275.2678765186121,81194,804,1222,16783,
275.2695472541703,81194,804,1221,16784,
275.2736752937321,81193,805,1221,16784,
275.2738159056204,81193,805,1220,16785,
275.2772436621171,81193,804,1221,16785,
275.27726798577623,81193,803,1222,16785,
275.2807302003876,81192,804,1222,16785,
275.28351917175115,81191,805,1222,16785,
275.2854264443519,81191,805,1221,16786,
275.2953157533254,81191,804,1222,16786,
275.296106754676,81191,804,1221,16787,
275.29751249380087,81191,803,1222,16787,
275.2983321815762,81191,803,1221,16788,
275.30280168466925,81191,803,1220,16789,
275.3044967568572,81191,803,1219,16790,
275.3061843558598,81190,804,1219,16790,
275.3081834731583,81190,803,1220,16790,
275.30966727805776,81190,802,1221,16790,
275.3116314568561,81189,803,1221,16790,
275.3120518167276,81189,803,1220,16791,
275.3147017435625,81188,804,1220,16791,
275.31769079678935,81187,805,1220,16791,
275.3250374656533,81186,806,1220,16791,
275.3291583394458,81186,805,1221,16791,
275.32954433589725,81186,805,1220,16792,
275.3297540101494,81185,806,1220,16792,
275.3304645503135,81184,807,1220,16792,
275.3332750925868,81184,807,1219,16793,
275.33518278725785,81184,807,1218,16794,
275.3426608300559,81184,807,1217,16795,
275.3440986555931,81184,806,1218,16795,
275.3459510098045,81184,805,1219,16795,
275.3460143407584,81184,804,1220,16795,
275.34676472257036,81183,805,1220,16795,
275.3486865016804,81183,804,1221,16795,
275.3503267197101,81183,804,1220,16796,
275.3570228682164,81183,804,1219,16797,
275.3585685914682,81183,804,1218,16798,
275.3595632074525,81183,804,1217,16799,
275.35956861571157,81183,803,1218,16799,
275.36309817929015,81183,803,1217,16800,
275.36917844481826,81182,804,1217,16800,
275.3710589095692,81182,803,1218,16800,
275.3719402242853,81182,803,1217,16801,
275.3719457989708,81182,802,1218,16801,
275.37437685199365,81182,802,1217,16802,
275.38255314249426,81182,802,1216,16803,
275.3843550121035,81182,802,1215,16804,
275.38698696689147,81181,803,1215,16804,
275.3875871263654,81181,802,1216,16804,
275.38850055071947,81180,803,1216,16804,
275.38901963958006,81180,802,1217,16804,
275.39941130365173,81180,802,1216,16805,
275.4076911490216,81179,803,1216,16805,
275.4082086427019,81178,804,1216,16805,
275.4119391579596,81178,803,1217,16805,
275.41243294397583,81178,803,1216,16806,
275.41382327400476,81178,802,1217,16806,
275.4143562935192,81177,803,1217,16806,
275.41688003554026,81176,804,1217,16806,
275.4177525765437,81176,803,1218,16806,
275.42617358345865,81176,803,1217,16807,
275.42641404758297,81175,804,1217,16807,
275.4298864661336,81175,804,1216,16808,
275.43032889965406,81175,804,1215,16809,
275.4349852076163,81175,803,1216,16809,
275.4361455811503,81174,804,1216,16809,
275.4423590378882,81174,803,1217,16809,
275.4440897998515,81174,803,1216,16810,
275.44477397300216,81173,804,1216,16810,
275.4469983300497,81173,803,1217,16810,
275.44716320893866,81173,802,1218,16810,
275.4513273863719,81173,802,1217,16811,
275.45441849625394,81173,802,1216,16812,
275.457258382023,81173,801,1217,16812,
275.4581463202645,81172,802,1217,16812,
275.45830388974963,81171,803,1217,16812,
275.45855607720614,81171,803,1216,16813,
275.4613730195091,81171,803,1215,16814,
275.4626905260562,81171,803,1214,16815,
275.46395944540376,81171,802,1215,16815,
275.4644835711818,81171,801,1216,16815,
275.4666632910371,81171,801,1215,16816,
275.46882565758125,81171,801,1214,16817,
275.47485955700836,81170,802,1214,16817,
275.4756797396714,81170,802,1213,16818,
275.47641755913736,81170,801,1214,16818,
275.47677044702215,81169,802,1214,16818,
275.48077765417594,81168,803,1214,16818,
275.482747449581,81167,804,1214,16818,
275.48564479752105,81167,804,1213,16819,
275.48688568303754,81167,803,1214,16819,
275.4877031560465,81167,803,1213,16820,
275.49050445874724,81167,803,1212,16821,
275.49510477057885,81167,803,1211,16822,
275.4951114934235,81166,804,1211,16822,
275.501395189311,81166,803,1212,16822,
275.50165628504226,81166,803,1211,16823,
275.50371367868195,81166,802,1212,16823,
275.50522516726596,81166,801,1213,16823,
275.50634365201796,81166,800,1214,16823,
275.5082572929267,81166,800,1213,16824,
275.5143601661256,81165,801,1213,16824,
275.51497701073646,81165,800,1214,16824,
275.51598437083743,81164,801,1214,16824,
275.5161373399918,81164,801,1213,16825,
275.51716231288424,81163,802,1213,16825,
275.51778827073764,81163,801,1214,16825,
275.524286965487,81162,802,1214,16825,
275.5254172886106,81162,801,1215,16825,
275.5254499255097,81161,802,1215,16825,
275.52690361780776,81161,801,1216,16825,
275.5322737931898,81161,800,1217,16825,
275.5418335818115,81160,801,1217,16825,
275.54414442234764,81160,800,1218,16825,
275.5519494589608,81160,800,1217,16826,
275.55211963269375,81160,799,1218,16826,
275.55244020717555,81160,799,1217,16827,
275.55393186556347,81160,798,1218,16827,
275.55443244208607,81160,798,1217,16828,
275.55891395352705,81159,799,1217,16828,
275.55920233403845,81158,800,1217,16828,
275.5613797251761,81158,799,1218,16828,
275.5619864728363,81158,798,1219,16828,
275.56792829381715,81158,797,1220,16828,
275.57717170767944,81157,798,1220,16828,
275.5774055094537,81156,799,1220,16828,
275.58056748858246,81156,799,1219,16829,
275.58131817705896,81155,800,1219,16829,
275.58288685148915,81155,800,1218,16830,
275.58290074848213,81155,799,1219,16830,
275.5834093130064,81155,798,1220,16830,
275.5838634952396,81155,797,1221,16830,
275.58478805336847,81155,796,1222,16830,
275.59610418037266,81155,796,1221,16831,
275.5978503442279,81154,797,1221,16831,
275.5995589060386,81154,797,1220,16832,
275.6033132862152,81154,797,1219,16833,
275.60341140599485,81154,797,1218,16834,
275.60644216629964,81153,798,1218,16834,
275.6080650466867,81152,799,1218,16834,
275.6102548795783,81151,800,1218,16834,
275.61113060326494,81151,800,1217,16835,
275.61609066289515,81151,800,1216,16836,
275.62121061325576,81151,799,1217,16836,
275.62547579151254,81151,798,1218,16836,
275.62838731872347,81151,798,1217,16837,
275.63031782819263,81150,799,1217,16837,
275.6315223616425,81150,799,1216,16838,
275.6327004926368,81149,800,1216,16838,
275.63375846668436,81149,799,1217,16838,
275.63494758978123,81149,799,1216,16839,
275.6397507860469,81148,800,1216,16839,
275.6404868487704,81147,801,1216,16839,
275.64082970742476,81147,801,1215,16840,
275.6410438055616,81147,800,1216,16840,
275.6422583145744,81147,799,1217,16840,
275.64228811989847,81147,798,1218,16840,
275.64674986107065,81147,797,1219,16840,
275.647970846041,81147,796,1220,16840,
275.65169745635114,81147,795,1221,16840,
275.65553766966184,81146,796,1221,16840,
275.65769637237366,81146,795,1222,16840,
275.65816818658425,81146,795,1221,16841,
275.6689179729289,81146,794,1222,16841,
275.6708757803669,81145,795,1222,16841,
275.6710134979164,81145,794,1223,16841,
275.67174926424326,81144,795,1223,16841,
275.67759731126034,81144,795,1222,16842,
275.67909159806754,81144,794,1223,16842,
275.68099037960786,81144,794,1222,16843,
275.6843639291119,81143,795,1222,16843,
275.6848793491607,81143,794,1223,16843,
275.68725937430696,81143,794,1222,16844,
275.6884848338494,81142,795,1222,16844,
275.6893295989792,81141,796,1222,16844,
275.6899070581191,81140,797,1222,16844,
275.6924162186076,81140,796,1223,16844,
275.693376131825,81140,796,1222,16845,
275.69582455159434,81140,795,1223,16845,
275.6972726316911,81140,794,1224,16845,
275.7000381279686,81139,795,1224,16845,
275.70569751755966,81139,795,1223,16846,
275.7117070162514,81139,794,1224,16846,
275.71665891190673,81139,794,1223,16847,
275.71949538299583,81138,795,1223,16847,
275.7196944057061,81138,795,1222,16848,
275.72075879005365,81137,796,1222,16848,
275.7217858982126,81137,796,1221,16849,
275.7243689686038,81137,796,1220,16850,
275.72469771018206,81137,795,1221,16850,
275.7252718216573,81137,794,1222,16850,
275.7253732623174,81136,795,1222,16850,
275.72961207771283,81136,794,1223,16850,
275.72965449599764,81136,793,1224,16850,
275.73002937292455,81135,794,1224,16850,
275.7314681539217,81134,795,1224,16850,
275.7348955291513,81134,794,1225,16850,
275.73852510394903,81134,794,1224,16851,
275.73956952455956,81134,793,1225,16851,
275.7402336214004,81134,793,1224,16852,
275.74209719393167,81134,793,1223,16853,
275.74630584104176,81134,792,1224,16853,
275.749817151469,81134,792,1223,16854,
275.7527386022767,81133,793,1223,16854,
275.7534514363145,81133,792,1224,16854,
275.7541960263477,81133,791,1225,16854,
275.75527386935113,81132,792,1225,16854,
275.75560801920113,81132,792,1224,16855,
275.75750824263184,81132,791,1225,16855,
275.75952963314097,81131,792,1225,16855,
275.7600558980345,81130,793,1225,16855,
275.7719511649853,81130,792,1226,16855,
275.77262563064033,81130,791,1227,16855,
275.77559918397026,81130,790,1228,16855,
275.7760345749886,81130,790,1227,16856,
275.7763180851869,81130,790,1226,16857,
275.7784274129234,81129,791,1226,16857,
275.7807307144099,81128,792,1226,16857,
275.7812200381643,81128,791,1227,16857,
275.7823582604009,81128,790,1228,16857,
275.78243243042084,81127,791,1228,16857,
275.78942927295293,81127,790,1229,16857,
275.789775569081,81127,790,1228,16858,
275.796134970999,81126,791,1228,16858,
275.79814642757964,81125,792,1228,16858,
275.8060946709093,81125,792,1227,16859,
275.80800782322024,81124,793,1227,16859,
275.80909358369433,81124,793,1226,16860,
275.81011048447715,81124,793,1225,16861,
275.81043887146546,81124,793,1224,16862,
275.8109942189955,81124,793,1223,16863,
275.81339927561686,81124,792,1224,16863,
275.8143852700964,81124,791,1225,16863,
275.8145440640524,81123,792,1225,16863,
275.81477614935585,81123,791,1226,16863,
275.81483829690757,81123,790,1227,16863,
275.81510256597016,81123,789,1228,16863,
275.82418136166956,81123,788,1229,16863,
275.824395869498,81123,788,1228,16864,
275.8257194261983,81123,787,1229,16864,
275.83418935234323,81122,788,1229,16864,
275.8409253616415,81122,788,1228,16865,
275.8445600741477,81122,788,1227,16866,
275.8447774284406,81121,789,1227,16866,
275.8453312680387,81121,789,1226,16867,
275.8498552761722,81121,789,1225,16868,
275.8501283471483,81120,790,1225,16868,
275.854940150178,81119,791,1225,16868,
275.8585752764758,81119,791,1224,16869,
275.8601160068028,81119,791,1223,16870,
275.8611174348786,81118,792,1223,16870,
275.86324250438093,81117,793,1223,16870,
275.87011537019777,81117,792,1224,16870,
275.87042995964623,81117,791,1225,16870,
275.8735739127904,81117,790,1226,16870,
275.8747288024288,81117,790,1225,16871,
275.87554643648264,81117,789,1226,16871,
275.87639739565157,81117,788,1227,16871,
275.87943319601067,81116,789,1227,16871,
275.8845620948488,81115,790,1227,16871,
275.8847175189658,81115,789,1228,16871,
275.8851464967141,81114,790,1228,16871,
275.8889909856933,81113,791,1228,16871,
275.88919110654496,81113,790,1229,16871,
275.8905561935681,81112,791,1229,16871,
275.8927675817793,81112,790,1230,16871,
275.8945125538843,81112,790,1229,16872,
275.8949524494366,81111,791,1229,16872,
275.8955684744681,81111,791,1228,16873,
275.89641141966746,81110,792,1228,16873,
275.899289722337,81110,791,1229,16873,
275.9001174630358,81109,792,1229,16873,
275.9081556887905,81109,791,1230,16873,
275.91237948997787,81108,792,1230,16873,
275.91413968389816,81108,792,1229,16874,
275.9152644864181,81108,791,1230,16874,
275.91568067503863,81108,790,1231,16874,
275.91799551268326,81108,790,1230,16875,
275.92027157112,81107,791,1230,16875,
275.9202832269546,81107,791,1229,16876,
275.92162254504814,81106,792,1229,16876,
275.9220106879558,81106,791,1230,16876,
275.92245144770095,81106,791,1229,16877,
275.92289641679247,81106,790,1230,16877,
275.92363399556683,81106,789,1231,16877,
275.92565267371765,81106,789,1230,16878,
275.9258654177332,81105,790,1230,16878,
275.9316170847547,81104,791,1230,16878,
275.9337862484125,81104,790,1231,16878,
275.93429162238306,81103,791,1231,16878,
275.93549936952996,81103,791,1230,16879,
275.93766171593035,81103,791,1229,16880,
275.9379239040849,81103,791,1228,16881,
275.93934667651536,81103,790,1229,16881,
275.94197889037065,81103,790,1228,16882,
275.94622923511537,81103,789,1229,16882,
275.94780924577253,81103,789,1228,16883,
275.9503800043773,81102,790,1228,16883,
275.9541525896869,81102,789,1229,16883,
275.9551496663452,81102,789,1228,16884,
275.96008035558043,81102,789,1227,16885,
275.96420015538115,81102,788,1228,16885,
275.96561336196214,81101,789,1228,16885,
275.9658106051611,81101,789,1227,16886,
275.9670629910582,81101,788,1228,16886,
275.97360968209443,81101,788,1227,16887,
275.9785228722009,81101,788,1226,16888,
275.9814484366139,81101,788,1225,16889,
275.98213209392765,81100,789,1225,16889,
275.9865554265238,81099,790,1225,16889,
275.99287719448614,81099,789,1226,16889,
275.9983221262599,81099,789,1225,16890,
276.0029683423261,81099,789,1224,16891,
276.0037947442108,81098,790,1224,16891,
276.0066731416164,81097,791,1224,16891,
276.00802576964276,81097,790,1225,16891,
276.0100027315064,81097,790,1224,16892,
276.01012057179724,81097,790,1223,16893,
276.0116258518447,81096,791,1223,16893,
276.01648928812443,81095,792,1223,16893,
276.02040600832095,81095,791,1224,16893,
276.0204910590473,81094,792,1224,16893,
276.0251502001532,81093,793,1224,16893,
276.02784969879906,81093,793,1223,16894,
276.0335871118323,81093,793,1222,16895,
276.03658242193825,81093,793,1221,16896,
276.0392880387289,81092,794,1221,16896,
276.0425457555724,81092,793,1222,16896,
276.044205479733,81092,792,1223,16896,
276.0452737122661,81091,793,1223,16896,
276.053234581695,81091,792,1224,16896,
276.0581871913994,81090,793,1224,16896,
276.05936919177844,81090,793,1223,16897,
276.06174806017845,81090,792,1224,16897,
276.06191054352087,81089,793,1224,16897,
276.06239338170894,81089,792,1225,16897,
276.0658392793371,81088,793,1225,16897,
276.06796855376746,81088,792,1226,16897,
276.0684905266848,81088,791,1227,16897,
276.06944599238795,81088,790,1228,16897,
276.0720731784789,81087,791,1228,16897,
276.07474639691264,81087,790,1229,16897,
276.0760317521542,81086,791,1229,16897,
276.0786074800177,81086,790,1230,16897,
276.0833322679679,81086,790,1229,16898,
276.08509026719446,81085,791,1229,16898,
276.08515441107807,81085,790,1230,16898,
276.09104165929676,81085,790,1229,16899,
276.0916110163447,81085,790,1228,16900,
276.09788427455334,81085,789,1229,16900,
276.1037473066057,81084,790,1229,16900,
276.10470956367993,81084,789,1230,16900,
276.1070739077985,81083,790,1230,16900,
276.1102190919317,81082,791,1230,16900,
276.1104250804041,81082,790,1231,16900,
276.11070572506804,81082,790,1230,16901,
276.1118037453301,81081,791,1230,16901,
276.1120030325163,81081,790,1231,16901,
276.11463603798984,81081,790,1230,16902,
276.1157864877574,81081,789,1231,16902,
276.1158754373403,81081,788,1232,16902,
276.1217660206451,81081,788,1231,16903,
276.12411461755534,81080,789,1231,16903,
276.12580755604785,81079,790,1231,16903,
276.12684144438344,81078,791,1231,16903,
276.13155497654475,81077,792,1231,16903,
276.1320007337972,81076,793,1231,16903,
276.13657569002095,81076,793,1230,16904,
276.13699539792316,81076,793,1229,16905,
276.14036738788866,81076,792,1230,16905,
276.1407924510704,81076,792,1229,16906,
276.1484050701237,81076,791,1230,16906,
276.15163782932683,81075,792,1230,16906,
276.1553085084494,81075,791,1231,16906,
276.1572649754154,81074,792,1231,16906,
276.1592252288382,81074,791,1232,16906,
276.15993054083816,81073,792,1232,16906,
276.1608775266673,81073,791,1233,16906,
276.1627144916094,81073,790,1234,16906,
276.16529093410776,81072,791,1234,16906,
276.16879007574073,81072,790,1235,16906,
276.1691705467836,81072,789,1236,16906,
276.1701335763029,81072,789,1235,16907,
276.1716240987213,81071,790,1235,16907,
276.17976226856797,81070,791,1235,16907,
276.1800969924964,81069,792,1235,16907,
276.18271425470675,81068,793,1235,16907,
276.18854718397034,81068,792,1236,16907,
276.19218047895055,81068,791,1237,16907,
276.19226323141766,81068,791,1236,16908,
276.1951216707578,81067,792,1236,16908,
276.1977856256551,81066,793,1236,16908,
276.19845246328185,81066,792,1237,16908,
276.1989668872818,81065,793,1237,16908,
276.19941086795814,81065,793,1236,16909,
276.2009760766773,81064,794,1236,16909,
276.2037612167104,81063,795,1236,16909,
276.2069855025096,81063,794,1237,16909,
276.20813846079466,81062,795,1237,16909,
276.20992162978894,81062,795,1236,16910,
276.2115307560041,81062,794,1237,16910,
276.2124433168728,81061,795,1237,16910,
276.2131864904973,81060,796,1237,16910,
276.21486988879786,81059,797,1237,16910,
276.21778484169016,81058,798,1237,16910,
276.2181422691992,81058,797,1238,16910,
276.2186014722896,81058,797,1237,16911,
276.2201392766715,81058,797,1236,16912,
276.22070805451557,81057,798,1236,16912,
276.22203945672436,81056,799,1236,16912,
276.2226943802114,81056,798,1237,16912,
276.2235980781466,81055,799,1237,16912,
276.23074402103543,81055,798,1238,16912,
276.2318205878506,81055,798,1237,16913,
276.2331873787341,81054,799,1237,16913,
276.23516627538675,81053,800,1237,16913,
276.23570827712473,81053,800,1236,16914,
276.2404183704875,81052,801,1236,16914,
276.2422765650617,81052,801,1235,16915,
276.25002047448356,81052,801,1234,16916,
276.25108745277,81051,802,1234,16916,
276.25133273053865,81051,802,1233,16917,
276.25146020691585,81051,802,1232,16918,
276.25463451624256,81051,802,1231,16919,
276.25559076139075,81051,802,1230,16920,
276.2561513949301,81051,801,1231,16920,
276.25658242523593,81051,801,1230,16921,
276.2586532174675,81051,800,1231,16921,
276.25974742485903,81051,799,1232,16921,
276.26215989118634,81051,798,1233,16921,
276.2625378509549,81050,799,1233,16921,
276.2666754121277,81049,800,1233,16921,
276.2677538096825,81049,799,1234,16921,
276.27168044576797,81049,799,1233,16922,
276.2726690645578,81049,798,1234,16922,
276.2747595772046,81049,797,1235,16922,
276.2751600700073,81049,797,1234,16923,
276.2796237077598,81049,797,1233,16924,
276.2859726910603,81049,797,1232,16925,
276.28737543305226,81049,797,1231,16926,
276.2896144281633,81048,798,1231,16926,
276.29078759680533,81048,798,1230,16927,
276.2923560553977,81047,799,1230,16927,
276.2928802231099,81047,798,1231,16927,
276.2928901532558,81047,797,1232,16927,
276.29363795141603,81047,796,1233,16927,
276.29414518143085,81046,797,1233,16927,
276.2947098538391,81046,797,1232,16928,
276.2947107795477,81045,798,1232,16928,
276.29503986444485,81045,797,1233,16928,
276.2951086537517,81045,796,1234,16928,
276.2953726894138,81044,797,1234,16928,
276.2958899551368,81044,796,1235,16928,
276.2984521236531,81044,795,1236,16928,
276.30035748920074,81044,795,1235,16929,
276.30405968896605,81044,794,1236,16929,
276.304260085196,81043,795,1236,16929,
276.30802597261453,81043,795,1235,16930,
276.32094342277344,81042,796,1235,16930,
276.32333041914853,81042,796,1234,16931,
276.3297435915474,81041,797,1234,16931,
276.3300346498334,81041,796,1235,16931,
276.33239228446945,81041,795,1236,16931,
276.336269972961,81041,794,1237,16931,
276.33733824612307,81041,793,1238,16931,
276.34163976083624,81041,793,1237,16932,
276.3416826724828,81041,793,1236,16933,
276.3424219920967,81041,792,1237,16933,
276.34824545061923,81040,793,1237,16933,
276.34925453550454,81040,793,1236,16934,
276.3496630825343,81039,794,1236,16934,
276.35122914749354,81039,793,1237,16934,
276.35177922786715,81039,792,1238,16934,
276.35382688807755,81039,791,1239,16934,
276.3544758922172,81039,791,1238,16935,
276.36136544390297,81038,792,1238,16935,
276.36909787618947,81038,792,1237,16936,
276.37156286310113,81038,792,1236,16937,
276.37506275455564,81037,793,1236,16937,
276.37771272828184,81036,794,1236,16937,
276.3788775101351,81036,794,1235,16938,
276.3791526623145,81036,794,1234,16939,
276.38612240399027,81036,794,1233,16940,
276.38823909807286,81036,793,1234,16940,
276.3885426194305,81036,792,1235,16940,
276.3891218555654,81035,793,1235,16940,
276.3921133719998,81034,794,1235,16940,
276.3971835672005,81034,794,1234,16941,
276.39866744523977,81034,793,1235,16941,
276.401843577454,81034,792,1236,16941,
276.402842517036,81033,793,1236,16941,
276.4071870993431,81033,793,1235,16942,
276.40979692187204,81032,794,1235,16942,
276.4163013123017,81031,795,1235,16942,
276.41793878278105,81031,795,1234,16943,
276.4220184263537,81030,796,1234,16943,
276.4220290246871,81029,797,1234,16943,
276.4257152058697,81029,797,1233,16944,
276.425738698761,81029,796,1234,16944,
276.4271631344805,81029,795,1235,16944,
276.427581380965,81029,794,1236,16944,
276.42858180301687,81029,793,1237,16944,
276.4292019994596,81029,793,1236,16945,
276.4319887858392,81029,792,1237,16945,
276.4325648759695,81029,791,1238,16945,
276.4329008657558,81028,792,1238,16945,
276.434599875341,81028,792,1237,16946,
276.4351998904065,81027,793,1237,16946,
276.43583870812955,81027,792,1238,16946,
276.4367022109524,81026,793,1238,16946,
276.4415145945802,81026,792,1239,16946,
276.44849464215326,81026,791,1240,16946,
276.4487244462723,81026,791,1239,16947,
276.45228300140616,81026,790,1240,16947,
276.45535347156385,81025,791,1240,16947,
276.45694285248595,81025,791,1239,16948,
276.4603657823835,81025,791,1238,16949,
276.4616952752116,81025,790,1239,16949,
276.4661564099499,81025,790,1238,16950,
276.4698637244111,81025,790,1237,16951,
276.48143666242754,81024,791,1237,16951,
276.4819778358316,81024,790,1238,16951,
276.4829829389494,81024,790,1237,16952,
276.48330759544217,81023,791,1237,16952,
276.48591732202743,81023,791,1236,16953,
276.4883103682028,81022,792,1236,16953,
276.4908171349005,81022,791,1237,16953,
276.4917595648931,81022,790,1238,16953,
276.495793519471,81022,790,1237,16954,
276.49783618586684,81022,790,1236,16955,
276.5035544654639,81022,790,1235,16956,
276.50488704821095,81021,791,1235,16956,
276.5075091678855,81021,791,1234,16957,
276.5120954638698,81021,791,1233,16958,
276.5121263196398,81021,790,1234,16958,
276.51478217804055,81020,791,1234,16958,
276.51549801153084,81020,791,1233,16959,
276.5238164954275,81019,792,1233,16959,
276.52423721495734,81019,791,1234,16959,
276.53043810801836,81019,790,1235,16959,
276.53236792188335,81018,791,1235,16959,
276.5339101888669,81018,791,1234,16960,
276.5355582028113,81018,790,1235,16960,
276.5383924017373,81018,790,1234,16961,
276.5411835545962,81017,791,1234,16961,
276.5449071641801,81017,790,1235,16961,
276.5477628941105,81016,791,1235,16961,
276.55431993109687,81015,792,1235,16961,
276.5547878376799,81015,792,1234,16962,
276.5560077979636,81015,792,1233,16963,
276.55952784518405,81015,791,1234,16963,
276.5597169732954,81015,790,1235,16963,
276.5611371093233,81015,789,1236,16963,
276.57002076446514,81015,789,1235,16964,
276.57064544715837,81015,788,1236,16964,
276.57109755704226,81015,787,1237,16964,
276.5712105565735,81014,788,1237,16964,
276.5727661917676,81014,788,1236,16965,
276.57660710152356,81013,789,1236,16965,
276.57671378165315,81013,788,1237,16965,
276.5784148888452,81013,787,1238,16965,
276.5799003528179,81012,788,1238,16965,
276.5805107915467,81011,789,1238,16965,
276.5867844961631,81011,789,1237,16966,
276.58940348568893,81011,788,1238,16966,
276.58946821590956,81011,787,1239,16966,
276.5960738395054,81011,786,1240,16966,
276.5995416657888,81010,787,1240,16966,
276.60316353074194,81010,786,1241,16966,
276.60549757212095,81010,786,1240,16967,
276.6059242263867,81010,785,1241,16967,
276.60831684216777,81010,785,1240,16968,
276.60846026393745,81010,785,1239,16969,
276.61490553209757,81010,784,1240,16969,
276.61512214573867,81009,785,1240,16969,
276.6222433483126,81009,784,1241,16969,
276.62414213352133,81008,785,1241,16969,
276.62494955593365,81007,786,1241,16969,
276.6261278728935,81006,787,1241,16969,
276.62633588081775,81005,788,1241,16969,
276.6283847079248,81005,788,1240,16970,
276.63494387671614,81005,788,1239,16971,
276.6368632588757,81005,788,1238,16972,
276.6374723176441,81004,789,1238,16972,
276.63934557229277,81004,788,1239,16972,
276.6403172629719,81004,787,1240,16972,
276.64238099754584,81004,786,1241,16972,
276.6479880974805,81004,785,1242,16972,
276.65385350023234,81004,784,1243,16972,
276.65645408481566,81004,784,1242,16973,
276.6592571698736,81003,785,1242,16973,
276.6607979219527,81003,784,1243,16973,
276.66092279953943,81003,783,1244,16973,
276.66169489822863,81002,784,1244,16973,
276.66981200886033,81002,784,1243,16974,
276.67050584528226,81002,784,1242,16975,
276.67056955257135,81002,783,1243,16975,
276.6728500994025,81002,783,1242,16976,
276.67497594559603,81002,783,1241,16977,
276.67626209995177,81002,783,1240,16978,
276.6788804304293,81002,783,1239,16979,
276.6801739245078,81002,782,1240,16979,
276.68289133677234,81001,783,1240,16979,
276.6832696574618,81001,783,1239,16980,
276.68329321158205,81001,782,1240,16980,
276.69114342391265,81001,781,1241,16980,
276.6940568098672,81001,780,1242,16980,
276.69412581110083,81000,781,1242,16980,
276.7050817639802,80999,782,1242,16980,
276.70853656694186,80999,781,1243,16980,
276.7087861089452,80999,781,1242,16981,
276.7096316132416,80999,781,1241,16982,
276.71100759493714,80999,781,1240,16983,
276.71228311822483,80998,782,1240,16983,
276.7174276257363,80998,782,1239,16984,
276.71840789938676,80997,783,1239,16984,
276.71869030458924,80997,782,1240,16984,
276.719681372129,80997,781,1241,16984,
276.72073823573703,80997,781,1240,16985,
276.7213432918389,80997,781,1239,16986,
276.72188331544254,80997,781,1238,16987,
276.72539906658227,80996,782,1238,16987,
276.72568954327136,80996,781,1239,16987,
276.72771016610477,80995,782,1239,16987,
276.7279347244233,80995,782,1238,16988,
276.72803277434235,80995,781,1239,16988,
276.73184025228926,80994,782,1239,16988,
276.7348513980387,80994,782,1238,16989,
276.74052404678775,80994,781,1239,16989,
276.7460117143132,80993,782,1239,16989,
276.7474353000174,80993,781,1240,16989,
276.754058776344,80993,780,1241,16989,
276.7560723034571,80993,779,1242,16989,
276.7562982746766,80993,778,1243,16989,
276.7617432356176,80992,779,1243,16989,
276.7638670938204,80992,779,1242,16990,
276.76389818760725,80992,778,1243,16990,
276.7679897123372,80992,778,1242,16991,
276.76912174460267,80991,779,1242,16991,
276.77069156928303,80991,779,1241,16992,
276.77326894488624,80990,780,1241,16992,
276.7742953415272,80989,781,1241,16992,
276.77848736097945,80988,782,1241,16992,
276.7807103935407,80988,781,1242,16992,
276.78240906425526,80988,780,1243,16992,
276.7850199696963,80988,780,1242,16993,
276.79352352863117,80988,779,1243,16993,
276.79389556360627,80987,780,1243,16993,
276.79430236882683,80987,779,1244,16993,
276.7950646382179,80987,778,1245,16993,
276.79621987804916,80986,779,1245,16993,
276.7972751336814,80985,780,1245,16993,
276.7980702012726,80985,779,1246,16993,
276.7990006292963,80985,779,1245,16994,
276.80121296759756,80985,778,1246,16994,
276.8013712550134,80985,778,1245,16995,
276.80175509657374,80985,777,1246,16995,
276.8026604613806,80984,778,1246,16995,
276.8039133424936,80984,778,1245,16996,
276.8049073033063,80984,777,1246,16996,
276.8053270775562,80984,776,1247,16996,
276.80737864401175,80984,776,1246,16997,
276.80741047357213,80984,776,1245,16998,
276.80991708100424,80984,776,1244,16999,
276.81155191002586,80984,775,1245,16999,
276.8144245950774,80983,776,1245,16999,
276.815402480716,80983,775,1246,16999,
276.81647568245864,80982,776,1246,16999,
276.8170015734546,80982,775,1247,16999,
276.81872844047166,80982,775,1246,17000,
276.81882291591126,80982,774,1247,17000,
276.8193383108425,80981,775,1247,17000,
276.82325069383035,80981,774,1248,17000,
276.82396674573084,80981,774,1247,17001,
276.82589389824506,80981,773,1248,17001,
276.8260033698104,80981,773,1247,17002,
276.8275720550892,80981,772,1248,17002,
276.8326503273927,80981,771,1249,17002,
276.8327611753551,80980,772,1249,17002,
276.83560163951967,80979,773,1249,17002,
276.83709497409626,80979,772,1250,17002,
276.8398549549374,80979,771,1251,17002,
276.8413225189995,80979,770,1252,17002,
276.84492480287497,80979,770,1251,17003,
276.84683848718936,80978,771,1251,17003,
276.8546640678184,80978,770,1252,17003,
276.8546813553278,80978,770,1251,17004,
276.85921274378364,80978,769,1252,17004,
276.8619808783848,80977,770,1252,17004,
276.8628228409007,80976,771,1252,17004,
276.8641642868752,80976,771,1251,17005,
276.8683295382825,80976,770,1252,17005,
276.8702571063627,80975,771,1252,17005,
276.8723023029387,80974,772,1252,17005,
276.8779480928333,80974,772,1251,17006,
276.87796346246756,80973,773,1251,17006,
276.88017148902935,80973,773,1250,17007,
276.88381785199016,80973,772,1251,17007,
276.8878392237602,80972,773,1251,17007,
276.8881224270807,80972,772,1252,17007,
276.888195453824,80972,771,1253,17007,
276.89025277702734,80971,772,1253,17007,
276.89653431129926,80971,771,1254,17007,
276.89697928173973,80970,772,1254,17007,
276.8981919581239,80969,773,1254,17007,
276.90720447122055,80968,774,1254,17007,
276.9076563189377,80968,774,1253,17008,
276.90850737175913,80968,774,1252,17009,
276.9108956307246,80968,773,1253,17009,
276.91167830955374,80968,772,1254,17009,
276.9151432764311,80967,773,1254,17009,
276.91547596857265,80967,773,1253,17010,
276.9161226914983,80967,772,1254,17010,
276.9299999750527,80967,771,1255,17010,
276.9333314698133,80967,770,1256,17010,
276.94292581012166,80967,769,1257,17010,
276.94782359200116,80967,768,1258,17010,
276.94828900839605,80967,768,1257,17011,
276.9508936099412,80967,768,1256,17012,
276.95211283780606,80967,767,1257,17012,
276.95791748471686,80967,767,1256,17013,
276.95919964289004,80967,767,1255,17014,
276.96072090451787,80967,766,1256,17014,
276.9611283973717,80966,767,1256,17014,
276.9616920957516,80966,767,1255,17015,
276.9625197049202,80966,766,1256,17015,
276.9672463325351,80966,765,1257,17015,
276.96958657579506,80966,765,1256,17016,
276.97543666060454,80966,765,1255,17017,
276.9767409860627,80966,764,1256,17017,
276.97891607104754,80965,765,1256,17017,
276.98005321210366,80965,764,1257,17017,
276.98253242348966,80964,765,1257,17017,
276.98287975328293,80963,766,1257,17017,
276.9832840667909,80962,767,1257,17017,
276.9872317595604,80961,768,1257,17017,
276.9960374127307,80960,769,1257,17017,
276.99655145300244,80960,768,1258,17017,
276.9972158999157,80959,769,1258,17017,
276.99765302440875,80959,768,1259,17017,
276.99810457979515,80959,768,1258,17018,
276.9986517070397,80959,767,1259,17018,
277.0014956559393,80958,768,1259,17018,
277.0051066063992,80958,768,1258,17019,
277.00808449685127,80958,768,1257,17020,
277.0091573996121,80958,768,1256,17021,
277.01012312869636,80958,767,1257,17021,
277.01049893221074,80958,767,1256,17022,
277.0109651496281,80957,768,1256,17022,
277.01244431318315,80957,768,1255,17023,
277.0140309406289,80957,768,1254,17024,
277.0143483465507,80956,769,1254,17024,
277.0162943730396,80956,768,1255,17024,
277.0176288611191,80956,768,1254,17025,
277.01773732602277,80956,767,1255,17025,
277.018904140286,80955,768,1255,17025,
277.0207911142303,80954,769,1255,17025,
277.0210652221403,80953,770,1255,17025,
277.0232007725142,80953,769,1256,17025,
277.0254957835049,80953,769,1255,17026,
277.0268783367012,80953,768,1256,17026,
277.0306903899084,80953,768,1255,17027,
277.03149873602655,80953,768,1254,17028,
277.03233234790224,80953,767,1255,17028,
277.03355045942664,80953,767,1254,17029,
277.0369549195605,80953,766,1255,17029,
277.03756318870956,80952,767,1255,17029,
277.0387726746648,80952,766,1256,17029,
277.0394407203867,80952,765,1257,17029,
277.0497848061636,80952,764,1258,17029,
277.05381064093996,80952,764,1257,17030,
277.0560240309859,80952,763,1258,17030,
277.05612335704,80952,762,1259,17030,
277.058389368833,80952,761,1260,17030,
277.06097240286755,80952,761,1259,17031,
277.06359564307377,80952,761,1258,17032,
277.0670937913504,80951,762,1258,17032,
277.06765231263074,80951,762,1257,17033,
277.0706578329058,80950,763,1257,17033,
277.0708235314433,80949,764,1257,17033,
277.07359172029135,80948,765,1257,17033,
277.07535682577833,80948,765,1256,17034,
277.07560144650404,80948,765,1255,17035,
277.0769837823277,80948,765,1254,17036,
277.0780299677625,80948,765,1253,17037,
277.0844244868619,80948,765,1252,17038,
277.0865046734965,80948,764,1253,17038,
277.09004209414155,80947,765,1253,17038,
277.0910088884832,80947,764,1254,17038,
277.0981020664596,80946,765,1254,17038,
277.10126052560884,80946,764,1255,17038,
277.10451525684186,80946,763,1256,17038,
277.1063245483401,80945,764,1256,17038,
277.10757500955765,80944,765,1256,17038,
277.1095634844403,80943,766,1256,17038,
277.11015347604734,80943,765,1257,17038,
277.11022171193235,80943,765,1256,17039,
277.11499019032414,80942,766,1256,17039,
277.115001957936,80942,765,1257,17039,
277.11783158628464,80942,764,1258,17039,
277.1200208139886,80941,765,1258,17039,
277.1201056830397,80941,764,1259,17039,
277.12619477402114,80941,763,1260,17039,
277.1262444310778,80941,763,1259,17040,
277.12993611033573,80941,762,1260,17040,
277.1301962634539,80941,761,1261,17040,
277.1316781838538,80941,760,1262,17040,
277.13197397884426,80940,761,1262,17040,
277.13509725224986,80940,761,1261,17041,
277.1396886188562,80940,761,1260,17042,
277.14014605555934,80940,760,1261,17042,
277.1422675773095,80939,761,1261,17042,
277.1423029591916,80939,760,1262,17042,
277.1424922135475,80939,760,1261,17043,
277.14597838293736,80939,760,1260,17044,
277.14900183357645,80939,760,1259,17045,
277.14904637265255,80938,761,1259,17045,
277.1510526417547,80938,760,1260,17045,
277.15473714056026,80938,760,1259,17046,
277.1549450986133,80938,759,1260,17046,
277.15655220847333,80937,760,1260,17046,
277.1598186202461,80937,760,1259,17047,
277.1602216370296,80937,760,1258,17048,
277.1627388302488,80937,759,1259,17048,
277.16313814032407,80937,758,1260,17048,
277.16372550075585,80937,758,1259,17049,
277.1641633270494,80937,757,1260,17049,
277.16448956769455,80937,756,1261,17049,
277.1647778869582,80936,757,1261,17049,
277.1719747512755,80936,757,1260,17050,
277.1724961258041,80936,756,1261,17050,
277.1728018527948,80936,756,1260,17051,
277.17434884655944,80936,756,1259,17052,
277.17715254311656,80936,756,1258,17053,
277.18240402300097,80935,757,1258,17053,
277.19003455485256,80934,758,1258,17053,
277.19068053651824,80934,758,1257,17054,
277.190698819634,80934,758,1256,17055,
277.19320255231685,80934,758,1255,17056,
277.1934369249424,80933,759,1255,17056,
277.195817962817,80932,760,1255,17056,
277.19670189868674,80931,761,1255,17056,
277.198448632495,80930,762,1255,17056,
277.1992240607098,80930,761,1256,17056,
277.20313135974243,80930,761,1255,17057,
277.20590185284277,80929,762,1255,17057,
277.20629446696677,80928,763,1255,17057,
277.2067334258954,80928,762,1256,17057,
277.2107514900179,80928,762,1255,17058,
277.21203713881204,80928,762,1254,17059,
277.21220823339723,80927,763,1254,17059,
277.21489333339855,80927,762,1255,17059,
277.21648706795855,80927,762,1254,17060,
277.2193603499736,80926,763,1254,17060,
277.223815486707,80926,763,1253,17061,
277.2288892031738,80925,764,1253,17061,
277.2375533406294,80925,763,1254,17061,
277.24102585476027,80924,764,1254,17061,
277.24360745564803,80924,764,1253,17062,
277.2443524180316,80924,764,1252,17063,
277.2454912930311,80923,765,1252,17063,
277.2479466187734,80922,766,1252,17063,
277.2497074633271,80922,766,1251,17064,
277.25165471371923,80921,767,1251,17064,
277.2570321576468,80920,768,1251,17064,
277.2627052096746,80919,769,1251,17064,
277.2639352048099,80919,768,1252,17064,
277.26396983329425,80919,768,1251,17065,
277.266634491748,80919,767,1252,17065,
277.2667492175424,80919,766,1253,17065,
277.26942741870795,80919,766,1252,17066,
277.26949312986875,80919,765,1253,17066,
277.26966324915537,80919,764,1254,17066,
277.2706369771935,80919,764,1253,17067,
277.27193172586374,80918,765,1253,17067,
277.27233067008217,80917,766,1253,17067,
277.27321497301773,80916,767,1253,17067,
277.2739284939384,80916,766,1254,17067,
277.27463190692066,80916,765,1255,17067,
277.2793747812391,80916,765,1254,17068,
277.28089582155025,80916,764,1255,17068,
277.28202176591293,80916,763,1256,17068,
277.2831860029546,80915,764,1256,17068,
277.2867162347667,80915,764,1255,17069,
277.3003968269104,80915,763,1256,17069,
277.3007012086834,80914,764,1256,17069,
277.30215208983356,80914,763,1257,17069,
277.30360181697574,80914,762,1258,17069,
277.3055359722169,80913,763,1258,17069,
277.30723155060514,80913,763,1257,17070,
277.30898174133506,80912,764,1257,17070,
277.3090004786466,80911,765,1257,17070,
277.30904873942194,80911,765,1256,17071,
277.3095999718362,80910,766,1256,17071,
277.30980004982274,80910,766,1255,17072,
277.3106228717996,80910,766,1254,17073,
277.31552098859106,80910,766,1253,17074,
277.3167106070507,80909,767,1253,17074,
277.31807811608354,80909,766,1254,17074,
277.31987642798487,80909,766,1253,17075,
277.322328813309,80908,767,1253,17075,
277.3248925656673,80907,768,1253,17075,
277.3292821197282,80906,769,1253,17075,
277.33216685323697,80906,769,1252,17076,
277.33372199339664,80905,770,1252,17076,
277.33953768620256,80905,770,1251,17077,
277.34362024750885,80905,769,1252,17077,
277.34391694462164,80904,770,1252,17077,
277.34407706970893,80904,769,1253,17077,
277.34486755378947,80903,770,1253,17077,
277.3458304933565,80903,770,1252,17078,
277.34863321820285,80902,771,1252,17078,
277.34883476672803,80902,771,1251,17079,
277.351162156987,80902,771,1250,17080,
277.3513911532561,80902,771,1249,17081,
277.35152920201847,80902,771,1248,17082,
277.35223361927837,80902,771,1247,17083,
277.35233376798953,80901,772,1247,17083,
277.3561384946056,80900,773,1247,17083,
277.3625462835215,80899,774,1247,17083,
277.3639983868203,80899,773,1248,17083,
277.364091351673,80899,773,1247,17084,
277.3646045489879,80899,773,1246,17085,
277.3649103388662,80898,774,1246,17085,
277.3671047775531,80898,774,1245,17086,
277.3672744237349,80898,774,1244,17087,
277.36772424446133,80898,773,1245,17087,
277.3710761307482,80898,772,1246,17087,
277.3730009189128,80898,772,1245,17088,
277.3760316483768,80898,772,1244,17089,
277.37635134437687,80898,772,1243,17090,
277.38167175017617,80898,771,1244,17090,
277.38247547925295,80898,770,1245,17090,
277.384277680669,80897,771,1245,17090,
277.3868247964099,80897,770,1246,17090,
277.3877315822156,80896,771,1246,17090,
277.3879159601453,80896,770,1247,17090,
277.38828323846116,80895,771,1247,17090,
277.3896921003854,80895,770,1248,17090,
277.39266837101945,80894,771,1248,17090,
277.39487018657917,80894,770,1249,17090,
277.3974493330931,80894,769,1250,17090,
277.3991072348273,80894,768,1251,17090,
277.39960951369136,80893,769,1251,17090,
277.40112768173594,80892,770,1251,17090,
277.4011665415991,80892,769,1252,17090,
277.4027917794598,80891,770,1252,17090,
277.4028209074805,80891,769,1253,17090,
277.40291671659753,80891,768,1254,17090,
277.4085816004408,80891,768,1253,17091,
277.40948167195216,80891,768,1252,17092,
277.41065088976984,80891,768,1251,17093,
277.41112905643394,80891,767,1252,17093,
277.41119664760237,80891,766,1253,17093,
277.41174360133255,80891,766,1252,17094,
277.415766506022,80890,767,1252,17094,
277.4180167877259,80889,768,1252,17094,
277.41885112965605,80889,767,1253,17094,
277.41910458118775,80889,767,1252,17095,
277.42091810383863,80889,767,1251,17096,
277.4241067418594,80889,767,1250,17097,
277.4258954257154,80889,767,1249,17098,
277.42600289388787,80889,766,1250,17098,
277.43279613753407,80888,767,1250,17098,
277.434169580107,80888,766,1251,17098,
277.4365578626332,80888,766,1250,17099,
277.440702933676,80888,765,1251,17099,
277.4408692685614,80888,764,1252,17099,
277.44401962409233,80888,763,1253,17099,
277.45621284987135,80887,764,1253,17099,
277.4580238513018,80887,764,1252,17100,
277.4584959101384,80887,764,1251,17101,
277.4669848558304,80887,764,1250,17102,
277.46754521565896,80887,764,1249,17103,
277.47343156067063,80887,764,1248,17104,
277.4747745478996,80886,765,1248,17104,
277.47485671834585,80886,765,1247,17105,
277.47579683288217,80886,764,1248,17105,
277.47628365133164,80886,764,1247,17106,
277.4766749745367,80885,765,1247,17106,
277.479525288816,80884,766,1247,17106,
277.482372624364,80884,765,1248,17106,
277.4838160006242,80883,766,1248,17106,
277.4874074191385,80883,765,1249,17106,
277.48878734104596,80882,766,1249,17106,
277.49213816376823,80881,767,1249,17106,
277.4938452044562,80881,767,1248,17107,
277.49627728837106,80880,768,1248,17107,
277.4964714776598,80880,767,1249,17107,
277.49722977315537,80880,766,1250,17107,
277.4988428956974,80879,767,1250,17107,
277.49957930968037,80879,767,1249,17108,
277.5029733379721,80879,766,1250,17108,
277.50410808477113,80879,765,1251,17108,
277.50422810296715,80878,766,1251,17108,
277.5053436062283,80878,765,1252,17108,
277.50616638539424,80878,765,1251,17109,
277.50968807330065,80877,766,1251,17109,
277.5123647607002,80876,767,1251,17109,
277.51494448860404,80875,768,1251,17109,
277.51513988138277,80874,769,1251,17109,
277.51540464206715,80874,769,1250,17110,
277.52303450003416,80873,770,1250,17110,
277.5253804232841,80873,770,1249,17111,
277.5271090046748,80873,769,1250,17111,
277.53119233263124,80873,769,1249,17112,
277.53391978281303,80872,770,1249,17112,
277.5349653493543,80871,771,1249,17112,
277.5352064859805,80871,771,1248,17113,
277.5356372214794,80870,772,1248,17113,
277.53642719792396,80870,772,1247,17114,
277.5380894308671,80869,773,1247,17114,
277.53860184512155,80869,772,1248,17114,
277.5436342133337,80869,771,1249,17114,
277.5486400790779,80868,772,1249,17114,
277.5518587701279,80868,772,1248,17115,
277.55297280024024,80867,773,1248,17115,
277.5542305519426,80867,773,1247,17116,
277.5565546111392,80867,772,1248,17116,
277.55709366776796,80867,772,1247,17117,
277.5673129275849,80867,771,1248,17117,
277.5681118780444,80867,770,1249,17117,
277.56863542310555,80867,769,1250,17117,
277.56983448534146,80867,768,1251,17117,
277.57048241707133,80866,769,1251,17117,
277.57402727877377,80866,769,1250,17118,
277.57748986455783,80865,770,1250,17118,
277.58171350042954,80865,770,1249,17119,
277.58262796017146,80865,769,1250,17119,
277.583383720503,80865,768,1251,17119,
277.5848979764924,80864,769,1251,17119,
277.58558460748327,80864,768,1252,17119,
277.58600626436504,80864,767,1253,17119,
277.58697388948576,80864,766,1254,17119,
277.58913668915386,80864,766,1253,17120,
277.5893048545036,80863,767,1253,17120,
277.5925499315069,80862,768,1253,17120,
277.5933410391012,80861,769,1253,17120,
277.5957106114457,80861,769,1252,17121,
277.6056942883514,80861,769,1251,17122,
277.605715798794,80861,769,1250,17123,
277.6080123890811,80860,770,1250,17123,
277.614655016059,80859,771,1250,17123,
277.61477737282377,80859,770,1251,17123,
277.61564747646497,80859,770,1250,17124,
277.6161067392782,80859,770,1249,17125,
277.6189697557174,80859,769,1250,17125,
277.6246328936952,80858,770,1250,17125,
277.62561487564807,80858,770,1249,17126,
277.6262545055075,80857,771,1249,17126,
277.6281940140898,80856,772,1249,17126,
277.62910703862246,80856,772,1248,17127,
277.62930244307904,80855,773,1248,17127,
277.6304756740266,80855,773,1247,17128,
277.63115009309547,80855,773,1246,17129,
277.637154855599,80855,772,1247,17129,
277.63759220085416,80855,771,1248,17129,
277.63785109643095,80855,770,1249,17129,
277.63812207534374,80855,769,1250,17129,
277.64009759452864,80854,770,1250,17129,
277.6404548656391,80854,770,1249,17130,
277.64091807487296,80854,770,1248,17131,
277.6412284140805,80854,770,1247,17132,
277.64324685661813,80854,770,1246,17133,
277.6432608943014,80853,771,1246,17133,
277.6467948632951,80852,772,1246,17133,
277.6469322790316,80852,772,1245,17134,
277.64738991552304,80852,772,1244,17135,
277.65074371240183,80852,771,1245,17135,
277.65095386645635,80852,771,1244,17136,
277.65301991049205,80852,770,1245,17136,
277.6590256624729,80851,771,1245,17136,
277.65923615590816,80851,770,1246,17136,
277.6601428987409,80850,771,1246,17136,
277.66030653594305,80849,772,1246,17136,
277.6637143190209,80849,772,1245,17137,
277.6639057533693,80849,771,1246,17137,
277.66773069473635,80849,771,1245,17138,
277.6743752897875,80849,770,1246,17138,
277.6775818918816,80849,770,1245,17139,
277.6809598596472,80848,771,1245,17139,
277.68317547230106,80848,770,1246,17139,
277.68519903142214,80847,771,1246,17139,
277.687496931089,80847,770,1247,17139,
277.6894568875737,80846,771,1247,17139,
277.6911588742413,80846,770,1248,17139,
277.6944715148722,80845,771,1248,17139,
277.7013181491412,80845,770,1249,17139,
277.7021150364949,80845,770,1248,17140,
277.70246493268917,80844,771,1248,17140,
277.70576785816905,80843,772,1248,17140,
277.7081357373357,80843,771,1249,17140,
277.7088745505024,80843,771,1248,17141,
277.70952680726657,80843,771,1247,17142,
277.70984069176586,80843,770,1248,17142,
277.7128597652718,80843,769,1249,17142,
277.71299266652386,80843,769,1248,17143,
277.71331075713306,80842,770,1248,17143,
277.71443007451876,80842,769,1249,17143,
277.71483258759076,80842,769,1248,17144,
277.71570881139786,80842,769,1247,17145,
277.72143367645043,80842,769,1246,17146,
277.72483313602464,80842,769,1245,17147,
277.72641220009314,80842,769,1244,17148,
277.7274615882095,80841,770,1244,17148,
277.72856459234276,80841,770,1243,17149,
277.7288602870473,80840,771,1243,17149,
277.73056086844775,80839,772,1243,17149,
277.73223652951157,80838,773,1243,17149,
277.7349269864369,80838,772,1244,17149,
277.7353699076366,80837,773,1244,17149,
277.73611694035003,80837,772,1245,17149,
277.73615690658755,80836,773,1245,17149,
277.7373883175433,80836,772,1246,17149,
277.73834299601026,80836,771,1247,17149,
277.7442273975629,80835,772,1247,17149,
277.74466312112395,80834,773,1247,17149,
277.74493807409846,80833,774,1247,17149,
277.74584315121575,80833,774,1246,17150,
277.74677603126105,80832,775,1246,17150,
277.7482371006198,80831,776,1246,17150,
277.7493190050426,80831,775,1247,17150,
277.75065718515225,80830,776,1247,17150,
277.75091142975396,80829,777,1247,17150,
277.75253461556645,80828,778,1247,17150,
277.75580966358126,80827,779,1247,17150,
277.76070920209435,80827,778,1248,17150,
277.76167407929086,80827,778,1247,17151,
277.76550450958547,80826,779,1247,17151,
277.76588325715454,80826,779,1246,17152,
277.7695952330592,80825,780,1246,17152,
277.76969294646494,80825,780,1245,17153,
277.77100851688704,80825,779,1246,17153,
277.77289776779895,80825,779,1245,17154,
277.77305726201416,80825,778,1246,17154,
277.77498163366874,80825,777,1247,17154,
277.77627534865536,80824,778,1247,17154,
277.7765639196857,80823,779,1247,17154,
277.7806421149487,80823,778,1248,17154,
277.7813930419187,80822,779,1248,17154,
277.78380207444127,80821,780,1248,17154,
277.7881976139823,80821,780,1247,17155,
277.7888528301267,80820,781,1247,17155,
277.7893533331991,80819,782,1247,17155,
277.790852658767,80819,781,1248,17155,
277.7935472484157,80819,781,1247,17156,
277.79812936277904,80819,780,1248,17156,
277.79873696513806,80818,781,1248,17156,
277.80138489250606,80818,781,1247,17157,
277.80648569247586,80817,782,1247,17157,
277.8069661762434,80816,783,1247,17157,
277.80741962219787,80815,784,1247,17157,
277.8093476238658,80815,784,1246,17158,
277.81012899774987,80815,784,1245,17159,
277.8107085865907,80814,785,1245,17159,
277.8111572400629,80814,784,1246,17159,
277.81640437848233,80814,784,1245,17160,
277.81997854831855,80814,784,1244,17161,
277.8210446644556,80814,783,1245,17161,
277.82281593305737,80813,784,1245,17161,
277.8230620881264,80813,783,1246,17161,
277.82518560555116,80813,782,1247,17161,
277.8302613157849,80813,782,1246,17162,
277.8306332977736,80813,781,1247,17162,
277.83070054131565,80812,782,1247,17162,
277.83683893759917,80811,783,1247,17162,
277.83942179521216,80811,783,1246,17163,
277.8439144597044,80810,784,1246,17163,
277.8470383759103,80809,785,1246,17163,
277.84828950006255,80808,786,1246,17163,
277.85750564121486,80807,787,1246,17163,
277.85896977268993,80807,786,1247,17163,
277.8601486569378,80807,785,1248,17163,
277.86271311178723,80807,784,1249,17163,
277.86352745447664,80807,784,1248,17164,
277.865738299829,80807,783,1249,17164,
277.8672814041209,80807,783,1248,17165,
277.86880671386103,80807,783,1247,17166,
277.86954156841597,80807,783,1246,17167,
277.8700212071876,80806,784,1246,17167,
277.87289395848165,80805,785,1246,17167,
277.8730307711467,80804,786,1246,17167,
277.87314093127213,80803,787,1246,17167,
277.87346462302173,80803,787,1245,17168,
277.87364661291224,80803,786,1246,17168,
277.8786680745326,80803,786,1245,17169,
277.8797281505232,80803,786,1244,17170,
277.8806832252208,80802,787,1244,17170,
277.89208649713675,80802,787,1243,17171,
277.8930222092416,80802,786,1244,17171,
277.8933097058013,80801,787,1244,17171,
277.8969120362576,80801,786,1245,17171,
277.9003859525774,80801,785,1246,17171,
277.90730325589533,80800,786,1246,17171,
277.908792681479,80800,786,1245,17172,
277.9097901004215,80800,785,1246,17172,
277.91331479209606,80800,784,1247,17172,
277.91613934775205,80799,785,1247,17172,
277.9164390960337,80798,786,1247,17172,
277.92229699311946,80798,785,1248,17172,
277.9224052897428,80798,785,1247,17173,
277.9240069611502,80798,785,1246,17174,
277.9288863811647,80797,786,1246,17174,
277.9307054168173,80797,785,1247,17174,
277.9368309047619,80797,785,1246,17175,
277.9379691728728,80796,786,1246,17175,
277.9380669535632,80795,787,1246,17175,
277.93837234789834,80795,787,1245,17176,
277.93929122363437,80795,786,1246,17176,
277.9411568091242,80795,785,1247,17176,
277.9416711621419,80795,785,1246,17177,
277.9421656749385,80794,786,1246,17177,
277.9445290492942,80794,786,1245,17178,
277.9524043387496,80794,786,1244,17179,
277.95409070128466,80794,785,1245,17179,
277.9549538385196,80794,784,1246,17179,
277.9651009518452,80794,784,1245,17180,
277.9652275351437,80794,783,1246,17180,
277.9664959708135,80794,783,1245,17181,
277.9688822821235,80793,784,1245,17181,
277.9690665262852,80793,783,1246,17181,
277.970163215865,80793,783,1245,17182,
277.9710763608562,80793,782,1246,17182,
277.97117781711336,80793,781,1247,17182,
277.97377143666273,80793,781,1246,17183,
277.9781012257423,80792,782,1246,17183,
277.97962530622465,80792,782,1245,17184,
277.98278423717585,80792,782,1244,17185,
277.98495512773235,80791,783,1244,17185,
277.9853192796741,80790,784,1244,17185,
277.9863485085429,80789,785,1244,17185,
277.98640094086323,80788,786,1244,17185,
277.9877967742839,80788,786,1243,17186,
277.9885615701891,80788,786,1242,17187,
277.99275344678233,80788,786,1241,17188,
277.9936568372226,80787,787,1241,17188,
277.99383284306253,80787,787,1240,17189,
277.9988686945645,80787,787,1239,17190,
277.998988921936,80787,787,1238,17191,
278.0005812288346,80787,787,1237,17192,
278.00107943249265,80787,786,1238,17192,
278.0038956558705,80787,786,1237,17193,
278.00581930948965,80787,786,1236,17194,
278.01193219870794,80786,787,1236,17194,
278.0128443289394,80786,787,1235,17195,
278.0132781604234,80786,786,1236,17195,
278.0148959409436,80785,787,1236,17195,
278.01588985391953,80784,788,1236,17195,
278.0170958606483,80784,787,1237,17195,
278.01720999261164,80784,786,1238,17195,
278.01850465794473,80784,785,1239,17195,
278.0186203386344,80784,785,1238,17196,
278.02003776358885,80783,786,1238,17196,
278.0216574580332,80783,785,1239,17196,
278.0236431966462,80783,785,1238,17197,
278.0244394081369,80783,785,1237,17198,
278.02682548405534,80782,786,1237,17198,
278.02885062327084,80781,787,1237,17198,
278.0305050717424,80780,788,1237,17198,
278.0311863756024,80780,788,1236,17199,
278.031759635757,80780,788,1235,17200,
278.0334707564557,80779,789,1235,17200,
278.041657946779,80779,788,1236,17200,
278.0426613325427,80779,787,1237,17200,
278.04459108357946,80779,787,1236,17201,
278.0465293825776,80779,786,1237,17201,
278.0470043657914,80779,786,1236,17202,
278.04772881581266,80779,786,1235,17203,
278.04906597253523,80779,786,1234,17204,
278.0506153064169,80779,786,1233,17205,
278.0545735715728,80778,787,1233,17205,
278.06080545111445,80778,786,1234,17205,
278.06171851856635,80778,785,1235,17205,
278.0617415840093,80777,786,1235,17205,
278.0629468997059,80777,785,1236,17205,
278.0669519685951,80777,785,1235,17206,
278.07098830244,80777,784,1236,17206,
278.073146877608,80776,785,1236,17206,
278.07442373719937,80776,784,1237,17206,
278.0786698294321,80776,784,1236,17207,
278.0798711628544,80776,783,1237,17207,
278.08331652302815,80776,783,1236,17208,
278.0857725423735,80776,783,1235,17209,
278.08780690540283,80776,782,1236,17209,
278.0887134099203,80776,782,1235,17210,
278.0894941426775,80776,782,1234,17211,
278.0910717125263,80776,782,1233,17212,
278.09565963062283,80776,782,1232,17213,
278.1001599309299,80776,782,1231,17214,
278.1019950082611,80776,782,1230,17215,
278.10288718534656,80776,782,1229,17216,
278.10715164053425,80775,783,1229,17216,
278.1074956194803,80775,783,1228,17217,
278.10828337847425,80774,784,1228,17217,
278.10838530238556,80773,785,1228,17217,
278.111364455628,80773,785,1227,17218,
278.113544545286,80773,784,1228,17218,
278.1148206374654,80773,783,1229,17218,
278.1151437803005,80772,784,1229,17218,
278.1198333549288,80771,785,1229,17218,
278.12183758513305,80771,785,1228,17219,
278.12285778751976,80770,786,1228,17219,
278.12357505649584,80770,786,1227,17220,
278.1259340804518,80769,787,1227,17220,
278.1267376661086,80768,788,1227,17220,
278.1292476551596,80767,789,1227,17220,
278.13218203479977,80767,788,1228,17220,
278.133445494804,80767,787,1229,17220,
278.13542342475324,80767,787,1228,17221,
278.13747838329897,80767,786,1229,17221,
278.1391748631214,80766,787,1229,17221,
278.14059209924915,80765,788,1229,17221,
278.14234508456667,80765,787,1230,17221,
278.1433952286549,80765,786,1231,17221,
278.14473086051913,80765,786,1230,17222,
278.1458002893227,80765,785,1231,17222,
278.1460452377274,80765,785,1230,17223,
278.1466466866143,80764,786,1230,17223,
278.14731041675594,80763,787,1230,17223,
278.148736134607,80763,787,1229,17224,
278.14897405244767,80762,788,1229,17224,
278.1496672887885,80762,787,1230,17224,
278.15447300801935,80762,786,1231,17224,
278.1559562394788,80761,787,1231,17224,
278.1585775259402,80760,788,1231,17224,
278.1609841386142,80760,788,1230,17225,
278.16215872193624,80760,787,1231,17225,
278.1663046516788,80760,786,1232,17225,
278.1667593447851,80759,787,1232,17225,
278.169390110961,80759,787,1231,17226,
278.1699284101208,80758,788,1231,17226,
278.17053617550306,80758,788,1230,17227,
278.1725436089199,80758,788,1229,17228,
278.1728490869171,80757,789,1229,17228,
278.1788414337635,80757,788,1230,17228,
278.17937997001076,80756,789,1230,17228,
278.18249321034034,80756,788,1231,17228,
278.18509040862796,80756,787,1232,17228,
278.1867102501297,80756,786,1233,17228,
278.1874127707273,80756,786,1232,17229,
278.19135174698334,80755,787,1232,17229,
278.19466408792596,80755,786,1233,17229,
278.1989957093616,80755,785,1234,17229,
278.199116530869,80755,784,1235,17229,
278.2039424626341,80755,784,1234,17230,
278.20416503380545,80755,783,1235,17230,
278.2084319559936,80755,782,1236,17230,
278.21002197687307,80754,783,1236,17230,
278.2106412796022,80754,782,1237,17230,
278.2110905013748,80753,783,1237,17230,
278.2115682164099,80752,784,1237,17230,
278.2125997806699,80752,784,1236,17231,
278.2136565364619,80752,783,1237,17231,
278.2160543195362,80752,782,1238,17231,
278.21741959114,80751,783,1238,17231,
278.217845113096,80751,783,1237,17232,
278.2206765100763,80750,784,1237,17232,
278.2215036442211,80750,783,1238,17232,
278.2230204592124,80750,782,1239,17232,
278.22307690947537,80750,782,1238,17233,
278.22511254641483,80750,781,1239,17233,
278.230159546316,80750,781,1238,17234,
278.23080973361004,80750,781,1237,17235,
278.23306496429433,80750,780,1238,17235,
278.23780611787737,80749,781,1238,17235,
278.23825762167843,80748,782,1238,17235,
278.2419997716947,80748,782,1237,17236,
278.2477636774131,80747,783,1237,17236,
278.2481348421062,80746,784,1237,17236,
278.2493521967721,80746,784,1236,17237,
278.2503110846523,80746,784,1235,17238,
278.25444411381903,80746,784,1234,17239,
278.2613152273098,80746,783,1235,17239,
278.26512338203725,80745,784,1235,17239,
278.2665969605825,80745,784,1234,17240,
278.26743171087804,80744,785,1234,17240,
278.2728158001547,80744,785,1233,17241,
278.2734814441366,80743,786,1233,17241,
278.27672363592745,80743,786,1232,17242,
278.27776646954743,80743,785,1233,17242,
278.27816561212086,80743,784,1234,17242,
278.2788303231999,80743,784,1233,17243,
278.27888799869993,80742,785,1233,17243,
278.28008078199946,80742,785,1232,17244,
278.2831135438386,80741,786,1232,17244,
278.28591258256694,80740,787,1232,17244,
278.28998620118256,80740,786,1233,17244,
278.29033191614025,80740,786,1232,17245,
278.2926398726038,80740,786,1231,17246,
278.293214812283,80739,787,1231,17246,
278.29340111620394,80739,787,1230,17247,
278.2940978873629,80738,788,1230,17247,
278.2947692855919,80738,787,1231,17247,
278.2983895310174,80737,788,1231,17247,
278.298763110324,80737,788,1230,17248,
278.3028322259299,80736,789,1230,17248,
278.30343014763696,80736,789,1229,17249,
278.30460907685074,80735,790,1229,17249,
278.3051419765073,80735,789,1230,17249,
278.30526171430637,80735,789,1229,17250,
278.3070697219486,80734,790,1229,17250,
278.30782807312244,80733,791,1229,17250,
278.3134517302963,80733,790,1230,17250,
278.3151552249619,80733,790,1229,17251,
278.31723148930917,80732,791,1229,17251,
278.3194990308973,80732,790,1230,17251,
278.31980079694455,80732,789,1231,17251,
278.32109096656274,80732,789,1230,17252,
278.32222671180165,80732,788,1231,17252,
278.32776995331164,80731,789,1231,17252,
278.3283751940576,80731,789,1230,17253,
278.3352900806061,80730,790,1230,17253,
278.33532768024537,80729,791,1230,17253,
278.3358156696931,80729,791,1229,17254,
278.33667675933435,80729,791,1228,17255,
278.3387847679932,80728,792,1228,17255,
278.33939878374923,80728,792,1227,17256,
278.34085451735046,80727,793,1227,17256,
278.3412832279805,80726,794,1227,17256,
278.3437286438641,80726,794,1226,17257,
278.34405322476454,80726,793,1227,17257,
278.3521859547914,80725,794,1227,17257,
278.3543328347814,80725,793,1228,17257,
278.3547628586385,80725,792,1229,17257,
278.3600119223882,80725,792,1228,17258,
278.36408720800364,80724,793,1228,17258,
278.3656468165789,80724,793,1227,17259,
278.36888195653756,80724,793,1226,17260,
278.372106873622,80724,792,1227,17260,
278.37276813420965,80724,791,1228,17260,
278.37339576788844,80723,792,1228,17260,
278.37590208290976,80723,791,1229,17260,
278.37610128232126,80723,791,1228,17261,
278.37680057988763,80723,791,1227,17262,
278.3859666272718,80723,791,1226,17263,
278.38700232068084,80723,791,1225,17264,
278.3957366271468,80722,792,1225,17264,
278.39653490051217,80722,792,1224,17265,
278.3972797162411,80722,791,1225,17265,
278.4004175151169,80722,791,1224,17266,
278.40180640268795,80722,790,1225,17266,
278.4058856597934,80722,789,1226,17266,
278.4071671030456,80722,788,1227,17266,
278.412776899826,80721,789,1227,17266,
278.41424088213495,80721,789,1226,17267,
278.41482570082735,80721,788,1227,17267,
278.4179705768559,80721,787,1228,17267,
278.42061922396533,80721,787,1227,17268,
278.4213650403942,80720,788,1227,17268,
278.4290995238392,80719,789,1227,17268,
278.4303673896788,80719,788,1228,17268,
278.4323877632045,80719,787,1229,17268,
278.4325248770345,80719,786,1230,17268,
278.4366351449359,80718,787,1230,17268,
278.43825982549185,80718,787,1229,17269,
278.4388008133381,80718,787,1228,17270,
278.4395870858773,80717,788,1228,17270,
278.44225325758475,80717,787,1229,17270,
278.4463477245367,80717,787,1228,17271,
278.44861526537164,80716,788,1228,17271,
278.45032684839686,80716,788,1227,17272,
278.4513424656287,80716,788,1226,17273,
278.4581207692544,80716,787,1227,17273,
278.4604246758157,80716,786,1228,17273,
278.4645464242746,80716,785,1229,17273,
278.4648938617936,80716,785,1228,17274,
278.4692066077966,80715,786,1228,17274,
278.47261879880494,80714,787,1228,17274,
278.4728911517397,80714,786,1229,17274,
278.4746202190898,80713,787,1229,17274,
278.47545020738403,80713,786,1230,17274,
278.47773781511734,80713,786,1229,17275,
278.4829649186694,80713,786,1228,17276,
278.4847354144218,80713,786,1227,17277,
278.48529196668716,80712,787,1227,17277,
278.4876503883985,80711,788,1227,17277,
278.4882291817297,80711,788,1226,17278,
278.488367187878,80710,789,1226,17278,
278.4888980007919,80710,789,1225,17279,
278.4893648793399,80710,788,1226,17279,
278.491803021397,80709,789,1226,17279,
278.4927405657261,80709,788,1227,17279,
278.4938928743182,80709,788,1226,17280,
278.4951240533347,80709,787,1227,17280,
278.49863135896,80708,788,1227,17280,
278.49934259382064,80708,787,1228,17280,
278.4996929887952,80707,788,1228,17280,
278.50105755423726,80707,788,1227,17281,
278.5049768979912,80707,788,1226,17282,
278.50672627833154,80706,789,1226,17282,
278.5067378070267,80705,790,1226,17282,
278.50723717018326,80705,790,1225,17283,
278.5082876827114,80704,791,1225,17283,
278.5148591963253,80704,791,1224,17284,
278.51530155921824,80704,790,1225,17284,
278.5153703316362,80704,790,1224,17285,
278.5162821662327,80704,789,1225,17285,
278.516457250038,80704,788,1226,17285,
278.5170532707751,80704,787,1227,17285,
278.5182987255014,80704,786,1228,17285,
278.51943290958286,80704,785,1229,17285,
278.5252644903795,80704,785,1228,17286,
278.53071431834957,80703,786,1228,17286,
278.5308034046893,80702,787,1228,17286,
278.53278546611466,80702,786,1229,17286,
278.5333295030688,80701,787,1229,17286,
278.53644023882174,80700,788,1229,17286,
278.53800263477996,80700,787,1230,17286,
278.53939449855005,80700,787,1229,17287,
278.5398881575717,80700,786,1230,17287,
278.5398895986767,80700,786,1229,17288,
278.5445677775016,80700,786,1228,17289,
278.54559831076733,80700,785,1229,17289,
278.5513768359163,80699,786,1229,17289,
278.55365994954263,80698,787,1229,17289,
278.5569479921261,80698,787,1228,17290,
278.5577783169579,80698,787,1227,17291,
278.56419484185784,80697,788,1227,17291,
278.5689968167188,80696,789,1227,17291,
278.5691131371827,80695,790,1227,17291,
278.5724122994815,80695,790,1226,17292,
278.5730014325826,80694,791,1226,17292,
278.57374606468113,80693,792,1226,17292,
278.58072338445515,80693,792,1225,17293,
278.58179182524447,80693,791,1226,17293,
278.58429367685915,80693,790,1227,17293,
278.5845620302677,80693,790,1226,17294,
278.5871852021722,80693,790,1225,17295,
278.5883446540172,80693,789,1226,17295,
278.58971114376277,80692,790,1226,17295,
278.5926064040859,80692,789,1227,17295,
278.5934862538658,80692,789,1226,17296,
278.5941870153956,80692,788,1227,17296,
278.59633042532465,80692,787,1228,17296,
278.6002543442317,80691,788,1228,17296,
278.6009244222931,80691,787,1229,17296,
278.6018141314553,80690,788,1229,17296,
278.6030049466836,80690,787,1230,17296,
278.6050635588607,80689,788,1230,17296,
278.60953172089756,80689,788,1229,17297,
278.61075365462546,80689,788,1228,17298,
278.61207725724734,80688,789,1228,17298,
278.6156447329059,80688,788,1229,17298,
278.61791309978184,80688,787,1230,17298,
278.6222599503201,80688,787,1229,17299,
278.6234985125601,80688,786,1230,17299,
278.624421864284,80688,786,1229,17300,
278.6262825747398,80687,787,1229,17300,
278.6289585050524,80687,786,1230,17300,
278.62913750209765,80686,787,1230,17300,
278.63167030006827,80685,788,1230,17300,
278.644942476219,80685,788,1229,17301,
278.64699777198246,80685,787,1230,17301,
278.6515792650692,80684,788,1230,17301,
278.65484851272805,80684,788,1229,17302,
278.6550191905889,80683,789,1229,17302,
278.65991801031765,80682,790,1229,17302,
278.6632306467835,80682,789,1230,17302,
278.6640220265304,80681,790,1230,17302,
278.6647994261518,80681,790,1229,17303,
278.6689974286519,80680,791,1229,17303,
278.67028295808683,80680,790,1230,17303,
278.6719609052903,80680,790,1229,17304,
278.6732989469351,80680,790,1228,17305,
278.68194074963804,80680,789,1229,17305,
278.68324651107645,80679,790,1229,17305,
278.68397779158664,80678,791,1229,17305,
278.6869541224987,80678,791,1228,17306,
278.68708729676655,80678,790,1229,17306,
278.6885827100954,80677,791,1229,17306,
278.68951715915716,80676,792,1229,17306,
278.6902642174554,80675,793,1229,17306,
278.6910165547001,80675,792,1230,17306,
278.6919780124333,80675,792,1229,17307,
278.69208591390475,80675,792,1228,17308,
278.6926705149265,80675,792,1227,17309,
278.69413460923204,80675,792,1226,17310,
278.6945316055938,80674,793,1226,17310,
278.69597564554647,80674,792,1227,17310,
278.6959855202456,80674,792,1226,17311,
278.69714721954034,80673,793,1226,17311,
278.69793686257304,80672,794,1226,17311,
278.69809379010957,80672,793,1227,17311,
278.6992271622669,80672,793,1226,17312,
278.7005716952678,80671,794,1226,17312,
278.70183665420586,80670,795,1226,17312,
278.7026923336989,80670,794,1227,17312,
278.70739614908837,80669,795,1227,17312,
278.71449573544794,80668,796,1227,17312,
278.7166230729457,80668,796,1226,17313,
278.72005132849114,80667,797,1226,17313,
278.7216621159051,80667,796,1227,17313,
278.7229051132891,80667,795,1228,17313,
278.7235715868377,80667,795,1227,17314,
278.7244019017686,80666,796,1227,17314,
278.72724381657406,80666,796,1226,17315,
278.7304361538248,80666,795,1227,17315,
278.73116516044854,80666,795,1226,17316,
278.7332407276092,80666,794,1227,17316,
278.7333441597049,80666,794,1226,17317,
278.734108154094,80666,793,1227,17317,
278.74631429559724,80666,792,1228,17317,
278.7498521787228,80666,792,1227,17318,
278.7505991846401,80666,791,1228,17318,
278.7522108201175,80666,790,1229,17318,
278.7529816165943,80666,790,1228,17319,
278.75411743292375,80666,790,1227,17320,
278.75679004532634,80665,791,1227,17320,
278.7582080597992,80665,790,1228,17320,
278.75849241108193,80665,789,1229,17320,
278.7595999372904,80665,789,1228,17321,
278.76049506365047,80665,789,1227,17322,
278.76200864411624,80665,788,1228,17322,
278.7684984347871,80665,787,1229,17322,
278.76952594713225,80664,788,1229,17322,
278.77425730429945,80664,788,1228,17323,
278.7761058672057,80664,788,1227,17324,
278.77928044009025,80663,789,1227,17324,
278.78435564486375,80662,790,1227,17324,
278.785167046159,80661,791,1227,17324,
278.78816286880505,80660,792,1227,17324,
278.7887952059977,80660,791,1228,17324,
278.7890748905325,80659,792,1228,17324,
278.7912643800992,80658,793,1228,17324,
278.79133345322805,80658,792,1229,17324,
278.7931594846054,80657,793,1229,17324,
278.7942627776752,80656,794,1229,17324,
278.7969917149673,80656,793,1230,17324,
278.79723384027227,80655,794,1230,17324,
278.800704590502,80655,794,1229,17325,
278.8042023854023,80654,795,1229,17325,
278.8044840827178,80654,795,1228,17326,
278.8056698633714,80654,794,1229,17326,
278.8064678475881,80654,794,1228,17327,
278.80876675061836,80654,793,1229,17327,
278.81395182702755,80653,794,1229,17327,
278.814549374884,80653,794,1228,17328,
278.817380495157,80652,795,1228,17328,
278.8225293637331,80652,794,1229,17328,
278.823955991306,80651,795,1229,17328,
278.825758346889,80651,794,1230,17328,
278.8259874244894,80651,793,1231,17328,
278.8277156669063,80651,793,1230,17329,
278.82808285598594,80650,794,1230,17329,
278.8317951423787,80650,793,1231,17329,
278.832677464179,80650,793,1230,17330,
278.8336340926656,80649,794,1230,17330,
278.8355808868357,80649,794,1229,17331,
278.84076950615014,80649,793,1230,17331,
278.84079816790387,80648,794,1230,17331,
278.84288371754053,80647,795,1230,17331,
278.84545875588265,80647,794,1231,17331,
278.8483753375423,80647,793,1232,17331,
278.84862437739366,80647,792,1233,17331,
278.8558730603213,80646,793,1233,17331,
278.8594862685621,80646,793,1232,17332,
278.8613892480757,80646,792,1233,17332,
278.86144716154234,80646,792,1232,17333,
278.8618146582001,80646,792,1231,17334,
278.8624340605761,80646,791,1232,17334,
278.86254643612256,80646,791,1231,17335,
278.865004916479,80646,791,1230,17336,
278.8655465684793,80646,791,1229,17337,
278.8720361043894,80645,792,1229,17337,
278.8725059434281,80645,791,1230,17337,
278.8738983199868,80644,792,1230,17337,
278.87392419031045,80644,792,1229,17338,
278.8778513730251,80643,793,1229,17338,
278.8838254962292,80643,792,1230,17338,
278.88540526509877,80643,792,1229,17339,
278.88627843208303,80642,793,1229,17339,
278.89024527604215,80641,794,1229,17339,
278.8912702132738,80641,793,1230,17339,
278.8956057449874,80641,793,1229,17340,
278.896700863751,80641,792,1230,17340,
278.8974182741066,80641,792,1229,17341,
278.89791769555734,80640,793,1229,17341,
278.9014311145021,80640,792,1230,17341,
278.9017153376629,80640,792,1229,17342,
278.905584254027,80639,793,1229,17342,
278.9058542158634,80638,794,1229,17342,
278.90697230334115,80638,793,1230,17342,
278.9087186913489,80637,794,1230,17342,
278.91122703760163,80637,794,1229,17343,
278.91146079748523,80637,793,1230,17343,
278.9136462061469,80637,793,1229,17344,
278.91469704452277,80637,793,1228,17345,
278.9148497488229,80637,793,1227,17346,
278.91784286137687,80637,792,1228,17346,
278.92052157582873,80636,793,1228,17346,
278.92203697385594,80636,793,1227,17347,
278.9258067582189,80636,792,1228,17347,
278.9288982359032,80636,791,1229,17347,
278.93096182462665,80635,792,1229,17347,
278.9325785242115,80635,792,1228,17348,
278.9331669158171,80635,792,1227,17349,
278.9338544881147,80634,793,1227,17349,
278.9369991830925,80634,793,1226,17350,
278.9389378645547,80634,793,1225,17351,
278.93950618645107,80633,794,1225,17351,
278.94330031367315,80632,795,1225,17351,
278.94756768707595,80632,795,1224,17352,
278.9486516324799,80631,796,1224,17352,
278.95455165897386,80631,795,1225,17352,
278.9546453719336,80631,794,1226,17352,
278.9599217469851,80631,794,1225,17353,
278.9621930025511,80630,795,1225,17353,
278.9623711619072,80630,795,1224,17354,
278.96292050014614,80630,794,1225,17354,
278.96519875349384,80630,793,1226,17354,
278.967017782212,80629,794,1226,17354,
278.9685487211467,80629,794,1225,17355,
278.96929337496755,80628,795,1225,17355,
278.9694991983573,80628,794,1226,17355,
278.97187571174885,80628,793,1227,17355,
278.97223913907317,80627,794,1227,17355,
278.9731243189752,80627,794,1226,17356,
278.97642882375095,80626,795,1226,17356,
278.9768179263217,80625,796,1226,17356,
278.97852951104795,80625,795,1227,17356,
278.9825815813681,80625,794,1228,17356,
278.98694403756576,80625,794,1227,17357,
278.9906060640286,80625,794,1226,17358,
278.9940822222545,80624,795,1226,17358,
279.0003956797101,80624,795,1225,17359,
279.0039389151846,80624,795,1224,17360,
279.005468105175,80623,796,1224,17360,
279.00645968007626,80622,797,1224,17360,
279.0098101728144,80622,796,1225,17360,
279.0105136063113,80622,796,1224,17361,
279.01061534678325,80621,797,1224,17361,
279.01277424440985,80621,796,1225,17361,
279.01281898074416,80621,796,1224,17362,
279.0138737268821,80621,795,1225,17362,
279.0162927298222,80621,795,1224,17363,
279.0213510292172,80620,796,1224,17363,
279.0265361821968,80620,796,1223,17364,
279.0339793033091,80619,797,1223,17364,
279.03988547249327,80618,798,1223,17364,
279.0409303181095,80618,798,1222,17365,
279.0423421628681,80617,799,1222,17365,
279.04664957255517,80617,798,1223,17365,
279.04670380831004,80617,797,1224,17365,
279.0503948549308,80617,796,1225,17365,
279.052047945148,80617,796,1224,17366,
279.0535149308185,80617,796,1223,17367,
279.0547493816544,80616,797,1223,17367,
279.0571816677554,80615,798,1223,17367,
279.0611816547849,80615,798,1222,17368,
279.0625716345959,80614,799,1222,17368,
279.07245804298003,80613,800,1222,17368,
279.07384547096143,80612,801,1222,17368,
279.07487437289836,80612,800,1223,17368,
279.07810870921236,80612,799,1224,17368,
279.07895166326364,80612,799,1223,17369,
279.080399996596,80612,798,1224,17369,
279.0837801761106,80611,799,1224,17369,
279.0852688766186,80610,800,1224,17369,
279.08728112630126,80610,800,1223,17370,
279.0906901167964,80610,799,1224,17370,
279.0921845905292,80610,798,1225,17370,
279.0923622109844,80610,797,1226,17370,
279.0936868269665,80609,798,1226,17370,
279.0937015652313,80609,797,1227,17370,
279.10439546723063,80609,796,1228,17370,
279.10907611617466,80609,796,1227,17371,
279.10990226804756,80609,795,1228,17371,
279.1138431637386,80608,796,1228,17371,
279.1161594440454,80608,796,1227,17372,
279.11743334890645,80607,797,1227,17372,
279.1198323915548,80606,798,1227,17372,
279.12029723877816,80606,797,1228,17372,
279.124498494172,80606,796,1229,17372,
279.12488618692856,80606,796,1228,17373,
279.12635964060917,80606,795,1229,17373,
279.13469875040016,80605,796,1229,17373,
279.14737532867355,80605,796,1228,17374,
279.14845604953854,80605,795,1229,17374,
279.15002119496273,80604,796,1229,17374,
279.1570298650222,80603,797,1229,17374,
279.15734793081583,80603,796,1230,17374,
279.16160399453827,80602,797,1230,17374,
279.1621933347389,80602,796,1231,17374,
279.1632999956538,80601,797,1231,17374,
279.17099807667347,80601,796,1232,17374,
279.17907638679895,80600,797,1232,17374,
279.1802879003113,80600,797,1231,17375,
279.1811556383533,80600,797,1230,17376,
279.1911732608736,80600,796,1231,17376,
279.19660013449914,80600,795,1232,17376,
279.1981659743777,80600,795,1231,17377,
279.19914259043105,80600,795,1230,17378,
279.19932580388496,80600,794,1231,17378,
279.19933650178496,80600,793,1232,17378,
279.19986632804336,80600,792,1233,17378,
279.2008526676436,80600,791,1234,17378,
279.2027229565124,80599,792,1234,17378,
279.2091793773133,80599,791,1235,17378,
279.21102339893935,80599,790,1236,17378,
279.21318023949055,80599,790,1235,17379,
279.2165379248952,80599,790,1234,17380,
279.2195409217788,80599,789,1235,17380,
279.21972097801626,80598,790,1235,17380,
279.22036873041714,80598,789,1236,17380,
279.22335823175825,80597,790,1236,17380,
279.2311153778592,80596,791,1236,17380,
279.23307120205527,80595,792,1236,17380,
279.2347815887585,80595,791,1237,17380,
279.23502137605857,80595,791,1236,17381,
279.2368980826435,80595,790,1237,17381,
279.23822672600346,80594,791,1237,17381,
279.2391991889202,80594,790,1238,17381,
279.2409312344071,80594,789,1239,17381,
279.24629544570865,80594,788,1240,17381,
279.24883415955514,80594,788,1239,17382,
279.2491742099583,80593,789,1239,17382,
279.2496650204815,80592,790,1239,17382,
279.2526211182903,80592,789,1240,17382,
279.2527179084424,80591,790,1240,17382,
279.25414832970154,80591,790,1239,17383,
279.2541521584421,80591,789,1240,17383,
279.2559239838477,80590,790,1240,17383,
279.25596514660646,80590,790,1239,17384,
279.259011639622,80589,791,1239,17384,
279.2609795404292,80589,791,1238,17385,
279.26131100648104,80588,792,1238,17385,
279.26444977636265,80587,793,1238,17385,
279.26487830492147,80586,794,1238,17385,
279.26573195966597,80586,794,1237,17386,
279.26623797537565,80585,795,1237,17386,
279.2708210082072,80585,794,1238,17386,
279.2728039853623,80585,793,1239,17386,
279.27564096123814,80585,792,1240,17386,
279.2789581205482,80584,793,1240,17386,
279.2798213172489,80584,792,1241,17386,
279.2820964309123,80584,792,1240,17387,
279.28234136223415,80584,792,1239,17388,
279.2829284832786,80584,792,1238,17389,
279.28801909256765,80583,793,1238,17389,
279.28959141835276,80582,794,1238,17389,
279.2927069551245,80582,793,1239,17389,
279.2972085313133,80582,792,1240,17389,
279.29750364667376,80581,793,1240,17389,
279.29764695046896,80581,792,1241,17389,
279.2980200267298,80581,791,1242,17389,
279.3008853603088,80581,790,1243,17389,
279.3041350895506,80581,789,1244,17389,
279.3070647554582,80580,790,1244,17389,
279.30707505919963,80580,789,1245,17389,
279.307360849336,80580,788,1246,17389,
279.3093624401257,80580,788,1245,17390,
279.3096013551816,80579,789,1245,17390,
279.30961915067417,80579,788,1246,17390,
279.31057884114085,80579,787,1247,17390,
279.3113764204743,80578,788,1247,17390,
279.3119683853439,80577,789,1247,17390,
279.3157697696461,80576,790,1247,17390,
279.3169756574786,80576,789,1248,17390,
279.31904891085884,80575,790,1248,17390,
279.321479960898,80575,789,1249,17390,
279.32264944394217,80574,790,1249,17390,
279.3233075907926,80574,789,1250,17390,
279.32411497334346,80574,788,1251,17390,
279.3245175334424,80573,789,1251,17390,
279.3245865940477,80573,789,1250,17391,
279.3248059203157,80573,788,1251,17391,
279.3250902079984,80573,787,1252,17391,
279.3258671532642,80573,787,1251,17392,
279.32762256226874,80572,788,1251,17392,
279.32873741762876,80572,787,1252,17392,
279.3296701701736,80572,786,1253,17392,
279.3321018419288,80572,785,1254,17392,
279.33409944434885,80571,786,1254,17392,
279.3369620090429,80570,787,1254,17392,
279.33733411923674,80570,787,1253,17393,
279.3386224372241,80569,788,1253,17393,
279.3484819237097,80568,789,1253,17393,
279.3494993616515,80568,788,1254,17393,
279.3508600167546,80568,788,1253,17394,
279.3519144837562,80568,788,1252,17395,
279.35443976422835,80568,787,1253,17395,
279.35637986078115,80568,787,1252,17396,
279.3568873061904,80568,787,1251,17397,
279.3570382151014,80568,787,1250,17398,
279.35798867168023,80567,788,1250,17398,
279.3618457139251,80567,787,1251,17398,
279.3626879164318,80567,786,1252,17398,
279.3647316095522,80567,785,1253,17398,
279.3664659234207,80567,784,1254,17398,
279.36852085773984,80567,784,1253,17399,
279.371040301456,80567,784,1252,17400,
279.3722128524083,80567,783,1253,17400,
279.37254948658546,80566,784,1253,17400,
279.37397866273756,80566,783,1254,17400,
279.3747657982613,80565,784,1254,17400,
279.3764313750405,80565,784,1253,17401,
279.3764369706242,80565,783,1254,17401,
279.37848349659134,80565,783,1253,17402,
279.38040915112464,80564,784,1253,17402,
279.3837721851219,80564,784,1252,17403,
279.3846390093888,80564,784,1251,17404,
279.3878506415724,80564,783,1252,17404,
279.39475457866007,80563,784,1252,17404,
279.3950789405566,80563,784,1251,17405,
279.4031979043981,80563,784,1250,17406,
279.40922303111626,80563,784,1249,17407,
279.41004436229855,80563,784,1248,17408,
279.4107461598461,80562,785,1248,17408,
279.4142771213604,80561,786,1248,17408,
279.4142813165694,80560,787,1248,17408,
279.414749978261,80560,787,1247,17409,
279.41660650127096,80560,787,1246,17410,
279.4175245240697,80559,788,1246,17410,
279.4190974287878,80559,787,1247,17410,
279.4193666953369,80559,786,1248,17410,
279.42611977422035,80559,785,1249,17410,
279.42635309684533,80559,784,1250,17410,
279.42773156978063,80559,784,1249,17411,
279.4279354222008,80558,785,1249,17411,
279.43117461490436,80557,786,1249,17411,
279.4383729465959,80556,787,1249,17411,
279.4401226557087,80555,788,1249,17411,
279.44070035841725,80555,787,1250,17411,
279.4407199554716,80555,787,1249,17412,
279.4418873430614,80555,786,1250,17412,
279.4442730633731,80555,786,1249,17413,
279.44668802491196,80555,786,1248,17414,
279.44992874793445,80555,785,1249,17414,
279.4509266570127,80555,784,1250,17414,
279.45269752488787,80555,784,1249,17415,
279.45628852608723,80555,783,1250,17415,
279.45739749403407,80555,783,1249,17416,
279.4582879817537,80555,783,1248,17417,
279.45890151941666,80554,784,1248,17417,
279.46090491289345,80554,783,1249,17417,
279.463665936872,80554,782,1250,17417,
279.464229679866,80553,783,1250,17417,
279.4650539769569,80552,784,1250,17417,
279.4664826571127,80552,784,1249,17418,
279.4685223745169,80552,784,1248,17419,
279.46869336389943,80552,784,1247,17420,
279.4699715235654,80551,785,1247,17420,
279.47199497341325,80551,784,1248,17420,
279.47320190186275,80551,783,1249,17420,
279.4739273435283,80550,784,1249,17420,
279.474248527019,80549,785,1249,17420,
279.47729641653564,80548,786,1249,17420,
279.47778901224075,80547,787,1249,17420,
279.47897372186594,80547,786,1250,17420,
279.48154898625904,80546,787,1250,17420,
279.48197375832234,80546,787,1249,17421,
279.4833919904022,80546,787,1248,17422,
279.48482518956325,80546,787,1247,17423,
279.4870751744681,80545,788,1247,17423,
279.48868729301046,80545,787,1248,17423,
279.4925784424795,80544,788,1248,17423,
279.5026877576183,80544,787,1249,17423,
279.5057407580423,80543,788,1249,17423,
279.5104835966728,80543,787,1250,17423,
279.51315529869174,80543,787,1249,17424,
279.51600613855265,80543,787,1248,17425,
279.5194211786011,80543,786,1249,17425,
279.52379769922777,80543,785,1250,17425,
279.52399283775355,80543,785,1249,17426,
279.52962120895705,80543,784,1250,17426,
279.5302368646409,80543,783,1251,17426,
279.53033765846203,80542,784,1251,17426,
279.5307315126366,80542,783,1252,17426,
279.5357033002651,80541,784,1252,17426,
279.53789837671025,80541,783,1253,17426,
279.53925237198524,80540,784,1253,17426,
279.54753144371443,80540,784,1252,17427,
279.552053939782,80540,783,1253,17427,
279.55821462815794,80540,782,1254,17427,
279.56187272992656,80539,783,1254,17427,
279.5632799186548,80538,784,1254,17427,
279.5640891312899,80538,783,1255,17427,
279.5725778511249,80538,783,1254,17428,
279.57589185412303,80538,782,1255,17428,
279.57700147756884,80537,783,1255,17428,
279.57705794302,80537,782,1256,17428,
279.5775920992964,80537,782,1255,17429,
279.57903366428354,80536,783,1255,17429,
279.5827140766209,80536,782,1256,17429,
279.58331196187487,80536,782,1255,17430,
279.58365608612166,80536,782,1254,17431,
279.5851838196204,80536,781,1255,17431,
279.58663983786533,80536,780,1256,17431,
279.58686137266625,80535,781,1256,17431,
279.58812968724294,80535,781,1255,17432,
279.60118887600504,80535,780,1256,17432,
279.60179465422266,80534,781,1256,17432,
279.60257566299725,80533,782,1256,17432,
279.6046894568443,80533,781,1257,17432,
279.6076376595216,80533,780,1258,17432,
279.6099508157335,80533,780,1257,17433,
279.6108056972225,80532,781,1257,17433,
279.61157632875495,80532,780,1258,17433,
279.61424621903734,80531,781,1258,17433,
279.61478354767826,80531,780,1259,17433,
279.6188475040117,80531,780,1258,17434,
279.61943362905464,80530,781,1258,17434,
279.62089824425317,80529,782,1258,17434,
279.6211003107581,80528,783,1258,17434,
279.62123827092626,80528,782,1259,17434,
279.62167820888925,80527,783,1259,17434,
279.6225385785574,80527,783,1258,17435,
279.62472471793654,80527,783,1257,17436,
279.6257883879286,80527,782,1258,17436,
279.62712587967343,80527,782,1257,17437,
279.6283241509841,80527,782,1256,17438,
279.6285135384989,80526,783,1256,17438,
279.6295902911492,80526,782,1257,17438,
279.6314147100882,80526,782,1256,17439,
279.63145005163847,80526,782,1255,17440,
279.63320442211773,80526,782,1254,17441,
279.6332476680302,80526,781,1255,17441,
279.6336055223024,80526,781,1254,17442,
279.63453287005683,80526,781,1253,17443,
279.63504469584717,80526,780,1254,17443,
279.6355869388007,80525,781,1254,17443,
279.63790819587774,80525,780,1255,17443,
279.6386012361856,80525,779,1256,17443,
279.64044415811475,80525,779,1255,17444,
279.64128745201765,80525,779,1254,17445,
279.6428432097341,80525,779,1253,17446,
279.64295661425126,80525,778,1254,17446,
279.64694635824276,80524,779,1254,17446,
279.6513953584664,80524,778,1255,17446,
279.65551729207584,80524,777,1256,17446,
279.658641293104,80524,777,1255,17447,
279.65995860794396,80524,777,1254,17448,
279.66024599984553,80523,778,1254,17448,
279.66062248143083,80523,778,1253,17449,
279.6722291341115,80522,779,1253,17449,
279.6733113171979,80521,780,1253,17449,
279.6774803093331,80521,780,1252,17450,
279.6792671087144,80521,779,1253,17450,
279.6824654747957,80521,778,1254,17450,
279.683473906401,80521,777,1255,17450,
279.68347779511794,80520,778,1255,17450,
279.6842425984776,80520,777,1256,17450,
279.6864447821277,80520,776,1257,17450,
279.6874911502615,80520,775,1258,17450,
279.69055817720437,80520,775,1257,17451,
279.6955092888922,80520,774,1258,17451,
279.69813242602845,80519,775,1258,17451,
279.6996255597771,80519,774,1259,17451,
279.69979489325624,80518,775,1259,17451,
279.7026614780171,80518,774,1260,17451,
279.7031182757858,80518,774,1259,17452,
279.7038047632143,80517,775,1259,17452,
279.7055289036398,80517,775,1258,17453,
279.70698304701506,80516,776,1258,17453,
279.7073078390969,80516,776,1257,17454,
279.712291608333,80515,777,1257,17454,
279.71229717464945,80514,778,1257,17454,
279.7123402534663,80514,778,1256,17455,
279.7150254941761,80514,777,1257,17455,
279.7150489105667,80513,778,1257,17455,
279.7161683291643,80512,779,1257,17455,
279.7195912589254,80512,779,1256,17456,
279.72138773664733,80511,780,1256,17456,
279.7260082720013,80510,781,1256,17456,
279.72758033601406,80510,780,1257,17456,
279.72788606217017,80510,779,1258,17456,
279.72979492929164,80510,778,1259,17456,
279.7316174649991,80510,777,1260,17456,
279.73212997094316,80510,776,1261,17456,
279.73514372265345,80509,777,1261,17456,
279.73528744401966,80508,778,1261,17456,
279.7401164791769,80507,779,1261,17456,
279.74328156171885,80506,780,1261,17456,
279.74513225045075,80506,779,1262,17456,
279.745916078463,80506,778,1263,17456,
279.74807921492487,80506,778,1262,17457,
279.74968566144406,80505,779,1262,17457,
279.75235666691736,80504,780,1262,17457,
279.75368176147543,80504,780,1261,17458,
279.75382131424345,80503,781,1261,17458,
279.7555343580586,80502,782,1261,17458,
279.75571408968415,80502,782,1260,17459,
279.7592189384434,80502,782,1259,17460,
279.76232232007095,80502,781,1260,17460,
279.7627138954845,80502,780,1261,17460,
279.76564678474784,80501,781,1261,17460,
279.76860016262765,80500,782,1261,17460,
279.76997708151913,80499,783,1261,17460,
279.7748312195292,80499,782,1262,17460,
279.77491998507196,80499,782,1261,17461,
279.78304383103443,80498,783,1261,17461,
279.7873130854324,80498,783,1260,17462,
279.7887109663692,80498,783,1259,17463,
279.7889021207926,80498,783,1258,17464,
279.7899385210756,80497,784,1258,17464,
279.7902257966569,80497,783,1259,17464,
279.79162493409655,80497,782,1260,17464,
279.79325724022465,80496,783,1260,17464,
279.7976246411183,80495,784,1260,17464,
279.79845496686596,80494,785,1260,17464,
279.7988405741049,80493,786,1260,17464,
279.7991020573809,80493,786,1259,17465,
279.8000425762094,80493,785,1260,17465,
279.8032947559449,80493,784,1261,17465,
279.80602769189727,80493,783,1262,17465,
279.8062687563115,80493,782,1263,17465,
279.8069250674083,80493,781,1264,17465,
279.80858311032307,80493,780,1265,17465,
279.81017704611185,80493,779,1266,17465,
279.81327248392216,80493,778,1267,17465,
279.81606359117745,80493,778,1266,17466,
279.8171552770351,80492,779,1266,17466,
279.82104040388566,80491,780,1266,17466,
279.82491151985334,80491,780,1265,17467,
279.8257020109689,80491,779,1266,17467,
279.8259817917145,80491,778,1267,17467,
279.82795729489936,80491,777,1268,17467,
279.82834611882157,80491,777,1267,17468,
279.82903619232985,80491,777,1266,17469,
279.8294870104166,80491,777,1265,17470,
279.8295521138122,80491,777,1264,17471,
279.8339275359691,80491,776,1265,17471,
279.83418508031974,80491,776,1264,17472,
279.8342582375041,80490,777,1264,17472,
279.8353145532431,80490,776,1265,17472,
279.83602177346785,80490,776,1264,17473,
279.83826925944993,80490,776,1263,17474,
279.8385391825146,80490,776,1262,17475,
279.83970349612724,80490,776,1261,17476,
279.84027397862366,80489,777,1261,17476,
279.84634437687384,80489,776,1262,17476,
279.84869336602026,80489,776,1261,17477,
279.8496530159151,80488,777,1261,17477,
279.8505443041597,80488,777,1260,17478,
279.85125461696117,80487,778,1260,17478,
279.8548225487608,80487,777,1261,17478,
279.8556028715579,80486,778,1261,17478,
279.85699394831323,80486,778,1260,17479,
279.85756701716383,80486,777,1261,17479,
279.8602980978969,80486,776,1262,17479,
279.8675187988849,80486,776,1261,17480,
279.86877937221794,80486,775,1262,17480,
279.86894634339524,80486,774,1263,17480,
279.87095406261574,80486,773,1264,17480,
279.8721726642188,80486,773,1263,17481,
279.8724486337187,80485,774,1263,17481,
279.87286903781404,80485,774,1262,17482,
279.8739975120186,80484,775,1262,17482,
279.88220050148567,80483,776,1262,17482,
279.8872009165333,80482,777,1262,17482,
279.88751771686196,80482,777,1261,17483,
279.8880868158185,80482,776,1262,17483,
279.8890170269955,80481,777,1262,17483,
279.8912639625457,80480,778,1262,17483,
279.8922719680538,80479,779,1262,17483,
279.8932708822938,80478,780,1262,17483,
279.89337998889505,80477,781,1262,17483,
279.89378347934974,80477,780,1263,17483,
279.8943252485694,80477,780,1262,17484,
279.9031534155948,80476,781,1262,17484,
279.9035100743843,80475,782,1262,17484,
279.90475603299427,80475,782,1261,17485,
279.9066526710861,80475,782,1260,17486,
279.90926692410227,80474,783,1260,17486,
279.9096710230335,80474,783,1259,17487,
279.91049531701185,80474,782,1260,17487,
279.91342585179586,80474,781,1261,17487,
279.91375936531,80473,782,1261,17487,
279.914739210574,80472,783,1261,17487,
279.9185592612761,80472,783,1260,17488,
279.92115271159116,80472,782,1261,17488,
279.9225076870319,80472,781,1262,17488,
279.9226857902386,80472,780,1263,17488,
279.92299026776914,80471,781,1263,17488,
279.9259593760241,80471,780,1264,17488,
279.92871845226375,80471,779,1265,17488,
279.92917082796555,80471,779,1264,17489,
279.9295262263972,80471,779,1263,17490,
279.9302573346554,80471,778,1264,17490,
279.9354507641127,80470,779,1264,17490,
279.9357649696778,80470,778,1265,17490,
279.93599101887554,80470,777,1266,17490,
279.945614287734,80469,778,1266,17490,
279.9501468951302,80469,777,1267,17490,
279.9514378936647,80469,777,1266,17491,
279.9520728231043,80469,777,1265,17492,
279.9520974412856,80469,776,1266,17492,
279.95849667074293,80469,776,1265,17493,
279.9585932983029,80469,776,1264,17494,
279.9631756147292,80469,775,1265,17494,
279.96409292060287,80469,774,1266,17494,
279.96444934736854,80468,775,1266,17494,
279.9657757355451,80467,776,1266,17494,
279.9715685635066,80466,777,1266,17494,
279.973783918553,80466,777,1265,17495,
279.9744715171816,80465,778,1265,17495,
279.97968664963133,80464,779,1265,17495,
279.97988716892814,80463,780,1265,17495,
279.97991072171726,80462,781,1265,17495,
279.9815115078316,80461,782,1265,17495,
279.98577604685903,80460,783,1265,17495,
279.98580912200794,80460,783,1264,17496,
279.9892634161677,80460,782,1265,17496,
279.99268361543784,80460,781,1266,17496,
279.9937281956398,80459,782,1266,17496,
279.99562629977885,80459,782,1265,17497,
279.99766797759054,80459,782,1264,17498,
280.0010002893898,80459,782,1263,17499,
280.0011635783351,80458,783,1263,17499,
280.0034285014583,80458,783,1262,17500,
280.0054982838997,80458,782,1263,17500,
280.0176207504684,80458,782,1262,17501,
280.0217908705987,80457,783,1262,17501,
280.0228248467508,80456,784,1262,17501,
280.02435414494795,80456,783,1263,17501,
280.02752481437943,80456,783,1262,17502,
280.0276115156763,80456,782,1263,17502,
280.0342495611997,80456,782,1262,17503,
280.03476993890104,80456,782,1261,17504,
280.03985083540726,80455,783,1261,17504,
280.0401309171451,80454,784,1261,17504,
280.0425091318584,80454,783,1262,17504,
280.0440518955258,80454,782,1263,17504,
280.04428250986757,80454,782,1262,17505,
280.04440806727706,80454,782,1261,17506,
280.0480626937768,80454,782,1260,17507,
280.0487208280253,80454,782,1259,17508,
280.0487348337136,80454,782,1258,17509,
280.0515532679841,80454,781,1259,17509,
280.0517558205966,80454,781,1258,17510,
280.05432900752265,80453,782,1258,17510,
280.05479556323235,80452,783,1258,17510,
280.0565808609527,80452,782,1259,17510,
280.05915291237636,80451,783,1259,17510,
280.0592459503824,80450,784,1259,17510,
280.05985382013984,80450,783,1260,17510,
280.0614211507996,80449,784,1260,17510,
280.0644784334386,80449,783,1261,17510,
280.0652772875068,80449,782,1262,17510,
280.06725681620304,80449,782,1261,17511,
280.07393882075047,80448,783,1261,17511,
280.07431936239806,80447,784,1261,17511,
280.0743554922054,80447,783,1262,17511,
280.07436077770217,80446,784,1262,17511,
280.07491185945,80445,785,1262,17511,
280.0757538502392,80445,784,1263,17511,
280.07637297442034,80444,785,1263,17511,
280.08931407260457,80443,786,1263,17511,
280.089790209015,80443,785,1264,17511,
280.0907708475743,80443,785,1263,17512,
280.09481560416464,80443,785,1262,17513,
280.095186272018,80442,786,1262,17513,
280.0954718181532,80441,787,1262,17513,
280.10148593653656,80441,786,1263,17513,
280.1046676477408,80440,787,1263,17513,
280.115028747584,80440,787,1262,17514,
280.11867489222936,80439,788,1262,17514,
280.1194041283455,80438,789,1262,17514,
280.11944894815525,80438,788,1263,17514,
280.12092057505254,80438,787,1264,17514,
280.1212191163385,80438,787,1263,17515,
280.12132886103416,80438,786,1264,17515,
280.12239410426776,80438,785,1265,17515,
280.12289184287687,80438,785,1264,17516,
280.12315647651116,80438,785,1263,17517,
280.1253304138693,80438,784,1264,17517,
280.1292634207835,80438,784,1263,17518,
280.13050242495115,80438,784,1262,17519,
280.1315070588533,80437,785,1262,17519,
280.1447697857673,80436,786,1262,17519,
280.14915216649604,80436,785,1263,17519,
280.14989386283605,80436,784,1264,17519,
280.1550891073801,80436,784,1263,17520,
280.1552031174729,80436,783,1264,17520,
280.1561064399238,80436,783,1263,17521,
280.15613788897645,80435,784,1263,17521,
280.1562818705766,80435,784,1262,17522,
280.159269540657,80434,785,1262,17522,
280.16001623171445,80433,786,1262,17522,
280.1629562201765,80432,787,1262,17522,
280.1639274042002,80432,787,1261,17523,
280.16472047803546,80432,787,1260,17524,
280.1666226648572,80431,788,1260,17524,
280.1677640794647,80431,788,1259,17525,
280.1690443387391,80431,788,1258,17526,
280.1699596215903,80431,788,1257,17527,
280.1830844874163,80431,787,1258,17527,
280.1832641005606,80430,788,1258,17527,
280.1833242126037,80430,788,1257,17528,
280.18690707574154,80430,787,1258,17528,
280.19052895202987,80429,788,1258,17528,
280.1916935245734,80429,787,1259,17528,
280.1928427638936,80428,788,1259,17528,
280.1933246820376,80428,787,1260,17528,
280.19366806575204,80427,788,1260,17528,
280.19557317073384,80427,787,1261,17528,
280.19822339002224,80427,786,1262,17528,
280.20242687815426,80427,785,1263,17528,
280.2025527047485,80427,784,1264,17528,
280.2033215961176,80427,784,1263,17529,
280.2100505538331,80426,785,1263,17529,
280.21900520249727,80426,784,1264,17529,
280.22297371838476,80425,785,1264,17529,
280.22747833267204,80425,785,1263,17530,
280.22826295936164,80425,785,1262,17531,
280.228662927001,80425,784,1263,17531,
280.2310475937319,80425,784,1262,17532,
280.23322517782833,80425,783,1263,17532,
280.2334650845913,80425,783,1262,17533,
280.23346671776767,80425,783,1261,17534,
280.23572391338854,80425,782,1262,17534,
280.2368703626147,80425,782,1261,17535,
280.2368972694321,80424,783,1261,17535,
280.2412029119189,80423,784,1261,17535,
280.24585066322646,80423,784,1260,17536,
280.24668955930986,80422,785,1260,17536,
280.2585803998318,80421,786,1260,17536,
280.2593178548491,80420,787,1260,17536,
280.2596028466298,80419,788,1260,17536,
280.26018798622044,80419,787,1261,17536,
280.2609004047898,80418,788,1261,17536,
280.2609372173846,80418,788,1260,17537,
280.2610370311721,80418,788,1259,17538,
280.26112287088796,80418,787,1260,17538,
280.2652781523455,80418,787,1259,17539,
280.2677564231266,80417,788,1259,17539,
280.2678228388726,80417,788,1258,17540,
280.26954951417207,80417,787,1259,17540,
280.26971098803716,80416,788,1259,17540,
280.278152414706,80415,789,1259,17540,
280.2787973437775,80415,789,1258,17541,
280.28187919573264,80415,789,1257,17542,
280.2820861910803,80415,788,1258,17542,
280.2867064687032,80415,787,1259,17542,
280.28682637202655,80415,786,1260,17542,
280.28689492435217,80415,785,1261,17542,
280.28705409830036,80415,784,1262,17542,
280.287975907883,80414,785,1262,17542,
280.2880703616403,80414,785,1261,17543,
280.2898593154475,80413,786,1261,17543,
280.290070454746,80413,785,1262,17543,
280.2906669603265,80413,784,1263,17543,
280.29286317961953,80413,784,1262,17544,
280.29406159469255,80413,784,1261,17545,
280.29421089816736,80412,785,1261,17545,
280.2948404654302,80412,784,1262,17545,
280.2952188985159,80411,785,1262,17545,
280.29612375905947,80411,785,1261,17546,
280.2969839930971,80410,786,1261,17546,
280.2987632477359,80409,787,1261,17546,
280.3016546461164,80409,786,1262,17546,
280.30639990649627,80409,786,1261,17547,
280.3089104361425,80409,785,1262,17547,
280.3108736941252,80409,785,1261,17548,
280.31140394752964,80409,784,1262,17548,
280.31355543779466,80409,783,1263,17548,
280.31497351313334,80408,784,1263,17548,
280.3169033048199,80408,783,1264,17548,
280.31969536144527,80408,782,1265,17548,
280.3199757205082,80408,782,1264,17549,
280.3203018864067,80408,782,1263,17550,
280.3205366831924,80407,783,1263,17550,
280.3216982440672,80406,784,1263,17550,
280.3221927164305,80406,783,1264,17550,
280.3240916837548,80406,783,1263,17551,
280.3245486711073,80406,783,1262,17552,
280.32799950848585,80405,784,1262,17552,
280.3285088395199,80405,783,1263,17552,
280.33070408539135,80405,782,1264,17552,
280.33073625508115,80404,783,1264,17552,
280.3315374169191,80403,784,1264,17552,
280.33908680391113,80403,783,1265,17552,
280.34349138912575,80402,784,1265,17552,
280.3497048723688,80401,785,1265,17552,
280.3503656256765,80401,784,1266,17552,
280.3527333317255,80401,783,1267,17552,
280.3539312316425,80401,782,1268,17552,
280.35510803673395,80400,783,1268,17552,
280.35593026576,80399,784,1268,17552,
280.35638571060906,80399,784,1267,17553,
280.36089760307135,80399,783,1268,17553,
280.36563112077204,80399,782,1269,17553,
280.36606977826443,80398,783,1269,17553,
280.36619757799053,80398,782,1270,17553,
280.3665123668705,80398,782,1269,17554,
280.36991999318883,80397,783,1269,17554,
280.37224373344844,80397,782,1270,17554,
280.37927252210295,80396,783,1270,17554,
280.3840761394569,80396,783,1269,17555,
280.3873466610739,80396,782,1270,17555,
280.39077568968594,80395,783,1270,17555,
280.39762106028684,80395,783,1269,17556,
280.3984643646621,80395,783,1268,17557,
280.4007649540099,80395,783,1267,17558,
280.4025718058913,80395,783,1266,17559,
280.4064769777696,80395,782,1267,17559,
280.40740797232917,80395,782,1266,17560,
280.4093333577078,80395,782,1265,17561,
280.40971319470816,80395,782,1264,17562,
280.41468982500544,80395,782,1263,17563,
280.41605500823226,80395,781,1264,17563,
280.4173500977646,80395,780,1265,17563,
280.4195848505832,80395,780,1264,17564,
280.422346262606,80395,780,1263,17565,
280.4254041535234,80395,780,1262,17566,
280.42661056081573,80395,780,1261,17567,
280.4273312560642,80395,779,1262,17567,
280.4283078633417,80395,778,1263,17567,
280.4306004766103,80395,777,1264,17567,
280.43068152066684,80394,778,1264,17567,
280.43083147852303,80393,779,1264,17567,
280.43226269308695,80393,779,1263,17568,
280.43284725234344,80392,780,1263,17568,
280.4333482334769,80392,780,1262,17569,
280.43613833655274,80391,781,1262,17569,
280.43911022944593,80390,782,1262,17569,
280.4398325809235,80390,781,1263,17569,
280.44063004469206,80389,782,1263,17569,
280.44359866241354,80389,781,1264,17569,
280.45115800768997,80388,782,1264,17569,
280.45702708861404,80388,782,1263,17570,
280.4606538155507,80388,781,1264,17570,
280.46193974412546,80388,781,1263,17571,
280.4634797218776,80387,782,1263,17571,
280.4701660307327,80386,783,1263,17571,
280.474106393943,80385,784,1263,17571,
280.47807126719704,80385,784,1262,17572,
280.48135976424464,80384,785,1262,17572,
280.4829823839955,80384,785,1261,17573,
280.4915703815019,80383,786,1261,17573,
280.49557828521625,80383,786,1260,17574,
280.49633610148817,80383,785,1261,17574,
280.49795469063486,80383,784,1262,17574,
280.50046063944,80382,785,1262,17574,
280.50071854478625,80382,785,1261,17575,
280.5007490299006,80381,786,1261,17575,
280.5033551466755,80381,786,1260,17576,
280.5056886588825,80381,786,1259,17577,
280.5063842355318,80381,785,1260,17577,
280.5073613034389,80381,784,1261,17577,
280.50897344068267,80381,783,1262,17577,
280.5122841364772,80381,783,1261,17578,
280.51340549533097,80381,782,1262,17578,
280.51418970182846,80380,783,1262,17578,
280.5183779093088,80380,783,1261,17579,
280.5196025323378,80379,784,1261,17579,
280.5269426381144,80379,784,1260,17580,
280.5382398527449,80378,785,1260,17580,
280.53889311354004,80378,784,1261,17580,
280.5451053334322,80378,783,1262,17580,
280.549057432892,80377,784,1262,17580,
280.5498136284451,80376,785,1262,17580,
280.5577431010685,80376,785,1261,17581,
280.55808790040464,80376,785,1260,17582,
280.56087318969145,80376,784,1261,17582,
280.5626956782587,80376,784,1260,17583,
280.5671866159803,80376,784,1259,17584,
280.5674160698351,80376,784,1258,17585,
280.5697871871353,80375,785,1258,17585,
280.57148544209474,80375,785,1257,17586,
280.57154243918376,80375,784,1258,17586,
280.5718410592021,80375,783,1259,17586,
280.57195434376536,80375,782,1260,17586,
280.5720181533432,80374,783,1260,17586,
280.57248874826263,80374,782,1261,17586,
280.57494310517797,80374,782,1260,17587,
280.57566569561,80374,781,1261,17587,
280.57612911424155,80373,782,1261,17587,
280.5763761549794,80373,782,1260,17588,
280.57669972536615,80373,782,1259,17589,
280.5786365198106,80373,781,1260,17589,
280.58108540773367,80373,780,1261,17589,
280.58459699967665,80373,779,1262,17589,
280.5858649884952,80373,779,1261,17590,
280.5860156607128,80373,779,1260,17591,
280.5860605610027,80373,778,1261,17591,
280.5861469881091,80372,779,1261,17591,
280.59160723995745,80372,778,1262,17591,
280.5954080634924,80371,779,1262,17591,
280.599047948435,80371,778,1263,17591,
280.60363651198105,80371,777,1264,17591,
280.60493581599263,80371,776,1265,17591,
280.6069733904068,80371,775,1266,17591,
280.6129521150297,80371,774,1267,17591,
280.61339513901777,80371,773,1268,17591,
280.6148984441373,80371,773,1267,17592,
280.6165425046771,80371,773,1266,17593,
280.61822173088257,80371,772,1267,17593,
280.618863469911,80371,772,1266,17594,
280.6224656188073,80371,771,1267,17594,
280.62384748561095,80370,772,1267,17594,
280.62543689696446,80369,773,1267,17594,
280.628113453716,80369,773,1266,17595,
280.6282260883591,80369,773,1265,17596,
280.6282369796208,80368,774,1265,17596,
280.62902355980253,80368,773,1266,17596,
280.6301055522044,80367,774,1266,17596,
280.63053515737744,80366,775,1266,17596,
280.63130313818556,80366,774,1267,17596,
280.63132341952684,80365,775,1267,17596,
280.6354668639986,80365,774,1268,17596,
280.64034819807705,80365,773,1269,17596,
280.64062273161767,80364,774,1269,17596,
280.6410143373296,80364,774,1268,17597,
280.64173233600667,80363,775,1268,17597,
280.6434374190791,80363,775,1267,17598,
280.64493454875014,80362,776,1267,17598,
280.6481685002573,80361,777,1267,17598,
280.6488435182817,80361,777,1266,17599,
280.6518662447746,80361,776,1267,17599,
280.6541266531199,80360,777,1267,17599,
280.6557524626007,80360,776,1268,17599,
280.6634556801085,80360,776,1267,17600,
280.6653561466559,80360,776,1266,17601,
280.66678523598046,80359,777,1266,17601,
280.6708689078837,80359,777,1265,17602,
280.67660542185416,80359,777,1264,17603,
280.67973498838967,80359,776,1265,17603,
280.6797539054791,80358,777,1265,17603,
280.6835945664239,80358,776,1266,17603,
280.68520825579725,80358,775,1267,17603,
280.6870127278028,80358,774,1268,17603,
280.68881800111234,80357,775,1268,17603,
280.6910704953161,80356,776,1268,17603,
280.6911750062876,80356,776,1267,17604,
280.6929618026669,80356,775,1268,17604,
280.69378830295744,80355,776,1268,17604,
280.69848651847076,80354,777,1268,17604,
280.7040974761012,80353,778,1268,17604,
280.70523355318625,80352,779,1268,17604,
280.70772111674455,80352,778,1269,17604,
280.7138402221067,80352,778,1268,17605,
280.71504141681027,80352,777,1269,17605,
280.7171289695001,80352,776,1270,17605,
280.71778182546245,80351,777,1270,17605,
280.71880390198663,80350,778,1270,17605,
280.7190406280772,80350,777,1271,17605,
280.7191377423785,80350,777,1270,17606,
280.7244736617844,80350,776,1271,17606,
280.72523308527286,80350,776,1270,17607,
280.7268335137063,80350,776,1269,17608,
280.7274305588953,80349,777,1269,17608,
280.7281704664767,80349,776,1270,17608,
280.72955678745075,80349,775,1271,17608,
280.730238583843,80349,775,1270,17609,
280.73292579051207,80348,776,1270,17609,
280.7331050568914,80347,777,1270,17609,
280.73823164161536,80347,777,1269,17610,
280.7382650738689,80346,778,1269,17610,
280.7399570570881,80346,778,1268,17611,
280.740640357202,80345,779,1268,17611,
280.74139063209367,80344,780,1268,17611,
280.74144934706015,80344,779,1269,17611,
280.74289100712997,80344,778,1270,17611,
280.7459274175539,80343,779,1270,17611,
280.7474039602841,80343,778,1271,17611,
280.7476332794194,80343,777,1272,17611,
280.7491340577605,80342,778,1272,17611,
280.75168408123295,80342,778,1271,17612,
280.75262389833676,80342,778,1270,17613,
280.75399382195945,80342,777,1271,17613,
280.7571627043767,80342,776,1272,17613,
280.7581270578757,80342,776,1271,17614,
280.7590602246009,80342,776,1270,17615,
280.75939330180694,80342,776,1269,17616,
280.76769411896544,80342,776,1268,17617,
280.7679144787347,80341,777,1268,17617,
280.77189985316454,80341,776,1269,17617,
280.7756826617099,80341,775,1270,17617,
280.777125461704,80341,775,1269,17618,
280.7840924753413,80341,775,1268,17619,
280.78472212090253,80341,774,1269,17619,
280.78570646202286,80341,773,1270,17619,
280.79072867314346,80341,772,1271,17619,
280.79241652366335,80341,772,1270,17620,
280.7924995943835,80340,773,1270,17620,
280.79288036356314,80340,772,1271,17620,
280.79448064619964,80339,773,1271,17620,
280.7955520286966,80338,774,1271,17620,
280.7968262812952,80337,775,1271,17620,
280.79728030634703,80337,775,1270,17621,
280.8016053191722,80337,775,1269,17622,
280.8032070986804,80337,774,1270,17622,
280.80365394671855,80336,775,1270,17622,
280.80404942330637,80336,775,1269,17623,
280.8071282185948,80335,776,1269,17623,
280.80720696903893,80335,776,1268,17624,
280.8089091153146,80335,776,1267,17625,
280.8090000054094,80334,777,1267,17625,
280.80909879655735,80334,777,1266,17626,
280.80943528070895,80334,777,1265,17627,
280.81068400508,80333,778,1265,17627,
280.81069793719763,80333,778,1264,17628,
280.8115308028071,80332,779,1264,17628,
280.8154372343491,80331,780,1264,17628,
280.8191136597379,80331,779,1265,17628,
280.8208033089385,80331,778,1266,17628,
280.8211999095276,80331,778,1265,17629,
280.8234449393093,80331,778,1264,17630,
280.8241051075949,80331,777,1265,17630,
280.82473201486,80330,778,1265,17630,
280.82781065077074,80329,779,1265,17630,
280.83020434858577,80329,779,1264,17631,
280.83073409496,80329,779,1263,17632,
280.83259968470344,80329,778,1264,17632,
280.8338588024273,80329,778,1263,17633,
280.8348528379058,80329,778,1262,17634,
280.8354530216535,80329,778,1261,17635,
280.8374309113926,80329,778,1260,17636,
280.8391334336253,80329,778,1259,17637,
280.8395559942,80329,777,1260,17637,
280.8395569612296,80329,777,1259,17638,
280.8408170177753,80329,777,1258,17639,
280.84167502739336,80328,778,1258,17639,
280.8448113131099,80328,777,1259,17639,
280.8491378025751,80328,777,1258,17640,
280.8562665791636,80328,777,1257,17641,
280.8590379436992,80327,778,1257,17641,
280.85969119060013,80327,778,1256,17642,
280.86523360467675,80326,779,1256,17642,
280.86735057525544,80325,780,1256,17642,
280.87168440033196,80324,781,1256,17642,
280.87281139616243,80323,782,1256,17642,
280.87456998166226,80323,781,1257,17642,
280.87670778934046,80322,782,1257,17642,
280.87709440211347,80322,781,1258,17642,
280.878422741745,80321,782,1258,17642,
280.879237924879,80320,783,1258,17642,
280.88011066170844,80320,782,1259,17642,
280.881754532396,80320,782,1258,17643,
280.88286361822344,80320,781,1259,17643,
280.89421148782156,80320,780,1260,17643,
280.8963716024581,80320,779,1261,17643,
280.9012291505874,80320,778,1262,17643,
280.9025052833768,80320,777,1263,17643,
280.90304338271443,80319,778,1263,17643,
280.9044631878913,80319,778,1262,17644,
280.9051606078648,80318,779,1262,17644,
280.90686398113957,80317,780,1262,17644,
280.91050279307416,80316,781,1262,17644,
280.9124689836333,80315,782,1262,17644,
280.9146261182233,80314,783,1262,17644,
280.9156384355476,80314,782,1263,17644,
280.91574275236195,80314,782,1262,17645,
280.91575046958303,80313,783,1262,17645,
280.91877488007833,80313,783,1261,17646,
280.92108974157094,80312,784,1261,17646,
280.921601520161,80312,784,1260,17647,
280.92438184353773,80312,784,1259,17648,
280.9259371633261,80312,784,1258,17649,
280.92841924145887,80312,783,1259,17649,
280.9284328818204,80312,783,1258,17650,
280.92854935564856,80312,783,1257,17651,
280.93436270736345,80312,782,1258,17651,
280.93697144150946,80312,781,1259,17651,
280.9417351991724,80311,782,1259,17651,
280.94183438124963,80311,781,1260,17651,
280.9429045578772,80311,781,1259,17652,
280.94570162267803,80311,781,1258,17653,
280.9472186881565,80311,780,1259,17653,
280.94760212798417,80311,780,1258,17654,
280.9484646081316,80310,781,1258,17654,
280.9508387227925,80310,780,1259,17654,
280.954368754019,80310,780,1258,17655,
280.9572922417398,80310,779,1259,17655,
280.9596649046276,80309,780,1259,17655,
280.9713238434611,80309,779,1260,17655,
280.9716567013138,80308,780,1260,17655,
280.9746458823953,80308,779,1261,17655,
280.9752333747701,80307,780,1261,17655,
280.9772292017282,80307,779,1262,17655,
280.9792960184681,80307,778,1263,17655,
280.98002034648067,80307,777,1264,17655,
280.98016124957076,80307,776,1265,17655,
280.98192743100054,80306,777,1265,17655,
280.9878214449053,80306,776,1266,17655,
280.99107467878775,80305,777,1266,17655,
280.9912408430663,80305,776,1267,17655,
280.9918836207651,80305,775,1268,17655,
280.99638165203214,80304,776,1268,17655,
280.9992460197618,80303,777,1268,17655,
280.9995004396185,80303,777,1267,17656,
280.9999827246109,80303,777,1266,17657,
281.00262714140234,80302,778,1266,17657,
281.0029954818332,80301,779,1266,17657,
281.00485562339816,80300,780,1266,17657,
281.0102834045553,80300,780,1265,17658,
281.01350757163874,80299,781,1265,17658,
281.0147897222178,80299,781,1264,17659,
281.01690373892546,80299,781,1263,17660,
281.01740075996173,80298,782,1263,17660,
281.0175457087556,80298,782,1262,17661,
281.02196768088675,80298,781,1263,17661,
281.024111893864,80297,782,1263,17661,
281.02436940037137,80297,781,1264,17661,
281.02979619399576,80297,781,1263,17662,
281.02984490074084,80297,781,1262,17663,
281.0302261351286,80297,780,1263,17663,
281.03193877622596,80297,780,1262,17664,
281.03198321180304,80296,781,1262,17664,
281.0351247765075,80296,781,1261,17665,
281.0385749041932,80296,780,1262,17665,
281.04129352296303,80296,779,1263,17665,
281.0413506073316,80295,780,1263,17665,
281.04262862090536,80294,781,1263,17665,
281.0434428204015,80294,780,1264,17665,
281.04455598262945,80294,780,1263,17666,
281.0469742774394,80294,779,1264,17666,
281.0471941863593,80293,780,1264,17666,
281.050365234875,80292,781,1264,17666,
281.0515458321083,80292,781,1263,17667,
281.05203258462996,80292,780,1264,17667,
281.05323426556663,80291,781,1264,17667,
281.0540515605944,80290,782,1264,17667,
281.0562657134332,80289,783,1264,17667,
281.05937822795033,80289,782,1265,17667,
281.0596052032162,80288,783,1265,17667,
281.0612934427891,80287,784,1265,17667,
281.06146073094703,80287,783,1266,17667,
281.06181989427336,80286,784,1266,17667,
281.0647977252797,80286,784,1265,17668,
281.06557598043054,80286,784,1264,17669,
281.069378304421,80286,784,1263,17670,
281.0760823898418,80285,785,1263,17670,
281.0772189578462,80285,784,1264,17670,
281.07748976940735,80284,785,1264,17670,
281.08145799803486,80284,785,1263,17671,
281.08201657279454,80283,786,1263,17671,
281.0825110521994,80282,787,1263,17671,
281.08316885276076,80282,786,1264,17671,
281.0851240557963,80282,785,1265,17671,
281.0868026285429,80282,785,1264,17672,
281.0879236923833,80282,785,1263,17673,
281.08984841135,80282,784,1264,17673,
281.089871849055,80281,785,1264,17673,
281.0922877895016,80280,786,1264,17673,
281.09272913197265,80280,785,1265,17673,
281.0953826368243,80279,786,1265,17673,
281.0959411295702,80278,787,1265,17673,
281.09671080613873,80277,788,1265,17673,
281.09785388059146,80277,787,1266,17673,
281.0980740875562,80277,787,1265,17674,
281.09813146622605,80277,786,1266,17674,
281.10191334036745,80277,785,1267,17674,
281.10388021677556,80277,785,1266,17675,
281.10388158182155,80277,785,1265,17676,
281.11520233174747,80277,785,1264,17677,
281.1169052911465,80277,785,1263,17678,
281.1176028593519,80277,784,1264,17678,
281.12064204500547,80277,784,1263,17679,
281.12242165291747,80277,783,1264,17679,
281.1233424726445,80277,782,1265,17679,
281.123769725282,80277,782,1264,17680,
281.12396685446333,80276,783,1264,17680,
281.12511970265757,80276,782,1265,17680,
281.12562346139447,80276,781,1266,17680,
281.12735156690997,80276,780,1267,17680,
281.1280580408596,80276,780,1266,17681,
281.13206373145647,80276,780,1265,17682,
281.1322529569395,80276,780,1264,17683,
281.1351873457874,80276,780,1263,17684,
281.1365504437692,80275,781,1263,17684,
281.1392566942775,80275,780,1264,17684,
281.1403613615456,80274,781,1264,17684,
281.14039405322427,80273,782,1264,17684,
281.14303283560224,80272,783,1264,17684,
281.1442951595043,80272,783,1263,17685,
281.144696358403,80272,782,1264,17685,
281.14858952067584,80271,783,1264,17685,
281.1542431748951,80270,784,1264,17685,
281.1565679061203,80269,785,1264,17685,
281.1578093382609,80269,785,1263,17686,
281.15846516162145,80269,784,1264,17686,
281.160792571056,80269,784,1263,17687,
281.16524847862047,80268,785,1263,17687,
281.167154766016,80268,784,1264,17687,
281.1674899813156,80268,783,1265,17687,
281.16812827943255,80268,783,1264,17688,
281.1694416189356,80268,782,1265,17688,
281.1717923616435,80267,783,1265,17688,
281.17292363919256,80266,784,1265,17688,
281.17743381625775,80266,783,1266,17688,
281.1901826826938,80266,783,1265,17689,
281.19069852905886,80265,784,1265,17689,
281.1907451899688,80265,784,1264,17690,
281.19321342308166,80265,783,1265,17690,
281.1938698734633,80265,782,1266,17690,
281.19582058536076,80265,781,1267,17690,
281.20163865294694,80264,782,1267,17690,
281.20305884775985,80263,783,1267,17690,
281.2053014423197,80263,783,1266,17691,
281.207074547933,80263,783,1265,17692,
281.2085235653885,80263,782,1266,17692,
281.21110926293693,80262,783,1266,17692,
281.21307378673896,80261,784,1266,17692,
281.2178654209556,80261,783,1267,17692,
281.21846460026717,80261,782,1268,17692,
281.21979889464046,80261,781,1269,17692,
281.2203193577753,80260,782,1269,17692,
281.2209928694132,80259,783,1269,17692,
281.22353580438437,80259,783,1268,17693,
281.22499871979556,80259,783,1267,17694,
281.22581875674587,80259,783,1266,17695,
281.2264093491556,80259,782,1267,17695,
281.23531901264664,80259,781,1268,17695,
281.23684041575723,80259,780,1269,17695,
281.23769841861787,80259,780,1268,17696,
281.2393291403796,80259,780,1267,17697,
281.2404121307891,80258,781,1267,17697,
281.24234185845415,80258,780,1268,17697,
281.24380664087255,80258,779,1269,17697,
281.24458497847394,80257,780,1269,17697,
281.2525310592318,80257,780,1268,17698,
281.2536890099561,80257,779,1269,17698,
281.25386687762455,80257,779,1268,17699,
281.2566101157542,80256,780,1268,17699,
281.256801897166,80256,780,1267,17700,
281.25750926390907,80256,779,1268,17700,
281.25820483772003,80256,778,1269,17700,
281.2586967064206,80256,777,1270,17700,
281.2592199628601,80255,778,1270,17700,
281.2631984521068,80255,778,1269,17701,
281.264312191432,80254,779,1269,17701,
281.2654306053797,80254,778,1270,17701,
281.2663186724807,80253,779,1270,17701,
281.27565564528254,80252,780,1270,17701,
281.2763892363627,80251,781,1270,17701,
281.27677094524563,80251,780,1271,17701,
281.27735411252684,80251,779,1272,17701,
281.28087534669083,80251,779,1271,17702,
281.2841841074357,80251,778,1272,17702,
281.28561308737613,80251,777,1273,17702,
281.28900197527315,80251,777,1272,17703,
281.2916251344959,80251,777,1271,17704,
281.2921584169554,80251,776,1272,17704,
281.3052570216594,80251,776,1271,17705,
281.30580882492575,80251,776,1270,17706,
281.30625481064664,80251,776,1269,17707,
281.30727044665997,80251,775,1270,17707,
281.3088927156918,80251,774,1271,17707,
281.3095001878632,80251,773,1272,17707,
281.3165471978413,80251,773,1271,17708,
281.31749540472026,80250,774,1271,17708,
281.31756887557196,80250,773,1272,17708,
281.318331866228,80250,773,1271,17709,
281.31982631739817,80250,772,1272,17709,
281.3206720718453,80250,772,1271,17710,
281.32206347178754,80249,773,1271,17710,
281.3234766610134,80248,774,1271,17710,
281.32740153991193,80247,775,1271,17710,
281.3284037531574,80247,775,1270,17711,
281.33037546357946,80246,776,1270,17711,
281.33391250228107,80246,776,1269,17712,
281.3366193881368,80246,776,1268,17713,
281.3371507239996,80245,777,1268,17713,
281.33738273750015,80245,777,1267,17714,
281.3403761823139,80245,777,1266,17715,
281.34132677723414,80245,777,1265,17716,
281.34302891859215,80245,777,1264,17717,
281.34782785849666,80245,777,1263,17718,
281.3497959675923,80244,778,1263,17718,
281.35186827884996,80244,778,1262,17719,
281.3544155668892,80244,778,1261,17720,
281.35657566916086,80244,777,1262,17720,
281.35689191855386,80244,776,1263,17720,
281.35784659186595,80244,775,1264,17720,
281.36185837381726,80244,774,1265,17720,
281.3645923373031,80244,774,1264,17721,
281.3660249893656,80244,774,1263,17722,
281.3661586483739,80244,774,1262,17723,
281.36724214775535,80243,775,1262,17723,
281.3696115486506,80242,776,1262,17723,
281.3739140437562,80242,776,1261,17724,
281.37441666878675,80242,776,1260,17725,
281.37510818678425,80241,777,1260,17725,
281.38244348056725,80240,778,1260,17725,
281.3832694809806,80240,777,1261,17725,
281.3853136645432,80239,778,1261,17725,
281.38778185504003,80239,777,1262,17725,
281.3901424835325,80239,777,1261,17726,
281.39215504559075,80239,776,1262,17726,
281.3979883344457,80238,777,1262,17726,
281.3984464879146,80237,778,1262,17726,
281.3995536776092,80236,779,1262,17726,
281.40144445517296,80236,778,1263,17726,
281.40473160233915,80236,777,1264,17726,
281.4100060954419,80236,777,1263,17727,
281.4112468566903,80236,777,1262,17728,
281.41319411909325,80236,777,1261,17729,
281.41457005008243,80236,776,1262,17729,
281.4153537089826,80236,776,1261,17730,
281.41588111675975,80235,777,1261,17730,
281.4164339988611,80235,776,1262,17730,
281.41940840234724,80235,775,1263,17730,
281.41968532642653,80234,776,1263,17730,
281.41987598780594,80233,777,1263,17730,
281.4198892956612,80233,777,1262,17731,
281.4198895135108,80233,777,1261,17732,
281.4225524089976,80233,777,1260,17733,
281.42293118191003,80233,777,1259,17734,
281.4272498334743,80233,776,1260,17734,
281.430042500727,80233,775,1261,17734,
281.43172584834497,80233,775,1260,17735,
281.4322765576007,80232,776,1260,17735,
281.43410586025584,80232,775,1261,17735,
281.43501704662094,80232,774,1262,17735,
281.4350606481118,80232,773,1263,17735,
281.4360967108371,80231,774,1263,17735,
281.43762406616213,80231,774,1262,17736,
281.44165673101315,80231,774,1261,17737,
281.44602456266233,80231,774,1260,17738,
281.4468468912942,80231,774,1259,17739,
281.44811988227355,80231,774,1258,17740,
281.44812134263066,80231,773,1259,17740,
281.44856390342784,80231,772,1260,17740,
281.44981726075343,80231,772,1259,17741,
281.45014242855297,80231,771,1260,17741,
281.45274022073073,80231,770,1261,17741,
281.45964035963914,80231,770,1260,17742,
281.46665158705207,80231,770,1259,17743,
281.4680895560835,80231,770,1258,17744,
281.4697286270213,80230,771,1258,17744,
281.470805046513,80230,771,1257,17745,
281.4733856100099,80229,772,1257,17745,
281.4746472870954,80229,771,1258,17745,
281.4789710869675,80229,770,1259,17745,
281.4790042573009,80229,769,1260,17745,
281.48080333166433,80229,769,1259,17746,
281.4841102024315,80229,768,1260,17746,
281.4853583157654,80229,768,1259,17747,
281.4868220969045,80229,768,1258,17748,
281.4878724734318,80228,769,1258,17748,
281.4901962187643,80228,769,1257,17749,
281.49271854966577,80228,768,1258,17749,
281.49330883146393,80228,768,1257,17750,
281.4962567083411,80228,767,1258,17750,
281.49830820960307,80227,768,1258,17750,
281.50285865321524,80227,768,1257,17751,
281.5040477563687,80227,767,1258,17751,
281.50498495690726,80227,767,1257,17752,
281.5089117558119,80226,768,1257,17752,
281.51026235291386,80226,768,1256,17753,
281.5117694367374,80225,769,1256,17753,
281.5128032906986,80225,769,1255,17754,
281.5205816530761,80224,770,1255,17754,
281.5246037928095,80224,770,1254,17755,
281.5252717784278,80224,769,1255,17755,
281.5261597740389,80224,769,1254,17756,
281.52823146033825,80224,769,1253,17757,
281.52839143242556,80224,769,1252,17758,
281.52858215460526,80224,769,1251,17759,
281.5298655064816,80224,768,1252,17759,
281.53220300081273,80224,767,1253,17759,
281.5382359014646,80223,768,1253,17759,
281.5385687460267,80222,769,1253,17759,
281.53973927200275,80222,768,1254,17759,
281.5407742909633,80221,769,1254,17759,
281.5456110063829,80221,769,1253,17760,
281.54770830742774,80221,768,1254,17760,
281.5484091283435,80221,768,1253,17761,
281.5495578059176,80221,768,1252,17762,
281.5520467293617,80220,769,1252,17762,
281.55460987699723,80220,769,1251,17763,
281.5594318503046,80220,769,1250,17764,
281.55986682996337,80220,768,1251,17764,
281.56218304733,80220,767,1252,17764,
281.56614020748043,80220,767,1251,17765,
281.56754978674024,80220,767,1250,17766,
281.57270343699946,80219,768,1250,17766,
281.5753973985719,80219,768,1249,17767,
281.5773834774168,80219,767,1250,17767,
281.580976588534,80218,768,1250,17767,
281.5816771766239,80217,769,1250,17767,
281.58382298522235,80217,768,1251,17767,
281.58592562283644,80217,768,1250,17768,
281.58595427262924,80216,769,1250,17768,
281.5887770363417,80215,770,1250,17768,
281.59000248490844,80214,771,1250,17768,
281.5918396973089,80214,771,1249,17769,
281.5922941555053,80214,770,1250,17769,
281.5942130877385,80214,769,1251,17769,
281.59538613117724,80214,769,1250,17770,
281.6003057111298,80213,770,1250,17770,
281.60229416903906,80213,770,1249,17771,
281.60447627458035,80212,771,1249,17771,
281.6052229857844,80212,771,1248,17772,
281.6063610659584,80212,771,1247,17773,
281.6073396161098,80212,771,1246,17774,
281.6094478030955,80211,772,1246,17774,
281.61153767042316,80211,772,1245,17775,
281.6116342781706,80210,773,1245,17775,
281.61380860207834,80209,774,1245,17775,
281.6143909810434,80209,774,1244,17776,
281.6153506275028,80209,773,1245,17776,
281.6160114136484,80208,774,1245,17776,
281.61860501664717,80208,773,1246,17776,
281.61919469508484,80208,773,1245,17777,
281.6235329512107,80208,772,1246,17777,
281.62607274732846,80208,772,1245,17778,
281.6271245325314,80208,772,1244,17779,
281.62760547267334,80208,771,1245,17779,
281.63011118408366,80208,770,1246,17779,
281.6302143365273,80208,769,1247,17779,
281.6318412543944,80207,770,1247,17779,
281.6348397317876,80206,771,1247,17779,
281.6382161538399,80206,771,1246,17780,
281.64034311696446,80205,772,1246,17780,
281.64175279307244,80205,772,1245,17781,
281.641894694534,80205,772,1244,17782,
281.642091937302,80204,773,1244,17782,
281.6451901570178,80204,772,1245,17782,
281.64821366778267,80204,772,1244,17783,
281.6513538271035,80204,771,1245,17783,
281.65137617786786,80204,771,1244,17784,
281.6520895551198,80204,770,1245,17784,
281.66943585815847,80203,771,1245,17784,
281.6701938968063,80203,770,1246,17784,
281.67085709205924,80203,769,1247,17784,
281.67093286783,80202,770,1247,17784,
281.6745992230931,80201,771,1247,17784,
281.67676326714434,80201,771,1246,17785,
281.67749544561656,80200,772,1246,17785,
281.68180914041534,80200,772,1245,17786,
281.68183716449363,80200,771,1246,17786,
281.68328421085135,80200,770,1247,17786,
281.68477813781834,80200,769,1248,17786,
281.6849205354052,80200,769,1247,17787,
281.6858702872095,80200,769,1246,17788,
281.68712405384883,80199,770,1246,17788,
281.6917477349167,80199,769,1247,17788,
281.69192986287845,80199,769,1246,17789,
281.6969528868886,80199,768,1247,17789,
281.69714095737095,80199,768,1246,17790,
281.6987016941607,80199,767,1247,17790,
281.69912611417317,80199,767,1246,17791,
281.70001763311575,80198,768,1246,17791,
281.7002699231417,80198,768,1245,17792,
281.70088147340016,80198,768,1244,17793,
281.70240876653844,80198,768,1243,17794,
281.7038195255168,80197,769,1243,17794,
281.70762754561025,80197,768,1244,17794,
281.71088701673443,80197,767,1245,17794,
281.7157232601487,80197,766,1246,17794,
281.71700582538733,80197,766,1245,17795,
281.72105863509705,80197,765,1246,17795,
281.7220457918777,80197,764,1247,17795,
281.7271566161553,80197,763,1248,17795,
281.731308570361,80197,763,1247,17796,
281.73528951129083,80197,763,1246,17797,
281.7388817743768,80197,763,1245,17798,
281.7452254564964,80197,763,1244,17799,
281.7502228285314,80197,763,1243,17800,
281.7521613130561,80197,762,1244,17800,
281.75241008525103,80197,762,1243,17801,
281.75353279721094,80196,763,1243,17801,
281.7567782097036,80196,762,1244,17801,
281.76198744405036,80196,762,1243,17802,
281.76237588437596,80195,763,1243,17802,
281.76508034623134,80195,763,1242,17803,
281.76521633769636,80194,764,1242,17803,
281.7665050089779,80194,763,1243,17803,
281.7733638620747,80194,763,1242,17804,
281.77995386075236,80194,762,1243,17804,
281.7802083340084,80194,761,1244,17804,
281.7807583788781,80194,761,1243,17805,
281.7869267597515,80193,762,1243,17805,
281.78768912584405,80192,763,1243,17805,
281.7895981021805,80192,763,1242,17806,
281.8012098347432,80191,764,1242,17806,
281.8044338923921,80191,764,1241,17807,
281.8067772682218,80191,764,1240,17808,
281.8114831409571,80191,764,1239,17809,
281.8137426328849,80191,764,1238,17810,
281.81528901054014,80191,764,1237,17811,
281.8155421629815,80191,763,1238,17811,
281.81595888468775,80191,763,1237,17812,
281.8180804898862,80191,763,1236,17813,
281.8185048236998,80190,764,1236,17813,
281.8189868980262,80189,765,1236,17813,
281.819083794105,80189,764,1237,17813,
281.8216196466262,80189,763,1238,17813,
281.8232385842246,80189,763,1237,17814,
281.82442530156555,80189,762,1238,17814,
281.82486551684525,80189,761,1239,17814,
281.82537116172966,80188,762,1239,17814,
281.83040395116745,80187,763,1239,17814,
281.831437076517,80187,762,1240,17814,
281.8323545126694,80187,762,1239,17815,
281.8325451669786,80186,763,1239,17815,
281.8361205814206,80186,762,1240,17815,
281.8390370941577,80186,762,1239,17816,
281.84024618963423,80185,763,1239,17816,
281.84627145383035,80184,764,1239,17816,
281.85029831300136,80184,764,1238,17817,
281.85150966591885,80183,765,1238,17817,
281.85190032177167,80183,764,1239,17817,
281.85420378049946,80183,764,1238,17818,
281.857056332455,80182,765,1238,17818,
281.85733642607863,80182,765,1237,17819,
281.85869742135657,80181,766,1237,17819,
281.85973637587927,80181,766,1236,17820,
281.8601102343156,80180,767,1236,17820,
281.8607028554719,80180,766,1237,17820,
281.86081624793786,80179,767,1237,17820,
281.86158067337175,80179,766,1238,17820,
281.87362683397595,80179,766,1237,17821,
281.87703570359565,80179,765,1238,17821,
281.87728561445914,80178,766,1238,17821,
281.87754418669033,80177,767,1238,17821,
281.8794953514088,80177,767,1237,17822,
281.89080003920606,80176,768,1237,17822,
281.8927112824742,80176,768,1236,17823,
281.89297952174644,80175,769,1236,17823,
281.89399328229644,80175,769,1235,17824,
281.8976054552572,80174,770,1235,17824,
281.89923180053273,80173,771,1235,17824,
281.90158720011584,80173,770,1236,17824,
281.9041699005347,80172,771,1236,17824,
281.90455613134594,80172,771,1235,17825,
281.9049995112141,80172,771,1234,17826,
281.90875610840203,80172,771,1233,17827,
281.90891947190624,80172,771,1232,17828,
281.90982131786996,80171,772,1232,17828,
281.9108611480958,80171,771,1233,17828,
281.9111091602359,80171,770,1234,17828,
281.9112642336619,80171,769,1235,17828,
281.9169470755524,80171,769,1234,17829,
281.91813738423946,80170,770,1234,17829,
281.9188367248623,80169,771,1234,17829,
281.9236306874358,80169,771,1233,17830,
281.9236704604711,80169,771,1232,17831,
281.9255811896258,80169,771,1231,17832,
281.930320474533,80168,772,1231,17832,
281.93652099911327,80168,772,1230,17833,
281.94252573613716,80168,772,1229,17834,
281.94304194348206,80168,771,1230,17834,
281.9431464954383,80167,772,1230,17834,
281.94423465226237,80167,772,1229,17835,
281.9459302434565,80167,772,1228,17836,
281.9460777242567,80167,772,1227,17837,
281.954925456444,80166,773,1227,17837,
281.9550302881087,80166,773,1226,17838,
281.9586035715256,80166,772,1227,17838,
281.9587030702655,80165,773,1227,17838,
281.96165408430033,80165,773,1226,17839,
281.9726284934101,80165,773,1225,17840,
281.97663794291486,80164,774,1225,17840,
281.9774948203759,80164,773,1226,17840,
281.978651631302,80164,772,1227,17840,
281.97918794676514,80164,771,1228,17840,
281.9803159870384,80164,771,1227,17841,
281.9805331641451,80164,770,1228,17841,
281.9807525731754,80163,771,1228,17841,
281.9850431542977,80163,770,1229,17841,
281.98703452488206,80162,771,1229,17841,
281.98748524848963,80162,771,1228,17842,
281.9890168587956,80161,772,1228,17842,
281.98945204121975,80160,773,1228,17842,
281.99090295975947,80160,772,1229,17842,
281.9923985798983,80160,771,1230,17842,
281.9930891389384,80159,772,1230,17842,
281.9946322149645,80159,772,1229,17843,
281.9966318771108,80159,771,1230,17843,
281.99676497997706,80158,772,1230,17843,
281.9970805342006,80158,771,1231,17843,
282.0003009544198,80158,770,1232,17843,
282.00097834699477,80158,770,1231,17844,
282.00544670458123,80158,769,1232,17844,
282.0088190416718,80158,768,1233,17844,
282.0121352854187,80158,767,1234,17844,
282.01219920880686,80157,768,1234,17844,
282.01254087138483,80156,769,1234,17844,
282.01395346956673,80155,770,1234,17844,
282.01401719265033,80155,770,1233,17845,
282.01465681859383,80155,769,1234,17845,
282.01662557021956,80155,768,1235,17845,
282.0249655106215,80154,769,1235,17845,
282.03040689225446,80153,770,1235,17845,
282.03334731168724,80153,770,1234,17846,
282.0336603304953,80153,770,1233,17847,
282.0354341251743,80153,769,1234,17847,
282.0378969381972,80152,770,1234,17847,
282.03835243638497,80152,769,1235,17847,
282.0395871933946,80152,768,1236,17847,
282.0421381389395,80152,767,1237,17847,
282.04382423476096,80152,767,1236,17848,
282.0475037538233,80151,768,1236,17848,
282.05039887198603,80150,769,1236,17848,
282.0551376643434,80150,769,1235,17849,
282.0563747901634,80149,770,1235,17849,
282.0659284135084,80149,769,1236,17849,
282.06878890438423,80149,768,1237,17849,
282.0688984985599,80148,769,1237,17849,
282.0691812344928,80148,769,1236,17850,
282.06941001714927,80147,770,1236,17850,
282.0725770881756,80147,769,1237,17850,
282.0738337493891,80147,768,1238,17850,
282.0749700752766,80147,768,1237,17851,
282.0856428537539,80147,768,1236,17852,
282.0872839795817,80147,768,1235,17853,
282.08993888671597,80147,767,1236,17853,
282.0925347178044,80147,766,1237,17853,
282.0938596424867,80147,765,1238,17853,
282.09407065337376,80147,765,1237,17854,
282.0945758260579,80147,765,1236,17855,
282.09517481804977,80146,766,1236,17855,
282.09523409240774,80145,767,1236,17855,
282.09886301828817,80145,767,1235,17856,
282.10010354749755,80145,767,1234,17857,
282.1001136952768,80145,766,1235,17857,
282.1002858435551,80144,767,1235,17857,
282.10048599414125,80144,767,1234,17858,
282.1060190878158,80144,766,1235,17858,
282.10854168545694,80144,766,1234,17859,
282.11167129123277,80144,765,1235,17859,
282.11355270734083,80143,766,1235,17859,
282.1140616165941,80143,766,1234,17860,
282.11526877735236,80143,765,1235,17860,
282.116238833915,80143,764,1236,17860,
282.1202840802441,80143,763,1237,17860,
282.121525494346,80142,764,1237,17860,
282.1284025149755,80142,763,1238,17860,
282.1301824124993,80141,764,1238,17860,
282.13083875022323,80141,764,1237,17861,
282.13256074217884,80141,764,1236,17862,
282.1351043379476,80141,763,1237,17862,
282.1376506513568,80141,762,1238,17862,
282.13965385719405,80141,761,1239,17862,
282.1418367975505,80140,762,1239,17862,
282.1447987675884,80140,761,1240,17862,
282.1483675957986,80140,760,1241,17862,
282.15156920094506,80140,759,1242,17862,
282.153112071881,80140,759,1241,17863,
282.1629777925432,80140,759,1240,17864,
282.16715569894416,80139,760,1240,17864,
282.16947891251704,80139,760,1239,17865,
282.1718363438859,80138,761,1239,17865,
282.17748694344624,80137,762,1239,17865,
282.17830815278774,80137,761,1240,17865,
282.17842373803626,80136,762,1240,17865,
282.179486890816,80136,762,1239,17866,
282.17972402617045,80136,762,1238,17867,
282.17979886323644,80136,762,1237,17868,
282.1804834333262,80136,762,1236,17869,
282.1808918802935,80135,763,1236,17869,
282.1812336739973,80134,764,1236,17869,
282.1819005823111,80134,763,1237,17869,
282.18773906942505,80134,763,1236,17870,
282.19067734679896,80133,764,1236,17870,
282.19404185313476,80133,764,1235,17871,
282.19668680933097,80133,763,1236,17871,
282.19751044491085,80133,763,1235,17872,
282.19859019612073,80133,763,1234,17873,
282.2008129792364,80133,763,1233,17874,
282.2040651413353,80132,764,1233,17874,
282.21180207523963,80132,763,1234,17874,
282.2164545161905,80132,763,1233,17875,
282.2183804823813,80132,762,1234,17875,
282.21916181379,80131,763,1234,17875,
282.2208110738412,80131,763,1233,17876,
282.22135162567497,80131,762,1234,17876,
282.2225125476997,80131,761,1235,17876,
282.2227917297474,80131,761,1234,17877,
282.22873476180195,80131,760,1235,17877,
282.23186070530704,80131,760,1234,17878,
282.23325844300484,80131,760,1233,17879,
282.2333055316994,80131,760,1232,17880,
282.23504215891614,80131,759,1233,17880,
282.2361535406255,80131,759,1232,17881,
282.23673475607717,80131,758,1233,17881,
282.24133991214137,80131,757,1234,17881,
282.2471880221668,80131,757,1233,17882,
282.2490282538738,80131,756,1234,17882,
282.25321581915045,80131,755,1235,17882,
282.25759090019665,80131,754,1236,17882,
282.25898468472275,80131,753,1237,17882,
282.2591530735863,80131,752,1238,17882,
282.2613413011944,80130,753,1238,17882,
282.2623919390724,80130,753,1237,17883,
282.26258338651616,80129,754,1237,17883,
282.2659476843192,80129,754,1236,17884,
282.26784300113735,80128,755,1236,17884,
282.26829631112713,80128,755,1235,17885,
282.27070959733777,80128,754,1236,17885,
282.27201781436383,80128,753,1237,17885,
282.27263383759436,80128,752,1238,17885,
282.2776093547984,80127,753,1238,17885,
282.27882133647415,80127,752,1239,17885,
282.2801522235986,80126,753,1239,17885,
282.28034229729025,80126,752,1240,17885,
282.2844058007328,80125,753,1240,17885,
282.2848695292631,80124,754,1240,17885,
282.2884358278861,80124,753,1241,17885,
282.28951191760177,80124,752,1242,17885,
282.290474456371,80124,751,1243,17885,
282.29052020502996,80123,752,1243,17885,
282.29382540025654,80122,753,1243,17885,
282.29577646461496,80122,753,1242,17886,
282.3002099177274,80122,753,1241,17887,
282.30665213756726,80122,752,1242,17887,
282.30996815777496,80121,753,1242,17887,
282.3107220250386,80120,754,1242,17887,
282.3122096633069,80120,754,1241,17888,
282.31229076075215,80119,755,1241,17888,
282.31386608757725,80119,754,1242,17888,
282.31391900157865,80118,755,1242,17888,
282.31655360528464,80118,755,1241,17889,
282.31657357711975,80118,754,1242,17889,
282.32101494176806,80118,754,1241,17890,
282.3263069144019,80118,754,1240,17891,
282.3276930794375,80118,754,1239,17892,
282.32770914326915,80118,754,1238,17893,
282.3400242566608,80118,753,1239,17893,
282.34093311129976,80118,752,1240,17893,
282.34118924348724,80118,752,1239,17894,
282.34279829041606,80118,752,1238,17895,
282.3532098264443,80118,752,1237,17896,
282.3556973472068,80118,751,1238,17896,
282.35609735996877,80118,751,1237,17897,
282.36022803622757,80117,752,1237,17897,
282.3605672022203,80117,751,1238,17897,
282.3624589187007,80117,750,1239,17897,
282.36497554486425,80117,750,1238,17898,
282.3651659241243,80117,750,1237,17899,
282.36701283750904,80117,750,1236,17900,
282.3689499607682,80116,751,1236,17900,
282.37138301105733,80115,752,1236,17900,
282.37234429651625,80114,753,1236,17900,
282.373692467694,80114,752,1237,17900,
282.3763794974047,80114,752,1236,17901,
282.37879700115195,80114,751,1237,17901,
282.38017453886215,80114,751,1236,17902,
282.38049472516366,80114,751,1235,17903,
282.3920854699149,80114,751,1234,17904,
282.39272704338225,80114,751,1233,17905,
282.39305174447236,80114,751,1232,17906,
282.39308984530584,80113,752,1232,17906,
282.3941085847793,80113,752,1231,17907,
282.39442401560564,80113,751,1232,17907,
282.39625508060675,80112,752,1232,17907,
282.3970436210076,80112,751,1233,17907,
282.39904376195926,80112,750,1234,17907,
282.3994181570597,80112,749,1235,17907,
282.4000027235452,80112,749,1234,17908,
282.40066463502745,80112,748,1235,17908,
282.40153706190046,80112,747,1236,17908,
282.40245318435194,80112,746,1237,17908,
282.4025829155385,80112,745,1238,17908,
282.4044360827578,80111,746,1238,17908,
282.40638414308717,80111,746,1237,17909,
282.408160111689,80111,746,1236,17910,
282.40940235071366,80111,746,1235,17911,
282.4115130584194,80110,747,1235,17911,
282.41298400317135,80110,746,1236,17911,
282.41585463329346,80109,747,1236,17911,
282.4180774294623,80108,748,1236,17911,
282.41871316018023,80108,747,1237,17911,
282.41922805678576,80108,746,1238,17911,
282.421311609532,80108,746,1237,17912,
282.42358714002916,80107,747,1237,17912,
282.4247176495511,80107,746,1238,17912,
282.4279078158113,80107,745,1239,17912,
282.4286011850533,80107,745,1238,17913,
282.4292879978681,80107,745,1237,17914,
282.4330804040015,80107,745,1236,17915,
282.4383587378563,80107,744,1237,17915,
282.439467882556,80106,745,1237,17915,
282.44302702744733,80105,746,1237,17915,
282.44365409585083,80105,745,1238,17915,
282.44685406107067,80105,745,1237,17916,
282.4480291330565,80104,746,1237,17916,
282.44953939580546,80103,747,1237,17916,
282.450647146049,80103,747,1236,17917,
282.4507960372393,80102,748,1236,17917,
282.45215516113217,80101,749,1236,17917,
282.4563154704101,80101,749,1235,17918,
282.45702489546426,80101,748,1236,17918,
282.457934363763,80101,748,1235,17919,
282.45869531926127,80100,749,1235,17919,
282.4592373559207,80100,748,1236,17919,
282.466541986279,80099,749,1236,17919,
282.4791598399516,80098,750,1236,17919,
282.48473074257663,80098,749,1237,17919,
282.48988294140696,80098,748,1238,17919,
282.4911125582705,80097,749,1238,17919,
282.4914963770509,80097,748,1239,17919,
282.4964921999977,80097,748,1238,17920,
282.49804524933,80097,748,1237,17921,
282.4990473661563,80096,749,1237,17921,
282.5008210190379,80096,749,1236,17922,
282.5013203837283,80096,749,1235,17923,
282.50229378818983,80096,748,1236,17923,
282.5025478342308,80096,747,1237,17923,
282.5128849765704,80096,747,1236,17924,
282.52099582927576,80096,746,1237,17924,
282.528110555848,80096,746,1236,17925,
282.5325704329312,80096,745,1237,17925,
282.53341702156536,80096,745,1236,17926,
282.5334758147357,80096,744,1237,17926,
282.5368422414642,80096,743,1238,17926,
282.53738763178626,80095,744,1238,17926,
282.54025448356896,80095,743,1239,17926,
282.5411752956197,80095,742,1240,17926,
282.5413789771271,80095,741,1241,17926,
282.5431872024524,80095,741,1240,17927,
282.5464020678251,80095,740,1241,17927,
282.547615546517,80095,740,1240,17928,
282.54789682219774,80094,741,1240,17928,
282.5506356147788,80094,741,1239,17929,
282.5557585094613,80093,742,1239,17929,
282.5592682753499,80093,741,1240,17929,
282.5605023976121,80093,740,1241,17929,
282.56302314678123,80092,741,1241,17929,
282.5644820933875,80092,740,1242,17929,
282.56936941310465,80092,739,1243,17929,
282.57086589229436,80092,739,1242,17930,
282.57892971495426,80092,738,1243,17930,
282.58502252357476,80092,737,1244,17930,
282.5858807794886,80091,738,1244,17930,
282.58908860017254,80090,739,1244,17930,
282.5920374410539,80090,738,1245,17930,
282.59414005564525,80089,739,1245,17930,
282.59580490144293,80088,740,1245,17930,
282.5967233815657,80088,739,1246,17930,
282.59885434590603,80088,738,1247,17930,
282.5999765438827,80088,738,1246,17931,
282.6041250397527,80088,738,1245,17932,
282.60790309527255,80088,737,1246,17932,
282.6145859887168,80088,737,1245,17933,
282.6158574032855,80088,736,1246,17933,
282.6181134026372,80088,735,1247,17933,
282.6200050330238,80088,734,1248,17933,
282.62111334983797,80087,735,1248,17933,
282.6234985993135,80087,735,1247,17934,
282.6247315141939,80087,734,1248,17934,
282.6314440210594,80087,734,1247,17935,
282.63937846524556,80087,733,1248,17935,
282.640084850016,80087,732,1249,17935,
282.64525074458027,80087,732,1248,17936,
282.64588156364994,80086,733,1248,17936,
282.64862402861013,80086,733,1247,17937,
282.6504617723584,80086,733,1246,17938,
282.65187097939383,80086,733,1245,17939,
282.6550781603318,80086,732,1246,17939,
282.6576478023353,80085,733,1246,17939,
282.66465962262777,80085,733,1245,17940,
282.6655745789297,80085,733,1244,17941,
282.6719311063379,80085,732,1245,17941,
282.6736995958324,80085,731,1246,17941,
282.68679106159016,80085,730,1247,17941,
282.6882618414344,80085,729,1248,17941,
282.6895215906689,80085,728,1249,17941,
282.69149381838605,80085,727,1250,17941,
282.6916465044252,80085,727,1249,17942,
282.6925018669417,80084,728,1249,17942,
282.6947906986781,80084,728,1248,17943,
282.69521489735587,80084,728,1247,17944,
282.695234419529,80083,729,1247,17944,
282.69570292872777,80082,730,1247,17944,
282.7007994328561,80082,730,1246,17945,
282.70111193168793,80082,729,1247,17945,
282.7020261636696,80082,729,1246,17946,
282.7027133089416,80082,728,1247,17946,
282.70682142710194,80081,729,1247,17946,
282.7084911500345,80081,729,1246,17947,
282.7087372593274,80081,729,1245,17948,
282.7090111302407,80080,730,1245,17948,
282.7109476406911,80079,731,1245,17948,
282.71210833073155,80078,732,1245,17948,
282.7129388676666,80078,732,1244,17949,
282.7143512142316,80078,731,1245,17949,
282.7144947734753,80078,730,1246,17949,
282.7180776990025,80077,731,1246,17949,
282.72298910897103,80077,731,1245,17950,
282.725138938499,80076,732,1245,17950,
282.72787045673647,80075,733,1245,17950,
282.72790898283733,80074,734,1245,17950,
282.7298979404293,80074,734,1244,17951,
282.73304165356177,80074,734,1243,17952,
282.73319429225654,80073,735,1243,17952,
282.7347147555849,80072,736,1243,17952,
282.73531957194524,80072,735,1244,17952,
282.73585455850616,80072,735,1243,17953,
282.73954989531836,80071,736,1243,17953,
282.7405519523465,80071,736,1242,17954,
282.74883590054975,80071,736,1241,17955,
282.7490390046962,80071,736,1240,17956,
282.74933919987757,80070,737,1240,17956,
282.75678517015365,80070,737,1239,17957,
282.76088966408224,80070,736,1240,17957,
282.7624233967716,80070,735,1241,17957,
282.7666736572147,80069,736,1241,17957,
282.76948660798206,80069,736,1240,17958,
282.77089207337553,80069,736,1239,17959,
282.7758409430971,80069,736,1238,17960,
282.7760754566647,80069,735,1239,17960,
282.77636101713347,80068,736,1239,17960,
282.77763801075696,80068,736,1238,17961,
282.77887918206045,80068,736,1237,17962,
282.7846272930474,80068,735,1238,17962,
282.7859479925399,80068,734,1239,17962,
282.79345308903055,80068,734,1238,17963,
282.79747715367546,80068,733,1239,17963,
282.8029888640348,80068,733,1238,17964,
282.8039003080484,80068,732,1239,17964,
282.80790260812984,80067,733,1239,17964,
282.8103954611096,80067,733,1238,17965,
282.81193764281085,80067,733,1237,17966,
282.8129052546354,80067,733,1236,17967,
282.81296143454904,80067,732,1237,17967,
282.8144597467523,80067,732,1236,17968,
282.8164578940013,80067,732,1235,17969,
282.81712297337765,80067,731,1236,17969,
282.8193507358013,80067,731,1235,17970,
282.82084755628944,80066,732,1235,17970,
282.82210429041123,80066,732,1234,17971,
282.8297716651439,80065,733,1234,17971,
282.8308393537059,80065,732,1235,17971,
282.8322565567904,80064,733,1235,17971,
282.8345342622785,80063,734,1235,17971,
282.8349626639982,80063,734,1234,17972,
282.8352243028465,80063,733,1235,17972,
282.83912911478444,80062,734,1235,17972,
282.83940651365737,80061,735,1235,17972,
282.8453420542278,80061,734,1236,17972,
282.84756651063935,80060,735,1236,17972,
282.8494416132217,80060,734,1237,17972,
282.85127734622046,80059,735,1237,17972,
282.85234930351913,80059,734,1238,17972,
282.8525194102978,80058,735,1238,17972,
282.8558109179445,80058,734,1239,17972,
282.85677068703325,80057,735,1239,17972,
282.85682256285423,80057,734,1240,17972,
282.8596207219271,80056,735,1240,17972,
282.8609317091575,80055,736,1240,17972,
282.86199504713727,80055,735,1241,17972,
282.8621009708504,80055,734,1242,17972,
282.8634832667847,80055,734,1241,17973,
282.867147648821,80055,733,1242,17973,
282.86729266442785,80055,732,1243,17973,
282.8686177915297,80054,733,1243,17973,
282.8705810307399,80054,733,1242,17974,
282.87226841799816,80054,733,1241,17975,
282.87305089428236,80054,732,1242,17975,
282.8734918054964,80054,731,1243,17975,
282.8747855299223,80054,731,1242,17976,
282.8769721231635,80054,731,1241,17977,
282.87761856278,80054,730,1242,17977,
282.8803410879429,80054,730,1241,17978,
282.8829550289538,80053,731,1241,17978,
282.8830174164307,80052,732,1241,17978,
282.8830830531155,80051,733,1241,17978,
282.8851568284561,80051,733,1240,17979,
282.8889793398907,80050,734,1240,17979,
282.89182524922995,80050,734,1239,17980,
282.892210914678,80050,734,1238,17981,
282.89265494940497,80050,734,1237,17982,
282.8947372451524,80049,735,1237,17982,
282.89477512254587,80049,735,1236,17983,
282.8956923777494,80049,734,1237,17983,
282.90031838358084,80048,735,1237,17983,
282.900721644521,80048,734,1238,17983,
282.90217388460474,80048,733,1239,17983,
282.90418944330247,80048,733,1238,17984,
282.909419189712,80047,734,1238,17984,
282.9170147492319,80047,734,1237,17985,
282.9196451682253,80047,733,1238,17985,
282.9202271123489,80047,733,1237,17986,
282.9224975819909,80047,733,1236,17987,
282.9230472924182,80047,733,1235,17988,
282.9254702519999,80047,733,1234,17989,
282.92719254619095,80046,734,1234,17989,
282.9286061446944,80045,735,1234,17989,
282.9294150800846,80045,735,1233,17990,
282.9297291084735,80044,736,1233,17990,
282.93083141572544,80043,737,1233,17990,
282.9380789268942,80042,738,1233,17990,
282.939335193965,80041,739,1233,17990,
282.9396423277366,80041,739,1232,17991,
282.9404593046536,80040,740,1232,17991,
282.9477427646033,80039,741,1232,17991,
282.9495861682674,80038,742,1232,17991,
282.9509675462549,80038,742,1231,17992,
282.9514163940216,80038,741,1232,17992,
282.9515525682562,80038,740,1233,17992,
282.95374510456514,80038,739,1234,17992,
282.95720161551435,80038,738,1235,17992,
282.95816429938736,80038,737,1236,17992,
282.9603483761126,80037,738,1236,17992,
282.9645484939783,80037,737,1237,17992,
282.96680431020485,80037,737,1236,17993,
282.9686705371639,80037,736,1237,17993,
282.9708788212163,80037,735,1238,17993,
282.97319877814084,80036,736,1238,17993,
282.9765740006341,80036,736,1237,17994,
282.97930257804444,80036,735,1238,17994,
282.9797515673294,80035,736,1238,17994,
282.981303648927,80035,735,1239,17994,
282.98289693364177,80035,734,1240,17994,
282.9873090570393,80034,735,1240,17994,
282.98741174720453,80033,736,1240,17994,
282.98755976180934,80033,735,1241,17994,
282.9877212164484,80032,736,1241,17994,
282.9895880822787,80032,736,1240,17995,
282.9928205084125,80031,737,1240,17995,
282.99746066308563,80031,737,1239,17996,
282.9976358855285,80031,737,1238,17997,
282.99995059749045,80031,736,1239,17997,
283.00050182530464,80031,736,1238,17998,
283.0125093341872,80031,736,1237,17999,
283.0141744770457,80031,736,1236,18000,
283.02197383790474,80031,735,1237,18000,
283.024927118652,80030,736,1237,18000,
283.02539293919375,80030,736,1236,18001,
283.02720155454676,80030,735,1237,18001,
283.0277001646098,80030,735,1236,18002,
283.0300340728022,80029,736,1236,18002,
283.0325977924523,80029,736,1235,18003,
283.0350470780792,80029,736,1234,18004,
283.04046654253284,80029,735,1235,18004,
283.0475554100518,80029,734,1236,18004,
283.04808807896586,80028,735,1236,18004,
283.0507666543419,80028,735,1235,18005,
283.0519872835903,80027,736,1235,18005,
283.057882236379,80026,737,1235,18005,
283.05918381474225,80026,736,1236,18005,
283.0640292860236,80026,736,1235,18006,
283.06471629948896,80025,737,1235,18006,
283.0661793507659,80024,738,1235,18006,
283.0663294183842,80024,737,1236,18006,
283.0663700382464,80023,738,1236,18006,
283.06891555803367,80023,738,1235,18007,
283.0783667154699,80022,739,1235,18007,
283.0784612106991,80022,739,1234,18008,
283.08037457213044,80021,740,1234,18008,
283.080833564933,80021,739,1235,18008,
283.085349437509,80021,738,1236,18008,
283.08918112355946,80020,739,1236,18008,
283.0898613448539,80019,740,1236,18008,
283.0922961639077,80018,741,1236,18008,
283.0938519263972,80017,742,1236,18008,
283.09619717575157,80017,742,1235,18009,
283.09916251214287,80017,741,1236,18009,
283.0993427817664,80017,740,1237,18009,
283.10244784053117,80017,739,1238,18009,
283.10312119652184,80017,738,1239,18009,
283.1092190034653,80017,737,1240,18009,
283.1097710221472,80017,736,1241,18009,
283.11119106600114,80017,735,1242,18009,
283.1137322972267,80016,736,1242,18009,
283.1139418859783,80016,736,1241,18010,
283.1156145728082,80016,736,1240,18011,
283.1180942836602,80015,737,1240,18011,
283.1189205882371,80015,737,1239,18012,
283.11986730726557,80015,736,1240,18012,
283.1201911862955,80014,737,1240,18012,
283.12251636578975,80014,736,1241,18012,
283.12318078985305,80014,735,1242,18012,
283.13132727575413,80014,735,1241,18013,
283.1471706614041,80014,734,1242,18013,
283.1486176663251,80013,735,1242,18013,
283.15289040852787,80012,736,1242,18013,
283.1539832729265,80012,735,1243,18013,
283.15467319053914,80012,734,1244,18013,
283.15592295644433,80012,733,1245,18013,
283.1600030199098,80012,732,1246,18013,
283.1609330385424,80011,733,1246,18013,
283.16234031151123,80011,733,1245,18014,
283.1633623607656,80011,733,1244,18015,
283.1663968129835,80010,734,1244,18015,
283.16744057964644,80010,733,1245,18015,
283.1679471650424,80010,733,1244,18016,
283.1679987177429,80010,732,1245,18016,
283.16999523721995,80010,732,1244,18017,
283.17186715657874,80010,731,1245,18017,
283.17267431210627,80010,730,1246,18017,
283.1735301871791,80010,729,1247,18017,
283.1745254770495,80010,728,1248,18017,
283.1757154897132,80010,728,1247,18018,
283.17616250228997,80010,727,1248,18018,
283.17694193606843,80010,727,1247,18019,
283.1812752108286,80009,728,1247,18019,
283.1816755808295,80009,728,1246,18020,
283.18197662843767,80009,727,1247,18020,
283.1855233897333,80008,728,1247,18020,
283.18603198177647,80007,729,1247,18020,
283.18654555339634,80007,729,1246,18021,
283.19059463062416,80006,730,1246,18021,
283.1917268587329,80006,730,1245,18022,
283.19331597344024,80006,729,1246,18022,
283.19538890581333,80005,730,1246,18022,
283.1979963546834,80004,731,1246,18022,
283.1990786551235,80003,732,1246,18022,
283.20050133601484,80002,733,1246,18022,
283.20333481530616,80001,734,1246,18022,
283.2108164258484,80001,734,1245,18023,
283.2110645535299,80001,733,1246,18023,
283.2227485641718,80001,732,1247,18023,
283.2239627096908,80001,732,1246,18024,
283.2245855137932,80001,731,1247,18024,
283.2249703776694,80000,732,1247,18024,
283.2268316136242,80000,731,1248,18024,
283.22920765462504,79999,732,1248,18024,
283.2328213710481,79998,733,1248,18024,
283.23510536689605,79997,734,1248,18024,
283.2360711833732,79997,734,1247,18025,
283.23753448737955,79997,733,1248,18025,
283.2386021930302,79997,732,1249,18025,
283.24107008181,79997,731,1250,18025,
283.24221498319275,79997,731,1249,18026,
283.24222338787547,79996,732,1249,18026,
283.24938278087654,79996,731,1250,18026,
283.2579115365347,79996,731,1249,18027,
283.25883143776736,79996,731,1248,18028,
283.2605152228669,79996,730,1249,18028,
283.26185227410133,79995,731,1249,18028,
283.264674649101,79994,732,1249,18028,
283.26620525382464,79994,731,1250,18028,
283.26799518510626,79994,730,1251,18028,
283.2680878623768,79993,731,1251,18028,
283.26970647445,79993,730,1252,18028,
283.27087449500283,79992,731,1252,18028,
283.272006670833,79992,731,1251,18029,
283.27260128855676,79991,732,1251,18029,
283.2730079144064,79990,733,1251,18029,
283.27410748348984,79990,732,1252,18029,
283.2743163761617,79989,733,1252,18029,
283.2744573471492,79989,732,1253,18029,
283.27496871325707,79988,733,1253,18029,
283.28183059957286,79988,733,1252,18030,
283.282912902153,79988,732,1253,18030,
283.28748366582454,79988,731,1254,18030,
283.289293633959,79987,732,1254,18030,
283.29301895791855,79987,731,1255,18030,
283.29317698084674,79987,731,1254,18031,
283.2968616906037,79987,730,1255,18031,
283.29880463558504,79987,729,1256,18031,
283.3029992369729,79986,730,1256,18031,
283.30396445962316,79986,730,1255,18032,
283.3067215813281,79985,731,1255,18032,
283.3147144896224,79985,731,1254,18033,
283.31864610603486,79985,731,1253,18034,
283.3199777617829,79984,732,1253,18034,
283.3204948105384,79984,732,1252,18035,
283.3220353197708,79984,732,1251,18036,
283.3221614422465,79984,731,1252,18036,
283.3227428888293,79983,732,1252,18036,
283.32521865346314,79982,733,1252,18036,
283.3252509241532,79982,733,1251,18037,
283.3257489531557,79981,734,1251,18037,
283.3286190868764,79981,733,1252,18037,
283.33005217145825,79981,732,1253,18037,
283.3326619504102,79980,733,1253,18037,
283.33275335720054,79980,733,1252,18038,
283.337035511149,79979,734,1252,18038,
283.33778600521373,79979,733,1253,18038,
283.3401350658171,79979,733,1252,18039,
283.3411190894852,79978,734,1252,18039,
283.34254129549134,79977,735,1252,18039,
283.3429060702626,79976,736,1252,18039,
283.34317795818674,79975,737,1252,18039,
283.3447637546548,79975,737,1251,18040,
283.34586403312085,79975,736,1252,18040,
283.34643497425543,79975,735,1253,18040,
283.34982199781984,79975,734,1254,18040,
283.3515964961365,79975,733,1255,18040,
283.35237263831294,79974,734,1255,18040,
283.35601451704855,79974,733,1256,18040,
283.357085762859,79973,734,1256,18040,
283.36201154473673,79973,733,1257,18040,
283.3652976703447,79972,734,1257,18040,
283.3653750004978,79972,734,1256,18041,
283.36538513779556,79971,735,1256,18041,
283.36717864527327,79971,734,1257,18041,
283.3690393909789,79971,734,1256,18042,
283.38094569637553,79970,735,1256,18042,
283.3838238524031,79970,734,1257,18042,
283.3919292804228,79969,735,1257,18042,
283.3940455154662,79969,735,1256,18043,
283.3940958249317,79969,734,1257,18043,
283.39506497100393,79968,735,1257,18043,
283.39728642630166,79967,736,1257,18043,
283.3996254471145,79966,737,1257,18043,
283.4004457873599,79966,736,1258,18043,
283.40634932407414,79966,735,1259,18043,
283.407629641955,79965,736,1259,18043,
283.4087523571287,79965,736,1258,18044,
283.4094071863051,79964,737,1258,18044,
283.4143285189084,79964,736,1259,18044,
283.4156475240953,79964,736,1258,18045,
283.4159671084982,79964,735,1259,18045,
283.4171087870861,79964,734,1260,18045,
283.42074826909044,79963,735,1260,18045,
283.42179662127324,79963,735,1259,18046,
283.42181986941193,79963,735,1258,18047,
283.42341321086155,79962,736,1258,18047,
283.4303128948433,79962,736,1257,18048,
283.43055273356254,79962,736,1256,18049,
283.4316584483428,79962,736,1255,18050,
283.43801140611777,79962,736,1254,18051,
283.4390335266622,79962,735,1255,18051,
283.4399664113231,79961,736,1255,18051,
283.4431638638984,79960,737,1255,18051,
283.44745642148615,79959,738,1255,18051,
283.4497296584586,79959,738,1254,18052,
283.45366737633805,79959,738,1253,18053,
283.4553787600622,79958,739,1253,18053,
283.45740714658916,79957,740,1253,18053,
283.4575025778421,79957,739,1254,18053,
283.4594599221344,79957,739,1253,18054,
283.4603849346463,79957,739,1252,18055,
283.4614068066549,79957,739,1251,18056,
283.4629430089138,79957,738,1252,18056,
283.4631550437693,79956,739,1252,18056,
283.4685959814629,79956,738,1253,18056,
283.47204632042053,79956,737,1254,18056,
283.4726036157633,79956,736,1255,18056,
283.47277303641414,79956,736,1254,18057,
283.47344299479147,79956,735,1255,18057,
283.47360114137297,79956,734,1256,18057,
283.4774256255246,79955,735,1256,18057,
283.47966445492534,79955,735,1255,18058,
283.48203158131656,79954,736,1255,18058,
283.4851098847544,79954,735,1256,18058,
283.4856443317034,79954,734,1257,18058,
283.4867171396502,79953,735,1257,18058,
283.48673309375386,79953,734,1258,18058,
283.48828098457386,79953,733,1259,18058,
283.4887990725599,79952,734,1259,18058,
283.4902822937262,79951,735,1259,18058,
283.49041433929506,79951,735,1258,18059,
283.4904797767489,79951,735,1257,18060,
283.4930567494939,79951,735,1256,18061,
283.493354137645,79951,734,1257,18061,
283.496523110237,79950,735,1257,18061,
283.50252981341663,79950,734,1258,18061,
283.50511724166773,79950,733,1259,18061,
283.5086774447646,79949,734,1259,18061,
283.51159232335834,79949,734,1258,18062,
283.51195663989023,79949,734,1257,18063,
283.51372227114587,79948,735,1257,18063,
283.51921420802927,79948,734,1258,18063,
283.5194153046278,79948,733,1259,18063,
283.5247955283588,79947,734,1259,18063,
283.525420331988,79947,734,1258,18064,
283.5273537708138,79946,735,1258,18064,
283.5309999414482,79946,734,1259,18064,
283.53887503425267,79946,733,1260,18064,
283.548884304495,79946,732,1261,18064,
283.5520880494791,79946,732,1260,18065,
283.5532668077183,79946,731,1261,18065,
283.55765678428355,79946,731,1260,18066,
283.5580825979423,79945,732,1260,18066,
283.55895167576597,79944,733,1260,18066,
283.56555404999267,79943,734,1260,18066,
283.5670406479311,79943,733,1261,18066,
283.57092145606117,79943,732,1262,18066,
283.58365365497235,79942,733,1262,18066,
283.5837305861347,79942,732,1263,18066,
283.5861265855194,79942,732,1262,18067,
283.5929541129815,79941,733,1262,18067,
283.5969087915168,79940,734,1262,18067,
283.5979514290229,79940,733,1263,18067,
283.59841327149377,79940,733,1262,18068,
283.6007687879619,79940,732,1263,18068,
283.60333108196994,79940,731,1264,18068,
283.6048096132509,79940,730,1265,18068,
283.61105517571343,79940,729,1266,18068,
283.6116220315628,79939,730,1266,18068,
283.6143501662214,79939,730,1265,18069,
283.61483371668487,79938,731,1265,18069,
283.6151011636224,79938,730,1266,18069,
283.6186631865707,79938,729,1267,18069,
283.62057549339966,79938,729,1266,18070,
283.62282406736483,79938,728,1267,18070,
283.6232941669783,79938,728,1266,18071,
283.62349211025094,79938,728,1265,18072,
283.62452895543043,79938,728,1264,18073,
283.62610695384154,79938,728,1263,18074,
283.6263344275658,79938,727,1264,18074,
283.627926798156,79938,726,1265,18074,
283.628682898874,79938,726,1264,18075,
283.63039645936675,79937,727,1264,18075,
283.63204336366954,79937,726,1265,18075,
283.63507564470524,79937,725,1266,18075,
283.63626047173057,79936,726,1266,18075,
283.6392464518473,79936,726,1265,18076,
283.6457173270992,79936,726,1264,18077,
283.65011581510464,79936,725,1265,18077,
283.65107974842124,79935,726,1265,18077,
283.6541314480091,79935,725,1266,18077,
283.6570370640534,79934,726,1266,18077,
283.6584487206207,79934,725,1267,18077,
283.6588444689613,79934,724,1268,18077,
283.6623216440225,79934,723,1269,18077,
283.6643966584319,79933,724,1269,18077,
283.6663330108857,79933,724,1268,18078,
283.6667256535706,79932,725,1268,18078,
283.6693955581229,79932,725,1267,18079,
283.6702901801294,79932,725,1266,18080,
283.67645497683856,79932,725,1265,18081,
283.67952925547104,79931,726,1265,18081,
283.6804859263514,79931,725,1266,18081,
283.68192159808433,79931,724,1267,18081,
283.682715885092,79931,723,1268,18081,
283.68620129955474,79930,724,1268,18081,
283.68627791872564,79929,725,1268,18081,
283.6868041645145,79929,724,1269,18081,
283.6894295266469,79929,724,1268,18082,
283.69059067230705,79928,725,1268,18082,
283.6922662054083,79927,726,1268,18082,
283.69343589651635,79926,727,1268,18082,
283.6949937413495,79926,726,1269,18082,
283.6987593341127,79926,725,1270,18082,
283.7009872499478,79925,726,1270,18082,
283.70412497513047,79924,727,1270,18082,
283.7043011355098,79924,727,1269,18083,
283.7055918842468,79923,728,1269,18083,
283.70622315961145,79922,729,1269,18083,
283.70682445423904,79922,728,1270,18083,
283.7081652008707,79922,727,1271,18083,
283.7094753154588,79921,728,1271,18083,
283.7120593963864,79921,728,1270,18084,
283.7132343577217,79920,729,1270,18084,
283.7139914556597,79919,730,1270,18084,
283.71574736005147,79919,730,1269,18085,
283.7249837893189,79919,730,1268,18086,
283.7260372293242,79918,731,1268,18086,
283.72878485084334,79918,731,1267,18087,
283.7297993804195,79917,732,1267,18087,
283.7305561954918,79917,731,1268,18087,
283.7409049540892,79917,731,1267,18088,
283.7421536527988,79917,730,1268,18088,
283.75324448794953,79916,731,1268,18088,
283.7552054209042,79916,730,1269,18088,
283.75547051672993,79915,731,1269,18088,
283.75675805163894,79915,731,1268,18089,
283.7583843967714,79915,730,1269,18089,
283.75877423728906,79915,730,1268,18090,
283.7627100447089,79914,731,1268,18090,
283.768762609315,79913,732,1268,18090,
283.7707278808619,79912,733,1268,18090,
283.7716255013046,79912,732,1269,18090,
283.7736711988058,79912,731,1270,18090,
283.7780243245778,79911,732,1270,18090,
283.77868843252213,79910,733,1270,18090,
283.78149351712153,79909,734,1270,18090,
283.78229938518155,79909,733,1271,18090,
283.78338259964625,79909,732,1272,18090,
283.7856547983676,79909,731,1273,18090,
283.7883541622845,79909,730,1274,18090,
283.7916909083414,79908,731,1274,18090,
283.7920245722912,79908,731,1273,18091,
283.79277685931453,79908,730,1274,18091,
283.7934878978956,79908,729,1275,18091,
283.8008276591575,79908,728,1276,18091,
283.8013241553506,79907,729,1276,18091,
283.80174053826556,79907,729,1275,18092,
283.8025169388002,79907,728,1276,18092,
283.8052253960579,79907,727,1277,18092,
283.80941347957906,79907,727,1276,18093,
283.81105202141043,79906,728,1276,18093,
283.81173529329493,79906,727,1277,18093,
283.8118022433626,79906,727,1276,18094,
283.81394444633366,79905,728,1276,18094,
283.8152747900405,79905,727,1277,18094,
283.8153699136185,79905,727,1276,18095,
283.8163372743257,79904,728,1276,18095,
283.819140580992,79904,727,1277,18095,
283.8220088376796,79903,728,1277,18095,
283.8232580559008,79902,729,1277,18095,
283.8243458262371,79902,728,1278,18095,
283.82553816187,79902,727,1279,18095,
283.8257145935531,79902,727,1278,18096,
283.8300030588874,79902,727,1277,18097,
283.8302978322299,79902,727,1276,18098,
283.83031537770705,79901,728,1276,18098,
283.8327687654329,79900,729,1276,18098,
283.84408203343304,79900,729,1275,18099,
283.845853893389,79900,728,1276,18099,
283.84740264441433,79899,729,1276,18099,
283.85057207226544,79899,728,1277,18099,
283.8511901228262,79899,727,1278,18099,
283.85146580194237,79898,728,1278,18099,
283.8526261778993,79898,727,1279,18099,
283.852922366989,79897,728,1279,18099,
283.85498576892974,79897,728,1278,18100,
283.8596526700453,79897,728,1277,18101,
283.8613239397833,79897,728,1276,18102,
283.86167618214034,79897,728,1275,18103,
283.8630247314456,79896,729,1275,18103,
283.8686609665609,79896,728,1276,18103,
283.86917934784077,79896,727,1277,18103,
283.87068435495956,79896,727,1276,18104,
283.8710801051791,79896,727,1275,18105,
283.873482709436,79896,727,1274,18106,
283.8738688686961,79896,726,1275,18106,
283.87865722667703,79896,725,1276,18106,
283.8816305656894,79896,725,1275,18107,
283.88222889484706,79896,724,1276,18107,
283.8824869232876,79895,725,1276,18107,
283.88473060866517,79895,724,1277,18107,
283.8866415606676,79895,724,1276,18108,
283.8884266925528,79894,725,1276,18108,
283.88904671403503,79894,725,1275,18109,
283.8890894205995,79894,725,1274,18110,
283.89042507062516,79894,725,1273,18111,
283.8991052682284,79894,724,1274,18111,
283.9009749462923,79894,723,1275,18111,
283.9019728878135,79894,723,1274,18112,
283.9046658594516,79893,724,1274,18112,
283.90543625577027,79893,723,1275,18112,
283.9058591395701,79892,724,1275,18112,
283.9060585638888,79891,725,1275,18112,
283.90684572475004,79891,725,1274,18113,
283.90708077061555,79891,724,1275,18113,
283.9083208502508,79891,724,1274,18114,
283.90973935367055,79891,724,1273,18115,
283.9157006143029,79891,723,1274,18115,
283.91705004302855,79890,724,1274,18115,
283.91988318844795,79889,725,1274,18115,
283.9199827352982,79888,726,1274,18115,
283.92242225123135,79888,726,1273,18116,
283.9262082251812,79887,727,1273,18116,
283.92732099009646,79887,726,1274,18116,
283.9278109862382,79887,725,1275,18116,
283.929297858955,79887,724,1276,18116,
283.93162032735023,79887,723,1277,18116,
283.9325977009939,79887,723,1276,18117,
283.9375663313056,79886,724,1276,18117,
283.93803752064855,79886,724,1275,18118,
283.93847384543847,79886,724,1274,18119,
283.94317629022623,79886,724,1273,18120,
283.94350232708854,79885,725,1273,18120,
283.9461741803689,79885,724,1274,18120,
283.9486808293903,79885,723,1275,18120,
283.9522450879849,79885,723,1274,18121,
283.9568447404138,79884,724,1274,18121,
283.95744585340805,79884,723,1275,18121,
283.958727577803,79884,722,1276,18121,
283.96105142280817,79884,722,1275,18122,
283.96691386066766,79883,723,1275,18122,
283.973480588841,79882,724,1275,18122,
283.97704099199206,79882,723,1276,18122,
283.9779536655341,79881,724,1276,18122,
283.97830762533545,79881,724,1275,18123,
283.98219892373055,79880,725,1275,18123,
283.9881114240031,79880,725,1274,18124,
283.9888308699936,79880,725,1273,18125,
283.9905498200879,79879,726,1273,18125,
283.99201498942733,79879,726,1272,18126,
283.99304991275,79878,727,1272,18126,
283.9940304912009,79878,727,1271,18127,
283.99880690106806,79877,728,1271,18127,
284.00455884460024,79877,728,1270,18128,
284.0063758464586,79877,727,1271,18128,
284.00667380199593,79876,728,1271,18128,
284.0071696049399,79875,729,1271,18128,
284.0078123093964,79875,729,1270,18129,
284.0082311208224,79874,730,1270,18129,
284.0095831538904,79873,731,1270,18129,
284.0123400817141,79872,732,1270,18129,
284.0141065546097,79872,731,1271,18129,
284.0143822970005,79871,732,1271,18129,
284.01458691411307,79871,732,1270,18130,
284.0163748467434,79870,733,1270,18130,
284.0229417465782,79869,734,1270,18130,
284.02564161771045,79868,735,1270,18130,
284.02731682498245,79868,735,1269,18131,
284.0309420837849,79868,735,1268,18132,
284.0327454366951,79868,735,1267,18133,
284.0337903739562,79868,735,1266,18134,
284.03395415757586,79868,735,1265,18135,
284.0387247603909,79867,736,1265,18135,
284.0390351502022,79867,735,1266,18135,
284.040363480718,79866,736,1266,18135,
284.04451112036077,79866,736,1265,18136,
284.04927464598927,79866,735,1266,18136,
284.05176316479543,79865,736,1266,18136,
284.0529779865163,79865,736,1265,18137,
284.05842931341147,79865,736,1264,18138,
284.064275212984,79864,737,1264,18138,
284.0647102642251,79863,738,1264,18138,
284.066366385309,79863,738,1263,18139,
284.066980893088,79862,739,1263,18139,
284.0685472728601,79862,738,1264,18139,
284.06961388208725,79862,737,1265,18139,
284.07044748728447,79862,736,1266,18139,
284.0719732470028,79861,737,1266,18139,
284.0737045532417,79860,738,1266,18139,
284.0788372901769,79860,737,1267,18139,
284.0789494729416,79859,738,1267,18139,
284.08221331366667,79859,738,1266,18140,
284.0824020317937,79858,739,1266,18140,
284.0887923601657,79857,740,1266,18140,
284.0935248744219,79856,741,1266,18140,
284.0936823299861,79856,741,1265,18141,
284.09514334489916,79855,742,1265,18141,
284.09556534292534,79855,742,1264,18142,
284.0985059468657,79854,743,1264,18142,
284.1010103816585,79854,742,1265,18142,
284.1019492289477,79853,743,1265,18142,
284.10467622509736,79853,743,1264,18143,
284.1056019561711,79853,743,1263,18144,
284.106496340629,79852,744,1263,18144,
284.10792286883446,79851,745,1263,18144,
284.10799295104516,79850,746,1263,18144,
284.10867222443676,79850,746,1262,18145,
284.1088893638585,79849,747,1262,18145,
284.1097053187512,79849,746,1263,18145,
284.1109110798899,79848,747,1263,18145,
284.11120330287514,79848,747,1262,18146,
284.11183712304904,79848,747,1261,18147,
284.1149359591545,79848,747,1260,18148,
284.11647605017004,79848,747,1259,18149,
284.1217085370605,79847,748,1259,18149,
284.1246848153953,79847,748,1258,18150,
284.1291505272946,79846,749,1258,18150,
284.1304599514337,79845,750,1258,18150,
284.1341935297501,79844,751,1258,18150,
284.13952944049043,79844,750,1259,18150,
284.14208139615414,79843,751,1259,18150,
284.1434531232334,79842,752,1259,18150,
284.1441533838833,79842,751,1260,18150,
284.14439676006134,79842,750,1261,18150,
284.1507675330828,79842,750,1260,18151,
284.1510550823613,79842,750,1259,18152,
284.15109426621717,79842,750,1258,18153,
284.1525069487738,79842,749,1259,18153,
284.1540354626402,79841,750,1259,18153,
284.1559220345546,79841,749,1260,18153,
284.1581894424618,79841,748,1261,18153,
284.16040464814733,79841,747,1262,18153,
284.1613126650495,79841,747,1261,18154,
284.16312710400354,79840,748,1261,18154,
284.1653121926679,79840,747,1262,18154,
284.166345975274,79839,748,1262,18154,
284.1693766723392,79838,749,1262,18154,
284.1781997310161,79837,750,1262,18154,
284.1822577234762,79836,751,1262,18154,
284.18408187159224,79836,751,1261,18155,
284.1868385326917,79836,751,1260,18156,
284.19473682158673,79835,752,1260,18156,
284.19534567074834,79835,752,1259,18157,
284.19627045932174,79834,753,1259,18157,
284.19711977281713,79834,752,1260,18157,
284.20483164158725,79834,751,1261,18157,
284.20766160414,79834,750,1262,18157,
284.21519226667795,79833,751,1262,18157,
284.2224549507802,79833,750,1263,18157,
284.22829504871527,79832,751,1263,18157,
284.2289622056329,79832,751,1262,18158,
284.2292662269042,79832,750,1263,18158,
284.23052552228603,79832,749,1264,18158,
284.238317624626,79831,750,1264,18158,
284.24015266223176,79830,751,1264,18158,
284.2417304337552,79829,752,1264,18158,
284.24493658286656,79828,753,1264,18158,
284.24956824800347,79828,752,1265,18158,
284.25224344308515,79828,751,1266,18158,
284.2523707863506,79828,751,1265,18159,
284.25310738148875,79828,750,1266,18159,
284.2556203225158,79828,750,1265,18160,
284.25626963405546,79828,749,1266,18160,
284.25658943255775,79827,750,1266,18160,
284.2568387554367,79827,749,1267,18160,
284.2573003409084,79827,748,1268,18160,
284.2575064174331,79826,749,1268,18160,
284.25951085726297,79826,748,1269,18160,
284.25977609275776,79826,747,1270,18160,
284.2603426421181,79826,747,1269,18161,
284.2649484207824,79826,746,1270,18161,
284.2727385003217,79826,745,1271,18161,
284.2744890373128,79826,745,1270,18162,
284.27474995606525,79825,746,1270,18162,
284.2762741361544,79824,747,1270,18162,
284.27923969366356,79824,747,1269,18163,
284.28019881709093,79824,747,1268,18164,
284.2825435575119,79823,748,1268,18164,
284.28817253555695,79823,747,1269,18164,
284.28862692509506,79823,746,1270,18164,
284.2905827230604,79822,747,1270,18164,
284.2931552171188,79821,748,1270,18164,
284.2938314041455,79821,748,1269,18165,
284.2971898181309,79820,749,1269,18165,
284.29774725040386,79819,750,1269,18165,
284.2979446352663,79818,751,1269,18165,
284.3032812725547,79817,752,1269,18165,
284.3080981838906,79816,753,1269,18165,
284.30929736868103,79815,754,1269,18165,
284.3139271132747,79815,754,1268,18166,
284.31526680227176,79815,753,1269,18166,
284.3179453792159,79815,752,1270,18166,
284.3266581780672,79814,753,1270,18166,
284.3267559558649,79814,753,1269,18167,
284.3269290038359,79813,754,1269,18167,
284.3270169762013,79813,754,1268,18168,
284.32845798626744,79813,753,1269,18168,
284.332830694205,79813,752,1270,18168,
284.3353469782779,79812,753,1270,18168,
284.3369296547283,79812,752,1271,18168,
284.3376239923621,79811,753,1271,18168,
284.3378729352877,79811,753,1270,18169,
284.33817243267754,79810,754,1270,18169,
284.3475658081927,79810,754,1269,18170,
284.34767121572685,79810,753,1270,18170,
284.34884058459596,79810,753,1269,18171,
284.3504966390058,79810,752,1270,18171,
284.35055898331433,79810,752,1269,18172,
284.35159049195045,79809,753,1269,18172,
284.3518450574118,79809,753,1268,18173,
284.35319038723406,79808,754,1268,18173,
284.3546063181374,79808,753,1269,18173,
284.3555652703979,79808,752,1270,18173,
284.35644150635346,79807,753,1270,18173,
284.35950763488734,79807,752,1271,18173,
284.364343237135,79807,752,1270,18174,
284.3648245940583,79807,751,1271,18174,
284.36554001806934,79806,752,1271,18174,
284.3701679276345,79806,752,1270,18175,
284.3705102441603,79806,751,1271,18175,
284.3768924293847,79806,751,1270,18176,
284.3773210434676,79805,752,1270,18176,
284.38012481370447,79805,751,1271,18176,
284.3823653197704,79805,751,1270,18177,
284.3853787215528,79805,751,1269,18178,
284.3855422860898,79805,750,1270,18178,
284.38675073415106,79804,751,1270,18178,
284.3920352558177,79804,750,1271,18178,
284.39385485845685,79804,749,1272,18178,
284.39566106563115,79804,749,1271,18179,
284.3972642477061,79804,749,1270,18180,
284.4002084182353,79803,750,1270,18180,
284.40021623410274,79802,751,1270,18180,
284.4017318220727,79802,751,1269,18181,
284.40272155040657,79801,752,1269,18181,
284.41265032338237,79801,751,1270,18181,
284.42188567120013,79800,752,1270,18181,
284.42208823418076,79799,753,1270,18181,
284.42318859894584,79799,753,1269,18182,
284.4244869285053,79799,752,1270,18182,
284.4260312006185,79799,752,1269,18183,
284.4323677389615,79799,751,1270,18183,
284.43378667152234,79798,752,1270,18183,
284.435621789113,79798,752,1269,18184,
284.4361235612903,79798,752,1268,18185,
284.4368524821792,79798,752,1267,18186,
284.43777628612906,79797,753,1267,18186,
284.43798704598146,79797,752,1268,18186,
284.4413124961127,79797,751,1269,18186,
284.44232926191944,79797,751,1268,18187,
284.44386594930234,79797,750,1269,18187,
284.44601843265565,79796,751,1269,18187,
284.45023065021775,79796,751,1268,18188,
284.4509351216152,79796,750,1269,18188,
284.45142284523826,79795,751,1269,18188,
284.4514840453378,79795,751,1268,18189,
284.45181824806974,79794,752,1268,18189,
284.45267410804774,79794,752,1267,18190,
284.4567728427675,79793,753,1267,18190,
284.4576900659084,79792,754,1267,18190,
284.45841400895307,79791,755,1267,18190,
284.4591568417761,79791,755,1266,18191,
284.4600569424253,79791,755,1265,18192,
284.4601257524499,79791,755,1264,18193,
284.4646292791643,79791,755,1263,18194,
284.46647259174887,79790,756,1263,18194,
284.4665539563315,79790,756,1262,18195,
284.4684742499139,79789,757,1262,18195,
284.46896456236334,79789,756,1263,18195,
284.4759271813414,79789,756,1262,18196,
284.4790134179217,79789,756,1261,18197,
284.48443410817555,79788,757,1261,18197,
284.4915612027501,79788,756,1262,18197,
284.49640193324785,79787,757,1262,18197,
284.49657197249144,79786,758,1262,18197,
284.50019501008325,79786,758,1261,18198,
284.5035465956249,79786,758,1260,18199,
284.50470621712947,79786,757,1261,18199,
284.5066553223745,79786,757,1260,18200,
284.5087926280121,79786,756,1261,18200,
284.51560676450396,79785,757,1261,18200,
284.5175117060362,79784,758,1261,18200,
284.522144647947,79783,759,1261,18200,
284.5240723071695,79783,759,1260,18201,
284.525706845418,79782,760,1260,18201,
284.5274745508981,79781,761,1260,18201,
284.5293059845761,79781,760,1261,18201,
284.53027848862257,79781,760,1260,18202,
284.5324578419102,79781,759,1261,18202,
284.53492645091814,79780,760,1261,18202,
284.54188466399074,79780,759,1262,18202,
284.5442670688908,79779,760,1262,18202,
284.55390042929287,79779,759,1263,18202,
284.55476304296866,79779,759,1262,18203,
284.5569135003417,79778,760,1262,18203,
284.561880124064,79778,760,1261,18204,
284.56364700595543,79778,759,1262,18204,
284.5647652263388,79778,758,1263,18204,
284.5659314158826,79778,757,1264,18204,
284.56667530531274,79778,756,1265,18204,
284.5676518700624,79778,756,1264,18205,
284.57080497028454,79778,756,1263,18206,
284.57532003322046,79778,755,1264,18206,
284.57591840989807,79778,755,1263,18207,
284.57707936485974,79778,754,1264,18207,
284.5776521368428,79778,753,1265,18207,
284.5778631958219,79778,753,1264,18208,
284.5785957269251,79778,752,1265,18208,
284.57989970840754,79778,752,1264,18209,
284.58226831894626,79778,751,1265,18209,
284.58266530846805,79777,752,1265,18209,
284.58338879118656,79776,753,1265,18209,
284.5833952222765,79775,754,1265,18209,
284.58630866466814,79774,755,1265,18209,
284.5873846026687,79773,756,1265,18209,
284.58775870668643,79773,755,1266,18209,
284.587858667084,79773,755,1265,18210,
284.5895151343343,79772,756,1265,18210,
284.58953124590954,79772,755,1266,18210,
284.59279612424325,79772,755,1265,18211,
284.59523650047163,79772,754,1266,18211,
284.5971112689528,79771,755,1266,18211,
284.59907504557856,79770,756,1266,18211,
284.60006876380095,79770,755,1267,18211,
284.60059234081524,79770,754,1268,18211,
284.6014675853101,79770,754,1267,18212,
284.60175652310915,79769,755,1267,18212,
284.6029047854356,79768,756,1267,18212,
284.6056164149864,79768,756,1266,18213,
284.60580770254114,79768,755,1267,18213,
284.60801530895515,79768,755,1266,18214,
284.6124012456767,79768,754,1267,18214,
284.6128801959694,79768,754,1266,18215,
284.62163275208223,79767,755,1266,18215,
284.6250090799861,79766,756,1266,18215,
284.6287771842094,79766,755,1267,18215,
284.63125191192086,79765,756,1267,18215,
284.6325930547437,79765,756,1266,18216,
284.6326386434081,79764,757,1266,18216,
284.6366110288836,79764,756,1267,18216,
284.649966860363,79764,756,1266,18217,
284.6504182246486,79764,755,1267,18217,
284.6513660093501,79763,756,1267,18217,
284.65158730626877,79763,756,1266,18218,
284.6527428079274,79763,755,1267,18218,
284.66222525401804,79762,756,1267,18218,
284.66455658586193,79761,757,1267,18218,
284.6651076348737,79761,757,1266,18219,
284.66817484571476,79761,757,1265,18220,
284.6686068832098,79760,758,1265,18220,
284.6708393018545,79760,757,1266,18220,
284.67156950884623,79760,757,1265,18221,
284.67175239594263,79759,758,1265,18221,
284.67716005991895,79759,757,1266,18221,
284.6808481053331,79759,757,1265,18222,
284.68329546145895,79759,757,1264,18223,
284.68399194713015,79758,758,1264,18223,
284.6860552182822,79758,757,1265,18223,
284.6870487978744,79758,756,1266,18223,
284.6877647503521,79758,756,1265,18224,
284.6921494886765,79758,756,1264,18225,
284.6923642233829,79758,756,1263,18226,
284.6926844183699,79758,756,1262,18227,
284.69680540908337,79757,757,1262,18227,
284.7032542442754,79757,757,1261,18228,
284.7068301911469,79757,757,1260,18229,
284.7079905610889,79757,757,1259,18230,
284.7092967717543,79756,758,1259,18230,
284.7093968171191,79755,759,1259,18230,
284.7151255178724,79754,760,1259,18230,
284.71515795699736,79754,760,1258,18231,
284.71889429491625,79754,760,1257,18232,
284.7213441659946,79754,760,1256,18233,
284.7220396315153,79754,759,1257,18233,
284.72369905967633,79754,759,1256,18234,
284.72396770466366,79754,759,1255,18235,
284.7249194924443,79754,758,1256,18235,
284.7251003627971,79754,758,1255,18236,
284.7308665578868,79754,757,1256,18236,
284.7348118857699,79754,756,1257,18236,
284.7348909654081,79754,756,1256,18237,
284.73587005266756,79754,755,1257,18237,
284.73755377053584,79754,755,1256,18238,
284.75091190502445,79753,756,1256,18238,
284.75595676390986,79752,757,1256,18238,
284.7584724914499,79752,756,1257,18238,
284.7618820839593,79752,756,1256,18239,
284.77110991122123,79752,755,1257,18239,
284.77116092023067,79751,756,1257,18239,
284.7724245432831,79750,757,1257,18239,
284.77276567281876,79749,758,1257,18239,
284.7730820096995,79748,759,1257,18239,
284.773875236877,79747,760,1257,18239,
284.7740635306794,79747,760,1256,18240,
284.77449965298126,79747,759,1257,18240,
284.77926612712037,79747,759,1256,18241,
284.7793425177458,79747,759,1255,18242,
284.7795244831377,79747,759,1254,18243,
284.7803290130448,79747,758,1255,18243,
284.7807620935521,79747,758,1254,18244,
284.7846148334778,79746,759,1254,18244,
284.78565411498914,79746,759,1253,18245,
284.78658702126455,79746,759,1252,18246,
284.7889026559663,79746,759,1251,18247,
284.79089843955285,79746,758,1252,18247,
284.79147764046735,79745,759,1252,18247,
284.79732508468396,79745,759,1251,18248,
284.80174460068685,79744,760,1251,18248,
284.81242013366915,79743,761,1251,18248,
284.8143020252343,79743,761,1250,18249,
284.8180138410082,79743,760,1251,18249,
284.820486885194,79742,761,1251,18249,
284.8228527860978,79742,761,1250,18250,
284.8267586253552,79742,760,1251,18250,
284.82926545970764,79741,761,1251,18250,
284.83123548040413,79740,762,1251,18250,
284.8379163668633,79740,761,1252,18250,
284.8388415124494,79739,762,1252,18250,
284.8390240058666,79738,763,1252,18250,
284.8390905515117,79737,764,1252,18250,
284.84127043862844,79737,763,1253,18250,
284.84222403739307,79736,764,1253,18250,
284.8441703820538,79736,764,1252,18251,
284.8515692052444,79735,765,1252,18251,
284.85178575621444,79734,766,1252,18251,
284.8547065610852,79734,766,1251,18252,
284.85503337529076,79734,766,1250,18253,
284.8612918966231,79734,765,1251,18253,
284.86235463870554,79734,764,1252,18253,
284.8650453265666,79733,765,1252,18253,
284.8697136272091,79733,765,1251,18254,
284.8700181146459,79732,766,1251,18254,
284.8705666078,79732,765,1252,18254,
284.87421210991846,79732,764,1253,18254,
284.87627049686296,79732,763,1254,18254,
284.87693056372115,79732,763,1253,18255,
284.8869712418729,79732,762,1254,18255,
284.8884178192555,79732,761,1255,18255,
284.89264999734087,79731,762,1255,18255,
284.896187555096,79730,763,1255,18255,
284.8975071553688,79729,764,1255,18255,
284.89758555998236,79729,764,1254,18256,
284.900686171185,79729,764,1253,18257,
284.9031876465866,79728,765,1253,18257,
284.9042047330433,79727,766,1253,18257,
284.9051144183838,79726,767,1253,18257,
284.90589657521195,79726,766,1254,18257,
284.9059747259551,79726,765,1255,18257,
284.9068575306429,79726,764,1256,18257,
284.9085238092231,79726,764,1255,18258,
284.90988096453964,79725,765,1255,18258,
284.91579051423804,79725,765,1254,18259,
284.9164426253125,79725,764,1255,18259,
284.9187935196235,79724,765,1255,18259,
284.92100497960706,79723,766,1255,18259,
284.9250310105699,79723,766,1254,18260,
284.92691051827734,79722,767,1254,18260,
284.9288208657461,79722,766,1255,18260,
284.93198453874834,79721,767,1255,18260,
284.9320853363208,79721,766,1256,18260,
284.9347127723111,79720,767,1256,18260,
284.93493027789924,79719,768,1256,18260,
284.93705966001704,79718,769,1256,18260,
284.9375691067666,79718,769,1255,18261,
284.9377495052313,79718,769,1254,18262,
284.9403632195256,79718,768,1255,18262,
284.9491896175572,79718,768,1254,18263,
284.9511097543119,79718,767,1255,18263,
284.95267967749106,79717,768,1255,18263,
284.95884235606496,79717,767,1256,18263,
284.95974239505574,79716,768,1256,18263,
284.96143412772113,79716,767,1257,18263,
284.9629980157345,79715,768,1257,18263,
284.9635942125293,79715,768,1256,18264,
284.96632756619385,79715,768,1255,18265,
284.9699988485545,79714,769,1255,18265,
284.9727966533145,79714,768,1256,18265,
284.9745504466088,79713,769,1256,18265,
284.97480308822475,79713,768,1257,18265,
284.9767806413784,79713,767,1258,18265,
284.9822462310048,79712,768,1258,18265,
284.98243978912495,79711,769,1258,18265,
284.9826688937248,79710,770,1258,18265,
284.9831950355061,79710,769,1259,18265,
284.9840883038081,79709,770,1259,18265,
284.98426402416857,79709,769,1260,18265,
284.9855806837957,79709,768,1261,18265,
284.98592164206644,79708,769,1261,18265,
284.98723628586646,79708,768,1262,18265,
284.9889154031226,79707,769,1262,18265,
284.9958422722692,79707,768,1263,18265,
284.9973783934421,79707,768,1262,18266,
284.9976825223039,79707,767,1263,18266,
284.99773444211286,79706,768,1263,18266,
285.0025131048227,79706,768,1262,18267,
285.0054564608993,79705,769,1262,18267,
285.0074477708965,79704,770,1262,18267,
285.0101461777288,79704,769,1263,18267,
285.010197780521,79704,769,1262,18268,
285.0121383315992,79704,768,1263,18268,
285.01401951857184,79703,769,1263,18268,
285.01630703581316,79703,768,1264,18268,
285.0188806348173,79703,767,1265,18268,
285.02410531362324,79703,766,1266,18268,
285.026119610533,79703,765,1267,18268,
285.02618473667053,79703,765,1266,18269,
285.0267499290206,79703,765,1265,18270,
285.02751601538034,79702,766,1265,18270,
285.03108126856137,79702,766,1264,18271,
285.0318638763575,79702,765,1265,18271,
285.0365546011273,79702,764,1266,18271,
285.03865748151765,79701,765,1266,18271,
285.03874956071405,79701,765,1265,18272,
285.04041710642525,79701,764,1266,18272,
285.04375406323123,79701,764,1265,18273,
285.04704853551846,79701,763,1266,18273,
285.04805960967553,79701,763,1265,18274,
285.0495090414925,79700,764,1265,18274,
285.0508450440669,79699,765,1265,18274,
285.0525569793926,79698,766,1265,18274,
285.05324797882986,79697,767,1265,18274,
285.05767218400075,79696,768,1265,18274,
285.0592448158695,79696,767,1266,18274,
285.0617589390354,79695,768,1266,18274,
285.0625706774403,79695,768,1265,18275,
285.0637765518589,79695,768,1264,18276,
285.07022838521453,79695,767,1265,18276,
285.07173730137396,79695,767,1264,18277,
285.0760183662025,79694,768,1264,18277,
285.07659816943817,79694,767,1265,18277,
285.0806812083927,79693,768,1265,18277,
285.08354634538426,79692,769,1265,18277,
285.086723492201,79692,769,1264,18278,
285.0882844898804,79692,769,1263,18279,
285.09305953370716,79691,770,1263,18279,
285.09532981413736,79691,769,1264,18279,
285.0990869250126,79691,768,1265,18279,
285.1000018914833,79690,769,1265,18279,
285.10137944419967,79690,768,1266,18279,
285.10372649375495,79690,768,1265,18280,
285.1077805501404,79690,768,1264,18281,
285.108322901017,79690,768,1263,18282,
285.11031441456385,79689,769,1263,18282,
285.11223764647616,79688,770,1263,18282,
285.1126571822904,79688,769,1264,18282,
285.1156034745447,79688,769,1263,18283,
285.1223575262806,79687,770,1263,18283,
285.1227733284613,79687,769,1264,18283,
285.1246615409493,79687,769,1263,18284,
285.1299833898192,79687,768,1264,18284,
285.1302200843525,79686,769,1264,18284,
285.1304728780792,79686,769,1263,18285,
285.13557770722565,79686,768,1264,18285,
285.13579220054635,79686,767,1265,18285,
285.1419054346695,79686,767,1264,18286,
285.1459266625789,79685,768,1264,18286,
285.14755742626386,79685,767,1265,18286,
285.15366814116055,79685,766,1266,18286,
285.15455139287576,79684,767,1266,18286,
285.1593363386155,79684,766,1267,18286,
285.16183997441044,79684,765,1268,18286,
285.16755049671144,79683,766,1268,18286,
285.1723266230773,79683,765,1269,18286,
285.1785922842863,79682,766,1269,18286,
285.1787554653081,79682,766,1268,18287,
285.17881447127365,79681,767,1268,18287,
285.18102436071655,79680,768,1268,18287,
285.1815453748085,79679,769,1268,18287,
285.18163330798956,79679,769,1267,18288,
285.1823094842732,79679,769,1266,18289,
285.18799278950934,79679,769,1265,18290,
285.1917219503804,79678,770,1265,18290,
285.19446722765946,79678,769,1266,18290,
285.1969915462232,79678,769,1265,18291,
285.2010623680032,79678,768,1266,18291,
285.20450812778563,79678,767,1267,18291,
285.2049759947457,79678,766,1268,18291,
285.2052123068702,79678,766,1267,18292,
285.209852155172,79677,767,1267,18292,
285.2131021878882,79677,767,1266,18293,
285.21327004566365,79676,768,1266,18293,
285.2164457755574,79676,767,1267,18293,
285.21768547653136,79675,768,1267,18293,
285.22098058888145,79675,768,1266,18294,
285.2213163284858,79675,768,1265,18295,
285.2227641191356,79675,767,1266,18295,
285.2228316744532,79675,767,1265,18296,
285.2271855811692,79675,766,1266,18296,
285.23051921441424,79674,767,1266,18296,
285.23244071247575,79674,766,1267,18296,
285.23704913841436,79673,767,1267,18296,
285.23832151436795,79672,768,1267,18296,
285.2439852104758,79671,769,1267,18296,
285.24443562518854,79670,770,1267,18296,
285.2453909683981,79670,770,1266,18297,
285.2458213279412,79669,771,1266,18297,
285.2497670857139,79668,772,1266,18297,
285.2546876403477,79668,771,1267,18297,
285.25537308152,79668,770,1268,18297,
285.2557674835706,79668,769,1269,18297,
285.25910765460634,79667,770,1269,18297,
285.2709105539741,79666,771,1269,18297,
285.2734639804037,79666,771,1268,18298,
285.2735887591939,79666,771,1267,18299,
285.2778145874252,79666,770,1268,18299,
285.2819094120203,79666,770,1267,18300,
285.28446025671855,79665,771,1267,18300,
285.2868034794634,79665,770,1268,18300,
285.2873613498288,79664,771,1268,18300,
285.2910680221032,79664,771,1267,18301,
285.29128876774627,79663,772,1267,18301,
285.29249554259576,79663,772,1266,18302,
285.2931800944701,79663,772,1265,18303,
285.2971044750751,79663,772,1264,18304,
285.3010306129128,79663,771,1265,18304,
285.30306784994326,79663,770,1266,18304,
285.30637921571093,79662,771,1266,18304,
285.30987962901986,79661,772,1266,18304,
285.3130495891079,79661,771,1267,18304,
285.318281144868,79660,772,1267,18304,
285.3226415115219,79659,773,1267,18304,
285.3262229160323,79659,773,1266,18305,
285.3288351857705,79658,774,1266,18305,
285.3306815187792,79657,775,1266,18305,
285.3375648080491,79657,774,1267,18305,
285.3388567476385,79657,773,1268,18305,
285.34196807026353,79656,774,1268,18305,
285.3435457344542,79655,775,1268,18305,
285.3454025499068,79655,775,1267,18306,
285.34966040905095,79654,776,1267,18306,
285.352367752948,79653,777,1267,18306,
285.352562919151,79653,776,1268,18306,
285.35979004663466,79653,776,1267,18307,
285.3622644316703,79653,775,1268,18307,
285.3655002393734,79653,775,1267,18308,
285.3666399002931,79653,775,1266,18309,
285.36690508476795,79653,774,1267,18309,
285.3697702387957,79653,774,1266,18310,
285.37232255661746,79653,774,1265,18311,
285.37339200753115,79653,773,1266,18311,
285.37600454306113,79653,773,1265,18312,
285.3775507137172,79652,774,1265,18312,
285.37884793093684,79651,775,1265,18312,
285.3798527248113,79650,776,1265,18312,
285.3814933483467,79650,776,1264,18313,
285.38200637442105,79650,776,1263,18314,
285.3850350047355,79650,776,1262,18315,
285.38572725209184,79649,777,1262,18315,
285.3887516140369,79649,777,1261,18316,
285.3901692616463,79649,776,1262,18316,
285.39020746408977,79649,775,1263,18316,
285.3905312665301,79648,776,1263,18316,
285.39834236863555,79648,775,1264,18316,
285.39901333419834,79647,776,1264,18316,
285.39961915474873,79647,775,1265,18316,
285.4007553555275,79647,774,1266,18316,
285.40357324573023,79647,774,1265,18317,
285.40418031242825,79647,773,1266,18317,
285.40495934224737,79646,774,1266,18317,
285.4102470427894,79646,774,1265,18318,
285.41388190820027,79645,775,1265,18318,
285.41499360220587,79645,774,1266,18318,
285.4199805555704,79645,773,1267,18318,
285.4204693905004,79645,772,1268,18318,
285.4219971286436,79645,772,1267,18319,
285.42366285811096,79645,772,1266,18320,
285.4287941682977,79645,772,1265,18321,
285.43559077898317,79645,771,1266,18321,
285.4370798223661,79645,770,1267,18321,
285.4377071823375,79644,771,1267,18321,
285.4383642255255,79643,772,1267,18321,
285.44425821754476,79642,773,1267,18321,
285.44588880613026,79642,772,1268,18321,
285.45063520917074,79642,772,1267,18322,
285.45580817420927,79641,773,1267,18322,
285.4568371081227,79640,774,1267,18322,
285.45736085838854,79640,773,1268,18322,
285.4575363521483,79639,774,1268,18322,
285.45847360936614,79639,774,1267,18323,
285.45975937269554,79639,774,1266,18324,
285.4668439754354,79639,773,1267,18324,
285.47008631263736,79638,774,1267,18324,
285.4708846548556,79638,774,1266,18325,
285.47092240506794,79637,775,1266,18325,
285.47240230311075,79636,776,1266,18325,
285.4733753382468,79636,775,1267,18325,
285.47477715917705,79635,776,1267,18325,
285.47970477617173,79635,776,1266,18326,
285.4797587754589,79634,777,1266,18326,
285.47987994799104,79634,776,1267,18326,
285.48439636095605,79634,776,1266,18327,
285.4858663001631,79634,776,1265,18328,
285.48750282669766,79634,775,1266,18328,
285.49029485106456,79634,774,1267,18328,
285.49165291446843,79634,774,1266,18329,
285.49182070962024,79633,775,1266,18329,
285.4920516319545,79633,774,1267,18329,
285.4923448054678,79632,775,1267,18329,
285.49291936961174,79631,776,1267,18329,
285.49555737105334,79631,775,1268,18329,
285.4959868254064,79630,776,1268,18329,
285.50274242283444,79630,775,1269,18329,
285.5040678730651,79630,774,1270,18329,
285.5069273433041,79629,775,1270,18329,
285.50821207373986,79629,774,1271,18329,
285.5195217112909,79629,773,1272,18329,
285.51974273488565,79628,774,1272,18329,
285.52215015158,79628,774,1271,18330,
285.52341505571695,79628,774,1270,18331,
285.52885953098826,79628,774,1269,18332,
285.5311080951732,79628,773,1270,18332,
285.5323885026573,79627,774,1270,18332,
285.5325157625624,79626,775,1270,18332,
285.5358036815712,79626,775,1269,18333,
285.53627197054897,79626,775,1268,18334,
285.53868703893954,79626,774,1269,18334,
285.539631109253,79626,774,1268,18335,
285.5399762825277,79625,775,1268,18335,
285.5440777869144,79625,774,1269,18335,
285.5446130371698,79625,773,1270,18335,
285.54569326375344,79625,773,1269,18336,
285.5477570072173,79625,772,1270,18336,
285.55019542730196,79624,773,1270,18336,
285.55049107077076,79623,774,1270,18336,
285.5535978772444,79622,775,1270,18336,
285.55498586362586,79621,776,1270,18336,
285.5579770213356,79621,776,1269,18337,
285.56196276959076,79621,776,1268,18338,
285.56218498856094,79620,777,1268,18338,
285.5634916879057,79619,778,1268,18338,
285.5656687443872,79619,778,1267,18339,
285.56583982863935,79618,779,1267,18339,
285.56609223705414,79618,778,1268,18339,
285.56662761707867,79618,778,1267,18340,
285.5668382723919,79617,779,1267,18340,
285.56831887514505,79617,778,1268,18340,
285.56852917282595,79616,779,1268,18340,
285.57236792852007,79616,779,1267,18341,
285.5755593316889,79616,778,1268,18341,
285.57612658729647,79616,778,1267,18342,
285.5764478025665,79616,777,1268,18342,
285.57978771766386,79615,778,1268,18342,
285.5864430311826,79615,778,1267,18343,
285.5875736575356,79615,777,1268,18343,
285.58767750527664,79614,778,1268,18343,
285.59189126545914,79614,778,1267,18344,
285.59442982676035,79613,779,1267,18344,
285.5960199844912,79612,780,1267,18344,
285.5995088099566,79612,779,1268,18344,
285.6018888986196,79611,780,1268,18344,
285.6046746644111,79610,781,1268,18344,
285.6057556333025,79610,780,1269,18344,
285.6063391471886,79610,779,1270,18344,
285.606738669879,79610,779,1269,18345,
285.60720344859016,79610,779,1268,18346,
285.60834561244803,79610,778,1269,18346,
285.61075762850317,79609,779,1269,18346,
285.61815603413027,79609,778,1270,18346,
285.61950728223263,79609,777,1271,18346,
285.62199318528025,79609,777,1270,18347,
285.63441129822377,79609,776,1271,18347,
285.63501435575824,79609,776,1270,18348,
285.6397321385732,79609,776,1269,18349,
285.6401591235531,79609,776,1268,18350,
285.6439104370385,79609,775,1269,18350,
285.6526624759751,79609,775,1268,18351,
285.654187758862,79609,775,1267,18352,
285.65818339492245,79608,776,1267,18352,
285.65917100633544,79608,775,1268,18352,
285.66578706115735,79607,776,1268,18352,
285.6724559775728,79607,776,1267,18353,
285.6749338154703,79607,776,1266,18354,
285.6763596247913,79607,776,1265,18355,
285.67847217043317,79607,775,1266,18355,
285.6787278666221,79607,774,1267,18355,
285.6813561321502,79607,773,1268,18355,
285.6841338542151,79606,774,1268,18355,
285.68454468611526,79606,774,1267,18356,
285.68510592534705,79605,775,1267,18356,
285.6854866973883,79605,774,1268,18356,
285.6896454121707,79604,775,1268,18356,
285.6902235775761,79604,774,1269,18356,
285.6924626597547,79603,775,1269,18356,
285.69395471021693,79603,774,1270,18356,
285.6950816672902,79603,774,1269,18357,
285.69950918265283,79603,773,1270,18357,
285.7026145906539,79603,772,1271,18357,
285.7086625232224,79603,771,1272,18357,
285.71284949839236,79603,770,1273,18357,
285.7129767000774,79602,771,1273,18357,
285.7132214062456,79601,772,1273,18357,
285.7142546959204,79601,771,1274,18357,
285.7179264582486,79600,772,1274,18357,
285.7180231674906,79600,772,1273,18358,
285.7223414637957,79600,772,1272,18359,
285.7230168693212,79599,773,1272,18359,
285.7246751513963,79599,773,1271,18360,
285.7255033327699,79599,772,1272,18360,
285.72613825812874,79598,773,1272,18360,
285.72678882003237,79597,774,1272,18360,
285.73188363739837,79597,774,1271,18361,
285.7319253331944,79597,774,1270,18362,
285.7321181871759,79597,774,1269,18363,
285.7341200301401,79597,774,1268,18364,
285.7400252791576,79596,775,1268,18364,
285.7424385194851,79596,775,1267,18365,
285.7441571227705,79596,775,1266,18366,
285.74459661873215,79596,774,1267,18366,
285.74724863575716,79596,773,1268,18366,
285.7553332669881,79596,772,1269,18366,
285.759448218897,79596,772,1268,18367,
285.7645428675005,79595,773,1268,18367,
285.76502029610407,79594,774,1268,18367,
285.7675232941866,79594,774,1267,18368,
285.7705538640594,79594,773,1268,18368,
285.77075112197804,79594,772,1269,18368,
285.7734080781387,79594,771,1270,18368,
285.7751068836014,79594,770,1271,18368,
285.77856613821376,79594,770,1270,18369,
285.779149287262,79594,769,1271,18369,
285.78025527466605,79593,770,1271,18369,
285.7803616530378,79593,769,1272,18369,
285.78166471430103,79592,770,1272,18369,
285.7818002188953,79592,770,1271,18370,
285.7841153701305,79592,770,1270,18371,
285.78579162703585,79592,769,1271,18371,
285.78718600492476,79592,769,1270,18372,
285.7876466006157,79592,769,1269,18373,
285.79364905722986,79592,768,1270,18373,
285.7985963569209,79591,769,1270,18373,
285.7986115932002,79590,770,1270,18373,
285.7988500197,79590,769,1271,18373,
285.7997957715825,79589,770,1271,18373,
285.8023559201232,79589,770,1270,18374,
285.8028260159612,79588,771,1270,18374,
285.80287266301576,79588,770,1271,18374,
285.80356837638834,79587,771,1271,18374,
285.80545905861874,79587,771,1270,18375,
285.80585718265223,79587,770,1271,18375,
285.80623625420066,79587,770,1270,18376,
285.8081669420753,79586,771,1270,18376,
285.8128204072544,79585,772,1270,18376,
285.8137417027472,79585,772,1269,18377,
285.81412067136387,79584,773,1269,18377,
285.8146165728487,79584,773,1268,18378,
285.8161734578079,79584,772,1269,18378,
285.8162531904992,79584,771,1270,18378,
285.81641116724705,79584,771,1269,18379,
285.8188787581881,79583,772,1269,18379,
285.8202292104568,79582,773,1269,18379,
285.82406442114956,79582,773,1268,18380,
285.8287728972057,79581,774,1268,18380,
285.8355189445902,79580,775,1268,18380,
285.84404735165754,79579,776,1268,18380,
285.8462688447834,79578,777,1268,18380,
285.84851928111084,79578,776,1269,18380,
285.84914829371047,79578,776,1268,18381,
285.8547176912115,79578,776,1267,18382,
285.8569566523903,79577,777,1267,18382,
285.85898327704933,79576,778,1267,18382,
285.8591151069535,79576,777,1268,18382,
285.8618643959663,79576,777,1267,18383,
285.8623658752744,79576,777,1266,18384,
285.8631184284012,79575,778,1266,18384,
285.86612301337175,79575,777,1267,18384,
285.8669640672501,79575,777,1266,18385,
285.86838798488054,79574,778,1266,18385,
285.8700857518229,79574,778,1265,18386,
285.87121410694914,79574,777,1266,18386,
285.8747719001201,79573,778,1266,18386,
285.87843842613,79573,777,1267,18386,
285.8808739511269,79572,778,1267,18386,
285.8819074173808,79572,777,1268,18386,
285.88383399161876,79571,778,1268,18386,
285.885925466725,79571,777,1269,18386,
285.8870004568886,79570,778,1269,18386,
285.8871375947899,79569,779,1269,18386,
285.8899554303288,79568,780,1269,18386,
285.89436283126724,79568,779,1270,18386,
285.8944938900928,79567,780,1270,18386,
285.89454137611716,79567,780,1269,18387,
285.89710877106785,79567,780,1268,18388,
285.9041568357515,79566,781,1268,18388,
285.9055710468486,79566,780,1269,18388,
285.9076184335179,79565,781,1269,18388,
285.90856965122873,79565,780,1270,18388,
285.9111421685744,79565,779,1271,18388,
285.91141403526746,79565,778,1272,18388,
285.91515569390003,79565,777,1273,18388,
285.91747734654325,79565,776,1274,18388,
285.9182856755303,79565,776,1273,18389,
285.9211219547539,79565,775,1274,18389,
285.92130406609937,79564,776,1274,18389,
285.92184647463444,79564,775,1275,18389,
285.9236844500452,79564,774,1276,18389,
285.92960649293417,79563,775,1276,18389,
285.93124693695376,79563,775,1275,18390,
285.9324833959501,79563,774,1276,18390,
285.9359085335919,79563,773,1277,18390,
285.9369098127968,79563,773,1276,18391,
285.9376142108627,79563,773,1275,18392,
285.93952829442355,79563,773,1274,18393,
285.9430928871569,79562,774,1274,18393,
285.9458883197661,79561,775,1274,18393,
285.9503737859627,79561,775,1273,18394,
285.95086909650115,79561,774,1274,18394,
285.950884578065,79561,774,1273,18395,
285.9533172966528,79560,775,1273,18395,
285.95454344115086,79560,774,1274,18395,
285.95491674825286,79560,774,1273,18396,
285.95910969033736,79560,774,1272,18397,
285.9613066627127,79559,775,1272,18397,
285.961743400771,79558,776,1272,18397,
285.96311612311996,79557,777,1272,18397,
285.9645976820929,79557,776,1273,18397,
285.9665527207024,79557,776,1272,18398,
285.9674688345828,79556,777,1272,18398,
285.9674712515355,79556,776,1273,18398,
285.97047292064104,79556,776,1272,18399,
285.9730095487185,79556,776,1271,18400,
285.97335910917263,79556,775,1272,18400,
285.97373093639067,79556,774,1273,18400,
285.9739219953552,79556,773,1274,18400,
285.9766225183997,79556,772,1275,18400,
285.98280414283727,79555,773,1275,18400,
285.9831491790804,79555,773,1274,18401,
285.98863362524315,79555,773,1273,18402,
285.99444623641233,79555,772,1274,18402,
285.99617401946756,79555,772,1273,18403,
285.99618585910184,79554,773,1273,18403,
285.9966060752438,79553,774,1273,18403,
285.99800990334364,79552,775,1273,18403,
286.0003501161626,79552,775,1272,18404,
286.0055743468366,79552,775,1271,18405,
286.0062248834103,79552,775,1270,18406,
286.01338676171514,79552,775,1269,18407,
286.01482613043254,79552,774,1270,18407,
286.01525272979,79552,774,1269,18408,
286.01597450148506,79552,774,1268,18409,
286.01682144520646,79552,773,1269,18409,
286.01727110003037,79552,773,1268,18410,
286.01850148760667,79552,772,1269,18410,
286.0210613002255,79552,771,1270,18410,
286.02545030231516,79552,771,1269,18411,
286.03216894509893,79551,772,1269,18411,
286.03326043783755,79551,772,1268,18412,
286.03377378291424,79550,773,1268,18412,
286.0381781747354,79550,773,1267,18413,
286.0385057112135,79550,773,1266,18414,
286.0426711147622,79549,774,1266,18414,
286.04732193698675,79548,775,1266,18414,
286.0491307746566,79547,776,1266,18414,
286.04972045380634,79547,776,1265,18415,
286.05625099106123,79547,775,1266,18415,
286.05722156420813,79546,776,1266,18415,
286.05942320241456,79546,775,1267,18415,
286.06470990357997,79546,775,1266,18416,
286.0674388544422,79546,775,1265,18417,
286.0686327195159,79546,774,1266,18417,
286.0733259096266,79546,773,1267,18417,
286.0791300638732,79545,774,1267,18417,
286.07935709738166,79545,774,1266,18418,
286.08667298724447,79544,775,1266,18418,
286.09017530054024,79544,775,1265,18419,
286.0908078284644,79544,774,1266,18419,
286.0971987402651,79544,773,1267,18419,
286.10125991083777,79544,772,1268,18419,
286.10778062045847,79544,772,1267,18420,
286.1143178770237,79543,773,1267,18420,
286.1152990162176,79543,773,1266,18421,
286.11869626411703,79542,774,1266,18421,
286.12175028803364,79541,775,1266,18421,
286.1261898983883,79540,776,1266,18421,
286.1311093896744,79540,776,1265,18422,
286.13430783148823,79539,777,1265,18422,
286.13708421754563,79539,776,1266,18422,
286.1373045105102,79539,776,1265,18423,
286.1373846136342,79538,777,1265,18423,
286.1413187038019,79538,777,1264,18424,
286.1432176356408,79537,778,1264,18424,
286.14363555122463,79537,777,1265,18424,
286.1439350582149,79537,776,1266,18424,
286.1513305389725,79537,776,1265,18425,
286.1516151544876,79537,776,1264,18426,
286.1519640613023,79537,776,1263,18427,
286.1538045631715,79537,775,1264,18427,
286.15771126791157,79537,775,1263,18428,
286.1607264543906,79536,776,1263,18428,
286.1607790977105,79536,776,1262,18429,
286.1629844616779,79536,776,1261,18430,
286.1646832541242,79536,776,1260,18431,
286.1673982059622,79536,775,1261,18431,
286.16804177805085,79536,774,1262,18431,
286.16936628583386,79536,774,1261,18432,
286.1696042725505,79535,775,1261,18432,
286.1732621372458,79534,776,1261,18432,
286.17747817837204,79534,776,1260,18433,
286.1800758527761,79534,776,1259,18434,
286.18458363200415,79534,776,1258,18435,
286.1857435106702,79533,777,1258,18435,
286.18632575736433,79533,776,1259,18435,
286.18893711784,79533,776,1258,18436,
286.18895047732747,79533,776,1257,18437,
286.19075073151964,79533,776,1256,18438,
286.1923227084485,79533,776,1255,18439,
286.1935255543851,79533,775,1256,18439,
286.1963630765135,79533,774,1257,18439,
286.1972624795985,79533,774,1256,18440,
286.19890855456634,79532,775,1256,18440,
286.2016806188127,79532,774,1257,18440,
286.20394648052076,79532,774,1256,18441,
286.206043178567,79531,775,1256,18441,
286.2082955991144,79531,774,1257,18441,
286.2120194358146,79531,774,1256,18442,
286.2158170151315,79530,775,1256,18442,
286.2180763806131,79530,774,1257,18442,
286.22079317551555,79530,773,1258,18442,
286.22630789269846,79530,773,1257,18443,
286.23582971219867,79530,773,1256,18444,
286.2383762306417,79529,774,1256,18444,
286.23923408251204,79528,775,1256,18444,
286.23926812404324,79527,776,1256,18444,
286.2408367524643,79527,776,1255,18445,
286.24738844386525,79526,777,1255,18445,
286.2494476920169,79525,778,1255,18445,
286.2499510518849,79524,779,1255,18445,
286.2504894425243,79524,779,1254,18446,
286.2553926670336,79524,779,1253,18447,
286.2559073014934,79523,780,1253,18447,
286.25716072205836,79522,781,1253,18447,
286.25856451298296,79522,780,1254,18447,
286.2626197142594,79522,779,1255,18447,
286.2629673371652,79521,780,1255,18447,
286.2672110788157,79520,781,1255,18447,
286.2687722900888,79519,782,1255,18447,
286.2702877274844,79519,782,1254,18448,
286.27152186295945,79518,783,1254,18448,
286.2754498787617,79518,783,1253,18449,
286.2771344369669,79518,782,1254,18449,
286.28165948143965,79518,781,1255,18449,
286.2817749380789,79517,782,1255,18449,
286.2829344174805,79517,782,1254,18450,
286.28300269457225,79517,781,1255,18450,
286.2937973912008,79517,780,1256,18450,
286.29718476571225,79517,779,1257,18450,
286.29786472276635,79516,780,1257,18450,
286.2988927166316,79516,780,1256,18451,
286.2994901277468,79516,779,1257,18451,
286.29963982427296,79516,778,1258,18451,
286.3026094704599,79515,779,1258,18451,
286.30348279771295,79514,780,1258,18451,
286.306929650788,79514,779,1259,18451,
286.30736114661926,79514,778,1260,18451,
286.30782633303954,79514,777,1261,18451,
286.3086087738629,79513,778,1261,18451,
286.31031003326825,79512,779,1261,18451,
286.3113356563931,79512,779,1260,18452,
286.3175618693127,79512,778,1261,18452,
286.31768316644263,79512,778,1260,18453,
286.31807041529436,79512,777,1261,18453,
286.3223876845485,79512,776,1262,18453,
286.3293506082133,79512,776,1261,18454,
286.3299114714219,79512,776,1260,18455,
286.3349547649358,79511,777,1260,18455,
286.339024859722,79511,777,1259,18456,
286.3435624299871,79511,777,1258,18457,
286.3456345949357,79511,777,1257,18458,
286.34650179778976,79511,776,1258,18458,
286.3469395964651,79510,777,1258,18458,
286.3492094265221,79510,776,1259,18458,
286.35137776663373,79510,776,1258,18459,
286.35331056665916,79510,775,1259,18459,
286.35431774735923,79510,775,1258,18460,
286.3578837318825,79510,775,1257,18461,
286.36168538684007,79509,776,1257,18461,
286.36679998485954,79509,775,1258,18461,
286.36741874958796,79508,776,1258,18461,
286.3699170336138,79508,776,1257,18462,
286.3735548206125,79508,776,1256,18463,
286.3741684829122,79508,776,1255,18464,
286.3757264273484,79508,776,1254,18465,
286.37733945785067,79507,777,1254,18465,
286.37771269911343,79506,778,1254,18465,
286.3789919918802,79506,778,1253,18466,
286.38305897695756,79505,779,1253,18466,
286.3842684056698,79504,780,1253,18466,
286.38598040629563,79503,781,1253,18466,
286.39364129514087,79503,781,1252,18467,
286.39641544891157,79503,780,1253,18467,
286.39831139134316,79502,781,1253,18467,
286.3996984018893,79501,782,1253,18467,
286.4059514525894,79500,783,1253,18467,
286.4090703434175,79499,784,1253,18467,
286.41841818678864,79499,783,1254,18467,
286.41926698952625,79499,782,1255,18467,
286.4200505571055,79499,781,1256,18467,
286.42184311580513,79499,781,1255,18468,
286.42763919053334,79499,781,1254,18469,
286.43061619290734,79499,780,1255,18469,
286.4315136167843,79498,781,1255,18469,
286.43280386556626,79497,782,1255,18469,
286.43598624630084,79497,781,1256,18469,
286.4382489840921,79496,782,1256,18469,
286.43837017604574,79496,782,1255,18470,
286.438714293522,79495,783,1255,18470,
286.4423936945099,79495,783,1254,18471,
286.44289572338073,79495,782,1255,18471,
286.4446106151462,79494,783,1255,18471,
286.44956411673223,79493,784,1255,18471,
286.4508190620927,79493,784,1254,18472,
286.45467588632806,79493,783,1255,18472,
286.4554858841466,79493,782,1256,18472,
286.4573107812772,79493,781,1257,18472,
286.4581923551525,79492,782,1257,18472,
286.4597606629488,79492,781,1258,18472,
286.4602131006265,79491,782,1258,18472,
286.47059924100995,79490,783,1258,18472,
286.47297235104537,79490,783,1257,18473,
286.47653748279697,79489,784,1257,18473,
286.4800814411272,79489,784,1256,18474,
286.48009651760196,79488,785,1256,18474,
286.4846392478823,79487,786,1256,18474,
286.48611867966747,79487,785,1257,18474,
286.48658701854424,79487,784,1258,18474,
286.487429861996,79487,783,1259,18474,
286.48990918232084,79487,782,1260,18474,
286.49012180607,79486,783,1260,18474,
286.4905055758653,79486,783,1259,18475,
286.49111612963856,79485,784,1259,18475,
286.4922197924772,79485,784,1258,18476,
286.492600623669,79484,785,1258,18476,
286.4929766840658,79484,784,1259,18476,
286.49747137329217,79484,784,1258,18477,
286.4986057160801,79484,783,1259,18477,
286.4994487303492,79484,782,1260,18477,
286.5027322249094,79484,782,1259,18478,
286.5041085303256,79483,783,1259,18478,
286.50630300852777,79483,783,1258,18479,
286.5079255427121,79482,784,1258,18479,
286.5089455584201,79482,783,1259,18479,
286.50953840968674,79482,782,1260,18479,
286.51117840334547,79482,782,1259,18480,
286.5154150193365,79482,782,1258,18481,
286.5239746519375,79481,783,1258,18481,
286.52510806602385,79481,783,1257,18482,
286.52878714367444,79481,782,1258,18482,
286.53322369383454,79480,783,1258,18482,
286.5339272949507,79480,782,1259,18482,
286.53528643477813,79480,782,1258,18483,
286.5363486618348,79480,781,1259,18483,
286.53670679247836,79480,780,1260,18483,
286.5387896389293,79479,781,1260,18483,
286.54242505444375,79478,782,1260,18483,
286.54454433903925,79478,782,1259,18484,
286.547514105451,79478,782,1258,18485,
286.54840417844264,79478,782,1257,18486,
286.5509874562893,79478,782,1256,18487,
286.5524025202662,79478,781,1257,18487,
286.5565728285599,79478,780,1258,18487,
286.5574561488416,79478,780,1257,18488,
286.56190533855215,79477,781,1257,18488,
286.56203933226857,79477,780,1258,18488,
286.56226761558827,79477,780,1257,18489,
286.5632065610108,79477,780,1256,18490,
286.5656460528949,79477,779,1257,18490,
286.5668333197656,79476,780,1257,18490,
286.56855078149647,79475,781,1257,18490,
286.5720268365435,79474,782,1257,18490,
286.57325540360273,79474,782,1256,18491,
286.57420904977323,79474,782,1255,18492,
286.5745517456408,79474,782,1254,18493,
286.57491882775736,79473,783,1254,18493,
286.5749642024381,79472,784,1254,18493,
286.57878883639415,79472,783,1255,18493,
286.57901394591795,79471,784,1255,18493,
286.58315708032166,79470,785,1255,18493,
286.583479310183,79470,784,1256,18493,
286.58361833372385,79470,784,1255,18494,
286.5849632648103,79470,784,1254,18495,
286.58656058223977,79470,784,1253,18496,
286.5869322848249,79469,785,1253,18496,
286.58798211900523,79469,785,1252,18497,
286.58853184536764,79469,785,1251,18498,
286.59352925197646,79469,784,1252,18498,
286.59470890666387,79468,785,1252,18498,
286.59493106083636,79468,785,1251,18499,
286.5968216106312,79468,784,1252,18499,
286.59699377139776,79468,783,1253,18499,
286.601218177909,79468,783,1252,18500,
286.6044400920957,79468,782,1253,18500,
286.60493033667944,79468,782,1252,18501,
286.6155577551286,79467,783,1252,18501,
286.61597292419486,79467,782,1253,18501,
286.61711295293753,79466,783,1253,18501,
286.62531513319954,79466,782,1254,18501,
286.62538845398086,79466,781,1255,18501,
286.6276692049676,79466,780,1256,18501,
286.62851811715893,79465,781,1256,18501,
286.63155921905184,79464,782,1256,18501,
286.6349144610066,79464,781,1257,18501,
286.6410573191011,79464,781,1256,18502,
286.64404426512607,79464,780,1257,18502,
286.6446623678255,79464,780,1256,18503,
286.6479829155927,79464,780,1255,18504,
286.6483010739812,79464,779,1256,18504,
286.65128352674617,79464,779,1255,18505,
286.6515725430544,79464,778,1256,18505,
286.6519742632764,79464,778,1255,18506,
286.6526353101549,79464,777,1256,18506,
286.6580138873922,79464,776,1257,18506,
286.659128685357,79463,777,1257,18506,
286.6594657697555,79462,778,1257,18506,
286.66020050602583,79461,779,1257,18506,
286.66532272774833,79461,779,1256,18507,
286.6698151171767,79461,778,1257,18507,
286.6699598049444,79461,777,1258,18507,
286.67184142212636,79460,778,1258,18507,
286.67889878379475,79459,779,1258,18507,
286.69051799481,79459,778,1259,18507,
286.6923295242741,79459,777,1260,18507,
286.6923492731165,79459,777,1259,18508,
286.69494197496795,79458,778,1259,18508,
286.696354633219,79457,779,1259,18508,
286.69641511175587,79456,780,1259,18508,
286.70590526415833,79456,779,1260,18508,
286.710620123719,79456,779,1259,18509,
286.7137509891911,79456,779,1258,18510,
286.71433294978476,79456,779,1257,18511,
286.71907685388385,79456,779,1256,18512,
286.72167796063485,79455,780,1256,18512,
286.72443921781564,79454,781,1256,18512,
286.7247629949795,79454,781,1255,18513,
286.72612496839594,79454,781,1254,18514,
286.72616309591695,79453,782,1254,18514,
286.7294921184575,79453,781,1255,18514,
286.7348286719708,79453,780,1256,18514,
286.7361431203602,79453,779,1257,18514,
286.7375687807983,79452,780,1257,18514,
286.73826545963124,79452,780,1256,18515,
286.74557992752545,79452,780,1255,18516,
286.746211063644,79452,779,1256,18516,
286.74731347063886,79452,779,1255,18517,
286.7474975551861,79452,778,1256,18517,
286.75314564810344,79452,778,1255,18518,
286.75547941906166,79452,777,1256,18518,
286.7560813806962,79451,778,1256,18518,
286.75705266507515,79451,778,1255,18519,
286.7570638913963,79450,779,1255,18519,
286.7572287278932,79450,779,1254,18520,
286.75826838253624,79450,778,1255,18520,
286.7596769781268,79450,778,1254,18521,
286.7628861083513,79450,778,1253,18522,
286.76881430263074,79449,779,1253,18522,
286.7688357138153,79449,779,1252,18523,
286.7742664763155,79449,779,1251,18524,
286.7753843350132,79448,780,1251,18524,
286.77705144413267,79448,779,1252,18524,
286.7791561655716,79448,779,1251,18525,
286.77966914205774,79448,779,1250,18526,
286.7821744074355,79448,779,1249,18527,
286.78289921035054,79447,780,1249,18527,
286.7837842423977,79446,781,1249,18527,
286.78859869489816,79446,781,1248,18528,
286.79167691794953,79445,782,1248,18528,
286.7931749374234,79444,783,1248,18528,
286.79601727414365,79443,784,1248,18528,
286.80430939383933,79442,785,1248,18528,
286.804749681871,79442,785,1247,18529,
286.80488096185746,79442,784,1248,18529,
286.8082745824637,79442,783,1249,18529,
286.8121834189264,79441,784,1249,18529,
286.8133835543594,79440,785,1249,18529,
286.8137808090824,79440,785,1248,18530,
286.8151752474027,79440,784,1249,18530,
286.82129606018685,79440,783,1250,18530,
286.822495753742,79439,784,1250,18530,
286.82608221454984,79439,784,1249,18531,
286.8279208872755,79439,783,1250,18531,
286.8314637894732,79439,782,1251,18531,
286.8349825602686,79439,782,1250,18532,
286.8361417801815,79439,781,1251,18532,
286.83736683817295,79439,781,1250,18533,
286.84095285801084,79439,781,1249,18534,
286.8414492597422,79439,780,1250,18534,
286.84185735412126,79439,779,1251,18534,
286.84383274256,79439,778,1252,18534,
286.84418892971115,79439,778,1251,18535,
286.84472446133384,79438,779,1251,18535,
286.84565681097814,79438,779,1250,18536,
286.84757234547607,79438,779,1249,18537,
286.8504755497861,79438,779,1248,18538,
286.85251340368507,79438,779,1247,18539,
286.8540328001912,79437,780,1247,18539,
286.8543540756339,79436,781,1247,18539,
286.8552976993578,79436,780,1248,18539,
286.85623743941994,79436,780,1247,18540,
286.8582826305268,79436,780,1246,18541,
286.86312318629825,79436,780,1245,18542,
286.86486068397306,79436,779,1246,18542,
286.8655730342896,79435,780,1246,18542,
286.8672975376294,79435,779,1247,18542,
286.8726106956492,79434,780,1247,18542,
286.8761463861723,79434,780,1246,18543,
286.8788955653349,79434,780,1245,18544,
286.87916488241893,79433,781,1245,18544,
286.8832091565847,79433,781,1244,18545,
286.88730707392244,79433,780,1245,18545,
286.8887612489922,79433,779,1246,18545,
286.8890495353262,79433,779,1245,18546,
286.89126946267567,79433,778,1246,18546,
286.8938605260491,79432,779,1246,18546,
286.89976164804295,79431,780,1246,18546,
286.8998919481866,79431,779,1247,18546,
286.9004536299417,79431,778,1248,18546,
286.9008131392867,79430,779,1248,18546,
286.90323293182814,79430,779,1247,18547,
286.90984688524327,79430,779,1246,18548,
286.9164300543366,79429,780,1246,18548,
286.91685236593287,79428,781,1246,18548,
286.9173348868137,79428,780,1247,18548,
286.9183165493241,79428,779,1248,18548,
286.919608615556,79428,779,1247,18549,
286.923040839805,79428,779,1246,18550,
286.92522355028746,79428,778,1247,18550,
286.9271731257093,79428,778,1246,18551,
286.9281206272701,79428,777,1247,18551,
286.92821791547493,79428,777,1246,18552,
286.9314266854132,79428,777,1245,18553,
286.9338410412246,79428,776,1246,18553,
286.9359278723127,79428,775,1247,18553,
286.9368258963449,79428,774,1248,18553,
286.9386313831946,79428,774,1247,18554,
286.93943229741905,79427,775,1247,18554,
286.9406549271284,79427,775,1246,18555,
286.9444368078985,79427,774,1247,18555,
286.94517845709845,79427,773,1248,18555,
286.9453328412636,79427,772,1249,18555,
286.94596433615413,79426,773,1249,18555,
286.9521578341368,79426,772,1250,18555,
286.95483874292154,79426,772,1249,18556,
286.95632492438835,79426,771,1250,18556,
286.9575738083057,79426,771,1249,18557,
286.958366233092,79426,771,1248,18558,
286.96308932674174,79425,772,1248,18558,
286.96345717732584,79425,772,1247,18559,
286.9662139683267,79425,772,1246,18560,
286.9701858939,79425,772,1245,18561,
286.9765602742154,79425,771,1246,18561,
286.978247906478,79424,772,1246,18561,
286.98285273098605,79424,771,1247,18561,
286.9837205297449,79423,772,1247,18561,
286.9844494731581,79423,772,1246,18562,
286.9874368558381,79423,771,1247,18562,
286.9894584399239,79423,770,1248,18562,
286.99015397611936,79422,771,1248,18562,
286.99155843466934,79422,770,1249,18562,
286.99343246831205,79422,770,1248,18563,
286.99805589072514,79421,771,1248,18563,
287.0020235789077,79421,770,1249,18563,
287.0057347062314,79421,769,1250,18563,
287.0063315087857,79421,769,1249,18564,
287.0102483915641,79420,770,1249,18564,
287.013629870678,79420,770,1248,18565,
287.01719892781034,79420,770,1247,18566,
287.01723457362,79420,770,1246,18567,
287.02015663501345,79419,771,1246,18567,
287.0221294167199,79418,772,1246,18567,
287.0223686341721,79417,773,1246,18567,
287.02367244538965,79417,772,1247,18567,
287.0250327483269,79417,772,1246,18568,
287.0259568513168,79416,773,1246,18568,
287.0279388879317,79416,773,1245,18569,
287.02936754276084,79416,773,1244,18570,
287.0294603699523,79416,772,1245,18570,
287.0318555036885,79416,771,1246,18570,
287.0325254334516,79416,770,1247,18570,
287.03307067395434,79416,769,1248,18570,
287.03667004248854,79415,770,1248,18570,
287.03929849640457,79415,769,1249,18570,
287.03938598286607,79415,769,1248,18571,
287.0425558482848,79414,770,1248,18571,
287.04314855480106,79414,769,1249,18571,
287.0439782670671,79414,769,1248,18572,
287.0463260402639,79413,770,1248,18572,
287.0474664142409,79413,770,1247,18573,
287.0477197767425,79413,769,1248,18573,
287.04800157963524,79413,768,1249,18573,
287.0499019425069,79412,769,1249,18573,
287.05517682686457,79412,769,1248,18574,
287.0566159866295,79411,770,1248,18574,
287.062475243982,79411,769,1249,18574,
287.0635441261583,79411,769,1248,18575,
287.0640736050535,79410,770,1248,18575,
287.06776551964833,79410,770,1247,18576,
287.07508324108113,79410,769,1248,18576,
287.07587968395137,79410,769,1247,18577,
287.09456277208034,79410,769,1246,18578,
287.09807356651544,79410,768,1247,18578,
287.10277382539977,79409,769,1247,18578,
287.10403596977625,79409,768,1248,18578,
287.1047614155296,79408,769,1248,18578,
287.10649991973105,79408,769,1247,18579,
287.1107716745342,79407,770,1247,18579,
287.1207417681459,79407,770,1246,18580,
287.12255711143877,79407,769,1247,18580,
287.1239434896293,79407,769,1246,18581,
287.1241017153783,79407,768,1247,18581,
287.12471889469595,79407,768,1246,18582,
287.12576449973886,79406,769,1246,18582,
287.1286222542968,79406,769,1245,18583,
287.12869260693,79406,768,1246,18583,
287.12872900396354,79406,767,1247,18583,
287.13511914587286,79405,768,1247,18583,
287.136355959464,79404,769,1247,18583,
287.13656360741015,79404,769,1246,18584,
287.14041412611857,79403,770,1246,18584,
287.1427622430986,79403,769,1247,18584,
287.1439969064871,79403,768,1248,18584,
287.15163479525256,79403,767,1249,18584,
287.15764433731067,79402,768,1249,18584,
287.15879094306825,79402,767,1250,18584,
287.16076011800226,79401,768,1250,18584,
287.16234684584725,79401,767,1251,18584,
287.1623652543736,79401,767,1250,18585,
287.16282898951425,79400,768,1250,18585,
287.163361307151,79400,767,1251,18585,
287.16456834395075,79400,766,1252,18585,
287.1673635898963,79399,767,1252,18585,
287.16917356497885,79398,768,1252,18585,
287.1704561689552,79398,767,1253,18585,
287.17196658326327,79397,768,1253,18585,
287.1735077045942,79396,769,1253,18585,
287.1740939683537,79395,770,1253,18585,
287.1755696902259,79395,769,1254,18585,
287.17803196590245,79394,770,1254,18585,
287.1780707213892,79394,769,1255,18585,
287.178505687054,79394,769,1254,18586,
287.1796293856064,79394,768,1255,18586,
287.1813540914987,79394,767,1256,18586,
287.188207095943,79394,767,1255,18587,
287.18842579881783,79393,768,1255,18587,
287.1921794545471,79392,769,1255,18587,
287.19476169861275,79392,768,1256,18587,
287.201067936284,79392,767,1257,18587,
287.20229722506286,79392,767,1256,18588,
287.20388190223457,79392,767,1255,18589,
287.2056627773737,79392,767,1254,18590,
287.20657236397676,79391,768,1254,18590,
287.20791283423836,79391,768,1253,18591,
287.2108123802576,79391,767,1254,18591,
287.21166919759264,79391,766,1255,18591,
287.2128705712261,79391,765,1256,18591,
287.2166294756503,79391,764,1257,18591,
287.2179189974162,79391,764,1256,18592,
287.2215227454003,79390,765,1256,18592,
287.2307156116834,79390,765,1255,18593,
287.23260842729917,79390,765,1254,18594,
287.233980926932,79390,765,1253,18595,
287.2367220163699,79390,764,1254,18595,
287.2391438055606,79390,763,1255,18595,
287.2401432912525,79390,763,1254,18596,
287.246601183289,79389,764,1254,18596,
287.24794189731045,79389,764,1253,18597,
287.24849867612994,79389,764,1252,18598,
287.2526559134867,79388,765,1252,18598,
287.2587478489778,79387,766,1252,18598,
287.26263373077046,79386,767,1252,18598,
287.26343789950664,79386,767,1251,18599,
287.26595569287525,79386,766,1252,18599,
287.2680016574707,79386,765,1253,18599,
287.26861919638384,79386,765,1252,18600,
287.2702304681791,79386,764,1253,18600,
287.27120359163797,79386,763,1254,18600,
287.27175312119107,79386,763,1253,18601,
287.27499063528523,79386,763,1252,18602,
287.2791802612501,79386,762,1253,18602,
287.28067981891166,79386,761,1254,18602,
287.28296928633387,79386,760,1255,18602,
287.2860718474721,79386,759,1256,18602,
287.28842499115353,79386,758,1257,18602,
287.29180186556823,79385,759,1257,18602,
287.29236625543365,79385,759,1256,18603,
287.2932420876623,79385,759,1255,18604,
287.2935272156205,79385,758,1256,18604,
287.30191905417837,79384,759,1256,18604,
287.3035423882308,79384,758,1257,18604,
287.30354295449285,79384,758,1256,18605,
287.3085831131405,79384,757,1257,18605,
287.30878330243274,79384,756,1258,18605,
287.3136279024583,79383,757,1258,18605,
287.31402147873405,79383,757,1257,18606,
287.3142861834967,79382,758,1257,18606,
287.3145360694126,79382,757,1258,18606,
287.3170685247022,79382,756,1259,18606,
287.31909367717157,79382,756,1258,18607,
287.3207108231997,79381,757,1258,18607,
287.32812980100005,79381,756,1259,18607,
287.32889117862373,79380,757,1259,18607,
287.3299607001899,79380,757,1258,18608,
287.3334529288173,79379,758,1258,18608,
287.33636677495554,79378,759,1258,18608,
287.3365940249144,79378,758,1259,18608,
287.33859512423805,79378,758,1258,18609,
287.3390092545164,79377,759,1258,18609,
287.3431822592164,79376,760,1258,18609,
287.3437853191445,79376,759,1259,18609,
287.34520008815844,79375,760,1259,18609,
287.3478948658035,79374,761,1259,18609,
287.35241562099907,79373,762,1259,18609,
287.3582235246041,79373,762,1258,18610,
287.3587810636208,79373,762,1257,18611,
287.358836192229,79373,761,1258,18611,
287.3591864776911,79373,760,1259,18611,
287.3602443458202,79373,759,1260,18611,
287.3606400795465,79373,758,1261,18611,
287.36292377413827,79373,758,1260,18612,
287.36764330867476,79373,758,1259,18613,
287.3773739217105,79373,758,1258,18614,
287.37992453572326,79372,759,1258,18614,
287.3834772644354,79372,758,1259,18614,
287.38483125416576,79372,758,1258,18615,
287.38600817725376,79372,758,1257,18616,
287.38649732495026,79372,757,1258,18616,
287.3865259290993,79371,758,1258,18616,
287.3866558602569,79371,757,1259,18616,
287.3887247486328,79371,757,1258,18617,
287.3916959838726,79371,756,1259,18617,
287.3926287517357,79370,757,1259,18617,
287.40040951805327,79369,758,1259,18617,
287.4029282952166,79369,757,1260,18617,
287.41056516112326,79369,757,1259,18618,
287.411223762362,79369,756,1260,18618,
287.41581052969934,79369,756,1259,18619,
287.41754334672487,79369,755,1260,18619,
287.4219110450745,79369,754,1261,18619,
287.4236356686509,79368,755,1261,18619,
287.4266061365073,79368,755,1260,18620,
287.427875131502,79367,756,1260,18620,
287.43101975097863,79367,756,1259,18621,
287.43140029956857,79366,757,1259,18621,
287.43380922926565,79366,756,1260,18621,
287.434496141918,79366,756,1259,18622,
287.43539247333877,79366,755,1260,18622,
287.4358230655152,79366,755,1259,18623,
287.4358923930424,79365,756,1259,18623,
287.43773416354327,79365,756,1258,18624,
287.4380529503945,79364,757,1258,18624,
287.4408825862159,79364,756,1259,18624,
287.44273697170416,79364,755,1260,18624,
287.4505439097478,79364,755,1259,18625,
287.45134572073374,79364,754,1260,18625,
287.4522810372306,79364,754,1259,18626,
287.4590327129195,79363,755,1259,18626,
287.45929539156145,79362,756,1259,18626,
287.46119505072147,79362,756,1258,18627,
287.4625102087857,79362,756,1257,18628,
287.46439908266615,79362,756,1256,18629,
287.4653856588157,79362,755,1257,18629,
287.467835693165,79362,755,1256,18630,
287.4692589581605,79362,755,1255,18631,
287.46957538707807,79362,755,1254,18632,
287.4726968990391,79361,756,1254,18632,
287.47369876217635,79361,756,1253,18633,
287.4759347499847,79360,757,1253,18633,
287.4781114660379,79359,758,1253,18633,
287.47832260035716,79359,758,1252,18634,
287.4800045180366,79359,757,1253,18634,
287.48165074050877,79359,756,1254,18634,
287.48445476249753,79359,756,1253,18635,
287.4852110009223,79358,757,1253,18635,
287.4881410706351,79358,756,1254,18635,
287.49018372975837,79357,757,1254,18635,
287.4910829996871,79357,757,1253,18636,
287.4955323687039,79357,757,1252,18637,
287.4990263068264,79357,756,1253,18637,
287.50393080755066,79357,755,1254,18637,
287.50739634740694,79356,756,1254,18637,
287.50953485852637,79356,756,1253,18638,
287.51029194830505,79356,756,1252,18639,
287.51054192782817,79356,756,1251,18640,
287.5149137464742,79356,756,1250,18641,
287.5150626620965,79356,756,1249,18642,
287.5168178661556,79356,755,1250,18642,
287.51984244746023,79356,755,1249,18643,
287.52466274044593,79355,756,1249,18643,
287.5250659423434,79355,756,1248,18644,
287.5251970148996,79354,757,1248,18644,
287.52527299623387,79354,757,1247,18645,
287.5254643910669,79354,756,1248,18645,
287.5261189487373,79354,755,1249,18645,
287.5272482684959,79354,755,1248,18646,
287.5284795002771,79353,756,1248,18646,
287.52971629453725,79353,755,1249,18646,
287.53006559698025,79352,756,1249,18646,
287.5303598260395,79351,757,1249,18646,
287.53357464570377,79351,757,1248,18647,
287.53434174283495,79351,757,1247,18648,
287.5355569977331,79351,756,1248,18648,
287.5361964677296,79351,756,1247,18649,
287.53822950532515,79351,756,1246,18650,
287.5382920776559,79351,756,1245,18651,
287.539907877797,79351,755,1246,18651,
287.5421918739498,79351,754,1247,18651,
287.54401415099903,79351,753,1248,18651,
287.5446093705119,79351,752,1249,18651,
287.5453122370232,79351,752,1248,18652,
287.54535661089363,79351,752,1247,18653,
287.54760747030934,79350,753,1247,18653,
287.55217105709767,79350,752,1248,18653,
287.5569323772008,79350,752,1247,18654,
287.55814938899624,79349,753,1247,18654,
287.5593859257004,79349,753,1246,18655,
287.5638328079244,79349,752,1247,18655,
287.56391447029534,79348,753,1247,18655,
287.5645433867536,79348,752,1248,18655,
287.5666313283149,79348,752,1247,18656,
287.56682736150657,79348,751,1248,18656,
287.5684715793202,79347,752,1248,18656,
287.5694437192432,79346,753,1248,18656,
287.570070934208,79346,752,1249,18656,
287.5736360494468,79345,753,1249,18656,
287.5749921100485,79345,753,1248,18657,
287.5766651042312,79344,754,1248,18657,
287.5817169686481,79344,753,1249,18657,
287.5817488904809,79343,754,1249,18657,
287.585203330883,79343,754,1248,18658,
287.5975795850205,79342,755,1248,18658,
287.59959497938144,79342,754,1249,18658,
287.6019805124773,79342,754,1248,18659,
287.60401128243564,79341,755,1248,18659,
287.60473097113,79341,754,1249,18659,
287.60596121826967,79341,753,1250,18659,
287.6090095300927,79340,754,1250,18659,
287.61094306222884,79340,754,1249,18660,
287.61289308472783,79340,753,1250,18660,
287.6205599526511,79340,753,1249,18661,
287.62069128032294,79339,754,1249,18661,
287.6217974862308,79339,754,1248,18662,
287.6225104378945,79339,754,1247,18663,
287.624681781148,79339,754,1246,18664,
287.6248186822965,79339,754,1245,18665,
287.6252128458796,79339,753,1246,18665,
287.63067660297884,79338,754,1246,18665,
287.63156584441504,79338,754,1245,18666,
287.6321220535071,79338,753,1246,18666,
287.6322395210116,79338,752,1247,18666,
287.63274782638825,79338,752,1246,18667,
287.6342547057661,79337,753,1246,18667,
287.6360068804068,79337,753,1245,18668,
287.63691471778486,79337,753,1244,18669,
287.64215133503996,79336,754,1244,18669,
287.6427267891857,79336,754,1243,18670,
287.6432145808108,79336,753,1244,18670,
287.64572572055374,79336,752,1245,18670,
287.6470376877927,79335,753,1245,18670,
287.65499653272616,79334,754,1245,18670,
287.65673349143884,79334,754,1244,18671,
287.6629962423285,79334,754,1243,18672,
287.6632691491927,79334,754,1242,18673,
287.6636748963362,79334,753,1243,18673,
287.6672311357945,79334,753,1242,18674,
287.67292957240636,79333,754,1242,18674,
287.6746017180619,79333,754,1241,18675,
287.6750259023741,79333,754,1240,18676,
287.6766517918658,79333,754,1239,18677,
287.678088401114,79332,755,1239,18677,
287.6794954837291,79332,755,1238,18678,
287.6822043618388,79332,755,1237,18679,
287.6911205220672,79332,754,1238,18679,
287.69124519623307,79331,755,1238,18679,
287.6967633402735,79331,754,1239,18679,
287.6988570941565,79330,755,1239,18679,
287.70303084709525,79330,755,1238,18680,
287.705981687131,79329,756,1238,18680,
287.711071873511,79328,757,1238,18680,
287.7139736263751,79327,758,1238,18680,
287.7212610976975,79326,759,1238,18680,
287.7218824943777,79326,759,1237,18681,
287.7219496470587,79325,760,1237,18681,
287.7221569214695,79325,760,1236,18682,
287.72225487439516,79324,761,1236,18682,
287.7230646384583,79324,761,1235,18683,
287.7233807146902,79324,760,1236,18683,
287.7237481925611,79324,759,1237,18683,
287.72460376863796,79323,760,1237,18683,
287.72783486689667,79323,759,1238,18683,
287.7285303426872,79322,760,1238,18683,
287.73035975937296,79322,760,1237,18684,
287.73723955555215,79322,760,1236,18685,
287.74286505652935,79322,759,1237,18685,
287.74301272903824,79322,758,1238,18685,
287.74604948191154,79321,759,1238,18685,
287.74621013103166,79320,760,1238,18685,
287.74796850158924,79319,761,1238,18685,
287.7541098151141,79319,760,1239,18685,
287.7627401746831,79319,760,1238,18686,
287.76328726291644,79319,759,1239,18686,
287.7663584117151,79319,758,1240,18686,
287.7727691715331,79319,757,1241,18686,
287.7756649417671,79319,757,1240,18687,
287.77664046274253,79318,758,1240,18687,
287.778195467238,79317,759,1240,18687,
287.78272936585626,79317,758,1241,18687,
287.78325870928916,79316,759,1241,18687,
287.783990574819,79315,760,1241,18687,
287.7841319428379,79315,760,1240,18688,
287.7842601383979,79315,760,1239,18689,
287.785183054766,79315,760,1238,18690,
287.7898529175324,79314,761,1238,18690,
287.7911059018748,79314,760,1239,18690,
287.79144735994475,79314,760,1238,18691,
287.79181714362875,79314,760,1237,18692,
287.7935449970109,79314,759,1238,18692,
287.7938155525901,79314,759,1237,18693,
287.7945557007744,79314,759,1236,18694,
287.7951499681574,79314,759,1235,18695,
287.7972029811924,79313,760,1235,18695,
287.7984339610458,79313,759,1236,18695,
287.79896530964805,79312,760,1236,18695,
287.7997793833874,79312,760,1235,18696,
287.8011061202827,79312,760,1234,18697,
287.8040269788617,79312,760,1233,18698,
287.8081890431364,79311,761,1233,18698,
287.8088005821315,79310,762,1233,18698,
287.8108238859519,79310,762,1232,18699,
287.8111168517865,79309,763,1232,18699,
287.81166288694317,79309,762,1233,18699,
287.81191053276063,79309,762,1232,18700,
287.81412383393837,79308,763,1232,18700,
287.8155907310888,79308,763,1231,18701,
287.8185085562172,79308,762,1232,18701,
287.8186010678831,79307,763,1232,18701,
287.8197207467163,79307,762,1233,18701,
287.82173713300256,79307,762,1232,18702,
287.8232891566702,79307,762,1231,18703,
287.8246314171646,79307,762,1230,18704,
287.8309144891484,79307,761,1231,18704,
287.8312628168454,79307,760,1232,18704,
287.8349363054766,79307,760,1231,18705,
287.83794953801555,79307,759,1232,18705,
287.8393579325415,79307,759,1231,18706,
287.84239362514904,79307,758,1232,18706,
287.84477037877156,79306,759,1232,18706,
287.84618507416394,79305,760,1232,18706,
287.8512544504143,79305,759,1233,18706,
287.8550132260599,79305,759,1232,18707,
287.8554444785322,79304,760,1232,18707,
287.8575791136051,79304,760,1231,18708,
287.8602599390501,79304,759,1232,18708,
287.86112309517193,79304,758,1233,18708,
287.8616326620778,79304,758,1232,18709,
287.862647838211,79304,758,1231,18710,
287.8627852910474,79304,757,1232,18710,
287.8686062314324,79304,756,1233,18710,
287.8730552758231,79304,756,1232,18711,
287.87708659440375,79304,756,1231,18712,
287.87744911764537,79304,756,1230,18713,
287.87957539010637,79304,755,1231,18713,
287.8825862026939,79303,756,1231,18713,
287.88447535749305,79303,756,1230,18714,
287.8855083524626,79303,756,1229,18715,
287.88589434688845,79303,755,1230,18715,
287.88595325276054,79303,755,1229,18716,
287.8863541329877,79303,755,1228,18717,
287.8897585468446,79303,755,1227,18718,
287.89009679211375,79303,754,1228,18718,
287.8903954299975,79303,754,1227,18719,
287.89058457934954,79303,754,1226,18720,
287.89125279017276,79302,755,1226,18720,
287.8913646511292,79301,756,1226,18720,
287.89600267814217,79301,756,1225,18721,
287.8972146977962,79301,755,1226,18721,
287.8975125357025,79301,754,1227,18721,
287.8991978950423,79300,755,1227,18721,
287.90132276924123,79299,756,1227,18721,
287.90167189742226,79299,755,1228,18721,
287.9049959527515,79298,756,1228,18721,
287.90512991930825,79297,757,1228,18721,
287.9053703242128,79297,757,1227,18722,
287.9073786762713,79296,758,1227,18722,
287.91026587918805,79295,759,1227,18722,
287.912612134081,79295,759,1226,18723,
287.91450203127965,79295,759,1225,18724,
287.9153632276452,79295,758,1226,18724,
287.9175760528481,79295,757,1227,18724,
287.9225011045832,79295,757,1226,18725,
287.9243872535988,79294,758,1226,18725,
287.92831931821735,79293,759,1226,18725,
287.93216609912616,79293,758,1227,18725,
287.9385975698358,79293,757,1228,18725,
287.9400584087953,79293,756,1229,18725,
287.9403957859825,79293,755,1230,18725,
287.9406568649439,79292,756,1230,18725,
287.9418422508496,79291,757,1230,18725,
287.94251444497615,79291,756,1231,18725,
287.9429601114275,79291,756,1230,18726,
287.9443732564741,79291,755,1231,18726,
287.9458067183373,79291,754,1232,18726,
287.94797783763704,79290,755,1232,18726,
287.94977356957486,79290,754,1233,18726,
287.95048647224036,79289,755,1233,18726,
287.9507332795619,79288,756,1233,18726,
287.9518103767247,79288,756,1232,18727,
287.9539355499827,79288,755,1233,18727,
287.9540516966025,79287,756,1233,18727,
287.95844677992415,79287,755,1234,18727,
287.95952563608125,79287,754,1235,18727,
287.96106525969185,79287,754,1234,18728,
287.9621553844569,79286,755,1234,18728,
287.9662138863644,79286,754,1235,18728,
287.9665468087897,79285,755,1235,18728,
287.96678375784586,79284,756,1235,18728,
287.96762269988506,79284,756,1234,18729,
287.96860443445087,79284,755,1235,18729,
287.9736989151615,79284,755,1234,18730,
287.9758088606303,79284,754,1235,18730,
287.9805130226047,79284,753,1236,18730,
287.9811922704838,79283,754,1236,18730,
287.9825603978325,79282,755,1236,18730,
287.9879595887488,79281,756,1236,18730,
287.9921162019546,79280,757,1236,18730,
287.99631908157534,79280,757,1235,18731,
287.99691225826047,79280,756,1236,18731,
288.00572088638967,79280,756,1235,18732,
288.0064273133615,79280,755,1236,18732,
288.00664362894963,79280,754,1237,18732,
288.0070654564456,79280,753,1238,18732,
288.0074251242347,79279,754,1238,18732,
288.0130761511938,79279,754,1237,18733,
288.0272412099842,79279,753,1238,18733,
288.0289665378644,79279,753,1237,18734,
288.03127708576085,79278,754,1237,18734,
288.0312975661288,79277,755,1237,18734,
288.03216002705665,79277,754,1238,18734,
288.03303920145555,79277,754,1237,18735,
288.03306306347605,79276,755,1237,18735,
288.03324395888654,79275,756,1237,18735,
288.0388863692823,79274,757,1237,18735,
288.03901922960995,79274,756,1238,18735,
288.0394495936784,79273,757,1238,18735,
288.04143804536636,79272,758,1238,18735,
288.04178720265537,79271,759,1238,18735,
288.04179421204464,79270,760,1238,18735,
288.04331419089186,79270,760,1237,18736,
288.0472516941083,79270,759,1238,18736,
288.04949932979844,79270,758,1239,18736,
288.0555101386393,79270,758,1238,18737,
288.05640838861456,79270,758,1237,18738,
288.05909497621377,79269,759,1237,18738,
288.05928545413923,79269,759,1236,18739,
288.0594628655689,79269,758,1237,18739,
288.0622951255775,79269,758,1236,18740,
288.0649161094394,79269,757,1237,18740,
288.0695936243206,79269,757,1236,18741,
288.07486296745515,79269,757,1235,18742,
288.07673550270846,79268,758,1235,18742,
288.07841812330395,79268,758,1234,18743,
288.0798355447476,79267,759,1234,18743,
288.0807514239743,79267,758,1235,18743,
288.0841569125057,79267,758,1234,18744,
288.08466408143556,79266,759,1234,18744,
288.0979092723948,79266,758,1235,18744,
288.0981479693202,79265,759,1235,18744,
288.1026734688829,79265,758,1236,18744,
288.10567651138615,79265,758,1235,18745,
288.1069971858447,79265,757,1236,18745,
288.10733946645547,79265,756,1237,18745,
288.1082400963688,79265,756,1236,18746,
288.10972450318684,79265,755,1237,18746,
288.1097543934511,79265,754,1238,18746,
288.1115741955289,79264,755,1238,18746,
288.1135421255713,79264,755,1237,18747,
288.11739334593017,79264,754,1238,18747,
288.12033406352026,79263,755,1238,18747,
288.12173940613786,79262,756,1238,18747,
288.12283640605216,79261,757,1238,18747,
288.1231552646612,79260,758,1238,18747,
288.1244181901235,79260,757,1239,18747,
288.1312302649444,79259,758,1239,18747,
288.13204480394893,79258,759,1239,18747,
288.13274876640133,79258,759,1238,18748,
288.13348590396964,79258,759,1237,18749,
288.13474482936243,79258,758,1238,18749,
288.1376834250149,79258,758,1237,18750,
288.1398651547127,79258,757,1238,18750,
288.14029171002755,79258,757,1237,18751,
288.1441467764188,79258,757,1236,18752,
288.14640406155536,79258,757,1235,18753,
288.1538007408268,79258,757,1234,18754,
288.15493684987274,79257,758,1234,18754,
288.15756600719965,79257,758,1233,18755,
288.15850129596873,79256,759,1233,18755,
288.1601556933487,79255,760,1233,18755,
288.1685713494204,79255,759,1234,18755,
288.17004562110503,79255,758,1235,18755,
288.1726708062059,79254,759,1235,18755,
288.1741599385858,79254,758,1236,18755,
288.17691138948624,79253,759,1236,18755,
288.17959437174,79253,758,1237,18755,
288.18502107807194,79253,758,1236,18756,
288.1851912591326,79253,757,1237,18756,
288.195583677567,79252,758,1237,18756,
288.1987672198799,79252,757,1238,18756,
288.1996309704744,79252,757,1237,18757,
288.1999440800268,79251,758,1237,18757,
288.2010867410829,79250,759,1237,18757,
288.20460317673087,79250,759,1236,18758,
288.20620730998587,79250,758,1237,18758,
288.2085880160074,79250,758,1236,18759,
288.2088550282657,79250,758,1235,18760,
288.2119422433174,79249,759,1235,18760,
288.214989588446,79249,759,1234,18761,
288.2162395497501,79249,758,1235,18761,
288.21625406928285,79248,759,1235,18761,
288.22112394134507,79248,758,1236,18761,
288.22398415774813,79247,759,1236,18761,
288.2257089429525,79246,760,1236,18761,
288.22794025205974,79245,761,1236,18761,
288.2298249576849,79245,760,1237,18761,
288.2327654689166,79244,761,1237,18761,
288.23318696651836,79244,761,1236,18762,
288.23629321769744,79243,762,1236,18762,
288.2380691738327,79243,761,1237,18762,
288.23847769547586,79243,761,1236,18763,
288.2407104831921,79243,761,1235,18764,
288.2417531354759,79242,762,1235,18764,
288.2443170553238,79242,762,1234,18765,
288.2447057746319,79242,761,1235,18765,
288.2456214308679,79242,760,1236,18765,
288.24884778721486,79242,760,1235,18766,
288.25314316936897,79242,760,1234,18767,
288.253599474776,79242,759,1235,18767,
288.2548113874598,79242,758,1236,18767,
288.25487594931144,79241,759,1236,18767,
288.2549398012348,79241,758,1237,18767,
288.25883389975087,79241,758,1236,18768,
288.2602697143111,79241,758,1235,18769,
288.2627034602249,79240,759,1235,18769,
288.2642712253805,79239,760,1235,18769,
288.2652007565415,79239,759,1236,18769,
288.26533149674117,79238,760,1236,18769,
288.2655923549034,79238,760,1235,18770,
288.2679357141461,79238,759,1236,18770,
288.26801048727197,79238,758,1237,18770,
288.26881714203154,79237,759,1237,18770,
288.2690592014252,79237,759,1236,18771,
288.26979449761177,79237,759,1235,18772,
288.2698729825279,79236,760,1235,18772,
288.270601457324,79236,760,1234,18773,
288.2742694128879,79236,760,1233,18774,
288.2747109918021,79236,759,1234,18774,
288.28318987766033,79235,760,1234,18774,
288.2834997480804,79234,761,1234,18774,
288.3010780123133,79233,762,1234,18774,
288.30156179780096,79233,762,1233,18775,
288.3020988316894,79233,761,1234,18775,
288.3025031665161,79233,760,1235,18775,
288.3040779426102,79233,759,1236,18775,
288.30456748336,79232,760,1236,18775,
288.3102680164308,79232,759,1237,18775,
288.31325971758235,79232,759,1236,18776,
288.3149622885269,79232,759,1235,18777,
288.31521244958105,79231,760,1235,18777,
288.31869912562735,79231,760,1234,18778,
288.3194175716037,79231,760,1233,18779,
288.32252995325723,79231,760,1232,18780,
288.3306345797487,79231,759,1233,18780,
288.33131491195115,79230,760,1233,18780,
288.3321367587256,79229,761,1233,18780,
288.334021093753,79228,762,1233,18780,
288.33419866632454,79228,761,1234,18780,
288.33654384740845,79227,762,1234,18780,
288.3373925600406,79227,762,1233,18781,
288.3395017939943,79226,763,1233,18781,
288.34230730067276,79226,762,1234,18781,
288.3436355272999,79226,762,1233,18782,
288.3480878898847,79226,762,1232,18783,
288.34824097825214,79226,761,1233,18783,
288.3531398404469,79225,762,1233,18783,
288.3536192950189,79224,763,1233,18783,
288.35511950998045,79223,764,1233,18783,
288.36028416391196,79222,765,1233,18783,
288.3658201169293,79222,765,1232,18784,
288.3661059671907,79221,766,1232,18784,
288.3676626040922,79220,767,1232,18784,
288.37409546573633,79219,768,1232,18784,
288.3745549047429,79218,769,1232,18784,
288.3769779848223,79217,770,1232,18784,
288.37705985822856,79217,769,1233,18784,
288.37741695398563,79217,768,1234,18784,
288.38007222763366,79216,769,1234,18784,
288.380242974785,79216,768,1235,18784,
288.3824613242072,79216,767,1236,18784,
288.3847764852626,79215,768,1236,18784,
288.38696891569407,79215,768,1235,18785,
288.39981817279073,79215,768,1234,18786,
288.40030277817675,79215,767,1235,18786,
288.4024787082557,79215,766,1236,18786,
288.40264725840655,79215,766,1235,18787,
288.40424712070876,79214,767,1235,18787,
288.40709219681384,79214,766,1236,18787,
288.4118940609613,79213,767,1236,18787,
288.41208658727857,79213,767,1235,18788,
288.41281332895943,79213,766,1236,18788,
288.41976596398786,79212,767,1236,18788,
288.42056319497254,79211,768,1236,18788,
288.42341554199004,79211,768,1235,18789,
288.42601141118223,79210,769,1235,18789,
288.4274809460288,79210,768,1236,18789,
288.4296928819304,79210,768,1235,18790,
288.4298628238348,79210,767,1236,18790,
288.43121684278685,79209,768,1236,18790,
288.43340940101376,79209,768,1235,18791,
288.4339352159866,79209,767,1236,18791,
288.4341225226747,79208,768,1236,18791,
288.43736884938187,79207,769,1236,18791,
288.4389949748153,79206,770,1236,18791,
288.4396622752932,79205,771,1236,18791,
288.4433108588886,79204,772,1236,18791,
288.4454162695722,79204,771,1237,18791,
288.4488171615678,79203,772,1237,18791,
288.4493976288323,79202,773,1237,18791,
288.45757992341305,79202,772,1238,18791,
288.4586724059292,79201,773,1238,18791,
288.4593516002615,79200,774,1238,18791,
288.4596169229632,79199,775,1238,18791,
288.4635362067277,79199,775,1237,18792,
288.46873487649356,79199,775,1236,18793,
288.47472766427006,79198,776,1236,18793,
288.47910436672254,79198,776,1235,18794,
288.48042190646635,79197,777,1235,18794,
288.48242709034884,79196,778,1235,18794,
288.48868051359864,79195,779,1235,18794,
288.49060062300885,79195,778,1236,18794,
288.49211413950206,79195,778,1235,18795,
288.4982845528745,79194,779,1235,18795,
288.4984131345768,79194,778,1236,18795,
288.50192285745214,79193,779,1236,18795,
288.50403016507204,79193,778,1237,18795,
288.504466734924,79193,777,1238,18795,
288.5076976927088,79193,776,1239,18795,
288.5078249291049,79193,776,1238,18796,
288.5123580449635,79192,777,1238,18796,
288.5124863514923,79192,777,1237,18797,
288.51257988101895,79192,777,1236,18798,
288.5151459380141,79191,778,1236,18798,
288.51535175196335,79191,777,1237,18798,
288.5177307970917,79191,776,1238,18798,
288.5215101480433,79191,776,1237,18799,
288.52159502732127,79191,776,1236,18800,
288.5282720532513,79191,775,1237,18800,
288.53144843416885,79191,774,1238,18800,
288.5366562242961,79190,775,1238,18800,
288.5384576606293,79189,776,1238,18800,
288.54107640882364,79189,776,1237,18801,
288.5415222839968,79189,776,1236,18802,
288.54596515703963,79189,775,1237,18802,
288.54872554432853,79189,775,1236,18803,
288.54989130652905,79189,775,1235,18804,
288.550533538112,79189,775,1234,18805,
288.5510781051318,79189,775,1233,18806,
288.5533077733598,79188,776,1233,18806,
288.5548017993049,79188,776,1232,18807,
288.5560545021885,79188,776,1231,18808,
288.5566080224536,79188,775,1232,18808,
288.55892321122394,79188,774,1233,18808,
288.5610778506102,79188,773,1234,18808,
288.5719836699848,79187,774,1234,18808,
288.57871988126715,79186,775,1234,18808,
288.59416918828873,79186,775,1233,18809,
288.59691141549706,79185,776,1233,18809,
288.60477130143556,79185,776,1232,18810,
288.6077574550123,79185,775,1233,18810,
288.6104239026941,79185,775,1232,18811,
288.61457551854687,79185,775,1231,18812,
288.6148011111279,79185,774,1232,18812,
288.6156979778578,79185,774,1231,18813,
288.61598343183846,79184,775,1231,18813,
288.61715939058485,79183,776,1231,18813,
288.6176848010008,79183,776,1230,18814,
288.6214409577044,79183,776,1229,18815,
288.62255621689235,79183,776,1228,18816,
288.6239648717276,79183,775,1229,18816,
288.62479982587445,79183,774,1230,18816,
288.6286600965531,79182,775,1230,18816,
288.6316141734785,79182,775,1229,18817,
288.6352825536545,79181,776,1229,18817,
288.63717554094455,79180,777,1229,18817,
288.63844751860466,79180,777,1228,18818,
288.6384933329088,79179,778,1228,18818,
288.6424660087926,79178,779,1228,18818,
288.64261714712075,79177,780,1228,18818,
288.64282439621115,79177,780,1227,18819,
288.64827169208365,79177,780,1226,18820,
288.64878895375335,79176,781,1226,18820,
288.65893141481325,79175,782,1226,18820,
288.66346371734727,79175,781,1227,18820,
288.66492390646346,79175,781,1226,18821,
288.66543640044665,79175,780,1227,18821,
288.66850510232854,79175,779,1228,18821,
288.6698680797478,79175,779,1227,18822,
288.6703274287638,79175,778,1228,18822,
288.6711775850391,79175,778,1227,18823,
288.67141634460023,79175,777,1228,18823,
288.6727496926625,79174,778,1228,18823,
288.67276862352776,79174,777,1229,18823,
288.6757214861881,79173,778,1229,18823,
288.6788248708151,79173,778,1228,18824,
288.67991512932946,79172,779,1228,18824,
288.68051039744375,79172,778,1229,18824,
288.68245308458137,79171,779,1229,18824,
288.6850649113476,79170,780,1229,18824,
288.68518996896063,79170,780,1228,18825,
288.6866353718847,79170,780,1227,18826,
288.68811962302976,79169,781,1227,18826,
288.6890416216537,79168,782,1227,18826,
288.69080200181634,79168,781,1228,18826,
288.6910709794125,79168,781,1227,18827,
288.6917035927061,79168,780,1228,18827,
288.6932195874712,79168,780,1227,18828,
288.6943257932431,79167,781,1227,18828,
288.6950688991979,79167,780,1228,18828,
288.6962458160481,79167,779,1229,18828,
288.70103174111694,79167,778,1230,18828,
288.70434247085547,79167,777,1231,18828,
288.7094471134167,79167,777,1230,18829,
288.71085742346503,79167,777,1229,18830,
288.7112964525556,79167,776,1230,18830,
288.7141947564359,79167,776,1229,18831,
288.7169664310602,79167,775,1230,18831,
288.72086871123236,79167,775,1229,18832,
288.72638812884276,79167,774,1230,18832,
288.7283462271702,79166,775,1230,18832,
288.7293272331042,79165,776,1230,18832,
288.73042452927973,79165,776,1229,18833,
288.73111522387165,79164,777,1229,18833,
288.73445318031327,79163,778,1229,18833,
288.73481530589754,79163,778,1228,18834,
288.73558762118387,79163,777,1229,18834,
288.74081418310055,79163,776,1230,18834,
288.741031691301,79163,776,1229,18835,
288.7419542297821,79162,777,1229,18835,
288.7419616453199,79162,776,1230,18835,
288.74274519417,79162,775,1231,18835,
288.74376685922255,79162,775,1230,18836,
288.74589043375806,79162,774,1231,18836,
288.7464601688991,79162,773,1232,18836,
288.74815139682715,79162,772,1233,18836,
288.75186232551204,79161,773,1233,18836,
288.75196941247356,79161,773,1232,18837,
288.75341482826855,79161,773,1231,18838,
288.7534611817568,79161,772,1232,18838,
288.75505084057136,79161,772,1231,18839,
288.7585866976151,79160,773,1231,18839,
288.761055886395,79160,773,1230,18840,
288.7623304318869,79160,772,1231,18840,
288.76366324466034,79160,772,1230,18841,
288.7649996580987,79160,772,1229,18842,
288.76510496305536,79160,771,1230,18842,
288.76514050027794,79160,771,1229,18843,
288.7673121165592,79160,770,1230,18843,
288.767586071495,79160,770,1229,18844,
288.7744844048473,79160,770,1228,18845,
288.77862270633364,79159,771,1228,18845,
288.78043025792994,79159,770,1229,18845,
288.7821527819295,79159,770,1228,18846,
288.7825348473361,79159,770,1227,18847,
288.7843162896869,79159,770,1226,18848,
288.78449064422114,79159,769,1227,18848,
288.7850112619872,79159,768,1228,18848,
288.7857049220394,79158,769,1228,18848,
288.79254872267876,79158,768,1229,18848,
288.79372424117804,79158,768,1228,18849,
288.7970326374528,79158,767,1229,18849,
288.79707518994474,79158,767,1228,18850,
288.79823412916517,79158,767,1227,18851,
288.7986969852245,79158,767,1226,18852,
288.8003019136336,79158,766,1227,18852,
288.80109786919866,79157,767,1227,18852,
288.80297155661924,79157,766,1228,18852,
288.80688678788806,79156,767,1228,18852,
288.8096048488271,79156,767,1227,18853,
288.80979866297366,79156,766,1228,18853,
288.8108611077476,79156,765,1229,18853,
288.81698495101034,79155,766,1229,18853,
288.82089048006446,79155,766,1228,18854,
288.82152396199746,79155,765,1229,18854,
288.8261872061739,79155,764,1230,18854,
288.82699175516245,79155,763,1231,18854,
288.83412612320643,79155,762,1232,18854,
288.83558607533723,79155,761,1233,18854,
288.83752587819157,79154,762,1233,18854,
288.843103496489,79154,761,1234,18854,
288.84563816295224,79153,762,1234,18854,
288.8495605204899,79152,763,1234,18854,
288.8499141132824,79152,763,1233,18855,
288.8506073175443,79152,762,1234,18855,
288.85191062901924,79151,763,1234,18855,
288.855285822127,79151,762,1235,18855,
288.8563739533923,79151,762,1234,18856,
288.85850081797713,79151,761,1235,18856,
288.8635425161597,79151,761,1234,18857,
288.8662609882008,79151,760,1235,18857,
288.86787928918574,79151,760,1234,18858,
288.8710933148341,79151,759,1235,18858,
288.87211262822547,79151,759,1234,18859,
288.87455042592757,79151,759,1233,18860,
288.8796310132959,79150,760,1233,18860,
288.88555366277853,79149,761,1233,18860,
288.8876353230921,79149,761,1232,18861,
288.8894513435879,79148,762,1232,18861,
288.89179719622405,79148,761,1233,18861,
288.89185502703873,79148,761,1232,18862,
288.893386841375,79148,760,1233,18862,
288.89472457811416,79147,761,1233,18862,
288.8965675647619,79147,761,1232,18863,
288.89663272830336,79147,761,1231,18864,
288.89944028618487,79146,762,1231,18864,
288.9001590123369,79146,762,1230,18865,
288.9018661889185,79146,761,1231,18865,
288.9027905569383,79146,760,1232,18865,
288.90461396318227,79146,759,1233,18865,
288.9052147484012,79146,759,1232,18866,
288.9076099564347,79146,759,1231,18867,
288.90865849890514,79146,758,1232,18867,
288.91206257226315,79145,759,1232,18867,
288.9172957292961,79145,758,1233,18867,
288.9194005410863,79145,757,1234,18867,
288.91992146967084,79144,758,1234,18867,
288.92009811969854,79144,757,1235,18867,
288.9228601026796,79144,756,1236,18867,
288.9252731772009,79144,756,1235,18868,
288.9296189601225,79143,757,1235,18868,
288.934153742081,79142,758,1235,18868,
288.9343540733623,79141,759,1235,18868,
288.9360453457859,79141,759,1234,18869,
288.9370441225639,79141,758,1235,18869,
288.9403022729246,79141,757,1236,18869,
288.94032062418137,79140,758,1236,18869,
288.94165385314665,79140,757,1237,18869,
288.9420101507323,79139,758,1237,18869,
288.9421020190967,79138,759,1237,18869,
288.948872568154,79138,758,1238,18869,
288.9489727621153,79137,759,1238,18869,
288.95071632326653,79137,758,1239,18869,
288.9551431875151,79137,757,1240,18869,
288.95585416193046,79137,756,1241,18869,
288.96043966848237,79137,756,1240,18870,
288.9625026142971,79137,755,1241,18870,
288.9646336690016,79137,755,1240,18871,
288.96640749952195,79137,754,1241,18871,
288.9739185116046,79136,755,1241,18871,
288.97697022731745,79136,755,1240,18872,
288.97836518628424,79136,755,1239,18873,
288.9806398497427,79136,754,1240,18873,
288.9807238545695,79135,755,1240,18873,
288.9820307165246,79135,754,1241,18873,
288.9887139097825,79135,754,1240,18874,
288.99141955595826,79135,753,1241,18874,
288.9982871696781,79135,752,1242,18874,
289.0021457465327,79135,751,1243,18874,
289.00424000665356,79135,750,1244,18874,
289.006169566407,79135,749,1245,18874,
289.0065298449798,79134,750,1245,18874,
289.0088206798043,79134,749,1246,18874,
289.0224529675594,79133,750,1246,18874,
289.024764158336,79133,750,1245,18875,
289.0293696912741,79133,750,1244,18876,
289.0305822949534,79133,749,1245,18876,
289.0421253293381,79133,749,1244,18877,
289.0421963774123,79133,749,1243,18878,
289.0430836653969,79132,750,1243,18878,
289.0462034618481,79132,749,1244,18878,
289.0521968280757,79132,749,1243,18879,
289.05321544418905,79131,750,1243,18879,
289.06209665320415,79131,750,1242,18880,
289.0642619028803,79130,751,1242,18880,
289.06536142194136,79129,752,1242,18880,
289.06561293485913,79129,751,1243,18880,
289.0666504816344,79129,750,1244,18880,
289.06673882107765,79128,751,1244,18880,
289.0680153633221,79128,750,1245,18880,
289.07010569715385,79128,750,1244,18881,
289.07184642337415,79128,749,1245,18881,
289.07287838557124,79128,749,1244,18882,
289.0767324707408,79128,748,1245,18882,
289.0788923657411,79127,749,1245,18882,
289.0790120639301,79127,749,1244,18883,
289.082304331526,79127,748,1245,18883,
289.0824157623111,79127,748,1244,18884,
289.0833245193011,79127,748,1243,18885,
289.0835768028003,79126,749,1243,18885,
289.0839511909211,79125,750,1243,18885,
289.08715762848317,79125,750,1242,18886,
289.0890906720506,79125,750,1241,18887,
289.0963706377985,79124,751,1241,18887,
289.09678712220773,79124,751,1240,18888,
289.09679396911736,79124,751,1239,18889,
289.0972240554976,79124,750,1240,18889,
289.09734384718865,79124,750,1239,18890,
289.1009882790776,79123,751,1239,18890,
289.10153567579755,79123,751,1238,18891,
289.11099721926513,79123,751,1237,18892,
289.1110087616006,79123,750,1238,18892,
289.1115868361133,79122,751,1238,18892,
289.1152184047902,79121,752,1238,18892,
289.1157174934982,79121,751,1239,18892,
289.1185579816152,79121,751,1238,18893,
289.11929471688,79121,750,1239,18893,
289.12238463515223,79121,750,1238,18894,
289.12779324878585,79121,749,1239,18894,
289.1279645515809,79120,750,1239,18894,
289.1284858763105,79120,749,1240,18894,
289.1318496425124,79120,749,1239,18895,
289.1319525550617,79119,750,1239,18895,
289.1323171426201,79119,749,1240,18895,
289.1337352912366,79119,748,1241,18895,
289.1349861354257,79118,749,1241,18895,
289.13721283790966,79118,749,1240,18896,
289.13778826653584,79117,750,1240,18896,
289.14281953231404,79116,751,1240,18896,
289.1448061612194,79116,751,1239,18897,
289.14879676052107,79116,750,1240,18897,
289.1512518967515,79116,749,1241,18897,
289.15419967694413,79116,749,1240,18898,
289.1566455388911,79116,748,1241,18898,
289.15845059062633,79116,748,1240,18899,
289.15937566205577,79116,747,1241,18899,
289.15962074345407,79116,746,1242,18899,
289.16080570953636,79116,746,1241,18900,
289.1611295762539,79116,745,1242,18900,
289.1614661768126,79116,745,1241,18901,
289.1651409312262,79116,745,1240,18902,
289.16538368064465,79115,746,1240,18902,
289.1671333769794,79114,747,1240,18902,
289.17226397906694,79114,746,1241,18902,
289.1728132740219,79114,745,1242,18902,
289.1766859069073,79114,744,1243,18902,
289.1786934924689,79114,744,1242,18903,
289.1803603290143,79113,745,1242,18903,
289.1835152489538,79113,744,1243,18903,
289.1861229710992,79112,745,1243,18903,
289.18633831303066,79112,744,1244,18903,
289.1879053553489,79112,744,1243,18904,
289.1879506548054,79112,744,1242,18905,
289.18925432165923,79112,744,1241,18906,
289.1893746574843,79112,744,1240,18907,
289.1941668214014,79112,744,1239,18908,
289.19549401319983,79111,745,1239,18908,
289.2011321661838,79110,746,1239,18908,
289.2062860544113,79109,747,1239,18908,
289.20909388880176,79108,748,1239,18908,
289.2119780777026,79107,749,1239,18908,
289.21236453584334,79107,748,1240,18908,
289.21670070418213,79106,749,1240,18908,
289.22032732261425,79106,748,1241,18908,
289.2237364674997,79106,748,1240,18909,
289.22375706446144,79105,749,1240,18909,
289.2244578373977,79105,748,1241,18909,
289.2260923395414,79105,748,1240,18910,
289.2276184706753,79104,749,1240,18910,
289.2276269492268,79103,750,1240,18910,
289.229679536195,79102,751,1240,18910,
289.2308368733204,79102,750,1241,18910,
289.23160554189127,79102,749,1242,18910,
289.2328496547893,79102,748,1243,18910,
289.23870034293833,79101,749,1243,18910,
289.24174591030476,79100,750,1243,18910,
289.24450178601705,79100,749,1244,18910,
289.2454761027553,79099,750,1244,18910,
289.2471592292602,79098,751,1244,18910,
289.2495626083479,79097,752,1244,18910,
289.249607529932,79097,752,1243,18911,
289.25628166313817,79097,751,1244,18911,
289.25832117282204,79097,750,1245,18911,
289.25898900436437,79097,750,1244,18912,
289.2600210787443,79096,751,1244,18912,
289.26037686068975,79095,752,1244,18912,
289.264099403668,79094,753,1244,18912,
289.2646675306723,79094,752,1245,18912,
289.2678209875838,79094,752,1244,18913,
289.2683118162529,79094,751,1245,18913,
289.27056709211627,79094,750,1246,18913,
289.2707191974084,79093,751,1246,18913,
289.2741357795017,79093,751,1245,18914,
289.2780980419016,79093,751,1244,18915,
289.2781239127316,79092,752,1244,18915,
289.27863940184545,79092,751,1245,18915,
289.2787074863683,79092,750,1246,18915,
289.278914454756,79092,750,1245,18916,
289.27958700189805,79092,750,1244,18917,
289.28145504864415,79091,751,1244,18917,
289.2865257328919,79091,750,1245,18917,
289.2873181401944,79091,750,1244,18918,
289.2887146074328,79091,749,1245,18918,
289.2906791290101,79090,750,1245,18918,
289.29477614192103,79089,751,1245,18918,
289.30490393137404,79088,752,1245,18918,
289.30794319735253,79087,753,1245,18918,
289.3081765231289,79087,752,1246,18918,
289.30903204594256,79086,753,1246,18918,
289.3107085014833,79086,753,1245,18919,
289.3115194179668,79086,753,1244,18920,
289.31300418062426,79085,754,1244,18920,
289.3136248891841,79085,754,1243,18921,
289.3161295589825,79085,753,1244,18921,
289.3197099755435,79084,754,1244,18921,
289.32196670187557,79084,753,1245,18921,
289.32206117624304,79084,752,1246,18921,
289.3231298154827,79083,753,1246,18921,
289.3285352116403,79083,752,1247,18921,
289.32865738383254,79083,752,1246,18922,
289.3342183188597,79083,752,1245,18923,
289.3362535564467,79082,753,1245,18923,
289.3376367328424,79081,754,1245,18923,
289.3414454194916,79081,753,1246,18923,
289.34270253768636,79081,753,1245,18924,
289.3453032883391,79081,752,1246,18924,
289.34695121062214,79081,752,1245,18925,
289.3494202110875,79080,753,1245,18925,
289.35268901934205,79080,753,1244,18926,
289.35284742240106,79079,754,1244,18926,
289.3549314391738,79079,753,1245,18926,
289.3591033204184,79079,752,1246,18926,
289.3631871470468,79079,751,1247,18926,
289.3694582689725,79079,750,1248,18926,
289.371623547653,79079,749,1249,18926,
289.37187420995866,79079,748,1250,18926,
289.37474130009514,79079,748,1249,18927,
289.37527768922956,79079,748,1248,18928,
289.37803373027003,79078,749,1248,18928,
289.37829503226357,79078,748,1249,18928,
289.3790763450126,79078,747,1250,18928,
289.38003702591726,79077,748,1250,18928,
289.38455597021164,79077,747,1251,18928,
289.3875911043417,79077,747,1250,18929,
289.3888208881339,79077,747,1249,18930,
289.38947497754907,79076,748,1249,18930,
289.39504833903874,79076,747,1250,18930,
289.39813656714466,79076,746,1251,18930,
289.40233211933145,79076,746,1250,18931,
289.40277012053565,79076,746,1249,18932,
289.4075686185109,79076,746,1248,18933,
289.40935655358277,79076,745,1249,18933,
289.41037433036865,79075,746,1249,18933,
289.41685873088977,79074,747,1249,18933,
289.4199039424989,79073,748,1249,18933,
289.4202976427431,79073,747,1250,18933,
289.42062796038954,79072,748,1250,18933,
289.4214301524474,79072,747,1251,18933,
289.42258317076994,79071,748,1251,18933,
289.42350701958134,79071,748,1250,18934,
289.42390330887923,79070,749,1250,18934,
289.429383549016,79070,749,1249,18935,
289.43101728963944,79070,749,1248,18936,
289.4353153092463,79070,748,1249,18936,
289.44095425479287,79069,749,1249,18936,
289.4496271844558,79069,748,1250,18936,
289.4499070480826,79068,749,1250,18936,
289.45022096936754,79067,750,1250,18936,
289.4519309080496,79066,751,1250,18936,
289.4549192756313,79066,750,1251,18936,
289.45768588326285,79066,749,1252,18936,
289.4584514500152,79066,748,1253,18936,
289.45939927069514,79065,749,1253,18936,
289.4635685356044,79065,749,1252,18937,
289.46472966577903,79064,750,1252,18937,
289.4667339082483,79064,749,1253,18937,
289.4697059465016,79063,750,1253,18937,
289.47256423498635,79063,749,1254,18937,
289.4757259902557,79063,749,1253,18938,
289.4762773107027,79063,748,1254,18938,
289.48193328062507,79062,749,1254,18938,
289.482896802048,79061,750,1254,18938,
289.4912144210734,79061,750,1253,18939,
289.4928302203528,79061,749,1254,18939,
289.49812024504746,79061,749,1253,18940,
289.4989360997484,79060,750,1253,18940,
289.50007328287984,79060,750,1252,18941,
289.50046231429275,79059,751,1252,18941,
289.5044326798413,79059,750,1253,18941,
289.5080637313239,79059,750,1252,18942,
289.50916274932274,79058,751,1252,18942,
289.5147881541803,79058,750,1253,18942,
289.51866104764935,79058,750,1252,18943,
289.52112176409884,79057,751,1252,18943,
289.521486649209,79057,750,1253,18943,
289.5219453955333,79056,751,1253,18943,
289.52214119908,79055,752,1253,18943,
289.5224183954182,79055,752,1252,18944,
289.5273034329477,79054,753,1252,18944,
289.52730467075213,79054,753,1251,18945,
289.53138404153935,79054,753,1250,18946,
289.5342976426882,79053,754,1250,18946,
289.53799714524183,79053,753,1251,18946,
289.5402352998255,79053,753,1250,18947,
289.5487301071924,79052,754,1250,18947,
289.5507668683373,79052,753,1251,18947,
289.5507944157769,79052,752,1252,18947,
289.5521204911703,79052,751,1253,18947,
289.55318662127803,79051,752,1253,18947,
289.5540322662601,79051,752,1252,18948,
289.55948786295477,79051,752,1251,18949,
289.5598330935922,79050,753,1251,18949,
289.5648556930749,79049,754,1251,18949,
289.57072500372885,79049,754,1250,18950,
289.5714851787427,79049,754,1249,18951,
289.5756667380968,79049,754,1248,18952,
289.5787993388688,79049,754,1247,18953,
289.5792817623757,79049,754,1246,18954,
289.58069386399944,79048,755,1246,18954,
289.58253717147807,79048,755,1245,18955,
289.58777504926877,79047,756,1245,18955,
289.59151816317353,79046,757,1245,18955,
289.5920816783618,79046,757,1244,18956,
289.5954253515757,79046,756,1245,18956,
289.59760722275564,79046,755,1246,18956,
289.60354374195714,79045,756,1246,18956,
289.6081417187581,79044,757,1246,18956,
289.6106803118857,79043,758,1246,18956,
289.6127946480225,79043,758,1245,18957,
289.6134865443946,79043,758,1244,18958,
289.61900597779174,79043,757,1245,18958,
289.6212224611807,79042,758,1245,18958,
289.6224336816578,79041,759,1245,18958,
289.6229632189816,79041,758,1246,18958,
289.62876563265354,79040,759,1246,18958,
289.63439759162435,79040,758,1247,18958,
289.63643655128357,79040,758,1246,18959,
289.63904395089423,79040,757,1247,18959,
289.6396753236126,79040,756,1248,18959,
289.6407848902563,79040,756,1247,18960,
289.6418245540848,79039,757,1247,18960,
289.6434570471715,79038,758,1247,18960,
289.64713318993654,79037,759,1247,18960,
289.64992389057585,79036,760,1247,18960,
289.6552174096456,79035,761,1247,18960,
289.6564425713093,79035,760,1248,18960,
289.66352339684533,79035,759,1249,18960,
289.6661839023063,79035,759,1248,18961,
289.6662086539194,79034,760,1248,18961,
289.6674043255341,79034,759,1249,18961,
289.668547872737,79034,758,1250,18961,
289.6687605464766,79034,757,1251,18961,
289.6696034644501,79034,757,1250,18962,
289.66971760846485,79034,757,1249,18963,
289.6701398208018,79034,756,1250,18963,
289.6706326174477,79034,755,1251,18963,
289.67079204999504,79034,755,1250,18964,
289.6777823295494,79033,756,1250,18964,
289.6779990749837,79033,755,1251,18964,
289.67861287689357,79033,755,1250,18965,
289.68169587605985,79033,754,1251,18965,
289.6870929587807,79032,755,1251,18965,
289.6934173846752,79032,755,1250,18966,
289.6935717280249,79032,754,1251,18966,
289.6989370291045,79032,754,1250,18967,
289.7004681519269,79032,754,1249,18968,
289.702317715278,79032,753,1250,18968,
289.7065371038002,79031,754,1250,18968,
289.70680853942554,79031,753,1251,18968,
289.70877668814046,79031,753,1250,18969,
289.7106452613721,79030,754,1250,18969,
289.7132930289684,79029,755,1250,18969,
289.71330729169875,79029,755,1249,18970,
289.7149692416906,79029,755,1248,18971,
289.71603413672767,79028,756,1248,18971,
289.71719566942346,79028,756,1247,18972,
289.7182242216016,79027,757,1247,18972,
289.7243587182899,79026,758,1247,18972,
289.7259459982845,79026,758,1246,18973,
289.7336231565982,79026,758,1245,18974,
289.7396830906757,79026,758,1244,18975,
289.74550180631445,79025,759,1244,18975,
289.7502255672925,79024,760,1244,18975,
289.7535683515902,79024,759,1245,18975,
289.7538026735559,79024,759,1244,18976,
289.7546084393471,79024,758,1245,18976,
289.75662596102984,79024,758,1244,18977,
289.7571821758329,79023,759,1244,18977,
289.7609586296264,79022,760,1244,18977,
289.76483367986634,79022,760,1243,18978,
289.77011771598524,79022,759,1244,18978,
289.77241533183167,79021,760,1244,18978,
289.773163763772,79021,760,1243,18979,
289.7733961878063,79021,760,1242,18980,
289.77739979305744,79021,759,1243,18980,
289.7787179088496,79020,760,1243,18980,
289.78011142591794,79020,760,1242,18981,
289.7816975065166,79019,761,1242,18981,
289.7826465269348,79019,761,1241,18982,
289.78427676169343,79018,762,1241,18982,
289.7860677200478,79017,763,1241,18982,
289.7873744962364,79017,763,1240,18983,
289.79253494578575,79016,764,1240,18983,
289.79398475260376,79015,765,1240,18983,
289.79424418823254,79015,764,1241,18983,
289.79767929874475,79015,763,1242,18983,
289.79812210658594,79015,763,1241,18984,
289.803548286946,79014,764,1241,18984,
289.80870918577085,79013,765,1241,18984,
289.80988553254787,79013,764,1242,18984,
289.81013508287805,79013,763,1243,18984,
289.81096100622534,79013,763,1242,18985,
289.81278798988524,79013,763,1241,18986,
289.8128625870437,79012,764,1241,18986,
289.8129110470725,79011,765,1241,18986,
289.81328804948055,79011,765,1240,18987,
289.8152660248708,79011,765,1239,18988,
289.81564496389115,79011,764,1240,18988,
289.8204171018511,79011,763,1241,18988,
289.82093434309917,79011,762,1242,18988,
289.82118499841414,79011,762,1241,18989,
289.8297426714648,79011,762,1240,18990,
289.8333986685064,79011,761,1241,18990,
289.8360032865037,79011,760,1242,18990,
289.83713561658067,79010,761,1242,18990,
289.8428668853021,79009,762,1242,18990,
289.84392202814826,79008,763,1242,18990,
289.846609155793,79007,764,1242,18990,
289.85080010766984,79006,765,1242,18990,
289.85907133833723,79006,765,1241,18991,
289.85986651307655,79005,766,1241,18991,
289.86078310789287,79005,765,1242,18991,
289.862068183171,79005,765,1241,18992,
289.862405054612,79005,765,1240,18993,
289.86400394171693,79005,765,1239,18994,
289.86422461268387,79005,765,1238,18995,
289.8670284200751,79005,764,1239,18995,
289.8718588555632,79005,764,1238,18996,
289.8731300012507,79005,763,1239,18996,
289.8733532219166,79004,764,1239,18996,
289.8737478193536,79004,763,1240,18996,
289.8750134817872,79003,764,1240,18996,
289.878980932517,79002,765,1240,18996,
289.8858385767471,79002,765,1239,18997,
289.8887566332942,79001,766,1239,18997,
289.88952292235274,79001,766,1238,18998,
289.89188100475445,79000,767,1238,18998,
289.89399511783375,79000,766,1239,18998,
289.8948318218584,79000,765,1240,18998,
289.896200730369,79000,765,1239,18999,
289.8997305406463,79000,765,1238,19000,
289.9006391164711,79000,765,1237,19001,
289.90240445407784,79000,765,1236,19002,
289.90316667647903,78999,766,1236,19002,
289.90734055925026,78998,767,1236,19002,
289.91097823858036,78998,767,1235,19003,
289.9113089965498,78998,766,1236,19003,
289.91590323328035,78997,767,1236,19003,
289.9236671682276,78997,767,1235,19004,
289.92768450215635,78997,767,1234,19005,
289.9277884609806,78997,767,1233,19006,
289.9302410357359,78997,766,1234,19006,
289.9306276758107,78996,767,1234,19006,
289.9364969148753,78995,768,1234,19006,
289.93664864058707,78995,768,1233,19007,
289.9377499649372,78994,769,1233,19007,
289.9383190351274,78994,768,1234,19007,
289.93939990222526,78994,768,1233,19008,
289.94500567129006,78994,767,1234,19008,
289.9452877103122,78994,766,1235,19008,
289.94628849050287,78994,765,1236,19008,
289.9499619790487,78994,765,1235,19009,
289.951781287532,78993,766,1235,19009,
289.9541238870435,78992,767,1235,19009,
289.9580858412949,78992,766,1236,19009,
289.9611458237205,78992,765,1237,19009,
289.96213143906493,78991,766,1237,19009,
289.96325979822416,78991,766,1236,19010,
289.96378117551086,78991,766,1235,19011,
289.9644547728398,78990,767,1235,19011,
289.96817103375946,78990,766,1236,19011,
289.96843114339003,78990,766,1235,19012,
289.9754615888137,78990,765,1236,19012,
289.97579624622637,78990,765,1235,19013,
289.9767776792488,78990,765,1234,19014,
289.97835589413563,78989,766,1234,19014,
289.97836446016055,78988,767,1234,19014,
289.97911716004904,78987,768,1234,19014,
289.981275259281,78987,768,1233,19015,
289.9829792826793,78986,769,1233,19015,
289.98330407277376,78986,768,1234,19015,
289.98797605909186,78986,768,1233,19016,
289.98817114877085,78986,767,1234,19016,
289.9908201159845,78986,766,1235,19016,
289.9940540779243,78986,766,1234,19017,
289.9966072676946,78986,766,1233,19018,
289.99915220864875,78986,766,1232,19019,
290.0006345852838,78986,765,1233,19019,
290.0011555111531,78986,765,1232,19020,
290.0146979968167,78986,765,1231,19021,
290.0166506296262,78986,764,1232,19021,
290.0178650818688,78986,764,1231,19022,
290.02267065599574,78986,764,1230,19023,
290.0269227875065,78986,764,1229,19024,
290.0275469004171,78986,763,1230,19024,
290.0289781404687,78986,763,1229,19025,
290.02927914052043,78986,762,1230,19025,
290.0311905752008,78986,761,1231,19025,
290.03142752701814,78986,761,1230,19026,
290.0348682735394,78985,762,1230,19026,
290.0349021911036,78984,763,1230,19026,
290.03520407322173,78984,762,1231,19026,
290.0370371624853,78983,763,1231,19026,
290.0374127749484,78983,763,1230,19027,
290.0386065346833,78983,762,1231,19027,
290.04012915476727,78983,761,1232,19027,
290.0415038406746,78982,762,1232,19027,
290.04241290699684,78982,761,1233,19027,
290.0466393490189,78982,760,1234,19027,
290.04791319847834,78981,761,1234,19027,
290.0486663571175,78980,762,1234,19027,
290.04895128283846,78980,762,1233,19028,
290.0497236124422,78979,763,1233,19028,
290.05075747995863,78979,763,1232,19029,
290.05146245522076,78979,762,1233,19029,
290.05240925239735,78979,762,1232,19030,
290.0530415364987,78979,762,1231,19031,
290.05441526455274,78978,763,1231,19031,
290.05733593746453,78978,762,1232,19031,
290.05793047750296,78977,763,1232,19031,
290.0621976055675,78976,764,1232,19031,
290.0642473141139,78976,764,1231,19032,
290.06438924645505,78975,765,1231,19032,
290.0651321877979,78975,764,1232,19032,
290.0698009288988,78975,763,1233,19032,
290.07399607917114,78975,762,1234,19032,
290.0745376466658,78975,761,1235,19032,
290.0751647557353,78975,761,1234,19033,
290.07920236437906,78975,760,1235,19033,
290.0794872024123,78975,759,1236,19033,
290.07975601291713,78975,759,1235,19034,
290.08012214763147,78975,758,1236,19034,
290.08287829836223,78974,759,1236,19034,
290.08696538978086,78974,759,1235,19035,
290.0935997625973,78973,760,1235,19035,
290.09456862199715,78973,759,1236,19035,
290.09505530964816,78972,760,1236,19035,
290.1022072068098,78972,760,1235,19036,
290.10273755194874,78971,761,1235,19036,
290.1067056839644,78970,762,1235,19036,
290.1135537416534,78969,763,1235,19036,
290.1163952098062,78969,763,1234,19037,
290.118120357677,78969,763,1233,19038,
290.12230666168364,78969,763,1232,19039,
290.1239159894891,78968,764,1232,19039,
290.1259979978379,78968,764,1231,19040,
290.1263608042455,78968,764,1230,19041,
290.12737366207443,78968,763,1231,19041,
290.1319802918317,78968,763,1230,19042,
290.1385147830475,78968,762,1231,19042,
290.1428025401432,78968,761,1232,19042,
290.14432515109763,78968,760,1233,19042,
290.14483592160525,78967,761,1233,19042,
290.14747172724765,78967,760,1234,19042,
290.1556689946234,78967,760,1233,19043,
290.15611310080067,78967,760,1232,19044,
290.15684161321207,78967,760,1231,19045,
290.1593456260574,78967,759,1232,19045,
290.1599512310243,78967,758,1233,19045,
290.1610638056947,78967,757,1234,19045,
290.16275442898296,78966,758,1234,19045,
290.16616979877654,78966,757,1235,19045,
290.1668743401547,78966,756,1236,19045,
290.1682278268109,78966,756,1235,19046,
290.1683957301116,78966,755,1236,19046,
290.16991484097076,78965,756,1236,19046,
290.17192009394495,78964,757,1236,19046,
290.17300078134986,78964,756,1237,19046,
290.17566233157584,78963,757,1237,19046,
290.1781677806184,78962,758,1237,19046,
290.1784596467698,78962,757,1238,19046,
290.18009381204166,78962,757,1237,19047,
290.1808085530116,78961,758,1237,19047,
290.18113498469694,78961,758,1236,19048,
290.1852378319258,78960,759,1236,19048,
290.18563411426493,78959,760,1236,19048,
290.1862960294314,78959,759,1237,19048,
290.1870517853643,78958,760,1237,19048,
290.1888712513188,78957,761,1237,19048,
290.1915380227301,78957,760,1238,19048,
290.1917920691229,78956,761,1238,19048,
290.19192143068403,78956,761,1237,19049,
290.1972665044098,78956,761,1236,19050,
290.2029956441516,78956,761,1235,19051,
290.20361641963166,78956,761,1234,19052,
290.20450875214635,78955,762,1234,19052,
290.20935151065373,78955,762,1233,19053,
290.2096651917253,78954,763,1233,19053,
290.21464467486925,78954,763,1232,19054,
290.21499439123755,78953,764,1232,19054,
290.2169259930199,78952,765,1232,19054,
290.21803391205316,78952,765,1231,19055,
290.2200473599076,78952,764,1232,19055,
290.2222267234431,78951,765,1232,19055,
290.2227238487311,78951,765,1231,19056,
290.2244098644022,78951,764,1232,19056,
290.22599375829753,78950,765,1232,19056,
290.2278804610145,78950,764,1233,19056,
290.22881409012916,78950,764,1232,19057,
290.2293063784847,78949,765,1232,19057,
290.2305236660125,78949,764,1233,19057,
290.23352935531085,78949,764,1232,19058,
290.2343508117328,78948,765,1232,19058,
290.2402412411221,78948,764,1233,19058,
290.2403885285766,78948,763,1234,19058,
290.2417858946141,78948,763,1233,19059,
290.24267701270446,78947,764,1233,19059,
290.24282180483357,78947,764,1232,19060,
290.24527309802784,78947,764,1231,19061,
290.2557545190447,78947,764,1230,19062,
290.2559151924747,78947,763,1231,19062,
290.2662229095308,78947,762,1232,19062,
290.26717961678617,78946,763,1232,19062,
290.267650645923,78946,763,1231,19063,
290.2696059190629,78946,763,1230,19064,
290.2714243793663,78946,763,1229,19065,
290.2751181413429,78946,763,1228,19066,
290.28259453666703,78945,764,1228,19066,
290.2861872874788,78945,764,1227,19067,
290.2895496616161,78944,765,1227,19067,
290.2904289578298,78944,764,1228,19067,
290.29218453841054,78944,763,1229,19067,
290.2983233734185,78943,764,1229,19067,
290.29948639853257,78942,765,1229,19067,
290.2999770708601,78942,765,1228,19068,
290.30260707999423,78942,765,1227,19069,
290.3027373622646,78942,764,1228,19069,
290.30412534840013,78942,764,1227,19070,
290.30586878550014,78942,763,1228,19070,
290.3111279840626,78942,763,1227,19071,
290.31398640483445,78942,762,1228,19071,
290.31842226991375,78942,762,1227,19072,
290.31879891408784,78942,762,1226,19073,
290.3218082871639,78942,762,1225,19074,
290.3237924012001,78942,762,1224,19075,
290.32471380112366,78942,761,1225,19075,
290.3281231822954,78942,760,1226,19075,
290.3369791212591,78942,760,1225,19076,
290.341758382897,78941,761,1225,19076,
290.34295101926443,78940,762,1225,19076,
290.34754072100105,78940,762,1224,19077,
290.35765501060854,78940,761,1225,19077,
290.3581335919865,78940,760,1226,19077,
290.35837572462765,78940,760,1225,19078,
290.35853690229186,78940,759,1226,19078,
290.3645658206283,78940,758,1227,19078,
290.3669121314757,78939,759,1227,19078,
290.3680139143162,78939,759,1226,19079,
290.37269789759523,78938,760,1226,19079,
290.37351387060727,78938,759,1227,19079,
290.37366545862216,78938,758,1228,19079,
290.3764959077003,78938,758,1227,19080,
290.3817240711952,78938,758,1226,19081,
290.381870925516,78938,757,1227,19081,
290.3831535642476,78937,758,1227,19081,
290.3838379452452,78937,758,1226,19082,
290.38883185994007,78936,759,1226,19082,
290.3899682556184,78936,758,1227,19082,
290.3954805443274,78935,759,1227,19082,
290.3955622560111,78935,758,1228,19082,
290.39908066158205,78935,757,1229,19082,
290.4016669301223,78935,756,1230,19082,
290.4019423218179,78935,756,1229,19083,
290.4028174947619,78934,757,1229,19083,
290.4036625394388,78934,757,1228,19084,
290.41005064412263,78933,758,1228,19084,
290.41020848101516,78933,757,1229,19084,
290.41234253010396,78933,757,1228,19085,
290.4176544751986,78933,756,1229,19085,
290.418381871037,78932,757,1229,19085,
290.41872276902103,78932,757,1228,19086,
290.4214865151162,78932,757,1227,19087,
290.42350357224376,78932,757,1226,19088,
290.4244007679741,78932,756,1227,19088,
290.42697507805616,78931,757,1227,19088,
290.42715753400967,78931,757,1226,19089,
290.43257998038195,78931,756,1227,19089,
290.4331404433033,78931,755,1228,19089,
290.43379277796527,78930,756,1228,19089,
290.43469888029654,78929,757,1228,19089,
290.4377154927783,78929,756,1229,19089,
290.439355555194,78929,756,1228,19090,
290.44074727761324,78929,755,1229,19090,
290.4408354254219,78928,756,1229,19090,
290.4421699828354,78928,755,1230,19090,
290.44228759357514,78928,755,1229,19091,
290.44497941577185,78928,755,1228,19092,
290.44527832276043,78928,754,1229,19092,
290.44730422158807,78928,753,1230,19092,
290.44749965900013,78928,752,1231,19092,
290.4508201345594,78927,753,1231,19092,
290.45233232748546,78927,753,1230,19093,
290.45277451325984,78927,752,1231,19093,
290.4554295816572,78927,751,1232,19093,
290.4624344738656,78927,750,1233,19093,
290.4624888408699,78927,749,1234,19093,
290.4634716122302,78926,750,1234,19093,
290.46382303951,78926,749,1235,19093,
290.4639807189251,78926,748,1236,19093,
290.4642221542464,78926,748,1235,19094,
290.46638766749646,78926,747,1236,19094,
290.4671666560763,78926,747,1235,19095,
290.46798205327144,78926,747,1234,19096,
290.47022406153235,78926,746,1235,19096,
290.4712375696597,78925,747,1235,19096,
290.4737201874427,78925,746,1236,19096,
290.47408217886596,78925,746,1235,19097,
290.4746726455837,78925,745,1236,19097,
290.4764354745752,78925,745,1235,19098,
290.48671215777426,78925,744,1236,19098,
290.48677766839705,78925,743,1237,19098,
290.4880429499108,78925,743,1236,19099,
290.49381622767567,78925,742,1237,19099,
290.49397879817053,78925,742,1236,19100,
290.49578151702957,78924,743,1236,19100,
290.5002262704981,78924,743,1235,19101,
290.5014048270325,78924,742,1236,19101,
290.5031837130182,78924,741,1237,19101,
290.50655439165587,78923,742,1237,19101,
290.5138234972238,78923,742,1236,19102,
290.5182865912128,78923,741,1237,19102,
290.51946990788235,78923,741,1236,19103,
290.52370376820056,78923,741,1235,19104,
290.52733930969845,78922,742,1235,19104,
290.5294776654748,78922,742,1234,19105,
290.5314931607446,78922,741,1235,19105,
290.53678082230596,78921,742,1235,19105,
290.5376902777048,78921,741,1236,19105,
290.54902071828553,78921,740,1237,19105,
290.5501029420448,78921,739,1238,19105,
290.550882548767,78920,740,1238,19105,
290.55107588955957,78919,741,1238,19105,
290.55486407907466,78918,742,1238,19105,
290.5553019527343,78918,742,1237,19106,
290.55858435900376,78918,741,1238,19106,
290.56221913976196,78918,741,1237,19107,
290.5722230757009,78918,741,1236,19108,
290.57296212229386,78917,742,1236,19108,
290.57406967412135,78916,743,1236,19108,
290.57579770461075,78916,743,1235,19109,
290.5774588452744,78916,743,1234,19110,
290.5783907880324,78916,743,1233,19111,
290.5789027953289,78915,744,1233,19111,
290.5802716146269,78915,744,1232,19112,
290.58249212049134,78915,743,1233,19112,
290.58353281055287,78915,743,1232,19113,
290.58396060589786,78914,744,1232,19113,
290.5843738414151,78913,745,1232,19113,
290.5868902705446,78912,746,1232,19113,
290.5880410458383,78912,745,1233,19113,
290.58962985332585,78912,744,1234,19113,
290.59031698162505,78912,743,1235,19113,
290.6006757019864,78911,744,1235,19113,
290.61455067274386,78911,743,1236,19113,
290.61731700020425,78911,742,1237,19113,
290.61785618674156,78910,743,1237,19113,
290.61832223236866,78910,742,1238,19113,
290.61895839067876,78909,743,1238,19113,
290.6222639589959,78909,743,1237,19114,
290.62384355933455,78909,742,1238,19114,
290.62624478390643,78908,743,1238,19114,
290.627964650911,78908,742,1239,19114,
290.630146173111,78908,742,1238,19115,
290.6307119787647,78908,741,1239,19115,
290.63089542186947,78907,742,1239,19115,
290.63623489331593,78907,741,1240,19115,
290.63659802472654,78907,741,1239,19116,
290.63688796670317,78907,740,1240,19116,
290.63919514933843,78907,739,1241,19116,
290.64046793859524,78907,739,1240,19117,
290.6416140871412,78907,739,1239,19118,
290.64512783026385,78907,738,1240,19118,
290.64572561564387,78907,738,1239,19119,
290.6459635942246,78907,737,1240,19119,
290.6475155412072,78907,736,1241,19119,
290.6493744150696,78907,735,1242,19119,
290.65607367488053,78906,736,1242,19119,
290.6585751741068,78906,735,1243,19119,
290.65863683604084,78906,735,1242,19120,
290.6587613805973,78906,734,1243,19120,
290.6608901857505,78905,735,1243,19120,
290.663401376465,78904,736,1243,19120,
290.66495464076104,78903,737,1243,19120,
290.6657318004807,78903,736,1244,19120,
290.67017127729093,78903,735,1245,19120,
290.6716010152332,78903,735,1244,19121,
290.6761823816548,78903,735,1243,19122,
290.6787850105776,78902,736,1243,19122,
290.67900962544263,78902,735,1244,19122,
290.67909951185806,78902,734,1245,19122,
290.68116637739377,78902,734,1244,19123,
290.68137624296355,78902,734,1243,19124,
290.6816804534594,78901,735,1243,19124,
290.6837936161413,78901,734,1244,19124,
290.68468058778615,78901,733,1245,19124,
290.6881731167222,78900,734,1245,19124,
290.689474025921,78899,735,1245,19124,
290.68950166748607,78899,735,1244,19125,
290.6902057798808,78899,734,1245,19125,
290.69289034396326,78899,733,1246,19125,
290.69325566384464,78898,734,1246,19125,
290.69378293753863,78898,734,1245,19126,
290.69572233470564,78898,734,1244,19127,
290.69786357342576,78898,733,1245,19127,
290.69911781722357,78898,732,1246,19127,
290.70002158775713,78898,731,1247,19127,
290.7006750101673,78898,730,1248,19127,
290.7018790333829,78897,731,1248,19127,
290.7019574647003,78896,732,1248,19127,
290.704110621824,78896,731,1249,19127,
290.7062643050512,78896,730,1250,19127,
290.70636311718783,78896,729,1251,19127,
290.7068683092494,78895,730,1251,19127,
290.7086594319769,78894,731,1251,19127,
290.70946122207044,78893,732,1251,19127,
290.71141245175727,78892,733,1251,19127,
290.71172434385545,78892,733,1250,19128,
290.7148483358201,78891,734,1250,19128,
290.71699623138204,78890,735,1250,19128,
290.72135173781567,78890,735,1249,19129,
290.72169649692603,78889,736,1249,19129,
290.7220068802029,78889,735,1250,19129,
290.7278881394842,78889,734,1251,19129,
290.7291649473619,78888,735,1251,19129,
290.73181537892566,78888,734,1252,19129,
290.7332781683384,78887,735,1252,19129,
290.7337393778001,78886,736,1252,19129,
290.7384101126824,78886,736,1251,19130,
290.73860044155776,78886,736,1250,19131,
290.74038322188625,78886,736,1249,19132,
290.7433494553111,78886,735,1250,19132,
290.74340606657677,78886,735,1249,19133,
290.74418976389904,78886,734,1250,19133,
290.74690762809837,78885,735,1250,19133,
290.7523606815006,78885,734,1251,19133,
290.75448927216894,78885,734,1250,19134,
290.75884957084673,78884,735,1250,19134,
290.7606224558164,78884,734,1251,19134,
290.7624471914536,78884,734,1250,19135,
290.7638851038306,78884,733,1251,19135,
290.7664989692777,78884,733,1250,19136,
290.7672286348227,78883,734,1250,19136,
290.767724871032,78883,734,1249,19137,
290.76850366204053,78883,733,1250,19137,
290.77254037796325,78882,734,1250,19137,
290.7777941443304,78881,735,1250,19137,
290.778705741705,78881,735,1249,19138,
290.78110188145536,78880,736,1249,19138,
290.78154131617345,78880,736,1248,19139,
290.78548934049735,78880,736,1247,19140,
290.7866998313798,78880,735,1248,19140,
290.7895809912674,78880,735,1247,19141,
290.79013182877753,78880,735,1246,19142,
290.7902126690373,78879,736,1246,19142,
290.79038757622664,78878,737,1246,19142,
290.79160214672703,78877,738,1246,19142,
290.7929229828281,78877,738,1245,19143,
290.79866185301535,78877,738,1244,19144,
290.80088786636964,78876,739,1244,19144,
290.80216134173486,78876,739,1243,19145,
290.8047647967726,78876,738,1244,19145,
290.80624920289074,78876,737,1245,19145,
290.8078284183385,78875,738,1245,19145,
290.8078737336173,78874,739,1245,19145,
290.80831569466875,78874,738,1246,19145,
290.8096538313462,78874,737,1247,19145,
290.80968505208784,78874,737,1246,19146,
290.811095109898,78874,736,1247,19146,
290.81313550193124,78874,736,1246,19147,
290.82627654749047,78874,735,1247,19147,
290.82697884634797,78874,734,1248,19147,
290.82713341152424,78874,734,1247,19148,
290.8294108046427,78874,733,1248,19148,
290.82991468572556,78873,734,1248,19148,
290.8355089970663,78873,733,1249,19148,
290.84012619049764,78872,734,1249,19148,
290.8401710880723,78872,733,1250,19148,
290.8409110892301,78872,732,1251,19148,
290.8435769813998,78872,732,1250,19149,
290.84518838960065,78872,731,1251,19149,
290.84875767729164,78872,731,1250,19150,
290.8505888256749,78872,730,1251,19150,
290.8516202683359,78872,730,1250,19151,
290.8566584368255,78872,729,1251,19151,
290.857622829975,78872,728,1252,19151,
290.8584440062689,78872,727,1253,19151,
290.85928575950624,78872,727,1252,19152,
290.8612100078034,78871,728,1252,19152,
290.8627195061516,78871,728,1251,19153,
290.8633927391766,78870,729,1251,19153,
290.8637126598869,78869,730,1251,19153,
290.8638799319484,78869,730,1250,19154,
290.86644751882113,78869,730,1249,19155,
290.86755082065804,78868,731,1249,19155,
290.8702858450259,78868,731,1248,19156,
290.8770910968765,78868,730,1249,19156,
290.87948653462195,78868,730,1248,19157,
290.8802957342927,78868,730,1247,19158,
290.88353208654405,78867,731,1247,19158,
290.8901186097458,78867,730,1248,19158,
290.89649328944745,78867,729,1249,19158,
290.89683151130987,78866,730,1249,19158,
290.89760559156133,78866,730,1248,19159,
290.8983148663558,78866,730,1247,19160,
290.900968179422,78866,730,1246,19161,
290.90154589347554,78866,729,1247,19161,
290.9038100361942,78866,728,1248,19161,
290.90456372246877,78866,728,1247,19162,
290.9061219843011,78866,728,1246,19163,
290.9078170992644,78866,728,1245,19164,
290.9097192018173,78866,728,1244,19165,
290.9100230606394,78866,728,1243,19166,
290.91211449457313,78866,727,1244,19166,
290.91734408391943,78866,727,1243,19167,
290.92723293510585,78866,727,1242,19168,
290.92738108055596,78865,728,1242,19168,
290.9276654810723,78865,728,1241,19169,
290.9306729753004,78865,727,1242,19169,
290.938670528895,78864,728,1242,19169,
290.93997914809705,78864,727,1243,19169,
290.9418973582548,78863,728,1243,19169,
290.9421836084731,78863,728,1242,19170,
290.94472908154,78862,729,1242,19170,
290.9450942549011,78862,728,1243,19170,
290.94653250781806,78861,729,1243,19170,
290.9493822602616,78861,728,1244,19170,
290.9572536073579,78861,728,1243,19171,
290.9581501587028,78861,727,1244,19171,
290.95870549699765,78861,726,1245,19171,
290.95891698111177,78861,726,1244,19172,
290.96113052291406,78861,726,1243,19173,
290.96571630511977,78860,727,1243,19173,
290.9669765981039,78860,727,1242,19174,
290.96716233919915,78860,727,1241,19175,
290.9686818095914,78860,726,1242,19175,
290.96875968279375,78860,726,1241,19176,
290.9761531994116,78860,726,1240,19177,
290.9808612201595,78860,726,1239,19178,
290.9830310667974,78859,727,1239,19178,
290.98348947169063,78859,726,1240,19178,
290.987139281874,78858,727,1240,19178,
290.9874463568165,78857,728,1240,19178,
290.9899247472495,78856,729,1240,19178,
290.9927918890507,78856,729,1239,19179,
290.99408624176374,78856,729,1238,19180,
290.9941959474718,78856,729,1237,19181,
290.99805643710266,78855,730,1237,19181,
290.9997504481901,78854,731,1237,19181,
291.00067119765134,78854,730,1238,19181,
291.0011497288076,78854,730,1237,19182,
291.0012743828033,78854,729,1238,19182,
291.0054956937438,78854,729,1237,19183,
291.00790708838673,78853,730,1237,19183,
291.0088597280994,78853,730,1236,19184,
291.01336678451395,78853,730,1235,19185,
291.0218399200309,78853,729,1236,19185,
291.0224205412486,78852,730,1236,19185,
291.0262272158547,78852,729,1237,19185,
291.0286672680858,78852,728,1238,19185,
291.0296240549584,78852,728,1237,19186,
291.0334884204998,78852,728,1236,19187,
291.035142047002,78851,729,1236,19187,
291.03603080805044,78850,730,1236,19187,
291.0385739519288,78850,729,1237,19187,
291.04045594028224,78850,729,1236,19188,
291.0426174860224,78850,729,1235,19189,
291.0430811439427,78850,729,1234,19190,
291.04363958312234,78849,730,1234,19190,
291.0454281828464,78849,730,1233,19191,
291.04646725354195,78848,731,1233,19191,
291.05099433531626,78848,730,1234,19191,
291.05519092358224,78848,730,1233,19192,
291.05676266771854,78848,729,1234,19192,
291.0590667967802,78848,729,1233,19193,
291.05915694306157,78848,728,1234,19193,
291.06032256744646,78847,729,1234,19193,
291.0610862229239,78847,729,1233,19194,
291.06234546937526,78846,730,1233,19194,
291.06447581416086,78846,730,1232,19195,
291.0688895124136,78846,730,1231,19196,
291.06919019152826,78846,729,1232,19196,
291.07197572685254,78845,730,1232,19196,
291.07257487448635,78845,730,1231,19197,
291.07311246374894,78845,729,1232,19197,
291.0738659932672,78845,729,1231,19198,
291.07410671348464,78845,728,1232,19198,
291.0756055625353,78845,728,1231,19199,
291.0860181207264,78845,727,1232,19199,
291.08851213725075,78845,727,1231,19200,
291.09016431608063,78845,726,1232,19200,
291.09678587916005,78844,727,1232,19200,
291.1034348457039,78843,728,1232,19200,
291.10358796394627,78843,727,1233,19200,
291.1042134875498,78843,727,1232,19201,
291.10428082005967,78843,726,1233,19201,
291.10753724505224,78842,727,1233,19201,
291.10779021430636,78841,728,1233,19201,
291.11201058601637,78840,729,1233,19201,
291.11348671417034,78840,728,1234,19201,
291.11357275270996,78839,729,1234,19201,
291.1148570970121,78838,730,1234,19201,
291.11638693512197,78838,729,1235,19201,
291.11649469293803,78838,728,1236,19201,
291.1165184753116,78838,728,1235,19202,
291.11779605738394,78837,729,1235,19202,
291.12507549872504,78837,728,1236,19202,
291.12561277470917,78837,728,1235,19203,
291.1260902490401,78837,727,1236,19203,
291.12657138945576,78837,726,1237,19203,
291.1279152161727,78837,726,1236,19204,
291.12898145790535,78837,726,1235,19205,
291.1317998659315,78837,726,1234,19206,
291.13407394121907,78837,725,1235,19206,
291.13452596765336,78836,726,1235,19206,
291.13585308898314,78836,725,1236,19206,
291.1385097639861,78835,726,1236,19206,
291.1397738358436,78835,725,1237,19206,
291.1399625940076,78834,726,1237,19206,
291.1401221407617,78834,726,1236,19207,
291.1458243200182,78834,726,1235,19208,
291.1520991176592,78834,726,1234,19209,
291.1531486267148,78834,726,1233,19210,
291.15626925812086,78834,726,1232,19211,
291.1591387694454,78834,725,1233,19211,
291.1596461409071,78834,724,1234,19211,
291.1619296434821,78833,725,1234,19211,
291.1678403612312,78833,725,1233,19212,
291.16825581961086,78833,724,1234,19212,
291.1698999961023,78833,723,1235,19212,
291.17029911054766,78833,723,1234,19213,
291.17484765420403,78832,724,1234,19213,
291.1761807242364,78831,725,1234,19213,
291.1768805022032,78831,724,1235,19213,
291.18152042225086,78831,723,1236,19213,
291.18376437734617,78831,723,1235,19214,
291.1862665745303,78831,722,1236,19214,
291.18909612105506,78831,722,1235,19215,
291.1907106640438,78831,722,1234,19216,
291.19123422302846,78831,722,1233,19217,
291.1928444046317,78830,723,1233,19217,
291.1934259899331,78830,723,1232,19218,
291.19886315565515,78830,722,1233,19218,
291.20699794861184,78830,721,1234,19218,
291.210563463289,78830,720,1235,19218,
291.2152384964296,78829,721,1235,19218,
291.2161073178128,78829,721,1234,19219,
291.22662214975037,78829,720,1235,19219,
291.22813896133187,78829,720,1234,19220,
291.2309852020296,78829,720,1233,19221,
291.23214735705346,78829,719,1234,19221,
291.23298834249124,78829,719,1233,19222,
291.2336589931239,78829,719,1232,19223,
291.236904311307,78828,720,1232,19223,
291.2403378128008,78827,721,1232,19223,
291.2406845226518,78826,722,1232,19223,
291.2441927070413,78826,722,1231,19224,
291.2456275442353,78826,722,1230,19225,
291.2483947341341,78826,722,1229,19226,
291.25445770384204,78826,722,1228,19227,
291.2549160485951,78826,722,1227,19228,
291.256130319129,78825,723,1227,19228,
291.25624795858187,78825,722,1228,19228,
291.2574951168404,78825,721,1229,19228,
291.2577056147583,78825,721,1228,19229,
291.25920053672604,78825,721,1227,19230,
291.26803404751143,78825,720,1228,19230,
291.2689991475585,78825,720,1227,19231,
291.27086857944374,78825,720,1226,19232,
291.2713408762031,78825,720,1225,19233,
291.2745456114235,78825,719,1226,19233,
291.27609826010064,78825,719,1225,19234,
291.277763540886,78824,720,1225,19234,
291.27778861429135,78824,719,1226,19234,
291.2828731197252,78823,720,1226,19234,
291.2838943507084,78823,719,1227,19234,
291.28600585694517,78822,720,1227,19234,
291.2890932731473,78822,719,1228,19234,
291.2893342418825,78822,718,1229,19234,
291.29074254668524,78821,719,1229,19234,
291.29462093042633,78821,719,1228,19235,
291.30157496449203,78820,720,1228,19235,
291.30197617971396,78819,721,1228,19235,
291.3081884768034,78818,722,1228,19235,
291.3083718042476,78818,721,1229,19235,
291.30914821623486,78818,720,1230,19235,
291.31153369511827,78818,719,1231,19235,
291.3166578457481,78817,720,1231,19235,
291.31850592570095,78817,719,1232,19235,
291.3191928137013,78816,720,1232,19235,
291.32113187472686,78816,719,1233,19235,
291.32114464475825,78816,718,1234,19235,
291.3230599508632,78816,718,1233,19236,
291.3232285356303,78816,718,1232,19237,
291.32375319659786,78816,718,1231,19238,
291.3247765394769,78816,718,1230,19239,
291.3265804489716,78816,717,1231,19239,
291.3295496625722,78815,718,1231,19239,
291.3298312105852,78815,718,1230,19240,
291.33387271349227,78815,717,1231,19240,
291.3377475549611,78815,717,1230,19241,
291.33873914080834,78815,717,1229,19242,
291.341339148492,78815,716,1230,19242,
291.34160347784507,78815,715,1231,19242,
291.34441495736775,78815,715,1230,19243,
291.3472692774653,78814,716,1230,19243,
291.3487706268499,78813,717,1230,19243,
291.3528669246352,78813,717,1229,19244,
291.35321744136286,78813,716,1230,19244,
291.3563337901831,78813,716,1229,19245,
291.35868613173125,78812,717,1229,19245,
291.3642960785719,78812,717,1228,19246,
291.3647711124197,78811,718,1228,19246,
291.3733168936304,78811,718,1227,19247,
291.37421970813614,78810,719,1227,19247,
291.3764153612918,78810,718,1228,19247,
291.3768313127621,78810,717,1229,19247,
291.3791270759999,78810,717,1228,19248,
291.3801210669608,78810,716,1229,19248,
291.38128379564813,78809,717,1229,19248,
291.38157480618,78809,717,1228,19249,
291.38683180935203,78808,718,1228,19249,
291.3873030569428,78808,717,1229,19249,
291.3881129941555,78807,718,1229,19249,
291.3891053894462,78807,717,1230,19249,
291.3893178880487,78806,718,1230,19249,
291.39999389892876,78805,719,1230,19249,
291.4030499878882,78805,718,1231,19249,
291.40621355098796,78805,718,1230,19250,
291.4067231648155,78805,718,1229,19251,
291.4073027844471,78805,718,1228,19252,
291.408206449465,78805,718,1227,19253,
291.40905278603816,78805,718,1226,19254,
291.41018681985935,78805,718,1225,19255,
291.410435376568,78805,717,1226,19255,
291.41196992506195,78805,716,1227,19255,
291.41300433225496,78805,716,1226,19256,
291.4185674914201,78805,716,1225,19257,
291.41910016032494,78805,716,1224,19258,
291.4223770736438,78805,715,1225,19258,
291.42259692519906,78804,716,1225,19258,
291.42422423230045,78803,717,1225,19258,
291.42435174735704,78803,717,1224,19259,
291.42549478577916,78803,716,1225,19259,
291.4256109693204,78802,717,1225,19259,
291.4261378264116,78801,718,1225,19259,
291.4322231827238,78801,717,1226,19259,
291.43372177349545,78801,717,1225,19260,
291.43969444506837,78801,716,1226,19260,
291.44242635160117,78801,716,1225,19261,
291.4454699827639,78801,716,1224,19262,
291.45106603146155,78801,716,1223,19263,
291.46040805221077,78800,717,1223,19263,
291.4620033882249,78800,716,1224,19263,
291.46415274450595,78800,716,1223,19264,
291.4657691918646,78799,717,1223,19264,
291.4685587511109,78799,717,1222,19265,
291.471765159595,78799,717,1221,19266,
291.4742403073006,78798,718,1221,19266,
291.47544564616857,78798,717,1222,19266,
291.4812620755482,78798,716,1223,19266,
291.4816005504173,78797,717,1223,19266,
291.4826076103262,78796,718,1223,19266,
291.48549760543483,78796,718,1222,19267,
291.48910542488164,78796,717,1223,19267,
291.49194346550985,78795,718,1223,19267,
291.4930158082345,78795,718,1222,19268,
291.49701843597495,78794,719,1222,19268,
291.4972875344493,78794,719,1221,19269,
291.50807275725947,78793,720,1221,19269,
291.5130913624078,78792,721,1221,19269,
291.5131276193022,78791,722,1221,19269,
291.51432441515936,78791,722,1220,19270,
291.5167997559473,78791,721,1221,19270,
291.51727836044165,78791,721,1220,19271,
291.5191385861136,78791,721,1219,19272,
291.51945617296224,78791,721,1218,19273,
291.5220227832337,78790,722,1218,19273,
291.5252727886028,78790,721,1219,19273,
291.52611798422225,78789,722,1219,19273,
291.5300834196977,78788,723,1219,19273,
291.5339251491461,78788,723,1218,19274,
291.5351508616578,78788,723,1217,19275,
291.5396856240251,78787,724,1217,19275,
291.5401737675276,78786,725,1217,19275,
291.54126131461476,78786,724,1218,19275,
291.5419636409019,78786,723,1219,19275,
291.5436921354843,78786,723,1218,19276,
291.54397558233364,78786,723,1217,19277,
291.5478814261216,78785,724,1217,19277,
291.54830385139877,78784,725,1217,19277,
291.5488485583922,78784,724,1218,19277,
291.5498219546185,78784,723,1219,19277,
291.55183699908395,78783,724,1219,19277,
291.55317050131237,78782,725,1219,19277,
291.55343852176827,78781,726,1219,19277,
291.5646073992776,78781,726,1218,19278,
291.56625666181276,78780,727,1218,19278,
291.5749089086991,78780,727,1217,19279,
291.57757110894187,78780,727,1216,19280,
291.58000852474106,78780,726,1217,19280,
291.5827523057397,78780,725,1218,19280,
291.5856217123355,78779,726,1218,19280,
291.58564347665447,78779,725,1219,19280,
291.5863828650731,78779,724,1220,19280,
291.5866892599769,78779,723,1221,19280,
291.58802537028396,78779,723,1220,19281,
291.58893784064645,78779,722,1221,19281,
291.58911761799334,78779,722,1220,19282,
291.5895033601865,78779,721,1221,19282,
291.59035313955314,78778,722,1221,19282,
291.5956166862081,78778,721,1222,19282,
291.59602807578665,78777,722,1222,19282,
291.5971811185205,78777,721,1223,19282,
291.5984808754598,78777,720,1224,19282,
291.59852610270815,78777,720,1223,19283,
291.59970558581125,78776,721,1223,19283,
291.59999936953074,78776,721,1222,19284,
291.6022040975922,78776,720,1223,19284,
291.60579992774296,78776,720,1222,19285,
291.607911455898,78776,719,1223,19285,
291.60822570456304,78775,720,1223,19285,
291.6132297562218,78775,720,1222,19286,
291.6137775311869,78775,720,1221,19287,
291.61629793873584,78775,720,1220,19288,
291.61845118977976,78775,720,1219,19289,
291.61895860212553,78775,720,1218,19290,
291.62303458122443,78775,719,1219,19290,
291.6291596172534,78775,718,1220,19290,
291.6299393186884,78774,719,1220,19290,
291.63448071431526,78773,720,1220,19290,
291.6352601219315,78773,719,1221,19290,
291.6427842458799,78773,718,1222,19290,
291.643496381846,78773,718,1221,19291,
291.64575924706236,78773,718,1220,19292,
291.646054046542,78772,719,1220,19292,
291.6467616387406,78771,720,1220,19292,
291.6481810698869,78771,720,1219,19293,
291.65518268232427,78770,721,1219,19293,
291.65544980056575,78769,722,1219,19293,
291.6563698072658,78769,721,1220,19293,
291.65700371421866,78768,722,1220,19293,
291.6577843956207,78767,723,1220,19293,
291.66082599279054,78767,723,1219,19294,
291.66926537318966,78767,722,1220,19294,
291.669411782538,78767,721,1221,19294,
291.67130427857956,78767,721,1220,19295,
291.6736717901986,78767,721,1219,19296,
291.6739798053013,78766,722,1219,19296,
291.6763835409238,78765,723,1219,19296,
291.677510744244,78765,723,1218,19297,
291.6777894670851,78765,723,1217,19298,
291.6804090013153,78765,722,1218,19298,
291.68096839058603,78765,721,1219,19298,
291.6826936151507,78765,721,1218,19299,
291.68362680564445,78765,720,1219,19299,
291.6874713902755,78764,721,1219,19299,
291.6878703764517,78764,721,1218,19300,
291.68996672835243,78764,720,1219,19300,
291.690079293618,78764,719,1220,19300,
291.69025683232354,78764,719,1219,19301,
291.6905096181715,78764,719,1218,19302,
291.69246823298977,78764,718,1219,19302,
291.6958788086517,78763,719,1219,19302,
291.6966397310588,78763,718,1220,19302,
291.6982382545735,78763,718,1219,19303,
291.7006465798798,78762,719,1219,19303,
291.70190418359635,78762,719,1218,19304,
291.70447610343734,78762,718,1219,19304,
291.7069121792843,78762,718,1218,19305,
291.70792053516135,78762,718,1217,19306,
291.7082839822105,78762,717,1218,19306,
291.708567122024,78762,716,1219,19306,
291.7114203647371,78761,717,1219,19306,
291.71246090255886,78760,718,1219,19306,
291.714802233249,78759,719,1219,19306,
291.71604674823163,78759,718,1220,19306,
291.7175495043756,78759,717,1221,19306,
291.7186467630248,78759,717,1220,19307,
291.7203406328403,78758,718,1220,19307,
291.7210369160535,78758,718,1219,19308,
291.72192553755616,78758,718,1218,19309,
291.72256024915026,78758,718,1217,19310,
291.7257593973251,78757,719,1217,19310,
291.7260405629222,78757,719,1216,19311,
291.72629387234707,78757,718,1217,19311,
291.7274126424164,78757,718,1216,19312,
291.72780831221337,78757,717,1217,19312,
291.7295737073875,78757,716,1218,19312,
291.7305470663176,78757,716,1217,19313,
291.7324082403203,78756,717,1217,19313,
291.7348095862034,78755,718,1217,19313,
291.73717886572683,78754,719,1217,19313,
291.7415902134917,78753,720,1217,19313,
291.742448797731,78752,721,1217,19313,
291.74294928829556,78751,722,1217,19313,
291.74353962242725,78751,722,1216,19314,
291.7453304582935,78751,721,1217,19314,
291.7454368077473,78751,721,1216,19315,
291.7454470308335,78750,722,1216,19315,
291.7456773004341,78750,721,1217,19315,
291.7460197187843,78749,722,1217,19315,
291.74607854079375,78748,723,1217,19315,
291.74618994765723,78747,724,1217,19315,
291.7487316207015,78746,725,1217,19315,
291.75631967341246,78746,725,1216,19316,
291.75669816033184,78746,725,1215,19317,
291.7573697826524,78746,725,1214,19318,
291.7577886699107,78746,724,1215,19318,
291.7580776563918,78746,724,1214,19319,
291.7596597893502,78746,724,1213,19320,
291.7602538824454,78746,724,1212,19321,
291.76267864778066,78745,725,1212,19321,
291.7630237425151,78745,724,1213,19321,
291.76320810826246,78745,724,1212,19322,
291.7637971286583,78745,724,1211,19323,
291.7664979249852,78745,724,1210,19324,
291.7717180811412,78745,723,1211,19324,
291.7816942548853,78745,722,1212,19324,
291.7840117174003,78744,723,1212,19324,
291.7869883324785,78743,724,1212,19324,
291.7877892524744,78742,725,1212,19324,
291.7903158666538,78742,724,1213,19324,
291.79062792519227,78741,725,1213,19324,
291.7979622388945,78741,725,1212,19325,
291.8029564463925,78741,724,1213,19325,
291.8051068156703,78741,723,1214,19325,
291.8057483919457,78741,723,1213,19326,
291.8060226826912,78741,722,1214,19326,
291.8068231051756,78741,722,1213,19327,
291.80831454037695,78741,721,1214,19327,
291.8089407257579,78741,721,1213,19328,
291.8090868427131,78741,721,1212,19329,
291.81277911437854,78741,720,1213,19329,
291.82067848697477,78741,719,1214,19329,
291.82166735486663,78740,720,1214,19329,
291.8234844003416,78739,721,1214,19329,
291.8235344963681,78739,720,1215,19329,
291.8240636479381,78739,720,1214,19330,
291.8255446684674,78739,719,1215,19330,
291.8281976169436,78738,720,1215,19330,
291.8286645065688,78738,719,1216,19330,
291.8472207205392,78738,719,1215,19331,
291.8520377807296,78738,718,1216,19331,
291.85269484157396,78738,717,1217,19331,
291.8528550772861,78738,716,1218,19331,
291.85578405180144,78738,715,1219,19331,
291.8629415136007,78738,714,1220,19331,
291.86597084601925,78737,715,1220,19331,
291.8680071534574,78737,714,1221,19331,
291.8688306449853,78736,715,1221,19331,
291.8689232041975,78736,715,1220,19332,
291.87047165506016,78735,716,1220,19332,
291.8704877784668,78735,716,1219,19333,
291.87569149955925,78734,717,1219,19333,
291.87601748273033,78734,716,1220,19333,
291.8777913458395,78733,717,1220,19333,
291.88324929697177,78732,718,1220,19333,
291.88451539317185,78732,717,1221,19333,
291.8845466725322,78732,717,1220,19334,
291.88571958468435,78732,717,1219,19335,
291.8857541177691,78732,717,1218,19336,
291.8865472789138,78732,716,1219,19336,
291.8917857682122,78732,716,1218,19337,
291.8927593129637,78731,717,1218,19337,
291.8928118696261,78731,717,1217,19338,
291.89378505536166,78730,718,1217,19338,
291.89649588243543,78729,719,1217,19338,
291.896538530462,78728,720,1217,19338,
291.89937351686547,78727,721,1217,19338,
291.903239447714,78726,722,1217,19338,
291.9042684846621,78725,723,1217,19338,
291.90460814842146,78724,724,1217,19338,
291.90573768445347,78724,723,1218,19338,
291.9070613741712,78723,724,1218,19338,
291.9076282980285,78723,723,1219,19338,
291.9101532661825,78722,724,1219,19338,
291.91445706942176,78721,725,1219,19338,
291.91542819186657,78721,725,1218,19339,
291.9167154394649,78720,726,1218,19339,
291.91773557643216,78719,727,1218,19339,
291.9202573848056,78719,726,1219,19339,
291.92367621885086,78719,726,1218,19340,
291.93618771946603,78718,727,1218,19340,
291.9364018534789,78718,727,1217,19341,
291.94060831904716,78717,728,1217,19341,
291.94369046377795,78717,727,1218,19341,
291.9477588430423,78717,727,1217,19342,
291.94971717935096,78717,726,1218,19342,
291.9520053857727,78716,727,1218,19342,
291.95241863909774,78716,727,1217,19343,
291.9566969370421,78716,726,1218,19343,
291.96107475609745,78716,725,1219,19343,
291.9629246887419,78716,725,1218,19344,
291.97097909170304,78715,726,1218,19344,
291.9745517947085,78715,726,1217,19345,
291.97596694642084,78715,725,1218,19345,
291.9780276978533,78714,726,1218,19345,
291.98249526751965,78714,725,1219,19345,
291.9827385980047,78714,724,1220,19345,
291.98740555057236,78713,725,1220,19345,
291.98992116536357,78713,725,1219,19346,
291.9911400099009,78713,725,1218,19347,
291.99389627888326,78713,724,1219,19347,
291.99466623634027,78713,724,1218,19348,
291.99586854062966,78713,724,1217,19349,
291.9979798276741,78713,724,1216,19350,
291.99884517601043,78713,723,1217,19350,
292.0004957939414,78713,722,1218,19350,
292.0022232929799,78712,723,1218,19350,
292.00263352130986,78711,724,1218,19350,
292.00324553275544,78710,725,1218,19350,
292.0048260817715,78709,726,1218,19350,
292.0050933933443,78709,725,1219,19350,
292.00577520937395,78709,724,1220,19350,
292.0091597865948,78709,723,1221,19350,
292.0103378293297,78708,724,1221,19350,
292.01427137875777,78708,724,1220,19351,
292.0158452242994,78708,723,1221,19351,
292.0166178153701,78708,723,1220,19352,
292.0168724818052,78708,723,1219,19353,
292.02314443035294,78708,723,1218,19354,
292.02829671075966,78708,722,1219,19354,
292.02887132667183,78707,723,1219,19354,
292.0340634385866,78707,722,1220,19354,
292.035653320707,78707,722,1219,19355,
292.036766229772,78707,722,1218,19356,
292.0386772851176,78707,721,1219,19356,
292.0405347103045,78706,722,1219,19356,
292.043658063326,78706,721,1220,19356,
292.04650112759555,78706,720,1221,19356,
292.0471411791026,78706,720,1220,19357,
292.0482303263698,78706,720,1219,19358,
292.0520174728388,78706,719,1220,19358,
292.05305344744227,78705,720,1220,19358,
292.05540538732356,78705,719,1221,19358,
292.0557360881065,78705,719,1220,19359,
292.05730360777846,78704,720,1220,19359,
292.05815394958665,78704,720,1219,19360,
292.0643385171047,78704,720,1218,19361,
292.0644142110251,78704,719,1219,19361,
292.0687046368759,78704,718,1220,19361,
292.0728011889571,78703,719,1220,19361,
292.07785906867406,78703,718,1221,19361,
292.0785586707693,78702,719,1221,19361,
292.0795331542665,78702,719,1220,19362,
292.08393767212584,78702,718,1221,19362,
292.08518378396997,78702,718,1220,19363,
292.0908854321465,78701,719,1220,19363,
292.0933212455342,78700,720,1220,19363,
292.0933410531366,78700,719,1221,19363,
292.09591095536115,78699,720,1221,19363,
292.10186273000704,78698,721,1221,19363,
292.10235688134526,78698,721,1220,19364,
292.10256023476046,78698,721,1219,19365,
292.10426928200695,78697,722,1219,19365,
292.1057961565805,78696,723,1219,19365,
292.10641697991974,78696,722,1220,19365,
292.10933329910114,78696,722,1219,19366,
292.110332816906,78696,722,1218,19367,
292.1109550195032,78695,723,1218,19367,
292.11751849021545,78695,723,1217,19368,
292.12304422753306,78694,724,1217,19368,
292.12549495284895,78694,724,1216,19369,
292.1277121612751,78694,723,1217,19369,
292.13078967219644,78694,723,1216,19370,
292.13132276109354,78693,724,1216,19370,
292.1360266140187,78693,723,1217,19370,
292.13730089798383,78693,723,1216,19371,
292.1397429400087,78693,722,1217,19371,
292.1402384670968,78693,721,1218,19371,
292.14113861276803,78693,720,1219,19371,
292.1412668994745,78693,720,1218,19372,
292.1463466972662,78692,721,1218,19372,
292.14670158397513,78692,720,1219,19372,
292.1534037699332,78692,719,1220,19372,
292.15465516663215,78692,719,1219,19373,
292.15503175311227,78691,720,1219,19373,
292.15611726210443,78691,719,1220,19373,
292.1590817990636,78690,720,1220,19373,
292.159099601922,78690,719,1221,19373,
292.1602889231596,78690,719,1220,19374,
292.1619098424811,78689,720,1220,19374,
292.1622508611388,78689,720,1219,19375,
292.162261938591,78689,720,1218,19376,
292.1626004891996,78689,720,1217,19377,
292.163072541285,78688,721,1217,19377,
292.16343983405807,78688,720,1218,19377,
292.17060658800796,78687,721,1218,19377,
292.1746359108699,78687,721,1217,19378,
292.1755263513907,78686,722,1217,19378,
292.1758218777187,78686,722,1216,19379,
292.1758314777677,78686,722,1215,19380,
292.17592254166124,78686,722,1214,19381,
292.17790959889226,78686,722,1213,19382,
292.1791386154079,78685,723,1213,19382,
292.1803882534094,78685,722,1214,19382,
292.18147818152346,78685,722,1213,19383,
292.1828875036873,78684,723,1213,19383,
292.1837373952964,78684,722,1214,19383,
292.191746170781,78684,721,1215,19383,
292.1917650055754,78684,720,1216,19383,
292.20208114060296,78683,721,1216,19383,
292.20420042236293,78682,722,1216,19383,
292.20456561471315,78682,722,1215,19384,
292.20989053092757,78682,721,1216,19384,
292.2102634776132,78682,721,1215,19385,
292.2129510049807,78682,721,1214,19386,
292.2175252607242,78682,720,1215,19386,
292.2187134684009,78681,721,1215,19386,
292.219861542971,78681,721,1214,19387,
292.2206855572568,78680,722,1214,19387,
292.2257634801586,78679,723,1214,19387,
292.22657089871825,78679,723,1213,19388,
292.22925515554135,78678,724,1213,19388,
292.23888903669297,78678,724,1212,19389,
292.2432892269861,78677,725,1212,19389,
292.2443102869196,78676,726,1212,19389,
292.2449308253181,78675,727,1212,19389,
292.2449534616584,78674,728,1212,19389,
292.24566176012615,78674,727,1213,19389,
292.24624710603194,78674,727,1212,19390,
292.24667193816055,78674,727,1211,19391,
292.2485761342445,78674,727,1210,19392,
292.2492009855169,78673,728,1210,19392,
292.2504587774955,78673,727,1211,19392,
292.2539109763642,78673,727,1210,19393,
292.2571272982494,78673,726,1211,19393,
292.2588999891398,78673,726,1210,19394,
292.259560944069,78673,726,1209,19395,
292.27021370197025,78673,725,1210,19395,
292.27820464876714,78673,724,1211,19395,
292.28419529167815,78673,724,1210,19396,
292.2885410011047,78673,724,1209,19397,
292.289351804428,78673,724,1208,19398,
292.2926576480529,78673,724,1207,19399,
292.2946456585884,78673,724,1206,19400,
292.29686986766177,78673,723,1207,19400,
292.2969961060991,78672,724,1207,19400,
292.29880810037196,78672,723,1208,19400,
292.3014345194716,78671,724,1208,19400,
292.3045459836783,78670,725,1208,19400,
292.30794627413485,78669,726,1208,19400,
292.30862293927765,78669,725,1209,19400,
292.31111314844077,78668,726,1209,19400,
292.31298627669673,78668,725,1210,19400,
292.31631444129914,78667,726,1210,19400,
292.3254722317302,78667,726,1209,19401,
292.3274005392742,78667,725,1210,19401,
292.33091350594,78667,725,1209,19402,
292.3326442428875,78667,725,1208,19403,
292.333947800067,78667,725,1207,19404,
292.3363058888798,78667,724,1208,19404,
292.33818631108113,78667,723,1209,19404,
292.3418067841419,78667,722,1210,19404,
292.3453621764236,78666,723,1210,19404,
292.34564867610914,78665,724,1210,19404,
292.34971471942254,78664,725,1210,19404,
292.3562705985132,78663,726,1210,19404,
292.3603451572401,78662,727,1210,19404,
292.3628446092801,78661,728,1210,19404,
292.3690031390675,78661,727,1211,19404,
292.37688973678246,78661,727,1210,19405,
292.3788861200821,78661,727,1209,19406,
292.3817415366679,78661,726,1210,19406,
292.3837177210553,78660,727,1210,19406,
292.3894493074658,78660,726,1211,19406,
292.39224411867394,78660,725,1212,19406,
292.3990796529774,78660,724,1213,19406,
292.403533231452,78660,723,1214,19406,
292.4036175980229,78660,722,1215,19406,
292.4043411396511,78660,722,1214,19407,
292.4051328178721,78660,722,1213,19408,
292.40565688563134,78660,721,1214,19408,
292.40704892962896,78660,720,1215,19408,
292.40726964892133,78660,719,1216,19408,
292.4084247020378,78660,719,1215,19409,
292.40931538696395,78660,719,1214,19410,
292.4118080843365,78660,718,1215,19410,
292.4189402484317,78659,719,1215,19410,
292.41939383304884,78658,720,1215,19410,
292.42152173440854,78658,719,1216,19410,
292.42865144702694,78658,719,1215,19411,
292.4289496883451,78658,719,1214,19412,
292.4302203161126,78658,719,1213,19413,
292.4325991131496,78658,718,1214,19413,
292.43382425036674,78657,719,1214,19413,
292.434425031821,78656,720,1214,19413,
292.4344978328621,78656,720,1213,19414,
292.43482217383666,78655,721,1213,19414,
292.43756431272806,78654,722,1213,19414,
292.4376623955952,78654,721,1214,19414,
292.44076294926845,78654,720,1215,19414,
292.4415286887022,78654,719,1216,19414,
292.4417264270065,78653,720,1216,19414,
292.4422378546718,78653,720,1215,19415,
292.4522154524268,78652,721,1215,19415,
292.45382027091443,78651,722,1215,19415,
292.4586962498756,78650,723,1215,19415,
292.45953778047135,78650,722,1216,19415,
292.46145641233704,78650,722,1215,19416,
292.4619788102738,78650,722,1214,19417,
292.4620361393767,78650,722,1213,19418,
292.463697374689,78650,721,1214,19418,
292.4655258723051,78650,721,1213,19419,
292.4678906168014,78649,722,1213,19419,
292.4689466104002,78648,723,1213,19419,
292.4695283697339,78647,724,1213,19419,
292.4767902152276,78646,725,1213,19419,
292.47716964049886,78646,725,1212,19420,
292.47798693030927,78646,724,1213,19420,
292.4803373076019,78646,723,1214,19420,
292.48334742899334,78645,724,1214,19420,
292.4836826793888,78644,725,1214,19420,
292.4905082258673,78644,724,1215,19420,
292.4914730076506,78644,724,1214,19421,
292.49294174710474,78643,725,1214,19421,
292.49794870136964,78643,724,1215,19421,
292.4988672119904,78643,723,1216,19421,
292.504461153672,78642,724,1216,19421,
292.5066178976612,78642,723,1217,19421,
292.5070593366279,78642,722,1218,19421,
292.5078007557086,78642,722,1217,19422,
292.50967087493893,78642,722,1216,19423,
292.5111404389087,78642,721,1217,19423,
292.51131509646905,78642,720,1218,19423,
292.51186938425104,78642,720,1217,19424,
292.5231537494543,78642,719,1218,19424,
292.53260292061975,78642,718,1219,19424,
292.53569459648975,78642,717,1220,19424,
292.53702285206924,78642,717,1219,19425,
292.5391260254035,78642,716,1220,19425,
292.5419732475756,78642,716,1219,19426,
292.54409253308125,78642,715,1220,19426,
292.5469205216364,78642,714,1221,19426,
292.54941192564377,78642,713,1222,19426,
292.55082982286234,78642,713,1221,19427,
292.5542767404022,78642,713,1220,19428,
292.5602738881127,78641,714,1220,19428,
292.56027863580334,78641,714,1219,19429,
292.5602960310236,78641,713,1220,19429,
292.56189797756315,78641,712,1221,19429,
292.5643537322925,78641,711,1222,19429,
292.57236776586916,78641,711,1221,19430,
292.5742186098282,78641,711,1220,19431,
292.58023550994085,78640,712,1220,19431,
292.58030117245414,78640,712,1219,19432,
292.5812748294227,78640,712,1218,19433,
292.582756017792,78640,711,1219,19433,
292.5868302178141,78639,712,1219,19433,
292.58785779173513,78639,712,1218,19434,
292.5890447087296,78638,713,1218,19434,
292.5898796458337,78638,713,1217,19435,
292.59262676712734,78638,712,1218,19435,
292.5931901776047,78638,712,1217,19436,
292.59363750587914,78638,711,1218,19436,
292.59531446755193,78638,710,1219,19436,
292.59541592850076,78638,709,1220,19436,
292.596100440514,78638,709,1219,19437,
292.59748111116795,78637,710,1219,19437,
292.59849233238583,78636,711,1219,19437,
292.60064471868805,78635,712,1219,19437,
292.6008991753273,78635,712,1218,19438,
292.60145288050444,78634,713,1218,19438,
292.60183468333315,78633,714,1218,19438,
292.6032981612671,78633,713,1219,19438,
292.6037321801324,78632,714,1219,19438,
292.6040009846511,78632,713,1220,19438,
292.60974879879643,78632,713,1219,19439,
292.61466256795785,78631,714,1219,19439,
292.61629125081373,78631,713,1220,19439,
292.6203994490161,78630,714,1220,19439,
292.6223885986261,78630,713,1221,19439,
292.62287342869024,78629,714,1221,19439,
292.6240374345022,78628,715,1221,19439,
292.6263672577621,78628,715,1220,19440,
292.62747864497817,78627,716,1220,19440,
292.62775806406665,78627,716,1219,19441,
292.63048920333176,78627,715,1220,19441,
292.63446662652467,78627,715,1219,19442,
292.6382182729848,78627,715,1218,19443,
292.6420673760366,78626,716,1218,19443,
292.6422394886548,78626,716,1217,19444,
292.64405282919097,78625,717,1217,19444,
292.6454186947564,78625,717,1216,19445,
292.645730341575,78625,716,1217,19445,
292.6465144048868,78625,716,1216,19446,
292.6478579875551,78625,716,1215,19447,
292.6537779920221,78625,716,1214,19448,
292.6549638524774,78625,715,1215,19448,
292.65748965057145,78625,715,1214,19449,
292.65994380744286,78624,716,1214,19449,
292.6600026818336,78623,717,1214,19449,
292.6620149122325,78623,716,1215,19449,
292.6637242617105,78622,717,1215,19449,
292.6666066793351,78622,717,1214,19450,
292.67304383498777,78622,717,1213,19451,
292.67336725044555,78621,718,1213,19451,
292.6744231396712,78621,717,1214,19451,
292.67739188461894,78620,718,1214,19451,
292.67781294167736,78619,719,1214,19451,
292.6788118319752,78619,719,1213,19452,
292.68129723700423,78618,720,1213,19452,
292.6842434960862,78618,720,1212,19453,
292.68457653323117,78617,721,1212,19453,
292.68685934561387,78616,722,1212,19453,
292.6880746902642,78616,721,1213,19453,
292.6886694059641,78616,721,1212,19454,
292.6913068050299,78616,720,1213,19454,
292.6923620419411,78616,720,1212,19455,
292.6965502077943,78616,720,1211,19456,
292.6976192733111,78616,720,1210,19457,
292.7047967949809,78616,720,1209,19458,
292.7075218975997,78615,721,1209,19458,
292.70923362593834,78615,721,1208,19459,
292.7106080608985,78615,721,1207,19460,
292.71387873182283,78615,720,1208,19460,
292.717172501174,78614,721,1208,19460,
292.71743331439853,78614,720,1209,19460,
292.71818636510613,78613,721,1209,19460,
292.7188178222234,78613,720,1210,19460,
292.7217994707371,78613,719,1211,19460,
292.72257918570125,78613,718,1212,19460,
292.72297653589726,78613,717,1213,19460,
292.72379844681944,78612,718,1213,19460,
292.7247875001363,78612,717,1214,19460,
292.72508956495824,78611,718,1214,19460,
292.72747476196025,78610,719,1214,19460,
292.7286965057108,78610,718,1215,19460,
292.73069290672225,78610,718,1214,19461,
292.73141186659643,78609,719,1214,19461,
292.73442988037925,78609,718,1215,19461,
292.7368606557792,78608,719,1215,19461,
292.7369368890673,78608,718,1216,19461,
292.7371171548701,78607,719,1216,19461,
292.73961642833285,78607,718,1217,19461,
292.73963036442666,78606,719,1217,19461,
292.7428842050713,78605,720,1217,19461,
292.7431518729593,78605,719,1218,19461,
292.74447378977555,78605,718,1219,19461,
292.7446624027136,78604,719,1219,19461,
292.74500982354397,78603,720,1219,19461,
292.7471149973549,78602,721,1219,19461,
292.7494848137402,78602,720,1220,19461,
292.7539039787329,78602,719,1221,19461,
292.7562107016606,78602,719,1220,19462,
292.7565732932868,78601,720,1220,19462,
292.75789555751766,78600,721,1220,19462,
292.7615611933525,78600,721,1219,19463,
292.7650391522784,78599,722,1219,19463,
292.76754605462634,78599,721,1220,19463,
292.7744684341924,78598,722,1220,19463,
292.7758325766998,78598,722,1219,19464,
292.77635533511307,78597,723,1219,19464,
292.77653389998136,78596,724,1219,19464,
292.7782180920824,78595,725,1219,19464,
292.7801350236621,78595,725,1218,19465,
292.7803829431787,78594,726,1218,19465,
292.7839420533443,78594,726,1217,19466,
292.7857067825371,78593,727,1217,19466,
292.7934382618183,78592,728,1217,19466,
292.7948730116552,78592,727,1218,19466,
292.79533670007453,78592,727,1217,19467,
292.79641483323087,78592,727,1216,19468,
292.7965974409379,78591,728,1216,19468,
292.79832930335033,78590,729,1216,19468,
292.8007832875131,78590,728,1217,19468,
292.80382259393133,78590,728,1216,19469,
292.80408322561016,78590,727,1217,19469,
292.8056797988435,78590,727,1216,19470,
292.8062993818798,78589,728,1216,19470,
292.8094096720916,78588,729,1216,19470,
292.81075642835384,78588,728,1217,19470,
292.8108546650347,78587,729,1217,19470,
292.8114470435349,78587,728,1218,19470,
292.8149320280777,78587,728,1217,19471,
292.81602072899244,78587,728,1216,19472,
292.81769798603574,78587,728,1215,19473,
292.81793170699797,78586,729,1215,19473,
292.82068957102354,78585,730,1215,19473,
292.82090365176253,78585,730,1214,19474,
292.8214023179639,78585,729,1215,19474,
292.8275988915868,78585,728,1216,19474,
292.82913760804496,78585,728,1215,19475,
292.82940797047326,78585,728,1214,19476,
292.8339531337343,78585,728,1213,19477,
292.8368441893913,78584,729,1213,19477,
292.8378178779427,78583,730,1213,19477,
292.83909011058137,78583,730,1212,19478,
292.8420757395088,78583,730,1211,19479,
292.8426562199586,78583,730,1210,19480,
292.8429395064281,78583,729,1211,19480,
292.84799925209416,78583,728,1212,19480,
292.8502794828781,78583,728,1211,19481,
292.85069158045286,78582,729,1211,19481,
292.85158993209825,78582,729,1210,19482,
292.8522609016656,78582,728,1211,19482,
292.8533534037855,78582,727,1212,19482,
292.85437036937134,78582,726,1213,19482,
292.8564056755122,78582,725,1214,19482,
292.85660076776713,78581,726,1214,19482,
292.8569790429164,78581,725,1215,19482,
292.85787278305224,78581,725,1214,19483,
292.86125469943715,78581,724,1215,19483,
292.86527159205264,78581,724,1214,19484,
292.86680615585163,78581,724,1213,19485,
292.8683866616861,78580,725,1213,19485,
292.87026901614206,78580,724,1214,19485,
292.87473904698817,78579,725,1214,19485,
292.8748958113159,78579,725,1213,19486,
292.8788912603415,78578,726,1213,19486,
292.8790103835345,78578,725,1214,19486,
292.88101003100013,78578,725,1213,19487,
292.8848234363515,78578,724,1214,19487,
292.88570761710434,78578,724,1213,19488,
292.89126217834286,78578,723,1214,19488,
292.89211113723667,78578,723,1213,19489,
292.8950092361277,78578,723,1212,19490,
292.8989283157281,78578,722,1213,19490,
292.90026383733243,78578,722,1212,19491,
292.901728103348,78578,722,1211,19492,
292.90290974553284,78578,722,1210,19493,
292.9038704736172,78578,721,1211,19493,
292.90640944230876,78578,720,1212,19493,
292.907303571891,78578,719,1213,19493,
292.90787620869384,78578,719,1212,19494,
292.9090135637399,78578,718,1213,19494,
292.9095114500829,78578,717,1214,19494,
292.9131894105251,78577,718,1214,19494,
292.91466935877537,78576,719,1214,19494,
292.9158622085323,78576,718,1215,19494,
292.91723457183383,78576,717,1216,19494,
292.91861275586047,78575,718,1216,19494,
292.9204978946449,78575,718,1215,19495,
292.92142119120564,78575,718,1214,19496,
292.92229657281905,78575,718,1213,19497,
292.9275919434948,78575,718,1212,19498,
292.9308457455973,78575,717,1213,19498,
292.93205229183116,78574,718,1213,19498,
292.9367915217926,78574,717,1214,19498,
292.943002552188,78574,716,1215,19498,
292.9449480642556,78574,715,1216,19498,
292.95087497459514,78574,715,1215,19499,
292.95136256348974,78574,715,1214,19500,
292.95527820114137,78574,714,1215,19500,
292.9573845807009,78574,713,1216,19500,
292.9581827050004,78574,713,1215,19501,
292.95828324578696,78574,713,1214,19502,
292.960758923392,78573,714,1214,19502,
292.9613444838038,78572,715,1214,19502,
292.9620224844286,78572,715,1213,19503,
292.96287663311995,78571,716,1213,19503,
292.9659167669928,78570,717,1213,19503,
292.9709569099122,78570,716,1214,19503,
292.9723638903019,78570,715,1215,19503,
292.9759471824297,78570,714,1216,19503,
292.97630685794957,78570,714,1215,19504,
292.97817007328104,78570,713,1216,19504,
292.98127562606044,78570,712,1217,19504,
292.9888391760105,78570,712,1216,19505,
292.989055666776,78570,712,1215,19506,
292.9902744751809,78570,712,1214,19507,
292.9928469979434,78570,711,1215,19507,
292.9943822464276,78570,710,1216,19507,
292.99503363034626,78570,709,1217,19507,
292.99511646416767,78570,708,1218,19507,
292.99640834628167,78570,707,1219,19507,
293.0011564409191,78570,706,1220,19507,
293.00120816348766,78570,706,1219,19508,
293.0014629027718,78570,706,1218,19509,
293.00361146194604,78569,707,1218,19509,
293.0044685387537,78569,707,1217,19510,
293.005444780663,78568,708,1217,19510,
293.00559844073706,78568,707,1218,19510,
293.0058239194716,78568,706,1219,19510,
293.0097379104729,78567,707,1219,19510,
293.01056648797726,78566,708,1219,19510,
293.0108512235124,78566,708,1218,19511,
293.0157742012154,78565,709,1218,19511,
293.01661493900576,78564,710,1218,19511,
293.0210712026652,78563,711,1218,19511,
293.02202433775744,78563,710,1219,19511,
293.0241907217681,78562,711,1219,19511,
293.02639461461945,78561,712,1219,19511,
293.0271641948757,78561,711,1220,19511,
293.0293015710556,78561,711,1219,19512,
293.02940159879284,78560,712,1219,19512,
293.03086082977615,78559,713,1219,19512,
293.0312508839467,78559,713,1218,19513,
293.03254984797525,78558,714,1218,19513,
293.0339460706852,78558,713,1219,19513,
293.0384187583087,78558,712,1220,19513,
293.03869795690605,78558,712,1219,19514,
293.0455780071038,78558,711,1220,19514,
293.04704337832385,78558,710,1221,19514,
293.04786331216434,78557,711,1221,19514,
293.0578895827262,78557,710,1222,19514,
293.0609921293466,78557,710,1221,19515,
293.0627600256115,78557,710,1220,19516,
293.0658826348122,78557,710,1219,19517,
293.0667163576741,78556,711,1219,19517,
293.06924153435193,78556,710,1220,19517,
293.07769541997123,78555,711,1220,19517,
293.0785387191924,78555,711,1219,19518,
293.0796149162781,78554,712,1219,19518,
293.08041262392885,78553,713,1219,19518,
293.0804922002038,78552,714,1219,19518,
293.0822022147565,78552,713,1220,19518,
293.08553107044463,78552,712,1221,19518,
293.0863607047844,78552,712,1220,19519,
293.08687150719373,78551,713,1220,19519,
293.08746228322315,78551,713,1219,19520,
293.0919777979731,78551,712,1220,19520,
293.09315099161233,78551,712,1219,19521,
293.09578128337915,78551,711,1220,19521,
293.096660642135,78551,711,1219,19522,
293.0973648229346,78550,712,1219,19522,
293.0976949270302,78549,713,1219,19522,
293.10591588099436,78549,712,1220,19522,
293.11581898558563,78549,711,1221,19522,
293.1212656115986,78548,712,1221,19522,
293.12157011994924,78547,713,1221,19522,
293.122630218434,78547,713,1220,19523,
293.13342658935255,78547,713,1219,19524,
293.13712507607033,78547,713,1218,19525,
293.1379432467276,78546,714,1218,19525,
293.14134981718485,78546,714,1217,19526,
293.14173278980974,78546,713,1218,19526,
293.1452392365308,78546,713,1217,19527,
293.1454266586882,78546,712,1218,19527,
293.14671402464955,78546,712,1217,19528,
293.1558906815904,78546,712,1216,19529,
293.16204086280703,78545,713,1216,19529,
293.162819951696,78545,713,1215,19530,
293.1641277606912,78544,714,1215,19530,
293.1649654416358,78544,713,1216,19530,
293.16513670628404,78544,713,1215,19531,
293.1678578906351,78544,713,1214,19532,
293.17068054344816,78544,713,1213,19533,
293.1763024467619,78544,713,1212,19534,
293.1764695225478,78544,713,1211,19535,
293.17856419985026,78544,712,1212,19535,
293.17903464734457,78543,713,1212,19535,
293.181146196038,78542,714,1212,19535,
293.18288608559993,78542,713,1213,19535,
293.1831017262174,78542,713,1212,19536,
293.18594646511707,78541,714,1212,19536,
293.18867610431124,78540,715,1212,19536,
293.1907668198152,78540,714,1213,19536,
293.19209870504636,78540,713,1214,19536,
293.1941218396341,78540,712,1215,19536,
293.1947377526059,78540,711,1216,19536,
293.194829062204,78540,711,1215,19537,
293.1953241543829,78539,712,1215,19537,
293.19629968078516,78539,711,1216,19537,
293.2109942302263,78539,710,1217,19537,
293.2154839255613,78539,710,1216,19538,
293.2163733494798,78538,711,1216,19538,
293.21671980390926,78537,712,1216,19538,
293.2197681332027,78536,713,1216,19538,
293.2215808426788,78536,712,1217,19538,
293.22177014969617,78536,711,1218,19538,
293.2264164989754,78536,710,1219,19538,
293.22778689978037,78536,710,1218,19539,
293.22847988967436,78535,711,1218,19539,
293.2305395490844,78534,712,1218,19539,
293.2308074442642,78534,712,1217,19540,
293.23294710565546,78534,711,1218,19540,
293.23598059692387,78534,710,1219,19540,
293.23806102189496,78533,711,1219,19540,
293.23918753865877,78533,710,1220,19540,
293.2402035409506,78533,709,1221,19540,
293.2426724182723,78533,709,1220,19541,
293.24685336275735,78533,708,1221,19541,
293.2476073257837,78533,707,1222,19541,
293.2487646586444,78533,706,1223,19541,
293.24945470977576,78533,706,1222,19542,
293.2573448041992,78532,707,1222,19542,
293.25960581306845,78532,707,1221,19543,
293.260858972737,78531,708,1221,19543,
293.2630249177528,78530,709,1221,19543,
293.26325300956887,78529,710,1221,19543,
293.26605927087445,78529,710,1220,19544,
293.27016084903516,78528,711,1220,19544,
293.2703370759177,78527,712,1220,19544,
293.2744735021832,78527,712,1219,19545,
293.2760287894455,78527,712,1218,19546,
293.2794155766467,78527,711,1219,19546,
293.28047852890796,78526,712,1219,19546,
293.28377778004295,78526,712,1218,19547,
293.28478497123,78526,711,1219,19547,
293.28832745784075,78526,710,1220,19547,
293.29008783876463,78526,709,1221,19547,
293.29342061632843,78526,709,1220,19548,
293.29443781074485,78526,708,1221,19548,
293.2948564190142,78526,708,1220,19549,
293.30768600327286,78526,708,1219,19550,
293.31137050568327,78525,709,1219,19550,
293.3161642319584,78524,710,1219,19550,
293.31691936550266,78524,710,1218,19551,
293.3193416584521,78524,709,1219,19551,
293.32323090395766,78524,709,1218,19552,
293.3241946154382,78523,710,1218,19552,
293.3247785519236,78522,711,1218,19552,
293.32986934341454,78522,711,1217,19553,
293.33320317930645,78522,710,1218,19553,
293.33439083785277,78521,711,1218,19553,
293.34328392785136,78521,710,1219,19553,
293.3458122637019,78521,710,1218,19554,
293.3502577318858,78521,710,1217,19555,
293.3503843860636,78521,709,1218,19555,
293.3516461372028,78521,709,1217,19556,
293.3529606525402,78521,709,1216,19557,
293.35434342432126,78520,710,1216,19557,
293.3558664003877,78519,711,1216,19557,
293.35744693267645,78518,712,1216,19557,
293.3584268971148,78518,711,1217,19557,
293.3590575293649,78517,712,1217,19557,
293.3608898322808,78517,711,1218,19557,
293.36514378368076,78517,711,1217,19558,
293.3722504230639,78517,711,1216,19559,
293.37516911211435,78517,710,1217,19559,
293.37915033652763,78517,709,1218,19559,
293.3793503856202,78516,710,1218,19559,
293.37954160962147,78515,711,1218,19559,
293.38281679317816,78515,710,1219,19559,
293.38511005418104,78515,709,1220,19559,
293.3868465623809,78515,709,1219,19560,
293.38777347859593,78515,708,1220,19560,
293.3948960454,78514,709,1220,19560,
293.39810247444046,78513,710,1220,19560,
293.4014751384002,78513,709,1221,19560,
293.4040560878796,78513,708,1222,19560,
293.4041010957842,78512,709,1222,19560,
293.40472441589344,78511,710,1222,19560,
293.4072391058153,78511,709,1223,19560,
293.41005428526864,78510,710,1223,19560,
293.4101776572124,78509,711,1223,19560,
293.4135195943594,78508,712,1223,19560,
293.41624108528435,78508,711,1224,19560,
293.41748422212805,78508,711,1223,19561,
293.42123497978804,78508,710,1224,19561,
293.42239145113416,78508,710,1223,19562,
293.4227314776265,78508,709,1224,19562,
293.43000921727946,78508,709,1223,19563,
293.4301957359177,78508,708,1224,19563,
293.4325406442158,78507,709,1224,19563,
293.436446038515,78507,709,1223,19564,
293.4377595256499,78506,710,1223,19564,
293.4423582479369,78506,710,1222,19565,
293.4429903646385,78505,711,1222,19565,
293.4468503318528,78505,710,1223,19565,
293.44790898002395,78504,711,1223,19565,
293.44849552662913,78504,711,1222,19566,
293.4550627576566,78503,712,1222,19566,
293.4599105604277,78503,711,1223,19566,
293.4601487635662,78503,710,1224,19566,
293.4606886820431,78503,709,1225,19566,
293.4654545738935,78502,710,1225,19566,
293.47162017137373,78501,711,1225,19566,
293.4734944615218,78500,712,1225,19566,
293.4738862936615,78499,713,1225,19566,
293.47392069847865,78498,714,1225,19566,
293.47738412965003,78498,713,1226,19566,
293.47800425005494,78498,713,1225,19567,
293.4828332405307,78498,713,1224,19568,
293.49152319000757,78497,714,1224,19568,
293.49159553214986,78496,715,1224,19568,
293.4925480467237,78496,715,1223,19569,
293.49827362245367,78495,716,1223,19569,
293.499973893001,78495,716,1222,19570,
293.50406196114176,78495,716,1221,19571,
293.50447915674687,78494,717,1221,19571,
293.5075454026848,78493,718,1221,19571,
293.5101189405935,78493,717,1222,19571,
293.51365797614653,78493,716,1223,19571,
293.519138383428,78493,715,1224,19571,
293.5211062642528,78492,716,1224,19571,
293.5240021457393,78491,717,1224,19571,
293.5240093408789,78491,717,1223,19572,
293.52842204558675,78491,717,1222,19573,
293.5285855824021,78491,716,1223,19573,
293.5336774681673,78491,715,1224,19573,
293.5339924324681,78491,715,1223,19574,
293.53754389328986,78491,714,1224,19574,
293.53999487888865,78491,713,1225,19574,
293.5423064748783,78491,713,1224,19575,
293.5471923704632,78490,714,1224,19575,
293.54846945734096,78490,713,1225,19575,
293.549048286402,78490,713,1224,19576,
293.5543313410294,78490,713,1223,19577,
293.5568547979757,78490,713,1222,19578,
293.5597623744469,78490,712,1223,19578,
293.5598845751903,78490,712,1222,19579,
293.56503158273483,78490,711,1223,19579,
293.56671315151584,78490,710,1224,19579,
293.5691302218579,78489,711,1224,19579,
293.5696361160882,78489,710,1225,19579,
293.5721976852333,78488,711,1225,19579,
293.576252205522,78487,712,1225,19579,
293.5796501510612,78486,713,1225,19579,
293.58142199875493,78486,712,1226,19579,
293.58182857584904,78486,711,1227,19579,
293.58205554352446,78485,712,1227,19579,
293.5821991289409,78485,712,1226,19580,
293.58404551595413,78484,713,1226,19580,
293.58455138056974,78484,712,1227,19580,
293.5916818079212,78483,713,1227,19580,
293.5926204714242,78483,712,1228,19580,
293.59336312060077,78483,711,1229,19580,
293.59991580119737,78483,711,1228,19581,
293.6040503774183,78483,710,1229,19581,
293.6074697427549,78482,711,1229,19581,
293.6094461294113,78481,712,1229,19581,
293.61551198479765,78481,712,1228,19582,
293.6201495205902,78480,713,1228,19582,
293.6204218311529,78480,712,1229,19582,
293.6204753968456,78480,711,1230,19582,
293.62291846658604,78479,712,1230,19582,
293.6238301474043,78479,712,1229,19583,
293.62388023857716,78478,713,1229,19583,
293.6239141191139,78478,713,1228,19584,
293.6245357305859,78478,713,1227,19585,
293.6259175265893,78478,713,1226,19586,
293.62908130713396,78478,713,1225,19587,
293.6317376549789,78478,713,1224,19588,
293.6322818935866,78478,713,1223,19589,
293.63246509218357,78477,714,1223,19589,
293.63823666796634,78476,715,1223,19589,
293.64059410724127,78476,715,1222,19590,
293.6415013061,78476,714,1223,19590,
293.64299202249015,78475,715,1223,19590,
293.64343888759345,78475,714,1224,19590,
293.64354349395757,78475,713,1225,19590,
293.64507319184435,78475,713,1224,19591,
293.65158278037256,78475,712,1225,19591,
293.6521187843433,78475,712,1224,19592,
293.6523970627604,78475,711,1225,19592,
293.6588777607067,78475,711,1224,19593,
293.65904748103355,78475,710,1225,19593,
293.66357028063385,78474,711,1225,19593,
293.66746692282874,78473,712,1225,19593,
293.6683298205784,78472,713,1225,19593,
293.6706293617428,78472,712,1226,19593,
293.6713260652922,78472,712,1225,19594,
293.6719388012269,78471,713,1225,19594,
293.6821233648096,78471,713,1224,19595,
293.68340046161626,78471,712,1225,19595,
293.68439272138863,78471,711,1226,19595,
293.6856733088801,78471,710,1227,19595,
293.68756483457906,78471,709,1228,19595,
293.6878287401442,78471,708,1229,19595,
293.68864418587447,78470,709,1229,19595,
293.68901618860036,78469,710,1229,19595,
293.68951280225014,78469,710,1228,19596,
293.69138385313045,78468,711,1228,19596,
293.69313336166107,78467,712,1228,19596,
293.6994115765111,78467,711,1229,19596,
293.70009275135794,78466,712,1229,19596,
293.7111027290731,78466,712,1228,19597,
293.71129224230685,78466,711,1229,19597,
293.7137449313329,78466,711,1228,19598,
293.7171113366542,78466,711,1227,19599,
293.7173121705805,78465,712,1227,19599,
293.7177522663446,78465,711,1228,19599,
293.7228806263798,78465,710,1229,19599,
293.72546359693496,78465,710,1228,19600,
293.7315976410214,78465,710,1227,19601,
293.7323472232138,78465,710,1226,19602,
293.7367219668628,78464,711,1226,19602,
293.7393214034731,78464,710,1227,19602,
293.74050046105197,78464,709,1228,19602,
293.7446633260319,78464,708,1229,19602,
293.7474115315673,78464,707,1230,19602,
293.7487403998698,78464,707,1229,19603,
293.75017790647513,78464,706,1230,19603,
293.75155686287746,78464,706,1229,19604,
293.75192589605655,78464,705,1230,19604,
293.7535651337016,78464,705,1229,19605,
293.7543609234911,78464,705,1228,19606,
293.75902534440127,78464,704,1229,19606,
293.76076775051325,78464,703,1230,19606,
293.76404750684253,78464,702,1231,19606,
293.76591249226465,78463,703,1231,19606,
293.7685462678309,78463,703,1230,19607,
293.7714063463372,78462,704,1230,19607,
293.7732167092945,78461,705,1230,19607,
293.7775388689671,78461,705,1229,19608,
293.78000737436736,78461,704,1230,19608,
293.7803911872412,78460,705,1230,19608,
293.7856627716736,78460,704,1231,19608,
293.78772286095034,78460,703,1232,19608,
293.7938167465997,78459,704,1232,19608,
293.7980988913064,78458,705,1232,19608,
293.7987773405006,78457,706,1232,19608,
293.8012737397533,78456,707,1232,19608,
293.80492958740314,78456,706,1233,19608,
293.8052630337482,78456,705,1234,19608,
293.80700775822834,78455,706,1234,19608,
293.8086658559165,78455,705,1235,19608,
293.8094145897849,78455,704,1236,19608,
293.81032330096144,78455,703,1237,19608,
293.810844167622,78455,702,1238,19608,
293.8113491094021,78455,702,1237,19609,
293.8154082202847,78455,701,1238,19609,
293.81650562227657,78454,702,1238,19609,
293.8217060444097,78453,703,1238,19609,
293.82428106851836,78452,704,1238,19609,
293.82505500251085,78451,705,1238,19609,
293.8310085315042,78450,706,1238,19609,
293.8324431902586,78449,707,1238,19609,
293.8357144631909,78448,708,1238,19609,
293.84055836548174,78447,709,1238,19609,
293.84372670556746,78446,710,1238,19609,
293.84609031835754,78445,711,1238,19609,
293.84816342548123,78444,712,1238,19609,
293.85131856359254,78444,712,1237,19610,
293.86142176711945,78444,712,1236,19611,
293.863680912652,78443,713,1236,19611,
293.8642414691319,78443,713,1235,19612,
293.8645993052507,78442,714,1235,19612,
293.8664206799318,78442,713,1236,19612,
293.8664856020127,78442,712,1237,19612,
293.8670358325143,78442,711,1238,19612,
293.8720465420759,78442,710,1239,19612,
293.87598989422014,78442,709,1240,19612,
293.876553798146,78442,709,1239,19613,
293.87873370860643,78441,710,1239,19613,
293.8859811485362,78440,711,1239,19613,
293.88671143949233,78440,711,1238,19614,
293.8921532842571,78440,710,1239,19614,
293.8943417140024,78440,710,1238,19615,
293.89792256521775,78440,710,1237,19616,
293.9017918262191,78439,711,1237,19616,
293.90491174725474,78438,712,1237,19616,
293.9049888948857,78437,713,1237,19616,
293.9065846969168,78436,714,1237,19616,
293.90719461078425,78436,714,1236,19617,
293.90819493998083,78436,714,1235,19618,
293.91083477862406,78436,713,1236,19618,
293.9148384556482,78435,714,1236,19618,
293.9178434698985,78435,714,1235,19619,
293.91856315044964,78435,713,1236,19619,
293.91897922473913,78435,713,1235,19620,
293.9202459196982,78435,712,1236,19620,
293.9222452032554,78435,711,1237,19620,
293.92237457422794,78434,712,1237,19620,
293.9238233281269,78434,711,1238,19620,
293.9248292893016,78434,710,1239,19620,
293.92515402688446,78434,710,1238,19621,
293.9252793430869,78434,709,1239,19621,
293.927857572182,78434,709,1238,19622,
293.92851375964995,78434,709,1237,19623,
293.9289939804084,78434,709,1236,19624,
293.92973495616434,78434,709,1235,19625,
293.92980789065945,78433,710,1235,19625,
293.930053061965,78433,709,1236,19625,
293.93056323527304,78432,710,1236,19625,
293.9313200223403,78432,710,1235,19626,
293.93246371437624,78432,710,1234,19627,
293.9330133152986,78432,710,1233,19628,
293.9332075192549,78432,710,1232,19629,
293.9344501872659,78432,709,1233,19629,
293.9359075711822,78432,708,1234,19629,
293.93659790712996,78432,707,1235,19629,
293.93661744057556,78431,708,1235,19629,
293.93850595850114,78430,709,1235,19629,
293.9425734898863,78430,709,1234,19630,
293.9433786893151,78429,710,1234,19630,
293.9461229624073,78429,710,1233,19631,
293.95686992593386,78428,711,1233,19631,
293.95830417179167,78428,710,1234,19631,
293.95901266475386,78428,709,1235,19631,
293.9616085064988,78427,710,1235,19631,
293.9621495418068,78427,710,1234,19632,
293.9633655055572,78426,711,1234,19632,
293.9637279491399,78425,712,1234,19632,
293.9640403727361,78425,712,1233,19633,
293.9663531460699,78425,711,1234,19633,
293.9698465942031,78424,712,1234,19633,
293.970297031147,78424,711,1235,19633,
293.9734040341035,78424,711,1234,19634,
293.9757211869305,78424,711,1233,19635,
293.9777212406932,78424,710,1234,19635,
293.9782065232443,78424,709,1235,19635,
293.97921203890724,78424,708,1236,19635,
293.9803124148411,78424,708,1235,19636,
293.9833535744935,78424,707,1236,19636,
293.98474790632423,78423,708,1236,19636,
293.9871789262572,78423,708,1235,19637,
293.9873231874968,78423,707,1236,19637,
293.9888875214176,78422,708,1236,19637,
293.98950173505494,78421,709,1236,19637,
293.99135112852144,78420,710,1236,19637,
293.9924950881937,78420,710,1235,19638,
293.99275257173844,78419,711,1235,19638,
293.99530066299087,78419,710,1236,19638,
293.9982048489764,78419,709,1237,19638,
293.9997440578945,78418,710,1237,19638,
294.00145423495314,78418,710,1236,19639,
294.00286482193695,78418,709,1237,19639,
294.0036691511727,78418,709,1236,19640,
294.00439634890085,78418,708,1237,19640,
294.00773859821084,78418,707,1238,19640,
294.0113320432871,78417,708,1238,19640,
294.01139720820464,78416,709,1238,19640,
294.0168847355561,78416,709,1237,19641,
294.02027604418987,78416,708,1238,19641,
294.0225078251946,78415,709,1238,19641,
294.0276093279273,78414,710,1238,19641,
294.03914450457506,78414,709,1239,19641,
294.046443090131,78414,709,1238,19642,
294.04855838182584,78413,710,1238,19642,
294.0504354593482,78413,710,1237,19643,
294.051071701662,78413,709,1238,19643,
294.05585401121544,78412,710,1238,19643,
294.0600685545317,78412,710,1237,19644,
294.0612025044507,78412,710,1236,19645,
294.0619764368611,78412,710,1235,19646,
294.0624034420816,78412,709,1236,19646,
294.0625796904538,78412,709,1235,19647,
294.0644351221395,78412,709,1234,19648,
294.0680060649305,78412,709,1233,19649,
294.06802655768956,78412,709,1232,19650,
294.06858647315073,78412,709,1231,19651,
294.06915987571284,78411,710,1231,19651,
294.07039703136434,78411,710,1230,19652,
294.0757491006686,78411,710,1229,19653,
294.07667407805604,78410,711,1229,19653,
294.0783985621237,78409,712,1229,19653,
294.0818462296609,78408,713,1229,19653,
294.081993239595,78408,713,1228,19654,
294.08444634413013,78408,713,1227,19655,
294.08544178699145,78408,712,1228,19655,
294.0884723493502,78408,711,1229,19655,
294.09169129472906,78408,711,1228,19656,
294.09332575385906,78407,712,1228,19656,
294.09830018227353,78407,711,1229,19656,
294.0986099440506,78406,712,1229,19656,
294.102526987395,78406,711,1230,19656,
294.1027668103043,78406,711,1229,19657,
294.1071911796732,78406,711,1228,19658,
294.11148749252726,78406,711,1227,19659,
294.11580174248445,78406,710,1228,19659,
294.12167273178517,78405,711,1228,19659,
294.1281755542461,78405,711,1227,19660,
294.1366310659462,78405,711,1226,19661,
294.14151535485075,78404,712,1226,19661,
294.14151754208035,78404,711,1227,19661,
294.14404997130356,78404,711,1226,19662,
294.14864588172577,78403,712,1226,19662,
294.15152153749875,78403,712,1225,19663,
294.1533413751699,78403,711,1226,19663,
294.15520601987737,78402,712,1226,19663,
294.1554762186155,78402,711,1227,19663,
294.1564752428577,78402,711,1226,19664,
294.15972420072006,78401,712,1226,19664,
294.16255061369327,78401,712,1225,19665,
294.16460164864014,78400,713,1225,19665,
294.1675186057413,78400,712,1226,19665,
294.17265802863045,78400,711,1227,19665,
294.17593719936747,78400,710,1228,19665,
294.17806815047845,78400,709,1229,19665,
294.1807898513135,78400,709,1228,19666,
294.18164834235824,78400,709,1227,19667,
294.1837903938977,78400,709,1226,19668,
294.1847811253177,78400,709,1225,19669,
294.1893581957718,78400,708,1226,19669,
294.1909251033213,78399,709,1226,19669,
294.1924509649219,78399,708,1227,19669,
294.19375206266545,78399,708,1226,19670,
294.19552078003477,78399,708,1225,19671,
294.1955427126352,78399,708,1224,19672,
294.19682803308564,78399,707,1225,19672,
294.1970142041722,78399,707,1224,19673,
294.1974441486789,78398,708,1224,19673,
294.19827314356536,78398,708,1223,19674,
294.1990892366088,78398,708,1222,19675,
294.19925693797467,78397,709,1222,19675,
294.19993617011636,78397,708,1223,19675,
294.201294616536,78397,708,1222,19676,
294.2024463510316,78397,708,1221,19677,
294.2030665332234,78396,709,1221,19677,
294.20351810387956,78396,708,1222,19677,
294.20593983556574,78396,707,1223,19677,
294.20973358184705,78396,706,1224,19677,
294.2111418160589,78396,705,1225,19677,
294.2145879967164,78395,706,1225,19677,
294.21688090098723,78395,705,1226,19677,
294.2171888980731,78395,704,1227,19677,
294.21766528085726,78395,704,1226,19678,
294.2184990284246,78394,705,1226,19678,
294.21851772805815,78394,705,1225,19679,
294.222301632938,78393,706,1225,19679,
294.22602540783055,78393,706,1224,19680,
294.22672458639767,78393,705,1225,19680,
294.2284299900673,78393,705,1224,19681,
294.2314363739795,78393,705,1223,19682,
294.23608023870656,78393,705,1222,19683,
294.2381991721527,78393,704,1223,19683,
294.2417006858812,78393,703,1224,19683,
294.24509284399784,78392,704,1224,19683,
294.2473505690304,78392,704,1223,19684,
294.2489506043438,78392,704,1222,19685,
294.2491112565338,78392,704,1221,19686,
294.2500200347381,78392,703,1222,19686,
294.25036082909486,78392,702,1223,19686,
294.25313468102865,78391,703,1223,19686,
294.2541673189281,78391,702,1224,19686,
294.2542462139016,78391,701,1225,19686,
294.25510838498116,78391,700,1226,19686,
294.2588696393169,78391,700,1225,19687,
294.2590517253374,78391,699,1226,19687,
294.2612035540842,78390,700,1226,19687,
294.272193431145,78390,699,1227,19687,
294.27371975109907,78390,699,1226,19688,
294.27638353007774,78390,698,1227,19688,
294.2774154173524,78389,699,1227,19688,
294.28032372746037,78389,699,1226,19689,
294.280482203885,78389,699,1225,19690,
294.2836477710089,78389,698,1226,19690,
294.2873913982532,78388,699,1226,19690,
294.2899491946622,78387,700,1226,19690,
294.2918754547481,78387,699,1227,19690,
294.2919824676409,78386,700,1227,19690,
294.29482665299474,78385,701,1227,19690,
294.2983262533956,78385,701,1226,19691,
294.2991828777866,78384,702,1226,19691,
294.2998424817719,78384,702,1225,19692,
294.3008053118342,78384,702,1224,19693,
294.30175595350283,78383,703,1224,19693,
294.3021914027989,78383,702,1225,19693,
294.3043137937681,78383,701,1226,19693,
294.3048890994023,78383,701,1225,19694,
294.3087514838395,78383,701,1224,19695,
294.3110510205718,78383,700,1225,19695,
294.31185394930026,78382,701,1225,19695,
294.3127830030927,78382,701,1224,19696,
294.31389772148873,78381,702,1224,19696,
294.31609437224773,78381,702,1223,19697,
294.3165309066939,78380,703,1223,19697,
294.3186775212697,78380,703,1222,19698,
294.3213353325357,78380,702,1223,19698,
294.32419442832054,78380,701,1224,19698,
294.3257793889689,78380,701,1223,19699,
294.3267848086728,78380,700,1224,19699,
294.3268245353419,78380,699,1225,19699,
294.32854364470376,78379,700,1225,19699,
294.32901291956995,78378,701,1225,19699,
294.3314887142207,78377,702,1225,19699,
294.3335414654481,78376,703,1225,19699,
294.33574552213764,78376,703,1224,19700,
294.34321521763195,78376,703,1223,19701,
294.343281433625,78375,704,1223,19701,
294.3457146769451,78375,704,1222,19702,
294.34690017485383,78374,705,1222,19702,
294.3479905349553,78374,704,1223,19702,
294.3493564609387,78373,705,1223,19702,
294.35147450818573,78372,706,1223,19702,
294.35284446577526,78372,706,1222,19703,
294.35417197395753,78371,707,1222,19703,
294.3576030329978,78371,706,1223,19703,
294.36091662601933,78370,707,1223,19703,
294.36222922862186,78370,707,1222,19704,
294.3643304886466,78370,707,1221,19705,
294.3726552429132,78369,708,1221,19705,
294.37519346209024,78369,707,1222,19705,
294.3796297956013,78368,708,1222,19705,
294.3859498315458,78368,708,1221,19706,
294.388449876334,78367,709,1221,19706,
294.39082427426155,78366,710,1221,19706,
294.3944057937273,78366,709,1222,19706,
294.39607248681193,78366,709,1221,19707,
294.39918859176737,78366,708,1222,19707,
294.39948706840727,78365,709,1222,19707,
294.4007299133481,78365,709,1221,19708,
294.409982286181,78364,710,1221,19708,
294.41047519729,78364,710,1220,19709,
294.4115654347441,78364,709,1221,19709,
294.41157979239483,78364,709,1220,19710,
294.41747846474493,78364,709,1219,19711,
294.4187774017193,78364,709,1218,19712,
294.4191421611327,78364,709,1217,19713,
294.4218827119298,78363,710,1217,19713,
294.4223645191295,78363,709,1218,19713,
294.42518563421373,78362,710,1218,19713,
294.43256292561756,78361,711,1218,19713,
294.43373255586505,78361,710,1219,19713,
294.4358211667844,78361,710,1218,19714,
294.4364022781792,78361,709,1219,19714,
294.4387899884899,78361,708,1220,19714,
294.443989990914,78360,709,1220,19714,
294.4516615965067,78360,709,1219,19715,
294.4533664880062,78359,710,1219,19715,
294.45399456665467,78358,711,1219,19715,
294.4567769324591,78358,710,1220,19715,
294.4585349761293,78357,711,1220,19715,
294.4586089558888,78357,710,1221,19715,
294.45895016005727,78357,709,1222,19715,
294.47112194630154,78357,708,1223,19715,
294.4740142250509,78357,708,1222,19716,
294.47423488215634,78357,708,1221,19717,
294.4759415812825,78357,708,1220,19718,
294.4781693399339,78357,708,1219,19719,
294.4783760158001,78357,707,1220,19719,
294.48493399170286,78357,707,1219,19720,
294.49189622105894,78356,708,1219,19720,
294.4919194174757,78356,707,1220,19720,
294.4952247903911,78356,706,1221,19720,
294.4983932503625,78355,707,1221,19720,
294.49978742619567,78354,708,1221,19720,
294.5027884536513,78354,707,1222,19720,
294.50440366245465,78353,708,1222,19720,
294.5058351490365,78353,707,1223,19720,
294.50692949514996,78353,706,1224,19720,
294.5106184708839,78353,705,1225,19720,
294.51103051897564,78352,706,1225,19720,
294.51285859651585,78352,706,1224,19721,
294.5130289391714,78352,706,1223,19722,
294.5132435299827,78351,707,1223,19722,
294.51618649749304,78350,708,1223,19722,
294.5179179412945,78350,707,1224,19722,
294.5196057813106,78349,708,1224,19722,
294.5211629027438,78349,708,1223,19723,
294.53419355792533,78349,707,1224,19723,
294.5354998298573,78349,706,1225,19723,
294.53904557670836,78348,707,1225,19723,
294.544093939285,78348,707,1224,19724,
294.55124041052954,78348,706,1225,19724,
294.551374504788,78348,705,1226,19724,
294.55478562047216,78348,704,1227,19724,
294.55702561291844,78347,705,1227,19724,
294.55858814864064,78347,704,1228,19724,
294.56805064406285,78346,705,1228,19724,
294.56907054946385,78345,706,1228,19724,
294.5691942906063,78345,706,1227,19725,
294.57222801604587,78345,706,1226,19726,
294.57315126187535,78344,707,1226,19726,
294.5739607309012,78344,706,1227,19726,
294.5743363282014,78343,707,1227,19726,
294.5751311386131,78343,707,1226,19727,
294.5798652040696,78342,708,1226,19727,
294.5807904149329,78342,707,1227,19727,
294.58319277661013,78342,706,1228,19727,
294.5865882803858,78342,706,1227,19728,
294.5869250796126,78342,705,1228,19728,
294.58788768735553,78342,705,1227,19729,
294.58820436832025,78341,706,1227,19729,
294.58861502867774,78340,707,1227,19729,
294.5897918008253,78340,706,1228,19729,
294.5906089514146,78339,707,1228,19729,
294.5914529630002,78339,707,1227,19730,
294.59193790925457,78339,706,1228,19730,
294.5925875686127,78338,707,1228,19730,
294.5939355119846,78337,708,1228,19730,
294.5955724868648,78337,707,1229,19730,
294.5978375358384,78336,708,1229,19730,
294.5983318879417,78335,709,1229,19730,
294.60009484470015,78335,709,1228,19731,
294.6003418008408,78335,709,1227,19732,
294.60610358847555,78335,708,1228,19732,
294.6089328407724,78335,708,1227,19733,
294.61243587168536,78335,708,1226,19734,
294.6129404500386,78335,707,1227,19734,
294.62136280290696,78335,707,1226,19735,
294.6225093013228,78335,707,1225,19736,
294.627085379646,78335,707,1224,19737,
294.6322974565966,78334,708,1224,19737,
294.6347925868662,78333,709,1224,19737,
294.6356269517676,78333,709,1223,19738,
294.63748487505814,78333,708,1224,19738,
294.6396833025027,78333,708,1223,19739,
294.6403517819907,78332,709,1223,19739,
294.64218159889765,78332,709,1222,19740,
294.643078346717,78332,709,1221,19741,
294.64614806766775,78331,710,1221,19741,
294.64884326876427,78331,709,1222,19741,
294.64953387756697,78331,708,1223,19741,
294.6515311312648,78331,707,1224,19741,
294.656981683145,78331,706,1225,19741,
294.65771314610913,78331,706,1224,19742,
294.658201930857,78330,707,1224,19742,
294.6587730515663,78329,708,1224,19742,
294.6608087305842,78328,709,1224,19742,
294.6623030485561,78328,708,1225,19742,
294.6631294769278,78327,709,1225,19742,
294.6718565430325,78326,710,1225,19742,
294.67765571591633,78326,709,1226,19742,
294.6777147076733,78325,710,1226,19742,
294.67997963952087,78324,711,1226,19742,
294.6806432888346,78324,711,1225,19743,
294.6865976621884,78324,710,1226,19743,
294.6877016429402,78324,710,1225,19744,
294.6918903260768,78323,711,1225,19744,
294.6969995837827,78323,711,1224,19745,
294.69776033951985,78323,711,1223,19746,
294.69858326092174,78323,711,1222,19747,
294.7013093894194,78322,712,1222,19747,
294.7023779194016,78321,713,1222,19747,
294.703549421026,78321,712,1223,19747,
294.70775334743144,78320,713,1223,19747,
294.7104142685572,78320,713,1222,19748,
294.7124757322266,78320,713,1221,19749,
294.71278831448865,78319,714,1221,19749,
294.71768462405527,78318,715,1221,19749,
294.7204139988485,78318,715,1220,19750,
294.7207004751938,78317,716,1220,19750,
294.72341008205655,78316,717,1220,19750,
294.72518986192836,78316,716,1221,19750,
294.72785213927364,78316,716,1220,19751,
294.7356931007818,78316,716,1219,19752,
294.73802216646703,78316,716,1218,19753,
294.74154474777316,78316,715,1219,19753,
294.74252965325417,78316,714,1220,19753,
294.74462392171483,78316,714,1219,19754,
294.7456552325348,78315,715,1219,19754,
294.7466700128558,78315,714,1220,19754,
294.74817738112904,78314,715,1220,19754,
294.7558985328966,78314,715,1219,19755,
294.7619409182133,78313,716,1219,19755,
294.7628707522168,78312,717,1219,19755,
294.7632922926357,78312,717,1218,19756,
294.76532024265185,78312,716,1219,19756,
294.7676924447416,78312,716,1218,19757,
294.77155449879325,78312,715,1219,19757,
294.7750249751556,78312,715,1218,19758,
294.77644947164555,78312,714,1219,19758,
294.7769599827006,78312,714,1218,19759,
294.7786851528652,78312,714,1217,19760,
294.78092692139137,78312,713,1218,19760,
294.7833053169591,78311,714,1218,19760,
294.7833936529249,78311,714,1217,19761,
294.7846706293234,78310,715,1217,19761,
294.78747728569164,78309,716,1217,19761,
294.7897886179294,78309,715,1218,19761,
294.79002783239406,78309,715,1217,19762,
294.7932565983975,78309,715,1216,19763,
294.7968899154112,78309,714,1217,19763,
294.7985400982447,78308,715,1217,19763,
294.79911408963585,78308,715,1216,19764,
294.80050118560644,78308,715,1215,19765,
294.80093641802665,78308,714,1216,19765,
294.80305912730813,78307,715,1216,19765,
294.80545629642984,78307,715,1215,19766,
294.80657685348376,78307,715,1214,19767,
294.8100879753301,78307,714,1215,19767,
294.8122380800442,78307,713,1216,19767,
294.8132356558001,78307,712,1217,19767,
294.8182810815481,78306,713,1217,19767,
294.8235806588795,78305,714,1217,19767,
294.8243904416644,78304,715,1217,19767,
294.82489618830783,78304,714,1218,19767,
294.830164218326,78303,715,1218,19767,
294.83206549087026,78303,714,1219,19767,
294.8338492976116,78303,714,1218,19768,
294.83484464845924,78303,713,1219,19768,
294.8367733570351,78303,713,1218,19769,
294.83716231564443,78302,714,1218,19769,
294.84048356248616,78302,714,1217,19770,
294.8414715874421,78302,713,1218,19770,
294.8428246046027,78302,713,1217,19771,
294.84596611568406,78302,712,1218,19771,
294.84763990365116,78301,713,1218,19771,
294.8478854603452,78301,712,1219,19771,
294.8529523348724,78300,713,1219,19771,
294.85506348167144,78300,712,1220,19771,
294.85539742648564,78300,712,1219,19772,
294.8557016255171,78300,711,1220,19772,
294.86060404780943,78300,711,1219,19773,
294.8624026263894,78299,712,1219,19773,
294.8669069265515,78298,713,1219,19773,
294.87026205086175,78297,714,1219,19773,
294.8745718472228,78296,715,1219,19773,
294.87635570870447,78296,714,1220,19773,
294.8816824841211,78296,713,1221,19773,
294.8858570116456,78296,712,1222,19773,
294.89286344876655,78296,712,1221,19774,
294.90477458318367,78295,713,1221,19774,
294.90495865675416,78294,714,1221,19774,
294.9050190466249,78293,715,1221,19774,
294.90624675028556,78293,715,1220,19775,
294.9065657069232,78293,715,1219,19776,
294.9217578106093,78292,716,1219,19776,
294.9222855090119,78292,716,1218,19777,
294.92323677957245,78292,716,1217,19778,
294.92364051072065,78291,717,1217,19778,
294.9333630723886,78291,717,1216,19779,
294.93737815515954,78290,718,1216,19779,
294.937631563563,78290,718,1215,19780,
294.942874765136,78290,717,1216,19780,
294.9436678900107,78290,716,1217,19780,
294.9490846395147,78290,715,1218,19780,
294.9516973971429,78289,716,1218,19780,
294.95289646091857,78288,717,1218,19780,
294.9541009082417,78287,718,1218,19780,
294.95515606127094,78287,718,1217,19781,
294.95933636783417,78287,717,1218,19781,
294.9603559740787,78287,716,1219,19781,
294.965303989917,78286,717,1219,19781,
294.965821181883,78285,718,1219,19781,
294.96920938070514,78285,717,1220,19781,
294.96953359022365,78284,718,1220,19781,
294.9705581280755,78284,718,1219,19782,
294.99595803248997,78284,717,1220,19782,
294.9968559375641,78283,718,1220,19782,
295.00392768949376,78282,719,1220,19782,
295.0045752484156,78282,719,1219,19783,
295.0093456210185,78282,719,1218,19784,
295.0107760732335,78281,720,1218,19784,
295.01106957461303,78281,720,1217,19785,
295.01337059764,78281,720,1216,19786,
295.01345830919126,78281,720,1215,19787,
295.01430732976326,78280,721,1215,19787,
295.01481984518483,78280,720,1216,19787,
295.0182755544997,78279,721,1216,19787,
295.01935213811237,78279,721,1215,19788,
295.02123739341033,78278,722,1215,19788,
295.0266650963885,78277,723,1215,19788,
295.02815210843073,78276,724,1215,19788,
295.03052747247466,78276,723,1216,19788,
295.0342006851691,78276,722,1217,19788,
295.0355194681371,78275,723,1217,19788,
295.0380048809496,78275,722,1218,19788,
295.0424713469802,78275,721,1219,19788,
295.0437610428039,78275,720,1220,19788,
295.04432791207665,78274,721,1220,19788,
295.0472217212286,78273,722,1220,19788,
295.04923524502766,78272,723,1220,19788,
295.05204861355486,78272,723,1219,19789,
295.05461903664684,78272,723,1218,19790,
295.0574060334265,78272,722,1219,19790,
295.0575706650161,78271,723,1219,19790,
295.06303960923736,78271,722,1220,19790,
295.06579716602073,78271,722,1219,19791,
295.06616646849744,78270,723,1219,19791,
295.0711258697252,78269,724,1219,19791,
295.0715198992045,78268,725,1219,19791,
295.0717967892683,78267,726,1219,19791,
295.0723674879983,78267,726,1218,19792,
295.0730226410024,78266,727,1218,19792,
295.07914721217924,78266,727,1217,19793,
295.08170473138165,78266,727,1216,19794,
295.08347018524734,78266,727,1215,19795,
295.0889587879675,78266,726,1216,19795,
295.0914242364664,78266,725,1217,19795,
295.09396616154584,78266,724,1218,19795,
295.09481566479525,78266,723,1219,19795,
295.095383043512,78266,722,1220,19795,
295.0972416457337,78266,722,1219,19796,
295.10042599135113,78266,722,1218,19797,
295.10536441631166,78265,723,1218,19797,
295.11147085478797,78265,723,1217,19798,
295.1148333303942,78265,722,1218,19798,
295.1159285402548,78265,721,1219,19798,
295.1173030792852,78265,721,1218,19799,
295.12239589383046,78264,722,1218,19799,
295.1227478535796,78264,721,1219,19799,
295.12451637538817,78263,722,1219,19799,
295.1288248259595,78263,722,1218,19800,
295.1290165903547,78263,721,1219,19800,
295.12959634863853,78263,720,1220,19800,
295.13100395579494,78263,719,1221,19800,
295.13321090885313,78263,719,1220,19801,
295.13388026981005,78263,719,1219,19802,
295.13554902143176,78263,718,1220,19802,
295.13868683251974,78263,717,1221,19802,
295.1389171782656,78263,716,1222,19802,
295.1392705638387,78263,715,1223,19802,
295.1404842888164,78263,714,1224,19802,
295.14080278187447,78263,714,1223,19803,
295.1457709485645,78263,714,1222,19804,
295.1465704078282,78263,714,1221,19805,
295.1498063445138,78263,714,1220,19806,
295.15314005455684,78263,713,1221,19806,
295.1594831994629,78263,713,1220,19807,
295.1599439685919,78263,712,1221,19807,
295.16037549675957,78263,712,1220,19808,
295.1630112753692,78263,712,1219,19809,
295.1714841003365,78263,712,1218,19810,
295.1729366373877,78263,711,1219,19810,
295.17588005826383,78263,710,1220,19810,
295.1771282392905,78263,709,1221,19810,
295.18554361760874,78263,708,1222,19810,
295.18703242973214,78262,709,1222,19810,
295.18712652906856,78262,709,1221,19811,
295.18847213897936,78262,708,1222,19811,
295.1915802743411,78261,709,1222,19811,
295.1931036764295,78260,710,1222,19811,
295.1934558064166,78259,711,1222,19811,
295.19374373076204,78259,711,1221,19812,
295.19644590483335,78259,711,1220,19813,
295.1966208504739,78259,711,1219,19814,
295.1972538973355,78259,710,1220,19814,
295.20164554518266,78259,709,1221,19814,
295.2032974857658,78259,709,1220,19815,
295.2041377187721,78258,710,1220,19815,
295.20672385953117,78258,710,1219,19816,
295.2105058944968,78258,710,1218,19817,
295.2112072687428,78258,710,1217,19818,
295.2137766972533,78257,711,1217,19818,
295.21394550958223,78256,712,1217,19818,
295.2152541315078,78255,713,1217,19818,
295.21543560157335,78255,713,1216,19819,
295.22023076705887,78254,714,1216,19819,
295.22035770447,78254,714,1215,19820,
295.2224194007495,78254,714,1214,19821,
295.2268397054635,78254,713,1215,19821,
295.2272542442443,78254,713,1214,19822,
295.22786183852867,78253,714,1214,19822,
295.23141587557114,78253,714,1213,19823,
295.23178214021846,78253,713,1214,19823,
295.24233703055256,78253,713,1213,19824,
295.2503060276407,78253,712,1214,19824,
295.25092917477923,78253,712,1213,19825,
295.2546858074916,78253,712,1212,19826,
295.25723100248405,78253,711,1213,19826,
295.2615055454286,78252,712,1213,19826,
295.26168921012567,78252,712,1212,19827,
295.26519634386284,78252,711,1213,19827,
295.2805199670609,78251,712,1213,19827,
295.2816297094568,78251,712,1212,19828,
295.28179491942205,78251,711,1213,19828,
295.2848199562907,78251,710,1214,19828,
295.2881030605356,78251,710,1213,19829,
295.2887252338073,78251,710,1212,19830,
295.2906888371367,78251,709,1213,19830,
295.29338608140444,78250,710,1213,19830,
295.29434451616766,78249,711,1213,19830,
295.2945889769839,78249,711,1212,19831,
295.29944517512234,78248,712,1212,19831,
295.308735505753,78248,712,1211,19832,
295.3096373799737,78248,711,1212,19832,
295.31110289668317,78248,710,1213,19832,
295.31375274037515,78247,711,1213,19832,
295.31529290083154,78247,710,1214,19832,
295.3153483315929,78246,711,1214,19832,
295.31561737714213,78246,711,1213,19833,
295.3233822931221,78246,710,1214,19833,
295.32750950960246,78246,709,1215,19833,
295.32819498721074,78246,709,1214,19834,
295.32879822995807,78246,708,1215,19834,
295.32971838305735,78245,709,1215,19834,
295.34525988040036,78245,708,1216,19834,
295.34555726771595,78245,708,1215,19835,
295.34585334631373,78245,707,1216,19835,
295.34722341335043,78245,707,1215,19836,
295.34814367323986,78245,707,1214,19837,
295.3491188013696,78245,706,1215,19837,
295.3499118690777,78245,705,1216,19837,
295.3507092900385,78245,705,1215,19838,
295.3545299413872,78245,704,1216,19838,
295.3586304906968,78244,705,1216,19838,
295.3593513714966,78243,706,1216,19838,
295.3602737756144,78243,706,1215,19839,
295.36204935007675,78243,706,1214,19840,
295.36484515227284,78242,707,1214,19840,
295.36773160029765,78241,708,1214,19840,
295.36879603808825,78241,708,1213,19841,
295.36902990914473,78241,708,1212,19842,
295.3715688424352,78241,708,1211,19843,
295.37269181400666,78240,709,1211,19843,
295.373359757206,78240,708,1212,19843,
295.3779459497261,78240,707,1213,19843,
295.3782883324931,78240,707,1212,19844,
295.3831668372195,78239,708,1212,19844,
295.3834239325505,78239,708,1211,19845,
295.3856730742654,78239,707,1212,19845,
295.3862960596949,78239,707,1211,19846,
295.38994833990955,78238,708,1211,19846,
295.39108803168824,78238,708,1210,19847,
295.39133540776703,78237,709,1210,19847,
295.3967911265015,78236,710,1210,19847,
295.39807204014556,78236,710,1209,19848,
295.40319551814173,78235,711,1209,19848,
295.40507730145987,78234,712,1209,19848,
295.4066644208611,78234,712,1208,19849,
295.411735146239,78233,713,1208,19849,
295.41300973237696,78232,714,1208,19849,
295.41683239102457,78232,713,1209,19849,
295.4178557502847,78231,714,1209,19849,
295.41899048644177,78231,714,1208,19850,
295.41924316655906,78231,713,1209,19850,
295.4193984072816,78231,713,1208,19851,
295.41991724468096,78231,712,1209,19851,
295.4224749747858,78231,711,1210,19851,
295.43117803228705,78231,711,1209,19852,
295.4352314989997,78231,711,1208,19853,
295.43532257081085,78230,712,1208,19853,
295.4423966451958,78229,713,1208,19853,
295.4424316615132,78229,712,1209,19853,
295.442510622498,78229,712,1208,19854,
295.446467775826,78229,712,1207,19855,
295.44787253281805,78228,713,1207,19855,
295.4494733042196,78228,713,1206,19856,
295.4497787110699,78228,713,1205,19857,
295.4506920572854,78228,713,1204,19858,
295.4601306064082,78228,712,1205,19858,
295.4618952622185,78228,712,1204,19859,
295.4621086997125,78228,711,1205,19859,
295.46549249717214,78228,710,1206,19859,
295.4660180374967,78228,710,1205,19860,
295.4700410556058,78228,710,1204,19861,
295.4721410375097,78227,711,1204,19861,
295.47291551428214,78227,710,1205,19861,
295.47739573279136,78227,709,1206,19861,
295.4778614708958,78227,708,1207,19861,
295.4832458503446,78226,709,1207,19861,
295.4892276049007,78226,709,1206,19862,
295.4908319321736,78225,710,1206,19862,
295.49203400663913,78225,710,1205,19863,
295.4948684900549,78225,709,1206,19863,
295.49817708524506,78225,709,1205,19864,
295.4988558400734,78225,709,1204,19865,
295.50021760611247,78225,708,1205,19865,
295.50220128516037,78225,708,1204,19866,
295.50667790526745,78225,708,1203,19867,
295.50774639077207,78225,707,1204,19867,
295.5109165402437,78224,708,1204,19867,
295.51314140004285,78223,709,1204,19867,
295.51508580357836,78223,708,1205,19867,
295.520571863225,78223,707,1206,19867,
295.52393802379083,78223,707,1205,19868,
295.5247237175243,78222,708,1205,19868,
295.5284344712881,78222,707,1206,19868,
295.531190043176,78222,706,1207,19868,
295.53888879608127,78222,706,1206,19869,
295.54384753323507,78222,705,1207,19869,
295.5496227458176,78221,706,1207,19869,
295.550335734201,78220,707,1207,19869,
295.55299455713526,78220,707,1206,19870,
295.5544343817186,78220,707,1205,19871,
295.5553952537404,78220,706,1206,19871,
295.5556287267248,78220,706,1205,19872,
295.56145603660036,78219,707,1205,19872,
295.5631800421273,78218,708,1205,19872,
295.5665079207475,78218,707,1206,19872,
295.56671272942316,78217,708,1206,19872,
295.56685346243734,78216,709,1206,19872,
295.56716719424116,78215,710,1206,19872,
295.56822414604346,78215,709,1207,19872,
295.56998694738513,78214,710,1207,19872,
295.57207025885964,78214,709,1208,19872,
295.5729925038054,78213,710,1208,19872,
295.5749273407589,78212,711,1208,19872,
295.5755207987814,78212,711,1207,19873,
295.5786274693915,78212,710,1208,19873,
295.58023939690776,78212,709,1209,19873,
295.5802437885648,78212,709,1208,19874,
295.58447876754354,78212,709,1207,19875,
295.5886888682991,78212,709,1206,19876,
295.5916486881195,78212,709,1205,19877,
295.6004942891556,78211,710,1205,19877,
295.60516538070516,78210,711,1205,19877,
295.6058947293214,78209,712,1205,19877,
295.6074005016093,78209,711,1206,19877,
295.6076515213695,78209,710,1207,19877,
295.60877603015825,78208,711,1207,19877,
295.6092078614613,78207,712,1207,19877,
295.6121172550858,78207,712,1206,19878,
295.61583806219767,78207,712,1205,19879,
295.61784802208143,78207,712,1204,19880,
295.6244684176483,78207,711,1205,19880,
295.62450060517256,78207,711,1204,19881,
295.6248066363486,78206,712,1204,19881,
295.6261640021787,78205,713,1204,19881,
295.626265664861,78205,713,1203,19882,
295.6349886591114,78204,714,1203,19882,
295.6351220856581,78204,713,1204,19882,
295.63627042855853,78203,714,1204,19882,
295.6372992876151,78203,714,1203,19883,
295.64418403550025,78202,715,1203,19883,
295.65274734459376,78202,715,1202,19884,
295.65548474925134,78201,716,1202,19884,
295.6571204647032,78201,715,1203,19884,
295.66268048750027,78201,715,1202,19885,
295.6641281859665,78200,716,1202,19885,
295.6672832732137,78199,717,1202,19885,
295.67108065753746,78199,716,1203,19885,
295.67373893571005,78198,717,1203,19885,
295.6755066764983,78198,716,1204,19885,
295.6801317884802,78198,716,1203,19886,
295.68051282486556,78198,716,1202,19887,
295.68106753258445,78198,715,1203,19887,
295.6824057958212,78197,716,1203,19887,
295.6842876936713,78197,715,1204,19887,
295.6847256562502,78196,716,1204,19887,
295.68857021738734,78196,715,1205,19887,
295.6919624631249,78196,714,1206,19887,
295.69313298650997,78196,713,1207,19887,
295.69728843282036,78196,713,1206,19888,
295.6981490659739,78195,714,1206,19888,
295.69822351170865,78195,714,1205,19889,
295.69833009828534,78195,713,1206,19889,
295.7037422005141,78195,712,1207,19889,
295.7038694538234,78195,711,1208,19889,
295.7056775617521,78194,712,1208,19889,
295.7066705146095,78193,713,1208,19889,
295.70737085613086,78193,713,1207,19890,
295.7122281347952,78193,712,1208,19890,
295.7123183371581,78193,712,1207,19891,
295.7197373737292,78193,711,1208,19891,
295.7203223326577,78193,710,1209,19891,
295.72730990132106,78192,711,1209,19891,
295.72956145443476,78192,711,1208,19892,
295.73149507509936,78191,712,1208,19892,
295.7328771004585,78191,711,1209,19892,
295.7338589927659,78191,711,1208,19893,
295.7340188552988,78191,710,1209,19893,
295.74033762709394,78191,709,1210,19893,
295.7415024300544,78190,710,1210,19893,
295.7416729754746,78190,709,1211,19893,
295.74364953976146,78190,708,1212,19893,
295.7464649107595,78190,707,1213,19893,
295.74849452259275,78190,706,1214,19893,
295.7488141095604,78190,706,1213,19894,
295.7526477357185,78190,705,1214,19894,
295.7531325422032,78190,705,1213,19895,
295.7541882793154,78190,704,1214,19895,
295.7554993500032,78189,705,1214,19895,
295.7556546906197,78189,704,1215,19895,
295.7621162175412,78189,704,1214,19896,
295.762775051828,78189,703,1215,19896,
295.76805141516826,78188,704,1215,19896,
295.76883921707264,78188,704,1214,19897,
295.77058377474464,78187,705,1214,19897,
295.7714124270508,78187,705,1213,19898,
295.77418973340485,78186,706,1213,19898,
295.77599798598555,78186,706,1212,19899,
295.77759982076293,78186,706,1211,19900,
295.7782411833113,78185,707,1211,19900,
295.78156718852085,78185,706,1212,19900,
295.7817140747041,78185,705,1213,19900,
295.7859012928721,78185,705,1212,19901,
295.7861386554008,78184,706,1212,19901,
295.78744174344945,78184,705,1213,19901,
295.7881652150021,78184,705,1212,19902,
295.78941290635186,78183,706,1212,19902,
295.790169981906,78183,706,1211,19903,
295.7914439487614,78183,706,1210,19904,
295.7922590676338,78182,707,1210,19904,
295.79229786045397,78182,706,1211,19904,
295.7936459371138,78182,705,1212,19904,
295.79520350017896,78182,705,1211,19905,
295.79840537848077,78181,706,1211,19905,
295.79988850834724,78181,706,1210,19906,
295.80127113153765,78180,707,1210,19906,
295.80610997042675,78180,707,1209,19907,
295.8069783067377,78179,708,1209,19907,
295.8086913446155,78179,707,1210,19907,
295.80932976508996,78179,706,1211,19907,
295.8097008126461,78179,706,1210,19908,
295.81221197455125,78179,705,1211,19908,
295.81383322232335,78179,704,1212,19908,
295.8201484958043,78179,704,1211,19909,
295.82069590595944,78178,705,1211,19909,
295.8224522368813,78178,705,1210,19910,
295.8254768181039,78178,704,1211,19910,
295.83033575276374,78178,703,1212,19910,
295.834335996509,78178,702,1213,19910,
295.83554810589874,78178,701,1214,19910,
295.8363531837977,78177,702,1214,19910,
295.8381277277143,78177,701,1215,19910,
295.8393941716737,78177,700,1216,19910,
295.84147643180626,78177,699,1217,19910,
295.84199313991934,78177,699,1216,19911,
295.8444718223356,78177,699,1215,19912,
295.85027629475326,78176,700,1215,19912,
295.85438408835546,78175,701,1215,19912,
295.85551369349656,78174,702,1215,19912,
295.85551523455206,78174,701,1216,19912,
295.86665182003117,78174,701,1215,19913,
295.8708918359903,78173,702,1215,19913,
295.87154906236816,78173,702,1214,19914,
295.8791467606805,78172,703,1214,19914,
295.8797522318615,78172,702,1215,19914,
295.88259038731826,78172,702,1214,19915,
295.8837601484686,78172,702,1213,19916,
295.8872600881215,78172,702,1212,19917,
295.8896195915275,78171,703,1212,19917,
295.8933570378344,78171,702,1213,19917,
295.8952563861317,78171,702,1212,19918,
295.8997518404118,78171,702,1211,19919,
295.90118976629964,78170,703,1211,19919,
295.9033044243294,78170,703,1210,19920,
295.9045363020392,78170,702,1211,19920,
295.9060465162229,78169,703,1211,19920,
295.9086110637499,78168,704,1211,19920,
295.91321029179306,78168,704,1210,19921,
295.9136385469957,78168,704,1209,19922,
295.92108963815434,78167,705,1209,19922,
295.92494841543805,78167,705,1208,19923,
295.9270228295013,78166,706,1208,19923,
295.9297060231311,78165,707,1208,19923,
295.9318228703465,78165,706,1209,19923,
295.93392556405837,78165,706,1208,19924,
295.93432819310607,78164,707,1208,19924,
295.9358983413826,78164,707,1207,19925,
295.93685278787274,78163,708,1207,19925,
295.9478751014814,78162,709,1207,19925,
295.9522597126273,78162,708,1208,19925,
295.96195630600425,78161,709,1208,19925,
295.96615730571,78160,710,1208,19925,
295.9674069600741,78160,709,1209,19925,
295.96751875707565,78159,710,1209,19925,
295.9724177755767,78159,710,1208,19926,
295.97295541356993,78159,709,1209,19926,
295.97738163652133,78159,709,1208,19927,
295.98103031895846,78159,708,1209,19927,
295.983204132671,78158,709,1209,19927,
295.98786877540005,78157,710,1209,19927,
295.9982284663662,78156,711,1209,19927,
295.99977965993537,78156,711,1208,19928,
296.0081466204332,78155,712,1208,19928,
296.0082518484559,78154,713,1208,19928,
296.00850642337684,78154,713,1207,19929,
296.0085823764181,78154,713,1206,19930,
296.00973140146544,78154,713,1205,19931,
296.0165273732494,78154,713,1204,19932,
296.0174324998151,78153,714,1204,19932,
296.01937224759274,78152,715,1204,19932,
296.0217912722545,78151,716,1204,19932,
296.0287119610593,78150,717,1204,19932,
296.02894620181144,78150,716,1205,19932,
296.02961692580186,78149,717,1205,19932,
296.0317561400033,78148,718,1205,19932,
296.03178924696596,78148,718,1204,19933,
296.03239107664655,78148,718,1203,19934,
296.03343925803404,78147,719,1203,19934,
296.03637112452765,78147,719,1202,19935,
296.03835903574554,78146,720,1202,19935,
296.04127146774124,78146,720,1201,19936,
296.0413819494204,78145,721,1201,19936,
296.0435881427714,78145,721,1200,19937,
296.04688946927405,78145,721,1199,19938,
296.04761574847805,78145,720,1200,19938,
296.047758110085,78145,720,1199,19939,
296.050522998561,78144,721,1199,19939,
296.0511983520622,78144,720,1200,19939,
296.05610248544235,78144,720,1199,19940,
296.05885821259744,78144,720,1198,19941,
296.06213957313076,78143,721,1198,19941,
296.06452455176503,78143,720,1199,19941,
296.06468524913424,78143,719,1200,19941,
296.06600845106107,78142,720,1200,19941,
296.06989068716973,78142,719,1201,19941,
296.07062030697875,78142,719,1200,19942,
296.0754260350831,78142,719,1199,19943,
296.08269701631656,78142,719,1198,19944,
296.08675992091736,78142,719,1197,19945,
296.08973311405,78142,719,1196,19946,
296.09084608986586,78142,718,1197,19946,
296.09675596877616,78141,719,1197,19946,
296.09702802696694,78141,718,1198,19946,
296.0990920054848,78140,719,1198,19946,
296.1018656059145,78140,718,1199,19946,
296.10555270298096,78139,719,1199,19946,
296.10632814383206,78139,718,1200,19946,
296.10889368042547,78139,718,1199,19947,
296.10901582731594,78138,719,1199,19947,
296.1102170941009,78137,720,1199,19947,
296.1155098522165,78136,721,1199,19947,
296.11847503683225,78136,721,1198,19948,
296.1212139213916,78136,720,1199,19948,
296.1262582244355,78136,719,1200,19948,
296.1269989921649,78136,718,1201,19948,
296.1299686847902,78136,717,1202,19948,
296.1300911061815,78136,717,1201,19949,
296.13109784643825,78136,717,1200,19950,
296.1324022231563,78135,718,1200,19950,
296.13287815510256,78135,718,1199,19951,
296.1350449067851,78134,719,1199,19951,
296.1385293894702,78134,718,1200,19951,
296.1393760398218,78134,718,1199,19952,
296.14218361394745,78133,719,1199,19952,
296.14290892784794,78132,720,1199,19952,
296.143868961112,78132,720,1198,19953,
296.1440306480431,78132,720,1197,19954,
296.1444163625435,78131,721,1197,19954,
296.1446336552273,78130,722,1197,19954,
296.1460564065419,78130,721,1198,19954,
296.14681247792527,78130,720,1199,19954,
296.149767709238,78130,720,1198,19955,
296.15022133863744,78130,719,1199,19955,
296.1506524326263,78129,720,1199,19955,
296.15355328352337,78128,721,1199,19955,
296.154827139019,78128,721,1198,19956,
296.15579572210396,78128,721,1197,19957,
296.15813492531356,78128,720,1198,19957,
296.158157372275,78127,721,1198,19957,
296.15834843530087,78126,722,1198,19957,
296.1638892808894,78126,721,1199,19957,
296.1653092203451,78125,722,1199,19957,
296.16795913738946,78124,723,1199,19957,
296.1688324544938,78124,722,1200,19957,
296.169066970107,78123,723,1200,19957,
296.17271271991757,78123,723,1199,19958,
296.1731939031582,78122,724,1199,19958,
296.1735036323072,78121,725,1199,19958,
296.17396750856045,78121,724,1200,19958,
296.17764680857067,78121,724,1199,19959,
296.1789891173199,78121,723,1200,19959,
296.17933725868437,78120,724,1200,19959,
296.18022896780064,78120,723,1201,19959,
296.18102073764504,78120,722,1202,19959,
296.18150562266834,78120,722,1201,19960,
296.1820629172582,78120,721,1202,19960,
296.1841485411078,78120,721,1201,19961,
296.18520363621343,78120,720,1202,19961,
296.1871264598914,78120,720,1201,19962,
296.19020760485716,78120,720,1200,19963,
296.1967824305924,78120,719,1201,19963,
296.1975622396292,78120,719,1200,19964,
296.19864299161503,78120,719,1199,19965,
296.19873136483255,78119,720,1199,19965,
296.1998088885905,78119,720,1198,19966,
296.2065909510042,78118,721,1198,19966,
296.209589833578,78118,721,1197,19967,
296.21032806166005,78118,721,1196,19968,
296.2130633040958,78118,720,1197,19968,
296.213336113938,78117,721,1197,19968,
296.2147953938456,78116,722,1197,19968,
296.2152472986038,78116,722,1196,19969,
296.2176044380223,78116,722,1195,19970,
296.2179303896571,78116,722,1194,19971,
296.2199767217287,78116,722,1193,19972,
296.2264658406881,78116,722,1192,19973,
296.226520229962,78116,721,1193,19973,
296.23005161980024,78116,721,1192,19974,
296.23041446727075,78115,722,1192,19974,
296.2316722164058,78115,722,1191,19975,
296.2353627509991,78115,722,1190,19976,
296.236376254514,78115,722,1189,19977,
296.2373533844909,78115,721,1190,19977,
296.23777736185684,78114,722,1190,19977,
296.23860323679423,78114,722,1189,19978,
296.2413183862934,78114,722,1188,19979,
296.2416424272079,78114,722,1187,19980,
296.2449533722065,78114,722,1186,19981,
296.246231343401,78114,721,1187,19981,
296.2466294614715,78114,720,1188,19981,
296.24839695375033,78114,719,1189,19981,
296.24856587976416,78113,720,1189,19981,
296.248835946533,78113,719,1190,19981,
296.25034114175594,78112,720,1190,19981,
296.25719195929224,78112,720,1189,19982,
296.2613993395855,78112,720,1188,19983,
296.2630591642292,78112,719,1189,19983,
296.2716225309553,78112,719,1188,19984,
296.2735115980436,78111,720,1188,19984,
296.2740876432282,78111,719,1189,19984,
296.27625826339374,78110,720,1189,19984,
296.27801638930924,78110,720,1188,19985,
296.27920968912883,78110,720,1187,19986,
296.28070059107387,78110,719,1188,19986,
296.2810666213179,78110,718,1189,19986,
296.2819050714124,78110,718,1188,19987,
296.28304272769867,78109,719,1188,19987,
296.2892702593959,78108,720,1188,19987,
296.2907201465766,78107,721,1188,19987,
296.2912551890833,78106,722,1188,19987,
296.29201309701864,78106,721,1189,19987,
296.2931966600678,78106,720,1190,19987,
296.2956872686296,78106,719,1191,19987,
296.29633380622204,78105,720,1191,19987,
296.29661673366644,78105,720,1190,19988,
296.29838912554186,78104,721,1190,19988,
296.2991424844344,78103,722,1190,19988,
296.2998006216379,78102,723,1190,19988,
296.30015169108464,78102,722,1191,19988,
296.30193367516944,78102,721,1192,19988,
296.30580880782,78101,722,1192,19988,
296.31918082862194,78100,723,1192,19988,
296.3200394229855,78100,722,1193,19988,
296.3242074082458,78100,722,1192,19989,
296.3278824215215,78100,722,1191,19990,
296.32918568989294,78100,721,1192,19990,
296.32960578232235,78100,720,1193,19990,
296.34170164398313,78100,720,1192,19991,
296.34507970648514,78100,720,1191,19992,
296.3477370295178,78100,720,1190,19993,
296.3487188517404,78099,721,1190,19993,
296.351201334433,78099,720,1191,19993,
296.35132728270474,78099,720,1190,19994,
296.353407075003,78099,720,1189,19995,
296.3582561419853,78099,719,1190,19995,
296.36677786230763,78099,718,1191,19995,
296.36776579956324,78099,717,1192,19995,
296.3694535978377,78099,717,1191,19996,
296.37012793158914,78099,716,1192,19996,
296.3702325161751,78098,717,1192,19996,
296.37051604752753,78098,717,1191,19997,
296.3710409247079,78098,716,1192,19997,
296.3726480944159,78098,716,1191,19998,
296.3737266007485,78098,715,1192,19998,
296.37385182376465,78097,716,1192,19998,
296.37487861064415,78097,716,1191,19999,
296.37521762262816,78096,717,1191,19999,
296.37788866628665,78096,717,1190,20000,
296.3784436162623,78096,716,1191,20000,
296.37932894335046,78095,717,1191,20000,
296.38111584967925,78095,717,1190,20001,
296.3843215318072,78094,718,1190,20001,
296.389015090754,78094,717,1191,20001,
296.39007323727844,78094,716,1192,20001,
296.3908797705681,78093,717,1192,20001,
296.3917725030399,78092,718,1192,20001,
296.39285915406094,78091,719,1192,20001,
296.39535616453617,78091,719,1191,20002,
296.3956482611342,78090,720,1191,20002,
296.40224346821685,78090,720,1190,20003,
296.4060201602243,78089,721,1190,20003,
296.40651247258546,78089,720,1191,20003,
296.40907033145356,78089,720,1190,20004,
296.4108101965222,78089,720,1189,20005,
296.411775829332,78088,721,1189,20005,
296.4196950884511,78088,720,1190,20005,
296.41971130844445,78088,720,1189,20006,
296.42145473749116,78088,720,1188,20007,
296.43018389204684,78088,720,1187,20008,
296.4303116393885,78088,719,1188,20008,
296.4303669021525,78087,720,1188,20008,
296.43188764214534,78086,721,1188,20008,
296.43380881429096,78086,721,1187,20009,
296.4375612343006,78085,722,1187,20009,
296.43775588120354,78085,722,1186,20010,
296.4384032729927,78085,722,1185,20011,
296.4396298727561,78085,722,1184,20012,
296.44263920389346,78085,721,1185,20012,
296.443252226805,78085,720,1186,20012,
296.44452744368135,78085,719,1187,20012,
296.44892823925403,78085,718,1188,20012,
296.45011147033006,78084,719,1188,20012,
296.45310978526624,78083,720,1188,20012,
296.4550636749585,78083,719,1189,20012,
296.4606163969701,78083,719,1188,20013,
296.4624292537916,78083,718,1189,20013,
296.46534982138434,78082,719,1189,20013,
296.4670606387147,78082,719,1188,20014,
296.46739686375855,78082,719,1187,20015,
296.4718118030993,78081,720,1187,20015,
296.47220142319566,78080,721,1187,20015,
296.4776888648523,78080,720,1188,20015,
296.4787765475551,78080,719,1189,20015,
296.4794247236346,78079,720,1189,20015,
296.48061999045444,78079,719,1190,20015,
296.4810921113126,78079,719,1189,20016,
296.48360553492626,78079,719,1188,20017,
296.4837830521006,78079,719,1187,20018,
296.48405658405284,78079,719,1186,20019,
296.4888020835686,78079,719,1185,20020,
296.48880889942376,78079,719,1184,20021,
296.4948423691781,78079,719,1183,20022,
296.4961043390649,78079,718,1184,20022,
296.4971278688844,78078,719,1184,20022,
296.5002346404979,78077,720,1184,20022,
296.500274017671,78076,721,1184,20022,
296.5022724867952,78076,721,1183,20023,
296.50232436938643,78076,720,1184,20023,
296.504424222026,78076,720,1183,20024,
296.5055056374918,78075,721,1183,20024,
296.50594760103127,78075,720,1184,20024,
296.5061256268005,78075,719,1185,20024,
296.5063519178755,78075,719,1184,20025,
296.50677528077125,78074,720,1184,20025,
296.5080573359322,78073,721,1184,20025,
296.51434009915994,78072,722,1184,20025,
296.51985422075586,78072,721,1185,20025,
296.5203877257657,78072,721,1184,20026,
296.52924957510106,78071,722,1184,20026,
296.5361186213781,78071,722,1183,20027,
296.53634055059985,78071,722,1182,20028,
296.5403459645887,78071,722,1181,20029,
296.54247962859614,78071,721,1182,20029,
296.54401137054657,78070,722,1182,20029,
296.5442006566175,78069,723,1182,20029,
296.5444251921519,78069,722,1183,20029,
296.54706618755336,78069,722,1182,20030,
296.5486209971939,78069,721,1183,20030,
296.55541857754423,78069,721,1182,20031,
296.5558980664326,78069,720,1183,20031,
296.5566995015899,78069,720,1182,20032,
296.5579615336111,78068,721,1182,20032,
296.5615010608621,78068,721,1181,20033,
296.5627754476198,78067,722,1181,20033,
296.56398278720707,78067,722,1180,20034,
296.5650953039702,78067,721,1181,20034,
296.56918736831216,78067,720,1182,20034,
296.57148144181303,78067,719,1183,20034,
296.57155102820474,78067,719,1182,20035,
296.57416962467494,78067,718,1183,20035,
296.57453689383766,78066,719,1183,20035,
296.5785981959252,78066,719,1182,20036,
296.5831947991799,78066,719,1181,20037,
296.58610115691147,78066,718,1182,20037,
296.58709608709887,78066,717,1183,20037,
296.5884414069591,78066,716,1184,20037,
296.5929859568232,78066,715,1185,20037,
296.59303256670506,78065,716,1185,20037,
296.5932122554385,78064,717,1185,20037,
296.598502729877,78063,718,1185,20037,
296.6004835676637,78063,718,1184,20038,
296.60150104291665,78062,719,1184,20038,
296.6037553085396,78062,718,1185,20038,
296.60492184265314,78061,719,1185,20038,
296.6057352274129,78060,720,1185,20038,
296.60771580831243,78059,721,1185,20038,
296.6078019571202,78058,722,1185,20038,
296.6163207206861,78057,723,1185,20038,
296.6164920692776,78057,722,1186,20038,
296.6187875769783,78057,722,1185,20039,
296.6196600877561,78056,723,1185,20039,
296.6269722859998,78056,723,1184,20040,
296.6370876195368,78056,723,1183,20041,
296.642698802058,78056,723,1182,20042,
296.64352843426633,78056,723,1181,20043,
296.6449851773894,78056,723,1180,20044,
296.6454166362129,78056,723,1179,20045,
296.6464803919636,78056,723,1178,20046,
296.6491352643718,78056,722,1179,20046,
296.6502236080066,78056,721,1180,20046,
296.6503397987011,78056,720,1181,20046,
296.6519006171461,78056,719,1182,20046,
296.65512171664636,78055,720,1182,20046,
296.6631324034738,78055,719,1183,20046,
296.6636957129971,78055,718,1184,20046,
296.66509249519066,78054,719,1184,20046,
296.666895908204,78054,718,1185,20046,
296.670319654719,78054,718,1184,20047,
296.67089952172586,78054,717,1185,20047,
296.67430310579465,78054,717,1184,20048,
296.67711485459154,78054,716,1185,20048,
296.6812765066075,78054,715,1186,20048,
296.6840626772733,78054,714,1187,20048,
296.689149920647,78054,713,1188,20048,
296.69007009365595,78054,713,1187,20049,
296.691566048329,78054,713,1186,20050,
296.69269236427846,78054,712,1187,20050,
296.70431476985294,78054,712,1186,20051,
296.70699291566643,78054,711,1187,20051,
296.7070211829579,78054,711,1186,20052,
296.7134397102237,78054,711,1185,20053,
296.71409557178026,78054,710,1186,20053,
296.7192642441402,78053,711,1186,20053,
296.71938415181853,78053,710,1187,20053,
296.7269409679616,78053,710,1186,20054,
296.7274589586901,78053,709,1187,20054,
296.72982204194034,78052,710,1187,20054,
296.7304446031233,78051,711,1187,20054,
296.7322159537418,78051,711,1186,20055,
296.7330691601235,78050,712,1186,20055,
296.7393023407477,78049,713,1186,20055,
296.7395551820858,78048,714,1186,20055,
296.74208977219,78048,714,1185,20056,
296.74701007133706,78048,714,1184,20057,
296.7507640805046,78048,713,1185,20057,
296.75100981049735,78048,712,1186,20057,
296.75136661653465,78047,713,1186,20057,
296.7514292889817,78046,714,1186,20057,
296.7551015091375,78046,714,1185,20058,
296.75744294239746,78046,714,1184,20059,
296.75764875696603,78045,715,1184,20059,
296.7600690824121,78044,716,1184,20059,
296.7601772892729,78044,715,1185,20059,
296.76177626671813,78044,714,1186,20059,
296.76920907941815,78044,713,1187,20059,
296.7702944041213,78043,714,1187,20059,
296.7707287381339,78042,715,1187,20059,
296.77853340145214,78041,716,1187,20059,
296.77963247615537,78040,717,1187,20059,
296.7812751504521,78040,717,1186,20060,
296.7814764679051,78040,716,1187,20060,
296.7840565901988,78039,717,1187,20060,
296.78518098639364,78039,717,1186,20061,
296.78863273032806,78039,716,1187,20061,
296.7886452063467,78038,717,1187,20061,
296.7892079985244,78038,717,1186,20062,
296.7896265390391,78038,717,1185,20063,
296.79106911895576,78037,718,1185,20063,
296.79519256450084,78037,718,1184,20064,
296.79565508261834,78037,718,1183,20065,
296.8039673054861,78037,718,1182,20066,
296.80436436696897,78037,718,1181,20067,
296.8064844775476,78036,719,1181,20067,
296.8142796193637,78035,720,1181,20067,
296.817006828062,78035,720,1180,20068,
296.8188037765624,78034,721,1180,20068,
296.8249970284561,78034,720,1181,20068,
296.82514468717125,78034,719,1182,20068,
296.8258254584604,78034,718,1183,20068,
296.8260657112538,78034,717,1184,20068,
296.8273932196719,78034,716,1185,20068,
296.8289455380279,78034,716,1184,20069,
296.8302176214539,78033,717,1184,20069,
296.834894013163,78033,717,1183,20070,
296.83739262455975,78033,716,1184,20070,
296.8375647462283,78033,715,1185,20070,
296.83860047001576,78032,716,1185,20070,
296.8396470596321,78032,715,1186,20070,
296.8425008040227,78032,715,1185,20071,
296.8463107769309,78032,715,1184,20072,
296.8470171968604,78031,716,1184,20072,
296.8622242973471,78030,717,1184,20072,
296.8664431511258,78029,718,1184,20072,
296.8665377626269,78029,717,1185,20072,
296.8666736290412,78029,717,1184,20073,
296.8668266163571,78028,718,1184,20073,
296.86738649493935,78028,717,1185,20073,
296.86742796727674,78027,718,1185,20073,
296.86764940873957,78027,718,1184,20074,
296.8683594481585,78027,718,1183,20075,
296.8711368620426,78027,718,1182,20076,
296.8717589185344,78027,718,1181,20077,
296.87351863922487,78027,718,1180,20078,
296.874579359204,78027,717,1181,20078,
296.87486522217773,78026,718,1181,20078,
296.87620191133425,78026,718,1180,20079,
296.8859709721297,78026,718,1179,20080,
296.88720555655044,78026,718,1178,20081,
296.88995109901737,78026,717,1179,20081,
296.8940561043017,78025,718,1179,20081,
296.8952481008371,78024,719,1179,20081,
296.89726805428376,78024,719,1178,20082,
296.900745806286,78024,718,1179,20082,
296.90159625208014,78023,719,1179,20082,
296.90226521464456,78022,720,1179,20082,
296.9034713321017,78022,720,1178,20083,
296.90489617255116,78021,721,1178,20083,
296.90492100691455,78021,720,1179,20083,
296.9084306422852,78021,720,1178,20084,
296.9144520414376,78021,720,1177,20085,
296.9192948686686,78020,721,1177,20085,
296.9199287012736,78020,721,1176,20086,
296.9208511296526,78020,721,1175,20087,
296.92087567661895,78020,720,1176,20087,
296.9210956093042,78020,720,1175,20088,
296.9239163901715,78020,720,1174,20089,
296.92869548930497,78019,721,1174,20089,
296.92887236471904,78019,721,1173,20090,
296.9293810400935,78019,721,1172,20091,
296.9338192180167,78019,721,1171,20092,
296.9353658656804,78018,722,1171,20092,
296.93868558199694,78018,722,1170,20093,
296.95006289945866,78018,721,1171,20093,
296.95232655682094,78018,720,1172,20093,
296.95643837658065,78018,719,1173,20093,
296.9589808256959,78018,718,1174,20093,
296.9702169263887,78018,717,1175,20093,
296.97142487455653,78017,718,1175,20093,
296.97488138032253,78016,719,1175,20093,
296.97544149562344,78016,719,1174,20094,
296.9759538762109,78016,718,1175,20094,
296.97614723276246,78015,719,1175,20094,
296.97915507618717,78014,720,1175,20094,
296.98097081496775,78014,720,1174,20095,
296.9810671328274,78014,720,1173,20096,
296.9853092024512,78014,720,1172,20097,
296.9905774613953,78014,719,1173,20097,
296.9945610798734,78014,718,1174,20097,
296.9968709135831,78014,717,1175,20097,
297.00333386224145,78014,717,1174,20098,
297.00407089595495,78014,716,1175,20098,
297.0105807745166,78014,715,1176,20098,
297.0135251504328,78013,716,1176,20098,
297.0145900086018,78013,716,1175,20099,
297.01472283711234,78013,715,1176,20099,
297.0148061607892,78012,716,1176,20099,
297.01731630250134,78012,715,1177,20099,
297.0184498634135,78012,715,1176,20100,
297.0191075259175,78012,715,1175,20101,
297.01981586565205,78012,715,1174,20102,
297.02984344128913,78011,716,1174,20102,
297.0301140174779,78010,717,1174,20102,
297.03500766071494,78010,717,1173,20103,
297.04031698702534,78010,717,1172,20104,
297.0496763310065,78010,716,1173,20104,
297.05107564455176,78010,716,1172,20105,
297.05165676431295,78010,716,1171,20106,
297.0528557272771,78010,716,1170,20107,
297.0534517072094,78009,717,1170,20107,
297.06319874051735,78009,717,1169,20108,
297.0660036883787,78009,717,1168,20109,
297.0668289456781,78009,717,1167,20110,
297.06714679994343,78009,717,1166,20111,
297.06919191031966,78008,718,1166,20111,
297.06962910186564,78008,717,1167,20111,
297.0710957586977,78007,718,1167,20111,
297.0781944074156,78006,719,1167,20111,
297.08137001986324,78005,720,1167,20111,
297.08487892134275,78005,719,1168,20111,
297.0852699159477,78004,720,1168,20111,
297.0901141508405,78004,720,1167,20112,
297.0906404734895,78004,720,1166,20113,
297.0921464306864,78004,719,1167,20113,
297.09417850484,78003,720,1167,20113,
297.09566737635714,78003,719,1168,20113,
297.09595192210946,78003,719,1167,20114,
297.0996684134237,78003,718,1168,20114,
297.0997237843137,78002,719,1168,20114,
297.10254907999473,78002,719,1167,20115,
297.106595000675,78001,720,1167,20115,
297.10835921317585,78000,721,1167,20115,
297.1126805521731,77999,722,1167,20115,
297.112990839321,77999,721,1168,20115,
297.11494919971045,77998,722,1168,20115,
297.1222870328522,77998,721,1169,20115,
297.1254755127414,77998,720,1170,20115,
297.1289611859697,77998,719,1171,20115,
297.1300726085528,77998,719,1170,20116,
297.1311319250797,77998,718,1171,20116,
297.1322096664361,77998,717,1172,20116,
297.13388370150847,77998,717,1171,20117,
297.13479885211586,77998,717,1170,20118,
297.13997300087055,77997,718,1170,20118,
297.1417679051329,77997,717,1171,20118,
297.14270737286205,77997,717,1170,20119,
297.1429936828568,77996,718,1170,20119,
297.14328824559755,77996,717,1171,20119,
297.14589033535157,77995,718,1171,20119,
297.1469721959039,77994,719,1171,20119,
297.1504793369241,77993,720,1171,20119,
297.15708662964556,77992,721,1171,20119,
297.16216576253703,77992,721,1170,20120,
297.16451403143765,77991,722,1170,20120,
297.1757966419042,77991,722,1169,20121,
297.17870925030996,77991,722,1168,20122,
297.1790671446265,77990,723,1168,20122,
297.1851538084685,77990,723,1167,20123,
297.1865942775261,77989,724,1167,20123,
297.1897969943171,77988,725,1167,20123,
297.19861626838525,77988,725,1166,20124,
297.1995298301206,77988,725,1165,20125,
297.200519241048,77988,724,1166,20125,
297.2009324602396,77988,724,1165,20126,
297.2015489786756,77988,723,1166,20126,
297.2034031688148,77988,722,1167,20126,
297.2098173073235,77988,722,1166,20127,
297.2103154189845,77987,723,1166,20127,
297.2118224319696,77987,723,1165,20128,
297.21471606850946,77987,723,1164,20129,
297.2195238266652,77986,724,1164,20129,
297.2207806751257,77985,725,1164,20129,
297.2261889124335,77985,724,1165,20129,
297.22673174452484,77985,723,1166,20129,
297.22793932789995,77985,722,1167,20129,
297.22849684990797,77984,723,1167,20129,
297.229654174914,77983,724,1167,20129,
297.23033152948403,77982,725,1167,20129,
297.2315112938808,77981,726,1167,20129,
297.2321737544259,77981,725,1168,20129,
297.23393532897165,77981,724,1169,20129,
297.2346359144895,77980,725,1169,20129,
297.2410898376774,77980,724,1170,20129,
297.2416019570473,77980,724,1169,20130,
297.24273590297435,77980,724,1168,20131,
297.2444679166684,77980,724,1167,20132,
297.248360891465,77980,724,1166,20133,
297.2514772741647,77980,723,1167,20133,
297.2534837162162,77980,723,1166,20134,
297.2537826062527,77979,724,1166,20134,
297.2553363058078,77978,725,1166,20134,
297.2593908872028,77978,725,1165,20135,
297.2658654065475,77978,724,1166,20135,
297.26849328006807,77978,723,1167,20135,
297.27210207150205,77977,724,1167,20135,
297.2791095854762,77977,724,1166,20136,
297.2792011755911,77977,724,1165,20137,
297.2792027435987,77976,725,1165,20137,
297.28314784541925,77976,724,1166,20137,
297.28466500184834,77976,723,1167,20137,
297.28690583934724,77976,723,1166,20138,
297.28850147464186,77976,722,1167,20138,
297.2940361907412,77975,723,1167,20138,
297.29484238626503,77975,723,1166,20139,
297.2953794220685,77975,723,1165,20140,
297.29896580939055,77975,723,1164,20141,
297.30239811803597,77974,724,1164,20141,
297.30380156591104,77974,724,1163,20142,
297.30525045502606,77974,724,1162,20143,
297.30663026933445,77974,723,1163,20143,
297.3074736383684,77974,722,1164,20143,
297.31076167283555,77973,723,1164,20143,
297.31121250744144,77973,723,1163,20144,
297.3163610771906,77972,724,1163,20144,
297.31853255543734,77972,723,1164,20144,
297.3207230651865,77972,722,1165,20144,
297.3225726635721,77971,723,1165,20144,
297.3277562046974,77971,723,1164,20145,
297.3308581956685,77970,724,1164,20145,
297.33405327502834,77970,724,1163,20146,
297.3351909529313,77969,725,1163,20146,
297.3542534333209,77969,724,1164,20146,
297.35562159732217,77969,724,1163,20147,
297.35653623909656,77969,724,1162,20148,
297.35929361253756,77969,723,1163,20148,
297.3614456426156,77969,722,1164,20148,
297.3630818944541,77969,722,1163,20149,
297.36621588926533,77968,723,1163,20149,
297.3689657119444,77968,723,1162,20150,
297.3716972561433,77968,723,1161,20151,
297.3722998003576,77968,722,1162,20151,
297.372782916386,77967,723,1162,20151,
297.3732969552567,77967,722,1163,20151,
297.3749415034865,77966,723,1163,20151,
297.3754312779202,77966,722,1164,20151,
297.3771733353786,77966,722,1163,20152,
297.37889656662975,77966,721,1164,20152,
297.37924630286574,77966,720,1165,20152,
297.3794930500441,77966,719,1166,20152,
297.38128569991477,77966,719,1165,20153,
297.38236165891607,77966,719,1164,20154,
297.3869568438487,77966,718,1165,20154,
297.387677443904,77966,717,1166,20154,
297.3923649922212,77966,717,1165,20155,
297.39388385495687,77965,718,1165,20155,
297.39463840796867,77964,719,1165,20155,
297.4045817443115,77964,718,1166,20155,
297.4051279285162,77964,717,1167,20155,
297.40519587218,77964,716,1168,20155,
297.4068340525424,77964,716,1167,20156,
297.41223406754716,77964,716,1166,20157,
297.4128960198934,77964,715,1167,20157,
297.4137248651013,77964,715,1166,20158,
297.41521654807565,77964,715,1165,20159,
297.4153852854178,77964,715,1164,20160,
297.42020548113953,77964,714,1165,20160,
297.4206954057752,77963,715,1165,20160,
297.4207608898097,77962,716,1165,20160,
297.42126907921033,77961,717,1165,20160,
297.4223741163094,77961,717,1164,20161,
297.42499180046445,77961,717,1163,20162,
297.42501126494426,77961,716,1164,20162,
297.42766663987965,77960,717,1164,20162,
297.4309674244215,77960,717,1163,20163,
297.43459830186777,77959,718,1163,20163,
297.4353469116696,77959,717,1164,20163,
297.43618215521536,77959,717,1163,20164,
297.43625376351656,77959,717,1162,20165,
297.4376884747476,77959,717,1161,20166,
297.4414711876586,77959,716,1162,20166,
297.4435147505743,77959,716,1161,20167,
297.44382002561565,77959,716,1160,20168,
297.44695485825946,77959,715,1161,20168,
297.44752502584316,77959,715,1160,20169,
297.4498811324816,77959,715,1159,20170,
297.45013415085504,77959,715,1158,20171,
297.4568048099803,77959,714,1159,20171,
297.46000996678526,77958,715,1159,20171,
297.46130739580855,77958,714,1160,20171,
297.46134341123553,77958,714,1159,20172,
297.4614271267207,77958,714,1158,20173,
297.46161504780173,77958,714,1157,20174,
297.4654938993804,77958,713,1158,20174,
297.4661594396768,77958,712,1159,20174,
297.4698845370419,77958,711,1160,20174,
297.4699976602197,77958,711,1159,20175,
297.4741512567541,77958,711,1158,20176,
297.47523354701286,77958,710,1159,20176,
297.47579122222817,77957,711,1159,20176,
297.48219891653633,77957,711,1158,20177,
297.4860375961828,77957,710,1159,20177,
297.4871741232139,77957,710,1158,20178,
297.48861540889044,77957,710,1157,20179,
297.4891274226733,77957,710,1156,20180,
297.49208127158914,77957,709,1157,20180,
297.4949203320806,77957,708,1158,20180,
297.4989440289027,77957,707,1159,20180,
297.499049601488,77956,708,1159,20180,
297.5011412920316,77956,707,1160,20180,
297.50175906105073,77956,706,1161,20180,
297.5023846272918,77956,705,1162,20180,
297.50323625959805,77956,705,1161,20181,
297.5034452840636,77955,706,1161,20181,
297.50400438311743,77954,707,1161,20181,
297.5150968772807,77954,707,1160,20182,
297.51652618104515,77954,706,1161,20182,
297.51687589606627,77954,706,1160,20183,
297.51943932031605,77954,706,1159,20184,
297.5256569518844,77954,705,1160,20184,
297.52780289798704,77953,706,1160,20184,
297.5310924948178,77953,706,1159,20185,
297.5340614634833,77952,707,1159,20185,
297.53580436540915,77952,707,1158,20186,
297.5362207345076,77952,706,1159,20186,
297.5409154133249,77952,705,1160,20186,
297.5411139527373,77951,706,1160,20186,
297.54128170121345,77950,707,1160,20186,
297.54771888540193,77949,708,1160,20186,
297.55573493238165,77948,709,1160,20186,
297.5574016558804,77948,708,1161,20186,
297.5580141782668,77948,708,1160,20187,
297.55845170927086,77948,707,1161,20187,
297.56114365732407,77947,708,1161,20187,
297.5615875666611,77947,707,1162,20187,
297.5645567487135,77947,706,1163,20187,
297.5648268997706,77947,706,1162,20188,
297.56803819745176,77947,706,1161,20189,
297.56815632835776,77947,706,1160,20190,
297.57135202132383,77947,705,1161,20190,
297.5757108686306,77946,706,1161,20190,
297.57584382570815,77946,706,1160,20191,
297.5811203479969,77946,705,1161,20191,
297.58210707191785,77946,705,1160,20192,
297.582647352964,77946,705,1159,20193,
297.5857245910408,77946,705,1158,20194,
297.58970425841676,77946,705,1157,20195,
297.59368502546494,77946,705,1156,20196,
297.59632984799254,77946,705,1155,20197,
297.5968836829927,77945,706,1155,20197,
297.5993402628856,77945,705,1156,20197,
297.6009131656307,77945,705,1155,20198,
297.60202071852694,77945,705,1154,20199,
297.61082640099966,77945,705,1153,20200,
297.61229278194196,77945,704,1154,20200,
297.6150825254069,77945,704,1153,20201,
297.61513262374183,77944,705,1153,20201,
297.6163096650006,77944,704,1154,20201,
297.622606696623,77944,704,1153,20202,
297.6233098278487,77943,705,1153,20202,
297.6254581463416,77942,706,1153,20202,
297.62559450553397,77941,707,1153,20202,
297.62787204243637,77941,707,1152,20203,
297.62856035530774,77941,707,1151,20204,
297.64024607409254,77941,707,1150,20205,
297.64177770087076,77941,706,1151,20205,
297.6459144327075,77941,705,1152,20205,
297.6474009221166,77941,704,1153,20205,
297.64787473301277,77941,703,1154,20205,
297.64795455074307,77941,703,1153,20206,
297.6499755767594,77941,703,1152,20207,
297.6508325306617,77941,702,1153,20207,
297.65127321012733,77940,703,1153,20207,
297.6548368822319,77940,702,1154,20207,
297.6571209121977,77940,702,1153,20208,
297.65838694157054,77940,702,1152,20209,
297.6585793428486,77939,703,1152,20209,
297.65986346059816,77938,704,1152,20209,
297.6622829664432,77938,703,1153,20209,
297.66323056257534,77938,703,1152,20210,
297.6694450848299,77937,704,1152,20210,
297.6698774503079,77937,703,1153,20210,
297.6711929246203,77937,702,1154,20210,
297.67161562879386,77936,703,1154,20210,
297.6716431570496,77936,702,1155,20210,
297.6716695512969,77935,703,1155,20210,
297.67395393054755,77934,704,1155,20210,
297.67433670762847,77934,704,1154,20211,
297.67592945325526,77934,704,1153,20212,
297.67753936305417,77933,705,1153,20212,
297.6789606804323,77933,705,1152,20213,
297.68314525376655,77933,705,1151,20214,
297.6847110417233,77933,704,1152,20214,
297.68631507761035,77932,705,1152,20214,
297.69002900453756,77932,705,1151,20215,
297.6905037730608,77932,705,1150,20216,
297.69065488958836,77932,705,1149,20217,
297.69777668206484,77932,704,1150,20217,
297.70106502112594,77931,705,1150,20217,
297.7111860068783,77931,704,1151,20217,
297.71362274089546,77931,703,1152,20217,
297.71603748090365,77931,703,1151,20218,
297.71765308840935,77930,704,1151,20218,
297.71784847047303,77930,704,1150,20219,
297.7185736048127,77930,704,1149,20220,
297.71956595950394,77929,705,1149,20220,
297.7228480734495,77929,705,1148,20221,
297.72483634828734,77929,705,1147,20222,
297.72586601044,77928,706,1147,20222,
297.7262485972981,77928,706,1146,20223,
297.7267549898952,77928,705,1147,20223,
297.72804258947974,77928,705,1146,20224,
297.72991806929997,77927,706,1146,20224,
297.73167206855896,77927,705,1147,20224,
297.7319745036485,77926,706,1147,20224,
297.7333505828723,77925,707,1147,20224,
297.7356089161647,77924,708,1147,20224,
297.73807421714366,77924,708,1146,20225,
297.73823136965694,77924,708,1145,20226,
297.7407864586529,77923,709,1145,20226,
297.7414034854925,77923,709,1144,20227,
297.74421302343393,77923,708,1145,20227,
297.74480020462397,77923,708,1144,20228,
297.7509545999715,77922,709,1144,20228,
297.7516222297862,77922,708,1145,20228,
297.7528044456773,77922,708,1144,20229,
297.75352490915395,77922,708,1143,20230,
297.75473393097155,77921,709,1143,20230,
297.7612949958386,77921,709,1142,20231,
297.7621077293221,77921,708,1143,20231,
297.7647825511231,77921,707,1144,20231,
297.7696658227197,77921,707,1143,20232,
297.77276559589353,77921,706,1144,20232,
297.7851660163344,77920,707,1144,20232,
297.7861047663398,77920,706,1145,20232,
297.7877226228723,77920,706,1144,20233,
297.79706873784005,77920,706,1143,20234,
297.79788879720684,77919,707,1143,20234,
297.80244106660604,77919,707,1142,20235,
297.80545250071486,77919,706,1143,20235,
297.8069120190476,77918,707,1143,20235,
297.80960801465744,77918,706,1144,20235,
297.81026912045314,77917,707,1144,20235,
297.8149192537658,77917,707,1143,20236,
297.8165327261024,77917,707,1142,20237,
297.8167934448674,77917,707,1141,20238,
297.81792142013353,77917,706,1142,20238,
297.81848967716707,77917,705,1143,20238,
297.81945911583836,77917,705,1142,20239,
297.82045248886755,77916,706,1142,20239,
297.8231923821301,77916,705,1143,20239,
297.82844554046494,77916,704,1144,20239,
297.8287389377241,77916,703,1145,20239,
297.82984931234944,77916,703,1144,20240,
297.83012520946374,77916,702,1145,20240,
297.8321708667877,77915,703,1145,20240,
297.84146672478744,77915,703,1144,20241,
297.84166269091105,77915,702,1145,20241,
297.84525015839705,77915,702,1144,20242,
297.8477368231842,77915,701,1145,20242,
297.8516806016939,77915,700,1146,20242,
297.8525413168977,77914,701,1146,20242,
297.85506140913526,77914,700,1147,20242,
297.8553326921153,77913,701,1147,20242,
297.8564526142222,77912,702,1147,20242,
297.8591176930991,77912,701,1148,20242,
297.8608569371425,77912,700,1149,20242,
297.8666600139918,77912,699,1150,20242,
297.8675375372519,77912,699,1149,20243,
297.867648842942,77912,699,1148,20244,
297.86815522884046,77911,700,1148,20244,
297.87126087912077,77911,699,1149,20244,
297.8763395330264,77910,700,1149,20244,
297.8778575685861,77910,700,1148,20245,
297.87792555134405,77910,699,1149,20245,
297.8779504865856,77909,700,1149,20245,
297.8817313465985,77909,699,1150,20245,
297.8856225227305,77908,700,1150,20245,
297.8877992421466,77908,699,1151,20245,
297.8886440769267,77908,699,1150,20246,
297.889107844939,77908,698,1151,20246,
297.8893631772235,77907,699,1151,20246,
297.8921057520576,77907,699,1150,20247,
297.89290609789197,77906,700,1150,20247,
297.89353480413047,77905,701,1150,20247,
297.8964881457276,77904,702,1150,20247,
297.90133848409573,77904,701,1151,20247,
297.9051507091154,77903,702,1151,20247,
297.9090701806902,77903,701,1152,20247,
297.9215239360513,77903,700,1153,20247,
297.9227677597375,77903,699,1154,20247,
297.9306021391816,77902,700,1154,20247,
297.9309232755934,77902,699,1155,20247,
297.93660465495924,77901,700,1155,20247,
297.93706724620876,77901,700,1154,20248,
297.93994063049956,77900,701,1154,20248,
297.9412715495042,77900,700,1155,20248,
297.9417299401369,77900,699,1156,20248,
297.9426956998975,77899,700,1156,20248,
297.9428822096474,77899,700,1155,20249,
297.94344829750656,77899,699,1156,20249,
297.94688668619284,77899,698,1157,20249,
297.94716523181177,77899,697,1158,20249,
297.95660325250503,77899,697,1157,20250,
297.95808952893265,77899,697,1156,20251,
297.96259021547013,77899,696,1157,20251,
297.9664005586593,77898,697,1157,20251,
297.9686942713478,77898,696,1158,20251,
297.9712970590502,77897,697,1158,20251,
297.97518619182136,77896,698,1158,20251,
297.97938249665214,77896,698,1157,20252,
297.9898699317721,77895,699,1157,20252,
297.99014549630925,77895,699,1156,20253,
298.0005309962545,77894,700,1156,20253,
298.000633995586,77893,701,1156,20253,
298.00198707055375,77892,702,1156,20253,
298.00397790341214,77892,702,1155,20254,
298.0046517468741,77892,701,1156,20254,
298.0046845250393,77892,701,1155,20255,
298.0047135467861,77892,701,1154,20256,
298.01421355781224,77891,702,1154,20256,
298.01486838105745,77891,701,1155,20256,
298.01545144537823,77890,702,1155,20256,
298.0160106237802,77890,702,1154,20257,
298.016861653073,77889,703,1154,20257,
298.01846877615765,77889,702,1155,20257,
298.01915470863156,77889,702,1154,20258,
298.02699913366143,77889,701,1155,20258,
298.0335425563763,77889,700,1156,20258,
298.03506325871473,77889,699,1157,20258,
298.0356596008615,77889,698,1158,20258,
298.0374969709135,77889,697,1159,20258,
298.0463159155023,77888,698,1159,20258,
298.0476067146478,77888,698,1158,20259,
298.0494000734839,77888,698,1157,20260,
298.05018063633196,77888,697,1158,20260,
298.0528342207538,77887,698,1158,20260,
298.0563173665053,77887,697,1159,20260,
298.0572391051054,77886,698,1159,20260,
298.0600917977307,77886,697,1160,20260,
298.0614123974408,77886,696,1161,20260,
298.0646917778316,77886,695,1162,20260,
298.0661726059928,77886,694,1163,20260,
298.0725810346511,77885,695,1163,20260,
298.07451985810536,77885,694,1164,20260,
298.0785993340192,77885,693,1165,20260,
298.08071304873425,77885,693,1164,20261,
298.0844901204835,77884,694,1164,20261,
298.0854992300816,77884,694,1163,20262,
298.08617067555093,77883,695,1163,20262,
298.0873496283853,77883,695,1162,20263,
298.0894817190202,77883,694,1163,20263,
298.09233572168563,77883,693,1164,20263,
298.09502180954604,77883,693,1163,20264,
298.0991259088949,77882,694,1163,20264,
298.0995301294817,77881,695,1163,20264,
298.10416371835436,77880,696,1163,20264,
298.1051084051942,77880,696,1162,20265,
298.10558796474095,77879,697,1162,20265,
298.110190791772,77879,697,1161,20266,
298.11453314929173,77878,698,1161,20266,
298.1168366291706,77878,698,1160,20267,
298.11965235029163,77878,698,1159,20268,
298.12089901923804,77878,697,1160,20268,
298.120962489819,77878,696,1161,20268,
298.12163060507817,77877,697,1161,20268,
298.12352450072643,77877,697,1160,20269,
298.1256733941512,77876,698,1160,20269,
298.1285147231671,77876,697,1161,20269,
298.12958435544556,77876,696,1162,20269,
298.13096290124054,77876,695,1163,20269,
298.1341989245212,77876,695,1162,20270,
298.1353914044622,77876,695,1161,20271,
298.13576873137043,77876,694,1162,20271,
298.13784774318543,77876,694,1161,20272,
298.1463114875944,77875,695,1161,20272,
298.14898524700595,77875,694,1162,20272,
298.1600880500312,77874,695,1162,20272,
298.1614513755162,77874,694,1163,20272,
298.163425491858,77873,695,1163,20272,
298.16848572425147,77873,694,1164,20272,
298.1685426183698,77872,695,1164,20272,
298.1689004508614,77871,696,1164,20272,
298.1705045083682,77871,696,1163,20273,
298.17385455589283,77871,695,1164,20273,
298.173879646939,77871,694,1165,20273,
298.1772048504602,77870,695,1165,20273,
298.17855200537616,77870,694,1166,20273,
298.1786744057216,77870,693,1167,20273,
298.1811397877431,77870,693,1166,20274,
298.1830467165249,77870,692,1167,20274,
298.1884551877014,77869,693,1167,20274,
298.1916461347999,77869,692,1168,20274,
298.1938210108373,77869,691,1169,20274,
298.19818796405144,77868,692,1169,20274,
298.199538115971,77868,692,1168,20275,
298.2039256150803,77868,691,1169,20275,
298.2041365645186,77867,692,1169,20275,
298.208437125221,77867,691,1170,20275,
298.21040621291,77867,690,1171,20275,
298.2106092425422,77867,690,1170,20276,
298.21278495656077,77867,690,1169,20277,
298.21769453717565,77866,691,1169,20277,
298.2350500224253,77866,691,1168,20278,
298.2366088156231,77866,691,1167,20279,
298.23807512576764,77865,692,1167,20279,
298.2404331911332,77865,691,1168,20279,
298.24281982089195,77865,690,1169,20279,
298.24579011071415,77864,691,1169,20279,
298.2497453298114,77864,691,1168,20280,
298.2559963574903,77864,690,1169,20280,
298.25729180209294,77863,691,1169,20280,
298.25740537495153,77863,690,1170,20280,
298.25780540755113,77863,689,1171,20280,
298.2593301138157,77863,688,1172,20280,
298.26411512890473,77862,689,1172,20280,
298.26702998020403,77862,689,1171,20281,
298.2699126060829,77862,689,1170,20282,
298.27474118824,77862,688,1171,20282,
298.27606937174704,77862,687,1172,20282,
298.27634134522765,77861,688,1172,20282,
298.280691133442,77860,689,1172,20282,
298.28794468758383,77860,689,1171,20283,
298.2913218674969,77859,690,1171,20283,
298.29541084894265,77858,691,1171,20283,
298.29601819934993,77858,690,1172,20283,
298.30450191732245,77858,689,1173,20283,
298.30590431943705,77858,689,1172,20284,
298.3086324993994,77858,688,1173,20284,
298.3095007766114,77858,688,1172,20285,
298.3117094808813,77857,689,1172,20285,
298.3189020794683,77857,688,1173,20285,
298.32261915889876,77857,688,1172,20286,
298.3234147567991,77857,688,1171,20287,
298.32367392157835,77857,688,1170,20288,
298.3291356115582,77856,689,1170,20288,
298.3300036305965,77855,690,1170,20288,
298.3301550347932,77855,690,1169,20289,
298.3391305142124,77855,689,1170,20289,
298.3396663431416,77855,689,1169,20290,
298.3407788547778,77855,689,1168,20291,
298.3428539496111,77855,689,1167,20292,
298.3468938268813,77855,688,1168,20292,
298.3472569650688,77855,687,1169,20292,
298.35055517665216,77855,687,1168,20293,
298.3505757358761,77855,687,1167,20294,
298.3517210162209,77855,687,1166,20295,
298.3521348225364,77854,688,1166,20295,
298.35223001817,77853,689,1166,20295,
298.3532642843087,77853,689,1165,20296,
298.3554760418495,77853,689,1164,20297,
298.361839684073,77853,688,1165,20297,
298.3665112120216,77853,688,1164,20298,
298.3695792716763,77852,689,1164,20298,
298.37002905308316,77852,689,1163,20299,
298.3700302919835,77852,688,1164,20299,
298.37024010521264,77852,688,1163,20300,
298.37321450912384,77852,688,1162,20301,
298.3779690230815,77852,688,1161,20302,
298.37988014006487,77852,688,1160,20303,
298.38268427610836,77852,687,1161,20303,
298.38598068287683,77852,687,1160,20304,
298.38620237608893,77852,687,1159,20305,
298.38842510987865,77851,688,1159,20305,
298.3887161358827,77851,687,1160,20305,
298.39344035315406,77851,687,1159,20306,
298.3942955746634,77851,686,1160,20306,
298.395686926061,77851,685,1161,20306,
298.3985148160659,77851,684,1162,20306,
298.4074402472385,77850,685,1162,20306,
298.41150925370863,77850,685,1161,20307,
298.41206506042374,77849,686,1161,20307,
298.4132098991131,77848,687,1161,20307,
298.4145479010582,77848,687,1160,20308,
298.41731802225394,77847,688,1160,20308,
298.41763667689156,77847,688,1159,20309,
298.4184184956381,77847,687,1160,20309,
298.41977568602584,77846,688,1160,20309,
298.42407582752935,77846,687,1161,20309,
298.4269306485845,77845,688,1161,20309,
298.43165419374407,77845,688,1160,20310,
298.43200772458897,77844,689,1160,20310,
298.43739656880064,77844,688,1161,20310,
298.43771890754533,77843,689,1161,20310,
298.4408009043575,77843,688,1162,20310,
298.4444661841752,77843,688,1161,20311,
298.44512240115745,77843,687,1162,20311,
298.44765987073197,77843,687,1161,20312,
298.44980866124257,77843,687,1160,20313,
298.4510364200482,77843,687,1159,20314,
298.4519103962129,77843,687,1158,20315,
298.45255394073274,77842,688,1158,20315,
298.4537836553536,77842,688,1157,20316,
298.45548431152275,77841,689,1157,20316,
298.4565790096428,77840,690,1157,20316,
298.4606803338471,77839,691,1157,20316,
298.4649817125825,77838,692,1157,20316,
298.47506279574316,77837,693,1157,20316,
298.47615285461796,77837,693,1156,20317,
298.47772329231935,77837,693,1155,20318,
298.47799066845806,77836,694,1155,20318,
298.4814772811434,77836,693,1156,20318,
298.48387564570015,77835,694,1156,20318,
298.48534993639214,77835,693,1157,20318,
298.4933648100549,77835,693,1156,20319,
298.4940586167625,77835,692,1157,20319,
298.49475945540973,77834,693,1157,20319,
298.49503377839034,77833,694,1157,20319,
298.49510364449225,77833,693,1158,20319,
298.49597501475665,77833,692,1159,20319,
298.4965710727868,77832,693,1159,20319,
298.4996225804313,77832,693,1158,20320,
298.4999743744185,77832,693,1157,20321,
298.501038399941,77831,694,1157,20321,
298.5016296549299,77831,694,1156,20322,
298.5043880492728,77831,694,1155,20323,
298.50463200561927,77831,694,1154,20324,
298.50608714028425,77830,695,1154,20324,
298.50747521570406,77830,694,1155,20324,
298.50823217127027,77829,695,1155,20324,
298.5098413849256,77828,696,1155,20324,
298.5171693699731,77828,695,1156,20324,
298.5187235126481,77828,695,1155,20325,
298.5222281063887,77827,696,1155,20325,
298.52386534212656,77826,697,1155,20325,
298.5257923799235,77826,697,1154,20326,
298.52822300461185,77826,696,1155,20326,
298.5288300897388,77826,696,1154,20327,
298.5313592266926,77826,696,1153,20328,
298.53294512438544,77825,697,1153,20328,
298.5396755961958,77825,696,1154,20328,
298.54177307616385,77824,697,1154,20328,
298.5449570361282,77824,696,1155,20328,
298.5466709248642,77823,697,1155,20328,
298.54846368706933,77823,697,1154,20329,
298.5519342421403,77823,696,1155,20329,
298.5528184916622,77822,697,1155,20329,
298.5597137178586,77822,697,1154,20330,
298.561216568774,77822,697,1153,20331,
298.56504400379765,77822,697,1152,20332,
298.5680076882355,77821,698,1152,20332,
298.5693269109837,77821,698,1151,20333,
298.57111375236906,77821,697,1152,20333,
298.57146170316406,77821,697,1151,20334,
298.5760512322463,77820,698,1151,20334,
298.58076779183557,77819,699,1151,20334,
298.58461658100174,77819,699,1150,20335,
298.5883829129851,77819,698,1151,20335,
298.5900397149883,77818,699,1151,20335,
298.59147596367126,77817,700,1151,20335,
298.5940739144121,77817,700,1150,20336,
298.5943320613557,77816,701,1150,20336,
298.59754841327424,77816,700,1151,20336,
298.59867174376956,77816,700,1150,20337,
298.5999472912278,77816,699,1151,20337,
298.6008070369462,77816,698,1152,20337,
298.60449741014725,77816,697,1153,20337,
298.60674430490684,77815,698,1153,20337,
298.6120664377512,77815,698,1152,20338,
298.6124854793443,77815,698,1151,20339,
298.61639496860073,77814,699,1151,20339,
298.6193639136645,77813,700,1151,20339,
298.6208513718127,77812,701,1151,20339,
298.623813975561,77811,702,1151,20339,
298.62884378349304,77811,701,1152,20339,
298.62889598101015,77811,700,1153,20339,
298.62965157828285,77810,701,1153,20339,
298.6326161369581,77810,700,1154,20339,
298.63310269753555,77810,699,1155,20339,
298.6339529666933,77809,700,1155,20339,
298.6339764426918,77809,700,1154,20340,
298.634250180521,77809,699,1155,20340,
298.6389250770495,77809,699,1154,20341,
298.639835842517,77809,698,1155,20341,
298.64048711271397,77808,699,1155,20341,
298.64143365280665,77807,700,1155,20341,
298.6416147077862,77806,701,1155,20341,
298.6505428772991,77806,701,1154,20342,
298.6596074766372,77806,701,1153,20343,
298.6599288954451,77805,702,1153,20343,
298.66305647999553,77805,702,1152,20344,
298.6632072742272,77805,702,1151,20345,
298.6639195422515,77805,701,1152,20345,
298.6666042122715,77805,701,1151,20346,
298.66916745523866,77805,701,1150,20347,
298.6713198183563,77805,700,1151,20347,
298.6726093859456,77805,700,1150,20348,
298.6856295933722,77805,700,1149,20349,
298.688189970607,77804,701,1149,20349,
298.69278235183367,77803,702,1149,20349,
298.693389273682,77803,701,1150,20349,
298.6936266339653,77803,701,1149,20350,
298.693948541181,77802,702,1149,20350,
298.6952164532111,77802,701,1150,20350,
298.7001357165682,77802,701,1149,20351,
298.7007194593885,77802,700,1150,20351,
298.7012728849672,77801,701,1150,20351,
298.7018853187184,77800,702,1150,20351,
298.70411602065326,77800,701,1151,20351,
298.7055411217272,77800,701,1150,20352,
298.70563210292653,77800,701,1149,20353,
298.7059716510237,77800,701,1148,20354,
298.70602592951855,77800,700,1149,20354,
298.7070522449314,77800,700,1148,20355,
298.7075451667085,77799,701,1148,20355,
298.71393668612865,77798,702,1148,20355,
298.71586372698863,77798,702,1147,20356,
298.7192260911125,77798,701,1148,20356,
298.7212547799901,77797,702,1148,20356,
298.7219181307306,77797,702,1147,20357,
298.7242165347697,77797,702,1146,20358,
298.7247045800491,77797,701,1147,20358,
298.72539809734997,77797,700,1148,20358,
298.72657181172974,77797,699,1149,20358,
298.727222920251,77797,699,1148,20359,
298.72836759393226,77797,699,1147,20360,
298.72898396890594,77797,699,1146,20361,
298.7336514590668,77796,700,1146,20361,
298.74970297826053,77795,701,1146,20361,
298.7543103083696,77795,701,1145,20362,
298.7562530213107,77795,700,1146,20362,
298.7586633653769,77795,699,1147,20362,
298.76247837735474,77795,698,1148,20362,
298.7634852174433,77795,698,1147,20363,
298.7651204862093,77795,698,1146,20364,
298.7714311899918,77795,697,1147,20364,
298.7750615451451,77795,696,1148,20364,
298.7759993719075,77795,696,1147,20365,
298.77875721814365,77794,697,1147,20365,
298.7808098557186,77793,698,1147,20365,
298.7854060813383,77793,698,1146,20366,
298.7895312252585,77793,698,1145,20367,
298.7941934822586,77793,697,1146,20367,
298.7943967585198,77793,697,1145,20368,
298.79498761361504,77793,697,1144,20369,
298.79541843226104,77792,698,1144,20369,
298.79585000797545,77791,699,1144,20369,
298.79733847135986,77791,699,1143,20370,
298.79870203787647,77790,700,1143,20370,
298.7992910988393,77789,701,1143,20370,
298.79949179895215,77789,701,1142,20371,
298.8006624864692,77789,700,1143,20371,
298.8051283371979,77789,699,1144,20371,
298.806373900994,77789,699,1143,20372,
298.80641987181593,77789,699,1142,20373,
298.8081404965845,77789,698,1143,20373,
298.8095244368769,77788,699,1143,20373,
298.8127316392505,77787,700,1143,20373,
298.8127641464817,77787,700,1142,20374,
298.81615023456806,77787,700,1141,20375,
298.81624271378155,77787,699,1142,20375,
298.82178610028257,77787,698,1143,20375,
298.8229651936286,77787,698,1142,20376,
298.82359770289395,77787,697,1143,20376,
298.8275645040686,77786,698,1143,20376,
298.82806628581596,77786,697,1144,20376,
298.83250339323973,77786,696,1145,20376,
298.83294305095706,77786,696,1144,20377,
298.83468138304124,77786,696,1143,20378,
298.83647349069827,77786,695,1144,20378,
298.8397599927697,77786,695,1143,20379,
298.8406310495926,77786,694,1144,20379,
298.84113752524075,77785,695,1144,20379,
298.8435675660645,77785,694,1145,20379,
298.844675683195,77785,693,1146,20379,
298.84723677196075,77785,693,1145,20380,
298.847349377186,77784,694,1145,20380,
298.85169715911996,77783,695,1145,20380,
298.85511163750823,77783,695,1144,20381,
298.8586145289988,77783,694,1145,20381,
298.8620533624248,77782,695,1145,20381,
298.8626068888892,77782,694,1146,20381,
298.8677195292132,77782,694,1145,20382,
298.87283684562726,77782,694,1144,20383,
298.8753502059597,77781,695,1144,20383,
298.880337644334,77781,694,1145,20383,
298.88314033866504,77781,694,1144,20384,
298.8866972041036,77781,694,1143,20385,
298.89017275588816,77781,693,1144,20385,
298.8939428764564,77781,693,1143,20386,
298.8953677563478,77781,692,1144,20386,
298.89578129461216,77781,692,1143,20387,
298.897833099547,77781,691,1144,20387,
298.9011832068195,77781,691,1143,20388,
298.90878474844885,77781,690,1144,20388,
298.9094779413347,77780,691,1144,20388,
298.91123840810377,77780,690,1145,20388,
298.9126993423733,77780,689,1146,20388,
298.91322183676084,77779,690,1146,20388,
298.9156772875062,77779,690,1145,20389,
298.91983070435197,77779,690,1144,20390,
298.92413584111193,77779,690,1143,20391,
298.9246191087228,77778,691,1143,20391,
298.9321639792949,77778,691,1142,20392,
298.93568079857675,77777,692,1142,20392,
298.9473848315871,77777,691,1143,20392,
298.95009904755193,77777,690,1144,20392,
298.95115676975706,77776,691,1144,20392,
298.95117064450653,77776,690,1145,20392,
298.9577325857516,77775,691,1145,20392,
298.9589346212553,77775,691,1144,20393,
298.96644124061885,77775,691,1143,20394,
298.9689624237954,77775,690,1144,20394,
298.9755704524359,77775,689,1145,20394,
298.9760464300793,77775,688,1146,20394,
298.989815417924,77775,687,1147,20394,
298.9947339232582,77775,686,1148,20394,
298.99560001110785,77774,687,1148,20394,
299.00505488752674,77774,686,1149,20394,
299.0055432987229,77774,686,1148,20395,
299.0086093150764,77773,687,1148,20395,
299.00970360400345,77773,687,1147,20396,
299.0106140321291,77772,688,1147,20396,
299.01486247545427,77772,688,1146,20397,
299.01680771030885,77772,687,1147,20397,
299.02201621059424,77772,686,1148,20397,
299.03107015108657,77772,685,1149,20397,
299.0312621449834,77771,686,1149,20397,
299.03227300637604,77771,686,1148,20398,
299.03248394547177,77770,687,1148,20398,
299.0370858691755,77770,686,1149,20398,
299.0428988594911,77770,685,1150,20398,
299.0436661794414,77770,684,1151,20398,
299.05134185788296,77770,683,1152,20398,
299.05228932900883,77770,682,1153,20398,
299.0528818189217,77770,681,1154,20398,
299.05298086437097,77770,681,1153,20399,
299.05386242039515,77769,682,1153,20399,
299.0546124109681,77769,682,1152,20400,
299.0569949525869,77768,683,1152,20400,
299.05775238373576,77768,682,1153,20400,
299.0583405672072,77768,682,1152,20401,
299.0586947272772,77768,681,1153,20401,
299.06751996687194,77767,682,1153,20401,
299.0680045149401,77766,683,1153,20401,
299.06957605882127,77765,684,1153,20401,
299.0711568435985,77765,683,1154,20401,
299.07337746586086,77764,684,1154,20401,
299.0742376390492,77764,684,1153,20402,
299.07688501332467,77764,684,1152,20403,
299.07788594897056,77763,685,1152,20403,
299.0790399846314,77763,684,1153,20403,
299.0794856254346,77763,684,1152,20404,
299.08262957122923,77763,684,1151,20405,
299.0827941081125,77763,684,1150,20406,
299.08296823969835,77763,684,1149,20407,
299.08457768320824,77762,685,1149,20407,
299.0863004660492,77762,685,1148,20408,
299.08913267358895,77762,684,1149,20408,
299.0947365153861,77761,685,1149,20408,
299.0963461597201,77761,685,1148,20409,
299.0965915441086,77761,685,1147,20410,
299.09712464969806,77761,684,1148,20410,
299.09793430360924,77761,684,1147,20411,
299.1068312168321,77761,683,1148,20411,
299.1078251037872,77760,684,1148,20411,
299.110181911191,77760,684,1147,20412,
299.11041213102544,77760,683,1148,20412,
299.1113894230649,77760,682,1149,20412,
299.1124724028807,77759,683,1149,20412,
299.11293589293064,77759,682,1150,20412,
299.1143016389619,77759,682,1149,20413,
299.11593364727753,77758,683,1149,20413,
299.11858967891595,77758,683,1148,20414,
299.1186928258895,77757,684,1148,20414,
299.12080208642567,77757,684,1147,20415,
299.12483410100083,77757,684,1146,20416,
299.12588864561013,77757,684,1145,20417,
299.12683761777043,77757,684,1144,20418,
299.12742785040507,77756,685,1144,20418,
299.1283131663507,77756,685,1143,20419,
299.12978540073306,77756,684,1144,20419,
299.1322368622086,77756,683,1145,20419,
299.13354319887003,77756,683,1144,20420,
299.13404983727474,77756,682,1145,20420,
299.135844461685,77756,681,1146,20420,
299.1417534394535,77756,680,1147,20420,
299.14332383747654,77756,679,1148,20420,
299.14340473004046,77755,680,1148,20420,
299.14564796703746,77754,681,1148,20420,
299.14760770047195,77753,682,1148,20420,
299.1515871967148,77753,681,1149,20420,
299.15527481062907,77753,681,1148,20421,
299.1558800109019,77753,681,1147,20422,
299.1560553015962,77753,681,1146,20423,
299.1564189135801,77752,682,1146,20423,
299.15672609772264,77751,683,1146,20423,
299.16035061139354,77750,684,1146,20423,
299.16120048211576,77750,684,1145,20424,
299.1621163400022,77749,685,1145,20424,
299.1631892453374,77749,685,1144,20425,
299.16385951568424,77748,686,1144,20425,
299.1638912860194,77748,686,1143,20426,
299.1639085876093,77748,686,1142,20427,
299.1649916087109,77748,686,1141,20428,
299.1671875734422,77748,685,1142,20428,
299.16770953377954,77748,684,1143,20428,
299.17068064255665,77748,683,1144,20428,
299.17331679415656,77748,682,1145,20428,
299.17418847472993,77748,681,1146,20428,
299.1757306563865,77747,682,1146,20428,
299.176813417399,77747,681,1147,20428,
299.17997608880194,77747,681,1146,20429,
299.1808318506788,77747,680,1147,20429,
299.1814663008407,77746,681,1147,20429,
299.1827183131092,77745,682,1147,20429,
299.18296765669646,77745,681,1148,20429,
299.1875889640545,77745,680,1149,20429,
299.19135534017266,77744,681,1149,20429,
299.19634097544287,77744,680,1150,20429,
299.19655492755345,77743,681,1150,20429,
299.20033115778295,77743,681,1149,20430,
299.2074913943045,77743,680,1150,20430,
299.2095836401985,77743,679,1151,20430,
299.2134796039742,77742,680,1151,20430,
299.2164782278323,77741,681,1151,20430,
299.22101170279785,77741,681,1150,20431,
299.22374060710325,77740,682,1150,20431,
299.22750153354156,77740,682,1149,20432,
299.22862454094866,77740,682,1148,20433,
299.23443109055034,77739,683,1148,20433,
299.2404259019447,77739,683,1147,20434,
299.24368332709753,77739,682,1148,20434,
299.2447447790686,77739,682,1147,20435,
299.2450714845612,77739,682,1146,20436,
299.2459288726252,77739,682,1145,20437,
299.25219558997577,77739,682,1144,20438,
299.2524746721118,77739,681,1145,20438,
299.25400512438637,77739,681,1144,20439,
299.2592178553125,77738,682,1144,20439,
299.2600038145891,77738,682,1143,20440,
299.2633826747741,77737,683,1143,20440,
299.26406907373985,77737,682,1144,20440,
299.26807631019403,77737,681,1145,20440,
299.2715393733104,77736,682,1145,20440,
299.2727517230082,77736,682,1144,20441,
299.27651822107885,77735,683,1144,20441,
299.27697892608774,77734,684,1144,20441,
299.2846859855209,77734,683,1145,20441,
299.28985738523176,77733,684,1145,20441,
299.29025519289024,77733,684,1144,20442,
299.29092971398575,77733,683,1145,20442,
299.29126537954164,77733,682,1146,20442,
299.2925146722403,77733,682,1145,20443,
299.2940773903189,77733,681,1146,20443,
299.29692260346974,77732,682,1146,20443,
299.2981489417507,77732,681,1147,20443,
299.3001786195788,77732,681,1146,20444,
299.3026236850213,77732,680,1147,20444,
299.309707078711,77732,680,1146,20445,
299.31452557591894,77732,680,1145,20446,
299.3152722568122,77732,680,1144,20447,
299.3161368933493,77732,679,1145,20447,
299.31864317307526,77732,678,1146,20447,
299.3191299759097,77731,679,1146,20447,
299.3264229740935,77730,680,1146,20447,
299.328106882007,77730,680,1145,20448,
299.33018881470446,77730,680,1144,20449,
299.33409799229383,77730,680,1143,20450,
299.33538508285125,77730,680,1142,20451,
299.33977199994155,77730,680,1141,20452,
299.3408864433077,77730,680,1140,20453,
299.34250350649074,77729,681,1140,20453,
299.3452534191936,77729,681,1139,20454,
299.34774673686405,77729,681,1138,20455,
299.3508098757079,77729,681,1137,20456,
299.35449034659285,77728,682,1137,20456,
299.35633766703165,77728,681,1138,20456,
299.3582489443645,77727,682,1138,20456,
299.36101053865127,77727,681,1139,20456,
299.3636563707642,77727,680,1140,20456,
299.377306213483,77727,679,1141,20456,
299.37775606316177,77727,679,1140,20457,
299.3780389302843,77726,680,1140,20457,
299.3804092425001,77725,681,1140,20457,
299.38443818877414,77725,681,1139,20458,
299.3890979517492,77725,680,1140,20458,
299.3897271741237,77725,679,1141,20458,
299.39548201003083,77725,679,1140,20459,
299.39653721718076,77724,680,1140,20459,
299.3975137085293,77724,679,1141,20459,
299.39854133758314,77723,680,1141,20459,
299.4010835934248,77723,680,1140,20460,
299.40665470033133,77723,679,1141,20460,
299.4081506324326,77723,679,1140,20461,
299.40880461356045,77723,678,1141,20461,
299.40887332245853,77722,679,1141,20461,
299.4094923940285,77722,678,1142,20461,
299.4144100781841,77722,677,1143,20461,
299.42218744259316,77722,676,1144,20461,
299.4236608277783,77722,675,1145,20461,
299.42833968008836,77722,674,1146,20461,
299.42871958479066,77722,674,1145,20462,
299.43436383496925,77721,675,1145,20462,
299.4351576075927,77721,674,1146,20462,
299.44104300216907,77720,675,1146,20462,
299.4427740218394,77720,675,1145,20463,
299.4429773127856,77720,675,1144,20464,
299.44431154086607,77719,676,1144,20464,
299.44766344594245,77718,677,1144,20464,
299.4480880344404,77718,676,1145,20464,
299.45086974989636,77718,675,1146,20464,
299.4546762419661,77718,674,1147,20464,
299.4563261354964,77718,673,1148,20464,
299.45707553166824,77717,674,1148,20464,
299.4635396827693,77717,673,1149,20464,
299.4665703755342,77716,674,1149,20464,
299.46791999360727,77716,673,1150,20464,
299.4692570331349,77715,674,1150,20464,
299.4706935027666,77715,673,1151,20464,
299.4770702815895,77715,672,1152,20464,
299.4782361130529,77714,673,1152,20464,
299.4852522143718,77713,674,1152,20464,
299.48553159789014,77713,673,1153,20464,
299.487993003797,77713,673,1152,20465,
299.49008988259317,77712,674,1152,20465,
299.49802010901203,77712,674,1151,20466,
299.500129790324,77712,673,1152,20466,
299.50070383867524,77712,673,1151,20467,
299.5012145692623,77712,673,1150,20468,
299.50137995850974,77712,672,1151,20468,
299.5039864007575,77711,673,1151,20468,
299.5040462587469,77711,673,1150,20469,
299.5056792961968,77710,674,1150,20469,
299.5122395720937,77710,673,1151,20469,
299.5141918243087,77710,672,1152,20469,
299.5146614093122,77710,671,1153,20469,
299.5175481708945,77710,671,1152,20470,
299.5179144958159,77709,672,1152,20470,
299.5227026285532,77709,671,1153,20470,
299.52336208914045,77709,671,1152,20471,
299.5283130646131,77709,670,1153,20471,
299.5298691687352,77709,670,1152,20472,
299.5337525427192,77709,670,1151,20473,
299.5341712043387,77709,670,1150,20474,
299.53991352447827,77708,671,1150,20474,
299.5400506347896,77707,672,1150,20474,
299.5400928930297,77707,672,1149,20475,
299.5400971256627,77707,672,1148,20476,
299.5411624352791,77706,673,1148,20476,
299.54120497233487,77706,672,1149,20476,
299.5437287049662,77706,672,1148,20477,
299.54466290725054,77705,673,1148,20477,
299.5467060795359,77705,673,1147,20478,
299.5471829558769,77705,672,1148,20478,
299.54733969824736,77705,672,1147,20479,
299.54762715669466,77705,671,1148,20479,
299.54781491713896,77704,672,1148,20479,
299.54957040041364,77704,671,1149,20479,
299.55182253637395,77703,672,1149,20479,
299.55914062684127,77703,672,1148,20480,
299.5656693986223,77703,672,1147,20481,
299.5658999726777,77702,673,1147,20481,
299.5717802423271,77701,674,1147,20481,
299.573714273506,77701,674,1146,20482,
299.57534901774994,77701,674,1145,20483,
299.5780242898628,77701,674,1144,20484,
299.5837743684553,77701,673,1145,20484,
299.5859597101101,77700,674,1145,20484,
299.58691858085837,77700,673,1146,20484,
299.58895833737415,77700,672,1147,20484,
299.593211769586,77699,673,1147,20484,
299.5939099639711,77699,673,1146,20485,
299.6011391897998,77699,673,1145,20486,
299.6040325547465,77698,674,1145,20486,
299.6051143585361,77697,675,1145,20486,
299.60543463446027,77696,676,1145,20486,
299.6057987222819,77696,676,1144,20487,
299.60799437744333,77695,677,1144,20487,
299.6090892381685,77695,677,1143,20488,
299.61063553230014,77695,677,1142,20489,
299.6116317372163,77694,678,1142,20489,
299.6226441719934,77694,677,1143,20489,
299.62429229449685,77694,676,1144,20489,
299.6271049518435,77694,675,1145,20489,
299.62785524572473,77694,674,1146,20489,
299.62855274758067,77694,674,1145,20490,
299.62944325729904,77693,675,1145,20490,
299.64222307734275,77693,675,1144,20491,
299.6435964867178,77693,675,1143,20492,
299.64407439184623,77693,675,1142,20493,
299.6529327937616,77692,676,1142,20493,
299.6566941896264,77692,675,1143,20493,
299.6598432008234,77692,675,1142,20494,
299.66298675286225,77691,676,1142,20494,
299.6664935597875,77691,675,1143,20494,
299.6668962188513,77691,674,1144,20494,
299.6671306329818,77690,675,1144,20494,
299.6717593356608,77690,675,1143,20495,
299.6723384563629,77690,675,1142,20496,
299.67551416787285,77689,676,1142,20496,
299.6757717764963,77689,676,1141,20497,
299.67866964392044,77689,675,1142,20497,
299.67918676632917,77689,674,1143,20497,
299.6796829984721,77689,674,1142,20498,
299.68181717909613,77689,673,1143,20498,
299.686605475105,77689,673,1142,20499,
299.6899787908572,77689,672,1143,20499,
299.69031207466224,77688,673,1143,20499,
299.6915539304852,77687,674,1143,20499,
299.6947099422397,77687,673,1144,20499,
299.70351812086216,77687,672,1145,20499,
299.70954204799574,77687,672,1144,20500,
299.71351142848687,77686,673,1144,20500,
299.7156885568976,77685,674,1144,20500,
299.7161652760713,77684,675,1144,20500,
299.7197059926321,77684,675,1143,20501,
299.7212740936895,77683,676,1143,20501,
299.7219370595834,77682,677,1143,20501,
299.7232477359832,77682,676,1144,20501,
299.7239352337643,77682,675,1145,20501,
299.72471931174204,77682,675,1144,20502,
299.73023965323074,77681,676,1144,20502,
299.7315022732492,77680,677,1144,20502,
299.73309481733827,77680,676,1145,20502,
299.7332549680889,77680,675,1146,20502,
299.7387028138048,77680,675,1145,20503,
299.7446118195061,77680,675,1144,20504,
299.7456664787295,77679,676,1144,20504,
299.7498770921736,77679,676,1143,20505,
299.75024177381823,77679,676,1142,20506,
299.7502417822687,77679,676,1141,20507,
299.75518938271654,77679,676,1140,20508,
299.7599129785203,77678,677,1140,20508,
299.7614088125714,77677,678,1140,20508,
299.76214355956745,77677,677,1141,20508,
299.76249596897156,77677,677,1140,20509,
299.7625813834367,77677,677,1139,20510,
299.7639472746609,77677,676,1140,20510,
299.7646131478695,77677,675,1141,20510,
299.76759760522066,77676,676,1141,20510,
299.77115044501795,77676,675,1142,20510,
299.77269740618937,77676,675,1141,20511,
299.77436759537363,77676,674,1142,20511,
299.7774075051636,77676,674,1141,20512,
299.7776806463281,77675,675,1141,20512,
299.7860516407282,77675,675,1140,20513,
299.78679621668823,77674,676,1140,20513,
299.7885263507048,77674,675,1141,20513,
299.7885676057624,77674,674,1142,20513,
299.79167653172095,77674,674,1141,20514,
299.7917485226725,77673,675,1141,20514,
299.79494343467445,77673,674,1142,20514,
299.79537108111,77672,675,1142,20514,
299.7962177319723,77672,674,1143,20514,
299.7972937057474,77672,674,1142,20515,
299.79892207950326,77672,674,1141,20516,
299.79895448207964,77671,675,1141,20516,
299.80051140307796,77671,675,1140,20517,
299.80414671766573,77670,676,1140,20517,
299.80539640447915,77670,675,1141,20517,
299.8063436391619,77670,675,1140,20518,
299.81183385790206,77670,674,1141,20518,
299.81212131859303,77670,673,1142,20518,
299.81335302334287,77670,673,1141,20519,
299.81608216259207,77669,674,1141,20519,
299.82024036066633,77668,675,1141,20519,
299.82044013627234,77668,675,1140,20520,
299.82050692926833,77668,675,1139,20521,
299.82717593006186,77668,674,1140,20521,
299.8286148805365,77668,673,1141,20521,
299.82927553873606,77668,673,1140,20522,
299.82978013834025,77668,672,1141,20522,
299.83105754052053,77668,672,1140,20523,
299.83167481779515,77668,671,1141,20523,
299.83211584575287,77667,672,1141,20523,
299.83316885292356,77666,673,1141,20523,
299.83457092818486,77666,673,1140,20524,
299.83621475610124,77665,674,1140,20524,
299.8392988382502,77664,675,1140,20524,
299.84195869928783,77663,676,1140,20524,
299.8433637567387,77663,675,1141,20524,
299.8455195971962,77662,676,1141,20524,
299.8487246757183,77661,677,1141,20524,
299.8502140017764,77661,677,1140,20525,
299.8551536372781,77660,678,1140,20525,
299.85946830972114,77660,677,1141,20525,
299.8611169434354,77659,678,1141,20525,
299.8655199178039,77659,677,1142,20525,
299.8686049796457,77658,678,1142,20525,
299.8716307752079,77658,678,1141,20526,
299.87184112842476,77658,678,1140,20527,
299.8763934968289,77658,678,1139,20528,
299.8771023819642,77658,677,1140,20528,
299.87938383368675,77658,677,1139,20529,
299.8821865743596,77657,678,1139,20529,
299.88795996573464,77656,679,1139,20529,
299.8888967543514,77655,680,1139,20529,
299.8921185504888,77655,679,1140,20529,
299.89716706963833,77654,680,1140,20529,
299.89729887493695,77653,681,1140,20529,
299.89783886195187,77653,680,1141,20529,
299.89789753593556,77652,681,1141,20529,
299.9008774345418,77652,681,1140,20530,
299.901971642684,77651,682,1140,20530,
299.903663750075,77650,683,1140,20530,
299.90881321213874,77650,683,1139,20531,
299.9130151806803,77650,682,1140,20531,
299.913025896784,77650,681,1141,20531,
299.91819077624154,77650,680,1142,20531,
299.92111839989707,77650,680,1141,20532,
299.9260749866306,77650,679,1142,20532,
299.930874916482,77649,680,1142,20532,
299.93664379602706,77649,680,1141,20533,
299.93708037541325,77649,679,1142,20533,
299.94368768148996,77648,680,1142,20533,
299.9453869896716,77647,681,1142,20533,
299.9465399295835,77647,680,1143,20533,
299.94910211712175,77647,680,1142,20534,
299.949417287671,77647,680,1141,20535,
299.9538170316915,77647,680,1140,20536,
299.9559780343268,77647,679,1141,20536,
299.9561121862421,77647,678,1142,20536,
299.95671929254866,77647,677,1143,20536,
299.9584259134194,77647,677,1142,20537,
299.95895861007193,77647,676,1143,20537,
299.9614636911396,77646,677,1143,20537,
299.9618648380605,77645,678,1143,20537,
299.9654422640529,77645,678,1142,20538,
299.967131858188,77644,679,1142,20538,
299.96727089721,77644,679,1141,20539,
299.9720906317158,77644,678,1142,20539,
299.9749409274474,77643,679,1142,20539,
299.9787642906706,77643,678,1143,20539,
299.9791669489207,77643,678,1142,20540,
299.9825392544419,77643,677,1143,20540,
299.98431452062727,77642,678,1143,20540,
299.9847958605908,77642,677,1144,20540,
299.99154399289773,77642,677,1143,20541,
299.9964629274856,77642,677,1142,20542,
299.9981952345436,77641,678,1142,20542,
300.00081761736584,77641,678,1141,20543,
300.002156436274,77641,678,1140,20544,
300.01056457592523,77640,679,1140,20544,
300.01102152024373,77640,678,1141,20544,
300.0232443940684,77640,677,1142,20544,
300.0253645076157,77640,676,1143,20544,
300.02559408332405,77639,677,1143,20544,
300.0290295352645,77639,677,1142,20545,
300.02936210297673,77638,678,1142,20545,
300.0314340908676,77638,678,1141,20546,
300.03173693575224,77638,678,1140,20547,
300.0323698867086,77637,679,1140,20547,
300.03307424376754,77637,678,1141,20547,
300.03450739982986,77637,678,1140,20548,
300.03629935885976,77637,677,1141,20548,
300.0413330539229,77636,678,1141,20548,
300.0458108121469,77635,679,1141,20548,
300.0518360976113,77634,680,1141,20548,
300.06106570543193,77634,680,1140,20549,
300.0662041851766,77634,680,1139,20550,
300.07041982461317,77633,681,1139,20550,
300.0724324707995,77633,680,1140,20550,
300.07294499938877,77633,679,1141,20550,
300.07295496309496,77633,679,1140,20551,
300.07669076461497,77633,678,1141,20551,
300.07775097453646,77632,679,1141,20551,
300.0798503365113,77631,680,1141,20551,
300.0830409212664,77630,681,1141,20551,
300.0845773664116,77629,682,1141,20551,
300.088977619188,77629,682,1140,20552,
300.08919358282026,77629,681,1141,20552,
300.0900281079529,77629,681,1140,20553,
300.09211677819485,77629,681,1139,20554,
300.0957980068717,77629,680,1140,20554,
300.10021226561673,77629,680,1139,20555,
300.1008299341098,77629,679,1140,20555,
300.1024501103638,77629,679,1139,20556,
300.102939485124,77629,678,1140,20556,
300.10330745824444,77629,678,1139,20557,
300.10391087837667,77629,678,1138,20558,
300.10483331216017,77629,678,1137,20559,
300.10491271106724,77629,678,1136,20560,
300.10563710203695,77629,677,1137,20560,
300.1059066788696,77629,677,1136,20561,
300.10891815790677,77629,677,1135,20562,
300.1103585044873,77628,678,1135,20562,
300.11140344078177,77627,679,1135,20562,
300.1119522694412,77626,680,1135,20562,
300.11236817213035,77626,679,1136,20562,
300.1133965610552,77626,679,1135,20563,
300.116313091172,77625,680,1135,20563,
300.11747741076425,77624,681,1135,20563,
300.1177881551696,77623,682,1135,20563,
300.11864574751496,77622,683,1135,20563,
300.1191492554047,77622,682,1136,20563,
300.12137216513014,77622,681,1137,20563,
300.13190186223346,77622,681,1136,20564,
300.1320255939396,77622,680,1137,20564,
300.13230975190487,77622,680,1136,20565,
300.1326332960271,77621,681,1136,20565,
300.1340045708546,77620,682,1136,20565,
300.1342205183798,77619,683,1136,20565,
300.142613939205,77618,684,1136,20565,
300.14263641082516,77618,684,1135,20566,
300.14826037075386,77618,683,1136,20566,
300.1499299237489,77618,683,1135,20567,
300.1502523921428,77618,682,1136,20567,
300.15380191446036,77618,681,1137,20567,
300.1573304448922,77617,682,1137,20567,
300.1592548031487,77617,681,1138,20567,
300.1599816962509,77617,681,1137,20568,
300.16121613964026,77616,682,1137,20568,
300.16177519791745,77615,683,1137,20568,
300.16378258483155,77615,682,1138,20568,
300.1641884356153,77615,682,1137,20569,
300.17158732968375,77614,683,1137,20569,
300.1730299538677,77614,683,1136,20570,
300.17704309728856,77614,683,1135,20571,
300.17766343735775,77614,682,1136,20571,
300.1790962313226,77613,683,1136,20571,
300.1838907581237,77613,683,1135,20572,
300.18717147426634,77613,682,1136,20572,
300.1892505795073,77613,681,1137,20572,
300.18930894372943,77612,682,1137,20572,
300.1926112875563,77611,683,1137,20572,
300.19658199641265,77611,683,1136,20573,
300.19829289353015,77611,682,1137,20573,
300.202282691992,77611,682,1136,20574,
300.20490677326546,77611,681,1137,20574,
300.20811293985884,77611,681,1136,20575,
300.21310227247324,77611,681,1135,20576,
300.2173417731844,77611,680,1136,20576,
300.2177195149413,77610,681,1136,20576,
300.2182224797127,77610,681,1135,20577,
300.2187625682204,77610,681,1134,20578,
300.2218104575238,77610,680,1135,20578,
300.22711019640985,77610,679,1136,20578,
300.2296854583907,77610,678,1137,20578,
300.23383542167505,77610,678,1136,20579,
300.23777100531134,77609,679,1136,20579,
300.2394695373777,77608,680,1136,20579,
300.2405876677066,77608,679,1137,20579,
300.24227044070153,77608,678,1138,20579,
300.2530672195816,77608,677,1139,20579,
300.25336120680765,77608,676,1140,20579,
300.253377356286,77608,676,1139,20580,
300.25400602335895,77608,676,1138,20581,
300.2557645862099,77608,676,1137,20582,
300.26054744798336,77608,675,1138,20582,
300.2610914732892,77608,675,1137,20583,
300.2622462797617,77608,674,1138,20583,
300.2625502003734,77608,673,1139,20583,
300.2630169555395,77607,674,1139,20583,
300.26342993431194,77607,674,1138,20584,
300.26461169827513,77607,674,1137,20585,
300.2658860023534,77607,674,1136,20586,
300.26709641263903,77607,674,1135,20587,
300.2680165032252,77606,675,1135,20587,
300.2716475819724,77606,674,1136,20587,
300.27253961675683,77606,674,1135,20588,
300.27806837586763,77606,673,1136,20588,
300.2788869680686,77605,674,1136,20588,
300.27935460553675,77605,674,1135,20589,
300.2801142431565,77605,674,1134,20590,
300.28398580624213,77605,673,1135,20590,
300.28403256290846,77605,673,1134,20591,
300.285272440428,77604,674,1134,20591,
300.28757462749695,77604,673,1135,20591,
300.2875786544272,77603,674,1135,20591,
300.2876996864259,77603,673,1136,20591,
300.2895576885098,77603,672,1137,20591,
300.2918069921565,77602,673,1137,20591,
300.2940853661244,77601,674,1137,20591,
300.2944540323605,77601,674,1136,20592,
300.2946517955511,77601,673,1137,20592,
300.29503988273973,77600,674,1137,20592,
300.2969787004964,77600,674,1136,20593,
300.29702869910994,77599,675,1136,20593,
300.30691289784335,77599,675,1135,20594,
300.30717424956003,77599,674,1136,20594,
300.30783852805416,77598,675,1136,20594,
300.3081066623212,77597,676,1136,20594,
300.30955503805205,77597,676,1135,20595,
300.3096743045402,77596,677,1135,20595,
300.3102445956659,77596,676,1136,20595,
300.31410874638493,77596,676,1135,20596,
300.3170697686704,77596,675,1136,20596,
300.32796724430847,77596,674,1137,20596,
300.3290920648468,77596,673,1138,20596,
300.3297571692733,77596,672,1139,20596,
300.3388246931301,77596,672,1138,20597,
300.3430029211023,77596,672,1137,20598,
300.3484706200013,77596,671,1138,20598,
300.3489717612844,77596,670,1139,20598,
300.3502388688673,77596,670,1138,20599,
300.3527353565217,77596,669,1139,20599,
300.3567476106583,77596,669,1138,20600,
300.35988707735197,77596,669,1137,20601,
300.36233067446227,77596,669,1136,20602,
300.36389560947003,77596,669,1135,20603,
300.36951699162364,77595,670,1135,20603,
300.3698788981457,77595,670,1134,20604,
300.372525898576,77595,669,1135,20604,
300.3735081004933,77595,669,1134,20605,
300.3761079927244,77594,670,1134,20605,
300.37628721242345,77594,669,1135,20605,
300.3808245922059,77594,668,1136,20605,
300.38178633018697,77594,667,1137,20605,
300.3871041095121,77594,667,1136,20606,
300.38848302093936,77594,667,1135,20607,
300.38861869053454,77594,666,1136,20607,
300.39306736443484,77594,665,1137,20607,
300.3933273310569,77594,664,1138,20607,
300.39769330134686,77593,665,1138,20607,
300.3984108097116,77593,664,1139,20607,
300.4021825788656,77593,663,1140,20607,
300.40266079805605,77593,663,1139,20608,
300.403971020569,77593,662,1140,20608,
300.40470397742297,77593,662,1139,20609,
300.41632136500203,77592,663,1139,20609,
300.41740446837116,77592,662,1140,20609,
300.42741176527045,77592,662,1139,20610,
300.43244649778126,77592,662,1138,20611,
300.43461544678956,77592,662,1137,20612,
300.4366023345149,77591,663,1137,20612,
300.4385856113406,77590,664,1137,20612,
300.4470028467549,77590,664,1136,20613,
300.44719968096217,77590,663,1137,20613,
300.44816438175235,77590,663,1136,20614,
300.4493801754786,77589,664,1136,20614,
300.4513096060118,77588,665,1136,20614,
300.4560690529121,77588,664,1137,20614,
300.4563325750592,77588,663,1138,20614,
300.4611462693277,77587,664,1138,20614,
300.46458153759596,77586,665,1138,20614,
300.467221551946,77585,666,1138,20614,
300.46733942880775,77585,665,1139,20614,
300.467442787768,77584,666,1139,20614,
300.46829504475875,77584,665,1140,20614,
300.4736462933846,77584,665,1139,20615,
300.4739756031979,77584,665,1138,20616,
300.48864447310933,77583,666,1138,20616,
300.4999379349629,77583,665,1139,20616,
300.5001350200167,77583,664,1140,20616,
300.5010194915905,77583,664,1139,20617,
300.5010299909229,77583,664,1138,20618,
300.50967905642636,77582,665,1138,20618,
300.5195325967172,77582,665,1137,20619,
300.51997456324074,77582,664,1138,20619,
300.52349956634913,77582,663,1139,20619,
300.5269953921816,77581,664,1139,20619,
300.52936731927565,77581,663,1140,20619,
300.5294846995427,77581,663,1139,20620,
300.53058519968585,77581,663,1138,20621,
300.5376014302993,77581,663,1137,20622,
300.5378417774725,77580,664,1137,20622,
300.5395102129961,77580,663,1138,20622,
300.54584949415516,77580,663,1137,20623,
300.54978873018655,77580,662,1138,20623,
300.55119791702697,77580,661,1139,20623,
300.5537020286382,77579,662,1139,20623,
300.5570051353431,77579,661,1140,20623,
300.56227395655776,77578,662,1140,20623,
300.56398317943064,77578,662,1139,20624,
300.56404626436085,77578,661,1140,20624,
300.5645196264508,77577,662,1140,20624,
300.5657010019126,77577,661,1141,20624,
300.5679107534143,77577,661,1140,20625,
300.57352876584224,77577,660,1141,20625,
300.57408840454775,77576,661,1141,20625,
300.57799494184627,77576,661,1140,20626,
300.5789175724261,77575,662,1140,20626,
300.58121479265276,77575,662,1139,20627,
300.5829596738289,77575,661,1140,20627,
300.5838965107297,77575,661,1139,20628,
300.585446106178,77575,661,1138,20629,
300.59083813405033,77575,660,1139,20629,
300.59232764990503,77574,661,1139,20629,
300.5963250052913,77573,662,1139,20629,
300.60160941624645,77573,662,1138,20630,
300.60261534630064,77573,662,1137,20631,
300.60394857168205,77572,663,1137,20631,
300.6059475280684,77572,662,1138,20631,
300.60708247804934,77572,662,1137,20632,
300.6082144152589,77572,662,1136,20633,
300.60860935889536,77572,661,1137,20633,
300.6104163219214,77571,662,1137,20633,
300.6143995951337,77571,661,1138,20633,
300.61550730040005,77571,661,1137,20634,
300.61559878413453,77570,662,1137,20634,
300.6239653264183,77570,662,1136,20635,
300.62582538858163,77570,662,1135,20636,
300.63007596438445,77570,661,1136,20636,
300.6302868402105,77569,662,1136,20636,
300.6314250346495,77568,663,1136,20636,
300.6326834528102,77568,662,1137,20636,
300.6343685348355,77567,663,1137,20636,
300.6411867617103,77567,662,1138,20636,
300.6589571538689,77567,662,1137,20637,
300.6636450338873,77567,662,1136,20638,
300.663814100068,77566,663,1136,20638,
300.66581270420755,77566,663,1135,20639,
300.66651578118433,77566,663,1134,20640,
300.6686122197422,77566,663,1133,20641,
300.6689433728574,77566,662,1134,20641,
300.66984089407225,77566,662,1133,20642,
300.6707433988849,77566,661,1134,20642,
300.67606518145107,77566,660,1135,20642,
300.6773275616706,77565,661,1135,20642,
300.67801950303476,77564,662,1135,20642,
300.6801080848449,77564,661,1136,20642,
300.6807118066994,77563,662,1136,20642,
300.682585765093,77563,662,1135,20643,
300.68356518165854,77562,663,1135,20643,
300.6853912024219,77562,662,1136,20643,
300.68762176356256,77561,663,1136,20643,
300.6892393263265,77561,663,1135,20644,
300.691008933107,77561,663,1134,20645,
300.6920289497392,77561,662,1135,20645,
300.69273485304905,77560,663,1135,20645,
300.6948421731978,77560,663,1134,20646,
300.6998599707902,77559,664,1134,20646,
300.7020775092768,77559,663,1135,20646,
300.70778386012427,77559,663,1134,20647,
300.7080947311932,77558,664,1134,20647,
300.7082885879002,77557,665,1134,20647,
300.71409526655475,77557,665,1133,20648,
300.71549146311196,77557,664,1134,20648,
300.72188242244454,77557,664,1133,20649,
300.7238864644802,77556,665,1133,20649,
300.7252677943698,77556,664,1134,20649,
300.73748734630817,77555,665,1134,20649,
300.740449535619,77555,664,1135,20649,
300.7422185427702,77555,664,1134,20650,
300.74721983763766,77555,663,1135,20650,
300.7507975325143,77555,662,1136,20650,
300.7561062706826,77555,661,1137,20650,
300.7576719293248,77555,660,1138,20650,
300.7585864811431,77555,659,1139,20650,
300.7604830421262,77554,660,1139,20650,
300.7654469417095,77554,660,1138,20651,
300.77442687294223,77554,659,1139,20651,
300.77606837647005,77554,659,1138,20652,
300.7773808466223,77554,658,1139,20652,
300.7804175665136,77554,658,1138,20653,
300.7807747047563,77554,658,1137,20654,
300.7822174414433,77554,658,1136,20655,
300.78229917629886,77554,658,1135,20656,
300.7905116705606,77554,658,1134,20657,
300.79366317297547,77553,659,1134,20657,
300.7939973207494,77552,660,1134,20657,
300.79769106403506,77551,661,1134,20657,
300.8011801729269,77551,660,1135,20657,
300.80245631896537,77551,659,1136,20657,
300.8036836656002,77550,660,1136,20657,
300.8047208391526,77550,659,1137,20657,
300.8051441492539,77549,660,1137,20657,
300.8075364490275,77549,659,1138,20657,
300.8081602408246,77548,660,1138,20657,
300.8106559514583,77547,661,1138,20657,
300.81689002077076,77547,661,1137,20658,
300.8171732978639,77547,661,1136,20659,
300.82183432614556,77547,661,1135,20660,
300.8283577425611,77547,660,1136,20660,
300.8303422139187,77547,660,1135,20661,
300.8359396252124,77547,660,1134,20662,
300.8375095425964,77547,660,1133,20663,
300.8388466910298,77547,660,1132,20664,
300.84168579150577,77546,661,1132,20664,
300.8451542063148,77546,661,1131,20665,
300.84566388937276,77546,660,1132,20665,
300.8460528329375,77546,660,1131,20666,
300.848058308203,77546,660,1130,20667,
300.8484255531754,77545,661,1130,20667,
300.85308217371124,77545,660,1131,20667,
300.85685728652294,77544,661,1131,20667,
300.863541568902,77544,660,1132,20667,
300.86994817397056,77544,659,1133,20667,
300.87097239255553,77544,658,1134,20667,
300.8710427140919,77544,657,1135,20667,
300.8717293670703,77543,658,1135,20667,
300.8816387488754,77543,658,1134,20668,
300.8860792679974,77542,659,1134,20668,
300.8861670029895,77541,660,1134,20668,
300.8866947252066,77541,659,1135,20668,
300.88934602939884,77541,658,1136,20668,
300.8920626912306,77541,657,1137,20668,
300.8948759299847,77541,657,1136,20669,
300.8956460361607,77540,658,1136,20669,
300.8962883579401,77540,657,1137,20669,
300.8995496437008,77540,657,1136,20670,
300.90075928600726,77539,658,1136,20670,
300.90171599599887,77539,657,1137,20670,
300.9093454001295,77539,657,1136,20671,
300.9119667237703,77539,656,1137,20671,
300.9154576194481,77539,656,1136,20672,
300.9163393844831,77538,657,1136,20672,
300.9186160356292,77537,658,1136,20672,
300.9188926078242,77537,658,1135,20673,
300.919414394586,77537,658,1134,20674,
300.91961548419846,77537,658,1133,20675,
300.9209316494943,77537,658,1132,20676,
300.92357464045205,77536,659,1132,20676,
300.93044045429633,77536,659,1131,20677,
300.93075228888733,77535,660,1131,20677,
300.93501783003023,77534,661,1131,20677,
300.9387914590303,77534,661,1130,20678,
300.9394377536777,77534,660,1131,20678,
300.9401440212803,77534,659,1132,20678,
300.94121402950987,77534,659,1131,20679,
300.9440660919744,77534,659,1130,20680,
300.94521839911283,77534,659,1129,20681,
300.9495173677982,77533,660,1129,20681,
300.9544193209016,77533,660,1128,20682,
300.95552294919037,77533,660,1127,20683,
300.95566092588996,77532,661,1127,20683,
300.95579044387773,77532,661,1126,20684,
300.9608760260793,77531,662,1126,20684,
300.96133506586244,77531,661,1127,20684,
300.96403213515214,77531,661,1126,20685,
300.96622672864765,77531,660,1127,20685,
300.9662863898362,77530,661,1127,20685,
300.9735351955867,77529,662,1127,20685,
300.9745951424399,77529,661,1128,20685,
300.97542108733063,77529,661,1127,20686,
300.9765542728784,77528,662,1127,20686,
300.9788771800659,77528,662,1126,20687,
300.98229408351744,77528,662,1125,20688,
300.99214959845193,77528,661,1126,20688,
300.9931253404739,77528,660,1127,20688,
300.998208266874,77528,660,1126,20689,
300.99845619142053,77528,660,1125,20690,
301.00052344923273,77528,660,1124,20691,
301.0028472360808,77527,661,1124,20691,
301.0028488458597,77527,661,1123,20692,
301.0142400312524,77527,661,1122,20693,
301.0179196505308,77526,662,1122,20693,
301.0213965863596,77526,661,1123,20693,
301.0230119020524,77525,662,1123,20693,
301.03024692224477,77525,661,1124,20693,
301.0318851541856,77525,661,1123,20694,
301.03367162980504,77525,661,1122,20695,
301.04354576750575,77524,662,1122,20695,
301.04392977158807,77524,662,1121,20696,
301.0448449203985,77524,661,1122,20696,
301.04600411292296,77524,661,1121,20697,
301.04878243454,77524,661,1120,20698,
301.04916202914796,77523,662,1120,20698,
301.0514575601144,77523,661,1121,20698,
301.0518029966807,77523,661,1120,20699,
301.0564601151198,77523,661,1119,20700,
301.0574526599052,77523,661,1118,20701,
301.06482864136717,77523,661,1117,20702,
301.069822469641,77522,662,1117,20702,
301.07477551119104,77521,663,1117,20702,
301.07865282935734,77521,663,1116,20703,
301.0796507439007,77521,662,1117,20703,
301.08356443144714,77520,663,1117,20703,
301.0888459479181,77520,663,1116,20704,
301.09339270605335,77520,663,1115,20705,
301.10081523054936,77520,663,1114,20706,
301.10155200663377,77520,662,1115,20706,
301.10192409697464,77520,661,1116,20706,
301.1044456311185,77520,661,1115,20707,
301.1062257597553,77520,661,1114,20708,
301.10634363701536,77519,662,1114,20708,
301.10951270609905,77519,661,1115,20708,
301.11279280409565,77519,661,1114,20709,
301.11548316475785,77519,660,1115,20709,
301.1181365918517,77519,659,1116,20709,
301.121361123286,77519,658,1117,20709,
301.1233805613178,77519,657,1118,20709,
301.1238475336841,77519,657,1117,20710,
301.13324718430863,77518,658,1117,20710,
301.1345510378597,77517,659,1117,20710,
301.1360170663329,77517,659,1116,20711,
301.13632928050515,77517,658,1117,20711,
301.1387929984329,77516,659,1117,20711,
301.14005833087543,77515,660,1117,20711,
301.14080352973787,77514,661,1117,20711,
301.1432178163289,77513,662,1117,20711,
301.14815857199153,77513,661,1118,20711,
301.1496251003208,77512,662,1118,20711,
301.1530641515032,77511,663,1118,20711,
301.1538977870275,77510,664,1118,20711,
301.15461223426735,77510,663,1119,20711,
301.15542189697874,77510,663,1118,20712,
301.15850049338366,77509,664,1118,20712,
301.1625452315847,77509,664,1117,20713,
301.1629968399484,77509,663,1118,20713,
301.16536974133743,77509,663,1117,20714,
301.16761158992114,77509,662,1118,20714,
301.172034864245,77509,662,1117,20715,
301.17360191631104,77509,662,1116,20716,
301.1753325765376,77509,661,1117,20716,
301.1763041208577,77509,661,1116,20717,
301.1767977323942,77508,662,1116,20717,
301.17722587818184,77507,663,1116,20717,
301.17897027866275,77507,662,1117,20717,
301.1791255915924,77507,662,1116,20718,
301.1804012806443,77507,661,1117,20718,
301.1818138087556,77506,662,1117,20718,
301.1835093758314,77506,662,1116,20719,
301.19091688271965,77506,662,1115,20720,
301.19517282404576,77505,663,1115,20720,
301.19552218643247,77504,664,1115,20720,
301.19687287907607,77504,663,1116,20720,
301.2054572058376,77504,663,1115,20721,
301.2056447512478,77503,664,1115,20721,
301.20677139797004,77503,663,1116,20721,
301.2070473025814,77502,664,1116,20721,
301.21114123802965,77502,663,1117,20721,
301.2144749161842,77501,664,1117,20721,
301.2176264235632,77501,664,1116,20722,
301.21930121636905,77501,664,1115,20723,
301.22367194740235,77501,663,1116,20723,
301.2252667006018,77501,662,1117,20723,
301.2283341395048,77500,663,1117,20723,
301.2309902947587,77500,662,1118,20723,
301.2313398539383,77499,663,1118,20723,
301.23523833501764,77499,662,1119,20723,
301.23815854654674,77499,661,1120,20723,
301.2383202556822,77499,661,1119,20724,
301.2435961205884,77499,660,1120,20724,
301.24878783408496,77499,659,1121,20724,
301.2496061863625,77498,660,1121,20724,
301.25375295112076,77498,659,1122,20724,
301.2576768840636,77498,659,1121,20725,
301.2585237772196,77498,658,1122,20725,
301.2608981361845,77498,658,1121,20726,
301.2609412292101,77498,658,1120,20727,
301.2652231923483,77498,657,1121,20727,
301.2680814285278,77498,656,1122,20727,
301.2687410488769,77498,655,1123,20727,
301.2696166032027,77498,655,1122,20728,
301.27785365994896,77497,656,1122,20728,
301.28399256117336,77496,657,1122,20728,
301.28810234789125,77495,658,1122,20728,
301.2885699277618,77494,659,1122,20728,
301.28936384213387,77494,658,1123,20728,
301.2935267938983,77493,659,1123,20728,
301.2967366012359,77493,659,1122,20729,
301.2967717206834,77492,660,1122,20729,
301.2974923187558,77491,661,1122,20729,
301.2987969243385,77491,660,1123,20729,
301.3005268206787,77491,659,1124,20729,
301.3034005275598,77490,660,1124,20729,
301.30580335236766,77490,660,1123,20730,
301.31440491951486,77489,661,1123,20730,
301.3175356847208,77489,661,1122,20731,
301.32133188359387,77489,661,1121,20732,
301.32168960679974,77488,662,1121,20732,
301.32392874321556,77488,662,1120,20733,
301.32769690694994,77487,663,1120,20733,
301.32861421060585,77487,662,1121,20733,
301.3309360081633,77486,663,1121,20733,
301.3333163285446,77486,663,1120,20734,
301.3394866231741,77485,664,1120,20734,
301.34407984602444,77485,664,1119,20735,
301.3441570775201,77485,664,1118,20736,
301.34452479208727,77485,663,1119,20736,
301.35604993614385,77484,664,1119,20736,
301.35993190830834,77484,663,1120,20736,
301.36004715366676,77483,664,1120,20736,
301.3685354650003,77482,665,1120,20736,
301.37592025336625,77482,665,1119,20737,
301.3876947682267,77482,664,1120,20737,
301.3914797211548,77482,664,1119,20738,
301.3964396182038,77481,665,1119,20738,
301.398079157207,77481,664,1120,20738,
301.3984346213835,77481,664,1119,20739,
301.4048663034344,77481,664,1118,20740,
301.40661673551136,77481,664,1117,20741,
301.40894452668516,77481,663,1118,20741,
301.41416006569625,77480,664,1118,20741,
301.41595187689245,77480,664,1117,20742,
301.4197490106592,77480,664,1116,20743,
301.42637612335676,77479,665,1116,20743,
301.43027763168914,77479,664,1117,20743,
301.43242904137566,77478,665,1117,20743,
301.43385792456866,77478,664,1118,20743,
301.43763014940185,77477,665,1118,20743,
301.4404875285905,77477,664,1119,20743,
301.44229969635705,77476,665,1119,20743,
301.44376581205256,77476,664,1120,20743,
301.4461573511017,77476,663,1121,20743,
301.44714635898424,77475,664,1121,20743,
301.449435857467,77475,664,1120,20744,
301.45045448311146,77475,663,1121,20744,
301.4540747252877,77474,664,1121,20744,
301.460299790795,77473,665,1121,20744,
301.4646245162547,77473,665,1120,20745,
301.47336709116274,77473,664,1121,20745,
301.4743130096445,77473,663,1122,20745,
301.48087064813683,77473,662,1123,20745,
301.48141234150324,77473,662,1122,20746,
301.48302062600465,77473,661,1123,20746,
301.48452990437823,77472,662,1123,20746,
301.48679775829385,77472,662,1122,20747,
301.48732164595344,77472,661,1123,20747,
301.489013892019,77471,662,1123,20747,
301.49532090974407,77471,662,1122,20748,
301.495721512152,77470,663,1122,20748,
301.49885349969145,77470,663,1121,20749,
301.4996421883426,77470,662,1122,20749,
301.50013151195196,77470,662,1121,20750,
301.50374980587617,77470,661,1122,20750,
301.50687132487434,77470,661,1121,20751,
301.5102229937138,77470,660,1122,20751,
301.5117337325229,77470,660,1121,20752,
301.51454561631914,77470,659,1122,20752,
301.5264723500271,77470,658,1123,20752,
301.5289370000352,77470,658,1122,20753,
301.5289730032661,77470,658,1121,20754,
301.5303780925479,77470,658,1120,20755,
301.5361040108398,77470,658,1119,20756,
301.53712045990665,77470,657,1120,20756,
301.5384636788032,77470,657,1119,20757,
301.5394161037135,77470,656,1120,20757,
301.54308721498086,77470,655,1121,20757,
301.5448668081154,77470,654,1122,20757,
301.5460620458049,77470,653,1123,20757,
301.54638897491503,77470,653,1122,20758,
301.54897247114314,77470,652,1123,20758,
301.5532674274733,77469,653,1123,20758,
301.5537513835919,77469,653,1122,20759,
301.5552293662099,77468,654,1122,20759,
301.5570934418201,77468,653,1123,20759,
301.5578511785158,77467,654,1123,20759,
301.5619157708397,77467,654,1122,20760,
301.5679158481934,77467,654,1121,20761,
301.57184588583823,77467,654,1120,20762,
301.5727585556761,77467,654,1119,20763,
301.5738210472282,77466,655,1119,20763,
301.5823765827624,77466,655,1118,20764,
301.583905060753,77465,656,1118,20764,
301.5851088644264,77465,656,1117,20765,
301.5857291173311,77465,655,1118,20765,
301.58883380556153,77465,655,1117,20766,
301.5936361369551,77465,654,1118,20766,
301.5937690074189,77465,653,1119,20766,
301.5943031493879,77465,652,1120,20766,
301.5974494143,77465,651,1121,20766,
301.6013778758735,77464,652,1121,20766,
301.60486741382687,77464,652,1120,20767,
301.6049779379908,77464,651,1121,20767,
301.60998711194003,77463,652,1121,20767,
301.61337054645736,77462,653,1121,20767,
301.6144937969931,77462,653,1120,20768,
301.6154606506465,77462,652,1121,20768,
301.62801660145385,77462,652,1120,20769,
301.63262150879666,77461,653,1120,20769,
301.63495402944847,77461,653,1119,20770,
301.6364014651727,77461,653,1118,20771,
301.6407301334371,77460,654,1118,20771,
301.6420413912047,77459,655,1118,20771,
301.64220949842075,77458,656,1118,20771,
301.64400524633913,77458,655,1119,20771,
301.644255529407,77457,656,1119,20771,
301.6452671487723,77456,657,1119,20771,
301.64538044287804,77456,657,1118,20772,
301.6461394943867,77455,658,1118,20772,
301.6477047622589,77455,658,1117,20773,
301.64985192284223,77455,658,1116,20774,
301.6512540823197,77455,657,1117,20774,
301.6518180335469,77454,658,1117,20774,
301.6598923260809,77454,657,1118,20774,
301.6604755283527,77453,658,1118,20774,
301.66096357983696,77453,658,1117,20775,
301.6624634852267,77452,659,1117,20775,
301.6630563321149,77452,658,1118,20775,
301.6630967558322,77452,657,1119,20775,
301.66545519555194,77451,658,1119,20775,
301.66644116195107,77451,657,1120,20775,
301.6688504196159,77451,656,1121,20775,
301.6704073717831,77451,656,1120,20776,
301.6723154975316,77451,655,1121,20776,
301.6742459641178,77451,655,1120,20777,
301.67564839762036,77451,655,1119,20778,
301.67761605075367,77451,654,1120,20778,
301.6806880755632,77450,655,1120,20778,
301.6899719493131,77450,654,1121,20778,
301.6955133599489,77450,653,1122,20778,
301.6968397688782,77450,652,1123,20778,
301.698914988352,77449,653,1123,20778,
301.7008869266593,77449,653,1122,20779,
301.7026811199019,77448,654,1122,20779,
301.70284521275244,77448,654,1121,20780,
301.7030795250279,77448,654,1120,20781,
301.70513381166586,77448,653,1121,20781,
301.7056937754057,77448,653,1120,20782,
301.70910846655613,77447,654,1120,20782,
301.7091543514888,77447,653,1121,20782,
301.7095095512936,77447,652,1122,20782,
301.71144308381747,77447,651,1123,20782,
301.7120476120668,77447,651,1122,20783,
301.7125814879321,77447,651,1121,20784,
301.71496680218104,77447,651,1120,20785,
301.71561074205675,77447,650,1121,20785,
301.72083648672657,77446,651,1121,20785,
301.720923160481,77446,651,1120,20786,
301.72385143201205,77446,651,1119,20787,
301.72477574983475,77445,652,1119,20787,
301.72565769837655,77445,652,1118,20788,
301.73758456294047,77444,653,1118,20788,
301.7406852721334,77443,654,1118,20788,
301.74435108052495,77443,654,1117,20789,
301.7544169584152,77443,654,1116,20790,
301.75691495886576,77443,654,1115,20791,
301.75817298820004,77442,655,1115,20791,
301.76070052293727,77442,654,1116,20791,
301.7626231630791,77442,654,1115,20792,
301.76267156619593,77442,653,1116,20792,
301.7627020379459,77442,652,1117,20792,
301.76696571334764,77441,653,1117,20792,
301.76716063682204,77440,654,1117,20792,
301.7688085955188,77440,654,1116,20793,
301.7694809880607,77440,654,1115,20794,
301.7704597865747,77440,654,1114,20795,
301.7730857363672,77440,653,1115,20795,
301.7740608493807,77440,653,1114,20796,
301.7769236628529,77440,652,1115,20796,
301.777595261534,77440,652,1114,20797,
301.79031038828873,77439,653,1114,20797,
301.7904794097213,77438,654,1114,20797,
301.7909579968991,77438,654,1113,20798,
301.7923082629703,77438,653,1114,20798,
301.79569538575635,77438,652,1115,20798,
301.7977527172639,77437,653,1115,20798,
301.8012600862973,77437,653,1114,20799,
301.8012725999316,77436,654,1114,20799,
301.80181735450964,77436,654,1113,20800,
301.8021818253766,77436,654,1112,20801,
301.8044010421204,77436,653,1113,20801,
301.8078614806723,77436,653,1112,20802,
301.80952081308294,77436,652,1113,20802,
301.81004821758603,77436,651,1114,20802,
301.81677506589836,77435,652,1114,20802,
301.8171436881975,77435,651,1115,20802,
301.8180829675199,77435,650,1116,20802,
301.81941260846435,77434,651,1116,20802,
301.8347894306881,77434,650,1117,20802,
301.8414076831903,77433,651,1117,20802,
301.8445779904454,77432,652,1117,20802,
301.84684631839656,77432,652,1116,20803,
301.84789082929626,77432,651,1117,20803,
301.84944242913645,77432,651,1116,20804,
301.85246744739663,77432,650,1117,20804,
301.8546711842109,77431,651,1117,20804,
301.85527992686855,77431,650,1118,20804,
301.8582419899144,77431,650,1117,20805,
301.8608212039384,77430,651,1117,20805,
301.8650755400378,77430,651,1116,20806,
301.8655324088765,77430,650,1117,20806,
301.8665699667754,77429,651,1117,20806,
301.86673308469136,77428,652,1117,20806,
301.86730324318967,77428,652,1116,20807,
301.872094186184,77428,652,1115,20808,
301.87387389097677,77428,652,1114,20809,
301.87458662950627,77428,652,1113,20810,
301.87855510147745,77428,652,1112,20811,
301.8787962824755,77428,652,1111,20812,
301.8798096462954,77427,653,1111,20812,
301.8824954073104,77426,654,1111,20812,
301.89069084120047,77425,655,1111,20812,
301.8907945857904,77425,655,1110,20813,
301.89084916602326,77424,656,1110,20813,
301.8924188277245,77423,657,1110,20813,
301.89782107674,77423,656,1111,20813,
301.8982926715857,77423,656,1110,20814,
301.899882834371,77422,657,1110,20814,
301.9000281526322,77421,658,1110,20814,
301.90250211620616,77420,659,1110,20814,
301.9066247081329,77419,660,1110,20814,
301.90969255376984,77419,659,1111,20814,
301.913139081224,77419,659,1110,20815,
301.91468140363753,77419,659,1109,20816,
301.91713162686295,77419,659,1108,20817,
301.9256642313824,77418,660,1108,20817,
301.92779474605203,77418,660,1107,20818,
301.93612856610565,77418,660,1106,20819,
301.9365890034094,77418,659,1107,20819,
301.9370132293001,77418,659,1106,20820,
301.9370274967366,77418,659,1105,20821,
301.93716349433015,77418,658,1106,20821,
301.94541832746273,77418,658,1105,20822,
301.9481365687705,77417,659,1105,20822,
301.9567080992349,77417,658,1106,20822,
301.96114317648664,77417,657,1107,20822,
301.9642503980761,77417,656,1108,20822,
301.9653694465063,77416,657,1108,20822,
301.96644162181144,77416,657,1107,20823,
301.9665337226134,77416,656,1108,20823,
301.96709599792393,77415,657,1108,20823,
301.9696198350303,77415,656,1109,20823,
301.970681848029,77414,657,1109,20823,
301.9713527178589,77414,656,1110,20823,
301.971818351009,77414,655,1111,20823,
301.9766528910073,77414,655,1110,20824,
301.97922048401307,77414,655,1109,20825,
301.98119006383996,77413,656,1109,20825,
301.9812968257144,77412,657,1109,20825,
301.9837476290013,77412,656,1110,20825,
301.99208945555625,77412,656,1109,20826,
301.99346100631493,77412,655,1110,20826,
301.99401922074327,77411,656,1110,20826,
301.99559156340354,77411,655,1111,20826,
301.996947471536,77411,655,1110,20827,
301.9993395984752,77411,654,1111,20827,
302.000192240389,77411,654,1110,20828,
302.00209671096957,77410,655,1110,20828,
302.00353812769043,77409,656,1110,20828,
302.00693246449026,77408,657,1110,20828,
302.0069326504544,77408,656,1111,20828,
302.0078823043434,77408,655,1112,20828,
302.00827911674264,77407,656,1112,20828,
302.00889180074864,77407,655,1113,20828,
302.00979160513145,77407,654,1114,20828,
302.01038395408506,77407,654,1113,20829,
302.01046401586416,77407,654,1112,20830,
302.01077091141855,77407,653,1113,20830,
302.0178799179663,77407,653,1112,20831,
302.0189016924674,77407,653,1111,20832,
302.0194464134464,77407,653,1110,20833,
302.0232559869083,77407,652,1111,20833,
302.0244210695215,77407,651,1112,20833,
302.02638546667214,77407,650,1113,20833,
302.0293369589673,77406,651,1113,20833,
302.02983280182923,77405,652,1113,20833,
302.0304932933698,77405,652,1112,20834,
302.0308420654917,77405,651,1113,20834,
302.03403077206985,77404,652,1113,20834,
302.0353557199922,77404,651,1114,20834,
302.0374470469496,77404,651,1113,20835,
302.03926977393735,77404,650,1114,20835,
302.0416131238188,77403,651,1114,20835,
302.04326639764724,77402,652,1114,20835,
302.047795171585,77402,651,1115,20835,
302.0529641240923,77402,651,1114,20836,
302.0536996075343,77402,651,1113,20837,
302.05676899447946,77401,652,1113,20837,
302.0630373235561,77401,652,1112,20838,
302.06333828516466,77401,651,1113,20838,
302.0687457381041,77401,650,1114,20838,
302.0701289691492,77401,649,1115,20838,
302.0701898888967,77401,649,1114,20839,
302.0714303131759,77401,649,1113,20840,
302.07331101567553,77401,648,1114,20840,
302.07339957325235,77401,648,1113,20841,
302.078163745483,77400,649,1113,20841,
302.08433630911503,77400,648,1114,20841,
302.0866046118184,77400,647,1115,20841,
302.09066140484384,77400,647,1114,20842,
302.095245149659,77400,646,1115,20842,
302.09625508162094,77400,645,1116,20842,
302.09690261916205,77400,644,1117,20842,
302.103803069218,77400,643,1118,20842,
302.105506619151,77399,644,1118,20842,
302.1066895269168,77398,645,1118,20842,
302.1105871506419,77398,644,1119,20842,
302.1160540675335,77398,643,1120,20842,
302.1190089610252,77398,642,1121,20842,
302.1196334159692,77398,642,1120,20843,
302.1234053775071,77397,643,1120,20843,
302.12668803025895,77396,644,1120,20843,
302.1367149408356,77395,645,1120,20843,
302.1382723399303,77395,645,1119,20844,
302.1622532552613,77395,645,1118,20845,
302.1622826483288,77394,646,1118,20845,
302.1638794768683,77393,647,1118,20845,
302.1650402895148,77393,646,1119,20845,
302.16784406471254,77392,647,1119,20845,
302.16948775582847,77392,647,1118,20846,
302.17053248096073,77392,647,1117,20847,
302.1726934991509,77392,647,1116,20848,
302.1740158775289,77392,646,1117,20848,
302.1773554310183,77391,647,1117,20848,
302.177536404112,77391,647,1116,20849,
302.1787483387599,77391,646,1117,20849,
302.1880094849202,77391,646,1116,20850,
302.18910592058637,77391,645,1117,20850,
302.1943503813063,77391,644,1118,20850,
302.1951654819004,77390,645,1118,20850,
302.19638414601854,77390,644,1119,20850,
302.20370017721046,77390,644,1118,20851,
302.2076739869445,77390,643,1119,20851,
302.2106146334138,77390,643,1118,20852,
302.21097304828044,77389,644,1118,20852,
302.2163490356923,77388,645,1118,20852,
302.2171678041509,77388,644,1119,20852,
302.22318914466194,77388,644,1118,20853,
302.2302754294976,77388,644,1117,20854,
302.23108304682097,77388,643,1118,20854,
302.23132050624366,77387,644,1118,20854,
302.2321070613381,77387,643,1119,20854,
302.23276418003866,77387,642,1120,20854,
302.2333983373569,77386,643,1120,20854,
302.23560356925867,77386,642,1121,20854,
302.2384079154468,77385,643,1121,20854,
302.2390569368767,77384,644,1121,20854,
302.2398587732896,77383,645,1121,20854,
302.24447867758187,77382,646,1121,20854,
302.24594206012785,77382,645,1122,20854,
302.24713453634524,77382,645,1121,20855,
302.24798606823055,77381,646,1121,20855,
302.2482646252012,77381,646,1120,20856,
302.2547578761255,77380,647,1120,20856,
302.25778133676806,77380,646,1121,20856,
302.2598549539107,77380,645,1122,20856,
302.266222468478,77380,645,1121,20857,
302.2668256811924,77380,645,1120,20858,
302.27057185429317,77379,646,1120,20858,
302.27199325657557,77379,645,1121,20858,
302.27343987197827,77379,644,1122,20858,
302.2767073430368,77379,643,1123,20858,
302.27763752991757,77379,643,1122,20859,
302.27921470891897,77378,644,1122,20859,
302.28462504271397,77378,644,1121,20860,
302.2867372692704,77378,644,1120,20861,
302.29201946545095,77378,643,1121,20861,
302.29436968645217,77377,644,1121,20861,
302.2955178262987,77376,645,1121,20861,
302.3018958268083,77375,646,1121,20861,
302.30230644000846,77375,645,1122,20861,
302.3035047659004,77374,646,1122,20861,
302.3096393198371,77374,646,1121,20862,
302.3143440503648,77374,645,1122,20862,
302.31477086365345,77374,645,1121,20863,
302.31495287129286,77374,645,1120,20864,
302.31598987039456,77374,645,1119,20865,
302.31670417673087,77374,645,1118,20866,
302.3174546502945,77374,644,1119,20866,
302.3187944277111,77373,645,1119,20866,
302.3204051451619,77372,646,1119,20866,
302.3217846252955,77372,645,1120,20866,
302.3244270767419,77371,646,1120,20866,
302.3252484472774,77371,645,1121,20866,
302.33092568959086,77371,645,1120,20867,
302.33205903884397,77371,644,1121,20867,
302.3391729895508,77371,643,1122,20867,
302.34290901253144,77371,643,1121,20868,
302.3461164580841,77371,642,1122,20868,
302.34813792529593,77371,642,1121,20869,
302.3529421197586,77370,643,1121,20869,
302.35744847765386,77370,643,1120,20870,
302.3683443194086,77370,643,1119,20871,
302.36839739551453,77370,643,1118,20872,
302.3694875200565,77369,644,1118,20872,
302.3729280144105,77369,643,1119,20872,
302.3734628553955,77369,642,1120,20872,
302.3743766356804,77369,641,1121,20872,
302.3806120068059,77369,640,1122,20872,
302.38257099450317,77369,639,1123,20872,
302.3834518397277,77369,638,1124,20872,
302.38351363360096,77369,637,1125,20872,
302.386001536498,77369,637,1124,20873,
302.3868941837449,77369,636,1125,20873,
302.3898913749713,77368,637,1125,20873,
302.38993025995313,77368,636,1126,20873,
302.39310415025835,77368,636,1125,20874,
302.39502277559643,77368,635,1126,20874,
302.395721888233,77367,636,1126,20874,
302.39668865692653,77367,635,1127,20874,
302.40255080847385,77367,634,1128,20874,
302.40460593115444,77367,633,1129,20874,
302.4108501480997,77367,633,1128,20875,
302.41194418585997,77367,632,1129,20875,
302.4123703791701,77367,631,1130,20875,
302.414785378964,77366,632,1130,20875,
302.4221740941061,77366,631,1131,20875,
302.4250411995598,77365,632,1131,20875,
302.4282829112941,77365,632,1130,20876,
302.436167530725,77365,632,1129,20877,
302.43664030765177,77365,631,1130,20877,
302.4445409460408,77365,631,1129,20878,
302.44760192397314,77365,631,1128,20879,
302.44890432671195,77365,630,1129,20879,
302.4491353214467,77365,629,1130,20879,
302.449324565056,77364,630,1130,20879,
302.45225856307616,77364,630,1129,20880,
302.4537584764568,77364,630,1128,20881,
302.4539153625733,77363,631,1128,20881,
302.45688945307984,77363,631,1127,20882,
302.4582357716064,77363,631,1126,20883,
302.459311814733,77362,632,1126,20883,
302.4631746096939,77362,631,1127,20883,
302.4636116316251,77362,630,1128,20883,
302.4653526513746,77362,629,1129,20883,
302.4673099577686,77362,629,1128,20884,
302.4707688534708,77362,629,1127,20885,
302.4725150738739,77361,630,1127,20885,
302.4764564804385,77360,631,1127,20885,
302.47669625026,77360,631,1126,20886,
302.47696907337155,77359,632,1126,20886,
302.47915100743495,77359,631,1127,20886,
302.4799376171068,77359,631,1126,20887,
302.4808311174401,77359,631,1125,20888,
302.48318986349847,77359,631,1124,20889,
302.4908069071383,77358,632,1124,20889,
302.49289283870974,77358,632,1123,20890,
302.49458069373486,77358,631,1124,20890,
302.49847286931583,77358,630,1125,20890,
302.4990870556191,77358,630,1124,20891,
302.49949146250896,77358,630,1123,20892,
302.5010703717993,77358,630,1122,20893,
302.50132824734993,77357,631,1122,20893,
302.5033412595325,77357,631,1121,20894,
302.5061018943715,77357,631,1120,20895,
302.50699812979803,77357,631,1119,20896,
302.508588408913,77357,630,1120,20896,
302.50999290509924,77357,629,1121,20896,
302.51250656484945,77357,629,1120,20897,
302.5152882227415,77357,629,1119,20898,
302.5157137527848,77356,630,1119,20898,
302.51944867392194,77355,631,1119,20898,
302.5207866754895,77354,632,1119,20898,
302.5211294612044,77353,633,1119,20898,
302.5227408670565,77353,633,1118,20899,
302.52374643926703,77352,634,1118,20899,
302.52812299275143,77352,633,1119,20899,
302.52885184004333,77351,634,1119,20899,
302.530927059158,77351,634,1118,20900,
302.53229196864976,77350,635,1118,20900,
302.5371441753173,77350,634,1119,20900,
302.5429935140856,77350,634,1118,20901,
302.5445718557089,77349,635,1118,20901,
302.5449497301743,77348,636,1118,20901,
302.54643278667515,77347,637,1118,20901,
302.5508148408028,77347,636,1119,20901,
302.5569897476691,77347,636,1118,20902,
302.5633232986458,77347,635,1119,20902,
302.5643259480191,77346,636,1119,20902,
302.56846768576014,77346,636,1118,20903,
302.5702368730652,77346,635,1119,20903,
302.57202947787414,77346,634,1120,20903,
302.5738171109428,77346,633,1121,20903,
302.5746388719443,77345,634,1121,20903,
302.5771477941196,77344,635,1121,20903,
302.5905096957203,77344,634,1122,20903,
302.59316766223964,77343,635,1122,20903,
302.59417462711906,77343,635,1121,20904,
302.59446734039847,77343,634,1122,20904,
302.59732871672065,77342,635,1122,20904,
302.5992709989455,77342,635,1121,20905,
302.5996298534037,77342,635,1120,20906,
302.60052804239666,77342,635,1119,20907,
302.6005282057106,77341,636,1119,20907,
302.60715430772154,77341,635,1120,20907,
302.61115077323655,77341,634,1121,20907,
302.61237299006643,77341,634,1120,20908,
302.61811657777724,77341,634,1119,20909,
302.61929957616746,77341,634,1118,20910,
302.61966108558636,77341,633,1119,20910,
302.62140699773477,77340,634,1119,20910,
302.6257499274151,77340,633,1120,20910,
302.62774337332866,77339,634,1120,20910,
302.63968934054515,77339,633,1121,20910,
302.64085130099085,77339,633,1120,20911,
302.64107300637795,77339,633,1119,20912,
302.6424934923496,77339,633,1118,20913,
302.6534786981297,77339,632,1119,20913,
302.65578348841103,77338,633,1119,20913,
302.657559875603,77338,632,1120,20913,
302.6590796963953,77338,631,1121,20913,
302.662250768281,77337,632,1121,20913,
302.6651207124035,77337,631,1122,20913,
302.6680427218476,77337,631,1121,20914,
302.66821484455465,77337,630,1122,20914,
302.6691235985499,77337,630,1121,20915,
302.67210366707906,77337,629,1122,20915,
302.6738092711406,77336,630,1122,20915,
302.67700132343265,77336,630,1121,20916,
302.68211154435505,77336,630,1120,20917,
302.6850294668225,77335,631,1120,20917,
302.6866515655107,77335,631,1119,20918,
302.68707670667425,77334,632,1119,20918,
302.6872035454764,77333,633,1119,20918,
302.6875715287634,77333,632,1120,20918,
302.6876685237227,77333,632,1119,20919,
302.69205058614017,77333,632,1118,20920,
302.69308314970806,77333,631,1119,20920,
302.6955949108479,77332,632,1119,20920,
302.6991894460514,77332,632,1118,20921,
302.6998729486257,77331,633,1118,20921,
302.7021173137204,77330,634,1118,20921,
302.7073423223709,77330,634,1117,20922,
302.7100164633761,77330,633,1118,20922,
302.713094487312,77329,634,1118,20922,
302.7136267644155,77329,633,1119,20922,
302.71913539478703,77329,632,1120,20922,
302.71971589723455,77329,632,1119,20923,
302.7217516429051,77329,631,1120,20923,
302.72220111686255,77329,630,1121,20923,
302.7223871119875,77328,631,1121,20923,
302.7280235252986,77328,631,1120,20924,
302.7308910208451,77327,632,1120,20924,
302.7330657989223,77326,633,1120,20924,
302.7346470955756,77325,634,1120,20924,
302.7365533565546,77324,635,1120,20924,
302.7480207303665,77324,635,1119,20925,
302.749380278372,77323,636,1119,20925,
302.75567012913103,77322,637,1119,20925,
302.7571155073979,77322,637,1118,20926,
302.75931525562606,77322,636,1119,20926,
302.75971936480454,77322,636,1118,20927,
302.76310922212974,77322,635,1119,20927,
302.7643423310248,77322,634,1120,20927,
302.77002518699487,77321,635,1120,20927,
302.77554749046396,77321,634,1121,20927,
302.7813070489985,77321,634,1120,20928,
302.781959399805,77320,635,1120,20928,
302.7863089719939,77319,636,1120,20928,
302.7895386417542,77319,636,1119,20929,
302.7984605230001,77318,637,1119,20929,
302.8010014461834,77318,637,1118,20930,
302.8032373917354,77318,637,1117,20931,
302.80379899370644,77317,638,1117,20931,
302.81866583403416,77317,637,1118,20931,
302.8199195969659,77317,637,1117,20932,
302.8222641941383,77317,636,1118,20932,
302.8226436985812,77316,637,1118,20932,
302.82273533478997,77316,636,1119,20932,
302.82401429057546,77316,635,1120,20932,
302.8261199868562,77316,634,1121,20932,
302.82775025255074,77316,633,1122,20932,
302.8310482353022,77316,632,1123,20932,
302.8317350020132,77315,633,1123,20932,
302.83201866430045,77314,634,1123,20932,
302.8346752131398,77313,635,1123,20932,
302.8372545835525,77312,636,1123,20932,
302.8385088275779,77312,636,1122,20933,
302.8396718032362,77311,637,1122,20933,
302.84086029012514,77311,637,1121,20934,
302.84206760266306,77311,636,1122,20934,
302.84902006321227,77311,636,1121,20935,
302.85004098749585,77311,636,1120,20936,
302.85013359141385,77311,636,1119,20937,
302.850841938039,77311,636,1118,20938,
302.85209044529387,77310,637,1118,20938,
302.8531762679716,77310,636,1119,20938,
302.86159728906796,77309,637,1119,20938,
302.8635238177014,77308,638,1119,20938,
302.8729841149101,77308,637,1120,20938,
302.87416128378345,77308,637,1119,20939,
302.8751660420411,77308,636,1120,20939,
302.87926462576354,77307,637,1120,20939,
302.8802807931942,77306,638,1120,20939,
302.88745662581,77305,639,1120,20939,
302.8879353365807,77305,638,1121,20939,
302.8896317240098,77305,638,1120,20940,
302.88989363079116,77305,637,1121,20940,
302.8951536867555,77305,637,1120,20941,
302.89969231628345,77305,636,1121,20941,
302.9000696955185,77305,635,1122,20941,
302.90819477971905,77304,636,1122,20941,
302.9086371980507,77303,637,1122,20941,
302.9121722244292,77303,637,1121,20942,
302.9135945118586,77303,637,1120,20943,
302.91615196285653,77303,636,1121,20943,
302.916447615255,77302,637,1121,20943,
302.91889470308365,77302,636,1122,20943,
302.9194860964967,77301,637,1122,20943,
302.9216783444154,77301,637,1121,20944,
302.9220994730285,77300,638,1121,20944,
302.926352835653,77299,639,1121,20944,
302.92879501673,77298,640,1121,20944,
302.9290968569619,77298,640,1120,20945,
302.93429031785433,77298,640,1119,20946,
302.93509025621984,77298,640,1118,20947,
302.93915290438537,77297,641,1118,20947,
302.94302365129147,77296,642,1118,20947,
302.94347727086017,77296,641,1119,20947,
302.9466338082007,77296,640,1120,20947,
302.9472714030945,77296,639,1121,20947,
302.9484922441041,77296,639,1120,20948,
302.9521204418716,77296,638,1121,20948,
302.9521950557357,77295,639,1121,20948,
302.9551750919777,77295,638,1122,20948,
302.9554589415216,77294,639,1122,20948,
302.9554796071089,77294,639,1121,20949,
302.9572889668119,77293,640,1121,20949,
302.9594254777629,77293,639,1122,20949,
302.9609339389085,77293,639,1121,20950,
302.9631752646748,77293,638,1122,20950,
302.9645088645157,77292,639,1122,20950,
302.96676347499476,77292,639,1121,20951,
302.97111798990073,77292,639,1120,20952,
302.9712410584339,77292,638,1121,20952,
302.98198422292614,77292,638,1120,20953,
302.9826828184578,77291,639,1120,20953,
302.98328853365655,77291,638,1121,20953,
302.98572053472645,77291,637,1122,20953,
302.9857395222833,77290,638,1122,20953,
302.99075540670736,77290,637,1123,20953,
302.9909317056896,77290,636,1124,20953,
302.9940678265388,77290,636,1123,20954,
302.9992139691481,77290,635,1124,20954,
303.00299644475615,77290,634,1125,20954,
303.00432826262363,77290,634,1124,20955,
303.00857114288425,77289,635,1124,20955,
303.01084784906664,77289,635,1123,20956,
303.01112829392866,77288,636,1123,20956,
303.01237676255363,77288,636,1122,20957,
303.0128658816144,77288,636,1121,20958,
303.0140998610205,77287,637,1121,20958,
303.0144190414165,77287,636,1122,20958,
303.0146684140299,77287,636,1121,20959,
303.0201910187155,77287,635,1122,20959,
303.0217184140645,77287,634,1123,20959,
303.0228228545722,77287,634,1122,20960,
303.0229387843726,77287,633,1123,20960,
303.02806438183853,77286,634,1123,20960,
303.03045092330217,77286,634,1122,20961,
303.032774386231,77285,635,1122,20961,
303.0335606704541,77285,635,1121,20962,
303.0385448526056,77284,636,1121,20962,
303.0385745379851,77284,636,1120,20963,
303.0418000676052,77283,637,1120,20963,
303.0420158309885,77283,637,1119,20964,
303.0441388740786,77283,637,1118,20965,
303.0468636882063,77282,638,1118,20965,
303.0508369650181,77282,637,1119,20965,
303.05565883676167,77282,636,1120,20965,
303.058773565961,77281,637,1120,20965,
303.0624350759791,77281,637,1119,20966,
303.0664698134217,77280,638,1119,20966,
303.0671592857582,77280,637,1120,20966,
303.0674431834937,77280,637,1119,20967,
303.0693645211422,77279,638,1119,20967,
303.0694880665413,77279,637,1120,20967,
303.06980325869984,77279,637,1119,20968,
303.0718900243844,77278,638,1119,20968,
303.07342669441636,77278,638,1118,20969,
303.07472668705515,77278,637,1119,20969,
303.07679728761866,77278,636,1120,20969,
303.07851040927284,77278,636,1119,20970,
303.0825962970489,77278,635,1120,20970,
303.0874574170583,77277,636,1120,20970,
303.08960084514865,77277,635,1121,20970,
303.09344013308174,77276,636,1121,20970,
303.09599209007797,77276,635,1122,20970,
303.0961482859747,77275,636,1122,20970,
303.0975892588213,77274,637,1122,20970,
303.0981587447293,77274,637,1121,20971,
303.10226890184344,77274,637,1120,20972,
303.1042350418867,77273,638,1120,20972,
303.10622751223383,77273,638,1119,20973,
303.10738276711385,77273,637,1120,20973,
303.1122166035271,77273,636,1121,20973,
303.11381654687966,77273,636,1120,20974,
303.1165846312098,77272,637,1120,20974,
303.1175712194589,77271,638,1120,20974,
303.13227046415733,77270,639,1120,20974,
303.13729148388535,77270,638,1121,20974,
303.137808840481,77270,638,1120,20975,
303.1386269229303,77269,639,1120,20975,
303.14017136660965,77268,640,1120,20975,
303.143068165396,77268,640,1119,20976,
303.14317823623685,77268,640,1118,20977,
303.14805184010476,77268,640,1117,20978,
303.14837923390786,77268,639,1118,20978,
303.14931766589143,77268,638,1119,20978,
303.14993205484075,77268,638,1118,20979,
303.1518514618017,77267,639,1118,20979,
303.15506828873464,77267,638,1119,20979,
303.15511209422493,77267,637,1120,20979,
303.15549442443825,77267,636,1121,20979,
303.15995361144167,77266,637,1121,20979,
303.16123782224855,77266,637,1120,20980,
303.16144204634867,77266,636,1121,20980,
303.162807910528,77266,635,1122,20980,
303.16649201988406,77266,635,1121,20981,
303.1686145762737,77266,634,1122,20981,
303.1704417538246,77266,634,1121,20982,
303.17190422746336,77266,634,1120,20983,
303.1765410379219,77266,634,1119,20984,
303.176755598625,77266,633,1120,20984,
303.18129610420885,77266,633,1119,20985,
303.18277359567173,77266,633,1118,20986,
303.1837590956056,77266,633,1117,20987,
303.1841748483771,77266,633,1116,20988,
303.1923086378541,77266,633,1115,20989,
303.19825793933916,77266,633,1114,20990,
303.2006572984077,77266,633,1113,20991,
303.20067311907405,77266,633,1112,20992,
303.2014111313494,77266,632,1113,20992,
303.2033876756533,77266,632,1112,20993,
303.2059204994125,77266,631,1113,20993,
303.20781451891446,77266,630,1114,20993,
303.2101971120422,77266,629,1115,20993,
303.2122099477643,77266,629,1114,20994,
303.21537576213905,77265,630,1114,20994,
303.21599013910685,77265,630,1113,20995,
303.2181381198802,77265,630,1112,20996,
303.2186033494462,77264,631,1112,20996,
303.2277742329122,77264,630,1113,20996,
303.22883185879715,77263,631,1113,20996,
303.23032998174455,77263,631,1112,20997,
303.23187662536407,77263,631,1111,20998,
303.23464726859663,77263,631,1110,20999,
303.24299628198264,77263,630,1111,20999,
303.2432609832695,77263,629,1112,20999,
303.2466290378893,77263,629,1111,21000,
303.24932688739005,77263,629,1110,21001,
303.25072515286587,77262,630,1110,21001,
303.25313821317275,77262,629,1111,21001,
303.2589181501182,77261,630,1111,21001,
303.26356620659476,77261,629,1112,21001,
303.26542144639444,77261,629,1111,21002,
303.26784410237354,77260,630,1111,21002,
303.2719986377472,77260,629,1112,21002,
303.2720312099458,77260,629,1111,21003,
303.2775014432012,77259,630,1111,21003,
303.2777718587383,77259,630,1110,21004,
303.2798983789311,77258,631,1110,21004,
303.2849812736894,77258,631,1109,21005,
303.2859123307122,77258,630,1110,21005,
303.28710180699943,77258,629,1111,21005,
303.2874474560495,77257,630,1111,21005,
303.28938380272825,77257,629,1112,21005,
303.2914708417495,77256,630,1112,21005,
303.2922922452861,77256,630,1111,21006,
303.2989206363015,77256,630,1110,21007,
303.3000999213363,77256,629,1111,21007,
303.30219251050795,77255,630,1111,21007,
303.30315901090376,77255,630,1110,21008,
303.30547383089856,77254,631,1110,21008,
303.3140525815032,77253,632,1110,21008,
303.31486203887454,77253,632,1109,21009,
303.31619645079,77252,633,1109,21009,
303.31857760361453,77252,632,1110,21009,
303.3187219020186,77251,633,1110,21009,
303.33893632803967,77251,632,1111,21009,
303.34356863118217,77251,632,1110,21010,
303.3473601525783,77250,633,1110,21010,
303.35143937892127,77250,633,1109,21011,
303.35218497579837,77249,634,1109,21011,
303.35303577633744,77248,635,1109,21011,
303.35593091243607,77247,636,1109,21011,
303.3591431467053,77246,637,1109,21011,
303.359263736985,77245,638,1109,21011,
303.3622268698116,77245,637,1110,21011,
303.3652155345871,77245,636,1111,21011,
303.36650895797266,77245,635,1112,21011,
303.37355039384465,77244,636,1112,21011,
303.3751903447995,77244,636,1111,21012,
303.3895568594043,77244,635,1112,21012,
303.3921682968019,77244,634,1113,21012,
303.3924615849978,77244,633,1114,21012,
303.39315228925113,77244,633,1113,21013,
303.3992631703259,77244,633,1112,21014,
303.4018458519837,77244,633,1111,21015,
303.4078283201632,77243,634,1111,21015,
303.4091611714541,77243,633,1112,21015,
303.41491972453287,77243,632,1113,21015,
303.41682396983094,77243,631,1114,21015,
303.42039346616195,77243,631,1113,21016,
303.42137971675197,77243,630,1114,21016,
303.4245671083618,77243,629,1115,21016,
303.4282013669407,77243,629,1114,21017,
303.43025944480286,77243,628,1115,21017,
303.44009369464726,77243,627,1116,21017,
303.4427713411692,77242,628,1116,21017,
303.44385418168173,77242,628,1115,21018,
303.44392623952103,77241,629,1115,21018,
303.4452516068964,77241,628,1116,21018,
303.4463357619374,77241,628,1115,21019,
303.4475317308805,77241,628,1114,21020,
303.44875972552717,77241,628,1113,21021,
303.4507562758648,77241,628,1112,21022,
303.45235826769755,77241,628,1111,21023,
303.46262761998366,77241,627,1112,21023,
303.4629989788446,77241,627,1111,21024,
303.463606778097,77240,628,1111,21024,
303.46816972269283,77240,628,1110,21025,
303.47646557962287,77240,627,1111,21025,
303.4835963314288,77240,626,1112,21025,
303.4862785535643,77240,626,1111,21026,
303.48891756789567,77240,625,1112,21026,
303.49367274629657,77240,625,1111,21027,
303.496498166189,77239,626,1111,21027,
303.49926500141623,77239,625,1112,21027,
303.5029256108703,77239,625,1111,21028,
303.50675491473004,77239,625,1110,21029,
303.5148900234084,77239,624,1111,21029,
303.51690247628375,77238,625,1111,21029,
303.51779025285816,77238,625,1110,21030,
303.5213782395105,77238,624,1111,21030,
303.52153180522106,77238,624,1110,21031,
303.52154255104523,77238,624,1109,21032,
303.5232689990531,77238,623,1110,21032,
303.52576772766355,77237,624,1110,21032,
303.5260915282056,77237,623,1111,21032,
303.5265586843275,77237,623,1110,21033,
303.5278371932633,77237,623,1109,21034,
303.53057990815074,77236,624,1109,21034,
303.53106296014187,77236,624,1108,21035,
303.53503842529346,77235,625,1108,21035,
303.53613614584617,77235,625,1107,21036,
303.53671142650154,77235,625,1106,21037,
303.54449428312694,77235,625,1105,21038,
303.54578269853505,77235,625,1104,21039,
303.548766070462,77234,626,1104,21039,
303.5523316710762,77234,625,1105,21039,
303.5528622306403,77234,625,1104,21040,
303.55326624877387,77234,625,1103,21041,
303.55350092762933,77234,624,1104,21041,
303.55401798891387,77234,624,1103,21042,
303.5613781394113,77234,623,1104,21042,
303.5639142117311,77234,623,1103,21043,
303.56576391886927,77234,622,1104,21043,
303.56697653838637,77234,622,1103,21044,
303.568478622825,77234,621,1104,21044,
303.56880666236714,77233,622,1104,21044,
303.5715642984749,77233,621,1105,21044,
303.57167275856307,77233,621,1104,21045,
303.5724440565062,77233,621,1103,21046,
303.5819859701505,77233,620,1104,21046,
303.5878161869103,77233,620,1103,21047,
303.59271516327254,77232,621,1103,21047,
303.59452212005647,77231,622,1103,21047,
303.59549870352447,77231,621,1104,21047,
303.5976459197025,77230,622,1104,21047,
303.5981978454414,77230,621,1105,21047,
303.60074046614255,77230,620,1106,21047,
303.60122032486413,77229,621,1106,21047,
303.60262255582705,77229,620,1107,21047,
303.6030675187176,77228,621,1107,21047,
303.60327620521065,77228,621,1106,21048,
303.6105017228875,77228,621,1105,21049,
303.6145974918044,77228,621,1104,21050,
303.614663642833,77228,621,1103,21051,
303.6154371772384,77228,620,1104,21051,
303.6179187882043,77228,620,1103,21052,
303.6206729667354,77228,620,1102,21053,
303.62117723284797,77228,619,1103,21053,
303.6231383334763,77228,618,1104,21053,
303.6355437322301,77228,618,1103,21054,
303.6385687402887,77228,617,1104,21054,
303.64277866817235,77228,617,1103,21055,
303.6454539220704,77228,617,1102,21056,
303.65280318290036,77228,616,1103,21056,
303.6585566779371,77228,616,1102,21057,
303.66131720578164,77227,617,1102,21057,
303.66215892211613,77227,616,1103,21057,
303.66552787952423,77227,615,1104,21057,
303.6663825727357,77227,614,1105,21057,
303.6686786297977,77226,615,1105,21057,
303.6746144823453,77226,615,1104,21058,
303.6752787299981,77226,615,1103,21059,
303.68051054962524,77226,615,1102,21060,
303.68094978749383,77225,616,1102,21060,
303.6815636500849,77224,617,1102,21060,
303.6845099436174,77224,617,1101,21061,
303.68567703145686,77223,618,1101,21061,
303.6867958319078,77222,619,1101,21061,
303.68948223312515,77221,620,1101,21061,
303.69516682302606,77221,620,1100,21062,
303.7057769863469,77221,619,1101,21062,
303.7089516853379,77220,620,1101,21062,
303.7104568685795,77220,620,1100,21063,
303.7107846212526,77219,621,1100,21063,
303.7118744933832,77219,621,1099,21064,
303.71591845290834,77219,621,1098,21065,
303.7200153666802,77218,622,1098,21065,
303.7202159791326,77218,622,1097,21066,
303.72243567395424,77218,622,1096,21067,
303.7236453294146,77218,621,1097,21067,
303.724182715273,77217,622,1097,21067,
303.7247065660005,77217,621,1098,21067,
303.72472285043665,77217,621,1097,21068,
303.7278470146787,77216,622,1097,21068,
303.72938016114944,77216,622,1096,21069,
303.7302788537983,77216,621,1097,21069,
303.73261631478255,77215,622,1097,21069,
303.73791132117293,77215,621,1098,21069,
303.7382204812602,77215,620,1099,21069,
303.7388793445356,77215,620,1098,21070,
303.740126615952,77215,619,1099,21070,
303.740886574891,77214,620,1099,21070,
303.7415479789504,77213,621,1099,21070,
303.7446874180077,77213,621,1098,21071,
303.7456600382784,77213,621,1097,21072,
303.7568570741621,77213,621,1096,21073,
303.7613814503146,77212,622,1096,21073,
303.76461594521396,77212,622,1095,21074,
303.7669467699276,77212,622,1094,21075,
303.76787156575296,77212,621,1095,21075,
303.775786213246,77211,622,1095,21075,
303.77638962006876,77211,622,1094,21076,
303.7765997340441,77211,622,1093,21077,
303.7805063356546,77211,622,1092,21078,
303.78599365800153,77210,623,1092,21078,
303.7887735749554,77210,623,1091,21079,
303.792826071759,77209,624,1091,21079,
303.7960389615973,77209,624,1090,21080,
303.7966470899696,77208,625,1090,21080,
303.7980513357819,77207,626,1090,21080,
303.80402988639486,77207,625,1091,21080,
303.8047934144737,77207,625,1090,21081,
303.809263418166,77206,626,1090,21081,
303.8103031614804,77206,625,1091,21081,
303.8153944711353,77205,626,1091,21081,
303.8155880721883,77205,626,1090,21082,
303.81804140865484,77204,627,1090,21082,
303.8182759854713,77203,628,1090,21082,
303.8183997576652,77203,628,1089,21083,
303.818800446988,77203,627,1090,21083,
303.8238887683249,77203,626,1091,21083,
303.8257135659882,77203,625,1092,21083,
303.82789137312983,77202,626,1092,21083,
303.8384454478503,77201,627,1092,21083,
303.84131176555786,77201,627,1091,21084,
303.8416296496442,77201,626,1092,21084,
303.8490408933044,77200,627,1092,21084,
303.8533475961424,77200,626,1093,21084,
303.8617051599516,77200,626,1092,21085,
303.86336896672367,77200,626,1091,21086,
303.86962847265806,77200,625,1092,21086,
303.86980464559974,77200,624,1093,21086,
303.87296183916504,77200,624,1092,21087,
303.8739794080392,77199,625,1092,21087,
303.87694063292014,77199,624,1093,21087,
303.8783883990254,77198,625,1093,21087,
303.87910077113213,77198,625,1092,21088,
303.88072425141866,77198,625,1091,21089,
303.8816562554085,77198,625,1090,21090,
303.88257075398667,77197,626,1090,21090,
303.88386258977266,77196,627,1090,21090,
303.8845814566262,77195,628,1090,21090,
303.8846806504118,77194,629,1090,21090,
303.88628361021944,77194,628,1091,21090,
303.88692017878935,77194,627,1092,21090,
303.88925525375583,77194,627,1091,21091,
303.88961868943016,77193,628,1091,21091,
303.8916780737812,77193,627,1092,21091,
303.8933076922343,77193,627,1091,21092,
303.89806260772303,77193,627,1090,21093,
303.9024017189884,77193,627,1089,21094,
303.902882528775,77193,626,1090,21094,
303.90439939426034,77193,626,1089,21095,
303.9054236217027,77192,627,1089,21095,
303.9081429825239,77192,627,1088,21096,
303.9090723149196,77191,628,1088,21096,
303.9096778134059,77191,627,1089,21096,
303.9145615499805,77191,626,1090,21096,
303.9166686098088,77191,626,1089,21097,
303.9185606165504,77191,626,1088,21098,
303.920233976701,77190,627,1088,21098,
303.9242944496928,77190,627,1087,21099,
303.93002538982677,77190,626,1088,21099,
303.93354758015033,77189,627,1088,21099,
303.93449334382973,77188,628,1088,21099,
303.93688391729063,77188,627,1089,21099,
303.93967789057774,77187,628,1089,21099,
303.9397586415366,77187,627,1090,21099,
303.94338094324354,77186,628,1090,21099,
303.94400063775214,77185,629,1090,21099,
303.9451088671303,77185,629,1089,21100,
303.9484713163258,77184,630,1089,21100,
303.94913505073305,77183,631,1089,21100,
303.949784013933,77183,631,1088,21101,
303.9559123943124,77182,632,1088,21101,
303.96325924427885,77182,632,1087,21102,
303.9669820227986,77182,631,1088,21102,
303.968743962448,77182,631,1087,21103,
303.9690537619539,77182,631,1086,21104,
303.9691044665357,77182,630,1087,21104,
303.97100976385445,77182,630,1086,21105,
303.9723668566486,77182,630,1085,21106,
303.9726622907654,77182,629,1086,21106,
303.975087640685,77181,630,1086,21106,
303.9784398081329,77180,631,1086,21106,
303.97894968370144,77180,630,1087,21106,
303.9793326279731,77179,631,1087,21106,
303.97963885541975,77179,630,1088,21106,
303.98336838874906,77179,630,1087,21107,
303.9837853070878,77178,631,1087,21107,
303.9885504147556,77177,632,1087,21107,
303.9891825434675,77177,632,1086,21108,
303.99025787490245,77177,632,1085,21109,
303.9925883712886,77176,633,1085,21109,
303.9937251388693,77175,634,1085,21109,
303.9937743973833,77175,634,1084,21110,
303.9945660196794,77174,635,1084,21110,
303.99970107128684,77174,635,1083,21111,
304.00014437392645,77173,636,1083,21111,
304.01477745963194,77172,637,1083,21111,
304.0163287600114,77171,638,1083,21111,
304.0167254176864,77171,637,1084,21111,
304.01973873013134,77171,636,1085,21111,
304.023309059771,77171,635,1086,21111,
304.02506987595973,77170,636,1086,21111,
304.0252817122931,77170,635,1087,21111,
304.02710080881155,77170,635,1086,21112,
304.0282440814698,77170,635,1085,21113,
304.0287071476419,77170,635,1084,21114,
304.0303448256709,77170,635,1083,21115,
304.0339683193495,77170,634,1084,21115,
304.03655565272396,77170,633,1085,21115,
304.0382074013622,77170,633,1084,21116,
304.0427936583384,77169,634,1084,21116,
304.04489951276565,77169,633,1085,21116,
304.04678430006476,77169,632,1086,21116,
304.0478068289318,77169,632,1085,21117,
304.0591890198783,77169,632,1084,21118,
304.0602459280506,77168,633,1084,21118,
304.0612899640671,77167,634,1084,21118,
304.0620257919718,77167,634,1083,21119,
304.06272019521674,77167,634,1082,21120,
304.06443926460884,77167,633,1083,21120,
304.06508463853106,77167,632,1084,21120,
304.0653274731608,77167,631,1085,21120,
304.06537882584763,77167,630,1086,21120,
304.07143249044003,77167,629,1087,21120,
304.0734169283008,77167,628,1088,21120,
304.0761587840823,77167,628,1087,21121,
304.07771985459453,77167,628,1086,21122,
304.07771985459453,77167,628,1086,21122,
304.080072282665,77167,627,1087,21122,
304.08156077515827,77167,627,1086,21123,
304.08665147295204,77167,627,1085,21124,
304.087480809894,77167,627,1084,21125,
304.08902090322994,77166,628,1084,21125,
304.09138839098586,77166,628,1083,21126,
304.0950365393188,77166,627,1084,21126,
304.09809192205677,77166,626,1085,21126,
304.10223558147754,77166,626,1084,21127,
304.11180142049983,77165,627,1084,21127,
304.11410352627746,77165,627,1083,21128,
304.1141986350462,77164,628,1083,21128,
304.1148021665044,77163,629,1083,21128,
304.11487361004936,77162,630,1083,21128,
304.1173426192375,77162,630,1082,21129,
304.1183652872486,77161,631,1082,21129,
304.1236509496065,77161,630,1083,21129,
304.1262280919285,77160,631,1083,21129,
304.12676176239694,77160,630,1084,21129,
304.127786509489,77159,631,1084,21129,
304.13893785894726,77159,630,1085,21129,
304.1408515311771,77159,629,1086,21129,
304.1414761119173,77159,628,1087,21129,
304.14198609870647,77159,627,1088,21129,
304.1425667033379,77159,626,1089,21129,
304.14262475598076,77158,627,1089,21129,
304.15049211141366,77158,627,1088,21130,
304.1538796994172,77158,626,1089,21130,
304.1543801430029,77157,627,1089,21130,
304.15508092385267,77157,627,1088,21131,
304.1644483457116,77157,626,1089,21131,
304.1656157458641,77157,625,1090,21131,
304.16796844234705,77157,624,1091,21131,
304.16837142115645,77157,623,1092,21131,
304.1684859839848,77157,622,1093,21131,
304.17105322289837,77156,623,1093,21131,
304.17128128416994,77156,623,1092,21132,
304.171598184965,77155,624,1092,21132,
304.17481869642074,77155,624,1091,21133,
304.1775081336167,77155,624,1090,21134,
304.17759794524625,77155,623,1091,21134,
304.1780937424516,77155,623,1090,21135,
304.185106220972,77155,622,1091,21135,
304.18713700268734,77155,622,1090,21136,
304.1891461188728,77155,622,1089,21137,
304.19359205286037,77154,623,1089,21137,
304.1941861892692,77153,624,1089,21137,
304.20205265314826,77153,623,1090,21137,
304.20488360954715,77153,623,1089,21138,
304.21048289230504,77153,622,1090,21138,
304.21199395443045,77153,621,1091,21138,
304.2127582441882,77152,622,1091,21138,
304.21432407596063,77152,621,1092,21138,
304.2148657900164,77152,620,1093,21138,
304.2180377521659,77152,620,1092,21139,
304.2182257856731,77152,620,1091,21140,
304.22160280201314,77151,621,1091,21140,
304.225995421649,77151,620,1092,21140,
304.2286254629348,77151,619,1093,21140,
304.23515542518953,77151,619,1092,21141,
304.245349493861,77151,618,1093,21141,
304.24700455166305,77151,617,1094,21141,
304.24801838075274,77151,616,1095,21141,
304.25077195058395,77151,616,1094,21142,
304.25389860144617,77150,617,1094,21142,
304.25676058725657,77149,618,1094,21142,
304.2590101783995,77149,617,1095,21142,
304.259436025159,77149,616,1096,21142,
304.26217930002895,77149,616,1095,21143,
304.26321244514884,77148,617,1095,21143,
304.26702646570664,77148,616,1096,21143,
304.2804401405275,77147,617,1096,21143,
304.28055552143,77147,616,1097,21143,
304.2815218359043,77146,617,1097,21143,
304.28183109928585,77146,617,1096,21144,
304.28232689197677,77146,616,1097,21144,
304.2858893344351,77146,615,1098,21144,
304.2951964952403,77146,614,1099,21144,
304.295245178303,77146,613,1100,21144,
304.29693889592585,77146,613,1099,21145,
304.2989464958231,77146,613,1098,21146,
304.30030151157354,77146,613,1097,21147,
304.3021142722063,77146,613,1096,21148,
304.3127180219096,77146,612,1097,21148,
304.312770651673,77145,613,1097,21148,
304.3130587800873,77145,612,1098,21148,
304.31472760170124,77145,612,1097,21149,
304.3183392416513,77145,611,1098,21149,
304.3246876783454,77145,610,1099,21149,
304.32847782265816,77145,610,1098,21150,
304.3320790377923,77145,610,1097,21151,
304.3332515989346,77144,611,1097,21151,
304.3340016697982,77143,612,1097,21151,
304.3366493919563,77143,611,1098,21151,
304.34014316330035,77143,611,1097,21152,
304.34098969728785,77142,612,1097,21152,
304.34350943330503,77142,611,1098,21152,
304.3436325918565,77142,610,1099,21152,
304.354399798239,77142,609,1100,21152,
304.36432488622484,77142,608,1101,21152,
304.3672618607906,77142,608,1100,21153,
304.37267725179623,77142,608,1099,21154,
304.379722787222,77142,608,1098,21155,
304.38212013847914,77142,608,1097,21156,
304.3843372747375,77142,607,1098,21156,
304.385159416716,77141,608,1098,21156,
304.38844611275704,77141,608,1097,21157,
304.38909376900614,77140,609,1097,21157,
304.3903065080105,77140,609,1096,21158,
304.39249232241747,77140,609,1095,21159,
304.401728013094,77140,609,1094,21160,
304.4040602581395,77139,610,1094,21160,
304.40453743667223,77139,610,1093,21161,
304.4067903733933,77139,610,1092,21162,
304.4117671511612,77138,611,1092,21162,
304.4135336750667,77138,611,1091,21163,
304.414471834543,77138,610,1092,21163,
304.4152962328737,77138,609,1093,21163,
304.4189213628866,77138,608,1094,21163,
304.41947049412096,77137,609,1094,21163,
304.42162879604996,77136,610,1094,21163,
304.4299317198513,77136,609,1095,21163,
304.4326759202765,77135,610,1095,21163,
304.4355443647846,77135,610,1094,21164,
304.44460043310005,77135,609,1095,21164,
304.44481824286765,77135,609,1094,21165,
304.4452450696688,77134,610,1094,21165,
304.45034903054204,77134,610,1093,21166,
304.46069508997914,77134,609,1094,21166,
304.4674812865009,77133,610,1094,21166,
304.4742847106516,77133,609,1095,21166,
304.47625709555496,77133,608,1096,21166,
304.47660276815697,77133,608,1095,21167,
304.4775624188222,77132,609,1095,21167,
304.48018988113984,77132,609,1094,21168,
304.48065542526723,77131,610,1094,21168,
304.4811172879156,77131,609,1095,21168,
304.48164168378236,77130,610,1095,21168,
304.48175759741446,77130,610,1094,21169,
304.48213140063865,77129,611,1094,21169,
304.4826921809865,77128,612,1094,21169,
304.4886876410144,77128,611,1095,21169,
304.489494511103,77128,610,1096,21169,
304.4896400961032,77128,610,1095,21170,
304.49109932898847,77128,610,1094,21171,
304.493951023895,77127,611,1094,21171,
304.4952052611462,77127,611,1093,21172,
304.49797962964965,77127,611,1092,21173,
304.50395765860105,77126,612,1092,21173,
304.5079672712747,77125,613,1092,21173,
304.5101178053197,77125,613,1091,21174,
304.5109251927134,77125,613,1090,21175,
304.5119391363218,77125,613,1089,21176,
304.51295339341624,77125,612,1090,21176,
304.5183597459267,77124,613,1090,21176,
304.5216476140107,77123,614,1090,21176,
304.5233238083595,77122,615,1090,21176,
304.5237425781843,77122,615,1089,21177,
304.5243838845193,77122,615,1088,21178,
304.52944412777043,77122,615,1087,21179,
304.5316293075825,77122,615,1086,21180,
304.5325766215994,77122,615,1085,21181,
304.53266571118843,77122,615,1084,21182,
304.53280618183487,77122,615,1083,21183,
304.53458840762795,77122,614,1084,21183,
304.5399633407942,77122,613,1085,21183,
304.5410449605362,77122,612,1086,21183,
304.54581382635047,77122,612,1085,21184,
304.54710914153054,77122,612,1084,21185,
304.5478448718831,77122,611,1085,21185,
304.55028548832195,77121,612,1085,21185,
304.5550603115099,77121,612,1084,21186,
304.55566195099664,77121,611,1085,21186,
304.56373017868253,77121,611,1084,21187,
304.56486987827105,77121,611,1083,21188,
304.5697062481227,77120,612,1083,21188,
304.5701248285476,77120,611,1084,21188,
304.57082820707353,77120,610,1085,21188,
304.5708692832798,77119,611,1085,21188,
304.57670792802486,77118,612,1085,21188,
304.57943037745736,77117,613,1085,21188,
304.5803200067301,77117,613,1084,21189,
304.5840725200834,77116,614,1084,21189,
304.5880319106073,77116,614,1083,21190,
304.5910970101839,77116,613,1084,21190,
304.5960613115607,77116,613,1083,21191,
304.60071702520895,77115,614,1083,21191,
304.6009563421534,77115,613,1084,21191,
304.6081571584886,77115,612,1085,21191,
304.61424089129036,77115,611,1086,21191,
304.6145371610667,77114,612,1086,21191,
304.6186626632304,77113,613,1086,21191,
304.6237863652448,77113,613,1085,21192,
304.62665951617,77112,614,1085,21192,
304.63036431803783,77111,615,1085,21192,
304.6309512616777,77110,616,1085,21192,
304.63134928171587,77110,616,1084,21193,
304.63703348403544,77110,616,1083,21194,
304.6370724561761,77110,616,1082,21195,
304.6426320953104,77110,615,1083,21195,
304.6488559310511,77110,614,1084,21195,
304.6492227047186,77110,614,1083,21196,
304.6527471946081,77110,614,1082,21197,
304.65552775950937,77110,614,1081,21198,
304.65728397962073,77110,614,1080,21199,
304.6588660156006,77110,614,1079,21200,
304.66106878804595,77110,614,1078,21201,
304.66202846845687,77110,613,1079,21201,
304.663322694776,77110,613,1078,21202,
304.66432712803413,77110,612,1079,21202,
304.66654415594326,77110,611,1080,21202,
304.67043028636687,77110,611,1079,21203,
304.6718886444869,77110,610,1080,21203,
304.67501633334933,77109,611,1080,21203,
304.67504467042863,77109,610,1081,21203,
304.6758353457983,77109,610,1080,21204,
304.67663470665104,77109,609,1081,21204,
304.67719465520213,77109,608,1082,21204,
304.68046918413506,77109,607,1083,21204,
304.6865634671093,77109,606,1084,21204,
304.69079196538087,77109,605,1085,21204,
304.69475814845134,77109,605,1084,21205,
304.70285018381077,77108,606,1084,21205,
304.70341110236006,77108,606,1083,21206,
304.70752668718706,77108,605,1084,21206,
304.71704777124046,77108,604,1085,21206,
304.7175072710105,77108,603,1086,21206,
304.71901438263103,77108,603,1085,21207,
304.7206930072201,77108,603,1084,21208,
304.7208059657199,77107,604,1084,21208,
304.7214660697694,77106,605,1084,21208,
304.7276290734455,77105,606,1084,21208,
304.73078365788314,77105,605,1085,21208,
304.73602532270104,77105,604,1086,21208,
304.7380080632767,77105,604,1085,21209,
304.7388113127144,77105,604,1084,21210,
304.74514776681644,77105,603,1085,21210,
304.7467510931407,77104,604,1085,21210,
304.7468368817557,77104,603,1086,21210,
304.7477939252652,77103,604,1086,21210,
304.7537839579948,77103,603,1087,21210,
304.75674557693515,77103,603,1086,21211,
304.75991603773116,77103,602,1087,21211,
304.76775692000837,77102,603,1087,21211,
304.77405223527444,77101,604,1087,21211,
304.77444178709,77101,603,1088,21211,
304.7767038403029,77100,604,1088,21211,
304.78399864890315,77099,605,1088,21211,
304.7845412873124,77099,604,1089,21211,
304.7863008835476,77099,603,1090,21211,
304.78687043357553,77098,604,1090,21211,
304.793999790445,77097,605,1090,21211,
304.80039842638985,77097,604,1091,21211,
304.80216267100985,77097,603,1092,21211,
304.8049182322671,77097,602,1093,21211,
304.80674344064977,77097,602,1092,21212,
304.8081779511861,77096,603,1092,21212,
304.8093158886405,77095,604,1092,21212,
304.8144490454662,77095,604,1091,21213,
304.81452841243186,77095,604,1090,21214,
304.8173684256626,77095,604,1089,21215,
304.8176015902606,77094,605,1089,21215,
304.8186604483466,77094,605,1088,21216,
304.82254581927657,77094,605,1087,21217,
304.8251794531837,77093,606,1087,21217,
304.82573909953527,77093,605,1088,21217,
304.82966367746087,77093,605,1087,21218,
304.83075149896933,77093,604,1088,21218,
304.8346923825706,77093,603,1089,21218,
304.8369391530666,77092,604,1089,21218,
304.8390491784674,77092,604,1088,21219,
304.84037765766203,77092,604,1087,21220,
304.84087517116404,77091,605,1087,21220,
304.84140439357776,77091,605,1086,21221,
304.8421514042277,77090,606,1086,21221,
304.8425934434297,77089,607,1086,21221,
304.85069651951306,77088,608,1086,21221,
304.8527499527368,77087,609,1086,21221,
304.8528143258946,77087,608,1087,21221,
304.85473500227397,77087,608,1086,21222,
304.85742846169103,77087,607,1087,21222,
304.85886641789216,77087,606,1088,21222,
304.85986786719945,77086,607,1088,21222,
304.86120616291896,77086,607,1087,21223,
304.862363372986,77085,608,1087,21223,
304.8682000526915,77084,609,1087,21223,
304.8710356401897,77084,608,1088,21223,
304.8714339609385,77083,609,1088,21223,
304.88415020387936,77082,610,1088,21223,
304.88427876583995,77081,611,1088,21223,
304.886902482302,77080,612,1088,21223,
304.88753808949923,77080,612,1087,21224,
304.8875658134404,77080,612,1086,21225,
304.88854579522774,77080,612,1085,21226,
304.88855708664744,77080,611,1086,21226,
304.89569941256775,77080,611,1085,21227,
304.89896665300216,77080,610,1086,21227,
304.9010875889978,77079,611,1086,21227,
304.90298853682606,77079,610,1087,21227,
304.90602366136727,77079,609,1088,21227,
304.9078949403057,77078,610,1088,21227,
304.9089997349972,77077,611,1088,21227,
304.90967195594595,77076,612,1088,21227,
304.9145544983852,77075,613,1088,21227,
304.9146467416144,77075,612,1089,21227,
304.91697553308376,77074,613,1089,21227,
304.9174413469374,77074,613,1088,21228,
304.9183951716647,77074,613,1087,21229,
304.9228162537114,77073,614,1087,21229,
304.9228167602421,77072,615,1087,21229,
304.9295351884736,77072,615,1086,21230,
304.934362250897,77072,615,1085,21231,
304.9359543776605,77072,615,1084,21232,
304.93621197557576,77072,614,1085,21232,
304.94049191831937,77071,615,1085,21232,
304.9461061697485,77070,616,1085,21232,
304.9479168131323,77069,617,1085,21232,
304.94860676793803,77068,618,1085,21232,
304.95094329530696,77068,618,1084,21233,
304.95554465799074,77068,617,1085,21233,
304.96295405981226,77067,618,1085,21233,
304.964033017183,77066,619,1085,21233,
304.96411325695476,77065,620,1085,21233,
304.96529765185886,77064,621,1085,21233,
304.9660537616464,77063,622,1085,21233,
304.9661757338888,77062,623,1085,21233,
304.9662381617525,77061,624,1085,21233,
304.9666879981311,77061,623,1086,21233,
304.971383642683,77061,623,1085,21234,
304.9737166063545,77061,622,1086,21234,
304.9763732821194,77061,622,1085,21235,
304.9765795249224,77060,623,1085,21235,
304.97698363320035,77060,622,1086,21235,
304.9773113010279,77060,621,1087,21235,
304.97985123567906,77060,621,1086,21236,
304.9804447747194,77060,620,1087,21236,
304.98099322284963,77060,620,1086,21237,
304.9850230319221,77059,621,1086,21237,
304.9857745128995,77059,620,1087,21237,
304.9860678585639,77058,621,1087,21237,
304.9898708429817,77058,621,1086,21238,
304.9907737475079,77058,620,1087,21238,
304.9968940721196,77058,619,1088,21238,
304.9976032983204,77057,620,1088,21238,
305.0012126177336,77056,621,1088,21238,
305.0015882531669,77056,620,1089,21238,
305.0018982560263,77055,621,1089,21238,
305.00730017690495,77055,620,1090,21238,
305.0089429341755,77055,620,1089,21239,
305.01137550412443,77055,619,1090,21239,
305.0142938777311,77055,618,1091,21239,
305.01566013337657,77055,618,1090,21240,
305.0163345965718,77055,618,1089,21241,
305.0194347426348,77055,617,1090,21241,
305.01993948081696,77055,617,1089,21242,
305.02058888458845,77055,617,1088,21243,
305.02111127888264,77055,617,1087,21244,
305.02182483571585,77055,616,1088,21244,
305.02344217266324,77055,616,1087,21245,
305.02744455082546,77055,616,1086,21246,
305.0276651661425,77054,617,1086,21246,
305.03191228837755,77054,617,1085,21247,
305.03276307267345,77054,616,1086,21247,
305.0328457363059,77054,616,1085,21248,
305.03806323055994,77053,617,1085,21248,
305.03922340116856,77053,617,1084,21249,
305.0432417178738,77052,618,1084,21249,
305.04325920186824,77052,617,1085,21249,
305.0443184823337,77052,617,1084,21250,
305.04730576226916,77052,616,1085,21250,
305.04800231303403,77052,616,1084,21251,
305.048283692641,77052,615,1085,21251,
305.04899159381387,77052,614,1086,21251,
305.05228213002056,77052,613,1087,21251,
305.05292252922317,77051,614,1087,21251,
305.0586328094724,77051,613,1088,21251,
305.06083774568026,77051,613,1087,21252,
305.06207544321455,77051,613,1086,21253,
305.0680467910654,77051,613,1085,21254,
305.0717968353593,77051,612,1086,21254,
305.0768110726248,77051,611,1087,21254,
305.0771894195006,77050,612,1087,21254,
305.08035669954484,77050,612,1086,21255,
305.0806414096761,77050,612,1085,21256,
305.0808564502137,77050,611,1086,21256,
305.08492640201564,77049,612,1086,21256,
305.08514954610985,77049,612,1085,21257,
305.0864276676268,77049,612,1084,21258,
305.0905707485683,77049,612,1083,21259,
305.0955026082495,77049,612,1082,21260,
305.1106624887147,77049,611,1083,21260,
305.11299776034366,77049,610,1084,21260,
305.11717167244956,77049,610,1083,21261,
305.11928911262095,77048,611,1083,21261,
305.12109033170407,77048,611,1082,21262,
305.12153692815656,77047,612,1082,21262,
305.12299613907,77047,612,1081,21263,
305.1231805420517,77046,613,1081,21263,
305.1252779615519,77045,614,1081,21263,
305.1259815787853,77045,613,1082,21263,
305.1281184296218,77044,614,1082,21263,
305.13022242945027,77044,614,1081,21264,
305.131527134119,77043,615,1081,21264,
305.13707752181585,77043,615,1080,21265,
305.1379712542221,77043,615,1079,21266,
305.14212083808206,77043,615,1078,21267,
305.1434505858844,77043,614,1079,21267,
305.144158619365,77042,615,1079,21267,
305.1466410709357,77041,616,1079,21267,
305.1490504493621,77040,617,1079,21267,
305.15149450550905,77040,616,1080,21267,
305.1692490001631,77040,616,1079,21268,
305.1734321180195,77040,616,1078,21269,
305.174785217921,77040,615,1079,21269,
305.1751281122541,77040,614,1080,21269,
305.1764696957289,77040,613,1081,21269,
305.17868756274515,77040,612,1082,21269,
305.1805051880112,77040,611,1083,21269,
305.1815494537378,77040,611,1082,21270,
305.1847394070186,77040,611,1081,21271,
305.18692908625144,77040,611,1080,21272,
305.18862984600537,77040,611,1079,21273,
305.190700381451,77039,612,1079,21273,
305.191499289937,77038,613,1079,21273,
305.1928331623655,77037,614,1079,21273,
305.194643304082,77037,613,1080,21273,
305.19986884248243,77037,612,1081,21273,
305.2023803653111,77036,613,1081,21273,
305.20295992409154,77036,613,1080,21274,
305.20725910668097,77036,612,1081,21274,
305.20755623211403,77035,613,1081,21274,
305.20817949837675,77035,613,1080,21275,
305.2087919433654,77035,613,1079,21276,
305.2093385815755,77035,612,1080,21276,
305.2112802144646,77034,613,1080,21276,
305.2132661326084,77033,614,1080,21276,
305.2163512469731,77033,614,1079,21277,
305.216655845652,77033,614,1078,21278,
305.22061515841483,77032,615,1078,21278,
305.2281766121956,77032,615,1077,21279,
305.2310234302441,77031,616,1077,21279,
305.2328497749131,77031,615,1078,21279,
305.23308352245914,77031,614,1079,21279,
305.2452499889376,77031,613,1080,21279,
305.2455516443122,77030,614,1080,21279,
305.2499422744669,77029,615,1080,21279,
305.25282165325706,77029,615,1079,21280,
305.2566039607996,77028,616,1079,21280,
305.2591438603936,77028,616,1078,21281,
305.25998349678537,77028,615,1079,21281,
305.2606452037035,77028,614,1080,21281,
305.27091084839344,77028,613,1081,21281,
305.27326268333013,77028,612,1082,21281,
305.28137657109244,77027,613,1082,21281,
305.28155969011374,77027,613,1081,21282,
305.28178927680216,77027,612,1082,21282,
305.2858699544463,77027,611,1083,21282,
305.28616792560274,77027,611,1082,21283,
305.28726011977517,77026,612,1082,21283,
305.2872603251593,77025,613,1082,21283,
305.29230178676073,77025,612,1083,21283,
305.29344365594085,77024,613,1083,21283,
305.2934803631348,77024,612,1084,21283,
305.2949944560838,77023,613,1084,21283,
305.2977811171455,77023,613,1083,21284,
305.30293495198936,77023,613,1082,21285,
305.3052923818152,77022,614,1082,21285,
305.3055111690299,77022,613,1083,21285,
305.30557211810134,77022,613,1082,21286,
305.30722267174525,77022,613,1081,21287,
305.3127833615238,77022,612,1082,21287,
305.31348120000933,77021,613,1082,21287,
305.31363578390403,77021,613,1081,21288,
305.3146864548698,77021,613,1080,21289,
305.32313634376436,77021,612,1081,21289,
305.32893244765654,77021,611,1082,21289,
305.33103751169887,77021,611,1081,21290,
305.3317473234581,77020,612,1081,21290,
305.3356141860198,77019,613,1081,21290,
305.3429177164282,77019,612,1082,21290,
305.34777708324117,77019,611,1083,21290,
305.348818376946,77019,610,1084,21290,
305.35075713011776,77019,610,1083,21291,
305.35526165933857,77019,610,1082,21292,
305.35702592652353,77018,611,1082,21292,
305.3602377560914,77017,612,1082,21292,
305.37029836592535,77017,612,1081,21293,
305.37940403469554,77017,612,1080,21294,
305.38040806612906,77017,611,1081,21294,
305.38167256793093,77017,611,1080,21295,
305.3825090980871,77016,612,1080,21295,
305.382532713738,77016,611,1081,21295,
305.38699299484415,77016,610,1082,21295,
305.3875927610142,77015,611,1082,21295,
305.38764902081715,77014,612,1082,21295,
305.38919967821926,77013,613,1082,21295,
305.392141878129,77013,613,1081,21296,
305.3924533168504,77012,614,1081,21296,
305.3937976513863,77012,614,1080,21297,
305.3972055719196,77012,614,1079,21298,
305.4008276285976,77012,613,1080,21298,
305.40257613897893,77011,614,1080,21298,
305.4043948049623,77011,613,1081,21298,
305.40888714099515,77011,612,1082,21298,
305.4094037249713,77011,611,1083,21298,
305.4106743855285,77011,610,1084,21298,
305.41438523776696,77011,609,1085,21298,
305.4150851622906,77010,610,1085,21298,
305.4164597846787,77010,609,1086,21298,
305.4174120244992,77010,609,1085,21299,
305.42415058894807,77010,609,1084,21300,
305.4248771882268,77010,609,1083,21301,
305.42778693270145,77010,608,1084,21301,
305.4279910285409,77010,607,1085,21301,
305.4287763789551,77010,607,1084,21302,
305.4325562026529,77010,606,1085,21302,
305.43354851504625,77010,605,1086,21302,
305.43518708137134,77009,606,1086,21302,
305.43740774684954,77009,605,1087,21302,
305.44050337581257,77009,604,1088,21302,
305.44196596674243,77009,603,1089,21302,
305.44248749545204,77009,602,1090,21302,
305.44262344571314,77009,601,1091,21302,
305.4449903674272,77008,602,1091,21302,
305.4453218847096,77008,602,1090,21303,
305.45885679419104,77008,601,1091,21303,
305.4631233901242,77007,602,1091,21303,
305.47318551703466,77006,603,1091,21303,
305.476389140217,77006,603,1090,21304,
305.4788714864653,77005,604,1090,21304,
305.4789100905123,77005,603,1091,21304,
305.4806456273017,77005,602,1092,21304,
305.48339338680034,77004,603,1092,21304,
305.4855923551628,77004,603,1091,21305,
305.49397199505916,77003,604,1091,21305,
305.49605895592225,77003,603,1092,21305,
305.49693447024663,77003,603,1091,21306,
305.5020468515938,77003,603,1090,21307,
305.5052337091,77003,603,1089,21308,
305.50753180566267,77003,603,1088,21309,
305.507735837958,77002,604,1088,21309,
305.5085617362403,77002,604,1087,21310,
305.5085859062776,77002,603,1088,21310,
305.50987383535966,77002,602,1089,21310,
305.510367722367,77002,602,1088,21311,
305.51193644868295,77002,602,1087,21312,
305.51497703508755,77002,601,1088,21312,
305.5174914460509,77002,600,1089,21312,
305.51999869530397,77002,600,1088,21313,
305.5206133383371,77001,601,1088,21313,
305.52097065097007,77000,602,1088,21313,
305.526520263039,77000,602,1087,21314,
305.5284787245828,77000,601,1088,21314,
305.52937366706044,77000,601,1087,21315,
305.5325796818625,76999,602,1087,21315,
305.53352863690577,76999,601,1088,21315,
305.5365950427772,76999,600,1089,21315,
305.54001030179467,76999,600,1088,21316,
305.5436043087365,76998,601,1088,21316,
305.54387590797165,76997,602,1088,21316,
305.54792308510105,76997,601,1089,21316,
305.5482540916985,76996,602,1089,21316,
305.5489209204572,76995,603,1089,21316,
305.5522699341142,76994,604,1089,21316,
305.55470094496565,76993,605,1089,21316,
305.5596948544887,76992,606,1089,21316,
305.5597554952201,76992,606,1088,21317,
305.5614866165798,76992,606,1087,21318,
305.5625805962434,76992,606,1086,21319,
305.5676151652552,76992,606,1085,21320,
305.5690487917586,76991,607,1085,21320,
305.5750639001164,76991,607,1084,21321,
305.57520021319306,76991,607,1083,21322,
305.57911617734607,76990,608,1083,21322,
305.57913714011255,76990,607,1084,21322,
305.58273218861564,76990,607,1083,21323,
305.5834703131045,76989,608,1083,21323,
305.5900912554148,76989,608,1082,21324,
305.5905662392351,76988,609,1082,21324,
305.59220347504765,76988,609,1081,21325,
305.5951091815805,76987,610,1081,21325,
305.600306235701,76987,610,1080,21326,
305.6004194150021,76987,610,1079,21327,
305.60256532414337,76986,611,1079,21327,
305.60588647355684,76986,610,1080,21327,
305.6110109210247,76986,610,1079,21328,
305.611361647669,76986,609,1080,21328,
305.6133671479936,76986,609,1079,21329,
305.6134019630006,76985,610,1079,21329,
305.62415270200665,76985,609,1080,21329,
305.6305725522973,76985,609,1079,21330,
305.63286472177555,76985,608,1080,21330,
305.63481958781705,76984,609,1080,21330,
305.63714204250084,76984,608,1081,21330,
305.6374722557007,76983,609,1081,21330,
305.64000187496316,76983,608,1082,21330,
305.6416971428986,76982,609,1082,21330,
305.6462790809319,76982,609,1081,21331,
305.6468343314319,76981,610,1081,21331,
305.6492863781414,76981,610,1080,21332,
305.65311828727783,76981,609,1081,21332,
305.6565246548089,76981,609,1080,21333,
305.6581149120954,76981,608,1081,21333,
305.6610756072368,76980,609,1081,21333,
305.66296386919936,76980,609,1080,21334,
305.6633429270898,76980,608,1081,21334,
305.66394733804435,76980,607,1082,21334,
305.668360874087,76979,608,1082,21334,
305.67039688798366,76978,609,1082,21334,
305.6726485750958,76978,608,1083,21334,
305.67422441696294,76977,609,1083,21334,
305.6821858259436,76977,609,1082,21335,
305.68470785794756,76977,608,1083,21335,
305.68922222909737,76977,607,1084,21335,
305.68932954176006,76977,606,1085,21335,
305.690627891199,76976,607,1085,21335,
305.69300224310797,76975,608,1085,21335,
305.693144763818,76975,607,1086,21335,
305.6976779258939,76975,606,1087,21335,
305.7017509841992,76975,606,1086,21336,
305.70325378376566,76974,607,1086,21336,
305.70433407397326,76974,607,1085,21337,
305.7070265608347,76974,607,1084,21338,
305.7071992262979,76974,606,1085,21338,
305.70854640744,76974,606,1084,21339,
305.7105377919256,76973,607,1084,21339,
305.71334967985126,76972,608,1084,21339,
305.71356361401973,76972,607,1085,21339,
305.71380831281255,76971,608,1085,21339,
305.7163363364165,76971,607,1086,21339,
305.72121550783214,76970,608,1086,21339,
305.7265203994108,76970,607,1087,21339,
305.7279894918523,76969,608,1087,21339,
305.73155793646436,76969,607,1088,21339,
305.73454783167784,76969,607,1087,21340,
305.7378849151098,76969,607,1086,21341,
305.7381674330828,76968,608,1086,21341,
305.75083138821674,76967,609,1086,21341,
305.7528931701999,76966,610,1086,21341,
305.7543765478779,76966,609,1087,21341,
305.75539790817777,76965,610,1087,21341,
305.75927638963907,76965,609,1088,21341,
305.7613920566039,76964,610,1088,21341,
305.76355928222756,76964,609,1089,21341,
305.76397578323287,76964,609,1088,21342,
305.7664633945205,76964,609,1087,21343,
305.7672987506908,76964,609,1086,21344,
305.76769974969113,76964,608,1087,21344,
305.7683170262104,76964,608,1086,21345,
305.7687898407118,76964,607,1087,21345,
305.7729080552138,76963,608,1087,21345,
305.77540788919316,76963,608,1086,21346,
305.781596413869,76963,608,1085,21347,
305.7866381527397,76963,608,1084,21348,
305.7881416033308,76963,607,1085,21348,
305.79059910514025,76963,607,1084,21349,
305.7946299614558,76963,606,1085,21349,
305.79686227558824,76962,607,1085,21349,
305.79890394501473,76962,607,1084,21350,
305.80387647767,76962,606,1085,21350,
305.81121732661853,76961,607,1085,21350,
305.8130411328747,76961,606,1086,21350,
305.8188199778433,76961,606,1085,21351,
305.8188945850429,76961,606,1084,21352,
305.81896769748374,76960,607,1084,21352,
305.8290975590576,76959,608,1084,21352,
305.8350886620475,76958,609,1084,21352,
305.8393905124915,76958,609,1083,21353,
305.84048421398285,76958,608,1084,21353,
305.8428065166089,76957,609,1084,21353,
305.84290005278194,76956,610,1084,21353,
305.84512398823296,76956,609,1085,21353,
305.84589801378434,76956,609,1084,21354,
305.849460023025,76955,610,1084,21354,
305.8512021198288,76955,609,1085,21354,
305.8556070918593,76954,610,1085,21354,
305.86008530260006,76954,609,1086,21354,
305.86071601171807,76953,610,1086,21354,
305.8618931320345,76953,609,1087,21354,
305.86514913222805,76953,608,1088,21354,
305.86653467380194,76953,608,1087,21355,
305.86750571016654,76952,609,1087,21355,
305.86920852778843,76952,608,1088,21355,
305.87164226904275,76952,608,1087,21356,
305.87188612880044,76952,608,1086,21357,
305.8756645357074,76952,607,1087,21357,
305.88233710098166,76952,607,1086,21358,
305.88331573901206,76951,608,1086,21358,
305.8895074417373,76951,607,1087,21358,
305.90046936226133,76951,607,1086,21359,
305.90155604285,76951,606,1087,21359,
305.9034561630083,76951,606,1086,21360,
305.90487507166125,76950,607,1086,21360,
305.9064114275905,76950,606,1087,21360,
305.90686091726207,76950,606,1086,21361,
305.90853172400284,76950,605,1087,21361,
305.9100219728608,76950,605,1086,21362,
305.9125916997088,76950,604,1087,21362,
305.9129392615758,76950,604,1086,21363,
305.91970374976347,76949,605,1086,21363,
305.9201063434336,76949,605,1085,21364,
305.9244799786335,76949,605,1084,21365,
305.92453403528447,76949,604,1085,21365,
305.9292769553956,76948,605,1085,21365,
305.9296595906071,76947,606,1085,21365,
305.9330242180999,76946,607,1085,21365,
305.9373457034745,76946,606,1086,21365,
305.9386627657937,76946,605,1087,21365,
305.94014277207697,76946,604,1088,21365,
305.94017764983636,76946,603,1089,21365,
305.94214868785093,76946,602,1090,21365,
305.94822111480715,76946,602,1089,21366,
305.95567525793064,76946,601,1090,21366,
305.957307678561,76945,602,1090,21366,
305.9598158692792,76945,602,1089,21367,
305.96019342954037,76944,603,1089,21367,
305.96174799845045,76944,602,1090,21367,
305.96378421682783,76943,603,1090,21367,
305.96437875986777,76943,602,1091,21367,
305.9728663142081,76943,602,1090,21368,
305.9797542546328,76943,601,1091,21368,
305.99041470715724,76942,602,1091,21368,
305.991932794732,76942,601,1092,21368,
305.99493829569076,76941,602,1092,21368,
305.9954413932493,76941,602,1091,21369,
305.995576373086,76941,602,1090,21370,
305.9961803447065,76941,601,1091,21370,
306.0034873074655,76941,600,1092,21370,
306.00544743379476,76940,601,1092,21370,
306.00597883036005,76940,601,1091,21371,
306.0090585869054,76939,602,1091,21371,
306.00949658570113,76939,601,1092,21371,
306.009802188697,76939,600,1093,21371,
306.0154530967256,76939,599,1094,21371,
306.01879437167395,76939,598,1095,21371,
306.0197614099354,76939,597,1096,21371,
306.02503735587254,76939,597,1095,21372,
306.0285767026395,76939,596,1096,21372,
306.02914582653034,76939,596,1095,21373,
306.02938699512976,76939,595,1096,21373,
306.03197434348505,76939,595,1095,21374,
306.03224865068825,76939,595,1094,21375,
306.0336122774984,76938,596,1094,21375,
306.0407742812869,76937,597,1094,21375,
306.04445037425126,76937,597,1093,21376,
306.0462046066943,76937,597,1092,21377,
306.0483296543633,76936,598,1092,21377,
306.0495708846017,76936,598,1091,21378,
306.0499836858335,76935,599,1091,21378,
306.05035100335294,76935,598,1092,21378,
306.05127321141583,76935,598,1091,21379,
306.0530872315582,76935,597,1092,21379,
306.058751513181,76934,598,1092,21379,
306.0679806912891,76933,599,1092,21379,
306.07137251855875,76932,600,1092,21379,
306.0760819604552,76932,600,1091,21380,
306.0780046976779,76932,599,1092,21380,
306.0785204386974,76931,600,1092,21380,
306.0788346397198,76931,600,1091,21381,
306.08199762297755,76931,599,1092,21381,
306.08222987062425,76931,599,1091,21382,
306.0840801835357,76930,600,1091,21382,
306.0845099104517,76930,599,1092,21382,
306.08577534736094,76930,599,1091,21383,
306.095903097316,76930,599,1090,21384,
306.09724907430495,76930,598,1091,21384,
306.09791513630125,76930,598,1090,21385,
306.09816505509394,76930,597,1091,21385,
306.0993277941597,76929,598,1091,21385,
306.1126262883478,76928,599,1091,21385,
306.11605856770336,76928,599,1090,21386,
306.12163235565345,76927,600,1090,21386,
306.1251236354156,76927,600,1089,21387,
306.12903412071165,76926,601,1089,21387,
306.1308905143372,76926,600,1090,21387,
306.13186077312304,76926,599,1091,21387,
306.1348605426887,76926,598,1092,21387,
306.1366809145634,76926,598,1091,21388,
306.13895446525055,76925,599,1091,21388,
306.143799556692,76924,600,1091,21388,
306.14390864085175,76924,600,1090,21389,
306.1455120540115,76924,599,1091,21389,
306.1483743723044,76924,599,1090,21390,
306.15219562662094,76923,600,1090,21390,
306.1523068521729,76922,601,1090,21390,
306.15615941970674,76922,600,1091,21390,
306.15856568347226,76922,600,1090,21391,
306.1660932389722,76921,601,1090,21391,
306.1668776563081,76920,602,1090,21391,
306.1725451048375,76920,601,1091,21391,
306.17468078457193,76919,602,1091,21391,
306.17970077790284,76919,601,1092,21391,
306.1810260381116,76919,600,1093,21391,
306.1810666046704,76918,601,1093,21391,
306.1825341819049,76918,601,1092,21392,
306.18719096026103,76918,601,1091,21393,
306.1888251981069,76917,602,1091,21393,
306.19945888566974,76917,601,1092,21393,
306.2030390589545,76917,600,1093,21393,
306.20421408837035,76917,599,1094,21393,
306.2059304507091,76916,600,1094,21393,
306.20644311521085,76916,599,1095,21393,
306.209056533554,76915,600,1095,21393,
306.21169020453084,76915,599,1096,21393,
306.21248272817655,76915,598,1097,21393,
306.2127473653121,76915,598,1096,21394,
306.21292748668714,76915,597,1097,21394,
306.21437182441656,76915,596,1098,21394,
306.21583690996914,76915,596,1097,21395,
306.2188417272223,76915,596,1096,21396,
306.2218261885618,76915,596,1095,21397,
306.22596710899785,76915,595,1096,21397,
306.22951539406,76915,594,1097,21397,
306.2304015302616,76915,594,1096,21398,
306.2316336180323,76915,594,1095,21399,
306.23343270070905,76915,594,1094,21400,
306.23649227694966,76915,593,1095,21400,
306.2393931519007,76914,594,1095,21400,
306.2449086998985,76914,593,1096,21400,
306.24536130214346,76913,594,1096,21400,
306.2465343277478,76912,595,1096,21400,
306.2512220878877,76912,594,1097,21400,
306.25179996897526,76912,594,1096,21401,
306.2558590247844,76912,593,1097,21401,
306.2573123756715,76912,593,1096,21402,
306.25805572125955,76912,593,1095,21403,
306.2608254275379,76912,593,1094,21404,
306.2668208186545,76912,592,1095,21404,
306.27504172997106,76911,593,1095,21404,
306.2791440244314,76910,594,1095,21404,
306.28097166773614,76910,594,1094,21405,
306.284793448235,76910,594,1093,21406,
306.2872955690164,76910,594,1092,21407,
306.289062286358,76910,594,1091,21408,
306.29181358423796,76910,594,1090,21409,
306.29331828565626,76910,593,1091,21409,
306.2956154214779,76910,593,1090,21410,
306.29844435960297,76909,594,1090,21410,
306.3022811560559,76909,594,1089,21411,
306.30535308288586,76909,593,1090,21411,
306.3081549865064,76909,593,1089,21412,
306.3129814984804,76909,592,1090,21412,
306.3172486615935,76909,591,1091,21412,
306.31752693627374,76908,592,1091,21412,
306.3193352232303,76908,592,1090,21413,
306.32797466644706,76907,593,1090,21413,
306.3292334346115,76907,592,1091,21413,
306.3300590100967,76907,591,1092,21413,
306.33377570789577,76907,591,1091,21414,
306.33524697704377,76906,592,1091,21414,
306.34572883758375,76905,593,1091,21414,
306.3462134541955,76904,594,1091,21414,
306.3482186858782,76904,594,1090,21415,
306.35204522913233,76904,593,1091,21415,
306.3549310312411,76903,594,1091,21415,
306.35865000507636,76903,594,1090,21416,
306.3587495224395,76902,595,1090,21416,
306.361827667962,76902,594,1091,21416,
306.3625481390696,76901,595,1091,21416,
306.36352028039977,76901,594,1092,21416,
306.3649538701451,76901,593,1093,21416,
306.36789106153896,76901,592,1094,21416,
306.3694094968338,76900,593,1094,21416,
306.3722085739302,76900,592,1095,21416,
306.37289823469985,76900,592,1094,21417,
306.37315558265175,76899,593,1094,21417,
306.3734595304821,76899,593,1093,21418,
306.374247567066,76899,592,1094,21418,
306.3760868368136,76899,591,1095,21418,
306.37951337074213,76899,590,1096,21418,
306.382106286054,76899,589,1097,21418,
306.386639328739,76898,590,1097,21418,
306.3918466160765,76898,589,1098,21418,
306.3922348644994,76898,589,1097,21419,
306.39224979809427,76898,589,1096,21420,
306.4031913343769,76898,588,1097,21420,
306.4071374375048,76897,589,1097,21420,
306.4098071958774,76897,588,1098,21420,
306.4125897065994,76896,589,1098,21420,
306.41559821058274,76896,589,1097,21421,
306.4162820871445,76895,590,1097,21421,
306.4178819544313,76894,591,1097,21421,
306.418074240326,76893,592,1097,21421,
306.4213882910675,76893,591,1098,21421,
306.42444854100097,76893,591,1097,21422,
306.4285487878622,76893,590,1098,21422,
306.4315237962179,76892,591,1098,21422,
306.4320800855543,76892,590,1099,21422,
306.43713342813163,76892,589,1100,21422,
306.4372366402954,76892,588,1101,21422,
306.4375233022543,76892,588,1100,21423,
306.4390964698979,76892,588,1099,21424,
306.4397981985064,76892,587,1100,21424,
306.44104659355764,76892,587,1099,21425,
306.44127035604566,76891,588,1099,21425,
306.4425326937919,76891,588,1098,21426,
306.44392805098784,76890,589,1098,21426,
306.448654073042,76890,589,1097,21427,
306.4554281818033,76889,590,1097,21427,
306.4561327811348,76888,591,1097,21427,
306.45691943420474,76888,590,1098,21427,
306.4635883792977,76888,590,1097,21428,
306.46616479727294,76888,589,1098,21428,
306.4674180657625,76888,588,1099,21428,
306.4691804311311,76888,588,1098,21429,
306.47180809038116,76888,587,1099,21429,
306.4722689578619,76887,588,1099,21429,
306.4769298212093,76886,589,1099,21429,
306.4794163852654,76886,588,1100,21429,
306.4812471372383,76886,588,1099,21430,
306.4816050097424,76886,587,1100,21430,
306.4825745921267,76885,588,1100,21430,
306.4847514634925,76885,588,1099,21431,
306.4848333945077,76884,589,1099,21431,
306.48610065669243,76884,588,1100,21431,
306.4885274887657,76883,589,1100,21431,
306.49359740455844,76882,590,1100,21431,
306.4984289801829,76881,591,1100,21431,
306.50024997754855,76881,590,1101,21431,
306.50327710907476,76881,590,1100,21432,
306.50970821728896,76881,589,1101,21432,
306.5110100807112,76880,590,1101,21432,
306.51281853042684,76880,590,1100,21433,
306.5149942397957,76879,591,1100,21433,
306.5152180952376,76879,591,1099,21434,
306.5202536255585,76879,590,1100,21434,
306.52105128057946,76878,591,1100,21434,
306.52602982114246,76878,591,1099,21435,
306.5286223575642,76877,592,1099,21435,
306.5313638838323,76877,591,1100,21435,
306.5318855261024,76876,592,1100,21435,
306.53546013915894,76875,593,1100,21435,
306.53707235539656,76875,593,1099,21436,
306.5391023659782,76875,593,1098,21437,
306.5452511114532,76875,592,1099,21437,
306.5475319186093,76875,592,1098,21438,
306.5475695902577,76875,592,1097,21439,
306.551322476684,76875,591,1098,21439,
306.5519816540352,76875,590,1099,21439,
306.5539793505745,76875,589,1100,21439,
306.5552998664285,76875,589,1099,21440,
306.5603079154393,76875,589,1098,21441,
306.56350855121156,76874,590,1098,21441,
306.5641454537711,76874,589,1099,21441,
306.5651587202995,76873,590,1099,21441,
306.5711464785326,76873,590,1098,21442,
306.5750389106098,76873,589,1099,21442,
306.5773831814893,76872,590,1099,21442,
306.5776947011758,76872,590,1098,21443,
306.57842818939326,76872,589,1099,21443,
306.57990985430115,76872,588,1100,21443,
306.58527160424154,76872,588,1099,21444,
306.5878907730877,76871,589,1099,21444,
306.5889401019751,76870,590,1099,21444,
306.5909721141475,76869,591,1099,21444,
306.5940715802988,76869,590,1100,21444,
306.5950163760682,76869,590,1099,21445,
306.5963743186235,76869,590,1098,21446,
306.5972785096335,76868,591,1098,21446,
306.59927908154384,76867,592,1098,21446,
306.599339466803,76867,592,1097,21447,
306.6038999326477,76867,592,1096,21448,
306.6051073089872,76867,591,1097,21448,
306.6064935967166,76867,590,1098,21448,
306.60983411100233,76866,591,1098,21448,
306.61141158258636,76865,592,1098,21448,
306.6130619641097,76865,591,1099,21448,
306.614301920749,76865,591,1098,21449,
306.6165585350458,76864,592,1098,21449,
306.619620972371,76864,592,1097,21450,
306.6222769914599,76864,592,1096,21451,
306.6229542749851,76863,593,1096,21451,
306.6233043741495,76863,592,1097,21451,
306.6253373331425,76863,592,1096,21452,
306.6260135284683,76862,593,1096,21452,
306.6263336917226,76861,594,1096,21452,
306.62984572404287,76861,593,1097,21452,
306.63255385040515,76861,593,1096,21453,
306.63501677538574,76860,594,1096,21453,
306.6432755093276,76860,593,1097,21453,
306.6434144077882,76860,592,1098,21453,
306.6475974089308,76860,592,1097,21454,
306.6548487208554,76860,591,1098,21454,
306.65598031121493,76859,592,1098,21454,
306.65611357607145,76858,593,1098,21454,
306.6563352733213,76858,593,1097,21455,
306.65858978861104,76858,592,1098,21455,
306.65892077811293,76858,592,1097,21456,
306.663126279608,76858,591,1098,21456,
306.6642626420844,76858,591,1097,21457,
306.66581230321844,76858,590,1098,21457,
306.6675257899948,76858,590,1097,21458,
306.66914468913757,76858,590,1096,21459,
306.6705525967447,76858,589,1097,21459,
306.6753603106969,76858,589,1096,21460,
306.67595642389887,76858,589,1095,21461,
306.67823903622656,76857,590,1095,21461,
306.6819979044201,76857,589,1096,21461,
306.68220886683,76857,588,1097,21461,
306.68859741256443,76857,588,1096,21462,
306.694407345892,76857,588,1095,21463,
306.6952949077246,76857,587,1096,21463,
306.70618900134974,76857,587,1095,21464,
306.70732668407095,76857,586,1096,21464,
306.7075020459142,76857,586,1095,21465,
306.71019905971076,76856,587,1095,21465,
306.7128027817632,76856,586,1096,21465,
306.7130677232786,76856,586,1095,21466,
306.7137220559377,76855,587,1095,21466,
306.7140836833434,76855,586,1096,21466,
306.71452750136945,76854,587,1096,21466,
306.7154434864542,76854,587,1095,21467,
306.71658565858553,76853,588,1095,21467,
306.7187852051894,76853,587,1096,21467,
306.71915322265903,76852,588,1096,21467,
306.7210660866212,76852,588,1095,21468,
306.7216057604158,76852,588,1094,21469,
306.7245206347833,76852,587,1095,21469,
306.731867219743,76851,588,1095,21469,
306.7349905809186,76851,587,1096,21469,
306.73525046105283,76850,588,1096,21469,
306.73725008290893,76850,588,1095,21470,
306.73844699932255,76849,589,1095,21470,
306.73971947816887,76849,589,1094,21471,
306.74310813526614,76849,589,1093,21472,
306.7462700760899,76848,590,1093,21472,
306.7467035365092,76847,591,1093,21472,
306.74921569263154,76847,590,1094,21472,
306.75001250352585,76847,589,1095,21472,
306.75092237550945,76846,590,1095,21472,
306.75110084097173,76846,589,1096,21472,
306.7525692064094,76846,588,1097,21472,
306.75367546572943,76846,587,1098,21472,
306.7544987941174,76846,586,1099,21472,
306.7563942051593,76845,587,1099,21472,
306.7577149075542,76845,586,1100,21472,
306.76527005038605,76845,586,1099,21473,
306.7671492991311,76845,586,1098,21474,
306.7690639407788,76844,587,1098,21474,
306.769262991823,76844,586,1099,21474,
306.7696004996364,76843,587,1099,21474,
306.7700668001884,76842,588,1099,21474,
306.77016782981883,76842,587,1100,21474,
306.7721244698026,76842,586,1101,21474,
306.7803731249961,76842,585,1102,21474,
306.78565729111585,76842,584,1103,21474,
306.78706255382144,76842,584,1102,21475,
306.79133741339507,76841,585,1102,21475,
306.7923562150932,76841,585,1101,21476,
306.79750866702955,76840,586,1101,21476,
306.80043195004663,76840,585,1102,21476,
306.8013440472245,76840,585,1101,21477,
306.80468640328456,76839,586,1101,21477,
306.8067280517196,76838,587,1101,21477,
306.8108338767449,76838,587,1100,21478,
306.8117816133142,76838,586,1101,21478,
306.81463472560864,76838,585,1102,21478,
306.81780329148637,76838,584,1103,21478,
306.823365593215,76838,583,1104,21478,
306.83043003723054,76838,582,1105,21478,
306.83257380394315,76837,583,1105,21478,
306.8330767043898,76836,584,1105,21478,
306.83408746636945,76835,585,1105,21478,
306.8354046028693,76834,586,1105,21478,
306.83678247358506,76834,586,1104,21479,
306.83832766621356,76834,585,1105,21479,
306.8432887233576,76833,586,1105,21479,
306.84807660388253,76833,586,1104,21480,
306.8482294605699,76833,585,1105,21480,
306.8510579981999,76833,585,1104,21481,
306.8523700264628,76833,585,1103,21482,
306.85364700714047,76833,585,1102,21483,
306.85540495920986,76833,585,1101,21484,
306.8581262443875,76833,584,1102,21484,
306.8605678405829,76833,584,1101,21485,
306.8609539250496,76833,584,1100,21486,
306.8646473838832,76833,583,1101,21486,
306.86979312586044,76833,583,1100,21487,
306.8715920798718,76833,582,1101,21487,
306.871725259944,76833,581,1102,21487,
306.87662131888925,76833,580,1103,21487,
306.87787160874694,76833,580,1102,21488,
306.87926222400597,76832,581,1102,21488,
306.8848232193847,76832,581,1101,21489,
306.8855456125756,76832,581,1100,21490,
306.88637787937944,76832,580,1101,21490,
306.886499026373,76832,579,1102,21490,
306.8868228860105,76831,580,1102,21490,
306.88747483845344,76830,581,1102,21490,
306.8905400706636,76830,580,1103,21490,
306.8910633253159,76830,579,1104,21490,
306.89237647069945,76830,578,1105,21490,
306.8945872066435,76830,578,1104,21491,
306.90368038461725,76830,578,1103,21492,
306.904911098623,76829,579,1103,21492,
306.9120211207584,76829,579,1102,21493,
306.9159192018517,76829,579,1101,21494,
306.92271941327266,76829,578,1102,21494,
306.92336241947055,76829,577,1103,21494,
306.92743728808784,76829,576,1104,21494,
306.92757400126635,76828,577,1104,21494,
306.9287609540627,76828,576,1105,21494,
306.92914294803285,76828,576,1104,21495,
306.92941203321254,76828,575,1105,21495,
306.93157280740274,76828,574,1106,21495,
306.9318649117186,76828,574,1105,21496,
306.93194683144446,76827,575,1105,21496,
306.9334067981792,76827,574,1106,21496,
306.93387668852233,76826,575,1106,21496,
306.9395079628402,76826,575,1105,21497,
306.94438892190465,76826,574,1106,21497,
306.9564406707757,76825,575,1106,21497,
306.9578651779797,76825,574,1107,21497,
306.9611313899708,76825,574,1106,21498,
306.96718512995346,76824,575,1106,21498,
306.97178513710026,76824,575,1105,21499,
306.9735368832362,76823,576,1105,21499,
306.9809725174342,76823,575,1106,21499,
306.98167338910866,76823,575,1105,21500,
306.9824474938027,76823,574,1106,21500,
306.98274637760284,76823,573,1107,21500,
306.9898063820908,76823,572,1108,21500,
306.9912803738497,76823,572,1107,21501,
306.99232718430454,76823,571,1108,21501,
306.9941022902175,76823,570,1109,21501,
306.9977430567301,76823,569,1110,21501,
307.00565188207906,76822,570,1110,21501,
307.00771095410306,76822,570,1109,21502,
307.0140683505922,76822,570,1108,21503,
307.0158774391072,76822,569,1109,21503,
307.01925790569885,76822,568,1110,21503,
307.02318747987107,76821,569,1110,21503,
307.027518639293,76821,568,1111,21503,
307.02802575606336,76821,567,1112,21503,
307.02841972470037,76820,568,1112,21503,
307.0316888052736,76819,569,1112,21503,
307.03214982698296,76819,568,1113,21503,
307.03393711428197,76819,567,1114,21503,
307.03563576472794,76819,566,1115,21503,
307.03588175982986,76819,566,1114,21504,
307.0389744716968,76819,565,1115,21504,
307.0393498518701,76818,566,1115,21504,
307.03998529016934,76817,567,1115,21504,
307.0421433535651,76817,566,1116,21504,
307.04907187444314,76817,566,1115,21505,
307.0495086603663,76816,567,1115,21505,
307.0499404532316,76816,567,1114,21506,
307.05169966802737,76815,568,1114,21506,
307.05416590284256,76814,569,1114,21506,
307.05419855146766,76814,568,1115,21506,
307.0668579274279,76814,568,1114,21507,
307.07749935318026,76813,569,1114,21507,
307.0783330096879,76813,569,1113,21508,
307.08028474812374,76813,569,1112,21509,
307.0809874346258,76812,570,1112,21509,
307.0852841512318,76812,570,1111,21510,
307.08584148544827,76812,569,1112,21510,
307.0903283941711,76811,570,1112,21510,
307.0988622455459,76810,571,1112,21510,
307.1025281223493,76810,570,1113,21510,
307.1029351410395,76810,570,1112,21511,
307.1037191112035,76810,570,1111,21512,
307.109718510974,76810,570,1110,21513,
307.11583450844364,76809,571,1110,21513,
307.11858893572463,76809,571,1109,21514,
307.11995891616243,76809,571,1108,21515,
307.1273838126013,76809,571,1107,21516,
307.13750702473266,76809,571,1106,21517,
307.1395574087296,76808,572,1106,21517,
307.1405166706877,76807,573,1106,21517,
307.1502004935151,76806,574,1106,21517,
307.15221251807355,76805,575,1106,21517,
307.1549597701937,76805,575,1105,21518,
307.15669766388726,76805,574,1106,21518,
307.16021406046616,76805,573,1107,21518,
307.1604833015719,76805,572,1108,21518,
307.16183750050317,76805,572,1107,21519,
307.1635676727119,76805,571,1108,21519,
307.17448621832983,76805,571,1107,21520,
307.1755070715902,76805,570,1108,21520,
307.1794038724697,76804,571,1108,21520,
307.1800090570193,76804,570,1109,21520,
307.1809236993574,76804,569,1110,21520,
307.1865965563924,76804,569,1109,21521,
307.18902712100993,76803,570,1109,21521,
307.18926498007033,76802,571,1109,21521,
307.19381150321135,76801,572,1109,21521,
307.19712752593614,76800,573,1109,21521,
307.20462759273727,76799,574,1109,21521,
307.20561568452166,76798,575,1109,21521,
307.2062749443823,76797,576,1109,21521,
307.21006260866073,76796,577,1109,21521,
307.2110679822676,76796,577,1108,21522,
307.2115365225553,76795,578,1108,21522,
307.220135831059,76794,579,1108,21522,
307.2206335397717,76794,578,1109,21522,
307.2256872176069,76794,577,1110,21522,
307.2258698584924,76793,578,1110,21522,
307.2260345372864,76792,579,1110,21522,
307.2264945665549,76791,580,1110,21522,
307.2277595392941,76790,581,1110,21522,
307.22860150724597,76790,581,1109,21523,
307.2288415487787,76790,580,1110,21523,
307.228927982577,76790,579,1111,21523,
307.2324200711372,76790,578,1112,21523,
307.23529040220103,76789,579,1112,21523,
307.2353004450233,76789,579,1111,21524,
307.23572422864027,76789,578,1112,21524,
307.23785321163257,76789,577,1113,21524,
307.24594207584164,76789,577,1112,21525,
307.2481828048267,76789,577,1111,21526,
307.25662163632046,76789,577,1110,21527,
307.25949633131205,76789,576,1111,21527,
307.26082996536,76789,576,1110,21528,
307.27074538058514,76789,575,1111,21528,
307.273027699946,76789,575,1110,21529,
307.281093454754,76788,576,1110,21529,
307.28230085115706,76788,575,1111,21529,
307.2826736002887,76788,575,1110,21530,
307.2858035590184,76787,576,1110,21530,
307.28660712539454,76787,575,1111,21530,
307.2878017488508,76787,575,1110,21531,
307.2891691983794,76787,575,1109,21532,
307.2893862403421,76787,575,1108,21533,
307.30230133612764,76787,575,1107,21534,
307.30428659812793,76787,574,1108,21534,
307.3049982509946,76786,575,1108,21534,
307.30960862166177,76785,576,1108,21534,
307.30975686211747,76785,575,1109,21534,
307.3166055384405,76785,574,1110,21534,
307.3174847311145,76784,575,1110,21534,
307.31877632287143,76783,576,1110,21534,
307.319414120869,76782,577,1110,21534,
307.3198407397568,76782,577,1109,21535,
307.3220434432632,76782,576,1110,21535,
307.3224829137025,76782,575,1111,21535,
307.3240561199702,76782,575,1110,21536,
307.32652328187027,76782,574,1111,21536,
307.3304428820389,76782,573,1112,21536,
307.3308406221563,76781,574,1112,21536,
307.3322840051277,76781,574,1111,21537,
307.3375447382407,76781,574,1110,21538,
307.3384771011735,76781,574,1109,21539,
307.33863130536156,76780,575,1109,21539,
307.3419573025084,76779,576,1109,21539,
307.3427159277347,76779,576,1108,21540,
307.34310300555615,76779,575,1109,21540,
307.34537444820967,76779,575,1108,21541,
307.3499858214199,76779,574,1109,21541,
307.35600193542064,76779,573,1110,21541,
307.35768062022163,76778,574,1110,21541,
307.3652843804603,76778,574,1109,21542,
307.36530923174416,76778,573,1110,21542,
307.3678593030565,76778,572,1111,21542,
307.3680046311078,76778,572,1110,21543,
307.36927388251183,76777,573,1110,21543,
307.3750664979067,76777,573,1109,21544,
307.3760550545211,76777,572,1110,21544,
307.3803142602375,76777,571,1111,21544,
307.38260502898424,76776,572,1111,21544,
307.38949905497356,76775,573,1111,21544,
307.3907571400686,76775,572,1112,21544,
307.39222944426297,76774,573,1112,21544,
307.39367516149207,76774,573,1111,21545,
307.3970235747829,76774,573,1110,21546,
307.3981513244828,76774,572,1111,21546,
307.39840349810885,76774,571,1112,21546,
307.39864649818986,76774,571,1111,21547,
307.39935663865054,76774,570,1112,21547,
307.39954246810146,76773,571,1112,21547,
307.39972552981845,76773,571,1111,21548,
307.3998057504082,76773,571,1110,21549,
307.4039158731774,76773,571,1109,21550,
307.40567715969496,76773,570,1110,21550,
307.406020684548,76772,571,1110,21550,
307.4075522550444,76772,571,1109,21551,
307.40838225381907,76772,571,1108,21552,
307.4092443656422,76772,571,1107,21553,
307.41137530356076,76772,571,1106,21554,
307.41517674000556,76771,572,1106,21554,
307.41566152134277,76771,572,1105,21555,
307.41591607178293,76771,571,1106,21555,
307.42053736779644,76771,570,1107,21555,
307.4221471734145,76771,569,1108,21555,
307.42265665616617,76770,570,1108,21555,
307.4243084869906,76769,571,1108,21555,
307.42691625314296,76768,572,1108,21555,
307.42840216148016,76768,571,1109,21555,
307.4290070722074,76767,572,1109,21555,
307.4304877930203,76766,573,1109,21555,
307.4338245523545,76766,572,1110,21555,
307.44343326700846,76766,571,1111,21555,
307.4443048185689,76766,571,1110,21556,
307.44471671070903,76765,572,1110,21556,
307.44611431133745,76765,571,1111,21556,
307.4482852606431,76764,572,1111,21556,
307.45157747498365,76764,571,1112,21556,
307.45619300244635,76764,571,1111,21557,
307.457751461261,76763,572,1111,21557,
307.4583075810669,76763,571,1112,21557,
307.4639530658101,76763,570,1113,21557,
307.4647783667639,76763,569,1114,21557,
307.46969954865256,76762,570,1114,21557,
307.4705926114005,76762,569,1115,21557,
307.4749207138772,76762,568,1116,21557,
307.47936138021424,76762,568,1115,21558,
307.48798661225453,76762,567,1116,21558,
307.49155023352057,76761,568,1116,21558,
307.4922564936268,76760,569,1116,21558,
307.4942756081963,76759,570,1116,21558,
307.49984139538367,76759,570,1115,21559,
307.5009062575037,76759,569,1116,21559,
307.5056271794058,76759,568,1117,21559,
307.508573850312,76759,568,1116,21560,
307.5115806081393,76759,567,1117,21560,
307.5138765715984,76759,566,1118,21560,
307.51853741211283,76759,566,1117,21561,
307.5204589382132,76759,565,1118,21561,
307.5208682597263,76758,566,1118,21561,
307.5226898167908,76758,566,1117,21562,
307.523718538865,76758,566,1116,21563,
307.5278312425354,76758,566,1115,21564,
307.5286789051965,76758,565,1116,21564,
307.53116454255496,76758,565,1115,21565,
307.5312921498729,76757,566,1115,21565,
307.537766192939,76757,565,1116,21565,
307.5498981155763,76756,566,1116,21565,
307.55391094881026,76756,566,1115,21566,
307.5621117634216,76755,567,1115,21566,
307.5640676119897,76755,566,1116,21566,
307.56454413242795,76755,565,1117,21566,
307.5658147505948,76755,565,1116,21567,
307.56713460773125,76755,565,1115,21568,
307.56746483512995,76755,565,1114,21569,
307.5700854769383,76755,564,1115,21569,
307.57022916904356,76755,564,1114,21570,
307.5710321945424,76755,563,1115,21570,
307.57378840857285,76754,564,1115,21570,
307.57466780820414,76754,563,1116,21570,
307.5785787202004,76754,563,1115,21571,
307.58318252303667,76753,564,1115,21571,
307.5858201732766,76752,565,1115,21571,
307.5910760400738,76752,564,1116,21571,
307.5911877751181,76752,564,1115,21572,
307.5925792892265,76752,563,1116,21572,
307.5977167429682,76752,563,1115,21573,
307.6048205315802,76752,562,1116,21573,
307.6057435462103,76752,561,1117,21573,
307.60647007369806,76751,562,1117,21573,
307.6076696653719,76750,563,1117,21573,
307.6092784062434,76749,564,1117,21573,
307.6097420000669,76749,564,1116,21574,
307.61248189977886,76749,563,1117,21574,
307.61809558889,76748,564,1117,21574,
307.6196357770887,76747,565,1117,21574,
307.62363753076113,76747,565,1116,21575,
307.630843390356,76746,566,1116,21575,
307.63246941165715,76745,567,1116,21575,
307.63285230466994,76744,568,1116,21575,
307.6348518623885,76744,568,1115,21576,
307.63669413778166,76744,567,1116,21576,
307.6392264050669,76744,566,1117,21576,
307.639383522889,76744,566,1116,21577,
307.64095581778923,76744,566,1115,21578,
307.64135599609074,76744,565,1116,21578,
307.6417275580222,76744,565,1115,21579,
307.6449704266623,76744,565,1114,21580,
307.64723743861873,76743,566,1114,21580,
307.64730043916336,76743,566,1113,21581,
307.65409512854694,76743,565,1114,21581,
307.6605441821184,76743,565,1113,21582,
307.6614915144531,76742,566,1113,21582,
307.6642092749284,76742,566,1112,21583,
307.6645087603312,76741,567,1112,21583,
307.6679448374017,76740,568,1112,21583,
307.6681266833156,76740,567,1113,21583,
307.674308687307,76739,568,1113,21583,
307.679157518813,76739,568,1112,21584,
307.68042574095716,76739,568,1111,21585,
307.6861538869007,76739,567,1112,21585,
307.68758336868933,76739,566,1113,21585,
307.68840123938077,76738,567,1113,21585,
307.6887578152069,76737,568,1113,21585,
307.692287512227,76737,568,1112,21586,
307.69275046036483,76736,569,1112,21586,
307.6936559580286,76736,568,1113,21586,
307.6956221999369,76735,569,1113,21586,
307.69656284600785,76735,569,1112,21587,
307.6984614427467,76734,570,1112,21587,
307.698551192993,76734,569,1113,21587,
307.6989639015423,76733,570,1113,21587,
307.70200639929647,76733,570,1112,21588,
307.70226386726887,76733,569,1113,21588,
307.7048146434001,76733,568,1114,21588,
307.7076302254607,76733,568,1113,21589,
307.70861296202287,76733,568,1112,21590,
307.70972518811357,76733,567,1113,21590,
307.7152997663523,76733,567,1112,21591,
307.7166358137392,76733,567,1111,21592,
307.7172140482697,76732,568,1111,21592,
307.7218388623127,76731,569,1111,21592,
307.7267212449991,76730,570,1111,21592,
307.7292360606323,76730,570,1110,21593,
307.7325788217031,76730,569,1111,21593,
307.73403538263085,76730,568,1112,21593,
307.73725700644394,76730,567,1113,21593,
307.738700744562,76730,567,1112,21594,
307.7391349311415,76730,567,1111,21595,
307.74149952197837,76730,566,1112,21595,
307.7442622714469,76730,565,1113,21595,
307.7483667220084,76730,565,1112,21596,
307.7486087577927,76730,564,1113,21596,
307.74873791504575,76730,564,1112,21597,
307.74986202427147,76730,564,1111,21598,
307.754406552986,76729,565,1111,21598,
307.75927194532494,76729,565,1110,21599,
307.76020242423647,76729,565,1109,21600,
307.7603883346869,76729,564,1110,21600,
307.76153492329803,76728,565,1110,21600,
307.76197283518997,76728,564,1111,21600,
307.7644611639193,76728,564,1110,21601,
307.7673390099964,76728,564,1109,21602,
307.7682463455361,76727,565,1109,21602,
307.76851874547424,76726,566,1109,21602,
307.7690685911605,76726,566,1108,21603,
307.7791957115366,76726,566,1107,21604,
307.7800147026803,76725,567,1107,21604,
307.7809676744493,76724,568,1107,21604,
307.7833779657978,76724,567,1108,21604,
307.78533271989335,76724,566,1109,21604,
307.7869406628667,76724,565,1110,21604,
307.78705446307237,76724,565,1109,21605,
307.7873452034505,76723,566,1109,21605,
307.7883761063746,76722,567,1109,21605,
307.7928628943428,76722,567,1108,21606,
307.79339098504465,76722,567,1107,21607,
307.7955347513299,76721,568,1107,21607,
307.79714970064487,76721,567,1108,21607,
307.80490523807816,76720,568,1108,21607,
307.80547813895987,76719,569,1108,21607,
307.80613116361167,76719,568,1109,21607,
307.80619046650094,76719,567,1110,21607,
307.8091706867948,76718,568,1110,21607,
307.8096777728178,76717,569,1110,21607,
307.8117952581003,76716,570,1110,21607,
307.8124698575468,76716,570,1109,21608,
307.8147711229559,76715,571,1109,21608,
307.81900546525935,76714,572,1109,21608,
307.82200455842224,76714,572,1108,21609,
307.827138476916,76714,571,1109,21609,
307.82971738138593,76714,570,1110,21609,
307.8315750308016,76713,571,1110,21609,
307.8317332975426,76712,572,1110,21609,
307.832715576008,76712,571,1111,21609,
307.8340312274731,76712,570,1112,21609,
307.8365438629778,76711,571,1112,21609,
307.8372889151334,76710,572,1112,21609,
307.8395027606341,76710,571,1113,21609,
307.8406472932371,76709,572,1113,21609,
307.84935093945654,76708,573,1113,21609,
307.8545673425271,76708,573,1112,21610,
307.8573143455274,76707,574,1112,21610,
307.859514764494,76706,575,1112,21610,
307.8624324500003,76705,576,1112,21610,
307.8674036841584,76704,577,1112,21610,
307.86911509756277,76704,576,1113,21610,
307.8822838559223,76704,576,1112,21611,
307.88427873346893,76703,577,1112,21611,
307.88569193868153,76703,576,1113,21611,
307.8862897691815,76703,576,1112,21612,
307.8906038735066,76702,577,1112,21612,
307.8921482415504,76701,578,1112,21612,
307.8980212490289,76701,578,1111,21613,
307.90245820967687,76701,577,1112,21613,
307.90715541397435,76701,577,1111,21614,
307.9135985246229,76701,576,1112,21614,
307.91546810982567,76700,577,1112,21614,
307.91563411877695,76700,577,1111,21615,
307.9157683847491,76700,576,1112,21615,
307.9253444978768,76700,576,1111,21616,
307.9281260516804,76700,575,1112,21616,
307.93989552599004,76700,575,1111,21617,
307.9401266539169,76700,575,1110,21618,
307.9410874360217,76700,575,1109,21619,
307.94207208118854,76700,575,1108,21620,
307.9422205954151,76700,574,1109,21620,
307.94480973909896,76700,574,1108,21621,
307.9523962248072,76699,575,1108,21621,
307.95450229398676,76699,575,1107,21622,
307.9569994982691,76698,576,1107,21622,
307.9572973106429,76698,576,1106,21623,
307.96018267404975,76697,577,1106,21623,
307.96397019345335,76697,577,1105,21624,
307.971417259759,76696,578,1105,21624,
307.99355439977353,76695,579,1105,21624,
308.0036477862019,76695,579,1104,21625,
308.00797633394654,76695,579,1103,21626,
308.0111763752946,76694,580,1103,21626,
308.01263143993657,76693,581,1103,21626,
308.01992839741575,76693,581,1102,21627,
308.0199522278477,76692,582,1102,21627,
308.02745842249254,76691,583,1102,21627,
308.03108446232073,76691,582,1103,21627,
308.0403745376248,76691,582,1102,21628,
308.0409443454707,76690,583,1102,21628,
308.0461849379386,76690,583,1101,21629,
308.047701549258,76690,582,1102,21629,
308.05325232142036,76689,583,1102,21629,
308.0562229787914,76689,582,1103,21629,
308.05755637015517,76688,583,1103,21629,
308.0691964023215,76688,582,1104,21629,
308.071845629921,76687,583,1104,21629,
308.0743951980593,76686,584,1104,21629,
308.0784841112633,76686,584,1103,21630,
308.0792198347415,76686,584,1102,21631,
308.08135103099346,76686,584,1101,21632,
308.0823598815186,76685,585,1101,21632,
308.08421421642896,76685,585,1100,21633,
308.0873843958576,76685,584,1101,21633,
308.088527884168,76685,584,1100,21634,
308.090104177915,76685,583,1101,21634,
308.09574110485016,76684,584,1101,21634,
308.1016847664997,76683,585,1101,21634,
308.101729832714,76683,584,1102,21634,
308.10322040443333,76683,583,1103,21634,
308.1036251386273,76683,583,1102,21635,
308.1047794842082,76683,582,1103,21635,
308.1055755860518,76683,581,1104,21635,
308.11551253275917,76683,580,1105,21635,
308.1186335422606,76683,580,1104,21636,
308.1217523520779,76682,581,1104,21636,
308.1234794115756,76681,582,1104,21636,
308.12572370816525,76681,581,1105,21636,
308.131706242738,76680,582,1105,21636,
308.13455974169347,76679,583,1105,21636,
308.13473941017935,76678,584,1105,21636,
308.13492151302785,76678,583,1106,21636,
308.13721017209633,76678,583,1105,21637,
308.13777777621124,76678,582,1106,21637,
308.1385039442639,76678,581,1107,21637,
308.1385277186454,76678,580,1108,21637,
308.1533847136253,76678,579,1109,21637,
308.15486010084044,76677,580,1109,21637,
308.15528278215015,76677,580,1108,21638,
308.1561214060174,76677,580,1107,21639,
308.1625594389526,76677,580,1106,21640,
308.1635785209913,76676,581,1106,21640,
308.16540734274577,76676,581,1105,21641,
308.16743521251954,76676,580,1106,21641,
308.1687434775388,76676,579,1107,21641,
308.17284601388997,76676,579,1106,21642,
308.17811295104974,76676,578,1107,21642,
308.1815264973033,76676,578,1106,21643,
308.1817699473398,76675,579,1106,21643,
308.1820358308426,76675,579,1105,21644,
308.1822358690213,76675,579,1104,21645,
308.1896168077314,76675,578,1105,21645,
308.19418638953033,76675,577,1106,21645,
308.20482491928567,76674,578,1106,21645,
308.20487382500204,76674,578,1105,21646,
308.2157601350354,76674,578,1104,21647,
308.21660841608127,76674,578,1103,21648,
308.21844623803537,76674,577,1104,21648,
308.22030398468365,76674,577,1103,21649,
308.2241598697575,76673,578,1103,21649,
308.2304238936159,76672,579,1103,21649,
308.2333370148394,76671,580,1103,21649,
308.2346014955721,76671,580,1102,21650,
308.2407647347717,76671,580,1101,21651,
308.2432338219043,76671,579,1102,21651,
308.2519321447901,76671,579,1101,21652,
308.2578367322957,76671,579,1100,21653,
308.2584079681126,76671,579,1099,21654,
308.26383886359145,76671,578,1100,21654,
308.2654488055699,76671,577,1101,21654,
308.26594104162547,76671,576,1102,21654,
308.26693484148086,76671,576,1101,21655,
308.2702200841535,76670,577,1101,21655,
308.2709040245908,76670,577,1100,21656,
308.27273909458137,76669,578,1100,21656,
308.27970241863096,76668,579,1100,21656,
308.28175695371215,76667,580,1100,21656,
308.2819339829641,76666,581,1100,21656,
308.2862051692535,76666,580,1101,21656,
308.2874849158494,76666,579,1102,21656,
308.2890914123942,76665,580,1102,21656,
308.2903352241976,76665,580,1101,21657,
308.2914107613726,76665,579,1102,21657,
308.29739276670364,76665,579,1101,21658,
308.29782660836867,76665,578,1102,21658,
308.3014375405705,76664,579,1102,21658,
308.3016426655037,76664,579,1101,21659,
308.30730083594887,76664,579,1100,21660,
308.3121156014724,76664,579,1099,21661,
308.31859084132486,76664,578,1100,21661,
308.3187860894547,76664,578,1099,21662,
308.3196070876895,76664,577,1100,21662,
308.3200756063433,76663,578,1100,21662,
308.32134088425073,76663,577,1101,21662,
308.3265197319065,76662,578,1101,21662,
308.3272006971799,76661,579,1101,21662,
308.32975782474455,76661,579,1100,21663,
308.3319589863516,76661,579,1099,21664,
308.3341423912079,76661,578,1100,21664,
308.33566995943755,76660,579,1100,21664,
308.3373306903649,76659,580,1100,21664,
308.3420381819524,76659,579,1101,21664,
308.34329016691834,76658,580,1101,21664,
308.343538371323,76657,581,1101,21664,
308.34452446437274,76656,582,1101,21664,
308.3451527404613,76656,582,1100,21665,
308.3479166624851,76656,582,1099,21666,
308.35006467387893,76656,582,1098,21667,
308.3512597516103,76656,582,1097,21668,
308.35208041498,76656,582,1096,21669,
308.35493416669243,76656,581,1097,21669,
308.3550822434732,76656,580,1098,21669,
308.355404108603,76656,580,1097,21670,
308.3578358424183,76656,579,1098,21670,
308.36134147679064,76656,579,1097,21671,
308.3641329985225,76656,579,1096,21672,
308.36676148289746,76656,579,1095,21673,
308.3692809993186,76656,579,1094,21674,
308.37111424037363,76656,579,1093,21675,
308.37420342705235,76656,578,1094,21675,
308.3757069914615,76656,578,1093,21676,
308.377755692843,76655,579,1093,21676,
308.38126142748945,76655,579,1092,21677,
308.38192453581325,76654,580,1092,21677,
308.3903326462247,76654,579,1093,21677,
308.3904747404907,76654,578,1094,21677,
308.3911296243043,76654,578,1093,21678,
308.3965946413982,76653,579,1093,21678,
308.4009200661308,76653,578,1094,21678,
308.4026895559882,76653,578,1093,21679,
308.4028219295555,76653,578,1092,21680,
308.40553855179684,76653,577,1093,21680,
308.4076741776536,76653,576,1094,21680,
308.40875599693373,76653,575,1095,21680,
308.41051738722234,76653,574,1096,21680,
308.4168357394868,76653,574,1095,21681,
308.41738683909267,76653,573,1096,21681,
308.4193055173406,76652,574,1096,21681,
308.4202783855766,76652,573,1097,21681,
308.42302568536996,76651,574,1097,21681,
308.4252045195788,76651,573,1098,21681,
308.4260804451334,76651,573,1097,21682,
308.42876967499444,76651,573,1096,21683,
308.43162247038464,76651,573,1095,21684,
308.4328194557336,76650,574,1095,21684,
308.4335679562211,76650,573,1096,21684,
308.4381391785903,76650,573,1095,21685,
308.44272584198734,76650,573,1094,21686,
308.4531054225403,76649,574,1094,21686,
308.45401419742313,76649,574,1093,21687,
308.4549244854858,76649,574,1092,21688,
308.4551617604268,76649,573,1093,21688,
308.4571589487356,76649,572,1094,21688,
308.4623556481085,76648,573,1094,21688,
308.46609608531645,76648,572,1095,21688,
308.46937391518867,76647,573,1095,21688,
308.4778200520669,76646,574,1095,21688,
308.4820511589731,76645,575,1095,21688,
308.4830286044024,76644,576,1095,21688,
308.48428670589124,76644,576,1094,21689,
308.48528725205364,76643,577,1094,21689,
308.48765650755684,76643,577,1093,21690,
308.4904780367028,76642,578,1093,21690,
308.49457859377156,76642,578,1092,21691,
308.49689864987084,76642,578,1091,21692,
308.4976451597517,76641,579,1091,21692,
308.49918795566634,76641,578,1092,21692,
308.500183160129,76641,578,1091,21693,
308.50146273688404,76641,578,1090,21694,
308.50372200255873,76640,579,1090,21694,
308.5038233618837,76640,578,1091,21694,
308.5088687009991,76639,579,1091,21694,
308.51074562718287,76639,579,1090,21695,
308.5131187152298,76639,579,1089,21696,
308.5177371161846,76639,579,1088,21697,
308.5206307140246,76639,579,1087,21698,
308.520891361582,76639,579,1086,21699,
308.52177532403056,76639,578,1087,21699,
308.5228917777238,76639,578,1086,21700,
308.53189099567624,76639,577,1087,21700,
308.53395195115075,76639,577,1086,21701,
308.5343173383462,76639,577,1085,21702,
308.53785101874496,76638,578,1085,21702,
308.54161818755153,76638,577,1086,21702,
308.5441258930954,76637,578,1086,21702,
308.5496376121354,76637,577,1087,21702,
308.5497796752243,76636,578,1087,21702,
308.55493307197275,76636,577,1088,21702,
308.5574574060045,76636,577,1087,21703,
308.5591580156124,76636,576,1088,21703,
308.561915564581,76636,576,1087,21704,
308.563273803146,76635,577,1087,21704,
308.5683680437566,76635,577,1086,21705,
308.56999481572353,76635,576,1087,21705,
308.5702707668895,76635,576,1086,21706,
308.576065229296,76635,576,1085,21707,
308.5863547431766,76635,576,1084,21708,
308.58778125391643,76634,577,1084,21708,
308.58851102044196,76633,578,1084,21708,
308.59505329806404,76633,577,1085,21708,
308.6003366427733,76633,576,1086,21708,
308.6004177074272,76633,575,1087,21708,
308.6133343551227,76633,574,1088,21708,
308.62055006029897,76633,573,1089,21708,
308.6246971783197,76633,573,1088,21709,
308.62547013998704,76632,574,1088,21709,
308.6262447130496,76632,573,1089,21709,
308.62777665617847,76632,572,1090,21709,
308.6283537843972,76631,573,1090,21709,
308.6309390300683,76630,574,1090,21709,
308.63127185843246,76629,575,1090,21709,
308.6330923929561,76629,575,1089,21710,
308.6340870679766,76629,574,1090,21710,
308.63725237266084,76629,574,1089,21711,
308.63754895650004,76628,575,1089,21711,
308.64638665392533,76628,575,1088,21712,
308.65070136958366,76628,575,1087,21713,
308.65282486787424,76628,575,1086,21714,
308.65531678375186,76628,574,1087,21714,
308.6568604007215,76628,574,1086,21715,
308.65810198097654,76627,575,1086,21715,
308.665229512189,76626,576,1086,21715,
308.66906760336354,76626,575,1087,21715,
308.67081538418796,76626,574,1088,21715,
308.6782219611036,76626,573,1089,21715,
308.6783707090081,76626,573,1088,21716,
308.6785313677997,76626,572,1089,21716,
308.68009810097595,76626,572,1088,21717,
308.6817760504649,76626,571,1089,21717,
308.6858907984619,76625,572,1089,21717,
308.6871030900801,76625,572,1088,21718,
308.68735445371385,76625,572,1087,21719,
308.68782172348506,76625,571,1088,21719,
308.69345115056467,76625,571,1087,21720,
308.69384813019104,76625,571,1086,21721,
308.6980885635489,76624,572,1086,21721,
308.703833243948,76624,572,1085,21722,
308.7048249419434,76624,571,1086,21722,
308.70654212055916,76623,572,1086,21722,
308.7129079031946,76623,572,1085,21723,
308.71296935565437,76623,571,1086,21723,
308.7134219561657,76623,571,1085,21724,
308.7156028821112,76623,571,1084,21725,
308.71584843258495,76623,570,1085,21725,
308.71595343376265,76623,569,1086,21725,
308.7175477639043,76623,569,1085,21726,
308.7176517362647,76623,568,1086,21726,
308.7252260129659,76623,568,1085,21727,
308.72956707409776,76623,567,1086,21727,
308.73261039659434,76623,567,1085,21728,
308.7385630882641,76622,568,1085,21728,
308.742259579402,76622,567,1086,21728,
308.7470625125302,76622,567,1085,21729,
308.7527260590432,76622,566,1086,21729,
308.75640584231746,76622,566,1085,21730,
308.7576479149952,76622,565,1086,21730,
308.7581128305156,76621,566,1086,21730,
308.7598832358326,76620,567,1086,21730,
308.7599415329604,76619,568,1086,21730,
308.76137039197056,76619,568,1085,21731,
308.76255890751975,76619,568,1084,21732,
308.7651060273449,76618,569,1084,21732,
308.76735648076885,76617,570,1084,21732,
308.7678849794443,76617,569,1085,21732,
308.7747637435603,76616,570,1085,21732,
308.77631369752316,76616,569,1086,21732,
308.778378683267,76615,570,1086,21732,
308.77989209196375,76614,571,1086,21732,
308.7812636498699,76614,571,1085,21733,
308.78738246888514,76613,572,1085,21733,
308.78777931394495,76613,572,1084,21734,
308.7880313180219,76612,573,1084,21734,
308.7907474289573,76611,574,1084,21734,
308.79590727626197,76611,573,1085,21734,
308.79622917503076,76611,573,1084,21735,
308.79790301090384,76611,572,1085,21735,
308.8017139294619,76611,571,1086,21735,
308.80854999252136,76611,570,1087,21735,
308.8087338900544,76611,569,1088,21735,
308.8098113250038,76611,569,1087,21736,
308.8122799329825,76611,569,1086,21737,
308.813861017838,76611,569,1085,21738,
308.81455180768694,76610,570,1085,21738,
308.81612503106754,76610,570,1084,21739,
308.8164706671259,76610,570,1083,21740,
308.8195237048971,76609,571,1083,21740,
308.8201296289288,76609,571,1082,21741,
308.8259014996977,76608,572,1082,21741,
308.8301816624683,76607,573,1082,21741,
308.83211140105345,76607,573,1081,21742,
308.8396482714784,76607,573,1080,21743,
308.84179405151116,76607,573,1079,21744,
308.8419526315312,76606,574,1079,21744,
308.8431577069715,76606,574,1078,21745,
308.84891773240355,76606,574,1077,21746,
308.8491843225044,76606,573,1078,21746,
308.85006921515907,76606,573,1077,21747,
308.85379524761265,76605,574,1077,21747,
308.8549219779052,76604,575,1077,21747,
308.85560980650325,76604,574,1078,21747,
308.8627340366242,76603,575,1078,21747,
308.86301877225543,76603,575,1077,21748,
308.8635217437659,76602,576,1077,21748,
308.8660958257205,76602,576,1076,21749,
308.86615353628963,76602,575,1077,21749,
308.8667148989752,76602,575,1076,21750,
308.87121048159867,76602,574,1077,21750,
308.87706659997514,76602,573,1078,21750,
308.87758166402006,76602,572,1079,21750,
308.87858585210887,76601,573,1079,21750,
308.880715563958,76601,573,1078,21751,
308.88074524659936,76600,574,1078,21751,
308.88313249784204,76600,573,1079,21751,
308.8852380712348,76599,574,1079,21751,
308.8856705681412,76599,574,1078,21752,
308.88587759205905,76598,575,1078,21752,
308.8889190654049,76598,575,1077,21753,
308.8962113628133,76598,575,1076,21754,
308.89915436315056,76598,575,1075,21755,
308.9120298794704,76598,575,1074,21756,
308.9120317132497,76598,575,1073,21757,
308.91289108737624,76598,575,1072,21758,
308.9129911226695,76598,575,1071,21759,
308.91304600299077,76598,575,1070,21760,
308.91730070493753,76597,576,1070,21760,
308.91859416052455,76596,577,1070,21760,
308.91972145890634,76596,577,1069,21761,
308.9212865170916,76595,578,1069,21761,
308.92163689442503,76594,579,1069,21761,
308.9251498704889,76593,580,1069,21761,
308.9278310358401,76593,580,1068,21762,
308.9301671094922,76593,580,1067,21763,
308.9331225387718,76593,580,1066,21764,
308.9344719227638,76593,580,1065,21765,
308.9356589573866,76593,580,1064,21766,
308.9364249265202,76593,580,1063,21767,
308.93926747678796,76592,581,1063,21767,
308.9420289548187,76592,581,1062,21768,
308.9421165506922,76592,581,1061,21769,
308.9464561054629,76592,580,1062,21769,
308.95431353678276,76592,580,1061,21770,
308.95672129127087,76592,580,1060,21771,
308.95927638813276,76592,580,1059,21772,
308.96252413686074,76592,579,1060,21772,
308.9676071784119,76592,579,1059,21773,
308.96821342730453,76592,578,1060,21773,
308.9683112151233,76591,579,1060,21773,
308.9716702728241,76590,580,1060,21773,
308.97186171478614,76590,580,1059,21774,
308.97562377483706,76590,579,1060,21774,
308.98231807067344,76589,580,1060,21774,
308.9851302092429,76588,581,1060,21774,
308.9889742150054,76587,582,1060,21774,
308.9946982311023,76586,583,1060,21774,
308.99848372754224,76585,584,1060,21774,
309.0046087893595,76585,584,1059,21775,
309.00477382765416,76585,583,1060,21775,
309.0059230497362,76584,584,1060,21775,
309.00693056468555,76584,584,1059,21776,
309.0122680533205,76583,585,1059,21776,
309.01510131865916,76583,584,1060,21776,
309.02045632880566,76583,583,1061,21776,
309.0247085986936,76583,582,1062,21776,
309.0267129049574,76583,581,1063,21776,
309.0275259200321,76582,582,1063,21776,
309.0275859565817,76581,583,1063,21776,
309.02802465950083,76580,584,1063,21776,
309.03110020853705,76580,583,1064,21776,
309.031840385245,76579,584,1064,21776,
309.03254273985766,76579,584,1063,21777,
309.03481627164473,76578,585,1063,21777,
309.0377846308402,76578,584,1064,21777,
309.0403976507782,76577,585,1064,21777,
309.04077449074856,76576,586,1064,21777,
309.04818100345574,76575,587,1064,21777,
309.05093393549527,76575,587,1063,21778,
309.05116555618923,76575,587,1062,21779,
309.05242340124016,76575,587,1061,21780,
309.054345613821,76575,586,1062,21780,
309.0568485521359,76575,585,1063,21780,
309.0595022519226,76575,585,1062,21781,
309.06352708650286,76575,585,1061,21782,
309.06526034438974,76575,585,1060,21783,
309.0673716693065,76575,585,1059,21784,
309.07003785671577,76575,584,1060,21784,
309.0716038759816,76575,583,1061,21784,
309.072592120582,76575,582,1062,21784,
309.07307858974457,76575,582,1061,21785,
309.07730087017796,76574,583,1061,21785,
309.08450257243567,76574,583,1060,21786,
309.08926613925183,76574,582,1061,21786,
309.09618927708726,76573,583,1061,21786,
309.0971293223139,76572,584,1061,21786,
309.10006080280635,76571,585,1061,21786,
309.10214636612506,76571,585,1060,21787,
309.10383464830835,76570,586,1060,21787,
309.10713423372357,76569,587,1060,21787,
309.1089907226471,76568,588,1060,21787,
309.1096688130775,76568,587,1061,21787,
309.11236356570885,76568,587,1060,21788,
309.11251971364123,76568,586,1061,21788,
309.1136334254696,76568,585,1062,21788,
309.1193413257482,76568,585,1061,21789,
309.1199525332752,76568,585,1060,21790,
309.1255332011486,76568,584,1061,21790,
309.1255465380396,76568,584,1060,21791,
309.1256825256039,76567,585,1060,21791,
309.12770927333156,76567,584,1061,21791,
309.1286629567048,76566,585,1061,21791,
309.1313310616875,76565,586,1061,21791,
309.13454324839535,76565,586,1060,21792,
309.1405390660158,76564,587,1060,21792,
309.14541439299416,76564,587,1059,21793,
309.1458861309859,76563,588,1059,21793,
309.15039630947985,76563,588,1058,21794,
309.1528719059009,76563,587,1059,21794,
309.15310692898265,76563,586,1060,21794,
309.1572396802958,76562,587,1060,21794,
309.161183035512,76561,588,1060,21794,
309.1614968566226,76561,588,1059,21795,
309.1630117141217,76560,589,1059,21795,
309.1681181495835,76559,590,1059,21795,
309.1706638886894,76559,590,1058,21796,
309.1714162420168,76559,589,1059,21796,
309.1743974209883,76558,590,1059,21796,
309.1773528560777,76558,589,1060,21796,
309.17992796013846,76557,590,1060,21796,
309.1815800329041,76556,591,1060,21796,
309.1822984830134,76555,592,1060,21796,
309.1834229949525,76555,592,1059,21797,
309.184173970801,76555,592,1058,21798,
309.1858311116187,76555,591,1059,21798,
309.1913235088592,76555,590,1060,21798,
309.1918184795873,76555,589,1061,21798,
309.1920684812319,76555,588,1062,21798,
309.19660867775974,76554,589,1062,21798,
309.1967792056807,76554,588,1063,21798,
309.1975106159109,76554,587,1064,21798,
309.1991195134804,76554,587,1063,21799,
309.20348183405014,76554,587,1062,21800,
309.205981966416,76554,587,1061,21801,
309.2285496845651,76554,586,1062,21801,
309.2310505673777,76553,587,1062,21801,
309.23202596370044,76552,588,1062,21801,
309.24085963875433,76551,589,1062,21801,
309.2420416720315,76551,589,1061,21802,
309.24515503319935,76550,590,1061,21802,
309.24528953253935,76550,589,1062,21802,
309.245977314795,76550,588,1063,21802,
309.24713230434884,76549,589,1063,21802,
309.2482566538303,76548,590,1063,21802,
309.24980579482144,76548,590,1062,21803,
309.25547599269953,76548,589,1063,21803,
309.2567548389901,76547,590,1063,21803,
309.2588069266701,76547,590,1062,21804,
309.25916061766674,76547,589,1063,21804,
309.2607421799264,76547,589,1062,21805,
309.26241404328346,76547,588,1063,21805,
309.2637930924141,76547,587,1064,21805,
309.268016763942,76547,586,1065,21805,
309.26826578912596,76547,585,1066,21805,
309.2686174790134,76547,584,1067,21805,
309.27021377152823,76546,585,1067,21805,
309.2718435082783,76545,586,1067,21805,
309.2859183655049,76545,586,1066,21806,
309.2913470999444,76544,587,1066,21806,
309.2940127372199,76544,586,1067,21806,
309.2940366863569,76544,586,1066,21807,
309.2946100658095,76544,586,1065,21808,
309.2959958851099,76543,587,1065,21808,
309.3017620314314,76543,586,1066,21808,
309.30655343409893,76542,587,1066,21808,
309.3137198181748,76541,588,1066,21808,
309.3144642784692,76541,587,1067,21808,
309.31602150768185,76541,586,1068,21808,
309.3161205958919,76541,585,1069,21808,
309.31635587101005,76541,584,1070,21808,
309.3175318549027,76541,583,1071,21808,
309.31998899722225,76541,583,1070,21809,
309.3207221705338,76541,582,1071,21809,
309.3236686439034,76541,581,1072,21809,
309.32631823416204,76541,581,1071,21810,
309.3313093223146,76541,580,1072,21810,
309.332447966285,76541,580,1071,21811,
309.3334682377164,76541,579,1072,21811,
309.3363882562922,76541,578,1073,21811,
309.3393725365062,76540,579,1073,21811,
309.3402427227492,76539,580,1073,21811,
309.3411916737149,76538,581,1073,21811,
309.34564451389525,76538,580,1074,21811,
309.34887751845696,76538,580,1073,21812,
309.3503164520685,76537,581,1073,21812,
309.36034322291545,76537,580,1074,21812,
309.36408387383244,76537,580,1073,21813,
309.36524018619565,76537,580,1072,21814,
309.36844009488664,76536,581,1072,21814,
309.36947425580803,76536,580,1073,21814,
309.3704303925681,76535,581,1073,21814,
309.3704620292206,76535,581,1072,21815,
309.37751921255426,76534,582,1072,21815,
309.37939946441816,76534,581,1073,21815,
309.380711115358,76533,582,1073,21815,
309.38323927259046,76533,581,1074,21815,
309.3875148590169,76533,581,1073,21816,
309.3885689322165,76533,581,1072,21817,
309.39338341285367,76533,581,1071,21818,
309.39674530276665,76532,582,1071,21818,
309.3979285627492,76532,582,1070,21819,
309.39868289150616,76532,581,1071,21819,
309.4015614088552,76531,582,1071,21819,
309.4061138664661,76531,581,1072,21819,
309.40616459323314,76531,580,1073,21819,
309.4066493273495,76531,580,1072,21820,
309.40836542309245,76531,579,1073,21820,
309.4089308152976,76531,578,1074,21820,
309.4132550246824,76531,578,1073,21821,
309.41358211259757,76531,577,1074,21821,
309.4151194171475,76530,578,1074,21821,
309.41722986330205,76530,577,1075,21821,
309.4206411046298,76529,578,1075,21821,
309.4276469807144,76529,577,1076,21821,
309.4312284824711,76528,578,1076,21821,
309.4345148183805,76527,579,1076,21821,
309.4347148561992,76527,578,1077,21821,
309.43965546258295,76526,579,1077,21821,
309.44143436453845,76525,580,1077,21821,
309.4517410843968,76525,579,1078,21821,
309.45738989198355,76525,578,1079,21821,
309.45853254152587,76525,577,1080,21821,
309.45928094311006,76525,577,1079,21822,
309.4593793874093,76525,577,1078,21823,
309.4603500978722,76525,577,1077,21824,
309.4642543915687,76525,577,1076,21825,
309.46574188912876,76525,576,1077,21825,
309.4669948419365,76525,575,1078,21825,
309.4692168212027,76525,575,1077,21826,
309.47023751361513,76525,574,1078,21826,
309.4710051407068,76525,573,1079,21826,
309.47301537781925,76525,573,1078,21827,
309.4746502259765,76525,572,1079,21827,
309.4753071187955,76524,573,1079,21827,
309.4827909722584,76524,572,1080,21827,
309.4841081360417,76523,573,1080,21827,
309.48442539477804,76522,574,1080,21827,
309.4855154902496,76521,575,1080,21827,
309.4861624673746,76521,574,1081,21827,
309.48669642762684,76520,575,1081,21827,
309.48757727511526,76520,575,1080,21828,
309.49032890851737,76520,575,1079,21829,
309.49412728833346,76520,574,1080,21829,
309.4944451929337,76520,573,1081,21829,
309.4949956789774,76520,573,1080,21830,
309.4950092614129,76520,573,1079,21831,
309.49749853573564,76520,572,1080,21831,
309.49845653953776,76520,572,1079,21832,
309.50177393416493,76520,572,1078,21833,
309.5031826874368,76520,571,1079,21833,
309.5046818579687,76520,571,1078,21834,
309.5074852880999,76520,570,1079,21834,
309.5178509114622,76519,571,1079,21834,
309.51791078296424,76519,570,1080,21834,
309.5187113221405,76518,571,1080,21834,
309.52044060993927,76518,571,1079,21835,
309.5235979341994,76517,572,1079,21835,
309.529678464458,76517,572,1078,21836,
309.5333891277709,76517,572,1077,21837,
309.53453141330596,76516,573,1077,21837,
309.5346166015862,76516,573,1076,21838,
309.5365545887868,76515,574,1076,21838,
309.5406756798965,76515,574,1075,21839,
309.5410993067308,76515,574,1074,21840,
309.5412857284281,76515,574,1073,21841,
309.54260916583064,76515,574,1072,21842,
309.5446286845141,76514,575,1072,21842,
309.54468161828777,76514,574,1073,21842,
309.5451077047061,76513,575,1073,21842,
309.5468466953036,76513,574,1074,21842,
309.5489758686485,76513,573,1075,21842,
309.54949376700824,76512,574,1075,21842,
309.55072195691406,76512,573,1076,21842,
309.56033391920056,76511,574,1076,21842,
309.56371954091424,76511,574,1075,21843,
309.56406551061264,76511,573,1076,21843,
309.5644249412189,76510,574,1076,21843,
309.5717701036226,76510,574,1075,21844,
309.57319645764477,76510,573,1076,21844,
309.57414313414574,76510,572,1077,21844,
309.57467998644273,76510,571,1078,21844,
309.5756154208729,76509,572,1078,21844,
309.57932468013746,76509,571,1079,21844,
309.579389620193,76509,571,1078,21845,
309.5799203012223,76508,572,1078,21845,
309.58018328171823,76508,571,1079,21845,
309.5805391099729,76508,571,1078,21846,
309.5874587211134,76507,572,1078,21846,
309.5889383630404,76507,572,1077,21847,
309.5920461036664,76507,572,1076,21848,
309.5957115893165,76506,573,1076,21848,
309.5994218220201,76505,574,1076,21848,
309.6020255094405,76504,575,1076,21848,
309.60300612135757,76504,574,1077,21848,
309.6071432982291,76504,574,1076,21849,
309.6089761785478,76504,573,1077,21849,
309.61092712808664,76504,573,1076,21850,
309.6152760273844,76503,574,1076,21850,
309.6226864969382,76503,573,1077,21850,
309.62272616543083,76503,572,1078,21850,
309.62831247621926,76502,573,1078,21850,
309.63150669223677,76502,573,1077,21851,
309.63454448587885,76502,573,1076,21852,
309.6353666628322,76502,572,1077,21852,
309.63693652498847,76501,573,1077,21852,
309.6373158022403,76500,574,1077,21852,
309.63798430065594,76499,575,1077,21852,
309.6429511230349,76499,575,1076,21853,
309.6447999744686,76499,575,1075,21854,
309.64731966786894,76498,576,1075,21854,
309.64855790718707,76498,575,1076,21854,
309.6521737215956,76497,576,1076,21854,
309.652405964178,76497,576,1075,21855,
309.6524949766657,76497,576,1074,21856,
309.65304399922974,76496,577,1074,21856,
309.6609907768949,76495,578,1074,21856,
309.6627589046871,76495,577,1075,21856,
309.66530967494367,76495,576,1076,21856,
309.6688844220986,76495,575,1077,21856,
309.6711021176818,76494,576,1077,21856,
309.67598653776827,76493,577,1077,21856,
309.67717811743984,76493,576,1078,21856,
309.67762934743155,76492,577,1078,21856,
309.6785917468939,76491,578,1078,21856,
309.67922228894645,76491,577,1079,21856,
309.679765708656,76490,578,1079,21856,
309.6804568559998,76490,578,1078,21857,
309.6826639759971,76490,578,1077,21858,
309.6837112846335,76490,578,1076,21859,
309.69026157641343,76489,579,1076,21859,
309.6907311189417,76489,579,1075,21860,
309.69083754411514,76489,578,1076,21860,
309.69409960522194,76488,579,1076,21860,
309.6979050698788,76487,580,1076,21860,
309.70044510405097,76487,579,1077,21860,
309.70090033725495,76486,580,1077,21860,
309.70137174980454,76486,579,1078,21860,
309.7084358524818,76486,579,1077,21861,
309.70939619058845,76486,579,1076,21862,
309.7119328613844,76486,578,1077,21862,
309.71888672218984,76486,577,1078,21862,
309.72286017994793,76486,577,1077,21863,
309.7237286506832,76485,578,1077,21863,
309.72437075426717,76485,577,1078,21863,
309.7260350090886,76485,577,1077,21864,
309.7311076601107,76485,577,1076,21865,
309.7353634203589,76484,578,1076,21865,
309.7379114097603,76483,579,1076,21865,
309.73876355575146,76483,579,1075,21866,
309.7393482724996,76483,579,1074,21867,
309.73950728176305,76483,579,1073,21868,
309.7404695203989,76482,580,1073,21868,
309.7406048042985,76481,581,1073,21868,
309.7489020681305,76481,581,1072,21869,
309.7502140081421,76481,580,1073,21869,
309.75401475335775,76481,579,1074,21869,
309.75491220801507,76481,578,1075,21869,
309.7569226190254,76481,578,1074,21870,
309.7606627634978,76481,577,1075,21870,
309.7635981785997,76480,578,1075,21870,
309.7701386104342,76480,578,1074,21871,
309.7854990636879,76480,578,1073,21872,
309.78742513610126,76479,579,1073,21872,
309.7881897306903,76479,579,1072,21873,
309.78942534849534,76479,579,1071,21874,
309.7895248130729,76478,580,1071,21874,
309.79307076124053,76477,581,1071,21874,
309.7970857105338,76476,582,1071,21874,
309.8004696556903,76476,582,1070,21875,
309.80812620497557,76475,583,1070,21875,
309.81056716387883,76474,584,1070,21875,
309.8125200130305,76473,585,1070,21875,
309.81479980073243,76472,586,1070,21875,
309.8167844923589,76472,585,1071,21875,
309.8197204925743,76472,585,1070,21876,
309.8253703384658,76471,586,1070,21876,
309.8257060806834,76471,585,1071,21876,
309.82646685193816,76471,584,1072,21876,
309.8291630937282,76471,584,1071,21877,
309.82940845059545,76470,585,1071,21877,
309.83016902921463,76470,585,1070,21878,
309.83601474734263,76470,584,1071,21878,
309.8375495366903,76469,585,1071,21878,
309.84037627202883,76468,586,1071,21878,
309.8446805623543,76468,585,1072,21878,
309.84496761356445,76468,584,1073,21878,
309.84597843636135,76468,584,1072,21879,
309.84727537462453,76468,584,1071,21880,
309.8481216174688,76468,584,1070,21881,
309.85240615777093,76468,583,1071,21881,
309.85947504411376,76467,584,1071,21881,
309.86386573207443,76467,583,1072,21881,
309.86424060588547,76467,583,1071,21882,
309.8673179169561,76467,582,1072,21882,
309.8673524167657,76466,583,1072,21882,
309.87218493581395,76465,584,1072,21882,
309.87236814403417,76465,584,1071,21883,
309.8810988976361,76465,583,1072,21883,
309.88419421290365,76464,584,1072,21883,
309.89458299567195,76464,584,1071,21884,
309.8953700305504,76464,583,1072,21884,
309.8964335406692,76464,583,1071,21885,
309.9001949976711,76464,583,1070,21886,
309.90079462545265,76463,584,1070,21886,
309.9070600475571,76462,585,1070,21886,
309.907343919084,76462,584,1071,21886,
309.9075185832527,76462,583,1072,21886,
309.91038129836426,76461,584,1072,21886,
309.91236976521117,76460,585,1072,21886,
309.918108407904,76459,586,1072,21886,
309.91854698252575,76459,586,1071,21887,
309.9227785664464,76459,586,1070,21888,
309.9263635597705,76458,587,1070,21888,
309.9334598974412,76457,588,1070,21888,
309.93578169347296,76456,589,1070,21888,
309.93964656877745,76456,588,1071,21888,
309.9400581833095,76455,589,1071,21888,
309.94054769350817,76455,589,1070,21889,
309.9410801255534,76455,588,1071,21889,
309.9437460725503,76455,588,1070,21890,
309.9452312810788,76455,588,1069,21891,
309.9477427126477,76455,587,1070,21891,
309.96100917564183,76454,588,1070,21891,
309.9626440419277,76453,589,1070,21891,
309.96335241463,76452,590,1070,21891,
309.978191932855,76452,589,1071,21891,
309.9808039745419,76452,588,1072,21891,
309.9843876101051,76452,588,1071,21892,
309.98588782491527,76452,588,1070,21893,
309.990212873047,76452,588,1069,21894,
309.9905290553734,76452,588,1068,21895,
309.9909020410236,76452,587,1069,21895,
309.9922848641253,76452,586,1070,21895,
309.9961472764319,76451,587,1070,21895,
309.99765309011497,76450,588,1070,21895,
309.9993004781765,76450,587,1071,21895,
310.00143167186076,76450,587,1070,21896,
310.002270303171,76450,587,1069,21897,
310.00743553318637,76450,586,1070,21897,
310.0190407099163,76449,587,1070,21897,
310.021495269074,76448,588,1070,21897,
310.0314999682695,76447,589,1070,21897,
310.0315562336239,76447,588,1071,21897,
310.035179221596,76446,589,1071,21897,
310.03685077917856,76446,589,1070,21898,
310.03687298331613,76446,588,1071,21898,
310.03818074334373,76446,587,1072,21898,
310.04193708633284,76445,588,1072,21898,
310.0453503737954,76445,587,1073,21898,
310.04731198846395,76445,587,1072,21899,
310.0492539315628,76444,588,1072,21899,
310.05749093810994,76443,589,1072,21899,
310.059341586361,76442,590,1072,21899,
310.0600867227314,76442,590,1071,21900,
310.06332332234507,76442,590,1070,21901,
310.06348181245914,76442,590,1069,21902,
310.06882300595856,76442,590,1068,21903,
310.07175010376903,76442,589,1069,21903,
310.0721209410748,76442,589,1068,21904,
310.0766283007374,76442,589,1067,21905,
310.08072950847264,76442,588,1068,21905,
310.08099994369604,76442,587,1069,21905,
310.08128095533084,76442,586,1070,21905,
310.08224150734833,76442,586,1069,21906,
310.08688140245096,76442,585,1070,21906,
310.0887669300692,76442,585,1069,21907,
310.0923761197222,76442,585,1068,21908,
310.0948116068667,76441,586,1068,21908,
310.0950721620734,76441,585,1069,21908,
310.09639209421107,76441,584,1070,21908,
310.09670685383225,76441,584,1069,21909,
310.10601777110503,76440,585,1069,21909,
310.10806156685845,76439,586,1069,21909,
310.10839922474236,76438,587,1069,21909,
310.1104439210022,76437,588,1069,21909,
310.110909500652,76436,589,1069,21909,
310.1117716130214,76435,590,1069,21909,
310.11549999036265,76435,590,1068,21910,
310.1166326557365,76435,589,1069,21910,
310.11733161379533,76435,588,1070,21910,
310.1180418907366,76435,588,1069,21911,
310.1196926487839,76435,587,1070,21911,
310.1226778134922,76434,588,1070,21911,
310.12591608124103,76434,587,1071,21911,
310.12614704479535,76434,586,1072,21911,
310.1262573956173,76433,587,1072,21911,
310.1285962916063,76433,586,1073,21911,
310.1312013021491,76432,587,1073,21911,
310.1336273099225,76431,588,1073,21911,
310.1341527573645,76430,589,1073,21911,
310.13462864396416,76429,590,1073,21911,
310.1383825179821,76428,591,1073,21911,
310.13892526672737,76428,591,1072,21912,
310.14102594499985,76427,592,1072,21912,
310.14567138602547,76427,591,1073,21912,
310.1501092937328,76426,592,1073,21912,
310.15378314105243,76426,592,1072,21913,
310.1552212474134,76425,593,1072,21913,
310.1567533017506,76424,594,1072,21913,
310.1578537683047,76424,594,1071,21914,
310.16185097817714,76423,595,1071,21914,
310.1646980474858,76422,596,1071,21914,
310.1648939255979,76422,596,1070,21915,
310.1681853414998,76422,596,1069,21916,
310.1684205416894,76422,596,1068,21917,
310.1738595086812,76422,596,1067,21918,
310.17451114183336,76422,595,1068,21918,
310.1749581512043,76422,595,1067,21919,
310.18085169925007,76422,595,1066,21920,
310.18406629862193,76421,596,1066,21920,
310.19114053090635,76421,595,1067,21920,
310.19452725659846,76421,594,1068,21920,
310.1955922646062,76421,593,1069,21920,
310.1967564002673,76421,592,1070,21920,
310.2014627548131,76421,592,1069,21921,
310.20394386610485,76420,593,1069,21921,
310.2072440740115,76419,594,1069,21921,
310.2124617090364,76419,594,1068,21922,
310.2129333801104,76419,594,1067,21923,
310.2157780419128,76418,595,1067,21923,
310.2252142123526,76417,596,1067,21923,
310.22599265547314,76416,597,1067,21923,
310.22844810796045,76415,598,1067,21923,
310.2314606922623,76415,597,1068,21923,
310.23471119937903,76415,596,1069,21923,
310.23505467828994,76415,596,1068,21924,
310.23860456068417,76415,595,1069,21924,
310.23886685079316,76415,594,1070,21924,
310.241841483864,76414,595,1070,21924,
310.2459411007271,76414,594,1071,21924,
310.2473640849667,76414,593,1072,21924,
310.25221212144703,76413,594,1072,21924,
310.2657426199085,76413,593,1073,21924,
310.2684422554216,76412,594,1073,21924,
310.2685305791515,76412,593,1074,21924,
310.2704731890724,76412,592,1075,21924,
310.2716317105567,76411,593,1075,21924,
310.2728700108466,76411,592,1076,21924,
310.2761082231158,76410,593,1076,21924,
310.2769038965649,76410,593,1075,21925,
310.2792924322004,76410,593,1074,21926,
310.2809165261764,76410,592,1075,21926,
310.2873552786536,76410,592,1074,21927,
310.2914456589993,76410,592,1073,21928,
310.2917119809944,76409,593,1073,21928,
310.29729331935124,76409,593,1072,21929,
310.2982540426112,76409,592,1073,21929,
310.30170927187777,76408,593,1073,21929,
310.3018415572226,76408,593,1072,21930,
310.30491642092727,76408,592,1073,21930,
310.3050867178842,76408,592,1072,21931,
310.30575433499035,76408,591,1073,21931,
310.31241048740014,76407,592,1073,21931,
310.31306962690905,76407,592,1072,21932,
310.3166187265513,76407,591,1073,21932,
310.31772623736805,76406,592,1073,21932,
310.3191837055853,76406,592,1072,21933,
310.3224646415771,76406,592,1071,21934,
310.3232733576567,76406,591,1072,21934,
310.3256117179628,76405,592,1072,21934,
310.3265202531008,76405,592,1071,21935,
310.3284453570039,76404,593,1071,21935,
310.3360039441603,76403,594,1071,21935,
310.33686385420447,76403,594,1070,21936,
310.341695130699,76402,595,1070,21936,
310.3453645124323,76401,596,1070,21936,
310.34843284800763,76401,596,1069,21937,
310.35208167630105,76400,597,1069,21937,
310.35670709284454,76400,596,1070,21937,
310.35745216445764,76400,596,1069,21938,
310.3592569683424,76399,597,1069,21938,
310.36409140669053,76399,597,1068,21939,
310.36638099870424,76398,598,1068,21939,
310.3690702728384,76398,598,1067,21940,
310.3717700011151,76398,598,1066,21941,
310.3729695668614,76398,597,1067,21941,
310.3740467192842,76398,597,1066,21942,
310.3757146425359,76398,597,1065,21943,
310.37719337760336,76397,598,1065,21943,
310.3773912046216,76397,597,1066,21943,
310.3807210672382,76396,598,1066,21943,
310.3836753723308,76396,597,1067,21943,
310.3947946761448,76395,598,1067,21943,
310.4001572358541,76394,599,1067,21943,
310.4036083538515,76393,600,1067,21943,
310.4060466075908,76393,599,1068,21943,
310.406123253224,76392,600,1068,21943,
310.4103966387858,76391,601,1068,21943,
310.4121626337125,76390,602,1068,21943,
310.4185404689122,76389,603,1068,21943,
310.41945431196996,76388,604,1068,21943,
310.42202436871173,76387,605,1068,21943,
310.42252490975255,76386,606,1068,21943,
310.4249728551834,76386,606,1067,21944,
310.42516489877704,76386,605,1068,21944,
310.42617917948576,76386,605,1067,21945,
310.4275176542127,76385,606,1067,21945,
310.42799881467175,76384,607,1067,21945,
310.43189522948893,76384,606,1068,21945,
310.4343211103009,76384,605,1069,21945,
310.43849392746995,76383,606,1069,21945,
310.43946246644293,76383,606,1068,21946,
310.4395341803125,76383,605,1069,21946,
310.440457437659,76382,606,1069,21946,
310.44712936496734,76382,606,1068,21947,
310.44818832177424,76381,607,1068,21947,
310.4495646747789,76380,608,1068,21947,
310.45088008512687,76380,607,1069,21947,
310.45251202321464,76379,608,1069,21947,
310.45368321037313,76378,609,1069,21947,
310.4560998694835,76377,610,1069,21947,
310.45659830397864,76377,610,1068,21948,
310.457813802963,76376,611,1068,21948,
310.45792757028914,76376,611,1067,21949,
310.4622597092699,76376,610,1068,21949,
310.4629844326022,76376,609,1069,21949,
310.46532343984273,76376,608,1070,21949,
310.47098929620057,76376,608,1069,21950,
310.47389137640295,76376,607,1070,21950,
310.47489533758267,76376,607,1069,21951,
310.47538646874654,76376,607,1068,21952,
310.47769261373116,76375,608,1068,21952,
310.47853381939393,76374,609,1068,21952,
310.4807012846323,76374,609,1067,21953,
310.4811809910127,76373,610,1067,21953,
310.4869632416114,76373,609,1068,21953,
310.49549582046853,76373,609,1067,21954,
310.5017668549062,76373,608,1068,21954,
310.5036748390142,76373,607,1069,21954,
310.50480667428184,76373,607,1068,21955,
310.5087974359269,76372,608,1068,21955,
310.51092475228097,76371,609,1068,21955,
310.51207911761105,76371,609,1067,21956,
310.5150597025877,76371,609,1066,21957,
310.51720133308993,76370,610,1066,21957,
310.5179061340208,76369,611,1066,21957,
310.5190599680302,76369,611,1065,21958,
310.5223199331625,76369,610,1066,21958,
310.53136315075545,76369,609,1067,21958,
310.532926492899,76369,608,1068,21958,
310.53544335097234,76369,607,1069,21958,
310.5358511591641,76369,606,1070,21958,
310.5421886474151,76369,605,1071,21958,
310.5423948532865,76369,605,1070,21959,
310.5437311002986,76369,604,1071,21959,
310.5451159476919,76368,605,1071,21959,
310.5493763526924,76368,604,1072,21959,
310.5516137887716,76368,604,1071,21960,
310.5522735457616,76367,605,1071,21960,
310.55591254158634,76367,605,1070,21961,
310.5580297738623,76366,606,1070,21961,
310.55812626889053,76366,606,1069,21962,
310.5600647449923,76365,607,1069,21962,
310.56190259482986,76365,607,1068,21963,
310.56269267813605,76364,608,1068,21963,
310.56431690916503,76363,609,1068,21963,
310.56469956971637,76363,609,1067,21964,
310.56700042945215,76363,609,1066,21965,
310.5684441184578,76362,610,1066,21965,
310.56875572818785,76361,611,1066,21965,
310.56890014597286,76360,612,1066,21965,
310.5709705634325,76360,611,1067,21965,
310.57114752044055,76360,611,1066,21966,
310.5733728253851,76360,610,1067,21966,
310.5742918059177,76360,610,1066,21967,
310.57476311962955,76359,611,1066,21967,
310.57886848634615,76359,611,1065,21968,
310.58129050058744,76359,610,1066,21968,
310.5826330496843,76359,609,1067,21968,
310.5835012544495,76359,608,1068,21968,
310.5847519100013,76359,608,1067,21969,
310.5861930407879,76359,607,1068,21969,
310.5899253330329,76359,607,1067,21970,
310.59407526021494,76358,608,1067,21970,
310.59462689931246,76358,608,1066,21971,
310.5993341697348,76358,607,1067,21971,
310.60201725919393,76358,607,1066,21972,
310.60596296720826,76358,606,1067,21972,
310.6090977875889,76358,606,1066,21973,
310.6123582449746,76358,605,1067,21973,
310.614557336904,76358,605,1066,21974,
310.61495421275237,76358,604,1067,21974,
310.6163672131347,76358,604,1066,21975,
310.61706026591935,76358,603,1067,21975,
310.6178090810965,76357,604,1067,21975,
310.6229240976164,76356,605,1067,21975,
310.6231637116301,76356,604,1068,21975,
310.62495208869075,76356,603,1069,21975,
310.63097706068305,76355,604,1069,21975,
310.63239387103295,76355,604,1068,21976,
310.6361147315591,76355,604,1067,21977,
310.64059274082825,76355,603,1068,21977,
310.64245555095073,76355,603,1067,21978,
310.6437127628488,76355,603,1066,21979,
310.64380113651794,76355,603,1065,21980,
310.64606725781687,76355,603,1064,21981,
310.65140541737037,76355,603,1063,21982,
310.65760194952554,76355,602,1064,21982,
310.65765404460575,76354,603,1064,21982,
310.65801403280295,76354,602,1065,21982,
310.65814192853145,76353,603,1065,21982,
310.6608364874712,76353,602,1066,21982,
310.6675573294963,76353,601,1067,21982,
310.66770452161927,76353,600,1068,21982,
310.6689692781086,76353,600,1067,21983,
310.6713775578019,76353,599,1068,21983,
310.6727168530753,76353,599,1067,21984,
310.675561059277,76353,599,1066,21985,
310.68032792372577,76352,600,1066,21985,
310.68920381358726,76351,601,1066,21985,
310.69480421282026,76351,600,1067,21985,
310.6984175328345,76351,600,1066,21986,
310.69895496850864,76351,599,1067,21986,
310.7019539441242,76350,600,1067,21986,
310.7023911391959,76350,599,1068,21986,
310.70382475428494,76349,600,1068,21986,
310.72264731137994,76349,599,1069,21986,
310.72452621422576,76349,598,1070,21986,
310.7249326409104,76349,598,1069,21987,
310.7312235079299,76348,599,1069,21987,
310.73332419608727,76347,600,1069,21987,
310.7358086529587,76347,599,1070,21987,
310.73870002189926,76346,600,1070,21987,
310.7434030497452,76345,601,1070,21987,
310.746829825993,76345,601,1069,21988,
310.75051334089426,76345,601,1068,21989,
310.75069638390653,76344,602,1068,21989,
310.7527135920346,76344,602,1067,21990,
310.755759383176,76344,602,1066,21991,
310.76029403554446,76344,602,1065,21992,
310.76260230737756,76344,602,1064,21993,
310.76285434059645,76344,602,1063,21994,
310.76679317965005,76343,603,1063,21994,
310.7721804918537,76342,604,1063,21994,
310.77282676698434,76342,604,1062,21995,
310.773945707283,76342,604,1061,21996,
310.7818437227532,76342,603,1062,21996,
310.782099356946,76342,603,1061,21997,
310.78902139133714,76341,604,1061,21997,
310.790709779172,76340,605,1061,21997,
310.7920004075641,76340,604,1062,21997,
310.79500833837653,76340,604,1061,21998,
310.7993957783197,76340,603,1062,21998,
310.79979960496365,76339,604,1062,21998,
310.80313506327616,76339,603,1063,21998,
310.8057425463699,76338,604,1063,21998,
310.807050932954,76338,604,1062,21999,
310.80980353197793,76337,605,1062,21999,
310.8167501271005,76337,604,1063,21999,
310.81884245421344,76337,603,1064,21999,
310.81970783765274,76336,604,1064,21999,
310.820796519435,76336,604,1063,22000,
310.8265790224347,76335,605,1063,22000,
310.8290697116267,76334,606,1063,22000,
310.8309218194838,76334,606,1062,22001,
310.8353536372897,76334,605,1063,22001,
310.83736789744086,76334,604,1064,22001,
310.8378637785051,76334,603,1065,22001,
310.84539906790235,76334,602,1066,22001,
310.8458133838606,76334,601,1067,22001,
310.84609946533527,76333,602,1067,22001,
310.8472383243822,76333,602,1066,22002,
310.8473444901878,76333,601,1067,22002,
310.8511165494978,76332,602,1067,22002,
310.85131182884714,76332,601,1068,22002,
310.8516395686227,76332,601,1067,22003,
310.8558146442356,76332,601,1066,22004,
310.8559358409085,76332,600,1067,22004,
310.85621559621694,76331,601,1067,22004,
310.8587484996204,76330,602,1067,22004,
310.86016464144063,76330,602,1066,22005,
310.8633887188144,76330,601,1067,22005,
310.8684920144277,76329,602,1067,22005,
310.8690526561159,76329,602,1066,22006,
310.87112936791004,76329,601,1067,22006,
310.8748970003593,76328,602,1067,22006,
310.8788747089051,76328,602,1066,22007,
310.8796916492816,76328,602,1065,22008,
310.88507877394443,76328,602,1064,22009,
310.8867515248031,76328,602,1063,22010,
310.88904552011724,76328,601,1064,22010,
310.8905629516176,76328,601,1063,22011,
310.89261808950994,76328,601,1062,22012,
310.89458149289646,76328,601,1061,22013,
310.8951248845608,76328,601,1060,22014,
310.90105895490797,76328,601,1059,22015,
310.90230957228744,76328,600,1060,22015,
310.91170521680425,76328,599,1061,22015,
310.9160416442827,76328,599,1060,22016,
310.92189931153916,76328,598,1061,22016,
310.92447220429415,76328,597,1062,22016,
310.92592536225555,76328,596,1063,22016,
310.9269994514121,76328,595,1064,22016,
310.92914527820625,76328,595,1063,22017,
310.933741667703,76328,594,1064,22017,
310.93582899598067,76327,595,1064,22017,
310.9376241674134,76327,595,1063,22018,
310.9434185251228,76327,595,1062,22019,
310.9436242392463,76327,595,1061,22020,
310.94964939241163,76326,596,1061,22020,
310.949658476242,76325,597,1061,22020,
310.9522271056704,76324,598,1061,22020,
310.96245229720245,76324,598,1060,22021,
310.9634302174815,76324,597,1061,22021,
310.96431677106165,76324,597,1060,22022,
310.9671352786657,76324,597,1059,22023,
310.9694523909088,76324,597,1058,22024,
310.9718310599215,76324,597,1057,22025,
310.977640536642,76324,596,1058,22025,
310.9822679599734,76323,597,1058,22025,
310.9865691507418,76322,598,1058,22025,
310.9869369592162,76322,597,1059,22025,
310.9915962587118,76322,596,1060,22025,
310.9919581295916,76321,597,1060,22025,
310.9942829125909,76321,597,1059,22026,
310.995194736476,76321,597,1058,22027,
310.99753887082284,76321,596,1059,22027,
310.9988783872206,76321,595,1060,22027,
311.00143295323903,76321,594,1061,22027,
311.00203810885216,76321,593,1062,22027,
311.0039617691621,76321,592,1063,22027,
311.0048636116824,76321,591,1064,22027,
311.01198789748327,76321,591,1063,22028,
311.01240327419976,76321,591,1062,22029,
311.015337248126,76321,591,1061,22030,
311.0156508716421,76321,590,1062,22030,
311.02290935566634,76320,591,1062,22030,
311.02743509841343,76320,591,1061,22031,
311.02943034582273,76320,591,1060,22032,
311.0317496678018,76320,591,1059,22033,
311.0402798111722,76319,592,1059,22033,
311.04080729986265,76319,591,1060,22033,
311.0410167347014,76318,592,1060,22033,
311.0435851415451,76317,593,1060,22033,
311.0450481050583,76317,592,1061,22033,
311.0455058251264,76317,591,1062,22033,
311.0461263940441,76317,591,1061,22034,
311.05350119863084,76317,590,1062,22034,
311.0656810914102,76317,589,1063,22034,
311.07199021568005,76317,588,1064,22034,
311.07205070035474,76317,588,1063,22035,
311.07330071071203,76317,587,1064,22035,
311.087900085281,76317,586,1065,22035,
311.0925383128845,76317,585,1066,22035,
311.0977512835547,76317,584,1067,22035,
311.0980604784175,76316,585,1067,22035,
311.101461630166,76316,584,1068,22035,
311.1019338895233,76316,584,1067,22036,
311.1020727653955,76315,585,1067,22036,
311.1069370952641,76315,584,1068,22036,
311.1087537763308,76315,583,1069,22036,
311.11976887341734,76315,583,1068,22037,
311.12292098134765,76315,582,1069,22037,
311.1232960900448,76314,583,1069,22037,
311.125607024971,76314,582,1070,22037,
311.1259327295038,76314,581,1071,22037,
311.1269687762026,76314,581,1070,22038,
311.126975284177,76314,580,1071,22038,
311.1303842790796,76314,580,1070,22039,
311.13768761181694,76314,579,1071,22039,
311.1543625342226,76314,579,1070,22040,
311.15705797210484,76313,580,1070,22040,
311.1579114527385,76313,580,1069,22041,
311.16167342471135,76313,580,1068,22042,
311.1653781406403,76313,580,1067,22043,
311.16959939200893,76312,581,1067,22043,
311.17006701373367,76311,582,1067,22043,
311.1701319555931,76311,581,1068,22043,
311.17187945676903,76311,580,1069,22043,
311.1725834221087,76311,579,1070,22043,
311.1762847262123,76311,579,1069,22044,
311.17710062928643,76310,580,1069,22044,
311.17780015659565,76309,581,1069,22044,
311.17880140928736,76308,582,1069,22044,
311.1795005556594,76308,582,1068,22045,
311.18220594077144,76308,582,1067,22046,
311.18279114791267,76308,582,1066,22047,
311.1850317307014,76308,582,1065,22048,
311.1867701662966,76308,582,1064,22049,
311.1880883688654,76308,582,1063,22050,
311.19083118244174,76308,581,1064,22050,
311.19110247721613,76308,581,1063,22051,
311.19147063376585,76307,582,1063,22051,
311.19213846891813,76307,581,1064,22051,
311.19221871723033,76307,580,1065,22051,
311.19419926071424,76306,581,1065,22051,
311.2031946143421,76306,580,1066,22051,
311.2061506555636,76306,579,1067,22051,
311.2096842432626,76305,580,1067,22051,
311.2102275611707,76305,580,1066,22052,
311.2121327284911,76305,580,1065,22053,
311.21428844842575,76305,579,1066,22053,
311.21641782329135,76305,579,1065,22054,
311.22364378747204,76304,580,1065,22054,
311.2243606951626,76304,580,1064,22055,
311.2264263260022,76304,580,1063,22056,
311.2314582979785,76303,581,1063,22056,
311.2323774105241,76303,581,1062,22057,
311.2335575509013,76303,580,1063,22057,
311.23670722295077,76302,581,1063,22057,
311.2375668482609,76302,580,1064,22057,
311.24076822535505,76301,581,1064,22057,
311.24364826631427,76301,580,1065,22057,
311.24883647701375,76301,580,1064,22058,
311.2578470506967,76301,580,1063,22059,
311.2597286549279,76301,579,1064,22059,
311.2603842830822,76300,580,1064,22059,
311.2629963549305,76300,580,1063,22060,
311.26584763400587,76300,579,1064,22060,
311.26744237790746,76300,579,1063,22061,
311.26787636296143,76299,580,1063,22061,
311.27126854017945,76299,579,1064,22061,
311.2782502564497,76298,580,1064,22061,
311.2828400971107,76298,579,1065,22061,
311.2842140932253,76297,580,1065,22061,
311.29091422217743,76297,579,1066,22061,
311.29286056350935,76296,580,1066,22061,
311.29384951493154,76295,581,1066,22061,
311.2948528782065,76295,581,1065,22062,
311.29902132470926,76295,580,1066,22062,
311.2991267180737,76295,580,1065,22063,
311.3003697664222,76295,580,1064,22064,
311.3022125325515,76295,580,1063,22065,
311.3036517031726,76294,581,1063,22065,
311.30382540446396,76294,580,1064,22065,
311.3048378000185,76294,580,1063,22066,
311.30591269417465,76294,579,1064,22066,
311.3093885063172,76294,578,1065,22066,
311.30976392992727,76293,579,1065,22066,
311.31073551927034,76293,579,1064,22067,
311.3130672982354,76293,579,1063,22068,
311.3154260677814,76292,580,1063,22068,
311.3215787991177,76291,581,1063,22068,
311.32320032414657,76291,580,1064,22068,
311.32331256434253,76290,581,1064,22068,
311.3270320554394,76290,581,1063,22069,
311.3312630630868,76290,581,1062,22070,
311.33374447723844,76289,582,1062,22070,
311.3341401940464,76288,583,1062,22070,
311.33548003227554,76288,582,1063,22070,
311.3358578307374,76288,581,1064,22070,
311.3380951931543,76288,580,1065,22070,
311.344591193425,76288,580,1064,22071,
311.3491190879551,76288,579,1065,22071,
311.350558778399,76287,580,1065,22071,
311.3676252811808,76287,580,1064,22072,
311.3713288239105,76287,580,1063,22073,
311.37167867885876,76287,579,1064,22073,
311.37356252077626,76287,579,1063,22074,
311.3780288996585,76287,579,1062,22075,
311.3878974411355,76287,579,1061,22076,
311.38855385927957,76287,579,1060,22077,
311.3945462274018,76287,579,1059,22078,
311.39784825979507,76286,580,1059,22078,
311.39824120913016,76285,581,1059,22078,
311.40349560199724,76285,581,1058,22079,
311.40468627761624,76285,581,1057,22080,
311.40584186007766,76285,581,1056,22081,
311.4069167615356,76284,582,1056,22081,
311.4100860891486,76284,581,1057,22081,
311.41654976403646,76284,581,1056,22082,
311.41742834997336,76283,582,1056,22082,
311.41766180530374,76282,583,1056,22082,
311.4186106359239,76282,582,1057,22082,
311.41906088741496,76281,583,1057,22082,
311.4208551721715,76280,584,1057,22082,
311.42497678151335,76280,583,1058,22082,
311.4266228805305,76280,582,1059,22082,
311.4273914080572,76280,582,1058,22083,
311.43662380623465,76280,581,1059,22083,
311.4384222047509,76280,580,1060,22083,
311.43890433598057,76279,581,1060,22083,
311.4394981671179,76279,580,1061,22083,
311.4413383288143,76278,581,1061,22083,
311.44202960957284,76277,582,1061,22083,
311.4445251614112,76277,581,1062,22083,
311.44799941766905,76277,580,1063,22083,
311.4548712605851,76277,579,1064,22083,
311.45795990269244,76277,578,1065,22083,
311.4591441890757,76277,578,1064,22084,
311.45967326380446,76276,579,1064,22084,
311.46478566731264,76276,579,1063,22085,
311.4659373000556,76276,578,1064,22085,
311.46785907569296,76276,577,1065,22085,
311.4686594818032,76275,578,1065,22085,
311.47317826574323,76274,579,1065,22085,
311.47348906204223,76274,579,1064,22086,
311.48030154514856,76274,579,1063,22087,
311.48127571347186,76274,578,1064,22087,
311.48375099858845,76274,577,1065,22087,
311.4842170554141,76274,577,1064,22088,
311.4864787893692,76274,576,1065,22088,
311.49493652648533,76273,577,1065,22088,
311.496670491815,76273,576,1066,22088,
311.49735440045123,76273,575,1067,22088,
311.49828629347314,76272,576,1067,22088,
311.4996715931927,76272,575,1068,22088,
311.5000512715072,76271,576,1068,22088,
311.50292304613885,76271,575,1069,22088,
311.50296834987444,76271,574,1070,22088,
311.5040882145951,76270,575,1070,22088,
311.51095267825445,76270,574,1071,22088,
311.52875803160043,76269,575,1071,22088,
311.53027004928157,76269,574,1072,22088,
311.54087135018455,76269,574,1071,22089,
311.5535800889413,76268,575,1071,22089,
311.55610672551444,76268,574,1072,22089,
311.5605068504384,76268,573,1073,22089,
311.56216519638565,76267,574,1073,22089,
311.56304802918896,76267,574,1072,22090,
311.56510578225294,76267,573,1073,22090,
311.5671667335115,76266,574,1073,22090,
311.5695785749105,76266,573,1074,22090,
311.57156255408245,76265,574,1074,22090,
311.57171075594636,76265,573,1075,22090,
311.5717524663035,76265,573,1074,22091,
311.5737593645467,76265,573,1073,22092,
311.5748828512187,76264,574,1073,22092,
311.57775248956614,76264,574,1072,22093,
311.5788624409811,76264,574,1071,22094,
311.58020690849986,76264,574,1070,22095,
311.58306214166777,76264,573,1071,22095,
311.5837117686694,76264,573,1070,22096,
311.5860455283402,76264,572,1071,22096,
311.58892527233036,76264,571,1072,22096,
311.58931486653137,76264,571,1071,22097,
311.58968184004897,76264,570,1072,22097,
311.5919873596007,76264,569,1073,22097,
311.5932530656315,76264,569,1072,22098,
311.59343216850317,76263,570,1072,22098,
311.5979766580857,76263,570,1071,22099,
311.6029912428055,76262,571,1071,22099,
311.6039147598035,76262,571,1070,22100,
311.60886712275124,76262,570,1071,22100,
311.6094605342594,76262,570,1070,22101,
311.61318341197574,76261,571,1070,22101,
311.61432005025716,76260,572,1070,22101,
311.6188982501421,76260,571,1071,22101,
311.61976042339523,76260,571,1070,22102,
311.6221845042462,76259,572,1070,22102,
311.62507331976,76259,572,1069,22103,
311.63061245605076,76259,571,1070,22103,
311.6322665829679,76259,570,1071,22103,
311.63235367840315,76259,570,1070,22104,
311.63690541878844,76258,571,1070,22104,
311.6372311607686,76258,570,1071,22104,
311.6420578760142,76257,571,1071,22104,
311.64658449030344,76256,572,1071,22104,
311.6470428080329,76256,571,1072,22104,
311.6500193817351,76255,572,1072,22104,
311.6500687888442,76255,571,1073,22104,
311.65300700584737,76255,571,1072,22105,
311.6546543143184,76254,572,1072,22105,
311.6557549446509,76254,571,1073,22105,
311.65882688309057,76254,571,1072,22106,
311.6591745621593,76254,571,1071,22107,
311.65919100200114,76253,572,1071,22107,
311.66134505663024,76253,571,1072,22107,
311.6630429043537,76252,572,1072,22107,
311.66830572351586,76252,572,1071,22108,
311.6688463185364,76251,573,1071,22108,
311.6696053391516,76250,574,1071,22108,
311.6729459611372,76250,574,1070,22109,
311.6747877172687,76250,573,1071,22109,
311.6772398716096,76249,574,1071,22109,
311.6820114628624,76249,574,1070,22110,
311.6829636112606,76248,575,1070,22110,
311.6840088873781,76247,576,1070,22110,
311.6846885296393,76246,577,1070,22110,
311.6884348279265,76246,576,1071,22110,
311.7003994149466,76246,576,1070,22111,
311.70344401818284,76246,576,1069,22112,
311.70479072327765,76246,575,1070,22112,
311.71432704837895,76246,575,1069,22113,
311.7158368944587,76246,574,1070,22113,
311.7169655428794,76245,575,1070,22113,
311.7195486660036,76244,576,1070,22113,
311.72143134927177,76244,575,1071,22113,
311.7292718634859,76243,576,1071,22113,
311.7304211510665,76243,575,1072,22113,
311.73196607819904,76243,575,1071,22114,
311.7355390482444,76243,574,1072,22114,
311.73886405592077,76243,573,1073,22114,
311.74688202207784,76243,573,1072,22115,
311.7504641101578,76243,572,1073,22115,
311.7520388083293,76242,573,1073,22115,
311.75414241947186,76242,572,1074,22115,
311.76434521251554,76242,571,1075,22115,
311.76467921112146,76242,571,1074,22116,
311.76913913969753,76242,571,1073,22117,
311.7701933809535,76241,572,1073,22117,
311.77150589003185,76241,572,1072,22118,
311.7763244573869,76241,572,1071,22119,
311.77802761638486,76241,571,1072,22119,
311.7940863245525,76241,571,1071,22120,
311.7952181828132,76240,572,1071,22120,
311.79550299917224,76240,572,1070,22121,
311.7964512616994,76239,573,1070,22121,
311.79954665569795,76239,572,1071,22121,
311.79962418060734,76238,573,1071,22121,
311.808553274515,76238,573,1070,22122,
311.8173662766821,76238,573,1069,22123,
311.8209505799819,76238,573,1068,22124,
311.8236954231564,76238,572,1069,22124,
311.8251580262287,76238,571,1070,22124,
311.83229788186156,76238,570,1071,22124,
311.8340171416069,76238,569,1072,22124,
311.8347698517602,76237,570,1072,22124,
311.83762839553333,76236,571,1072,22124,
311.84634937937295,76235,572,1072,22124,
311.84917132932145,76235,571,1073,22124,
311.85175069949173,76235,571,1072,22125,
311.8519407431148,76235,570,1073,22125,
311.8534903243492,76235,570,1072,22126,
311.85903292342186,76234,571,1072,22126,
311.8631261144683,76234,570,1073,22126,
311.86455855836994,76234,570,1072,22127,
311.86800611290715,76234,569,1073,22127,
311.8751301021258,76233,570,1073,22127,
311.87577678226614,76233,569,1074,22127,
311.8758272313105,76233,569,1073,22128,
311.8815467306391,76233,568,1074,22128,
311.88413249670606,76233,567,1075,22128,
311.8857177075674,76233,567,1074,22129,
311.8880931193342,76232,568,1074,22129,
311.8922315191532,76231,569,1074,22129,
311.89365353477143,76230,570,1074,22129,
311.8952873225464,76230,570,1073,22130,
311.89574390710095,76229,571,1073,22130,
311.8960226204595,76228,572,1073,22130,
311.9020897786955,76228,572,1072,22131,
311.90418727091946,76228,571,1073,22131,
311.90819143465876,76228,571,1072,22132,
311.91066836112515,76228,571,1071,22133,
311.9109730350063,76227,572,1071,22133,
311.91281673246584,76227,572,1070,22134,
311.91595128752164,76226,573,1070,22134,
311.91675395655784,76226,572,1071,22134,
311.9182436149501,76225,573,1071,22134,
311.9185185212815,76225,572,1072,22134,
311.91891202775093,76225,572,1071,22135,
311.92123188589665,76225,572,1070,22136,
311.92295045519205,76225,572,1069,22137,
311.9257384562798,76225,572,1068,22138,
311.9287313029087,76225,571,1069,22138,
311.9318016820901,76225,571,1068,22139,
311.934629789491,76224,572,1068,22139,
311.9361440856444,76224,572,1067,22140,
311.9372965739993,76224,572,1066,22141,
311.9376567672921,76224,572,1065,22142,
311.9392521060176,76224,572,1064,22143,
311.9411902094821,76224,572,1063,22144,
311.95114822519025,76224,572,1062,22145,
311.95447081583956,76224,571,1063,22145,
311.95848212435504,76224,571,1062,22146,
311.96288097375884,76224,570,1063,22146,
311.9636258377255,76224,570,1062,22147,
311.9666643384401,76224,569,1063,22147,
311.9688701617381,76224,568,1064,22147,
311.97045586561785,76223,569,1064,22147,
311.97170608578966,76223,569,1063,22148,
311.9762132209016,76223,569,1062,22149,
311.977862306236,76223,569,1061,22150,
311.9784765026714,76223,568,1062,22150,
311.98265888020126,76223,567,1063,22150,
311.98382540410836,76223,567,1062,22151,
311.99401792113997,76222,568,1062,22151,
311.99442742105805,76221,569,1062,22151,
311.9958876487079,76221,569,1061,22152,
311.99682504144533,76221,568,1062,22152,
312.0024730205672,76220,569,1062,22152,
312.00570100094257,76220,568,1063,22152,
312.00955050216226,76220,567,1064,22152,
312.0131935999243,76220,566,1065,22152,
312.0141356850157,76220,566,1064,22153,
312.01568073789764,76220,566,1063,22154,
312.0200204309653,76220,565,1064,22154,
312.020105335378,76220,564,1065,22154,
312.02040422130034,76220,563,1066,22154,
312.0233774612857,76220,563,1065,22155,
312.0265011993324,76219,564,1065,22155,
312.0328769473491,76218,565,1065,22155,
312.0362643967015,76218,565,1064,22156,
312.03659141538407,76218,565,1063,22157,
312.0377191780662,76217,566,1063,22157,
312.0394330049936,76217,566,1062,22158,
312.0409651704493,76217,565,1063,22158,
312.0410711416761,76216,566,1063,22158,
312.04439231884936,76216,566,1062,22159,
312.04594825935993,76216,566,1061,22160,
312.0485183909191,76215,567,1061,22160,
312.0620404620294,76215,566,1062,22160,
312.0688861347845,76215,565,1063,22160,
312.06914198819464,76214,566,1063,22160,
312.0697127009499,76214,566,1062,22161,
312.06980547280955,76214,565,1063,22161,
312.0726299039933,76214,564,1064,22161,
312.07485236730247,76213,565,1064,22161,
312.07805101512054,76213,565,1063,22162,
312.0819265303386,76213,564,1064,22162,
312.0822529933802,76213,563,1065,22162,
312.082361944577,76212,564,1065,22162,
312.0832068737375,76212,563,1066,22162,
312.0877806881542,76212,562,1067,22162,
312.0900904323763,76212,561,1068,22162,
312.090380007695,76212,560,1069,22162,
312.0943057396915,76212,560,1068,22163,
312.09863620605944,76211,561,1068,22163,
312.0986613774367,76210,562,1068,22163,
312.1011743548483,76210,562,1067,22164,
312.10522364434826,76209,563,1067,22164,
312.1098422904552,76209,563,1066,22165,
312.1127627110839,76208,564,1066,22165,
312.117583703178,76208,563,1067,22165,
312.1180427852158,76208,563,1066,22166,
312.1220572948601,76208,562,1067,22166,
312.1227042840133,76208,561,1068,22166,
312.12711359717343,76207,562,1068,22166,
312.1274895400143,76206,563,1068,22166,
312.1301754096009,76206,563,1067,22167,
312.1310530486518,76206,563,1066,22168,
312.132763264787,76206,563,1065,22169,
312.13398641748944,76206,563,1064,22170,
312.1366186646271,76206,562,1065,22170,
312.1402482090287,76206,561,1066,22170,
312.1429600647673,76206,561,1065,22171,
312.14348661614156,76205,562,1065,22171,
312.14390785876407,76205,562,1064,22172,
312.14604046054194,76205,562,1063,22173,
312.14815388383965,76205,561,1064,22173,
312.14945715181227,76205,560,1065,22173,
312.1521826067046,76205,559,1066,22173,
312.1525130759582,76204,560,1066,22173,
312.1541994628986,76204,559,1067,22173,
312.15435814616,76204,558,1068,22173,
312.1548013446728,76203,559,1068,22173,
312.16422030706786,76203,559,1067,22174,
312.16624942513636,76203,558,1068,22174,
312.1696389594099,76202,559,1068,22174,
312.1718540701746,76202,558,1069,22174,
312.17257680325883,76201,559,1069,22174,
312.176037525316,76201,558,1070,22174,
312.1793721858256,76200,559,1070,22174,
312.18306588833826,76200,558,1071,22174,
312.1831647117919,76200,558,1070,22175,
312.1850621912748,76200,557,1071,22175,
312.1892443005865,76199,558,1071,22175,
312.1939723788657,76199,558,1070,22176,
312.1961361732886,76198,559,1070,22176,
312.19785251082374,76198,559,1069,22177,
312.199831240924,76198,559,1068,22178,
312.2035240725726,76198,558,1069,22178,
312.20654844956596,76198,557,1070,22178,
312.2153406173157,76197,558,1070,22178,
312.22080729556626,76196,559,1070,22178,
312.2220621566774,76196,559,1069,22179,
312.2227848298868,76196,558,1070,22179,
312.22347961990187,76196,557,1071,22179,
312.225039063099,76196,556,1072,22179,
312.2256831509889,76196,555,1073,22179,
312.22572457132014,76196,555,1072,22180,
312.2335595870219,76196,555,1071,22181,
312.2382030315556,76196,554,1072,22181,
312.23997807049017,76196,554,1071,22182,
312.24281973362883,76196,553,1072,22182,
312.24511530304017,76196,553,1071,22183,
312.24961408283923,76196,553,1070,22184,
312.25326811372673,76196,553,1069,22185,
312.25695586783786,76196,553,1068,22186,
312.258356226212,76196,553,1067,22187,
312.2587952949162,76196,552,1068,22187,
312.2602645739029,76196,551,1069,22187,
312.2610402741842,76196,551,1068,22188,
312.2733859356108,76196,550,1069,22188,
312.2750367070123,76195,551,1069,22188,
312.2796088121122,76195,551,1068,22189,
312.2811568598242,76194,552,1068,22189,
312.28362342878603,76193,553,1068,22189,
312.2849423228504,76193,553,1067,22190,
312.28751649971093,76193,553,1066,22191,
312.28900930835624,76193,552,1067,22191,
312.2914731296972,76193,551,1068,22191,
312.2919537378631,76193,551,1067,22192,
312.2977154063396,76193,551,1066,22193,
312.30000672118945,76193,551,1065,22194,
312.3021069811061,76192,552,1065,22194,
312.3091097220435,76192,552,1064,22195,
312.3102191096999,76192,552,1063,22196,
312.31060634850843,76192,552,1062,22197,
312.3192409104255,76191,553,1062,22197,
312.3310390628024,76191,553,1061,22198,
312.33202461388913,76190,554,1061,22198,
312.332980870553,76190,554,1060,22199,
312.3334620759508,76189,555,1060,22199,
312.3359813437633,76189,554,1061,22199,
312.34039825093043,76189,554,1060,22200,
312.34074110392544,76188,555,1060,22200,
312.3440845781488,76188,554,1061,22200,
312.3450187078576,76187,555,1061,22200,
312.3496069435591,76187,555,1060,22201,
312.3500987684477,76187,554,1061,22201,
312.35107464022497,76186,555,1061,22201,
312.35156215001206,76186,555,1060,22202,
312.3559495635393,76186,555,1059,22203,
312.35794179520434,76185,556,1059,22203,
312.35962101780643,76185,555,1060,22203,
312.36096214131146,76185,554,1061,22203,
312.3610356012468,76185,554,1060,22204,
312.36164171452276,76185,554,1059,22205,
312.36443831395883,76184,555,1059,22205,
312.3673397699651,76183,556,1059,22205,
312.3689175108698,76183,555,1060,22205,
312.3709766096104,76182,556,1060,22205,
312.3725069141154,76181,557,1060,22205,
312.3747620204566,76180,558,1060,22205,
312.3780678126135,76180,558,1059,22206,
312.3790534777449,76180,557,1060,22206,
312.3792969357376,76179,558,1060,22206,
312.3835351199584,76179,558,1059,22207,
312.3843666688171,76179,558,1058,22208,
312.38569535611043,76178,559,1058,22208,
312.3893322340129,76178,558,1059,22208,
312.3900630181285,76178,558,1058,22209,
312.3914432660905,76178,558,1057,22210,
312.3934862671889,76177,559,1057,22210,
312.3946949947754,76177,558,1058,22210,
312.3972246865917,76177,558,1057,22211,
312.40317535749034,76177,558,1056,22212,
312.40610273675145,76177,558,1055,22213,
312.40855790122487,76177,558,1054,22214,
312.40905835064405,76177,557,1055,22214,
312.409842321182,76176,558,1055,22214,
312.410240340412,76175,559,1055,22214,
312.41483502455793,76175,558,1056,22214,
312.41655542334576,76175,557,1057,22214,
312.4165677545343,76175,556,1058,22214,
312.4169640867334,76174,557,1058,22214,
312.4177684991209,76174,557,1057,22215,
312.41829663308204,76174,557,1056,22216,
312.41840393023654,76173,558,1056,22216,
312.42109117644014,76173,558,1055,22217,
312.42822665087715,76172,559,1055,22217,
312.429052837669,76172,558,1056,22217,
312.4313152110496,76172,557,1057,22217,
312.43145774503085,76171,558,1057,22217,
312.4327594925025,76171,558,1056,22218,
312.4438773993386,76171,558,1055,22219,
312.44420953077287,76171,558,1054,22220,
312.4449895249269,76171,557,1055,22220,
312.4521086944353,76171,557,1054,22221,
312.45381537280724,76171,556,1055,22221,
312.4546296297972,76171,556,1054,22222,
312.4569119056492,76170,557,1054,22222,
312.458501890475,76170,557,1053,22223,
312.4592534474135,76170,557,1052,22224,
312.4595739520692,76170,556,1053,22224,
312.4694519011791,76169,557,1053,22224,
312.4700711267901,76169,557,1052,22225,
312.47053283054254,76168,558,1052,22225,
312.47070574226774,76167,559,1052,22225,
312.4710225933082,76166,560,1052,22225,
312.4712806294401,76166,559,1053,22225,
312.47128141550877,76165,560,1053,22225,
312.4735380833828,76164,561,1053,22225,
312.4776435214397,76163,562,1053,22225,
312.47962242328333,76163,562,1052,22226,
312.4862400857547,76163,562,1051,22227,
312.48712448637554,76162,563,1051,22227,
312.48767285699546,76162,563,1050,22228,
312.49228056076737,76161,564,1050,22228,
312.49390713717713,76161,564,1049,22229,
312.4951428483831,76160,565,1049,22229,
312.4954254740251,76159,566,1049,22229,
312.5080952567823,76159,566,1048,22230,
312.5118066666604,76159,565,1049,22230,
312.52621687145336,76158,566,1049,22230,
312.52984324429883,76158,566,1048,22231,
312.53194272844485,76158,566,1047,22232,
312.5344571079897,76158,565,1048,22232,
312.53876501097113,76158,565,1047,22233,
312.54245263650233,76158,564,1048,22233,
312.54735625289595,76158,563,1049,22233,
312.5538119692878,76157,564,1049,22233,
312.55527719612206,76156,565,1049,22233,
312.5556703737576,76156,564,1050,22233,
312.56153262452085,76156,563,1051,22233,
312.56608870180446,76156,563,1050,22234,
312.5714066095713,76155,564,1050,22234,
312.57154457383433,76155,563,1051,22234,
312.57258720068944,76155,563,1050,22235,
312.5743789008274,76154,564,1050,22235,
312.57841222621295,76154,564,1049,22236,
312.5838337536441,76154,564,1048,22237,
312.58540610942634,76154,563,1049,22237,
312.58561669630694,76154,562,1050,22237,
312.58930587570325,76153,563,1050,22237,
312.5902281621061,76153,562,1051,22237,
312.5907346466762,76153,562,1050,22238,
312.5920534773523,76152,563,1050,22238,
312.5936608738237,76152,562,1051,22238,
312.6001817256831,76152,561,1052,22238,
312.6104947479248,76152,561,1051,22239,
312.6111047324985,76151,562,1051,22239,
312.61219372615204,76150,563,1051,22239,
312.61220786717547,76149,564,1051,22239,
312.6138977959693,76149,564,1050,22240,
312.6154202361646,76149,564,1049,22241,
312.61869091382727,76149,564,1048,22242,
312.62231396365297,76149,563,1049,22242,
312.62262093408776,76149,562,1050,22242,
312.62308930583964,76148,563,1050,22242,
312.62656855358887,76148,563,1049,22243,
312.62883899219895,76147,564,1049,22243,
312.6325869872147,76146,565,1049,22243,
312.6368706764328,76145,566,1049,22243,
312.6386662675882,76144,567,1049,22243,
312.6393605741855,76144,567,1048,22244,
312.64097889551283,76143,568,1048,22244,
312.64185338611514,76142,569,1048,22244,
312.6438256905785,76142,568,1049,22244,
312.6456815047387,76142,567,1050,22244,
312.64849620260634,76141,568,1050,22244,
312.6593860547512,76141,568,1049,22245,
312.6655813194058,76141,568,1048,22246,
312.67153692204556,76141,567,1049,22246,
312.676898220135,76141,566,1050,22246,
312.67702778848576,76141,565,1051,22246,
312.67978030560505,76141,565,1050,22247,
312.6836419313278,76141,564,1051,22247,
312.6949562154221,76141,563,1052,22247,
312.6979879947276,76140,564,1052,22247,
312.6999383540844,76140,564,1051,22248,
312.7083788349904,76140,564,1050,22249,
312.70971138598054,76140,564,1049,22250,
312.7104533962559,76140,563,1050,22250,
312.71087324614047,76139,564,1050,22250,
312.7146441477291,76139,563,1051,22250,
312.716442160663,76139,563,1050,22251,
312.717968540027,76139,562,1051,22251,
312.7200226399629,76139,562,1050,22252,
312.7317229827342,76139,561,1051,22252,
312.7327207163321,76139,561,1050,22253,
312.7349708183312,76139,560,1051,22253,
312.7358143215235,76138,561,1051,22253,
312.7371089501568,76138,560,1052,22253,
312.74431857864295,76138,559,1053,22253,
312.7482710436695,76138,559,1052,22254,
312.74864133944396,76138,559,1051,22255,
312.7493995335097,76138,559,1050,22256,
312.7503881479433,76138,559,1049,22257,
312.75084795472634,76138,558,1050,22257,
312.753684586215,76138,557,1051,22257,
312.7551229946663,76137,558,1051,22257,
312.75514553087856,76137,557,1052,22257,
312.75521747706074,76137,557,1051,22258,
312.7569908107163,76137,556,1052,22258,
312.75845898506736,76137,556,1051,22259,
312.75976530464106,76137,555,1052,22259,
312.7636879188355,76136,556,1052,22259,
312.7674378629988,76135,557,1052,22259,
312.76842131936974,76135,556,1053,22259,
312.7706152211472,76135,556,1052,22260,
312.7767909034111,76135,556,1051,22261,
312.77692982361515,76134,557,1051,22261,
312.78029332784786,76133,558,1051,22261,
312.7837770315248,76132,559,1051,22261,
312.78463539628336,76132,559,1050,22262,
312.79240715757766,76132,558,1051,22262,
312.7925859311213,76132,558,1050,22263,
312.801072352372,76132,557,1051,22263,
312.8047396688881,76132,557,1050,22264,
312.807119842961,76131,558,1050,22264,
312.80785268587664,76131,557,1051,22264,
312.8092027148097,76130,558,1051,22264,
312.8102503314094,76130,558,1050,22265,
312.8106279196771,76130,558,1049,22266,
312.8161067324128,76129,559,1049,22266,
312.81994500341705,76128,560,1049,22266,
312.82011364784404,76128,559,1050,22266,
312.82036231034306,76128,558,1051,22266,
312.8210975466434,76128,557,1052,22266,
312.82145134673937,76128,556,1053,22266,
312.82569945359575,76127,557,1053,22266,
312.8275627790047,76127,556,1054,22266,
312.82918191760064,76127,555,1055,22266,
312.833648143028,76127,554,1056,22266,
312.83502704082645,76127,553,1057,22266,
312.8363025329748,76127,552,1058,22266,
312.83718394484475,76127,552,1057,22267,
312.8428195731202,76127,552,1056,22268,
312.8455064228561,76126,553,1056,22268,
312.85305182928204,76126,553,1055,22269,
312.854449609109,76126,553,1054,22270,
312.8573352936496,76125,554,1054,22270,
312.8592454895945,76125,553,1055,22270,
312.865258337935,76124,554,1055,22270,
312.86888235996975,76123,555,1055,22270,
312.8692889019968,76123,555,1054,22271,
312.8809391868072,76123,555,1053,22272,
312.8837058575426,76123,554,1054,22272,
312.88408138293846,76123,554,1053,22273,
312.88475307229544,76123,554,1052,22274,
312.88568823222306,76123,554,1051,22275,
312.8861191462863,76123,554,1050,22276,
312.8881512388677,76122,555,1050,22276,
312.8887833457845,76122,555,1049,22277,
312.8892278322782,76121,556,1049,22277,
312.8914172379393,76120,557,1049,22277,
312.89757578084937,76119,558,1049,22277,
312.902518998299,76118,559,1049,22277,
312.9034463383585,76118,558,1050,22277,
312.9042635374726,76117,559,1050,22277,
312.9087132950865,76117,559,1049,22278,
312.9104003426023,76116,560,1049,22278,
312.9156175911319,76116,560,1048,22279,
312.9248181541012,76116,560,1047,22280,
312.92835470512375,76116,560,1046,22281,
312.92919439040674,76116,559,1047,22281,
312.93248499489897,76116,558,1048,22281,
312.93596004967776,76116,558,1047,22282,
312.9396780305199,76116,557,1048,22282,
312.942155606247,76115,558,1048,22282,
312.944007157198,76115,557,1049,22282,
312.94965371785474,76115,557,1048,22283,
312.95688177275656,76114,558,1048,22283,
312.9574957541137,76114,557,1049,22283,
312.9655932524925,76113,558,1049,22283,
312.9671738541917,76113,557,1050,22283,
312.96757401040946,76113,557,1049,22284,
312.96850291023685,76112,558,1049,22284,
312.968625915219,76111,559,1049,22284,
312.97017876285685,76111,559,1048,22285,
312.9746722420301,76110,560,1048,22285,
312.97538870282517,76110,560,1047,22286,
312.97891617810194,76110,559,1048,22286,
312.981621746167,76109,560,1048,22286,
312.9834592070136,76109,560,1047,22287,
312.9869939296815,76109,560,1046,22288,
312.99145011413617,76109,559,1047,22288,
312.993355098307,76108,560,1047,22288,
312.99464692647905,76108,560,1046,22289,
312.9958721665908,76107,561,1046,22289,
312.99832970760843,76106,562,1046,22289,
312.99844778846295,76105,563,1046,22289,
312.9987669203159,76105,563,1045,22290,
312.99989493230953,76105,562,1046,22290,
313.0005161252882,76104,563,1046,22290,
313.0095140426598,76104,563,1045,22291,
313.0109780510659,76104,562,1046,22291,
313.02061814622704,76104,562,1045,22292,
313.021569430397,76103,563,1045,22292,
313.02159657435396,76102,564,1045,22292,
313.02254113648866,76101,565,1045,22292,
313.02678905815327,76101,565,1044,22293,
313.027800605651,76101,564,1045,22293,
313.02924189311454,76101,564,1044,22294,
313.0292457469026,76100,565,1044,22294,
313.03026930306595,76099,566,1044,22294,
313.0392678290881,76099,566,1043,22295,
313.04668945374516,76098,567,1043,22295,
313.04786057087165,76098,567,1042,22296,
313.0500168423977,76098,567,1041,22297,
313.05179146434944,76098,567,1040,22298,
313.05820149285523,76098,566,1041,22298,
313.0589364522201,76098,565,1042,22298,
313.0592717811242,76098,565,1041,22299,
313.0604032474101,76098,565,1040,22300,
313.06873484245693,76097,566,1040,22300,
313.07306275267405,76096,567,1040,22300,
313.0741197940264,76096,567,1039,22301,
313.076215549624,76096,566,1040,22301,
313.0834255570171,76095,567,1040,22301,
313.0867437115474,76094,568,1040,22301,
313.0871916764619,76093,569,1040,22301,
313.09372130603776,76092,570,1040,22301,
313.0966346613512,76092,569,1041,22301,
313.0968302534814,76092,569,1040,22302,
313.0981784304887,76091,570,1040,22302,
313.09893960155364,76091,569,1041,22302,
313.09967652887474,76091,568,1042,22302,
313.10351623631885,76090,569,1042,22302,
313.10738141066815,76089,570,1042,22302,
313.1175015560897,76089,569,1043,22302,
313.12146850411693,76089,569,1042,22303,
313.1241603182283,76089,569,1041,22304,
313.1243190384462,76089,569,1040,22305,
313.12898923544367,76089,569,1039,22306,
313.1337219578504,76088,570,1039,22306,
313.13470000772907,76088,570,1038,22307,
313.1380092921174,76088,570,1037,22308,
313.1383941998134,76088,569,1038,22308,
313.1397826293161,76088,569,1037,22309,
313.14466865808566,76088,568,1038,22309,
313.1454215495938,76088,567,1039,22309,
313.15029983657803,76088,567,1038,22310,
313.1550648831817,76088,567,1037,22311,
313.16252575955116,76088,566,1038,22311,
313.16551526160384,76088,565,1039,22311,
313.1709297990425,76088,564,1040,22311,
313.17210355678446,76088,564,1039,22312,
313.1736725716874,76088,564,1038,22313,
313.1776196645652,76088,564,1037,22314,
313.1791244701465,76088,563,1038,22314,
313.18067406597004,76088,562,1039,22314,
313.1821505878622,76087,563,1039,22314,
313.1829527410517,76087,563,1038,22315,
313.182981254169,76086,564,1038,22315,
313.1847293893774,76085,565,1038,22315,
313.18729207697294,76085,565,1037,22316,
313.19127628023097,76085,565,1036,22317,
313.19182460039065,76085,565,1035,22318,
313.1937172796084,76085,564,1036,22318,
313.19517691904207,76085,563,1037,22318,
313.19981401560466,76084,564,1037,22318,
313.21154872375206,76084,563,1038,22318,
313.2160049403892,76083,564,1038,22318,
313.2166891226044,76083,564,1037,22319,
313.2182201831587,76083,563,1038,22319,
313.22331666530766,76083,563,1037,22320,
313.2247942697596,76083,563,1036,22321,
313.2293941738068,76083,563,1035,22322,
313.2357663245606,76083,562,1036,22322,
313.2409904367767,76083,562,1035,22323,
313.24175619170137,76083,562,1034,22324,
313.2423230683906,76082,563,1034,22324,
313.24959974320643,76082,562,1035,22324,
313.2496075067847,76082,561,1036,22324,
313.2598288070837,76082,560,1037,22324,
313.2600920693514,76082,559,1038,22324,
313.2641713044568,76082,558,1039,22324,
313.2654821693789,76081,559,1039,22324,
313.26662296194985,76080,560,1039,22324,
313.2670591441157,76080,559,1040,22324,
313.2685156204834,76080,558,1041,22324,
313.2702568624778,76079,559,1041,22324,
313.27084640633575,76078,560,1041,22324,
313.2728491901588,76078,560,1040,22325,
313.27693568275794,76077,561,1040,22325,
313.2832950441247,76077,561,1039,22326,
313.2835434856672,76077,560,1040,22326,
313.28588719206533,76077,559,1041,22326,
313.28940341460606,76076,560,1041,22326,
313.2943295222535,76076,560,1040,22327,
313.29798725291306,76076,560,1039,22328,
313.304780759676,76076,560,1038,22329,
313.30813854854387,76076,560,1037,22330,
313.3089473323151,76075,561,1037,22330,
313.30947886636994,76074,562,1037,22330,
313.3122689142029,76073,563,1037,22330,
313.3123901016861,76073,563,1036,22331,
313.3130445925983,76072,564,1036,22331,
313.32182477305,76072,564,1035,22332,
313.3268845848658,76071,565,1035,22332,
313.33348003129953,76071,565,1034,22333,
313.3342608106148,76070,566,1034,22333,
313.3401063067467,76070,565,1035,22333,
313.34012780770706,76070,565,1034,22334,
313.3415336297964,76070,564,1035,22334,
313.3443396330734,76070,564,1034,22335,
313.3519952025319,76070,564,1033,22336,
313.3542118361719,76070,563,1034,22336,
313.3589808814281,76069,564,1034,22336,
313.35966414381056,76068,565,1034,22336,
313.3607647255782,76068,565,1033,22337,
313.3643079846871,76068,565,1032,22338,
313.36677821234076,76068,564,1033,22338,
313.36751173005507,76067,565,1033,22338,
313.36843215272273,76067,564,1034,22338,
313.3732114424906,76066,565,1034,22338,
313.3767259740683,76065,566,1034,22338,
313.38330204997874,76065,565,1035,22338,
313.38365293374795,76065,564,1036,22338,
313.3869456571311,76064,565,1036,22338,
313.38927400672003,76064,565,1035,22339,
313.3898534072222,76064,564,1036,22339,
313.39015863034433,76063,565,1036,22339,
313.39406245039703,76063,564,1037,22339,
313.4003578043075,76063,563,1038,22339,
313.40168213318134,76063,563,1037,22340,
313.405287072234,76063,562,1038,22340,
313.4103059153538,76062,563,1038,22340,
313.41565974856746,76061,564,1038,22340,
313.4177717404932,76061,564,1037,22341,
313.4182779202335,76060,565,1037,22341,
313.4220618043992,76059,566,1037,22341,
313.4270701542973,76059,566,1036,22342,
313.427915303001,76059,566,1035,22343,
313.43069940286085,76059,566,1034,22344,
313.43637226297926,76059,566,1033,22345,
313.4368743252019,76059,566,1032,22346,
313.439339151327,76059,566,1031,22347,
313.44225666447244,76059,565,1032,22347,
313.4443004002069,76058,566,1032,22347,
313.4482752034942,76058,566,1031,22348,
313.4504899841888,76058,565,1032,22348,
313.4537142567429,76058,565,1031,22349,
313.4568509469578,76058,564,1032,22349,
313.4585523831767,76057,565,1032,22349,
313.4667153432707,76056,566,1032,22349,
313.4672112006638,76056,566,1031,22350,
313.47018487923754,76056,565,1032,22350,
313.471881730064,76056,565,1031,22351,
313.4764366224008,76056,564,1032,22351,
313.47847324346594,76056,563,1033,22351,
313.4868865198348,76056,562,1034,22351,
313.4871045472982,76056,561,1035,22351,
313.4942719647482,76055,562,1035,22351,
313.49456120708396,76054,563,1035,22351,
313.4956393018725,76054,563,1034,22352,
313.49588727861345,76053,564,1034,22352,
313.49603038894,76053,563,1035,22352,
313.49817152730134,76053,562,1036,22352,
313.49990583896954,76053,562,1035,22353,
313.50122032387407,76053,561,1036,22353,
313.50321376720234,76052,562,1036,22353,
313.50525119109244,76051,563,1036,22353,
313.5055753587004,76051,563,1035,22354,
313.50568333114205,76051,562,1036,22354,
313.50885173559186,76051,561,1037,22354,
313.5125795751719,76050,562,1037,22354,
313.51351839939616,76050,561,1038,22354,
313.52647991164037,76049,562,1038,22354,
313.5293102790119,76048,563,1038,22354,
313.53066073931956,76048,562,1039,22354,
313.5334130145373,76048,561,1040,22354,
313.53527255157246,76047,562,1040,22354,
313.5386589884284,76047,561,1041,22354,
313.5414490813522,76047,560,1042,22354,
313.54426054307,76047,559,1043,22354,
313.5471300813786,76047,559,1042,22355,
313.551962128358,76046,560,1042,22355,
313.5548362175461,76045,561,1042,22355,
313.5584137187114,76045,561,1041,22356,
313.56051001315507,76044,562,1041,22356,
313.56491780317384,76044,561,1042,22356,
313.56627061067195,76043,562,1042,22356,
313.56630838368,76043,562,1041,22357,
313.5682842644104,76042,563,1041,22357,
313.5686421500637,76041,564,1041,22357,
313.5686631208609,76041,563,1042,22357,
313.56901854303817,76041,563,1041,22358,
313.5714191253951,76041,563,1040,22359,
313.57648452633754,76040,564,1040,22359,
313.5765268153111,76040,564,1039,22360,
313.5775979807473,76040,563,1040,22360,
313.5793071377324,76040,563,1039,22361,
313.5838732012016,76040,563,1038,22362,
313.58780436379016,76040,563,1037,22363,
313.59045845550804,76040,562,1038,22363,
313.5924895546009,76039,563,1038,22363,
313.5936769515627,76039,563,1037,22364,
313.5937045665306,76038,564,1037,22364,
313.59391073767176,76038,563,1038,22364,
313.5951447754514,76038,562,1039,22364,
313.5955153779157,76038,561,1040,22364,
313.60198143100547,76038,561,1039,22365,
313.60310476921353,76037,562,1039,22365,
313.6033871448377,76036,563,1039,22365,
313.6051660138035,76036,562,1040,22365,
313.6153691680547,76036,562,1039,22366,
313.6190671928272,76035,563,1039,22366,
313.619135320593,76035,562,1040,22366,
313.620075660765,76035,561,1041,22366,
313.621263892533,76035,561,1040,22367,
313.62664806100673,76034,562,1040,22367,
313.62863353198304,76033,563,1040,22367,
313.6324887126912,76033,563,1039,22368,
313.63745466424945,76033,562,1040,22368,
313.63884696097915,76033,562,1039,22369,
313.63969367796244,76033,561,1040,22369,
313.6408594473046,76032,562,1040,22369,
313.6463101332068,76032,562,1039,22370,
313.6533175077764,76031,563,1039,22370,
313.65564508347643,76031,563,1038,22371,
313.65682464329956,76030,564,1038,22371,
313.65860196676294,76030,564,1037,22372,
313.6588248002717,76030,563,1038,22372,
313.6600927108782,76030,562,1039,22372,
313.66059081892104,76030,562,1038,22373,
313.66371594823295,76030,561,1039,22373,
313.66474339181485,76030,560,1040,22373,
313.6696703639061,76029,561,1040,22373,
313.67197508519206,76029,560,1041,22373,
313.68005204160187,76028,561,1041,22373,
313.6854081407113,76028,561,1040,22374,
313.685918723853,76028,560,1041,22374,
313.68615769782826,76028,560,1040,22375,
313.68710153082424,76027,561,1040,22375,
313.69031646353756,76027,560,1041,22375,
313.69058582949043,76027,559,1042,22375,
313.69086085380843,76027,559,1041,22376,
313.69787182509543,76027,558,1042,22376,
313.71113089684314,76027,557,1043,22376,
313.7150257648332,76027,557,1042,22377,
313.71716300129606,76027,557,1041,22378,
313.7183603145654,76026,558,1041,22378,
313.71861115363873,76026,557,1042,22378,
313.71873510893676,76026,556,1043,22378,
313.7206557785118,76025,557,1043,22378,
313.72603322501,76025,556,1044,22378,
313.730347267367,76025,556,1043,22379,
313.7326423533541,76025,556,1042,22380,
313.733482170592,76024,557,1042,22380,
313.7348650764458,76024,557,1041,22381,
313.7378084012033,76023,558,1041,22381,
313.73901027632263,76022,559,1041,22381,
313.7394439898758,76022,558,1042,22381,
313.7399442644364,76022,558,1041,22382,
313.7404270714574,76022,558,1040,22383,
313.74164394999724,76022,557,1041,22383,
313.74471179934693,76022,557,1040,22384,
313.74693002791946,76021,558,1040,22384,
313.74877024064614,76020,559,1040,22384,
313.74890051963934,76020,558,1041,22384,
313.75270746530884,76020,557,1042,22384,
313.7527078071608,76020,556,1043,22384,
313.7552842960347,76020,555,1044,22384,
313.75824460001655,76020,555,1043,22385,
313.7594959793577,76020,554,1044,22385,
313.7607399025878,76019,555,1044,22385,
313.76319444976843,76019,554,1045,22385,
313.76504826061074,76018,555,1045,22385,
313.7663234841132,76018,555,1044,22386,
313.76652241954724,76018,554,1045,22386,
313.770483517524,76018,553,1046,22386,
313.771936118185,76017,554,1046,22386,
313.77249470122473,76017,553,1047,22386,
313.77557342538637,76016,554,1047,22386,
313.77842257089225,76016,553,1048,22386,
313.78044429866526,76016,552,1049,22386,
313.78099037950483,76016,552,1048,22387,
313.78134866847546,76015,553,1048,22387,
313.7828090778461,76014,554,1048,22387,
313.78507665739113,76014,554,1047,22388,
313.7865720855545,76014,554,1046,22389,
313.80274668277275,76014,554,1045,22390,
313.80677304020304,76013,555,1045,22390,
313.8078591243128,76012,556,1045,22390,
313.80927435385723,76011,557,1045,22390,
313.8111688743878,76010,558,1045,22390,
313.815762367711,76010,558,1044,22391,
313.8180939263102,76009,559,1044,22391,
313.8194134442545,76008,560,1044,22391,
313.82073056937116,76008,559,1045,22391,
313.8223125320939,76007,560,1045,22391,
313.8261978350071,76007,560,1044,22392,
313.8326798916907,76007,560,1043,22393,
313.8372650555292,76006,561,1043,22393,
313.8403023504652,76006,560,1044,22393,
313.8413340109329,76005,561,1044,22393,
313.84165764985414,76004,562,1044,22393,
313.842240218951,76004,562,1043,22394,
313.84310985732907,76004,562,1042,22395,
313.84321170162,76003,563,1042,22395,
313.8445363028157,76003,563,1041,22396,
313.8456598296113,76003,562,1042,22396,
313.85067537224086,76003,561,1043,22396,
313.8546418439465,76002,562,1043,22396,
313.8573663147535,76002,562,1042,22397,
313.8575451017208,76002,561,1043,22397,
313.85806203179516,76002,561,1042,22398,
313.85942736960504,76002,560,1043,22398,
313.86403409244406,76002,560,1042,22399,
313.8643284227097,76001,561,1042,22399,
313.86549553814586,76001,560,1043,22399,
313.86617941229065,76000,561,1043,22399,
313.8692063157336,76000,561,1042,22400,
313.8719834869862,76000,561,1041,22401,
313.8735065488588,76000,560,1042,22401,
313.87732652814884,76000,560,1041,22402,
313.87741859556604,75999,561,1041,22402,
313.8796083468661,75999,561,1040,22403,
313.87997425566147,75998,562,1040,22403,
313.886154940709,75998,562,1039,22404,
313.8876579863174,75998,562,1038,22405,
313.88886100653536,75998,561,1039,22405,
313.8920407325649,75998,561,1038,22406,
313.89328561387765,75998,560,1039,22406,
313.9004265364885,75998,560,1038,22407,
313.9025264708236,75998,560,1037,22408,
313.90259402820254,75998,560,1036,22409,
313.9075925466827,75998,560,1035,22410,
313.9111501636934,75997,561,1035,22410,
313.9123051684087,75997,561,1034,22411,
313.91807472646855,75997,560,1035,22411,
313.9182910407572,75997,560,1034,22412,
313.9249332879975,75997,559,1035,22412,
313.9302616172524,75996,560,1035,22412,
313.9385328827998,75996,560,1034,22413,
313.9409994847017,75996,559,1035,22413,
313.94853506700304,75996,559,1034,22414,
313.95597282113283,75995,560,1034,22414,
313.95633783852304,75994,561,1034,22414,
313.9638734131196,75994,560,1035,22414,
313.96849848467974,75994,560,1034,22415,
313.9689828937616,75994,559,1035,22415,
313.97867348094275,75994,559,1034,22416,
313.9832666106704,75994,558,1035,22416,
313.9833417354013,75994,558,1034,22417,
313.98530779092226,75994,557,1035,22417,
313.98851107264716,75994,557,1034,22418,
313.9885884753203,75994,556,1035,22418,
313.98993622014996,75993,557,1035,22418,
313.99202682356594,75993,557,1034,22419,
313.99305372899437,75993,556,1035,22419,
313.99441777462425,75992,557,1035,22419,
313.9980135977963,75992,557,1034,22420,
314.00669795727663,75991,558,1034,22420,
314.0084479981904,75990,559,1034,22420,
314.01313418898565,75989,560,1034,22420,
314.0133975245705,75989,560,1033,22421,
314.013548434548,75989,560,1032,22422,
314.01490281753786,75989,560,1031,22423,
314.01590430174235,75988,561,1031,22423,
314.02581619400127,75988,561,1030,22424,
314.02671286891416,75988,560,1031,22424,
314.0274556196652,75988,560,1030,22425,
314.03835652030693,75988,560,1029,22426,
314.0389351230482,75988,559,1030,22426,
314.050838071328,75988,559,1029,22427,
314.05296301492774,75988,558,1030,22427,
314.0544334602167,75987,559,1030,22427,
314.0559001954266,75986,560,1030,22427,
314.0565467373959,75986,559,1031,22427,
314.05780286780515,75986,558,1032,22427,
314.0583433634465,75985,559,1032,22427,
314.0595968092964,75985,559,1031,22428,
314.07038565739265,75985,559,1030,22429,
314.07067189040174,75984,560,1030,22429,
314.07941998334445,75983,561,1030,22429,
314.07978189946414,75983,561,1029,22430,
314.0809650619114,75982,562,1029,22430,
314.08498815899117,75981,563,1029,22430,
314.0860290608511,75981,563,1028,22431,
314.0868651781841,75981,563,1027,22432,
314.0931480620144,75981,563,1026,22433,
314.0937716559519,75980,564,1026,22433,
314.09490924787144,75980,564,1025,22434,
314.0991390282744,75980,563,1026,22434,
314.10415958148195,75980,563,1025,22435,
314.1105612388341,75979,564,1025,22435,
314.1114689786789,75979,564,1024,22436,
314.11781603215945,75979,564,1023,22437,
314.1200886114885,75979,563,1024,22437,
314.1209474786307,75979,563,1023,22438,
314.12252132963596,75979,562,1024,22438,
314.1311072121638,75979,562,1023,22439,
314.1330379514037,75979,562,1022,22440,
314.13856932278503,75979,561,1023,22440,
314.1421185640143,75979,561,1022,22441,
314.14226651446495,75979,561,1021,22442,
314.1429835896343,75979,560,1022,22442,
314.1434421330652,75978,561,1022,22442,
314.14373113179965,75978,560,1023,22442,
314.14704628318145,75977,561,1023,22442,
314.1477513659907,75977,561,1022,22443,
314.1563744543423,75977,561,1021,22444,
314.15861478865315,75977,560,1022,22444,
314.1602037074965,75977,560,1021,22445,
314.1603976469411,75976,561,1021,22445,
314.1699931527267,75975,562,1021,22445,
314.17178027207945,75974,563,1021,22445,
314.1730236861841,75974,563,1020,22446,
314.1761898393108,75973,564,1020,22446,
314.1770072167535,75973,564,1019,22447,
314.1777432548771,75973,564,1018,22448,
314.18279664953707,75973,564,1017,22449,
314.18499227620174,75972,565,1017,22449,
314.19613655087664,75972,565,1016,22450,
314.19664917038887,75972,565,1015,22451,
314.19748051385267,75971,566,1015,22451,
314.1985803491418,75971,566,1014,22452,
314.19980696773194,75970,567,1014,22452,
314.20190995045516,75970,566,1015,22452,
314.20349674771614,75970,565,1016,22452,
314.203613649046,75970,564,1017,22452,
314.2079651917706,75970,564,1016,22453,
314.211911053815,75969,565,1016,22453,
314.21382064081473,75968,566,1016,22453,
314.21412461387456,75968,566,1015,22454,
314.2197860188387,75968,565,1016,22454,
314.22153118104427,75968,565,1015,22455,
314.22167644863356,75968,565,1014,22456,
314.2241023106942,75968,564,1015,22456,
314.2287887121934,75967,565,1015,22456,
314.2425954762175,75967,564,1016,22456,
314.2427065802573,75966,565,1016,22456,
314.24708355799305,75966,565,1015,22457,
314.249843200483,75966,564,1016,22457,
314.25261783493266,75965,565,1016,22457,
314.2538075454954,75964,566,1016,22457,
314.25929783718163,75963,567,1016,22457,
314.25984051781376,75962,568,1016,22457,
314.2610121393483,75962,567,1017,22457,
314.2641068942134,75961,568,1017,22457,
314.26418800661355,75961,568,1016,22458,
314.2678611873618,75960,569,1016,22458,
314.27565382506043,75959,570,1016,22458,
314.28125491624087,75958,571,1016,22458,
314.28648977610084,75958,571,1015,22459,
314.2894056383442,75957,572,1015,22459,
314.29099876017557,75956,573,1015,22459,
314.2931682545256,75956,573,1014,22460,
314.3000713720705,75956,573,1013,22461,
314.3003363286385,75956,573,1012,22462,
314.30785903709943,75955,574,1012,22462,
314.3144587725816,75955,574,1011,22463,
314.32006322287936,75954,575,1011,22463,
314.3201049878028,75953,576,1011,22463,
314.3213720539074,75953,576,1010,22464,
314.32213657458425,75953,575,1011,22464,
314.32247873954003,75952,576,1011,22464,
314.3228233823905,75951,577,1011,22464,
314.3251899273599,75951,577,1010,22465,
314.32859726028505,75951,577,1009,22466,
314.3341743349367,75950,578,1009,22466,
314.3357780314879,75949,579,1009,22466,
314.34030740028567,75949,579,1008,22467,
314.3420666642978,75949,578,1009,22467,
314.34378351973214,75948,579,1009,22467,
314.3535593774574,75947,580,1009,22467,
314.35526532039063,75946,581,1009,22467,
314.36278207805594,75946,580,1010,22467,
314.3632043692541,75946,580,1009,22468,
314.3637008981815,75946,579,1010,22468,
314.3640675736719,75945,580,1010,22468,
314.36726790942635,75945,579,1011,22468,
314.36741021714806,75944,580,1011,22468,
314.36876526507876,75944,579,1012,22468,
314.3687844698189,75944,579,1011,22469,
314.3808532371612,75944,579,1010,22470,
314.3818689367778,75944,579,1009,22471,
314.38664211640963,75944,579,1008,22472,
314.3963010720768,75943,580,1008,22472,
314.39631483985966,75943,579,1009,22472,
314.4026705816062,75942,580,1009,22472,
314.40317936185323,75942,579,1010,22472,
314.4086050787062,75942,578,1011,22472,
314.40971473248294,75942,578,1010,22473,
314.4150963167856,75942,578,1009,22474,
314.4173554095304,75942,578,1008,22475,
314.41833392132,75942,578,1007,22476,
314.419620908913,75942,577,1008,22476,
314.42083357879574,75942,577,1007,22477,
314.42168331029404,75942,576,1008,22477,
314.4224987157398,75942,575,1009,22477,
314.42642828741384,75942,574,1010,22477,
314.4267037808418,75942,574,1009,22478,
314.4275138972553,75941,575,1009,22478,
314.4289439786722,75940,576,1009,22478,
314.4305623230783,75939,577,1009,22478,
314.43222698343527,75938,578,1009,22478,
314.4336568767371,75937,579,1009,22478,
314.4369150337136,75937,579,1008,22479,
314.43835037086967,75937,578,1009,22479,
314.438421587893,75937,578,1008,22480,
314.44017713806016,75937,578,1007,22481,
314.4434429232786,75936,579,1007,22481,
314.4449401241765,75936,578,1008,22481,
314.4466960032128,75936,578,1007,22482,
314.4514385399759,75935,579,1007,22482,
314.45155543925665,75934,580,1007,22482,
314.4621136568188,75934,579,1008,22482,
314.46275658730553,75934,578,1009,22482,
314.4685349486978,75934,578,1008,22483,
314.4694370611439,75934,578,1007,22484,
314.47209045294017,75933,579,1007,22484,
314.47288623708806,75932,580,1007,22484,
314.4763512765518,75932,579,1008,22484,
314.47975223200234,75932,578,1009,22484,
314.48687995671617,75932,578,1008,22485,
314.4896644350151,75932,578,1007,22486,
314.49107885043895,75931,579,1007,22486,
314.4959176191542,75930,580,1007,22486,
314.4969676157252,75929,581,1007,22486,
314.4970116042555,75928,582,1007,22486,
314.499227926759,75927,583,1007,22486,
314.4998660655268,75927,582,1008,22486,
314.5018651703474,75927,581,1009,22486,
314.50245302078474,75926,582,1009,22486,
314.5026459363905,75926,581,1010,22486,
314.507568761401,75925,582,1010,22486,
314.5084104668842,75925,582,1009,22487,
314.50861761335955,75924,583,1009,22487,
314.52232683217284,75924,582,1010,22487,
314.5239711783291,75924,582,1009,22488,
314.5285625735293,75924,581,1010,22488,
314.5317825541931,75924,580,1011,22488,
314.532181232894,75923,581,1011,22488,
314.53219698505814,75922,582,1011,22488,
314.532562526843,75921,583,1011,22488,
314.5327946271403,75920,584,1011,22488,
314.53298426530137,75919,585,1011,22488,
314.53308521808503,75919,585,1010,22489,
314.5388258963045,75919,584,1011,22489,
314.5425946266864,75918,585,1011,22489,
314.5466540726847,75917,586,1011,22489,
314.5489224620862,75917,586,1010,22490,
314.5504445599962,75916,587,1010,22490,
314.5591302570191,75916,587,1009,22491,
314.55939415360353,75915,588,1009,22491,
314.56116616470604,75914,589,1009,22491,
314.563142885798,75914,589,1008,22492,
314.5688650305626,75914,588,1009,22492,
314.5763554260846,75913,589,1009,22492,
314.5826009964672,75913,588,1010,22492,
314.58422772616893,75913,587,1011,22492,
314.5847151771794,75913,586,1012,22492,
314.58854433667665,75913,585,1013,22492,
314.5931705989906,75912,586,1013,22492,
314.5931867767367,75912,586,1012,22493,
314.59358051588686,75911,587,1012,22493,
314.59531459948266,75911,587,1011,22494,
314.5962151951573,75911,586,1012,22494,
314.5998045414627,75910,587,1012,22494,
314.60625626821684,75910,587,1011,22495,
314.61405162095616,75909,588,1011,22495,
314.6159228088317,75909,588,1010,22496,
314.6159856590628,75909,588,1009,22497,
314.6166010365663,75908,589,1009,22497,
314.617411577394,75908,588,1010,22497,
314.6191865596883,75908,588,1009,22498,
314.62518908288644,75908,587,1010,22498,
314.6284673838596,75908,586,1011,22498,
314.6336596528577,75908,585,1012,22498,
314.637092235722,75908,584,1013,22498,
314.637820416696,75908,584,1012,22499,
314.63966516384806,75908,584,1011,22500,
314.64302932383424,75907,585,1011,22500,
314.64485547859186,75907,584,1012,22500,
314.64784887731315,75906,585,1012,22500,
314.6482446592397,75906,585,1011,22501,
314.64916840542725,75905,586,1011,22501,
314.6504262238805,75905,585,1012,22501,
314.6554797058511,75905,585,1011,22502,
314.6592531991897,75905,585,1010,22503,
314.66484003388985,75904,586,1010,22503,
314.6726723241351,75904,586,1009,22504,
314.67441610950266,75904,586,1008,22505,
314.6762674416422,75904,586,1007,22506,
314.6771641109231,75904,585,1008,22506,
314.67752620448846,75903,586,1008,22506,
314.67754413025324,75903,586,1007,22507,
314.6786273410252,75903,586,1006,22508,
314.6824693309463,75903,585,1007,22508,
314.6884500796673,75903,585,1006,22509,
314.69005634441766,75903,584,1007,22509,
314.6984695848059,75903,583,1008,22509,
314.7019245638536,75902,584,1008,22509,
314.7063658912337,75901,585,1008,22509,
314.7088794294036,75900,586,1008,22509,
314.7104849885287,75900,585,1009,22509,
314.71211223518293,75899,586,1009,22509,
314.7180173136913,75899,586,1008,22510,
314.71971987497375,75899,586,1007,22511,
314.72381079273845,75899,586,1006,22512,
314.72787043859284,75898,587,1006,22512,
314.7297228132499,75898,587,1005,22513,
314.73273582021534,75897,588,1005,22513,
314.732989092306,75897,587,1006,22513,
314.73305624497107,75897,587,1005,22514,
314.7363121620682,75896,588,1005,22514,
314.73944432416897,75896,588,1004,22515,
314.7499562024542,75896,588,1003,22516,
314.75018055552806,75895,589,1003,22516,
314.75325891188476,75895,589,1002,22517,
314.75705304401134,75895,589,1001,22518,
314.7666563074168,75895,589,1000,22519,
314.76899532728345,75895,589,999,22520,
314.77393740470967,75895,589,998,22521,
314.7761155081347,75894,590,998,22521,
314.77713449890325,75894,590,997,22522,
314.7825879863334,75894,589,998,22522,
314.7851754066334,75894,588,999,22522,
314.7859207090443,75894,587,1000,22522,
314.7888382453497,75894,587,999,22523,
314.7905171537295,75894,587,998,22524,
314.79229202863,75894,586,999,22524,
314.80039291489805,75893,587,999,22524,
314.8106781546064,75892,588,999,22524,
314.8115948402707,75892,588,998,22525,
314.81269241524336,75891,589,998,22525,
314.81345837309686,75891,589,997,22526,
314.8149464673668,75891,588,998,22526,
314.81496702947356,75890,589,998,22526,
314.82079292774824,75890,589,997,22527,
314.8211254979671,75890,588,998,22527,
314.8228404383199,75890,587,999,22527,
314.8232449260267,75890,586,1000,22527,
314.8295594719901,75889,587,1000,22527,
314.83047935574507,75889,586,1001,22527,
314.8366170367561,75889,585,1002,22527,
314.8376950973628,75888,586,1002,22527,
314.8380834755145,75887,587,1002,22527,
314.83821560905545,75887,587,1001,22528,
314.83985862454415,75887,586,1002,22528,
314.84270088615006,75886,587,1002,22528,
314.8440720521078,75885,588,1002,22528,
314.8456910993544,75884,589,1002,22528,
314.8457885550335,75884,588,1003,22528,
314.8470321188441,75884,588,1002,22529,
314.8476529230192,75884,587,1003,22529,
314.8478268992983,75883,588,1003,22529,
314.8480814232024,75883,588,1002,22530,
314.8549305633861,75882,589,1002,22530,
314.85651370186895,75882,588,1003,22530,
314.87132715832615,75882,587,1004,22530,
314.8741119076086,75881,588,1004,22530,
314.87739404609846,75881,587,1005,22530,
314.8781391902273,75881,586,1006,22530,
314.88177511988016,75881,586,1005,22531,
314.88333249569035,75881,586,1004,22532,
314.88849142636536,75881,585,1005,22532,
314.89169742623335,75880,586,1005,22532,
314.89318808188676,75880,586,1004,22533,
314.898466212699,75879,587,1004,22533,
314.9021405234454,75879,587,1003,22534,
314.90346752171723,75878,588,1003,22534,
314.91534365971717,75878,587,1004,22534,
314.91956959624383,75878,587,1003,22535,
314.9199688433801,75877,588,1003,22535,
314.9219195874201,75877,587,1004,22535,
314.9235794700938,75876,588,1004,22535,
314.9241593997993,75876,587,1005,22535,
314.9273540747133,75875,588,1005,22535,
314.9295678242973,75875,587,1006,22535,
314.93017192537,75875,587,1005,22536,
314.9479243221627,75874,588,1005,22536,
314.95128264512806,75874,587,1006,22536,
314.95331528934287,75873,588,1006,22536,
314.95388313916266,75873,587,1007,22536,
314.95502871861066,75873,587,1006,22537,
314.95748971329675,75873,587,1005,22538,
314.9586591438094,75873,586,1006,22538,
314.9596949339687,75873,585,1007,22538,
314.96295160681876,75872,586,1007,22538,
314.9638051619833,75872,585,1008,22538,
314.9648330435043,75871,586,1008,22538,
314.9673286437562,75871,586,1007,22539,
314.9679051679022,75871,585,1008,22539,
314.9737921965658,75871,585,1007,22540,
314.9812213637075,75871,584,1008,22540,
314.9854044447646,75871,583,1009,22540,
314.98688058482503,75871,582,1010,22540,
314.98729083651045,75871,581,1011,22540,
314.9909707661447,75871,580,1012,22540,
314.9911978346169,75871,579,1013,22540,
314.9914367792041,75871,579,1012,22541,
314.99297608890544,75871,579,1011,22542,
314.9937290426953,75871,578,1012,22542,
314.9952250542981,75871,578,1011,22543,
314.99542293385434,75871,577,1012,22543,
314.9975131643147,75870,578,1012,22543,
314.9978816949995,75870,577,1013,22543,
315.00140720970035,75869,578,1013,22543,
315.00158906907075,75868,579,1013,22543,
315.0036295840167,75868,579,1012,22544,
315.0048859724935,75868,578,1013,22544,
315.0054532565704,75868,577,1014,22544,
315.0074617586671,75867,578,1014,22544,
315.0117324739319,75867,577,1015,22544,
315.0129763991718,75867,576,1016,22544,
315.0135574532555,75866,577,1016,22544,
315.02275217513244,75866,576,1017,22544,
315.02493452708524,75865,577,1017,22544,
315.02537909203744,75864,578,1017,22544,
315.0258232589563,75863,579,1017,22544,
315.02585597939276,75863,579,1016,22545,
315.0259236379293,75863,579,1015,22546,
315.02878684555935,75863,578,1016,22546,
315.03085801160734,75863,578,1015,22547,
315.03275892595644,75863,577,1016,22547,
315.0351032049386,75862,578,1016,22547,
315.03923487982456,75862,578,1015,22548,
315.0400022910639,75862,577,1016,22548,
315.04213275756223,75862,577,1015,22549,
315.0427636127005,75862,577,1014,22550,
315.05584589307534,75862,577,1013,22551,
315.0590875871182,75862,576,1014,22551,
315.0619375739781,75862,575,1015,22551,
315.0631573828353,75862,575,1014,22552,
315.064569257934,75862,575,1013,22553,
315.0689644395846,75862,575,1012,22554,
315.06932817275737,75862,575,1011,22555,
315.07059037608974,75862,574,1012,22555,
315.07291120069107,75861,575,1012,22555,
315.07413431006955,75860,576,1012,22555,
315.08144168204944,75860,576,1011,22556,
315.0830101689964,75860,576,1010,22557,
315.0890389967103,75860,576,1009,22558,
315.0944430145772,75859,577,1009,22558,
315.10139745634893,75859,576,1010,22558,
315.10520915329334,75858,577,1010,22558,
315.1090162410408,75858,577,1009,22559,
315.1100053849982,75857,578,1009,22559,
315.1129171781487,75857,577,1010,22559,
315.1135358678161,75857,576,1011,22559,
315.1181147443681,75856,577,1011,22559,
315.1195115400371,75855,578,1011,22559,
315.1197551754751,75855,577,1012,22559,
315.1202843032552,75855,577,1011,22560,
315.1206390302001,75854,578,1011,22560,
315.12296326844944,75854,578,1010,22561,
315.12551244382496,75853,579,1010,22561,
315.1296117726129,75853,578,1011,22561,
315.1318578617495,75852,579,1011,22561,
315.13253877549806,75852,578,1012,22561,
315.13366254666676,75852,578,1011,22562,
315.13655532533363,75852,578,1010,22563,
315.13685483746536,75852,578,1009,22564,
315.13763222526615,75852,578,1008,22565,
315.14088078477613,75851,579,1008,22565,
315.1417553117027,75851,578,1009,22565,
315.15132640960155,75850,579,1009,22565,
315.15674186370893,75850,579,1008,22566,
315.1717437268423,75850,578,1009,22566,
315.1730612002106,75849,579,1009,22566,
315.17339602089976,75848,580,1009,22566,
315.1764000344949,75848,579,1010,22566,
315.18125738563543,75848,578,1011,22566,
315.1837012282093,75847,579,1011,22566,
315.1864033862931,75847,578,1012,22566,
315.18672168380965,75847,578,1011,22567,
315.1874003310303,75847,577,1012,22567,
315.18997089889916,75847,577,1011,22568,
315.1900213095716,75846,578,1011,22568,
315.1946063379277,75846,577,1012,22568,
315.19569970121364,75846,577,1011,22569,
315.1972179724273,75846,577,1010,22570,
315.1988946516032,75845,578,1010,22570,
315.2030814027954,75845,577,1011,22570,
315.21593636580945,75844,578,1011,22570,
315.22039179399445,75844,577,1012,22570,
315.2253046125174,75843,578,1012,22570,
315.22965400411516,75843,577,1013,22570,
315.2304188006649,75843,576,1014,22570,
315.2313361087775,75843,576,1013,22571,
315.23205506039415,75842,577,1013,22571,
315.2342042028896,75842,577,1012,22572,
315.2350426650952,75842,576,1013,22572,
315.2392640672437,75842,576,1012,22573,
315.2425840151845,75841,577,1012,22573,
315.24320241447487,75841,576,1013,22573,
315.2461516573623,75841,576,1012,22574,
315.24870652194664,75841,576,1011,22575,
315.2508610377245,75840,577,1011,22575,
315.2518716936816,75839,578,1011,22575,
315.2532627030664,75839,578,1010,22576,
315.25431301608563,75839,577,1011,22576,
315.2599451791869,75838,578,1011,22576,
315.2620464070804,75837,579,1011,22576,
315.2627177420063,75836,580,1011,22576,
315.26536970969136,75835,581,1011,22576,
315.2663371772791,75835,581,1010,22577,
315.26649250616657,75835,581,1009,22578,
315.2666654576564,75835,580,1010,22578,
315.2673755496037,75835,579,1011,22578,
315.2723156991432,75835,579,1010,22579,
315.27529451040147,75835,579,1009,22580,
315.2780762714162,75835,579,1008,22581,
315.2789829477383,75835,578,1009,22581,
315.28235815852514,75835,577,1010,22581,
315.2827691563145,75834,578,1010,22581,
315.2831396447582,75834,578,1009,22582,
315.2840145934429,75833,579,1009,22582,
315.2883726968626,75833,578,1010,22582,
315.2889494291959,75833,577,1011,22582,
315.29049520620174,75833,577,1010,22583,
315.2956403630521,75833,577,1009,22584,
315.3008799995898,75833,576,1010,22584,
315.30577444533134,75833,576,1009,22585,
315.311696294053,75833,576,1008,22586,
315.3142918263045,75833,575,1009,22586,
315.3168287746249,75832,576,1009,22586,
315.3175267532755,75832,576,1008,22587,
315.32080230599905,75832,575,1009,22587,
315.32094766635714,75831,576,1009,22587,
315.32167010661533,75831,575,1010,22587,
315.3243133747222,75830,576,1010,22587,
315.33834200361525,75830,576,1009,22588,
315.338590552573,75829,577,1009,22588,
315.3437580060746,75829,576,1010,22588,
315.34560614155436,75828,577,1010,22588,
315.350005763432,75828,576,1011,22588,
315.36202343916244,75827,577,1011,22588,
315.3620307449622,75826,578,1011,22588,
315.364256903832,75826,577,1012,22588,
315.36517223241265,75825,578,1012,22588,
315.3689348262086,75825,578,1011,22589,
315.37390159150186,75824,579,1011,22589,
315.3893706536564,75824,578,1012,22589,
315.39191504193695,75824,577,1013,22589,
315.3929006906014,75823,578,1013,22589,
315.39679202088547,75822,579,1013,22589,
315.39714654904043,75821,580,1013,22589,
315.3978328365595,75821,579,1014,22589,
315.40289274317706,75820,580,1014,22589,
315.4040191224248,75820,579,1015,22589,
315.4047488896366,75819,580,1015,22589,
315.40586557646486,75818,581,1015,22589,
315.409570580891,75817,582,1015,22589,
315.4103962914084,75817,582,1014,22590,
315.41159886842416,75816,583,1014,22590,
315.4117533503082,75816,582,1015,22590,
315.4155463445078,75816,581,1016,22590,
315.4178166885015,75815,582,1016,22590,
315.4193092139447,75815,581,1017,22590,
315.420843853672,75814,582,1017,22590,
315.4210797196237,75813,583,1017,22590,
315.425560033069,75813,582,1018,22590,
315.42904297313896,75813,582,1017,22591,
315.43081416370524,75813,581,1018,22591,
315.4320342373267,75813,580,1019,22591,
315.4393177108724,75812,581,1019,22591,
315.44212898539,75812,581,1018,22592,
315.4438253812105,75811,582,1018,22592,
315.44990342001404,75811,582,1017,22593,
315.45891200343874,75810,583,1017,22593,
315.46377244660295,75810,582,1018,22593,
315.466303169042,75810,582,1017,22594,
315.4688573010007,75809,583,1017,22594,
315.4726639875749,75809,583,1016,22595,
315.4767573197106,75809,583,1015,22596,
315.4784421768188,75809,583,1014,22597,
315.479531299498,75809,582,1015,22597,
315.4828762811161,75809,581,1016,22597,
315.48680176113277,75809,581,1015,22598,
315.4896200272701,75808,582,1015,22598,
315.49006797660303,75807,583,1015,22598,
315.49013714853595,75807,583,1014,22599,
315.49189676787654,75807,583,1013,22600,
315.49196093113085,75807,582,1014,22600,
315.4943395185865,75806,583,1014,22600,
315.4973605801884,75806,583,1013,22601,
315.49763502972644,75806,583,1012,22602,
315.4991154069623,75806,583,1011,22603,
315.5049319043294,75805,584,1011,22603,
315.505155861476,75804,585,1011,22603,
315.5065864339331,75804,585,1010,22604,
315.5070038233796,75803,586,1010,22604,
315.5078996378959,75802,587,1010,22604,
315.5111361408556,75802,587,1009,22605,
315.51443035086777,75802,586,1010,22605,
315.51570833695126,75801,587,1010,22605,
315.5184872721827,75801,587,1009,22606,
315.5185410910825,75801,586,1010,22606,
315.5232030220843,75800,587,1010,22606,
315.5246653827973,75799,588,1010,22606,
315.5272432053931,75799,587,1011,22606,
315.52736037175316,75799,587,1010,22607,
315.5286675726846,75798,588,1010,22607,
315.5321961350242,75798,588,1009,22608,
315.53589114843163,75798,588,1008,22609,
315.5372596373686,75798,588,1007,22610,
315.5377194654632,75797,589,1007,22610,
315.5384818475816,75797,588,1008,22610,
315.54817636942363,75796,589,1008,22610,
315.5542136187985,75796,589,1007,22611,
315.5554086026709,75796,588,1008,22611,
315.56034900710966,75796,588,1007,22612,
315.5612359998129,75796,588,1006,22613,
315.56297546425014,75796,587,1007,22613,
315.5649881435375,75796,587,1006,22614,
315.56750276209834,75795,588,1006,22614,
315.5723268887004,75794,589,1006,22614,
315.5726450228965,75794,589,1005,22615,
315.57497001606185,75794,588,1006,22615,
315.5770530548341,75794,587,1007,22615,
315.5775001909722,75793,588,1007,22615,
315.5779763706857,75793,588,1006,22616,
315.5787455016754,75793,587,1007,22616,
315.5815179618786,75792,588,1007,22616,
315.5816213074903,75792,587,1008,22616,
315.5859012561609,75792,587,1007,22617,
315.5926315491318,75792,587,1006,22618,
315.5962109520894,75792,586,1007,22618,
315.5986363124303,75792,586,1006,22619,
315.59945481078483,75792,585,1007,22619,
315.61129897186447,75792,584,1008,22619,
315.61332316866344,75791,585,1008,22619,
315.6142053898324,75790,586,1008,22619,
315.6191052723145,75789,587,1008,22619,
315.627512142041,75789,587,1007,22620,
315.6348950012047,75789,586,1008,22620,
315.6461938823852,75789,585,1009,22620,
315.6516949335004,75788,586,1009,22620,
315.6532323053503,75787,587,1009,22620,
315.6564864999682,75787,587,1008,22621,
315.6565485935997,75787,587,1007,22622,
315.65717149741863,75787,586,1008,22622,
315.66216462875684,75787,585,1009,22622,
315.66231704737487,75787,584,1010,22622,
315.6639414128101,75787,583,1011,22622,
315.6642098854439,75786,584,1011,22622,
315.66621699882046,75786,584,1010,22623,
315.6675961503018,75785,585,1010,22623,
315.66799400064247,75784,586,1010,22623,
315.66876894549824,75784,586,1009,22624,
315.6755062392604,75784,586,1008,22625,
315.6760704929583,75784,586,1007,22626,
315.6773936203011,75784,586,1006,22627,
315.6804606736931,75784,586,1005,22628,
315.6858319578096,75784,586,1004,22629,
315.68669350640624,75784,586,1003,22630,
315.6879298765657,75784,585,1004,22630,
315.68805940831965,75784,584,1005,22630,
315.68812566110637,75784,584,1004,22631,
315.6945913359144,75783,585,1004,22631,
315.7006922361152,75783,585,1003,22632,
315.70153716656665,75783,585,1002,22633,
315.7167066968541,75782,586,1002,22633,
315.72995366494894,75782,586,1001,22634,
315.731599980153,75782,586,1000,22635,
315.73450447922886,75781,587,1000,22635,
315.73553851701723,75780,588,1000,22635,
315.7386207364465,75780,588,999,22636,
315.7422958221988,75780,588,998,22637,
315.74456493639843,75780,588,997,22638,
315.7476108334649,75779,589,997,22638,
315.7477146083649,75779,588,998,22638,
315.7484702945524,75779,587,999,22638,
315.7498558148568,75778,588,999,22638,
315.7499997631426,75777,589,999,22638,
315.7566457993947,75777,588,1000,22638,
315.7576983525968,75777,588,999,22639,
315.7591108575704,75777,587,1000,22639,
315.7603162605318,75777,587,999,22640,
315.76422011947477,75776,588,999,22640,
315.7645584008195,75776,588,998,22641,
315.7673729725538,75776,587,999,22641,
315.7761657712678,75775,588,999,22641,
315.7762236114603,75774,589,999,22641,
315.77737422016065,75774,588,1000,22641,
315.7835141269684,75774,587,1001,22641,
315.7854702863854,75774,587,1000,22642,
315.7861254510968,75774,587,999,22643,
315.7871947448368,75774,587,998,22644,
315.79688458606626,75774,586,999,22644,
315.79737367274043,75774,585,1000,22644,
315.800102139303,75773,586,1000,22644,
315.8024034695035,75773,585,1001,22644,
315.8090526236564,75773,585,1000,22645,
315.81139058057505,75773,585,999,22646,
315.81830163539445,75773,584,1000,22646,
315.8222471957,75773,583,1001,22646,
315.8256041666099,75772,584,1001,22646,
315.8256870938146,75772,583,1002,22646,
315.8276797942006,75772,583,1001,22647,
315.83178093227525,75771,584,1001,22647,
315.83433354307414,75771,584,1000,22648,
315.83516907457386,75771,584,999,22649,
315.83659366709264,75771,584,998,22650,
315.83829577837537,75771,584,997,22651,
315.83865807584687,75771,583,998,22651,
315.8393782824738,75771,583,997,22652,
315.8422059426684,75771,582,998,22652,
315.8453905006674,75771,581,999,22652,
315.84548331626553,75770,582,999,22652,
315.8488221203103,75770,581,1000,22652,
315.84910974803404,75769,582,1000,22652,
315.85158808344147,75769,582,999,22653,
315.85231188887036,75768,583,999,22653,
315.85523038861834,75768,583,998,22654,
315.85567599831614,75768,582,999,22654,
315.8564433076223,75768,582,998,22655,
315.85704602776974,75767,583,998,22655,
315.8607950153481,75767,582,999,22655,
315.8622596306664,75767,581,1000,22655,
315.8655197647467,75766,582,1000,22655,
315.86578002614135,75766,582,999,22656,
315.8692016501303,75766,582,998,22657,
315.8706178539114,75766,582,997,22658,
315.87127990344385,75766,581,998,22658,
315.873378968314,75766,581,997,22659,
315.8812036845401,75765,582,997,22659,
315.88594222650414,75765,581,998,22659,
315.8889136323877,75765,580,999,22659,
315.89337846175374,75765,579,1000,22659,
315.89616172927265,75765,578,1001,22659,
315.900978729182,75765,578,1000,22660,
315.9013089178451,75765,577,1001,22660,
315.9015176789582,75765,576,1002,22660,
315.9067005540188,75765,575,1003,22660,
315.90766036193037,75765,574,1004,22660,
315.9116320704979,75765,573,1005,22660,
315.92207759580333,75765,573,1004,22661,
315.92248701937194,75764,574,1004,22661,
315.9263751366912,75764,573,1005,22661,
315.93368619921995,75763,574,1005,22661,
315.93488433175753,75763,573,1006,22661,
315.94021815198636,75762,574,1006,22661,
315.94234076689,75762,573,1007,22661,
315.9502369397386,75761,574,1007,22661,
315.95316451833554,75760,575,1007,22661,
315.95958345861237,75759,576,1007,22661,
315.9610671394472,75759,576,1006,22662,
315.96117902935055,75759,576,1005,22663,
315.962561847466,75759,576,1004,22664,
315.96932486508786,75759,576,1003,22665,
315.96999842491414,75758,577,1003,22665,
315.9713660511189,75758,577,1002,22666,
315.9753739058019,75757,578,1002,22666,
315.9770668204243,75756,579,1002,22666,
315.97792500680936,75755,580,1002,22666,
315.97946521707905,75755,580,1001,22667,
315.9842059151407,75754,581,1001,22667,
315.9872178461499,75753,582,1001,22667,
315.9928052282807,75753,582,1000,22668,
315.9979159203592,75753,582,999,22669,
316.0010282315571,75753,582,998,22670,
316.0027957346732,75753,582,997,22671,
316.00673726419024,75753,582,996,22672,
316.0137336659742,75753,582,995,22673,
316.01382309825925,75753,581,996,22673,
316.01849018307024,75753,580,997,22673,
316.0222306313139,75753,579,998,22673,
316.02264015702985,75752,580,998,22673,
316.0257557636505,75752,580,997,22674,
316.0282457119037,75752,579,998,22674,
316.0327563746298,75752,578,999,22674,
316.03695882757745,75752,578,998,22675,
316.0411801297744,75752,577,999,22675,
316.0436657673907,75752,577,998,22676,
316.04475975563054,75752,576,999,22676,
316.04621384019987,75752,576,998,22677,
316.05145674673975,75751,577,998,22677,
316.05273744176776,75751,577,997,22678,
316.0529564409982,75751,576,998,22678,
316.05469945535475,75751,575,999,22678,
316.06443484017433,75751,574,1000,22678,
316.07055386034244,75751,573,1001,22678,
316.0720887832466,75751,573,1000,22679,
316.0730499159923,75750,574,1000,22679,
316.0754273990962,75749,575,1000,22679,
316.0770768737057,75749,575,999,22680,
316.0790224343219,75748,576,999,22680,
316.08011617787815,75747,577,999,22680,
316.0836685269423,75747,577,998,22681,
316.0842189078452,75747,577,997,22682,
316.08623281121857,75747,577,996,22683,
316.0892887559487,75747,577,995,22684,
316.0927941743004,75747,577,994,22685,
316.0937122480737,75747,577,993,22686,
316.0946702853619,75747,576,994,22686,
316.0990816491725,75746,577,994,22686,
316.0991322135043,75745,578,994,22686,
316.10139179283266,75745,577,995,22686,
316.1059049487692,75745,576,996,22686,
316.1063873350177,75745,576,995,22687,
316.1074650869665,75745,576,994,22688,
316.10793381356905,75744,577,994,22688,
316.1175595284216,75744,577,993,22689,
316.12317510503794,75744,576,994,22689,
316.123621683408,75743,577,994,22689,
316.12615613166616,75743,576,995,22689,
316.13407624444795,75743,575,996,22689,
316.1348036228084,75742,576,996,22689,
316.13756902734883,75742,576,995,22690,
316.1447195939769,75742,575,996,22690,
316.14691077414915,75742,575,995,22691,
316.1489643887762,75742,575,994,22692,
316.15159769537746,75742,575,993,22693,
316.15242480247844,75742,575,992,22694,
316.15628446946255,75742,574,993,22694,
316.1568515004666,75742,573,994,22694,
316.1569461753331,75741,574,994,22694,
316.1580235568771,75740,575,994,22694,
316.1601049887515,75740,575,993,22695,
316.16010881230795,75740,574,994,22695,
316.1603747850628,75740,574,993,22696,
316.16425153241227,75740,574,992,22697,
316.16533066169427,75739,575,992,22697,
316.1671088916768,75739,574,993,22697,
316.16823101795774,75738,575,993,22697,
316.1689781629794,75738,575,992,22698,
316.1749444477489,75737,576,992,22698,
316.17826555839827,75736,577,992,22698,
316.18714092207153,75736,577,991,22699,
316.1944697920962,75736,577,990,22700,
316.1949082174747,75736,576,991,22700,
316.1951943375643,75735,577,991,22700,
316.1966692843582,75734,578,991,22700,
316.19987669956544,75733,579,991,22700,
316.2045885459239,75732,580,991,22700,
316.2057972987313,75732,580,990,22701,
316.21113349558937,75732,580,989,22702,
316.21785748819224,75732,579,990,22702,
316.2209624929321,75731,580,990,22702,
316.22478505017733,75731,580,989,22703,
316.2360250340253,75730,581,989,22703,
316.24474318643473,75730,580,990,22703,
316.2470147477071,75730,580,989,22704,
316.2492687978628,75729,581,989,22704,
316.2521656851871,75729,581,988,22705,
316.25398150671487,75729,580,989,22705,
316.25489590387747,75729,580,988,22706,
316.2560166961798,75729,579,989,22706,
316.2569190465031,75729,578,990,22706,
316.2581607052529,75729,578,989,22707,
316.25871815906976,75728,579,989,22707,
316.2662772188503,75728,579,988,22708,
316.26722576906917,75728,578,989,22708,
316.26745313726104,75727,579,989,22708,
316.2715758542279,75726,580,989,22708,
316.27287559573284,75726,580,988,22709,
316.2732879971731,75726,580,987,22710,
316.2759873742071,75725,581,987,22710,
316.28062049637606,75725,581,986,22711,
316.2820022161385,75725,581,985,22712,
316.2865676355979,75725,580,986,22712,
316.28713247527617,75725,580,985,22713,
316.28861700602806,75725,580,984,22714,
316.298698519494,75725,580,983,22715,
316.3018171032303,75725,579,984,22715,
316.30396522969295,75725,578,985,22715,
316.30665433106924,75725,578,984,22716,
316.3083977417295,75725,578,983,22717,
316.3206147046503,75724,579,983,22717,
316.32391210640014,75723,580,983,22717,
316.32439552032764,75723,580,982,22718,
316.3318427260606,75722,581,982,22718,
316.33553445503054,75722,581,981,22719,
316.3367541582483,75722,580,982,22719,
316.33844311416146,75722,580,981,22720,
316.3390178804444,75722,579,982,22720,
316.33977964997655,75721,580,982,22720,
316.3398503392024,75721,580,981,22721,
316.3418325653901,75721,580,980,22722,
316.34299777372917,75721,580,979,22723,
316.35197558380844,75720,581,979,22723,
316.3524034430499,75720,581,978,22724,
316.35347598653755,75720,580,979,22724,
316.3546234291825,75720,579,980,22724,
316.3628105571631,75720,579,979,22725,
316.37004196369065,75719,580,979,22725,
316.37092709274583,75719,579,980,22725,
316.3716883216891,75719,578,981,22725,
316.37203573956845,75719,578,980,22726,
316.37744689762707,75719,578,979,22727,
316.37969688589214,75719,577,980,22727,
316.3861693704628,75718,578,980,22727,
316.3896635000732,75717,579,980,22727,
316.39472340834647,75717,578,981,22727,
316.399016786289,75717,578,980,22728,
316.4038409521923,75716,579,980,22728,
316.4042822625004,75716,578,981,22728,
316.4053948526591,75716,578,980,22729,
316.4086474988963,75716,578,979,22730,
316.41651128759776,75716,577,980,22730,
316.4196847490058,75716,576,981,22730,
316.4309351587638,75715,577,981,22730,
316.4321774595592,75714,578,981,22730,
316.43368161098186,75713,579,981,22730,
316.4345131027467,75713,578,982,22730,
316.44106246502275,75713,578,981,22731,
316.44552856918244,75713,578,980,22732,
316.44826594671207,75713,578,979,22733,
316.449637930753,75713,578,978,22734,
316.45365137819084,75713,577,979,22734,
316.4571465039454,75713,577,978,22735,
316.45804943113177,75713,576,979,22735,
316.46561102228713,75713,575,980,22735,
316.46934818918413,75712,576,980,22735,
316.4794077359931,75711,577,980,22735,
316.48302879407146,75711,576,981,22735,
316.4889105282652,75710,577,981,22735,
316.4899653973749,75710,577,980,22736,
316.49564159295034,75709,578,980,22736,
316.4962954410296,75709,578,979,22737,
316.49867884424395,75709,578,978,22738,
316.50071388419417,75709,577,979,22738,
316.50204529980715,75709,577,978,22739,
316.50829028179635,75709,576,979,22739,
316.51640037740606,75709,576,978,22740,
316.5181353748226,75709,575,979,22740,
316.5197330223665,75709,574,980,22740,
316.52083536947333,75709,574,979,22741,
316.52615092368524,75709,573,980,22741,
316.5278355641869,75709,573,979,22742,
316.5288237395518,75708,574,979,22742,
316.5415312382177,75707,575,979,22742,
316.554852554792,75706,576,979,22742,
316.5654295141345,75706,576,978,22743,
316.5664462698387,75706,575,979,22743,
316.5693070459758,75706,574,980,22743,
316.57041132835445,75706,573,981,22743,
316.5719715237839,75705,574,981,22743,
316.57528029715905,75705,574,980,22744,
316.5772985586958,75705,573,981,22744,
316.57804921070317,75705,572,982,22744,
316.58071121712976,75705,572,981,22745,
316.58576358828657,75705,572,980,22746,
316.5858613660271,75704,573,980,22746,
316.58698061745156,75703,574,980,22746,
316.59042279786297,75703,574,979,22747,
316.5940897851401,75703,574,978,22748,
316.59595911383155,75702,575,978,22748,
316.5973953682907,75702,575,977,22749,
316.5975412239115,75702,574,978,22749,
316.599963615962,75702,573,979,22749,
316.60193176349173,75701,574,979,22749,
316.6028904159002,75701,574,978,22750,
316.606347266469,75700,575,978,22750,
316.60667551104365,75700,574,979,22750,
316.60837416307874,75700,574,978,22751,
316.61821170202927,75700,574,977,22752,
316.6241166961541,75700,574,976,22753,
316.6249157664137,75699,575,976,22753,
316.6315501142301,75699,575,975,22754,
316.6378002089674,75699,575,974,22755,
316.63790964741173,75699,574,975,22755,
316.6424641663029,75699,573,976,22755,
316.64525430374454,75698,574,976,22755,
316.64636720249473,75698,574,975,22756,
316.64755738282105,75697,575,975,22756,
316.65046819943,75697,574,976,22756,
316.6520289228776,75696,575,976,22756,
316.6533836611741,75695,576,976,22756,
316.65390376420356,75695,576,975,22757,
316.6562379663154,75695,575,976,22757,
316.6564177759433,75694,576,976,22757,
316.65768312338383,75694,575,977,22757,
316.661754998281,75694,575,976,22758,
316.6692812456997,75694,575,975,22759,
316.66982941761853,75694,575,974,22760,
316.6741647003067,75694,574,975,22760,
316.6775863810169,75694,573,976,22760,
316.67954328663006,75694,572,977,22760,
316.6814151740035,75694,571,978,22760,
316.6885635801464,75693,572,978,22760,
316.6893737557023,75693,572,977,22761,
316.69041848512217,75693,571,978,22761,
316.691187547214,75693,571,977,22762,
316.69164284988653,75693,570,978,22762,
316.6982888968886,75693,569,979,22762,
316.6989010382133,75693,569,978,22763,
316.7007322559299,75692,570,978,22763,
316.7033487087743,75692,570,977,22764,
316.7129049925525,75692,570,976,22765,
316.71615239299643,75692,569,977,22765,
316.71875164413257,75692,569,976,22766,
316.7242405194831,75692,568,977,22766,
316.724838124849,75692,568,976,22767,
316.72901085993095,75692,568,975,22768,
316.72902279936636,75692,567,976,22768,
316.73181802436306,75692,566,977,22768,
316.73204295820346,75691,567,977,22768,
316.73716386024984,75691,566,978,22768,
316.744505056394,75690,567,978,22768,
316.7483750783653,75689,568,978,22768,
316.74853098833995,75689,568,977,22769,
316.7546091997008,75689,567,978,22769,
316.75565104570364,75689,567,977,22770,
316.75664852803783,75689,567,976,22771,
316.76482456889875,75688,568,976,22771,
316.7692783056168,75688,568,975,22772,
316.77303337867323,75687,569,975,22772,
316.7758593632066,75687,568,976,22772,
316.77733932852095,75687,568,975,22773,
316.77793912771153,75687,568,974,22774,
316.77932093557894,75687,567,975,22774,
316.77948882769294,75686,568,975,22774,
316.78080852089613,75685,569,975,22774,
316.78254902016494,75684,570,975,22774,
316.78458770054976,75683,571,975,22774,
316.78733779220187,75683,570,976,22774,
316.7941211240279,75682,571,976,22774,
316.7968330431379,75682,571,975,22775,
316.8007103370699,75682,571,974,22776,
316.80664742734245,75682,571,973,22777,
316.8115052070921,75682,570,974,22777,
316.8121979226412,75682,570,973,22778,
316.81410669466453,75682,569,974,22778,
316.81571424965495,75681,570,974,22778,
316.81927686992316,75681,570,973,22779,
316.8223844158344,75681,569,974,22779,
316.82308840828006,75681,569,973,22780,
316.823651074804,75681,568,974,22780,
316.827997668171,75681,567,975,22780,
316.8355519061453,75681,567,974,22781,
316.8436402186054,75681,567,973,22782,
316.8456862343008,75681,567,972,22783,
316.8467630164523,75680,568,972,22783,
316.84793923064893,75679,569,972,22783,
316.8492411619316,75678,570,972,22783,
316.85358608120697,75677,571,972,22783,
316.8575709103912,75676,572,972,22783,
316.8619433955275,75676,571,973,22783,
316.86504897964994,75676,570,974,22783,
316.8658777290442,75675,571,974,22783,
316.86735432787697,75674,572,974,22783,
316.8695934097308,75673,573,974,22783,
316.873397302721,75672,574,974,22783,
316.87561188688966,75671,575,974,22783,
316.88086566646496,75671,574,975,22783,
316.8821480966486,75670,575,975,22783,
316.8824562080855,75669,576,975,22783,
316.88354798184287,75669,575,976,22783,
316.8863681809421,75669,575,975,22784,
316.8910896498763,75668,576,975,22784,
316.89239988796476,75667,577,975,22784,
316.8971071941932,75667,577,974,22785,
316.89739715450366,75667,577,973,22786,
316.9061246271971,75667,576,974,22786,
316.90702020396526,75667,576,973,22787,
316.90751697624427,75666,577,973,22787,
316.9076823396361,75666,577,972,22788,
316.9087667665139,75666,576,973,22788,
316.91325074293513,75666,575,974,22788,
316.91376337808015,75666,575,973,22789,
316.91826958682407,75666,574,974,22789,
316.91987682678007,75665,575,974,22789,
316.92694273783013,75665,574,975,22789,
316.9283277243004,75665,574,974,22790,
316.9327096747727,75665,573,975,22790,
316.93688751240626,75665,572,976,22790,
316.93930706367047,75665,571,977,22790,
316.94080764412695,75665,571,976,22791,
316.9499660719762,75664,572,976,22791,
316.95026491391866,75663,573,976,22791,
316.9605275604343,75663,573,975,22792,
316.9667748022166,75663,573,974,22793,
316.97212075652413,75662,574,974,22793,
316.97254808328256,75662,574,973,22794,
316.9764095150791,75662,573,974,22794,
316.9800970504559,75662,572,975,22794,
316.9801982398558,75662,572,974,22795,
316.98128710245123,75662,571,975,22795,
316.9815565725825,75662,570,976,22795,
316.9862145420566,75662,569,977,22795,
316.98780476380426,75661,570,977,22795,
316.9896057920393,75661,569,978,22795,
316.9931301280416,75660,570,978,22795,
316.99467780269015,75659,571,978,22795,
316.9963047856283,75659,571,977,22796,
316.99677074438836,75658,572,977,22796,
316.9977492145458,75658,571,978,22796,
317.00005206480114,75658,571,977,22797,
317.00061553276186,75658,570,978,22797,
317.0037418710033,75658,570,977,22798,
317.0049725143421,75658,570,976,22799,
317.0129559195284,75658,569,977,22799,
317.01553603131003,75658,569,976,22800,
317.0241906281187,75658,569,975,22801,
317.0278569199989,75657,570,975,22801,
317.0308766550415,75657,570,974,22802,
317.0338669163645,75656,571,974,22802,
317.0346595986186,75656,571,973,22803,
317.0351359400275,75656,570,974,22803,
317.03749529273466,75656,569,975,22803,
317.03758800710153,75655,570,975,22803,
317.043722466033,75654,571,975,22803,
317.04505791436435,75654,571,974,22804,
317.0461456070778,75654,571,973,22805,
317.0462938676344,75654,570,974,22805,
317.0466772071826,75654,569,975,22805,
317.0522961027555,75654,568,976,22805,
317.0549748824738,75653,569,976,22805,
317.0553566935235,75653,568,977,22805,
317.05548706800937,75653,567,978,22805,
317.0585228138638,75652,568,978,22805,
317.0605199082987,75652,568,977,22806,
317.06491288678626,75651,569,977,22806,
317.06780457275124,75650,570,977,22806,
317.07144560869335,75650,570,976,22807,
317.0734512895274,75650,570,975,22808,
317.0741260660516,75650,570,974,22809,
317.07770709127215,75650,569,975,22809,
317.0792220429106,75649,570,975,22809,
317.08021052480154,75649,569,976,22809,
317.0864063909559,75649,569,975,22810,
317.0879057554826,75649,568,976,22810,
317.08933269870516,75649,568,975,22811,
317.0923620762979,75648,569,975,22811,
317.0963393942505,75647,570,975,22811,
317.09905866145886,75646,571,975,22811,
317.1022997680614,75645,572,975,22811,
317.10767763258144,75645,571,976,22811,
317.1082211455595,75645,571,975,22812,
317.11058349495744,75644,572,975,22812,
317.1197295150285,75644,571,976,22812,
317.1204321013269,75644,570,977,22812,
317.12251201309726,75644,569,978,22812,
317.1238845978318,75643,570,978,22812,
317.1251067563592,75643,570,977,22813,
317.1253854797935,75642,571,977,22813,
317.1277082438946,75641,572,977,22813,
317.1300552655358,75640,573,977,22813,
317.13113497706905,75640,573,976,22814,
317.13165355855205,75640,572,977,22814,
317.13222803451225,75639,573,977,22814,
317.1386651296325,75638,574,977,22814,
317.1492659355094,75638,574,976,22815,
317.1541365227955,75637,575,976,22815,
317.15670528553227,75637,574,977,22815,
317.1578979290772,75636,575,977,22815,
317.16114654217387,75635,576,977,22815,
317.1619465591765,75635,576,976,22816,
317.1631855079446,75635,576,975,22817,
317.16469035365463,75635,575,976,22817,
317.1686884322636,75635,574,977,22817,
317.1693653642397,75635,573,978,22817,
317.1750418994904,75635,572,979,22817,
317.180184086953,75634,573,979,22817,
317.18073126536126,75634,573,978,22818,
317.18411572372526,75633,574,978,22818,
317.18938923810964,75632,575,978,22818,
317.1903277127857,75632,575,977,22819,
317.1905201526338,75631,576,977,22819,
317.19195669746,75630,577,977,22819,
317.19413020085415,75630,577,976,22820,
317.1952083748288,75629,578,976,22820,
317.19598184492475,75628,579,976,22820,
317.1962674811229,75627,580,976,22820,
317.197942209998,75627,580,975,22821,
317.1980409204262,75626,581,975,22821,
317.20209134742197,75626,580,976,22821,
317.2037495183296,75626,580,975,22822,
317.20898695448136,75626,580,974,22823,
317.209011455347,75626,580,973,22824,
317.21717025094193,75625,581,973,22824,
317.2209714642415,75624,582,973,22824,
317.23241755824233,75624,581,974,22824,
317.2387958572615,75624,580,975,22824,
317.23913052990565,75624,580,974,22825,
317.24456908009466,75624,579,975,22825,
317.2446328568404,75623,580,975,22825,
317.24724796947936,75623,580,974,22826,
317.2483374916983,75623,579,975,22826,
317.24946037321376,75622,580,975,22826,
317.2556561068792,75622,579,976,22826,
317.26586857162374,75621,580,976,22826,
317.2672759149793,75621,580,975,22827,
317.27356823267246,75621,579,976,22827,
317.27447744842175,75621,578,977,22827,
317.2749912832518,75620,579,977,22827,
317.27970854877344,75620,579,976,22828,
317.28032421146787,75620,579,975,22829,
317.2830175507319,75620,579,974,22830,
317.28367978768466,75619,580,974,22830,
317.28897044975304,75619,579,975,22830,
317.29553579843713,75619,578,976,22830,
317.2988701923808,75619,578,975,22831,
317.30309512896036,75619,577,976,22831,
317.3101171486588,75618,578,976,22831,
317.3136029125536,75618,578,975,22832,
317.3153455523112,75617,579,975,22832,
317.3156872641285,75616,580,975,22832,
317.31955648828585,75616,579,976,22832,
317.3208846530302,75616,579,975,22833,
317.3209952619918,75616,579,974,22834,
317.3234477555549,75615,580,974,22834,
317.3236486521347,75614,581,974,22834,
317.32467787201637,75613,582,974,22834,
317.3292450348922,75613,582,973,22835,
317.33588508336976,75613,582,972,22836,
317.33684661172555,75613,581,973,22836,
317.33688983472655,75612,582,973,22836,
317.3417443866102,75611,583,973,22836,
317.3478420350336,75611,583,972,22837,
317.3491674499259,75611,582,973,22837,
317.34988359822194,75610,583,973,22837,
317.3539137697914,75610,583,972,22838,
317.35750699169273,75610,582,973,22838,
317.35944034890696,75610,581,974,22838,
317.3648005812949,75610,581,973,22839,
317.3674562145913,75609,582,973,22839,
317.3679935160939,75609,581,974,22839,
317.3724104985249,75609,580,975,22839,
317.3770005334875,75609,580,974,22840,
317.37764027740394,75608,581,974,22840,
317.37984583612456,75607,582,974,22840,
317.3810203044985,75607,581,975,22840,
317.3892155451835,75607,580,976,22840,
317.3975761381614,75607,579,977,22840,
317.4018889445646,75607,578,978,22840,
317.40932858763773,75607,578,977,22841,
317.41389450603845,75607,578,976,22842,
317.415173111943,75607,578,975,22843,
317.4169800039774,75607,577,976,22843,
317.42136038191245,75607,577,975,22844,
317.4214334615632,75607,577,974,22845,
317.42534920207197,75606,578,974,22845,
317.4325638195398,75606,578,973,22846,
317.43901366175174,75605,579,973,22846,
317.4425248359722,75604,580,973,22846,
317.44258603387186,75604,579,974,22846,
317.4496003622697,75603,580,974,22846,
317.45079471688615,75603,579,975,22846,
317.4532016190924,75603,578,976,22846,
317.45718622001885,75603,577,977,22846,
317.45964313149193,75603,576,978,22846,
317.459657073402,75603,576,977,22847,
317.4711416626901,75603,576,976,22848,
317.4755654297091,75603,575,977,22848,
317.4774821773935,75603,575,976,22849,
317.47777521173833,75603,575,975,22850,
317.47834566018406,75603,574,976,22850,
317.48227916929807,75602,575,976,22850,
317.4837690269147,75602,574,977,22850,
317.486100465739,75601,575,977,22850,
317.48850274018355,75600,576,977,22850,
317.4891536464883,75600,575,978,22850,
317.4892571577401,75600,575,977,22851,
317.4959654637072,75600,574,978,22851,
317.49658726569453,75599,575,978,22851,
317.49869754657936,75599,574,979,22851,
317.5064304340193,75599,573,980,22851,
317.5080935064383,75598,574,980,22851,
317.5118992970427,75597,575,980,22851,
317.51864869857275,75597,575,979,22852,
317.5258807815825,75596,576,979,22852,
317.5278210754291,75596,575,980,22852,
317.5305968768214,75596,575,979,22853,
317.53505612269294,75596,575,978,22854,
317.5365828644151,75596,575,977,22855,
317.5394866493609,75595,576,977,22855,
317.54245724226877,75595,575,978,22855,
317.54272014039805,75595,574,979,22855,
317.5443662691829,75595,573,980,22855,
317.54730487976775,75595,573,979,22856,
317.54744579936886,75594,574,979,22856,
317.54850765554716,75593,575,979,22856,
317.5563721327894,75593,574,980,22856,
317.5574055936273,75593,574,979,22857,
317.55928785474435,75592,575,979,22857,
317.56118417264,75592,574,980,22857,
317.56689265867624,75592,574,979,22858,
317.5671390213955,75591,575,979,22858,
317.5675065458705,75591,575,978,22859,
317.56999104055785,75591,575,977,22860,
317.57155019542023,75591,575,976,22861,
317.57206261794903,75590,576,976,22861,
317.57321401408205,75590,576,975,22862,
317.5735095180495,75589,577,975,22862,
317.5751083939587,75589,577,974,22863,
317.5780816894646,75588,578,974,22863,
317.5800381359498,75588,577,975,22863,
317.5804616978434,75587,578,975,22863,
317.58427390721096,75587,577,976,22863,
317.590062343982,75586,578,976,22863,
317.5908783458906,75585,579,976,22863,
317.59680838506074,75585,579,975,22864,
317.5968538086222,75585,578,976,22864,
317.59695499484826,75585,578,975,22865,
317.60177069519796,75585,577,976,22865,
317.60477953336806,75585,576,977,22865,
317.61204826795137,75585,575,978,22865,
317.61274728112556,75585,575,977,22866,
317.621133373887,75585,574,978,22866,
317.62711484321716,75584,575,978,22866,
317.62910050647935,75583,576,978,22866,
317.6300220012935,75582,577,978,22866,
317.6365558597508,75582,576,979,22866,
317.63904276681774,75581,577,979,22866,
317.6409541222559,75581,576,980,22866,
317.64640172543653,75581,575,981,22866,
317.64687775489136,75581,574,982,22866,
317.64724659011677,75580,575,982,22866,
317.6581030910761,75580,574,983,22866,
317.65878336504994,75580,573,984,22866,
317.66763826093813,75579,574,984,22866,
317.6704839676292,75578,575,984,22866,
317.6879242126439,75578,575,983,22867,
317.68857944530936,75578,575,982,22868,
317.69475859755903,75578,574,983,22868,
317.70008484594763,75578,573,984,22868,
317.7028839334093,75578,572,985,22868,
317.7045229466909,75578,571,986,22868,
317.70975854927354,75578,570,987,22868,
317.71195384048775,75578,569,988,22868,
317.71682329360607,75578,568,989,22868,
317.71874057445973,75578,567,990,22868,
317.721856049519,75577,568,990,22868,
317.7282684404063,75577,567,991,22868,
317.72929148434446,75577,566,992,22868,
317.73328897512357,75576,567,992,22868,
317.73655900441884,75576,567,991,22869,
317.73704222170676,75576,567,990,22870,
317.73927671082595,75575,568,990,22870,
317.7440367675083,75574,569,990,22870,
317.74868142205486,75573,570,990,22870,
317.75241884854944,75573,569,991,22870,
317.7529134976192,75573,568,992,22870,
317.7533029404796,75573,567,993,22870,
317.7535416499428,75572,568,993,22870,
317.7536061153832,75572,568,992,22871,
317.7540638807375,75572,568,991,22872,
317.7545460426854,75572,567,992,22872,
317.7590738004732,75572,566,993,22872,
317.75944429359515,75571,567,993,22872,
317.7603270692795,75571,567,992,22873,
317.7610788799277,75570,568,992,22873,
317.7666981289133,75569,569,992,22873,
317.7693485118454,75568,570,992,22873,
317.7699850179264,75567,571,992,22873,
317.7715394397807,75567,571,991,22874,
317.7717940722541,75567,571,990,22875,
317.77648464997714,75567,571,989,22876,
317.77851052046003,75567,571,988,22877,
317.7809892629288,75566,572,988,22877,
317.7817078791727,75566,572,987,22878,
317.7822609241522,75565,573,987,22878,
317.782842085476,75564,574,987,22878,
317.7876461102958,75564,574,986,22879,
317.79014430082105,75564,573,987,22879,
317.7933766226956,75563,574,987,22879,
317.80764989657035,75563,574,986,22880,
317.80768708690846,75563,574,985,22881,
317.81092991947116,75563,574,984,22882,
317.8109803001662,75562,575,984,22882,
317.814372330474,75562,575,983,22883,
317.8143823426795,75561,576,983,22883,
317.8167481373641,75561,576,982,22884,
317.81696211081015,75561,576,981,22885,
317.820542696551,75560,577,981,22885,
317.82070990739714,75560,576,982,22885,
317.83092084355906,75560,576,981,22886,
317.831121337725,75560,575,982,22886,
317.83341868693867,75560,575,981,22887,
317.83473007623587,75560,574,982,22887,
317.8371686119048,75559,575,982,22887,
317.83918717191256,75558,576,982,22887,
317.8422948326831,75558,575,983,22887,
317.84435753709477,75557,576,983,22887,
317.84523853266353,75557,576,982,22888,
317.85085726611896,75557,576,981,22889,
317.8527820170455,75557,575,982,22889,
317.853243837363,75557,575,981,22890,
317.8600288771344,75556,576,981,22890,
317.8605877580726,75556,576,980,22891,
317.8661150758373,75556,575,981,22891,
317.8682594561204,75556,575,980,22892,
317.87179519423427,75555,576,980,22892,
317.8720103406655,75555,575,981,22892,
317.87685265785035,75555,575,980,22893,
317.8770328245783,75554,576,980,22893,
317.87810744888674,75554,575,981,22893,
317.8789516176953,75553,576,981,22893,
317.879138929636,75553,576,980,22894,
317.8800044854484,75552,577,980,22894,
317.8812091458768,75552,576,981,22894,
317.8918703224471,75551,577,981,22894,
317.89214917915314,75551,576,982,22894,
317.89647759152894,75551,575,983,22894,
317.8968053079666,75551,574,984,22894,
317.90643743652606,75551,574,983,22895,
317.9079744719628,75551,573,984,22895,
317.9211734426771,75551,573,983,22896,
317.92179872027253,75551,572,984,22896,
317.9270650044562,75550,573,984,22896,
317.92727750495055,75550,572,985,22896,
317.929896044707,75550,572,984,22897,
317.9329728069087,75549,573,984,22897,
317.9352533276708,75549,573,983,22898,
317.9372861910797,75549,573,982,22899,
317.93874855198277,75548,574,982,22899,
317.93885791605504,75548,574,981,22900,
317.9500143121154,75548,574,980,22901,
317.9512621867883,75547,575,980,22901,
317.95432922343775,75547,575,979,22902,
317.9587452573643,75547,574,980,22902,
317.95898766198417,75547,573,981,22902,
317.9625939413905,75546,574,981,22902,
317.96565450722477,75546,574,980,22903,
317.9677244050703,75545,575,980,22903,
317.97107967597464,75545,574,981,22903,
317.9724116377155,75545,574,980,22904,
317.97287972020075,75545,574,979,22905,
317.97401253414415,75545,573,980,22905,
317.97649942944673,75545,573,979,22906,
317.9811281348353,75545,572,980,22906,
317.9847884794163,75545,571,981,22906,
317.9897384008175,75545,570,982,22906,
317.99331836277435,75545,570,981,22907,
317.99730840400775,75545,570,980,22908,
317.99826885554455,75545,570,979,22909,
318.00079721094016,75545,569,980,22909,
318.0052150404207,75545,568,981,22909,
318.00529428655193,75544,569,981,22909,
318.0068577296896,75544,568,982,22909,
318.0104035368535,75544,568,981,22910,
318.01085154875483,75543,569,981,22910,
318.0115715859846,75543,568,982,22910,
318.0124595915478,75542,569,982,22910,
318.0165691790018,75541,570,982,22910,
318.01690525261245,75541,570,981,22911,
318.0170852869635,75541,569,982,22911,
318.01791642218916,75541,569,981,22912,
318.02325640413954,75541,569,980,22913,
318.0370426028736,75541,569,979,22914,
318.0371812819371,75541,569,978,22915,
318.04289012918775,75541,568,979,22915,
318.04344133987996,75541,568,978,22916,
318.0443100784363,75541,568,977,22917,
318.0462447533039,75541,568,976,22918,
318.04971260867603,75540,569,976,22918,
318.05051266346914,75540,568,977,22918,
318.053954465977,75540,567,978,22918,
318.05439054113884,75540,567,977,22919,
318.0565824018672,75540,567,976,22920,
318.0566182335133,75540,567,975,22921,
318.0768822050385,75540,567,974,22922,
318.0804272646417,75540,567,973,22923,
318.0849135152139,75540,567,972,22924,
318.0919007293653,75539,568,972,22924,
318.0923014986543,75539,567,973,22924,
318.0923801750659,75539,566,974,22924,
318.10184743683413,75538,567,974,22924,
318.1118666287928,75538,566,975,22924,
318.11409888486446,75538,566,974,22925,
318.11836246470494,75538,566,973,22926,
318.1222029439852,75538,565,974,22926,
318.12454329761187,75537,566,974,22926,
318.1283551082966,75537,566,973,22927,
318.1299330617236,75537,565,974,22927,
318.1313680580633,75537,564,975,22927,
318.13627464514343,75537,563,976,22927,
318.14056337999784,75536,564,976,22927,
318.14148514469576,75535,565,976,22927,
318.1442333791251,75535,565,975,22928,
318.1468398843772,75534,566,975,22928,
318.15371230224696,75534,566,974,22929,
318.1564252213215,75534,566,973,22930,
318.15684323556434,75534,565,974,22930,
318.15772512080036,75533,566,974,22930,
318.15937706325417,75533,565,975,22930,
318.1599138846235,75533,565,974,22931,
318.1631201925758,75533,565,973,22932,
318.16618011278143,75533,565,972,22933,
318.16624775725376,75532,566,972,22933,
318.172458015548,75532,565,973,22933,
318.1748233813488,75532,565,972,22934,
318.17775576581585,75532,564,973,22934,
318.183808042008,75531,565,973,22934,
318.1860856244749,75530,566,973,22934,
318.18824818243866,75530,566,972,22935,
318.1896872735453,75529,567,972,22935,
318.19371370483515,75529,567,971,22936,
318.1972176203612,75529,566,972,22936,
318.2006818279428,75529,566,971,22937,
318.20359577407976,75529,566,970,22938,
318.2060884640439,75529,565,971,22938,
318.2065441521022,75529,564,972,22938,
318.2125416559941,75529,563,973,22938,
318.2130658310315,75529,563,972,22939,
318.215848361352,75529,562,973,22939,
318.21622907211383,75529,561,974,22939,
318.2229114908435,75528,562,974,22939,
318.22501403327647,75528,561,975,22939,
318.2279302484968,75528,560,976,22939,
318.2293857855269,75527,561,976,22939,
318.2322554605406,75527,560,977,22939,
318.2325766468996,75527,559,978,22939,
318.23285042793276,75527,559,977,22940,
318.23452973559586,75527,558,978,22940,
318.2378097849004,75527,558,977,22941,
318.2378918182607,75527,558,976,22942,
318.2389688304513,75526,559,976,22942,
318.2401639847398,75525,560,976,22942,
318.2438599432481,75525,560,975,22943,
318.2452908028239,75525,559,976,22943,
318.2482083543226,75524,560,976,22943,
318.2516367893293,75524,560,975,22944,
318.2562889512189,75524,560,974,22945,
318.2572934588067,75524,560,973,22946,
318.26136257085864,75524,559,974,22946,
318.26631750781877,75524,559,973,22947,
318.2689208485635,75524,558,974,22947,
318.2704699751381,75524,558,973,22948,
318.27757459171823,75523,559,973,22948,
318.28186416405384,75523,559,972,22949,
318.28341264229766,75523,559,971,22950,
318.2842086953936,75522,560,971,22950,
318.30370658029506,75522,559,972,22950,
318.3124094460588,75522,559,971,22951,
318.3209664417533,75522,558,972,22951,
318.32121783580084,75522,557,973,22951,
318.32217383301895,75522,557,972,22952,
318.3249525549577,75522,557,971,22953,
318.3284731561603,75522,556,972,22953,
318.33090736296174,75522,555,973,22953,
318.3319274158225,75522,555,972,22954,
318.3357640909236,75522,555,971,22955,
318.3379425865789,75522,555,970,22956,
318.33989609209686,75522,555,969,22957,
318.3399813591306,75521,556,969,22957,
318.34020721807235,75521,555,970,22957,
318.3424547884441,75520,556,970,22957,
318.3450701791952,75520,556,969,22958,
318.34871225058004,75520,556,968,22959,
318.3544496729154,75519,557,968,22959,
318.3574479907693,75519,557,967,22960,
318.35901464942634,75519,557,966,22961,
318.3629470457901,75518,558,966,22961,
318.3666247149097,75518,558,965,22962,
318.3716856939452,75518,557,966,22962,
318.37553449716006,75518,557,965,22963,
318.38272964269214,75517,558,965,22963,
318.38593345009264,75516,559,965,22963,
318.38676076101194,75516,558,966,22963,
318.38754776105145,75516,558,965,22964,
318.3889804027915,75515,559,965,22964,
318.39097094361955,75514,560,965,22964,
318.3954350951171,75513,561,965,22964,
318.39600097556024,75513,561,964,22965,
318.3992507851182,75512,562,964,22965,
318.3998116210505,75512,561,965,22965,
318.4024452417126,75511,562,965,22965,
318.40627775554134,75511,562,964,22966,
318.40738359426416,75511,562,963,22967,
318.4138151672584,75511,561,964,22967,
318.42033548079746,75511,560,965,22967,
318.4208868311976,75511,560,964,22968,
318.42100670344973,75511,559,965,22968,
318.42722535366266,75510,560,965,22968,
318.43005579552863,75510,559,966,22968,
318.4313023310499,75510,559,965,22969,
318.4343010168801,75509,560,965,22969,
318.43635937782193,75508,561,965,22969,
318.4378511141193,75507,562,965,22969,
318.44289924604925,75507,561,966,22969,
318.4445851117203,75507,560,967,22969,
318.44588827430135,75507,559,968,22969,
318.4495790436526,75506,560,968,22969,
318.4503396427136,75506,560,967,22970,
318.45101063008804,75506,560,966,22971,
318.46327113241733,75506,559,967,22971,
318.463422846937,75506,558,968,22971,
318.4649332392314,75505,559,968,22971,
318.46897115808815,75505,559,967,22972,
318.47240570368643,75504,560,967,22972,
318.47445414776547,75503,561,967,22972,
318.4779703727028,75502,562,967,22972,
318.48339815544205,75502,561,968,22972,
318.4853256672358,75502,560,969,22972,
318.48573388626727,75502,560,968,22973,
318.49917533517856,75502,560,967,22974,
318.5065628580237,75502,559,968,22974,
318.50797442803565,75502,558,969,22974,
318.5139855573101,75502,558,968,22975,
318.5141104861766,75502,557,969,22975,
318.5170902770744,75501,558,969,22975,
318.5221065660425,75500,559,969,22975,
318.52556076519136,75499,560,969,22975,
318.5267331078329,75499,560,968,22976,
318.5268217339512,75498,561,968,22976,
318.526898376205,75498,560,969,22976,
318.5279067882668,75497,561,969,22976,
318.5339647830727,75497,561,968,22977,
318.53417045822135,75497,561,967,22978,
318.5351767835617,75497,561,966,22979,
318.53540516060895,75497,561,965,22980,
318.5405689800394,75496,562,965,22980,
318.5442228241525,75495,563,965,22980,
318.5443451394477,75495,563,964,22981,
318.54677123447203,75495,563,963,22982,
318.54945890605916,75495,563,962,22983,
318.55226457577686,75494,564,962,22983,
318.5558769901256,75493,565,962,22983,
318.5655685167455,75493,565,961,22984,
318.5689715147745,75493,565,960,22985,
318.56911938164495,75493,564,961,22985,
318.5705524309419,75492,565,961,22985,
318.57268583292864,75492,565,960,22986,
318.5796403934302,75492,564,961,22986,
318.5801194320293,75492,564,960,22987,
318.5807684366041,75492,564,959,22988,
318.58586231869253,75492,563,960,22988,
318.5895708064876,75492,563,959,22989,
318.5903164840688,75491,564,959,22989,
318.5928474037247,75491,564,958,22990,
318.5935676065414,75491,563,959,22990,
318.597175314035,75491,563,958,22991,
318.5983069027773,75490,564,958,22991,
318.59840808522694,75490,563,959,22991,
318.6051514419981,75490,563,958,22992,
318.6112671901845,75490,562,959,22992,
318.6120640836872,75490,562,958,22993,
318.612819995531,75490,561,959,22993,
318.61334419835475,75490,561,958,22994,
318.6140757459413,75490,560,959,22994,
318.61527145488907,75490,559,960,22994,
318.6174489695672,75489,560,960,22994,
318.61908241836034,75489,559,961,22994,
318.6216029377667,75489,559,960,22995,
318.6217248074256,75488,560,960,22995,
318.6220317298747,75488,560,959,22996,
318.6237835341573,75487,561,959,22996,
318.62439750150236,75486,562,959,22996,
318.6269417721902,75486,561,960,22996,
318.63721310293334,75486,560,961,22996,
318.63807196241817,75486,560,960,22997,
318.6387151326332,75485,561,960,22997,
318.6427614972069,75485,561,959,22998,
318.64518792574364,75485,561,958,22999,
318.64558290450833,75485,560,959,22999,
318.6493874169343,75484,561,959,22999,
318.6503585979367,75484,561,958,23000,
318.65492286245944,75484,560,959,23000,
318.65978989856774,75483,561,959,23000,
318.66616772831696,75483,560,960,23000,
318.66991025145256,75482,561,960,23000,
318.67525826111955,75482,560,961,23000,
318.6778324378223,75482,559,962,23000,
318.67785306655725,75482,559,961,23001,
318.68101564866146,75482,558,962,23001,
318.6813756309958,75482,558,961,23002,
318.682709492831,75482,558,960,23003,
318.6868625718308,75481,559,960,23003,
318.6917524910573,75480,560,960,23003,
318.69298428510007,75480,560,959,23004,
318.69771778938025,75480,560,958,23005,
318.70992206230864,75480,559,959,23005,
318.71037097731687,75480,558,960,23005,
318.72006791014206,75480,558,959,23006,
318.72560413954017,75479,559,959,23006,
318.7256926875215,75479,558,960,23006,
318.72727136799676,75479,558,959,23007,
318.72784103870885,75479,557,960,23007,
318.73208043917253,75479,556,961,23007,
318.7367003939593,75479,555,962,23007,
318.73917486948204,75479,555,961,23008,
318.7459828953649,75478,556,961,23008,
318.7519647582359,75478,555,962,23008,
318.7576133906981,75478,555,961,23009,
318.7588951210125,75478,555,960,23010,
318.75942828110834,75478,554,961,23010,
318.7602042065111,75478,553,962,23010,
318.7625767453795,75478,553,961,23011,
318.76729714572707,75478,553,960,23012,
318.7680522262888,75477,554,960,23012,
318.77021780668707,75476,555,960,23012,
318.7747322146398,75476,555,959,23013,
318.7764065495019,75476,554,960,23013,
318.77674527658826,75476,553,961,23013,
318.77897517476737,75476,553,960,23014,
318.7791731811353,75476,552,961,23014,
318.77966678732696,75476,552,960,23015,
318.78047734446955,75476,552,959,23016,
318.78470392998025,75476,551,960,23016,
318.79862382722405,75475,552,960,23016,
318.7999249003363,75475,551,961,23016,
318.8097926624986,75475,551,960,23017,
318.8122545538361,75475,551,959,23018,
318.8132513639615,75474,552,959,23018,
318.8170822615015,75474,552,958,23019,
318.81809217496067,75474,552,957,23020,
318.818489173443,75473,553,957,23020,
318.8231016282275,75472,554,957,23020,
318.8257924629723,75472,553,958,23020,
318.83456379017366,75471,554,958,23020,
318.83757954121097,75471,553,959,23020,
318.8383335640216,75471,552,960,23020,
318.8412135032113,75471,552,959,23021,
318.8423725202367,75471,551,960,23021,
318.8471232532658,75471,550,961,23021,
318.8555881491756,75471,549,962,23021,
318.85916019924133,75470,550,962,23021,
318.86160484663435,75470,549,963,23021,
318.8619284160235,75469,550,963,23021,
318.86282053237613,75469,549,964,23021,
318.86639999085645,75469,549,963,23022,
318.8722422849916,75468,550,963,23022,
318.8788434668515,75468,550,962,23023,
318.8793564684527,75468,549,963,23023,
318.883729135176,75467,550,963,23023,
318.8864844935973,75467,550,962,23024,
318.88655830154516,75467,549,963,23024,
318.89031925638426,75466,550,963,23024,
318.8921995672068,75466,550,962,23025,
318.89615061502917,75466,549,963,23025,
318.8979269557174,75465,550,963,23025,
318.8980051958235,75465,550,962,23026,
318.8995113352311,75465,549,963,23026,
318.90179443616796,75465,548,964,23026,
318.9061890790038,75464,549,964,23026,
318.90820743201635,75464,548,965,23026,
318.9105863595179,75464,547,966,23026,
318.91534610176143,75464,547,965,23027,
318.9175126372597,75464,547,964,23028,
318.9382995445412,75464,546,965,23028,
318.93898817781906,75464,546,964,23029,
318.94731274266996,75463,547,964,23029,
318.9532792909132,75462,548,964,23029,
318.9547905371791,75462,548,963,23030,
318.9553245724997,75461,549,963,23030,
318.9630521171059,75461,548,964,23030,
318.9656265320849,75461,547,965,23030,
318.9674718106001,75461,546,966,23030,
318.96947814241724,75461,546,965,23031,
318.9710632773555,75460,547,965,23031,
318.9725671399956,75460,547,964,23032,
318.9730163995918,75460,546,965,23032,
318.9820025331475,75460,546,964,23033,
318.9875755366256,75460,546,963,23034,
318.99064939960016,75459,547,963,23034,
318.9931472789498,75459,546,964,23034,
318.99449753215555,75459,545,965,23034,
318.9974563651982,75459,545,964,23035,
318.9983884503861,75459,545,963,23036,
318.9986722762884,75459,545,962,23037,
318.9991340176165,75459,544,963,23037,
318.99995132246175,75458,545,963,23037,
319.0046661324315,75457,546,963,23037,
319.005468795089,75456,547,963,23037,
319.0065249974926,75455,548,963,23037,
319.0183051589118,75455,548,962,23038,
319.02064622124874,75455,547,963,23038,
319.0282822876567,75455,547,962,23039,
319.02911649096745,75455,547,961,23040,
319.03018478673897,75454,548,961,23040,
319.04358078720753,75454,548,960,23041,
319.04552829380697,75454,547,961,23041,
319.0477168696989,75454,546,962,23041,
319.0524271608754,75454,546,961,23042,
319.0534256047206,75453,547,961,23042,
319.05577662931296,75452,548,961,23042,
319.0617393340199,75452,548,960,23043,
319.0620000850708,75451,549,960,23043,
319.0657756123486,75451,548,961,23043,
319.0670383922946,75451,547,962,23043,
319.0671684775793,75450,548,962,23043,
319.06863528666526,75450,548,961,23044,
319.06868437177826,75449,549,961,23044,
319.0717772501633,75449,549,960,23045,
319.07194521581926,75448,550,960,23045,
319.0769393502932,75448,550,959,23046,
319.0784068519546,75447,551,959,23046,
319.0787354454639,75446,552,959,23046,
319.08084742552205,75446,552,958,23047,
319.08094116732843,75445,553,958,23047,
319.0826142467169,75444,554,958,23047,
319.0843530422263,75444,554,957,23048,
319.092037267022,75444,553,958,23048,
319.0921720618703,75444,552,959,23048,
319.09586291915645,75444,551,960,23048,
319.1054450087542,75444,550,961,23048,
319.10564233540003,75444,549,962,23048,
319.1097195460668,75444,548,963,23048,
319.11002077072476,75444,547,964,23048,
319.11163282818165,75444,547,963,23049,
319.113238348109,75444,546,964,23049,
319.1143135987901,75443,547,964,23049,
319.1177031873776,75442,548,964,23049,
319.11794896827746,75442,548,963,23050,
319.12252144507426,75442,547,964,23050,
319.13023510953843,75442,547,963,23051,
319.1306178065605,75441,548,963,23051,
319.13111863156547,75441,547,964,23051,
319.13579420002793,75441,547,963,23052,
319.1370134844986,75440,548,963,23052,
319.1409169674132,75440,548,962,23053,
319.1431781055414,75440,547,963,23053,
319.14450647762385,75440,546,964,23053,
319.146010084038,75440,546,963,23054,
319.1485597606721,75440,546,962,23055,
319.1497598170454,75439,547,962,23055,
319.1587409669378,75439,547,961,23056,
319.16007238426556,75439,546,962,23056,
319.1644928948221,75438,547,962,23056,
319.16460587812617,75438,547,961,23057,
319.16508836690457,75438,547,960,23058,
319.1657458406859,75437,548,960,23058,
319.16768550096117,75436,549,960,23058,
319.1693788073992,75436,549,959,23059,
319.17009507377264,75436,548,960,23059,
319.17108972969214,75436,548,959,23060,
319.1716942310505,75435,549,959,23060,
319.17179887715724,75435,548,960,23060,
319.1738365549543,75435,548,959,23061,
319.175015392642,75435,547,960,23061,
319.1755937752715,75434,548,960,23061,
319.1834178737234,75434,548,959,23062,
319.1878179173101,75434,548,958,23063,
319.19044739098956,75433,549,958,23063,
319.19248803681285,75433,548,959,23063,
319.1943076106328,75433,547,960,23063,
319.19786565654016,75433,546,961,23063,
319.2026823359712,75432,547,961,23063,
319.2043434118608,75432,547,960,23064,
319.2114596819968,75432,547,959,23065,
319.2147634359369,75431,548,959,23065,
319.2147707230884,75430,549,959,23065,
319.22969842799705,75429,550,959,23065,
319.23332094294847,75429,550,958,23066,
319.23380268657155,75428,551,958,23066,
319.23392742891053,75427,552,958,23066,
319.2438233834514,75427,551,959,23066,
319.2491750819344,75427,550,960,23066,
319.25090724585255,75427,549,961,23066,
319.2530450584424,75426,550,961,23066,
319.25312468649867,75426,549,962,23066,
319.2569710230633,75426,548,963,23066,
319.2652356382673,75426,547,964,23066,
319.2682365851995,75425,548,964,23066,
319.2688052358081,75425,548,963,23067,
319.27289437637256,75425,548,962,23068,
319.27966878609277,75425,548,961,23069,
319.28509040240664,75424,549,961,23069,
319.2879589368146,75424,549,960,23070,
319.2885782616036,75424,548,961,23070,
319.2993419703502,75424,548,960,23071,
319.3000449159035,75424,548,959,23072,
319.3002116371321,75423,549,959,23072,
319.3015289264497,75423,549,958,23073,
319.3022944456761,75423,549,957,23074,
319.30468294010495,75423,548,958,23074,
319.3058726128284,75423,548,957,23075,
319.31048888413534,75422,549,957,23075,
319.31289231161946,75422,548,958,23075,
319.3144014599013,75422,548,957,23076,
319.31513124110523,75421,549,957,23076,
319.3156288450973,75420,550,957,23076,
319.3159778919307,75420,549,958,23076,
319.31913355621174,75420,549,957,23077,
319.319922942828,75420,549,956,23078,
319.32050981501015,75420,548,957,23078,
319.3343829924305,75420,548,956,23079,
319.33496353724416,75420,548,955,23080,
319.33519323501224,75419,549,955,23080,
319.3384159268951,75419,549,954,23081,
319.3419668302263,75419,548,955,23081,
319.3424633963537,75419,547,956,23081,
319.3426640263627,75419,547,955,23082,
319.3446064259931,75418,548,955,23082,
319.3454351662064,75417,549,955,23082,
319.34937180945474,75417,549,954,23083,
319.34941676398677,75417,549,953,23084,
319.36240156186983,75417,548,954,23084,
319.3666533696702,75417,547,955,23084,
319.36697190713096,75417,546,956,23084,
319.3723249277113,75416,547,956,23084,
319.37307230460794,75415,548,956,23084,
319.37736895348644,75415,548,955,23085,
319.3787645187071,75415,547,956,23085,
319.37930817000176,75415,547,955,23086,
319.39819852169836,75415,547,954,23087,
319.39965948174387,75415,547,953,23088,
319.40316178712044,75415,546,954,23088,
319.40373390129076,75415,546,953,23089,
319.4039405201972,75415,546,952,23090,
319.4047545108365,75414,547,952,23090,
319.40800033357056,75413,548,952,23090,
319.4082604623858,75413,548,951,23091,
319.4183297522171,75412,549,951,23091,
319.4197869224943,75412,548,952,23091,
319.422176408512,75412,548,951,23092,
319.4269681972698,75411,549,951,23092,
319.42741165134214,75411,548,952,23092,
319.430133496628,75411,548,951,23093,
319.43185728239087,75411,548,950,23094,
319.43324484339917,75411,548,949,23095,
319.43466859209684,75410,549,949,23095,
319.4360127515312,75410,548,950,23095,
319.4374402383418,75410,547,951,23095,
319.4423712490099,75410,546,952,23095,
319.4445549514142,75410,545,953,23095,
319.4453417735722,75409,546,953,23095,
319.4460547759317,75409,546,952,23096,
319.4530285477786,75409,545,953,23096,
319.4548605633903,75409,544,954,23096,
319.4573309441222,75408,545,954,23096,
319.45780601670816,75408,544,955,23096,
319.458420839795,75408,543,956,23096,
319.4588096720393,75408,543,955,23097,
319.4638229459864,75408,542,956,23097,
319.465282178218,75408,541,957,23097,
319.46950334373327,75407,542,957,23097,
319.47120591353274,75406,543,957,23097,
319.47172735129953,75406,542,958,23097,
319.47468993618816,75406,541,959,23097,
319.4778690728664,75405,542,959,23097,
319.4820166543862,75405,542,958,23098,
319.48482422800237,75404,543,958,23098,
319.48626008785874,75404,542,959,23098,
319.4888839695887,75404,542,958,23099,
319.49284054408565,75404,542,957,23100,
319.49664119525255,75404,542,956,23101,
319.4982941916701,75404,542,955,23102,
319.4987512562627,75403,543,955,23102,
319.50055489566137,75403,543,954,23103,
319.50680320455035,75403,542,955,23103,
319.50953063682465,75403,542,954,23104,
319.5115648238355,75402,543,954,23104,
319.5134302669464,75401,544,954,23104,
319.5152354018158,75401,543,955,23104,
319.51718444738646,75400,544,955,23104,
319.5190041173954,75400,544,954,23105,
319.519574178462,75400,543,955,23105,
319.5272564705771,75400,542,956,23105,
319.5296237255926,75400,542,955,23106,
319.5311240393688,75400,542,954,23107,
319.5374481680634,75400,541,955,23107,
319.53839719907734,75400,540,956,23107,
319.5386714432225,75399,541,956,23107,
319.5427646916441,75398,542,956,23107,
319.544435582756,75397,543,956,23107,
319.54563893778624,75397,542,957,23107,
319.5491290285844,75396,543,957,23107,
319.5551431711614,75396,543,956,23108,
319.55520508755956,75396,543,955,23109,
319.5573038696454,75395,544,955,23109,
319.55869540732516,75394,545,955,23109,
319.5602522891163,75393,546,955,23109,
319.5627401683128,75392,547,955,23109,
319.5680144680461,75392,547,954,23110,
319.57023641418175,75391,548,954,23110,
319.5759724206313,75390,549,954,23110,
319.5829272574452,75389,550,954,23110,
319.58329095761985,75389,550,953,23111,
319.58452554083414,75389,549,954,23111,
319.5845570111408,75388,550,954,23111,
319.5895550324401,75388,549,955,23111,
319.5899491856782,75388,549,954,23112,
319.5986027145965,75387,550,954,23112,
319.59922529243005,75387,550,953,23113,
319.60056481498754,75387,549,954,23113,
319.60106646400845,75387,549,953,23114,
319.60212359856934,75387,549,952,23115,
319.6070813781951,75387,549,951,23116,
319.61170015932663,75387,548,952,23116,
319.61547131304263,75387,548,951,23117,
319.61931072251764,75387,547,952,23117,
319.62107709109034,75387,546,953,23117,
319.6241712066415,75387,546,952,23118,
319.6246444851862,75387,545,953,23118,
319.62531658182326,75387,544,954,23118,
319.6254742730705,75387,543,955,23118,
319.6264654716665,75386,544,955,23118,
319.62848284332387,75386,543,956,23118,
319.63010049176074,75386,542,957,23118,
319.63267656933294,75385,543,957,23118,
319.63494919924915,75384,544,957,23118,
319.63580017369384,75383,545,957,23118,
319.63617251194603,75383,545,956,23119,
319.64610515256146,75382,546,956,23119,
319.64639190289876,75381,547,956,23119,
319.6528092442282,75380,548,956,23119,
319.65535096499076,75380,548,955,23120,
319.657718068795,75380,547,956,23120,
319.65788372904814,75379,548,956,23120,
319.6596435858974,75379,548,955,23121,
319.6636946125514,75378,549,955,23121,
319.66376317797705,75378,548,956,23121,
319.66597195866774,75377,549,956,23121,
319.6716286358197,75376,550,956,23121,
319.6805007043845,75376,550,955,23122,
319.6836414035053,75376,549,956,23122,
319.68930173453947,75376,549,955,23123,
319.6941098747807,75376,549,954,23124,
319.6973243179901,75375,550,954,23124,
319.69861881967046,75374,551,954,23124,
319.7014314894276,75374,551,953,23125,
319.7019601899891,75374,550,954,23125,
319.70427726092583,75374,550,953,23126,
319.70973530011696,75374,550,952,23127,
319.71075937566115,75374,550,951,23128,
319.7160232773034,75374,550,950,23129,
319.72228517509814,75374,550,949,23130,
319.7286625574084,75373,551,949,23130,
319.73000486840675,75373,550,950,23130,
319.7300507430369,75372,551,950,23130,
319.73913385426226,75371,552,950,23130,
319.74136210545686,75371,551,951,23130,
319.7443244569315,75371,551,950,23131,
319.74959730304107,75371,550,951,23131,
319.75283710918006,75370,551,951,23131,
319.7548853295437,75369,552,951,23131,
319.75560529456186,75369,551,952,23131,
319.7579015846438,75369,551,951,23132,
319.76074827742843,75368,552,951,23132,
319.7610013095984,75368,552,950,23133,
319.7613504322829,75368,551,951,23133,
319.76345275143655,75367,552,951,23133,
319.76453168698026,75367,552,950,23134,
319.77624987159885,75366,553,950,23134,
319.77747694142033,75366,552,951,23134,
319.78119029234097,75366,551,952,23134,
319.7869381090069,75366,550,953,23134,
319.79017119533245,75365,551,953,23134,
319.7940543936804,75364,552,953,23134,
319.79489700530496,75364,552,952,23135,
319.7978727291825,75364,552,951,23136,
319.8085371372229,75363,553,951,23136,
319.81387285376104,75363,552,952,23136,
319.818290400145,75363,551,953,23136,
319.82053632797084,75363,550,954,23136,
319.82192394899516,75362,551,954,23136,
319.82418475481546,75362,551,953,23137,
319.8262505316622,75361,552,953,23137,
319.82799580139454,75361,552,952,23138,
319.82936235501575,75360,553,952,23138,
319.8309706612603,75360,552,953,23138,
319.84290418952133,75360,552,952,23139,
319.8430224616263,75360,551,953,23139,
319.84616715269374,75359,552,953,23139,
319.84670381433307,75358,553,953,23139,
319.85114959562975,75358,553,952,23140,
319.8524097093663,75358,552,953,23140,
319.8531802311465,75358,551,954,23140,
319.860430312337,75358,550,955,23140,
319.8682648526401,75357,551,955,23140,
319.87101896195554,75357,550,956,23140,
319.87105433083735,75356,551,956,23140,
319.8767373314709,75355,552,956,23140,
319.88068631935795,75355,552,955,23141,
319.89108468055827,75355,551,956,23141,
319.89171247062797,75355,550,957,23141,
319.8932684671132,75355,549,958,23141,
319.89636976453266,75355,548,959,23141,
319.90132821569193,75354,549,959,23141,
319.9018267649288,75353,550,959,23141,
319.90670354916557,75353,549,960,23141,
319.91283269523086,75353,549,959,23142,
319.9129356138976,75353,549,958,23143,
319.91470632467315,75353,549,957,23144,
319.93067196752185,75353,548,958,23144,
319.9336684261465,75352,549,958,23144,
319.93471855522245,75352,549,957,23145,
319.9353795635432,75352,549,956,23146,
319.94192564103156,75352,549,955,23147,
319.94306486727163,75352,549,954,23148,
319.94429570374626,75351,550,954,23148,
319.9457758314855,75351,550,953,23149,
319.94814997195033,75351,549,954,23149,
319.9485526368963,75350,550,954,23149,
319.9505487392382,75350,550,953,23150,
319.9513814917668,75350,549,954,23150,
319.9514785830312,75350,548,955,23150,
319.95163018227765,75349,549,955,23150,
319.95318033621635,75348,550,955,23150,
319.9545644918386,75347,551,955,23150,
319.9548954063648,75346,552,955,23150,
319.9578175359909,75346,552,954,23151,
319.9599546696273,75345,553,954,23151,
319.9679406449794,75345,553,953,23152,
319.9694239653133,75344,554,953,23152,
319.97079641424506,75343,555,953,23152,
319.97220005985355,75343,555,952,23153,
319.9781680690122,75343,554,953,23153,
319.98000218522793,75343,553,954,23153,
319.9800357923941,75343,553,953,23154,
319.9834418716394,75342,554,953,23154,
319.98349297823074,75342,553,954,23154,
319.9886562963119,75342,553,953,23155,
319.9887386108629,75341,554,953,23155,
319.9936457582713,75341,553,954,23155,
319.99540538464174,75341,553,953,23156,
319.9956599605274,75341,553,952,23157,
319.99861870875606,75340,554,952,23157,
319.99864514156167,75340,554,951,23158,
319.99909760753155,75340,554,950,23159,
320.00007629087474,75340,554,949,23160,
320.003932764324,75340,554,948,23161,
320.0069300920959,75340,553,949,23161,
320.007839796419,75340,553,948,23162,
320.0104003843237,75340,552,949,23162,
320.01479926655514,75340,551,950,23162,
320.01634468965256,75339,552,950,23162,
320.0206165957852,75338,553,950,23162,
320.02221887967494,75338,552,951,23162,
320.0230919075052,75338,551,952,23162,
320.02726207110845,75338,551,951,23163,
320.0284644784823,75337,552,951,23163,
320.03124861327115,75337,552,950,23164,
320.0323220673858,75337,551,951,23164,
320.033975921308,75336,552,951,23164,
320.0406289643393,75335,553,951,23164,
320.0413000739441,75335,553,950,23165,
320.0460661266106,75335,552,951,23165,
320.05441551196867,75335,552,950,23166,
320.0558248244063,75334,553,950,23166,
320.06329526910343,75334,553,949,23167,
320.0656716737709,75333,554,949,23167,
320.0692753153349,75332,555,949,23167,
320.0701097439638,75332,554,950,23167,
320.07082550095265,75332,554,949,23168,
320.0724606245468,75332,553,950,23168,
320.07445036297855,75332,552,951,23168,
320.07585610034135,75332,552,950,23169,
320.07762810302245,75331,553,950,23169,
320.085571210465,75331,552,951,23169,
320.0879669243307,75330,553,951,23169,
320.09057525685563,75330,553,950,23170,
320.09520989351387,75329,554,950,23170,
320.0969402135221,75329,553,951,23170,
320.0980217408062,75328,554,951,23170,
320.1004363848892,75328,553,952,23170,
320.10193659633524,75328,552,953,23170,
320.10295668021155,75328,552,952,23171,
320.10483421044466,75327,553,952,23171,
320.1069558458697,75327,553,951,23172,
320.10764994141243,75327,552,952,23172,
320.1112906756984,75326,553,952,23172,
320.1155831464265,75325,554,952,23172,
320.1345780729596,75325,554,951,23173,
320.14141460519585,75324,555,951,23173,
320.1445008187924,75324,554,952,23173,
320.14782122180446,75323,555,952,23173,
320.1501584206305,75323,554,953,23173,
320.15516754432866,75322,555,953,23173,
320.15566556473954,75322,555,952,23174,
320.1571078297466,75321,556,952,23174,
320.1608341013426,75321,555,953,23174,
320.1756731556311,75321,555,952,23175,
320.17727536152904,75321,554,953,23175,
320.18378196841684,75321,553,954,23175,
320.1846085499985,75320,554,954,23175,
320.1887924878426,75320,553,955,23175,
320.1926653608233,75320,553,954,23176,
320.19440860213786,75320,553,953,23177,
320.19485357657715,75320,553,952,23178,
320.1975189973953,75319,554,952,23178,
320.2022585524237,75318,555,952,23178,
320.2042387844504,75318,554,953,23178,
320.2113601426164,75318,553,954,23178,
320.2168244319171,75317,554,954,23178,
320.21758452448626,75316,555,954,23178,
320.2280473002565,75316,555,953,23179,
320.22935436936115,75316,554,954,23179,
320.23231432897614,75316,553,955,23179,
320.23451245217865,75316,553,954,23180,
320.2364986583697,75316,552,955,23180,
320.24222697940627,75316,551,956,23180,
320.2435736188186,75316,550,957,23180,
320.2436667828998,75316,549,958,23180,
320.24403653027474,75316,548,959,23180,
320.24412018149036,75316,548,958,23181,
320.2457339514517,75315,549,958,23181,
320.2480636808266,75315,548,959,23181,
320.24866168804266,75315,548,958,23182,
320.25212162864693,75314,549,958,23182,
320.27472525604605,75314,548,959,23182,
320.27482964436297,75314,547,960,23182,
320.27798780279295,75314,546,961,23182,
320.28024905509835,75313,547,961,23182,
320.28375137743484,75313,546,962,23182,
320.2844941981871,75313,546,961,23183,
320.2877184568102,75313,546,960,23184,
320.29279576802475,75313,546,959,23185,
320.29519019533444,75313,546,958,23186,
320.2960608345935,75313,545,959,23186,
320.2961465224616,75312,546,959,23186,
320.2969413947618,75312,546,958,23187,
320.2982369595338,75311,547,958,23187,
320.30753151610895,75311,546,959,23187,
320.31172520612915,75311,545,960,23187,
320.3174384122228,75311,545,959,23188,
320.32112624392005,75311,545,958,23189,
320.3375194859389,75311,544,959,23189,
320.3403339140818,75311,544,958,23190,
320.3434149560851,75311,543,959,23190,
320.34690628091437,75311,542,960,23190,
320.348872182179,75310,543,960,23190,
320.35205452558034,75310,542,961,23190,
320.3544178803336,75309,543,961,23190,
320.3606950179571,75308,544,961,23190,
320.3608590435649,75308,544,960,23191,
320.3627449826669,75307,545,960,23191,
320.36519489760445,75306,546,960,23191,
320.3667248252695,75306,545,961,23191,
320.36878906066954,75306,544,962,23191,
320.37304350702067,75306,543,963,23191,
320.37598507668554,75305,544,963,23191,
320.3821903164861,75304,545,963,23191,
320.38322623331595,75303,546,963,23191,
320.3912449809004,75303,545,964,23191,
320.3931198049316,75302,546,964,23191,
320.3969494889654,75302,545,965,23191,
320.3983199159766,75302,545,964,23192,
320.4028363654151,75301,546,964,23192,
320.4057311596979,75300,547,964,23192,
320.40895384724865,75300,547,963,23193,
320.41784999725246,75300,547,962,23194,
320.4188905537242,75300,547,961,23195,
320.4190853446619,75300,546,962,23195,
320.4207281736736,75300,545,963,23195,
320.4250267020388,75300,544,964,23195,
320.42966940737773,75300,543,965,23195,
320.4306779739049,75300,542,966,23195,
320.4348732440368,75300,541,967,23195,
320.43566698517344,75300,541,966,23196,
320.4368905870423,75299,542,966,23196,
320.4380571048731,75298,543,966,23196,
320.44084200931877,75298,542,967,23196,
320.4409797842991,75298,541,968,23196,
320.44130501390026,75298,540,969,23196,
320.44732651405695,75298,539,970,23196,
320.44852645640054,75298,539,969,23197,
320.45005346591097,75298,539,968,23198,
320.46208849838064,75297,540,968,23198,
320.46309614168507,75297,539,969,23198,
320.4684502902755,75297,538,970,23198,
320.47093130381614,75297,537,971,23198,
320.47218290267955,75296,538,971,23198,
320.47536940037253,75296,538,970,23199,
320.4755565797867,75296,537,971,23199,
320.4755821978979,75296,536,972,23199,
320.47769196059585,75296,535,973,23199,
320.4794839593577,75296,534,974,23199,
320.4797910985347,75296,533,975,23199,
320.4887386888936,75295,534,975,23199,
320.4933184468449,75295,533,976,23199,
320.49383038212954,75295,533,975,23200,
320.49688983951137,75295,533,974,23201,
320.4992267509424,75294,534,974,23201,
320.49956100746607,75293,535,974,23201,
320.50141287352784,75292,536,974,23201,
320.51231509716513,75292,536,973,23202,
320.51266076394984,75291,537,973,23202,
320.5136725174085,75291,536,974,23202,
320.515550162401,75291,536,973,23203,
320.5186606345083,75290,537,973,23203,
320.5217944310996,75290,536,974,23203,
320.52280832129054,75290,535,975,23203,
320.52377138557733,75289,536,975,23203,
320.5247233808011,75289,535,976,23203,
320.52538575376934,75289,535,975,23204,
320.53256028309374,75289,534,976,23204,
320.5350366177779,75288,535,976,23204,
320.53854703439725,75288,535,975,23205,
320.5417752780065,75287,536,975,23205,
320.5471568872653,75287,536,974,23206,
320.55169490987026,75286,537,974,23206,
320.55614278756053,75286,536,975,23206,
320.55616617481843,75286,536,974,23207,
320.55825106465664,75286,535,975,23207,
320.5638347953993,75286,534,976,23207,
320.5667586095799,75286,533,977,23207,
320.5701006308541,75286,532,978,23207,
320.57015487275027,75286,532,977,23208,
320.5716117857043,75285,533,977,23208,
320.5753767578013,75285,532,978,23208,
320.5754086614708,75285,532,977,23209,
320.5774854943946,75284,533,977,23209,
320.57960870718966,75283,534,977,23209,
320.5825243310295,75283,533,978,23209,
320.58311070944126,75283,532,979,23209,
320.5886611604928,75283,531,980,23209,
320.590210477562,75282,532,980,23209,
320.59433461344406,75282,532,979,23210,
320.5961935713435,75281,533,979,23210,
320.60283291947945,75281,532,980,23210,
320.6051679819816,75281,532,979,23211,
320.61683441223886,75281,532,978,23212,
320.62882404124275,75281,532,977,23213,
320.6289328315331,75281,532,976,23214,
320.6297183164341,75281,531,977,23214,
320.6334555754015,75280,532,977,23214,
320.6351505365564,75280,531,978,23214,
320.6388739384852,75279,532,978,23214,
320.65061495873334,75279,532,977,23215,
320.6601832474328,75279,531,978,23215,
320.6607635286085,75278,532,978,23215,
320.66269818243165,75278,531,979,23215,
320.66352240542903,75278,531,978,23216,
320.6650471097071,75278,530,979,23216,
320.66672940721134,75277,531,979,23216,
320.6679994509635,75277,530,980,23216,
320.6689161987618,75277,529,981,23216,
320.6721229417136,75277,529,980,23217,
320.67541690005515,75277,529,979,23218,
320.6821966614368,75277,528,980,23218,
320.68613480149634,75277,527,981,23218,
320.692706798382,75277,527,980,23219,
320.695874481301,75277,527,979,23220,
320.6993899050293,75277,527,978,23221,
320.709837933698,75277,526,979,23221,
320.7123316074911,75276,527,979,23221,
320.71439492801363,75275,528,979,23221,
320.71533757672523,75275,527,980,23221,
320.7208571424898,75274,528,980,23221,
320.7249339979327,75274,527,981,23221,
320.72680615135516,75274,527,980,23222,
320.7283763118128,75274,526,981,23222,
320.7287923526137,75274,526,980,23223,
320.73290386201995,75274,525,981,23223,
320.7334532190015,75274,525,980,23224,
320.7366925685044,75273,526,980,23224,
320.73678246565606,75273,526,979,23225,
320.7416108205938,75273,525,980,23225,
320.7422889469548,75272,526,980,23225,
320.74615991301056,75271,527,980,23225,
320.74746214988846,75270,528,980,23225,
320.7480020179333,75270,527,981,23225,
320.7486102447559,75270,526,982,23225,
320.7511518330359,75269,527,982,23225,
320.75173639395126,75269,526,983,23225,
320.75328231438414,75268,527,983,23225,
320.7562037119993,75268,527,982,23226,
320.7565176507354,75267,528,982,23226,
320.7578159012964,75266,529,982,23226,
320.7592500891459,75266,529,981,23227,
320.761019508084,75266,528,982,23227,
320.7641268549474,75266,527,983,23227,
320.76966812874224,75266,526,984,23227,
320.7738410869103,75265,527,984,23227,
320.7793421192401,75265,527,983,23228,
320.78358516866297,75264,528,983,23228,
320.7837426691514,75264,528,982,23229,
320.79260405806735,75263,529,982,23229,
320.79485479065863,75263,528,983,23229,
320.80094345235767,75263,527,984,23229,
320.8024829921504,75263,526,985,23229,
320.8032962938385,75263,525,986,23229,
320.8147182051831,75262,526,986,23229,
320.82220200531333,75262,526,985,23230,
320.8228737805567,75262,526,984,23231,
320.84213627893706,75262,526,983,23232,
320.8434778118116,75261,527,983,23232,
320.843926960328,75261,526,984,23232,
320.84415152715746,75261,525,985,23232,
320.8472801098037,75260,526,985,23232,
320.8484663232411,75260,526,984,23233,
320.85132658375494,75260,526,983,23234,
320.85609289485404,75260,526,982,23235,
320.85701940187397,75259,527,982,23235,
320.8588107374554,75259,526,983,23235,
320.8612211941175,75259,525,984,23235,
320.8727829106203,75259,524,985,23235,
320.879670690976,75259,524,984,23236,
320.8803461418792,75259,523,985,23236,
320.8808172094299,75259,523,984,23237,
320.8842662670678,75259,522,985,23237,
320.88758873794524,75259,521,986,23237,
320.8889356064589,75258,522,986,23237,
320.88967535318216,75258,522,985,23238,
320.8906285614307,75258,522,984,23239,
320.8909917610334,75257,523,984,23239,
320.89470529993025,75256,524,984,23239,
320.90117732809404,75256,523,985,23239,
320.9020871353633,75256,523,984,23240,
320.9026038073072,75256,522,985,23240,
320.90292449494626,75256,521,986,23240,
320.91146983555416,75256,520,987,23240,
320.9122234647188,75255,521,987,23240,
320.91469980266214,75255,521,986,23241,
320.91591683091326,75255,521,985,23242,
320.91658547195414,75255,521,984,23243,
320.9201005983137,75254,522,984,23243,
320.9233831310793,75254,522,983,23244,
320.92576263688574,75254,521,984,23244,
320.9291479927203,75253,522,984,23244,
320.93510967679174,75253,521,985,23244,
320.940997231301,75253,521,984,23245,
320.9431011605834,75253,521,983,23246,
320.94549221256733,75253,520,984,23246,
320.94891850696695,75252,521,984,23246,
320.9502582116198,75252,521,983,23247,
320.95220364560623,75251,522,983,23247,
320.9549746353424,75250,523,983,23247,
320.96155615795885,75250,522,984,23247,
320.9636776191603,75250,522,983,23248,
320.96493065392707,75250,521,984,23248,
320.97048672999114,75249,522,984,23248,
320.9763651232444,75249,521,985,23248,
320.97740608039607,75249,520,986,23248,
320.97808115879945,75249,520,985,23249,
320.9794388670829,75249,520,984,23250,
320.98223281927505,75249,520,983,23251,
320.9824614579355,75249,520,982,23252,
320.9829351978276,75248,521,982,23252,
320.98787310098487,75248,521,981,23253,
320.9898775427197,75248,520,982,23253,
320.9901782925518,75248,520,981,23254,
320.99269382020486,75248,520,980,23255,
320.99741763519387,75248,519,981,23255,
320.997563386767,75247,520,981,23255,
320.9997374427846,75247,520,980,23256,
321.0010814368956,75247,519,981,23256,
321.002625114599,75247,518,982,23256,
321.00714637435624,75246,519,982,23256,
321.0100326478719,75246,518,983,23256,
321.013041917995,75246,518,982,23257,
321.026746901236,75246,517,983,23257,
321.02743467572526,75245,518,983,23257,
321.0303033804919,75245,518,982,23258,
321.03220502291583,75244,519,982,23258,
321.034276544709,75244,518,983,23258,
321.03965128802946,75244,517,984,23258,
321.0414157323308,75244,517,983,23259,
321.0417344634947,75244,516,984,23259,
321.0423614856573,75243,517,984,23259,
321.04308483669905,75243,516,985,23259,
321.05140597786993,75242,517,985,23259,
321.0524008278692,75241,518,985,23259,
321.05761438477685,75241,518,984,23260,
321.05802179571054,75240,519,984,23260,
321.0593531945296,75240,519,983,23261,
321.0598199876867,75240,518,984,23261,
321.06001590098055,75239,519,984,23261,
321.0628266679313,75239,518,985,23261,
321.0635886336336,75239,517,986,23261,
321.06420005397547,75238,518,986,23261,
321.06557304181865,75237,519,986,23261,
321.06713105397654,75237,518,987,23261,
321.0692608364696,75236,519,987,23261,
321.0727315055587,75235,520,987,23261,
321.0757862485414,75235,520,986,23262,
321.07844673668865,75234,521,986,23262,
321.0816938176776,75233,522,986,23262,
321.0854456835861,75233,522,985,23263,
321.08561697735007,75233,521,986,23263,
321.08642885504446,75232,522,986,23263,
321.08860731539386,75232,522,985,23264,
321.0889795321477,75232,521,986,23264,
321.09013658890746,75232,521,985,23265,
321.09440738918676,75232,520,986,23265,
321.09515862184264,75232,520,985,23266,
321.09714141530156,75232,520,984,23267,
321.0976143928876,75232,520,983,23268,
321.0986450659602,75232,519,984,23268,
321.0994475479134,75232,519,983,23269,
321.1009789125378,75232,518,984,23269,
321.10188834433933,75231,519,984,23269,
321.10474933634197,75230,520,984,23269,
321.105947299367,75229,521,984,23269,
321.10712246241013,75229,520,985,23269,
321.11088362593637,75229,520,984,23270,
321.1117365194189,75229,520,983,23271,
321.1119363223842,75229,519,984,23271,
321.11735540790113,75229,518,985,23271,
321.1215467147226,75228,519,985,23271,
321.1219831301786,75228,518,986,23271,
321.1268787086596,75228,518,985,23272,
321.1275428371226,75227,519,985,23272,
321.13439774521214,75226,520,985,23272,
321.1365547835227,75226,520,984,23273,
321.13742417570245,75226,520,983,23274,
321.13912883438087,75225,521,983,23274,
321.1421751665729,75225,520,984,23274,
321.1433473915608,75225,519,985,23274,
321.1435930567674,75225,518,986,23274,
321.1444710227678,75225,518,985,23275,
321.1447189600741,75225,517,986,23275,
321.14567278065454,75225,517,985,23276,
321.15028566117303,75224,518,985,23276,
321.1532793645613,75224,518,984,23277,
321.1546511644899,75224,518,983,23278,
321.1560508731573,75223,519,983,23278,
321.15684160386303,75222,520,983,23278,
321.16085003926145,75222,519,984,23278,
321.1612763260991,75222,518,985,23278,
321.1644351623273,75222,517,986,23278,
321.1645354332163,75221,518,986,23278,
321.16699455049815,75221,518,985,23279,
321.1685023803138,75221,518,984,23280,
321.16873867432594,75221,517,985,23280,
321.1717608119795,75221,517,984,23281,
321.1756699818864,75221,516,985,23281,
321.17568975242045,75220,517,985,23281,
321.18390967348006,75220,517,984,23282,
321.1842407632352,75220,516,985,23282,
321.18662871979905,75220,515,986,23282,
321.1879148181919,75220,514,987,23282,
321.19340786369315,75220,513,988,23282,
321.19375236384315,75220,513,987,23283,
321.19785382942194,75220,513,986,23284,
321.1985929773897,75220,512,987,23284,
321.1991024889806,75220,511,988,23284,
321.2018104483865,75220,510,989,23284,
321.2024421437645,75220,510,988,23285,
321.2091573143025,75220,510,987,23286,
321.21204512142094,75220,510,986,23287,
321.21717320368947,75220,509,987,23287,
321.22160185114654,75219,510,987,23287,
321.22644091610687,75219,510,986,23288,
321.2270764733668,75218,511,986,23288,
321.2317723842721,75218,510,987,23288,
321.233925345833,75218,510,986,23289,
321.2345741123365,75217,511,986,23289,
321.23501619855114,75216,512,986,23289,
321.2370660386448,75215,513,986,23289,
321.2397646069552,75215,512,987,23289,
321.24073663026365,75214,513,987,23289,
321.24196109822924,75213,514,987,23289,
321.2436417849149,75213,513,988,23289,
321.2442105863933,75213,513,987,23290,
321.2513824897062,75213,513,986,23291,
321.2577181358869,75213,512,987,23291,
321.25943271571265,75213,512,986,23292,
321.26837753188295,75213,512,985,23293,
321.2697757420858,75213,512,984,23294,
321.27002275989594,75213,511,985,23294,
321.27423302957317,75212,512,985,23294,
321.275678723529,75212,511,986,23294,
321.2768291595425,75211,512,986,23294,
321.2774650293503,75211,512,985,23295,
321.27989421648607,75211,511,986,23295,
321.28054493534205,75210,512,986,23295,
321.28211403684065,75210,511,987,23295,
321.28345202087684,75209,512,987,23295,
321.2865213240392,75208,513,987,23295,
321.2902846162786,75207,514,987,23295,
321.2935320701836,75206,515,987,23295,
321.2977166663047,75206,515,986,23296,
321.297728127554,75206,514,987,23296,
321.2984224076075,75206,514,986,23297,
321.29951933786526,75206,514,985,23298,
321.3019518601836,75206,513,986,23298,
321.30256130364444,75206,513,985,23299,
321.3043375622676,75206,512,986,23299,
321.3051862435775,75205,513,986,23299,
321.3091482288727,75205,512,987,23299,
321.30914947799045,75205,512,986,23300,
321.31332147503093,75204,513,986,23300,
321.3217809629621,75204,513,985,23301,
321.33068652214615,75204,513,984,23302,
321.33597892559914,75204,512,985,23302,
321.3380266049265,75204,511,986,23302,
321.3402311027103,75204,510,987,23302,
321.34188635319856,75204,510,986,23303,
321.3486509333449,75204,510,985,23304,
321.35219048200895,75204,510,984,23305,
321.35362365408713,75204,510,983,23306,
321.3547319476075,75204,509,984,23306,
321.35532907536674,75204,508,985,23306,
321.356794052241,75204,507,986,23306,
321.3624919095889,75204,506,987,23306,
321.37089279518966,75204,506,986,23307,
321.37570339746225,75204,506,985,23308,
321.3773497074826,75203,507,985,23308,
321.37749718264473,75202,508,985,23308,
321.3779638217939,75201,509,985,23308,
321.3781294924593,75201,508,986,23308,
321.3811475275829,75201,507,987,23308,
321.38601665311523,75200,508,987,23308,
321.3908928020218,75199,509,987,23308,
321.3922594571315,75199,508,988,23308,
321.39235836371085,75198,509,988,23308,
321.3948952859588,75198,508,989,23308,
321.3960600542945,75197,509,989,23308,
321.3977430551304,75197,509,988,23309,
321.39958381770225,75196,510,988,23309,
321.4109009771794,75196,510,987,23310,
321.41117637998843,75196,510,986,23311,
321.41351556736225,75196,510,985,23312,
321.4220608863493,75196,510,984,23313,
321.42568478322124,75196,510,983,23314,
321.4263812309718,75196,509,984,23314,
321.43150023841895,75196,509,983,23315,
321.44005841150647,75196,508,984,23315,
321.4402791416489,75196,508,983,23316,
321.4442662664845,75196,508,982,23317,
321.4446529647614,75195,509,982,23317,
321.44977173690785,75195,508,983,23317,
321.4508360131011,75195,508,982,23318,
321.4523135784094,75195,507,983,23318,
321.4587628739324,75195,507,982,23319,
321.4592394507283,75195,506,983,23319,
321.4620575911361,75194,507,983,23319,
321.46564433638883,75193,508,983,23319,
321.4696058883443,75193,507,984,23319,
321.47036723415056,75193,506,985,23319,
321.4730719284062,75193,505,986,23319,
321.4788356732958,75192,506,986,23319,
321.4823150628247,75192,506,985,23320,
321.48335619004854,75191,507,985,23320,
321.4871250331844,75191,507,984,23321,
321.489652938749,75191,507,983,23322,
321.49043315908125,75191,507,982,23323,
321.49104193945584,75191,506,983,23323,
321.4975977781602,75191,505,984,23323,
321.50540263963643,75190,506,984,23323,
321.50643552176075,75190,505,985,23323,
321.5077827450428,75190,505,984,23324,
321.5171977305362,75190,505,983,23325,
321.51748119545096,75190,505,982,23326,
321.5185888471548,75190,505,981,23327,
321.5223316676003,75189,506,981,23327,
321.5254676737513,75189,505,982,23327,
321.5348402853037,75188,506,982,23327,
321.53596360145406,75187,507,982,23327,
321.5367874198388,75186,508,982,23327,
321.54597302854467,75186,508,981,23328,
321.5464556565443,75186,507,982,23328,
321.54764929316065,75186,507,981,23329,
321.5530132372489,75186,506,982,23329,
321.5572334574171,75186,505,983,23329,
321.560450024508,75185,506,983,23329,
321.5692427048587,75184,507,983,23329,
321.5743646589933,75184,507,982,23330,
321.57482955882904,75184,507,981,23331,
321.5751255711691,75184,506,982,23331,
321.5772287652061,75184,506,981,23332,
321.57742541417,75184,505,982,23332,
321.5780740804131,75184,505,981,23333,
321.5796131730146,75184,504,982,23333,
321.5840409624973,75183,505,982,23333,
321.58596333190474,75182,506,982,23333,
321.5931965032427,75182,505,983,23333,
321.59953734809085,75182,505,982,23334,
321.60151665878726,75181,506,982,23334,
321.602381974465,75181,505,983,23334,
321.61452875290337,75180,506,983,23334,
321.61908549294367,75180,505,984,23334,
321.6191598293971,75179,506,984,23334,
321.63026616474394,75179,506,983,23335,
321.6307870964655,75179,506,982,23336,
321.63332594646914,75179,506,981,23337,
321.6418217984905,75178,507,981,23337,
321.6422641620313,75178,507,980,23338,
321.64383800227733,75178,506,981,23338,
321.6460518023353,75178,506,980,23339,
321.6495537396736,75177,507,980,23339,
321.6501685186293,75177,506,981,23339,
321.6523923757504,75177,506,980,23340,
321.6571915346599,75177,506,979,23341,
321.65974605736136,75177,505,980,23341,
321.66058954614823,75176,506,980,23341,
321.66173578195867,75176,505,981,23341,
321.6892143854882,75176,505,980,23342,
321.692015681972,75176,505,979,23343,
321.69645576033736,75175,506,979,23343,
321.6975318637969,75175,506,978,23344,
321.7010474255024,75175,506,977,23345,
321.7021976239188,75175,505,978,23345,
321.71164254501423,75174,506,978,23345,
321.71258830336103,75173,507,978,23345,
321.7132071079424,75172,508,978,23345,
321.7134818578047,75172,507,979,23345,
321.7135470452675,75171,508,979,23345,
321.71788466505916,75171,507,980,23345,
321.7233853731652,75171,507,979,23346,
321.7248815010021,75170,508,979,23346,
321.72721792001954,75169,509,979,23346,
321.7342654238092,75168,510,979,23346,
321.73547407572926,75168,510,978,23347,
321.73707147329986,75168,510,977,23348,
321.7384288714046,75168,509,978,23348,
321.7396368734537,75168,509,977,23349,
321.7457649399102,75168,508,978,23349,
321.75710292925487,75168,508,977,23350,
321.7585868220267,75168,507,978,23350,
321.7615705626499,75167,508,978,23350,
321.7620774378864,75166,509,978,23350,
321.76385419727603,75166,509,977,23351,
321.76449018568206,75166,508,978,23351,
321.7654949036,75166,508,977,23352,
321.7699605168279,75166,507,978,23352,
321.7766711459847,75166,506,979,23352,
321.77785453313425,75166,505,980,23352,
321.77904507359386,75166,504,981,23352,
321.78294732713124,75166,503,982,23352,
321.7836827316698,75166,503,981,23353,
321.7871413528218,75166,503,980,23354,
321.7896800059638,75166,503,979,23355,
321.79203986561305,75166,502,980,23355,
321.7979794140822,75166,502,979,23356,
321.8080051547438,75166,502,978,23357,
321.81425100030486,75166,501,979,23357,
321.81951002566484,75165,502,979,23357,
321.82350626162577,75165,501,980,23357,
321.82354603705613,75165,501,979,23358,
321.82518264199496,75165,501,978,23359,
321.825414529734,75164,502,978,23359,
321.8273810848428,75164,501,979,23359,
321.8325967650667,75164,500,980,23359,
321.83266562991923,75164,499,981,23359,
321.832794932511,75163,500,981,23359,
321.8460173617881,75162,501,981,23359,
321.84778427557853,75162,500,982,23359,
321.85590720490467,75162,499,983,23359,
321.8566730588898,75162,498,984,23359,
321.8568978445491,75162,498,983,23360,
321.8574759295851,75161,499,983,23360,
321.8600431010161,75161,498,984,23360,
321.86043885967325,75161,497,985,23360,
321.86544066095274,75161,496,986,23360,
321.86707766116865,75160,497,986,23360,
321.8718909031114,75160,496,987,23360,
321.8789935929208,75159,497,987,23360,
321.8825389091623,75159,497,986,23361,
321.8860074754755,75158,498,986,23361,
321.8874143179802,75158,498,985,23362,
321.8880002044135,75157,499,985,23362,
321.8892250540447,75157,498,986,23362,
321.88959942778183,75157,498,985,23363,
321.89554862246473,75156,499,985,23363,
321.896960130316,75155,500,985,23363,
321.90843335671804,75154,501,985,23363,
321.908597202663,75154,501,984,23364,
321.91244950979194,75154,501,983,23365,
321.91887424901614,75154,501,982,23366,
321.9234999216648,75154,501,981,23367,
321.92433949628503,75154,500,982,23367,
321.931381012056,75154,500,981,23368,
321.9324896863063,75153,501,981,23368,
321.93572595273844,75152,502,981,23368,
321.94490034771087,75152,501,982,23368,
321.94698213857845,75151,502,982,23368,
321.95130208713647,75151,501,983,23368,
321.9530838493362,75151,501,982,23369,
321.95522622238025,75151,500,983,23369,
321.95580918522836,75150,501,983,23369,
321.9564380529383,75150,501,982,23370,
321.956806450379,75149,502,982,23370,
321.9624038072526,75148,503,982,23370,
321.96554345965353,75147,504,982,23370,
321.96609012938717,75147,504,981,23371,
321.96756804679,75147,504,980,23372,
321.9711048627052,75147,503,981,23372,
321.9729137346349,75147,502,982,23372,
321.9814455675121,75147,501,983,23372,
321.98377172308,75147,500,984,23372,
321.98751630462874,75147,499,985,23372,
321.9891820986649,75147,498,986,23372,
321.9896693627505,75147,498,985,23373,
321.9920726027085,75146,499,985,23373,
321.99397971851,75145,500,985,23373,
321.9964305827867,75145,500,984,23374,
322.0072896142496,75145,500,983,23375,
322.00895077013774,75145,500,982,23376,
322.01085140109865,75145,499,983,23376,
322.0113611490712,75144,500,983,23376,
322.0136332774223,75144,499,984,23376,
322.0147849011014,75143,500,984,23376,
322.01492004714856,75142,501,984,23376,
322.0150859276599,75142,501,983,23377,
322.0155720388424,75142,501,982,23378,
322.01856588476323,75142,501,981,23379,
322.0190052965839,75142,501,980,23380,
322.01922236465225,75142,501,979,23381,
322.0242701029853,75142,500,980,23381,
322.0257667192186,75141,501,980,23381,
322.0263895109819,75140,502,980,23381,
322.027390352121,75140,501,981,23381,
322.02909620655265,75139,502,981,23381,
322.02954344384574,75138,503,981,23381,
322.03318826847504,75137,504,981,23381,
322.03498306691927,75137,503,982,23381,
322.0367508848729,75137,502,983,23381,
322.04042745244476,75136,503,983,23381,
322.0408704007698,75136,502,984,23381,
322.047790406579,75136,502,983,23382,
322.0501391482904,75136,501,984,23382,
322.0506834313464,75136,501,983,23383,
322.05171508808155,75136,501,982,23384,
322.05609553029916,75136,501,981,23385,
322.0563911437158,75136,501,980,23386,
322.0572077747598,75136,501,979,23387,
322.0609530980211,75136,501,978,23388,
322.06124972245664,75136,501,977,23389,
322.0627913874863,75135,502,977,23389,
322.0656582934192,75134,503,977,23389,
322.0679364404292,75134,503,976,23390,
322.0690284438641,75133,504,976,23390,
322.07065886845135,75133,503,977,23390,
322.07133288600437,75132,504,977,23390,
322.0715296879315,75131,505,977,23390,
322.0838660647557,75130,506,977,23390,
322.08544337577206,75130,506,976,23391,
322.08705360539136,75130,506,975,23392,
322.09163089656624,75130,505,976,23392,
322.09292031397973,75129,506,976,23392,
322.0978954602803,75128,507,976,23392,
322.09940131661466,75127,508,976,23392,
322.1043435990727,75127,508,975,23393,
322.10924749781935,75126,509,975,23393,
322.1115882914617,75126,509,974,23394,
322.11323263927693,75126,508,975,23394,
322.1157945433377,75125,509,975,23394,
322.11928819223976,75124,510,975,23394,
322.1195798490122,75124,510,974,23395,
322.1234186337468,75124,510,973,23396,
322.127127289383,75124,510,972,23397,
322.1305427498631,75124,509,973,23397,
322.1389999519159,75124,508,974,23397,
322.1450662033717,75124,508,973,23398,
322.1475191934214,75123,509,973,23398,
322.14868549332255,75122,510,973,23398,
322.1492546410141,75121,511,973,23398,
322.1496647540524,75121,510,974,23398,
322.15349637187677,75121,509,975,23398,
322.15415774534364,75121,508,976,23398,
322.1560422838317,75121,508,975,23399,
322.1572727763561,75120,509,975,23399,
322.15834441504455,75119,510,975,23399,
322.1604255079353,75118,511,975,23399,
322.1624869698741,75118,510,976,23399,
322.1690757140679,75118,510,975,23400,
322.17283289314156,75118,509,976,23400,
322.1775423559905,75118,509,975,23401,
322.1787766482707,75118,508,976,23401,
322.179912301282,75118,508,975,23402,
322.1869091551678,75118,508,974,23403,
322.1873325707482,75117,509,974,23403,
322.19334689357123,75117,508,975,23403,
322.19696882042666,75117,508,974,23404,
322.1993538804174,75116,509,974,23404,
322.1994583950234,75116,509,973,23405,
322.20001347385937,75115,510,973,23405,
322.2006835438939,75115,509,974,23405,
322.2013551348646,75114,510,974,23405,
322.20439401135724,75114,510,973,23406,
322.2048186971093,75114,509,974,23406,
322.2059066329392,75114,508,975,23406,
322.2104428003006,75114,507,976,23406,
322.2128164966194,75114,506,977,23406,
322.21458888585,75114,505,978,23406,
322.2146785870528,75113,506,978,23406,
322.2163145738628,75112,507,978,23406,
322.2164189109961,75111,508,978,23406,
322.2164913199336,75111,507,979,23406,
322.21875208998165,75110,508,979,23406,
322.2221336784484,75110,508,978,23407,
322.2249743911354,75109,509,978,23407,
322.22497469646174,75109,509,977,23408,
322.2251698655227,75109,508,978,23408,
322.2256315518043,75108,509,978,23408,
322.22871697981924,75108,508,979,23408,
322.2358329776194,75107,509,979,23408,
322.2396674899297,75107,508,980,23408,
322.24135802205427,75107,507,981,23408,
322.2451932073725,75107,507,980,23409,
322.2462296427606,75107,506,981,23409,
322.248777540192,75106,507,981,23409,
322.24962367971125,75105,508,981,23409,
322.2603853197756,75105,508,980,23410,
322.2669094483677,75105,508,979,23411,
322.26730865218644,75105,507,980,23411,
322.2685729310473,75105,507,979,23412,
322.2697914683363,75104,508,979,23412,
322.27451264325657,75104,507,980,23412,
322.27457012288517,75104,507,979,23413,
322.27951292707303,75104,506,980,23413,
322.2816165125624,75104,505,981,23413,
322.2834578796969,75103,506,981,23413,
322.2836288785465,75103,505,982,23413,
322.2856520096798,75103,505,981,23414,
322.28651393576126,75103,504,982,23414,
322.28928291073896,75103,504,981,23415,
322.294767424381,75102,505,981,23415,
322.29724018148715,75101,506,981,23415,
322.30209459367734,75100,507,981,23415,
322.3030074688284,75099,508,981,23415,
322.31334572234096,75098,509,981,23415,
322.3199023123087,75097,510,981,23415,
322.3200283546466,75096,511,981,23415,
322.33487819899455,75096,510,982,23415,
322.3384193567516,75096,510,981,23416,
322.3454534046433,75096,509,982,23416,
322.3517880714663,75096,508,983,23416,
322.35324625329673,75096,507,984,23416,
322.3543597990776,75096,507,983,23417,
322.35540088268965,75096,506,984,23417,
322.35774474977626,75095,507,984,23417,
322.35869380336385,75094,508,984,23417,
322.3608999509708,75094,507,985,23417,
322.3627847798593,75094,507,984,23418,
322.36825434467846,75094,506,985,23418,
322.37759045862106,75094,506,984,23419,
322.3793065854144,75094,506,983,23420,
322.38168495652815,75094,505,984,23420,
322.3818414530505,75094,504,985,23420,
322.38191608041063,75094,504,984,23421,
322.3835960283307,75094,504,983,23422,
322.3860564172835,75094,504,982,23423,
322.3872059312024,75094,504,981,23424,
322.3897772950076,75093,505,981,23424,
322.39896226405205,75093,505,980,23425,
322.4012220789331,75093,504,981,23425,
322.4043509322317,75093,503,982,23425,
322.4064858093565,75093,502,983,23425,
322.4085093899713,75093,502,982,23426,
322.4141807613604,75092,503,982,23426,
322.4188101704615,75091,504,982,23426,
322.4200057061842,75091,503,983,23426,
322.42131497694805,75091,503,982,23427,
322.42179766395986,75091,502,983,23427,
322.4231330127587,75091,501,984,23427,
322.4300363086173,75090,502,984,23427,
322.43118647372444,75090,502,983,23428,
322.43551868703327,75089,503,983,23428,
322.43829162423805,75088,504,983,23428,
322.4427570127535,75087,505,983,23428,
322.4481677378211,75087,505,982,23429,
322.452228501756,75087,504,983,23429,
322.45494266259186,75086,505,983,23429,
322.455194919526,75085,506,983,23429,
322.455289827644,75085,506,982,23430,
322.4582498154674,75084,507,982,23430,
322.4651893680402,75084,507,981,23431,
322.4665896241799,75083,508,981,23431,
322.46810948695816,75083,508,980,23432,
322.4729685693977,75083,507,981,23432,
322.4746782131487,75083,507,980,23433,
322.4766465305043,75083,507,979,23434,
322.4837463797588,75083,507,978,23435,
322.4882427552228,75083,507,977,23436,
322.49145369049864,75082,508,977,23436,
322.5051140822769,75081,509,977,23436,
322.5059768360401,75081,508,978,23436,
322.5087003305408,75081,508,977,23437,
322.51492302398907,75081,507,978,23437,
322.51881756587886,75081,507,977,23438,
322.51904805452773,75080,508,977,23438,
322.5256620532943,75080,508,976,23439,
322.5294905343171,75080,507,977,23439,
322.530796405979,75080,506,978,23439,
322.53124764946807,75080,505,979,23439,
322.53235877041396,75080,505,978,23440,
322.53434470863874,75079,506,978,23440,
322.5388681196702,75079,506,977,23441,
322.5389276403675,75079,505,978,23441,
322.5393774438879,75078,506,978,23441,
322.54747895858844,75078,505,979,23441,
322.5547872716237,75078,504,980,23441,
322.5559342547621,75078,504,979,23442,
322.55623047013154,75077,505,979,23442,
322.5608424969622,75077,504,980,23442,
322.5623425810783,75077,503,981,23442,
322.5659380879679,75076,504,981,23442,
322.5676369368744,75076,503,982,23442,
322.5760107223128,75076,503,981,23443,
322.58000980138763,75076,503,980,23444,
322.5826154160566,75076,502,981,23444,
322.5840352412266,75076,501,982,23444,
322.58953197292993,75076,501,981,23445,
322.591654281614,75076,501,980,23446,
322.5928622860202,75075,502,980,23446,
322.5984391055614,75075,501,981,23446,
322.613894823961,75074,502,981,23446,
322.61491415416157,75074,502,980,23447,
322.61664937956874,75074,501,981,23447,
322.6206367368682,75074,500,982,23447,
322.62298716131835,75074,500,981,23448,
322.62440103800026,75074,500,980,23449,
322.62789354057236,75074,500,979,23450,
322.63128900022605,75074,500,978,23451,
322.63272594698077,75074,499,979,23451,
322.6341385842395,75074,499,978,23452,
322.6352276079889,75073,500,978,23452,
322.63526874838175,75073,500,977,23453,
322.63633686505045,75073,500,976,23454,
322.63635950573206,75072,501,976,23454,
322.6367435079449,75072,500,977,23454,
322.6464707248436,75071,501,977,23454,
322.6588467800406,75071,500,978,23454,
322.6613826554944,75071,499,979,23454,
322.66264396933025,75070,500,979,23454,
322.6636924862967,75070,500,978,23455,
322.6658135489318,75070,499,979,23455,
322.67106536896847,75069,500,979,23455,
322.671230081025,75069,499,980,23455,
322.67957968584034,75069,498,981,23455,
322.68169736954127,75068,499,981,23455,
322.68219262878756,75068,499,980,23456,
322.684340535187,75068,498,981,23456,
322.6853250807205,75068,498,980,23457,
322.68607118035396,75068,497,981,23457,
322.68905920828814,75068,497,980,23458,
322.6890693766531,75067,498,980,23458,
322.68950523547835,75067,498,979,23459,
322.6919693369432,75067,497,980,23459,
322.6934557504865,75066,498,980,23459,
322.7005855808801,75066,498,979,23460,
322.7053386570616,75066,497,980,23460,
322.70587989603024,75066,497,979,23461,
322.7088310534994,75066,497,978,23462,
322.719412061599,75066,497,977,23463,
322.7209766277855,75066,497,976,23464,
322.7236335176152,75066,497,975,23465,
322.72525300236856,75065,498,975,23465,
322.72800865237537,75065,497,976,23465,
322.73417453361384,75065,497,975,23466,
322.7388947849807,75065,496,976,23466,
322.7393237299003,75065,496,975,23467,
322.7438598419734,75065,496,974,23468,
322.74553455472915,75065,496,973,23469,
322.74601604136353,75065,496,972,23470,
322.7494635573022,75065,496,971,23471,
322.757909020476,75065,495,972,23471,
322.76139569877967,75065,494,973,23471,
322.763178113401,75065,494,972,23472,
322.76411426142727,75065,493,973,23472,
322.767247893519,75064,494,973,23472,
322.77252531115954,75064,494,972,23473,
322.78119450351284,75064,493,973,23473,
322.78564839469544,75064,492,974,23473,
322.7866378343628,75064,491,975,23473,
322.7879357960307,75063,492,975,23473,
322.7880802042008,75062,493,975,23473,
322.7911352581422,75061,494,975,23473,
322.79141401156346,75061,494,974,23474,
322.79165976421336,75061,494,973,23475,
322.7974772140443,75061,494,972,23476,
322.80408612471746,75061,494,971,23477,
322.80531683509804,75061,494,970,23478,
322.80844150537615,75061,493,971,23478,
322.80865227001567,75061,492,972,23478,
322.810668862804,75061,492,971,23479,
322.81323369946574,75060,493,971,23479,
322.8183931781365,75060,492,972,23479,
322.8249264699115,75060,492,971,23480,
322.83564091068536,75059,493,971,23480,
322.837482629766,75059,493,970,23481,
322.838773059199,75058,494,970,23481,
322.84583335759885,75058,494,969,23482,
322.84611568082437,75058,494,968,23483,
322.8464055168449,75057,495,968,23483,
322.84753555048593,75057,495,967,23484,
322.8483488883131,75057,494,968,23484,
322.84997992484557,75057,494,967,23485,
322.8500504139976,75056,495,967,23485,
322.8500840428626,75056,495,966,23486,
322.85489752344307,75056,495,965,23487,
322.8581131175884,75056,495,964,23488,
322.85908046378836,75055,496,964,23488,
322.8621353435238,75054,497,964,23488,
322.86302353891955,75054,496,965,23488,
322.8678557371551,75054,496,964,23489,
322.8697307508855,75054,496,963,23490,
322.87088332964515,75053,497,963,23490,
322.8724710487448,75052,498,963,23490,
322.87633441583563,75051,499,963,23490,
322.8805734507462,75051,499,962,23491,
322.88252493868384,75051,499,961,23492,
322.8844412858453,75050,500,961,23492,
322.889071415438,75050,500,960,23493,
322.8944300080011,75050,500,959,23494,
322.9091123007935,75050,500,958,23495,
322.9186364019742,75050,500,957,23496,
322.9205885811267,75050,499,958,23496,
322.92371647111423,75050,498,959,23496,
322.92712228255704,75049,499,959,23496,
322.9281944288489,75049,499,958,23497,
322.9291614047879,75048,500,958,23497,
322.929498314789,75048,500,957,23498,
322.934238641394,75048,499,958,23498,
322.94503107612024,75048,499,957,23499,
322.94867484524394,75048,498,958,23499,
322.9517739280134,75047,499,958,23499,
322.9521139652093,75047,499,957,23500,
322.95224084067996,75047,499,956,23501,
322.952846820887,75047,498,957,23501,
322.9533577034541,75046,499,957,23501,
322.95483102886766,75046,498,958,23501,
322.9579136448412,75046,498,957,23502,
322.95870132244494,75046,498,956,23503,
322.96118741859874,75046,498,955,23504,
322.9631586468105,75046,497,956,23504,
322.9686077595378,75046,497,955,23505,
322.97043257615786,75046,497,954,23506,
322.9707821844588,75046,497,953,23507,
322.9754676408816,75045,498,953,23507,
322.97551457269446,75045,498,952,23508,
322.9805258985221,75045,497,953,23508,
322.98521375379164,75045,496,954,23508,
322.99223015907455,75044,497,954,23508,
323.0031482116216,75043,498,954,23508,
323.00781599317315,75043,497,955,23508,
323.00812951317045,75042,498,955,23508,
323.0093696946921,75042,498,954,23509,
323.01480134564514,75042,498,953,23510,
323.01958722892283,75042,497,954,23510,
323.02253292022124,75041,498,954,23510,
323.0295835440805,75041,498,953,23511,
323.0312992505567,75041,498,952,23512,
323.03228442048174,75041,497,953,23512,
323.037114455479,75040,498,953,23512,
323.04794355850385,75039,499,953,23512,
323.05301088926467,75038,500,953,23512,
323.0556627432067,75038,499,954,23512,
323.0573604499484,75038,498,955,23512,
323.0590175654804,75038,498,954,23513,
323.06350832656244,75038,497,955,23513,
323.0719445976976,75037,498,955,23513,
323.07274115930943,75037,498,954,23514,
323.07924685339395,75037,498,953,23515,
323.0902493437686,75037,497,954,23515,
323.0915634626257,75036,498,954,23515,
323.0932118231465,75036,497,955,23515,
323.095101965733,75036,496,956,23515,
323.0967835143729,75036,496,955,23516,
323.09790078787626,75036,496,954,23517,
323.1071915906449,75035,497,954,23517,
323.1085109331965,75035,497,953,23518,
323.1099559973293,75035,497,952,23519,
323.1124172681497,75035,496,953,23519,
323.1140853593913,75034,497,953,23519,
323.11411286447003,75034,496,954,23519,
323.11517797207085,75034,496,953,23520,
323.1221325487914,75034,495,954,23520,
323.12286719261346,75034,494,955,23520,
323.1261908818793,75034,494,954,23521,
323.13071295561264,75033,495,954,23521,
323.1325763247736,75032,496,954,23521,
323.13432139275477,75032,496,953,23522,
323.1347964532861,75032,495,954,23522,
323.1368928452567,75031,496,954,23522,
323.1393618308596,75030,497,954,23522,
323.1438781231146,75029,498,954,23522,
323.1469135603475,75029,498,953,23523,
323.15205228229,75029,498,952,23524,
323.154601799537,75028,499,952,23524,
323.15774317186526,75028,499,951,23525,
323.16466850338435,75028,499,950,23526,
323.17111380027364,75027,500,950,23526,
323.17148199735067,75027,499,951,23526,
323.1759632334219,75027,499,950,23527,
323.1821882860651,75026,500,950,23527,
323.1869474393024,75026,500,949,23528,
323.1875752416241,75026,499,950,23528,
323.1879827675394,75026,498,951,23528,
323.20406533024766,75025,499,951,23528,
323.2040985098882,75024,500,951,23528,
323.20472094524644,75023,501,951,23528,
323.20786625444873,75023,500,952,23528,
323.2094232797404,75023,500,951,23529,
323.2126415707816,75023,500,950,23530,
323.21375719115025,75022,501,950,23530,
323.21996010784284,75022,500,951,23530,
323.22237593959807,75021,501,951,23530,
323.2242344673435,75021,501,950,23531,
323.22568761122926,75021,500,951,23531,
323.22611939139745,75021,499,952,23531,
323.22820462376603,75021,498,953,23531,
323.2373870728036,75021,497,954,23531,
323.2408089114877,75021,497,953,23532,
323.24357064063105,75021,497,952,23533,
323.2442726991319,75021,497,951,23534,
323.2465251036679,75021,497,950,23535,
323.2475244196747,75020,498,950,23535,
323.2494521596019,75020,498,949,23536,
323.2501949128743,75019,499,949,23536,
323.25630873396426,75019,498,950,23536,
323.25783712506836,75018,499,950,23536,
323.2580863401051,75017,500,950,23536,
323.25952731736385,75017,499,951,23536,
323.26134281262614,75017,499,950,23537,
323.2623457941729,75017,498,951,23537,
323.2665045313903,75017,497,952,23537,
323.268306425986,75016,498,952,23537,
323.2708736531086,75016,498,951,23538,
323.27515101100926,75016,497,952,23538,
323.2764482272793,75015,498,952,23538,
323.27717462278616,75015,497,953,23538,
323.2940797942628,75014,498,953,23538,
323.2972624671598,75014,498,952,23539,
323.2981918474733,75014,497,953,23539,
323.29865178598175,75013,498,953,23539,
323.3015325539595,75013,498,952,23540,
323.30237172618166,75012,499,952,23540,
323.3074165052866,75011,500,952,23540,
323.31487972608033,75010,501,952,23540,
323.32078467795526,75010,500,953,23540,
323.32374945086747,75010,499,954,23540,
323.32620491318875,75010,499,953,23541,
323.3273032519799,75010,499,952,23542,
323.3378255478967,75010,499,951,23543,
323.33915628329976,75010,499,950,23544,
323.3422719283121,75010,499,949,23545,
323.34307927006023,75010,499,948,23546,
323.34968596305583,75010,498,949,23546,
323.3544026900081,75009,499,949,23546,
323.36155230552095,75009,498,950,23546,
323.3674284517772,75009,498,949,23547,
323.37227866471727,75009,498,948,23548,
323.37497520198724,75008,499,948,23548,
323.37931434863145,75008,498,949,23548,
323.3799751544315,75008,498,948,23549,
323.3830210296289,75007,499,948,23549,
323.38508241135287,75006,500,948,23549,
323.3851891305035,75006,500,947,23550,
323.39227712848464,75005,501,947,23550,
323.39256612485116,75004,502,947,23550,
323.3969851524148,75004,502,946,23551,
323.39818296112327,75004,502,945,23552,
323.40300675536497,75004,501,946,23552,
323.40962813202816,75004,501,945,23553,
323.41041873261986,75004,501,944,23554,
323.4124020615105,75004,501,943,23555,
323.4140657481278,75004,500,944,23555,
323.41797270276567,75004,499,945,23555,
323.43251835384655,75003,500,945,23555,
323.4327037232084,75003,500,944,23556,
323.433944906212,75003,500,943,23557,
323.4408384062097,75003,499,944,23557,
323.4414039106204,75003,498,945,23557,
323.4481533623428,75003,497,946,23557,
323.45201996616106,75002,498,946,23557,
323.45301474468806,75002,498,945,23558,
323.4549032850495,75002,498,944,23559,
323.45566134743245,75002,497,945,23559,
323.46064954787056,75002,496,946,23559,
323.4612115719647,75002,495,947,23559,
323.4638791746847,75001,496,947,23559,
323.4668398707581,75001,496,946,23560,
323.4726722583748,75001,495,947,23560,
323.4727205259543,75001,494,948,23560,
323.4731704868464,75001,494,947,23561,
323.47738182815476,75001,494,946,23562,
323.48143493009866,75001,494,945,23563,
323.48735095576075,75001,493,946,23563,
323.4887360646292,75000,494,946,23563,
323.49071450655697,74999,495,946,23563,
323.4908784829133,74999,495,945,23564,
323.49090314695064,74998,496,945,23564,
323.49669297689354,74998,495,946,23564,
323.49912174491556,74998,494,947,23564,
323.5029385452925,74998,493,948,23564,
323.5069593752825,74998,493,947,23565,
323.5109312608519,74998,493,946,23566,
323.51775709474236,74998,493,945,23567,
323.5181720364392,74998,492,946,23567,
323.51912054380597,74998,491,947,23567,
323.52269936383993,74998,490,948,23567,
323.5323358378864,74998,489,949,23567,
323.5417023755569,74997,490,949,23567,
323.54277884300143,74997,489,950,23567,
323.5461989999646,74996,490,950,23567,
323.5493632674843,74995,491,950,23567,
323.54986206400406,74995,491,949,23568,
323.55125900599825,74995,490,950,23568,
323.5547969768245,74995,489,951,23568,
323.55564594775683,74995,489,950,23569,
323.55687551712106,74995,488,951,23569,
323.55788828972163,74995,488,950,23570,
323.5590599619381,74994,489,950,23570,
323.5622718949145,74994,489,949,23571,
323.56576674245747,74993,490,949,23571,
323.56755273900876,74992,491,949,23571,
323.5720827654916,74991,492,949,23571,
323.5725350866237,74991,492,948,23572,
323.57379622964964,74990,493,948,23572,
323.58122751530107,74989,494,948,23572,
323.5857267902905,74989,494,947,23573,
323.58681956347453,74988,495,947,23573,
323.58986525160134,74987,496,947,23573,
323.5930194243406,74986,497,947,23573,
323.5947501024999,74986,496,948,23573,
323.59552266948145,74986,495,949,23573,
323.6013195742604,74985,496,949,23573,
323.6016787632246,74984,497,949,23573,
323.60558369863486,74984,497,948,23574,
323.60789070692994,74984,497,947,23575,
323.60814778882144,74984,496,948,23575,
323.61451336992224,74984,496,947,23576,
323.6157546864164,74984,496,946,23577,
323.61726143289746,74984,495,947,23577,
323.6197315083977,74983,496,947,23577,
323.621699565415,74983,496,946,23578,
323.62207127999426,74983,496,945,23579,
323.6223917829105,74982,497,945,23579,
323.62283377011187,74982,496,946,23579,
323.6292600592723,74982,496,945,23580,
323.6296779254786,74981,497,945,23580,
323.6534524152489,74981,496,946,23580,
323.65651665907063,74981,496,945,23581,
323.6619209387321,74981,495,946,23581,
323.66328031648703,74980,496,946,23581,
323.67096931343195,74980,496,945,23582,
323.67910820620324,74980,496,944,23583,
323.6798766502407,74980,495,945,23583,
323.6865277669075,74980,495,944,23584,
323.6877904442624,74980,495,943,23585,
323.69258328008095,74980,495,942,23586,
323.69390743943086,74980,494,943,23586,
323.6948258673148,74979,495,943,23586,
323.6948522035281,74979,494,944,23586,
323.6953643796941,74978,495,944,23586,
323.7000747625347,74977,496,944,23586,
323.7060313906348,74977,495,945,23586,
323.7093710129521,74976,496,945,23586,
323.72020967870225,74976,495,946,23586,
323.7202298589262,74976,494,947,23586,
323.72332931580786,74975,495,947,23586,
323.72425405360065,74975,495,946,23587,
323.7253248506367,74974,496,946,23587,
323.7280770282383,74974,496,945,23588,
323.730057870386,74974,496,944,23589,
323.73006275041547,74974,496,943,23590,
323.73015691188743,74974,495,944,23590,
323.73297045693863,74974,494,945,23590,
323.7344278565506,74974,494,944,23591,
323.7380814288791,74973,495,944,23591,
323.7427674874516,74973,494,945,23591,
323.74291594846954,74972,495,945,23591,
323.74497222551594,74972,495,944,23592,
323.74519891551193,74972,495,943,23593,
323.74998733625466,74972,495,942,23594,
323.7506929826437,74972,494,943,23594,
323.75097039736033,74972,494,942,23595,
323.7589578364748,74972,494,941,23596,
323.7634119879989,74972,493,942,23596,
323.77019558802164,74972,493,941,23597,
323.77353446905863,74972,492,942,23597,
323.7769668415354,74972,492,941,23598,
323.77968496470385,74972,491,942,23598,
323.78600700672763,74971,492,942,23598,
323.78625855861435,74971,492,941,23599,
323.79497300590697,74971,492,940,23600,
323.800497617554,74971,491,941,23600,
323.80485628845577,74971,490,942,23600,
323.80580262788607,74971,489,943,23600,
323.8063149676973,74970,490,943,23600,
323.82357425832373,74969,491,943,23600,
323.8293469939159,74968,492,943,23600,
323.8379019810451,74967,493,943,23600,
323.8391840290194,74967,493,942,23601,
323.84304764892346,74967,493,941,23602,
323.8447917142455,74967,492,942,23602,
323.8498290419017,74966,493,942,23602,
323.8505642014374,74966,493,941,23603,
323.8525354443321,74966,493,940,23604,
323.86588880046935,74966,493,939,23605,
323.87545085467207,74965,494,939,23605,
323.8759525829885,74964,495,939,23605,
323.8763467232275,74963,496,939,23605,
323.878172369045,74963,496,938,23606,
323.88353656818106,74962,497,938,23606,
323.8843371802367,74962,497,937,23607,
323.8862926349494,74961,498,937,23607,
323.8885069576721,74961,498,936,23608,
323.8958838642996,74961,498,935,23609,
323.902113605579,74961,497,936,23609,
323.90355978192355,74961,497,935,23610,
323.91091478538425,74960,498,935,23610,
323.91292384903534,74959,499,935,23610,
323.91312812854676,74958,500,935,23610,
323.91426745563155,74958,499,936,23610,
323.92006973775614,74957,500,936,23610,
323.9276435146096,74956,501,936,23610,
323.92994065777947,74956,500,937,23610,
323.93121666256997,74955,501,937,23610,
323.9316792526279,74955,500,938,23610,
323.93243790813136,74955,499,939,23610,
323.9325813286224,74955,499,938,23611,
323.9336220004886,74955,499,937,23612,
323.9336720644006,74955,499,936,23613,
323.93478901982905,74955,498,937,23613,
323.93696153770554,74955,498,936,23614,
323.9415266599287,74955,498,935,23615,
323.9468807016649,74955,497,936,23615,
323.9479864255183,74955,497,935,23616,
323.94807250097153,74955,497,934,23617,
323.951518206926,74954,498,934,23617,
323.9652234079362,74954,498,933,23618,
323.9652287950665,74954,497,934,23618,
323.96688934058346,74954,497,933,23619,
323.9712462058246,74954,497,932,23620,
323.9713090947601,74954,496,933,23620,
323.97208194953384,74954,496,932,23621,
323.97367910071534,74953,497,932,23621,
323.97825319675974,74953,496,933,23621,
323.9806251804704,74953,496,932,23622,
323.9825156929134,74952,497,932,23622,
323.9834093258225,74952,497,931,23623,
323.9845502233196,74952,497,930,23624,
323.9847117889818,74952,496,931,23624,
323.9859128943769,74951,497,931,23624,
323.9916212570347,74951,497,930,23625,
323.99617286326935,74950,498,930,23625,
323.99772609784384,74950,498,929,23626,
323.9987744645786,74950,498,928,23627,
323.99886354953014,74949,499,928,23627,
323.99970926616515,74948,500,928,23627,
324.0001390655303,74948,500,927,23628,
324.0014575301367,74948,500,926,23629,
324.00152451469944,74948,499,927,23629,
324.0089009986939,74948,498,928,23629,
324.00940305410717,74947,499,928,23629,
324.0122046091249,74947,499,927,23630,
324.0144691385333,74947,498,928,23630,
324.0223256836789,74947,498,927,23631,
324.02269547858816,74946,499,927,23631,
324.0233365971985,74946,499,926,23632,
324.02977586885527,74946,499,925,23633,
324.0298599369579,74946,498,926,23633,
324.03626220584397,74946,498,925,23634,
324.03746312339985,74945,499,925,23634,
324.03810273427086,74944,500,925,23634,
324.04004861037635,74944,500,924,23635,
324.040364427896,74944,500,923,23636,
324.04516915166647,74943,501,923,23636,
324.04531411800207,74943,501,922,23637,
324.0457354372491,74943,500,923,23637,
324.04588385023044,74943,500,922,23638,
324.04596902788325,74943,500,921,23639,
324.04800654051,74943,500,920,23640,
324.0548393809251,74942,501,920,23640,
324.05545539613877,74942,501,919,23641,
324.05653247539686,74942,500,920,23641,
324.0607065362566,74942,499,921,23641,
324.0609214246384,74942,499,920,23642,
324.0650254192267,74941,500,920,23642,
324.0832954244907,74940,501,920,23642,
324.0865846245344,74940,501,919,23643,
324.0871940803635,74940,501,918,23644,
324.0872575647994,74940,501,917,23645,
324.0896875021826,74940,501,916,23646,
324.0937869576252,74940,500,917,23646,
324.1016484515474,74939,501,917,23646,
324.1070330229847,74939,500,918,23646,
324.1095723533557,74939,499,919,23646,
324.11581296907514,74939,498,920,23646,
324.11692618448126,74939,498,919,23647,
324.1175504602781,74938,499,919,23647,
324.1244825624023,74938,498,920,23647,
324.1271294989955,74938,497,921,23647,
324.1342354591489,74937,498,921,23647,
324.13943531530407,74937,498,920,23648,
324.14064498321204,74937,497,921,23648,
324.1496429180381,74937,497,920,23649,
324.1558458454034,74937,496,921,23649,
324.16723597474606,74937,496,920,23650,
324.16769785999884,74937,496,919,23651,
324.16876406761645,74936,497,919,23651,
324.17011244445087,74936,496,920,23651,
324.1738323584775,74935,497,920,23651,
324.1753062533506,74935,497,919,23652,
324.17556796229326,74935,496,920,23652,
324.1815156746684,74934,497,920,23652,
324.1820223304868,74933,498,920,23652,
324.18897055158766,74933,498,919,23653,
324.1913253269302,74932,499,919,23653,
324.19142432589285,74931,500,919,23653,
324.1940100063892,74930,501,919,23653,
324.1946390892461,74929,502,919,23653,
324.19966511633953,74929,502,918,23654,
324.2064915770237,74929,502,917,23655,
324.2118140021019,74929,502,916,23656,
324.2133866631469,74929,502,915,23657,
324.2157018363855,74929,501,916,23657,
324.2159424427221,74929,500,917,23657,
324.22058686872526,74928,501,917,23657,
324.22209393074064,74928,500,918,23657,
324.2231746548514,74928,499,919,23657,
324.2241546707926,74928,499,918,23658,
324.2250570650432,74927,500,918,23658,
324.22620875262794,74927,499,919,23658,
324.2269137767042,74926,500,919,23658,
324.22986798202265,74925,501,919,23658,
324.23400690650436,74925,501,918,23659,
324.2436925716926,74925,501,917,23660,
324.25069251274215,74925,501,916,23661,
324.25090746386184,74924,502,916,23661,
324.25305975223034,74923,503,916,23661,
324.254771985947,74922,504,916,23661,
324.2601909333899,74921,505,916,23661,
324.2651092976262,74920,506,916,23661,
324.26692616481796,74919,507,916,23661,
324.27040440326584,74919,506,917,23661,
324.2704354753504,74918,507,917,23661,
324.28040092703947,74918,507,916,23662,
324.2809218748219,74918,507,915,23663,
324.28137211367505,74918,506,916,23663,
324.28993211693637,74917,507,916,23663,
324.29716636388025,74916,508,916,23663,
324.2986416481083,74916,507,917,23663,
324.3020676529029,74916,506,918,23663,
324.30614020080327,74916,506,917,23664,
324.31987077415056,74915,507,917,23664,
324.3200200389357,74915,506,918,23664,
324.3211036624042,74915,506,917,23665,
324.3221014656114,74914,507,917,23665,
324.3371517123213,74913,508,917,23665,
324.339099343318,74913,507,918,23665,
324.3393212212727,74913,506,919,23665,
324.34239076608753,74913,506,918,23666,
324.3428361193371,74913,505,919,23666,
324.3459156477654,74913,505,918,23667,
324.34660035199306,74913,505,917,23668,
324.34698000808777,74913,504,918,23668,
324.3473649445777,74913,503,919,23668,
324.34775015407155,74913,502,920,23668,
324.35273563554665,74913,502,919,23669,
324.35502444048615,74913,502,918,23670,
324.3575577706925,74913,502,917,23671,
324.3593707310116,74912,503,917,23671,
324.3614825357683,74911,504,917,23671,
324.36463720536017,74910,505,917,23671,
324.36494465602595,74910,505,916,23672,
324.36888714231554,74910,504,917,23672,
324.3700462006492,74910,503,918,23672,
324.37498526275334,74910,503,917,23673,
324.3777007727569,74909,504,917,23673,
324.38666059187443,74909,503,918,23673,
324.388438789696,74908,504,918,23673,
324.3922837192711,74908,503,919,23673,
324.3944789386124,74908,502,920,23673,
324.3952773508247,74908,502,919,23674,
324.3969777186899,74907,503,919,23674,
324.40019634492114,74906,504,919,23674,
324.4031525153735,74906,503,920,23674,
324.4057271369183,74906,503,919,23675,
324.40740564774836,74905,504,919,23675,
324.4110454748869,74905,503,920,23675,
324.4117567229572,74904,504,920,23675,
324.41213728308446,74903,505,920,23675,
324.4165763017237,74903,505,919,23676,
324.41772997894697,74903,504,920,23676,
324.4181666677307,74902,505,920,23676,
324.42134335927835,74902,505,919,23677,
324.42214893039005,74902,505,918,23678,
324.4316685372013,74902,505,917,23679,
324.43904783404355,74902,504,918,23679,
324.4492884556749,74902,503,919,23679,
324.45195309049865,74901,504,919,23679,
324.45821842378086,74900,505,919,23679,
324.4631949732957,74900,505,918,23680,
324.46487859448484,74899,506,918,23680,
324.4649404916162,74899,505,919,23680,
324.4702386675575,74898,506,919,23680,
324.4740748756335,74898,506,918,23681,
324.47472010831433,74898,506,917,23682,
324.4749728165001,74897,507,917,23682,
324.4875329542429,74896,508,917,23682,
324.4937067722065,74896,507,918,23682,
324.4942956533622,74896,507,917,23683,
324.4947429501455,74896,506,918,23683,
324.496238405157,74895,507,918,23683,
324.4997620305284,74895,507,917,23684,
324.5069854230362,74895,507,916,23685,
324.5093539791416,74895,506,917,23685,
324.5102198421664,74895,505,918,23685,
324.5111171346798,74895,505,917,23686,
324.5112562738701,74895,504,918,23686,
324.5130994575359,74895,503,919,23686,
324.51759559897795,74895,502,920,23686,
324.5185405050938,74895,502,919,23687,
324.52356777308233,74895,502,918,23688,
324.52700736610564,74895,501,919,23688,
324.5343542070196,74894,502,919,23688,
324.53647436699373,74893,503,919,23688,
324.53823427079766,74892,504,919,23688,
324.542924076225,74892,504,918,23689,
324.54706896127755,74891,505,918,23689,
324.54716128590525,74891,505,917,23690,
324.5580450716181,74891,505,916,23691,
324.56041697429544,74891,504,917,23691,
324.564616962666,74890,505,917,23691,
324.57072668185526,74890,504,918,23691,
324.5714041337819,74889,505,918,23691,
324.5773344989467,74889,505,917,23692,
324.57873147315075,74888,506,917,23692,
324.5787825158747,74887,507,917,23692,
324.5848883291309,74887,507,916,23693,
324.58583221838353,74886,508,916,23693,
324.5910099097774,74886,507,917,23693,
324.59113616233765,74886,506,918,23693,
324.59329495998173,74886,505,919,23693,
324.59497244243414,74886,504,920,23693,
324.59844921992084,74885,505,920,23693,
324.6051518874114,74885,505,919,23694,
324.6101792353613,74884,506,919,23694,
324.6130923027436,74884,506,918,23695,
324.6135229802176,74884,505,919,23695,
324.614786744284,74883,506,919,23695,
324.6151670775997,74883,506,918,23696,
324.61563317464106,74883,506,917,23697,
324.6162360717,74883,505,918,23697,
324.6173634759653,74883,505,917,23698,
324.6199293378365,74883,504,918,23698,
324.62016852581013,74882,505,918,23698,
324.6243450327942,74882,505,917,23699,
324.6251994659871,74882,505,916,23700,
324.6325269581196,74881,506,916,23700,
324.63261033080954,74881,506,915,23701,
324.6377878689344,74880,507,915,23701,
324.6382089865932,74880,507,914,23702,
324.63911307994096,74879,508,914,23702,
324.63975173813753,74879,507,915,23702,
324.641158092057,74879,506,916,23702,
324.6418191289301,74879,505,917,23702,
324.64399276636345,74879,504,918,23702,
324.6453983166354,74879,503,919,23702,
324.6455647708326,74878,504,919,23702,
324.6461464675809,74878,503,920,23702,
324.64768776935534,74878,502,921,23702,
324.65061018062903,74878,502,920,23703,
324.65321816340173,74878,501,921,23703,
324.6541407997754,74878,500,922,23703,
324.65646744009416,74878,500,921,23704,
324.656810718888,74878,499,922,23704,
324.66868699016766,74877,500,922,23704,
324.6764493478426,74876,501,922,23704,
324.6764727561622,74876,500,923,23704,
324.6805663061346,74876,499,924,23704,
324.68476206121466,74876,498,925,23704,
324.6863419532718,74875,499,925,23704,
324.68873274249387,74875,499,924,23705,
324.6903104567559,74875,499,923,23706,
324.69210468753795,74874,500,923,23706,
324.69411512196444,74874,500,922,23707,
324.6967711111521,74874,499,923,23707,
324.69764520175,74873,500,923,23707,
324.69965673181053,74873,499,924,23707,
324.7021546302993,74873,499,923,23708,
324.7040308636769,74873,499,922,23709,
324.7064329507236,74873,498,923,23709,
324.7067445871266,74873,497,924,23709,
324.7090448069522,74872,498,924,23709,
324.71440718031374,74871,499,924,23709,
324.7148040730824,74870,500,924,23709,
324.7156347280109,74870,499,925,23709,
324.7164703936477,74869,500,925,23709,
324.7194626167673,74868,501,925,23709,
324.72160558409644,74868,500,926,23709,
324.72205842994657,74868,499,927,23709,
324.72288427977674,74868,498,928,23709,
324.7243265800163,74867,499,928,23709,
324.72995942620565,74866,500,928,23709,
324.73033315126673,74865,501,928,23709,
324.7345379143037,74865,500,929,23709,
324.74015585867517,74864,501,929,23709,
324.74113371942104,74863,502,929,23709,
324.74214289772596,74862,503,929,23709,
324.7427775842008,74861,504,929,23709,
324.7428537184273,74860,505,929,23709,
324.74406319917915,74859,506,929,23709,
324.74857376310194,74858,507,929,23709,
324.754241907509,74858,507,928,23710,
324.7573803072574,74858,506,929,23710,
324.76287285322434,74858,505,930,23710,
324.77304226211874,74858,505,929,23711,
324.7746312131767,74857,506,929,23711,
324.77667950243335,74857,505,930,23711,
324.77748858701045,74857,505,929,23712,
324.7787300050583,74857,505,928,23713,
324.780594984447,74856,506,928,23713,
324.7819376203719,74856,505,929,23713,
324.7825946461147,74856,505,928,23714,
324.79010142149815,74856,505,927,23715,
324.79229600918774,74855,506,927,23715,
324.79326111522886,74855,505,928,23715,
324.7945654150327,74855,505,927,23716,
324.79477709678554,74855,505,926,23717,
324.79968042441493,74855,505,925,23718,
324.80055238296063,74855,504,926,23718,
324.8046722433124,74855,504,925,23719,
324.8062363609349,74855,504,924,23720,
324.8073865855729,74855,504,923,23721,
324.8090405093584,74854,505,923,23721,
324.80975192936233,74854,505,922,23722,
324.81004162171735,74854,505,921,23723,
324.81304915110576,74854,505,920,23724,
324.81308196772704,74854,505,919,23725,
324.81819810343023,74854,505,918,23726,
324.821665062604,74853,506,918,23726,
324.8216717705462,74852,507,918,23726,
324.82524263574425,74851,508,918,23726,
324.8278871384297,74850,509,918,23726,
324.8279098542417,74849,510,918,23726,
324.82988964559627,74849,510,917,23727,
324.83295675570434,74849,509,918,23727,
324.8368182892052,74849,509,917,23728,
324.8372924415096,74849,509,916,23729,
324.839727299358,74849,509,915,23730,
324.8419336110139,74849,508,916,23730,
324.848575709703,74849,508,915,23731,
324.8490341313274,74849,508,914,23732,
324.8497468750163,74848,509,914,23732,
324.8533169013209,74847,510,914,23732,
324.8593692053521,74847,509,915,23732,
324.8626974718911,74847,509,914,23733,
324.8632150624103,74847,508,915,23733,
324.86416934993235,74847,508,914,23734,
324.8656443218977,74847,507,915,23734,
324.8748485680883,74847,507,914,23735,
324.87843428709687,74847,507,913,23736,
324.8797444107164,74846,508,913,23736,
324.88898258518833,74846,507,914,23736,
324.89211233668095,74846,507,913,23737,
324.8931554352213,74845,508,913,23737,
324.8938521831592,74845,508,912,23738,
324.90288687662394,74845,508,911,23739,
324.90396871831337,74844,509,911,23739,
324.91116077647916,74843,510,911,23739,
324.91691680677894,74843,510,910,23740,
324.91704085183545,74843,509,911,23740,
324.923048448773,74843,509,910,23741,
324.925144908526,74842,510,910,23741,
324.92992416400324,74841,511,910,23741,
324.93143837489635,74841,511,909,23742,
324.94577737773295,74841,510,910,23742,
324.94716291954074,74841,509,911,23742,
324.94717166902194,74841,509,910,23743,
324.94963693772564,74841,509,909,23744,
324.95196057636764,74840,510,909,23744,
324.9571873419559,74840,510,908,23745,
324.95886908295864,74840,510,907,23746,
324.96527869149617,74840,509,908,23746,
324.96862980723137,74840,509,907,23747,
324.96900882249986,74840,509,906,23748,
324.97288203122605,74840,509,905,23749,
324.97481594426614,74840,509,904,23750,
324.97822292059953,74840,509,903,23751,
324.9885721595822,74839,510,903,23751,
324.99036296204685,74839,509,904,23751,
324.99063991188143,74838,510,904,23751,
324.99317051780696,74837,511,904,23751,
325.0039059612589,74836,512,904,23751,
325.0086923893153,74836,511,905,23751,
325.01299273273577,74836,511,904,23752,
325.01518774433697,74836,510,905,23752,
325.01804675861985,74835,511,905,23752,
325.0194566614077,74835,510,906,23752,
325.02154058884605,74834,511,906,23752,
325.0222690013507,74834,510,907,23752,
325.0224785862639,74833,511,907,23752,
325.02379650136197,74833,510,908,23752,
325.02650788998903,74832,511,908,23752,
325.0269575706706,74832,510,909,23752,
325.02833321551367,74831,511,909,23752,
325.03561587429226,74831,511,908,23753,
325.0382118363806,74831,510,909,23753,
325.04106192278664,74831,509,910,23753,
325.0421979632386,74831,508,911,23753,
325.04652110716614,74831,508,910,23754,
325.04826007123086,74831,507,911,23754,
325.05290993457675,74831,507,910,23755,
325.0593197798373,74831,507,909,23756,
325.0617507529252,74831,506,910,23756,
325.06305486579265,74831,506,909,23757,
325.06767118369027,74831,506,908,23758,
325.07108365129176,74831,505,909,23758,
325.0745626374843,74831,505,908,23759,
325.0915141237994,74831,504,909,23759,
325.1013796411071,74831,503,910,23759,
325.1051803500583,74831,502,911,23759,
325.1114705788961,74831,502,910,23760,
325.1219191188393,74830,503,910,23760,
325.1268010607526,74830,503,909,23761,
325.12913271137813,74830,503,908,23762,
325.12982825421403,74830,502,909,23762,
325.132482831515,74830,501,910,23762,
325.1348490402406,74830,501,909,23763,
325.13739075862776,74829,502,909,23763,
325.1381540560912,74829,502,908,23764,
325.14119291850994,74828,503,908,23764,
325.14132914565073,74827,504,908,23764,
325.14821779307556,74827,504,907,23765,
325.15482797306987,74826,505,907,23765,
325.15518647284347,74826,504,908,23765,
325.16669431794963,74826,504,907,23766,
325.1768975906902,74826,503,908,23766,
325.1789224584281,74825,504,908,23766,
325.1833965814552,74825,503,909,23766,
325.1870387678168,74824,504,909,23766,
325.1894622447768,74823,505,909,23766,
325.1904094332344,74823,504,910,23766,
325.2092446942812,74823,503,911,23766,
325.2119991142301,74822,504,911,23766,
325.21302643172146,74822,504,910,23767,
325.213359121552,74822,504,909,23768,
325.2192262016355,74822,504,908,23769,
325.22300055576017,74822,503,909,23769,
325.2262079496093,74822,502,910,23769,
325.23164878320785,74822,501,911,23769,
325.23506736934576,74822,500,912,23769,
325.23520999864945,74822,500,911,23770,
325.2387433434775,74821,501,911,23770,
325.2446852719884,74821,501,910,23771,
325.24521053159503,74821,500,911,23771,
325.2523309889317,74821,499,912,23771,
325.2553066301027,74820,500,912,23771,
325.26006279701846,74820,499,913,23771,
325.2621327338084,74819,500,913,23771,
325.26254861919745,74819,500,912,23772,
325.26550702527004,74819,500,911,23773,
325.2689560287653,74818,501,911,23773,
325.27799761449796,74818,501,910,23774,
325.2784123541929,74818,501,909,23775,
325.2788986924335,74818,500,910,23775,
325.2855442220516,74818,500,909,23776,
325.28747996341724,74817,501,909,23776,
325.2909893039093,74817,501,908,23777,
325.2963624904185,74816,502,908,23777,
325.2963896544583,74815,503,908,23777,
325.3043051230023,74815,503,907,23778,
325.30433993490686,74815,503,906,23779,
325.3062919884697,74815,503,905,23780,
325.3065603272669,74815,502,906,23780,
325.31033148124027,74814,503,906,23780,
325.31406646341304,74813,504,906,23780,
325.3154968548604,74813,504,905,23781,
325.31683868217215,74813,504,904,23782,
325.3280483869197,74813,503,905,23782,
325.3329437977474,74813,502,906,23782,
325.3361147400404,74813,502,905,23783,
325.33713027681057,74812,503,905,23783,
325.33726955403466,74811,504,905,23783,
325.3377291688757,74811,503,906,23783,
325.34328759874137,74811,502,907,23783,
325.344072892704,74811,502,906,23784,
325.34479008737765,74810,503,906,23784,
325.34884312382115,74810,503,905,23785,
325.3565911881577,74810,503,904,23786,
325.35717121197376,74810,502,905,23786,
325.35751798783247,74810,502,904,23787,
325.3575923020913,74810,502,903,23788,
325.35844259283505,74809,503,903,23788,
325.3603173734752,74809,502,904,23788,
325.36126512737866,74809,502,903,23789,
325.36183223653995,74808,503,903,23789,
325.3618550437007,74808,502,904,23789,
325.36289233003254,74808,502,903,23790,
325.36721817624993,74807,503,903,23790,
325.39049065886167,74807,502,904,23790,
325.39317696291414,74806,503,904,23790,
325.39575078680576,74805,504,904,23790,
325.39871670368166,74804,505,904,23790,
325.40306214195255,74803,506,904,23790,
325.4089254829324,74803,506,903,23791,
325.4098953986535,74802,507,903,23791,
325.4125276464847,74801,508,903,23791,
325.41460700204703,74800,509,903,23791,
325.420026928878,74800,509,902,23792,
325.42255098520707,74800,508,903,23792,
325.42369744258826,74800,508,902,23793,
325.42654586121404,74799,509,902,23793,
325.4359782832274,74799,508,903,23793,
325.4370596673971,74799,507,904,23793,
325.4421601848716,74798,508,904,23793,
325.44528498762725,74798,507,905,23793,
325.4460366542609,74798,506,906,23793,
325.4488494228844,74798,506,905,23794,
325.45043904318817,74798,506,904,23795,
325.4508750931524,74797,507,904,23795,
325.451674455664,74796,508,904,23795,
325.4521217837108,74795,509,904,23795,
325.45660313243735,74795,509,903,23796,
325.46093648441433,74795,509,902,23797,
325.46535716827594,74795,508,903,23797,
325.46574399222754,74795,508,902,23798,
325.471189948901,74795,507,903,23798,
325.4712073736794,74795,506,904,23798,
325.47316701077176,74795,506,903,23799,
325.4732009084569,74795,506,902,23800,
325.4745636971497,74794,507,902,23800,
325.47571238929567,74793,508,902,23800,
325.48462678907526,74793,508,901,23801,
325.4883628961956,74792,509,901,23801,
325.48901976792416,74792,509,900,23802,
325.4903829306998,74792,509,899,23803,
325.4962408983492,74792,509,898,23804,
325.4964965474203,74792,509,897,23805,
325.50548009766413,74792,509,896,23806,
325.50901693026276,74792,509,895,23807,
325.5097598395577,74792,509,894,23808,
325.5124046657537,74792,508,895,23808,
325.5147110926509,74792,508,894,23809,
325.51682578922714,74792,507,895,23809,
325.5175940008065,74792,507,894,23810,
325.52070045681313,74791,508,894,23810,
325.52674875415335,74791,508,893,23811,
325.5274706927574,74790,509,893,23811,
325.5339441827241,74789,510,893,23811,
325.5381939500807,74789,509,894,23811,
325.53941321797583,74789,508,895,23811,
325.5495548527988,74789,507,896,23811,
325.55245116099053,74789,506,897,23811,
325.55436678199794,74788,507,897,23811,
325.55519088526,74788,507,896,23812,
325.55614606582776,74788,507,895,23813,
325.5624826185543,74788,506,896,23813,
325.56258494952726,74788,506,895,23814,
325.56269481992854,74788,506,894,23815,
325.5638904184046,74788,506,893,23816,
325.564126053374,74787,507,893,23816,
325.5685950888892,74787,506,894,23816,
325.56866731568164,74787,506,893,23817,
325.5734514066987,74787,506,892,23818,
325.57838859614793,74787,506,891,23819,
325.57992302089355,74786,507,891,23819,
325.5846166941574,74785,508,891,23819,
325.5973480153813,74784,509,891,23819,
325.6035576288491,74783,510,891,23819,
325.6082272390205,74783,509,892,23819,
325.6102802143147,74782,510,892,23819,
325.6103180480966,74782,510,891,23820,
325.615524504867,74782,510,890,23821,
325.61717524479366,74782,509,891,23821,
325.6176699859885,74781,510,891,23821,
325.62211235352885,74781,510,890,23822,
325.62268969822964,74781,509,891,23822,
325.62883624341214,74780,510,891,23822,
325.63957560423285,74779,511,891,23822,
325.64608220344894,74778,512,891,23822,
325.64646082066383,74778,512,890,23823,
325.6485522227206,74778,512,889,23824,
325.64923320574616,74778,512,888,23825,
325.65044131693935,74778,512,887,23826,
325.65448655410904,74778,511,888,23826,
325.6558007119301,74778,511,887,23827,
325.6564944974061,74778,510,888,23827,
325.65809910278483,74777,511,888,23827,
325.65928394213216,74776,512,888,23827,
325.6653521015557,74776,511,889,23827,
325.66551459799825,74776,510,890,23827,
325.6673101926646,74776,509,891,23827,
325.67209407494767,74776,509,890,23828,
325.67799259841723,74775,510,890,23828,
325.6793474231855,74775,510,889,23829,
325.6930309049048,74775,510,888,23830,
325.69734196064326,74775,510,887,23831,
325.69754060571205,74774,511,887,23831,
325.7021712674542,74773,512,887,23831,
325.7027276553108,74773,511,888,23831,
325.7069615018962,74772,512,888,23831,
325.71684193109667,74772,512,887,23832,
325.7315244092896,74771,513,887,23832,
325.7344436117052,74771,513,886,23833,
325.73649063046525,74770,514,886,23833,
325.7373135596455,74770,513,887,23833,
325.7405982334356,74770,512,888,23833,
325.7408837926067,74770,512,887,23834,
325.7431357677775,74770,511,888,23834,
325.74479630041316,74769,512,888,23834,
325.75070515259773,74769,512,887,23835,
325.7521320532248,74769,511,888,23835,
325.7564280909852,74768,512,888,23835,
325.7594554666255,74768,512,887,23836,
325.76044053509685,74768,512,886,23837,
325.76578710950406,74768,511,887,23837,
325.7671021766831,74767,512,887,23837,
325.7730153926058,74766,513,887,23837,
325.7762720943552,74766,512,888,23837,
325.7764199527013,74766,511,889,23837,
325.77884296862027,74766,511,888,23838,
325.7812563881292,74765,512,888,23838,
325.7886773589182,74765,512,887,23839,
325.7903965526549,74765,511,888,23839,
325.80617977339784,74765,510,889,23839,
325.8139578037829,74765,510,888,23840,
325.81591141711976,74764,511,888,23840,
325.81664100655587,74763,512,888,23840,
325.81845587155846,74763,511,889,23840,
325.8231543866274,74763,510,890,23840,
325.83032917746897,74763,509,891,23840,
325.8310612891141,74763,508,892,23840,
325.83220004446366,74763,508,891,23841,
325.83236184315166,74763,508,890,23842,
325.8331097652757,74762,509,890,23842,
325.8332730990876,74762,508,891,23842,
325.8341876252728,74762,508,890,23843,
325.8391026897606,74762,508,889,23844,
325.8392024841214,74762,508,888,23845,
325.8402177901397,74762,507,889,23845,
325.8422178920781,74761,508,889,23845,
325.84350085669405,74760,509,889,23845,
325.8457081690281,74760,508,890,23845,
325.8484633270079,74760,508,889,23846,
325.85061895349963,74759,509,889,23846,
325.8534250167477,74759,508,890,23846,
325.85689333365053,74758,509,890,23846,
325.8583601357611,74757,510,890,23846,
325.8618802964329,74756,511,890,23846,
325.86396613410545,74756,510,891,23846,
325.8686483137379,74756,510,890,23847,
325.86917242436255,74756,510,889,23848,
325.8733453159521,74756,510,888,23849,
325.87949168781637,74756,509,889,23849,
325.89518969664493,74756,508,890,23849,
325.89691652195944,74755,509,890,23849,
325.90054252659314,74755,509,889,23850,
325.9021942675389,74755,509,888,23851,
325.909567575289,74755,509,887,23852,
325.9125847205526,74754,510,887,23852,
325.9153303950211,74753,511,887,23852,
325.9157869287317,74752,512,887,23852,
325.923515374255,74752,512,886,23853,
325.92554643345676,74752,511,887,23853,
325.9263569923926,74751,512,887,23853,
325.92734877838944,74750,513,887,23853,
325.93072942569586,74750,513,886,23854,
325.931218327724,74749,514,886,23854,
325.93679209846744,74749,514,885,23855,
325.9378257630012,74749,513,886,23855,
325.9444998138236,74749,512,887,23855,
325.95224044944746,74749,512,886,23856,
325.9530347615798,74749,511,887,23856,
325.95844234727025,74748,512,887,23856,
325.96538017336803,74748,512,886,23857,
325.97300043901527,74747,513,886,23857,
325.9750789532858,74747,513,885,23858,
325.97547266665947,74747,513,884,23859,
325.9830795466571,74747,512,885,23859,
325.98313214201426,74746,513,885,23859,
325.98317197653535,74746,513,884,23860,
325.9839524580977,74746,513,883,23861,
325.99294497459886,74746,512,884,23861,
325.99311962641525,74746,511,885,23861,
325.9956694267481,74746,510,886,23861,
325.99767436504425,74746,509,887,23861,
326.00065558016274,74745,510,887,23861,
326.00166451173527,74745,509,888,23861,
326.0127705954838,74745,508,889,23861,
326.01397763439877,74745,507,890,23861,
326.01695792056057,74745,506,891,23861,
326.0183751782866,74745,505,892,23861,
326.01916425476145,74744,506,892,23861,
326.0261985163991,74744,506,891,23862,
326.02803961751135,74744,506,890,23863,
326.03556097684174,74744,505,891,23863,
326.03584124190724,74744,504,892,23863,
326.03750966095396,74744,503,893,23863,
326.0446590657659,74744,502,894,23863,
326.0473537669565,74743,503,894,23863,
326.0474822831097,74743,502,895,23863,
326.0578168085642,74743,502,894,23864,
326.0613024642439,74742,503,894,23864,
326.06295086605445,74741,504,894,23864,
326.0631454101249,74740,505,894,23864,
326.06678001494913,74740,505,893,23865,
326.0668989180013,74739,506,893,23865,
326.07070021237126,74739,506,892,23866,
326.0732446463932,74739,506,891,23867,
326.0798056545287,74739,506,890,23868,
326.0798999355815,74738,507,890,23868,
326.08087095791,74738,506,891,23868,
326.08695810411695,74738,505,892,23868,
326.08971071257804,74738,505,891,23869,
326.09174871362643,74738,505,890,23870,
326.0929370015527,74737,506,890,23870,
326.09627226155294,74737,506,889,23871,
326.09967881467975,74737,505,890,23871,
326.1009407400441,74736,506,890,23871,
326.1040075257149,74736,506,889,23872,
326.1046560642284,74736,506,888,23873,
326.1095448142854,74736,506,887,23874,
326.1108757110084,74736,505,888,23874,
326.1112082513284,74735,506,888,23874,
326.1133347008298,74734,507,888,23874,
326.1152259760924,74734,506,889,23874,
326.1186750319956,74734,505,890,23874,
326.11878314671225,74733,506,890,23874,
326.1214255974648,74732,507,890,23874,
326.1233498960453,74732,506,891,23874,
326.1239854251524,74732,506,890,23875,
326.12516317722617,74731,507,890,23875,
326.13049209332644,74731,507,889,23876,
326.14529514597143,74731,507,888,23877,
326.14575963883163,74731,506,889,23877,
326.14590946243646,74731,506,888,23878,
326.1501890128314,74731,506,887,23879,
326.1563605397447,74731,506,886,23880,
326.16454773506786,74731,505,887,23880,
326.1765651377216,74731,504,888,23880,
326.17891949270995,74731,503,889,23880,
326.1851548325437,74731,502,890,23880,
326.19302273062436,74731,501,891,23880,
326.19361299018385,74730,502,891,23880,
326.2027513290388,74730,502,890,23881,
326.2036723937336,74730,501,891,23881,
326.2125834798967,74729,502,891,23881,
326.2136739581797,74728,503,891,23881,
326.2150264922412,74728,503,890,23882,
326.2212743183999,74728,503,889,23883,
326.23119505139204,74727,504,889,23883,
326.2361845548891,74726,505,889,23883,
326.2447611690284,74726,504,890,23883,
326.25741537065306,74726,504,889,23884,
326.2624539918616,74726,503,890,23884,
326.26588729228143,74726,502,891,23884,
326.26603689320007,74726,502,890,23885,
326.2723124295966,74726,502,889,23886,
326.2733932723465,74725,503,889,23886,
326.275587623631,74724,504,889,23886,
326.2792597586705,74724,504,888,23887,
326.2968208021527,74723,505,888,23887,
326.30673740886584,74722,506,888,23887,
326.31217180085577,74722,506,887,23888,
326.31235193515914,74722,506,886,23889,
326.31595574964075,74721,507,886,23889,
326.3220636651136,74720,508,886,23889,
326.3250177312829,74719,509,886,23889,
326.3283000228489,74719,509,885,23890,
326.3290914753803,74719,509,884,23891,
326.3332371111043,74719,509,883,23892,
326.33731192386534,74719,508,884,23892,
326.3404510199848,74718,509,884,23892,
326.3415311210402,74717,510,884,23892,
326.34514835712696,74716,511,884,23892,
326.347503413103,74716,511,883,23893,
326.3494839677798,74715,512,883,23893,
326.3537539925723,74715,511,884,23893,
326.35480184373927,74715,510,885,23893,
326.3552820168391,74715,509,886,23893,
326.3561210915458,74715,508,887,23893,
326.35765003501865,74714,509,887,23893,
326.3644410664072,74714,509,886,23894,
326.36579854187266,74713,510,886,23894,
326.36909296898057,74713,510,885,23895,
326.3698239496127,74712,511,885,23895,
326.3771498882345,74712,511,884,23896,
326.3789812339377,74712,511,883,23897,
326.38033736658394,74712,510,884,23897,
326.3817240452469,74711,511,884,23897,
326.39162995963864,74711,510,885,23897,
326.3974914363041,74711,510,884,23898,
326.4089280382687,74710,511,884,23898,
326.4130577777729,74710,511,883,23899,
326.41329040874,74709,512,883,23899,
326.4176104325086,74709,512,882,23900,
326.4254310488538,74708,513,882,23900,
326.42886480591284,74708,512,883,23900,
326.4292463895274,74707,513,883,23900,
326.43153966954986,74707,512,884,23900,
326.43315682375777,74707,511,885,23900,
326.43569975350226,74707,510,886,23900,
326.43625118903566,74707,509,887,23900,
326.43801163024926,74707,508,888,23900,
326.44273952690224,74706,509,888,23900,
326.4441554638127,74706,509,887,23901,
326.44911021342955,74706,509,886,23902,
326.449853696592,74706,509,885,23903,
326.45001716028645,74705,510,885,23903,
326.45296527354725,74705,510,884,23904,
326.4576627468521,74705,510,883,23905,
326.4577427277378,74705,509,884,23905,
326.4683017772083,74705,509,883,23906,
326.46890091783473,74705,509,882,23907,
326.4696870167487,74705,508,883,23907,
326.47768347950546,74704,509,883,23907,
326.4780021910622,74703,510,883,23907,
326.47817440502905,74702,511,883,23907,
326.4792329783829,74702,510,884,23907,
326.48452395898374,74701,511,884,23907,
326.4849894907201,74701,511,883,23908,
326.48511982752683,74701,511,882,23909,
326.4857868474802,74701,511,881,23910,
326.489724206869,74701,511,880,23911,
326.4897289981212,74701,511,879,23912,
326.491168323072,74700,512,879,23912,
326.496005894772,74700,511,880,23912,
326.5009030478775,74700,510,881,23912,
326.5035497093292,74700,509,882,23912,
326.5067017305264,74700,508,883,23912,
326.5088519676476,74700,508,882,23913,
326.5110554665101,74700,507,883,23913,
326.51172720210667,74700,506,884,23913,
326.513048191984,74699,507,884,23913,
326.51537787724345,74699,507,883,23914,
326.51597366375756,74699,507,882,23915,
326.5192868015679,74699,507,881,23916,
326.5211080168771,74699,507,880,23917,
326.5322690397904,74699,507,879,23918,
326.5340222394734,74698,508,879,23918,
326.53430318097634,74697,509,879,23918,
326.53467400310814,74696,510,879,23918,
326.5349101729151,74696,509,880,23918,
326.53618906433076,74696,509,879,23919,
326.5381328594849,74695,510,879,23919,
326.5392529279026,74695,509,880,23919,
326.54071909869214,74695,509,879,23920,
326.5478806987187,74695,509,878,23921,
326.55255957732595,74695,509,877,23922,
326.55385642300774,74694,510,877,23922,
326.5542130877919,74694,510,876,23923,
326.5552471046439,74694,509,877,23923,
326.563807892312,74694,508,878,23923,
326.5647887063613,74693,509,878,23923,
326.5675633374736,74693,508,879,23923,
326.56770205636195,74693,507,880,23923,
326.57000362746464,74693,507,879,23924,
326.57200236544827,74692,508,879,23924,
326.58235116550657,74692,507,880,23924,
326.5826046939229,74692,507,879,23925,
326.5826906955212,74692,507,878,23926,
326.58771397141453,74692,507,877,23927,
326.5899967511636,74692,507,876,23928,
326.5917078908802,74692,507,875,23929,
326.5925399561916,74692,506,876,23929,
326.59487988437934,74691,507,876,23929,
326.5986852071466,74690,508,876,23929,
326.5993270384552,74689,509,876,23929,
326.6045501544653,74689,508,877,23929,
326.60681825075807,74689,508,876,23930,
326.6154942894708,74689,507,877,23930,
326.62304224491214,74689,507,876,23931,
326.6258054566001,74689,507,875,23932,
326.63009763176285,74688,508,875,23932,
326.6310317413381,74688,507,876,23932,
326.6313131189134,74688,506,877,23932,
326.6347337664208,74687,507,877,23932,
326.6347555813643,74687,506,878,23932,
326.6368220377058,74687,506,877,23933,
326.6393243478059,74687,505,878,23933,
326.64101502539756,74686,506,878,23933,
326.6427758702633,74686,505,879,23933,
326.6459445153761,74686,504,880,23933,
326.65169482897295,74685,505,880,23933,
326.65280211449414,74685,505,879,23934,
326.65740646068247,74684,506,879,23934,
326.6626016775234,74684,506,878,23935,
326.66827537464553,74684,505,879,23935,
326.67861047031175,74683,506,879,23935,
326.679379575899,74683,506,878,23936,
326.6894314147501,74683,506,877,23937,
326.69564940097973,74683,505,878,23937,
326.69650242908307,74683,505,877,23938,
326.69978048946894,74683,505,876,23939,
326.70508422276157,74683,504,877,23939,
326.7100068016937,74683,504,876,23940,
326.71000958779604,74683,504,875,23941,
326.7104901088547,74683,504,874,23942,
326.71225463246196,74682,505,874,23942,
326.71794701772706,74682,504,875,23942,
326.7183601437431,74682,503,876,23942,
326.72016485365765,74682,502,877,23942,
326.72263118978907,74682,501,878,23942,
326.7232181442019,74682,501,877,23943,
326.7297591739772,74682,500,878,23943,
326.74098997132967,74682,499,879,23943,
326.74308692433084,74682,498,880,23943,
326.7441799182779,74682,498,879,23944,
326.74906895166345,74682,498,878,23945,
326.751491244549,74682,498,877,23946,
326.7542837578876,74682,498,876,23947,
326.7573846324128,74682,498,875,23948,
326.7592225696921,74682,498,874,23949,
326.75924601039446,74681,499,874,23949,
326.7670225088039,74681,498,875,23949,
326.77133059180187,74681,498,874,23950,
326.77456996287344,74680,499,874,23950,
326.7754698318759,74679,500,874,23950,
326.7782548880411,74679,500,873,23951,
326.77875238050353,74679,500,872,23952,
326.7805929590614,74679,500,871,23953,
326.78251066738636,74679,499,872,23953,
326.78622233299546,74678,500,872,23953,
326.78888109531346,74677,501,872,23953,
326.7899988967614,74677,500,873,23953,
326.7932854384811,74677,499,874,23953,
326.79928470308874,74676,500,874,23953,
326.79929644762905,74676,499,875,23953,
326.7993641984319,74676,498,876,23953,
326.8033308052756,74676,497,877,23953,
326.8064672876267,74675,498,877,23953,
326.8102793645962,74675,497,878,23953,
326.815047998931,74675,497,877,23954,
326.81522879873614,74674,498,877,23954,
326.82096621522504,74673,499,877,23954,
326.8222702347118,74672,500,877,23954,
326.8268413370232,74672,499,878,23954,
326.82874613895245,74672,498,879,23954,
326.8302402788743,74672,497,880,23954,
326.834157497763,74672,497,879,23955,
326.84128222032706,74671,498,879,23955,
326.8412856008502,74671,497,880,23955,
326.8416079200691,74670,498,880,23955,
326.8418277674301,74669,499,880,23955,
326.84199962423537,74669,499,879,23956,
326.8454976652482,74668,500,879,23956,
326.84649522026814,74668,499,880,23956,
326.85007579144633,74667,500,880,23956,
326.859536699705,74666,501,880,23956,
326.86049182939126,74666,501,879,23957,
326.863335406179,74665,502,879,23957,
326.8666822121767,74665,502,878,23958,
326.8683743551338,74665,501,879,23958,
326.8707018773134,74665,500,880,23958,
326.87257189990504,74665,499,881,23958,
326.87583956513026,74665,499,880,23959,
326.88138703168727,74665,499,879,23960,
326.8844037707756,74665,498,880,23960,
326.8852821212803,74664,499,880,23960,
326.8877846473292,74664,499,879,23961,
326.88973218485773,74664,498,880,23961,
326.8897470431946,74664,498,879,23962,
326.89158394769987,74664,497,880,23962,
326.8954990137642,74664,497,879,23963,
326.89684428905565,74664,497,878,23964,
326.8988594182911,74664,497,877,23965,
326.90078699179406,74664,496,878,23965,
326.9015040136976,74664,495,879,23965,
326.907263526607,74663,496,879,23965,
326.90995489320846,74663,496,878,23966,
326.91010102369114,74663,495,879,23966,
326.91266765294415,74663,495,878,23967,
326.9132686116705,74663,495,877,23968,
326.92303837674564,74663,494,878,23968,
326.9232519545138,74663,494,877,23969,
326.9260895641358,74663,494,876,23970,
326.9269713220768,74662,495,876,23970,
326.9273561797548,74661,496,876,23970,
326.9305578745351,74661,496,875,23971,
326.93251351708284,74661,496,874,23972,
326.933006698445,74660,497,874,23972,
326.9342142897103,74660,497,873,23973,
326.94208151588583,74659,498,873,23973,
326.94703521018334,74659,497,874,23973,
326.9569975612999,74659,496,875,23973,
326.9587476173621,74659,495,876,23973,
326.961291487745,74659,494,877,23973,
326.9647586179551,74659,493,878,23973,
326.982341504164,74658,494,878,23973,
326.98631889199686,74658,494,877,23974,
326.9912129685694,74658,494,876,23975,
326.9938104641691,74658,493,877,23975,
326.99627491211817,74657,494,877,23975,
326.99761133677845,74656,495,877,23975,
326.99935802164333,74655,496,877,23975,
327.0108218044047,74654,497,877,23975,
327.01638269434113,74654,497,876,23976,
327.0167660330517,74654,497,875,23977,
327.0226871681504,74654,496,876,23977,
327.0335760861082,74654,495,877,23977,
327.03694586750333,74654,494,878,23977,
327.0409146065602,74654,494,877,23978,
327.04537503848826,74654,493,878,23978,
327.05031153518416,74654,493,877,23979,
327.0547243850183,74654,492,878,23979,
327.0558220026315,74654,491,879,23979,
327.0586249840317,74654,490,880,23979,
327.07030689985544,74654,490,879,23980,
327.0760163525829,74654,490,878,23981,
327.07844227692203,74654,490,877,23982,
327.08011627500866,74654,489,878,23982,
327.0809695314158,74654,489,877,23983,
327.086976302472,74654,488,878,23983,
327.0875423200273,74654,488,877,23984,
327.08883278047364,74654,488,876,23985,
327.0890011445094,74654,487,877,23985,
327.091835524158,74654,486,878,23985,
327.09295791629614,74653,487,878,23985,
327.09404749321163,74653,487,877,23986,
327.096169560041,74653,487,876,23987,
327.09930719059054,74652,488,876,23987,
327.10464067379706,74652,487,877,23987,
327.10593868639086,74651,488,877,23987,
327.10632335780247,74651,487,878,23987,
327.1064500102439,74651,487,877,23988,
327.10925404554916,74651,487,876,23989,
327.1103210740814,74651,486,877,23989,
327.1216623617205,74651,486,876,23990,
327.12197102824456,74651,486,875,23991,
327.12295987066,74651,486,874,23992,
327.123345861017,74651,485,875,23992,
327.134893060199,74651,485,874,23993,
327.1353874501115,74651,484,875,23993,
327.1377573448505,74651,484,874,23994,
327.1403642102324,74651,483,875,23994,
327.14092596586624,74651,483,874,23995,
327.14136017885266,74650,484,874,23995,
327.1425002656058,74650,483,875,23995,
327.1470405622682,74650,482,876,23995,
327.15062494016865,74650,481,877,23995,
327.15597891702885,74649,482,877,23995,
327.1585051089151,74649,482,876,23996,
327.16305470861334,74648,483,876,23996,
327.16967264389797,74648,483,875,23997,
327.17447927901986,74647,484,875,23997,
327.17663250181704,74646,485,875,23997,
327.17887952462524,74645,486,875,23997,
327.179063742097,74645,486,874,23998,
327.18278890332067,74644,487,874,23998,
327.19115136353713,74644,486,875,23998,
327.19122246896393,74644,485,876,23998,
327.19238715899576,74644,485,875,23999,
327.2000194119343,74644,485,874,24000,
327.2068866170116,74643,486,874,24000,
327.2190786453248,74643,486,873,24001,
327.2250013953678,74643,485,874,24001,
327.2370445135217,74642,486,874,24001,
327.239209935477,74642,485,875,24001,
327.25500625776596,74642,484,876,24001,
327.2555833293483,74641,485,876,24001,
327.2602223023498,74640,486,876,24001,
327.2619826060449,74640,486,875,24002,
327.2665100247043,74640,486,874,24003,
327.2710678856919,74640,485,875,24003,
327.27116499099014,74640,485,874,24004,
327.27128839706336,74640,484,875,24004,
327.2730506265217,74640,484,874,24005,
327.27354985510595,74640,483,875,24005,
327.279570863699,74640,483,874,24006,
327.2804122464186,74640,483,873,24007,
327.2813014810951,74640,482,874,24007,
327.28191560574624,74639,483,874,24007,
327.2830424709327,74639,483,873,24008,
327.28482436766143,74638,484,873,24008,
327.2888460871639,74637,485,873,24008,
327.28952351011213,74636,486,873,24008,
327.292261740198,74636,486,872,24009,
327.3031165324718,74636,486,871,24010,
327.308588709988,74636,485,872,24010,
327.3094090943023,74635,486,872,24010,
327.31446300469963,74634,487,872,24010,
327.3159298205113,74633,488,872,24010,
327.32027658974215,74632,489,872,24010,
327.3215639108482,74632,489,871,24011,
327.3246917083724,74632,488,872,24011,
327.3269707631704,74632,488,871,24012,
327.3319410442246,74632,488,870,24013,
327.33242175103857,74631,489,870,24013,
327.33373648846464,74631,488,871,24013,
327.3338847806493,74630,489,871,24013,
327.336476205134,74630,489,870,24014,
327.3368129758116,74630,488,871,24014,
327.34107614582933,74630,487,872,24014,
327.3451619223735,74629,488,872,24014,
327.3503366573768,74629,487,873,24014,
327.35046295591894,74629,486,874,24014,
327.35899640882883,74629,485,875,24014,
327.3598520308821,74629,485,874,24015,
327.3640316906762,74628,486,874,24015,
327.3640423613184,74628,486,873,24016,
327.36893095831294,74628,485,874,24016,
327.37452813989205,74627,486,874,24016,
327.38978875781953,74627,485,875,24016,
327.3928944784893,74627,484,876,24016,
327.39460821177,74627,483,877,24016,
327.40291821930117,74627,483,876,24017,
327.40317035028477,74626,484,876,24017,
327.4043477387882,74625,485,876,24017,
327.40693994524565,74625,485,875,24018,
327.4153648085778,74624,486,875,24018,
327.42069125268847,74623,487,875,24018,
327.4224956600609,74623,486,876,24018,
327.42425646714526,74623,485,877,24018,
327.4298658959735,74623,485,876,24019,
327.432326034793,74623,485,875,24020,
327.43243365874304,74622,486,875,24020,
327.43312478345024,74622,486,874,24021,
327.4408135325235,74622,486,873,24022,
327.4514916225069,74622,485,874,24022,
327.4578642463712,74621,486,874,24022,
327.4636245116473,74620,487,874,24022,
327.46699530679814,74620,487,873,24023,
327.4672071121899,74620,487,872,24024,
327.4718061404444,74620,487,871,24025,
327.4750894743073,74620,486,872,24025,
327.4813494868148,74620,485,873,24025,
327.48237816976985,74619,486,873,24025,
327.48263803568545,74618,487,873,24025,
327.4839281011579,74617,488,873,24025,
327.49259486576386,74617,487,874,24025,
327.4956463858859,74616,488,874,24025,
327.496253514474,74616,487,875,24025,
327.4966647427497,74616,486,876,24025,
327.50286014732296,74616,485,877,24025,
327.5047929967237,74616,484,878,24025,
327.5060818011068,74616,484,877,24026,
327.5061316173095,74615,485,877,24026,
327.5103644835855,74615,485,876,24027,
327.51173191741054,74615,485,875,24028,
327.51302894460053,74615,484,876,24028,
327.52279851355024,74615,484,875,24029,
327.52411370265617,74615,484,874,24030,
327.52614547094817,74615,484,873,24031,
327.5303736656936,74614,485,873,24031,
327.5380046483729,74613,486,873,24031,
327.549320854281,74613,486,872,24032,
327.55013825167356,74613,485,873,24032,
327.5553076735043,74613,485,872,24033,
327.5564749481903,74613,485,871,24034,
327.57396581499694,74613,485,870,24035,
327.5780937072204,74613,485,869,24036,
327.581984778666,74612,486,869,24036,
327.5847609991588,74611,487,869,24036,
327.5898746256475,74610,488,869,24036,
327.5940486327335,74610,487,870,24036,
327.6016358402739,74610,486,871,24036,
327.60310064651406,74610,486,870,24037,
327.60354577789457,74610,485,871,24037,
327.60802196563475,74610,485,870,24038,
327.60848409717954,74610,484,871,24038,
327.6090640854034,74609,485,871,24038,
327.61208165693023,74608,486,871,24038,
327.6136132914291,74608,486,870,24039,
327.621950263483,74607,487,870,24039,
327.6224110470382,74607,486,871,24039,
327.6227539476596,74606,487,871,24039,
327.6241239991624,74606,487,870,24040,
327.6243909594461,74606,487,869,24041,
327.6247714259718,74606,487,868,24042,
327.6288903922109,74606,487,867,24043,
327.6303644302679,74605,488,867,24043,
327.6319012284138,74605,488,866,24044,
327.63493894830833,74604,489,866,24044,
327.638004380624,74603,490,866,24044,
327.6437903812371,74603,489,867,24044,
327.6454798460246,74603,489,866,24045,
327.64683826741646,74602,490,866,24045,
327.6592374565395,74602,489,867,24045,
327.6608635689433,74602,488,868,24045,
327.6623993422813,74602,488,867,24046,
327.6636969321003,74602,488,866,24047,
327.66442168931917,74602,488,865,24048,
327.6646350134264,74602,488,864,24049,
327.6677054508322,74602,488,863,24050,
327.6679468935385,74602,487,864,24050,
327.66973347223495,74602,486,865,24050,
327.6728678032183,74602,486,864,24051,
327.67362420672447,74602,485,865,24051,
327.67935465732353,74602,485,864,24052,
327.68059327189667,74601,486,864,24052,
327.68098547078324,74601,486,863,24053,
327.6852383725252,74601,485,864,24053,
327.6855161098273,74600,486,864,24053,
327.6855553605453,74599,487,864,24053,
327.68712829849466,74599,487,863,24054,
327.6879476590002,74599,487,862,24055,
327.6882966682717,74599,486,863,24055,
327.68838935273635,74599,486,862,24056,
327.6887816774576,74598,487,862,24056,
327.69181708352477,74597,488,862,24056,
327.69184455683296,74597,487,863,24056,
327.69333112638265,74597,487,862,24057,
327.6977252177761,74596,488,862,24057,
327.698973423142,74595,489,862,24057,
327.69960841546396,74595,488,863,24057,
327.7000044728279,74595,487,864,24057,
327.70178088836013,74595,487,863,24058,
327.7037199693878,74594,488,863,24058,
327.70392280148604,74594,487,864,24058,
327.706052777018,74594,487,863,24059,
327.70785433324124,74593,488,863,24059,
327.7087885023523,74593,487,864,24059,
327.7109753596639,74593,487,863,24060,
327.71267572871017,74593,487,862,24061,
327.7143481657555,74593,487,861,24062,
327.7156775691982,74593,487,860,24063,
327.72187184173436,74593,486,861,24063,
327.73101420811616,74593,486,860,24064,
327.7318526233074,74593,485,861,24064,
327.73248463826104,74593,484,862,24064,
327.7359468074883,74592,485,862,24064,
327.73877037657684,74591,486,862,24064,
327.74010119320417,74590,487,862,24064,
327.7507066826696,74589,488,862,24064,
327.75291889933567,74589,488,861,24065,
327.75448949389266,74589,487,862,24065,
327.759538054865,74589,486,863,24065,
327.76691394034015,74589,485,864,24065,
327.77004344170894,74589,484,865,24065,
327.7709600860221,74589,484,864,24066,
327.7729881974072,74588,485,864,24066,
327.7909274659981,74587,486,864,24066,
327.7991255003704,74587,486,863,24067,
327.79948907767255,74587,486,862,24068,
327.80159367661787,74587,486,861,24069,
327.8023110857862,74587,486,860,24070,
327.8026644281008,74587,486,859,24071,
327.80804824365146,74586,487,859,24071,
327.81369454675365,74586,487,858,24072,
327.814435063234,74586,487,857,24073,
327.81817210287255,74586,486,858,24073,
327.8218292567885,74585,487,858,24073,
327.82412553250896,74585,487,857,24074,
327.8255233318312,74584,488,857,24074,
327.82667658933104,74584,487,858,24074,
327.82724467056164,74584,486,859,24074,
327.83136703902335,74584,485,860,24074,
327.83174197972045,74584,485,859,24075,
327.8327903452981,74584,484,860,24075,
327.84749239214017,74583,485,860,24075,
327.8483904960655,74583,485,859,24076,
327.85235996784326,74583,485,858,24077,
327.8531251151894,74583,485,857,24078,
327.865757357009,74583,485,856,24079,
327.86699112510723,74582,486,856,24079,
327.8669976861859,74582,485,857,24079,
327.8720855091226,74582,484,858,24079,
327.8767214403926,74581,485,858,24079,
327.87866528856176,74581,485,857,24080,
327.8789898757135,74581,484,858,24080,
327.8809732754861,74581,484,857,24081,
327.8848369722196,74581,484,856,24082,
327.88678528170135,74581,484,855,24083,
327.889368234585,74581,484,854,24084,
327.89278028775965,74581,484,853,24085,
327.89343187336897,74581,484,852,24086,
327.8935467644545,74580,485,852,24086,
327.9067261113924,74580,485,851,24087,
327.91391733775043,74579,486,851,24087,
327.9145066131228,74578,487,851,24087,
327.9146257375747,74577,488,851,24087,
327.91863502587455,74576,489,851,24087,
327.9189267252825,74576,488,852,24087,
327.9251411822248,74575,489,852,24087,
327.92684085982376,74575,489,851,24088,
327.93128552886424,74575,489,850,24089,
327.93892495290663,74575,489,849,24090,
327.9390429397256,74574,490,849,24090,
327.944849843239,74573,491,849,24090,
327.9469911535412,74573,491,848,24091,
327.9474911719512,74573,490,849,24091,
327.9477046014779,74573,489,850,24091,
327.95452900641965,74572,490,850,24091,
327.9549444022923,74572,489,851,24091,
327.9550284915812,74572,488,852,24091,
327.9555476374985,74572,487,853,24091,
327.95622693078775,74572,486,854,24091,
327.9598385934685,74572,485,855,24091,
327.96228048445573,74572,485,854,24092,
327.96479648822174,74572,485,853,24093,
327.9668144660006,74572,485,852,24094,
327.9679774797111,74572,485,851,24095,
327.9687986062937,74571,486,851,24095,
327.96928507863447,74571,486,850,24096,
327.97860226033316,74570,487,850,24096,
327.97914553759125,74570,487,849,24097,
327.97927002017184,74570,487,848,24098,
327.98499652808783,74570,486,849,24098,
327.9855855021877,74569,487,849,24098,
327.99023684730787,74569,486,850,24098,
327.9925522371995,74568,487,850,24098,
327.9977590976497,74567,488,850,24098,
328.0059018387351,74567,487,851,24098,
328.00976161461404,74566,488,851,24098,
328.0098615526343,74566,488,850,24099,
328.01442972088574,74566,487,851,24099,
328.0256281068314,74566,486,852,24099,
328.03084563077147,74565,487,852,24099,
328.0313363155945,74565,487,851,24100,
328.0375537202178,74565,487,850,24101,
328.0403394703019,74565,486,851,24101,
328.0408314686523,74565,486,850,24102,
328.0460382798212,74565,486,849,24103,
328.05179554965326,74565,486,848,24104,
328.0528510702029,74565,485,849,24104,
328.05317845616224,74565,485,848,24105,
328.05468273735426,74565,485,847,24106,
328.06418154473926,74565,484,848,24106,
328.0655915684375,74564,485,848,24106,
328.0677483918706,74564,484,849,24106,
328.0696418612752,74564,484,848,24107,
328.07164816144,74564,483,849,24107,
328.08205182103796,74563,484,849,24107,
328.08451261819323,74563,484,848,24108,
328.0895761159694,74563,483,849,24108,
328.09889854487653,74562,484,849,24108,
328.09890620420833,74562,483,850,24108,
328.09960427377484,74562,483,849,24109,
328.10692301489627,74561,484,849,24109,
328.11063676302047,74561,484,848,24110,
328.11341154572364,74560,485,848,24110,
328.11452507420114,74559,486,848,24110,
328.1167580626093,74559,486,847,24111,
328.12027407909613,74559,485,848,24111,
328.12754937087556,74558,486,848,24111,
328.1343490874466,74558,485,849,24111,
328.1350992267194,74558,485,848,24112,
328.13879072098445,74558,484,849,24112,
328.13999053519024,74558,484,848,24113,
328.14122348678166,74558,483,849,24113,
328.1436577530663,74557,484,849,24113,
328.1460361807133,74557,484,848,24114,
328.1463057204745,74557,484,847,24115,
328.15001309551604,74556,485,847,24115,
328.1501376031772,74556,484,848,24115,
328.1513325113884,74556,483,849,24115,
328.15195777514634,74556,483,848,24116,
328.15424667511274,74556,482,849,24116,
328.15608765982876,74556,482,848,24117,
328.1566537758438,74556,482,847,24118,
328.1643254920466,74556,481,848,24118,
328.1668167120777,74556,481,847,24119,
328.1673830444941,74556,480,848,24119,
328.1681111428999,74556,479,849,24119,
328.17808041289254,74555,480,849,24119,
328.17992126984035,74555,480,848,24120,
328.17993168655426,74555,479,849,24120,
328.18257134256214,74555,478,850,24120,
328.2223028735505,74555,478,849,24121,
328.22710599371334,74555,478,848,24122,
328.22745566748995,74555,478,847,24123,
328.23103404585567,74555,477,848,24123,
328.23533699577865,74554,478,848,24123,
328.24653310789137,74554,478,847,24124,
328.25120251800735,74554,478,846,24125,
328.25814993029456,74554,477,847,24125,
328.2589621226406,74553,478,847,24125,
328.26097072362234,74552,479,847,24125,
328.26136596846186,74552,478,848,24125,
328.2617675921334,74552,477,849,24125,
328.2641654311262,74551,478,849,24125,
328.2657995920731,74550,479,849,24125,
328.2718406694855,74550,479,848,24126,
328.2762455318641,74549,480,848,24126,
328.28270725154533,74548,481,848,24126,
328.28271994863553,74547,482,848,24126,
328.28286301169817,74546,483,848,24126,
328.2837556450405,74546,482,849,24126,
328.28492215495004,74546,482,848,24127,
328.28530547994717,74546,481,849,24127,
328.2871244681917,74546,481,848,24128,
328.2914902574984,74545,482,848,24128,
328.30209408193144,74544,483,848,24128,
328.3077607550944,74544,482,849,24128,
328.3169788790131,74543,483,849,24128,
328.3175622124504,74543,483,848,24129,
328.3194270085894,74543,483,847,24130,
328.3255391541963,74543,483,846,24131,
328.33556468905306,74543,483,845,24132,
328.33688142525506,74542,484,845,24132,
328.3372025882097,74542,483,846,24132,
328.34201627470844,74542,483,845,24133,
328.34236757429346,74542,483,844,24134,
328.3449908637805,74542,482,845,24134,
328.3461071917545,74542,482,844,24135,
328.3480348090163,74542,482,843,24136,
328.3537773273713,74542,482,842,24137,
328.3559174587557,74542,481,843,24137,
328.3561149786953,74542,481,842,24138,
328.3563941461633,74542,480,843,24138,
328.3602086358455,74542,480,842,24139,
328.365491813124,74541,481,842,24139,
328.3657049654739,74541,480,843,24139,
328.3688732661054,74541,480,842,24140,
328.37039543339137,74541,480,841,24141,
328.3732734079914,74541,480,840,24142,
328.3771004374074,74541,480,839,24143,
328.3806739771055,74541,479,840,24143,
328.3827124198304,74541,478,841,24143,
328.3841572950694,74541,477,842,24143,
328.3856457442149,74540,478,842,24143,
328.38717234662016,74540,478,841,24144,
328.3887094011778,74539,479,841,24144,
328.3923925540166,74539,479,840,24145,
328.39303235715744,74539,479,839,24146,
328.3978008667705,74539,478,840,24146,
328.39826957022035,74538,479,840,24146,
328.39894037765265,74538,479,839,24147,
328.4023686742262,74538,479,838,24148,
328.4144263031691,74538,479,837,24149,
328.4170371812263,74538,479,836,24150,
328.417169259894,74538,479,835,24151,
328.4177405695973,74538,479,834,24152,
328.42084029317084,74537,480,834,24152,
328.43310909489105,74536,481,834,24152,
328.4382722817052,74535,482,834,24152,
328.43890941544163,74535,482,833,24153,
328.443279831176,74535,481,834,24153,
328.44473955244325,74535,481,833,24154,
328.4449608222655,74534,482,833,24154,
328.4511060862521,74534,482,832,24155,
328.462181931585,74533,483,832,24155,
328.46365158327586,74532,484,832,24155,
328.4656696013202,74531,485,832,24155,
328.4698507134377,74530,486,832,24155,
328.47076621551304,74529,487,832,24155,
328.4709803405881,74529,486,833,24155,
328.47389143813785,74529,485,834,24155,
328.47393768392914,74528,486,834,24155,
328.47743275367196,74527,487,834,24155,
328.4834649361318,74527,487,833,24156,
328.4864449855518,74527,486,834,24156,
328.487846813563,74527,486,833,24157,
328.4885289303461,74526,487,833,24157,
328.48988215773994,74525,488,833,24157,
328.4912736492086,74525,487,834,24157,
328.50690718889456,74525,487,833,24158,
328.51114266528964,74524,488,833,24158,
328.5116184987729,74523,489,833,24158,
328.5232973646659,74523,488,834,24158,
328.5280084241085,74523,487,835,24158,
328.5308324515746,74523,486,836,24158,
328.532766457075,74522,487,836,24158,
328.53946100074245,74522,486,837,24158,
328.54973707229516,74522,485,838,24158,
328.55320785761944,74521,486,838,24158,
328.55767452859203,74521,485,839,24158,
328.5577742931687,74520,486,839,24158,
328.56236762853047,74520,485,840,24158,
328.5722251111553,74519,486,840,24158,
328.5746527023734,74518,487,840,24158,
328.5793366184153,74518,487,839,24159,
328.5793370651592,74518,486,840,24159,
328.58282996226046,74518,486,839,24160,
328.59114363624855,74518,485,840,24160,
328.59563661488926,74518,484,841,24160,
328.5960488353834,74518,484,840,24161,
328.5966678881729,74517,485,840,24161,
328.59923395176475,74517,484,841,24161,
328.6132254594418,74517,483,842,24161,
328.613316439748,74517,482,843,24161,
328.62764461625744,74517,482,842,24162,
328.6328055283091,74517,481,843,24162,
328.6406208696023,74517,480,844,24162,
328.64219465415414,74517,480,843,24163,
328.6432727587932,74517,480,842,24164,
328.6433574644848,74516,481,842,24164,
328.6438796191054,74516,480,843,24164,
328.64846790201193,74516,480,842,24165,
328.6591424618995,74516,480,841,24166,
328.6604955607466,74515,481,841,24166,
328.66453948110615,74514,482,841,24166,
328.66775060790724,74514,482,840,24167,
328.66829304779895,74514,482,839,24168,
328.6743548761808,74514,481,840,24168,
328.6801939317269,74514,481,839,24169,
328.6818872453055,74514,481,838,24170,
328.6839142695671,74513,482,838,24170,
328.687591902917,74512,483,838,24170,
328.68993817889293,74512,483,837,24171,
328.69242308421275,74512,483,836,24172,
328.6964436127186,74512,482,837,24172,
328.6974194582978,74512,482,836,24173,
328.69996643275,74511,483,836,24173,
328.70414345579707,74511,483,835,24174,
328.7042600502606,74511,483,834,24175,
328.71661548532296,74511,482,835,24175,
328.71690625964186,74511,481,836,24175,
328.717038435716,74511,480,837,24175,
328.72403999580416,74511,480,836,24176,
328.72639143193635,74511,480,835,24177,
328.72845303686034,74511,480,834,24178,
328.7403291770351,74510,481,834,24178,
328.74298712027326,74510,480,835,24178,
328.7455475918601,74510,480,834,24179,
328.75066296381226,74509,481,834,24179,
328.7506924547971,74509,480,835,24179,
328.7561673129402,74509,480,834,24180,
328.7601041890474,74508,481,834,24180,
328.7690608410772,74508,481,833,24181,
328.77176565866336,74507,482,833,24181,
328.77212004785554,74507,482,832,24182,
328.77241647633696,74506,483,832,24182,
328.77280549237736,74506,482,833,24182,
328.77300969690907,74506,482,832,24183,
328.7754672919204,74506,482,831,24184,
328.7768441484655,74506,482,830,24185,
328.7775284136901,74505,483,830,24185,
328.7790761776634,74505,482,831,24185,
328.78045499156497,74504,483,831,24185,
328.78895201007526,74504,483,830,24186,
328.7892958702868,74503,484,830,24186,
328.7895462412333,74503,484,829,24187,
328.79116452236644,74503,484,828,24188,
328.7939962973114,74503,484,827,24189,
328.80510673631784,74503,483,828,24189,
328.8052866649525,74503,482,829,24189,
328.80710313701314,74503,481,830,24189,
328.8081512452598,74502,482,830,24189,
328.80870864740865,74502,481,831,24189,
328.80911635912975,74501,482,831,24189,
328.8118476954792,74501,481,832,24189,
328.8248010907515,74501,481,831,24190,
328.8254826850168,74501,480,832,24190,
328.8378881270439,74500,481,832,24190,
328.8423300158338,74499,482,832,24190,
328.85018844118173,74499,482,831,24191,
328.8511996868902,74499,482,830,24192,
328.8536606251355,74498,483,830,24192,
328.86088034925393,74498,483,829,24193,
328.8665452991434,74497,484,829,24193,
328.8711653841903,74497,484,828,24194,
328.87125903550395,74497,483,829,24194,
328.87385817826976,74496,484,829,24194,
328.8752697556311,74496,484,828,24195,
328.88240910703223,74496,483,829,24195,
328.88417517267675,74496,482,830,24195,
328.8900676178185,74496,482,829,24196,
328.8902312933765,74496,481,830,24196,
328.8985213509366,74496,481,829,24197,
328.90054167776174,74495,482,829,24197,
328.90127180882234,74494,483,829,24197,
328.90251258455487,74493,484,829,24197,
328.9028009384071,74493,483,830,24197,
328.9058728771965,74493,483,829,24198,
328.9106420254724,74492,484,829,24198,
328.91175712536307,74492,484,828,24199,
328.9130467357924,74491,485,828,24199,
328.9136862097395,74491,485,827,24200,
328.91612036948175,74491,484,828,24200,
328.92056747426744,74491,484,827,24201,
328.9245393977552,74491,484,826,24202,
328.9283224672758,74490,485,826,24202,
328.929980728668,74489,486,826,24202,
328.93498043388814,74489,486,825,24203,
328.9399560147052,74489,486,824,24204,
328.94166496757146,74489,485,825,24204,
328.9434447981097,74488,486,825,24204,
328.94702776288085,74488,485,826,24204,
328.9662648392618,74488,485,825,24205,
328.9671791126717,74488,485,824,24206,
328.9688927601023,74488,485,823,24207,
328.97046288807275,74487,486,823,24207,
328.97067277566595,74486,487,823,24207,
328.9732262606887,74485,488,823,24207,
328.9761544077074,74484,489,823,24207,
328.97685149021834,74483,490,823,24207,
328.9768748502661,74483,489,824,24207,
328.9798473372954,74483,488,825,24207,
328.98010689323286,74482,489,825,24207,
328.98216565409746,74482,489,824,24208,
328.9843125118704,74481,490,824,24208,
328.9924574623354,74481,489,825,24208,
328.99634593879614,74480,490,825,24208,
328.99988041648936,74480,489,826,24208,
329.00213885283864,74480,489,825,24209,
329.0039764709225,74479,490,825,24209,
329.0044816298491,74478,491,825,24209,
329.0084111206231,74477,492,825,24209,
329.01886788636176,74476,493,825,24209,
329.0195436435517,74476,492,826,24209,
329.0247364822298,74476,492,825,24210,
329.0249662967729,74475,493,825,24210,
329.02748517983775,74475,493,824,24211,
329.02848766265635,74474,494,824,24211,
329.0329073984232,74474,494,823,24212,
329.0333624041389,74474,494,822,24213,
329.03737034890173,74473,495,822,24213,
329.044125242824,74473,494,823,24213,
329.0453843438524,74473,494,822,24214,
329.04624347070825,74472,495,822,24214,
329.04668552152737,74472,494,823,24214,
329.05071073314434,74472,493,824,24214,
329.05355188167704,74472,492,825,24214,
329.05747673378465,74471,493,825,24214,
329.06287726651533,74471,493,824,24215,
329.0640598222864,74471,492,825,24215,
329.06421959983277,74471,491,826,24215,
329.06976013606794,74471,491,825,24216,
329.07656061984983,74471,491,824,24217,
329.08046923728534,74470,492,824,24217,
329.08388454370134,74469,493,824,24217,
329.0865377259517,74469,493,823,24218,
329.08670497786295,74469,492,824,24218,
329.08991051587475,74468,493,824,24218,
329.09506625507936,74467,494,824,24218,
329.09554172123535,74467,494,823,24219,
329.101760345313,74467,493,824,24219,
329.1047050236349,74467,493,823,24220,
329.10576923774846,74466,494,823,24220,
329.1085295318421,74466,494,822,24221,
329.11007108556885,74466,494,821,24222,
329.1118076436294,74465,495,821,24222,
329.1134228145658,74465,494,822,24222,
329.1150496435277,74465,494,821,24223,
329.11858616488206,74465,494,820,24224,
329.1251637128104,74465,494,819,24225,
329.1299559841846,74465,494,818,24226,
329.1299966882956,74465,493,819,24226,
329.13049257481174,74464,494,819,24226,
329.1328619522535,74464,493,820,24226,
329.1333098076069,74464,493,819,24227,
329.13469180667,74463,494,819,24227,
329.13940679335315,74463,494,818,24228,
329.1411573881609,74463,494,817,24229,
329.141210860247,74463,494,816,24230,
329.1443672337409,74462,495,816,24230,
329.1456203944574,74462,494,817,24230,
329.1462238707853,74462,493,818,24230,
329.1517532187159,74462,493,817,24231,
329.1520134541341,74462,493,816,24232,
329.1529496704058,74462,493,815,24233,
329.15321854625955,74461,494,815,24233,
329.15331992215647,74460,495,815,24233,
329.1550508049929,74460,495,814,24234,
329.15579948288087,74459,496,814,24234,
329.1615796237535,74459,496,813,24235,
329.1619645000034,74458,497,813,24235,
329.1667928200587,74458,496,814,24235,
329.16866760961244,74457,497,814,24235,
329.17295614636026,74457,496,815,24235,
329.17974276920853,74457,495,816,24235,
329.1891722094947,74457,495,815,24236,
329.18975364592353,74457,494,816,24236,
329.19081621916126,74457,494,815,24237,
329.19177330666906,74456,495,815,24237,
329.19475981980383,74455,496,815,24237,
329.19769768718237,74454,497,815,24237,
329.1982473052196,74453,498,815,24237,
329.2054083606525,74453,497,816,24237,
329.20778205519576,74453,497,815,24238,
329.20821696775795,74453,497,814,24239,
329.20840573886363,74453,496,815,24239,
329.20885020010064,74453,495,816,24239,
329.21060033947117,74453,494,817,24239,
329.22153892255056,74452,495,817,24239,
329.2218601628667,74451,496,817,24239,
329.22479673753514,74451,495,818,24239,
329.23127099728015,74450,496,818,24239,
329.23151711225813,74450,495,819,24239,
329.23238329241883,74450,495,818,24240,
329.2341171091744,74449,496,818,24240,
329.2356865995971,74449,496,817,24241,
329.2370725362253,74448,497,817,24241,
329.24032100858443,74448,497,816,24242,
329.24539210332733,74448,497,815,24243,
329.2475442815778,74447,498,815,24243,
329.2600953429798,74447,498,814,24244,
329.2639272161969,74447,497,815,24244,
329.26847866624485,74446,498,815,24244,
329.2690356652985,74445,499,815,24244,
329.27156330107715,74445,498,816,24244,
329.2740582355131,74444,499,816,24244,
329.27917788597773,74444,499,815,24245,
329.28949482052053,74444,499,814,24246,
329.2907756917022,74443,500,814,24246,
329.2910107454834,74442,501,814,24246,
329.2960224124328,74441,502,814,24246,
329.30384871834593,74441,502,813,24247,
329.30658420383065,74441,501,814,24247,
329.3069455803324,74441,501,813,24248,
329.3075915579283,74441,500,814,24248,
329.3095634477416,74441,499,815,24248,
329.3097296853551,74441,499,814,24249,
329.3144857218477,74441,498,815,24249,
329.3169411359478,74441,498,814,24250,
329.32742145566954,74441,498,813,24251,
329.33178147511484,74440,499,813,24251,
329.34255836848223,74440,498,814,24251,
329.34600592805015,74439,499,814,24251,
329.34602794369715,74438,500,814,24251,
329.3493928309797,74438,499,815,24251,
329.35048961284457,74438,498,816,24251,
329.3538439814391,74438,497,817,24251,
329.35703312709165,74438,496,818,24251,
329.35780868563523,74438,495,819,24251,
329.3643599868901,74437,496,819,24251,
329.36549923716007,74437,496,818,24252,
329.37673010147915,74436,497,818,24252,
329.3823875798024,74436,497,817,24253,
329.38357715755257,74436,497,816,24254,
329.38918655150826,74436,497,815,24255,
329.39927082555056,74436,497,814,24256,
329.40184482555287,74436,496,815,24256,
329.4057441201969,74436,495,816,24256,
329.4063938351574,74436,495,815,24257,
329.4076995895143,74436,494,816,24257,
329.4082535646658,74436,494,815,24258,
329.40919167333146,74435,495,815,24258,
329.4125617057591,74435,494,816,24258,
329.41323383340915,74434,495,816,24258,
329.4142904173062,74434,495,815,24259,
329.41872472658844,74434,494,816,24259,
329.41923609688797,74434,494,815,24260,
329.4201033728949,74434,494,814,24261,
329.42405398619127,74434,493,815,24261,
329.4296994631039,74434,492,816,24261,
329.4329656647967,74433,493,816,24261,
329.4330561496219,74432,494,816,24261,
329.4382008513116,74431,495,816,24261,
329.4395760558095,74431,495,815,24262,
329.44962455199527,74431,495,814,24263,
329.450171040696,74431,495,813,24264,
329.45195063827333,74431,495,812,24265,
329.45230304350116,74431,494,813,24265,
329.46464061364037,74431,494,812,24266,
329.46482312747384,74431,494,811,24267,
329.4650602572701,74431,494,810,24268,
329.4672156949279,74430,495,810,24268,
329.46996059190474,74429,496,810,24268,
329.47063946251455,74429,495,811,24268,
329.4739539836431,74428,496,811,24268,
329.47769017411997,74427,497,811,24268,
329.4779385328257,74426,498,811,24268,
329.47855474702453,74426,497,812,24268,
329.4803509880668,74426,496,813,24268,
329.4827356436441,74426,495,814,24268,
329.48408707066903,74425,496,814,24268,
329.48503306859163,74425,495,815,24268,
329.4937783842874,74425,495,814,24269,
329.50503706351265,74425,495,813,24270,
329.50794965720877,74425,495,812,24271,
329.5132089569102,74424,496,812,24271,
329.5220214356286,74423,497,812,24271,
329.5252372457408,74423,497,811,24272,
329.52791120919716,74422,498,811,24272,
329.5303144287332,74421,499,811,24272,
329.5440994699984,74421,499,810,24273,
329.54741395851073,74421,498,811,24273,
329.54828335156833,74420,499,811,24273,
329.5500424119787,74420,498,812,24273,
329.5519447602321,74420,497,813,24273,
329.55462762147675,74420,496,814,24273,
329.55864566225944,74420,495,815,24273,
329.56785798726327,74420,495,814,24274,
329.571031249169,74420,495,813,24275,
329.57325010515973,74420,494,814,24275,
329.5771063608893,74419,495,814,24275,
329.5777364268846,74418,496,814,24275,
329.5927437779635,74418,496,813,24276,
329.5947254925319,74418,496,812,24277,
329.6046594753341,74417,497,812,24277,
329.61183671392996,74417,497,811,24278,
329.6136389114335,74416,498,811,24278,
329.61565535776754,74416,498,810,24279,
329.6184908620329,74416,498,809,24280,
329.622924668639,74416,498,808,24281,
329.62387577192766,74416,497,809,24281,
329.62644464929554,74416,497,808,24282,
329.6268764242611,74416,497,807,24283,
329.63095635038115,74416,497,806,24284,
329.63458384889213,74416,497,805,24285,
329.63650733931473,74415,498,805,24285,
329.6387875811924,74415,497,806,24285,
329.6433082840742,74415,497,805,24286,
329.68766910542763,74415,497,804,24287,
329.69730370122556,74415,497,803,24288,
329.7007968246774,74414,498,803,24288,
329.70539177116024,74414,498,802,24289,
329.71056837447355,74414,498,801,24290,
329.7118774094421,74414,498,800,24291,
329.71521663087844,74413,499,800,24291,
329.7157769541566,74413,498,801,24291,
329.716403764724,74412,499,801,24291,
329.71650440812795,74412,498,802,24291,
329.72405097567054,74412,497,803,24291,
329.7260746953319,74412,496,804,24291,
329.7271844894721,74412,495,805,24291,
329.7276047710912,74412,494,806,24291,
329.72889111258,74412,494,805,24292,
329.7289803325622,74412,494,804,24293,
329.73115808145803,74412,493,805,24293,
329.7333337544424,74411,494,805,24293,
329.73502173440096,74411,493,806,24293,
329.7369821919004,74411,493,805,24294,
329.73966140426313,74411,493,804,24295,
329.74187754080566,74410,494,804,24295,
329.7437581225373,74410,494,803,24296,
329.7439493545676,74410,494,802,24297,
329.74723530315504,74410,493,803,24297,
329.74930807791094,74409,494,803,24297,
329.75100892450996,74408,495,803,24297,
329.751061221843,74407,496,803,24297,
329.7525933198672,74407,496,802,24298,
329.7589552658683,74406,497,802,24298,
329.76000134016635,74406,496,803,24298,
329.7632465622213,74406,495,804,24298,
329.7653756331167,74406,494,805,24298,
329.7696899108795,74406,494,804,24299,
329.7722822278463,74406,493,805,24299,
329.7796603995375,74406,492,806,24299,
329.7982903499828,74405,493,806,24299,
329.7998866356239,74405,492,807,24299,
329.8001480716863,74405,491,808,24299,
329.80605238868134,74404,492,808,24299,
329.8124201684531,74404,492,807,24300,
329.8134868570847,74404,491,808,24300,
329.8187156556757,74403,492,808,24300,
329.82312155248997,74403,492,807,24301,
329.8275715914895,74403,491,808,24301,
329.8377320213752,74403,490,809,24301,
329.83811570305204,74402,491,809,24301,
329.84306390070606,74402,490,810,24301,
329.84587178374653,74402,490,809,24302,
329.8467111218317,74401,491,809,24302,
329.8470344570053,74400,492,809,24302,
329.85503136858887,74400,492,808,24303,
329.85899734573854,74400,491,809,24303,
329.8657855516441,74399,492,809,24303,
329.87087719769175,74399,492,808,24304,
329.8717746738149,74398,493,808,24304,
329.8730415927477,74397,494,808,24304,
329.8739323253611,74397,494,807,24305,
329.8765141571439,74397,494,806,24306,
329.88373003378683,74396,495,806,24306,
329.8852456379777,74396,494,807,24306,
329.8893424369159,74396,494,806,24307,
329.88980681616937,74396,493,807,24307,
329.8938718060694,74395,494,807,24307,
329.8947410276793,74394,495,807,24307,
329.8953213390798,74394,494,808,24307,
329.8959419386465,74393,495,808,24307,
329.8985431767115,74393,494,809,24307,
329.8987662449989,74393,493,810,24307,
329.90053165953793,74393,492,811,24307,
329.9005895136746,74393,491,812,24307,
329.90487940055954,74393,491,811,24308,
329.91048738827885,74392,492,811,24308,
329.9151387665297,74392,492,810,24309,
329.9154010590795,74392,492,809,24310,
329.9170521227444,74392,491,810,24310,
329.9174287855729,74392,490,811,24310,
329.9205432150446,74392,489,812,24310,
329.92604653040416,74391,490,812,24310,
329.9265593065443,74391,490,811,24311,
329.9296742263217,74390,491,811,24311,
329.9362954282493,74390,490,812,24311,
329.9382108402428,74390,489,813,24311,
329.93917698827516,74389,490,813,24311,
329.9404772173637,74389,490,812,24312,
329.94537310071945,74389,489,813,24312,
329.95346894507384,74388,490,813,24312,
329.95734437969867,74388,489,814,24312,
329.9576016676095,74387,490,814,24312,
329.9580826127357,74387,489,815,24312,
329.9614944765743,74387,489,814,24313,
329.96150293026017,74387,488,815,24313,
329.9619672517498,74387,488,814,24314,
329.96202434992045,74387,488,813,24315,
329.9636758940022,74387,487,814,24315,
329.9656295420722,74387,486,815,24315,
329.97150365595695,74387,486,814,24316,
329.9743316508295,74386,487,814,24316,
329.97698620497573,74386,486,815,24316,
329.98386727703615,74386,485,816,24316,
329.98522620854055,74386,484,817,24316,
329.98557135256203,74386,484,816,24317,
329.98565266232777,74386,484,815,24318,
329.9908427829955,74386,484,814,24319,
329.9910902890674,74385,485,814,24319,
329.99212004630465,74385,484,815,24319,
329.99487827464804,74385,483,816,24319,
329.9983710368367,74385,482,817,24319,
330.00344583204816,74384,483,817,24319,
330.013589454679,74384,483,816,24320,
330.0143507973609,74384,482,817,24320,
330.0145075973846,74384,481,818,24320,
330.0275625651262,74384,480,819,24320,
330.0364454669531,74384,480,818,24321,
330.0372188844345,74384,479,819,24321,
330.03897949848556,74384,478,820,24321,
330.04022692866715,74384,478,819,24322,
330.04047580608784,74384,477,820,24322,
330.04111270346334,74384,477,819,24323,
330.0491772753777,74384,476,820,24323,
330.0491854144219,74384,476,819,24324,
330.0512984522556,74384,476,818,24325,
330.0542298048222,74384,475,819,24325,
330.0549919059176,74384,475,818,24326,
330.05817068955656,74384,474,819,24326,
330.06841148279403,74384,473,820,24326,
330.0687505085209,74383,474,820,24326,
330.0693322119576,74383,473,821,24326,
330.073268076354,74382,474,821,24326,
330.07370160481315,74382,474,820,24327,
330.08133758612627,74381,475,820,24327,
330.08398267272196,74381,475,819,24328,
330.0853516332329,74380,476,819,24328,
330.090170107674,74380,475,820,24328,
330.0913113817391,74380,474,821,24328,
330.09371247547335,74380,473,822,24328,
330.0970897968117,74380,472,823,24328,
330.1019831661399,74380,471,824,24328,
330.10955453157976,74380,470,825,24328,
330.1100552785797,74380,470,824,24329,
330.1116468151678,74380,469,825,24329,
330.1129210225578,74379,470,825,24329,
330.12231276473165,74379,470,824,24330,
330.12756411008905,74379,469,825,24330,
330.1291926894582,74379,469,824,24331,
330.132002247065,74379,469,823,24332,
330.13904822380147,74379,468,824,24332,
330.13910448293353,74379,467,825,24332,
330.14135172433424,74379,466,826,24332,
330.147793399933,74378,467,826,24332,
330.1497234055746,74378,466,827,24332,
330.16061938548614,74378,466,826,24333,
330.165546549885,74378,466,825,24334,
330.1664344043649,74377,467,825,24334,
330.1686623821952,74377,466,826,24334,
330.1695187762798,74376,467,826,24334,
330.1740608466565,74375,468,826,24334,
330.1796830079753,74375,468,825,24335,
330.18051625384527,74375,468,824,24336,
330.1837602802127,74375,468,823,24337,
330.1875913231305,74375,468,822,24338,
330.18759592507695,74375,468,821,24339,
330.18922366899494,74375,468,820,24340,
330.1897924585404,74375,468,819,24341,
330.1901704253712,74374,469,819,24341,
330.1934292880097,74374,468,820,24341,
330.20355490419973,74373,469,820,24341,
330.20460712869095,74373,468,821,24341,
330.2050167769078,74373,468,820,24342,
330.20876562721025,74373,468,819,24343,
330.2088503789927,74373,468,818,24344,
330.2123343452448,74373,468,817,24345,
330.21574436845026,74373,467,818,24345,
330.21714663957715,74372,468,818,24345,
330.2199936033032,74372,468,817,24346,
330.2282356738714,74371,469,817,24346,
330.22934678806877,74371,469,816,24347,
330.23238226666285,74370,470,816,24347,
330.23403722900673,74370,469,817,24347,
330.2368388712576,74370,469,816,24348,
330.2371572383221,74370,468,817,24348,
330.23900711566625,74370,467,818,24348,
330.2402160161233,74369,468,818,24348,
330.2426170273375,74369,467,819,24348,
330.24365258107844,74369,467,818,24349,
330.2446764528251,74369,467,817,24350,
330.2485391009436,74368,468,817,24350,
330.25129164035707,74368,467,818,24350,
330.25371135296314,74368,467,817,24351,
330.2582385637852,74368,467,816,24352,
330.25827578804945,74368,467,815,24353,
330.2592189428643,74368,467,814,24354,
330.2600277053982,74367,468,814,24354,
330.2619521139339,74367,468,813,24355,
330.26249105739197,74367,468,812,24356,
330.2719094258901,74367,467,813,24356,
330.272235803447,74366,468,813,24356,
330.2741364400994,74366,468,812,24357,
330.2779299448601,74365,469,812,24357,
330.27932347680394,74364,470,812,24357,
330.2797125095092,74363,471,812,24357,
330.28198955381407,74363,470,813,24357,
330.28230467369985,74362,471,813,24357,
330.2831478760202,74361,472,813,24357,
330.28727818289025,74360,473,813,24357,
330.2895514252123,74359,474,813,24357,
330.2898483579034,74359,473,814,24357,
330.292175194765,74359,472,815,24357,
330.2945816640026,74359,471,816,24357,
330.29721137012166,74358,472,816,24357,
330.29905186140877,74357,473,816,24357,
330.302152299691,74356,474,816,24357,
330.3038656417723,74355,475,816,24357,
330.3043202974847,74355,474,817,24357,
330.30578371969966,74355,473,818,24357,
330.3069680093116,74354,474,818,24357,
330.3136623804322,74354,474,817,24358,
330.31376665448016,74354,473,818,24358,
330.31563871724046,74354,473,817,24359,
330.320348599964,74353,474,817,24359,
330.3220832045457,74353,473,818,24359,
330.32528052410476,74353,472,819,24359,
330.3263877464038,74353,472,818,24360,
330.33452318082567,74353,472,817,24361,
330.33501096354667,74353,472,816,24362,
330.33580248445116,74353,471,817,24362,
330.33689553744034,74352,472,817,24362,
330.33766372436617,74351,473,817,24362,
330.3493521918499,74351,473,816,24363,
330.35137416278144,74351,473,815,24364,
330.3526679621846,74351,473,814,24365,
330.35346636018005,74350,474,814,24365,
330.3563677152093,74350,474,813,24366,
330.36203871679277,74350,474,812,24367,
330.367234942763,74350,474,811,24368,
330.3674880943925,74349,475,811,24368,
330.37312696078783,74348,476,811,24368,
330.38342605227075,74348,476,810,24369,
330.3933428119708,74348,476,809,24370,
330.398164002287,74347,477,809,24370,
330.39858948719666,74347,476,810,24370,
330.40352285308796,74347,475,811,24370,
330.4053871456254,74347,475,810,24371,
330.4146781070574,74347,475,809,24372,
330.41641396838725,74346,476,809,24372,
330.42309472147383,74346,476,808,24373,
330.4238031008819,74346,476,807,24374,
330.4255030422176,74346,475,808,24374,
330.4303282568902,74346,474,809,24374,
330.4339275646833,74346,473,810,24374,
330.43585943294516,74345,474,810,24374,
330.4409814432024,74344,475,810,24374,
330.4449358169508,74344,475,809,24375,
330.44700164760616,74344,474,810,24375,
330.45040514454183,74343,475,810,24375,
330.45742364055377,74343,474,811,24375,
330.4611235252409,74342,475,811,24375,
330.46678774803553,74341,476,811,24375,
330.4688378679716,74340,477,811,24375,
330.47313762406185,74339,478,811,24375,
330.47714824294917,74339,477,812,24375,
330.4826358132708,74339,476,813,24375,
330.4827251740719,74339,476,812,24376,
330.4889303220683,74338,477,812,24376,
330.4895757045969,74338,477,811,24377,
330.49146798350256,74338,477,810,24378,
330.492121468213,74337,478,810,24378,
330.4934173591957,74337,478,809,24379,
330.49501741308495,74336,479,809,24379,
330.498834265134,74336,479,808,24380,
330.49990684132865,74336,478,809,24380,
330.50433520283747,74335,479,809,24380,
330.50854082233707,74334,480,809,24380,
330.5143045010866,74333,481,809,24380,
330.51452334610025,74333,480,810,24380,
330.52239326819625,74333,479,811,24380,
330.5253606520604,74333,479,810,24381,
330.5256671195138,74333,478,811,24381,
330.5259008843898,74332,479,811,24381,
330.52711190066975,74332,478,812,24381,
330.5286350782578,74332,478,811,24382,
330.5299136275808,74332,477,812,24382,
330.53849901755535,74331,478,812,24382,
330.54318905964294,74331,478,811,24383,
330.5445963517443,74331,478,810,24384,
330.5458019859892,74331,477,811,24384,
330.54851390416957,74330,478,811,24384,
330.5559186806453,74330,477,812,24384,
330.5569302286999,74330,477,811,24385,
330.5613273859269,74330,476,812,24385,
330.56502660994374,74329,477,812,24385,
330.5652112943307,74329,477,811,24386,
330.5666210940863,74328,478,811,24386,
330.56879272114844,74328,478,810,24387,
330.57056848220935,74327,479,810,24387,
330.5725403122244,74326,480,810,24387,
330.57370359370873,74325,481,810,24387,
330.57529971511644,74325,481,809,24388,
330.57626824417116,74325,481,808,24389,
330.5783970231821,74325,480,809,24389,
330.58619345050545,74324,481,809,24389,
330.58927223724373,74324,481,808,24390,
330.590845266519,74324,480,809,24390,
330.590871876061,74324,479,810,24390,
330.592267759836,74324,478,811,24390,
330.5938362457139,74324,478,810,24391,
330.595162837629,74324,477,811,24391,
330.59536766786994,74324,476,812,24391,
330.5968192457686,74323,477,812,24391,
330.6000593694741,74323,477,811,24392,
330.60159390386946,74322,478,811,24392,
330.6043041497195,74322,477,812,24392,
330.6073595025815,74322,476,813,24392,
330.6115510343542,74322,476,812,24393,
330.61487316866993,74322,476,811,24394,
330.61643672715405,74321,477,811,24394,
330.61797463214685,74321,477,810,24395,
330.6291615304688,74321,476,811,24395,
330.6344911222252,74320,477,811,24395,
330.6375236648548,74320,477,810,24396,
330.6388554761388,74320,477,809,24397,
330.63915513363065,74320,477,808,24398,
330.6396712394711,74320,476,809,24398,
330.64031561703797,74319,477,809,24398,
330.64461731120133,74319,476,810,24398,
330.64620899793687,74318,477,810,24398,
330.6483941166444,74317,478,810,24398,
330.6492001310665,74317,477,811,24398,
330.650449646001,74316,478,811,24398,
330.66746450687316,74316,478,810,24399,
330.6693453619474,74315,479,810,24399,
330.6710984646673,74315,479,809,24400,
330.67121546196995,74315,478,810,24400,
330.68894557134826,74315,478,809,24401,
330.6893144865156,74315,477,810,24401,
330.6950417591546,74314,478,810,24401,
330.69979790967653,74313,479,810,24401,
330.70144129932464,74312,480,810,24401,
330.70531975489547,74312,480,809,24402,
330.7053370347975,74311,481,809,24402,
330.7076329176465,74310,482,809,24402,
330.71020767623787,74309,483,809,24402,
330.7108493175348,74308,484,809,24402,
330.7143101803888,74307,485,809,24402,
330.7155043714957,74306,486,809,24402,
330.7170195538338,74306,485,810,24402,
330.7179964112391,74305,486,810,24402,
330.7213930301295,74305,486,809,24403,
330.7236629220716,74305,486,808,24404,
330.72709846440586,74305,486,807,24405,
330.73076717244356,74305,486,806,24406,
330.7312349063103,74304,487,806,24406,
330.731494478641,74303,488,806,24406,
330.7362814541045,74303,488,805,24407,
330.73661932414234,74302,489,805,24407,
330.7381512129908,74302,489,804,24408,
330.74431772917194,74301,490,804,24408,
330.7450128871932,74301,490,803,24409,
330.74618068872564,74301,490,802,24410,
330.75002055844453,74301,490,801,24411,
330.75500029744273,74301,489,802,24411,
330.7590753905305,74301,488,803,24411,
330.7640221829305,74301,487,804,24411,
330.76817492093664,74300,488,804,24411,
330.7715439507328,74300,487,805,24411,
330.7793078097998,74300,487,804,24412,
330.7888829995965,74299,488,804,24412,
330.8040258505568,74299,487,805,24412,
330.8087499440787,74299,486,806,24412,
330.8111581678356,74299,485,807,24412,
330.81312097846296,74299,485,806,24413,
330.8149489514416,74299,485,805,24414,
330.8176165610073,74299,485,804,24415,
330.81821206289794,74299,484,805,24415,
330.8189582761941,74299,484,804,24416,
330.8202648432712,74299,483,805,24416,
330.8213607561753,74299,482,806,24416,
330.8239398581921,74298,483,806,24416,
330.82497906916933,74298,483,805,24417,
330.8425412278152,74298,482,806,24417,
330.84506981196404,74298,482,805,24418,
330.8460373549322,74298,481,806,24418,
330.84879395931716,74297,482,806,24418,
330.8492671876009,74297,482,805,24419,
330.8525918904562,74296,483,805,24419,
330.85711398193456,74296,482,806,24419,
330.8580200921232,74296,482,805,24420,
330.86490192363567,74295,483,805,24420,
330.8708010940267,74294,484,805,24420,
330.87410437551426,74293,485,805,24420,
330.87517316279326,74293,484,806,24420,
330.8772251131612,74293,484,805,24421,
330.88615953490796,74293,484,804,24422,
330.89144526787226,74293,484,803,24423,
330.8981290277543,74293,484,802,24424,
330.90156563482753,74293,483,803,24424,
330.90246699220336,74293,482,804,24424,
330.9032126461,74292,483,804,24424,
330.9063480795808,74292,483,803,24425,
330.9086001829021,74292,483,802,24426,
330.9086754372795,74292,483,801,24427,
330.91284440475016,74292,483,800,24428,
330.9151136809936,74292,482,801,24428,
330.9154482493464,74291,483,801,24428,
330.91784002632625,74291,482,802,24428,
330.9214089686399,74290,483,802,24428,
330.9218077652947,74290,483,801,24429,
330.92296605481476,74290,482,802,24429,
330.92513029368564,74290,482,801,24430,
330.92587681137263,74290,482,800,24431,
330.9345820306737,74290,481,801,24431,
330.9451758725072,74289,482,801,24431,
330.945206410769,74289,481,802,24431,
330.9465627437081,74288,482,802,24431,
330.94684531443704,74287,483,802,24431,
330.9471781692747,74287,482,803,24431,
330.9542386916172,74287,481,804,24431,
330.95564065003913,74286,482,804,24431,
330.9558248095931,74286,481,805,24431,
330.9568337763161,74286,480,806,24431,
330.95723661997073,74286,479,807,24431,
330.95896841069424,74286,479,806,24432,
330.9687503343049,74286,478,807,24432,
330.9771748048964,74286,477,808,24432,
330.98727473213484,74286,477,807,24433,
330.995555813694,74285,478,807,24433,
331.0000183758704,74285,478,806,24434,
331.0001489378685,74284,479,806,24434,
331.00878317638063,74284,478,807,24434,
331.01124566765117,74284,478,806,24435,
331.0113500881339,74284,477,807,24435,
331.01255111309354,74284,477,806,24436,
331.0127790433443,74284,477,805,24437,
331.0228818259952,74284,477,804,24438,
331.03619196963297,74284,477,803,24439,
331.04269772745675,74284,477,802,24440,
331.04365788561626,74284,476,803,24440,
331.04779723644486,74283,477,803,24440,
331.05843659648485,74283,476,804,24440,
331.0609565333601,74283,476,803,24441,
331.0619750243423,74283,476,802,24442,
331.0699961965939,74283,475,803,24442,
331.07208621182576,74283,475,802,24443,
331.07308156120916,74282,476,802,24443,
331.07483056947336,74282,475,803,24443,
331.0789762082226,74282,475,802,24444,
331.0807373182109,74282,474,803,24444,
331.08540423988893,74281,475,803,24444,
331.08693765960544,74281,474,804,24444,
331.09431823416,74280,475,804,24444,
331.0947881854771,74279,476,804,24444,
331.0976898082887,74278,477,804,24444,
331.10175543411617,74278,477,803,24445,
331.1024638287736,74278,477,802,24446,
331.11029932050985,74277,478,802,24446,
331.1104111146575,74276,479,802,24446,
331.11300957039384,74276,478,803,24446,
331.1199141434087,74275,479,803,24446,
331.12459390533604,74274,480,803,24446,
331.1255482815935,74274,479,804,24446,
331.12611475214203,74273,480,804,24446,
331.1261315612031,74273,480,803,24447,
331.1274793198594,74273,479,804,24447,
331.1275731523481,74272,480,804,24447,
331.1345139701492,74272,480,803,24448,
331.1364011992265,74272,480,802,24449,
331.1435623150693,74272,479,803,24449,
331.14508601479474,74271,480,803,24449,
331.1490569141206,74271,479,804,24449,
331.1539990421839,74271,479,803,24450,
331.15564029894665,74270,480,803,24450,
331.1684776271472,74270,479,804,24450,
331.1719961648531,74269,480,804,24450,
331.20128266840527,74269,480,803,24451,
331.20134700678256,74269,479,804,24451,
331.2027124597399,74269,478,805,24451,
331.20480937092316,74268,479,805,24451,
331.2059254224338,74267,480,805,24451,
331.20897498428826,74267,480,804,24452,
331.21305244363725,74267,479,805,24452,
331.2136874533246,74267,479,804,24453,
331.2175539881963,74266,480,804,24453,
331.2259719185243,74266,479,805,24453,
331.22949094071816,74265,480,805,24453,
331.23099641913694,74265,480,804,24454,
331.232499246081,74264,481,804,24454,
331.2332356027048,74263,482,804,24454,
331.2337923438422,74262,483,804,24454,
331.23422220386243,74261,484,804,24454,
331.24431949117786,74260,485,804,24454,
331.24789552340275,74259,486,804,24454,
331.2531255890003,74259,486,803,24455,
331.2556128200319,74258,487,803,24455,
331.2574552188388,74258,486,804,24455,
331.259906546237,74258,485,805,24455,
331.2604813925494,74258,484,806,24455,
331.26148445403084,74258,484,805,24456,
331.2640016804586,74257,485,805,24456,
331.2693932263004,74257,485,804,24457,
331.27235041253846,74257,484,805,24457,
331.275790602992,74257,483,806,24457,
331.27672999354024,74256,484,806,24457,
331.28278514295334,74255,485,806,24457,
331.28442230732713,74255,484,807,24457,
331.2860969889319,74254,485,807,24457,
331.2911196100033,74254,484,808,24457,
331.29283839996486,74254,484,807,24458,
331.2928414584282,74254,484,806,24459,
331.29809431439173,74253,485,806,24459,
331.29902809399164,74252,486,806,24459,
331.30650506921586,74252,486,805,24460,
331.3074445636305,74252,486,804,24461,
331.3185029852186,74252,485,805,24461,
331.3192926041906,74252,484,806,24461,
331.3226459505426,74251,485,806,24461,
331.3271285268704,74251,484,807,24461,
331.3326082833663,74250,485,807,24461,
331.3394193788429,74250,485,806,24462,
331.3430620877896,74250,484,807,24462,
331.3432885473862,74250,484,806,24463,
331.3448084608675,74249,485,806,24463,
331.3486180821018,74249,485,805,24464,
331.3486390542384,74249,485,804,24465,
331.34996945020566,74249,484,805,24465,
331.35090155835843,74249,483,806,24465,
331.35179538301725,74249,483,805,24466,
331.3550330468591,74249,483,804,24467,
331.37125684389133,74249,483,803,24468,
331.37767674808424,74249,483,802,24469,
331.3799590825325,74248,484,802,24469,
331.3809419175087,74248,484,801,24470,
331.38459823584736,74248,484,800,24471,
331.38779719233116,74248,484,799,24472,
331.38888125026523,74248,484,798,24473,
331.3943109994147,74247,485,798,24473,
331.39727955345836,74247,484,799,24473,
331.3993702169966,74246,485,799,24473,
331.4103120787723,74245,486,799,24473,
331.4149839637892,74245,486,798,24474,
331.4189511111929,74245,485,799,24474,
331.4213396100215,74245,485,798,24475,
331.42497007797454,74245,485,797,24476,
331.4263890452382,74245,484,798,24476,
331.43302570334214,74245,484,797,24477,
331.43909332338234,74245,483,798,24477,
331.43990179448514,74245,483,797,24478,
331.4414796646178,74245,482,798,24478,
331.4436823880967,74244,483,798,24478,
331.4460760381468,74244,483,797,24479,
331.4514109391965,74244,483,796,24480,
331.4555293733581,74244,483,795,24481,
331.4678235342043,74243,484,795,24481,
331.468119555615,74243,484,794,24482,
331.46871699736346,74243,483,795,24482,
331.47646526498903,74243,482,796,24482,
331.478172940324,74243,481,797,24482,
331.4818403687524,74242,482,797,24482,
331.4829456690105,74242,481,798,24482,
331.4867163998488,74242,481,797,24483,
331.48990284940595,74242,480,798,24483,
331.4966582883933,74242,480,797,24484,
331.49887120662777,74242,480,796,24485,
331.4999224763353,74242,479,797,24485,
331.50320775998574,74242,479,796,24486,
331.5133601238831,74242,478,797,24486,
331.5137068515593,74242,477,798,24486,
331.51478930608255,74242,477,797,24487,
331.52060530225117,74241,478,797,24487,
331.52425469182094,74241,478,796,24488,
331.5369334692071,74241,478,795,24489,
331.54507298662645,74241,477,796,24489,
331.5478298419799,74241,476,797,24489,
331.5523198318848,74241,475,798,24489,
331.5583746383913,74241,474,799,24489,
331.5611092007107,74240,475,799,24489,
331.56420694720606,74240,474,800,24489,
331.5643008961207,74240,474,799,24490,
331.5643766387521,74239,475,799,24490,
331.5650809448966,74238,476,799,24490,
331.56895116699974,74238,476,798,24491,
331.57422661476375,74238,476,797,24492,
331.5763037130048,74237,477,797,24492,
331.57642297197845,74236,478,797,24492,
331.57961855999855,74236,478,796,24493,
331.5842847620163,74236,478,795,24494,
331.58923935903846,74236,478,794,24495,
331.5935464506401,74236,477,795,24495,
331.59422066620937,74236,476,796,24495,
331.60652993684346,74236,476,795,24496,
331.6125210121613,74235,477,795,24496,
331.6217334213142,74234,478,795,24496,
331.62526007988185,74233,479,795,24496,
331.62551761718686,74232,480,795,24496,
331.62801588127115,74232,479,796,24496,
331.63587911305945,74232,478,797,24496,
331.640687044634,74231,479,797,24496,
331.6411195644168,74230,480,797,24496,
331.6435448773535,74229,481,797,24496,
331.64835521525987,74229,481,796,24497,
331.65038466522094,74229,480,797,24497,
331.6512294539165,74228,481,797,24497,
331.6515257763102,74228,481,796,24498,
331.6596486583606,74228,480,797,24498,
331.66021725824254,74228,479,798,24498,
331.66516556904145,74227,480,798,24498,
331.6691434794512,74227,480,797,24499,
331.6836442178692,74227,480,796,24500,
331.6893300934322,74227,480,795,24501,
331.6912613683708,74227,480,794,24502,
331.69341227467345,74227,479,795,24502,
331.6936730007165,74227,478,796,24502,
331.6988794832157,74227,478,795,24503,
331.70092437712884,74227,477,796,24503,
331.7112621331126,74226,478,796,24503,
331.7145434537772,74225,479,796,24503,
331.71973233001194,74225,478,797,24503,
331.72029131238133,74225,478,796,24504,
331.72234897485384,74224,479,796,24504,
331.7265361111202,74224,478,797,24504,
331.72920108633866,74223,479,797,24504,
331.7364317633365,74223,479,796,24505,
331.73665087899,74223,479,795,24506,
331.7368584144102,74222,480,795,24506,
331.7442895992645,74222,479,796,24506,
331.7447146365501,74222,478,797,24506,
331.7462428160934,74221,479,797,24506,
331.7532364039379,74221,478,798,24506,
331.75489440227847,74220,479,798,24506,
331.76393007312265,74219,480,798,24506,
331.7672113578522,74218,481,798,24506,
331.76762388948384,74218,481,797,24507,
331.7682246799754,74218,481,796,24508,
331.7752814439152,74217,482,796,24508,
331.77782981756786,74217,482,795,24509,
331.77787258313145,74217,482,794,24510,
331.77933501176165,74217,481,795,24510,
331.78395804047676,74217,480,796,24510,
331.78403480106647,74217,479,797,24510,
331.7861669219337,74217,479,796,24511,
331.78754209670336,74217,479,795,24512,
331.7922766812323,74216,480,795,24512,
331.79650308619455,74215,481,795,24512,
331.79656421952984,74214,482,795,24512,
331.80305321821146,74214,481,796,24512,
331.80340719834214,74214,480,797,24512,
331.8036138936274,74213,481,797,24512,
331.8108921698671,74212,482,797,24512,
331.814994516744,74212,482,796,24513,
331.815128140442,74212,481,797,24513,
331.81525418467925,74212,480,798,24513,
331.81582032676295,74211,481,798,24513,
331.8201149079241,74210,482,798,24513,
331.8243440492856,74209,483,798,24513,
331.82666092334506,74209,482,799,24513,
331.8269490877437,74209,482,798,24514,
331.82769697027834,74209,481,799,24514,
331.8330722108527,74209,481,798,24515,
331.834830068075,74209,481,797,24516,
331.8364457548716,74209,480,798,24516,
331.83852778509566,74209,480,797,24517,
331.84026925259667,74209,479,798,24517,
331.8428253514874,74209,479,797,24518,
331.8432354281137,74209,478,798,24518,
331.8479696150215,74209,478,797,24519,
331.8597056748746,74209,477,798,24519,
331.86318538366413,74208,478,798,24519,
331.86323999998916,74208,477,799,24519,
331.86621908300145,74207,478,799,24519,
331.87391365413225,74207,477,800,24519,
331.8769828505066,74207,477,799,24520,
331.8836444424058,74207,476,800,24520,
331.8853228045408,74207,476,799,24521,
331.8893727194024,74207,476,798,24522,
331.8951712344314,74207,476,797,24523,
331.8954270837466,74206,477,797,24523,
331.89874915770736,74205,478,797,24523,
331.91020538024026,74205,478,796,24524,
331.91449841814256,74205,477,797,24524,
331.9156883644525,74205,477,796,24525,
331.9254176504594,74205,477,795,24526,
331.9294910531574,74205,476,796,24526,
331.93152198720355,74205,475,797,24526,
331.9515503497561,74205,475,796,24527,
331.9596802554374,74204,476,796,24527,
331.96445866087845,74203,477,796,24527,
331.9657720133786,74203,476,797,24527,
331.9667911689346,74203,476,796,24528,
331.97111553226944,74202,477,796,24528,
331.97904647463474,74202,477,795,24529,
331.9835159611342,74202,477,794,24530,
331.98774376712134,74201,478,794,24530,
331.9939531163773,74200,479,794,24530,
331.99446052318694,74200,479,793,24531,
331.9967596179065,74200,478,794,24531,
331.998285877153,74199,479,794,24531,
332.0040070104536,74198,480,794,24531,
332.00442301290246,74198,480,793,24532,
332.00453873755004,74197,481,793,24532,
332.008989825285,74196,482,793,24532,
332.0112747771164,74195,483,793,24532,
332.0214205254329,74195,482,794,24532,
332.02286578459206,74194,483,794,24532,
332.0266282015868,74194,482,795,24532,
332.04838215949417,74193,483,795,24532,
332.0492996221647,74192,484,795,24532,
332.04952062450724,74192,483,796,24532,
332.05060213534784,74191,484,796,24532,
332.05173279443295,74191,484,795,24533,
332.05270298542206,74190,485,795,24533,
332.0534031758335,74190,485,794,24534,
332.06902634058133,74190,485,793,24535,
332.07137890916624,74190,485,792,24536,
332.0781073767409,74190,484,793,24536,
332.0836921334648,74190,483,794,24536,
332.0839461949127,74189,484,794,24536,
332.08484017153376,74188,485,794,24536,
332.0884056306988,74187,486,794,24536,
332.08887223332687,74186,487,794,24536,
332.09171745402665,74186,486,795,24536,
332.0954507990784,74186,485,796,24536,
332.10072474622024,74186,484,797,24536,
332.10236066849177,74186,483,798,24536,
332.10504277525894,74185,484,798,24536,
332.1055973746799,74185,483,799,24536,
332.1142717870644,74184,484,799,24536,
332.11649173283524,74183,485,799,24536,
332.1196897988296,74183,485,798,24537,
332.12766643447634,74182,486,798,24537,
332.13334442562115,74182,486,797,24538,
332.1340273191795,74181,487,797,24538,
332.1406069928926,74181,486,798,24538,
332.14370913216686,74180,487,798,24538,
332.144243867503,74180,487,797,24539,
332.1442821957821,74180,487,796,24540,
332.1499062298266,74180,487,795,24541,
332.1524475175898,74180,487,794,24542,
332.1546193908456,74180,487,793,24543,
332.1608506658512,74180,486,794,24543,
332.1706854163133,74180,485,795,24543,
332.1776344671026,74179,486,795,24543,
332.18180749184575,74178,487,795,24543,
332.1821490716059,74178,487,794,24544,
332.18249478891465,74178,487,793,24545,
332.1846067915512,74178,487,792,24546,
332.19035735126084,74178,486,793,24546,
332.19435807579833,74177,487,793,24546,
332.1950588306306,74176,488,793,24546,
332.19851140187035,74175,489,793,24546,
332.2013353743772,74174,490,793,24546,
332.2051005273757,74173,491,793,24546,
332.2112555123273,74173,490,794,24546,
332.2124388173429,74173,490,793,24547,
332.21349370329983,74173,490,792,24548,
332.22087160957443,74173,490,791,24549,
332.2224468921554,74172,491,791,24549,
332.22781130388654,74172,491,790,24550,
332.2338243069463,74171,492,790,24550,
332.2360212185235,74171,491,791,24550,
332.2368352169438,74170,492,791,24550,
332.2370522326064,74170,491,792,24550,
332.25500434502976,74170,491,791,24551,
332.2560494680803,74170,491,790,24552,
332.27370561546604,74170,491,789,24553,
332.274803436845,74169,492,789,24553,
332.2787216928132,74169,492,788,24554,
332.2817140676104,74169,491,789,24554,
332.28187113438463,74168,492,789,24554,
332.2841489172047,74168,492,788,24555,
332.2842151973509,74168,491,789,24555,
332.2862554218476,74167,492,789,24555,
332.2897858610431,74167,492,788,24556,
332.29037922615316,74167,491,789,24556,
332.29055253455556,74167,491,788,24557,
332.2907900487865,74166,492,788,24557,
332.2911043532402,74165,493,788,24557,
332.2925225720783,74164,494,788,24557,
332.29402672172597,74164,494,787,24558,
332.29957727033604,74163,495,787,24558,
332.30099480349605,74163,495,786,24559,
332.3038684754237,74162,496,786,24559,
332.3087204665623,74161,497,786,24559,
332.31238875883196,74161,497,785,24560,
332.3138413549559,74161,497,784,24561,
332.31476264146,74161,497,783,24562,
332.31565975422046,74161,496,784,24562,
332.31982131176255,74161,495,785,24562,
332.32037245998237,74161,494,786,24562,
332.3215743527846,74161,493,787,24562,
332.32335129055855,74161,493,786,24563,
332.3246738665295,74160,494,786,24563,
332.3250662451077,74159,495,786,24563,
332.32602839583956,74159,495,785,24564,
332.32878037738084,74159,495,784,24565,
332.33603231277203,74159,494,785,24565,
332.3363822428478,74159,493,786,24565,
332.34187128151456,74159,492,787,24565,
332.35081860263676,74158,493,787,24565,
332.3560800574036,74158,492,788,24565,
332.3572025204402,74158,491,789,24565,
332.357831903432,74157,492,789,24565,
332.36004751966817,74156,493,789,24565,
332.362720268131,74156,493,788,24566,
332.36397348616197,74156,493,787,24567,
332.3695089727468,74156,492,788,24567,
332.3724044261603,74156,492,787,24568,
332.38449237520564,74156,491,788,24568,
332.3868427647845,74156,490,789,24568,
332.3886892390914,74156,489,790,24568,
332.38913509833634,74156,489,789,24569,
332.39037608930965,74156,488,790,24569,
332.4012812588642,74156,488,789,24570,
332.403893212241,74156,487,790,24570,
332.4087820821719,74156,487,789,24571,
332.4117576061419,74156,486,790,24571,
332.4123328734105,74156,486,789,24572,
332.4129621822732,74156,486,788,24573,
332.41431107652267,74156,486,787,24574,
332.4147786414174,74156,485,788,24574,
332.42358156613966,74156,484,789,24574,
332.4266017518568,74156,483,790,24574,
332.4310950448975,74156,482,791,24574,
332.4317697129399,74156,482,790,24575,
332.43348526899297,74156,481,791,24575,
332.43427055958057,74156,481,790,24576,
332.4393207361961,74156,480,791,24576,
332.4396758606898,74155,481,791,24576,
332.44375929332335,74155,481,790,24577,
332.4442822741111,74154,482,790,24577,
332.45145625504745,74154,481,791,24577,
332.45384712729054,74154,480,792,24577,
332.45530240411034,74153,481,792,24577,
332.45686380437434,74153,480,793,24577,
332.4622995576662,74152,481,793,24577,
332.4639430433287,74152,481,792,24578,
332.4680923138909,74151,482,792,24578,
332.4703319064992,74151,482,791,24579,
332.4758421413384,74150,483,791,24579,
332.48047269463666,74149,484,791,24579,
332.4821685237135,74149,483,792,24579,
332.4834332950488,74148,484,792,24579,
332.48626879824474,74148,484,791,24580,
332.4914417089655,74148,483,792,24580,
332.4917535779967,74148,483,791,24581,
332.507491860892,74148,482,792,24581,
332.5124439770467,74148,482,791,24582,
332.51376981232056,74148,482,790,24583,
332.5145159383274,74147,483,790,24583,
332.51593130715366,74146,484,790,24583,
332.51759223929014,74146,483,791,24583,
332.52021489984566,74145,484,791,24583,
332.5213565414248,74145,484,790,24584,
332.52590909442455,74145,484,789,24585,
332.53018186798823,74145,483,790,24585,
332.5308029863779,74144,484,790,24585,
332.5375984573175,74144,484,789,24586,
332.5407892085748,74143,485,789,24586,
332.558041504068,74142,486,789,24586,
332.57116478408864,74142,485,790,24586,
332.5721564055834,74142,485,789,24587,
332.5903692563522,74142,484,790,24587,
332.59114849483285,74141,485,790,24587,
332.5915204792891,74141,484,791,24587,
332.6019974667933,74140,485,791,24587,
332.60545430080566,74140,485,790,24588,
332.6060610481695,74139,486,790,24588,
332.6092500365716,74139,485,791,24588,
332.6100539391864,74139,484,792,24588,
332.6106612793311,74138,485,792,24588,
332.6159231515673,74138,485,791,24589,
332.62094789074246,74137,486,791,24589,
332.62136870724345,74136,487,791,24589,
332.6292968078611,74135,488,791,24589,
332.63116503903376,74134,489,791,24589,
332.6317522860723,74134,489,790,24590,
332.63711373539985,74133,490,790,24590,
332.6389151022071,74133,489,791,24590,
332.6391070731174,74133,489,790,24591,
332.64106488012305,74132,490,790,24591,
332.64139562677906,74131,491,790,24591,
332.65023170031156,74131,491,789,24592,
332.6505802784714,74131,490,790,24592,
332.65153413151285,74131,490,789,24593,
332.6630099920056,74131,489,790,24593,
332.6650774302561,74131,488,791,24593,
332.66648909642106,74130,489,791,24593,
332.6709404728941,74130,488,792,24593,
332.67153935937307,74129,489,792,24593,
332.6736549830895,74129,489,791,24594,
332.67993331426425,74128,490,791,24594,
332.6866661022311,74128,490,790,24595,
332.6890941367805,74128,489,791,24595,
332.68931265474725,74128,489,790,24596,
332.6942153443324,74127,490,790,24596,
332.701649598419,74126,491,790,24596,
332.70167398931255,74126,490,791,24596,
332.7020707481504,74126,489,792,24596,
332.7025802976978,74126,488,793,24596,
332.70517986070416,74126,487,794,24596,
332.7246571203282,74126,486,795,24596,
332.7319664526854,74125,487,795,24596,
332.7397747574814,74125,487,794,24597,
332.747825026445,74125,487,793,24598,
332.7513974717122,74125,486,794,24598,
332.7525504399052,74125,485,795,24598,
332.755124458129,74125,484,796,24598,
332.7566199705406,74125,484,795,24599,
332.76311425506196,74125,483,796,24599,
332.7668618164726,74124,484,796,24599,
332.76732846834506,74124,483,797,24599,
332.7687811847212,74124,482,798,24599,
332.7687839851683,74124,482,797,24600,
332.7702621711813,74124,481,798,24600,
332.77267965922516,74124,480,799,24600,
332.7811652284457,74124,480,798,24601,
332.7817211940544,74124,479,799,24601,
332.7856537667165,74123,480,799,24601,
332.7915227699462,74123,480,798,24602,
332.7936845808529,74122,481,798,24602,
332.8004339863042,74121,482,798,24602,
332.80426144804073,74121,481,799,24602,
332.8073156244728,74121,480,800,24602,
332.8169569077061,74121,480,799,24603,
332.8175925517494,74121,480,798,24604,
332.81944399800693,74121,479,799,24604,
332.82325917555215,74121,478,800,24604,
332.8254892988555,74120,479,800,24604,
332.82690824968546,74119,480,800,24604,
332.8293026758593,74119,479,801,24604,
332.83034639062504,74119,479,800,24605,
332.83168032145056,74119,479,799,24606,
332.8319662796789,74119,478,800,24606,
332.8319949653473,74119,477,801,24606,
332.83372131444025,74119,477,800,24607,
332.8421034655981,74119,476,801,24607,
332.8432506929311,74119,476,800,24608,
332.84511633346926,74118,477,800,24608,
332.85629049520827,74118,476,801,24608,
332.8568783628463,74118,476,800,24609,
332.8617724410931,74118,475,801,24609,
332.8709731676736,74118,474,802,24609,
332.88076460679446,74118,473,803,24609,
332.8843855318281,74118,472,804,24609,
332.88608345164727,74118,471,805,24609,
332.89109480317387,74118,470,806,24609,
332.8919322078545,74118,470,805,24610,
332.89698676426826,74117,471,805,24610,
332.8972410408233,74116,472,805,24610,
332.8974773167865,74115,473,805,24610,
332.8998250525758,74114,474,805,24610,
332.90039250613205,74113,475,805,24610,
332.9075074893492,74113,474,806,24610,
332.90823686191754,74113,473,807,24610,
332.914024685046,74113,473,806,24611,
332.9177561508828,74113,473,805,24612,
332.92080717875575,74113,473,804,24613,
332.92331381417233,74113,472,805,24613,
332.9236190606864,74112,473,805,24613,
332.9249238014452,74112,473,804,24614,
332.9288754041483,74112,473,803,24615,
332.92887596777933,74112,473,802,24616,
332.9376950166123,74112,472,803,24616,
332.94062414200056,74112,472,802,24617,
332.9438893562658,74111,473,802,24617,
332.94481634042353,74111,473,801,24618,
332.94604831352154,74110,474,801,24618,
332.96244918313243,74109,475,801,24618,
332.9643568337242,74109,475,800,24619,
332.9736483725999,74109,474,801,24619,
332.97794757231895,74109,474,800,24620,
332.9783633680606,74108,475,800,24620,
332.9825987274047,74107,476,800,24620,
332.98771380222115,74106,477,800,24620,
332.9890298210116,74105,478,800,24620,
332.9891048671387,74104,479,800,24620,
332.9900995174222,74104,479,799,24621,
332.9925139510395,74104,479,798,24622,
332.99630689998924,74104,479,797,24623,
333.00059473923966,74104,479,796,24624,
333.0067556893626,74104,478,797,24624,
333.0068805680616,74103,479,797,24624,
333.00795472188156,74103,478,798,24624,
333.01237972295706,74103,478,797,24625,
333.0136763380241,74102,479,797,24625,
333.0186218379395,74102,478,798,24625,
333.0244878205463,74101,479,798,24625,
333.0295502187276,74100,480,798,24625,
333.03232324634513,74100,480,797,24626,
333.0373941250197,74099,481,797,24626,
333.03896304383454,74099,480,798,24626,
333.04141201120194,74098,481,798,24626,
333.04436659535094,74098,481,797,24627,
333.04590218085195,74098,480,798,24627,
333.04945827736015,74097,481,798,24627,
333.0549668649584,74096,482,798,24627,
333.0609121168704,74096,481,799,24627,
333.06930939534726,74096,480,800,24627,
333.0707272954746,74096,480,799,24628,
333.0725228759628,74096,479,800,24628,
333.08965538941123,74095,480,800,24628,
333.09010096806753,74094,481,800,24628,
333.0903258862685,74094,481,799,24629,
333.09281575522164,74094,481,798,24630,
333.09408480745094,74093,482,798,24630,
333.0950743648371,74092,483,798,24630,
333.0969921058295,74091,484,798,24630,
333.0977083961704,74091,484,797,24631,
333.0999953628769,74091,484,796,24632,
333.10053878942085,74091,483,797,24632,
333.1017734739209,74091,482,798,24632,
333.1066494492855,74091,481,799,24632,
333.11182344870724,74091,480,800,24632,
333.1232694623167,74091,480,799,24633,
333.12424459996663,74091,480,798,24634,
333.12782619387184,74091,479,799,24634,
333.14163323723227,74091,478,800,24634,
333.158639571136,74090,479,800,24634,
333.1676666786109,74090,478,801,24634,
333.1685022155634,74090,478,800,24635,
333.17634703469247,74090,478,799,24636,
333.1766983075416,74090,477,800,24636,
333.1771467225922,74090,476,801,24636,
333.1780776159359,74090,475,802,24636,
333.18472241906653,74090,475,801,24637,
333.19110700100566,74089,476,801,24637,
333.19140538858977,74088,477,801,24637,
333.1921868361379,74088,477,800,24638,
333.19753249905386,74088,476,801,24638,
333.2026873500505,74088,476,800,24639,
333.20303136393727,74087,477,800,24639,
333.2089311243636,74087,476,801,24639,
333.2105360795607,74086,477,801,24639,
333.21681059466886,74086,477,800,24640,
333.22406853100944,74085,478,800,24640,
333.2247753216232,74084,479,800,24640,
333.2268159838953,74083,480,800,24640,
333.23246083644506,74083,480,799,24641,
333.2335791827449,74083,480,798,24642,
333.2358634733206,74083,480,797,24643,
333.2421920614533,74083,480,796,24644,
333.24673657148435,74082,481,796,24644,
333.266175021745,74082,480,797,24644,
333.2680755584167,74082,479,798,24644,
333.26929687400394,74082,479,797,24645,
333.27440325449595,74081,480,797,24645,
333.2802847556788,74081,480,796,24646,
333.28131909174357,74080,481,796,24646,
333.2821405749103,74080,481,795,24647,
333.28514531082834,74080,481,794,24648,
333.28522027153394,74080,481,793,24649,
333.2912286311395,74080,480,794,24649,
333.2913092926005,74080,480,793,24650,
333.2946165604404,74079,481,793,24650,
333.29743178865255,74078,482,793,24650,
333.2976683880069,74078,481,794,24650,
333.30078777700396,74078,481,793,24651,
333.3013881787381,74077,482,793,24651,
333.3042189121056,74077,481,794,24651,
333.3075453806511,74077,481,793,24652,
333.3079518702726,74077,480,794,24652,
333.30972616836,74076,481,794,24652,
333.30999555937666,74076,481,793,24653,
333.31072102907365,74076,481,792,24654,
333.31103685468327,74076,481,791,24655,
333.3212331479962,74075,482,791,24655,
333.32388315315677,74074,483,791,24655,
333.32612029492714,74074,483,790,24656,
333.33095507830603,74074,483,789,24657,
333.33446183183787,74073,484,789,24657,
333.33478179117515,74073,484,788,24658,
333.3389447917867,74073,483,789,24658,
333.3454425725428,74073,483,788,24659,
333.3473284601529,74073,482,789,24659,
333.3501983141038,74072,483,789,24659,
333.35135607597704,74072,482,790,24659,
333.35188014186133,74072,481,791,24659,
333.35972138861024,74072,481,790,24660,
333.3665557024501,74071,482,790,24660,
333.36658997045544,74070,483,790,24660,
333.3814870650088,74070,482,791,24660,
333.3819243830063,74069,483,791,24660,
333.38325803103777,74069,483,790,24661,
333.3884405490178,74068,484,790,24661,
333.39039425219687,74067,485,790,24661,
333.4056248498399,74066,486,790,24661,
333.4097131990383,74066,485,791,24661,
333.4137448737397,74066,484,792,24661,
333.415049185315,74066,484,791,24662,
333.4185368204805,74066,483,792,24662,
333.4252919740741,74066,483,791,24663,
333.42556268835864,74066,483,790,24664,
333.4314065709365,74065,484,790,24664,
333.432150375141,74065,484,789,24665,
333.4326875887924,74065,483,790,24665,
333.43398196869094,74065,483,789,24666,
333.43854500870333,74064,484,789,24666,
333.438645968222,74063,485,789,24666,
333.4389161305883,74063,485,788,24667,
333.44251827242806,74062,486,788,24667,
333.4427221426291,74062,485,789,24667,
333.45279992414027,74062,484,790,24667,
333.45599338095394,74062,483,791,24667,
333.45636438231776,74062,482,792,24667,
333.4567637174039,74062,481,793,24667,
333.4675330803213,74062,481,792,24668,
333.467698958363,74062,481,791,24669,
333.4758018624348,74062,481,790,24670,
333.48673370637664,74062,481,789,24671,
333.49553220819854,74062,481,788,24672,
333.4992823437082,74062,481,787,24673,
333.5004540876699,74062,481,786,24674,
333.50346776819123,74061,482,786,24674,
333.5070465886665,74061,482,785,24675,
333.5083194934491,74061,482,784,24676,
333.5110148626539,74061,482,783,24677,
333.51491207444064,74061,482,782,24678,
333.5156383044951,74061,482,781,24679,
333.51842491621125,74061,481,782,24679,
333.5314626391324,74060,482,782,24679,
333.532245495381,74060,481,783,24679,
333.53260352047494,74059,482,783,24679,
333.5376640077692,74059,482,782,24680,
333.5409868161798,74059,481,783,24680,
333.5415190997427,74059,481,782,24681,
333.54331900541956,74059,481,781,24682,
333.54899335883846,74059,480,782,24682,
333.55357503813565,74058,481,782,24682,
333.55933038067985,74058,481,781,24683,
333.5594008348797,74058,480,782,24683,
333.5624856846069,74057,481,782,24683,
333.56323094060104,74057,481,781,24684,
333.5662718986197,74057,481,780,24685,
333.56684001332883,74057,481,779,24686,
333.5701206272618,74057,480,780,24686,
333.5705134043808,74057,480,779,24687,
333.5719214509997,74056,481,779,24687,
333.57346052657476,74055,482,779,24687,
333.5800990701268,74054,483,779,24687,
333.58165637358877,74054,482,780,24687,
333.5907381068161,74054,482,779,24688,
333.5913785372429,74053,483,779,24688,
333.5947728415762,74053,482,780,24688,
333.60166479042095,74052,483,780,24688,
333.61249849319995,74052,482,781,24688,
333.6144802481251,74052,482,780,24689,
333.61488739420673,74052,482,779,24690,
333.61571511779147,74052,482,778,24691,
333.6179277063867,74052,482,777,24692,
333.633007434486,74051,483,777,24692,
333.63371245624376,74051,482,778,24692,
333.6411908107624,74050,483,778,24692,
333.6502986842193,74050,482,779,24692,
333.6512325606156,74050,482,778,24693,
333.65172982440123,74049,483,778,24693,
333.6576493494903,74049,483,777,24694,
333.6609106665411,74049,482,778,24694,
333.66139133330284,74048,483,778,24694,
333.67473687860473,74048,483,777,24695,
333.6798642921172,74048,482,778,24695,
333.68190061355216,74048,481,779,24695,
333.6842965577428,74048,480,780,24695,
333.68743153311783,74048,479,781,24695,
333.6894576081127,74047,480,781,24695,
333.6897243159789,74047,480,780,24696,
333.70324214574555,74047,479,781,24696,
333.7041502294988,74047,479,780,24697,
333.70437434217195,74047,479,779,24698,
333.70724605519047,74047,479,778,24699,
333.7103960285856,74047,478,779,24699,
333.71410897187747,74046,479,779,24699,
333.71518127444216,74045,480,779,24699,
333.7155888818375,74045,479,780,24699,
333.7185761728692,74044,480,780,24699,
333.72260342846727,74044,480,779,24700,
333.72398651824045,74044,480,778,24701,
333.7248830928215,74043,481,778,24701,
333.72603586866535,74043,481,777,24702,
333.72711391577565,74043,480,778,24702,
333.73012292759546,74043,479,779,24702,
333.7350501840077,74043,479,778,24703,
333.7381065758261,74043,479,777,24704,
333.7392400283199,74042,480,777,24704,
333.74025760969874,74042,480,776,24705,
333.7493906656694,74041,481,776,24705,
333.7497939763225,74041,480,777,24705,
333.76698351809256,74041,480,776,24706,
333.7701081801822,74041,480,775,24707,
333.77086601685806,74040,481,775,24707,
333.77496619879946,74040,481,774,24708,
333.78062529833187,74039,482,774,24708,
333.7896130477939,74039,481,775,24708,
333.79082433550377,74039,481,774,24709,
333.79312015336853,74038,482,774,24709,
333.79689722537154,74038,482,773,24710,
333.79749095926957,74037,483,773,24710,
333.7983429897549,74037,482,774,24710,
333.80299154359363,74036,483,774,24710,
333.80441495480994,74035,484,774,24710,
333.8075308706004,74035,483,775,24710,
333.8184433530893,74035,483,774,24711,
333.81950115201863,74035,482,775,24711,
333.81968367870854,74035,482,774,24712,
333.82274478688106,74035,482,773,24713,
333.8255818332324,74035,482,772,24714,
333.8256803017798,74034,483,772,24714,
333.828170428044,74033,484,772,24714,
333.83050542100654,74033,484,771,24715,
333.83133160329754,74033,483,772,24715,
333.8419529662047,74033,483,771,24716,
333.84490900485457,74033,482,772,24716,
333.853050129432,74033,482,771,24717,
333.85912141815436,74033,482,770,24718,
333.8697258257951,74033,481,771,24718,
333.87711494727705,74033,480,772,24718,
333.87903187929703,74033,480,771,24719,
333.8793920812662,74033,480,770,24720,
333.88116312871796,74033,480,769,24721,
333.88246853039493,74032,481,769,24721,
333.8861353508489,74031,482,769,24721,
333.8904221558395,74031,481,770,24721,
333.89585552707337,74030,482,770,24721,
333.90522018994557,74030,482,769,24722,
333.9086739012684,74030,482,768,24723,
333.9102205414715,74030,482,767,24724,
333.9169026562019,74030,482,766,24725,
333.92245642592565,74030,481,767,24725,
333.9245857897856,74029,482,767,24725,
333.926483980179,74029,482,766,24726,
333.92786492034463,74029,482,765,24727,
333.9344804115007,74029,482,764,24728,
333.9430675944303,74029,482,763,24729,
333.9444970330554,74029,482,762,24730,
333.9472838392326,74029,482,761,24731,
333.94837548529057,74029,482,760,24732,
333.94894508583513,74029,481,761,24732,
333.9494906713288,74029,480,762,24732,
333.9547403452621,74029,479,763,24732,
333.9586014118115,74029,478,764,24732,
333.9588268350214,74029,477,765,24732,
333.9650589869678,74029,477,764,24733,
333.9655541907973,74029,477,763,24734,
333.9662310436365,74029,476,764,24734,
333.96763691055384,74029,475,765,24734,
333.9686974211982,74028,476,765,24734,
333.9745189065273,74028,475,766,24734,
333.9759203847575,74027,476,766,24734,
333.9761102074678,74027,476,765,24735,
333.9788170234661,74027,475,766,24735,
333.9829195799771,74027,475,765,24736,
333.9956054273091,74027,474,766,24736,
334.0009123746303,74026,475,766,24736,
334.0047306513478,74026,475,765,24737,
334.00821352938544,74026,475,764,24738,
334.01661482432127,74026,475,763,24739,
334.017887863455,74026,474,764,24739,
334.0198960493155,74025,475,764,24739,
334.0221003474301,74025,474,765,24739,
334.0260385635542,74025,473,766,24739,
334.0262721543622,74025,472,767,24739,
334.0314694242667,74025,471,768,24739,
334.0357576510448,74025,471,767,24740,
334.04173764443004,74024,472,767,24740,
334.0437079868853,74023,473,767,24740,
334.04483274856926,74023,473,766,24741,
334.04526177584466,74023,473,765,24742,
334.0500046071248,74023,472,766,24742,
334.05006444471223,74022,473,766,24742,
334.0516557193153,74022,472,767,24742,
334.05249320148374,74022,471,768,24742,
334.0531097207757,74022,470,769,24742,
334.053712373879,74021,471,769,24742,
334.05447401668437,74021,471,768,24743,
334.05523844646063,74020,472,768,24743,
334.0612274489375,74019,473,768,24743,
334.0721675953677,74019,472,769,24743,
334.07624470561603,74019,472,768,24744,
334.07762996202473,74019,472,767,24745,
334.07933334050574,74018,473,767,24745,
334.07953504185247,74018,472,768,24745,
334.08060481859087,74017,473,768,24745,
334.08319454232196,74017,473,767,24746,
334.08555542802736,74016,474,767,24746,
334.0863729300222,74015,475,767,24746,
334.08909362096574,74015,474,768,24746,
334.0930606083471,74015,473,769,24746,
334.09703558314635,74015,472,770,24746,
334.0993602407278,74015,472,769,24747,
334.1089184037768,74015,472,768,24748,
334.1113409686655,74015,471,769,24748,
334.12776824237034,74015,471,768,24749,
334.1302858412739,74015,470,769,24749,
334.1373954705747,74015,470,768,24750,
334.14099746155625,74015,470,767,24751,
334.14388307398804,74014,471,767,24751,
334.1476948996987,74014,471,766,24752,
334.14941587419645,74014,471,765,24753,
334.15350612303956,74014,470,766,24753,
334.16197362235874,74013,471,766,24753,
334.17258100558286,74013,471,765,24754,
334.17783971918936,74013,471,764,24755,
334.19232392670864,74013,471,763,24756,
334.19668001416494,74013,471,762,24757,
334.2044289535161,74013,470,763,24757,
334.20468707367934,74012,471,763,24757,
334.2048682396873,74011,472,763,24757,
334.21155215503035,74011,471,764,24757,
334.21704375105554,74010,472,764,24757,
334.21846908421,74009,473,764,24757,
334.21909093363075,74009,472,765,24757,
334.22051574416207,74009,471,766,24757,
334.22263661371227,74009,471,765,24758,
334.2244345294845,74009,470,766,24758,
334.2267896739667,74009,470,765,24759,
334.23311885298955,74009,469,766,24759,
334.23491320484703,74009,469,765,24760,
334.23619886937126,74008,470,765,24760,
334.24600969143086,74007,471,765,24760,
334.2468270707854,74007,470,766,24760,
334.2502607341704,74007,470,765,24761,
334.25701205979055,74007,470,764,24762,
334.2738521997034,74007,470,763,24763,
334.2751618830866,74006,471,763,24763,
334.27835119441744,74005,472,763,24763,
334.27993744854035,74005,471,764,24763,
334.2910018372185,74005,470,765,24763,
334.29640806700564,74005,470,764,24764,
334.2965329291555,74005,469,765,24764,
334.2971191533425,74005,468,766,24764,
334.29763396315406,74004,469,766,24764,
334.29920282019316,74003,470,766,24764,
334.29962459211407,74002,471,766,24764,
334.30087720529923,74002,470,767,24764,
334.30260510643205,74002,469,768,24764,
334.3055330853784,74002,468,769,24764,
334.31243703643736,74001,469,769,24764,
334.3206306392179,74000,470,769,24764,
334.3247229569424,73999,471,769,24764,
334.32544208133476,73999,470,770,24764,
334.33060823354293,73998,471,770,24764,
334.33089296868707,73998,470,771,24764,
334.33175602224003,73998,469,772,24764,
334.3382479933103,73997,470,772,24764,
334.33825158829563,73997,469,773,24764,
334.3407799222749,73997,468,774,24764,
334.3481050499544,73997,467,775,24764,
334.3491106915158,73996,468,775,24764,
334.35048458883955,73996,468,774,24765,
334.35913296113085,73995,469,774,24765,
334.3596771961784,73995,468,775,24765,
334.36154526180405,73994,469,775,24765,
334.3652599972501,73993,470,775,24765,
334.36980342243913,73993,469,776,24765,
334.3779883013398,73992,470,776,24765,
334.3782795461604,73992,469,777,24765,
334.3835605656003,73991,470,777,24765,
334.38455097812334,73991,469,778,24765,
334.38795573618046,73991,469,777,24766,
334.3885495444759,73991,469,776,24767,
334.3948349789265,73991,469,775,24768,
334.40603152553325,73991,468,776,24768,
334.40840221365795,73991,468,775,24769,
334.4189874007428,73991,467,776,24769,
334.4198496761096,73991,466,777,24769,
334.4246783065645,73991,465,778,24769,
334.431823902287,73991,464,779,24769,
334.4379836026983,73991,464,778,24770,
334.4421412372606,73991,463,779,24770,
334.44259972767316,73991,463,778,24771,
334.442668017109,73991,462,779,24771,
334.4533992205985,73990,463,779,24771,
334.45962935153204,73990,462,780,24771,
334.4613695561925,73990,462,779,24772,
334.4636256748942,73989,463,779,24772,
334.46476873259707,73989,463,778,24773,
334.4718575352433,73988,464,778,24773,
334.4768291885624,73988,464,777,24774,
334.4796212191115,73988,463,778,24774,
334.4834283505672,73988,463,777,24775,
334.4836081036202,73987,464,777,24775,
334.48439521973717,73986,465,777,24775,
334.4924162285691,73985,466,777,24775,
334.4949233490785,73984,467,777,24775,
334.4985637330155,73983,468,777,24775,
334.49975498129714,73983,467,778,24775,
334.5048829836894,73983,467,777,24776,
334.50562155690795,73983,466,778,24776,
334.5061419197181,73983,465,779,24776,
334.5069707268431,73983,464,780,24776,
334.5105408928304,73983,464,779,24777,
334.5113752839122,73983,464,778,24778,
334.513000499028,73982,465,778,24778,
334.5137817413237,73982,464,779,24778,
334.5183885401433,73982,464,778,24779,
334.52277241276425,73982,463,779,24779,
334.52379947970815,73982,463,778,24780,
334.5292183636374,73982,463,777,24781,
334.5323036883108,73982,462,778,24781,
334.5345176445185,73981,463,778,24781,
334.53483059409655,73981,463,777,24782,
334.54240929895974,73980,464,777,24782,
334.5523467747208,73979,465,777,24782,
334.56294755588243,73979,465,776,24783,
334.5630601913389,73978,466,776,24783,
334.56553258941705,73977,467,776,24783,
334.5667728300242,73977,466,777,24783,
334.56894229284825,73976,467,777,24783,
334.5747890117202,73976,467,776,24784,
334.5772705468843,73975,468,776,24784,
334.58152072516606,73974,469,776,24784,
334.583205960175,73974,468,777,24784,
334.5838335622471,73974,467,778,24784,
334.58396697393005,73973,468,778,24784,
334.5919283922316,73973,468,777,24785,
334.5938304233129,73972,469,777,24785,
334.59668777539827,73972,469,776,24786,
334.59931087301476,73971,470,776,24786,
334.5993413673336,73970,471,776,24786,
334.5995859584362,73969,472,776,24786,
334.60228575352096,73968,473,776,24786,
334.6054203163517,73967,474,776,24786,
334.60586969538446,73967,474,775,24787,
334.60811133551766,73966,475,775,24787,
334.61393936366596,73965,476,775,24787,
334.6164479586886,73965,476,774,24788,
334.61748625828756,73965,475,775,24788,
334.6284443310886,73965,474,776,24788,
334.63118301738587,73965,474,775,24789,
334.64361267226667,73965,474,774,24790,
334.6484473286189,73965,473,775,24790,
334.649978325772,73965,472,776,24790,
334.6532743442506,73965,472,775,24791,
334.6616342871009,73964,473,775,24791,
334.6621877429279,73963,474,775,24791,
334.6640346726524,73963,473,776,24791,
334.66602917293073,73963,472,777,24791,
334.6690322361654,73963,472,776,24792,
334.6691829052505,73963,472,775,24793,
334.67186723811835,73963,471,776,24793,
334.67913964708083,73963,470,777,24793,
334.68601362956133,73963,469,778,24793,
334.7053324979658,73963,469,777,24794,
334.70594577509047,73963,469,776,24795,
334.7063078965187,73962,470,776,24795,
334.7068622325295,73961,471,776,24795,
334.7140664162807,73961,471,775,24796,
334.71622911648745,73960,472,775,24796,
334.72538025772263,73960,471,776,24796,
334.73674094240954,73960,471,775,24797,
334.73929128883367,73960,470,776,24797,
334.7395552646131,73960,470,775,24798,
334.739921257496,73959,471,775,24798,
334.74127525860945,73958,472,775,24798,
334.74231451199836,73958,472,774,24799,
334.7446107066443,73958,472,773,24800,
334.7446168240548,73958,472,772,24801,
334.74981593559534,73957,473,772,24801,
334.75338595004905,73957,473,771,24802,
334.7564674206958,73957,473,770,24803,
334.7575186363823,73957,473,769,24804,
334.7580697737028,73957,473,768,24805,
334.76026854645016,73957,472,769,24805,
334.7623285102805,73956,473,769,24805,
334.7644090118245,73955,474,769,24805,
334.76579680092516,73954,475,769,24805,
334.78223620690795,73953,476,769,24805,
334.78574406463355,73953,476,768,24806,
334.78820663518763,73953,475,769,24806,
334.7963205067635,73953,475,768,24807,
334.8001858972531,73953,475,767,24808,
334.80309783882905,73953,475,766,24809,
334.8078455079295,73953,474,767,24809,
334.8085779405069,73953,474,766,24810,
334.81063848059347,73952,475,766,24810,
334.81416897086825,73952,475,765,24811,
334.816202787188,73952,474,766,24811,
334.81714824495236,73952,473,767,24811,
334.81922364156986,73952,472,768,24811,
334.8197561190444,73952,472,767,24812,
334.8203990019329,73952,472,766,24813,
334.82835708567217,73952,471,767,24813,
334.83261025900157,73952,470,768,24813,
334.8363302914171,73952,470,767,24814,
334.8430519813958,73952,469,768,24814,
334.84353781086696,73952,469,767,24815,
334.85015870280324,73952,468,768,24815,
334.854763759039,73952,467,769,24815,
334.85618814294827,73951,468,769,24815,
334.8575764386094,73951,468,768,24816,
334.85891438643347,73951,467,769,24816,
334.86600313269963,73951,467,768,24817,
334.87528517323386,73951,466,769,24817,
334.87795661371194,73951,465,770,24817,
334.8786448344439,73951,465,769,24818,
334.8802008921846,73951,464,770,24818,
334.8828400938425,73950,465,770,24818,
334.89674718595893,73950,464,771,24818,
334.90137163439914,73950,463,772,24818,
334.90393102854,73950,463,771,24819,
334.9039971807241,73950,463,770,24820,
334.9095418483522,73950,463,769,24821,
334.9119252654719,73950,462,770,24821,
334.9131275479162,73950,462,769,24822,
334.9183938140029,73949,463,769,24822,
334.91969497816154,73948,464,769,24822,
334.92294503074055,73948,463,770,24822,
334.93173732571495,73948,463,769,24823,
334.9318592420673,73948,462,770,24823,
334.9332045903755,73948,461,771,24823,
334.93499522893774,73948,461,770,24824,
334.9397206649211,73948,461,769,24825,
334.94763538871837,73947,462,769,24825,
334.9578583263874,73947,462,768,24826,
334.96716515658414,73947,461,769,24826,
334.9680715605782,73947,460,770,24826,
334.9699983837864,73947,460,769,24827,
334.9721403968473,73947,460,768,24828,
334.9734941553716,73947,459,769,24828,
334.97690429895835,73946,460,769,24828,
334.97816964824347,73946,460,768,24829,
334.99761868340954,73946,459,769,24829,
334.9980666435321,73946,458,770,24829,
335.00547298501925,73946,457,771,24829,
335.00775288850014,73946,456,772,24829,
335.00799106369436,73946,455,773,24829,
335.0133201710157,73945,456,773,24829,
335.0138871153567,73945,456,772,24830,
335.01556621388045,73944,457,772,24830,
335.01843927829873,73944,457,771,24831,
335.02302504025164,73944,456,772,24831,
335.0235720142194,73943,457,772,24831,
335.02900973680346,73943,457,771,24832,
335.03061064000497,73942,458,771,24832,
335.03297466064475,73941,459,771,24832,
335.03785206023935,73941,458,772,24832,
335.03838134110225,73941,458,771,24833,
335.03976848783,73940,459,771,24833,
335.0416532264672,73940,458,772,24833,
335.05000987073555,73940,458,771,24834,
335.0695041549169,73940,458,770,24835,
335.07147058228367,73940,458,769,24836,
335.075179225349,73940,458,768,24837,
335.075179225349,73940,458,768,24837,
335.0757264903965,73940,458,767,24838,
335.0764237209367,73940,457,768,24838,
335.081078647201,73939,458,768,24838,
335.0819390223925,73938,459,768,24838,
335.08402122428333,73938,458,769,24838,
335.0860858525031,73938,458,768,24839,
335.0878166270649,73937,459,768,24839,
335.091509390853,73936,460,768,24839,
335.09877653670856,73936,459,769,24839,
335.0995824686627,73935,460,769,24839,
335.10425985453264,73934,461,769,24839,
335.10449936351637,73934,461,768,24840,
335.1078268372357,73934,461,767,24841,
335.1104288180765,73933,462,767,24841,
335.11588546655355,73933,461,768,24841,
335.1160073151091,73933,461,767,24842,
335.127740941328,73932,462,767,24842,
335.1297697269594,73932,462,766,24843,
335.13587692440177,73931,463,766,24843,
335.1389364142602,73930,464,766,24843,
335.1407711565685,73930,464,765,24844,
335.14375352812317,73929,465,765,24844,
335.1439948687399,73929,464,766,24844,
335.14554410174264,73928,465,766,24844,
335.15602779774764,73928,465,765,24845,
335.15860315465255,73928,464,766,24845,
335.16035659908385,73928,463,767,24845,
335.1628779097588,73928,463,766,24846,
335.1635415950988,73928,462,767,24846,
335.1639246131133,73927,463,767,24846,
335.16409694080824,73927,462,768,24846,
335.17042759888915,73927,462,767,24847,
335.1714267323656,73927,461,768,24847,
335.17827796724504,73927,461,767,24848,
335.1821510515742,73927,461,766,24849,
335.1825207731657,73927,461,765,24850,
335.18265948166874,73927,461,764,24851,
335.1899735041408,73927,460,765,24851,
335.19672678893807,73927,460,764,24852,
335.19761668286014,73927,460,763,24853,
335.199827373164,73927,459,764,24853,
335.21207852866723,73927,459,763,24854,
335.2137530004141,73927,458,764,24854,
335.21654847402516,73927,458,763,24855,
335.22305092727146,73927,457,764,24855,
335.2232486356299,73927,457,763,24856,
335.2236851229859,73927,456,764,24856,
335.2254667323372,73927,455,765,24856,
335.2335537588491,73927,455,764,24857,
335.2348172657895,73927,455,763,24858,
335.2355828261228,73926,456,763,24858,
335.23832337730596,73926,455,764,24858,
335.2388777068403,73926,454,765,24858,
335.2460087783022,73926,454,764,24859,
335.2470306886592,73926,453,765,24859,
335.24778032131326,73926,452,766,24859,
335.2517960193039,73926,452,765,24860,
335.2555587009683,73926,451,766,24860,
335.2627755875761,73926,451,765,24861,
335.26500622495934,73926,451,764,24862,
335.2761138610176,73925,452,764,24862,
335.27787951675566,73925,452,763,24863,
335.2795628086448,73925,452,762,24864,
335.2837709301883,73925,452,761,24865,
335.28455412487625,73924,453,761,24865,
335.28841840992834,73924,453,760,24866,
335.2926405093267,73923,454,760,24866,
335.29958989251145,73922,455,760,24866,
335.3035245863058,73922,455,759,24867,
335.3135491274898,73922,455,758,24868,
335.3137630045261,73922,455,757,24869,
335.32051972012937,73922,455,756,24870,
335.3230050094678,73922,455,755,24871,
335.32872340847297,73921,456,755,24871,
335.33393289159454,73921,456,754,24872,
335.3358463553623,73921,455,755,24872,
335.33736744240036,73920,456,755,24872,
335.3564276365875,73920,455,756,24872,
335.3670725610566,73920,455,755,24873,
335.3672551953245,73920,455,754,24874,
335.37005089289545,73920,455,753,24875,
335.37331253552725,73919,456,753,24875,
335.3814684602033,73919,455,754,24875,
335.3867947350589,73918,456,754,24875,
335.38693938583265,73918,456,753,24876,
335.3894773669867,73918,455,754,24876,
335.3923202608242,73918,454,755,24876,
335.3926422077366,73918,454,754,24877,
335.397727327417,73917,455,754,24877,
335.39991988034484,73917,455,753,24878,
335.40628960356713,73917,455,752,24879,
335.40870097659484,73917,455,751,24880,
335.41169645941306,73916,456,751,24880,
335.413837189064,73916,456,750,24881,
335.41566269297596,73916,455,751,24881,
335.41614962610544,73916,454,752,24881,
335.4174042338506,73916,454,751,24882,
335.4175419296824,73916,454,750,24883,
335.42619506026597,73916,453,751,24883,
335.4273470709414,73916,453,750,24884,
335.4297332108419,73915,454,750,24884,
335.4323932963648,73914,455,750,24884,
335.4338787953362,73914,454,751,24884,
335.43443491593325,73914,453,752,24884,
335.434906273138,73914,452,753,24884,
335.44232260960837,73914,452,752,24885,
335.4495001699309,73913,453,752,24885,
335.4521732191785,73913,453,751,24886,
335.45373231129355,73913,453,750,24887,
335.4715935738099,73913,452,751,24887,
335.4732712054608,73913,451,752,24887,
335.47511062966,73912,452,752,24887,
335.4753253737817,73912,451,753,24887,
335.4809486579009,73912,451,752,24888,
335.4853350527784,73912,451,751,24889,
335.4902099879427,73911,452,751,24889,
335.4958299084572,73910,453,751,24889,
335.4987495903852,73910,452,752,24889,
335.51043825371966,73910,451,753,24889,
335.51057847319674,73910,451,752,24890,
335.5154941515367,73910,451,751,24891,
335.51997437176306,73909,452,751,24891,
335.52700159209184,73909,451,752,24891,
335.52778992963,73909,451,751,24892,
335.53743256971194,73909,450,752,24892,
335.54005320170694,73909,450,751,24893,
335.5467137186347,73909,449,752,24893,
335.5467362540962,73909,449,751,24894,
335.54679431509413,73909,448,752,24894,
335.5551030770699,73909,448,751,24895,
335.5624233587328,73908,449,751,24895,
335.5731646447046,73907,450,751,24895,
335.57691098180226,73907,449,752,24895,
335.5798115362488,73907,448,753,24895,
335.58046617101303,73907,447,754,24895,
335.58469381961663,73906,448,754,24895,
335.58684417223066,73906,448,753,24896,
335.5873112131584,73906,447,754,24896,
335.5919870147164,73905,448,754,24896,
335.5967847688479,73905,448,753,24897,
335.59806384059186,73905,448,752,24898,
335.59907592465294,73905,448,751,24899,
335.60212107689983,73905,448,750,24900,
335.60305591368854,73905,447,751,24900,
335.6035966357298,73904,448,751,24900,
335.60381742098787,73904,448,750,24901,
335.60558715014656,73904,447,751,24901,
335.6058856513635,73904,446,752,24901,
335.6060439704506,73904,445,753,24901,
335.6072843481184,73904,444,754,24901,
335.6076732687728,73904,444,753,24902,
335.6082917437203,73904,444,752,24903,
335.62172505994977,73904,443,753,24903,
335.62183035838666,73904,443,752,24904,
335.62335992992206,73903,444,752,24904,
335.6284981592113,73903,443,753,24904,
335.6371209193642,73903,443,752,24905,
335.63918034169444,73903,442,753,24905,
335.64228892269034,73903,442,752,24906,
335.65661443984396,73903,441,753,24906,
335.659703131288,73903,441,752,24907,
335.6607767643977,73903,441,751,24908,
335.6691619835068,73903,440,752,24908,
335.66927702487806,73903,439,753,24908,
335.68052396844433,73903,439,752,24909,
335.6833556915694,73903,439,751,24910,
335.6855509895751,73902,440,751,24910,
335.68628080032977,73902,440,750,24911,
335.68643044800007,73901,441,750,24911,
335.68843470242206,73901,441,749,24912,
335.6939525789651,73901,440,750,24912,
335.6966838604532,73900,441,750,24912,
335.70530243696936,73900,440,751,24912,
335.70606895152525,73899,441,751,24912,
335.70834230968757,73898,442,751,24912,
335.7092424611702,73898,442,750,24913,
335.71123996240874,73898,441,751,24913,
335.7120640164854,73898,440,752,24913,
335.71207861670257,73897,441,752,24913,
335.7139836335922,73897,441,751,24914,
335.7203809650498,73896,442,751,24914,
335.7279510493749,73895,443,751,24914,
335.72811215313664,73895,442,752,24914,
335.72918871313834,73895,441,753,24914,
335.73013044344987,73895,440,754,24914,
335.73611982024175,73894,441,754,24914,
335.73624630813583,73894,440,755,24914,
335.7368465492195,73894,439,756,24914,
335.74496546642973,73894,438,757,24914,
335.74763800494514,73894,437,758,24914,
335.74787533887445,73894,436,759,24914,
335.7483796019088,73894,436,758,24915,
335.750065124041,73894,436,757,24916,
335.7516499452571,73894,435,758,24916,
335.75816739356986,73894,435,757,24917,
335.7595091945965,73894,434,758,24917,
335.76210664418585,73894,433,759,24917,
335.78150785811187,73894,433,758,24918,
335.7834347330835,73893,434,758,24918,
335.7865455614881,73893,434,757,24919,
335.79860104748366,73893,434,756,24920,
335.8054305383948,73893,433,757,24920,
335.8149485751644,73892,434,757,24920,
335.8153348648866,73892,433,758,24920,
335.81882035998206,73892,432,759,24920,
335.8198427437015,73892,432,758,24921,
335.82018979838114,73892,431,759,24921,
335.8265639170904,73892,430,760,24921,
335.82917233817096,73892,429,761,24921,
335.83601778728973,73891,430,761,24921,
335.8404906819649,73891,429,762,24921,
335.85166715299044,73891,429,761,24922,
335.85201807896055,73891,428,762,24922,
335.8558752737174,73891,428,761,24923,
335.8609778550018,73890,429,761,24923,
335.8636163776173,73890,428,762,24923,
335.8645129026606,73889,429,762,24923,
335.86626733297453,73889,429,761,24924,
335.8701837884381,73888,430,761,24924,
335.8729332780504,73887,431,761,24924,
335.8731084353434,73886,432,761,24924,
335.878350486097,73886,431,762,24924,
335.8809638362454,73886,431,761,24925,
335.8844344743445,73886,430,762,24925,
335.8857335283099,73886,430,761,24926,
335.88628634532023,73885,431,761,24926,
335.88754215307154,73884,432,761,24926,
335.88879844555817,73884,432,760,24927,
335.88905637861717,73883,433,760,24927,
335.8904649109035,73883,433,759,24928,
335.8924669802328,73883,432,760,24928,
335.8925937956652,73883,431,761,24928,
335.9031720845362,73883,431,760,24929,
335.9067671851652,73882,432,760,24929,
335.9073408882525,73882,431,761,24929,
335.91003109582556,73881,432,761,24929,
335.9141708578021,73880,433,761,24929,
335.9175746281876,73880,433,760,24930,
335.9187840848543,73880,433,759,24931,
335.9189094439472,73880,432,760,24931,
335.9258515701918,73880,432,759,24932,
335.92651320398136,73880,432,758,24933,
335.93024336105987,73880,431,759,24933,
335.94201968024623,73880,431,758,24934,
335.94646335901905,73880,430,759,24934,
335.94865541853375,73880,430,758,24935,
335.9493751343021,73880,429,759,24935,
335.95186547313585,73879,430,759,24935,
335.9520440472982,73879,429,760,24935,
335.95523765656037,73879,429,759,24936,
335.95685816592606,73879,429,758,24937,
335.9620575503626,73878,430,758,24937,
335.9629900962472,73878,429,759,24937,
335.97238229667545,73877,430,759,24937,
335.98329143084067,73877,429,760,24937,
335.9882006380673,73877,429,759,24938,
335.9959071314602,73877,429,758,24939,
336.0008180582098,73877,429,757,24940,
336.00104011187665,73876,430,757,24940,
336.00452512097576,73876,429,758,24940,
336.0063583351373,73876,429,757,24941,
336.0064666555029,73876,429,756,24942,
336.00805405077705,73875,430,756,24942,
336.0154653010792,73874,431,756,24942,
336.0232809152903,73874,430,757,24942,
336.0257133850816,73873,431,757,24942,
336.0265298272148,73872,432,757,24942,
336.0281505880354,73872,432,756,24943,
336.02878633292886,73871,433,756,24943,
336.0344335127759,73871,432,757,24943,
336.0523679937923,73871,431,758,24943,
336.0530120808584,73871,431,757,24944,
336.0573670350519,73870,432,757,24944,
336.065658831047,73869,433,757,24944,
336.06799889440794,73869,432,758,24944,
336.06897318693126,73869,432,757,24945,
336.07088521440284,73869,432,756,24946,
336.0738799959663,73869,432,755,24947,
336.07611494746044,73868,433,755,24947,
336.08404562432565,73868,432,756,24947,
336.09080964270197,73868,432,755,24948,
336.09759463823355,73868,431,756,24948,
336.0994765697882,73868,431,755,24949,
336.10077110951556,73867,432,755,24949,
336.10081315803694,73866,433,755,24949,
336.10494510664574,73865,434,755,24949,
336.1154261857582,73865,434,754,24950,
336.115770700501,73865,434,753,24951,
336.1169139142923,73865,434,752,24952,
336.12152855407874,73864,435,752,24952,
336.12245618862755,73864,435,751,24953,
336.12878704190763,73863,436,751,24953,
336.12922457242513,73863,436,750,24954,
336.13308268553914,73862,437,750,24954,
336.1553136534422,73862,436,751,24954,
336.15922015278625,73862,435,752,24954,
336.1616614813884,73862,435,751,24955,
336.1621778568005,73861,436,751,24955,
336.16714156319665,73861,435,752,24955,
336.16865254566807,73861,435,751,24956,
336.17101318239554,73861,434,752,24956,
336.17255910195394,73860,435,752,24956,
336.17257471447977,73860,435,751,24957,
336.1726157597817,73859,436,751,24957,
336.1730947328527,73859,435,752,24957,
336.17773055302814,73858,436,752,24957,
336.1828263185285,73858,436,751,24958,
336.19331828137103,73857,437,751,24958,
336.19718256865485,73857,436,752,24958,
336.2026615347259,73856,437,752,24958,
336.203425518552,73856,436,753,24958,
336.2037692856444,73856,436,752,24959,
336.20422170573664,73856,436,751,24960,
336.2117893226088,73856,436,750,24961,
336.21288563285646,73856,435,751,24961,
336.21533627179514,73856,435,750,24962,
336.2227283847482,73856,434,751,24962,
336.2234278120718,73855,435,751,24962,
336.22360436010086,73854,436,751,24962,
336.22371384581123,73854,436,750,24963,
336.22419350551115,73854,436,749,24964,
336.2359566540776,73853,437,749,24964,
336.23596367281243,73853,437,748,24965,
336.2513600828096,73852,438,748,24965,
336.26369546591974,73852,438,747,24966,
336.2678658265487,73851,439,747,24966,
336.2838438318852,73851,438,748,24966,
336.28705952991976,73851,438,747,24967,
336.2909610661566,73850,439,747,24967,
336.29220149039065,73850,439,746,24968,
336.29347732984036,73850,439,745,24969,
336.2937413232131,73850,438,746,24969,
336.29863972066056,73850,437,747,24969,
336.30287556058545,73849,438,747,24969,
336.30478802693705,73849,437,748,24969,
336.30505178042387,73848,438,748,24969,
336.3086830656358,73847,439,748,24969,
336.3137626822085,73847,438,749,24969,
336.3215008945081,73847,437,750,24969,
336.3225825234232,73847,436,751,24969,
336.32629199562757,73847,435,752,24969,
336.32737163578565,73847,434,753,24969,
336.3286816739607,73847,434,752,24970,
336.3287479409684,73847,433,753,24970,
336.3305590564172,73847,432,754,24970,
336.3336287273563,73847,431,755,24970,
336.3394985247691,73847,430,756,24970,
336.34173720444505,73847,429,757,24970,
336.3439559348157,73847,428,758,24970,
336.3500653546337,73847,427,759,24970,
336.3577867955359,73847,426,760,24970,
336.3661473064974,73847,426,759,24971,
336.3685959861423,73847,426,758,24972,
336.37484110611337,73847,425,759,24972,
336.37785562832573,73846,426,759,24972,
336.38439322872944,73845,427,759,24972,
336.3855669701137,73845,426,760,24972,
336.38866521089466,73845,425,761,24972,
336.3938465036548,73845,425,760,24973,
336.3987626536632,73844,426,760,24973,
336.3996130096772,73843,427,760,24973,
336.40164340221503,73843,427,759,24974,
336.40703137595597,73843,427,758,24975,
336.41058760109456,73843,427,757,24976,
336.4118006130358,73843,426,758,24976,
336.4122930051793,73842,427,758,24976,
336.41395877428886,73842,427,757,24977,
336.419542030075,73842,426,758,24977,
336.42218313323013,73841,427,758,24977,
336.4224003921102,73841,426,759,24977,
336.4268509185364,73841,425,760,24977,
336.4270329687582,73841,425,759,24978,
336.4277337124677,73841,425,758,24979,
336.4321552161047,73841,424,759,24979,
336.4344810675115,73841,423,760,24979,
336.438722458375,73841,423,759,24980,
336.4389799585314,73841,423,758,24981,
336.454199825537,73840,424,758,24981,
336.4603495232616,73840,423,759,24981,
336.4654077136525,73839,424,759,24981,
336.48342316259203,73838,425,759,24981,
336.48842324779076,73838,424,760,24981,
336.49065317084353,73838,423,761,24981,
336.4914873276,73838,422,762,24981,
336.4934908099388,73838,422,761,24982,
336.4948690222954,73837,423,761,24982,
336.5057671742146,73837,422,762,24982,
336.5063221530408,73836,423,762,24982,
336.51384930868517,73836,423,761,24983,
336.5199261669398,73836,422,762,24983,
336.52084941934834,73836,422,761,24984,
336.52132935598485,73835,423,761,24984,
336.5248927107489,73834,424,761,24984,
336.52903051124156,73833,425,761,24984,
336.5419694128762,73833,425,760,24985,
336.5482923206108,73833,424,761,24985,
336.5496680741461,73833,423,762,24985,
336.55221803336883,73833,423,761,24986,
336.555056738519,73833,422,762,24986,
336.5583621732397,73832,423,762,24986,
336.56382578900565,73832,422,763,24986,
336.5638721358577,73832,422,762,24987,
336.5688574074603,73832,422,761,24988,
336.57282330597,73832,422,760,24989,
336.5760577267824,73831,423,760,24989,
336.5804060332614,73831,422,761,24989,
336.58593375601157,73830,423,761,24989,
336.58742955809936,73830,423,760,24990,
336.5896886429205,73830,422,761,24990,
336.5901182567529,73830,422,760,24991,
336.591485917935,73830,421,761,24991,
336.6004411987731,73830,420,762,24991,
336.607607036103,73830,420,761,24992,
336.6111748242371,73829,421,761,24992,
336.6132452204713,73829,420,762,24992,
336.6228768134327,73829,420,761,24993,
336.62376918638563,73829,419,762,24993,
336.62557168043696,73829,419,761,24994,
336.6426042858187,73829,418,762,24994,
336.6432735340735,73829,417,763,24994,
336.6497791076342,73829,416,764,24994,
336.65736801819446,73829,415,765,24994,
336.65806365036855,73828,416,765,24994,
336.6604127752255,73828,415,766,24994,
336.6645790687215,73828,414,767,24994,
336.6678736497366,73827,415,767,24994,
336.6704379728729,73827,414,768,24994,
336.6722815145171,73827,413,769,24994,
336.67471490280354,73827,412,770,24994,
336.67693898237775,73826,413,770,24994,
336.69502719658425,73825,414,770,24994,
336.6973749529063,73825,414,769,24995,
336.70819275819076,73825,413,770,24995,
336.7119939081091,73825,412,771,24995,
336.7135493937095,73825,411,772,24995,
336.71383781792167,73825,411,771,24996,
336.71397578552023,73825,410,772,24996,
336.7171539693821,73825,410,771,24997,
336.71920810108367,73824,411,771,24997,
336.7245113076715,73824,411,770,24998,
336.7260254095699,73824,410,771,24998,
336.72783132843125,73824,409,772,24998,
336.7293628793828,73824,408,773,24998,
336.7388846739679,73823,409,773,24998,
336.7389242617392,73823,409,772,24999,
336.7431619499604,73823,408,773,24999,
336.74911877069746,73823,407,774,24999,
336.7565591649941,73822,408,774,24999,
336.7653104154515,73822,408,773,25000,
336.77489418448835,73822,407,774,25000,
336.77667972812765,73822,407,773,25001,
336.77729895183177,73822,407,772,25002,
336.77990231645543,73821,408,772,25002,
336.7842706193872,73821,407,773,25002,
336.79092725624696,73820,408,773,25002,
336.7916869886732,73820,408,772,25003,
336.7952075299296,73820,408,771,25004,
336.7990942483501,73819,409,771,25004,
336.80510082334854,73819,408,772,25004,
336.80572914614027,73818,409,772,25004,
336.82327981247175,73818,408,773,25004,
336.8347184847028,73818,408,772,25005,
336.8349470872835,73818,408,771,25006,
336.8374042368826,73817,409,771,25006,
336.84759934956685,73817,409,770,25007,
336.84957385672703,73816,410,770,25007,
336.85364358105585,73816,410,769,25008,
336.8591990659861,73816,409,770,25008,
336.86640242344765,73816,409,769,25009,
336.8730713616589,73816,408,770,25009,
336.8781383863601,73816,408,769,25010,
336.88286129885734,73815,409,769,25010,
336.88294725165946,73814,410,769,25010,
336.88442654153334,73813,411,769,25010,
336.8872561870501,73812,412,769,25010,
336.89003987196577,73812,412,768,25011,
336.8903344310745,73811,413,768,25011,
336.89507797004086,73811,412,769,25011,
336.8951215345398,73811,411,770,25011,
336.8976524491018,73811,410,771,25011,
336.90605545560817,73811,409,772,25011,
336.9068838493797,73811,408,773,25011,
336.9096188485536,73811,407,774,25011,
336.91037629450545,73810,408,774,25011,
336.9132869302755,73810,408,773,25012,
336.91355230417525,73809,409,773,25012,
336.9155327977209,73809,408,774,25012,
336.9162450617272,73809,408,773,25013,
336.91626873189296,73809,407,774,25013,
336.9195299926379,73808,408,774,25013,
336.9210489655827,73808,408,773,25014,
336.9233854263411,73808,407,774,25014,
336.9238011796602,73808,406,775,25014,
336.9267387586837,73808,405,776,25014,
336.93314965540367,73807,406,776,25014,
336.94012539933067,73806,407,776,25014,
336.95314491598674,73806,407,775,25015,
336.9543144056061,73806,407,774,25016,
336.96171789796017,73806,406,775,25016,
336.98282130007254,73806,406,774,25017,
336.98730794118575,73806,405,775,25017,
336.9933166187077,73805,406,775,25017,
336.9969309908518,73805,405,776,25017,
336.9992709466904,73805,405,775,25018,
337.0002461480639,73804,406,775,25018,
337.00344224659045,73803,407,775,25018,
337.0075029131416,73803,406,776,25018,
337.0075579010264,73802,407,776,25018,
337.00961219576567,73802,407,775,25019,
337.0128418412795,73802,407,774,25020,
337.0146495057012,73802,407,773,25021,
337.0205405959977,73802,407,772,25022,
337.03086882018266,73801,408,772,25022,
337.0333238114955,73800,409,772,25022,
337.0351099039438,73799,410,772,25022,
337.0359329345875,73799,410,771,25023,
337.0415960220594,73799,409,772,25023,
337.0455917018433,73799,409,771,25024,
337.04993145249637,73799,408,772,25024,
337.0502811368862,73798,409,772,25024,
337.0552136065832,73798,408,773,25024,
337.05781135497944,73798,408,772,25025,
337.0608886169675,73798,408,771,25026,
337.0615332733009,73797,409,771,25026,
337.0616658923049,73796,410,771,25026,
337.0688712294172,73796,409,772,25026,
337.06887832165455,73796,409,771,25027,
337.0699596778491,73796,409,770,25028,
337.0748692238609,73796,409,769,25029,
337.0810402760517,73796,409,768,25030,
337.0920444523334,73796,408,769,25030,
337.0943666150475,73796,407,770,25030,
337.11532839044895,73795,408,770,25030,
337.11846104896324,73795,407,771,25030,
337.120149900029,73795,407,770,25031,
337.12581125427806,73795,407,769,25032,
337.12768155361056,73795,407,768,25033,
337.1322386400742,73794,408,768,25033,
337.13732124432954,73794,407,769,25033,
337.1387599349575,73794,407,768,25034,
337.13887917433186,73794,407,767,25035,
337.14020336189196,73794,407,766,25036,
337.14045002725254,73794,407,765,25037,
337.14118816917943,73794,407,764,25038,
337.15209965929057,73794,407,763,25039,
337.1593791365188,73794,407,762,25040,
337.16101037815037,73793,408,762,25040,
337.1639832624598,73793,407,763,25040,
337.17885771950637,73793,406,764,25040,
337.18351301139876,73793,405,765,25040,
337.18430270501426,73793,405,764,25041,
337.1879906253861,73793,405,763,25042,
337.19159802353767,73793,405,762,25043,
337.1924524158331,73793,405,761,25044,
337.1966709043515,73793,405,760,25045,
337.1980849991067,73793,404,761,25045,
337.2007235672278,73792,405,761,25045,
337.20077782386676,73791,406,761,25045,
337.2017281679996,73791,406,760,25046,
337.2020104728961,73790,407,760,25046,
337.2023446010752,73790,407,759,25047,
337.2064660167489,73790,406,760,25047,
337.21365966283895,73790,405,761,25047,
337.2174881147469,73790,405,760,25048,
337.22344623003676,73790,405,759,25049,
337.2246781308562,73790,404,760,25049,
337.23628723782457,73790,404,759,25050,
337.2437485241216,73789,405,759,25050,
337.24798631957606,73789,405,758,25051,
337.2481960615643,73788,406,758,25051,
337.25485628727705,73788,406,757,25052,
337.2681426433549,73787,407,757,25052,
337.27436092958874,73787,407,756,25053,
337.2804384952923,73787,406,757,25053,
337.2811917721503,73786,407,757,25053,
337.28291157349224,73786,407,756,25054,
337.28361202474423,73786,407,755,25055,
337.28671609803035,73786,407,754,25056,
337.29372191798274,73786,406,755,25056,
337.2978729525682,73786,405,756,25056,
337.29788745519477,73786,404,757,25056,
337.29993339445167,73785,405,757,25056,
337.30111636516585,73785,405,756,25057,
337.3047712032426,73784,406,756,25057,
337.3123675689726,73783,407,756,25057,
337.31858285632967,73783,406,757,25057,
337.33531888440973,73783,405,758,25057,
337.335863138481,73783,405,757,25058,
337.3366634765888,73783,405,756,25059,
337.3455041678118,73782,406,756,25059,
337.3496543570233,73781,407,756,25059,
337.35019003189933,73781,407,755,25060,
337.3526588719145,73780,408,755,25060,
337.3563829701867,73779,409,755,25060,
337.3647179631906,73778,410,755,25060,
337.3657244174705,73777,411,755,25060,
337.3713372118452,73777,411,754,25061,
337.37212982123594,73777,410,755,25061,
337.37363121032644,73776,411,755,25061,
337.37845785205906,73775,412,755,25061,
337.3813866900967,73775,412,754,25062,
337.3825253330164,73775,412,753,25063,
337.3849070480097,73775,412,752,25064,
337.38546704931036,73775,412,751,25065,
337.386066460709,73775,412,750,25066,
337.390207727613,73775,412,749,25067,
337.39085026775894,73775,411,750,25067,
337.39283858554387,73774,412,750,25067,
337.39404207652836,73774,411,751,25067,
337.4185884364261,73774,411,750,25068,
337.41876790934305,73774,410,751,25068,
337.4245372041943,73773,411,751,25068,
337.42651111062645,73773,410,752,25068,
337.4302237776922,73773,409,753,25068,
337.4354298611847,73773,408,754,25068,
337.4486722621091,73772,409,754,25068,
337.448805380932,73772,409,753,25069,
337.4504320066175,73771,410,753,25069,
337.45298770681484,73771,409,754,25069,
337.4655178151813,73771,409,753,25070,
337.47301063328035,73770,410,753,25070,
337.473516151934,73769,411,753,25070,
337.4767218885528,73769,410,754,25070,
337.4785503555029,73769,409,755,25070,
337.4825005678047,73769,409,754,25071,
337.50016941360735,73768,410,754,25071,
337.5006469152815,73768,409,755,25071,
337.5090810804361,73768,409,754,25072,
337.51050033128047,73768,408,755,25072,
337.51066480156464,73767,409,755,25072,
337.5169692145232,73767,408,756,25072,
337.51875257780716,73766,409,756,25072,
337.5218125538654,73766,409,755,25073,
337.5258685150581,73765,410,755,25073,
337.5278433818431,73765,410,754,25074,
337.52814094149653,73765,410,753,25075,
337.53682407718037,73765,410,752,25076,
337.55473893492683,73764,411,752,25076,
337.56040798288666,73764,410,753,25076,
337.5655765183955,73763,411,753,25076,
337.5752143161134,73763,410,754,25076,
337.5780540015636,73762,411,754,25076,
337.5808597365777,73762,410,755,25076,
337.58178202171536,73762,409,756,25076,
337.58208984877257,73762,408,757,25076,
337.5859533300401,73761,409,757,25076,
337.5890960730248,73760,410,757,25076,
337.5912745400864,73760,409,758,25076,
337.5923817801147,73759,410,758,25076,
337.5956015669647,73758,411,758,25076,
337.59689933748376,73758,411,757,25077,
337.59973175557593,73758,411,756,25078,
337.60079145531,73758,411,755,25079,
337.6016840039214,73758,411,754,25080,
337.60350254130344,73757,412,754,25080,
337.6041742440147,73757,411,755,25080,
337.6083443248264,73757,410,756,25080,
337.61238248806023,73756,411,756,25080,
337.6202741855188,73755,412,756,25080,
337.62609463823395,73755,411,757,25080,
337.6272449033803,73755,410,758,25080,
337.62809259848336,73755,409,759,25080,
337.6399319032885,73754,410,759,25080,
337.642387742001,73753,411,759,25080,
337.6481716213343,73753,411,758,25081,
337.6484748241438,73752,412,758,25081,
337.6486285349586,73752,412,757,25082,
337.65450939241424,73752,412,756,25083,
337.65988464442734,73751,413,756,25083,
337.66242552782603,73751,412,757,25083,
337.66315881175007,73750,413,757,25083,
337.67907743507095,73749,414,757,25083,
337.68162111051805,73749,414,756,25084,
337.6830377461877,73749,413,757,25084,
337.69296776750764,73749,412,758,25084,
337.70242839719265,73749,412,757,25085,
337.7105332946181,73749,411,758,25085,
337.7126999822409,73749,411,757,25086,
337.7156470430156,73749,411,756,25087,
337.717176529497,73748,412,756,25087,
337.72512456542495,73748,411,757,25087,
337.72530479264157,73747,412,757,25087,
337.73155930063183,73747,411,758,25087,
337.7340263792534,73746,412,758,25087,
337.7357522636206,73746,411,759,25087,
337.74514222184297,73745,412,759,25087,
337.7474013985561,73744,413,759,25087,
337.7477346570131,73744,412,760,25087,
337.74840608664414,73744,411,761,25087,
337.7519353903368,73744,411,760,25088,
337.7541744051067,73744,410,761,25088,
337.75682580790095,73744,410,760,25089,
337.76391688950105,73743,411,760,25089,
337.7683600277688,73743,410,761,25089,
337.76859124594256,73743,409,762,25089,
337.77119200824706,73743,408,763,25089,
337.776375778721,73743,407,764,25089,
337.77926683826126,73743,407,763,25090,
337.78645694858676,73743,406,764,25090,
337.792915095518,73743,405,765,25090,
337.79988569345636,73742,406,765,25090,
337.8033990469593,73742,405,766,25090,
337.8041599399854,73742,404,767,25090,
337.8051321971009,73742,404,766,25091,
337.8057332530208,73742,404,765,25092,
337.8061498385456,73742,403,766,25092,
337.80656485739064,73742,402,767,25092,
337.80749326604905,73741,403,767,25092,
337.81082168345586,73741,402,768,25092,
337.812449018521,73741,402,767,25093,
337.81453535849226,73741,401,768,25093,
337.82289044883316,73741,401,767,25094,
337.8330921373616,73741,400,768,25094,
337.8349861291075,73741,400,767,25095,
337.84647689413134,73741,400,766,25096,
337.8499497506208,73741,400,765,25097,
337.8528019860179,73740,401,765,25097,
337.8583042259534,73739,402,765,25097,
337.86150876206943,73739,401,766,25097,
337.8616277034436,73738,402,766,25097,
337.86661485082044,73738,402,765,25098,
337.8735823831529,73737,403,765,25098,
337.8779842845626,73737,403,764,25099,
337.88138472673955,73737,403,763,25100,
337.8841325222173,73737,402,764,25100,
337.89325198009413,73736,403,764,25100,
337.8944623877937,73736,403,763,25101,
337.89513237050625,73736,402,764,25101,
337.897904030953,73736,401,765,25101,
337.90260363690294,73736,401,764,25102,
337.90493579857446,73736,400,765,25102,
337.9052357781681,73736,400,764,25103,
337.91122129943494,73736,400,763,25104,
337.9182227562585,73736,400,762,25105,
337.92081058810345,73736,399,763,25105,
337.9227526413761,73736,399,762,25106,
337.92422573527426,73736,399,761,25107,
337.9354788198929,73736,398,762,25107,
337.9356863099734,73736,397,763,25107,
337.9453637937046,73736,397,762,25108,
337.9467733291309,73735,398,762,25108,
337.94965679327754,73734,399,762,25108,
337.9536184157056,73734,398,763,25108,
337.9618596616741,73733,399,763,25108,
337.9656833207649,73732,400,763,25108,
337.96861258922826,73732,400,762,25109,
337.96977969022356,73732,400,761,25110,
337.97381895204995,73731,401,761,25110,
337.9801455266961,73731,401,760,25111,
337.98023129920176,73731,401,759,25112,
337.9986418596461,73730,402,759,25112,
338.0049459438891,73729,403,759,25112,
338.00537375242175,73728,404,759,25112,
338.01002457103823,73728,403,760,25112,
338.01553984638156,73728,403,759,25113,
338.01560077987256,73728,402,760,25113,
338.0199675257567,73728,402,759,25114,
338.03045163716524,73728,401,760,25114,
338.03358794984365,73728,401,759,25115,
338.03418696846313,73727,402,759,25115,
338.0381084073076,73726,403,759,25115,
338.04126864773724,73726,403,758,25116,
338.04235975679296,73726,402,759,25116,
338.0426271875253,73726,402,758,25117,
338.0447581574179,73726,401,759,25117,
338.04512578613605,73726,401,758,25118,
338.0470570889321,73725,402,758,25118,
338.048849733568,73725,401,759,25118,
338.04886141543597,73724,402,759,25118,
338.0494659911894,73724,401,760,25118,
338.0499478519722,73723,402,760,25118,
338.0533953828807,73723,402,759,25119,
338.05577513882366,73722,403,759,25119,
338.0640998272461,73722,402,760,25119,
338.06729054556644,73722,402,759,25120,
338.06842097193396,73721,403,759,25120,
338.0699747957351,73721,402,760,25120,
338.07024640133216,73721,402,759,25121,
338.07266552004114,73721,401,760,25121,
338.07799707045433,73721,400,761,25121,
338.08234707399396,73721,399,762,25121,
338.08407771410805,73721,398,763,25121,
338.0891688533566,73720,399,763,25121,
338.0926421688221,73720,398,764,25121,
338.09508036369743,73720,398,763,25122,
338.10633114374684,73719,399,763,25122,
338.10650100852035,73718,400,763,25122,
338.1190107439919,73718,400,762,25123,
338.1194067204941,73718,400,761,25124,
338.12081441118767,73718,399,762,25124,
338.1247403582997,73718,398,763,25124,
338.1261893583544,73718,397,764,25124,
338.1310252174729,73717,398,764,25124,
338.1388237829153,73717,398,763,25125,
338.139764925397,73717,397,764,25125,
338.15129088911476,73717,397,763,25126,
338.159356009205,73717,397,762,25127,
338.1646498198755,73717,396,763,25127,
338.1691561765894,73716,397,763,25127,
338.1837492336523,73716,396,764,25127,
338.18647103723515,73715,397,764,25127,
338.1876608303601,73715,397,763,25128,
338.18878187511655,73715,396,764,25128,
338.1896199651736,73715,396,763,25129,
338.19334548124226,73715,395,764,25129,
338.2066591143071,73714,396,764,25129,
338.20798928005536,73713,397,764,25129,
338.2167658866481,73713,396,765,25129,
338.22067570203535,73713,395,766,25129,
338.22092522155174,73713,395,765,25130,
338.23168311669656,73713,395,764,25131,
338.2349089817323,73713,394,765,25131,
338.235753743686,73713,393,766,25131,
338.2435678891878,73713,393,765,25132,
338.2442111071582,73713,393,764,25133,
338.26053013412894,73713,393,763,25134,
338.26662950602815,73712,394,763,25134,
338.26994542493077,73712,394,762,25135,
338.2709544693173,73712,393,763,25135,
338.2744254887245,73711,394,763,25135,
338.27479450918855,73710,395,763,25135,
338.28311170908944,73710,394,764,25135,
338.2834749740023,73710,393,765,25135,
338.28868731696707,73709,394,765,25135,
338.2956075319682,73708,395,765,25135,
338.2967727117918,73708,395,764,25136,
338.30298288176874,73707,396,764,25136,
338.3047845853695,73706,397,764,25136,
338.3050428810599,73706,396,765,25136,
338.3086288024448,73706,395,766,25136,
338.30954221482614,73705,396,766,25136,
338.31900948369713,73704,397,766,25136,
338.3224635306663,73703,398,766,25136,
338.32330120428884,73703,398,765,25137,
338.32416122420705,73703,397,766,25137,
338.3263872710524,73703,396,767,25137,
338.32677853156895,73703,395,768,25137,
338.33323063652574,73702,396,768,25137,
338.3380087715565,73702,396,767,25138,
338.34776703491326,73701,397,767,25138,
338.3543837979603,73700,398,767,25138,
338.3544907497962,73699,399,767,25138,
338.363969214078,73699,398,768,25138,
338.36985545567404,73699,398,767,25139,
338.3749726756919,73699,398,766,25140,
338.3757268972293,73699,397,767,25140,
338.37781429533595,73698,398,767,25140,
338.38094165798657,73698,397,768,25140,
338.381331743126,73698,396,769,25140,
338.3833285591495,73697,397,769,25140,
338.38439655853153,73697,397,768,25141,
338.38831197144384,73697,396,769,25141,
338.39640467132597,73697,396,768,25142,
338.3974154434991,73697,396,767,25143,
338.3987810162692,73697,395,768,25143,
338.4008383917097,73697,395,767,25144,
338.4061267234456,73697,394,768,25144,
338.4163201116194,73697,393,769,25144,
338.41944874233553,73697,392,770,25144,
338.4251313063822,73697,392,769,25145,
338.4323192972337,73697,392,768,25146,
338.4332173857605,73697,391,769,25146,
338.4360199082115,73697,391,768,25147,
338.4405097731598,73696,392,768,25147,
338.441890745564,73696,391,769,25147,
338.4447764700625,73696,391,768,25148,
338.4459821799989,73696,390,769,25148,
338.4541136559736,73696,390,768,25149,
338.46843331779394,73696,389,769,25149,
338.4740922564546,73696,389,768,25150,
338.48577685715475,73696,389,767,25151,
338.4880870469973,73696,389,766,25152,
338.4900556811773,73696,389,765,25153,
338.49601705057984,73695,390,765,25153,
338.50017599200436,73695,389,766,25153,
338.5019627453579,73695,388,767,25153,
338.50594901019156,73694,389,767,25153,
338.506053958806,73693,390,767,25153,
338.5100828636669,73693,389,768,25153,
338.5144310167469,73693,388,769,25153,
338.514532372323,73692,389,769,25153,
338.5162798427983,73691,390,769,25153,
338.5178259072384,73691,390,768,25154,
338.520635016337,73691,390,767,25155,
338.5248866159072,73690,391,767,25155,
338.52788136536736,73690,390,768,25155,
338.5295114963919,73690,389,769,25155,
338.53228880312014,73689,390,769,25155,
338.5367420978497,73689,390,768,25156,
338.5374777472174,73689,390,767,25157,
338.5388026642731,73688,391,767,25157,
338.55477427919953,73687,392,767,25157,
338.5553870635945,73686,393,767,25157,
338.57959775606497,73685,394,767,25157,
338.5898983155141,73684,395,767,25157,
338.59198307911,73684,394,768,25157,
338.5968870931626,73683,395,768,25157,
338.60359734722437,73682,396,768,25157,
338.60517324209536,73682,396,767,25158,
338.6052935496638,73682,395,768,25158,
338.6060432313137,73682,394,769,25158,
338.60611326639383,73681,395,769,25158,
338.6093655483545,73681,395,768,25159,
338.6136689656478,73681,395,767,25160,
338.62219791111323,73681,395,766,25161,
338.62782478205304,73681,395,765,25162,
338.6298573055843,73681,395,764,25163,
338.63043296141484,73680,396,764,25163,
338.6328322410345,73680,396,763,25164,
338.63484180887866,73679,397,763,25164,
338.63751669145887,73679,396,764,25164,
338.64064787492913,73678,397,764,25164,
338.6468717205998,73678,397,763,25165,
338.64882228771023,73678,396,764,25165,
338.6495458111512,73678,395,765,25165,
338.65231735719203,73678,394,766,25165,
338.6572459495923,73678,393,767,25165,
338.6602212542427,73678,393,766,25166,
338.6636795318958,73677,394,766,25166,
338.66467151028803,73677,393,767,25166,
338.6653950061475,73677,392,768,25166,
338.6679379469614,73677,392,767,25167,
338.67355962870795,73677,392,766,25168,
338.6746566028157,73677,392,765,25169,
338.6749728597885,73676,393,765,25169,
338.67655593188397,73675,394,765,25169,
338.67769071998896,73674,395,765,25169,
338.67813056661,73674,394,766,25169,
338.6783880858342,73674,394,765,25170,
338.67909517113196,73674,393,766,25170,
338.67949937997776,73674,392,767,25170,
338.6801393314413,73674,392,766,25171,
338.68654747687674,73673,393,766,25171,
338.6882451413173,73673,392,767,25171,
338.69254439676587,73673,392,766,25172,
338.6934433465065,73673,392,765,25173,
338.69427498686764,73673,392,764,25174,
338.6997326487728,73673,392,763,25175,
338.70116175254765,73673,392,762,25176,
338.7015139134844,73673,391,763,25176,
338.71549147421143,73673,390,764,25176,
338.7244058750099,73673,390,763,25177,
338.7245550573242,73673,389,764,25177,
338.72719465814106,73672,390,764,25177,
338.7287781105437,73672,390,763,25178,
338.7369300103059,73672,389,764,25178,
338.73824643772184,73672,389,763,25179,
338.74002068355526,73672,389,762,25180,
338.7467108729557,73672,389,761,25181,
338.74676851753827,73672,388,762,25181,
338.7501693114543,73672,388,761,25182,
338.7509269039085,73672,388,760,25183,
338.75953758717696,73672,388,759,25184,
338.75969605482055,73672,388,758,25185,
338.76060434463267,73672,388,757,25186,
338.7646568470023,73672,388,756,25187,
338.7684034186107,73672,387,757,25187,
338.76857040275644,73671,388,757,25187,
338.7704525627439,73671,388,756,25188,
338.77062349641193,73671,387,757,25188,
338.77220330563495,73670,388,757,25188,
338.77269695861804,73670,388,756,25189,
338.7728607490639,73670,388,755,25190,
338.7736414577823,73670,387,756,25190,
338.7770527566122,73670,387,755,25191,
338.78811081932497,73669,388,755,25191,
338.7915160037634,73669,388,754,25192,
338.79158412909743,73669,387,755,25192,
338.7968496598423,73668,388,755,25192,
338.8029625982524,73668,388,754,25193,
338.8037594550184,73668,388,753,25194,
338.804439580438,73667,389,753,25194,
338.8063973484788,73666,390,753,25194,
338.8087348451056,73666,390,752,25195,
338.8153028378731,73665,391,752,25195,
338.81538439122886,73665,391,751,25196,
338.82111974283157,73665,390,752,25196,
338.8223747930214,73665,390,751,25197,
338.8356981591394,73665,390,750,25198,
338.836959559314,73665,390,749,25199,
338.846052580398,73665,389,750,25199,
338.8471319291944,73664,390,750,25199,
338.84845687083873,73664,390,749,25200,
338.85394646725575,73663,391,749,25200,
338.8549397079174,73663,390,750,25200,
338.8596613129673,73663,390,749,25201,
338.8636687311305,73663,390,748,25202,
338.8641996478888,73663,390,747,25203,
338.8684783759706,73662,391,747,25203,
338.87390172452626,73661,392,747,25203,
338.87752944063266,73661,392,746,25204,
338.88924761390746,73661,391,747,25204,
338.8898935746392,73661,391,746,25205,
338.901074321797,73660,392,746,25205,
338.9013748668813,73660,391,747,25205,
338.90261222719204,73660,391,746,25206,
338.90604039550504,73660,390,747,25206,
338.91079836204375,73659,391,747,25206,
338.91292058026363,73659,391,746,25207,
338.9212836807664,73658,392,746,25207,
338.9256364732096,73658,392,745,25208,
338.92656077178947,73658,392,744,25209,
338.9272531765278,73658,391,745,25209,
338.93049009104993,73658,391,744,25210,
338.93620810558264,73658,390,745,25210,
338.9371859310755,73658,389,746,25210,
338.9387130452831,73658,389,745,25211,
338.9419824321974,73657,390,745,25211,
338.9509282890648,73657,389,746,25211,
338.9528492134017,73657,388,747,25211,
338.9538650176616,73656,389,747,25211,
338.95493702408356,73656,389,746,25212,
338.9779618316153,73655,390,746,25212,
338.9849026559307,73654,391,746,25212,
338.9865898736647,73653,392,746,25212,
338.988335987389,73653,392,745,25213,
338.98950327866737,73652,393,745,25213,
338.990380386792,73652,393,744,25214,
338.99401194766136,73652,392,745,25214,
339.00002125676025,73651,393,745,25214,
339.00418002485327,73650,394,745,25214,
339.0065126964527,73650,393,746,25214,
339.00993418238306,73650,392,747,25214,
339.0139891558231,73650,391,748,25214,
339.01923440464583,73649,392,748,25214,
339.02509542313175,73648,393,748,25214,
339.02793828984164,73648,393,747,25215,
339.0291257833381,73647,394,747,25215,
339.0306790851705,73647,394,746,25216,
339.03114153759617,73646,395,746,25216,
339.03391958600866,73645,396,746,25216,
339.0399673559984,73645,395,747,25216,
339.04487299479183,73645,395,746,25217,
339.05997655131966,73645,395,745,25218,
339.06127075104445,73645,395,744,25219,
339.06380137624257,73644,396,744,25219,
339.0643396429264,73644,395,745,25219,
339.08168160484405,73643,396,745,25219,
339.0883537077265,73642,397,745,25219,
339.0967486520872,73642,397,744,25220,
339.09995972346945,73641,398,744,25220,
339.10269454740046,73641,398,743,25221,
339.1032138858494,73640,399,743,25221,
339.1038742353298,73640,399,742,25222,
339.1061149764021,73640,398,743,25222,
339.11416280864887,73640,398,742,25223,
339.1224988099028,73640,397,743,25223,
339.12521481909954,73639,398,743,25223,
339.1296275071047,73639,398,742,25224,
339.13092869011575,73639,398,741,25225,
339.1329894931644,73638,399,741,25225,
339.13330044417916,73638,399,740,25226,
339.14537441547367,73637,400,740,25226,
339.1515418425905,73637,400,739,25227,
339.1582541675823,73637,400,738,25228,
339.1590535483033,73637,399,739,25228,
339.1637124565599,73637,398,740,25228,
339.1643996180552,73637,397,741,25228,
339.16725691990763,73637,397,740,25229,
339.169100169891,73636,398,740,25229,
339.17248640211045,73635,399,740,25229,
339.17311764715345,73635,399,739,25230,
339.1732306613421,73635,399,738,25231,
339.1816316528248,73634,400,738,25231,
339.1928684683558,73634,400,737,25232,
339.2049259874436,73633,401,737,25232,
339.2056704601335,73633,400,738,25232,
339.2056991178189,73633,399,739,25232,
339.2108072976451,73633,399,738,25233,
339.21233929924193,73632,400,738,25233,
339.21412983210564,73632,399,739,25233,
339.220902712139,73632,399,738,25234,
339.23123483362883,73632,399,737,25235,
339.2410640461399,73632,399,736,25236,
339.24332634022664,73632,398,737,25236,
339.2473014761174,73631,399,737,25236,
339.2524953262465,73630,400,737,25236,
339.2541085249694,73630,400,736,25237,
339.25633394675816,73630,400,735,25238,
339.26391557397307,73630,400,734,25239,
339.2672599753477,73630,399,735,25239,
339.2681847647586,73630,399,734,25240,
339.26859421753795,73630,398,735,25240,
339.26861988254245,73629,399,735,25240,
339.27179980158644,73628,400,735,25240,
339.27218136073895,73627,401,735,25240,
339.27377333587975,73627,401,734,25241,
339.2749313713637,73627,400,735,25241,
339.27636600556326,73627,400,734,25242,
339.283482129048,73626,401,734,25242,
339.28513823508536,73625,402,734,25242,
339.29219009519954,73625,401,735,25242,
339.2952820769078,73625,401,734,25243,
339.29593213284693,73625,400,735,25243,
339.2960934927352,73625,400,734,25244,
339.30095457876916,73625,399,735,25244,
339.30332027055584,73625,399,734,25245,
339.3096409790195,73625,399,733,25246,
339.3118520068665,73624,400,733,25246,
339.31790395697624,73624,399,734,25246,
339.31888934759723,73624,398,735,25246,
339.3198998142243,73623,399,735,25246,
339.323761189339,73622,400,735,25246,
339.3266838576404,73622,400,734,25247,
339.33010774652377,73622,399,735,25247,
339.3381317356228,73622,399,734,25248,
339.3432109698829,73622,399,733,25249,
339.3450259995276,73622,399,732,25250,
339.3476867029438,73622,398,733,25250,
339.350127274984,73622,398,732,25251,
339.3515026882758,73622,397,733,25251,
339.37050616629836,73622,397,732,25252,
339.3738533395314,73622,397,731,25253,
339.3746059158605,73622,397,730,25254,
339.3821384473119,73622,397,729,25255,
339.38598333092426,73622,397,728,25256,
339.3882617527434,73622,397,727,25257,
339.3924239926355,73622,396,728,25257,
339.39432034043807,73621,397,728,25257,
339.3964320189439,73621,397,727,25258,
339.39851058790657,73621,396,728,25258,
339.3992262626151,73621,396,727,25259,
339.4013743266937,73620,397,727,25259,
339.40321935639525,73620,396,728,25259,
339.4040144448481,73619,397,728,25259,
339.40442544440117,73618,398,728,25259,
339.4097573603906,73617,399,728,25259,
339.41231313570273,73617,399,727,25260,
339.4136735249061,73616,400,727,25260,
339.4151646350281,73616,400,726,25261,
339.4185316836422,73615,401,726,25261,
339.42081402851244,73615,401,725,25262,
339.423761865041,73615,400,726,25262,
339.42515897181937,73615,399,727,25262,
339.4355012357097,73615,398,728,25262,
339.43772557748383,73614,399,728,25262,
339.4424484899104,73614,398,729,25262,
339.44451410570264,73614,397,730,25262,
339.4460937773344,73614,397,729,25263,
339.4504456748843,73614,396,730,25263,
339.4508868408276,73614,395,731,25263,
339.4578722195501,73614,395,730,25264,
339.46166291195476,73614,394,731,25264,
339.4767198692532,73614,393,732,25264,
339.47793984434384,73613,394,732,25264,
339.4948295492209,73612,395,732,25264,
339.49541531703375,73612,395,731,25265,
339.5054909896508,73612,395,730,25266,
339.51064105834007,73611,396,730,25266,
339.513356848141,73611,396,729,25267,
339.5161644662847,73611,395,730,25267,
339.5189190340346,73610,396,730,25267,
339.52408952279274,73610,396,729,25268,
339.52716535643594,73610,395,730,25268,
339.5380444934118,73610,394,731,25268,
339.54043554823943,73609,395,731,25268,
339.54146838544295,73608,396,731,25268,
339.54642428700214,73608,396,730,25269,
339.5485426365695,73608,395,731,25269,
339.55103931375334,73607,396,731,25269,
339.5547530743923,73607,396,730,25270,
339.55766585427193,73606,397,730,25270,
339.56453211224584,73605,398,730,25270,
339.573393795306,73605,398,729,25271,
339.5790617881191,73605,397,730,25271,
339.59605531922693,73605,397,729,25272,
339.5996440919933,73605,396,730,25272,
339.60582705876897,73604,397,730,25272,
339.61439853351516,73604,397,729,25273,
339.6179883063222,73603,398,729,25273,
339.6273643586535,73603,397,730,25273,
339.6396841167053,73602,398,730,25273,
339.639994686578,73602,397,731,25273,
339.6431651948276,73602,396,732,25273,
339.6433910958031,73601,397,732,25273,
339.64418246838557,73601,396,733,25273,
339.64898928131703,73601,395,734,25273,
339.6495236745422,73601,394,735,25273,
339.65100671982515,73601,393,736,25273,
339.6532954426991,73600,394,736,25273,
339.65436775475274,73599,395,736,25273,
339.658322638492,73599,395,735,25274,
339.6583865535832,73598,396,735,25274,
339.66021716502235,73597,397,735,25274,
339.66062350186905,73596,398,735,25274,
339.66762767298235,73596,397,736,25274,
339.677680442252,73595,398,736,25274,
339.67802778457957,73595,397,737,25274,
339.68678205587725,73594,398,737,25274,
339.6880138318515,73594,398,736,25275,
339.6890481004791,73594,398,735,25276,
339.689578214014,73593,399,735,25276,
339.69776890505227,73593,399,734,25277,
339.7008281183051,73593,398,735,25277,
339.7053671417209,73593,398,734,25278,
339.70746222418796,73593,397,735,25278,
339.71014700384063,73593,396,736,25278,
339.71496228529344,73593,396,735,25279,
339.71648239992044,73593,396,734,25280,
339.7167601796872,73593,396,733,25281,
339.71839172603956,73592,397,733,25281,
339.719948408546,73592,397,732,25282,
339.7206834628053,73592,396,733,25282,
339.72260549204776,73592,395,734,25282,
339.72768882537235,73592,394,735,25282,
339.73082327166,73591,395,735,25282,
339.73158271316186,73591,394,736,25282,
339.732151964245,73591,393,737,25282,
339.73682097169933,73590,394,737,25282,
339.73738133067474,73590,394,736,25283,
339.7461226041171,73590,394,735,25284,
339.7505386108874,73590,393,736,25284,
339.7517612102977,73590,393,735,25285,
339.75666849462783,73590,392,736,25285,
339.7648825433088,73590,391,737,25285,
339.7661881081938,73589,392,737,25285,
339.76742167377733,73589,391,738,25285,
339.77335891953953,73589,391,737,25286,
339.7738758197889,73588,392,737,25286,
339.7759620513857,73588,391,738,25286,
339.7906553673579,73588,390,739,25286,
339.79103982273864,73587,391,739,25286,
339.798867884123,73586,392,739,25286,
339.8150034787093,73586,391,740,25286,
339.8159069645954,73585,392,740,25286,
339.81636732822903,73585,392,739,25287,
339.81940065009485,73585,392,738,25288,
339.8200534259292,73585,391,739,25288,
339.82138779098676,73585,390,740,25288,
339.8314078473398,73585,390,739,25289,
339.83385219151467,73585,389,740,25289,
339.83453873997735,73585,388,741,25289,
339.8409000349127,73585,387,742,25289,
339.8461095136545,73584,388,742,25289,
339.8492644713177,73583,389,742,25289,
339.85082587224167,73583,389,741,25290,
339.85230385384926,73582,390,741,25290,
339.8588491162089,73582,390,740,25291,
339.8592849278063,73582,390,739,25292,
339.85989936839064,73582,390,738,25293,
339.86204004504924,73581,391,738,25293,
339.86376884632926,73580,392,738,25293,
339.86884457991164,73579,393,738,25293,
339.8700655644005,73579,393,737,25294,
339.87307602962363,73578,394,737,25294,
339.87727473931767,73578,394,736,25295,
339.87818775637965,73578,394,735,25296,
339.88188350283883,73577,395,735,25296,
339.88640633524625,73577,394,736,25296,
339.88734008078575,73577,393,737,25296,
339.8929290614205,73577,393,736,25297,
339.8935477702503,73577,392,737,25297,
339.8951843408203,73576,393,737,25297,
339.8952311216517,73576,393,736,25298,
339.89807963681665,73576,392,737,25298,
339.9060119438313,73576,391,738,25298,
339.9101909958381,73576,390,739,25298,
339.91309255350126,73576,389,740,25298,
339.9132795641878,73576,389,739,25299,
339.918801446981,73576,389,738,25300,
339.91950202329826,73575,390,738,25300,
339.92244350282067,73575,390,737,25301,
339.9249560026403,73574,391,737,25301,
339.92634859608626,73574,391,736,25302,
339.9268508266693,73573,392,736,25302,
339.9354979551088,73573,392,735,25303,
339.93671056891696,73573,391,736,25303,
339.94671051289697,73573,391,735,25304,
339.9502136476029,73572,392,735,25304,
339.95964976069894,73571,393,735,25304,
339.9607510293925,73571,393,734,25305,
339.961293399385,73570,394,734,25305,
339.96196108891263,73570,394,733,25306,
339.97199335906356,73570,393,734,25306,
339.9791217684331,73570,392,735,25306,
339.9799783015907,73570,392,734,25307,
339.98144915623584,73570,391,735,25307,
339.9831261435319,73570,391,734,25308,
339.987122207164,73570,391,733,25309,
339.9891557776939,73570,391,732,25310,
339.9991240562967,73570,391,731,25311,
340.00349277548816,73570,390,732,25311,
340.0051568643678,73570,389,733,25311,
340.0053582175245,73569,390,733,25311,
340.0154898630961,73568,391,733,25311,
340.0174983981104,73568,390,734,25311,
340.0373780134962,73568,390,733,25312,
340.04442497759436,73568,390,732,25313,
340.04849608822377,73567,391,732,25313,
340.0532771809254,73567,390,733,25313,
340.05391624900886,73567,390,732,25314,
340.06179515933,73566,391,732,25314,
340.0620870414422,73566,391,731,25315,
340.0645127594699,73565,392,731,25315,
340.06561404430715,73565,391,732,25315,
340.066250087302,73565,391,731,25316,
340.0670565887435,73564,392,731,25316,
340.06928251234353,73563,393,731,25316,
340.07403906200693,73563,393,730,25317,
340.0796546050232,73563,392,731,25317,
340.08343501562405,73563,392,730,25318,
340.0870250107566,73563,391,731,25318,
340.0891161913432,73563,390,732,25318,
340.0972832829887,73562,391,732,25318,
340.09928156165034,73562,391,731,25319,
340.09980924010557,73562,391,730,25320,
340.10112580445787,73561,392,730,25320,
340.1090691441257,73561,391,731,25320,
340.1115964183114,73561,391,730,25321,
340.1175937354129,73561,390,731,25321,
340.11864717449157,73561,389,732,25321,
340.124311919091,73561,389,731,25322,
340.1246083558275,73561,388,732,25322,
340.1250694716589,73560,389,732,25322,
340.1310148723116,73560,389,731,25323,
340.1472142047831,73560,389,730,25324,
340.1492947361239,73560,389,729,25325,
340.1496136888458,73560,388,730,25325,
340.1500445341652,73560,388,729,25326,
340.1565305496392,73560,388,728,25327,
340.16165248459293,73560,387,729,25327,
340.17924551074196,73559,388,729,25327,
340.1799403523529,73559,387,730,25327,
340.179940414079,73559,386,731,25327,
340.1863656686291,73559,385,732,25327,
340.198075057069,73559,384,733,25327,
340.19807929447927,73559,383,734,25327,
340.2075590128217,73559,383,733,25328,
340.2310342077968,73559,382,734,25328,
340.2316217665628,73559,382,733,25329,
340.2508968002458,73559,382,732,25330,
340.25180573127915,73558,383,732,25330,
340.2570624908051,73557,384,732,25330,
340.2578356904752,73557,384,731,25331,
340.26540765659894,73557,384,730,25332,
340.26737445087844,73557,384,729,25333,
340.2679936077711,73557,384,728,25334,
340.26934562498053,73556,385,728,25334,
340.27162634381585,73555,386,728,25334,
340.27629211522355,73555,386,727,25335,
340.2771109649155,73555,386,726,25336,
340.27871596323246,73555,385,727,25336,
340.2795665163938,73555,385,726,25337,
340.2808302245693,73555,385,725,25338,
340.28396689058,73555,384,726,25338,
340.2886251633803,73554,385,726,25338,
340.2947036807779,73554,384,727,25338,
340.29999038348444,73554,384,726,25339,
340.31451568276486,73553,385,726,25339,
340.3147328319791,73553,384,727,25339,
340.3193708395128,73552,385,727,25339,
340.3194192899305,73552,385,726,25340,
340.3194199919581,73552,384,727,25340,
340.3334861792988,73552,384,726,25341,
340.3357064102065,73552,384,725,25342,
340.3391728957245,73552,384,724,25343,
340.34076577233975,73551,385,724,25343,
340.34078859540165,73550,386,724,25343,
340.34848563156913,73550,386,723,25344,
340.35412569973505,73550,386,722,25345,
340.3583446590922,73549,387,722,25345,
340.3593384696015,73549,386,723,25345,
340.3602122800909,73549,386,722,25346,
340.3620406865167,73548,387,722,25346,
340.36260384501804,73548,387,721,25347,
340.36646052554624,73548,386,722,25347,
340.36659702007165,73547,387,722,25347,
340.3673462439288,73547,387,721,25348,
340.3712299199802,73546,388,721,25348,
340.37982767180364,73546,388,720,25349,
340.38069865410233,73546,388,719,25350,
340.38393900085697,73545,389,719,25350,
340.3982987581274,73545,388,720,25350,
340.39885075197526,73545,388,719,25351,
340.41010223189494,73544,389,719,25351,
340.412117463288,73544,388,720,25351,
340.4178964312008,73544,387,721,25351,
340.4180030143188,73543,388,721,25351,
340.421782195613,73543,387,722,25351,
340.42335214821145,73543,386,723,25351,
340.42458630098,73543,386,722,25352,
340.4252355325983,73543,386,721,25353,
340.4275874968576,73542,387,721,25353,
340.43311560556145,73542,387,720,25354,
340.43366848374586,73541,388,720,25354,
340.43559664377347,73541,387,721,25354,
340.4382621894372,73541,386,722,25354,
340.44861212754876,73541,385,723,25354,
340.4632205980093,73541,384,724,25354,
340.46733224401856,73541,384,723,25355,
340.4678458717703,73541,384,722,25356,
340.47079708757457,73541,383,723,25356,
340.4738042793494,73541,383,722,25357,
340.47425293539925,73541,382,723,25357,
340.4744307489689,73541,382,722,25358,
340.49201163128777,73541,382,721,25359,
340.49307839499875,73541,381,722,25359,
340.49805719227066,73541,381,721,25360,
340.50724432029614,73541,380,722,25360,
340.50907220347455,73541,379,723,25360,
340.50909723050415,73541,379,722,25361,
340.5106827733946,73540,380,722,25361,
340.5130642175827,73540,380,721,25362,
340.5204138911611,73540,380,720,25363,
340.52638104599237,73540,380,719,25364,
340.527556015228,73540,380,718,25365,
340.53040639510516,73539,381,718,25365,
340.5315821469212,73539,381,717,25366,
340.5367396304415,73539,380,718,25366,
340.5376610879841,73539,380,717,25367,
340.5392082369079,73539,380,716,25368,
340.54007660803387,73539,380,715,25369,
340.54396656760616,73539,379,716,25369,
340.5455338769976,73538,380,716,25369,
340.5644716268736,73538,379,717,25369,
340.5665737179106,73538,379,716,25370,
340.5747886948775,73537,380,716,25370,
340.5776543344646,73537,379,717,25370,
340.57904699258137,73536,380,717,25370,
340.57934787705796,73536,380,716,25371,
340.5994385777472,73536,380,715,25372,
340.60764699928194,73536,380,714,25373,
340.60887791371704,73535,381,714,25373,
340.62111176116963,73535,380,715,25373,
340.62896562544137,73535,380,714,25374,
340.62986864847954,73534,381,714,25374,
340.64143613201907,73534,381,713,25375,
340.6446793457376,73534,381,712,25376,
340.6473942918159,73534,381,711,25377,
340.65993456711925,73534,381,710,25378,
340.66982649436466,73534,380,711,25378,
340.6739330035344,73534,379,712,25378,
340.6748457827476,73533,380,712,25378,
340.67740611576517,73532,381,712,25378,
340.67975136754785,73531,382,712,25378,
340.68540057083413,73531,382,711,25379,
340.6899084103688,73530,383,711,25379,
340.69424236968274,73529,384,711,25379,
340.69460242404796,73529,384,710,25380,
340.6952819140601,73529,384,709,25381,
340.69681543398247,73529,384,708,25382,
340.7022307973208,73528,385,708,25382,
340.70556064775906,73528,385,707,25383,
340.7112144200709,73528,385,706,25384,
340.71354226354237,73527,386,706,25384,
340.7143848385895,73527,386,705,25385,
340.715138493859,73527,386,704,25386,
340.71577022744594,73527,385,705,25386,
340.7161205482359,73526,386,705,25386,
340.71772850929005,73525,387,705,25386,
340.71964221489816,73524,388,705,25386,
340.72894344715536,73524,388,704,25387,
340.7298570547178,73524,387,705,25387,
340.7302635519851,73524,386,706,25387,
340.7360803183603,73524,385,707,25387,
340.7369454454073,73524,385,706,25388,
340.74088225753314,73523,386,706,25388,
340.7412357772601,73523,386,705,25389,
340.74822403234754,73523,385,706,25389,
340.75633113225285,73523,384,707,25389,
340.76451384865413,73522,385,707,25389,
340.7691931042692,73522,384,708,25389,
340.77238144060544,73521,385,708,25389,
340.78236297723356,73521,384,709,25389,
340.79490417074845,73520,385,709,25389,
340.7998911061315,73520,384,710,25389,
340.80372759973017,73520,383,711,25389,
340.8059011482477,73520,383,710,25390,
340.80720057109374,73519,384,710,25390,
340.8164598726888,73518,385,710,25390,
340.8227049077023,73517,386,710,25390,
340.8227173269114,73516,387,710,25390,
340.8275782289193,73515,388,710,25390,
340.8392836942368,73515,387,711,25390,
340.8609484567453,73515,386,712,25390,
340.8651675636732,73515,386,711,25391,
340.8668067378056,73514,387,711,25391,
340.87355214052104,73514,387,710,25392,
340.8748465028583,73514,387,709,25393,
340.87530459468917,73514,386,710,25393,
340.8754296169459,73514,385,711,25393,
340.87735095006695,73514,385,710,25394,
340.8785712662836,73514,385,709,25395,
340.88892059306136,73514,385,708,25396,
340.8916342949448,73514,385,707,25397,
340.89912126335275,73514,385,706,25398,
340.9091911293236,73514,385,705,25399,
340.9094895721121,73514,385,704,25400,
340.91248062234394,73514,384,705,25400,
340.91576066264474,73514,383,706,25400,
340.91636097098126,73514,383,705,25401,
340.91951397911487,73514,383,704,25402,
340.92132005865227,73514,383,703,25403,
340.92177152462347,73514,383,702,25404,
340.9230440458978,73514,382,703,25404,
340.9263714419678,73514,381,704,25404,
340.9268796484513,73513,382,704,25404,
340.93088501160844,73513,382,703,25405,
340.9380557040988,73512,383,703,25405,
340.9381108023724,73512,383,702,25406,
340.947285930966,73512,382,703,25406,
340.95171465794704,73512,382,702,25407,
340.9532559662296,73512,382,701,25408,
340.95676807137727,73512,382,700,25409,
340.9576443168488,73512,381,701,25409,
340.9590725996792,73512,381,700,25410,
340.96052556854994,73512,380,701,25410,
340.9619544099986,73512,380,700,25411,
340.96346498632954,73512,379,701,25411,
340.9729387187011,73512,379,700,25412,
340.97308065612805,73512,379,699,25413,
340.9749908923895,73512,378,700,25413,
340.9818241194105,73511,379,700,25413,
340.99217283075427,73511,378,701,25413,
340.99872632652614,73511,378,700,25414,
341.00683203376883,73510,379,700,25414,
341.00687715250666,73510,379,699,25415,
341.0138715536081,73510,379,698,25416,
341.0145708183196,73510,379,697,25417,
341.023769990319,73509,380,697,25417,
341.0390708855039,73508,381,697,25417,
341.0472294937391,73508,381,696,25418,
341.05251379587526,73507,382,696,25418,
341.05973776857877,73506,383,696,25418,
341.0735789951685,73505,384,696,25418,
341.07857228715125,73505,383,697,25418,
341.0816724533616,73505,382,698,25418,
341.0833524789445,73504,383,698,25418,
341.08552791400905,73504,382,699,25418,
341.085528545454,73504,382,698,25419,
341.0944983049674,73504,382,697,25420,
341.09476192072333,73504,382,696,25421,
341.0999828685113,73504,382,695,25422,
341.10222857567624,73504,381,696,25422,
341.1028836730482,73504,381,695,25423,
341.10303172316105,73504,380,696,25423,
341.1171069413635,73504,379,697,25423,
341.1181122885924,73504,378,698,25423,
341.123372980974,73504,378,697,25424,
341.12378462122103,73504,378,696,25425,
341.12423405916894,73503,379,696,25425,
341.12800701203383,73503,379,695,25426,
341.13233001696534,73503,379,694,25427,
341.133000401232,73503,379,693,25428,
341.1336172343994,73502,380,693,25428,
341.1365664583737,73502,380,692,25429,
341.13833473389155,73502,379,693,25429,
341.1385254824984,73501,380,693,25429,
341.14934245220195,73500,381,693,25429,
341.1529538139682,73499,382,693,25429,
341.15688144798594,73498,383,693,25429,
341.1602178571258,73497,384,693,25429,
341.1612101096267,73496,385,693,25429,
341.16725806172656,73495,386,693,25429,
341.1715685311439,73495,386,692,25430,
341.1747716240221,73495,385,693,25430,
341.1769346915045,73495,385,692,25431,
341.1849653135541,73495,384,693,25431,
341.1935511642435,73495,384,692,25432,
341.1937423572134,73494,385,692,25432,
341.1942733977055,73494,385,691,25433,
341.20066374485447,73493,386,691,25433,
341.20614616528593,73493,386,690,25434,
341.2078392328946,73493,386,689,25435,
341.215790258651,73492,387,689,25435,
341.21635411975944,73492,387,688,25436,
341.21762429296666,73492,387,687,25437,
341.22107672296465,73492,386,688,25437,
341.2275778001611,73492,385,689,25437,
341.2280652250337,73492,385,688,25438,
341.2311989034123,73492,385,687,25439,
341.2423395543128,73492,385,686,25440,
341.2464561938115,73492,384,687,25440,
341.2570782226568,73491,385,687,25440,
341.2573205900882,73491,385,686,25441,
341.2628238174834,73490,386,686,25441,
341.2710276930772,73490,385,687,25441,
341.27820490320346,73490,385,686,25442,
341.28311872917106,73489,386,686,25442,
341.2873188208545,73489,386,685,25443,
341.29057439936315,73489,386,684,25444,
341.29236830957217,73488,387,684,25444,
341.29293336285355,73488,386,685,25444,
341.29298331442493,73487,387,685,25444,
341.29573678439107,73487,386,686,25444,
341.29648509124075,73486,387,686,25444,
341.3139800826961,73485,388,686,25444,
341.3154658046949,73485,388,685,25445,
341.31773685249703,73485,387,686,25445,
341.31804978253683,73485,386,687,25445,
341.3185668913211,73485,385,688,25445,
341.3207468741511,73485,385,687,25446,
341.32615042149786,73484,386,687,25446,
341.3295091953488,73483,387,687,25446,
341.33445903023744,73483,386,688,25446,
341.336399564558,73483,385,689,25446,
341.3386024595164,73483,384,690,25446,
341.3410435536676,73483,383,691,25446,
341.35101082955,73483,383,690,25447,
341.35446415609607,73482,384,690,25447,
341.3555038235906,73482,383,691,25447,
341.35554029525673,73482,383,690,25448,
341.36060371791734,73482,382,691,25448,
341.37697738437083,73482,382,690,25449,
341.3770963232317,73481,383,690,25449,
341.37786719164325,73481,382,691,25449,
341.38587641150616,73480,383,691,25449,
341.3876268625866,73480,383,690,25450,
341.3925927959969,73480,382,691,25450,
341.3934910531781,73480,382,690,25451,
341.39526666574426,73480,382,689,25452,
341.4034093095345,73480,382,688,25453,
341.4043376545367,73479,383,688,25453,
341.4061300066171,73479,382,689,25453,
341.41299936788874,73478,383,689,25453,
341.4209617516843,73478,382,690,25453,
341.422121927377,73478,382,689,25454,
341.4296330039544,73477,383,689,25454,
341.43563077480627,73477,382,690,25454,
341.43647331820915,73477,381,691,25454,
341.4413058818795,73477,381,690,25455,
341.4500791332245,73477,381,689,25456,
341.45119753116654,73477,381,688,25457,
341.45144068465487,73477,380,689,25457,
341.451907832533,73477,380,688,25458,
341.4554966143359,73476,381,688,25458,
341.45632760031594,73476,380,689,25458,
341.456688949351,73476,380,688,25459,
341.45752786535166,73475,381,688,25459,
341.45897941232107,73475,381,687,25460,
341.4626810161724,73475,381,686,25461,
341.4667291940488,73474,382,686,25461,
341.46795884449057,73473,383,686,25461,
341.4696041875104,73473,382,687,25461,
341.47652413987447,73472,383,687,25461,
341.4792058582071,73471,384,687,25461,
341.48864385837703,73471,384,686,25462,
341.48937851524977,73471,383,687,25462,
341.4979003301849,73470,384,687,25462,
341.5000095072085,73470,384,686,25463,
341.5016364707899,73470,384,685,25464,
341.5026451422147,73469,385,685,25464,
341.5152858817951,73469,384,686,25464,
341.51938988628604,73469,384,685,25465,
341.522927297446,73468,385,685,25465,
341.5279213782818,73467,386,685,25465,
341.53536568574185,73467,385,686,25465,
341.53790649113813,73467,384,687,25465,
341.55007919951885,73467,384,686,25466,
341.5517917538993,73467,384,685,25467,
341.5677662944778,73467,383,686,25467,
341.56934131420616,73467,383,685,25468,
341.5751932318432,73467,383,684,25469,
341.59047847289304,73467,382,685,25469,
341.5912367467607,73467,382,684,25470,
341.591364307853,73467,381,685,25470,
341.59204906303484,73466,382,685,25470,
341.60873720063944,73466,382,684,25471,
341.61890959262337,73466,382,683,25472,
341.6204990994296,73465,383,683,25472,
341.62135860448876,73465,382,684,25472,
341.6223115481233,73465,381,685,25472,
341.62669046353335,73465,380,686,25472,
341.63029388920944,73464,381,686,25472,
341.6509935986119,73464,380,687,25472,
341.6512925198969,73464,379,688,25472,
341.654302797034,73463,380,688,25472,
341.6594513634784,73463,379,689,25472,
341.6598708423449,73463,379,688,25473,
341.66761175685036,73463,378,689,25473,
341.67182664390384,73463,378,688,25474,
341.679755178478,73463,378,687,25475,
341.68396694498574,73463,377,688,25475,
341.68655846006624,73462,378,688,25475,
341.6867441257754,73462,378,687,25476,
341.6871614805341,73462,378,686,25477,
341.68748964252865,73461,379,686,25477,
341.69486406508344,73461,378,687,25477,
341.69600250795065,73461,377,688,25477,
341.69926953779844,73460,378,688,25477,
341.7104539842381,73460,378,687,25478,
341.71757358671744,73460,378,686,25479,
341.71835480845124,73460,378,685,25480,
341.71878603195773,73459,379,685,25480,
341.7258320039252,73459,379,684,25481,
341.7274760086716,73459,378,685,25481,
341.7321333387784,73459,378,684,25482,
341.7372745725333,73459,378,683,25483,
341.7391369286958,73458,379,683,25483,
341.73959321123584,73458,379,682,25484,
341.752351585567,73458,379,681,25485,
341.7647471964651,73458,379,680,25486,
341.7679003241533,73458,378,681,25486,
341.7740228533766,73457,379,681,25486,
341.77591550415787,73457,379,680,25487,
341.7779759756688,73457,378,681,25487,
341.78549495225536,73456,379,681,25487,
341.7891824312838,73455,380,681,25487,
341.7916574410771,73454,381,681,25487,
341.7950311028622,73454,380,682,25487,
341.80198234341225,73454,380,681,25488,
341.8112176209415,73454,379,682,25488,
341.8271782685068,73454,379,681,25489,
341.82768841554014,73454,379,680,25490,
341.82810792520615,73454,379,679,25491,
341.83046757865657,73454,378,680,25491,
341.83753462042995,73454,377,681,25491,
341.840491135015,73454,376,682,25491,
341.84352978582143,73454,376,681,25492,
341.8448052782253,73454,375,682,25492,
341.8475043629777,73454,374,683,25492,
341.8499967898568,73454,374,682,25493,
341.8561003885139,73454,373,683,25493,
341.8581127224289,73453,374,683,25493,
341.86414741772353,73452,375,683,25493,
341.86763943708934,73452,374,684,25493,
341.8793106937126,73452,374,683,25494,
341.8831764053804,73452,373,684,25494,
341.88670255346904,73452,372,685,25494,
341.8878528603185,73451,373,685,25494,
341.8940509703031,73451,373,684,25495,
341.89690297061105,73451,373,683,25496,
341.8988416889833,73451,372,684,25496,
341.9043226769725,73450,373,684,25496,
341.9056979786691,73450,372,685,25496,
341.91134827448434,73449,373,685,25496,
341.9269841818964,73448,374,685,25496,
341.92846274396,73448,374,684,25497,
341.93235512726136,73448,374,683,25498,
341.93950274166116,73447,375,683,25498,
341.94090766377684,73447,375,682,25499,
341.9433972870851,73447,374,683,25499,
341.94901296516485,73447,374,682,25500,
341.9605474977572,73447,373,683,25500,
341.96496216979637,73446,374,683,25500,
341.96594092882196,73446,374,682,25501,
341.96611298930185,73446,374,681,25502,
341.96788750729337,73446,373,682,25502,
341.9703353793855,73445,374,682,25502,
341.97230431335714,73444,375,682,25502,
341.97361163582053,73443,376,682,25502,
341.9774850989339,73443,376,681,25503,
341.97959715811567,73443,375,682,25503,
341.9800704443809,73442,376,682,25503,
341.98086010653464,73441,377,682,25503,
341.9819250112966,73441,376,683,25503,
341.9897831539998,73440,377,683,25503,
341.99009719312005,73440,377,682,25504,
341.9927314544857,73439,378,682,25504,
341.99367709364384,73439,378,681,25505,
342.0019718525928,73438,379,681,25505,
342.0032654554781,73438,378,682,25505,
342.00713903178996,73438,378,681,25506,
342.01563443726485,73438,377,682,25506,
342.0166475345276,73437,378,682,25506,
342.01750505677006,73437,377,683,25506,
342.0182919213918,73437,377,682,25507,
342.02716669686055,73437,377,681,25508,
342.03571170006006,73436,378,681,25508,
342.0478267341637,73435,379,681,25508,
342.0542696755348,73434,380,681,25508,
342.0548981715619,73434,380,680,25509,
342.05543525434234,73433,381,680,25509,
342.06728779320537,73433,381,679,25510,
342.0704637748467,73432,382,679,25510,
342.07049018725684,73431,383,679,25510,
342.0720849238131,73431,383,678,25511,
342.0744820890492,73431,382,679,25511,
342.0807681693674,73430,383,679,25511,
342.0824421283749,73430,383,678,25512,
342.0893948684929,73430,382,679,25512,
342.0984896480507,73430,382,678,25513,
342.1003399576861,73429,383,678,25513,
342.1054565414588,73429,382,679,25513,
342.1076694863169,73429,381,680,25513,
342.10828138680057,73429,380,681,25513,
342.1118928012211,73428,381,681,25513,
342.1135460869515,73428,381,680,25514,
342.11996030546453,73428,380,681,25514,
342.1306396553717,73428,380,680,25515,
342.13141988731127,73428,379,681,25515,
342.1326471179144,73428,379,680,25516,
342.1438002251248,73427,380,680,25516,
342.146345915666,73427,380,679,25517,
342.1473682761051,73427,379,680,25517,
342.15548545385275,73427,379,679,25518,
342.1591222245796,73427,378,680,25518,
342.1592046389499,73427,377,681,25518,
342.1599430549213,73427,377,680,25519,
342.1680452158252,73427,376,681,25519,
342.1733861820105,73426,377,681,25519,
342.1796340008094,73426,377,680,25520,
342.18075724901047,73426,377,679,25521,
342.18745871977,73426,377,678,25522,
342.1885464190951,73426,376,679,25522,
342.18893738926874,73426,375,680,25522,
342.19551089054255,73425,376,680,25522,
342.1958026477673,73425,375,681,25522,
342.199580580691,73425,374,682,25522,
342.20168626577987,73424,375,682,25522,
342.2088221260392,73424,375,681,25523,
342.20918281484956,73424,374,682,25523,
342.2093782736207,73424,374,681,25524,
342.2135576698017,73424,374,680,25525,
342.21363089142585,73424,374,679,25526,
342.2136940603624,73424,374,678,25527,
342.2161011740432,73423,375,678,25527,
342.2267577915089,73422,376,678,25527,
342.23532284021275,73422,376,677,25528,
342.24741442419474,73422,375,678,25528,
342.2476990274967,73422,374,679,25528,
342.24806738187135,73422,374,678,25529,
342.25585675534273,73422,373,679,25529,
342.2567474666642,73422,373,678,25530,
342.257083500262,73422,372,679,25530,
342.26485535754915,73422,372,678,25531,
342.26799393988756,73422,372,677,25532,
342.26895851142024,73421,373,677,25532,
342.2738354618055,73421,372,678,25532,
342.27605058183156,73420,373,678,25532,
342.28562634664297,73420,373,677,25533,
342.29115487277323,73420,372,678,25533,
342.29271543464716,73419,373,678,25533,
342.2965051526351,73418,374,678,25533,
342.2969182973742,73417,375,678,25533,
342.30847125011906,73417,375,677,25534,
342.3174089229736,73417,374,678,25534,
342.31805795111865,73417,374,677,25535,
342.3216016142576,73416,375,677,25535,
342.3256615964725,73416,375,676,25536,
342.3292169482432,73416,375,675,25537,
342.33042831096355,73416,375,674,25538,
342.33164043127533,73416,374,675,25538,
342.33850997032647,73416,374,674,25539,
342.3475482211423,73416,373,675,25539,
342.3530289533454,73416,373,674,25540,
342.35627802575215,73416,372,675,25540,
342.35646970689834,73416,372,674,25541,
342.35736945790484,73415,373,674,25541,
342.36242803185473,73415,373,673,25542,
342.36303214690884,73415,372,674,25542,
342.3637603809356,73415,371,675,25542,
342.36734880145355,73415,370,676,25542,
342.3676605967444,73414,371,676,25542,
342.37235497844654,73413,372,676,25542,
342.3724858171996,73413,371,677,25542,
342.3776793874149,73413,370,678,25542,
342.379408417839,73412,371,678,25542,
342.3855463182553,73412,370,679,25542,
342.3911163719121,73411,371,679,25542,
342.39268577514827,73411,370,680,25542,
342.40015178971083,73410,371,680,25542,
342.40577404866997,73410,370,681,25542,
342.4090896788482,73410,369,682,25542,
342.4110137372311,73409,370,682,25542,
342.4157002270344,73409,370,681,25543,
342.42540433047367,73409,370,680,25544,
342.4304879966584,73409,369,681,25544,
342.4316236922306,73409,369,680,25545,
342.439114015413,73408,370,680,25545,
342.4477899890466,73407,371,680,25545,
342.4495656855458,73407,370,681,25545,
342.45103752855346,73407,370,680,25546,
342.4568656676764,73406,371,680,25546,
342.45770778416977,73406,371,679,25547,
342.45810571178725,73406,370,680,25547,
342.46012603363187,73406,370,679,25548,
342.4696071250816,73406,369,680,25548,
342.471092326959,73405,370,680,25548,
342.4719159277656,73404,371,680,25548,
342.47514463409675,73404,370,681,25548,
342.4807900177835,73403,371,681,25548,
342.48831376373215,73402,372,681,25548,
342.4950522671534,73402,372,680,25549,
342.50231075315327,73402,371,681,25549,
342.5079153253634,73402,370,682,25549,
342.5084310772583,73401,371,682,25549,
342.51938034742255,73400,372,682,25549,
342.52026375698847,73399,373,682,25549,
342.53469359572665,73398,374,682,25549,
342.5393302856898,73398,374,681,25550,
342.5498919677078,73397,375,681,25550,
342.5506451348318,73397,374,682,25550,
342.55148976898397,73397,374,681,25551,
342.55254686138886,73397,373,682,25551,
342.55772396177554,73397,372,683,25551,
342.567256816285,73397,372,682,25552,
342.567619780081,73396,373,682,25552,
342.58211349636156,73395,374,682,25552,
342.58974645723885,73395,374,681,25553,
342.5991536376173,73394,375,681,25553,
342.6041731560411,73394,374,682,25553,
342.6073841923197,73394,373,683,25553,
342.6200576289209,73393,374,683,25553,
342.62356537897915,73393,374,682,25554,
342.62612095930785,73393,373,683,25554,
342.6268193426724,73393,373,682,25555,
342.6307288717005,73392,374,682,25555,
342.63168613843,73392,374,681,25556,
342.6324701899468,73392,373,682,25556,
342.63530114050496,73391,374,682,25556,
342.63571043794326,73391,374,681,25557,
342.63765339547547,73391,373,682,25557,
342.6424418880512,73390,374,682,25557,
342.6478328074269,73390,373,683,25557,
342.65424631079287,73389,374,683,25557,
342.6619505478081,73389,374,682,25558,
342.6632054578434,73389,373,683,25558,
342.66843690957097,73389,372,684,25558,
342.6703186542049,73389,372,683,25559,
342.67216504676725,73389,371,684,25559,
342.6733862236639,73389,371,683,25560,
342.6905251334198,73389,370,684,25560,
342.69646562415494,73389,370,683,25561,
342.7012899069291,73388,371,683,25561,
342.71510254090185,73388,370,684,25561,
342.7286091552272,73388,369,685,25561,
342.7293161333902,73387,370,685,25561,
342.7310881859031,73387,370,684,25562,
342.7344227379001,73387,369,685,25562,
342.73523426163445,73387,369,684,25563,
342.73680873862116,73386,370,684,25563,
342.73787348454243,73386,369,685,25563,
342.7400653690651,73386,369,684,25564,
342.74043869011155,73386,369,683,25565,
342.74136766875824,73386,369,682,25566,
342.7470719405026,73385,370,682,25566,
342.74986161324654,73385,369,683,25566,
342.7505595859425,73384,370,683,25566,
342.7566721109081,73384,369,684,25566,
342.756760607961,73383,370,684,25566,
342.7591534365472,73382,371,684,25566,
342.7610921903633,73382,371,683,25567,
342.76629706062295,73382,370,684,25567,
342.7665438190388,73382,369,685,25567,
342.7690525682306,73382,368,686,25567,
342.773011538374,73382,367,687,25567,
342.7891727219225,73382,366,688,25567,
342.7910636750551,73381,367,688,25567,
342.7962516596629,73381,366,689,25567,
342.801146417062,73381,366,688,25568,
342.8121679204927,73380,367,688,25568,
342.81977770529295,73379,368,688,25568,
342.8262940558311,73378,369,688,25568,
342.83430541916,73378,368,689,25568,
342.83883225078887,73378,368,688,25569,
342.84338017168034,73378,368,687,25570,
342.8441266676655,73377,369,687,25570,
342.8453082734334,73377,368,688,25570,
342.8509322554958,73376,369,688,25570,
342.85179867536795,73376,368,689,25570,
342.8549749102007,73375,369,689,25570,
342.8561195892803,73375,368,690,25570,
342.8566173687651,73374,369,690,25570,
342.85746424886923,73374,368,691,25570,
342.85979701300744,73373,369,691,25570,
342.86508594886874,73372,370,691,25570,
342.8686829928919,73371,371,691,25570,
342.8690886876558,73371,371,690,25571,
342.8733259657252,73371,371,689,25572,
342.8777263533763,73370,372,689,25572,
342.8825117430725,73370,371,690,25572,
342.8846271788224,73370,370,691,25572,
342.88558567337935,73370,370,690,25573,
342.8886437860789,73370,369,691,25573,
342.89721453560475,73370,369,690,25574,
342.8994522898362,73369,370,690,25574,
342.9044763571799,73369,370,689,25575,
342.91116537485533,73369,369,690,25575,
342.916559082181,73369,369,689,25576,
342.9176336305729,73369,369,688,25577,
342.93586312904404,73368,370,688,25577,
342.94049804666435,73368,370,687,25578,
342.9453237595483,73368,370,686,25579,
342.961258011515,73367,371,686,25579,
342.97332921647114,73367,371,685,25580,
342.98245428893745,73367,371,684,25581,
342.985397810173,73366,372,684,25581,
342.98583863231704,73366,371,685,25581,
342.9906742565409,73366,370,686,25581,
342.99507833248254,73366,370,685,25582,
343.01345282701396,73366,370,684,25583,
343.0187127152476,73366,370,683,25584,
343.02016086048445,73366,370,682,25585,
343.02609202364573,73366,369,683,25585,
343.0346226052082,73365,370,683,25585,
343.03521812538855,73365,370,682,25586,
343.035220946067,73365,370,681,25587,
343.037836649219,73364,371,681,25587,
343.0394046658212,73363,372,681,25587,
343.0413351398681,73363,372,680,25588,
343.04646049232633,73363,372,679,25589,
343.0466017911071,73363,371,680,25589,
343.0469173531817,73363,370,681,25589,
343.0517951271202,73363,369,682,25589,
343.05308226085975,73363,369,681,25590,
343.0566357360454,73362,370,681,25590,
343.0588110901979,73362,370,680,25591,
343.06069040759274,73361,371,680,25591,
343.06284465087526,73361,370,681,25591,
343.0651847153375,73361,370,680,25592,
343.0716436406552,73361,370,679,25593,
343.0843903087442,73360,371,679,25593,
343.0930449498103,73360,371,678,25594,
343.09599669969253,73360,371,677,25595,
343.0962015306941,73359,372,677,25595,
343.09852151812726,73359,371,678,25595,
343.1035126580633,73359,370,679,25595,
343.1079792494704,73359,369,680,25595,
343.11111859288854,73358,370,680,25595,
343.11544007924914,73358,370,679,25596,
343.1197401866575,73358,370,678,25597,
343.1259399398296,73358,369,679,25597,
343.12752845457413,73358,369,678,25598,
343.1286358240602,73358,368,679,25598,
343.13337669092954,73358,368,678,25599,
343.1336697166291,73358,367,679,25599,
343.14378222091995,73357,368,679,25599,
343.1507402805127,73357,368,678,25600,
343.15179252535813,73357,367,679,25600,
343.15248160498993,73357,366,680,25600,
343.1575174768589,73357,365,681,25600,
343.1589958323996,73357,364,682,25600,
343.1596345311811,73356,365,682,25600,
343.16039296282963,73356,365,681,25601,
343.16387779359604,73356,365,680,25602,
343.1700581455271,73356,365,679,25603,
343.1741120695009,73355,366,679,25603,
343.1754830641807,73354,367,679,25603,
343.18755391116525,73354,367,678,25604,
343.1892355284828,73354,366,679,25604,
343.1948869790918,73353,367,679,25604,
343.19761445373786,73352,368,679,25604,
343.2032799542728,73351,369,679,25604,
343.21047541955846,73351,369,678,25605,
343.21064082156784,73351,368,679,25605,
343.2106905671911,73351,368,678,25606,
343.21156988712966,73350,369,678,25606,
343.2128031318099,73350,369,677,25607,
343.21410173663,73349,370,677,25607,
343.2164306567934,73349,370,676,25608,
343.21701652148664,73349,370,675,25609,
343.2176731118836,73349,369,676,25609,
343.22853921017656,73349,368,677,25609,
343.2294093788815,73349,367,678,25609,
343.2298904832528,73348,368,678,25609,
343.23420404290306,73348,367,679,25609,
343.23614749026456,73348,366,680,25609,
343.2362084902038,73347,367,680,25609,
343.237515371706,73346,368,680,25609,
343.23879521420747,73346,368,679,25610,
343.24279167965096,73346,368,678,25611,
343.2510804112096,73345,369,678,25611,
343.2528006973777,73344,370,678,25611,
343.25427163193086,73343,371,678,25611,
343.2614565720442,73343,371,677,25612,
343.2632722859849,73342,372,677,25612,
343.26810843852337,73342,371,678,25612,
343.27283798494074,73342,371,677,25613,
343.27466875996805,73342,370,678,25613,
343.2844173332842,73342,369,679,25613,
343.28553940640177,73342,368,680,25613,
343.2953671661108,73342,367,681,25613,
343.29714882170515,73342,366,682,25613,
343.3026821678325,73342,366,681,25614,
343.3125602281755,73341,367,681,25614,
343.3131272321959,73341,366,682,25614,
343.31555005260526,73341,366,681,25615,
343.3182873548802,73341,366,680,25616,
343.3254956561126,73340,367,680,25616,
343.3257467543372,73340,367,679,25617,
343.3308260415378,73340,366,680,25617,
343.3353801960614,73339,367,680,25617,
343.3409546387795,73338,368,680,25617,
343.342205616511,73337,369,680,25617,
343.3424554966231,73337,368,681,25617,
343.34248653192446,73336,369,681,25617,
343.3462761686855,73335,370,681,25617,
343.34896479893257,73335,369,682,25617,
343.35112682602085,73335,368,683,25617,
343.35897087826027,73334,369,683,25617,
343.36948613688054,73334,368,684,25617,
343.3705124239659,73333,369,684,25617,
343.39946728203984,73333,369,683,25618,
343.40149126523045,73333,369,682,25619,
343.41430784731494,73333,368,683,25619,
343.418392925535,73333,368,682,25620,
343.422712641425,73333,368,681,25621,
343.4271285362033,73333,368,680,25622,
343.43624043531,73332,369,680,25622,
343.43647213812733,73331,370,680,25622,
343.44657569358156,73331,370,679,25623,
343.44688961361317,73331,369,680,25623,
343.451197463566,73331,368,681,25623,
343.463019522128,73331,368,680,25624,
343.4637507066757,73330,369,680,25624,
343.46381017541034,73330,368,681,25624,
343.4667923305763,73330,368,680,25625,
343.49150412557793,73329,369,680,25625,
343.49542960770333,73329,369,679,25626,
343.49608851071184,73328,370,679,25626,
343.4974369332699,73328,369,680,25626,
343.49800754494515,73328,369,679,25627,
343.49824527878434,73328,369,678,25628,
343.499997516045,73328,369,677,25629,
343.50159397848904,73327,370,677,25629,
343.5058243263473,73326,371,677,25629,
343.5073174807641,73326,370,678,25629,
343.51770546113625,73325,371,678,25629,
343.51819102997075,73325,371,677,25630,
343.51940738244116,73324,372,677,25630,
343.51951160806345,73324,371,678,25630,
343.52637698881404,73324,371,677,25631,
343.52952814200444,73323,372,677,25631,
343.5388877206372,73323,371,678,25631,
343.5396562445557,73322,372,678,25631,
343.550454626259,73322,371,679,25631,
343.5586305653781,73322,370,680,25631,
343.56189592133217,73322,369,681,25631,
343.56696305811136,73322,369,680,25632,
343.57280708384906,73322,369,679,25633,
343.5740978109785,73322,368,680,25633,
343.5878101953815,73321,369,680,25633,
343.5921673236239,73320,370,680,25633,
343.5939176638264,73320,370,679,25634,
343.5958380062995,73320,370,678,25635,
343.59605224101125,73319,371,678,25635,
343.599519899076,73318,372,678,25635,
343.60306717734034,73318,372,677,25636,
343.61111535297033,73318,371,678,25636,
343.61531974639,73317,372,678,25636,
343.62180813066675,73317,371,679,25636,
343.6242629632502,73317,370,680,25636,
343.6243659218786,73317,369,681,25636,
343.62976339817834,73316,370,681,25636,
343.6327268315003,73316,369,682,25636,
343.64352992668637,73316,368,683,25636,
343.6438422793196,73316,367,684,25636,
343.64480847692516,73316,367,683,25637,
343.64888546013435,73316,366,684,25637,
343.66036209169306,73315,367,684,25637,
343.6664683983067,73314,368,684,25637,
343.6742454768653,73313,369,684,25637,
343.6755628942725,73313,368,685,25637,
343.67999804272995,73312,369,685,25637,
343.68065814031866,73312,369,684,25638,
343.6811402461779,73311,370,684,25638,
343.68241243352395,73310,371,684,25638,
343.68270336658804,73310,370,685,25638,
343.68298678378466,73310,370,684,25639,
343.68309238779017,73310,369,685,25639,
343.693293944665,73309,370,685,25639,
343.6933840280017,73308,371,685,25639,
343.6938062444273,73308,371,684,25640,
343.697094438823,73308,370,685,25640,
343.7100360103804,73307,371,685,25640,
343.71980069664477,73306,372,685,25640,
343.72064970195936,73306,371,686,25640,
343.7209372442011,73305,372,686,25640,
343.738525805164,73304,373,686,25640,
343.7398653527867,73303,374,686,25640,
343.7416113240779,73303,373,687,25640,
343.7426783439006,73303,372,688,25640,
343.74773435439096,73303,372,687,25641,
343.7527613254723,73302,373,687,25641,
343.7559591574345,73301,374,687,25641,
343.7634091527592,73301,374,686,25642,
343.7667951350598,73301,373,687,25642,
343.773282367599,73301,373,686,25643,
343.7810517133084,73301,373,685,25644,
343.7837665122839,73301,373,684,25645,
343.7851800305275,73300,374,684,25645,
343.78540080640255,73300,373,685,25645,
343.7855602002558,73299,374,685,25645,
343.7872910585247,73299,374,684,25646,
343.792107622493,73298,375,684,25646,
343.7954072016525,73298,374,685,25646,
343.8038572104043,73298,373,686,25646,
343.8099389528656,73297,374,686,25646,
343.81054503367665,73297,373,687,25646,
343.8121980033346,73297,373,686,25647,
343.8138226298328,73297,372,687,25647,
343.8143520361172,73296,373,687,25647,
343.818432675261,73296,372,688,25647,
343.8294549057058,73296,372,687,25648,
343.83066160247444,73296,371,688,25648,
343.84074782319595,73296,371,687,25649,
343.8495264142626,73296,371,686,25650,
343.8518754973848,73296,370,687,25650,
343.85328546430765,73296,369,688,25650,
343.85841801396253,73295,370,688,25650,
343.86086939956283,73295,369,689,25650,
343.86332059308404,73295,368,690,25650,
343.8740456859138,73295,368,689,25651,
343.87549891362363,73294,369,689,25651,
343.87890384582215,73293,370,689,25651,
343.883249726817,73293,369,690,25651,
343.88453669305864,73293,369,689,25652,
343.887726268177,73292,370,689,25652,
343.89720565283426,73292,369,690,25652,
343.9040269342546,73292,369,689,25653,
343.90601598399104,73292,368,690,25653,
343.9060397672927,73292,367,691,25653,
343.90929781659815,73291,368,691,25653,
343.91053233917637,73291,368,690,25654,
343.9110240446951,73291,368,689,25655,
343.9164704866323,73290,369,689,25655,
343.91771018082204,73290,369,688,25656,
343.9322517062963,73290,368,689,25656,
343.9325186929072,73289,369,689,25656,
343.9325614271706,73289,369,688,25657,
343.9337139024404,73289,368,689,25657,
343.9340205517545,73289,367,690,25657,
343.93432429304977,73288,368,690,25657,
343.9354703604818,73288,367,691,25657,
343.93755291288267,73288,367,690,25658,
343.9400506082775,73288,367,689,25659,
343.9418160418575,73287,368,689,25659,
343.9496987551407,73286,369,689,25659,
343.96685996114934,73285,370,689,25659,
343.9679232808358,73285,370,688,25660,
343.97179478082006,73284,371,688,25660,
343.97363483923243,73284,370,689,25660,
343.97905121660466,73284,370,688,25661,
343.98010594464705,73284,370,687,25662,
343.9948475586011,73284,369,688,25662,
343.9968988940336,73283,370,688,25662,
344.0033107319809,73283,369,689,25662,
344.0073314695546,73282,370,689,25662,
344.0122467786044,73282,370,688,25663,
344.01612149307454,73282,370,687,25664,
344.0166659852585,73282,370,686,25665,
344.0187655862033,73282,369,687,25665,
344.0220950041421,73282,369,686,25666,
344.0286209101619,73282,369,685,25667,
344.0301100407044,73282,369,684,25668,
344.0368453229163,73281,370,684,25668,
344.03774903297125,73281,370,683,25669,
344.04522797750434,73280,371,683,25669,
344.046257155789,73280,371,682,25670,
344.046491989871,73280,370,683,25670,
344.0609006118613,73280,370,682,25671,
344.06428247043425,73279,371,682,25671,
344.0795311409401,73278,372,682,25671,
344.0807970695527,73277,373,682,25671,
344.0839001032985,73277,372,683,25671,
344.0847585224147,73277,371,684,25671,
344.0859333354277,73276,372,684,25671,
344.0863994015868,73275,373,684,25671,
344.0877103132124,73275,372,685,25671,
344.0923864586642,73274,373,685,25671,
344.10335532163805,73274,373,684,25672,
344.1053051989531,73274,373,683,25673,
344.1053711560565,73274,372,684,25673,
344.1110890463002,73273,373,684,25673,
344.1117910262586,73273,373,683,25674,
344.1127043242006,73273,372,684,25674,
344.1145839670973,73273,372,683,25675,
344.121140553894,73273,372,682,25676,
344.1243588635573,73273,371,683,25676,
344.1247171445415,73273,371,682,25677,
344.12870555189016,73273,371,681,25678,
344.1307453138978,73273,370,682,25678,
344.13130721487687,73272,371,682,25678,
344.136542089136,73272,370,683,25678,
344.1390540484677,73271,371,683,25678,
344.1423722131232,73271,371,682,25679,
344.1428185352804,73271,371,681,25680,
344.14479415561203,73270,372,681,25680,
344.15266424307435,73269,373,681,25680,
344.1531437580036,73268,374,681,25680,
344.1561884570889,73267,375,681,25680,
344.1562233131162,73266,376,681,25680,
344.156237831666,73266,376,680,25681,
344.1655534398371,73266,376,679,25682,
344.16765348895325,73266,375,680,25682,
344.17063285044236,73265,376,680,25682,
344.18278760652237,73265,376,679,25683,
344.18441087898674,73265,375,680,25683,
344.18538626009587,73264,376,680,25683,
344.1879611614685,73264,376,679,25684,
344.1906970254952,73264,376,678,25685,
344.1943194012851,73264,376,677,25686,
344.2014942261095,73264,375,678,25686,
344.20777432746735,73263,376,678,25686,
344.21186501811763,73263,375,679,25686,
344.2120821448499,73263,375,678,25687,
344.2122194141857,73263,374,679,25687,
344.21369307343997,73263,373,680,25687,
344.22400156722125,73263,373,679,25688,
344.2257959908784,73263,373,678,25689,
344.22614537331754,73262,374,678,25689,
344.226429917453,73262,374,677,25690,
344.2264657660418,73261,375,677,25690,
344.22770122357133,73261,375,676,25691,
344.22844945135887,73260,376,676,25691,
344.23315298277896,73259,377,676,25691,
344.237752191251,73258,378,676,25691,
344.2403801555698,73257,379,676,25691,
344.2618719674806,73257,379,675,25692,
344.27392881042437,73257,378,676,25692,
344.27750894931864,73257,378,675,25693,
344.28117254120934,73257,378,674,25694,
344.2831477962622,73257,377,675,25694,
344.28439879761083,73256,378,675,25694,
344.2870501891585,73256,378,674,25695,
344.2972702139672,73256,377,675,25695,
344.3021457669434,73255,378,675,25695,
344.30276868790514,73255,378,674,25696,
344.3247091667057,73255,378,673,25697,
344.32504937252287,73255,378,672,25698,
344.3273364897951,73255,378,671,25699,
344.33018463400623,73255,378,670,25700,
344.3335400839673,73255,378,669,25701,
344.3377900861622,73255,378,668,25702,
344.33861191903725,73255,378,667,25703,
344.3431821988506,73255,378,666,25704,
344.3463176398224,73255,378,665,25705,
344.34876610034297,73255,378,664,25706,
344.34887276302527,73255,377,665,25706,
344.3514825900747,73255,377,664,25707,
344.3603819757591,73255,377,663,25708,
344.36744593071,73254,378,663,25708,
344.3699626799266,73254,377,664,25708,
344.37077525978526,73254,377,663,25709,
344.3708096397221,73254,377,662,25710,
344.3740868046762,73254,377,661,25711,
344.3811886405287,73254,376,662,25711,
344.38384459272197,73253,377,662,25711,
344.3842826569404,73253,376,663,25711,
344.38545612602536,73252,377,663,25711,
344.39058990663796,73252,376,664,25711,
344.40031543369264,73252,375,665,25711,
344.40201446722705,73252,374,666,25711,
344.40471017951,73252,374,665,25712,
344.4068834760096,73252,373,666,25712,
344.4069653339363,73252,373,665,25713,
344.41334591525384,73252,373,664,25714,
344.4138149675505,73252,372,665,25714,
344.4156741077326,73251,373,665,25714,
344.4164278918688,73251,373,664,25715,
344.4164331634582,73251,372,665,25715,
344.43968393432937,73250,373,665,25715,
344.44114519506775,73250,373,664,25716,
344.4520355983186,73250,372,665,25716,
344.45506024134795,73250,372,664,25717,
344.46228140686446,73249,373,664,25717,
344.4627342345739,73249,372,665,25717,
344.46790782406543,73249,371,666,25717,
344.46863930145247,73249,371,665,25718,
344.4837155950678,73249,370,666,25718,
344.4857597536723,73248,371,666,25718,
344.48590919241354,73248,370,667,25718,
344.4871837826294,73248,370,666,25719,
344.48797746770134,73247,371,666,25719,
344.4981764645078,73247,371,665,25720,
344.50309557965005,73247,371,664,25721,
344.5058300306698,73247,371,663,25722,
344.5191561870616,73246,372,663,25722,
344.5308551414531,73246,371,664,25722,
344.5312896598208,73245,372,664,25722,
344.5317850443339,73244,373,664,25722,
344.53899051611137,73243,374,664,25722,
344.53902931394924,73243,373,665,25722,
344.5391677824871,73243,372,666,25722,
344.5456782547442,73242,373,666,25722,
344.5474677599329,73242,372,667,25722,
344.56314765615065,73241,373,667,25722,
344.5696122753394,73240,374,667,25722,
344.5757607264889,73240,373,668,25722,
344.5765933884279,73240,373,667,25723,
344.57674714753705,73240,373,666,25724,
344.5871995200517,73240,372,667,25724,
344.58849576286855,73239,373,667,25724,
344.5894872160901,73239,372,668,25724,
344.5987542934172,73238,373,668,25724,
344.611332146229,73238,372,669,25724,
344.6147704015623,73238,371,670,25724,
344.61799818954387,73238,370,671,25724,
344.6248884232798,73238,370,670,25725,
344.62561438174413,73237,371,670,25725,
344.6269969991518,73236,372,670,25725,
344.6291649411976,73235,373,670,25725,
344.6317615208742,73235,372,671,25725,
344.63292191574084,73235,372,670,25726,
344.6440881669715,73235,372,669,25727,
344.64630742566516,73235,371,670,25727,
344.6489828212593,73235,370,671,25727,
344.6494054059533,73235,369,672,25727,
344.6508042158545,73234,370,672,25727,
344.65259876061344,73234,370,671,25728,
344.65527338995,73234,369,672,25728,
344.656607937442,73234,369,671,25729,
344.65682580506683,73234,369,670,25730,
344.6693812969191,73233,370,670,25730,
344.670221859872,73233,370,669,25731,
344.6774514511883,73233,370,668,25732,
344.6804890246641,73233,370,667,25733,
344.6815162618424,73232,371,667,25733,
344.68938769068666,73232,370,668,25733,
344.6905736812541,73232,370,667,25734,
344.6971535199988,73231,371,667,25734,
344.69779238948445,73231,370,668,25734,
344.70615523819407,73230,371,668,25734,
344.7152517813821,73230,370,669,25734,
344.71671878365424,73230,369,670,25734,
344.7220186061857,73229,370,670,25734,
344.7234788365426,73229,369,671,25734,
344.72357150011254,73229,369,670,25735,
344.7426241281589,73229,368,671,25735,
344.7480223624671,73228,369,671,25735,
344.7498044333245,73227,370,671,25735,
344.7552927352105,73226,371,671,25735,
344.76266041941165,73225,372,671,25735,
344.7659815198523,73225,372,670,25736,
344.76651252122,73224,373,670,25736,
344.7668156109584,73224,373,669,25737,
344.76994257834804,73224,373,668,25738,
344.7709309757152,73223,374,668,25738,
344.7917214178839,73223,374,667,25739,
344.79255102151535,73223,374,666,25740,
344.7933507246255,73223,373,667,25740,
344.8030083248492,73223,372,668,25740,
344.8030218135842,73223,372,667,25741,
344.80500889967897,73223,372,666,25742,
344.8212193086696,73223,371,667,25742,
344.82346448824467,73223,371,666,25743,
344.82540604680736,73223,370,667,25743,
344.8273294851997,73222,371,667,25743,
344.83463937800576,73222,371,666,25744,
344.8354644099021,73222,370,667,25744,
344.8402242776856,73222,370,666,25745,
344.8429741139309,73222,369,667,25745,
344.8476062981425,73222,368,668,25745,
344.84764503889556,73221,369,668,25745,
344.8535409061811,73220,370,668,25745,
344.8554830968778,73220,369,669,25745,
344.8586734572681,73220,368,670,25745,
344.8597923070578,73219,369,670,25745,
344.86698071001666,73219,369,669,25746,
344.87249696864166,73218,370,669,25746,
344.8806290761337,73218,369,670,25746,
344.8817954212006,73218,369,669,25747,
344.88698190361725,73218,369,668,25748,
344.88733401281,73217,370,668,25748,
344.88914513813387,73217,370,667,25749,
344.89829830956836,73216,371,667,25749,
344.90069767907175,73215,372,667,25749,
344.90165837793137,73215,372,666,25750,
344.90264418395566,73215,372,665,25751,
344.90344338184445,73215,372,664,25752,
344.90596086830595,73214,373,664,25752,
344.9060410338801,73214,373,663,25753,
344.90821745273,73214,372,664,25753,
344.9107867298898,73213,373,664,25753,
344.9126144233773,73212,374,664,25753,
344.9153701912704,73211,375,664,25753,
344.917957170685,73211,374,665,25753,
344.9225135551218,73210,375,665,25753,
344.92461657640695,73209,376,665,25753,
344.92813225420446,73208,377,665,25753,
344.93336531851173,73208,376,666,25753,
344.9366436056195,73208,375,667,25753,
344.94334227371667,73207,376,667,25753,
344.9460641686047,73206,377,667,25753,
344.94926581446396,73205,378,667,25753,
344.9582348323604,73204,379,667,25753,
344.96795834998693,73203,380,667,25753,
344.97881295518613,73203,380,666,25754,
344.98154710484823,73203,379,667,25754,
344.9840508190564,73203,379,666,25755,
344.985280988342,73202,380,666,25755,
344.9865510318381,73202,380,665,25756,
344.9874299320814,73202,379,666,25756,
344.9931505634835,73201,380,666,25756,
344.99712660271433,73201,379,667,25756,
345.0063841267147,73201,378,668,25756,
345.0105928347383,73201,378,667,25757,
345.01120799585226,73200,379,667,25757,
345.0145044540249,73200,378,668,25757,
345.02139005390154,73200,378,667,25758,
345.0258028358272,73199,379,667,25758,
345.02721412910284,73198,380,667,25758,
345.04297660488584,73197,381,667,25758,
345.06935493148256,73197,381,666,25759,
345.0736350635409,73197,380,667,25759,
345.0776446333815,73197,380,666,25760,
345.08502665300995,73196,381,666,25760,
345.09742568582726,73196,380,667,25760,
345.1060255538286,73196,380,666,25761,
345.1076192846161,73196,379,667,25761,
345.116002442059,73196,378,668,25761,
345.1164700075683,73195,379,668,25761,
345.12400338233425,73195,378,669,25761,
345.1248919450141,73195,378,668,25762,
345.127023835755,73195,377,669,25762,
345.1396867101034,73195,376,670,25762,
345.1513738591324,73195,376,669,25763,
345.1541113719994,73195,375,670,25763,
345.155256623748,73195,375,669,25764,
345.1615084061607,73194,376,669,25764,
345.1622186408591,73193,377,669,25764,
345.1624389452177,73192,378,669,25764,
345.1697988429378,73192,378,668,25765,
345.1716218456836,73191,379,668,25765,
345.1831882782533,73191,379,667,25766,
345.1870146820852,73191,379,666,25767,
345.18743407233853,73191,379,665,25768,
345.19899388621167,73190,380,665,25768,
345.20209141012987,73190,379,666,25768,
345.20308460428316,73190,379,665,25769,
345.20393226910096,73190,378,666,25769,
345.2061846970835,73189,379,666,25769,
345.2065846595314,73189,378,667,25769,
345.2065906840332,73189,377,668,25769,
345.20908872506607,73188,378,668,25769,
345.20962176248935,73187,379,668,25769,
345.2145880645534,73187,378,669,25769,
345.21490054806964,73186,379,669,25769,
345.21524784357473,73185,380,669,25769,
345.2222460902793,73184,381,669,25769,
345.2240498070904,73184,381,668,25770,
345.2297026384156,73184,381,667,25771,
345.23127008782933,73184,381,666,25772,
345.23422985374,73184,381,665,25773,
345.234983946858,73184,381,664,25774,
345.23545067670943,73183,382,664,25774,
345.24053089589637,73183,382,663,25775,
345.2444592813679,73183,382,662,25776,
345.24968482878575,73182,383,662,25776,
345.2507979164366,73182,382,663,25776,
345.25664296394916,73181,383,663,25776,
345.25723836048707,73181,382,664,25776,
345.26247424750505,73181,382,663,25777,
345.2645538339363,73181,382,662,25778,
345.2655230493913,73181,382,661,25779,
345.2659475360691,73181,382,660,25780,
345.2742254581571,73181,381,661,25780,
345.28279760967325,73180,382,661,25780,
345.28364277697,73180,381,662,25780,
345.2839649176019,73180,381,661,25781,
345.2842864621637,73180,381,660,25782,
345.2855020597715,73180,380,661,25782,
345.28727406634613,73180,380,660,25783,
345.2901208018096,73180,379,661,25783,
345.3013878593743,73180,379,660,25784,
345.30483709542926,73180,379,659,25785,
345.31014911912155,73180,378,660,25785,
345.3250504415398,73180,378,659,25786,
345.32834864030156,73180,377,660,25786,
345.3331093134398,73180,377,659,25787,
345.3512316825171,73179,378,659,25787,
345.35604096473924,73179,378,658,25788,
345.3573677786115,73179,378,657,25789,
345.3626185121892,73178,379,657,25789,
345.36967017022687,73178,378,658,25789,
345.37634447307255,73178,377,659,25789,
345.3862667970625,73178,376,660,25789,
345.3865940335517,73177,377,660,25789,
345.3882521350232,73177,377,659,25790,
345.39211458352924,73177,377,658,25791,
345.4024042766685,73176,378,658,25791,
345.4104032453602,73176,377,659,25791,
345.4122629408763,73176,376,660,25791,
345.42729817626315,73176,375,661,25791,
345.4307409660522,73176,375,660,25792,
345.4314088828648,73176,374,661,25792,
345.43265018123566,73176,373,662,25792,
345.4456198388752,73176,373,661,25793,
345.44906211570765,73175,374,661,25793,
345.4522669183093,73174,375,661,25793,
345.45839255506684,73174,375,660,25794,
345.46441293846,73173,376,660,25794,
345.4667749822481,73173,375,661,25794,
345.4677302409839,73173,375,660,25795,
345.47024149799194,73173,374,661,25795,
345.4789986681438,73173,373,662,25795,
345.4808488920821,73173,373,661,25796,
345.49203986671813,73173,372,662,25796,
345.49310492744917,73173,371,663,25796,
345.4940684091351,73172,372,663,25796,
345.50961029473905,73171,373,663,25796,
345.5097281180606,73170,374,663,25796,
345.51645711603135,73170,373,664,25796,
345.51907368714444,73169,374,664,25796,
345.5250344288964,73169,374,663,25797,
345.53195166210014,73169,374,662,25798,
345.53228072082004,73169,373,663,25798,
345.53332621211206,73169,372,664,25798,
345.5393347345017,73168,373,664,25798,
345.5407247915767,73168,372,665,25798,
345.5408540257841,73168,372,664,25799,
345.54220923946286,73167,373,664,25799,
345.54353859604214,73166,374,664,25799,
345.54408902749003,73166,374,663,25800,
345.56004290053284,73165,375,663,25800,
345.5601827356666,73164,376,663,25800,
345.57169190983836,73164,375,664,25800,
345.57264737194464,73163,376,664,25800,
345.57744789568284,73163,375,665,25800,
345.58283525368364,73163,375,664,25801,
345.5841039970382,73163,374,665,25801,
345.594746359631,73163,373,666,25801,
345.59547456061404,73163,372,667,25801,
345.60311266581954,73163,371,668,25801,
345.60383440174974,73163,371,667,25802,
345.605165108112,73162,372,667,25802,
345.6134966906875,73161,373,667,25802,
345.61394596286124,73160,374,667,25802,
345.6174167322531,73160,374,666,25803,
345.62121674426595,73159,375,666,25803,
345.62387924562415,73158,376,666,25803,
345.62873921163094,73158,375,667,25803,
345.6321276833483,73158,375,666,25804,
345.63928559763866,73158,375,665,25805,
345.64323081584774,73157,376,665,25805,
345.64542488797923,73157,375,666,25805,
345.65013238582577,73157,375,665,25806,
345.66188584672443,73157,374,666,25806,
345.6635178680584,73157,374,665,25807,
345.6710983998586,73156,375,665,25807,
345.6711106310563,73156,374,666,25807,
345.67149307207853,73156,373,667,25807,
345.6759985856332,73155,374,667,25807,
345.6786535426263,73155,374,666,25808,
345.6802952020549,73155,374,665,25809,
345.6814146972296,73155,374,664,25810,
345.6847374889962,73154,375,664,25810,
345.689256730053,73153,376,664,25810,
345.6913861254199,73153,376,663,25811,
345.6925100133965,73152,377,663,25811,
345.70640364882695,73152,376,664,25811,
345.70702509610015,73152,376,663,25812,
345.7073254503254,73152,376,662,25813,
345.7129307426656,73151,377,662,25813,
345.7197349866602,73150,378,662,25813,
345.7251393959499,73150,377,663,25813,
345.7259254607956,73150,377,662,25814,
345.7283122332301,73150,376,663,25814,
345.7328013444956,73150,375,664,25814,
345.7372953040728,73149,376,664,25814,
345.7375390729827,73148,377,664,25814,
345.7425198260591,73148,376,665,25814,
345.75270781434597,73148,375,666,25814,
345.75660979004374,73148,375,665,25815,
345.7596816759625,73147,376,665,25815,
345.7617979986448,73147,376,664,25816,
345.76247732942886,73147,376,663,25817,
345.7668951588834,73147,376,662,25818,
345.77875045163137,73147,376,661,25819,
345.78143891654764,73147,375,662,25819,
345.78442073974,73147,375,661,25820,
345.786467243042,73146,376,661,25820,
345.7933935174055,73146,375,662,25820,
345.80199111511325,73146,374,663,25820,
345.80594988947007,73146,373,664,25820,
345.8208662167361,73145,374,664,25820,
345.82278510018193,73145,374,663,25821,
345.83718459529007,73144,375,663,25821,
345.84069711633526,73144,374,664,25821,
345.84886172330437,73144,374,663,25822,
345.8528407406625,73143,375,663,25822,
345.8563472006705,73143,375,662,25823,
345.85766210854746,73142,376,662,25823,
345.8584029977504,73142,376,661,25824,
345.85949339508284,73142,375,662,25824,
345.8606002067816,73142,374,663,25824,
345.8659748126824,73142,374,662,25825,
345.86986406934324,73142,373,663,25825,
345.8701633177309,73141,374,663,25825,
345.87392350300195,73141,373,664,25825,
345.8775716648219,73141,373,663,25826,
345.8805112906426,73141,373,662,25827,
345.883381364488,73141,372,663,25827,
345.88394390468284,73141,372,662,25828,
345.8920788865567,73141,371,663,25828,
345.8982457778785,73140,372,663,25828,
345.9074131510555,73140,372,662,25829,
345.90898701842485,73140,372,661,25830,
345.913332074613,73140,371,662,25830,
345.9139630697414,73140,371,661,25831,
345.9143609012626,73140,371,660,25832,
345.9148741262432,73140,370,661,25832,
345.920710810179,73140,369,662,25832,
345.92243723669566,73140,369,661,25833,
345.9322234544827,73139,370,661,25833,
345.93319152682034,73139,369,662,25833,
345.93597726838465,73139,368,663,25833,
345.9361178984876,73139,367,664,25833,
345.9366540478182,73139,366,665,25833,
345.9371823657856,73138,367,665,25833,
345.93773441740484,73138,366,666,25833,
345.93943231747687,73137,367,666,25833,
345.9461358716533,73137,366,667,25833,
345.9466073017792,73137,366,666,25834,
345.9500178115817,73136,367,666,25834,
345.9518142968831,73135,368,666,25834,
345.95773393773146,73134,369,666,25834,
345.96751759457993,73133,370,666,25834,
345.9680905187936,73133,370,665,25835,
345.97237836905043,73133,369,666,25835,
345.97306870507657,73132,370,666,25835,
345.97629908986215,73132,370,665,25836,
345.9797230235981,73132,369,666,25836,
345.98314318623034,73131,370,666,25836,
345.98548318178655,73130,371,666,25836,
345.9925156078366,73130,370,667,25836,
345.9931614916469,73130,369,668,25836,
345.99650038295806,73129,370,668,25836,
346.00006126823894,73129,370,667,25837,
346.00981868961776,73129,370,666,25838,
346.01641814642755,73128,371,666,25838,
346.0202536316193,73127,372,666,25838,
346.023121640589,73126,373,666,25838,
346.02574324201566,73126,372,667,25838,
346.0282411471978,73126,371,668,25838,
346.03566485782284,73126,371,667,25839,
346.0440241366249,73126,371,666,25840,
346.04502723680093,73126,371,665,25841,
346.04571158538596,73125,372,665,25841,
346.04575058066024,73124,373,665,25841,
346.05942852351905,73123,374,665,25841,
346.07148274838516,73123,374,664,25842,
346.07508492616216,73123,373,665,25842,
346.0782048011132,73123,373,664,25843,
346.08128700110444,73123,373,663,25844,
346.09757809664296,73123,373,662,25845,
346.0985700466193,73123,373,661,25846,
346.1210857971264,73123,373,660,25847,
346.1242058574389,73122,374,660,25847,
346.14245290972394,73121,375,660,25847,
346.1456786158592,73120,376,660,25847,
346.1479889936432,73119,377,660,25847,
346.15138560490647,73119,377,659,25848,
346.1582397654248,73119,377,658,25849,
346.16245651289415,73119,377,657,25850,
346.16258249570586,73118,378,657,25850,
346.1688988650509,73118,377,658,25850,
346.1699866399163,73118,376,659,25850,
346.17027178314993,73118,375,660,25850,
346.17070921557035,73118,374,661,25850,
346.17161023854396,73118,374,660,25851,
346.1726484904457,73118,373,661,25851,
346.19621495173953,73118,373,660,25852,
346.196507149224,73117,374,660,25852,
346.1968371914634,73117,374,659,25853,
346.200167497189,73117,374,658,25854,
346.2025205574632,73117,374,657,25855,
346.2047647869626,73116,375,657,25855,
346.209141515423,73115,376,657,25855,
346.2092412215493,73115,375,658,25855,
346.21189460768466,73115,374,659,25855,
346.21255801529986,73115,374,658,25856,
346.21513943243946,73115,374,657,25857,
346.2332542713916,73115,373,658,25857,
346.2347933721655,73114,374,658,25857,
346.23511046867844,73113,375,658,25857,
346.239257965915,73113,375,657,25858,
346.24256198648334,73113,375,656,25859,
346.2496776090235,73113,375,655,25860,
346.2507943948014,73113,374,656,25860,
346.25494278314875,73113,374,655,25861,
346.2562880279284,73113,373,656,25861,
346.2570982352074,73112,374,656,25861,
346.25794540160666,73112,373,657,25861,
346.25861653636815,73112,373,656,25862,
346.2676524034489,73111,374,656,25862,
346.2742964937597,73110,375,656,25862,
346.2783008013363,73110,374,657,25862,
346.29171781274556,73110,373,658,25862,
346.30330017346733,73110,372,659,25862,
346.303889343984,73110,372,658,25863,
346.3061576547529,73110,371,659,25863,
346.3188879813482,73110,370,660,25863,
346.32030213996484,73109,371,660,25863,
346.3215522525754,73108,372,660,25863,
346.3231740697627,73108,371,661,25863,
346.3235757680536,73108,370,662,25863,
346.33484420050723,73107,371,662,25863,
346.3379851115819,73107,370,663,25863,
346.3438424009878,73107,369,664,25863,
346.35761757016826,73107,369,663,25864,
346.3576928586984,73107,369,662,25865,
346.36023849215746,73107,369,661,25866,
346.3811010421185,73106,370,661,25866,
346.3868466254252,73106,370,660,25867,
346.3951051296467,73106,369,661,25867,
346.3980039355423,73105,370,661,25867,
346.4136096848696,73104,371,661,25867,
346.42221991854495,73104,371,660,25868,
346.42603570941253,73104,371,659,25869,
346.4263966342827,73104,371,658,25870,
346.4272515598833,73103,372,658,25870,
346.4278372693872,73103,371,659,25870,
346.4343718106809,73103,371,658,25871,
346.44106555119185,73103,370,659,25871,
346.44299781282973,73103,370,658,25872,
346.4462098100284,73103,370,657,25873,
346.4546025054557,73103,369,658,25873,
346.45492718647847,73103,369,657,25874,
346.45661055883056,73103,368,658,25874,
346.4583458070822,73103,367,659,25874,
346.4631644537178,73102,368,659,25874,
346.46718466319805,73102,367,660,25874,
346.47103413172044,73102,366,661,25874,
346.4780661691311,73102,366,660,25875,
346.47980950109576,73102,365,661,25875,
346.48230063309694,73101,366,661,25875,
346.4906079833022,73101,365,662,25875,
346.50370236069523,73101,364,663,25875,
346.50398496774363,73101,363,664,25875,
346.5065092065877,73101,362,665,25875,
346.51215449603814,73100,363,665,25875,
346.51287910151444,73099,364,665,25875,
346.5133816470922,73099,364,664,25876,
346.51952083703907,73099,364,663,25877,
346.5239310443377,73099,363,664,25877,
346.53180821487314,73099,363,663,25878,
346.5349456340038,73099,363,662,25879,
346.53513350520984,73099,363,661,25880,
346.54245231768004,73099,363,660,25881,
346.54567859595534,73099,363,659,25882,
346.54622921053266,73099,363,658,25883,
346.56539170081356,73099,362,659,25883,
346.5692464120017,73098,363,659,25883,
346.57706308802676,73098,363,658,25884,
346.5821226630185,73097,364,658,25884,
346.58302751194793,73096,365,658,25884,
346.58801960110475,73096,365,657,25885,
346.58886195056374,73096,365,656,25886,
346.59335268888833,73096,364,657,25886,
346.59417469739975,73095,365,657,25886,
346.5965026485592,73094,366,657,25886,
346.60150535322424,73094,365,658,25886,
346.60547787765984,73094,364,659,25886,
346.6067150917105,73094,364,658,25887,
346.6112171329821,73093,365,658,25887,
346.61551647728646,73092,366,658,25887,
346.61609890871296,73092,366,657,25888,
346.62392909537766,73092,366,656,25889,
346.62885919722095,73092,365,657,25889,
346.6314934292429,73092,364,658,25889,
346.63187717354987,73091,365,658,25889,
346.63384079600576,73090,366,658,25889,
346.63911655176605,73089,367,658,25889,
346.64307189258403,73088,368,658,25889,
346.648785174107,73088,368,657,25890,
346.65075861734687,73088,367,658,25890,
346.65384623544037,73088,367,657,25891,
346.6572736037327,73088,367,656,25892,
346.66162385020357,73088,367,655,25893,
346.6658366833312,73088,366,656,25893,
346.67407433695644,73088,365,657,25893,
346.67500385526404,73088,365,656,25894,
346.6764327087506,73088,364,657,25894,
346.6861433648378,73087,365,657,25894,
346.6874178385246,73087,365,656,25895,
346.6899495744875,73086,366,656,25895,
346.6906134989611,73085,367,656,25895,
346.7053115271956,73085,367,655,25896,
346.70618285243717,73085,367,654,25897,
346.7076127174284,73084,368,654,25897,
346.72280944931305,73084,368,653,25898,
346.7282235815936,73084,368,652,25899,
346.73497364073285,73084,368,651,25900,
346.73871374663867,73084,367,652,25900,
346.7440668855769,73083,368,652,25900,
346.7454019909073,73082,369,652,25900,
346.7492376271948,73082,369,651,25901,
346.7591959319931,73081,370,651,25901,
346.7661256023427,73080,371,651,25901,
346.7714242728559,73079,372,651,25901,
346.77865700070896,73078,373,651,25901,
346.78070314760896,73077,374,651,25901,
346.7864702815609,73077,374,650,25902,
346.7908595293057,73076,375,650,25902,
346.80601106025404,73076,374,651,25902,
346.80786446310367,73076,374,650,25903,
346.8173110389751,73076,374,649,25904,
346.8209588157788,73075,375,649,25904,
346.8232273963214,73075,374,650,25904,
346.82895639495683,73074,375,650,25904,
346.8329680703309,73074,374,651,25904,
346.83579271039247,73074,374,650,25905,
346.8377716644309,73074,373,651,25905,
346.84231906176245,73074,373,650,25906,
346.8466967278005,73074,372,651,25906,
346.85484678952514,73074,371,652,25906,
346.8579558862543,73074,371,651,25907,
346.8602392780218,73073,372,651,25907,
346.8632783452466,73073,372,650,25908,
346.8746556305723,73073,372,649,25909,
346.8764153934649,73073,371,650,25909,
346.88597685803245,73072,372,650,25909,
346.8892774085526,73072,372,649,25910,
346.8914554156655,73071,373,649,25910,
346.89511155466204,73071,372,650,25910,
346.89926182276383,73071,371,651,25910,
346.9005493773678,73071,370,652,25910,
346.91076092924095,73071,370,651,25911,
346.9138300373458,73071,369,652,25911,
346.919292162695,73071,368,653,25911,
346.92865571415814,73071,367,654,25911,
346.94195965076176,73071,367,653,25912,
346.9444874356847,73071,367,652,25913,
346.94662589832126,73070,368,652,25913,
346.94792947382325,73070,368,651,25914,
346.95915059960475,73069,369,651,25914,
346.97379178968004,73069,369,650,25915,
346.97461905293216,73068,370,650,25915,
346.9882028039236,73068,370,649,25916,
346.99336325583283,73068,369,650,25916,
347.00006179297964,73067,370,650,25916,
347.00126815393986,73067,370,649,25917,
347.0014368874264,73067,369,650,25917,
347.00281565871546,73066,370,650,25917,
347.0036971546335,73066,369,651,25917,
347.00451059093626,73065,370,651,25917,
347.0104580318459,73065,370,650,25918,
347.0140257032276,73064,371,650,25918,
347.01639381319393,73063,372,650,25918,
347.0257047013743,73062,373,650,25918,
347.02571150094997,73062,372,651,25918,
347.02617309394793,73062,371,652,25918,
347.0272967720145,73061,372,652,25918,
347.02793515486485,73061,372,651,25919,
347.03966218474,73061,371,652,25919,
347.0448671090222,73061,370,653,25919,
347.0486901185588,73061,369,654,25919,
347.04887338116896,73061,369,653,25920,
347.0503902609869,73061,369,652,25921,
347.0529730361686,73061,368,653,25921,
347.05948934407076,73061,368,652,25922,
347.0622719949016,73061,368,651,25923,
347.0648239639959,73061,367,652,25923,
347.0660486091642,73061,366,653,25923,
347.06605952063046,73060,367,653,25923,
347.0699758304001,73059,368,653,25923,
347.0704304780372,73059,368,652,25924,
347.08699074578135,73059,367,653,25924,
347.0896807941591,73058,368,653,25924,
347.09065402600527,73058,367,654,25924,
347.09318668430274,73058,366,655,25924,
347.09405097739733,73057,367,655,25924,
347.09886918663136,73057,366,656,25924,
347.09983603696526,73056,367,656,25924,
347.1056770073632,73055,368,656,25924,
347.10784867496903,73054,369,656,25924,
347.1084596582521,73054,368,657,25924,
347.109691063973,73054,367,658,25924,
347.1108286719925,73053,368,658,25924,
347.1121159913497,73052,369,658,25924,
347.1137425120805,73052,369,657,25925,
347.11647836035195,73052,368,658,25925,
347.1192024941007,73051,369,658,25925,
347.1218561878172,73051,369,657,25926,
347.12749511477006,73051,369,656,25927,
347.12798812936285,73051,368,657,25927,
347.1310516420839,73051,367,658,25927,
347.13620752708124,73051,366,659,25927,
347.138848004343,73051,366,658,25928,
347.13891290285744,73051,366,657,25929,
347.1563955824392,73050,367,657,25929,
347.1664318088305,73050,367,656,25930,
347.1698670460097,73050,366,657,25930,
347.17199541819724,73050,365,658,25930,
347.17403423543726,73050,365,657,25931,
347.17822427381867,73050,365,656,25932,
347.18725271523,73050,364,657,25932,
347.1892921697984,73050,363,658,25932,
347.1926019553296,73050,363,657,25933,
347.20010461750593,73050,363,656,25934,
347.20026962069954,73050,362,657,25934,
347.20306992633573,73049,363,657,25934,
347.2135755187508,73049,363,656,25935,
347.21447586182387,73049,363,655,25936,
347.2473163308594,73049,363,654,25937,
347.2509851399019,73048,364,654,25937,
347.2574743655332,73047,365,654,25937,
347.2589869012582,73047,365,653,25938,
347.26193504866274,73046,366,653,25938,
347.2646866777438,73046,365,654,25938,
347.2716429270579,73046,364,655,25938,
347.2744008621786,73046,364,654,25939,
347.27678994371865,73045,365,654,25939,
347.2808967216414,73045,364,655,25939,
347.2869446287775,73044,365,655,25939,
347.2885964136004,73043,366,655,25939,
347.2904029097665,73043,366,654,25940,
347.29406442455803,73043,366,653,25941,
347.2960063724693,73043,365,654,25941,
347.3027944119906,73043,364,655,25941,
347.3039925915548,73043,363,656,25941,
347.3070541417786,73042,364,656,25941,
347.3080190365903,73042,364,655,25942,
347.30936747804077,73041,365,655,25942,
347.319351182267,73041,364,656,25942,
347.32274183387847,73041,363,657,25942,
347.3276668692934,73040,364,657,25942,
347.3314420361067,73040,363,658,25942,
347.3328820906574,73039,364,658,25942,
347.33310805055316,73039,364,657,25943,
347.33962601197146,73039,363,658,25943,
347.34140180337727,73039,363,657,25944,
347.342724092021,73039,362,658,25944,
347.3434688624017,73039,361,659,25944,
347.3453060404432,73039,361,658,25945,
347.3508666217831,73038,362,658,25945,
347.35145961545163,73037,363,658,25945,
347.35409889208165,73037,363,657,25946,
347.35661496574824,73037,362,658,25946,
347.36046570976004,73036,363,658,25946,
347.3610911908967,73036,363,657,25947,
347.3628474229388,73035,364,657,25947,
347.36499737712404,73035,363,658,25947,
347.36885775666485,73034,364,658,25947,
347.37626566097305,73034,363,659,25947,
347.3776239320488,73034,363,658,25948,
347.38046289747035,73033,364,658,25948,
347.3858761376378,73033,363,659,25948,
347.39386367447946,73033,363,658,25949,
347.39543086649223,73033,362,659,25949,
347.39687059739816,73032,363,659,25949,
347.3993845110062,73031,364,659,25949,
347.4000151908743,73031,364,658,25950,
347.403397356765,73030,365,658,25950,
347.40569762221656,73030,365,657,25951,
347.40592161629405,73029,366,657,25951,
347.40726230890937,73029,365,658,25951,
347.4192102009261,73029,365,657,25952,
347.4278539332422,73029,364,658,25952,
347.4318740585877,73029,363,659,25952,
347.43271368832274,73028,364,659,25952,
347.4330708758158,73028,364,658,25953,
347.43752449760166,73028,364,657,25954,
347.43774313940463,73027,365,657,25954,
347.4415605990432,73026,366,657,25954,
347.44243553137153,73026,365,658,25954,
347.4542830257116,73026,364,659,25954,
347.45532860492983,73025,365,659,25954,
347.45546535570264,73025,365,658,25955,
347.46696792665614,73025,365,657,25956,
347.4696845454717,73025,365,656,25957,
347.4749856608395,73025,364,657,25957,
347.47600534833657,73024,365,657,25957,
347.4774897819114,73023,366,657,25957,
347.48561860573807,73022,367,657,25957,
347.48938748699004,73021,368,657,25957,
347.49804411407104,73020,369,657,25957,
347.4983269021671,73019,370,657,25957,
347.49963273494194,73019,370,656,25958,
347.5075730439676,73019,370,655,25959,
347.5087314889835,73018,371,655,25959,
347.5090961877895,73017,372,655,25959,
347.51346522863,73016,373,655,25959,
347.5154305777678,73016,373,654,25960,
347.53262862942466,73015,374,654,25960,
347.5492170635356,73015,374,653,25961,
347.549708666713,73015,373,654,25961,
347.55527224841813,73015,372,655,25961,
347.55623409586497,73015,372,654,25962,
347.55856112897743,73014,373,654,25962,
347.5672563841127,73013,374,654,25962,
347.5697237435455,73013,374,653,25963,
347.5724701788061,73013,374,652,25964,
347.5849977552121,73012,375,652,25964,
347.59033702943947,73012,375,651,25965,
347.59223435863436,73012,375,650,25966,
347.60410009677554,73012,374,651,25966,
347.61172864707464,73012,373,652,25966,
347.61976241774164,73012,372,653,25966,
347.62302711671487,73012,372,652,25967,
347.6351312982262,73012,371,653,25967,
347.635951868892,73012,371,652,25968,
347.6397404207642,73012,371,651,25969,
347.6415840391766,73012,371,650,25970,
347.6487956298828,73011,372,650,25970,
347.64894768482816,73010,373,650,25970,
347.6523432376265,73009,374,650,25970,
347.6546922165921,73008,375,650,25970,
347.65728403118914,73007,376,650,25970,
347.657402661922,73007,375,651,25970,
347.658928465101,73007,374,652,25970,
347.65904026579585,73007,374,651,25971,
347.6653443723415,73007,374,650,25972,
347.6720062358983,73007,374,649,25973,
347.6941485985291,73007,374,648,25974,
347.70379057065287,73007,374,647,25975,
347.70919893428544,73006,375,647,25975,
347.70948191719225,73006,374,648,25975,
347.7161449328874,73005,375,648,25975,
347.72387383164715,73005,375,647,25976,
347.72556664441043,73005,375,646,25977,
347.7305176000788,73005,375,645,25978,
347.74873234791374,73005,374,646,25978,
347.7502137931523,73005,373,647,25978,
347.7585267235433,73005,372,648,25978,
347.7658802814306,73004,373,648,25978,
347.7778067376785,73003,374,648,25978,
347.7796655523639,73003,374,647,25979,
347.7892876831945,73003,373,648,25979,
347.7928627211153,73003,373,647,25980,
347.7931694767217,73002,374,647,25980,
347.79548273043724,73002,373,648,25980,
347.79856769071966,73002,373,647,25981,
347.8005367748622,73002,373,646,25982,
347.80066984257303,73002,373,645,25983,
347.8024932533561,73002,373,644,25984,
347.80595421213303,73001,374,644,25984,
347.8189476815699,73001,373,645,25984,
347.8225538868139,73001,372,646,25984,
347.82779554316215,73001,371,647,25984,
347.8298761522407,73001,371,646,25985,
347.8390781082916,73001,370,647,25985,
347.8405022867792,73001,369,648,25985,
347.85073156090186,73000,370,648,25985,
347.85871398399365,73000,370,647,25986,
347.85949638563125,72999,371,647,25986,
347.86534642902797,72998,372,647,25986,
347.87529416630986,72998,371,648,25986,
347.89271385277874,72998,371,647,25987,
347.89970879821976,72998,370,648,25987,
347.9038958008808,72997,371,648,25987,
347.9128379723115,72996,372,648,25987,
347.91462890701274,72995,373,648,25987,
347.91760351760394,72995,373,647,25988,
347.9208615703733,72995,373,646,25989,
347.9218165656781,72995,373,645,25990,
347.9247793934482,72995,373,644,25991,
347.92693188182494,72995,373,643,25992,
347.930543146645,72995,373,642,25993,
347.9351213112497,72995,373,641,25994,
347.9423767181049,72995,372,642,25994,
347.94542840247607,72995,371,643,25994,
347.9475887947604,72995,371,642,25995,
347.95134921502665,72995,371,641,25996,
347.9539480366149,72995,370,642,25996,
347.9668859396963,72995,370,641,25997,
347.9686835646058,72994,371,641,25997,
347.9709149483576,72994,371,640,25998,
347.97838893637874,72993,372,640,25998,
347.97987567548836,72993,371,641,25998,
347.98173267111355,72993,370,642,25998,
347.9852306320946,72993,369,643,25998,
347.9879187015628,72993,368,644,25998,
347.99381365343476,72993,367,645,25998,
348.00265735360836,72993,366,646,25998,
348.0068874106406,72993,366,645,25999,
348.01008795000973,72992,367,645,25999,
348.0109453167007,72991,368,645,25999,
348.0117975030756,72991,367,646,25999,
348.018085533482,72990,368,646,25999,
348.0225784721801,72990,367,647,25999,
348.02807075840786,72990,366,648,25999,
348.0293267015453,72989,367,648,25999,
348.0324073333654,72988,368,648,25999,
348.03250464389754,72988,368,647,26000,
348.0452522190995,72988,368,646,26001,
348.0492136741646,72987,369,646,26001,
348.0505703434297,72987,369,645,26002,
348.05400015611866,72987,369,644,26003,
348.0619543911563,72987,369,643,26004,
348.0627449878574,72987,368,644,26004,
348.06292663885716,72987,368,643,26005,
348.0686106750654,72987,368,642,26006,
348.07693064163567,72987,367,643,26006,
348.0796950745539,72987,366,644,26006,
348.07999313255755,72987,366,643,26007,
348.08851918546907,72987,365,644,26007,
348.10487087604866,72987,365,643,26008,
348.1088489869186,72987,364,644,26008,
348.1094840628401,72986,365,644,26008,
348.1184543541332,72985,366,644,26008,
348.1197645783122,72985,366,643,26009,
348.1226079322929,72985,365,644,26009,
348.1367982969064,72985,364,645,26009,
348.1417941879606,72985,363,646,26009,
348.1429069573044,72984,364,646,26009,
348.15192544603616,72984,364,645,26010,
348.15307038118,72984,364,644,26011,
348.15926540224126,72984,364,643,26012,
348.16335094673894,72984,364,642,26013,
348.1666598446684,72984,364,641,26014,
348.16840005214135,72984,363,642,26014,
348.1806432530202,72983,364,642,26014,
348.19975208839537,72983,364,641,26015,
348.2065816867075,72983,364,640,26016,
348.2081601409593,72983,363,641,26016,
348.2227488646923,72983,362,642,26016,
348.22327640160586,72983,362,641,26017,
348.2353619006013,72982,363,641,26017,
348.23624463563266,72981,364,641,26017,
348.23749365779645,72981,364,640,26018,
348.23890553747236,72981,363,641,26018,
348.2420881757327,72981,363,640,26019,
348.2454828095636,72981,363,639,26020,
348.2581391195697,72980,364,639,26020,
348.2665732708279,72980,364,638,26021,
348.2718664572032,72979,365,638,26021,
348.2748088144138,72978,366,638,26021,
348.288568641466,72978,365,639,26021,
348.2892103099549,72978,365,638,26022,
348.2899309710004,72977,366,638,26022,
348.29190751480405,72977,365,639,26022,
348.2937228711592,72977,364,640,26022,
348.30167991283895,72977,364,639,26023,
348.30809756863835,72976,365,639,26023,
348.31125967335146,72975,366,639,26023,
348.31231069323627,72975,366,638,26024,
348.31397319324213,72975,366,637,26025,
348.31613635624603,72975,365,638,26025,
348.32252407929724,72975,365,637,26026,
348.3283983936717,72975,364,638,26026,
348.33192484387905,72975,363,639,26026,
348.3342341112835,72974,364,639,26026,
348.33779252742033,72974,363,640,26026,
348.3437375383582,72974,363,639,26027,
348.3476374312564,72974,362,640,26027,
348.3478446175811,72974,362,639,26028,
348.3556306739824,72974,362,638,26029,
348.35894738625154,72973,363,638,26029,
348.36047470226373,72972,364,638,26029,
348.361785975665,72971,365,638,26029,
348.3871799525488,72970,366,638,26029,
348.3970963660601,72970,366,637,26030,
348.4028146253223,72970,365,638,26030,
348.4169627955301,72970,365,637,26031,
348.41856580782166,72970,364,638,26031,
348.4197783188564,72970,363,639,26031,
348.42234839450936,72970,363,638,26032,
348.4228872867025,72969,364,638,26032,
348.43388593381985,72968,365,638,26032,
348.4360452676204,72968,365,637,26033,
348.43765173854655,72967,366,637,26033,
348.4455586006309,72966,367,637,26033,
348.449106303878,72966,367,636,26034,
348.45525111701346,72965,368,636,26034,
348.45696984875445,72965,367,637,26034,
348.45985257318154,72965,367,636,26035,
348.47698376714084,72965,367,635,26036,
348.48139867688786,72965,367,634,26037,
348.4856625469381,72964,368,634,26037,
348.49215491204984,72964,367,635,26037,
348.49254535846325,72963,368,635,26037,
348.5038697275242,72962,369,635,26037,
348.50593705959267,72962,368,636,26037,
348.50661798102846,72961,369,636,26037,
348.51798921469793,72961,369,635,26038,
348.52842950190956,72960,370,635,26038,
348.5294747650097,72960,370,634,26039,
348.5298057401242,72960,369,635,26039,
348.53257129266655,72959,370,635,26039,
348.5446159872203,72958,371,635,26039,
348.54853010389496,72958,370,636,26039,
348.5598412043126,72958,370,635,26040,
348.57054984623295,72958,370,634,26041,
348.57084579355785,72958,369,635,26041,
348.5722424895053,72957,370,635,26041,
348.5740661681349,72956,371,635,26041,
348.574781482955,72956,370,636,26041,
348.5773344517396,72956,369,637,26041,
348.59190856568586,72956,368,638,26041,
348.6040191644807,72956,367,639,26041,
348.60764978922373,72956,366,640,26041,
348.6330194055523,72956,366,639,26042,
348.63524624577593,72956,365,640,26042,
348.6365146986031,72956,364,641,26042,
348.64094712279837,72955,365,641,26042,
348.641671390127,72955,364,642,26042,
348.6419929270215,72955,363,643,26042,
348.64255223447407,72955,363,642,26043,
348.6468667893088,72955,363,641,26044,
348.6487716156108,72955,362,642,26044,
348.6540833522389,72955,362,641,26045,
348.65629912069693,72955,362,640,26046,
348.6596087816537,72955,361,641,26046,
348.6618075288057,72954,362,641,26046,
348.6638223937723,72953,363,641,26046,
348.6680748979879,72953,363,640,26047,
348.6764504354891,72953,363,639,26048,
348.67989055722535,72953,362,640,26048,
348.68303227443243,72953,362,639,26049,
348.6854800837091,72952,363,639,26049,
348.7034824016021,72951,364,639,26049,
348.7091265732506,72950,365,639,26049,
348.71104924851414,72949,366,639,26049,
348.7146496285233,72949,366,638,26050,
348.71538398462076,72949,365,639,26050,
348.71872128722765,72948,366,639,26050,
348.71918916565687,72948,366,638,26051,
348.7197740817172,72948,365,639,26051,
348.7205503402513,72948,364,640,26051,
348.7224373368704,72947,365,640,26051,
348.7246265594887,72947,364,641,26051,
348.726123808349,72946,365,641,26051,
348.7298889345252,72946,364,642,26051,
348.7324474577989,72945,365,642,26051,
348.74143613669764,72944,366,642,26051,
348.7441764302511,72944,366,641,26052,
348.7515591672727,72944,366,640,26053,
348.75750699839614,72943,367,640,26053,
348.7606091858784,72942,368,640,26053,
348.76392328187416,72941,369,640,26053,
348.7686266730744,72941,368,641,26053,
348.7713385960872,72941,367,642,26053,
348.77957913720945,72941,367,641,26054,
348.78162959800875,72941,366,642,26054,
348.7832037461544,72940,367,642,26054,
348.7887293192841,72940,367,641,26055,
348.7915278819492,72940,367,640,26056,
348.79768537071783,72940,367,639,26057,
348.80231404663556,72940,366,640,26057,
348.8115990720736,72940,365,641,26057,
348.8170472483072,72940,364,642,26057,
348.81746628936844,72940,364,641,26058,
348.81874627754723,72939,365,641,26058,
348.8510670696744,72938,366,641,26058,
348.86527976192986,72938,365,642,26058,
348.8686655922594,72937,366,642,26058,
348.8700301408892,72936,367,642,26058,
348.8703616497817,72935,368,642,26058,
348.87128059140196,72935,367,643,26058,
348.8760021868405,72935,366,644,26058,
348.88092491060365,72935,365,645,26058,
348.8840829510861,72935,365,644,26059,
348.89024982134396,72935,365,643,26060,
348.8941277606763,72934,366,643,26060,
348.9047604788438,72934,366,642,26061,
348.9102652877914,72933,367,642,26061,
348.9105069730882,72933,366,643,26061,
348.91240934934183,72933,365,644,26061,
348.9184012777059,72933,365,643,26062,
348.9203102292136,72933,364,644,26062,
348.92347631578593,72933,364,643,26063,
348.92549475772665,72932,365,643,26063,
348.93235949055315,72931,366,643,26063,
348.9326788646844,72931,366,642,26064,
348.9345999205498,72931,365,643,26064,
348.9414124842081,72931,365,642,26065,
348.94592413609956,72931,364,643,26065,
348.9477726122609,72930,365,643,26065,
348.94820159539864,72930,364,644,26065,
348.9487045995082,72929,365,644,26065,
348.9501478065323,72928,366,644,26065,
348.953779053143,72928,366,643,26066,
348.9615682916914,72928,365,644,26066,
348.9657933378734,72928,364,645,26066,
348.9691897824174,72928,363,646,26066,
348.97480571676965,72928,362,647,26066,
348.9845934971616,72927,363,647,26066,
348.99076496188445,72926,364,647,26066,
348.99078679472694,72926,364,646,26067,
348.9914357719861,72925,365,646,26067,
348.9990277690126,72924,366,646,26067,
349.00372477973366,72923,367,646,26067,
349.0097489102932,72923,367,645,26068,
349.01530573514117,72923,366,646,26068,
349.0168074804277,72922,367,646,26068,
349.0181941264317,72922,366,647,26068,
349.0204462529133,72922,366,646,26069,
349.0213375575952,72922,366,645,26070,
349.02257852866177,72922,366,644,26071,
349.02352739654987,72922,365,645,26071,
349.02720838844135,72921,366,645,26071,
349.0273735989887,72921,365,646,26071,
349.0291708627813,72921,365,645,26072,
349.03723941044643,72921,364,646,26072,
349.0430068833862,72921,363,647,26072,
349.0433355363568,72921,362,648,26072,
349.05061314520816,72921,361,649,26072,
349.0570427779463,72921,360,650,26072,
349.05835461348573,72921,360,649,26073,
349.06166764419334,72921,360,648,26074,
349.06358445926037,72921,359,649,26074,
349.0637729662382,72921,359,648,26075,
349.069941080397,72921,359,647,26076,
349.07341704258585,72921,358,648,26076,
349.0754255104975,72921,357,649,26076,
349.08280778692205,72921,357,648,26077,
349.084649695496,72921,357,647,26078,
349.0920039244116,72921,356,648,26078,
349.0959621077651,72920,357,648,26078,
349.0980302114821,72920,357,647,26079,
349.10162880210277,72920,356,648,26079,
349.1089309703965,72920,355,649,26079,
349.1140140219413,72919,356,649,26079,
349.11464017542164,72919,355,650,26079,
349.1183785688454,72919,354,651,26079,
349.12912632761675,72919,353,652,26079,
349.1325394584839,72919,353,651,26080,
349.13604609665197,72919,352,652,26080,
349.1364170635088,72919,351,653,26080,
349.13947478667,72918,352,653,26080,
349.1419403452164,72918,351,654,26080,
349.1479508355786,72918,350,655,26080,
349.1486037877424,72918,350,654,26081,
349.150207585146,72918,349,655,26081,
349.15573388041105,72918,348,656,26081,
349.1559630476299,72917,349,656,26081,
349.155978835387,72916,350,656,26081,
349.1564280799697,72916,349,657,26081,
349.15756228861585,72916,349,656,26082,
349.16078324514467,72915,350,656,26082,
349.1683643313212,72914,351,656,26082,
349.1693023805479,72913,352,656,26082,
349.1711090898858,72913,352,655,26083,
349.1765841247243,72912,353,655,26083,
349.1939587631277,72912,352,656,26083,
349.199304596509,72911,353,656,26083,
349.1999030788518,72910,354,656,26083,
349.2068833045999,72910,353,657,26083,
349.2265640498905,72910,352,658,26083,
349.2299454917031,72910,351,659,26083,
349.23428912811204,72910,350,660,26083,
349.23751679492574,72909,351,660,26083,
349.24951648727966,72909,351,659,26084,
349.2504393292007,72909,351,658,26085,
349.2542974840388,72909,351,657,26086,
349.2578448372118,72908,352,657,26086,
349.2684257648038,72908,351,658,26086,
349.2704305207209,72908,351,657,26087,
349.2802724511919,72907,352,657,26087,
349.2823412152148,72907,352,656,26088,
349.2850119666567,72907,351,657,26088,
349.28885334024545,72906,352,657,26088,
349.2912510292491,72905,353,657,26088,
349.2932513478222,72905,353,656,26089,
349.29895208458765,72904,354,656,26089,
349.3117862810666,72903,355,656,26089,
349.31748558470576,72903,355,655,26090,
349.3202758165186,72903,355,654,26091,
349.3273871383224,72903,355,653,26092,
349.3292147968699,72903,355,652,26093,
349.33827433324615,72903,355,651,26094,
349.3382855100257,72902,356,651,26094,
349.33843333787814,72901,357,651,26094,
349.33917705600317,72901,357,650,26095,
349.3397080556087,72901,356,651,26095,
349.3423681892052,72901,356,650,26096,
349.35168758011406,72901,356,649,26097,
349.36490744871423,72901,356,648,26098,
349.3668756859829,72900,357,648,26098,
349.37247300792586,72900,356,649,26098,
349.3767692628641,72899,357,649,26098,
349.3796993409209,72899,357,648,26099,
349.38122089792637,72899,357,647,26100,
349.3854296315163,72899,357,646,26101,
349.38919156646,72898,358,646,26101,
349.39097537168385,72898,357,647,26101,
349.39343434152784,72897,358,647,26101,
349.398040770631,72897,358,646,26102,
349.3994485988069,72897,357,647,26102,
349.40402596341113,72896,358,647,26102,
349.4054344409818,72896,357,648,26102,
349.4240900142991,72896,357,647,26103,
349.4259906648571,72895,358,647,26103,
349.4299158240279,72895,357,648,26103,
349.431289000744,72895,356,649,26103,
349.4322755211455,72895,356,648,26104,
349.4368990200776,72895,355,649,26104,
349.43732043562153,72894,356,649,26104,
349.43901847013893,72894,355,650,26104,
349.4427484154935,72894,355,649,26105,
349.4449001933827,72894,355,648,26106,
349.44699142217445,72894,354,649,26106,
349.45957816165287,72893,355,649,26106,
349.4782014053933,72893,354,650,26106,
349.48182212345705,72892,355,650,26106,
349.48394305147076,72891,356,650,26106,
349.4848872341518,72891,355,651,26106,
349.48535233301266,72891,355,650,26107,
349.48628305139295,72891,355,649,26108,
349.48716185974496,72891,354,650,26108,
349.4874673951239,72891,353,651,26108,
349.49581868080037,72890,354,651,26108,
349.5076866790615,72889,355,651,26108,
349.51379062111783,72889,354,652,26108,
349.51441619142423,72889,354,651,26109,
349.5156550631633,72888,355,651,26109,
349.5170501309671,72887,356,651,26109,
349.51888642251924,72886,357,651,26109,
349.52480415937373,72886,356,652,26109,
349.52724329557003,72886,355,653,26109,
349.53044225259134,72885,356,653,26109,
349.5304878733539,72884,357,653,26109,
349.5326519072619,72883,358,653,26109,
349.5366220526439,72883,358,652,26110,
349.5384195060492,72883,358,651,26111,
349.5464950455501,72883,357,652,26111,
349.5567833412395,72883,357,651,26112,
349.5607196759503,72882,358,651,26112,
349.56339450486263,72882,358,650,26113,
349.5643558575487,72882,357,651,26113,
349.564856745445,72882,356,652,26113,
349.56513609222264,72882,356,651,26114,
349.5760971902564,72881,357,651,26114,
349.58320885530964,72881,356,652,26114,
349.58915925606686,72881,355,653,26114,
349.6012198214601,72881,355,652,26115,
349.6022381765237,72881,354,653,26115,
349.60582164920527,72880,355,653,26115,
349.60702749842096,72880,355,652,26116,
349.6106247810005,72880,355,651,26117,
349.6108713053775,72879,356,651,26117,
349.6124540601501,72878,357,651,26117,
349.6135951821691,72877,358,651,26117,
349.6137409758601,72877,357,652,26117,
349.61485896892657,72877,357,651,26118,
349.6192976118602,72877,357,650,26119,
349.6193889473066,72876,358,650,26119,
349.6194278352403,72876,357,651,26119,
349.61946395444676,72876,356,652,26119,
349.62300235876313,72875,357,652,26119,
349.63334506817586,72875,357,651,26120,
349.6385922059722,72875,357,650,26121,
349.6391368943626,72875,357,649,26122,
349.6400130450954,72875,357,648,26123,
349.64501360293116,72875,356,649,26123,
349.6493601383967,72875,356,648,26124,
349.6517905687556,72875,356,647,26125,
349.6525220262536,72875,356,646,26126,
349.6594418741585,72875,356,645,26127,
349.6597886066035,72875,356,644,26128,
349.6626139181931,72875,356,643,26129,
349.66734844319575,72874,357,643,26129,
349.66737420017284,72874,356,644,26129,
349.6747312844272,72874,356,643,26130,
349.6748579920885,72873,357,643,26130,
349.67843117529674,72872,358,643,26130,
349.6797978398838,72871,359,643,26130,
349.68318592678264,72871,358,644,26130,
349.68388936895116,72871,357,645,26130,
349.68404126756616,72871,357,644,26131,
349.68666408797117,72871,356,645,26131,
349.6867533541019,72871,355,646,26131,
349.69149349652866,72871,355,645,26132,
349.69360656592687,72871,355,644,26133,
349.6943715069322,72871,355,643,26134,
349.701435497524,72871,355,642,26135,
349.7061848758354,72871,354,643,26135,
349.70905748737323,72870,355,643,26135,
349.71302200624217,72870,354,644,26135,
349.71586626105255,72870,354,643,26136,
349.72167137334833,72869,355,643,26136,
349.73077524507903,72868,356,643,26136,
349.7331155871781,72868,356,642,26137,
349.7411699918143,72867,357,642,26137,
349.74154169750693,72866,358,642,26137,
349.75450373533863,72866,357,643,26137,
349.75760546899943,72865,358,643,26137,
349.76613846344253,72864,359,643,26137,
349.78185049982164,72864,358,644,26137,
349.78465576642986,72863,359,644,26137,
349.7907118481056,72863,358,645,26137,
349.7915958797207,72862,359,645,26137,
349.7925650382285,72861,360,645,26137,
349.7941436312452,72861,360,644,26138,
349.7965473620494,72861,360,643,26139,
349.81045645804664,72861,359,644,26139,
349.8159963892292,72861,359,643,26140,
349.8320292868121,72861,359,642,26141,
349.8463187216133,72861,358,643,26141,
349.86096070102906,72861,357,644,26141,
349.86181186824126,72860,358,644,26141,
349.8625550293272,72860,357,645,26141,
349.87121077802476,72860,356,646,26141,
349.87150565562166,72860,356,645,26142,
349.8715883200621,72859,357,645,26142,
349.87992921610186,72858,358,645,26142,
349.8870650275579,72858,357,646,26142,
349.89330266935974,72857,358,646,26142,
349.90304609321817,72857,357,647,26142,
349.905418660342,72857,357,646,26143,
349.90809084953463,72857,357,645,26144,
349.91156962486207,72857,356,646,26144,
349.9136276568406,72857,355,647,26144,
349.9138737407865,72857,355,646,26145,
349.9222314583069,72857,355,645,26146,
349.9264212287442,72856,356,645,26146,
349.9272321639885,72855,357,645,26146,
349.9352094482774,72855,356,646,26146,
349.9381008160551,72855,355,647,26146,
349.94698737990484,72854,356,647,26146,
349.9517926492698,72854,355,648,26146,
349.95311735147067,72853,356,648,26146,
349.959371662796,72853,355,649,26146,
349.9677333183317,72853,354,650,26146,
349.9692175403224,72853,353,651,26146,
349.9697781276951,72852,354,651,26146,
349.9701204730513,72852,354,650,26147,
349.9712551556152,72852,354,649,26148,
349.97231478965915,72852,354,648,26149,
349.97423154124783,72852,354,647,26150,
349.9818833132294,72851,355,647,26150,
349.9845790562732,72851,355,646,26151,
349.9857168234002,72851,355,645,26152,
349.99319862584457,72850,356,645,26152,
350.00000210555197,72850,355,646,26152,
350.0034101637124,72850,355,645,26153,
350.0037469114185,72850,354,646,26153,
350.01128892892433,72850,353,647,26153,
350.0126650662499,72850,353,646,26154,
350.0154373859963,72850,352,647,26154,
350.0171287096121,72850,352,646,26155,
350.01745932535624,72850,351,647,26155,
350.01904913073616,72850,350,648,26155,
350.0195792280702,72849,351,648,26155,
350.02007035063787,72849,351,647,26156,
350.0254929774297,72849,350,648,26156,
350.0266011361614,72849,349,649,26156,
350.0330042197789,72849,349,648,26157,
350.04221414283677,72848,350,648,26157,
350.0437349457012,72848,349,649,26157,
350.04861201268386,72847,350,649,26157,
350.05228984646595,72847,350,648,26158,
350.05717774237854,72847,350,647,26159,
350.06211568682505,72847,349,648,26159,
350.0630029563091,72847,349,647,26160,
350.0670325135334,72847,349,646,26161,
350.0738093244097,72846,350,646,26161,
350.07792742604244,72846,349,647,26161,
350.0938618151733,72845,350,647,26161,
350.0993002008794,72844,351,647,26161,
350.10087128518006,72844,351,646,26162,
350.1014715537966,72844,351,645,26163,
350.1110730761827,72844,350,646,26163,
350.114271663347,72844,350,645,26164,
350.1145783007604,72844,350,644,26165,
350.1174218467313,72844,349,645,26165,
350.1181332909098,72843,350,645,26165,
350.11923454670915,72843,350,644,26166,
350.12153198343356,72843,349,645,26166,
350.12526240707973,72842,350,645,26166,
350.1383524553207,72841,351,645,26166,
350.1459914866376,72840,352,645,26166,
350.1463779783633,72840,352,644,26167,
350.14967043166246,72839,353,644,26167,
350.154331788059,72839,352,645,26167,
350.15465183370213,72838,353,645,26167,
350.1554484734738,72838,352,646,26167,
350.1620448550238,72838,351,647,26167,
350.16954542964294,72837,352,647,26167,
350.1813804487116,72837,352,646,26168,
350.1863560062248,72836,353,646,26168,
350.1889990621698,72836,352,647,26168,
350.2016246138956,72835,353,647,26168,
350.20901475339195,72835,352,648,26168,
350.2110527718737,72835,351,649,26168,
350.2312022348723,72835,351,648,26169,
350.23553626765846,72835,351,647,26170,
350.2408294222601,72834,352,647,26170,
350.240843446938,72834,352,646,26171,
350.2576645662413,72834,351,647,26171,
350.2599822178771,72833,352,647,26171,
350.26224729374945,72832,353,647,26171,
350.26283932447836,72832,353,646,26172,
350.2670041259173,72831,354,646,26172,
350.26850266726234,72831,354,645,26173,
350.27604089065545,72830,355,645,26173,
350.2787447442433,72830,354,646,26173,
350.28103783484823,72830,353,647,26173,
350.2832605533015,72829,354,647,26173,
350.2871681773581,72829,354,646,26174,
350.29521125229655,72829,354,645,26175,
350.30038053922385,72829,354,644,26176,
350.3044510666493,72829,353,645,26176,
350.3048839199047,72829,353,644,26177,
350.30523039273453,72828,354,644,26177,
350.3056288596946,72828,353,645,26177,
350.3064480202282,72828,352,646,26177,
350.30866518073213,72828,351,647,26177,
350.30998805701853,72828,351,646,26178,
350.31431388487357,72828,351,645,26179,
350.32615902131874,72828,350,646,26179,
350.327061738881,72828,350,645,26180,
350.3312790186194,72828,350,644,26181,
350.34075870398493,72828,350,643,26182,
350.3463400090284,72827,351,643,26182,
350.34737428898427,72826,352,643,26182,
350.3479598155417,72825,353,643,26182,
350.3540322255292,72825,352,644,26182,
350.3540580949606,72825,352,643,26183,
350.3544329176994,72824,353,643,26183,
350.3627223982122,72824,352,644,26183,
350.36479545120716,72824,351,645,26183,
350.3714273411605,72824,350,646,26183,
350.38046549274196,72824,349,647,26183,
350.38134508318825,72824,349,646,26184,
350.38196753505775,72824,349,645,26185,
350.3822106591175,72824,349,644,26186,
350.38439917179136,72824,348,645,26186,
350.38537970462096,72823,349,645,26186,
350.38674199149347,72823,348,646,26186,
350.3897208249989,72823,348,645,26187,
350.39316689428847,72822,349,645,26187,
350.3968527616766,72822,349,644,26188,
350.40428869742556,72821,350,644,26188,
350.405769730273,72821,349,645,26188,
350.40577301967926,72821,348,646,26188,
350.40984087829423,72821,348,645,26189,
350.4130968346992,72821,347,646,26189,
350.42083821648094,72821,347,645,26190,
350.42300026398203,72820,348,645,26190,
350.4233080192234,72819,349,645,26190,
350.4236123274703,72819,349,644,26191,
350.42739880847716,72819,349,643,26192,
350.43252360009643,72819,348,644,26192,
350.43519597106786,72818,349,644,26192,
350.4380672637744,72818,348,645,26192,
350.4388407511594,72817,349,645,26192,
350.4400674471898,72817,349,644,26193,
350.44588930885664,72816,350,644,26193,
350.451296955986,72816,350,643,26194,
350.4650600928887,72815,351,643,26194,
350.4657510497114,72814,352,643,26194,
350.48361609815873,72813,353,643,26194,
350.48970152092403,72813,352,644,26194,
350.5009442680742,72813,351,645,26194,
350.5013732483704,72813,351,644,26195,
350.50596778641386,72812,352,644,26195,
350.516116502156,72811,353,644,26195,
350.51660623973436,72811,352,645,26195,
350.5171395459417,72810,353,645,26195,
350.51832432412624,72810,353,644,26196,
350.524001426628,72810,353,643,26197,
350.52644585490964,72810,353,642,26198,
350.5310137134131,72809,354,642,26198,
350.5352531754729,72809,353,643,26198,
350.53533584043646,72809,353,642,26199,
350.53549060260843,72808,354,642,26199,
350.53625562373657,72808,353,643,26199,
350.5410840211327,72808,352,644,26199,
350.55049097567974,72808,352,643,26200,
350.5530710068866,72808,352,642,26201,
350.5540050220331,72808,351,643,26201,
350.5768479735295,72808,350,644,26201,
350.5875057103083,72807,351,644,26201,
350.58797202007537,72807,350,645,26201,
350.59349925678873,72807,349,646,26201,
350.60166087147303,72807,348,647,26201,
350.6036670079298,72807,348,646,26202,
350.60439138447964,72807,347,647,26202,
350.6056373544021,72807,347,646,26203,
350.6057723898683,72806,348,646,26203,
350.60936199822925,72806,348,645,26204,
350.6171578990111,72806,348,644,26205,
350.61759223933734,72806,348,643,26206,
350.6231081463262,72805,349,643,26206,
350.6290592489155,72805,348,644,26206,
350.6364550251725,72805,347,645,26206,
350.6364939001775,72805,347,644,26207,
350.64321043940964,72805,347,643,26208,
350.6533330490166,72805,347,642,26209,
350.6572586073446,72805,346,643,26209,
350.66321814268963,72805,345,644,26209,
350.6642471271699,72804,346,644,26209,
350.6676324639784,72804,345,645,26209,
350.675345641379,72803,346,645,26209,
350.67540135252625,72803,345,646,26209,
350.68325071574577,72802,346,646,26209,
350.6832558453503,72801,347,646,26209,
350.6875059760256,72801,346,647,26209,
350.6900247673332,72800,347,647,26209,
350.69118202789525,72800,346,648,26209,
350.69317808556355,72800,346,647,26210,
350.7027565235272,72799,347,647,26210,
350.7030892185269,72799,346,648,26210,
350.72020093835675,72798,347,648,26210,
350.7218759316287,72798,347,647,26211,
350.7230685906759,72797,348,647,26211,
350.7262240365518,72797,347,648,26211,
350.7267342202241,72796,348,648,26211,
350.7282739996197,72796,347,649,26211,
350.7343201695083,72796,346,650,26211,
350.7431186713036,72796,345,651,26211,
350.7450565015837,72795,346,651,26211,
350.7462905549164,72795,345,652,26211,
350.74753722547996,72794,346,652,26211,
350.7511992705541,72794,345,653,26211,
350.75813379003887,72794,345,652,26212,
350.7588756498648,72794,345,651,26213,
350.7640643725919,72794,344,652,26213,
350.77997232634647,72794,343,653,26213,
350.7820338283041,72794,342,654,26213,
350.7862896220357,72794,342,653,26214,
350.7904801745949,72794,342,652,26215,
350.79312833714664,72794,342,651,26216,
350.797261073521,72794,341,652,26216,
350.8052686697945,72793,342,652,26216,
350.8053663919698,72792,343,652,26216,
350.80619800410693,72792,343,651,26217,
350.8138221045703,72791,344,651,26217,
350.81596339379774,72790,345,651,26217,
350.82065754292637,72790,345,650,26218,
350.8207056876709,72790,345,649,26219,
350.82854027798106,72789,346,649,26219,
350.8344394754573,72788,347,649,26219,
350.8383907623994,72787,348,649,26219,
350.8384224622492,72787,347,650,26219,
350.84039537759173,72786,348,650,26219,
350.84137876195524,72786,347,651,26219,
350.84248578275424,72786,346,652,26219,
350.84572373209255,72785,347,652,26219,
350.8557871556039,72785,347,651,26220,
350.8609316558478,72785,346,652,26220,
350.86281571006134,72785,345,653,26220,
350.8745678098892,72784,346,653,26220,
350.87475181893865,72784,345,654,26220,
350.8808410634922,72783,346,654,26220,
350.8820655631515,72783,346,653,26221,
350.8847851094013,72783,345,654,26221,
350.888825673342,72783,345,653,26222,
350.89034771457415,72782,346,653,26222,
350.89426355343625,72781,347,653,26222,
350.8951607459866,72780,348,653,26222,
350.9001365506677,72780,348,652,26223,
350.90759303806533,72780,348,651,26224,
350.9096438132799,72780,348,650,26225,
350.9103203477732,72780,348,649,26226,
350.9106893230886,72779,349,649,26226,
350.912994317738,72779,349,648,26227,
350.9223994696695,72778,350,648,26227,
350.9229157177422,72777,351,648,26227,
350.9254357260202,72777,350,649,26227,
350.9272246174649,72777,349,650,26227,
350.9288626113772,72777,348,651,26227,
350.9320829753323,72777,347,652,26227,
350.9472457459458,72776,348,652,26227,
350.9517398513125,72776,347,653,26227,
350.96228682774466,72775,348,653,26227,
350.96681744671406,72775,347,654,26227,
350.96883307728933,72774,348,654,26227,
350.96961941341294,72774,347,655,26227,
350.97974748819064,72773,348,655,26227,
350.98856333952097,72772,349,655,26227,
350.992129382983,72772,348,656,26227,
350.99703425323037,72771,349,656,26227,
350.99981775377336,72770,350,656,26227,
351.00038014665273,72770,350,655,26228,
351.0004264722628,72769,351,655,26228,
351.01089708310036,72769,351,654,26229,
351.021455224413,72769,351,653,26230,
351.0256787026068,72769,350,654,26230,
351.0335383909074,72769,350,653,26231,
351.03560097539355,72769,350,652,26232,
351.03927934934455,72768,351,652,26232,
351.0395163547355,72767,352,652,26232,
351.04008814246214,72767,351,653,26232,
351.04266254832874,72767,351,652,26233,
351.04547138997214,72766,352,652,26233,
351.05717832487454,72765,353,652,26233,
351.0600807105984,72765,352,653,26233,
351.0610182661762,72764,353,653,26233,
351.0612157038154,72764,352,654,26233,
351.0681100330089,72764,351,655,26233,
351.0704093185024,72764,351,654,26234,
351.0734115073498,72763,352,654,26234,
351.086870129603,72763,352,653,26235,
351.0872199418743,72763,351,654,26235,
351.09038065963375,72763,350,655,26235,
351.0928884375589,72762,351,655,26235,
351.0942038026895,72762,350,656,26235,
351.09649682727974,72761,351,656,26235,
351.1000035451978,72761,351,655,26236,
351.10328324400405,72761,351,654,26237,
351.10745176845694,72761,351,653,26238,
351.11519470907365,72761,350,654,26238,
351.1207066148772,72760,351,654,26238,
351.1249959691953,72760,351,653,26239,
351.1345770921735,72760,351,652,26240,
351.13672641211,72760,350,653,26240,
351.1441898916507,72760,350,652,26241,
351.1452582489985,72759,351,652,26241,
351.1467777032336,72759,350,653,26241,
351.1481302004763,72759,350,652,26242,
351.14938186661976,72759,349,653,26242,
351.15558329900716,72759,349,652,26243,
351.1586118581435,72759,348,653,26243,
351.15991983966063,72759,347,654,26243,
351.182773420073,72759,346,655,26243,
351.18715084574524,72759,346,654,26244,
351.18936910700944,72758,347,654,26244,
351.1943034210835,72758,347,653,26245,
351.1966673748112,72758,346,654,26245,
351.20134938098136,72758,346,653,26246,
351.226721511192,72758,345,654,26246,
351.2274205995803,72758,345,653,26247,
351.2291772248954,72758,345,652,26248,
351.2338515872272,72758,344,653,26248,
351.23541385560446,72758,344,652,26249,
351.2376411859659,72758,344,651,26250,
351.2386761045045,72757,345,651,26250,
351.24924919442833,72756,346,651,26250,
351.2494921697673,72756,345,652,26250,
351.25033446844753,72755,346,652,26250,
351.25118393635194,72755,346,651,26251,
351.25180455279076,72755,345,652,26251,
351.2552909265163,72755,345,651,26252,
351.25784683207274,72755,345,650,26253,
351.2581534843548,72755,345,649,26254,
351.2590341039367,72755,345,648,26255,
351.260172970315,72755,344,649,26255,
351.260537604909,72755,344,648,26256,
351.26160118630986,72754,345,648,26256,
351.2706925697681,72754,345,647,26257,
351.27222925878647,72753,346,647,26257,
351.2839934262734,72752,347,647,26257,
351.2850443407772,72752,347,646,26258,
351.28530592282226,72751,348,646,26258,
351.2875192934265,72751,348,645,26259,
351.29072631861885,72751,348,644,26260,
351.2959146037666,72750,349,644,26260,
351.3016483442103,72749,350,644,26260,
351.3047149033973,72749,349,645,26260,
351.3074210922792,72748,350,645,26260,
351.3125460534105,72748,350,644,26261,
351.3229097856709,72748,349,645,26261,
351.32402334831596,72748,349,644,26262,
351.32627357852243,72748,349,643,26263,
351.3274717029037,72747,350,643,26263,
351.3559051282197,72747,350,642,26264,
351.35831423908917,72747,349,643,26264,
351.36385787105513,72746,350,643,26264,
351.36393672219634,72746,350,642,26265,
351.37048177490334,72746,349,643,26265,
351.37080177972166,72745,350,643,26265,
351.39405096752677,72744,351,643,26265,
351.4026083852902,72743,352,643,26265,
351.4027958604495,72743,352,642,26266,
351.407141929171,72743,352,641,26267,
351.4075026134155,72743,352,640,26268,
351.41133853474753,72743,352,639,26269,
351.4149243567939,72742,353,639,26269,
351.4158108101614,72741,354,639,26269,
351.4175230906496,72741,353,640,26269,
351.42569400101956,72741,353,639,26270,
351.43407973300316,72741,353,638,26271,
351.43484117596654,72741,353,637,26272,
351.4402887279765,72740,354,637,26272,
351.4413530900583,72739,355,637,26272,
351.45459377268315,72738,356,637,26272,
351.45736825427565,72738,356,636,26273,
351.46038575187555,72738,355,637,26273,
351.4683120520583,72738,354,638,26273,
351.47243856105655,72737,355,638,26273,
351.4756738865522,72737,354,639,26273,
351.47780643513084,72736,355,639,26273,
351.48692092158007,72736,355,638,26274,
351.4955701358037,72735,356,638,26274,
351.5018988287104,72734,357,638,26274,
351.51985141810025,72733,358,638,26274,
351.5243211175961,72732,359,638,26274,
351.52885682694307,72732,358,639,26274,
351.530038225644,72731,359,639,26274,
351.53228960308735,72730,360,639,26274,
351.53751953836723,72729,361,639,26274,
351.5401516299215,72729,360,640,26274,
351.5470936974918,72729,359,641,26274,
351.54933555969524,72729,358,642,26274,
351.5534769097901,72729,357,643,26274,
351.5632910170691,72729,357,642,26275,
351.5646094581478,72729,357,641,26276,
351.5685437292346,72728,358,641,26276,
351.5709135701395,72728,357,642,26276,
351.57647669004353,72727,358,642,26276,
351.58587531332864,72727,357,643,26276,
351.58855508749684,72726,358,643,26276,
351.59014921714646,72726,357,644,26276,
351.59065896577636,72726,357,643,26277,
351.59242181650455,72725,358,643,26277,
351.59432165193266,72725,357,644,26277,
351.6090631350893,72725,356,645,26277,
351.6115329570874,72725,356,644,26278,
351.6123965128145,72724,357,644,26278,
351.6180314387785,72723,358,644,26278,
351.62120373442485,72723,357,645,26278,
351.62176776257655,72723,356,646,26278,
351.6224572072918,72723,355,647,26278,
351.63870827902844,72723,355,646,26279,
351.63967954095085,72723,355,645,26280,
351.639798459054,72722,356,645,26280,
351.64147502199313,72721,357,645,26280,
351.64511195360416,72721,356,646,26280,
351.64923689193824,72720,357,646,26280,
351.662697470423,72720,357,645,26281,
351.6742930967429,72720,356,646,26281,
351.6745885711983,72719,357,646,26281,
351.6752755257587,72718,358,646,26281,
351.67812205908575,72717,359,646,26281,
351.67860516733924,72717,359,645,26282,
351.681767874322,72717,358,646,26282,
351.6835250803839,72717,358,645,26283,
351.68461920802855,72717,357,646,26283,
351.6864223359894,72717,357,645,26284,
351.68767364638836,72716,358,645,26284,
351.7048701471083,72716,358,644,26285,
351.7132287392652,72716,357,645,26285,
351.71606077274214,72716,357,644,26286,
351.7388838198825,72715,358,644,26286,
351.7422652606537,72715,358,643,26287,
351.7510678792977,72714,359,643,26287,
351.75387256638413,72714,359,642,26288,
351.7577290741325,72714,359,641,26289,
351.76338311439724,72714,359,640,26290,
351.7659858708643,72713,360,640,26290,
351.76609604098036,72712,361,640,26290,
351.7677397421698,72712,360,641,26290,
351.7720557161948,72712,360,640,26291,
351.7778641522634,72711,361,640,26291,
351.7790155030401,72710,362,640,26291,
351.78731376934815,72710,362,639,26292,
351.7905998179358,72710,362,638,26293,
351.7992573401223,72709,363,638,26293,
351.7996962256217,72709,362,639,26293,
351.8058846807237,72708,363,639,26293,
351.80852039279506,72708,363,638,26294,
351.81273307044614,72708,363,637,26295,
351.8129139594368,72708,363,636,26296,
351.8143722590265,72708,362,637,26296,
351.81941236734826,72708,361,638,26296,
351.8196778135316,72708,361,637,26297,
351.8331646247412,72708,361,636,26298,
351.8484041186575,72707,362,636,26298,
351.8510094769822,72707,361,637,26298,
351.85683888590853,72707,361,636,26299,
351.8569728169009,72707,360,637,26299,
351.85706745592944,72707,359,638,26299,
351.86532874673134,72706,360,638,26299,
351.8730699673475,72706,360,637,26300,
351.87505241748744,72706,360,636,26301,
351.8772974502357,72706,360,635,26302,
351.87941866955794,72705,361,635,26302,
351.8835274512657,72705,360,636,26302,
351.8868056123563,72705,359,637,26302,
351.88922364240244,72705,358,638,26302,
351.9089487530249,72705,357,639,26302,
351.9091419716521,72705,357,638,26303,
351.91697676307217,72705,357,637,26304,
351.9171349066367,72705,357,636,26305,
351.9186979217065,72705,356,637,26305,
351.920955130682,72704,357,637,26305,
351.92604151682843,72703,358,637,26305,
351.9262114135448,72703,358,636,26306,
351.9327468671417,72702,359,636,26306,
351.9345918168958,72702,359,635,26307,
351.94257162895224,72702,358,636,26307,
351.95248675325774,72702,358,635,26308,
351.95672713725224,72702,358,634,26309,
351.95733644947836,72702,357,635,26309,
351.95834278248964,72702,357,634,26310,
351.9589424561094,72702,357,633,26311,
351.96114744552784,72702,357,632,26312,
351.97200754234166,72702,356,633,26312,
351.9821079659895,72702,355,634,26312,
351.9830832761034,72702,355,633,26313,
351.9942229331639,72701,356,633,26313,
352.0099554196364,72701,355,634,26313,
352.01365952075105,72700,356,634,26313,
352.01569461874783,72700,355,635,26313,
352.02752428602236,72700,355,634,26314,
352.02812356672973,72699,356,634,26314,
352.03102736250355,72698,357,634,26314,
352.0406674380703,72698,356,635,26314,
352.0412252312215,72697,357,635,26314,
352.050258324417,72696,358,635,26314,
352.05254298845455,72696,357,636,26314,
352.05783744101296,72696,357,635,26315,
352.0626966377591,72695,358,635,26315,
352.06564162818114,72695,358,634,26316,
352.06759461018095,72695,357,635,26316,
352.0682486705901,72694,358,635,26316,
352.07282103997983,72694,357,636,26316,
352.08553150240294,72693,358,636,26316,
352.1021798709407,72693,358,635,26317,
352.1021839375802,72693,358,634,26318,
352.1031315700738,72692,359,634,26318,
352.10326784352793,72691,360,634,26318,
352.10593730588823,72691,360,633,26319,
352.1169154013885,72690,361,633,26319,
352.1214381032144,72690,360,634,26319,
352.1354824638344,72690,359,635,26319,
352.1507204488561,72690,359,634,26320,
352.1606778181356,72689,360,634,26320,
352.1611686751468,72689,360,633,26321,
352.1738293051033,72688,361,633,26321,
352.1784680046522,72688,361,632,26322,
352.1821676408455,72688,361,631,26323,
352.1827636194677,72688,361,630,26324,
352.1840926085111,72688,360,631,26324,
352.18561207664493,72688,359,632,26324,
352.18741536967894,72688,358,633,26324,
352.18899782650703,72688,357,634,26324,
352.1925080821293,72687,358,634,26324,
352.1933586103828,72687,358,633,26325,
352.2023511008711,72687,358,632,26326,
352.2032908825292,72687,358,631,26327,
352.21039365793405,72687,357,632,26327,
352.2108649056974,72686,358,632,26327,
352.2157594436367,72685,359,632,26327,
352.2159486919685,72685,358,633,26327,
352.21864890626466,72685,358,632,26328,
352.22528328996384,72685,358,631,26329,
352.2299524659187,72685,358,630,26330,
352.24274445434276,72685,358,629,26331,
352.24724505362497,72684,359,629,26331,
352.2537452491142,72683,360,629,26331,
352.2566222161248,72682,361,629,26331,
352.25670923106674,72681,362,629,26331,
352.25918084538245,72681,361,630,26331,
352.289769573786,72681,360,631,26331,
352.29108646614526,72681,359,632,26331,
352.29147141866497,72681,358,633,26331,
352.2950385111951,72681,357,634,26331,
352.29540643729644,72681,357,633,26332,
352.3061723374143,72680,358,633,26332,
352.30821882426346,72680,358,632,26333,
352.30856616871307,72680,358,631,26334,
352.31766605000223,72680,358,630,26335,
352.32394732263754,72680,358,629,26336,
352.329453361189,72679,359,629,26336,
352.33231182575236,72679,359,628,26337,
352.3391481107951,72679,359,627,26338,
352.3495658681872,72679,359,626,26339,
352.35096751184807,72679,358,627,26339,
352.3560506013264,72678,359,627,26339,
352.3603454007151,72677,360,627,26339,
352.3691105365407,72677,359,628,26339,
352.3725340738666,72676,360,628,26339,
352.3753619494038,72676,360,627,26340,
352.3755076494822,72675,361,627,26340,
352.37809710370334,72674,362,627,26340,
352.3804440423543,72674,361,628,26340,
352.3820241196435,72674,360,629,26340,
352.3833009927466,72673,361,629,26340,
352.3947442431641,72673,361,628,26341,
352.3986665326588,72672,362,628,26341,
352.40044801161457,72671,363,628,26341,
352.40348505373356,72671,363,627,26342,
352.4136281541038,72671,362,628,26342,
352.4223595739062,72671,361,629,26342,
352.4237423590646,72670,362,629,26342,
352.4245481811689,72670,361,630,26342,
352.4261715799382,72669,362,630,26342,
352.42715731392724,72669,361,631,26342,
352.42912720518973,72669,360,632,26342,
352.42973679533736,72669,359,633,26342,
352.44501234752954,72669,359,632,26343,
352.44683769390747,72669,359,631,26344,
352.45168450690056,72669,359,630,26345,
352.4559788257607,72668,360,630,26345,
352.46467938180456,72668,359,631,26345,
352.46743237812353,72668,358,632,26345,
352.4740126715339,72668,358,631,26346,
352.4782846650497,72668,357,632,26346,
352.4897258202644,72668,356,633,26346,
352.4921628883614,72668,356,632,26347,
352.50253948189254,72668,356,631,26348,
352.5143296440796,72668,355,632,26348,
352.51689910278134,72667,356,632,26348,
352.5278984348135,72667,356,631,26349,
352.53421205970875,72667,355,632,26349,
352.5372645459949,72667,354,633,26349,
352.5407363571748,72667,354,632,26350,
352.54838581034346,72667,354,631,26351,
352.55135485175333,72667,353,632,26351,
352.55869483621115,72667,352,633,26351,
352.57368403696853,72666,353,633,26351,
352.57682588736253,72665,354,633,26351,
352.5768605578965,72665,354,632,26352,
352.57823118071394,72665,354,631,26353,
352.5820248195865,72665,353,632,26353,
352.58476574388555,72665,353,631,26354,
352.5937890443296,72665,353,630,26355,
352.5954829079415,72665,352,631,26355,
352.60455817364317,72665,351,632,26355,
352.60844313772276,72665,350,633,26355,
352.61301043727246,72665,349,634,26355,
352.6148369338886,72665,349,633,26356,
352.63464973944826,72665,349,632,26357,
352.6408870374473,72664,350,632,26357,
352.6431054882814,72663,351,632,26357,
352.6441430444476,72663,351,631,26358,
352.6496670613933,72663,351,630,26359,
352.6554360602751,72663,350,631,26359,
352.65876614477963,72663,349,632,26359,
352.66724975678085,72663,348,633,26359,
352.66765286235216,72663,347,634,26359,
352.6698643696208,72663,347,633,26360,
352.6789843635821,72663,347,632,26361,
352.6803294634999,72662,348,632,26361,
352.69347093311956,72662,348,631,26362,
352.7005749591408,72662,348,630,26363,
352.70251430758475,72662,348,629,26364,
352.7033209527066,72661,349,629,26364,
352.70460456664176,72661,348,630,26364,
352.7116273359817,72660,349,630,26364,
352.7136210389062,72660,348,631,26364,
352.7188973194424,72660,348,630,26365,
352.73246941228945,72660,347,631,26365,
352.7336400132732,72660,346,632,26365,
352.73848421405165,72660,345,633,26365,
352.739942688592,72659,346,633,26365,
352.7430715659663,72659,346,632,26366,
352.74929375403997,72659,345,633,26366,
352.7512310931939,72659,344,634,26366,
352.7611942739908,72659,343,635,26366,
352.7690617741793,72659,343,634,26367,
352.77129945615087,72659,342,635,26367,
352.77140072943433,72658,343,635,26367,
352.779968107876,72657,344,635,26367,
352.78862363436,72656,345,635,26367,
352.79656822196273,72655,346,635,26367,
352.7974874751753,72654,347,635,26367,
352.7985436090689,72654,346,636,26367,
352.80544589430156,72654,346,635,26368,
352.8110828962611,72653,347,635,26368,
352.8138180854959,72653,346,636,26368,
352.8193349668604,72653,345,637,26368,
352.8264565157227,72652,346,637,26368,
352.8298088069128,72652,346,636,26369,
352.82988293363655,72652,345,637,26369,
352.8366192612016,72652,345,636,26370,
352.8402881459362,72652,345,635,26371,
352.8597331365021,72652,345,634,26372,
352.86232171356346,72652,344,635,26372,
352.8647961964713,72652,344,634,26373,
352.8652088185253,72652,343,635,26373,
352.86725723445846,72652,343,634,26374,
352.86817341272905,72651,344,634,26374,
352.8751070201416,72651,343,635,26374,
352.8764481464508,72650,344,635,26374,
352.8788678230951,72650,344,634,26375,
352.88102303588835,72650,344,633,26376,
352.88276907181984,72649,345,633,26376,
352.8951308190127,72649,344,634,26376,
352.8977949512612,72649,343,635,26376,
352.89959010163045,72649,343,634,26377,
352.9068467818285,72648,344,634,26377,
352.9073974099372,72647,345,634,26377,
352.9166915357981,72646,346,634,26377,
352.91695801644926,72646,346,633,26378,
352.9196491025393,72646,345,634,26378,
352.91999461866794,72646,344,635,26378,
352.92244445111004,72646,344,634,26379,
352.9249758354377,72646,344,633,26380,
352.9297489165412,72646,344,632,26381,
352.9314408813494,72646,344,631,26382,
352.93180404821913,72646,344,630,26383,
352.9360216514904,72646,344,629,26384,
352.937127318288,72645,345,629,26384,
352.946497238039,72645,345,628,26385,
352.949017628852,72644,346,628,26385,
352.949247220486,72644,346,627,26386,
352.9506973750769,72644,345,628,26386,
352.9525729090293,72643,346,628,26386,
352.95281622243664,72642,347,628,26386,
352.96008611669146,72642,347,627,26387,
352.9607851657573,72642,346,628,26387,
352.9627584804905,72642,345,629,26387,
352.96315052329334,72642,345,628,26388,
352.96634458358255,72642,344,629,26388,
352.98376697249216,72642,343,630,26388,
352.99781014860366,72642,342,631,26388,
353.006004784577,72641,343,631,26388,
353.01074625837657,72640,344,631,26388,
353.03184632990167,72639,345,631,26388,
353.0326370451553,72639,345,630,26389,
353.04820895078143,72639,344,631,26389,
353.051231269407,72639,343,632,26389,
353.05892409643184,72639,342,633,26389,
353.0687672607031,72639,341,634,26389,
353.079251801086,72638,342,634,26389,
353.0819376510662,72638,342,633,26390,
353.08230067801753,72638,342,632,26391,
353.08434002920046,72638,341,633,26391,
353.086491594504,72638,340,634,26391,
353.08927417514485,72638,340,633,26392,
353.0894579978359,72638,339,634,26392,
353.104659791741,72638,339,633,26393,
353.1082269350417,72638,339,632,26394,
353.1107600265464,72637,340,632,26394,
353.12006604999686,72636,341,632,26394,
353.1230234879536,72636,340,633,26394,
353.12452548304327,72636,340,632,26395,
353.1249813894559,72636,339,633,26395,
353.1268618518409,72636,339,632,26396,
353.1328603379856,72635,340,632,26396,
353.14043462613984,72635,340,631,26397,
353.14247682585153,72634,341,631,26397,
353.1475846886475,72633,342,631,26397,
353.1531619999825,72633,341,632,26397,
353.15521037845343,72632,342,632,26397,
353.16594634120514,72632,341,633,26397,
353.1672254902838,72631,342,633,26397,
353.17390674688704,72631,342,632,26398,
353.1824302592354,72631,341,633,26398,
353.1832722728864,72630,342,633,26398,
353.1889241568765,72630,341,634,26398,
353.1930927737783,72629,342,634,26398,
353.1963521681473,72628,343,634,26398,
353.19694406691104,72627,344,634,26398,
353.20286987292906,72627,344,633,26399,
353.2058510587004,72626,345,633,26399,
353.20817107285626,72625,346,633,26399,
353.21285108788265,72625,345,634,26399,
353.2223101833145,72625,344,635,26399,
353.22315341044776,72625,344,634,26400,
353.2251358635753,72625,343,635,26400,
353.22941718056086,72625,342,636,26400,
353.2352266503557,72624,343,636,26400,
353.2382535478713,72624,342,637,26400,
353.2384828161419,72624,341,638,26400,
353.25134747228003,72624,341,637,26401,
353.2526734493427,72624,341,636,26402,
353.2533889058139,72623,342,636,26402,
353.25447860323965,72622,343,636,26402,
353.2547188853687,72622,342,637,26402,
353.25624875587914,72622,341,638,26402,
353.2661811715068,72622,341,637,26403,
353.2740400916868,72622,341,636,26404,
353.2745028047686,72622,341,635,26405,
353.2747014834128,72621,342,635,26405,
353.2805514406799,72621,342,634,26406,
353.2833265994013,72621,341,635,26406,
353.2905877362348,72621,340,636,26406,
353.2949392639805,72621,340,635,26407,
353.30189622797417,72621,339,636,26407,
353.3063346945519,72621,338,637,26407,
353.3077602627938,72620,339,637,26407,
353.3093507176697,72619,340,637,26407,
353.30947421135085,72619,339,638,26407,
353.3116511961001,72619,338,639,26407,
353.3148634699478,72619,337,640,26407,
353.32272258832666,72619,337,639,26408,
353.32351215320574,72618,338,639,26408,
353.3336140394542,72617,339,639,26408,
353.34632009510574,72617,338,640,26408,
353.35104265486433,72617,338,639,26409,
353.3523262585867,72617,337,640,26409,
353.3612130569398,72617,337,639,26410,
353.3636635927466,72617,337,638,26411,
353.3656945725894,72617,337,637,26412,
353.36787977696235,72616,338,637,26412,
353.37821297135304,72616,338,636,26413,
353.38033197844607,72615,339,636,26413,
353.38846912893183,72614,340,636,26413,
353.3885587490946,72614,339,637,26413,
353.3901562149533,72614,338,638,26413,
353.41119453807585,72613,339,638,26413,
353.4155262997076,72613,338,639,26413,
353.4158677247674,72613,337,640,26413,
353.4257396922037,72613,337,639,26414,
353.42703450763986,72612,338,639,26414,
353.43161981976544,72612,337,640,26414,
353.4355439313321,72612,336,641,26414,
353.4368681595609,72612,336,640,26415,
353.43886689978007,72612,336,639,26416,
353.4440412070813,72612,335,640,26416,
353.445172333836,72612,335,639,26417,
353.4506576432516,72612,335,638,26418,
353.45136708038723,72611,336,638,26418,
353.4590419669943,72611,335,639,26418,
353.467333191601,72611,335,638,26419,
353.47260244499785,72611,335,637,26420,
353.47261796949556,72611,335,636,26421,
353.4834865820005,72611,335,635,26422,
353.4837617022341,72611,334,636,26422,
353.49369295202564,72610,335,636,26422,
353.4946408806111,72610,334,637,26422,
353.4953773755727,72610,333,638,26422,
353.49677451170373,72610,332,639,26422,
353.49792778181063,72610,332,638,26423,
353.50035813889457,72610,332,637,26424,
353.50050051493565,72610,332,636,26425,
353.5094953223035,72610,332,635,26426,
353.5113415883303,72609,333,635,26426,
353.5133627876032,72609,333,634,26427,
353.5164832421912,72608,334,634,26427,
353.5168157476519,72608,334,633,26428,
353.52196039293153,72608,333,634,26428,
353.53166022009265,72607,334,634,26428,
353.5395441113507,72607,333,635,26428,
353.5407963600025,72607,332,636,26428,
353.5438634480395,72607,331,637,26428,
353.54786402114524,72607,330,638,26428,
353.55339546284955,72607,329,639,26428,
353.5560809674249,72607,328,640,26428,
353.56093713768456,72606,329,640,26428,
353.56480909542415,72606,329,639,26429,
353.56560932996786,72605,330,639,26429,
353.56944439751993,72604,331,639,26429,
353.5706951538096,72604,330,640,26429,
353.57482824058076,72603,331,640,26429,
353.57750310001563,72603,331,639,26430,
353.58089413142665,72603,330,640,26430,
353.5965487636769,72603,329,641,26430,
353.5968245002781,72603,329,640,26431,
353.60415519729867,72603,328,641,26431,
353.6074190535969,72603,328,640,26432,
353.60766059414306,72603,327,641,26432,
353.6091362076084,72602,328,641,26432,
353.6162731922268,72602,327,642,26432,
353.61965533726726,72601,328,642,26432,
353.62051783957,72601,327,643,26432,
353.6241639694425,72600,328,643,26432,
353.62484030754763,72600,328,642,26433,
353.62648068251855,72599,329,642,26433,
353.62962647071134,72599,329,641,26434,
353.6297065504647,72598,330,641,26434,
353.63510156501667,72598,330,640,26435,
353.63800756517367,72598,329,641,26435,
353.6416068405059,72598,329,640,26436,
353.64869729172824,72597,330,640,26436,
353.6499992289643,72596,331,640,26436,
353.6709907449589,72595,332,640,26436,
353.6759348908246,72595,331,641,26436,
353.69529213359175,72595,330,642,26436,
353.69617644357476,72594,331,642,26436,
353.6974362139753,72594,331,641,26437,
353.7053785683007,72593,332,641,26437,
353.7080379468559,72592,333,641,26437,
353.7105476500923,72592,332,642,26437,
353.72732588633477,72592,331,643,26437,
353.7274708658439,72592,331,642,26438,
353.72970538038777,72591,332,642,26438,
353.73557257731034,72591,332,641,26439,
353.7402544501299,72590,333,641,26439,
353.74993804084386,72589,334,641,26439,
353.7618377736983,72589,334,640,26440,
353.7653607399214,72589,334,639,26441,
353.77630887784034,72589,333,640,26441,
353.77874548785303,72589,333,639,26442,
353.78699864688576,72588,334,639,26442,
353.79075325538236,72587,335,639,26442,
353.80639370110447,72587,334,640,26442,
353.8102213402148,72587,333,641,26442,
353.817567897698,72587,332,642,26442,
353.8247518286785,72587,332,641,26443,
353.8306773723593,72586,333,641,26443,
353.8419482558962,72586,332,642,26443,
353.85001785436646,72586,332,641,26444,
353.85098649888715,72586,332,640,26445,
353.85269565289144,72586,332,639,26446,
353.85471256410864,72586,331,640,26446,
353.85845167152513,72585,332,640,26446,
353.8648670011123,72585,331,641,26446,
353.87322226848556,72585,330,642,26446,
353.8762085472491,72585,330,641,26447,
353.8768193392072,72584,331,641,26447,
353.8823798871486,72584,331,640,26448,
353.8980529747531,72584,331,639,26449,
353.90367964485455,72583,332,639,26449,
353.9134509466379,72583,332,638,26450,
353.9192197057715,72582,333,638,26450,
353.92356788949473,72582,333,637,26451,
353.924263858201,72582,332,638,26451,
353.9377349904509,72582,332,637,26452,
353.9445774273424,72582,332,636,26453,
353.94884631567606,72582,331,637,26453,
353.94967915879585,72581,332,637,26453,
353.95156245061503,72581,331,638,26453,
353.9549638142735,72580,332,638,26453,
353.9571350573327,72579,333,638,26453,
353.95839502340584,72578,334,638,26453,
353.9699793117448,72578,333,639,26453,
353.97182630520274,72578,333,638,26454,
353.9721316575375,72578,332,639,26454,
353.9721791378234,72578,332,638,26455,
353.9755450056818,72577,333,638,26455,
353.98550934904046,72577,333,637,26456,
354.0002151592967,72577,333,636,26457,
354.0056296698167,72577,332,637,26457,
354.0074579509699,72577,332,636,26458,
354.0212504785314,72577,332,635,26459,
354.02275639955644,72577,332,634,26460,
354.03063247054865,72576,333,634,26460,
354.03527814171963,72576,332,635,26460,
354.0361649836356,72575,333,635,26460,
354.03810816003346,72575,332,636,26460,
354.04740679689274,72575,332,635,26461,
354.04846489024743,72574,333,635,26461,
354.0542458354747,72574,333,634,26462,
354.0571723459111,72574,333,633,26463,
354.05892527737495,72573,334,633,26463,
354.0621836742574,72573,334,632,26464,
354.0625563163755,72572,335,632,26464,
354.06335767038235,72572,334,633,26464,
354.06665572855303,72571,335,633,26464,
354.0675855638176,72571,334,634,26464,
354.076322342648,72570,335,634,26464,
354.0777737935401,72570,335,633,26465,
354.08936270702276,72569,336,633,26465,
354.1190987675383,72568,337,633,26465,
354.1236561160631,72568,337,632,26466,
354.14609323085506,72568,336,633,26466,
354.1463737262512,72567,337,633,26466,
354.1487569447282,72566,338,633,26466,
354.1539656895132,72566,338,632,26467,
354.1565545442192,72565,339,632,26467,
354.16117633258665,72565,338,633,26467,
354.1636224578335,72565,338,632,26468,
354.1775892547669,72564,339,632,26468,
354.17888513962,72563,340,632,26468,
354.18997914620064,72563,340,631,26469,
354.1921278098134,72563,340,630,26470,
354.20132424271134,72563,339,631,26470,
354.20460742270484,72563,338,632,26470,
354.20626094443907,72563,338,631,26471,
354.21013928214325,72563,338,630,26472,
354.2109454958081,72562,339,630,26472,
354.21514510612815,72562,338,631,26472,
354.21572322405615,72561,339,631,26472,
354.2181808023024,72561,339,630,26473,
354.23144077202,72561,338,631,26473,
354.2460451337283,72561,338,630,26474,
354.248582199329,72561,338,629,26475,
354.2493595817745,72560,339,629,26475,
354.2514332451615,72560,339,628,26476,
354.25782236707295,72559,340,628,26476,
354.2607324359622,72559,340,627,26477,
354.2615379498707,72558,341,627,26477,
354.2672538149478,72558,341,626,26478,
354.26812694293164,72558,340,627,26478,
354.26872768909493,72557,341,627,26478,
354.29376475590664,72556,342,627,26478,
354.3120601004794,72555,343,627,26478,
354.3144900593077,72554,344,627,26478,
354.3172268714721,72553,345,627,26478,
354.31759449055,72552,346,627,26478,
354.3206838136397,72551,347,627,26478,
354.3255856775249,72551,347,626,26479,
354.3282918378305,72551,346,627,26479,
354.32897430757146,72551,346,626,26480,
354.3291699247993,72551,346,625,26481,
354.3342618087898,72551,346,624,26482,
354.3443701492484,72551,345,625,26482,
354.34446917415835,72551,345,624,26483,
354.35585691931163,72551,344,625,26483,
354.3565403676072,72551,344,624,26484,
354.36065682701144,72551,343,625,26484,
354.3624917011728,72551,342,626,26484,
354.3677765107378,72551,341,627,26484,
354.3716439504211,72551,341,626,26485,
354.3741485431233,72550,342,626,26485,
354.3791749934218,72550,341,627,26485,
354.3910547791322,72549,342,627,26485,
354.39620771421744,72549,341,628,26485,
354.39959769443516,72549,340,629,26485,
354.4008229696138,72549,339,630,26485,
354.4012942204414,72548,340,630,26485,
354.4063959753668,72548,340,629,26486,
354.4122742939922,72548,340,628,26487,
354.4199052056499,72548,340,627,26488,
354.4216070792987,72547,341,627,26488,
354.4251007335796,72546,342,627,26488,
354.42637137618846,72545,343,627,26488,
354.429254133913,72545,343,626,26489,
354.4318807709604,72544,344,626,26489,
354.4321994914635,72544,343,627,26489,
354.44649221602674,72543,344,627,26489,
354.45516822160903,72542,345,627,26489,
354.4552317694686,72542,345,626,26490,
354.458409809135,72541,346,626,26490,
354.4664327482408,72541,345,627,26490,
354.4700654509421,72541,344,628,26490,
354.4712214306804,72541,344,627,26491,
354.4858241378865,72541,343,628,26491,
354.4865795267138,72541,342,629,26491,
354.4965505769142,72541,341,630,26491,
354.50160505660443,72541,341,629,26492,
354.5029446552017,72541,340,630,26492,
354.5045823128721,72541,340,629,26493,
354.51484821079305,72540,341,629,26493,
354.52635041910486,72540,341,628,26494,
354.5315132580282,72539,342,628,26494,
354.53492489322997,72539,341,629,26494,
354.5368000696722,72539,340,630,26494,
354.5401679150043,72539,339,631,26494,
354.5409659696274,72539,338,632,26494,
354.56697122741826,72539,337,633,26494,
354.5678594352617,72539,337,632,26495,
354.572592725211,72539,336,633,26495,
354.5749688772769,72539,336,632,26496,
354.5821890155462,72539,335,633,26496,
354.58234323054523,72539,335,632,26497,
354.5823897534389,72539,335,631,26498,
354.5891985403842,72538,336,631,26498,
354.5935665329602,72538,335,632,26498,
354.59485338616577,72538,335,631,26499,
354.5969520340762,72537,336,631,26499,
354.60405190949587,72537,336,630,26500,
354.6041402264856,72536,337,630,26500,
354.60593755886566,72535,338,630,26500,
354.60771878207345,72535,338,629,26501,
354.61375810533497,72534,339,629,26501,
354.62083240120694,72534,338,630,26501,
354.64543841789794,72533,339,630,26501,
354.65139043488955,72532,340,630,26501,
354.66341886002647,72531,341,630,26501,
354.6644880829062,72531,341,629,26502,
354.6692507977127,72531,340,630,26502,
354.6711460730008,72531,339,631,26502,
354.683490064908,72531,339,630,26503,
354.68389083055075,72531,339,629,26504,
354.6845599639512,72531,339,628,26505,
354.69126216828977,72531,339,627,26506,
354.69392958619915,72531,338,628,26506,
354.7029229861206,72531,337,629,26506,
354.70715690148853,72531,336,630,26506,
354.70752330632484,72531,335,631,26506,
354.7146603038704,72531,334,632,26506,
354.7189501205539,72531,334,631,26507,
354.7198364743126,72531,334,630,26508,
354.7199092626913,72531,334,629,26509,
354.7413816314344,72530,335,629,26509,
354.7499109813621,72530,334,630,26509,
354.7603508114201,72530,334,629,26510,
354.773717979371,72530,333,630,26510,
354.7795652606576,72530,333,629,26511,
354.78028718329944,72530,332,630,26511,
354.7821751735266,72530,332,629,26512,
354.7866118618715,72529,333,629,26512,
354.788031982136,72528,334,629,26512,
354.80304496293263,72527,335,629,26512,
354.80775412183283,72527,335,628,26513,
354.8161222208104,72527,334,629,26513,
354.82882800862797,72526,335,629,26513,
354.8414531180902,72526,335,628,26514,
354.8615705049026,72526,335,627,26515,
354.872822370081,72525,336,627,26515,
354.8731905468292,72524,337,627,26515,
354.8740406549188,72524,336,628,26515,
354.8742316210046,72523,337,628,26515,
354.87587181706044,72522,338,628,26515,
354.880032069209,72521,339,628,26515,
354.88270780341526,72520,340,628,26515,
354.8838317917905,72519,341,628,26515,
354.88480231070116,72519,341,627,26516,
354.8910315425965,72518,342,627,26516,
354.89857625518346,72518,342,626,26517,
354.90130239046687,72517,343,626,26517,
354.90334717555186,72516,344,626,26517,
354.90587034519893,72516,344,625,26518,
354.91661662878033,72516,343,626,26518,
354.91699332639183,72516,343,625,26519,
354.92394637608373,72516,343,624,26520,
354.9253722055809,72516,343,623,26521,
354.929984304818,72516,343,622,26522,
354.9337114828103,72516,343,621,26523,
354.93935837985333,72515,344,621,26523,
354.9456510317459,72514,345,621,26523,
354.9501299007326,72514,344,622,26523,
354.95099694697495,72513,345,622,26523,
354.9600945013939,72512,346,622,26523,
354.967858093454,72512,345,623,26523,
354.9789658387483,72512,345,622,26524,
354.97951368344314,72512,345,621,26525,
354.98069831010366,72511,346,621,26525,
354.9873453087197,72510,347,621,26525,
354.98873070380773,72510,346,622,26525,
354.99065399815026,72509,347,622,26525,
355.00546209620694,72509,346,623,26525,
355.01149082877055,72509,345,624,26525,
355.01694773823885,72508,346,624,26525,
355.0267649215414,72508,345,625,26525,
355.0315052777828,72507,346,625,26525,
355.03356658017094,72506,347,625,26525,
355.03471968972445,72506,346,626,26525,
355.0367119495171,72505,347,626,26525,
355.04320376765105,72505,347,625,26526,
355.04885866866755,72504,348,625,26526,
355.0507114023046,72504,347,626,26526,
355.0512883268276,72504,347,625,26527,
355.05468008117094,72504,346,626,26527,
355.0559273423311,72504,345,627,26527,
355.06050578545194,72504,344,628,26527,
355.06155646696186,72504,343,629,26527,
355.06339706271933,72504,343,628,26528,
355.0650394605872,72503,344,628,26528,
355.0656307853392,72502,345,628,26528,
355.0707836614236,72502,344,629,26528,
355.07511709725014,72502,343,630,26528,
355.0787395213428,72502,343,629,26529,
355.0893305261248,72501,344,629,26529,
355.09158576754913,72501,343,630,26529,
355.09311953121795,72500,344,630,26529,
355.09968599714966,72500,343,631,26529,
355.1049409965892,72500,342,632,26529,
355.10629597817575,72500,341,633,26529,
355.10796491537275,72499,342,633,26529,
355.1092871261252,72498,343,633,26529,
355.1187432976201,72498,342,634,26529,
355.13058596135426,72497,343,634,26529,
355.1391021569467,72497,342,635,26529,
355.17914941606114,72497,342,634,26530,
355.18276527745326,72497,341,635,26530,
355.18781554127764,72496,342,635,26530,
355.188117210382,72496,341,636,26530,
355.2004225119948,72496,340,637,26530,
355.2038439029212,72496,339,638,26530,
355.2043705366513,72495,340,638,26530,
355.20622374712883,72495,340,637,26531,
355.2095897172743,72495,339,638,26531,
355.21376339982294,72495,339,637,26532,
355.21698189448233,72495,339,636,26533,
355.21725922700193,72495,339,635,26534,
355.22061801645987,72495,339,634,26535,
355.2227241699017,72495,339,633,26536,
355.22931637493275,72495,338,634,26536,
355.2363304025931,72495,338,633,26537,
355.23759769066197,72495,338,632,26538,
355.24415291092123,72494,339,632,26538,
355.24474233570965,72494,339,631,26539,
355.24558863501153,72494,339,630,26540,
355.2458790753054,72494,338,631,26540,
355.2474683402047,72494,337,632,26540,
355.24955132463,72494,336,633,26540,
355.2515082814158,72493,337,633,26540,
355.26801540179827,72493,337,632,26541,
355.27396358904633,72492,338,632,26541,
355.275605186051,72492,338,631,26542,
355.28292247536797,72492,337,632,26542,
355.2857749762621,72491,338,632,26542,
355.2863268665371,72491,337,633,26542,
355.2909655770485,72491,336,634,26542,
355.29489416207355,72491,335,635,26542,
355.2960307483651,72491,335,634,26543,
355.2968243490703,72491,335,633,26544,
355.30410774174646,72491,335,632,26545,
355.31004791549685,72491,335,631,26546,
355.3129406258388,72490,336,631,26546,
355.32340282527423,72490,335,632,26546,
355.32609721009055,72490,334,633,26546,
355.32796485846353,72490,334,632,26547,
355.3283349461439,72490,333,633,26547,
355.33185394907116,72489,334,633,26547,
355.3319059763276,72488,335,633,26547,
355.332095262711,72487,336,633,26547,
355.3404287832217,72487,335,634,26547,
355.3429967828602,72487,334,635,26547,
355.3438161617869,72486,335,635,26547,
355.3465013087137,72486,335,634,26548,
355.34868036804767,72486,335,633,26549,
355.35754225849513,72485,336,633,26549,
355.3584618424869,72485,336,632,26550,
355.3666996618099,72484,337,632,26550,
355.37308273590236,72484,336,633,26550,
355.38364884471844,72484,336,632,26551,
355.38477193647253,72484,336,631,26552,
355.38791427476775,72483,337,631,26552,
355.39117783759946,72483,337,630,26553,
355.394544467675,72483,336,631,26553,
355.39856454741357,72483,335,632,26553,
355.4046455373118,72483,334,633,26553,
355.4096543183711,72482,335,633,26553,
355.42703788324155,72482,335,632,26554,
355.4318071197363,72482,335,631,26555,
355.4399302454473,72482,335,630,26556,
355.4467328381357,72482,335,629,26557,
355.453162083543,72482,334,630,26557,
355.4607094483563,72482,333,631,26557,
355.4610265401845,72482,333,630,26558,
355.4634375473594,72482,333,629,26559,
355.46704399162905,72481,334,629,26559,
355.47698978300133,72481,334,628,26560,
355.48001694330446,72480,335,628,26560,
355.48753988366974,72480,334,629,26560,
355.4963186334008,72480,333,630,26560,
355.5043832569853,72480,333,629,26561,
355.51028007933553,72479,334,629,26561,
355.5147336439432,72479,334,628,26562,
355.5231814058069,72479,333,629,26562,
355.52701099631827,72478,334,629,26562,
355.5297406924556,72477,335,629,26562,
355.53436359281153,72477,335,628,26563,
355.5417614897621,72476,336,628,26563,
355.5420861876892,72475,337,628,26563,
355.54505511667026,72474,338,628,26563,
355.5573344700645,72474,337,629,26563,
355.55965229338335,72474,337,628,26564,
355.56086701594006,72474,337,627,26565,
355.5615211205772,72473,338,627,26565,
355.56814389031234,72473,338,626,26566,
355.5717240775264,72472,339,626,26566,
355.5762609670255,72472,338,627,26566,
355.57757235802,72471,339,627,26566,
355.58062391232187,72470,340,627,26566,
355.59839638237077,72470,340,626,26567,
355.61106454565703,72469,341,626,26567,
355.61782429953064,72468,342,626,26567,
355.62095609382834,72468,342,625,26568,
355.62499453834903,72468,342,624,26569,
355.6341581308095,72468,341,625,26569,
355.6388482445053,72468,340,626,26569,
355.64892474582336,72467,341,626,26569,
355.64921307802643,72467,340,627,26569,
355.65328730450756,72466,341,627,26569,
355.6705929381587,72466,341,626,26570,
355.6872468354667,72466,340,627,26570,
355.6909975974748,72465,341,627,26570,
355.69229304381764,72465,341,626,26571,
355.6927024726048,72465,341,625,26572,
355.6980268310938,72465,340,626,26572,
355.70827751320985,72464,341,626,26572,
355.713705267349,72464,340,627,26572,
355.7146242928668,72464,340,626,26573,
355.721806664997,72464,340,625,26574,
355.74804280849736,72464,340,624,26575,
355.7500680438253,72464,340,623,26576,
355.753063311001,72464,339,624,26576,
355.76285054446817,72463,340,624,26576,
355.76491386359953,72462,341,624,26576,
355.7680063930639,72461,342,624,26576,
355.7743996627561,72461,341,625,26576,
355.77485617309117,72461,340,626,26576,
355.78016871203107,72460,341,626,26576,
355.7824673584559,72459,342,626,26576,
355.78373220146455,72459,341,627,26576,
355.7989285098374,72458,342,627,26576,
355.80615437062085,72457,343,627,26576,
355.80899239359445,72457,342,628,26576,
355.81610896535784,72457,342,627,26577,
355.8174687014248,72457,341,628,26577,
355.8175345903958,72457,341,627,26578,
355.8253550275226,72457,341,626,26579,
355.8264339051133,72457,341,625,26580,
355.8362600536232,72457,340,626,26580,
355.84542864735795,72457,339,627,26580,
355.8467937894652,72456,340,627,26580,
355.8468887078316,72456,339,628,26580,
355.8506850819134,72456,339,627,26581,
355.85171323345526,72456,338,628,26581,
355.85938436857134,72456,337,629,26581,
355.8626616755046,72456,337,628,26582,
355.86793836725104,72456,337,627,26583,
355.8865772573205,72455,338,627,26583,
355.8923650866978,72455,337,628,26583,
355.9117363494809,72455,336,629,26583,
355.92325315544645,72454,337,629,26583,
355.9335613204816,72454,337,628,26584,
355.9357914435718,72454,337,627,26585,
355.94183099072194,72454,337,626,26586,
355.94770744642835,72454,337,625,26587,
355.94846841545746,72454,337,624,26588,
355.94929135469806,72453,338,624,26588,
355.949507140176,72453,338,623,26589,
355.95498245961335,72452,339,623,26589,
355.9558157335408,72452,339,622,26590,
355.96057242661334,72452,338,623,26590,
355.96247580809546,72452,337,624,26590,
355.96775743326407,72451,338,624,26590,
355.97658516458654,72451,337,625,26590,
355.9804679375475,72451,337,624,26591,
355.9852035557793,72451,337,623,26592,
355.9854283153334,72451,336,624,26592,
355.98865754618197,72451,336,623,26593,
355.99365118866393,72451,335,624,26593,
356.0002499825316,72451,335,623,26594,
356.0129668503862,72450,336,623,26594,
356.01634122026366,72449,337,623,26594,
356.01759672511497,72449,336,624,26594,
356.0267254702527,72448,337,624,26594,
356.03186537364076,72447,338,624,26594,
356.0353621272258,72447,338,623,26595,
356.04031954816537,72446,339,623,26595,
356.0430148563138,72446,339,622,26596,
356.0441160800275,72446,339,621,26597,
356.0451476773556,72446,339,620,26598,
356.050675719919,72446,339,619,26599,
356.05335026637056,72446,339,618,26600,
356.0569194685513,72445,340,618,26600,
356.06242700268723,72444,341,618,26600,
356.07454938164227,72443,342,618,26600,
356.08532745851096,72442,343,618,26600,
356.0919415334047,72442,343,617,26601,
356.09236999813197,72442,342,618,26601,
356.1049460041405,72442,342,617,26602,
356.12352752346175,72442,341,618,26602,
356.12773075659067,72442,341,617,26603,
356.12774282954643,72442,341,616,26604,
356.12802552181665,72442,341,615,26605,
356.13124100516626,72442,340,616,26605,
356.13134454791805,72442,340,615,26606,
356.1353488109608,72442,340,614,26607,
356.14356296304214,72442,339,615,26607,
356.146542752839,72442,338,616,26607,
356.15018050265417,72441,339,616,26607,
356.15024196737033,72440,340,616,26607,
356.15247021776173,72439,341,616,26607,
356.1528588108757,72438,342,616,26607,
356.1622730692091,72437,343,616,26607,
356.16839838574106,72436,344,616,26607,
356.16946494617383,72436,343,617,26607,
356.17142794095525,72436,342,618,26607,
356.17453438474917,72436,341,619,26607,
356.1748903662163,72436,341,618,26608,
356.1839259120927,72436,341,617,26609,
356.1923686098952,72435,342,617,26609,
356.1944027757272,72435,341,618,26609,
356.19750256011434,72435,341,617,26610,
356.20065344981003,72435,340,618,26610,
356.20167133556566,72435,339,619,26610,
356.20619998330613,72435,338,620,26610,
356.20929104511544,72435,338,619,26611,
356.21413608751493,72435,338,618,26612,
356.21953098337895,72435,337,619,26612,
356.21977655478224,72434,338,619,26612,
356.22014562116453,72434,338,618,26613,
356.221510036435,72434,338,617,26614,
356.22737703842535,72434,337,618,26614,
356.23024112061285,72434,337,617,26615,
356.23923353656835,72434,337,616,26616,
356.2418447521299,72434,336,617,26616,
356.25147295598737,72433,337,617,26616,
356.2516582870909,72433,336,618,26616,
356.26098077793364,72433,336,617,26617,
356.26205294756016,72433,335,618,26617,
356.2624776280986,72432,336,618,26617,
356.2668949815324,72432,336,617,26618,
356.27650411517584,72432,335,618,26618,
356.28144049643464,72432,335,617,26619,
356.321763213258,72432,335,616,26620,
356.3217780458597,72432,334,617,26620,
356.32628316069224,72432,333,618,26620,
356.3450274060874,72431,334,618,26620,
356.3466614210166,72431,333,619,26620,
356.3517135517289,72431,333,618,26621,
356.3544570343241,72431,332,619,26621,
356.35705813097775,72430,333,619,26621,
356.3616861868495,72430,332,620,26621,
356.3668984738659,72430,331,621,26621,
356.36704000362784,72430,330,622,26621,
356.3727935892681,72429,331,622,26621,
356.376805327562,72429,330,623,26621,
356.37831025597904,72428,331,623,26621,
356.3831425694665,72428,331,622,26622,
356.38346233779953,72428,331,621,26623,
356.38599419305996,72427,332,621,26623,
356.39609685374154,72427,331,622,26623,
356.39798409326266,72427,331,621,26624,
356.4024831860747,72426,332,621,26624,
356.4076934233418,72426,331,622,26624,
356.4190140042008,72426,330,623,26624,
356.422996679873,72426,330,622,26625,
356.4365228233071,72426,330,621,26626,
356.4432188812246,72426,329,622,26626,
356.4433033307941,72426,328,623,26626,
356.4531119510737,72426,328,622,26627,
356.45477323335166,72426,327,623,26627,
356.46027853395316,72426,327,622,26628,
356.46769910664545,72426,327,621,26629,
356.4695570921841,72425,328,621,26629,
356.4704351748604,72424,329,621,26629,
356.47656961774413,72424,328,622,26629,
356.4769921950739,72424,327,623,26629,
356.47958833167957,72424,327,622,26630,
356.4819456067408,72424,327,621,26631,
356.49135208037023,72424,327,620,26632,
356.49619222221423,72424,326,621,26632,
356.4983419584819,72424,326,620,26633,
356.49854995476284,72423,327,620,26633,
356.50258799673884,72422,328,620,26633,
356.5139177667671,72422,327,621,26633,
356.51534708006557,72421,328,621,26633,
356.5155926904565,72421,328,620,26634,
356.5199180125965,72420,329,620,26634,
356.52337597536206,72419,330,620,26634,
356.5240916670342,72418,331,620,26634,
356.5371864618531,72417,332,620,26634,
356.54394933335334,72417,332,619,26635,
356.5610549642147,72417,331,620,26635,
356.5662638378707,72417,330,621,26635,
356.5721700652765,72417,330,620,26636,
356.5738208446169,72417,330,619,26637,
356.574254277237,72416,331,619,26637,
356.5803219291119,72416,331,618,26638,
356.5845105589141,72416,331,617,26639,
356.58494418129277,72415,332,617,26639,
356.5885552709913,72415,332,616,26640,
356.5901446443987,72414,333,616,26640,
356.59363942840014,72414,333,615,26641,
356.6000915890427,72414,333,614,26642,
356.6212649538155,72414,333,613,26643,
356.62469520192025,72414,333,612,26644,
356.624841586026,72414,333,611,26645,
356.63245686108775,72414,332,612,26645,
356.6333287368003,72414,332,611,26646,
356.6414772698057,72413,333,611,26646,
356.64783693934356,72413,333,610,26647,
356.6499295497041,72413,333,609,26648,
356.6684556683014,72413,332,610,26648,
356.6785109828253,72412,333,610,26648,
356.6804033191412,72412,332,611,26648,
356.6899092167719,72412,332,610,26649,
356.69454284774514,72412,331,611,26649,
356.6951091169582,72412,331,610,26650,
356.6984356305194,72411,332,610,26650,
356.70162024649113,72411,332,609,26651,
356.7028978277966,72411,332,608,26652,
356.7218091457694,72411,332,607,26653,
356.73547901431584,72411,331,608,26653,
356.737054554071,72410,332,608,26653,
356.7477829520482,72409,333,608,26653,
356.7547093178223,72409,332,609,26653,
356.7685298449265,72409,332,608,26654,
356.77096742439187,72409,331,609,26654,
356.7760350948417,72409,331,608,26655,
356.7766333264841,72409,330,609,26655,
356.7775373676192,72409,329,610,26655,
356.7781756127862,72409,328,611,26655,
356.78211725570236,72408,329,611,26655,
356.78746113908375,72408,328,612,26655,
356.78907590745365,72408,328,611,26656,
356.79240665020797,72408,328,610,26657,
356.79261605731426,72408,328,609,26658,
356.79343734917467,72408,327,610,26658,
356.7973705424662,72407,328,610,26658,
356.7974748696018,72406,329,610,26658,
356.79811482554373,72406,329,609,26659,
356.801264096839,72406,329,608,26660,
356.8039179247122,72405,330,608,26660,
356.80399030360155,72405,329,609,26660,
356.8135672238077,72405,329,608,26661,
356.8191164931677,72405,328,609,26661,
356.8221960408927,72405,327,610,26661,
356.825461101628,72405,327,609,26662,
356.8277581234276,72405,327,608,26663,
356.8311987749587,72404,328,608,26663,
356.8322399984236,72404,327,609,26663,
356.8365124917764,72404,327,608,26664,
356.8396456651901,72404,327,607,26665,
356.84120051568505,72404,326,608,26665,
356.8498725194779,72404,326,607,26666,
356.85051215652675,72404,326,606,26667,
356.85381466627445,72403,327,606,26667,
356.85419731665905,72403,326,607,26667,
356.85820950323375,72403,326,606,26668,
356.86328792303766,72403,326,605,26669,
356.8844002641497,72402,327,605,26669,
356.8856685071887,72401,328,605,26669,
356.8872369920533,72400,329,605,26669,
356.890978014582,72399,330,605,26669,
356.8995723341231,72399,329,606,26669,
356.9056363100738,72398,330,606,26669,
356.90589156844186,72398,329,607,26669,
356.92664316750114,72398,328,608,26669,
356.93498602320085,72398,328,607,26670,
356.93600760296414,72397,329,607,26670,
356.9497678916599,72397,328,608,26670,
356.9515160813503,72397,327,609,26670,
356.953892901008,72397,327,608,26671,
356.9540951618627,72397,326,609,26671,
356.95418011966586,72396,327,609,26671,
356.9655691674777,72395,328,609,26671,
356.9737509857667,72395,328,608,26672,
356.9748089108608,72395,328,607,26673,
356.9757245897607,72395,328,606,26674,
356.97587359779357,72395,328,605,26675,
356.98086447832463,72394,329,605,26675,
356.9810322724449,72394,329,604,26676,
356.98488307228337,72394,329,603,26677,
356.9880059440064,72394,328,604,26677,
356.9904428394395,72393,329,604,26677,
356.9907280379433,72393,328,605,26677,
356.9989588176403,72392,329,605,26677,
356.9995619278671,72392,328,606,26677,
357.0040301655648,72391,329,606,26677,
357.01545492273226,72391,329,605,26678,
357.016205387844,72391,329,604,26679,
357.03707796295294,72390,330,604,26679,
357.0438551582275,72390,330,603,26680,
357.04533419323144,72389,331,603,26680,
357.0467312716805,72389,331,602,26681,
357.0491461570399,72389,330,603,26681,
357.0496999577904,72389,329,604,26681,
357.05029649160707,72388,330,604,26681,
357.0594555260395,72387,331,604,26681,
357.0606513140008,72387,330,605,26681,
357.06249521838663,72386,331,605,26681,
357.0688434579334,72386,330,606,26681,
357.0693440338055,72385,331,606,26681,
357.07262573594255,72385,330,607,26681,
357.0767285132923,72385,330,606,26682,
357.08099412600524,72385,330,605,26683,
357.0846601227998,72385,329,606,26683,
357.0857630227644,72385,329,605,26684,
357.0947859917027,72385,329,604,26685,
357.1076714587924,72384,330,604,26685,
357.1080141291169,72383,331,604,26685,
357.1113837423873,72383,330,605,26685,
357.11450105240135,72383,329,606,26685,
357.1148420153544,72383,328,607,26685,
357.1210254645284,72383,328,606,26686,
357.1216014915589,72382,329,606,26686,
357.122095833621,72382,329,605,26687,
357.1245100119075,72382,329,604,26688,
357.1253150802379,72382,328,605,26688,
357.1296708795262,72382,327,606,26688,
357.13378848278256,72381,328,606,26688,
357.1561257119306,72381,328,605,26689,
357.15740348182135,72381,328,604,26690,
357.1586059156571,72381,328,603,26691,
357.1608077973455,72381,328,602,26692,
357.1626593415563,72381,327,603,26692,
357.16793834012856,72380,328,603,26692,
357.17446363897864,72380,328,602,26693,
357.1806254195501,72380,327,603,26693,
357.1830525667344,72379,328,603,26693,
357.2003086646205,72379,328,602,26694,
357.2027092411698,72378,329,602,26694,
357.20941621478164,72378,328,603,26694,
357.2114136391919,72378,327,604,26694,
357.21359223950935,72377,328,604,26694,
357.2146535246974,72376,329,604,26694,
357.22503192946607,72376,329,603,26695,
357.2388577882441,72375,330,603,26695,
357.2397313438468,72375,329,604,26695,
357.24047414350775,72375,329,603,26696,
357.24194792435395,72375,329,602,26697,
357.24546125141086,72375,328,603,26697,
357.2460508883353,72375,328,602,26698,
357.250169259433,72375,328,601,26699,
357.2677523105531,72375,327,602,26699,
357.26863282429383,72374,328,602,26699,
357.2739251299799,72373,329,602,26699,
357.2776276477447,72373,329,601,26700,
357.27879460234675,72372,330,601,26700,
357.27921342914726,72371,331,601,26700,
357.280381809102,72371,330,602,26700,
357.2891838778499,72371,330,601,26701,
357.2901439355525,72371,329,602,26701,
357.29120030146174,72371,328,603,26701,
357.29129800288604,72371,327,604,26701,
357.29312740071055,72370,328,604,26701,
357.2931768264249,72369,329,604,26701,
357.29827785764564,72368,330,604,26701,
357.2985977975453,72367,331,604,26701,
357.29963922727586,72367,330,605,26701,
357.30227043529777,72367,329,606,26701,
357.30258016397727,72367,328,607,26701,
357.30935320329354,72367,327,608,26701,
357.3102668828038,72366,328,608,26701,
357.3116121541022,72366,327,609,26701,
357.3305032517143,72366,327,608,26702,
357.3321519679947,72365,328,608,26702,
357.33282161778016,72364,329,608,26702,
357.33452044732695,72364,328,609,26702,
357.342294389754,72364,328,608,26703,
357.3426781244023,72363,329,608,26703,
357.34361008426106,72363,328,609,26703,
357.34736273787024,72362,329,609,26703,
357.3480646553682,72362,329,608,26704,
357.349092295072,72361,330,608,26704,
357.3589500233641,72361,329,609,26704,
357.35967919460944,72361,328,610,26704,
357.3663853696533,72361,327,611,26704,
357.36674423645064,72361,327,610,26705,
357.37196825882165,72361,327,609,26706,
357.3753486002995,72361,327,608,26707,
357.38535864821955,72360,328,608,26707,
357.3871777135366,72359,329,608,26707,
357.397039066175,72359,328,609,26707,
357.3972313857963,72359,327,610,26707,
357.400280866806,72359,327,609,26708,
357.4095079379717,72358,328,609,26708,
357.41202396268477,72357,329,609,26708,
357.42485750567164,72357,328,610,26708,
357.4262457335312,72357,327,611,26708,
357.4358233956359,72356,328,611,26708,
357.44282272559354,72356,327,612,26708,
357.4515952481938,72356,326,613,26708,
357.46252680354434,72356,325,614,26708,
357.46713606745925,72356,324,615,26708,
357.46775147969777,72355,325,615,26708,
357.47794130075357,72355,324,616,26708,
357.4825110932494,72354,325,616,26708,
357.4834652182395,72354,324,617,26708,
357.4858191194319,72354,323,618,26708,
357.4889451076173,72353,324,618,26708,
357.49082726362644,72353,324,617,26709,
357.49372606789734,72353,323,618,26709,
357.4970351185132,72353,322,619,26709,
357.51670703110665,72352,323,619,26709,
357.525170394685,72352,323,618,26710,
357.5276886017209,72352,323,617,26711,
357.53575252704536,72352,322,618,26711,
357.5381228057476,72352,321,619,26711,
357.53843841852535,72351,322,619,26711,
357.55419711754536,72351,321,620,26711,
357.55552123300424,72350,322,620,26711,
357.5627168219178,72350,321,621,26711,
357.5726744405029,72350,320,622,26711,
357.5731247165254,72350,320,621,26712,
357.57352621737346,72350,319,622,26712,
357.5738717784869,72349,320,622,26712,
357.5764555289403,72349,320,621,26713,
357.57983949721904,72349,320,620,26714,
357.5841602835406,72348,321,620,26714,
357.5908527942401,72348,321,619,26715,
357.59830654851964,72348,321,618,26716,
357.6013973793224,72348,321,617,26717,
357.60807729182,72348,321,616,26718,
357.6300296170662,72348,320,617,26718,
357.63895129649603,72348,320,616,26719,
357.6424714273741,72348,319,617,26719,
357.656550794554,72348,318,618,26719,
357.66273758672634,72348,317,619,26719,
357.66882981765735,72347,318,619,26719,
357.684991347614,72347,318,618,26720,
357.6850324646415,72346,319,618,26720,
357.6869110541872,72346,318,619,26720,
357.68870590891044,72346,318,618,26721,
357.68977720064265,72346,318,617,26722,
357.7083690161398,72346,317,618,26722,
357.70993921048495,72345,318,618,26722,
357.71392292956995,72344,319,618,26722,
357.72393834572586,72343,320,618,26722,
357.7279133183621,72343,320,617,26723,
357.7314633379435,72342,321,617,26723,
357.73228363336324,72342,321,616,26724,
357.73305775964496,72342,320,617,26724,
357.74303149588263,72341,321,617,26724,
357.7432831623381,72341,321,616,26725,
357.74710632360956,72341,321,615,26726,
357.75171447613303,72341,321,614,26727,
357.75182036073386,72341,321,613,26728,
357.75659114436337,72340,322,613,26728,
357.7703486869352,72339,323,613,26728,
357.7719648949579,72339,322,614,26728,
357.7770805065804,72339,322,613,26729,
357.77917002658535,72338,323,613,26729,
357.78893755816364,72338,323,612,26730,
357.78972739071486,72337,324,612,26730,
357.79121569571237,72337,324,611,26731,
357.7975866175354,72337,324,610,26732,
357.79791027651186,72337,323,611,26732,
357.80663015336927,72337,323,610,26733,
357.81565551846256,72337,322,611,26733,
357.829823991708,72336,323,611,26733,
357.83024355663974,72336,322,612,26733,
357.83156512133627,72336,321,613,26733,
357.84582058412417,72336,320,614,26733,
357.86346433647276,72335,321,614,26733,
357.86481864463036,72335,321,613,26734,
357.88181523143675,72335,321,612,26735,
357.88256516002474,72335,321,611,26736,
357.88750459329157,72335,320,612,26736,
357.90469600793267,72335,320,611,26737,
357.91551847120246,72335,320,610,26738,
357.9247977648402,72335,320,609,26739,
357.92566803101624,72335,319,610,26739,
357.93067235158986,72335,319,609,26740,
357.93153385629336,72335,319,608,26741,
357.9316611551626,72335,318,609,26741,
357.9330602324489,72335,318,608,26742,
357.9347620724693,72335,318,607,26743,
357.93849713318286,72334,319,607,26743,
357.939863882647,72334,319,606,26744,
357.94218651664625,72334,318,607,26744,
357.9422378178536,72334,318,606,26745,
357.94535399855334,72334,317,607,26745,
357.9469517613778,72333,318,607,26745,
357.95079266594365,72332,319,607,26745,
357.9508175686981,72332,318,608,26745,
357.95646638850434,72332,318,607,26746,
357.96883231182,72332,317,608,26746,
357.9725053511491,72332,316,609,26746,
357.9766557415347,72332,316,608,26747,
357.97881017847425,72332,316,607,26748,
357.9816171652182,72331,317,607,26748,
357.98712109019453,72331,316,608,26748,
357.98712115231416,72331,316,607,26749,
357.98968265196817,72331,316,606,26750,
357.99209526006274,72331,316,605,26751,
357.99224693791336,72331,316,604,26752,
357.99637413387825,72331,315,605,26752,
357.99912322263845,72331,314,606,26752,
358.0002505958575,72331,313,607,26752,
358.00755788922544,72330,314,607,26752,
358.00884687001934,72329,315,607,26752,
358.0090440542245,72329,314,608,26752,
358.01545408779754,72329,313,609,26752,
358.0220504550868,72328,314,609,26752,
358.0293139038707,72327,315,609,26752,
358.03651117359914,72326,316,609,26752,
358.0381305578813,72326,315,610,26752,
358.03938214130085,72326,315,609,26753,
358.04373229588583,72326,314,610,26753,
358.0505479477975,72326,314,609,26754,
358.0519696993714,72326,313,610,26754,
358.0659265997153,72326,312,611,26754,
358.0696972290375,72326,311,612,26754,
358.07368719693983,72326,311,611,26755,
358.07650874152034,72326,311,610,26756,
358.08016709919457,72325,312,610,26756,
358.0854172896595,72325,311,611,26756,
358.0860272336355,72324,312,611,26756,
358.0889505832796,72323,313,611,26756,
358.09082725473,72322,314,611,26756,
358.0985001155919,72321,315,611,26756,
358.1034170300089,72321,315,610,26757,
358.10389504459863,72320,316,610,26757,
358.1041170819215,72320,316,609,26758,
358.11141755124174,72320,316,608,26759,
358.1186122276477,72320,316,607,26760,
358.1250576337893,72320,315,608,26760,
358.1254125504745,72320,315,607,26761,
358.1293941548334,72320,314,608,26761,
358.13636469206506,72320,314,607,26762,
358.1430598669529,72320,314,606,26763,
358.14566561866656,72320,313,607,26763,
358.15193773421356,72319,314,607,26763,
358.15324264114975,72319,313,608,26763,
358.1657411673245,72319,312,609,26763,
358.16919051046824,72318,313,609,26763,
358.1712662358138,72317,314,609,26763,
358.17730999268116,72317,313,610,26763,
358.17787992749095,72317,312,611,26763,
358.1873052900961,72316,313,611,26763,
358.1929217202447,72316,313,610,26764,
358.1969929817471,72316,313,609,26765,
358.2052077186902,72316,313,608,26766,
358.2149417703062,72316,313,607,26767,
358.221170270355,72316,313,606,26768,
358.22375589825657,72316,312,607,26768,
358.2311818458344,72316,312,606,26769,
358.23676948249187,72316,311,607,26769,
358.2396893233878,72316,311,606,26770,
358.23980822867793,72315,312,606,26770,
358.23981748086277,72314,313,606,26770,
358.2398492841157,72313,314,606,26770,
358.2423993255686,72313,314,605,26771,
358.24580008119267,72313,314,604,26772,
358.24662579419726,72313,313,605,26772,
358.24675240484646,72312,314,605,26772,
358.25159542264845,72312,314,604,26773,
358.272549703118,72311,315,604,26773,
358.27837103376953,72311,314,605,26773,
358.28120770262944,72311,313,606,26773,
358.28262355493064,72311,313,605,26774,
358.28561197839144,72311,313,604,26775,
358.29645591506966,72310,314,604,26775,
358.30441270579263,72310,313,605,26775,
358.30652455240266,72310,312,606,26775,
358.3106334852974,72310,312,605,26776,
358.3118399405107,72309,313,605,26776,
358.3178218922786,72309,313,604,26777,
358.3199310467484,72308,314,604,26777,
358.3236392964186,72308,313,605,26777,
358.32840215719534,72308,313,604,26778,
358.32901335957445,72308,312,605,26778,
358.3316352652278,72307,313,605,26778,
358.3322871326074,72306,314,605,26778,
358.34149226823763,72306,313,606,26778,
358.3455995102836,72306,313,605,26779,
358.34644718753,72305,314,605,26779,
358.3544241388977,72305,314,604,26780,
358.3573443675907,72305,314,603,26781,
358.3681257735426,72304,315,603,26781,
358.3812266798182,72303,316,603,26781,
358.38619239095675,72302,317,603,26781,
358.3874448630198,72301,318,603,26781,
358.3903535752312,72300,319,603,26781,
358.39206019381777,72300,319,602,26782,
358.3964548180538,72300,318,603,26782,
358.39702303267785,72299,319,603,26782,
358.39845969371083,72299,318,604,26782,
358.3998973631947,72299,317,605,26782,
358.400395686406,72299,317,604,26783,
358.40341858812235,72299,316,605,26783,
358.43631116176664,72299,316,604,26784,
358.43743809064364,72298,317,604,26784,
358.43834957849435,72298,316,605,26784,
358.4417791445054,72297,317,605,26784,
358.4537643211232,72296,318,605,26784,
358.46157963504714,72295,319,605,26784,
358.46246685852736,72295,319,604,26785,
358.4653453010177,72294,320,604,26785,
358.4655617191838,72294,319,605,26785,
358.46674542068575,72293,320,605,26785,
358.46706536827287,72293,319,606,26785,
358.4695838533728,72292,320,606,26785,
358.4721376399563,72292,320,605,26786,
358.4779076462857,72292,320,604,26787,
358.48945978320677,72292,320,603,26788,
358.4979920040974,72292,320,602,26789,
358.5005352997445,72292,320,601,26790,
358.50364303410294,72292,320,600,26791,
358.5056770215032,72292,319,601,26791,
358.50857727266055,72292,319,600,26792,
358.5278424994529,72292,318,601,26792,
358.5326709506477,72291,319,601,26792,
358.5394160494181,72290,320,601,26792,
358.5445592734346,72290,320,600,26793,
358.54588493726305,72289,321,600,26793,
358.55966390457996,72289,321,599,26794,
358.5710349280533,72289,320,600,26794,
358.58116997116673,72289,320,599,26795,
358.5867381338837,72289,320,598,26796,
358.58935787044743,72289,319,599,26796,
358.6026789818288,72289,319,598,26797,
358.6060247674327,72289,318,599,26797,
358.6137236400011,72289,318,598,26798,
358.61665212767537,72289,318,597,26799,
358.6169282008626,72289,318,596,26800,
358.6197137475589,72289,318,595,26801,
358.6203436573775,72289,318,594,26802,
358.62434277391577,72288,319,594,26802,
358.62495257736435,72287,320,594,26802,
358.63431837111443,72287,320,593,26803,
358.63637356833067,72287,319,594,26803,
358.63980729800676,72287,319,593,26804,
358.64223324392907,72287,318,594,26804,
358.6425544192654,72287,318,593,26805,
358.64413432548446,72287,317,594,26805,
358.6450910034148,72287,317,593,26806,
358.6505578192313,72287,317,592,26807,
358.65087996203664,72287,316,593,26807,
358.6527481562418,72287,316,592,26808,
358.6706116720899,72286,317,592,26808,
358.67158283794566,72286,316,593,26808,
358.67710298838995,72286,316,592,26809,
358.6932804758951,72285,317,592,26809,
358.6946456794322,72284,318,592,26809,
358.70154544341773,72284,317,593,26809,
358.70344324459927,72283,318,593,26809,
358.70345550835,72283,318,592,26810,
358.70610886212313,72283,317,593,26810,
358.71610702967473,72283,316,594,26810,
358.7249512597748,72283,315,595,26810,
358.72705461803207,72283,315,594,26811,
358.7321329514258,72282,316,594,26811,
358.7354278792019,72282,316,593,26812,
358.7396390967008,72281,317,593,26812,
358.7469666723278,72280,318,593,26812,
358.75028559841576,72280,318,592,26813,
358.75390173471976,72280,318,591,26814,
358.7540882771017,72279,319,591,26814,
358.7545563488967,72279,319,590,26815,
358.77352896818525,72279,319,589,26816,
358.7737642702505,72279,318,590,26816,
358.7760635364113,72278,319,590,26816,
358.78646101758324,72277,320,590,26816,
358.7883431225462,72277,319,591,26816,
358.79921869359293,72276,320,591,26816,
358.8002674255882,72276,320,590,26817,
358.8011905240123,72276,319,591,26817,
358.80706585031123,72275,320,591,26817,
358.81863607428875,72275,319,592,26817,
358.82514970434755,72274,320,592,26817,
358.8301126127408,72273,321,592,26817,
358.8366165404315,72273,321,591,26818,
358.83737379653024,72273,321,590,26819,
358.844706135308,72273,321,589,26820,
358.84657555744747,72273,320,590,26820,
358.8489372198623,72273,319,591,26820,
358.86252199921324,72273,319,590,26821,
358.86401576081676,72273,319,589,26822,
358.8658209648448,72273,318,590,26822,
358.8666622017099,72272,319,590,26822,
358.8732662395217,72271,320,590,26822,
358.87466939870524,72270,321,590,26822,
358.87941982811196,72270,321,589,26823,
358.8802551887668,72269,322,589,26823,
358.88669075465833,72269,322,588,26824,
358.8886071257626,72269,321,589,26824,
358.8930675520863,72269,320,590,26824,
358.90294644114636,72269,319,591,26824,
358.9092654937767,72269,319,590,26825,
358.9318172246062,72269,318,591,26825,
358.95366509635215,72269,317,592,26825,
358.9614266265609,72269,317,591,26826,
358.96436999688115,72268,318,591,26826,
358.96782782523627,72268,318,590,26827,
358.96926799534174,72268,318,589,26828,
358.97515008550926,72268,317,590,26828,
358.9794852099814,72268,316,591,26828,
358.9876898350516,72267,317,591,26828,
358.9925353590981,72266,318,591,26828,
358.9939559381352,72266,317,592,26828,
359.0083076515907,72266,316,593,26828,
359.0125463323861,72265,317,593,26828,
359.03761979861105,72265,316,594,26828,
359.0424295543462,72265,315,595,26828,
359.04684721526047,72265,314,596,26828,
359.0523160721906,72264,315,596,26828,
359.0525121632781,72264,314,597,26828,
359.0544302210402,72263,315,597,26828,
359.05486375640817,72263,314,598,26828,
359.05925491602125,72262,315,598,26828,
359.06304666107695,72262,314,599,26828,
359.0686631355425,72261,315,599,26828,
359.0735631905025,72261,314,600,26828,
359.07797589671503,72261,313,601,26828,
359.0891475697002,72261,313,600,26829,
359.08958607262815,72261,313,599,26830,
359.0918386625367,72260,314,599,26830,
359.1010105771074,72260,314,598,26831,
359.10466072571984,72259,315,598,26831,
359.10686708838983,72259,315,597,26832,
359.12054833799544,72258,316,597,26832,
359.1244096262468,72258,315,598,26832,
359.131475829457,72257,316,598,26832,
359.1520426862194,72257,316,597,26833,
359.15340505057435,72257,316,596,26834,
359.16565661804844,72256,317,596,26834,
359.1822072100404,72255,318,596,26834,
359.1825846179658,72255,318,595,26835,
359.1836570157929,72255,317,596,26835,
359.18830314068185,72255,316,597,26835,
359.19193969661984,72255,316,596,26836,
359.19869806619647,72255,315,597,26836,
359.2161255871269,72254,316,597,26836,
359.21837178373937,72254,315,598,26836,
359.22372860103053,72254,315,597,26837,
359.22522083654974,72254,315,596,26838,
359.22984623097494,72253,316,596,26838,
359.24085798209956,72252,317,596,26838,
359.2540530817613,72252,317,595,26839,
359.2541752664103,72251,318,595,26839,
359.2566602393383,72250,319,595,26839,
359.26946660086145,72250,319,594,26840,
359.2853882488448,72250,318,595,26840,
359.2870060505937,72249,319,595,26840,
359.29456301233245,72249,319,594,26841,
359.2953651366271,72248,320,594,26841,
359.3043416730144,72247,321,594,26841,
359.3101167455493,72247,320,595,26841,
359.3226861108609,72247,319,596,26841,
359.3261390202136,72246,320,596,26841,
359.3342229453841,72245,321,596,26841,
359.33554406877477,72245,321,595,26842,
359.3384295731267,72244,322,595,26842,
359.34138205204306,72244,321,596,26842,
359.34529611236843,72243,322,596,26842,
359.3492350925027,72242,323,596,26842,
359.3518077183248,72242,322,597,26842,
359.3544956149957,72242,321,598,26842,
359.36368448329927,72242,321,597,26843,
359.3672392098794,72241,322,597,26843,
359.38148383662815,72241,322,596,26844,
359.4090284613726,72240,323,596,26844,
359.41158206859393,72240,322,597,26844,
359.4223313387936,72239,323,597,26844,
359.4244257656205,72239,323,596,26845,
359.4253507272246,72239,323,595,26846,
359.43380307451196,72239,323,594,26847,
359.4359570079129,72239,322,595,26847,
359.4422295018692,72239,321,596,26847,
359.4499873280514,72239,321,595,26848,
359.45082626088515,72239,320,596,26848,
359.4512574371651,72239,320,595,26849,
359.45235335504486,72238,321,595,26849,
359.45355819227547,72238,320,596,26849,
359.45516953379774,72238,320,595,26850,
359.4708752673455,72237,321,595,26850,
359.4764701148314,72236,322,595,26850,
359.48860376121513,72236,322,594,26851,
359.49125066506906,72236,321,595,26851,
359.4915250028771,72236,320,596,26851,
359.49169516375355,72236,320,595,26852,
359.49318251770876,72236,319,596,26852,
359.49625932830037,72236,318,597,26852,
359.50147540731103,72236,317,598,26852,
359.5031289323123,72236,317,597,26853,
359.5034688339188,72236,316,598,26853,
359.5051896977578,72236,316,597,26854,
359.5108208660593,72236,316,596,26855,
359.52545090582754,72236,315,597,26855,
359.52546701548476,72235,316,597,26855,
359.5265619574093,72235,316,596,26856,
359.5355299787753,72234,317,596,26856,
359.53622359355484,72234,316,597,26856,
359.53871322123837,72234,315,598,26856,
359.5490980626184,72234,314,599,26856,
359.55328259699274,72233,315,599,26856,
359.55446687138954,72233,315,598,26857,
359.5568891022027,72233,315,597,26858,
359.5580455385698,72232,316,597,26858,
359.56342048480104,72232,316,596,26859,
359.5637095308924,72231,317,596,26859,
359.57073812329224,72231,316,597,26859,
359.5769089566427,72231,316,596,26860,
359.58492676911163,72231,315,597,26860,
359.6003607509432,72231,314,598,26860,
359.6007105387192,72230,315,598,26860,
359.60482902321996,72229,316,598,26860,
359.6155306968371,72228,317,598,26860,
359.62049421020384,72228,317,597,26861,
359.6230835938765,72228,316,598,26861,
359.627764965209,72228,316,597,26862,
359.6284718275251,72228,316,596,26863,
359.6286860108791,72228,315,597,26863,
359.64441712748027,72228,314,598,26863,
359.6585988294666,72228,313,599,26863,
359.66356110804674,72228,312,600,26863,
359.68338632794706,72228,312,599,26864,
359.6840741486129,72228,311,600,26864,
359.68414961828705,72228,310,601,26864,
359.6853757236921,72228,310,600,26865,
359.69882379070293,72228,309,601,26865,
359.7065851010794,72228,309,600,26866,
359.70764038094694,72228,308,601,26866,
359.71965130129377,72228,307,602,26866,
359.72138665240004,72228,307,601,26867,
359.7301296859326,72228,307,600,26868,
359.7309857398127,72227,308,600,26868,
359.73530013334624,72227,307,601,26868,
359.7421672308353,72227,307,600,26869,
359.7436035284445,72227,307,599,26870,
359.74382137357526,72227,307,598,26871,
359.76073460368536,72227,307,597,26872,
359.76360610344653,72227,306,598,26872,
359.794604242752,72227,306,597,26873,
359.80191257792666,72226,307,597,26873,
359.80554282216536,72226,307,596,26874,
359.80688108686974,72226,307,595,26875,
359.80854087199117,72225,308,595,26875,
359.8093359183582,72225,308,594,26876,
359.8096450917529,72225,308,593,26877,
359.81510562779573,72225,307,594,26877,
359.81887556201247,72225,306,595,26877,
359.8196505186599,72225,305,596,26877,
359.8223498739589,72225,305,595,26878,
359.84072726377207,72225,305,594,26879,
359.8453983731261,72225,304,595,26879,
359.84629935796784,72224,305,595,26879,
359.8496089234108,72224,305,594,26880,
359.86661381517433,72224,305,593,26881,
359.86859212557005,72223,306,593,26881,
359.87039498738955,72222,307,593,26881,
359.87071100934503,72221,308,593,26881,
359.87998774564056,72220,309,593,26881,
359.88110790171703,72220,309,592,26882,
359.8840716973261,72220,308,593,26882,
359.89183649065444,72219,309,593,26882,
359.89442596691254,72219,308,594,26882,
359.8948064458709,72219,308,593,26883,
359.8957833303669,72218,309,593,26883,
359.8970501228985,72218,308,594,26883,
359.8991554857588,72218,307,595,26883,
359.91003322319773,72218,306,596,26883,
359.9126007663483,72218,305,597,26883,
359.9158396086554,72218,305,596,26884,
359.9175622708947,72218,304,597,26884,
359.93077060455937,72218,304,596,26885,
359.94364509818604,72218,303,597,26885,
359.9440697007321,72217,304,597,26885,
359.94467604557184,72217,303,598,26885,
359.94492067234603,72217,303,597,26886,
359.94506823314816,72217,303,596,26887,
359.94955097358087,72217,302,597,26887,
359.949644390909,72216,303,597,26887,
359.953328822366,72216,303,596,26888,
359.9609508414173,72215,304,596,26888,
359.9620825811514,72214,305,596,26888,
359.9784481012839,72214,305,595,26889,
359.97954358394026,72214,304,596,26889,
359.98187286258116,72214,303,597,26889,
359.981916930853,72214,302,598,26889,
359.98845443328264,72214,302,597,26890,
359.9925754436788,72214,301,598,26890,
359.9927166363876,72214,301,597,26891,
360.0058846191635,72214,301,596,26892,
360.0083730752196,72214,300,597,26892,
360.00885728825097,72213,301,597,26892,
360.0109246417838,72213,301,596,26893,
360.0115626387357,72213,301,595,26894,
360.01294310639275,72213,301,594,26895,
360.0170804069879,72213,301,593,26896,
360.02111859536126,72213,301,592,26897,
360.0234087783872,72213,301,591,26898,
360.0268172519051,72213,301,590,26899,
360.0308355970521,72213,300,591,26899,
360.03326507251876,72213,300,590,26900,
360.03700961318043,72213,299,591,26900,
360.04215006753185,72212,300,591,26900,
360.04936327352686,72212,300,590,26901,
360.0505768328254,72212,300,589,26902,
360.0547477205551,72212,300,588,26903,
360.0557490533304,72211,301,588,26903,
360.05797491473527,72211,300,589,26903,
360.0623621906465,72210,301,589,26903,
360.084301507533,72210,301,588,26904,
360.0897209439617,72210,301,587,26905,
360.0940156856392,72210,301,586,26906,
360.0984139740111,72210,300,587,26906,
360.11805919879487,72210,299,588,26906,
360.12456352005074,72210,299,587,26907,
360.14279867924597,72209,300,587,26907,
360.15091852542105,72209,299,588,26907,
360.155209265445,72209,298,589,26907,
360.1574121312281,72209,297,590,26907,
360.1612982351779,72209,297,589,26908,
360.16144090072703,72208,298,589,26908,
360.16346166298126,72208,298,588,26909,
360.1658805472633,72207,299,588,26909,
360.1665015989419,72206,300,588,26909,
360.18044310481696,72206,300,587,26910,
360.1812017453631,72205,301,587,26910,
360.18680253248556,72205,301,586,26911,
360.1897033505663,72205,301,585,26912,
360.1930849400368,72205,300,586,26912,
360.1941311589756,72205,300,585,26913,
360.19724846851494,72205,300,584,26914,
360.2005664047101,72205,299,585,26914,
360.2095367047317,72205,299,584,26915,
360.2096114284216,72205,298,585,26915,
360.21210243059244,72205,297,586,26915,
360.225728156616,72205,296,587,26915,
360.23944660525024,72204,297,587,26915,
360.24005405326676,72204,297,586,26916,
360.24069656043855,72203,298,586,26916,
360.243497127992,72203,297,587,26916,
360.2480630136171,72203,297,586,26917,
360.25192799289965,72203,297,585,26918,
360.2657117308453,72202,298,585,26918,
360.2663587980972,72202,297,586,26918,
360.2773566372583,72202,297,585,26919,
360.2803610384144,72201,298,585,26919,
360.2818912011107,72201,298,584,26920,
360.2841103001541,72201,298,583,26921,
360.2850593287954,72201,298,582,26922,
360.3040638418299,72201,297,583,26922,
360.30429618746996,72201,297,582,26923,
360.30591628564423,72200,298,582,26923,
360.3115002694661,72199,299,582,26923,
360.314811229087,72199,298,583,26923,
360.319281144757,72199,297,584,26923,
360.31939078512596,72199,297,583,26924,
360.32114139526914,72199,297,582,26925,
360.32396075900675,72198,298,582,26925,
360.32728996688655,72198,297,583,26925,
360.3297098123124,72197,298,583,26925,
360.34386746011234,72196,299,583,26925,
360.352413592505,72196,298,584,26925,
360.3548160051116,72195,299,584,26925,
360.36681816705203,72194,300,584,26925,
360.3722970084345,72194,299,585,26925,
360.38069438039435,72193,300,585,26925,
360.39094219832555,72193,299,586,26925,
360.40242870206794,72193,298,587,26925,
360.41271292665766,72192,299,587,26925,
360.43116365473804,72191,300,587,26925,
360.43414664368123,72191,300,586,26926,
360.4360842917008,72191,299,587,26926,
360.45118237826404,72191,299,586,26927,
360.4514887111905,72191,298,587,26927,
360.45285150414537,72191,297,588,26927,
360.4545639296765,72191,296,589,26927,
360.473543585659,72191,295,590,26927,
360.48080321643596,72190,296,590,26927,
360.48088376732096,72189,297,590,26927,
360.4952100689542,72189,296,591,26927,
360.49866204330465,72189,295,592,26927,
360.50066753015375,72188,296,592,26927,
360.5027253970213,72187,297,592,26927,
360.5300476681756,72186,298,592,26927,
360.5309991583052,72186,298,591,26928,
360.53695505538576,72186,297,592,26928,
360.5404240203562,72185,298,592,26928,
360.54417702292426,72184,299,592,26928,
360.5564953775307,72183,300,592,26928,
360.5769550733442,72183,300,591,26929,
360.58501617948104,72183,300,590,26930,
360.58553903056355,72182,301,590,26930,
360.5862414672604,72182,300,591,26930,
360.59294107501313,72182,299,592,26930,
360.5940751702735,72181,300,592,26930,
360.595641592254,72180,301,592,26930,
360.59867618073594,72180,300,593,26930,
360.6001857728363,72180,300,592,26931,
360.6101574395541,72180,299,593,26931,
360.61273136191227,72180,298,594,26931,
360.6139013364683,72180,297,595,26931,
360.6173865698151,72179,298,595,26931,
360.6346405633734,72179,297,596,26931,
360.6405408749341,72178,298,596,26931,
360.65022107809267,72177,299,596,26931,
360.65198394638185,72176,300,596,26931,
360.6653129605898,72175,301,596,26931,
360.6669418555024,72175,300,597,26931,
360.68026708016305,72175,300,596,26932,
360.682421675508,72175,299,597,26932,
360.69714668777954,72175,298,598,26932,
360.71139307402154,72174,299,598,26932,
360.7118059623512,72174,298,599,26932,
360.71476048403343,72174,298,598,26933,
360.72204765532217,72174,297,599,26933,
360.7244733158409,72174,297,598,26934,
360.7264056364161,72174,296,599,26934,
360.72894953341677,72173,297,599,26934,
360.7369843593032,72173,297,598,26935,
360.7379698422247,72172,298,598,26935,
360.74409790988483,72171,299,598,26935,
360.74986757308744,72171,299,597,26936,
360.75587236280114,72170,300,597,26936,
360.7587216278407,72169,301,597,26936,
360.76706421927787,72168,302,597,26936,
360.7701445358549,72167,303,597,26936,
360.77522299947645,72166,304,597,26936,
360.77629274976834,72166,303,598,26936,
360.78427087091103,72165,304,598,26936,
360.78498022962845,72165,304,597,26937,
360.7885406757233,72164,305,597,26937,
360.7893805362015,72163,306,597,26937,
360.7936378252829,72162,307,597,26937,
360.80405621670155,72162,306,598,26937,
360.807907558218,72161,307,598,26937,
360.8151529827829,72161,307,597,26938,
360.8170697404454,72160,308,597,26938,
360.8173699547762,72159,309,597,26938,
360.82531480025284,72159,309,596,26939,
360.8283120981935,72159,308,597,26939,
360.85399539154196,72159,307,598,26939,
360.8619378916642,72159,307,597,26940,
360.8653706617883,72159,307,596,26941,
360.87357006997206,72158,308,596,26941,
360.8842704646598,72158,307,597,26941,
360.88562890724444,72158,307,596,26942,
360.88633965064645,72158,307,595,26943,
360.8889792149183,72157,308,595,26943,
360.88927976897855,72157,307,596,26943,
360.8922576204141,72157,306,597,26943,
360.89521888613297,72157,305,598,26943,
360.909787192568,72157,304,599,26943,
360.91690048742777,72157,303,600,26943,
360.9210537721759,72157,303,599,26944,
360.92399911536285,72157,303,598,26945,
360.9251173524208,72157,303,597,26946,
360.92885696278137,72157,302,598,26946,
360.94471666999436,72156,303,598,26946,
360.95199733473646,72156,303,597,26947,
360.95485099149863,72156,302,598,26947,
360.9551244974729,72156,302,597,26948,
360.958806346021,72155,303,597,26948,
360.9593498342144,72155,303,596,26949,
360.96867399530464,72154,304,596,26949,
360.97407718346585,72153,305,596,26949,
360.9926868086336,72153,305,595,26950,
360.99507799871253,72152,306,595,26950,
361.0043900476269,72152,305,596,26950,
361.01067411237,72152,305,595,26951,
361.01267727042506,72151,306,595,26951,
361.01654964257995,72151,306,594,26952,
361.0245155637227,72151,306,593,26953,
361.03121011653116,72151,306,592,26954,
361.0427759608868,72150,307,592,26954,
361.0463552351125,72150,307,591,26955,
361.0464957360976,72149,308,591,26955,
361.0479976035425,72149,308,590,26956,
361.06604648890897,72149,308,589,26957,
361.07851921091543,72148,309,589,26957,
361.0952825236675,72147,310,589,26957,
361.09613287063286,72146,311,589,26957,
361.09808255574046,72145,312,589,26957,
361.1020753206589,72145,311,590,26957,
361.10372382683636,72144,312,590,26957,
361.10540949402764,72144,312,589,26958,
361.12000926872065,72144,312,588,26959,
361.12023620746595,72144,312,587,26960,
361.1405147310338,72144,312,586,26961,
361.14109999613277,72144,312,585,26962,
361.14931722628455,72144,312,584,26963,
361.1523664662644,72144,312,583,26964,
361.15272883298155,72143,313,583,26964,
361.1536474882714,72143,313,582,26965,
361.15511957297934,72143,313,581,26966,
361.1575306896285,72142,314,581,26966,
361.1584460343659,72142,313,582,26966,
361.16211820902356,72142,312,583,26966,
361.164262161059,72142,312,582,26967,
361.1668162885551,72142,312,581,26968,
361.1671593166184,72141,313,581,26968,
361.1729767296457,72141,312,582,26968,
361.18476735857007,72140,313,582,26968,
361.1897652305491,72140,312,583,26968,
361.200241343116,72140,312,582,26969,
361.20061738590266,72139,313,582,26969,
361.20204303831736,72139,312,583,26969,
361.2059849294442,72139,311,584,26969,
361.2128584476365,72139,311,583,26970,
361.2174171707834,72138,312,583,26970,
361.21774962826953,72137,313,583,26970,
361.22365457495835,72137,312,584,26970,
361.22495469354465,72137,312,583,26971,
361.2340694486274,72136,313,583,26971,
361.2361089772535,72136,313,582,26972,
361.2400788201884,72136,312,583,26972,
361.2426991534576,72135,313,583,26972,
361.24458805130155,72134,314,583,26972,
361.24591807411485,72134,314,582,26973,
361.25214981683484,72134,313,583,26973,
361.2543492346301,72134,313,582,26974,
361.2553087062785,72133,314,582,26974,
361.2600601925183,72133,313,583,26974,
361.2611144895857,72133,312,584,26974,
361.26193931366436,72132,313,584,26974,
361.26621279409835,72132,312,585,26974,
361.2746987058774,72132,312,584,26975,
361.2785372172115,72132,312,583,26976,
361.2799053866926,72131,313,583,26976,
361.2826692276144,72131,313,582,26977,
361.2855174712575,72131,312,583,26977,
361.2910321746031,72130,313,583,26977,
361.29806965804045,72129,314,583,26977,
361.31398807223206,72129,313,584,26977,
361.3153738590585,72129,313,583,26978,
361.31577718171843,72129,312,584,26978,
361.32144832556264,72128,313,584,26978,
361.32765092885506,72128,312,585,26978,
361.34095527805925,72128,311,586,26978,
361.3562411220961,72127,312,586,26978,
361.366601639632,72126,313,586,26978,
361.36806697400704,72126,313,585,26979,
361.38036775335723,72125,314,585,26979,
361.3804504386184,72124,315,585,26979,
361.38047026118664,72123,316,585,26979,
361.3825441417932,72123,315,586,26979,
361.384136246127,72123,314,587,26979,
361.388164207862,72123,314,586,26980,
361.39043373599384,72123,314,585,26981,
361.39300207634085,72122,315,585,26981,
361.3941960387958,72122,315,584,26982,
361.4000410081204,72122,315,583,26983,
361.4010601036506,72122,314,584,26983,
361.40225144014045,72122,313,585,26983,
361.42038754026936,72122,313,584,26984,
361.43899058773144,72122,313,583,26985,
361.44781741520086,72122,313,582,26986,
361.4491603079029,72122,313,581,26987,
361.45295108112987,72122,312,582,26987,
361.4590342222485,72122,312,581,26988,
361.4600769464782,72122,312,580,26989,
361.4602959080592,72122,311,581,26989,
361.46129311493166,72121,312,581,26989,
361.46231898465345,72121,312,580,26990,
361.4696083504685,72120,313,580,26990,
361.4699484927024,72119,314,580,26990,
361.4751991860308,72118,315,580,26990,
361.4836782599905,72118,315,579,26991,
361.4923651761642,72118,315,578,26992,
361.49373061958386,72118,314,579,26992,
361.4960994610079,72117,315,579,26992,
361.50896437893005,72117,315,578,26993,
361.50942456833053,72116,316,578,26993,
361.5108069626418,72115,317,578,26993,
361.5157680301125,72115,316,579,26993,
361.5262841140798,72115,315,580,26993,
361.5296028200036,72115,314,581,26993,
361.5554076489243,72114,315,581,26993,
361.56130086660534,72113,316,581,26993,
361.5631500809743,72113,316,580,26994,
361.5640397391637,72112,317,580,26994,
361.5694713934651,72111,318,580,26994,
361.57717009520314,72111,318,579,26995,
361.57808962550536,72110,319,579,26995,
361.58309225566836,72110,319,578,26996,
361.5953092157773,72110,318,579,26996,
361.59861068585076,72110,318,578,26997,
361.60260106838354,72110,318,577,26998,
361.6036949529752,72110,317,578,26998,
361.6224295368419,72110,317,577,26999,
361.6305332362892,72110,316,578,26999,
361.63884765742864,72110,315,579,26999,
361.63974859859604,72109,316,579,26999,
361.6411417110673,72109,316,578,27000,
361.6425554719718,72109,316,577,27001,
361.6499628667828,72109,315,578,27001,
361.66167342431925,72109,314,579,27001,
361.66548097972264,72109,314,578,27002,
361.6709644635784,72108,315,578,27002,
361.67639327758445,72108,314,579,27002,
361.68946303256985,72108,313,580,27002,
361.69361375296603,72108,313,579,27003,
361.6936403371764,72108,313,578,27004,
361.69418302681726,72107,314,578,27004,
361.7206397138707,72107,314,577,27005,
361.73088902355323,72107,314,576,27006,
361.73170818816754,72106,315,576,27006,
361.73352254292456,72106,314,577,27006,
361.7356105531901,72106,313,578,27006,
361.74026826562346,72106,313,577,27007,
361.7443575291796,72106,313,576,27008,
361.75498325726585,72106,313,575,27009,
361.76457574851236,72105,314,575,27009,
361.7725013600317,72104,315,575,27009,
361.7738788305989,72104,314,576,27009,
361.775612256792,72104,314,575,27010,
361.792489996105,72104,313,576,27010,
361.79397121081934,72103,314,576,27010,
361.79430858104587,72103,313,577,27010,
361.7944277135665,72103,313,576,27011,
361.8004550712845,72103,312,577,27011,
361.80997573057937,72102,313,577,27011,
361.82121269851797,72102,313,576,27012,
361.8273523898486,72102,313,575,27013,
361.8355896394352,72102,312,576,27013,
361.84089210177797,72102,311,577,27013,
361.84152004547695,72102,310,578,27013,
361.8490640925158,72102,310,577,27014,
361.85639356166405,72101,311,577,27014,
361.8572018349617,72101,311,576,27015,
361.85783966571506,72101,311,575,27016,
361.86436458405495,72101,310,576,27016,
361.8692056591573,72100,311,576,27016,
361.86933483424156,72100,311,575,27017,
361.87036401575904,72100,310,576,27017,
361.8826037736748,72100,310,575,27018,
361.8864528418102,72100,309,576,27018,
361.8897987750442,72100,308,577,27018,
361.8914509536545,72100,308,576,27019,
361.8918657124774,72099,309,576,27019,
361.8926952334087,72098,310,576,27019,
361.89369638052597,72098,310,575,27020,
361.90420302244587,72097,311,575,27020,
361.91008456453227,72097,310,576,27020,
361.92229201676906,72097,310,575,27021,
361.9223982073047,72097,310,574,27022,
361.9302353347821,72097,310,573,27023,
361.94013044915505,72097,309,574,27023,
361.94454124444025,72097,308,575,27023,
361.94582985560476,72097,308,574,27024,
361.94841499935666,72097,308,573,27025,
361.952104420616,72096,309,573,27025,
361.95473100830236,72096,309,572,27026,
361.95623070584503,72095,310,572,27026,
361.9591787443008,72095,310,571,27027,
361.9696355165662,72095,309,572,27027,
361.9696571293236,72095,309,571,27028,
361.9722892388749,72094,310,571,27028,
361.97466237098115,72094,310,570,27029,
361.9746842077095,72093,311,570,27029,
361.9762265904487,72092,312,570,27029,
361.98233847173765,72092,311,571,27029,
361.9887434799401,72092,311,570,27030,
361.99244877300725,72092,310,571,27030,
361.99611556606936,72091,311,571,27030,
361.9971392746755,72091,311,570,27031,
362.0022217371024,72090,312,570,27031,
362.0025834314676,72090,311,571,27031,
362.0032733426508,72090,310,572,27031,
362.0036104542804,72090,309,573,27031,
362.0044977711068,72090,308,574,27031,
362.00715049489526,72090,307,575,27031,
362.01093655402553,72089,308,575,27031,
362.0119328230697,72089,308,574,27032,
362.0120535740317,72089,308,573,27033,
362.01315948751534,72089,308,572,27034,
362.0228250597472,72089,308,571,27035,
362.02968162746964,72088,309,571,27035,
362.04606545643816,72087,310,571,27035,
362.05444054562037,72086,311,571,27035,
362.0555206206716,72085,312,571,27035,
362.0681326640846,72084,313,571,27035,
362.0884561979671,72083,314,571,27035,
362.0907700725111,72083,313,572,27035,
362.09876494546836,72083,312,573,27035,
362.0988579566809,72082,313,573,27035,
362.11003970445535,72082,312,574,27035,
362.11135765499114,72082,311,575,27035,
362.1152460159065,72081,312,575,27035,
362.1158843331476,72081,311,576,27035,
362.11745947873476,72081,310,577,27035,
362.12971441277574,72081,309,578,27035,
362.1336994513051,72081,309,577,27036,
362.1511472102552,72081,309,576,27037,
362.16733364404087,72080,310,576,27037,
362.17165132128963,72080,309,577,27037,
362.17342887728256,72079,310,577,27037,
362.17534754533176,72078,311,577,27037,
362.1795619611178,72078,311,576,27038,
362.1805380745375,72078,310,577,27038,
362.18083197374136,72078,310,576,27039,
362.1822230426676,72078,309,577,27039,
362.20261462661654,72078,308,578,27039,
362.20271492450865,72077,309,578,27039,
362.20416151600733,72077,309,577,27040,
362.21373429486323,72077,309,576,27041,
362.2151628924431,72077,309,575,27042,
362.230043991871,72077,309,574,27043,
362.23085874024827,72077,309,573,27044,
362.2393960414451,72076,310,573,27044,
362.2405145000561,72075,311,573,27044,
362.24248491845685,72074,312,573,27044,
362.2447013484032,72074,312,572,27045,
362.25213727229465,72074,312,571,27046,
362.2532645699416,72073,313,571,27046,
362.2565483897653,72073,313,570,27047,
362.2607987757984,72073,313,569,27048,
362.2610943131825,72073,312,570,27048,
362.2649038681655,72073,312,569,27049,
362.2661235984487,72072,313,569,27049,
362.27918672800445,72071,314,569,27049,
362.28352673962496,72070,315,569,27049,
362.2848933452349,72070,315,568,27050,
362.2898376253185,72069,316,568,27050,
362.28989965088795,72068,317,568,27050,
362.29207040735685,72068,317,567,27051,
362.29885254550214,72068,316,568,27051,
362.30744405867654,72068,315,569,27051,
362.315766692152,72068,315,568,27052,
362.31676210472017,72068,314,569,27052,
362.3225582722505,72068,313,570,27052,
362.33599598534585,72067,314,570,27052,
362.3413752980958,72067,314,569,27053,
362.3557782068284,72067,313,570,27053,
362.3623864266291,72067,313,569,27054,
362.3763734896377,72067,313,568,27055,
362.3860436250203,72067,313,567,27056,
362.38893926818844,72066,314,567,27056,
362.3992655129887,72066,313,568,27056,
362.4062109072196,72066,313,567,27057,
362.41095907830305,72065,314,567,27057,
362.4194219482769,72065,313,568,27057,
362.42013725830054,72065,312,569,27057,
362.42806023720925,72065,312,568,27058,
362.4309343284145,72065,311,569,27058,
362.43366418888326,72065,310,570,27058,
362.44937706938885,72065,310,569,27059,
362.4545325347792,72065,309,570,27059,
362.4592766471964,72065,308,571,27059,
362.4693393105733,72064,309,571,27059,
362.4702249166394,72064,309,570,27060,
362.4708676356861,72063,310,570,27060,
362.47876981247396,72063,309,571,27060,
362.47989654603634,72063,309,570,27061,
362.48348521429415,72063,309,569,27062,
362.4902808217407,72063,309,568,27063,
362.49037381285683,72063,308,569,27063,
362.49369889612916,72062,309,569,27063,
362.49388040760743,72061,310,569,27063,
362.49404046983057,72060,311,569,27063,
362.49514915642106,72060,311,568,27064,
362.4982266481992,72060,311,567,27065,
362.504737193339,72060,311,566,27066,
362.5064123066056,72060,311,565,27067,
362.509498108024,72059,312,565,27067,
362.51049743944003,72058,313,565,27067,
362.5200303298642,72058,313,564,27068,
362.5208939246447,72058,312,565,27068,
362.52376849966413,72058,312,564,27069,
362.5329003310272,72058,311,565,27069,
362.5509089313151,72058,311,564,27070,
362.55427737646005,72057,312,564,27070,
362.5600382232613,72057,312,563,27071,
362.56044002514676,72057,312,562,27072,
362.5651259711286,72057,311,563,27072,
362.56949403290776,72057,311,562,27073,
362.57043188290254,72057,311,561,27074,
362.5731199934514,72056,312,561,27074,
362.57638876906594,72055,313,561,27074,
362.57885717393987,72054,314,561,27074,
362.5809707100838,72054,313,562,27074,
362.5825498411062,72054,312,563,27074,
362.5826427156219,72053,313,563,27074,
362.58393683215377,72053,312,564,27074,
362.5914374062593,72052,313,564,27074,
362.5945814391332,72052,313,563,27075,
362.6160924617463,72052,313,562,27076,
362.61876347644477,72051,314,562,27076,
362.62744421490095,72051,314,561,27077,
362.63074080564104,72051,314,560,27078,
362.63983809313305,72051,314,559,27079,
362.63988122318676,72050,315,559,27079,
362.64673460828163,72050,315,558,27080,
362.6510220772661,72050,314,559,27080,
362.6538093334311,72050,313,560,27080,
362.6551675199716,72050,313,559,27081,
362.6572869444991,72050,312,560,27081,
362.66258225163125,72050,311,561,27081,
362.6729908002958,72050,311,560,27082,
362.673661825958,72050,311,559,27083,
362.67861383574393,72050,311,558,27084,
362.6825188870804,72050,311,557,27085,
362.7000216826497,72050,311,556,27086,
362.70022335386085,72050,311,555,27087,
362.71223732616323,72050,311,554,27088,
362.7124610696775,72050,311,553,27089,
362.7221197949247,72050,310,554,27089,
362.7238879143156,72049,311,554,27089,
362.75010927673037,72049,310,555,27089,
362.7649263622463,72048,311,555,27089,
362.76593825947333,72048,311,554,27090,
362.7720389072932,72048,311,553,27091,
362.7733720048392,72047,312,553,27091,
362.7795670007582,72046,313,553,27091,
362.78035048128316,72046,312,554,27091,
362.7819186816053,72046,312,553,27092,
362.785522913558,72046,312,552,27093,
362.78792160298656,72046,312,551,27094,
362.7891690316598,72046,312,550,27095,
362.7913964423215,72046,311,551,27095,
362.79479052068695,72046,310,552,27095,
362.8026688949554,72046,309,553,27095,
362.8051454288345,72046,308,554,27095,
362.8063718579046,72046,307,555,27095,
362.8090518058543,72046,307,554,27096,
362.82044123602253,72046,306,555,27096,
362.82729730184843,72045,307,555,27096,
362.8275418507505,72045,307,554,27097,
362.8346441303223,72045,307,553,27098,
362.83640992337337,72045,307,552,27099,
362.84306199650734,72045,306,553,27099,
362.8548040066127,72045,305,554,27099,
362.8678243841828,72044,306,554,27099,
362.88239807002697,72043,307,554,27099,
362.88331148087883,72042,308,554,27099,
362.88661632246163,72042,308,553,27100,
362.8877942681677,72042,308,552,27101,
362.88837457988876,72042,307,553,27101,
362.8893692143804,72041,308,553,27101,
362.8912057833161,72040,309,553,27101,
362.8948682932952,72039,310,553,27101,
362.8977617962273,72038,311,553,27101,
362.9003655721949,72037,312,553,27101,
362.90131056636255,72036,313,553,27101,
362.90648327296446,72035,314,553,27101,
362.9121613147331,72035,314,552,27102,
362.9128180578972,72034,315,552,27102,
362.9350058240487,72034,315,551,27103,
362.93874947082156,72033,316,551,27103,
362.94167458692004,72032,317,551,27103,
362.9451381553644,72031,318,551,27103,
362.9544419407183,72030,319,551,27103,
362.9602913993723,72029,320,551,27103,
362.9680410824418,72029,319,552,27103,
362.9694496975199,72029,318,553,27103,
362.9707328085409,72028,319,553,27103,
362.97180443822856,72027,320,553,27103,
362.9826641878752,72026,321,553,27103,
362.9829638983072,72026,321,552,27104,
362.98761578426047,72025,322,552,27104,
362.994752016918,72025,322,551,27105,
363.00008914315515,72024,323,551,27105,
363.0047844110456,72024,323,550,27106,
363.0053652006655,72023,324,550,27106,
363.0073479069081,72023,324,549,27107,
363.0074866052847,72023,324,548,27108,
363.00873891425186,72023,324,547,27109,
363.00894707600156,72023,324,546,27110,
363.01150776394786,72023,323,547,27110,
363.01347270320457,72023,322,548,27110,
363.0148919279477,72023,321,549,27110,
363.0187434603248,72023,320,550,27110,
363.02160533808313,72023,320,549,27111,
363.02249962898765,72022,321,549,27111,
363.02369670253694,72021,322,549,27111,
363.02598110505807,72020,323,549,27111,
363.0265752515766,72020,323,548,27112,
363.0266663652847,72019,324,548,27112,
363.03058715811085,72018,325,548,27112,
363.03675869957976,72018,325,547,27113,
363.0375933823063,72018,325,546,27114,
363.0388302602405,72018,324,547,27114,
363.0395646701172,72018,324,546,27115,
363.04408520984236,72018,323,547,27115,
363.0651312384525,72018,323,546,27116,
363.0753292890285,72018,323,545,27117,
363.0863508924849,72018,322,546,27117,
363.0994392262627,72017,323,546,27117,
363.1013631522429,72016,324,546,27117,
363.1025346390965,72016,323,547,27117,
363.11635218908134,72016,322,548,27117,
363.11924942032397,72015,323,548,27117,
363.1223895714365,72015,323,547,27118,
363.1247736885675,72015,323,546,27119,
363.1375746181036,72014,324,546,27119,
363.1427572604172,72013,325,546,27119,
363.1474046470999,72013,324,547,27119,
363.15669268718193,72013,323,548,27119,
363.1595563882987,72013,323,547,27120,
363.165080680431,72012,324,547,27120,
363.1662263939167,72012,323,548,27120,
363.1713273236283,72011,324,548,27120,
363.1845244997124,72011,323,549,27120,
363.1856017953229,72011,322,550,27120,
363.19334622058636,72010,323,550,27120,
363.19339822742785,72010,323,549,27121,
363.20680377705503,72010,322,550,27121,
363.21172831015224,72010,321,551,27121,
363.2192539696936,72009,322,551,27121,
363.2219270883813,72009,322,550,27122,
363.23156947673925,72009,322,549,27123,
363.23253635520854,72009,321,550,27123,
363.2386720354407,72009,321,549,27124,
363.24015928756086,72009,320,550,27124,
363.2415785075867,72009,320,549,27125,
363.2429848515057,72009,319,550,27125,
363.2471533133317,72009,319,549,27126,
363.25179907780034,72009,318,550,27126,
363.255285375737,72008,319,550,27126,
363.26336082385353,72008,318,551,27126,
363.27090742353437,72007,319,551,27126,
363.27330045489873,72007,319,550,27127,
363.27977883562215,72006,320,550,27127,
363.28120290824313,72006,319,551,27127,
363.2831810948214,72005,320,551,27127,
363.2862942948872,72004,321,551,27127,
363.2868538242698,72004,321,550,27128,
363.28864071171364,72003,322,550,27128,
363.29670002665904,72002,323,550,27128,
363.297326117567,72002,322,551,27128,
363.3025383478382,72002,322,550,27129,
363.30566698212925,72002,321,551,27129,
363.3079547840967,72001,322,551,27129,
363.3092754961033,72001,322,550,27130,
363.3260006544102,72001,321,551,27130,
363.3261370113767,72001,320,552,27130,
363.3262734058967,72001,319,553,27130,
363.33455271210147,72001,319,552,27131,
363.34013412286583,72001,318,553,27131,
363.3486176261081,72001,318,552,27132,
363.35479958918387,72000,319,552,27132,
363.3633189749798,72000,319,551,27133,
363.36578231193744,72000,319,550,27134,
363.37124756299187,71999,320,550,27134,
363.3717410615244,71998,321,550,27134,
363.3821255346709,71998,320,551,27134,
363.39927479592166,71997,321,551,27134,
363.40310468333337,71996,322,551,27134,
363.41541060348203,71996,322,550,27135,
363.429491423752,71995,323,550,27135,
363.43121053052295,71995,323,549,27136,
363.4314940074728,71995,323,548,27137,
363.43841268548,71995,322,549,27137,
363.44736313098974,71995,321,550,27137,
363.4474012090699,71994,322,550,27137,
363.45067628120853,71994,321,551,27137,
363.4552909079547,71994,320,552,27137,
363.45609470066137,71994,319,553,27137,
363.4574447580937,71994,318,554,27137,
363.4611149604676,71994,318,553,27138,
363.4611664902564,71994,317,554,27138,
363.46210738217684,71994,317,553,27139,
363.4627773843257,71993,318,553,27139,
363.46736401714037,71993,317,554,27139,
363.4686909985686,71993,316,555,27139,
363.47568032065726,71993,315,556,27139,
363.4783356645276,71992,316,556,27139,
363.4787484238264,71991,317,556,27139,
363.4847204929723,71990,318,556,27139,
363.49036027863565,71990,318,555,27140,
363.49125766744953,71990,318,554,27141,
363.4947484465224,71990,317,555,27141,
363.4950853009236,71989,318,555,27141,
363.5030611293173,71989,318,554,27142,
363.50773911009287,71989,318,553,27143,
363.5119159322202,71988,319,553,27143,
363.51926096426763,71988,318,554,27143,
363.5200359528254,71987,319,554,27143,
363.5297125233999,71986,320,554,27143,
363.54637009786865,71985,321,554,27143,
363.5672266317587,71985,321,553,27144,
363.57087035321365,71985,321,552,27145,
363.5719338841956,71985,320,553,27145,
363.57353265738743,71985,319,554,27145,
363.58000126512684,71984,320,554,27145,
363.5861202388129,71983,321,554,27145,
363.5912328987962,71983,321,553,27146,
363.5960828654754,71983,321,552,27147,
363.6015817129499,71982,322,552,27147,
363.6037111410207,71982,322,551,27148,
363.6052658253103,71982,321,552,27148,
363.60956799188114,71981,322,552,27148,
363.6112788630044,71981,322,551,27149,
363.61467129782267,71981,322,550,27150,
363.6150323512122,71981,321,551,27150,
363.6185987949031,71980,322,551,27150,
363.63001034321195,71980,322,550,27151,
363.6383174149375,71980,321,551,27151,
363.63961726590577,71979,322,551,27151,
363.64951951720593,71978,323,551,27151,
363.65248756109247,71977,324,551,27151,
363.6573972138552,71976,325,551,27151,
363.6605091957262,71976,324,552,27151,
363.67496436958703,71976,323,553,27151,
363.6784318536503,71976,323,552,27152,
363.6830228178972,71976,322,553,27152,
363.68701959596706,71975,323,553,27152,
363.69226060215186,71974,324,553,27152,
363.69771856259257,71973,325,553,27152,
363.6994992377156,71973,325,552,27153,
363.7081751330957,71973,325,551,27154,
363.71382847935314,71972,326,551,27154,
363.71641596147174,71972,326,550,27155,
363.7173230468844,71972,326,549,27156,
363.71977724696734,71971,327,549,27156,
363.7288633572324,71971,326,550,27156,
363.72942016258395,71971,325,551,27156,
363.736672037793,71970,326,551,27156,
363.7401141687723,71970,326,550,27157,
363.7461228891833,71970,325,551,27157,
363.74772363035373,71969,326,551,27157,
363.76645768677434,71969,326,550,27158,
363.7712882297961,71969,326,549,27159,
363.7780384180193,71968,327,549,27159,
363.78964782412356,71968,327,548,27160,
363.790070502801,71968,327,547,27161,
363.7903318191064,71967,328,547,27161,
363.8024027634245,71967,328,546,27162,
363.8072487630197,71967,327,547,27162,
363.8079000187695,71967,327,546,27163,
363.8160741122169,71967,327,545,27164,
363.8171418728285,71967,327,544,27165,
363.8197868932018,71967,327,543,27166,
363.8199660988356,71967,326,544,27166,
363.82122407571296,71967,326,543,27167,
363.8228498403105,71966,327,543,27167,
363.8248922220297,71966,327,542,27168,
363.82550779590184,71966,326,543,27168,
363.82561507379495,71965,327,543,27168,
363.8516231267312,71965,327,542,27169,
363.86835451062586,71964,328,542,27169,
363.87558140873506,71964,327,543,27169,
363.88978929395284,71964,326,544,27169,
363.89467863165913,71964,325,545,27169,
363.89717150621186,71963,326,545,27169,
363.9004790527643,71963,326,544,27170,
363.9024243403931,71963,326,543,27171,
363.90447565389906,71963,326,542,27172,
363.9060898556177,71962,327,542,27172,
363.91222489570794,71962,326,543,27172,
363.91631260676377,71962,326,542,27173,
363.9193067139563,71962,326,541,27174,
363.9369486399057,71962,326,540,27175,
363.9568043564698,71962,326,539,27176,
363.9716284645288,71962,325,540,27176,
363.976368177914,71961,326,540,27176,
363.97731302199645,71961,326,539,27177,
363.9789910303927,71961,325,540,27177,
363.9811965094957,71960,326,540,27177,
363.98432227251567,71959,327,540,27177,
363.98466875789165,71959,327,539,27178,
363.98636674730324,71959,326,540,27178,
363.98928606523145,71959,326,539,27179,
364.0011916444832,71959,326,538,27180,
364.0064000073055,71959,325,539,27180,
364.0080365268049,71959,324,540,27180,
364.0090175925507,71959,323,541,27180,
364.00999168534867,71958,324,541,27180,
364.01074046796435,71958,323,542,27180,
364.0135623126594,71958,322,543,27180,
364.01826804314965,71958,321,544,27180,
364.0296822407143,71957,322,544,27180,
364.0304702793442,71957,322,543,27181,
364.03539735158296,71957,321,544,27181,
364.05599760961366,71957,320,545,27181,
364.0642701637122,71956,321,545,27181,
364.0678550972316,71956,321,544,27182,
364.07018373683513,71955,322,544,27182,
364.0760862322764,71954,323,544,27182,
364.0886121203403,71954,322,545,27182,
364.0904334222999,71954,322,544,27183,
364.0939207489417,71954,321,545,27183,
364.1000853176349,71954,321,544,27184,
364.10612884683576,71953,322,544,27184,
364.1079488826817,71953,321,545,27184,
364.1219454092971,71953,320,546,27184,
364.12411601196305,71953,320,545,27185,
364.1273350690637,71953,320,544,27186,
364.1296330883159,71953,320,543,27187,
364.13180563196784,71953,319,544,27187,
364.1365217090161,71953,319,543,27188,
364.1453601132414,71953,319,542,27189,
364.1597228037272,71953,319,541,27190,
364.16187886499574,71952,320,541,27190,
364.18267685145514,71951,321,541,27190,
364.1827789585288,71951,320,542,27190,
364.1846038386273,71951,319,543,27190,
364.18828525491574,71951,318,544,27190,
364.19294042131617,71950,319,544,27190,
364.206875088904,71950,319,543,27191,
364.21155933539774,71950,319,542,27192,
364.2165342826463,71950,318,543,27192,
364.237180712467,71950,317,544,27192,
364.2419383362067,71950,316,545,27192,
364.2420608305256,71949,317,545,27192,
364.2421281039102,71949,317,544,27193,
364.2441967267816,71949,317,543,27194,
364.25202699179727,71948,318,543,27194,
364.252836039807,71948,318,542,27195,
364.25724107020676,71948,318,541,27196,
364.2674932166974,71947,319,541,27196,
364.2716226004022,71947,319,540,27197,
364.27558523927115,71946,320,540,27197,
364.27818306115626,71946,320,539,27198,
364.28150555475094,71946,320,538,27199,
364.28201065200824,71946,319,539,27199,
364.29065628946535,71946,319,538,27200,
364.2988368227069,71946,319,537,27201,
364.29913848682276,71946,318,538,27201,
364.30922226438275,71946,318,537,27202,
364.3101872134024,71945,319,537,27202,
364.314371022133,71944,320,537,27202,
364.3148571193829,71944,320,536,27203,
364.31591523059143,71944,320,535,27204,
364.333332774281,71944,320,534,27205,
364.34776405532756,71944,320,533,27206,
364.35297040914344,71944,320,532,27207,
364.3588707148387,71944,320,531,27208,
364.3619034123192,71943,321,531,27208,
364.367276015374,71942,322,531,27208,
364.3710562857478,71941,323,531,27208,
364.3722128506203,71940,324,531,27208,
364.37238085901726,71940,324,530,27209,
364.3766624255927,71940,324,529,27210,
364.3883030103825,71940,324,528,27211,
364.388699782901,71940,323,529,27211,
364.39104663834576,71940,323,528,27212,
364.39526927924294,71940,323,527,27213,
364.3987322079328,71939,324,527,27213,
364.40412102741016,71939,323,528,27213,
364.4053622333044,71939,323,527,27214,
364.40952381179653,71938,324,527,27214,
364.41115959318796,71938,324,526,27215,
364.4141943433307,71938,324,525,27216,
364.4296317630207,71937,325,525,27216,
364.44280959553527,71937,324,526,27216,
364.4499661504018,71937,323,527,27216,
364.4554886931232,71936,324,527,27216,
364.45580704026753,71936,324,526,27217,
364.46324006830343,71935,325,526,27217,
364.46438099070724,71934,326,526,27217,
364.465007347517,71933,327,526,27217,
364.47447052072425,71932,328,526,27217,
364.48209751581953,71932,327,527,27217,
364.4834256164494,71932,326,528,27217,
364.48458637232517,71932,325,529,27217,
364.4941322302768,71932,325,528,27218,
364.5014055974153,71932,324,529,27218,
364.5023596295548,71932,323,530,27218,
364.50895261151845,71932,323,529,27219,
364.5232637846832,71932,322,530,27219,
364.5300015274023,71932,322,529,27220,
364.538102150217,71931,323,529,27220,
364.54390883516663,71931,323,528,27221,
364.559743592187,71930,324,528,27221,
364.56066370308,71930,323,529,27221,
364.56504908422386,71929,324,529,27221,
364.565075945558,71929,323,530,27221,
364.575345915184,71929,323,529,27222,
364.5791867004828,71928,324,529,27222,
364.5841617299366,71927,325,529,27222,
364.5919279283899,71927,325,528,27223,
364.5933062922372,71927,325,527,27224,
364.5957469507287,71926,326,527,27224,
364.6011680083711,71926,326,526,27225,
364.610625837574,71926,325,527,27225,
364.6218134149909,71926,325,526,27226,
364.63965796908667,71926,324,527,27226,
364.64145230284487,71925,325,527,27226,
364.64483885404803,71925,324,528,27226,
364.65131817990755,71925,323,529,27226,
364.65256022813116,71924,324,529,27226,
364.65357003857014,71924,324,528,27227,
364.6538000727805,71924,323,529,27227,
364.67109606709016,71924,322,530,27227,
364.67410171413985,71924,321,531,27227,
364.68110749084167,71923,322,531,27227,
364.68581563568546,71922,323,531,27227,
364.69047838618707,71921,324,531,27227,
364.6957199993277,71921,324,530,27228,
364.7049213405116,71921,323,531,27228,
364.7096686735163,71921,323,530,27229,
364.71090888605306,71921,323,529,27230,
364.7142511745343,71921,322,530,27230,
364.71445671242753,71920,323,530,27230,
364.71979604989036,71920,323,529,27231,
364.72942387454435,71920,323,528,27232,
364.75681709852495,71920,322,529,27232,
364.76002402629,71919,323,529,27232,
364.7686038345159,71918,324,529,27232,
364.7842933261166,71917,325,529,27232,
364.78466412357477,71917,324,530,27232,
364.7905597429045,71917,323,531,27232,
364.79095315048664,71917,323,530,27233,
364.79208922600384,71917,322,531,27233,
364.79847776963567,71916,323,531,27233,
364.801782323627,71916,322,532,27233,
364.80370163615197,71916,321,533,27233,
364.81340655880945,71915,322,533,27233,
364.8247309201726,71915,321,534,27233,
364.83412387633683,71915,320,535,27233,
364.8372087604748,71914,321,535,27233,
364.8428652528913,71914,321,534,27234,
364.84363901102495,71913,322,534,27234,
364.8520659627335,71913,322,533,27235,
364.85619402320617,71913,322,532,27236,
364.8605737059403,71912,323,532,27236,
364.87270697855547,71911,324,532,27236,
364.8777484704604,71910,325,532,27236,
364.8926741562214,71910,325,531,27237,
364.89456338760976,71909,326,531,27237,
364.89573026384664,71909,325,532,27237,
364.8967228709539,71909,324,533,27237,
364.89793803693544,71909,323,534,27237,
364.92021893597985,71908,324,534,27237,
364.92808630228967,71908,323,535,27237,
364.93670784382425,71907,324,535,27237,
364.9432831045376,71906,325,535,27237,
364.9593422955426,71906,324,536,27237,
364.95944234647294,71906,323,537,27237,
364.9604756608141,71905,324,537,27237,
364.96527463934416,71905,324,536,27238,
364.9659321100155,71905,323,537,27238,
364.99483658225824,71905,322,538,27238,
365.0085439298661,71905,322,537,27239,
365.00986573553035,71905,322,536,27240,
365.0147040080642,71905,321,537,27240,
365.01930477886384,71905,320,538,27240,
365.02342231820165,71904,321,538,27240,
365.0263886200815,71903,322,538,27240,
365.0269131365545,71903,321,539,27240,
365.03213174981903,71902,322,539,27240,
365.036902768697,71901,323,539,27240,
365.03774380470486,71901,322,540,27240,
365.04112272260767,71901,321,541,27240,
365.0425230121256,71901,320,542,27240,
365.0508974855379,71900,321,542,27240,
365.0511495062737,71899,322,542,27240,
365.0587024327987,71898,323,542,27240,
365.05943081690793,71897,324,542,27240,
365.0626427701201,71897,324,541,27241,
365.0677037481114,71897,323,542,27241,
365.07889411239825,71897,322,543,27241,
365.0799511027336,71897,322,542,27242,
365.082126284978,71897,321,543,27242,
365.08361602364636,71896,322,543,27242,
365.0846153632883,71896,322,542,27243,
365.09331044716293,71895,323,542,27243,
365.0998677329342,71895,322,543,27243,
365.1063890598281,71895,321,544,27243,
365.1149148545671,71894,322,544,27243,
365.11977358236675,71894,322,543,27244,
365.1217131350508,71893,323,543,27244,
365.1343836124472,71893,323,542,27245,
365.13573814032094,71893,323,541,27246,
365.14054668355925,71893,322,542,27246,
365.14404594813607,71892,323,542,27246,
365.1456540926245,71892,322,543,27246,
365.1533785402742,71892,322,542,27247,
365.15893333632357,71892,322,541,27248,
365.1592607231343,71891,323,541,27248,
365.16316574765625,71891,323,540,27249,
365.1789820951008,71891,323,539,27250,
365.1845258687654,71890,324,539,27250,
365.18625248843483,71890,323,540,27250,
365.19918084355197,71890,323,539,27251,
365.1996699302215,71889,324,539,27251,
365.2007431372309,71888,325,539,27251,
365.2029802476748,71888,325,538,27252,
365.2067518575908,71888,324,539,27252,
365.2158940258101,71888,323,540,27252,
365.21788302440694,71888,322,541,27252,
365.2310482103982,71888,322,540,27253,
365.23589154430016,71887,323,540,27253,
365.2375882448799,71887,323,539,27254,
365.25245986694733,71887,323,538,27255,
365.261414205878,71887,322,539,27255,
365.2733601016962,71887,322,538,27256,
365.27344410161913,71887,322,537,27257,
365.27346029081264,71887,322,536,27258,
365.27470318977447,71886,323,536,27258,
365.2748572548393,71885,324,536,27258,
365.28066592463205,71885,324,535,27259,
365.2880021124104,71885,323,536,27259,
365.29072817416557,71885,322,537,27259,
365.2973870806224,71884,323,537,27259,
365.3054620047504,71883,324,537,27259,
365.3063432513788,71882,325,537,27259,
365.30891613707945,71882,325,536,27260,
365.3196509458341,71882,324,537,27260,
365.32575485599193,71881,325,537,27260,
365.3261088328984,71881,325,536,27261,
365.33403234893785,71881,324,537,27261,
365.3349967802187,71881,323,538,27261,
365.33644082830153,71880,324,538,27261,
365.3382429723234,71880,324,537,27262,
365.342815951861,71880,324,536,27263,
365.3500341088325,71879,325,536,27263,
365.3532025480856,71878,326,536,27263,
365.355897993265,71878,326,535,27264,
365.36128474052975,71878,325,536,27264,
365.3666691983586,71878,325,535,27265,
365.373758198243,71878,324,536,27265,
365.37516634024115,71878,324,535,27266,
365.3762847970599,71878,323,536,27266,
365.3810143702491,71877,324,536,27266,
365.39005076477224,71877,324,535,27267,
365.39094093906175,71877,324,534,27268,
365.3913748559882,71877,324,533,27269,
365.39410960005523,71877,324,532,27270,
365.3959230404249,71876,325,532,27270,
365.39598869607477,71876,324,533,27270,
365.4002923910562,71876,324,532,27271,
365.40217586432556,71876,323,533,27271,
365.40289880067166,71876,322,534,27271,
365.40753915361273,71876,322,533,27272,
365.4119204747772,71876,322,532,27273,
365.4195077798426,71876,322,531,27274,
365.4242733490362,71876,322,530,27275,
365.42873756045367,71876,321,531,27275,
365.4302255944372,71875,322,531,27275,
365.43591778497336,71875,322,530,27276,
365.44052241918973,71875,322,529,27277,
365.44607772618826,71875,321,530,27277,
365.44758602884565,71875,321,529,27278,
365.4499932762747,71875,320,530,27278,
365.46844584914487,71875,320,529,27279,
365.4788681092533,71875,320,528,27280,
365.47953819553015,71874,321,528,27280,
365.48063845172186,71873,322,528,27280,
365.4839367357473,71873,322,527,27281,
365.51931923496545,71872,323,527,27281,
365.522195248705,71872,322,528,27281,
365.5290714120387,71871,323,528,27281,
365.53936600821896,71871,323,527,27282,
365.54421971255874,71871,322,528,27282,
365.5480621313904,71871,321,529,27282,
365.55099037409695,71871,320,530,27282,
365.55185889200675,71871,320,529,27283,
365.5531761257807,71870,321,529,27283,
365.55605818503335,71870,320,530,27283,
365.5650383843516,71870,320,529,27284,
365.57428962018844,71870,320,528,27285,
365.5754318075151,71870,319,529,27285,
365.58721205005793,71870,318,530,27285,
365.58965067540987,71870,317,531,27285,
365.591720809323,71869,318,531,27285,
365.59457037696245,71869,317,532,27285,
365.62009492367525,71868,318,532,27285,
365.62442804482373,71868,317,533,27285,
365.629612537551,71867,318,533,27285,
365.63002007724754,71866,319,533,27285,
365.6325820685121,71865,320,533,27285,
365.6407344292122,71865,320,532,27286,
365.64092861526706,71865,320,531,27287,
365.6410147487463,71865,319,532,27287,
365.65114311480625,71865,319,531,27288,
365.6572323885365,71865,319,530,27289,
365.6606659526357,71865,318,531,27289,
365.6617722384393,71865,317,532,27289,
365.66188185532735,71865,317,531,27290,
365.66939541279385,71865,317,530,27291,
365.6959600328345,71864,318,530,27291,
365.7022416157596,71864,317,531,27291,
365.7129246728904,71863,318,531,27291,
365.71861825869297,71863,318,530,27292,
365.72095586254335,71863,318,529,27293,
365.7423013869206,71863,318,528,27294,
365.7441539117741,71863,317,529,27294,
365.7568535189305,71863,316,530,27294,
365.7573352523995,71863,315,531,27294,
365.7573536885738,71863,314,532,27294,
365.7590424304668,71862,315,532,27294,
365.7659781198611,71862,315,531,27295,
365.7783966437509,71862,314,532,27295,
365.7855495744589,71861,315,532,27295,
365.7898007501254,71861,315,531,27296,
365.7923579406727,71861,314,532,27296,
365.79296974756545,71861,313,533,27296,
365.79623634398115,71861,312,534,27296,
365.7978567437381,71860,313,534,27296,
365.8014886479361,71860,313,533,27297,
365.8051153775738,71860,312,534,27297,
365.810199877471,71860,311,535,27297,
365.8102819982005,71860,311,534,27298,
365.8157116811348,71860,311,533,27299,
365.8175043920728,71860,310,534,27299,
365.81763093960444,71860,309,535,27299,
365.82473159567985,71860,308,536,27299,
365.8259510880911,71860,308,535,27300,
365.82939438060964,71860,308,534,27301,
365.83577945802057,71860,308,533,27302,
365.8445463114665,71859,309,533,27302,
365.8495990403522,71859,308,534,27302,
365.8631249608574,71858,309,534,27302,
365.8744513489217,71858,308,535,27302,
365.8757986023158,71858,308,534,27303,
365.88555964155665,71858,307,535,27303,
365.8900056639976,71857,308,535,27303,
365.89048441882073,71857,307,536,27303,
365.89099628768616,71857,306,537,27303,
365.89494047054495,71857,306,536,27304,
365.8977255735448,71857,306,535,27305,
365.90588981506573,71857,305,536,27305,
365.9126036755707,71857,305,535,27306,
365.92413772679953,71856,306,535,27306,
365.92973899566493,71855,307,535,27306,
365.93487999342733,71855,307,534,27307,
365.93573347862116,71855,307,533,27308,
365.93858388858234,71855,306,534,27308,
365.93978632534476,71855,306,533,27309,
365.940754326139,71855,305,534,27309,
365.95364740918114,71855,304,535,27309,
365.9577773510716,71855,303,536,27309,
365.9596177068853,71855,303,535,27310,
365.96293239929116,71855,303,534,27311,
365.9698012055358,71855,303,533,27312,
365.9962684683658,71855,303,532,27313,
366.0053125462578,71855,303,531,27314,
366.0070587789782,71854,304,531,27314,
366.00875072993335,71854,304,530,27315,
366.0136550510385,71853,305,530,27315,
366.01460191676097,71853,305,529,27316,
366.02317665384857,71852,306,529,27316,
366.03338427317385,71852,305,530,27316,
366.03406826811204,71852,304,531,27316,
366.03665565811247,71851,305,531,27316,
366.03901728762946,71851,305,530,27317,
366.0413363840857,71851,304,531,27317,
366.04955820392166,71851,303,532,27317,
366.0618859088714,71850,304,532,27317,
366.0719080947049,71849,305,532,27317,
366.0731574257889,71849,304,533,27317,
366.07345101032365,71848,305,533,27317,
366.0736321820689,71848,304,534,27317,
366.0736321820689,71848,304,534,27317,
366.07585354810567,71848,303,535,27317,
366.0797946485535,71848,303,534,27318,
366.08912884087044,71847,304,534,27318,
366.0968153192158,71847,303,535,27318,
366.0999475817868,71847,302,536,27318,
366.10021627604374,71847,302,535,27319,
366.10909302694733,71847,301,536,27319,
366.11325217383006,71847,300,537,27319,
366.1164378839248,71847,299,538,27319,
366.1288188269601,71847,298,539,27319,
366.1319500607721,71847,298,538,27320,
366.1330675080675,71846,299,538,27320,
366.1416940144052,71845,300,538,27320,
366.14443687660145,71844,301,538,27320,
366.1530299209403,71843,302,538,27320,
366.1532271770278,71843,302,537,27321,
366.1626410071601,71843,301,538,27321,
366.1662132837707,71843,301,537,27322,
366.1776887540403,71843,300,538,27322,
366.18160236110594,71843,300,537,27323,
366.1863945150272,71843,299,538,27323,
366.1934136557389,71843,299,537,27324,
366.1948175111228,71842,300,537,27324,
366.1949328290068,71842,300,536,27325,
366.1980090539894,71841,301,536,27325,
366.2079535674794,71841,301,535,27326,
366.21360718787037,71841,300,536,27326,
366.2252936424975,71841,300,535,27327,
366.2293986357746,71840,301,535,27327,
366.23053762911104,71840,301,534,27328,
366.23762419931177,71839,302,534,27328,
366.23766749617545,71839,301,535,27328,
366.2437656062195,71839,300,536,27328,
366.2447070825973,71839,299,537,27328,
366.24713585703523,71839,299,536,27329,
366.2471592915546,71838,300,536,27329,
366.2593230622365,71837,301,536,27329,
366.25994411035515,71837,301,535,27330,
366.26118982865734,71836,302,535,27330,
366.26353098629045,71836,301,536,27330,
366.2641521795604,71836,300,537,27330,
366.2705552237468,71836,300,536,27331,
366.27413565693615,71836,299,537,27331,
366.27579254520134,71836,298,538,27331,
366.27799530936096,71836,297,539,27331,
366.28100767312293,71835,298,539,27331,
366.2863438889034,71835,298,538,27332,
366.2871693208137,71835,297,539,27332,
366.3037975507184,71835,297,538,27333,
366.31290583005693,71834,298,538,27333,
366.32206298977724,71834,297,539,27333,
366.33304741386684,71833,298,539,27333,
366.3331856555251,71833,297,540,27333,
366.3366235213066,71833,296,541,27333,
366.339308289843,71833,296,540,27334,
366.3409315534258,71833,295,541,27334,
366.3511889472527,71832,296,541,27334,
366.35245059879213,71832,296,540,27335,
366.35498807226554,71831,297,540,27335,
366.36091164986783,71831,297,539,27336,
366.3669350261044,71831,296,540,27336,
366.3750797759822,71830,297,540,27336,
366.3761975405629,71830,297,539,27337,
366.37885333657147,71830,297,538,27338,
366.38578477367076,71830,297,537,27339,
366.3935214993635,71830,296,538,27339,
366.39490337315385,71829,297,538,27339,
366.39606002332056,71829,296,539,27339,
366.40109135022914,71828,297,539,27339,
366.4044299950275,71828,297,538,27340,
366.4056055338431,71828,297,537,27341,
366.4068310780138,71828,297,536,27342,
366.40971424132005,71828,296,537,27342,
366.4310967101335,71827,297,537,27342,
366.43357075176226,71827,297,536,27343,
366.4473661750391,71826,298,536,27343,
366.4533214028875,71826,298,535,27344,
366.4617643811458,71826,297,536,27344,
366.4651599522439,71825,298,536,27344,
366.466518229441,71825,298,535,27345,
366.4688691710651,71824,299,535,27345,
366.4718758542917,71823,300,535,27345,
366.47387933373255,71823,300,534,27346,
366.51314168085787,71822,301,534,27346,
366.51408089979867,71822,301,533,27347,
366.514998349929,71821,302,533,27347,
366.51553656845425,71820,303,533,27347,
366.5190297873262,71820,303,532,27348,
366.5197789360491,71820,303,531,27349,
366.5291099744845,71819,304,531,27349,
366.5379008484951,71818,305,531,27349,
366.5438911950642,71818,304,532,27349,
366.5439527526286,71818,303,533,27349,
366.5469795292356,71818,303,532,27350,
366.54989807546946,71818,302,533,27350,
366.5501857325087,71818,302,532,27351,
366.5503952312474,71818,301,533,27351,
366.55710351115664,71818,301,532,27352,
366.5624396964223,71818,301,531,27353,
366.56418319194313,71818,301,530,27354,
366.57215217051083,71818,301,529,27355,
366.57279847246645,71817,302,529,27355,
366.5734794647236,71817,302,528,27356,
366.5745588739104,71817,302,527,27357,
366.5756797018282,71817,301,528,27357,
366.5767899178878,71816,302,528,27357,
366.5793760903965,71816,301,529,27357,
366.57980700416545,71816,300,530,27357,
366.58472212321243,71816,299,531,27357,
366.59459973451897,71816,298,532,27357,
366.5956572921658,71815,299,532,27357,
366.5974239070497,71814,300,532,27357,
366.60790800053013,71814,299,533,27357,
366.6082733930322,71814,299,532,27358,
366.6159886422891,71813,300,532,27358,
366.62092123050763,71813,299,533,27358,
366.62266403180575,71812,300,533,27358,
366.62346068625243,71812,299,534,27358,
366.6269306545896,71812,299,533,27359,
366.63423869644976,71812,298,534,27359,
366.6399492271211,71812,298,533,27360,
366.6415254370123,71812,297,534,27360,
366.65167167803236,71812,296,535,27360,
366.6542554189924,71812,295,536,27360,
366.65569594722496,71811,296,536,27360,
366.67511672094645,71810,297,536,27360,
366.6761521456273,71810,296,537,27360,
366.67675078398304,71810,296,536,27361,
366.68028245838013,71810,296,535,27362,
366.6924830813249,71809,297,535,27362,
366.6955601770021,71809,297,534,27363,
366.6960330123626,71808,298,534,27363,
366.6967565898829,71808,298,533,27364,
366.7070475141435,71808,298,532,27365,
366.70984148942364,71808,297,533,27365,
366.71692125268044,71808,296,534,27365,
366.7285127436015,71807,297,534,27365,
366.72983809111304,71807,297,533,27366,
366.7411813902885,71806,298,533,27366,
366.7435789745794,71805,299,533,27366,
366.75128609766307,71805,298,534,27366,
366.76639108307035,71805,297,535,27366,
366.7705113577199,71804,298,535,27366,
366.7714365426089,71803,299,535,27366,
366.7735134949041,71803,298,536,27366,
366.78157730829395,71803,297,537,27366,
366.7822372724473,71803,297,536,27367,
366.79163225825704,71802,298,536,27367,
366.79585943886667,71802,297,537,27367,
366.798317128355,71801,298,537,27367,
366.80212689954556,71801,297,538,27367,
366.81948934972405,71801,297,537,27368,
366.8195414582795,71801,297,536,27369,
366.82071926211523,71801,296,537,27369,
366.8227726635057,71801,295,538,27369,
366.8236187482887,71801,294,539,27369,
366.8237173492441,71801,293,540,27369,
366.82756457649094,71800,294,540,27369,
366.8292937537631,71800,294,539,27370,
366.83974831164716,71799,295,539,27370,
366.8461404501123,71799,295,538,27371,
366.84641876148083,71799,294,539,27371,
366.848751132063,71799,294,538,27372,
366.8565956811377,71798,295,538,27372,
366.86242090176415,71798,295,537,27373,
366.86674374110015,71798,295,536,27374,
366.87356029928003,71798,295,535,27375,
366.8864171791541,71798,295,534,27376,
366.8919973573637,71798,295,533,27377,
366.89315643821624,71798,295,532,27378,
366.8960725722245,71797,296,532,27378,
366.90677115925786,71797,296,531,27379,
366.907484034301,71796,297,531,27379,
366.90918621278746,71795,298,531,27379,
366.9118207464994,71795,298,530,27380,
366.9156766874962,71795,298,529,27381,
366.9173460194,71795,298,528,27382,
366.9174151763572,71794,299,528,27382,
366.92821114047905,71794,298,529,27382,
366.94003051518723,71794,298,528,27383,
366.94168099739073,71794,298,527,27384,
366.954454705587,71794,298,526,27385,
366.95680242600963,71794,297,527,27385,
366.96804645872044,71794,296,528,27385,
366.9798428590336,71793,297,528,27385,
366.98140149351735,71793,296,529,27385,
366.99392484654504,71793,296,528,27386,
366.99466247049173,71792,297,528,27386,
367.0092571577677,71792,296,529,27386,
367.01084384504395,71791,297,529,27386,
367.01120260019144,71790,298,529,27386,
367.0145118706643,71789,299,529,27386,
367.01794411685194,71789,298,530,27386,
367.02575390705323,71788,299,530,27386,
367.0273093523802,71788,299,529,27387,
367.0437671862085,71788,299,528,27388,
367.044059439324,71787,300,528,27388,
367.0678307115994,71786,301,528,27388,
367.0765832179306,71786,301,527,27389,
367.08889636345486,71785,302,527,27389,
367.093083260715,71785,302,526,27390,
367.09478339843133,71785,302,525,27391,
367.09799765869866,71785,301,526,27391,
367.09939657441333,71784,302,526,27391,
367.0994600663956,71784,302,525,27392,
367.1052178777687,71784,301,526,27392,
367.1131251152423,71784,300,527,27392,
367.1167548354938,71784,299,528,27392,
367.1223259921831,71784,299,527,27393,
367.12638204165063,71784,298,528,27393,
367.1295765943368,71783,299,528,27393,
367.1358739675236,71783,298,529,27393,
367.1369826375288,71783,298,528,27394,
367.1381615879424,71782,299,528,27394,
367.1432540274134,71782,299,527,27395,
367.14882788993435,71782,299,526,27396,
367.1652526504455,71782,298,527,27396,
367.16703678972993,71781,299,527,27396,
367.1682321321516,71781,298,528,27396,
367.17832566545195,71780,299,528,27396,
367.183853017016,71779,300,528,27396,
367.1844818481341,71779,299,529,27396,
367.1852925273147,71779,299,528,27397,
367.1904235324234,71779,298,529,27397,
367.19384313327623,71779,297,530,27397,
367.1963016218617,71778,298,530,27397,
367.2108400355654,71777,299,530,27397,
367.2191660488568,71777,298,531,27397,
367.220366044697,71776,299,531,27397,
367.23681119904415,71776,298,532,27397,
367.24051025443094,71776,298,531,27398,
367.24063651796433,71776,297,532,27398,
367.26666714034917,71776,297,531,27399,
367.26703633460096,71776,296,532,27399,
367.27163572158645,71776,295,533,27399,
367.28146590943567,71776,295,532,27400,
367.28690010262073,71776,295,531,27401,
367.29422893558353,71775,296,531,27401,
367.30255103381467,71775,296,530,27402,
367.31442416698144,71774,297,530,27402,
367.3221403790816,71774,296,531,27402,
367.3227578216215,71774,295,532,27402,
367.3326339050565,71773,296,532,27402,
367.34209346772764,71773,296,531,27403,
367.3430048759785,71773,296,530,27404,
367.3462128861865,71773,295,531,27404,
367.3532630859771,71772,296,531,27404,
367.3539652321783,71772,295,532,27404,
367.36979639507604,71772,295,531,27405,
367.37308080405313,71772,294,532,27405,
367.37987304734344,71771,295,532,27405,
367.4059198773769,71771,294,533,27405,
367.4152519624639,71771,294,532,27406,
367.4271848083545,71770,295,532,27406,
367.44495371453235,71770,295,531,27407,
367.4705933418164,71770,294,532,27407,
367.4740719584179,71770,293,533,27407,
367.475632389896,71769,294,533,27407,
367.47706576742684,71769,294,532,27408,
367.483308160729,71769,294,531,27409,
367.4981596537133,71769,294,530,27410,
367.5003066599423,71769,294,529,27411,
367.5004097801283,71769,293,530,27411,
367.50348297774013,71769,292,531,27411,
367.5128049739923,71769,292,530,27412,
367.51403495363354,71769,291,531,27412,
367.51626302051676,71768,292,531,27412,
367.5164204981487,71767,293,531,27412,
367.5174843381125,71767,292,532,27412,
367.5191244307665,71767,291,533,27412,
367.526118962315,71766,292,533,27412,
367.52768596252,71766,292,532,27413,
367.5280789653612,71766,292,531,27414,
367.5314571948719,71766,292,530,27415,
367.54871367788724,71766,292,529,27416,
367.55068544436034,71766,292,528,27417,
367.5571713448241,71766,292,527,27418,
367.55873312427747,71766,292,526,27419,
367.56466150500694,71766,292,525,27420,
367.56907708088255,71766,292,524,27421,
367.5710130460641,71766,291,525,27421,
367.57947853922303,71766,290,526,27421,
367.58505030267986,71766,290,525,27422,
367.5933690452487,71766,290,524,27423,
367.598096983288,71766,289,525,27423,
367.59866751742464,71766,289,524,27424,
367.59882393085763,71766,288,525,27424,
367.59882711379464,71766,288,524,27425,
367.60192753306444,71765,289,524,27425,
367.603538904553,71765,289,523,27426,
367.6072218337494,71765,289,522,27427,
367.6175044538493,71764,290,522,27427,
367.6223802644867,71764,290,521,27428,
367.6239523368391,71764,290,520,27429,
367.6326856212107,71764,289,521,27429,
367.63937615202383,71764,288,522,27429,
367.65212587995165,71763,289,522,27429,
367.65215351274094,71763,289,521,27430,
367.66290032307694,71763,289,520,27431,
367.68339317056723,71763,289,519,27432,
367.6836261498419,71762,290,519,27432,
367.71039605202844,71762,290,518,27433,
367.71549259293516,71762,289,519,27433,
367.7267957094583,71762,289,518,27434,
367.73971249286353,71762,288,519,27434,
367.7608780049981,71762,288,518,27435,
367.77023858988184,71762,288,517,27436,
367.7721265163698,71762,288,516,27437,
367.7727465560444,71762,287,517,27437,
367.7820744874572,71762,286,518,27437,
367.78471397600157,71761,287,518,27437,
367.7887865974624,71761,287,517,27438,
367.83123548300796,71761,287,516,27439,
367.8425900587566,71760,288,516,27439,
367.8450622160068,71760,287,517,27439,
367.84761451722926,71759,288,517,27439,
367.85059191303634,71759,287,518,27439,
367.8535216339509,71759,287,517,27440,
367.85828928452435,71759,286,518,27440,
367.8640411349988,71759,286,517,27441,
367.87837199581975,71759,286,516,27442,
367.8842583410456,71759,286,515,27443,
367.8964148477702,71759,285,516,27443,
367.9122227940082,71759,285,515,27444,
367.93162588215404,71758,286,515,27444,
367.9347768798013,71758,286,514,27445,
367.9380966613525,71758,285,515,27445,
367.94135886229816,71758,285,514,27446,
367.9458911454022,71758,284,515,27446,
367.9486821680202,71758,283,516,27446,
367.9522519382988,71757,284,516,27446,
367.9544424804873,71756,285,516,27446,
367.9558406770806,71756,284,517,27446,
367.95949902735583,71756,283,518,27446,
367.9609767130595,71756,282,519,27446,
367.9645019694573,71756,281,520,27446,
367.9645593699359,71755,282,520,27446,
367.9647775247842,71755,281,521,27446,
367.9679381722808,71755,280,522,27446,
367.98068762208266,71754,281,522,27446,
367.99110966625625,71754,281,521,27447,
367.99855090421653,71754,281,520,27448,
368.01046420612533,71754,280,521,27448,
368.01584219853646,71754,279,522,27448,
368.02415145881434,71753,280,522,27448,
368.04167090247216,71752,281,522,27448,
368.0432513501343,71752,281,521,27449,
368.0443912188928,71752,280,522,27449,
368.05101103012146,71752,279,523,27449,
368.05177158948567,71752,279,522,27450,
368.05251905040166,71752,279,521,27451,
368.0536966321234,71752,279,520,27452,
368.0601734149198,71752,278,521,27452,
368.06921888290117,71752,278,520,27453,
368.07873242102755,71752,277,521,27453,
368.0948201367074,71751,278,521,27453,
368.0968148534783,71750,279,521,27453,
368.09759437503004,71749,280,521,27453,
368.10498151928425,71749,279,522,27453,
368.105584705063,71749,278,523,27453,
368.1067475964418,71749,278,522,27454,
368.1067595557358,71748,279,522,27454,
368.1085478577934,71747,280,522,27454,
368.112457594538,71747,279,523,27454,
368.1156330492106,71747,278,524,27454,
368.12375352406724,71746,279,524,27454,
368.12431566914705,71746,279,523,27455,
368.1252275019009,71746,278,524,27455,
368.12943803774476,71746,278,523,27456,
368.14947643072685,71746,278,522,27457,
368.1537254921619,71746,278,521,27458,
368.15497611387565,71746,278,520,27459,
368.15854024927694,71746,277,521,27459,
368.17661537818316,71746,276,522,27459,
368.1780183878112,71745,277,522,27459,
368.18797375319946,71745,277,521,27460,
368.1902747045871,71744,278,521,27460,
368.191263180161,71744,277,522,27460,
368.19475080869245,71743,278,522,27460,
368.1970346707076,71743,278,521,27461,
368.21509549701307,71743,278,520,27462,
368.22438198844577,71742,279,520,27462,
368.2283470264224,71742,278,521,27462,
368.23119376039637,71742,277,522,27462,
368.23620156515426,71742,276,523,27462,
368.23952316820186,71742,275,524,27462,
368.24101460901056,71742,275,523,27463,
368.2433418097993,71742,275,522,27464,
368.24499611916696,71742,275,521,27465,
368.2475174986509,71742,274,522,27465,
368.25402069481163,71741,275,522,27465,
368.25570750677497,71740,276,522,27465,
368.25837790652923,71740,275,523,27465,
368.26782111626346,71740,275,522,27466,
368.2729117444747,71739,276,522,27466,
368.2734508245009,71739,275,523,27466,
368.2841583366635,71738,276,523,27466,
368.2866125064638,71737,277,523,27466,
368.2875002578731,71736,278,523,27466,
368.29398038556633,71736,277,524,27466,
368.29412504702213,71735,278,524,27466,
368.302020282778,71735,278,523,27467,
368.3051037146886,71735,278,522,27468,
368.31454992437216,71735,277,523,27468,
368.3202545203065,71735,276,524,27468,
368.32071456583583,71735,275,525,27468,
368.32374548037654,71735,274,526,27468,
368.3339431854356,71734,275,526,27468,
368.3387282791951,71734,275,525,27469,
368.341757290448,71734,274,526,27469,
368.34637004000376,71734,274,525,27470,
368.3496697286467,71734,273,526,27470,
368.3522407061351,71733,274,526,27470,
368.3548199313411,71733,274,525,27471,
368.36056684549186,71733,274,524,27472,
368.36498163823853,71732,275,524,27472,
368.3675427063052,71731,276,524,27472,
368.3717847521527,71730,277,524,27472,
368.37789340660913,71730,276,525,27472,
368.37973594578534,71729,277,525,27472,
368.3825473479199,71728,278,525,27472,
368.3887716971099,71728,278,524,27473,
368.3912648636458,71728,278,523,27474,
368.3943830004674,71728,278,522,27475,
368.4066163168572,71728,278,521,27476,
368.4134005390498,71728,278,520,27477,
368.4222900974013,71727,279,520,27477,
368.4269476152429,71727,279,519,27478,
368.43145095876145,71727,279,518,27479,
368.4331946213824,71727,278,519,27479,
368.43524739067425,71727,278,518,27480,
368.4398934397352,71726,279,518,27480,
368.4429484668051,71725,280,518,27480,
368.4448190082437,71725,280,517,27481,
368.4490486738291,71725,280,516,27482,
368.451635193956,71725,280,515,27483,
368.4552777756069,71725,279,516,27483,
368.45911591023753,71725,279,515,27484,
368.4597357640508,71725,279,514,27485,
368.4669495966437,71725,278,515,27485,
368.4673432405664,71725,277,516,27485,
368.4724639673525,71725,276,517,27485,
368.4744093205746,71724,277,517,27485,
368.4792240487802,71724,276,518,27485,
368.48304800958226,71724,276,517,27486,
368.4916436530006,71724,275,518,27486,
368.49229654334493,71723,276,518,27486,
368.50037076849105,71723,276,517,27487,
368.5192947991072,71723,275,518,27487,
368.5193934078036,71722,276,518,27487,
368.51974040127044,71722,275,519,27487,
368.52448755643803,71722,275,518,27488,
368.5256436594597,71721,276,518,27488,
368.5301196574017,71721,275,519,27488,
368.5305137898331,71720,276,519,27488,
368.53991210039163,71720,276,518,27489,
368.54373030228015,71720,276,517,27490,
368.555156471666,71720,275,518,27490,
368.5581547705359,71719,276,518,27490,
368.5598210981446,71719,276,517,27491,
368.5662533220445,71719,275,518,27491,
368.5680932335653,71719,274,519,27491,
368.5719729798045,71719,274,518,27492,
368.5776297235938,71719,274,517,27493,
368.5781351117069,71719,274,516,27494,
368.5786889394527,71718,275,516,27494,
368.5856947764126,71717,276,516,27494,
368.5934904806507,71717,275,517,27494,
368.5964446438002,71717,274,518,27494,
368.59699117144174,71717,274,517,27495,
368.6228749215432,71716,275,517,27495,
368.63780262120446,71716,275,516,27496,
368.6584766037279,71715,276,516,27496,
368.6725851163513,71715,275,517,27496,
368.6742305478336,71714,276,517,27496,
368.68536929683825,71714,276,516,27497,
368.69384249987905,71714,275,517,27497,
368.69589303214997,71714,274,518,27497,
368.6960756276764,71714,273,519,27497,
368.6963746073713,71713,274,519,27497,
368.6994192781832,71713,273,520,27497,
368.70193191941274,71712,274,520,27497,
368.7045536303717,71712,274,519,27498,
368.71904918743394,71711,275,519,27498,
368.72076333800976,71710,276,519,27498,
368.72633504653487,71709,277,519,27498,
368.72962577351757,71709,277,518,27499,
368.7416697643265,71709,276,519,27499,
368.7420702167527,71708,277,519,27499,
368.7479901968893,71708,276,520,27499,
368.75865548651825,71707,277,520,27499,
368.77116304974885,71706,278,520,27499,
368.77810494783733,71705,279,520,27499,
368.78186479905617,71705,278,521,27499,
368.7886164292726,71705,277,522,27499,
368.7890892262459,71705,277,521,27500,
368.79862409641487,71705,277,520,27501,
368.8007586612537,71705,277,519,27502,
368.80638445289793,71705,277,518,27503,
368.8105730684196,71704,278,518,27503,
368.8191469757215,71703,279,518,27503,
368.81943874697095,71703,279,517,27504,
368.8306382365619,71703,279,516,27505,
368.83659211704366,71703,279,515,27506,
368.84509849060294,71702,280,515,27506,
368.84754534610556,71702,279,516,27506,
368.8493519460142,71702,278,517,27506,
368.85058706420915,71702,277,518,27506,
368.85668623435527,71702,277,517,27507,
368.8705342543145,71702,276,518,27507,
368.882110443043,71701,277,518,27507,
368.88810110558575,71700,278,518,27507,
368.8953498845668,71700,278,517,27508,
368.9398329531642,71700,277,518,27508,
368.9474336084136,71700,277,517,27509,
368.9479727740606,71699,278,517,27509,
368.9533662462817,71698,279,517,27509,
368.9657485250418,71698,278,518,27509,
368.9662287301421,71697,279,518,27509,
368.97096754929794,71697,279,517,27510,
368.98310258166305,71697,278,518,27510,
368.99609004459114,71696,279,518,27510,
368.99891884728527,71696,278,519,27510,
369.0109376958226,71695,279,519,27510,
369.0172934824907,71695,279,518,27511,
369.0211607087209,71695,278,519,27511,
369.02924778781465,71695,277,520,27511,
369.0316757998673,71694,278,520,27511,
369.0455502474537,71694,277,521,27511,
369.04978856480767,71694,276,522,27511,
369.06038948547484,71693,277,522,27511,
369.0622807300655,71693,277,521,27512,
369.065941012746,71692,278,521,27512,
369.0672556697047,71692,278,520,27513,
369.0685019565915,71691,279,520,27513,
369.0688725771639,71691,278,521,27513,
369.07098036259896,71690,279,521,27513,
369.08529424014586,71690,278,522,27513,
369.08778648809846,71690,278,521,27514,
369.0896860145681,71689,279,521,27514,
369.09268635654405,71689,278,522,27514,
369.0956593850693,71689,277,523,27514,
369.1003190794367,71688,278,523,27514,
369.10520360921197,71688,278,522,27515,
369.107135087884,71688,277,523,27515,
369.1099744335964,71688,277,522,27516,
369.1147440264925,71688,276,523,27516,
369.11676624998603,71688,276,522,27517,
369.12779310899606,71688,275,523,27517,
369.145102092063,71688,275,522,27518,
369.150175983022,71688,275,521,27519,
369.1576257500094,71688,274,522,27519,
369.16991378985205,71688,274,521,27520,
369.17587699224316,71687,275,521,27520,
369.1896620908874,71687,274,522,27520,
369.2014887497681,71687,273,523,27520,
369.2169406102642,71686,274,523,27520,
369.2232623866067,71686,274,522,27521,
369.22583493166377,71686,273,523,27521,
369.24260852427597,71685,274,523,27521,
369.25035733687093,71685,273,524,27521,
369.26525357879694,71685,272,525,27521,
369.278063449477,71685,271,526,27521,
369.2977956952759,71685,271,525,27522,
369.3016758486127,71685,271,524,27523,
369.31018186050113,71685,271,523,27524,
369.32022689056566,71685,271,522,27525,
369.3213956584955,71684,272,522,27525,
369.32209070723945,71683,273,522,27525,
369.322251116903,71683,273,521,27526,
369.3286905814453,71682,274,521,27526,
369.33413664430645,71682,273,522,27526,
369.33606354095275,71682,273,521,27527,
369.3400151357868,71682,273,520,27528,
369.3402867804427,71682,272,521,27528,
369.3415255641316,71682,271,522,27528,
369.35365002503016,71682,271,521,27529,
369.35539793183307,71682,270,522,27529,
369.3592379455803,71681,271,522,27529,
369.3623718593039,71681,270,523,27529,
369.36719167558664,71681,270,522,27530,
369.36793970748454,71681,270,521,27531,
369.3685676732693,71681,269,522,27531,
369.3759012895118,71680,270,522,27531,
369.37903098869475,71680,269,523,27531,
369.38129730635075,71680,268,524,27531,
369.3887646226216,71680,267,525,27531,
369.4006923660531,71680,267,524,27532,
369.4092752424897,71680,266,525,27532,
369.4171162036221,71680,265,526,27532,
369.4191610630312,71680,264,527,27532,
369.43153326595547,71679,265,527,27532,
369.4422991617615,71678,266,527,27532,
369.44580931226625,71678,266,526,27533,
369.4476437499416,71678,265,527,27533,
369.45166603193314,71678,265,526,27534,
369.4530504456657,71678,264,527,27534,
369.4582054706871,71678,264,526,27535,
369.46535934496364,71678,264,525,27536,
369.47011073550567,71678,264,524,27537,
369.4912965461269,71678,263,525,27537,
369.50172521395285,71678,262,526,27537,
369.50507629897464,71678,262,525,27538,
369.50947016459173,71677,263,525,27538,
369.510959720797,71677,262,526,27538,
369.51388737686,71676,263,526,27538,
369.51457110143105,71676,263,525,27539,
369.5175636552404,71676,263,524,27540,
369.51871288122544,71675,264,524,27540,
369.52266366295373,71675,263,525,27540,
369.52923142910964,71675,262,526,27540,
369.5312872990316,71675,261,527,27540,
369.53430933084263,71675,260,528,27540,
369.53567630641805,71674,261,528,27540,
369.54104218884856,71673,262,528,27540,
369.54295776254355,71673,261,529,27540,
369.55084031896865,71673,261,528,27541,
369.55272638449867,71673,261,527,27542,
369.5625079583716,71673,261,526,27543,
369.5645687365622,71672,262,526,27543,
369.5766404249458,71672,261,527,27543,
369.579673916972,71671,262,527,27543,
369.5927667232711,71671,261,528,27543,
369.6091095602462,71671,261,527,27544,
369.61680367608744,71670,262,527,27544,
369.620669750902,71669,263,527,27544,
369.62788221491564,71669,262,528,27544,
369.63809820083475,71668,263,528,27544,
369.640917524295,71668,262,529,27544,
369.65173760234694,71668,262,528,27545,
369.6548367534008,71668,261,529,27545,
369.65514833581295,71668,260,530,27545,
369.6862677651939,71668,259,531,27545,
369.68819966173896,71668,259,530,27546,
369.6957521548232,71668,259,529,27547,
369.70451542373394,71668,259,528,27548,
369.7188213258813,71668,258,529,27548,
369.7223783999974,71668,257,530,27548,
369.7269779610234,71668,257,529,27549,
369.7282165475194,71668,257,528,27550,
369.73816803420436,71668,256,529,27550,
369.7553279926525,71668,256,528,27551,
369.7641516559091,71668,256,527,27552,
369.7706130738927,71668,256,526,27553,
369.7750226337751,71668,255,527,27553,
369.77799410108963,71668,255,526,27554,
369.7792774825538,71668,254,527,27554,
369.78119679680844,71667,255,527,27554,
369.79143859192146,71667,254,528,27554,
369.79824380869945,71667,254,527,27555,
369.80681624304356,71667,254,526,27556,
369.8082094359061,71666,255,526,27556,
369.8114888930766,71665,256,526,27556,
369.81580093013946,71665,255,527,27556,
369.8254506712876,71665,254,528,27556,
369.84018766422474,71664,255,528,27556,
369.85675559582984,71664,255,527,27557,
369.8599397994085,71663,256,527,27557,
369.86024522978846,71663,255,528,27557,
369.86109363405285,71663,254,529,27557,
369.86382790689396,71663,254,528,27558,
369.86512509298336,71663,253,529,27558,
369.8786520776391,71663,253,528,27559,
369.88174817797693,71663,253,527,27560,
369.8820811347232,71663,253,526,27561,
369.88948280568945,71663,252,527,27561,
369.9119826578481,71663,252,526,27562,
369.92290462467236,71663,251,527,27562,
369.9305883447366,71662,252,527,27562,
369.94363496594764,71661,253,527,27562,
369.9441060042937,71661,253,526,27563,
369.95549833041235,71661,253,525,27564,
369.96420880823183,71661,253,524,27565,
369.9671568598146,71661,252,525,27565,
369.97131311160865,71660,253,525,27565,
369.9767453637285,71660,253,524,27566,
369.98711780268843,71660,253,523,27567,
369.98735422659513,71659,254,523,27567,
369.99578544771964,71658,255,523,27567,
369.9974433121982,71658,255,522,27568,
370.0033012025295,71658,255,521,27569,
370.0137392271488,71658,255,520,27570,
370.0235035183357,71658,255,519,27571,
370.02703231683483,71657,256,519,27571,
370.0274846377799,71657,255,520,27571,
370.035343726444,71657,255,519,27572,
370.03926355672195,71657,255,518,27573,
370.04342347770006,71656,256,518,27573,
370.05381467191836,71656,256,517,27574,
370.06497082058667,71655,257,517,27574,
370.06667984823616,71655,257,516,27575,
370.0722639223516,71654,258,516,27575,
370.0792743069073,71654,258,515,27576,
370.0925829700763,71654,257,516,27576,
370.1061681014403,71654,256,517,27576,
370.10831091107605,71654,256,516,27577,
370.10938361525405,71654,255,517,27577,
370.11304202441,71654,255,516,27578,
370.1134414739529,71654,255,515,27579,
370.1160086668257,71653,256,515,27579,
370.11891448887866,71653,256,514,27580,
370.1205740259097,71653,256,513,27581,
370.1215458711451,71653,255,514,27581,
370.1393569256534,71652,256,514,27581,
370.1402648438946,71652,255,515,27581,
370.14203573590686,71651,256,515,27581,
370.1450945513036,71651,255,516,27581,
370.1486107129425,71651,254,517,27581,
370.15042065261804,71651,254,516,27582,
370.1528247814485,71651,253,517,27582,
370.1605994698727,71650,254,517,27582,
370.16919409444563,71650,253,518,27582,
370.1712684248456,71650,252,519,27582,
370.1756603863657,71650,252,518,27583,
370.18371430845025,71650,252,517,27584,
370.1837879495442,71650,251,518,27584,
370.1925960378779,71649,252,518,27584,
370.1960882160923,71649,251,519,27584,
370.20021625284755,71649,250,520,27584,
370.2083616196859,71649,250,519,27585,
370.20998255976843,71649,249,520,27585,
370.2245510056363,71649,248,521,27585,
370.2297612816898,71649,248,520,27586,
370.2365467836756,71648,249,520,27586,
370.240582937261,71648,249,519,27587,
370.25062579377857,71648,249,518,27588,
370.25693643984516,71647,250,518,27588,
370.27469682192054,71646,251,518,27588,
370.2848012917823,71646,250,519,27588,
370.3043610922512,71645,251,519,27588,
370.31222761241634,71644,252,519,27588,
370.33204967112056,71644,251,520,27588,
370.33456109686387,71643,252,520,27588,
370.33885724418127,71642,253,520,27588,
370.3400077898543,71642,253,519,27589,
370.35052279027843,71641,254,519,27589,
370.3525545860713,71640,255,519,27589,
370.353801949071,71640,254,520,27589,
370.3581783495772,71640,254,519,27590,
370.35902097227,71639,255,519,27590,
370.3826545948581,71638,256,519,27590,
370.3854968865236,71637,257,519,27590,
370.3980800618909,71637,257,518,27591,
370.39880190059233,71637,257,517,27592,
370.39884644565564,71636,258,517,27592,
370.40044952910335,71635,259,517,27592,
370.40325774731616,71635,259,516,27593,
370.4125434465341,71635,259,515,27594,
370.41362205289516,71634,260,515,27594,
370.41769109888156,71633,261,515,27594,
370.4245228993789,71633,260,516,27594,
370.4264378795359,71633,259,517,27594,
370.43678302297553,71632,260,517,27594,
370.4379756421259,71631,261,517,27594,
370.44541945354797,71631,261,516,27595,
370.4590529423409,71631,261,515,27596,
370.4611081268028,71630,262,515,27596,
370.4632877111909,71630,262,514,27597,
370.4648480642417,71629,263,514,27597,
370.46697464771705,71628,264,514,27597,
370.4722094626924,71628,264,513,27598,
370.4778047148417,71628,264,512,27599,
370.4810119014379,71627,265,512,27599,
370.4824693515346,71627,264,513,27599,
370.4845174294644,71626,265,513,27599,
370.4877202262908,71626,265,512,27600,
370.4878320292341,71625,266,512,27600,
370.48884008173985,71624,267,512,27600,
370.502740511826,71624,266,513,27600,
370.5056516085457,71623,267,513,27600,
370.5057254117212,71623,267,512,27601,
370.50820679097495,71623,267,511,27602,
370.5184786050122,71623,266,512,27602,
370.52075850960676,71622,267,512,27602,
370.5440491603371,71622,266,513,27602,
370.5498139210577,71622,265,514,27602,
370.5797655781458,71622,265,513,27603,
370.586312256384,71622,264,514,27603,
370.5872174237653,71622,264,513,27604,
370.5964417230953,71622,264,512,27605,
370.5975382760817,71622,263,513,27605,
370.60113793963876,71621,264,513,27605,
370.6033076687674,71621,263,514,27605,
370.6115224691781,71621,262,515,27605,
370.6199264971399,71621,262,514,27606,
370.62746786828484,71620,263,514,27606,
370.64462912806226,71620,263,513,27607,
370.64512850620423,71620,262,514,27607,
370.64757673335436,71619,263,514,27607,
370.65646749606947,71618,264,514,27607,
370.66857460267204,71618,264,513,27608,
370.6710504737162,71617,265,513,27608,
370.6798908757019,71617,264,514,27608,
370.6820798725795,71617,264,513,27609,
370.6833325782506,71617,264,512,27610,
370.6851280927803,71616,265,512,27610,
370.68611461636465,71616,264,513,27610,
370.7007439336784,71616,264,512,27611,
370.70199756874143,71616,263,513,27611,
370.7168555030481,71615,264,513,27611,
370.72292032807815,71615,263,514,27611,
370.72505427939245,71614,264,514,27611,
370.7294928528517,71614,264,513,27612,
370.72989301701966,71614,264,512,27613,
370.73165618825124,71613,265,512,27613,
370.7391902037976,71612,266,512,27613,
370.74448480583123,71611,267,512,27613,
370.74995384846557,71610,268,512,27613,
370.75807468314923,71610,268,511,27614,
370.7632815496472,71610,267,512,27614,
370.76410415610513,71610,266,513,27614,
370.78159267965543,71610,265,514,27614,
370.7846093089995,71609,266,514,27614,
370.7851057918249,71609,265,515,27614,
370.80394154976113,71609,264,516,27614,
370.81291512245195,71609,263,517,27614,
370.81302931049487,71609,262,518,27614,
370.8221791826565,71609,262,517,27615,
370.8353903015515,71608,263,517,27615,
370.85381053064816,71608,263,516,27616,
370.8610213766561,71608,262,517,27616,
370.8644458093024,71608,262,516,27617,
370.8726436260355,71607,263,516,27617,
370.87594375093386,71606,264,516,27617,
370.8902384963547,71605,265,516,27617,
370.8926874112707,71605,265,515,27618,
370.8999229949474,71605,264,516,27618,
370.900906422471,71604,265,516,27618,
370.90406188252905,71604,265,515,27619,
370.91326122356804,71604,264,516,27619,
370.9209619670529,71603,265,516,27619,
370.93025909750764,71603,265,515,27620,
370.94041067555094,71602,266,515,27620,
370.94117213603505,71602,266,514,27621,
370.94459144220156,71602,266,513,27622,
370.9567839074534,71602,266,512,27623,
370.97408129431255,71602,265,513,27623,
370.99224370561984,71602,265,512,27624,
370.9932668096822,71601,266,512,27624,
370.9990205526015,71601,266,511,27625,
371.00071715504976,71601,266,510,27626,
371.0025758101423,71600,267,510,27626,
371.0027867723295,71600,267,509,27627,
371.0031075227493,71600,267,508,27628,
371.00962587255157,71599,268,508,27628,
371.0224861757858,71599,268,507,27629,
371.02521311556876,71599,268,506,27630,
371.0317731409111,71599,268,505,27631,
371.0336793114801,71599,267,506,27631,
371.03592972837254,71599,266,507,27631,
371.04037705654264,71599,266,506,27632,
371.05034829653744,71599,265,507,27632,
371.0528272860622,71599,264,508,27632,
371.06234728792606,71599,263,509,27632,
371.0681012405706,71599,263,508,27633,
371.1018400994378,71599,263,507,27634,
371.11398573519676,71598,264,507,27634,
371.1158811954878,71597,265,507,27634,
371.1164659029384,71597,264,508,27634,
371.12103837264857,71597,264,507,27635,
371.12530188963774,71597,264,506,27636,
371.12871502536694,71597,263,507,27636,
371.13042507609754,71597,262,508,27636,
371.1363595900688,71597,261,509,27636,
371.1404177808311,71596,262,509,27636,
371.140989063465,71596,261,510,27636,
371.1464458402529,71596,261,509,27637,
371.14731179814504,71595,262,509,27637,
371.1558871978223,71594,263,509,27637,
371.15726796730263,71593,264,509,27637,
371.17840296663223,71593,264,508,27638,
371.19170612093694,71593,263,509,27638,
371.1972890282741,71593,262,510,27638,
371.1988108378068,71593,262,509,27639,
371.21337965213974,71593,262,508,27640,
371.21932710784745,71592,263,508,27640,
371.22406999274875,71592,262,509,27640,
371.23058466885,71591,263,509,27640,
371.24271657589065,71591,262,510,27640,
371.24283822222196,71590,263,510,27640,
371.24397240607686,71590,263,509,27641,
371.2478574322345,71590,263,508,27642,
371.25097615185564,71590,262,509,27642,
371.2515676070519,71589,263,509,27642,
371.25404974765127,71588,264,509,27642,
371.2805480830768,71588,263,510,27642,
371.29587983546514,71588,263,509,27643,
371.3005763599608,71588,262,510,27643,
371.3092581326086,71587,263,510,27643,
371.3132035953072,71586,264,510,27643,
371.3252630255473,71586,264,509,27644,
371.33940821381094,71586,264,508,27645,
371.34090661476864,71585,265,508,27645,
371.35665120981264,71585,265,507,27646,
371.3608197692041,71585,264,508,27646,
371.3671505964321,71585,263,509,27646,
371.3680421063881,71584,264,509,27646,
371.37378567187136,71584,263,510,27646,
371.37616213561586,71584,262,511,27646,
371.38554631247996,71584,262,510,27647,
371.3864264524542,71583,263,510,27647,
371.3874765407101,71583,263,509,27648,
371.4025118956856,71583,263,508,27649,
371.406512219403,71583,263,507,27650,
371.4119865840998,71583,262,508,27650,
371.4238114295552,71583,262,507,27651,
371.4248714461672,71582,263,507,27651,
371.42598907039485,71582,263,506,27652,
371.44283658993646,71581,264,506,27652,
371.44719202613965,71580,265,506,27652,
371.46158866758515,71579,266,506,27652,
371.46982695705833,71579,266,505,27653,
371.47778189669833,71579,266,504,27654,
371.4823348573411,71579,265,505,27654,
371.48352723517854,71579,265,504,27655,
371.4950131864904,71578,266,504,27655,
371.5236331074491,71578,266,503,27656,
371.54209613766955,71578,266,502,27657,
371.542233316999,71578,266,501,27658,
371.5433451996538,71578,265,502,27658,
371.54712882579315,71578,265,501,27659,
371.54842493926157,71578,265,500,27660,
371.5635052230302,71578,265,499,27661,
371.56415347619577,71578,264,500,27661,
371.5839837178294,71578,264,499,27662,
371.58504069682806,71578,263,500,27662,
371.58720477439965,71578,262,501,27662,
371.60838894619445,71578,261,502,27662,
371.6106682372388,71577,262,502,27662,
371.61100332215784,71577,261,503,27662,
371.6144214132103,71576,262,503,27662,
371.6165885895544,71576,261,504,27662,
371.62874912759924,71576,261,503,27663,
371.63062744096413,71575,262,503,27663,
371.63749092307194,71575,262,502,27664,
371.6448181012706,71574,263,502,27664,
371.65876124905157,71574,262,503,27664,
371.66471228371415,71574,261,504,27664,
371.6680987940681,71574,260,505,27664,
371.6873577144057,71574,259,506,27664,
371.68804275802637,71573,260,506,27664,
371.6931298139142,71573,259,507,27664,
371.69777685353444,71573,258,508,27664,
371.698539629829,71573,257,509,27664,
371.7104198941281,71572,258,509,27664,
371.71249455340256,71572,258,508,27665,
371.7195209282566,71572,258,507,27666,
371.73058102246245,71572,258,506,27667,
371.7322300335789,71572,258,505,27668,
371.75073218473847,71571,259,505,27668,
371.7670497249079,71571,259,504,27669,
371.78191610789924,71571,258,505,27669,
371.80070974736424,71570,259,505,27669,
371.80577583682765,71570,259,504,27670,
371.8111477923198,71570,258,505,27670,
371.8149409577312,71570,258,504,27671,
371.82356643488066,71570,257,505,27671,
371.83145372357615,71570,256,506,27671,
371.8447677687957,71570,256,505,27672,
371.8672237303235,71570,256,504,27673,
371.87067097482213,71569,257,504,27673,
371.8853298856263,71569,256,505,27673,
371.8873690100667,71569,255,506,27673,
371.8901374581889,71568,256,506,27673,
371.8974761799899,71568,255,507,27673,
371.91886005330906,71567,256,507,27673,
371.9274606219541,71566,257,507,27673,
371.9283486127593,71566,257,506,27674,
371.9301684389933,71566,257,505,27675,
371.9320961044924,71565,258,505,27675,
371.9354983744735,71565,258,504,27676,
371.9373439876707,71565,258,503,27677,
371.94263042353896,71565,257,504,27677,
371.9465069842354,71565,256,505,27677,
371.959171320219,71565,255,506,27677,
371.95935219061096,71565,255,505,27678,
371.9594427693814,71565,255,504,27679,
371.9615305630662,71565,255,503,27680,
371.9622348404292,71565,254,504,27680,
371.96257099229257,71565,254,503,27681,
371.97025107392153,71564,255,503,27681,
371.97330412300965,71564,255,502,27682,
371.9877082069798,71564,255,501,27683,
371.9893840564798,71563,256,501,27683,
371.9904860278293,71563,256,500,27684,
371.9985525696124,71562,257,500,27684,
372.001838863366,71562,256,501,27684,
372.00496470421604,71562,255,502,27684,
372.0097510369719,71562,254,503,27684,
372.0130448493835,71562,254,502,27685,
372.01343089972147,71561,255,502,27685,
372.01678163793497,71561,255,501,27686,
372.02653540463626,71561,255,500,27687,
372.03108033010255,71561,255,499,27688,
372.0447422961815,71561,255,498,27689,
372.0467506763768,71561,255,497,27690,
372.05341205604833,71561,255,496,27691,
372.0582639149281,71561,254,497,27691,
372.05834791229313,71561,253,498,27691,
372.0621499701423,71561,252,499,27691,
372.06276588955035,71561,252,498,27692,
372.069678663732,71560,253,498,27692,
372.0745045441351,71560,253,497,27693,
372.07689540994284,71560,252,498,27693,
372.0946086738672,71560,252,497,27694,
372.13505281632627,71559,253,497,27694,
372.14219318759524,71559,253,496,27695,
372.1435537216408,71559,252,497,27695,
372.1502377509721,71559,251,498,27695,
372.15362431085146,71558,252,498,27695,
372.1550505849288,71558,252,497,27696,
372.1588218349876,71557,253,497,27696,
372.16193024569515,71557,252,498,27696,
372.16677469290994,71557,252,497,27697,
372.1752094612778,71557,251,498,27697,
372.1833554222653,71557,251,497,27698,
372.1920719124583,71557,250,498,27698,
372.1958525674817,71557,250,497,27699,
372.1960302200338,71556,251,497,27699,
372.21075514610703,71556,251,496,27700,
372.22528102157037,71555,252,496,27700,
372.2424657246781,71555,252,495,27701,
372.2463055114213,71555,252,494,27702,
372.2534102808776,71554,253,494,27702,
372.2655890806996,71554,253,493,27703,
372.2722061004578,71553,254,493,27703,
372.2741379053401,71553,254,492,27704,
372.2741625800925,71553,254,491,27705,
372.27433992068177,71552,255,491,27705,
372.28284997819605,71552,255,490,27706,
372.28795504858624,71552,254,491,27706,
372.2948509675617,71551,255,491,27706,
372.29805313817536,71550,256,491,27706,
372.30100139570544,71550,255,492,27706,
372.3057875854595,71550,255,491,27707,
372.30582055047887,71550,255,490,27708,
372.3093210344088,71550,255,489,27709,
372.3105745315351,71550,254,490,27709,
372.3123002312505,71550,253,491,27709,
372.3225649364102,71550,253,490,27710,
372.325891343699,71549,254,490,27710,
372.33259165363586,71549,253,491,27710,
372.3467694969997,71549,252,492,27710,
372.350884438118,71549,252,491,27711,
372.36894279188135,71549,251,492,27711,
372.38361440358057,71549,250,493,27711,
372.3976058908101,71549,250,492,27712,
372.4054235282744,71548,251,492,27712,
372.4088454747135,71548,251,491,27713,
372.42268490178674,71548,251,490,27714,
372.4263730319375,71547,252,490,27714,
372.44721549389004,71547,251,491,27714,
372.4482942859068,71546,252,491,27714,
372.4554086348427,71546,252,490,27715,
372.4639300051202,71546,252,489,27716,
372.4762827810149,71545,253,489,27716,
372.4852653689417,71545,253,488,27717,
372.48577422600624,71545,253,487,27718,
372.48961566152485,71545,253,486,27719,
372.49018537816687,71545,253,485,27720,
372.517654994614,71544,254,485,27720,
372.52106617875444,71544,254,484,27721,
372.52761610418344,71544,254,483,27722,
372.5349747333106,71544,253,484,27722,
372.53535973612617,71544,253,483,27723,
372.5436574557411,71544,253,482,27724,
372.549199238898,71543,254,482,27724,
372.54972691411547,71543,253,483,27724,
372.55203186546083,71543,252,484,27724,
372.5648283328341,71543,252,483,27725,
372.5663019339255,71543,251,484,27725,
372.5675946279423,71542,252,484,27725,
372.57173220055597,71542,251,485,27725,
372.5733017990116,71542,250,486,27725,
372.5862884054627,71541,251,486,27725,
372.5877157908657,71540,252,486,27725,
372.59032552360253,71540,251,487,27725,
372.59187949828095,71539,252,487,27725,
372.59604296628356,71538,253,487,27725,
372.5987144834576,71538,253,486,27726,
372.6037120258509,71537,254,486,27726,
372.6080432173777,71537,254,485,27727,
372.61043973468674,71536,255,485,27727,
372.61178540175104,71536,254,486,27727,
372.61854197513026,71536,254,485,27728,
372.6198283372602,71536,254,484,27729,
372.62306520922783,71536,254,483,27730,
372.6306327336257,71535,255,483,27730,
372.63975523350985,71535,254,484,27730,
372.65069220337256,71535,253,485,27730,
372.6583790060894,71535,252,486,27730,
372.6639950155579,71535,251,487,27730,
372.6660519673101,71535,251,486,27731,
372.6831361361625,71535,251,485,27732,
372.6899730016391,71535,250,486,27732,
372.69194301701896,71535,249,487,27732,
372.7125317989915,71535,249,486,27733,
372.7215997194815,71535,248,487,27733,
372.7233078323868,71534,249,487,27733,
372.72531289414457,71534,249,486,27734,
372.7643498708193,71534,249,485,27735,
372.7651995877595,71534,248,486,27735,
372.77891005424414,71534,248,485,27736,
372.7900327678823,71534,247,486,27736,
372.79481430845567,71533,248,486,27736,
372.81206516695545,71533,247,487,27736,
372.8199521373392,71533,247,486,27737,
372.8244881556776,71532,248,486,27737,
372.82669280260376,71531,249,486,27737,
372.833686428475,71530,250,486,27737,
372.83604145489375,71530,249,487,27737,
372.84077069930635,71530,248,488,27737,
372.84245953003085,71530,247,489,27737,
372.845919168415,71530,246,490,27737,
372.85556405780665,71530,246,489,27738,
372.8626759112409,71530,245,490,27738,
372.86568021149947,71529,246,490,27738,
372.86617013151306,71528,247,490,27738,
372.8702923307396,71527,248,490,27738,
372.87054393715044,71527,248,489,27739,
372.8720894816023,71527,248,488,27740,
372.87904650294143,71527,247,489,27740,
372.8803921703729,71526,248,489,27740,
372.8826679859939,71525,249,489,27740,
372.88628934901004,71525,248,490,27740,
372.8872616160117,71525,248,489,27741,
372.88852102293373,71525,247,490,27741,
372.8888335528603,71524,248,490,27741,
372.8955877131178,71524,248,489,27742,
372.89599094754203,71523,249,489,27742,
372.9082742697083,71523,249,488,27743,
372.9129980461219,71523,248,489,27743,
372.91314421493917,71522,249,489,27743,
372.9174965855129,71522,248,490,27743,
372.9201236806594,71522,248,489,27744,
372.92090452970297,71522,247,490,27744,
372.921104937842,71522,246,491,27744,
372.9211837564817,71522,246,490,27745,
372.93899777230865,71522,246,489,27746,
372.94229548468803,71522,245,490,27746,
372.95041336408207,71521,246,490,27746,
372.9541081731351,71520,247,490,27746,
372.95711524512103,71519,248,490,27746,
372.96594867404525,71518,249,490,27746,
372.9710206290746,71517,250,490,27746,
372.9970192105773,71516,251,490,27746,
373.0063751611398,71515,252,490,27746,
373.00758809043975,71515,252,489,27747,
373.0254131711896,71514,253,489,27747,
373.0362649043169,71513,254,489,27747,
373.04583895182844,71513,253,490,27747,
373.0499632352195,71513,252,491,27747,
373.07473914210397,71513,252,490,27748,
373.0806028268486,71512,253,490,27748,
373.0806733360724,71512,253,489,27749,
373.0884835613696,71512,252,490,27749,
373.0891807053158,71512,252,489,27750,
373.10528026565805,71512,251,490,27750,
373.1107519213635,71512,250,491,27750,
373.1122835631701,71511,251,491,27750,
373.1216625625497,71510,252,491,27750,
373.12217649040997,71510,252,490,27751,
373.1373849608349,71509,253,490,27751,
373.1440647043235,71509,253,489,27752,
373.1452697976611,71508,254,489,27752,
373.14841107531566,71507,255,489,27752,
373.1514866631253,71507,254,490,27752,
373.1570574688546,71507,253,491,27752,
373.1579760247776,71507,252,492,27752,
373.1724854477016,71507,251,493,27752,
373.1727131648273,71507,251,492,27753,
373.17737410860025,71507,250,493,27753,
373.17765298296825,71507,249,494,27753,
373.1861443413501,71507,249,493,27754,
373.1914378875599,71507,249,492,27755,
373.1945712756936,71507,248,493,27755,
373.21675581620246,71507,248,492,27756,
373.2289449224424,71507,248,491,27757,
373.23093398034024,71507,247,492,27757,
373.23219459081076,71506,248,492,27757,
373.239922285193,71506,247,493,27757,
373.24338333911663,71506,247,492,27758,
373.25359750831586,71506,247,491,27759,
373.2643353768163,71505,248,491,27759,
373.26641581161897,71505,248,490,27760,
373.2782294404886,71505,247,491,27760,
373.28421053113385,71504,248,491,27760,
373.287125753869,71503,249,491,27760,
373.29403644395575,71503,249,490,27761,
373.2957810389066,71503,248,491,27761,
373.3127841000832,71502,249,491,27761,
373.3188042886692,71502,249,490,27762,
373.3536957532358,71502,248,491,27762,
373.35596381696723,71501,249,491,27762,
373.3580093373061,71501,249,490,27763,
373.36021251225395,71501,248,491,27763,
373.36040933028397,71500,249,491,27763,
373.3644689662386,71500,249,490,27764,
373.3667821792899,71500,248,491,27764,
373.37997053530205,71500,248,490,27765,
373.38021500561524,71500,248,489,27766,
373.38641541149184,71499,249,489,27766,
373.39173938740436,71499,248,490,27766,
373.4005565999464,71499,247,491,27766,
373.40249552039967,71499,246,492,27766,
373.4044381465852,71499,246,491,27767,
373.41822499596367,71499,246,490,27768,
373.4244578179608,71498,247,490,27768,
373.4256460151029,71497,248,490,27768,
373.4455965073156,71496,249,490,27768,
373.4459093973327,71495,250,490,27768,
373.45344740502594,71495,250,489,27769,
373.4655384660158,71494,251,489,27769,
373.47463019397225,71494,250,490,27769,
373.4760799519844,71494,249,491,27769,
373.47701839054685,71494,248,492,27769,
373.48683100558395,71493,249,492,27769,
373.4904008603093,71493,248,493,27769,
373.49441985968724,71493,247,494,27769,
373.5079100213471,71493,246,495,27769,
373.5121468092104,71492,247,495,27769,
373.5122212075334,71491,248,495,27769,
373.51855692079545,71491,248,494,27770,
373.51976677475335,71490,249,494,27770,
373.5233847767388,71490,249,493,27771,
373.5244446016501,71490,249,492,27772,
373.5397481758011,71490,248,493,27772,
373.54167448832527,71489,249,493,27772,
373.54865312046144,71489,248,494,27772,
373.54937733903654,71488,249,494,27772,
373.5595988454773,71488,249,493,27773,
373.56419025781315,71488,249,492,27774,
373.57399871913333,71488,248,493,27774,
373.58557506121133,71488,247,494,27774,
373.5908368941007,71488,247,493,27775,
373.60692529715885,71487,248,493,27775,
373.61285358561287,71487,248,492,27776,
373.6260088573561,71487,248,491,27777,
373.6280198013241,71487,247,492,27777,
373.6323152212169,71487,246,493,27777,
373.6350108597147,71487,246,492,27778,
373.63774176231635,71486,247,492,27778,
373.64158585354045,71486,247,491,27779,
373.64607409139836,71485,248,491,27779,
373.651951372523,71484,249,491,27779,
373.65601252003506,71484,248,492,27779,
373.658946322641,71484,248,491,27780,
373.66354975643486,71484,248,490,27781,
373.675893833143,71484,247,491,27781,
373.68175162882983,71484,247,490,27782,
373.6870534966571,71484,246,491,27782,
373.6878936071536,71484,246,490,27783,
373.68983898373205,71484,245,491,27783,
373.69190425494577,71484,245,490,27784,
373.69754589610994,71484,244,491,27784,
373.6976267087617,71484,244,490,27785,
373.7059998485854,71483,245,490,27785,
373.7082604594255,71483,244,491,27785,
373.7258938917837,71483,243,492,27785,
373.7284580459815,71483,242,493,27785,
373.7414713778099,71483,241,494,27785,
373.74943314363225,71483,241,493,27786,
373.74960813235145,71483,241,492,27787,
373.7547946146607,71482,242,492,27787,
373.7611705042395,71482,242,491,27788,
373.76118777120166,71481,243,491,27788,
373.7771959357666,71481,243,490,27789,
373.7785329914854,71481,242,491,27789,
373.7806419264377,71480,243,491,27789,
373.78521125799534,71479,244,491,27789,
373.79883441069194,71479,244,490,27790,
373.80279458200533,71478,245,490,27790,
373.8348422747278,71478,244,491,27790,
373.83876510153954,71477,245,491,27790,
373.83897635119683,71477,245,490,27791,
373.853382740351,71477,245,489,27792,
373.85899737599016,71477,245,488,27793,
373.87592394937553,71476,246,488,27793,
373.8763357738944,71476,245,489,27793,
373.8792905064144,71475,246,489,27793,
373.8896738939338,71475,245,490,27793,
373.8957640672089,71475,244,491,27793,
373.90787242428894,71475,244,490,27794,
373.9194077163814,71475,243,491,27794,
373.9214759329417,71474,244,491,27794,
373.92885837092075,71474,243,492,27794,
373.93010604616984,71474,243,491,27795,
373.94314200791047,71474,243,490,27796,
373.94494278466703,71474,243,489,27797,
373.94532283473217,71473,244,489,27797,
373.94947056310525,71472,245,489,27797,
373.95527100162997,71471,246,489,27797,
373.9593600571902,71471,245,490,27797,
373.96739709041475,71471,244,491,27797,
373.9688360074122,71471,243,492,27797,
373.9724801787524,71470,244,492,27797,
373.97752148638824,71470,244,491,27798,
373.9802791955653,71470,244,490,27799,
373.98158902104626,71470,243,491,27799,
373.98208264850405,71470,242,492,27799,
373.99561818507266,71469,243,492,27799,
374.0067595966457,71468,244,492,27799,
374.01974159888067,71468,244,491,27800,
374.0289645528929,71468,244,490,27801,
374.0303879207985,71468,244,489,27802,
374.03823005883453,71468,244,488,27803,
374.03911709749786,71467,245,488,27803,
374.04234940296294,71467,245,487,27804,
374.04384281763436,71467,245,486,27805,
374.0557596943362,71466,246,486,27805,
374.0564915683059,71466,246,485,27806,
374.05748034476363,71466,246,484,27807,
374.09199286582447,71466,246,483,27808,
374.1076528714494,71465,247,483,27808,
374.11067831994535,71464,248,483,27808,
374.1127825664734,71464,248,482,27809,
374.1156810820668,71464,248,481,27810,
374.13146411310913,71464,248,480,27811,
374.1359300405399,71464,248,479,27812,
374.1386793179239,71464,247,480,27812,
374.1435048676171,71464,246,481,27812,
374.1553419560117,71463,247,481,27812,
374.165262755031,71463,246,482,27812,
374.16769348164667,71462,247,482,27812,
374.17127229598185,71462,246,483,27812,
374.1721195564841,71462,245,484,27812,
374.17368752438523,71462,245,483,27813,
374.17693878895113,71461,246,483,27813,
374.1903292309791,71461,245,484,27813,
374.19552901530096,71461,245,483,27814,
374.1973835783192,71461,244,484,27814,
374.2143700423238,71460,245,484,27814,
374.2211726813508,71459,246,484,27814,
374.2249935388027,71459,246,483,27815,
374.22652090447895,71459,246,482,27816,
374.23127389414617,71459,245,483,27816,
374.23430236454146,71459,244,484,27816,
374.23482837816243,71458,245,484,27816,
374.2377528319502,71458,245,483,27817,
374.23895524631865,71458,244,484,27817,
374.2392501537448,71458,244,483,27818,
374.2450514416085,71458,243,484,27818,
374.24787482119154,71457,244,484,27818,
374.25126921638895,71456,245,484,27818,
374.25293930704737,71456,244,485,27818,
374.25711334838724,71455,245,485,27818,
374.259772930019,71455,244,486,27818,
374.26906876652276,71455,244,485,27819,
374.27895730330044,71455,244,484,27820,
374.28001474623443,71455,244,483,27821,
374.28139803781437,71455,244,482,27822,
374.28917193808866,71454,245,482,27822,
374.30152666748063,71454,244,483,27822,
374.30928922728197,71454,243,484,27822,
374.30958569572414,71454,242,485,27822,
374.3191903719912,71454,241,486,27822,
374.32184241251133,71454,241,485,27823,
374.3241681344814,71454,240,486,27823,
374.32761823476824,71454,240,485,27824,
374.3276550344284,71453,241,485,27824,
374.3432206399407,71453,240,486,27824,
374.34348733161215,71453,240,485,27825,
374.3496763967985,71452,241,485,27825,
374.3623643750437,71452,241,484,27826,
374.36295130409593,71451,242,484,27826,
374.36317444184766,71451,241,485,27826,
374.36773429466297,71451,240,486,27826,
374.3743339803726,71450,241,486,27826,
374.37913177386037,71450,241,485,27827,
374.38049426958656,71449,242,485,27827,
374.3891887470198,71449,242,484,27828,
374.39299435447026,71449,242,483,27829,
374.39712118334967,71449,241,484,27829,
374.3978183682944,71449,240,485,27829,
374.39822289844415,71449,240,484,27830,
374.4004279631736,71448,241,484,27830,
374.40917406054774,71447,242,484,27830,
374.41114673777423,71447,242,483,27831,
374.4134170988089,71447,242,482,27832,
374.41364430539096,71447,242,481,27833,
374.4184910742883,71446,243,481,27833,
374.4434447979887,71446,243,480,27834,
374.44349961829823,71445,244,480,27834,
374.4473114350977,71445,244,479,27835,
374.44877397247797,71444,245,479,27835,
374.4489580226655,71444,245,478,27836,
374.46494400554457,71444,245,477,27837,
374.48542625354713,71444,244,478,27837,
374.48882974483087,71444,244,477,27838,
374.5086859185413,71444,244,476,27839,
374.51696250868736,71444,244,475,27840,
374.52707771320905,71444,243,476,27840,
374.5298124617451,71443,244,476,27840,
374.53411210179803,71442,245,476,27840,
374.5370012282557,71441,246,476,27840,
374.54644680544646,71440,247,476,27840,
374.54666996176854,71440,247,475,27841,
374.55002257745315,71440,246,476,27841,
374.56164700556434,71440,246,475,27842,
374.56259281905903,71440,246,474,27843,
374.5653741729001,71439,247,474,27843,
374.56773827763453,71439,246,475,27843,
374.5705551937956,71439,246,474,27844,
374.5881706931127,71439,245,475,27844,
374.5896082416821,71439,244,476,27844,
374.5929398148562,71439,243,477,27844,
374.59404380166825,71439,242,478,27844,
374.59566745910394,71438,243,478,27844,
374.60089507992416,71438,242,479,27844,
374.6044063693593,71437,243,479,27844,
374.6076772458019,71437,242,480,27844,
374.6078686909795,71437,242,479,27845,
374.62189853521494,71436,243,479,27845,
374.6268859487736,71436,243,478,27846,
374.6324496878594,71435,244,478,27846,
374.63803878364695,71435,244,477,27847,
374.64063249021484,71434,245,477,27847,
374.6416088563469,71434,244,478,27847,
374.6449807946332,71434,243,479,27847,
374.64904686564984,71434,243,478,27848,
374.6640040054583,71434,243,477,27849,
374.6649084489644,71434,242,478,27849,
374.68752701188924,71434,242,477,27850,
374.69395657950764,71433,243,477,27850,
374.69679904497804,71432,244,477,27850,
374.6974800783256,71432,243,478,27850,
374.70825098619133,71432,243,477,27851,
374.71972877256144,71432,242,478,27851,
374.72041710394114,71432,242,477,27852,
374.72643342040334,71432,242,476,27853,
374.7381046319735,71431,243,476,27853,
374.7389007002805,71431,243,475,27854,
374.7424162106987,71430,244,475,27854,
374.74940923683135,71430,243,476,27854,
374.7510402992003,71430,243,475,27855,
374.7532864647702,71430,242,476,27855,
374.753568619231,71429,243,476,27855,
374.76245482811953,71429,242,477,27855,
374.7664904072244,71429,241,478,27855,
374.769758316751,71428,242,478,27855,
374.7782620385479,71428,242,477,27856,
374.78695247407404,71428,241,478,27856,
374.7906212531959,71427,242,478,27856,
374.7972262596524,71427,242,477,27857,
374.79742759008997,71427,241,478,27857,
374.8103877629291,71427,240,479,27857,
374.8168828319305,71427,240,478,27858,
374.82510088486515,71427,240,477,27859,
374.837265542761,71426,241,477,27859,
374.84758168723795,71426,240,478,27859,
374.85485989443674,71426,239,479,27859,
374.8585727423475,71426,238,480,27859,
374.8605238122871,71426,238,479,27860,
374.865559288734,71426,237,480,27860,
374.8681056371937,71426,236,481,27860,
374.87289949870257,71425,237,481,27860,
374.87445716454783,71425,236,482,27860,
374.8862894731896,71425,236,481,27861,
374.898385697464,71425,236,480,27862,
374.8993645957647,71425,236,479,27863,
374.90907575195604,71424,237,479,27863,
374.91465206275154,71424,236,480,27863,
374.9163793734013,71424,236,479,27864,
374.92598051443633,71424,236,478,27865,
374.9295783231282,71423,237,478,27865,
374.9320683406927,71423,236,479,27865,
374.93412461104975,71423,236,478,27866,
374.93976574782937,71423,235,479,27866,
374.9554028498541,71423,235,478,27867,
374.96070252278065,71423,234,479,27867,
374.97399826984554,71423,234,478,27868,
374.9778743078891,71423,234,477,27869,
374.98295329082765,71423,234,476,27870,
374.98321625985517,71422,235,476,27870,
374.987528949887,71422,235,475,27871,
374.995190530859,71421,236,475,27871,
374.9990780054479,71420,237,475,27871,
375.00642674975285,71420,237,474,27872,
375.0116923885327,71420,237,473,27873,
375.01426531959487,71419,238,473,27873,
375.03865987883205,71419,237,474,27873,
375.0404936725511,71419,236,475,27873,
375.04580782786275,71418,237,475,27873,
375.0465815580871,71418,236,476,27873,
375.05919750849887,71417,237,476,27873,
375.0594913603084,71417,236,477,27873,
375.07701566846583,71416,237,477,27873,
375.09007597782755,71416,236,478,27873,
375.09209371959207,71416,235,479,27873,
375.09988004024876,71416,234,480,27873,
375.10023671381896,71416,234,479,27874,
375.11814397234514,71416,234,478,27875,
375.1241986221305,71416,234,477,27876,
375.12739564573184,71416,234,476,27877,
375.1319347281086,71415,235,476,27877,
375.1651605838884,71414,236,476,27877,
375.16545206924934,71413,237,476,27877,
375.1738040707002,71412,238,476,27877,
375.1745155864252,71411,239,476,27877,
375.1999572341636,71411,239,475,27878,
375.201152916587,71411,238,476,27878,
375.2016857925529,71410,239,476,27878,
375.20507617843975,71410,239,475,27879,
375.20613492478265,71409,240,475,27879,
375.22605721597506,71408,241,475,27879,
375.23263345651054,71408,240,476,27879,
375.2345692586297,71408,239,477,27879,
375.2403970279438,71407,240,477,27879,
375.246580299458,71407,240,476,27880,
375.2608886455696,71407,239,477,27880,
375.2611370275921,71407,239,476,27881,
375.26866718049,71407,238,477,27881,
375.27759590930816,71406,239,477,27881,
375.28725268411034,71406,238,478,27881,
375.2960498946524,71406,237,479,27881,
375.29891130056575,71406,237,478,27882,
375.3127031595868,71405,238,478,27882,
375.33046653143754,71405,238,477,27883,
375.33162704722264,71405,238,476,27884,
375.3355539078565,71405,238,475,27885,
375.34875526783196,71405,238,474,27886,
375.35018164904574,71404,239,474,27886,
375.3575827836489,71404,238,475,27886,
375.35809468748954,71404,237,476,27886,
375.3621806786746,71404,237,475,27887,
375.36440123569434,71404,236,476,27887,
375.3678844960337,71403,237,476,27887,
375.3808745591756,71403,236,477,27887,
375.3889078955295,71403,235,478,27887,
375.3955097692913,71403,234,479,27887,
375.3960648373823,71403,233,480,27887,
375.39885123844584,71403,232,481,27887,
375.401339474,71403,231,482,27887,
375.40932226096675,71403,230,483,27887,
375.4100146846484,71402,231,483,27887,
375.4149700212275,71401,232,483,27887,
375.4153081362987,71401,232,482,27888,
375.4197778431349,71401,232,481,27889,
375.42463157370753,71401,231,482,27889,
375.43230698173534,71401,230,483,27889,
375.44255872261283,71401,229,484,27889,
375.44668465141285,71401,229,483,27890,
375.44968534352296,71400,230,483,27890,
375.4521271975693,71400,229,484,27890,
375.45929264188453,71399,230,484,27890,
375.4784268979574,71399,229,485,27890,
375.4956583157864,71398,230,485,27890,
375.49641657627376,71397,231,485,27890,
375.52798112397494,71396,232,485,27890,
375.53430267432606,71396,231,486,27890,
375.5403957962662,71396,231,485,27891,
375.54119024335876,71396,231,484,27892,
375.5429304011488,71396,231,483,27893,
375.54650360824405,71396,231,482,27894,
375.55491178056576,71396,230,483,27894,
375.5626341680172,71396,229,484,27894,
375.5684840990811,71396,229,483,27895,
375.57359455243403,71396,228,484,27895,
375.57628780198166,71396,227,485,27895,
375.60015655836713,71396,226,486,27895,
375.61081574625723,71396,225,487,27895,
375.61379008670946,71395,226,487,27895,
375.61926049267504,71395,225,488,27895,
375.62156625254823,71395,225,487,27896,
375.6263711564344,71395,225,486,27897,
375.62898183153084,71395,224,487,27897,
375.63175779786616,71395,223,488,27897,
375.64019908077245,71395,222,489,27897,
375.64748696704095,71395,221,490,27897,
375.65948447683616,71394,222,490,27897,
375.6609113878765,71394,222,489,27898,
375.6763563597669,71393,223,489,27898,
375.68586855082503,71393,222,490,27898,
375.68826647930774,71393,222,489,27899,
375.703778658062,71392,223,489,27899,
375.7228407538049,71392,223,488,27900,
375.7274775536014,71392,222,489,27900,
375.73427209479837,71392,222,488,27901,
375.7374766463586,71392,222,487,27902,
375.7422914403231,71391,223,487,27902,
375.7486657739667,71390,224,487,27902,
375.7555460312069,71390,224,486,27903,
375.75751234820797,71390,223,487,27903,
375.76942905840804,71390,222,488,27903,
375.7712684423632,71389,223,488,27903,
375.77536685633174,71389,223,487,27904,
375.78121280953155,71389,223,486,27905,
375.7866342311382,71388,224,486,27905,
375.78674915812655,71388,224,485,27906,
375.7909735763093,71387,225,485,27906,
375.8104845695225,71386,226,485,27906,
375.8144997891553,71385,227,485,27906,
375.81956961360686,71384,228,485,27906,
375.82122517536635,71384,228,484,27907,
375.8565151371237,71384,228,483,27908,
375.8691581922631,71384,227,484,27908,
375.8782869771465,71384,226,485,27908,
375.8822755003457,71384,225,486,27908,
375.88857786987495,71384,224,487,27908,
375.89564059506756,71384,223,488,27908,
375.9026421890934,71384,223,487,27909,
375.9029876108867,71384,223,486,27910,
375.906274815805,71384,223,485,27911,
375.92599815057144,71384,222,486,27911,
375.93311645967134,71384,222,485,27912,
375.93670808787147,71384,222,484,27913,
375.9399895243052,71384,222,483,27914,
375.9412859352905,71384,222,482,27915,
375.9427873280079,71384,222,481,27916,
375.94501853235647,71384,222,480,27917,
375.96535865891485,71384,221,481,27917,
375.9663674048803,71384,221,480,27918,
375.97227007795914,71383,222,480,27918,
375.9857868706094,71383,221,481,27918,
375.9900847546038,71383,221,480,27919,
375.9928885310275,71383,221,479,27920,
375.9992080875366,71382,222,479,27920,
376.00683597331715,71382,222,478,27921,
376.00814259414034,71381,223,478,27921,
376.02173064321744,71381,222,479,27921,
376.02528597010235,71381,222,478,27922,
376.0312710334801,71380,223,478,27922,
376.03216582745966,71380,222,479,27922,
376.03362324101516,71380,221,480,27922,
376.0364506587426,71380,221,479,27923,
376.04461726762054,71380,220,480,27923,
376.0487792931183,71380,220,479,27924,
376.0531359885833,71380,220,478,27925,
376.06022633461464,71380,220,477,27926,
376.0690979353081,71380,219,478,27926,
376.0814804943948,71379,220,478,27926,
376.08338419974643,71379,220,477,27927,
376.1002469262303,71379,220,476,27928,
376.1037930964489,71378,221,476,27928,
376.1243726736256,71378,221,475,27929,
376.1344179112076,71378,221,474,27930,
376.14348585894726,71377,222,474,27930,
376.14525433566143,71377,221,475,27930,
376.1468731014127,71377,220,476,27930,
376.14968992397417,71376,221,476,27930,
376.177902368788,71376,221,475,27931,
376.18069097519026,71376,221,474,27932,
376.18262298860134,71375,222,474,27932,
376.1859889487633,71375,221,475,27932,
376.19025546498045,71375,221,474,27933,
376.19175627298756,71374,222,474,27933,
376.1972012504023,71374,221,475,27933,
376.19964684569266,71374,221,474,27934,
376.207127947122,71374,220,475,27934,
376.20962679906063,71374,220,474,27935,
376.2145829804755,71374,219,475,27935,
376.21993195294425,71374,218,476,27935,
376.230217841704,71374,218,475,27936,
376.2302220872881,71373,219,475,27936,
376.23622638038137,71373,218,476,27936,
376.23743415769906,71372,219,476,27936,
376.2522532175372,71372,218,477,27936,
376.25816058766867,71372,218,476,27937,
376.26603115459335,71372,218,475,27938,
376.27000729928056,71372,218,474,27939,
376.2702509162636,71372,217,475,27939,
376.2810616529944,71372,216,476,27939,
376.28823705433956,71371,217,476,27939,
376.2959862769901,71371,217,475,27940,
376.3029542280647,71370,218,475,27940,
376.30720419085446,71369,219,475,27940,
376.3078446489514,71369,219,474,27941,
376.3434417997381,71369,218,475,27941,
376.34569280112237,71368,219,475,27941,
376.3569431734273,71367,220,475,27941,
376.36058477156547,71367,219,476,27941,
376.36290292203023,71367,218,477,27941,
376.36718651037427,71367,218,476,27942,
376.37304480176937,71367,218,475,27943,
376.3738874278532,71367,217,476,27943,
376.37705211214114,71367,217,475,27944,
376.38420441659633,71367,216,476,27944,
376.396825983273,71366,217,476,27944,
376.405840637268,71366,217,475,27945,
376.40755391871824,71366,217,474,27946,
376.4251979351765,71366,216,475,27946,
376.4266985435686,71366,216,474,27947,
376.4293236057933,71365,217,474,27947,
376.43046988840894,71365,216,475,27947,
376.432496545933,71365,216,474,27948,
376.4454155942137,71364,217,474,27948,
376.45813274851645,71364,216,475,27948,
376.46069535944855,71363,217,475,27948,
376.46112580209126,71363,217,474,27949,
376.47453053320896,71363,216,475,27949,
376.47887121382695,71363,216,474,27950,
376.48115942599424,71363,216,473,27951,
376.48220478577844,71363,215,474,27951,
376.482800420337,71363,215,473,27952,
376.4833664400981,71363,215,472,27953,
376.4845332364036,71362,216,472,27953,
376.4933723032982,71362,215,473,27953,
376.497673131083,71361,216,473,27953,
376.51070888686905,71361,215,474,27953,
376.51410750553646,71361,215,473,27954,
376.51522087134254,71360,216,473,27954,
376.5269987940333,71360,215,474,27954,
376.52883120285384,71360,214,475,27954,
376.5335112484407,71359,215,475,27954,
376.5380807889986,71359,214,476,27954,
376.54475123403535,71359,213,477,27954,
376.5521197065503,71359,212,478,27954,
376.5717475221096,71359,211,479,27954,
376.58008376454984,71358,212,479,27954,
376.58052182446244,71357,213,479,27954,
376.5928067608104,71356,214,479,27954,
376.5983413790355,71356,214,478,27955,
376.59837586886954,71356,214,477,27956,
376.601450448507,71356,214,476,27957,
376.6061890785811,71356,214,475,27958,
376.6106787200399,71355,215,475,27958,
376.615474819633,71355,215,474,27959,
376.61707162381845,71355,215,473,27960,
376.62953992840585,71355,214,474,27960,
376.63303430031203,71355,214,473,27961,
376.63508640480717,71355,214,472,27962,
376.63714051099765,71355,213,473,27962,
376.63964113191776,71355,213,472,27963,
376.6404402919986,71354,214,472,27963,
376.64376068047335,71354,214,471,27964,
376.6499422022856,71354,214,470,27965,
376.6710365741066,71354,214,469,27966,
376.68337807187714,71354,213,470,27966,
376.6917193720272,71353,214,470,27966,
376.6935322736544,71353,213,471,27966,
376.70641284330594,71353,213,470,27967,
376.708640859312,71353,213,469,27968,
376.70878402131746,71353,212,470,27968,
376.73930570082194,71353,212,469,27969,
376.74912430286673,71353,211,470,27969,
376.75035154420016,71353,211,469,27970,
376.7515457720978,71353,211,468,27971,
376.75563125634653,71353,211,467,27972,
376.7667741468032,71352,212,467,27972,
376.76820764787044,71352,211,468,27972,
376.76950119109705,71352,211,467,27973,
376.7699955012621,71351,212,467,27973,
376.7717994919494,71350,213,467,27973,
376.7765815275129,71350,212,468,27973,
376.77848848679355,71350,212,467,27974,
376.7858297048345,71350,212,466,27975,
376.7931338476193,71349,213,466,27975,
376.80187358485614,71349,213,465,27976,
376.81152936724106,71348,214,465,27976,
376.8156068463574,71348,214,464,27977,
376.82177083378235,71348,214,463,27978,
376.8221701010934,71347,215,463,27978,
376.8227183652683,71347,214,464,27978,
376.8234372864025,71347,213,465,27978,
376.82418543678494,71347,212,466,27978,
376.8288780091683,71347,212,465,27979,
376.8524066739242,71347,211,466,27979,
376.8530150799386,71347,210,467,27979,
376.8581181709901,71346,211,467,27979,
376.8644875226329,71345,212,467,27979,
376.8695950587917,71344,213,467,27979,
376.8807335657596,71344,212,468,27979,
376.8827017754417,71344,212,467,27980,
376.8890282338622,71343,213,467,27980,
376.891729562002,71342,214,467,27980,
376.8926574478758,71342,214,466,27981,
376.89570995509274,71342,214,465,27982,
376.89924420086203,71341,215,465,27982,
376.90468379578664,71340,216,465,27982,
376.9112677293341,71340,215,466,27982,
376.91251558346505,71340,215,465,27983,
376.9139653680032,71340,214,466,27983,
376.927900995247,71340,214,465,27984,
376.9317161874676,71339,215,465,27984,
376.9329251550984,71338,216,465,27984,
376.9420019179487,71338,216,464,27985,
376.9533026145179,71338,216,463,27986,
376.9767945160309,71338,216,462,27987,
376.98232285623,71338,215,463,27987,
376.986043423133,71338,215,462,27988,
376.9901561025389,71338,214,463,27988,
376.99192881501847,71338,214,462,27989,
377.0032407715313,71337,215,462,27989,
377.00457409824935,71336,216,462,27989,
377.02144031648714,71336,216,461,27990,
377.04348270785886,71336,215,462,27990,
377.05474498781746,71336,215,461,27991,
377.0563745001091,71336,215,460,27992,
377.06924962117535,71336,214,461,27992,
377.0804952338155,71336,213,462,27992,
377.0968746788521,71336,213,461,27993,
377.1283374554404,71336,212,462,27993,
377.1333654204612,71336,211,463,27993,
377.14382682216984,71335,212,463,27993,
377.1461173195113,71334,213,463,27993,
377.1515007408441,71334,212,464,27993,
377.17191863387416,71334,212,463,27994,
377.18567116130043,71334,212,462,27995,
377.19126323917044,71334,212,461,27996,
377.20332763683587,71334,212,460,27997,
377.2110715126287,71333,213,460,27997,
377.2131860187254,71333,212,461,27997,
377.2153213808364,71333,211,462,27997,
377.21737473602894,71333,211,461,27998,
377.2174749237935,71332,212,461,27998,
377.22286623340557,71331,213,461,27998,
377.2317783588589,71331,213,460,27999,
377.23564455440646,71331,213,459,28000,
377.2373317666398,71331,212,460,28000,
377.24308510780156,71331,212,459,28001,
377.25146710437247,71331,212,458,28002,
377.2664236869106,71331,212,457,28003,
377.2691273005843,71330,213,457,28003,
377.26961089541095,71329,214,457,28003,
377.29087678132305,71328,215,457,28003,
377.3184781952385,71328,215,456,28004,
377.3280173973339,71327,216,456,28004,
377.33216295763134,71326,217,456,28004,
377.3449545741092,71325,218,456,28004,
377.3513938650562,71325,217,457,28004,
377.357516915432,71325,217,456,28005,
377.36108199284484,71325,217,455,28006,
377.3741289666563,71325,217,454,28007,
377.3807626859373,71324,218,454,28007,
377.38565116309826,71324,217,455,28007,
377.3867380862184,71324,217,454,28008,
377.39966514457547,71324,217,453,28009,
377.4135214240493,71324,217,452,28010,
377.424029322436,71324,217,451,28011,
377.4339760261558,71324,216,452,28011,
377.44000028688265,71323,217,452,28011,
377.4414930037665,71323,217,451,28012,
377.46944315331575,71323,216,452,28012,
377.46972647397445,71322,217,452,28012,
377.470896529696,71322,217,451,28013,
377.472253763172,71321,218,451,28013,
377.4731580972812,71321,218,450,28014,
377.4904116299408,71321,217,451,28014,
377.4973415859272,71320,218,451,28014,
377.5017550917058,71320,218,450,28015,
377.50542240506337,71319,219,450,28015,
377.5065512468996,71319,218,451,28015,
377.51167428062445,71318,219,451,28015,
377.5127146099091,71318,218,452,28015,
377.5146655605273,71317,219,452,28015,
377.51688790041743,71317,218,453,28015,
377.5179966091824,71317,217,454,28015,
377.5235174074345,71316,218,454,28015,
377.5257947894223,71316,217,455,28015,
377.5366236780913,71315,218,455,28015,
377.5516455183828,71315,217,456,28015,
377.55931785745634,71315,216,457,28015,
377.5605678308023,71314,217,457,28015,
377.56477913279065,71314,217,456,28016,
377.5724507935937,71314,216,457,28016,
377.5776087320388,71313,217,457,28016,
377.5820812411762,71312,218,457,28016,
377.5851955188268,71312,218,456,28017,
377.59249064872574,71312,218,455,28018,
377.5929243214851,71312,217,456,28018,
377.5963234972771,71312,217,455,28019,
377.6048275664533,71312,217,454,28020,
377.6128825688738,71311,218,454,28020,
377.62241377188997,71311,218,453,28021,
377.6344173175753,71311,218,452,28022,
377.65378925649287,71311,218,451,28023,
377.6566042971716,71311,217,452,28023,
377.6597849040159,71311,217,451,28024,
377.6647378342682,71310,218,451,28024,
377.672938434381,71310,218,450,28025,
377.6792814431689,71309,219,450,28025,
377.6930671656305,71308,220,450,28025,
377.69684119589385,71308,220,449,28026,
377.70782403276576,71308,219,450,28026,
377.71132187974035,71307,220,450,28026,
377.72246756517643,71307,220,449,28027,
377.7449458526357,71307,220,448,28028,
377.74714848745043,71307,220,447,28029,
377.7503253096111,71307,219,448,28029,
377.7539330973596,71306,220,448,28029,
377.7576545596662,71305,221,448,28029,
377.7598630161409,71304,222,448,28029,
377.7639349902945,71304,222,447,28030,
377.77114875575165,71303,223,447,28030,
377.77533710416236,71302,224,447,28030,
377.778843965242,71301,225,447,28030,
377.78095806750883,71301,224,448,28030,
377.78543937004474,71301,224,447,28031,
377.79565075116494,71301,223,448,28031,
377.8021777704556,71301,222,449,28031,
377.81853337915345,71301,221,450,28031,
377.81964130631144,71301,220,451,28031,
377.8273361203807,71301,220,450,28032,
377.82835007183786,71301,219,451,28032,
377.8333753617945,71301,218,452,28032,
377.8386824752395,71300,219,452,28032,
377.83868318616277,71300,219,451,28033,
377.85934591896455,71299,220,451,28033,
377.8823105163723,71299,220,450,28034,
377.88372657764523,71299,220,449,28035,
377.8982395398236,71299,219,450,28035,
377.90405229608643,71299,219,449,28036,
377.9107773481093,71299,218,450,28036,
377.9118951861117,71299,218,449,28037,
377.9119699145131,71299,217,450,28037,
377.9153744406159,71298,218,450,28037,
377.9392727089788,71298,218,449,28038,
377.9656297259668,71298,217,450,28038,
377.96942041706365,71298,216,451,28038,
377.9793647800416,71298,215,452,28038,
377.98006394141066,71298,214,453,28038,
377.9888443097273,71298,214,452,28039,
377.99428278223377,71298,213,453,28039,
377.9955467057373,71298,213,452,28040,
378.05705417169236,71298,213,451,28041,
378.06906714127257,71298,212,452,28041,
378.08413048992804,71298,212,451,28042,
378.10253415022424,71297,213,451,28042,
378.1066013631736,71297,213,450,28043,
378.1107776693446,71296,214,450,28043,
378.13070870430494,71296,213,451,28043,
378.1328731557051,71296,213,450,28044,
378.1398688379174,71296,213,449,28045,
378.1434374408022,71296,212,450,28045,
378.14394478081323,71296,212,449,28046,
378.1442571515254,71296,212,448,28047,
378.1680812149334,71296,211,449,28047,
378.16899085538637,71296,211,448,28048,
378.17216536705587,71295,212,448,28048,
378.1752445658765,71295,212,447,28049,
378.1784219723096,71294,213,447,28049,
378.17947833377156,71294,213,446,28050,
378.17949320556954,71294,213,445,28051,
378.181304161012,71293,214,445,28051,
378.18832678317284,71293,213,446,28051,
378.2033008192515,71293,213,445,28052,
378.2103884423308,71293,212,446,28052,
378.2127091261001,71292,213,446,28052,
378.2205185439195,71292,213,445,28053,
378.23400857550587,71291,214,445,28053,
378.253055012573,71290,215,445,28053,
378.2545789846411,71290,214,446,28053,
378.2565056892852,71289,215,446,28053,
378.2594283355525,71288,216,446,28053,
378.261830074524,71288,216,445,28054,
378.2627604607359,71288,215,446,28054,
378.2651264605738,71288,214,447,28054,
378.26754780635036,71287,215,447,28054,
378.279150834411,71287,214,448,28054,
378.28154739490026,71286,215,448,28054,
378.2949973188444,71286,214,449,28054,
378.2977368002339,71286,213,450,28054,
378.30589424479325,71286,213,449,28055,
378.3128270909328,71286,213,448,28056,
378.3177723704446,71286,213,447,28057,
378.32231979806164,71286,213,446,28058,
378.32380806804184,71286,213,445,28059,
378.3303310619745,71285,214,445,28059,
378.3449972922113,71285,214,444,28060,
378.3529496463455,71284,215,444,28060,
378.3752536388215,71284,215,443,28061,
378.3767845493135,71284,214,444,28061,
378.3781717797403,71284,213,445,28061,
378.37874757230236,71283,214,445,28061,
378.38513773692534,71282,215,445,28061,
378.39004782199066,71282,214,446,28061,
378.40221309649996,71282,214,445,28062,
378.4236112490156,71281,215,445,28062,
378.4319876290281,71281,215,444,28063,
378.4453351048694,71280,216,444,28063,
378.4474433041439,71279,217,444,28063,
378.44976976940984,71278,218,444,28063,
378.4528966279336,71278,217,445,28063,
378.4568988979139,71278,217,444,28064,
378.4928027748785,71278,217,443,28065,
378.50424720283587,71277,218,443,28065,
378.5092866213307,71277,217,444,28065,
378.5118616181817,71276,218,444,28065,
378.5168192228787,71276,217,445,28065,
378.5198213059818,71275,218,445,28065,
378.52073124091334,71274,219,445,28065,
378.5252367226282,71274,218,446,28065,
378.5373886032067,71274,218,445,28066,
378.5376482080928,71274,218,444,28067,
378.5399972268239,71274,217,445,28067,
378.54717077054346,71273,218,445,28067,
378.54996107454036,71273,217,446,28067,
378.56862333780055,71273,216,447,28067,
378.5775357552238,71273,216,446,28068,
378.5776181791796,71272,217,446,28068,
378.57771651608016,71272,216,447,28068,
378.5811352277436,71272,216,446,28069,
378.5844792414031,71272,216,445,28070,
378.5972662299197,71271,217,445,28070,
378.60911971338226,71271,217,444,28071,
378.60988470049614,71271,217,443,28072,
378.61262879409423,71271,216,444,28072,
378.6147513599732,71271,216,443,28073,
378.6193911970172,71271,215,444,28073,
378.6223418075979,71271,214,445,28073,
378.62565139745203,71271,214,444,28074,
378.6546095674439,71271,213,445,28074,
378.6676452355715,71271,212,446,28074,
378.67492526855006,71271,212,445,28075,
378.67611292189923,71270,213,445,28075,
378.6780529507451,71269,214,445,28075,
378.6798078950943,71268,215,445,28075,
378.6865391347299,71268,215,444,28076,
378.69021733939223,71268,215,443,28077,
378.69572060219684,71268,215,442,28078,
378.7032262478151,71267,216,442,28078,
378.7036093368707,71267,215,443,28078,
378.7059619038014,71267,215,442,28079,
378.71714438427233,71267,215,441,28080,
378.71843314497505,71267,215,440,28081,
378.71871731932094,71266,216,440,28081,
378.71995411126665,71265,217,440,28081,
378.7215105563527,71265,217,439,28082,
378.72175517955793,71265,216,440,28082,
378.75425629139096,71265,216,439,28083,
378.75673808270636,71264,217,439,28083,
378.76334681628754,71264,217,438,28084,
378.7696828729512,71263,218,438,28084,
378.77127892985214,71263,218,437,28085,
378.7883025259747,71262,219,437,28085,
378.79333611660866,71261,220,437,28085,
378.79520656746365,71260,221,437,28085,
378.8018194411984,71260,221,436,28086,
378.8067131890273,71260,220,437,28086,
378.8096457210415,71260,219,438,28086,
378.817622475421,71259,220,438,28086,
378.8189529366104,71259,219,439,28086,
378.82343243678196,71259,219,438,28087,
378.83204576708727,71259,218,439,28087,
378.8355182040085,71259,218,438,28088,
378.8368075238323,71259,217,439,28088,
378.83987218239935,71259,217,438,28089,
378.8420412786757,71259,217,437,28090,
378.8473756089062,71259,217,436,28091,
378.857440762648,71259,217,435,28092,
378.86392420909465,71259,217,434,28093,
378.87358371794784,71258,218,434,28093,
378.88981805883486,71258,217,435,28093,
378.89295274410097,71258,216,436,28093,
378.89876072034565,71258,215,437,28093,
378.9017405706834,71258,215,436,28094,
378.9221021000195,71258,215,435,28095,
378.93403865427285,71258,215,434,28096,
378.94006503506193,71258,214,435,28096,
378.94540588674295,71258,214,434,28097,
378.94817013497226,71258,213,435,28097,
378.9557986551806,71258,213,434,28098,
378.9566330098049,71258,213,433,28099,
378.9644741995049,71258,212,434,28099,
378.97807740276085,71258,211,435,28099,
378.980281287444,71257,212,435,28099,
379.02064334236337,71256,213,435,28099,
379.025478881458,71255,214,435,28099,
379.03149206109083,71255,213,436,28099,
379.0445915131473,71255,213,435,28100,
379.0472418672775,71254,214,435,28100,
379.0555925820604,71254,214,434,28101,
379.0575265720612,71254,213,435,28101,
379.0583092433513,71254,213,434,28102,
379.06388432907033,71253,214,434,28102,
379.0676988627126,71252,215,434,28102,
379.081176411616,71251,216,434,28102,
379.09014976870617,71251,215,435,28102,
379.09471732164275,71251,214,436,28102,
379.09677397036853,71251,214,435,28103,
379.102662830359,71251,214,434,28104,
379.11104124105367,71251,214,433,28105,
379.11121575124844,71250,215,433,28105,
379.11637317663843,71250,215,432,28106,
379.12715113751676,71249,216,432,28106,
379.12753479988544,71249,215,433,28106,
379.170548917282,71248,216,433,28106,
379.2032866075399,71248,215,434,28106,
379.2055231430039,71248,215,433,28107,
379.21290790374,71247,216,433,28107,
379.21804527107753,71246,217,433,28107,
379.22072326932306,71246,216,434,28107,
379.22528850584547,71246,215,435,28107,
379.2285360668803,71246,214,436,28107,
379.24749721987405,71245,215,436,28107,
379.25461662556916,71245,215,435,28108,
379.2580302234558,71244,216,435,28108,
379.26131848993543,71243,217,435,28108,
379.2642294099116,71243,216,436,28108,
379.2692854502222,71243,216,435,28109,
379.3096226381851,71242,217,435,28109,
379.3146269508618,71242,216,436,28109,
379.31842243795313,71241,217,436,28109,
379.3186182822447,71241,217,435,28110,
379.3241710308277,71241,216,436,28110,
379.3278130053186,71241,215,437,28110,
379.3310642440956,71241,215,436,28111,
379.3545245659209,71240,216,436,28111,
379.35811468024144,71240,215,437,28111,
379.35954183669287,71239,216,437,28111,
379.3677535768821,71239,216,436,28112,
379.37157017114697,71238,217,436,28112,
379.37257250128295,71237,218,436,28112,
379.374503107561,71237,218,435,28113,
379.38853966929133,71236,219,435,28113,
379.3995795607504,71236,218,436,28113,
379.4024059801916,71235,219,436,28113,
379.4056700889556,71235,218,437,28113,
379.42272685292573,71235,218,436,28114,
379.4261528147534,71234,219,436,28114,
379.44115203450843,71233,220,436,28114,
379.44356247629895,71233,219,437,28114,
379.455719025332,71233,218,438,28114,
379.46794319251006,71233,218,437,28115,
379.4701269468339,71233,218,436,28116,
379.4774135006452,71232,219,436,28116,
379.4776316973101,71231,220,436,28116,
379.4785414218837,71231,220,435,28117,
379.4822090486394,71231,220,434,28118,
379.4828301207128,71231,220,433,28119,
379.48546763973127,71231,220,432,28120,
379.48815972829874,71231,220,431,28121,
379.4896362107187,71231,219,432,28121,
379.4998247838763,71230,220,432,28121,
379.5074494665889,71229,221,432,28121,
379.512177383658,71229,221,431,28122,
379.5164449201363,71229,221,430,28123,
379.5229832736391,71228,222,430,28123,
379.52794427871197,71228,221,431,28123,
379.5345708589293,71228,220,432,28123,
379.5450425558013,71228,219,433,28123,
379.55570639700045,71228,219,432,28124,
379.558649980313,71227,220,432,28124,
379.5690100305999,71227,219,433,28124,
379.571212905587,71227,219,432,28125,
379.57242519319846,71226,220,432,28125,
379.5755175586802,71226,219,433,28125,
379.6107035495794,71226,219,432,28126,
379.6262227714597,71225,220,432,28126,
379.62996951128827,71225,219,433,28126,
379.63073650561154,71224,220,433,28126,
379.63120167579484,71223,221,433,28126,
379.64443208330533,71223,220,434,28126,
379.6716787276821,71223,220,433,28127,
379.67285443146943,71222,221,433,28127,
379.6807880064063,71222,221,432,28128,
379.6809633004651,71222,221,431,28129,
379.71130895848927,71222,220,432,28129,
379.714440169463,71222,219,433,28129,
379.71474187504435,71222,218,434,28129,
379.7184231987464,71222,217,435,28129,
379.72298045866467,71221,218,435,28129,
379.73049123292714,71221,218,434,28130,
379.7320875206448,71221,217,435,28130,
379.7452349690365,71220,218,435,28130,
379.75449874162575,71219,219,435,28130,
379.765727820233,71219,219,434,28131,
379.80038936817755,71219,218,435,28131,
379.80546316227213,71218,219,435,28131,
379.8178746153363,71217,220,435,28131,
379.819909603161,71216,221,435,28131,
379.8430441688779,71215,222,435,28131,
379.849477572578,71215,221,436,28131,
379.84974187220104,71215,220,437,28131,
379.90316828645314,71214,221,437,28131,
379.91986062795485,71214,220,438,28131,
379.92678570500203,71214,219,439,28131,
379.9279289089147,71214,219,438,28132,
379.9356430264885,71213,220,438,28132,
379.93894531488803,71212,221,438,28132,
379.95249330156906,71211,222,438,28132,
379.9674170712481,71210,223,438,28132,
379.97052330924083,71210,223,437,28133,
379.97308222109234,71210,222,438,28133,
379.982377867073,71209,223,438,28133,
380.00530772558335,71209,223,437,28134,
380.0256382105605,71209,223,436,28135,
380.02844688092824,71209,222,437,28135,
380.03963186987545,71208,223,437,28135,
380.03984414811504,71208,222,438,28135,
380.0575159961877,71208,222,437,28136,
380.0614315136069,71208,222,436,28137,
380.06680122673754,71207,223,436,28137,
380.0692963616572,71206,224,436,28137,
380.0839303526205,71205,225,436,28137,
380.08769721126606,71205,225,435,28138,
380.1137116136715,71205,224,436,28138,
380.1159117649946,71205,224,435,28139,
380.11859163615514,71205,224,434,28140,
380.12016352123334,71205,224,433,28141,
380.12529978679936,71205,223,434,28141,
380.1261909972679,71204,224,434,28141,
380.13447790737246,71204,224,433,28142,
380.1372079968511,71204,224,432,28143,
380.14551730423005,71204,223,433,28143,
380.15669163490037,71203,224,433,28143,
380.1722339900541,71203,224,432,28144,
380.2036170341137,71203,223,433,28144,
380.20563957258184,71202,224,433,28144,
380.20985632835914,71202,224,432,28145,
380.2112768923928,71201,225,432,28145,
380.2194974581107,71201,225,431,28146,
380.22335546166346,71201,225,430,28147,
380.2274398078531,71201,224,431,28147,
380.22967507794834,71201,224,430,28148,
380.2304348865958,71201,223,431,28148,
380.23663387641653,71201,222,432,28148,
380.2472974118885,71201,222,431,28149,
380.25206773736664,71201,221,432,28149,
380.25458408138223,71201,220,433,28149,
380.25810688708515,71201,219,434,28149,
380.2617442671795,71201,218,435,28149,
380.27698824784875,71201,217,436,28149,
380.2800408109694,71200,218,436,28149,
380.28161832261844,71199,219,436,28149,
380.28217809522226,71199,218,437,28149,
380.28921717132397,71199,218,436,28150,
380.2988728614395,71198,219,436,28150,
380.2995126134896,71198,219,435,28151,
380.30801055116183,71198,219,434,28152,
380.3165131812002,71198,219,433,28153,
380.32344729487744,71198,218,434,28153,
380.33100176877576,71198,218,433,28154,
380.3392970752418,71198,217,434,28154,
380.34212026033657,71198,217,433,28155,
380.3451802559131,71198,217,432,28156,
380.3458713066128,71198,217,431,28157,
380.3604662466938,71198,216,432,28157,
380.3717041237962,71198,215,433,28157,
380.3829350463482,71198,215,432,28158,
380.385292301187,71198,215,431,28159,
380.38630155031655,71198,215,430,28160,
380.38801662207146,71198,215,429,28161,
380.3901937786066,71198,214,430,28161,
380.3915503201856,71198,214,429,28162,
380.3922253900918,71197,215,429,28162,
380.407788273365,71196,216,429,28162,
380.40977049345577,71196,216,428,28163,
380.4192037356886,71196,216,427,28164,
380.42618164910675,71196,216,426,28165,
380.4314830976997,71196,216,425,28166,
380.4318908228039,71196,216,424,28167,
380.4331934354838,71195,217,424,28167,
380.4846224027712,71194,218,424,28167,
380.4857653981023,71193,219,424,28167,
380.48810976836893,71193,219,423,28168,
380.50505792088563,71192,220,423,28168,
380.50835756756834,71192,219,424,28168,
380.5084949685921,71191,220,424,28168,
380.51660565882247,71190,221,424,28168,
380.5221350879045,71190,220,425,28168,
380.52291670506145,71190,219,426,28168,
380.5229708435469,71190,218,427,28168,
380.52390595412527,71189,219,427,28168,
380.52411090226013,71188,220,427,28168,
380.5279973965607,71188,220,426,28169,
380.529257791324,71188,219,427,28169,
380.5344720292634,71188,219,426,28170,
380.5460141659115,71188,219,425,28171,
380.548796653307,71188,219,424,28172,
380.5529125090924,71188,218,425,28172,
380.5821161033285,71188,217,426,28172,
380.5990167606336,71188,217,425,28173,
380.6343848757743,71188,216,426,28173,
380.6426463605276,71188,215,427,28173,
380.6456480481487,71188,214,428,28173,
380.64675739679797,71188,214,427,28174,
380.6622088921225,71188,214,426,28175,
380.67793242157194,71188,214,425,28176,
380.6966903988653,71188,214,424,28177,
380.71486630642937,71188,214,423,28178,
380.727694672393,71188,213,424,28178,
380.72975095667226,71188,212,425,28178,
380.7579803882399,71187,213,425,28178,
380.7604725019728,71187,213,424,28179,
380.7626817017032,71187,213,423,28180,
380.76469278739825,71187,212,424,28180,
380.77020400701326,71186,213,424,28180,
380.7786323354794,71186,212,425,28180,
380.7794529878422,71185,213,425,28180,
380.78738828648846,71185,212,426,28180,
380.79607106725825,71185,212,425,28181,
380.80430242317226,71185,212,424,28182,
380.80826202946196,71185,211,425,28182,
380.82328540007074,71185,211,424,28183,
380.83076867010794,71185,211,423,28184,
380.83592472516034,71184,212,423,28184,
380.849452976112,71183,213,423,28184,
380.8512613666189,71182,214,423,28184,
380.8541363121396,71182,214,422,28185,
380.863661920707,71181,215,422,28185,
380.8644614545885,71181,215,421,28186,
380.87637121951184,71181,215,420,28187,
380.8803079077439,71181,214,421,28187,
380.8837907767073,71181,213,422,28187,
380.89123482490004,71181,212,423,28187,
380.9121509785464,71181,212,422,28188,
380.91742210225175,71180,213,422,28188,
380.92209410216446,71180,213,421,28189,
380.93207740627423,71180,213,420,28190,
380.9381476448113,71180,213,419,28191,
380.94181592934154,71180,212,420,28191,
380.9473211777684,71180,211,421,28191,
380.96623957840904,71180,211,420,28192,
380.9776279197923,71180,211,419,28193,
380.9985642739125,71180,210,420,28193,
381.00979720776866,71179,211,420,28193,
381.0104559891206,71179,210,421,28193,
381.0335326159484,71179,210,420,28194,
381.0368746711775,71178,211,420,28194,
381.04400039652677,71178,210,421,28194,
381.0453348022519,71177,211,421,28194,
381.05152463731764,71177,211,420,28195,
381.05486552319934,71177,210,421,28195,
381.07644708259295,71177,209,422,28195,
381.0817879271126,71177,208,423,28195,
381.08434463557256,71177,207,424,28195,
381.08546575847123,71177,207,423,28196,
381.08890962605926,71177,207,422,28197,
381.0932987251186,71176,208,422,28197,
381.10102506341076,71175,209,422,28197,
381.10848064045496,71175,208,423,28197,
381.12629074649794,71174,209,423,28197,
381.1296817455919,71174,209,422,28198,
381.13006536321393,71174,209,421,28199,
381.1330287109418,71174,208,422,28199,
381.1396063928937,71173,209,422,28199,
381.1419756486326,71173,209,421,28200,
381.1513817896911,71173,208,422,28200,
381.15563712047043,71173,208,421,28201,
381.1580463000526,71173,208,420,28202,
381.1601962959717,71173,208,419,28203,
381.1665889323812,71173,207,420,28203,
381.1677672608856,71173,206,421,28203,
381.1746376656584,71173,206,420,28204,
381.1811815697843,71173,205,421,28204,
381.18296686638234,71172,206,421,28204,
381.1907099224834,71171,207,421,28204,
381.2034065146034,71171,207,420,28205,
381.20422776388403,71171,206,421,28205,
381.2057826965414,71170,207,421,28205,
381.2088155631027,71170,206,422,28205,
381.21278263859284,71169,207,422,28205,
381.21439435562536,71169,207,421,28206,
381.21569821004204,71169,207,420,28207,
381.2325112320346,71168,208,420,28207,
381.23428323522376,71168,208,419,28208,
381.24336951197654,71168,208,418,28209,
381.24462050855084,71168,208,417,28210,
381.25814666304495,71167,209,417,28210,
381.27000207978006,71167,209,416,28211,
381.27287057246906,71167,209,415,28212,
381.29299283108236,71167,208,416,28212,
381.2952633717164,71167,207,417,28212,
381.2989929766719,71167,207,416,28213,
381.301418468233,71167,207,415,28214,
381.30992207413385,71166,208,415,28214,
381.312742694304,71165,209,415,28214,
381.3129011297689,71165,209,414,28215,
381.3206459538117,71165,208,415,28215,
381.32159996416743,71164,209,415,28215,
381.3371907438973,71163,210,415,28215,
381.34325939204416,71162,211,415,28215,
381.350408435987,71162,211,414,28216,
381.357804601885,71162,211,413,28217,
381.3625588019018,71162,210,414,28217,
381.3654400561611,71162,210,413,28218,
381.37449569338787,71162,210,412,28219,
381.3913009502706,71161,211,412,28219,
381.39169137124674,71161,210,413,28219,
381.3959321748467,71160,211,413,28219,
381.4107084577398,71159,212,413,28219,
381.4289441995617,71158,213,413,28219,
381.4301792079106,71157,214,413,28219,
381.43240828227334,71156,215,413,28219,
381.4335419153006,71156,215,412,28220,
381.43561515118205,71156,214,413,28220,
381.44480253418607,71156,213,414,28220,
381.4481948472517,71156,213,413,28221,
381.4500924786807,71156,212,414,28221,
381.4563206531279,71156,211,415,28221,
381.46448078939846,71156,210,416,28221,
381.47494476023786,71156,209,417,28221,
381.4798285883145,71155,210,417,28221,
381.4819690548026,71155,210,416,28222,
381.50523414715764,71154,211,416,28222,
381.5063323656345,71154,211,415,28223,
381.51124840151067,71154,211,414,28224,
381.5151289363499,71153,212,414,28224,
381.5223434211775,71153,211,415,28224,
381.52908576830055,71153,211,414,28225,
381.5320454283051,71153,211,413,28226,
381.533279872416,71152,212,413,28226,
381.5372700168231,71151,213,413,28226,
381.5420662620157,71150,214,413,28226,
381.57067137011603,71150,214,412,28227,
381.5824347370304,71150,214,411,28228,
381.58387138177136,71150,214,410,28229,
381.5946794784666,71149,215,410,28229,
381.61078758526116,71149,214,411,28229,
381.6209414499823,71148,215,411,28229,
381.6395681470597,71148,214,412,28229,
381.6417160071006,71147,215,412,28229,
381.6460131545526,71147,214,413,28229,
381.6464628755022,71147,213,414,28229,
381.6895397187269,71147,212,415,28229,
381.6932412981849,71147,211,416,28229,
381.6968817680046,71147,210,417,28229,
381.69939613432473,71147,209,418,28229,
381.70304366227253,71146,210,418,28229,
381.71848666309097,71146,209,419,28229,
381.72583218323393,71145,210,419,28229,
381.7305693714381,71145,210,418,28230,
381.73733666418093,71145,209,419,28230,
381.74388936873953,71144,210,419,28230,
381.7451498138988,71143,211,419,28230,
381.75359384568964,71143,211,418,28231,
381.7551931947078,71143,210,419,28231,
381.76971120517277,71143,210,418,28232,
381.7706826916666,71142,211,418,28232,
381.7797159193637,71142,210,419,28232,
381.783413154115,71141,211,419,28232,
381.8040219894572,71140,212,419,28232,
381.80457059257725,71140,211,420,28232,
381.8089445968255,71140,210,421,28232,
381.8209279598907,71140,210,420,28233,
381.83241912468,71139,211,420,28233,
381.8400945913277,71139,211,419,28234,
381.84338890555864,71138,212,419,28234,
381.8527088341639,71137,213,419,28234,
381.8640374555314,71137,213,418,28235,
381.8716065305945,71136,214,418,28235,
381.8743631365656,71136,214,417,28236,
381.894938583691,71136,213,418,28236,
381.90114995249604,71136,213,417,28237,
381.90325932535836,71136,212,418,28237,
381.91029650223663,71136,212,417,28238,
381.91137341140194,71135,213,417,28238,
381.93244638716,71135,213,416,28239,
381.9369332159073,71135,212,417,28239,
381.9379071321771,71135,212,416,28240,
381.93823778043975,71134,213,416,28240,
381.94848727032314,71134,213,415,28241,
381.9523763282081,71134,213,414,28242,
381.96272318440697,71133,214,414,28242,
381.9690935779901,71133,214,413,28243,
381.97231219606635,71133,214,412,28244,
381.9768797468553,71133,214,411,28245,
381.9771758312316,71133,214,410,28246,
381.97781345491154,71132,215,410,28246,
381.99315201175637,71131,216,410,28246,
381.99887674481863,71131,216,409,28247,
382.0003721130336,71131,216,408,28248,
382.0110367846861,71130,217,408,28248,
382.0161116013843,71130,217,407,28249,
382.0170936532215,71129,218,407,28249,
382.0181785978367,71129,217,408,28249,
382.02418942139286,71129,217,407,28250,
382.02588683422505,71129,217,406,28251,
382.0277414478324,71129,217,405,28252,
382.0313029240674,71128,218,405,28252,
382.0368429429782,71127,219,405,28252,
382.0429786037665,71126,220,405,28252,
382.0440658619569,71126,220,404,28253,
382.0446175317324,71125,221,404,28253,
382.0649799481381,71125,220,405,28253,
382.07061736390835,71124,221,405,28253,
382.0767813200315,71123,222,405,28253,
382.0767861583016,71123,222,404,28254,
382.07805580198277,71122,223,404,28254,
382.08585677699955,71122,222,405,28254,
382.08906098915566,71121,223,405,28254,
382.11539723873614,71120,224,405,28254,
382.11794586037183,71120,224,404,28255,
382.12026285445097,71119,225,404,28255,
382.12991306199956,71119,224,405,28255,
382.1452546851031,71119,223,406,28255,
382.146772857379,71118,224,406,28255,
382.147338616469,71117,225,406,28255,
382.1590487506598,71116,226,406,28255,
382.181099373546,71116,225,407,28255,
382.1935794700067,71115,226,407,28255,
382.2076667821402,71115,225,408,28255,
382.20887676687016,71115,224,409,28255,
382.2145825112681,71115,223,410,28255,
382.21635609044824,71115,223,409,28256,
382.2237688039409,71114,224,409,28256,
382.2424279584186,71113,225,409,28256,
382.2447733339593,71113,225,408,28257,
382.2582954479319,71112,226,408,28257,
382.2611454883231,71112,225,409,28257,
382.2612208405839,71112,224,410,28257,
382.26401888175053,71112,224,409,28258,
382.27696750971415,71111,225,409,28258,
382.27749438790204,71111,225,408,28259,
382.28189086557876,71110,226,408,28259,
382.2832772814867,71109,227,408,28259,
382.28717281641804,71109,226,409,28259,
382.29488033542833,71109,226,408,28260,
382.30635367576014,71109,225,409,28260,
382.3070227708461,71108,226,409,28260,
382.31149613344473,71107,227,409,28260,
382.319506682522,71107,226,410,28260,
382.32696898774304,71107,226,409,28261,
382.33407628666737,71107,225,410,28261,
382.3347856407101,71107,224,411,28261,
382.33889716391485,71107,224,410,28262,
382.341541762268,71107,224,409,28263,
382.3448398633347,71107,223,410,28263,
382.34597241327725,71107,222,411,28263,
382.349763476619,71107,221,412,28263,
382.3583794307848,71107,221,411,28264,
382.36401403296486,71107,221,410,28265,
382.38086244454894,71107,220,411,28265,
382.3811850319316,71107,219,412,28265,
382.38415637728235,71107,219,411,28266,
382.3972353296108,71107,219,410,28267,
382.3983027944396,71107,218,411,28267,
382.4041416777536,71107,217,412,28267,
382.4059782522722,71107,217,411,28268,
382.4175816526025,71107,217,410,28269,
382.4206413190161,71107,217,409,28270,
382.4269553905881,71107,217,408,28271,
382.4290462885641,71106,218,408,28271,
382.43606594791,71105,219,408,28271,
382.44285489110155,71104,220,408,28271,
382.45350505712275,71104,220,407,28272,
382.46030458170486,71103,221,407,28272,
382.4622091902863,71103,221,406,28273,
382.47839255151325,71103,220,407,28273,
382.4807871242667,71103,219,408,28273,
382.48705485448227,71103,218,409,28273,
382.48761627630284,71103,217,410,28273,
382.49579557897556,71102,218,410,28273,
382.5232238936602,71101,219,410,28273,
382.5244453139261,71101,218,411,28273,
382.5341964243883,71101,218,410,28274,
382.53421915549353,71100,219,410,28274,
382.54449343905014,71100,219,409,28275,
382.5458050478572,71099,220,409,28275,
382.56377599801965,71099,219,410,28275,
382.5645185922147,71099,218,411,28275,
382.5771368503409,71099,217,412,28275,
382.5829627943878,71099,217,411,28276,
382.5854607365726,71099,217,410,28277,
382.5985546565886,71099,216,411,28277,
382.5991894258386,71098,217,411,28277,
382.6084825078854,71098,217,410,28278,
382.61026424929275,71098,217,409,28279,
382.6173989330741,71098,216,410,28279,
382.6256460805696,71098,215,411,28279,
382.63122494898226,71098,215,410,28280,
382.63646604260015,71098,214,411,28280,
382.6399887364517,71098,214,410,28281,
382.6434282935656,71098,213,411,28281,
382.6450646035099,71098,212,412,28281,
382.6464405331946,71097,213,412,28281,
382.6464862765327,71096,214,412,28281,
382.6498242885753,71096,214,411,28282,
382.6565289911948,71096,213,412,28282,
382.66313836206695,71096,212,413,28282,
382.67122967136567,71096,212,412,28283,
382.6837916793344,71095,213,412,28283,
382.6838048325365,71094,214,412,28283,
382.7095108740006,71094,214,411,28284,
382.71537313784654,71093,215,411,28284,
382.7176239296785,71092,216,411,28284,
382.74684351466266,71091,217,411,28284,
382.75870408988163,71090,218,411,28284,
382.762881445708,71090,218,410,28285,
382.76326368739427,71089,219,410,28285,
382.79028857719936,71089,218,411,28285,
382.79697634580646,71089,217,412,28285,
382.8414532472484,71089,216,413,28285,
382.84603972320616,71089,216,412,28286,
382.8593880912912,71089,216,411,28287,
382.86572169344737,71088,217,411,28287,
382.8709975058761,71087,218,411,28287,
382.8779433442231,71087,218,410,28288,
382.8975189760405,71087,218,409,28289,
382.900941895656,71087,218,408,28290,
382.903844663556,71087,218,407,28291,
382.90805656621416,71087,217,408,28291,
382.9111903577025,71087,217,407,28292,
382.9130237221593,71086,218,407,28292,
382.91403011528763,71086,218,406,28293,
382.914949583829,71085,219,406,28293,
382.92353853849016,71085,218,407,28293,
382.9436719752408,71084,219,407,28293,
382.9493000076492,71084,219,406,28294,
382.9570273830006,71083,220,406,28294,
382.96012995927975,71082,221,406,28294,
383.00309759194585,71082,221,405,28295,
383.01671891523193,71081,222,405,28295,
383.02051694289406,71081,221,406,28295,
383.02510110214916,71081,220,407,28295,
383.03356565878937,71081,220,406,28296,
383.06498840826885,71080,221,406,28296,
383.06567153384856,71080,220,407,28296,
383.06924277146067,71080,220,406,28297,
383.0707817546998,71080,220,405,28298,
383.0805910691879,71080,220,404,28299,
383.0829971893946,71079,221,404,28299,
383.09691055943335,71079,221,403,28300,
383.1041468511733,71078,222,403,28300,
383.1060239270265,71078,221,404,28300,
383.10919825451225,71078,220,405,28300,
383.1132359866991,71078,220,404,28301,
383.11597252517794,71078,220,403,28302,
383.1189954436681,71077,221,403,28302,
383.12300157413785,71076,222,403,28302,
383.1310724612724,71076,221,404,28302,
383.13155527873243,71076,221,403,28303,
383.1380356671942,71075,222,403,28303,
383.1435532071233,71075,221,404,28303,
383.1452795862761,71075,221,403,28304,
383.1460274817871,71074,222,403,28304,
383.1478815952413,71073,223,403,28304,
383.16615452133334,71073,223,402,28305,
383.1746181227034,71073,223,401,28306,
383.17752778926086,71073,222,402,28306,
383.1808321424127,71073,221,403,28306,
383.18927113617303,71073,221,402,28307,
383.2018927417214,71073,221,401,28308,
383.2095908304865,71073,220,402,28308,
383.20959251353736,71073,220,401,28309,
383.21138151147113,71072,221,401,28309,
383.21566383308175,71071,222,401,28309,
383.2199213269113,71071,221,402,28309,
383.2255089024084,71071,221,401,28310,
383.23999527786293,71071,221,400,28311,
383.2542672070086,71071,220,401,28311,
383.25741294360375,71071,220,400,28312,
383.26028225149435,71071,219,401,28312,
383.2918286976871,71070,220,401,28312,
383.3191919643604,71070,219,402,28312,
383.3408460905386,71070,218,403,28312,
383.3547288899715,71070,217,404,28312,
383.35645605087086,71070,217,403,28313,
383.3626796232298,71070,216,404,28313,
383.3627545051285,71070,215,405,28313,
383.36681679312693,71070,214,406,28313,
383.3710132375718,71070,214,405,28314,
383.3898775421421,71069,215,405,28314,
383.4224407758292,71069,215,404,28315,
383.4225525958929,71069,215,403,28316,
383.42289082817587,71068,216,403,28316,
383.4256381437095,71068,216,402,28317,
383.4327008481478,71068,215,403,28317,
383.4442316408795,71068,215,402,28318,
383.44838456364556,71068,215,401,28319,
383.45192540190635,71067,216,401,28319,
383.47373375018645,71067,215,402,28319,
383.4755766926977,71067,214,403,28319,
383.48248301662954,71066,215,403,28319,
383.48849258926606,71066,215,402,28320,
383.498116665606,71066,215,401,28321,
383.5008780119769,71066,215,400,28322,
383.5092358552081,71066,215,399,28323,
383.52650595939156,71065,216,399,28323,
383.526809009518,71065,215,400,28323,
383.5380837608429,71065,215,399,28324,
383.54857508428887,71065,214,400,28324,
383.55191926552,71065,213,401,28324,
383.5630168942037,71065,212,402,28324,
383.5747337089295,71065,212,401,28325,
383.57617471108273,71065,211,402,28325,
383.5775134793029,71065,211,401,28326,
383.58997733812424,71064,212,401,28326,
383.5986211204998,71064,212,400,28327,
383.6105138125055,71063,213,400,28327,
383.6146807323276,71063,213,399,28328,
383.64413187846833,71063,212,400,28328,
383.64506675019334,71063,212,399,28329,
383.66922632913463,71063,212,398,28330,
383.6718140466261,71063,212,397,28331,
383.67538265296463,71063,211,398,28331,
383.6832263305957,71062,212,398,28331,
383.6877181720804,71062,211,399,28331,
383.7101516334535,71062,210,400,28331,
383.717375753966,71062,210,399,28332,
383.72816149849484,71062,210,398,28333,
383.73546934790795,71062,209,399,28333,
383.73586272455896,71061,210,399,28333,
383.738600544988,71060,211,399,28333,
383.74123311361126,71060,211,398,28334,
383.74633402122765,71060,211,397,28335,
383.76115684235793,71059,212,397,28335,
383.761896952088,71059,211,398,28335,
383.7675864512451,71059,210,399,28335,
383.81266618611073,71059,210,398,28336,
383.818430163712,71058,211,398,28336,
383.82784908435343,71057,212,398,28336,
383.83220830369913,71056,213,398,28336,
383.85489108529043,71055,214,398,28336,
383.87222024880214,71054,215,398,28336,
383.8985242273372,71054,214,399,28336,
383.8991933068452,71054,213,400,28336,
383.9164557338772,71053,214,400,28336,
383.9174174206391,71052,215,400,28336,
383.9214397070948,71052,214,401,28336,
383.92371106689774,71051,215,401,28336,
383.9392321960014,71050,216,401,28336,
383.94118123594757,71050,216,400,28337,
383.9477608229331,71050,215,401,28337,
383.9593513193105,71049,216,401,28337,
383.9606530646156,71048,217,401,28337,
383.9653706849183,71048,217,400,28338,
383.97869777767454,71048,216,401,28338,
383.98429529161905,71047,217,401,28338,
383.98469894998476,71047,216,402,28338,
383.990140693725,71047,215,403,28338,
383.9912359739299,71047,214,404,28338,
383.99725270359835,71047,214,403,28339,
383.99842502208435,71046,215,403,28339,
384.00149472043785,71046,214,404,28339,
384.0031772654147,71045,215,404,28339,
384.00329550297454,71045,214,405,28339,
384.0082791492529,71044,215,405,28339,
384.0224058687858,71044,214,406,28339,
384.0229868487062,71044,213,407,28339,
384.03136600777265,71044,212,408,28339,
384.049545573269,71043,213,408,28339,
384.0527835898298,71043,213,407,28340,
384.05337986662494,71043,212,408,28340,
384.0557993914369,71042,213,408,28340,
384.0600115322014,71041,214,408,28340,
384.06686894358603,71040,215,408,28340,
384.0748446035337,71040,214,409,28340,
384.0953344916553,71039,215,409,28340,
384.09634507771085,71039,215,408,28341,
384.12426649638326,71038,216,408,28341,
384.12680668510126,71038,216,407,28342,
384.1341626969071,71037,217,407,28342,
384.1361252834243,71037,217,406,28343,
384.1841622561139,71036,218,406,28343,
384.18471762864044,71036,218,405,28344,
384.1909481837568,71035,219,405,28344,
384.1989939306827,71035,219,404,28345,
384.20256292205124,71035,219,403,28346,
384.2038007293705,71034,220,403,28346,
384.2190245686464,71034,219,404,28346,
384.2203024143995,71034,219,403,28347,
384.2294459798535,71034,218,404,28347,
384.2349305886491,71033,219,404,28347,
384.24336452794046,71033,219,403,28348,
384.2451760918474,71033,219,402,28349,
384.27334738510365,71033,218,403,28349,
384.2736086241035,71033,218,402,28350,
384.2851297868013,71032,219,402,28350,
384.28816500782904,71032,219,401,28351,
384.2902023248062,71032,219,400,28352,
384.3246712429909,71032,218,401,28352,
384.3255806993896,71032,217,402,28352,
384.33088966594124,71032,216,403,28352,
384.3567636132124,71032,216,402,28353,
384.35847328777817,71031,217,402,28353,
384.36426015702676,71031,217,401,28354,
384.4098843566574,71030,218,401,28354,
384.41584090199456,71030,218,400,28355,
384.4176488304457,71030,217,401,28355,
384.424183635825,71030,217,400,28356,
384.4274013664932,71030,217,399,28357,
384.4494862594437,71030,216,400,28357,
384.45043942244985,71030,215,401,28357,
384.4541438109193,71030,215,400,28358,
384.46616909044604,71030,214,401,28358,
384.4779382829642,71029,215,401,28358,
384.4901581596736,71029,214,402,28358,
384.50455612434,71028,215,402,28358,
384.5056676772672,71028,214,403,28358,
384.5113987655174,71028,214,402,28359,
384.5292856041989,71027,215,402,28359,
384.5473769495116,71027,215,401,28360,
384.55745805937215,71027,215,400,28361,
384.5652562326294,71027,215,399,28362,
384.5653504885618,71027,215,398,28363,
384.5679296410844,71026,216,398,28363,
384.5725259565943,71025,217,398,28363,
384.572750737342,71025,217,397,28364,
384.57422407384803,71025,216,398,28364,
384.58257575765026,71025,215,399,28364,
384.5920115606275,71025,215,398,28365,
384.6007568621215,71024,216,398,28365,
384.60265217058924,71024,216,397,28366,
384.60531513564075,71024,216,396,28367,
384.60659422714787,71023,217,396,28367,
384.62457612560024,71023,217,395,28368,
384.6333412849043,71023,216,396,28368,
384.63341642313907,71023,216,395,28369,
384.65045766261227,71023,215,396,28369,
384.65332963972486,71023,215,395,28370,
384.6668294470004,71023,214,396,28370,
384.66699074842944,71023,213,397,28370,
384.66775143561455,71023,213,396,28371,
384.6726759484304,71023,212,397,28371,
384.68082429499964,71023,212,396,28372,
384.68980390860037,71023,212,395,28373,
384.6995596353252,71023,212,394,28374,
384.7065231270975,71023,211,395,28374,
384.7168831748228,71023,211,394,28375,
384.71994071522056,71023,210,395,28375,
384.72602320251804,71023,210,394,28376,
384.73227358826995,71023,210,393,28377,
384.740484091501,71022,211,393,28377,
384.75180927041805,71021,212,393,28377,
384.7519475121666,71020,213,393,28377,
384.75221815196437,71019,214,393,28377,
384.76706031981536,71018,215,393,28377,
384.77144280557474,71017,216,393,28377,
384.77236050483924,71017,216,392,28378,
384.7753075951613,71016,217,392,28378,
384.7787639880527,71016,216,393,28378,
384.7859982545277,71016,215,394,28378,
384.8007036957247,71016,214,395,28378,
384.80368147225346,71016,214,394,28379,
384.81911126140886,71016,213,395,28379,
384.8233171868658,71016,212,396,28379,
384.83725967053476,71015,213,396,28379,
384.8375048400221,71015,213,395,28380,
384.8392743755239,71014,214,395,28380,
384.8422349148552,71014,213,396,28380,
384.8496887599241,71014,213,395,28381,
384.855243731134,71014,212,396,28381,
384.8601981628131,71014,211,397,28381,
384.86689917723453,71014,211,396,28382,
384.8739936063207,71013,212,396,28382,
384.8884195194234,71013,212,395,28383,
384.90431012203146,71012,213,395,28383,
384.9074682011941,71012,212,396,28383,
384.9507803628717,71012,211,397,28383,
384.9511464791328,71012,210,398,28383,
384.9577500052125,71011,211,398,28383,
384.96039420547544,71010,212,398,28383,
384.9688463073779,71010,212,397,28384,
384.97109215021067,71010,211,398,28384,
384.9726250857136,71010,211,397,28385,
384.9799034130285,71010,211,396,28386,
384.9858154604873,71009,212,396,28386,
384.9859701549459,71008,213,396,28386,
384.99026631315394,71007,214,396,28386,
384.9952802136388,71006,215,396,28386,
384.9960980419121,71006,214,397,28386,
385.0033406332847,71006,214,396,28387,
385.0175827879648,71005,215,396,28387,
385.02421192496695,71005,215,395,28388,
385.03567265496986,71004,216,395,28388,
385.0560713291989,71004,215,396,28388,
385.05783440792425,71003,216,396,28388,
385.08337959106757,71003,216,395,28389,
385.08549272185536,71002,217,395,28389,
385.0942715439337,71001,218,395,28389,
385.0958368677373,71001,217,396,28389,
385.1019980998425,71000,218,396,28389,
385.11861855413645,70999,219,396,28389,
385.12465451051696,70998,220,396,28389,
385.1259033181052,70997,221,396,28389,
385.13988063243806,70996,222,396,28389,
385.1599273688514,70996,221,397,28389,
385.16229979558,70996,221,396,28390,
385.18303376785553,70995,222,396,28390,
385.18983953457996,70995,221,397,28390,
385.19206358490544,70994,222,397,28390,
385.19740941539544,70993,223,397,28390,
385.20318371986195,70992,224,397,28390,
385.2042873460106,70992,223,398,28390,
385.22798251027865,70991,224,398,28390,
385.23322864738645,70991,223,399,28390,
385.24264094700834,70991,223,398,28391,
385.2467415298113,70990,224,398,28391,
385.2531385062596,70989,225,398,28391,
385.2603660418046,70989,225,397,28392,
385.2661529436348,70989,225,396,28393,
385.2750503103282,70988,226,396,28393,
385.28876714925366,70988,225,397,28393,
385.2975192395819,70988,224,398,28393,
385.3034334255714,70988,224,397,28394,
385.30975031724404,70988,224,396,28395,
385.3119305371236,70988,224,395,28396,
385.3141625035786,70988,224,394,28397,
385.3190007425945,70988,224,393,28398,
385.3374317226418,70988,224,392,28399,
385.3426545888118,70988,224,391,28400,
385.3437934831876,70988,224,390,28401,
385.34538569435597,70988,224,389,28402,
385.34635037056836,70987,225,389,28402,
385.3529162480613,70987,224,390,28402,
385.362544154816,70987,224,389,28403,
385.36981515513764,70986,225,389,28403,
385.37713938601087,70986,225,388,28404,
385.3835122560687,70986,224,389,28404,
385.39803000579514,70986,224,388,28405,
385.39833393910095,70985,225,388,28405,
385.3995301479478,70985,225,387,28406,
385.39982768196506,70985,225,386,28407,
385.40750191948683,70984,226,386,28407,
385.41822758593224,70983,227,386,28407,
385.4324345513082,70983,226,387,28407,
385.4398123205381,70983,226,386,28408,
385.4476740122851,70982,227,386,28408,
385.4525279213972,70981,228,386,28408,
385.45994533553915,70981,228,385,28409,
385.4647652519297,70980,229,385,28409,
385.4788166171915,70980,228,386,28409,
385.4898995584738,70980,228,385,28410,
385.4966335237878,70980,227,386,28410,
385.5006667484735,70980,226,387,28410,
385.5054589868559,70979,227,387,28410,
385.51016963421256,70979,226,388,28410,
385.52725806715614,70979,226,387,28411,
385.5472358627572,70979,226,386,28412,
385.55275024782463,70978,227,386,28412,
385.5652156872359,70978,226,387,28412,
385.5829238800284,70977,227,387,28412,
385.6011236032182,70977,227,386,28413,
385.60786431980443,70977,227,385,28414,
385.6081633803506,70977,226,386,28414,
385.61417071655706,70977,226,385,28415,
385.6176216090213,70977,225,386,28415,
385.6203494956751,70977,224,387,28415,
385.62324540506575,70977,223,388,28415,
385.6299725732642,70976,224,388,28415,
385.63073598162316,70975,225,388,28415,
385.6310726548642,70975,224,389,28415,
385.63385701173263,70975,224,388,28416,
385.6370788214624,70975,223,389,28416,
385.64731758424034,70975,222,390,28416,
385.6486425708096,70974,223,390,28416,
385.66813298000386,70974,222,391,28416,
385.68203105910027,70973,223,391,28416,
385.68321087744056,70972,224,391,28416,
385.69017342782104,70972,224,390,28417,
385.69506074528744,70972,224,389,28418,
385.70719652089434,70971,225,389,28418,
385.7194232823191,70970,226,389,28418,
385.72474210914453,70970,226,388,28419,
385.7300393319873,70970,226,387,28420,
385.75153019574265,70970,226,386,28421,
385.7531345626718,70970,225,387,28421,
385.75408106327546,70969,226,387,28421,
385.7656590164537,70969,226,386,28422,
385.7666674428791,70969,225,387,28422,
385.76728797203,70968,226,387,28422,
385.77687696180686,70967,227,387,28422,
385.78977904429394,70967,226,388,28422,
385.7925368700753,70967,225,389,28422,
385.80524831619005,70967,224,390,28422,
385.82150645694134,70967,224,389,28423,
385.8286185369108,70967,223,390,28423,
385.83073293148493,70967,222,391,28423,
385.83731476105504,70967,222,390,28424,
385.85389492944637,70966,223,390,28424,
385.85575382021847,70965,224,390,28424,
385.86311540847123,70964,225,390,28424,
385.8692872872677,70964,224,391,28424,
385.8800719700924,70964,224,390,28425,
385.8947125539624,70964,224,389,28426,
385.8952818589551,70964,223,390,28426,
385.8995627397268,70964,222,391,28426,
385.9058829179474,70964,222,390,28427,
385.90751141583837,70963,223,390,28427,
385.91687017553704,70963,222,391,28427,
385.92165993782965,70963,222,390,28428,
385.9257673002634,70963,221,391,28428,
385.9354208937002,70963,220,392,28428,
385.9433747163745,70963,220,391,28429,
385.9649269342792,70963,219,392,28429,
385.98016936494474,70963,219,391,28430,
385.9819709062248,70963,218,392,28430,
385.98391977390685,70963,217,393,28430,
385.98812721836316,70963,217,392,28431,
385.9983726842595,70962,218,392,28431,
386.00018822171216,70962,217,393,28431,
386.0065650166936,70962,217,392,28432,
386.0253290293596,70961,218,392,28432,
386.03429999264154,70961,218,391,28433,
386.0473861595949,70961,218,390,28434,
386.05068684152917,70961,218,389,28435,
386.07193475805286,70961,218,388,28436,
386.07491242646154,70961,218,387,28437,
386.0904477192797,70961,218,386,28438,
386.1191453120595,70961,217,387,28438,
386.12527487712657,70961,216,388,28438,
386.1346663868447,70961,216,387,28439,
386.1373447366988,70960,217,387,28439,
386.1394087006906,70960,217,386,28440,
386.17329014894074,70960,217,385,28441,
386.18404505328283,70959,218,385,28441,
386.20848519103225,70959,217,386,28441,
386.21407648984143,70959,216,387,28441,
386.2148951744337,70959,216,386,28442,
386.23092965275214,70958,217,386,28442,
386.24141897222773,70957,218,386,28442,
386.2532280805353,70957,218,385,28443,
386.25443241491917,70957,217,386,28443,
386.26452706351233,70956,218,386,28443,
386.2685761172903,70955,219,386,28443,
386.2769421237843,70955,219,385,28444,
386.28128435310083,70955,218,386,28444,
386.28138966806836,70955,218,385,28445,
386.28374249870956,70955,218,384,28446,
386.2893096628397,70955,218,383,28447,
386.29837632056183,70954,219,383,28447,
386.31209008082413,70953,220,383,28447,
386.31711049663147,70953,220,382,28448,
386.3203741853283,70953,220,381,28449,
386.33297400774626,70953,219,382,28449,
386.337878171759,70953,219,381,28450,
386.34471786446517,70953,218,382,28450,
386.3451402754847,70953,218,381,28451,
386.36151431171606,70952,219,381,28451,
386.36386442154156,70952,219,380,28452,
386.37263321546016,70952,218,381,28452,
386.37309727898736,70951,219,381,28452,
386.39504298781134,70951,219,380,28453,
386.39721371715444,70950,220,380,28453,
386.40864465439176,70949,221,380,28453,
386.4326929523439,70949,221,379,28454,
386.4496906012045,70949,220,380,28454,
386.45391940841097,70949,220,379,28455,
386.47330800321265,70948,221,379,28455,
386.47365573784697,70948,220,380,28455,
386.47967980509867,70948,219,381,28455,
386.4822583090687,70947,220,381,28455,
386.48505224898247,70946,221,381,28455,
386.4939299730134,70946,220,382,28455,
386.4972240510273,70945,221,382,28455,
386.4981982998048,70945,221,381,28456,
386.5105913385212,70944,222,381,28456,
386.5124201036389,70944,221,382,28456,
386.52087997701506,70944,221,381,28457,
386.5430332242463,70944,221,380,28458,
386.543378701316,70943,222,380,28458,
386.55149769782935,70943,221,381,28458,
386.5517406154073,70943,220,382,28458,
386.55245391823246,70942,221,382,28458,
386.5619616997709,70942,220,383,28458,
386.5711412284877,70942,219,384,28458,
386.5711845319052,70941,220,384,28458,
386.57268572366377,70940,221,384,28458,
386.5765814731768,70940,221,383,28459,
386.5894769349173,70939,222,383,28459,
386.5975429306261,70939,222,382,28460,
386.6146962019477,70939,221,383,28460,
386.62336987993456,70939,220,384,28460,
386.65058076633403,70938,221,384,28460,
386.6771950436506,70938,221,383,28461,
386.6832573449948,70938,220,384,28461,
386.6935125483049,70938,219,385,28461,
386.6984418626743,70938,219,384,28462,
386.70897291613136,70938,219,383,28463,
386.71465186487035,70938,219,382,28464,
386.7282479453183,70938,218,383,28464,
386.7564891936706,70938,218,382,28465,
386.7611031029138,70938,218,381,28466,
386.76966995939534,70937,219,381,28466,
386.77216943300135,70937,218,382,28466,
386.7760293861914,70936,219,382,28466,
386.7761546813532,70936,219,381,28467,
386.7848984018695,70936,218,382,28467,
386.7957637197059,70935,219,382,28467,
386.81428168101945,70934,220,382,28467,
386.8211206134637,70934,220,381,28468,
386.8244914762892,70934,220,380,28469,
386.826306862917,70934,219,381,28469,
386.82669976744853,70933,220,381,28469,
386.83496947535446,70933,220,380,28470,
386.8355836289567,70933,220,379,28471,
386.8363089364094,70933,219,380,28471,
386.8374957978653,70933,219,379,28472,
386.84889286709927,70933,219,378,28473,
386.86581721161366,70933,219,377,28474,
386.88880811467953,70933,219,376,28475,
386.89286075841216,70933,218,377,28475,
386.90357898613667,70932,219,377,28475,
386.9072097001076,70931,220,377,28475,
386.9105561054161,70931,219,378,28475,
386.9217714449298,70931,218,379,28475,
386.93705728140856,70931,218,378,28476,
386.9574001342109,70931,217,379,28476,
386.9712043105775,70930,218,379,28476,
386.98731555978213,70930,217,380,28476,
386.9974657481856,70930,217,379,28477,
387.0059412792956,70930,217,378,28478,
387.00958230739866,70930,217,377,28479,
387.02537327010174,70930,217,376,28480,
387.0290011540128,70929,218,376,28480,
387.0396895663566,70929,217,377,28480,
387.05106572640045,70928,218,377,28480,
387.05270414863935,70928,217,378,28480,
387.0527364081497,70927,218,378,28480,
387.05484255829936,70927,218,377,28481,
387.05835729855846,70926,219,377,28481,
387.06097930144983,70926,219,376,28482,
387.07705210292113,70926,219,375,28483,
387.0809473794368,70925,220,375,28483,
387.08207166735895,70924,221,375,28483,
387.09210777450323,70923,222,375,28483,
387.1021981279381,70922,223,375,28483,
387.1264323107489,70922,223,374,28484,
387.13023672635643,70922,223,373,28485,
387.13102558099683,70922,222,374,28485,
387.1406638573271,70922,221,375,28485,
387.1422171137094,70921,222,375,28485,
387.15138188203736,70921,222,374,28486,
387.1564380684467,70920,223,374,28486,
387.1578290747979,70920,222,375,28486,
387.16448108279735,70920,221,376,28486,
387.16643572164855,70920,221,375,28487,
387.1726817377357,70920,220,376,28487,
387.17442871902415,70920,220,375,28488,
387.19464830665027,70920,219,376,28488,
387.207095920306,70920,219,375,28489,
387.21850990745156,70920,218,376,28489,
387.2190543087886,70920,217,377,28489,
387.2191977903019,70920,217,376,28490,
387.2211127957406,70920,217,375,28491,
387.22216949883875,70920,216,376,28491,
387.2333841609001,70920,215,377,28491,
387.2422781967058,70919,216,377,28491,
387.24740421217336,70919,216,376,28492,
387.2592103898553,70919,215,377,28492,
387.2649861170638,70919,214,378,28492,
387.27606585429055,70919,213,379,28492,
387.2818713722022,70919,213,378,28493,
387.31403846708224,70919,213,377,28494,
387.3150789448633,70919,212,378,28494,
387.3188426864323,70919,212,377,28495,
387.33517729530246,70918,213,377,28495,
387.34014108129713,70918,212,378,28495,
387.3458726692728,70917,213,378,28495,
387.36916708139995,70917,213,377,28496,
387.37469829282935,70917,213,376,28497,
387.37989342792633,70917,213,375,28498,
387.38706992308096,70917,212,376,28498,
387.3964724222702,70917,211,377,28498,
387.40040276845946,70917,211,376,28499,
387.4023507749373,70917,210,377,28499,
387.41318611599667,70917,209,378,28499,
387.4175788841004,70917,209,377,28500,
387.4307399164953,70917,208,378,28500,
387.43257701608275,70917,208,377,28501,
387.43621925640036,70917,208,376,28502,
387.43681281455366,70916,209,376,28502,
387.4589693261187,70916,209,375,28503,
387.46985111385067,70916,209,374,28504,
387.47567318811514,70915,210,374,28504,
387.48481933447516,70915,209,375,28504,
387.49373946919434,70915,208,376,28504,
387.4979302016277,70914,209,376,28504,
387.50025242309675,70914,209,375,28505,
387.51220798711483,70914,208,376,28505,
387.518308909187,70914,208,375,28506,
387.5212202234345,70914,207,376,28506,
387.52695474649266,70914,207,375,28507,
387.5502930120906,70914,207,374,28508,
387.5520397227383,70913,208,374,28508,
387.5622187324787,70913,208,373,28509,
387.5654331265813,70913,207,374,28509,
387.56890896584724,70913,206,375,28509,
387.5692085726287,70913,205,376,28509,
387.57041227006454,70913,205,375,28510,
387.5986204150165,70913,204,376,28510,
387.6042637033396,70913,204,375,28511,
387.60515152919015,70913,203,376,28511,
387.6066526219346,70913,202,377,28511,
387.6209099838405,70913,201,378,28511,
387.6252579044398,70913,200,379,28511,
387.63664561250744,70913,200,378,28512,
387.64551426167156,70913,200,377,28513,
387.6509857261361,70913,200,376,28514,
387.6546010196629,70913,200,375,28515,
387.66116376249835,70913,199,376,28515,
387.66372740088735,70912,200,376,28515,
387.6659055042747,70912,200,375,28516,
387.6728310582262,70911,201,375,28516,
387.6895160734209,70911,201,374,28517,
387.69965999557496,70911,200,375,28517,
387.70059376443976,70911,199,376,28517,
387.7022342774669,70910,200,376,28517,
387.7238298443374,70910,199,377,28517,
387.7241230480183,70910,198,378,28517,
387.72729538378155,70910,197,379,28517,
387.73198924476173,70909,198,379,28517,
387.7576898914121,70909,197,380,28517,
387.76986367055923,70908,198,380,28517,
387.7818844964074,70908,197,381,28517,
387.7890343347533,70907,198,381,28517,
387.79346515506336,70907,197,382,28517,
387.79509002824915,70907,197,381,28518,
387.7990307692368,70906,198,381,28518,
387.8148845275393,70906,198,380,28519,
387.82083504007096,70906,198,379,28520,
387.82580821676936,70906,198,378,28521,
387.8305680391029,70905,199,378,28521,
387.83231442915206,70905,199,377,28522,
387.83270758015794,70905,199,376,28523,
387.83387529570547,70905,199,375,28524,
387.8356831359828,70905,198,376,28524,
387.83834506787343,70905,197,377,28524,
387.84292694979854,70905,197,376,28525,
387.8514617611739,70904,198,376,28525,
387.8603166574359,70903,199,376,28525,
387.8708225383611,70903,198,377,28525,
387.90576079540466,70903,198,376,28526,
387.9057685016736,70903,197,377,28526,
387.90727548234213,70903,196,378,28526,
387.9153428225245,70902,197,378,28526,
387.92077744800383,70902,197,377,28527,
387.9208949769231,70902,197,376,28528,
387.92927685276334,70902,197,375,28529,
387.9328143698334,70902,196,376,28529,
387.9350974520234,70902,196,375,28530,
387.93908653183234,70902,195,376,28530,
387.94831829914904,70901,196,376,28530,
387.949362858725,70900,197,376,28530,
387.96067210853363,70900,196,377,28530,
387.96201633226553,70899,197,377,28530,
387.9778247386883,70899,196,378,28530,
387.979040466166,70898,197,378,28530,
387.99750589153035,70898,197,377,28531,
387.99772869341786,70897,198,377,28531,
388.01043235439477,70896,199,377,28531,
388.0175842954708,70896,198,378,28531,
388.0284828365758,70896,197,379,28531,
388.02878802148643,70895,198,379,28531,
388.0324994250879,70894,199,379,28531,
388.06960752561116,70893,200,379,28531,
388.0714591852538,70892,201,379,28531,
388.0732443063134,70892,201,378,28532,
388.0839934722144,70892,200,379,28532,
388.084817437255,70892,200,378,28533,
388.101427448955,70892,200,377,28534,
388.1081056504465,70892,200,376,28535,
388.1130656696906,70892,199,377,28535,
388.1178251163267,70892,198,378,28535,
388.12641640004045,70891,199,378,28535,
388.12925439973907,70891,199,377,28536,
388.1408558820469,70891,198,378,28536,
388.16218924547167,70891,197,379,28536,
388.1781215457456,70891,196,380,28536,
388.1858698951344,70891,196,379,28537,
388.19854233623926,70891,195,380,28537,
388.2003898414723,70891,195,379,28538,
388.20542028353367,70890,196,379,28538,
388.21474102664234,70890,196,378,28539,
388.21723281448106,70889,197,378,28539,
388.21922136199333,70888,198,378,28539,
388.2192635642381,70888,198,377,28540,
388.226076209525,70888,197,378,28540,
388.2361555424621,70888,196,379,28540,
388.2515569643815,70887,197,379,28540,
388.29177352363223,70887,197,378,28541,
388.2958301316219,70887,196,379,28541,
388.3157730178685,70886,197,379,28541,
388.33387889182075,70886,197,378,28542,
388.3646357470087,70886,197,377,28543,
388.37476545549885,70885,198,377,28543,
388.37522803931347,70885,198,376,28544,
388.38210515737876,70885,197,377,28544,
388.39103810731825,70885,196,378,28544,
388.39159005493656,70885,196,377,28545,
388.39732267981975,70885,196,376,28546,
388.40431409194895,70885,196,375,28547,
388.41761804200473,70885,196,374,28548,
388.42093070086486,70884,197,374,28548,
388.4297022641708,70883,198,374,28548,
388.4305684748989,70883,198,373,28549,
388.4479016247169,70883,198,372,28550,
388.4520129423243,70883,198,371,28551,
388.45792754137676,70883,197,372,28551,
388.5027969030246,70883,196,373,28551,
388.5238535654837,70883,195,374,28551,
388.52658268492615,70883,194,375,28551,
388.5339243121125,70883,194,374,28552,
388.5380004861637,70882,195,374,28552,
388.55207460749625,70882,195,373,28553,
388.55241706444247,70882,194,374,28553,
388.5568081889706,70882,193,375,28553,
388.5680630380366,70882,193,374,28554,
388.57262640009276,70882,193,373,28555,
388.58165144653117,70882,193,372,28556,
388.6036293498291,70882,192,373,28556,
388.60480488237437,70882,192,372,28557,
388.6087035963727,70882,192,371,28558,
388.610527880527,70882,192,370,28559,
388.6223784611214,70882,192,369,28560,
388.638512343023,70881,193,369,28560,
388.6548074603218,70881,192,370,28560,
388.67008429924863,70880,193,370,28560,
388.676267534264,70880,193,369,28561,
388.67869211230817,70880,192,370,28561,
388.69334753997015,70880,191,371,28561,
388.6980807136468,70880,191,370,28562,
388.6987772057294,70880,191,369,28563,
388.7076566718731,70880,191,368,28564,
388.7292928448146,70880,190,369,28564,
388.7297127099214,70880,189,370,28564,
388.7366721838467,70880,188,371,28564,
388.7428450175985,70880,188,370,28565,
388.7460029552853,70880,188,369,28566,
388.7461828120403,70880,188,368,28567,
388.7565802398507,70880,187,369,28567,
388.76852305793653,70879,188,369,28567,
388.77469960562405,70878,189,369,28567,
388.77954647828,70878,188,370,28567,
388.78921143116224,70878,187,371,28567,
388.79970992642666,70878,186,372,28567,
388.8011590220063,70878,186,371,28568,
388.82697196039135,70878,186,370,28569,
388.83203905909295,70878,186,369,28570,
388.8401706839507,70877,187,369,28570,
388.84340020041935,70876,188,369,28570,
388.8600958051981,70876,188,368,28571,
388.8633181593385,70876,187,369,28571,
388.8665766966645,70876,186,370,28571,
388.8681030011075,70876,186,369,28572,
388.871645687232,70875,187,369,28572,
388.8826503268711,70875,186,370,28572,
388.88805259084137,70875,186,369,28573,
388.89290145053167,70874,187,369,28573,
388.89454482336316,70873,188,369,28573,
388.9030071888712,70872,189,369,28573,
388.9291846286438,70871,190,369,28573,
388.9371030146809,70870,191,369,28573,
388.9373909689097,70870,190,370,28573,
388.9374554742782,70869,191,370,28573,
388.94381419374156,70869,191,369,28574,
388.9585665351032,70869,190,370,28574,
388.9641646004428,70868,191,370,28574,
388.96808679089173,70868,191,369,28575,
388.9886593193936,70868,191,368,28576,
388.9948144167009,70868,190,369,28576,
388.99636663341295,70868,190,368,28577,
389.00116090315146,70868,190,367,28578,
389.00167456770447,70868,190,366,28579,
389.0049541756669,70868,190,365,28580,
389.02104931959013,70867,191,365,28580,
389.02324940696155,70866,192,365,28580,
389.0277468729517,70865,193,365,28580,
389.02913416144054,70864,194,365,28580,
389.0297488732065,70864,193,366,28580,
389.0310505367426,70864,193,365,28581,
389.0564103419002,70863,194,365,28581,
389.0616715880306,70863,194,364,28582,
389.0689693072407,70863,193,365,28582,
389.10372177221285,70863,192,366,28582,
389.10628496279253,70863,192,365,28583,
389.1164071908663,70863,192,364,28584,
389.1230135699805,70863,192,363,28585,
389.1367766538423,70862,193,363,28585,
389.1483771988787,70862,193,362,28586,
389.15942084782534,70862,192,363,28586,
389.1619064472008,70862,192,362,28587,
389.16907486796015,70862,192,361,28588,
389.17951571479824,70862,192,360,28589,
389.183899651516,70862,191,361,28589,
389.1957106982981,70861,192,361,28589,
389.2045822354259,70861,192,360,28590,
389.2177237443598,70861,191,361,28590,
389.2213373913569,70861,190,362,28590,
389.2290145047286,70860,191,362,28590,
389.23523716116756,70860,190,363,28590,
389.24753233843126,70860,189,364,28590,
389.24863405641076,70860,188,365,28590,
389.2502497663255,70860,187,366,28590,
389.2783593575948,70859,188,366,28590,
389.28129442702107,70859,187,367,28590,
389.28357798775977,70858,188,367,28590,
389.30866982804804,70858,187,368,28590,
389.31392767377923,70858,186,369,28590,
389.31950887873825,70858,186,368,28591,
389.3279638047329,70858,185,369,28591,
389.33062243329715,70858,185,368,28592,
389.3491058578648,70858,185,367,28593,
389.36590716520897,70857,186,367,28593,
389.37696277209915,70857,186,366,28594,
389.38180935785687,70857,186,365,28595,
389.40740438514024,70857,186,364,28596,
389.41598838978484,70856,187,364,28596,
389.42092603974373,70856,186,365,28596,
389.4249007863569,70856,186,364,28597,
389.4310355239395,70856,186,363,28598,
389.46543834811644,70855,187,363,28598,
389.48577310120277,70855,186,364,28598,
389.49982699104123,70854,187,364,28598,
389.512028613737,70854,186,365,28598,
389.51915259272033,70854,186,364,28599,
389.5255623445334,70854,186,363,28600,
389.5287599599682,70854,185,364,28600,
389.54851087270043,70854,185,363,28601,
389.5501868287634,70854,185,362,28602,
389.5503503016666,70853,186,362,28602,
389.55388157111446,70852,187,362,28602,
389.55574144037035,70852,186,363,28602,
389.5706484307774,70852,186,362,28603,
389.5766761679743,70852,186,361,28604,
389.5880630887111,70852,185,362,28604,
389.6069355838797,70852,184,363,28604,
389.6085509196537,70852,183,364,28604,
389.61422106690173,70851,184,364,28604,
389.6184663859476,70851,183,365,28604,
389.6368713484315,70851,182,366,28604,
389.63725061897287,70851,181,367,28604,
389.64006758042433,70851,181,366,28605,
389.6638603509582,70851,181,365,28606,
389.7015222088335,70850,182,365,28606,
389.703191431886,70850,182,364,28607,
389.7114636641453,70850,181,365,28607,
389.71610024787674,70850,181,364,28608,
389.7177634579725,70849,182,364,28608,
389.7256204704431,70848,183,364,28608,
389.7336604294325,70847,184,364,28608,
389.7432602908253,70846,185,364,28608,
389.7720990981171,70845,186,364,28608,
389.7958093107932,70845,186,363,28609,
389.79746343729516,70845,186,362,28610,
389.80058055410865,70844,187,362,28610,
389.8037466497114,70843,188,362,28610,
389.8068713048717,70843,187,363,28610,
389.81075049650275,70842,188,363,28610,
389.8159243394739,70841,189,363,28610,
389.8325355829383,70841,188,364,28610,
389.84361339132244,70840,189,364,28610,
389.84802110575595,70840,189,363,28611,
389.84834980086316,70840,189,362,28612,
389.85081674960395,70839,190,362,28612,
389.859168360009,70839,190,361,28613,
389.8599001699536,70839,190,360,28614,
389.86049741709684,70839,189,361,28614,
389.86639837830063,70839,188,362,28614,
389.87867273476434,70839,188,361,28615,
389.87963365455664,70839,188,360,28616,
389.8816712191559,70839,188,359,28617,
389.88219734033277,70838,189,359,28617,
389.8828967472707,70838,189,358,28618,
389.89105515958954,70837,190,358,28618,
389.896603005082,70836,191,358,28618,
389.90160514315437,70835,192,358,28618,
389.90846341125416,70835,192,357,28619,
389.9105195375599,70835,191,358,28619,
389.92164604312603,70835,190,359,28619,
389.9222135097251,70835,189,360,28619,
389.92448665323906,70835,189,359,28620,
389.92955144393557,70835,188,360,28620,
389.9426203455189,70834,189,360,28620,
389.9470303953754,70834,188,361,28620,
389.9504826401069,70834,188,360,28621,
389.95398549260466,70833,189,360,28621,
389.96158871642865,70833,189,359,28622,
389.9712535601646,70833,188,360,28622,
389.98296415680915,70833,187,361,28622,
389.98691655411864,70833,187,360,28623,
389.9869856191145,70832,188,360,28623,
389.9880160345956,70831,189,360,28623,
389.9983998753278,70831,188,361,28623,
390.0105018501413,70831,188,360,28624,
390.01132939990464,70831,188,359,28625,
390.024082149739,70831,187,360,28625,
390.0264858077144,70831,187,359,28626,
390.0516760657214,70831,186,360,28626,
390.05635543539574,70831,185,361,28626,
390.0653903932361,70831,185,360,28627,
390.0654420851403,70830,186,360,28627,
390.06564844073944,70830,186,359,28628,
390.06585360158186,70830,185,360,28628,
390.0684375494094,70830,185,359,28629,
390.0709658234726,70830,184,360,28629,
390.0768319964207,70830,183,361,28629,
390.0845075002658,70830,182,362,28629,
390.08663895412803,70829,183,362,28629,
390.0916929186223,70829,183,361,28630,
390.0935909525944,70829,182,362,28630,
390.1042971087331,70829,181,363,28630,
390.1143070775615,70828,182,363,28630,
390.1155619984607,70828,181,364,28630,
390.11599154023344,70827,182,364,28630,
390.12522763569643,70827,182,363,28631,
390.13368264250386,70826,183,363,28631,
390.1363879449607,70826,183,362,28632,
390.1377793687358,70826,183,361,28633,
390.1426018440608,70826,183,360,28634,
390.1485130949766,70826,182,361,28634,
390.15797864204063,70826,181,362,28634,
390.1781450547817,70826,180,363,28634,
390.19424537687513,70825,181,363,28634,
390.20211855304785,70825,181,362,28635,
390.2089507789328,70824,182,362,28635,
390.21227567290254,70824,181,363,28635,
390.2298410439636,70823,182,363,28635,
390.2378866360544,70823,181,364,28635,
390.2612563457033,70822,182,364,28635,
390.2646082998946,70822,181,365,28635,
390.2663484543893,70822,181,364,28636,
390.27372687680946,70821,182,364,28636,
390.2873283060457,70820,183,364,28636,
390.315445641779,70820,182,365,28636,
390.32914335860096,70820,181,366,28636,
390.34301698636494,70820,180,367,28636,
390.3438379173689,70820,179,368,28636,
390.3473408338155,70819,180,368,28636,
390.3488675619528,70819,179,369,28636,
390.3506076736719,70818,180,369,28636,
390.3514193534187,70817,181,369,28636,
390.3659684662902,70817,180,370,28636,
390.3711100532664,70817,179,371,28636,
390.37702669629795,70817,179,370,28637,
390.38052772437607,70817,178,371,28637,
390.3924403130798,70817,178,370,28638,
390.4023748695507,70817,178,369,28639,
390.4077786617305,70817,178,368,28640,
390.43226711168444,70817,177,369,28640,
390.4358572898781,70817,177,368,28641,
390.44308561308185,70816,178,368,28641,
390.44337293119867,70815,179,368,28641,
390.4495038714367,70815,179,367,28642,
390.4521689224358,70814,180,367,28642,
390.45548965871757,70813,181,367,28642,
390.4604789979695,70813,180,368,28642,
390.4720112527431,70813,180,367,28643,
390.4764222398791,70813,180,366,28644,
390.4766860161303,70813,179,367,28644,
390.4770801049055,70812,180,367,28644,
390.479800125603,70812,179,368,28644,
390.49809365149554,70811,180,368,28644,
390.50715369223246,70811,179,369,28644,
390.5093086322945,70811,179,368,28645,
390.5101944388791,70811,179,367,28646,
390.5508942732794,70811,178,368,28646,
390.5831981912209,70811,178,367,28647,
390.61183320204407,70811,177,368,28647,
390.62699933281016,70811,177,367,28648,
390.6335464295693,70811,176,368,28648,
390.63480756070356,70811,176,367,28649,
390.6453393643744,70811,176,366,28650,
390.6575134319594,70811,175,367,28650,
390.67218778260445,70811,174,368,28650,
390.6838863563876,70811,174,367,28651,
390.69270318290387,70810,175,367,28651,
390.69739629153196,70809,176,367,28651,
390.70381441841596,70808,177,367,28651,
390.70490789601536,70808,176,368,28651,
390.7117020937936,70807,177,368,28651,
390.7353541029933,70807,176,369,28651,
390.74175761334925,70806,177,369,28651,
390.7451953584913,70806,176,370,28651,
390.760935750017,70806,176,369,28652,
390.76145571853556,70806,176,368,28653,
390.7618576644608,70805,177,368,28653,
390.76398097735216,70804,178,368,28653,
390.7648006335853,70804,178,367,28654,
390.77041548402036,70804,178,366,28655,
390.7705950577994,70804,178,365,28656,
390.7791203354376,70804,178,364,28657,
390.78965619550934,70804,177,365,28657,
390.7912833503659,70804,176,366,28657,
390.794218299263,70804,175,367,28657,
390.7942504399243,70804,175,366,28658,
390.79671510995365,70804,175,365,28659,
390.7970357137487,70804,175,364,28660,
390.8038800607777,70803,176,364,28660,
390.81010158481604,70803,175,365,28660,
390.83052837584614,70803,175,364,28661,
390.85983901356735,70802,176,364,28661,
390.89697101422826,70802,175,365,28661,
390.8974097983672,70801,176,365,28661,
390.9098851979026,70801,176,364,28662,
390.91815204525557,70801,176,363,28663,
390.91817178754695,70800,177,363,28663,
390.9222289278826,70800,176,364,28663,
390.9224397286164,70799,177,364,28663,
390.9231669117311,70799,176,365,28663,
390.92509905003163,70799,175,366,28663,
390.92966523361315,70799,174,367,28663,
390.93197388162724,70799,174,366,28664,
390.96179694104103,70799,174,365,28665,
390.9775802659029,70798,175,365,28665,
390.9972563078504,70797,176,365,28665,
391.0059757440927,70797,175,366,28665,
391.0070950758692,70797,175,365,28666,
391.00970310320605,70797,174,366,28666,
391.03069532874696,70797,174,365,28667,
391.0339377942328,70797,174,364,28668,
391.0590743626285,70797,174,363,28669,
391.0631385453946,70797,173,364,28669,
391.0685094372269,70796,174,364,28669,
391.07264213990675,70796,173,365,28669,
391.0731626290849,70796,172,366,28669,
391.08016714828216,70795,173,366,28669,
391.08151656322184,70795,172,367,28669,
391.0832042149056,70795,171,368,28669,
391.0833286765216,70795,171,367,28670,
391.09303092293044,70795,170,368,28670,
391.0932001874711,70794,171,368,28670,
391.0934589714523,70794,171,367,28671,
391.09654267065525,70794,171,366,28672,
391.09669154799576,70794,170,367,28672,
391.1047581967688,70793,171,367,28672,
391.1063299082926,70793,170,368,28672,
391.1103725244059,70793,170,367,28673,
391.1220038881037,70792,171,367,28673,
391.12370430054654,70792,171,366,28674,
391.1256907895279,70791,172,366,28674,
391.14231219791196,70791,171,367,28674,
391.1598144190929,70791,171,366,28675,
391.1629009891049,70790,172,366,28675,
391.16394597576493,70790,171,367,28675,
391.1655390855619,70789,172,367,28675,
391.1658861739043,70789,172,366,28676,
391.1836790068106,70789,172,365,28677,
391.1866679008479,70789,171,366,28677,
391.19181802189803,70788,172,366,28677,
391.21684797459386,70788,171,367,28677,
391.22245776008305,70788,171,366,28678,
391.2255986932482,70788,170,367,28678,
391.2258585977392,70788,170,366,28679,
391.2275564366056,70787,171,366,28679,
391.2565934525925,70786,172,366,28679,
391.2621194296464,70786,172,365,28680,
391.27255341231796,70786,171,366,28680,
391.27294062311773,70785,172,366,28680,
391.2756444624657,70784,173,366,28680,
391.27691628089417,70784,173,365,28681,
391.276976541025,70784,172,366,28681,
391.3095207242338,70784,172,365,28682,
391.32718719207617,70784,171,366,28682,
391.3289698289244,70784,171,365,28683,
391.33649642190113,70784,170,366,28683,
391.33953135409615,70783,171,366,28683,
391.34297333133156,70782,172,366,28683,
391.35913118781406,70782,172,365,28684,
391.36263510739974,70782,171,366,28684,
391.3664758501178,70782,170,367,28684,
391.36973359177625,70782,169,368,28684,
391.3731545108491,70782,169,367,28685,
391.38424958425753,70782,169,366,28686,
391.40862417740885,70782,169,365,28687,
391.44165547911143,70782,169,364,28688,
391.4469613292021,70782,168,365,28688,
391.44886480131936,70782,168,364,28689,
391.4611714893005,70781,169,364,28689,
391.46511414866774,70781,169,363,28690,
391.4659363595773,70781,168,364,28690,
391.4701136177173,70780,169,364,28690,
391.47169191406186,70780,169,363,28691,
391.4725272142767,70780,169,362,28692,
391.47671557883933,70780,168,363,28692,
391.48334981856874,70780,167,364,28692,
391.4871604646523,70780,167,363,28693,
391.4909819908703,70780,167,362,28694,
391.5178498378347,70780,166,363,28694,
391.5329055110333,70780,165,364,28694,
391.5453907799133,70780,165,363,28695,
391.54589981165236,70779,166,363,28695,
391.5471810281283,70779,166,362,28696,
391.5617144119623,70779,166,361,28697,
391.57670747858947,70778,167,361,28697,
391.5869231607076,70778,166,362,28697,
391.58843655447345,70778,166,361,28698,
391.59446290660793,70777,167,361,28698,
391.6010202417604,70776,168,361,28698,
391.6019592357112,70775,169,361,28698,
391.61744011057976,70775,169,360,28699,
391.63092970157646,70775,169,359,28700,
391.64056424407124,70775,168,360,28700,
391.6456120013855,70774,169,360,28700,
391.65725970448426,70774,168,361,28700,
391.66196912566727,70774,168,360,28701,
391.665238728888,70773,169,360,28701,
391.6653420734879,70772,170,360,28701,
391.69173670011907,70771,171,360,28701,
391.69351269524907,70771,170,361,28701,
391.6951680243981,70770,171,361,28701,
391.69871379174367,70770,170,362,28701,
391.70760261516926,70769,171,362,28701,
391.71466506480897,70768,172,362,28701,
391.7165183113866,70767,173,362,28701,
391.72113378576154,70766,174,362,28701,
391.7297381064851,70766,174,361,28702,
391.73489941136785,70766,173,362,28702,
391.7362233172865,70766,173,361,28703,
391.7405851712568,70766,172,362,28703,
391.7431584225594,70765,173,362,28703,
391.7489360474791,70764,174,362,28703,
391.7575360241462,70764,173,363,28703,
391.7645359768011,70763,174,363,28703,
391.7861502791773,70763,174,362,28704,
391.7922365515673,70763,174,361,28705,
391.7967138229464,70763,173,362,28705,
391.80125567561754,70762,174,362,28705,
391.80623300051184,70762,173,363,28705,
391.8112130160052,70761,174,363,28705,
391.81879831679674,70760,175,363,28705,
391.8332498287448,70759,176,363,28705,
391.83929376942365,70759,175,364,28705,
391.83934531892896,70758,176,364,28705,
391.8433633368286,70758,176,363,28706,
391.8462226670642,70758,176,362,28707,
391.8463861860212,70757,177,362,28707,
391.85598901822453,70757,177,361,28708,
391.86135537388844,70757,176,362,28708,
391.8690992584371,70757,176,361,28709,
391.89599725062703,70757,176,360,28710,
391.91630734241284,70756,177,360,28710,
391.92226406870054,70756,176,361,28710,
391.9307621094123,70756,175,362,28710,
391.93286304336795,70756,175,361,28711,
391.94208087651407,70755,176,361,28711,
391.9561318251397,70755,176,360,28712,
391.96114371595786,70755,176,359,28713,
391.97670353787026,70755,175,360,28713,
391.979148403008,70755,174,361,28713,
391.9945425529543,70755,173,362,28713,
391.99486458073244,70754,174,362,28713,
391.99500421884017,70754,173,363,28713,
391.99636215799046,70754,172,364,28713,
391.99917232962156,70754,172,363,28714,
392.0036147185065,70753,173,363,28714,
392.00999359177524,70753,173,362,28715,
392.021016244986,70752,174,362,28715,
392.05000507357875,70752,174,361,28716,
392.062234032094,70751,175,361,28716,
392.06304212222585,70751,175,360,28717,
392.0906154228807,70750,176,360,28717,
392.0927880030948,70750,176,359,28718,
392.09684714748533,70749,177,359,28718,
392.110375029328,70749,176,360,28718,
392.1119565166215,70749,176,359,28719,
392.1275432166056,70749,175,360,28719,
392.12876524972364,70748,176,360,28719,
392.1381242629535,70748,175,361,28719,
392.1473292076834,70747,176,361,28719,
392.1561327827118,70747,176,360,28720,
392.16911752536305,70747,175,361,28720,
392.1794004519119,70747,175,360,28721,
392.1794562166885,70747,175,359,28722,
392.18395725882795,70747,174,360,28722,
392.23159738388335,70747,173,361,28722,
392.23638591485195,70746,174,361,28722,
392.2479118085404,70746,174,360,28723,
392.2504312485848,70746,173,361,28723,
392.2519123507568,70746,173,360,28724,
392.2710975214769,70746,173,359,28725,
392.2805679830564,70746,173,358,28726,
392.2864579213873,70745,174,358,28726,
392.29155906697866,70745,174,357,28727,
392.30819893658906,70745,173,358,28727,
392.32178392653105,70744,174,358,28727,
392.3222975701741,70744,174,357,28728,
392.3239600227014,70744,174,356,28729,
392.3583747413112,70744,174,355,28730,
392.35933414513914,70743,175,355,28730,
392.3719880127157,70743,175,354,28731,
392.38294023182453,70743,175,353,28732,
392.3860145236315,70743,174,354,28732,
392.38843352644705,70742,175,354,28732,
392.41153736777295,70742,174,355,28732,
392.4116485236114,70742,174,354,28733,
392.4183613698244,70742,173,355,28733,
392.4217777225402,70741,174,355,28733,
392.42424623474164,70741,174,354,28734,
392.4245804648043,70740,175,354,28734,
392.4336324512971,70740,174,355,28734,
392.4403242371873,70740,173,356,28734,
392.4460616136375,70739,174,356,28734,
392.4529732998355,70739,174,355,28735,
392.45796885650327,70738,175,355,28735,
392.45963874637886,70738,175,354,28736,
392.4597725362151,70738,174,355,28736,
392.4639491553312,70737,175,355,28736,
392.4913927745829,70737,174,356,28736,
392.49661326116404,70736,175,356,28736,
392.5020903198908,70736,175,355,28737,
392.5043517426326,70736,175,354,28738,
392.5100907043312,70735,176,354,28738,
392.51810916105507,70735,176,353,28739,
392.5227010801259,70735,176,352,28740,
392.53868884620067,70735,175,353,28740,
392.5421161651797,70735,174,354,28740,
392.5531318401281,70735,174,353,28741,
392.5735306228533,70735,174,352,28742,
392.5743393159943,70735,174,351,28743,
392.5780187048581,70735,173,352,28743,
392.5953485996639,70735,173,351,28744,
392.61521758223154,70735,173,350,28745,
392.6454742185539,70735,173,349,28746,
392.6678006875323,70735,173,348,28747,
392.66943567667073,70735,173,347,28748,
392.6877391372592,70735,172,348,28748,
392.6954286130038,70734,173,348,28748,
392.703781452658,70734,173,347,28749,
392.7228498433038,70734,172,348,28749,
392.7259174274922,70734,172,347,28750,
392.75103389510116,70734,172,346,28751,
392.76026885727214,70734,172,345,28752,
392.8088369556385,70734,172,344,28753,
392.82773374435743,70734,172,343,28754,
392.8326466455229,70733,173,343,28754,
392.8350888059839,70732,174,343,28754,
392.8404958608274,70732,174,342,28755,
392.84827029265875,70732,173,343,28755,
392.8516824917103,70731,174,343,28755,
392.85338594291744,70731,174,342,28756,
392.860332722002,70731,174,341,28757,
392.86539537341304,70731,173,342,28757,
392.8656416778748,70731,172,343,28757,
392.8715397131878,70731,171,344,28757,
392.87978214068715,70731,171,343,28758,
392.8839903749848,70731,171,342,28759,
392.89000816606625,70731,171,341,28760,
392.8951241110403,70730,172,341,28760,
392.9023500576391,70730,172,340,28761,
392.91695902993047,70730,172,339,28762,
392.9435089883028,70730,171,340,28762,
392.9599367767602,70730,170,341,28762,
392.9602957358326,70730,169,342,28762,
392.97734427526893,70729,170,342,28762,
392.99153560063354,70728,171,342,28762,
393.0055175112426,70727,172,342,28762,
393.0382788753486,70727,171,343,28762,
393.04001169079925,70727,171,342,28763,
393.044562084541,70727,171,341,28764,
393.05017306265273,70726,172,341,28764,
393.07518265745506,70726,171,342,28764,
393.0813221894209,70726,170,343,28764,
393.0849215885155,70725,171,343,28764,
393.1008343306671,70724,172,343,28764,
393.1013575395832,70724,172,342,28765,
393.10182461030735,70724,171,343,28765,
393.1046552043288,70723,172,343,28765,
393.105620468529,70723,171,344,28765,
393.1098531188209,70722,172,344,28765,
393.1156980881062,70721,173,344,28765,
393.11887124875227,70720,174,344,28765,
393.1197020265614,70720,173,345,28765,
393.11977328800714,70719,174,345,28765,
393.14313591234065,70719,173,346,28765,
393.15593948844304,70719,172,347,28765,
393.1578094506962,70718,173,347,28765,
393.17194671343,70718,172,348,28765,
393.17780699947036,70718,171,349,28765,
393.17820158637505,70718,171,348,28766,
393.18043899026816,70718,170,349,28766,
393.19385421274154,70717,171,349,28766,
393.22199682556544,70717,170,350,28766,
393.2233992729224,70717,169,351,28766,
393.22505762452505,70717,169,350,28767,
393.22526159200714,70717,169,349,28768,
393.2280511947901,70717,169,348,28769,
393.23025194006055,70717,169,347,28770,
393.2379113650159,70717,169,346,28771,
393.2425055663856,70716,170,346,28771,
393.24661585003616,70716,170,345,28772,
393.25912054996917,70716,170,344,28773,
393.2645016661279,70716,170,343,28774,
393.27303271852935,70715,171,343,28774,
393.32839411718885,70714,172,343,28774,
393.33234736966085,70714,171,344,28774,
393.3374539824191,70713,172,344,28774,
393.34345885238207,70713,172,343,28775,
393.369032015959,70713,172,342,28776,
393.3838632958321,70713,172,341,28777,
393.38852215962515,70712,173,341,28777,
393.40463600669176,70712,173,340,28778,
393.4073028123848,70712,173,339,28779,
393.4095314067111,70711,174,339,28779,
393.4129947731716,70711,173,340,28779,
393.4292394275713,70710,174,340,28779,
393.43059792960355,70709,175,340,28779,
393.4650661055372,70709,174,341,28779,
393.46523955914046,70708,175,341,28779,
393.4728672258791,70708,175,340,28780,
393.48706888386903,70708,174,341,28780,
393.4920800532209,70708,174,340,28781,
393.4941022465759,70707,175,340,28781,
393.49964055903115,70707,174,341,28781,
393.5003238972663,70707,173,342,28781,
393.50604947626675,70707,173,341,28782,
393.511449239508,70706,174,341,28782,
393.5279667180785,70706,174,340,28783,
393.5355861583212,70705,175,340,28783,
393.5363376436913,70705,175,339,28784,
393.55786190318776,70705,175,338,28785,
393.5713683433594,70705,174,339,28785,
393.57294034125295,70705,174,338,28786,
393.6201532643965,70705,174,337,28787,
393.6276525085019,70705,174,336,28788,
393.6403649745172,70704,175,336,28788,
393.65355368111364,70704,175,335,28789,
393.65428336474264,70704,174,336,28789,
393.65595360910896,70704,173,337,28789,
393.6582192030618,70704,173,336,28790,
393.6607225502792,70704,172,337,28790,
393.66433861493624,70704,172,336,28791,
393.66535733361854,70703,173,336,28791,
393.6712250106229,70703,173,335,28792,
393.67482795080645,70703,172,336,28792,
393.70730540920374,70703,171,337,28792,
393.7087102959966,70703,170,338,28792,
393.7314567217581,70702,171,338,28792,
393.739915377339,70702,171,337,28793,
393.75194871813045,70702,171,336,28794,
393.7596186157476,70701,172,336,28794,
393.76427912910674,70701,172,335,28795,
393.766123880897,70701,171,336,28795,
393.7700894291789,70701,170,337,28795,
393.7837977715664,70701,170,336,28796,
393.7842927399723,70701,170,335,28797,
393.7877024190177,70701,170,334,28798,
393.7981550694506,70701,169,335,28798,
393.8074869843706,70701,169,334,28799,
393.8081349060919,70701,169,333,28800,
393.80837367451124,70701,168,334,28800,
393.8199747627312,70700,169,334,28800,
393.8241004522357,70700,168,335,28800,
393.82637426249875,70700,167,336,28800,
393.8328590207343,70700,166,337,28800,
393.8578776652923,70700,165,338,28800,
393.8629880003531,70700,165,337,28801,
393.8745713975027,70699,166,337,28801,
393.8965927525981,70698,167,337,28801,
393.90142253729044,70698,167,336,28802,
393.9111238038149,70698,166,337,28802,
393.91920138486864,70698,166,336,28803,
393.9194783824639,70698,166,335,28804,
393.9341243632919,70697,167,335,28804,
393.9362238701754,70696,168,335,28804,
393.94379886007965,70696,168,334,28805,
393.9480382643731,70696,167,335,28805,
393.9540078759888,70696,167,334,28806,
393.9838732256797,70695,168,334,28806,
393.99271891228324,70695,167,335,28806,
393.99520870080636,70695,166,336,28806,
393.99875673793366,70695,165,337,28806,
394.0078663666158,70694,166,337,28806,
394.02359711449037,70694,166,336,28807,
394.02437140975786,70694,165,337,28807,
394.0466583384169,70694,164,338,28807,
394.0607896768095,70693,165,338,28807,
394.07151794496207,70693,165,337,28808,
394.07151794496207,70693,165,337,28808,
394.08021437813136,70692,166,337,28808,
394.1121625876068,70692,166,336,28809,
394.11337517130687,70692,166,335,28810,
394.11779842791157,70691,167,335,28810,
394.12539600811914,70691,167,334,28811,
394.14480770905305,70691,167,333,28812,
394.1450031997077,70690,168,333,28812,
394.1488122676132,70690,167,334,28812,
394.15320412879964,70690,166,335,28812,
394.1540835612503,70689,167,335,28812,
394.1565944604741,70689,166,336,28812,
394.16599577937694,70689,166,335,28813,
394.1702921995864,70689,166,334,28814,
394.1805434873485,70689,166,333,28815,
394.1817423751467,70689,166,332,28816,
394.1846814149476,70689,166,331,28817,
394.2029776394243,70689,165,332,28817,
394.2031688768619,70688,166,332,28817,
394.2044910422982,70688,166,331,28818,
394.2125776654815,70688,166,330,28819,
394.2139570430812,70688,166,329,28820,
394.2230062305687,70688,165,330,28820,
394.2719971771,70688,164,331,28820,
394.27584773329374,70688,163,332,28820,
394.30218332121456,70688,163,331,28821,
394.3392166568526,70688,163,330,28822,
394.3436939810463,70687,164,330,28822,
394.3466113095563,70687,163,331,28822,
394.34940187156957,70687,163,330,28823,
394.3659264283164,70686,164,330,28823,
394.38344090536134,70686,163,331,28823,
394.39365865774465,70686,162,332,28823,
394.4015942082008,70686,162,331,28824,
394.4162417152912,70686,162,330,28825,
394.42608581212943,70686,161,331,28825,
394.4416784233304,70686,160,332,28825,
394.4503368139161,70685,161,332,28825,
394.49820694634417,70685,160,333,28825,
394.5177571409323,70685,160,332,28826,
394.5273190601532,70684,161,332,28826,
394.532887846578,70684,161,331,28827,
394.5365602715804,70684,160,332,28827,
394.5381373482752,70684,160,331,28828,
394.5395975419221,70683,161,331,28828,
394.5529752002439,70683,160,332,28828,
394.55703565852855,70683,160,331,28829,
394.5642026132726,70683,160,330,28830,
394.57231767343376,70683,160,329,28831,
394.58368494420586,70683,159,330,28831,
394.6199745610356,70683,158,331,28831,
394.6269518709943,70683,157,332,28831,
394.6341027906627,70683,156,333,28831,
394.6466573106646,70683,155,334,28831,
394.64958586708354,70683,155,333,28832,
394.6841351712989,70683,155,332,28833,
394.68473286309734,70682,156,332,28833,
394.6893695345181,70682,156,331,28834,
394.69155921082773,70682,156,330,28835,
394.7142986512551,70682,156,329,28836,
394.7470624101465,70682,155,330,28836,
394.75405435545906,70681,156,330,28836,
394.75995386430156,70680,157,330,28836,
394.76077428165013,70680,157,329,28837,
394.7633680703217,70679,158,329,28837,
394.76513347160716,70679,157,330,28837,
394.78121008389536,70678,158,330,28837,
394.8004769247812,70678,157,331,28837,
394.80346881561087,70678,156,332,28837,
394.83344565753345,70678,155,333,28837,
394.84135543299334,70678,154,334,28837,
394.8878053130848,70678,154,333,28838,
394.8905488465932,70678,154,332,28839,
394.91493656339605,70678,154,331,28840,
394.91846985655076,70678,154,330,28841,
394.92061075805685,70678,153,331,28841,
394.9220679957584,70678,153,330,28842,
394.9316914937955,70678,153,329,28843,
394.98747314778836,70677,154,329,28843,
394.9960791644327,70677,153,330,28843,
394.9962002197301,70677,153,329,28844,
395.00197052158654,70676,154,329,28844,
395.0030239610267,70676,154,328,28845,
395.01864481620237,70675,155,328,28845,
395.02443721486145,70675,154,329,28845,
395.03468586753564,70675,153,330,28845,
395.0431530989688,70674,154,330,28845,
395.0556933654909,70674,154,329,28846,
395.0736917889106,70673,155,329,28846,
395.0803808311295,70673,155,328,28847,
395.0909873195796,70673,155,327,28848,
395.09763301106483,70672,156,327,28848,
395.1033303268288,70672,156,326,28849,
395.10552924346814,70672,156,325,28850,
395.10652060592224,70672,156,324,28851,
395.10731512483693,70672,155,325,28851,
395.1086649042724,70671,156,325,28851,
395.11905626217464,70671,156,324,28852,
395.1190825087611,70670,157,324,28852,
395.12000790414135,70670,157,323,28853,
395.12061714458866,70670,157,322,28854,
395.12630572685197,70669,158,322,28854,
395.1294597623928,70669,157,323,28854,
395.1343831438612,70669,157,322,28855,
395.1346543880116,70669,156,323,28855,
395.13716935029464,70669,155,324,28855,
395.16406028858484,70668,156,324,28855,
395.1773373559177,70668,156,323,28856,
395.1783546216928,70668,156,322,28857,
395.1816255502359,70668,156,321,28858,
395.1902696956695,70667,157,321,28858,
395.1989874637298,70667,157,320,28859,
395.2028223185576,70667,157,319,28860,
395.2203506998783,70666,158,319,28860,
395.23327232924015,70665,159,319,28860,
395.24013311434544,70665,158,320,28860,
395.26437441121294,70665,158,319,28861,
395.2762247291787,70664,159,319,28861,
395.279072781847,70664,158,320,28861,
395.33038723018933,70664,158,319,28862,
395.3342385102273,70663,159,319,28862,
395.3391224269461,70662,160,319,28862,
395.3468120755347,70661,161,319,28862,
395.3480262791669,70661,161,318,28863,
395.3497317045915,70660,162,318,28863,
395.368387404968,70660,161,319,28863,
395.38297999924777,70660,161,318,28864,
395.4018696624298,70660,161,317,28865,
395.40695305062485,70660,160,318,28865,
395.4089638512948,70660,159,319,28865,
395.4097577775581,70660,159,318,28866,
395.4497276017413,70660,158,319,28866,
395.4535780396333,70660,158,318,28867,
395.463008704675,70660,158,317,28868,
395.5145525200662,70660,157,318,28868,
395.51939340791705,70659,158,318,28868,
395.5241892515929,70658,159,318,28868,
395.5280857489867,70658,158,319,28868,
395.55199088821803,70657,159,319,28868,
395.5556620645187,70657,158,320,28868,
395.5690425388514,70657,157,321,28868,
395.5699560521052,70657,157,320,28869,
395.58702985534524,70657,156,321,28869,
395.588790025533,70657,155,322,28869,
395.5974121164129,70656,156,322,28869,
395.60933627449526,70656,156,321,28870,
395.622629907484,70656,155,322,28870,
395.6361011706573,70656,154,323,28870,
395.63757946497185,70656,154,322,28871,
395.6845361576001,70655,155,322,28871,
395.69152276103455,70655,154,323,28871,
395.7405009791537,70655,153,324,28871,
395.74169361398714,70655,153,323,28872,
395.74472744358474,70655,152,324,28872,
395.74789841792864,70654,153,324,28872,
395.77177059179115,70653,154,324,28872,
395.7765863632833,70653,154,323,28873,
395.79680081043824,70653,153,324,28873,
395.80579000015524,70653,153,323,28874,
395.8092598039346,70653,153,322,28875,
395.8139412448889,70652,154,322,28875,
395.8173106045453,70651,155,322,28875,
395.8333161099692,70651,154,323,28875,
395.8500503617777,70650,155,323,28875,
395.852320764593,70650,155,322,28876,
395.87175943404947,70649,156,322,28876,
395.87505867506576,70649,155,323,28876,
395.9118475232122,70649,154,324,28876,
395.9266188315794,70649,153,325,28876,
395.9475871583393,70649,153,324,28877,
395.95279247740825,70649,153,323,28878,
395.95376108356004,70648,154,323,28878,
395.95469383025494,70647,155,323,28878,
395.960124322941,70647,155,322,28879,
395.96317131787026,70646,156,322,28879,
395.9709779940954,70645,157,322,28879,
395.9760578655498,70645,157,321,28880,
395.99088547949117,70644,158,321,28880,
395.9941025726246,70643,159,321,28880,
396.0144974053321,70643,159,320,28881,
396.0182759185445,70643,159,319,28882,
396.04000327613755,70643,159,318,28883,
396.05128829341686,70642,160,318,28883,
396.0518105030459,70642,160,317,28884,
396.0578303278757,70641,161,317,28884,
396.06171670698194,70641,160,318,28884,
396.07251364758247,70641,160,317,28885,
396.0892805573487,70641,160,316,28886,
396.0984007269623,70640,161,316,28886,
396.1142346115956,70640,161,315,28887,
396.118001874956,70639,162,315,28887,
396.1502682485795,70639,161,316,28887,
396.160110888662,70638,162,316,28887,
396.1706820587778,70638,162,315,28888,
396.2024101985904,70637,163,315,28888,
396.206883074691,70637,163,314,28889,
396.209784282323,70636,164,314,28889,
396.2180042487611,70636,163,315,28889,
396.23619798702214,70635,164,315,28889,
396.24046705486614,70634,165,315,28889,
396.2455466466294,70633,166,315,28889,
396.2685355465415,70633,166,314,28890,
396.2726701579561,70632,167,314,28890,
396.2736792190901,70632,166,315,28890,
396.276537770672,70632,165,316,28890,
396.3002397826874,70632,164,317,28890,
396.3003214200668,70632,163,318,28890,
396.30491563044825,70632,162,319,28890,
396.33784650409103,70632,161,320,28890,
396.3462265564466,70631,162,320,28890,
396.3761842899103,70631,162,319,28891,
396.3772574919334,70631,162,318,28892,
396.38526544403885,70631,162,317,28893,
396.3858142977984,70631,162,316,28894,
396.3910099960398,70630,163,316,28894,
396.409780633053,70629,164,316,28894,
396.4177466775814,70628,165,316,28894,
396.4193930802671,70628,165,315,28895,
396.43942199811556,70628,165,314,28896,
396.4611545136131,70627,166,314,28896,
396.46158321497063,70626,167,314,28896,
396.46348937633564,70626,166,315,28896,
396.46656372029196,70626,165,316,28896,
396.4790710064985,70626,164,317,28896,
396.54606498206135,70626,163,318,28896,
396.5461688872392,70625,164,318,28896,
396.5463048870461,70624,165,318,28896,
396.55021635431655,70623,166,318,28896,
396.55101348460454,70622,167,318,28896,
396.5542237892307,70621,168,318,28896,
396.55982216633146,70620,169,318,28896,
396.57873950572747,70620,168,319,28896,
396.5791137303095,70620,168,318,28897,
396.5831347258459,70620,168,317,28898,
396.58541892743864,70620,168,316,28899,
396.59736930635006,70619,169,316,28899,
396.59814421324023,70619,169,315,28900,
396.61720041349196,70619,168,316,28900,
396.627558022168,70618,169,316,28900,
396.6325662844659,70617,170,316,28900,
396.6449362806379,70617,170,315,28901,
396.649493436894,70617,170,314,28902,
396.65458046125485,70617,170,313,28903,
396.6594605689243,70617,169,314,28903,
396.65963520365517,70617,169,313,28904,
396.66453089567483,70616,170,313,28904,
396.66499255502094,70615,171,313,28904,
396.66891892847997,70615,170,314,28904,
396.6810614258857,70615,170,313,28905,
396.6817502309202,70615,169,314,28905,
396.69329080271666,70615,168,315,28905,
396.7100858294107,70615,167,316,28905,
396.7208318223596,70615,166,317,28905,
396.7230045637035,70615,166,316,28906,
396.7278678478123,70614,167,316,28906,
396.7571749710839,70614,166,317,28906,
396.77574209463836,70614,166,316,28907,
396.7777550175833,70613,167,316,28907,
396.7844081083548,70612,168,316,28907,
396.787017611245,70612,167,317,28907,
396.7871618660756,70611,168,317,28907,
396.8062111667364,70611,168,316,28908,
396.81045054424294,70611,167,317,28908,
396.81821693994885,70611,167,316,28909,
396.8267936144836,70610,168,316,28909,
396.8311584936282,70609,169,316,28909,
396.83579007344434,70609,168,317,28909,
396.87295376711546,70608,169,317,28909,
396.87404413298447,70607,170,317,28909,
396.90087291830497,70607,169,318,28909,
396.90707552820385,70607,168,319,28909,
396.9281373188873,70606,169,319,28909,
396.93042042819343,70606,168,320,28909,
396.93709746814295,70606,167,321,28909,
396.95663576997424,70606,166,322,28909,
396.969022788482,70606,165,323,28909,
396.9693506900947,70606,165,322,28910,
396.9863528128881,70606,164,323,28910,
396.98784774272724,70606,164,322,28911,
396.99349123321406,70606,164,321,28912,
397.00739973678947,70606,164,320,28913,
397.0315416479695,70606,163,321,28913,
397.0389725280611,70606,162,322,28913,
397.0993633102346,70606,162,321,28914,
397.10613479828,70606,161,322,28914,
397.1353962728333,70606,161,321,28915,
397.16999924936124,70606,160,322,28915,
397.17189247935437,70606,159,323,28915,
397.18443753476964,70606,159,322,28916,
397.18672806221355,70606,158,323,28916,
397.1903108383362,70605,159,323,28916,
397.1922242010991,70604,160,323,28916,
397.1966390217865,70604,159,324,28916,
397.2067060261396,70604,158,325,28916,
397.21103585885555,70603,159,325,28916,
397.21836460294134,70603,159,324,28917,
397.2386020452025,70603,159,323,28918,
397.23900751063627,70602,160,323,28918,
397.2446544640747,70601,161,323,28918,
397.2530304430559,70601,160,324,28918,
397.2878351724708,70600,161,324,28918,
397.29240996489665,70599,162,324,28918,
397.30172991671645,70599,161,325,28918,
397.30670495032007,70598,162,325,28918,
397.3080173249736,70597,163,325,28918,
397.31492082413575,70597,162,326,28918,
397.317242439414,70597,162,325,28919,
397.334959952613,70597,162,324,28920,
397.33593981715535,70596,163,324,28920,
397.34141383644186,70595,164,324,28920,
397.3421899804833,70595,164,323,28921,
397.34894038804185,70594,165,323,28921,
397.35109549666714,70594,165,322,28922,
397.3585982560192,70594,165,321,28923,
397.3612134085237,70594,165,320,28924,
397.362607570063,70594,165,319,28925,
397.38195354867304,70594,165,318,28926,
397.3972162622721,70594,165,317,28927,
397.40357281524837,70594,164,318,28927,
397.4172274639704,70594,163,319,28927,
397.42292188284375,70594,163,318,28928,
397.45019801756405,70594,163,317,28929,
397.4533360633592,70594,162,318,28929,
397.453931372891,70594,161,319,28929,
397.4584492686226,70594,160,320,28929,
397.4596611482927,70594,160,319,28930,
397.48042686844644,70594,160,318,28931,
397.4934104586656,70594,160,317,28932,
397.50795414260074,70594,159,318,28932,
397.51269409136,70594,158,319,28932,
397.5177841940198,70593,159,319,28932,
397.52558112708,70592,160,319,28932,
397.5287801622906,70592,159,320,28932,
397.53836787980003,70592,159,319,28933,
397.53990422433645,70591,160,319,28933,
397.5552054058575,70591,159,320,28933,
397.5686705506833,70591,159,319,28934,
397.6099113799387,70591,159,318,28935,
397.6132391092142,70590,160,318,28935,
397.6176844038782,70590,160,317,28936,
397.62057518420664,70589,161,317,28936,
397.6433011620425,70589,161,316,28937,
397.66660079515526,70589,161,315,28938,
397.68836800615514,70589,161,314,28939,
397.6914908149713,70589,161,313,28940,
397.69575155583186,70589,160,314,28940,
397.69627772751574,70589,160,313,28941,
397.70773597727475,70589,159,314,28941,
397.7366234973826,70588,160,314,28941,
397.75214254843917,70588,160,313,28942,
397.76181328398565,70588,160,312,28943,
397.764850025223,70588,160,311,28944,
397.76661575833833,70588,159,312,28944,
397.77722327549566,70587,160,312,28944,
397.77765726608243,70586,161,312,28944,
397.78510407022185,70586,160,313,28944,
397.7935916141127,70586,160,312,28945,
397.80481434300344,70586,160,311,28946,
397.8234009268423,70586,159,312,28946,
397.82347455442505,70586,159,311,28947,
397.8368477088341,70586,159,310,28948,
397.83774307213696,70586,159,309,28949,
397.8688546594892,70586,159,308,28950,
397.86977987176334,70586,159,307,28951,
397.8781274928106,70585,160,307,28951,
397.88533492462074,70584,161,307,28951,
397.895736874838,70584,161,306,28952,
397.91534104733887,70584,160,307,28952,
397.9290253873865,70583,161,307,28952,
397.95645177011653,70583,161,306,28953,
397.977095920625,70583,161,305,28954,
397.9828815563132,70583,160,306,28954,
397.9924569688198,70583,160,305,28955,
398.0029570547226,70583,159,306,28955,
398.0189442304388,70583,158,307,28955,
398.02743371583387,70582,159,307,28955,
398.041112176733,70582,159,306,28956,
398.0532902644793,70582,159,305,28957,
398.0626587555838,70582,158,306,28957,
398.0815527962211,70582,157,307,28957,
398.08498507339453,70582,157,306,28958,
398.0859375176955,70581,158,306,28958,
398.0972205081565,70580,159,306,28958,
398.10359817200515,70580,159,305,28959,
398.1295721314693,70580,158,306,28959,
398.1353460469991,70579,159,306,28959,
398.15024543232033,70579,159,305,28960,
398.16087116286326,70578,160,305,28960,
398.1615377591467,70578,160,304,28961,
398.1621806126817,70577,161,304,28961,
398.16579038203207,70577,161,303,28962,
398.1752001438813,70576,162,303,28962,
398.1820529979882,70576,161,304,28962,
398.18697771755365,70576,161,303,28963,
398.1965700006798,70576,161,302,28964,
398.2133848929653,70575,162,302,28964,
398.22530528527795,70575,162,301,28965,
398.2330995896822,70575,162,300,28966,
398.23526519216097,70574,163,300,28966,
398.23875606598773,70574,163,299,28967,
398.2538830071515,70574,162,300,28967,
398.27444418155034,70573,163,300,28967,
398.28059485465116,70573,163,299,28968,
398.2894916603021,70573,162,300,28968,
398.30109571967466,70573,162,299,28969,
398.3317189579469,70572,163,299,28969,
398.3526410802229,70571,164,299,28969,
398.38687222495935,70571,164,298,28970,
398.3876851095976,70571,164,297,28971,
398.3878764620054,70571,164,296,28972,
398.4038289364538,70571,164,295,28973,
398.4151422825224,70571,163,296,28973,
398.41677329638156,70570,164,296,28973,
398.43001293940387,70570,163,297,28973,
398.43486255748655,70569,164,297,28973,
398.4378392054436,70569,164,296,28974,
398.4615281047082,70569,164,295,28975,
398.4787068917177,70569,163,296,28975,
398.48587812416264,70569,163,295,28976,
398.4960747853309,70569,162,296,28976,
398.4965772015848,70569,161,297,28976,
398.5242555325052,70569,160,298,28976,
398.55267535752114,70569,160,297,28977,
398.576271991154,70569,159,298,28977,
398.58401069324594,70569,158,299,28977,
398.5865200784825,70569,158,298,28978,
398.59466113792325,70569,158,297,28979,
398.5986522799838,70568,159,297,28979,
398.6049907141778,70568,159,296,28980,
398.6219853701249,70568,159,295,28981,
398.63064506749726,70568,158,296,28981,
398.6336303362156,70568,157,297,28981,
398.6397784142567,70568,156,298,28981,
398.6441882294945,70567,157,298,28981,
398.64455448047613,70567,157,297,28982,
398.6456720344424,70566,158,297,28982,
398.66505035613613,70565,159,297,28982,
398.68516415384914,70565,159,296,28983,
398.6915227800952,70565,159,295,28984,
398.7012802680422,70565,159,294,28985,
398.70440026031986,70565,158,295,28985,
398.7047481182237,70565,158,294,28986,
398.70588551499975,70564,159,294,28986,
398.7062976493739,70564,159,293,28987,
398.7292271808812,70564,159,292,28988,
398.7334692788405,70563,160,292,28988,
398.7407208486225,70563,160,291,28989,
398.76010687853875,70563,160,290,28990,
398.7770797323373,70563,160,289,28991,
398.8065263567959,70562,161,289,28991,
398.8258658066207,70562,161,288,28992,
398.82737104150505,70561,162,288,28992,
398.83991063464003,70560,163,288,28992,
398.8486559958835,70560,163,287,28993,
398.8646077178677,70560,163,286,28994,
398.8725510823485,70559,164,286,28994,
398.8775964438097,70559,164,285,28995,
398.8855660470461,70559,164,284,28996,
398.9009231240551,70559,164,283,28997,
398.92266494870165,70559,164,282,28998,
398.92540624009854,70559,163,283,28998,
398.9666076694782,70558,164,283,28998,
398.96719933383474,70558,163,284,28998,
398.97138746165825,70558,163,283,28999,
398.9928366253285,70558,163,282,29000,
398.9935985439313,70558,163,281,29001,
399.02408991722706,70558,163,280,29002,
399.05187041356527,70558,162,281,29002,
399.0768481660137,70558,162,280,29003,
399.09455042119646,70558,161,281,29003,
399.11132187867463,70557,162,281,29003,
399.1309375323672,70557,162,280,29004,
399.14186763584723,70556,163,280,29004,
399.1643993057991,70556,163,279,29005,
399.18114896634347,70556,162,280,29005,
399.1812929819824,70556,162,279,29006,
399.19503656246724,70555,163,279,29006,
399.19889836028096,70554,164,279,29006,
399.19990368214627,70554,163,280,29006,
399.19993806357166,70554,163,279,29007,
399.20599231753636,70554,162,280,29007,
399.2117655793588,70554,161,281,29007,
399.21497781187634,70554,161,280,29008,
399.2194214875684,70554,160,281,29008,
399.23640010349806,70554,159,282,29008,
399.23730288673414,70554,158,283,29008,
399.2730492636484,70554,157,284,29008,
399.27664698113585,70553,158,284,29008,
399.30884086671676,70553,157,285,29008,
399.3215340196522,70552,158,285,29008,
399.33186812358605,70551,159,285,29008,
399.34694615771485,70551,159,284,29009,
399.3585451539994,70550,160,284,29009,
399.36478349610906,70549,161,284,29009,
399.37269555808075,70548,162,284,29009,
399.374775120601,70548,162,283,29010,
399.3919308006429,70548,162,282,29011,
399.3967754770397,70548,161,283,29011,
399.4088977726538,70548,161,282,29012,
399.43583664511243,70548,160,283,29012,
399.43596701098403,70548,160,282,29013,
399.4409756340536,70548,159,283,29013,
399.4599567763427,70548,158,284,29013,
399.4615109225394,70548,158,283,29014,
399.46849030376194,70548,158,282,29015,
399.4838892367002,70548,157,283,29015,
399.5012125172426,70547,158,283,29015,
399.5022789934395,70547,157,284,29015,
399.50564070300726,70547,156,285,29015,
399.50629837907786,70547,155,286,29015,
399.56393776444764,70547,155,285,29016,
399.57465282375694,70547,155,284,29017,
399.588102361421,70547,154,285,29017,
399.59599804748996,70547,153,286,29017,
399.6021915746469,70546,154,286,29017,
399.6102111046817,70546,154,285,29018,
399.61917937763627,70546,154,284,29019,
399.62776694476685,70545,155,284,29019,
399.6426314744894,70545,155,283,29020,
399.6525581281441,70544,156,283,29020,
399.65688263963045,70544,155,284,29020,
399.6602394105623,70543,156,284,29020,
399.66518956938603,70542,157,284,29020,
399.6963723296525,70542,156,285,29020,
399.7000273305713,70542,155,286,29020,
399.7037125905705,70542,155,285,29021,
399.70654847053316,70542,154,286,29021,
399.7095881277229,70542,154,285,29022,
399.71113461072224,70542,153,286,29022,
399.7236280695553,70542,153,285,29023,
399.72953314772036,70542,153,284,29024,
399.7408481077231,70542,152,285,29024,
399.74193659881524,70542,151,286,29024,
399.79239565842755,70541,152,286,29024,
399.80244037996636,70541,151,287,29024,
399.8088335194126,70540,152,287,29024,
399.85459060947585,70540,151,288,29024,
399.8682637757143,70540,151,287,29025,
399.87362491206824,70539,152,287,29025,
399.88243172517383,70539,152,286,29026,
399.88426902755543,70539,152,285,29027,
399.9019562985227,70538,153,285,29027,
399.9034158649355,70538,153,284,29028,
399.9293421032912,70538,153,283,29029,
399.9341059784691,70538,152,284,29029,
399.9483418206277,70537,153,284,29029,
399.95843015404137,70537,153,283,29030,
399.9588911163454,70537,152,284,29030,
399.95977191317746,70537,151,285,29030,
399.99233104031015,70537,150,286,29030,
399.99532177014345,70536,151,286,29030,
399.9953739774361,70536,151,285,29031,
399.9973640162615,70536,151,284,29032,
400.00218187453925,70535,152,284,29032,
400.0233233613114,70534,153,284,29032,
400.0460998399319,70534,152,285,29032,
400.065009257787,70533,153,285,29032,
400.06540383514533,70532,154,285,29032,
400.07077293707994,70532,153,286,29032,
400.0776565299529,70532,152,287,29032,
400.0830400964343,70532,151,288,29032,
400.08380543984697,70532,151,287,29033,
400.12561375071994,70531,152,287,29033,
400.12846069357124,70531,151,288,29033,
400.1446245606048,70531,150,289,29033,
400.14581763505987,70531,150,288,29034,
400.14607044024285,70531,150,287,29035,
400.14995051600994,70531,150,286,29036,
400.1508543920492,70531,150,285,29037,
400.1523820324415,70531,150,284,29038,
400.1564803767412,70530,151,284,29038,
400.16149780746906,70530,151,283,29039,
400.16416253831164,70529,152,283,29039,
400.16441705708985,70528,153,283,29039,
400.16791969580913,70527,154,283,29039,
400.17626988133753,70527,153,284,29039,
400.18201551544297,70527,153,283,29040,
400.2005422733562,70527,153,282,29041,
400.207237479389,70527,152,283,29041,
400.23988001013953,70527,152,282,29042,
400.246293275176,70527,152,281,29043,
400.2518372640733,70527,151,282,29043,
400.25369397133727,70527,151,281,29044,
400.26225993014594,70526,152,281,29044,
400.2675697555721,70526,151,282,29044,
400.27755896882024,70526,151,281,29045,
400.2824078544725,70526,150,282,29045,
400.3024761603634,70526,149,283,29045,
400.31541435979733,70526,149,282,29046,
400.32820952730503,70525,150,282,29046,
400.33165771488933,70525,149,283,29046,
400.3365697420788,70525,148,284,29046,
400.3428835165737,70525,148,283,29047,
400.34897938991907,70525,148,282,29048,
400.35937943591534,70525,148,281,29049,
400.36052924906306,70525,148,280,29050,
400.36522433392855,70524,149,280,29050,
400.36969495452416,70524,149,279,29051,
400.3874731639519,70524,148,280,29051,
400.39182200422607,70523,149,280,29051,
400.3935675349674,70523,148,281,29051,
400.40342678246196,70523,148,280,29052,
400.40493785156133,70523,148,279,29053,
400.41362101298193,70523,147,280,29053,
400.42627374728136,70523,146,281,29053,
400.4281027707005,70522,147,281,29053,
400.4375127809813,70522,146,282,29053,
400.4441283743679,70521,147,282,29053,
400.4772253221168,70521,147,281,29054,
400.4967576309165,70520,148,281,29054,
400.5008103724328,70520,148,280,29055,
400.5048421806188,70520,147,281,29055,
400.5059742164594,70520,146,282,29055,
400.52812811798054,70519,147,282,29055,
400.53485101759117,70519,147,281,29056,
400.542553317556,70519,147,280,29057,
400.5484905469073,70519,147,279,29058,
400.5888893583166,70519,146,280,29058,
400.5908137605887,70519,146,279,29059,
400.60666380647785,70519,146,278,29060,
400.6071303007982,70519,145,279,29060,
400.61142390078373,70518,146,279,29060,
400.6120677865099,70518,146,278,29061,
400.61696246486724,70518,145,279,29061,
400.6242543361757,70518,144,280,29061,
400.6287115610399,70518,144,279,29062,
400.63708000860436,70518,144,278,29063,
400.642361802926,70518,143,279,29063,
400.66747466249774,70518,143,278,29064,
400.671424097808,70518,143,277,29065,
400.6990521334307,70518,143,276,29066,
400.7041800686111,70517,144,276,29066,
400.7055253436206,70517,144,275,29067,
400.71058573485965,70517,144,274,29068,
400.72909659215867,70517,144,273,29069,
400.73324706420215,70516,145,273,29069,
400.8033741606615,70515,146,273,29069,
400.80931706734924,70514,147,273,29069,
400.8178326640164,70514,147,272,29070,
400.83825790484923,70514,147,271,29071,
400.8563244460392,70514,146,272,29071,
400.86187047164145,70513,147,272,29071,
400.8875324749588,70513,146,273,29071,
400.90386465065444,70512,147,273,29071,
400.93164133031127,70511,148,273,29071,
401.01020269961276,70510,149,273,29071,
401.01102803657,70510,149,272,29072,
401.0111521473487,70510,149,271,29073,
401.0229616183218,70510,149,270,29074,
401.03774995777314,70509,150,270,29074,
401.0587581431976,70509,150,269,29075,
401.07129717864694,70508,151,269,29075,
401.07754630601636,70508,150,270,29075,
401.07843915571215,70508,150,269,29076,
401.08176881479716,70508,149,270,29076,
401.09379577892645,70508,149,269,29077,
401.09612848516076,70508,149,268,29078,
401.11816138386,70508,149,267,29079,
401.1266119713031,70507,150,267,29079,
401.1312339316869,70507,150,266,29080,
401.13248019432564,70507,150,265,29081,
401.15862425973035,70507,149,266,29081,
401.18835754524025,70507,148,267,29081,
401.1961115069528,70507,148,266,29082,
401.1961403922692,70506,149,266,29082,
401.22018512320983,70506,148,267,29082,
401.22863607187065,70506,148,266,29083,
401.23175705539785,70506,147,267,29083,
401.23358523769565,70505,148,267,29083,
401.23811081678747,70505,148,266,29084,
401.2438389758899,70504,149,266,29084,
401.26330732548666,70503,150,266,29084,
401.27190692631945,70503,150,265,29085,
401.2752282825889,70503,150,264,29086,
401.29109623407714,70503,149,265,29086,
401.3054180830114,70503,148,266,29086,
401.3283901880544,70502,149,266,29086,
401.3383593529829,70502,149,265,29087,
401.3485791274537,70502,148,266,29087,
401.35076070610216,70502,147,267,29087,
401.38317634565345,70502,147,266,29088,
401.4108082686278,70501,148,266,29088,
401.41616392900534,70500,149,266,29088,
401.4256032784572,70500,148,267,29088,
401.4257016845028,70500,148,266,29089,
401.46801314126645,70500,147,267,29089,
401.4862626582968,70500,147,266,29090,
401.4891780275709,70499,148,266,29090,
401.4900523070988,70499,148,265,29091,
401.4954249211899,70499,147,266,29091,
401.5012126142719,70499,147,265,29092,
401.541014341016,70499,147,264,29093,
401.54827697218343,70499,147,263,29094,
401.5567501348741,70499,147,262,29095,
401.5599777647484,70498,148,262,29095,
401.577826208142,70498,147,263,29095,
401.5788980732323,70497,148,263,29095,
401.579921740972,70497,148,262,29096,
401.60085387581296,70497,148,261,29097,
401.6158790969996,70496,149,261,29097,
401.6335912610865,70496,149,260,29098,
401.64088651591845,70496,149,259,29099,
401.67804476378757,70496,149,258,29100,
401.6855014893941,70495,150,258,29100,
401.692093573494,70495,150,257,29101,
401.6969540746273,70495,150,256,29102,
401.7354627633273,70494,151,256,29102,
401.7429030071083,70494,150,257,29102,
401.76264033165523,70494,149,258,29102,
401.7845676660943,70494,148,259,29102,
401.78695056115555,70494,148,258,29103,
401.79336655952164,70494,147,259,29103,
401.79723416291637,70494,146,260,29103,
401.80033875641317,70494,146,259,29104,
401.8031460293001,70494,146,258,29105,
401.8134978551067,70493,147,258,29105,
401.822388928665,70493,147,257,29106,
401.854564898806,70492,148,257,29106,
401.8601778862851,70491,149,257,29106,
401.877410990735,70490,150,257,29106,
401.8900220913382,70490,149,258,29106,
401.9031262543558,70490,148,259,29106,
401.9381984408247,70489,149,259,29106,
401.9452525719198,70489,149,258,29107,
401.9458483961636,70489,149,257,29108,
401.94627490163896,70489,148,258,29108,
401.96102960931717,70488,149,258,29108,
401.96680742430766,70488,149,257,29109,
401.9727408522415,70488,148,258,29109,
402.002210167691,70488,148,257,29110,
402.03139993350476,70488,147,258,29110,
402.03226668164643,70487,148,258,29110,
402.049469487618,70487,147,259,29110,
402.0674152742463,70487,147,258,29111,
402.11985347057794,70487,146,259,29111,
402.13691598468415,70487,146,258,29112,
402.1473656044913,70487,146,257,29113,
402.1519333986925,70487,145,258,29113,
402.1611749774709,70487,145,257,29114,
402.1739223108148,70487,144,258,29114,
402.18006421561626,70487,144,257,29115,
402.18226971650085,70487,143,258,29115,
402.22108607452725,70487,143,257,29116,
402.2261612154,70486,144,257,29116,
402.22767069379205,70486,144,256,29117,
402.23124975154394,70486,144,255,29118,
402.23912547365353,70486,143,256,29118,
402.2935349437574,70485,144,256,29118,
402.3090369774034,70485,144,255,29119,
402.30986389484974,70485,144,254,29120,
402.31511184700673,70484,145,254,29120,
402.3278464964617,70484,145,253,29121,
402.3752639963557,70484,145,252,29122,
402.3860018395368,70484,144,253,29122,
402.4220202195714,70483,145,253,29122,
402.42735889593166,70483,145,252,29123,
402.45974361155146,70483,144,253,29123,
402.47280103900135,70482,145,253,29123,
402.477550010986,70482,144,254,29123,
402.53227741788527,70482,144,253,29124,
402.53497035885647,70482,143,254,29124,
402.5358154442461,70482,143,253,29125,
402.5377063173025,70481,144,253,29125,
402.56383306966035,70481,144,252,29126,
402.5725786917794,70481,143,253,29126,
402.5823356976848,70480,144,253,29126,
402.6039104780301,70480,144,252,29127,
402.61249598055633,70480,143,253,29127,
402.61349491347784,70480,142,254,29127,
402.63583087743706,70480,141,255,29127,
402.6533456536972,70480,141,254,29128,
402.6683912592191,70479,142,254,29128,
402.6803252405805,70478,143,254,29128,
402.6813858759457,70478,142,255,29128,
402.6829642849868,70477,143,255,29128,
402.68767886503434,70477,142,256,29128,
402.70569297054993,70477,141,257,29128,
402.71139708961914,70477,140,258,29128,
402.72676750202834,70476,141,258,29128,
402.73260063577715,70476,140,259,29128,
402.7479210475933,70476,139,260,29128,
402.77806403472107,70476,139,259,29129,
402.78398022820033,70476,138,260,29129,
402.8211340090849,70475,139,260,29129,
402.84465773692887,70475,139,259,29130,
402.8737955288684,70474,140,259,29130,
402.8774318139779,70474,139,260,29130,
402.89031406589555,70474,138,261,29130,
402.93618418342555,70473,139,261,29130,
402.9413153445257,70473,139,260,29131,
402.94291839453797,70473,138,261,29131,
402.96222810007333,70473,137,262,29131,
402.9727021800238,70472,138,262,29131,
402.9832517750445,70471,139,262,29131,
402.99705616772985,70470,140,262,29131,
402.99806313619587,70470,139,263,29131,
402.9996196957397,70470,139,262,29132,
403.02317223648294,70470,139,261,29133,
403.04823710490433,70470,139,260,29134,
403.05961662375745,70470,139,259,29135,
403.08487185593407,70470,139,258,29136,
403.1074361952886,70470,138,259,29136,
403.11342916057055,70470,138,258,29137,
403.1190629630199,70470,138,257,29138,
403.1347510455107,70470,137,258,29138,
403.14366449969503,70469,138,258,29138,
403.1450115659243,70468,139,258,29138,
403.1635976449665,70468,138,259,29138,
403.16965012086615,70468,137,260,29138,
403.17253294536977,70467,138,260,29138,
403.17470387955467,70467,137,261,29138,
403.17817760245794,70466,138,261,29138,
403.1850207347933,70466,137,262,29138,
403.18721943436094,70466,137,261,29139,
403.18874367849503,70466,136,262,29139,
403.20250807040156,70465,137,262,29139,
403.22511826067665,70464,138,262,29139,
403.2655640650308,70464,138,261,29140,
403.2706006053237,70464,137,262,29140,
403.27445858008457,70464,137,261,29141,
403.2785007964439,70463,138,261,29141,
403.28215867654285,70463,138,260,29142,
403.28569240492016,70463,137,261,29142,
403.28885200315125,70463,137,260,29143,
403.3065759690917,70463,136,261,29143,
403.31708788120545,70463,136,260,29144,
403.3399088896148,70463,135,261,29144,
403.3432047406737,70462,136,261,29144,
403.36501554651767,70462,136,260,29145,
403.3737587069793,70462,136,259,29146,
403.3740120568805,70462,135,260,29146,
403.3818611292452,70462,135,259,29147,
403.392483995008,70462,134,260,29147,
403.40140581555283,70462,133,261,29147,
403.4163829343404,70462,132,262,29147,
403.4180906652883,70462,131,263,29147,
403.4302448414402,70462,130,264,29147,
403.441816736475,70461,131,264,29147,
403.4559230019852,70461,131,263,29148,
403.4577062223873,70461,130,264,29148,
403.4585862351757,70461,129,265,29148,
403.46260178228596,70461,129,264,29149,
403.4738547299309,70461,129,263,29150,
403.47400604935353,70461,129,262,29151,
403.4791237664321,70461,128,263,29151,
403.48395131425093,70461,128,262,29152,
403.5071006746124,70461,128,261,29153,
403.5359284474026,70460,129,261,29153,
403.5496796836087,70459,130,261,29153,
403.55415020868605,70459,129,262,29153,
403.56843203619957,70458,130,262,29153,
403.5949827237274,70458,130,261,29154,
403.59726596733367,70457,131,261,29154,
403.5987335017342,70457,130,262,29154,
403.6016853093825,70456,131,262,29154,
403.60194930015217,70456,130,263,29154,
403.6051553920496,70456,130,262,29155,
403.61051583428855,70456,130,261,29156,
403.64698195860007,70455,131,261,29156,
403.6552146122287,70454,132,261,29156,
403.6556818163908,70454,132,260,29157,
403.65696842998335,70453,133,260,29157,
403.6804881640405,70453,133,259,29158,
403.6858082036663,70452,134,259,29158,
403.68994521424395,70451,135,259,29158,
403.6920161440355,70451,135,258,29159,
403.6962572371958,70451,134,259,29159,
403.69713977035644,70451,134,258,29160,
403.7179212494896,70450,135,258,29160,
403.75277334301234,70450,134,259,29160,
403.8048753796369,70449,135,259,29160,
403.81145829051644,70449,135,258,29161,
403.8169993869774,70449,135,257,29162,
403.8342117429808,70449,135,256,29163,
403.85380182724276,70449,135,255,29164,
403.8581276964217,70449,135,254,29165,
403.8723523542419,70449,134,255,29165,
403.88067730024125,70448,135,255,29165,
403.89093348886615,70448,134,256,29165,
403.892210137921,70448,133,257,29165,
403.902177503446,70448,133,256,29166,
403.9035671079473,70448,132,257,29166,
403.90464571264295,70448,131,258,29166,
403.91785160955067,70448,130,259,29166,
403.91805227729225,70448,129,260,29166,
403.92934092390334,70448,129,259,29167,
403.9318951790158,70448,129,258,29168,
403.9370940396152,70448,129,257,29169,
403.9389112676551,70448,128,258,29169,
403.95343954989346,70448,128,257,29170,
403.9638155487736,70448,128,256,29171,
403.97943964113006,70448,128,255,29172,
403.9867838405921,70447,129,255,29172,
403.99155834353263,70446,130,255,29172,
404.00611073766805,70446,130,254,29173,
404.01925609036766,70446,129,255,29173,
404.02378336868,70446,129,254,29174,
404.0241888003906,70446,128,255,29174,
404.02671844389516,70445,129,255,29174,
404.0417695275983,70445,129,254,29175,
404.073077187908,70445,128,255,29175,
404.07720054891365,70444,129,255,29175,
404.0793181631902,70444,128,256,29175,
404.09656026000044,70443,129,256,29175,
404.10297214113444,70443,128,257,29175,
404.10728357494247,70443,128,256,29176,
404.1211684380957,70443,127,257,29176,
404.13624679601054,70443,127,256,29177,
404.15400941661284,70442,128,256,29177,
404.15437626106734,70441,129,256,29177,
404.1546513846455,70441,128,257,29177,
404.1802182174647,70441,128,256,29178,
404.1855986995909,70441,128,255,29179,
404.21058154964544,70441,128,254,29180,
404.2111988742876,70441,128,253,29181,
404.2395378786288,70441,128,252,29182,
404.2429049098598,70441,128,251,29183,
404.26685028647864,70441,128,250,29184,
404.27525620807234,70440,129,250,29184,
404.2798267938913,70439,130,250,29184,
404.31535532353365,70438,131,250,29184,
404.33503128124215,70438,131,249,29185,
404.35326027701603,70438,130,250,29185,
404.3605041488583,70438,129,251,29185,
404.3651478635425,70438,129,250,29186,
404.366409539117,70437,130,250,29186,
404.3742805310742,70437,130,249,29187,
404.3873245603994,70437,130,248,29188,
404.39079091649194,70437,130,247,29189,
404.39875066136455,70437,129,248,29189,
404.4012232969715,70436,130,248,29189,
404.4125639825362,70435,131,248,29189,
404.4728923916923,70435,131,247,29190,
404.4763659141563,70435,131,246,29191,
404.489210090312,70435,131,245,29192,
404.48949957629236,70435,131,244,29193,
404.5048473861067,70435,131,243,29194,
404.51041362539837,70435,130,244,29194,
404.5274462283793,70434,131,244,29194,
404.54013518566086,70434,130,245,29194,
404.5576272875918,70434,129,246,29194,
404.5782707197029,70434,129,245,29195,
404.59446060190186,70434,128,246,29195,
404.65736359958026,70433,129,246,29195,
404.6607971509611,70432,130,246,29195,
404.6678005001325,70432,129,247,29195,
404.707319133977,70432,129,246,29196,
404.72217870982337,70432,129,245,29197,
404.77569285187116,70432,129,244,29198,
404.7766088493455,70432,128,245,29198,
404.7786424176524,70431,129,245,29198,
404.7913709464627,70431,129,244,29199,
404.79683027281686,70430,130,244,29199,
404.79867209692173,70429,131,244,29199,
404.8164298156594,70428,132,244,29199,
404.8258330403735,70427,133,244,29199,
404.8389068197843,70426,134,244,29199,
404.85439467416444,70426,134,243,29200,
404.86490906391816,70425,135,243,29200,
404.8817568624651,70425,134,244,29200,
404.8828942888369,70424,135,244,29200,
404.93695941713327,70424,135,243,29201,
404.98548278525425,70423,136,243,29201,
405.02920951193937,70423,136,242,29202,
405.03445686201644,70422,137,242,29202,
405.03907266752867,70422,137,241,29203,
405.05807176499235,70421,138,241,29203,
405.07530028204496,70421,138,240,29204,
405.07709679556035,70421,138,239,29205,
405.08516457785214,70421,138,238,29206,
405.0869539343887,70421,138,237,29207,
405.09199893720915,70421,137,238,29207,
405.11683570020534,70420,138,238,29207,
405.1221709771768,70419,139,238,29207,
405.1229379765735,70419,138,239,29207,
405.1549228481665,70419,138,238,29208,
405.1568102841387,70419,137,239,29208,
405.17312604550017,70419,136,240,29208,
405.1869672918502,70418,137,240,29208,
405.18697176513854,70417,138,240,29208,
405.19567952384784,70417,137,241,29208,
405.2008535805596,70417,137,240,29209,
405.2103608209309,70416,138,240,29209,
405.21106513612403,70416,138,239,29210,
405.2447722755411,70415,139,239,29210,
405.2516209433718,70415,139,238,29211,
405.2573534716718,70415,139,237,29212,
405.2834848706675,70415,139,236,29213,
405.28606332318685,70414,140,236,29213,
405.29702655947165,70414,139,237,29213,
405.30622351642563,70414,138,238,29213,
405.31118262685555,70414,137,239,29213,
405.3364311316973,70413,138,239,29213,
405.3712592939686,70413,138,238,29214,
405.3970111547556,70413,138,237,29215,
405.4151627703397,70412,139,237,29215,
405.43474362568844,70412,139,236,29216,
405.4358854646292,70412,138,237,29216,
405.44496920958744,70412,138,236,29217,
405.448216908137,70412,138,235,29218,
405.48611334612514,70412,138,234,29219,
405.4910225746291,70411,139,234,29219,
405.510709431709,70411,139,233,29220,
405.51371075433445,70410,140,233,29220,
405.51670838434126,70410,139,234,29220,
405.5332353072247,70409,140,234,29220,
405.55842103419366,70409,139,235,29220,
405.5734598549601,70408,140,235,29220,
405.59643853927327,70408,140,234,29221,
405.63237622419945,70408,139,235,29221,
405.66212192749947,70408,139,234,29222,
405.67687174119567,70408,139,233,29223,
405.6886272291146,70408,138,234,29223,
405.6988238239063,70407,139,234,29223,
405.72043923588217,70406,140,234,29223,
405.7249622456118,70406,139,235,29223,
405.7412074261072,70406,139,234,29224,
405.792781255242,70406,138,235,29224,
405.79733848881574,70406,137,236,29224,
405.805113099749,70406,136,237,29224,
405.81432321459226,70406,135,238,29224,
405.82309265062304,70405,136,238,29224,
405.8269280888892,70404,137,238,29224,
405.8378673093989,70404,137,237,29225,
405.8471172125736,70404,136,238,29225,
405.8529994403698,70403,137,238,29225,
405.87052804866465,70402,138,238,29225,
405.88082107877614,70402,138,237,29226,
405.8846914932752,70401,139,237,29226,
405.8879327725344,70400,140,237,29226,
405.88992618227167,70400,139,238,29226,
405.8998980877833,70400,138,239,29226,
405.90450211929794,70400,138,238,29227,
405.91262925386513,70400,138,237,29228,
405.9157228266154,70400,137,238,29228,
405.9162786045203,70400,137,237,29229,
405.92209117569973,70400,137,236,29230,
405.94974517899567,70399,138,236,29230,
405.973236681446,70399,137,237,29230,
405.99572124464504,70398,138,237,29230,
406.019398767127,70398,138,236,29231,
406.03131225636133,70398,137,237,29231,
406.0316453012445,70397,138,237,29231,
406.0347066309749,70396,139,237,29231,
406.0352400723295,70396,138,238,29231,
406.0431146102375,70395,139,238,29231,
406.06406016701015,70395,138,239,29231,
406.0717214188113,70395,138,238,29232,
406.07955657117054,70394,139,238,29232,
406.0830862452856,70394,138,239,29232,
406.0976686134656,70394,137,240,29232,
406.1082383418451,70393,138,240,29232,
406.1117901653816,70393,137,241,29232,
406.14519171068343,70393,136,242,29232,
406.14702707233835,70393,135,243,29232,
406.14831752663036,70393,135,242,29233,
406.1747368101781,70393,134,243,29233,
406.18501012653866,70393,133,244,29233,
406.1994479294913,70393,132,245,29233,
406.2226107809024,70393,132,244,29234,
406.23190059240517,70392,133,244,29234,
406.2375868237943,70391,134,244,29234,
406.2522881831462,70391,134,243,29235,
406.25637437343295,70391,133,244,29235,
406.27512198935403,70390,134,244,29235,
406.28536304165385,70390,134,243,29236,
406.294009409258,70390,133,244,29236,
406.3032304556837,70390,132,245,29236,
406.30608736032156,70389,133,245,29236,
406.3111672526976,70389,133,244,29237,
406.3361968201233,70389,133,243,29238,
406.34461276733794,70389,133,242,29239,
406.35280230313117,70389,132,243,29239,
406.37054518078156,70389,132,242,29240,
406.3919109602041,70388,133,242,29240,
406.43218163472966,70388,133,241,29241,
406.4453125070297,70388,132,242,29241,
406.44905459997,70388,131,243,29241,
406.4519062910505,70388,130,244,29241,
406.48793815650043,70388,130,243,29242,
406.5071014292643,70387,131,243,29242,
406.517460995838,70386,132,243,29242,
406.52844704933153,70386,132,242,29243,
406.53476174480693,70386,132,241,29244,
406.53756825048293,70385,133,241,29244,
406.5528115073549,70385,132,242,29244,
406.55537531112026,70385,132,241,29245,
406.6035123300015,70385,131,242,29245,
406.6036397797492,70385,131,241,29246,
406.6204770474448,70385,131,240,29247,
406.6324351474451,70385,130,241,29247,
406.6357208677351,70385,129,242,29247,
406.6674961355519,70384,130,242,29247,
406.67197687494337,70383,131,242,29247,
406.67905410713547,70383,131,241,29248,
406.68472744650774,70383,131,240,29249,
406.6999085421535,70382,132,240,29249,
406.75197957042155,70382,132,239,29250,
406.755251273944,70381,133,239,29250,
406.7576877217413,70381,132,240,29250,
406.7702202796183,70381,131,241,29250,
406.80608324324635,70381,130,242,29250,
406.8157463444302,70381,130,241,29251,
406.8458822524249,70380,131,241,29251,
406.85759307776533,70379,132,241,29251,
406.90879313608707,70378,133,241,29251,
406.91270395281975,70377,134,241,29251,
406.9289543568168,70377,134,240,29252,
406.93413242499645,70376,135,240,29252,
406.9395994943509,70375,136,240,29252,
406.9444950424455,70374,137,240,29252,
406.95671555989793,70374,136,241,29252,
406.9635267293285,70374,136,240,29253,
406.97141462019255,70374,135,241,29253,
406.989293615863,70374,135,240,29254,
406.990046708054,70374,135,239,29255,
406.9946065667409,70374,135,238,29256,
407.01306237240277,70374,135,237,29257,
407.01340954457265,70374,134,238,29257,
407.0195735422377,70374,133,239,29257,
407.02836275178197,70374,132,240,29257,
407.0320579508041,70374,132,239,29258,
407.03711258731283,70373,133,239,29258,
407.06593040796565,70373,132,240,29258,
407.0738127526644,70373,131,241,29258,
407.074898847375,70373,130,242,29258,
407.0854005049958,70372,131,242,29258,
407.10125260729285,70372,131,241,29259,
407.1059803568156,70372,130,242,29259,
407.12843361288003,70371,131,242,29259,
407.13024791602345,70371,130,243,29259,
407.1615578979579,70370,131,243,29259,
407.180409982365,70370,131,242,29260,
407.18582806916686,70370,131,241,29261,
407.19090602246126,70369,132,241,29261,
407.19422324052164,70369,131,242,29261,
407.21455511116505,70369,130,243,29261,
407.2163589813919,70368,131,243,29261,
407.2263022957584,70368,131,242,29262,
407.24151709290396,70367,132,242,29262,
407.26021876795545,70367,131,243,29262,
407.26592730123434,70366,132,243,29262,
407.2768011882126,70365,133,243,29262,
407.2954797739265,70365,132,244,29262,
407.3127121049862,70365,131,245,29262,
407.31439252181457,70364,132,245,29262,
407.3189633114016,70363,133,245,29262,
407.32085085850565,70363,132,246,29262,
407.32195042172856,70363,131,247,29262,
407.33599399571284,70363,130,248,29262,
407.3513994236285,70363,130,247,29263,
407.3685808651131,70362,131,247,29263,
407.38743053229916,70361,132,247,29263,
407.3894853869452,70361,132,246,29264,
407.3971857955411,70360,133,246,29264,
407.39874780917455,70359,134,246,29264,
407.42394032330753,70359,134,245,29265,
407.43198622772985,70358,135,245,29265,
407.461248840624,70357,136,245,29265,
407.46810382541304,70357,136,244,29266,
407.4697939940992,70357,136,243,29267,
407.48166329013384,70357,136,242,29268,
407.48533511370005,70356,137,242,29268,
407.49370817495185,70356,137,241,29269,
407.5010923749203,70356,137,240,29270,
407.5276395481949,70356,136,241,29270,
407.5370112169496,70356,135,242,29270,
407.5512128662405,70356,135,241,29271,
407.55316030227635,70355,136,241,29271,
407.5662739237392,70355,135,242,29271,
407.59157798932506,70355,135,241,29272,
407.59257017388836,70355,134,242,29272,
407.6078519362346,70355,134,241,29273,
407.62804836114907,70355,134,240,29274,
407.632544663766,70355,134,239,29275,
407.6347441567039,70355,134,238,29276,
407.6498061833503,70354,135,238,29276,
407.6505076732734,70354,135,237,29277,
407.66197565034895,70354,135,236,29278,
407.66497985707775,70353,136,236,29278,
407.6800026228989,70352,137,236,29278,
407.691520719551,70352,137,235,29279,
407.71340514093936,70351,138,235,29279,
407.71340995599337,70351,137,236,29279,
407.731050472876,70351,136,237,29279,
407.7395964085359,70351,136,236,29280,
407.74478430131745,70350,137,236,29280,
407.76536639203766,70349,138,236,29280,
407.77838950673316,70348,139,236,29280,
407.80649622128465,70348,138,237,29280,
407.8127151001443,70347,139,237,29280,
407.8222177891356,70347,138,238,29280,
407.8233877754791,70346,139,238,29280,
407.8294845675065,70346,139,237,29281,
407.84808076783935,70346,138,238,29281,
407.8566272656955,70346,138,237,29282,
407.875092052994,70346,137,238,29282,
407.88072857177656,70346,136,239,29282,
407.88772346132276,70346,135,240,29282,
407.89932959871237,70346,134,241,29282,
407.9118869968977,70345,135,241,29282,
407.9166657664286,70345,135,240,29283,
407.9273342567449,70344,136,240,29283,
407.930415225769,70343,137,240,29283,
407.93118388375717,70343,137,239,29284,
407.9432246780356,70343,137,238,29285,
407.9807784115387,70342,138,238,29285,
407.9974355365193,70341,139,238,29285,
407.9975637502544,70341,139,237,29286,
408.0001626574782,70341,139,236,29287,
408.015581173102,70341,139,235,29288,
408.0186120124252,70340,140,235,29288,
408.028097334781,70340,140,234,29289,
408.05431748936036,70340,140,233,29290,
408.0925647210353,70339,141,233,29290,
408.09348269976874,70339,140,234,29290,
408.0936996594493,70339,140,233,29291,
408.10712397816314,70339,139,234,29291,
408.12346878069934,70339,138,235,29291,
408.13180722219676,70339,137,236,29291,
408.1323644344958,70339,136,237,29291,
408.1507654851886,70339,135,238,29291,
408.16168530791555,70339,135,237,29292,
408.1625654775094,70338,136,237,29292,
408.1794406188662,70338,135,238,29292,
408.1803827659689,70338,134,239,29292,
408.18054486898376,70338,134,238,29293,
408.20669828112824,70338,134,237,29294,
408.2068005091908,70338,133,238,29294,
408.2070534956378,70338,133,237,29295,
408.2244896465456,70338,133,236,29296,
408.26635465598247,70338,132,237,29296,
408.28262796394455,70338,132,236,29297,
408.28738216898574,70337,133,236,29297,
408.3004460779825,70337,132,237,29297,
408.30408817041496,70337,132,236,29298,
408.30888750341893,70337,132,235,29299,
408.3104386075569,70337,132,234,29300,
408.3177281282832,70337,132,233,29301,
408.32238270170944,70337,131,234,29301,
408.3298422664476,70337,130,235,29301,
408.3844615134181,70336,131,235,29301,
408.3885199960746,70335,132,235,29301,
408.4051986880813,70334,133,235,29301,
408.4217080860623,70333,134,235,29301,
408.42392331714524,70333,134,234,29302,
408.43905842270834,70332,135,234,29302,
408.4435382816819,70332,134,235,29302,
408.4737873340671,70331,135,235,29302,
408.4775499072914,70330,136,235,29302,
408.490200520981,70330,136,234,29303,
408.4910795136829,70329,137,234,29303,
408.4957584544297,70328,138,234,29303,
408.5012460584472,70328,137,235,29303,
408.5157204793227,70328,137,234,29304,
408.5246489833568,70328,137,233,29305,
408.53410911109074,70327,138,233,29305,
408.5403150782845,70326,139,233,29305,
408.54489814586447,70326,138,234,29305,
408.5494688294696,70326,137,235,29305,
408.5623767291801,70325,138,235,29305,
408.59792903428195,70325,138,234,29306,
408.60999772963913,70324,139,234,29306,
408.615891931436,70323,140,234,29306,
408.6299461372222,70323,140,233,29307,
408.6327541747027,70323,139,234,29307,
408.64354775918696,70323,138,235,29307,
408.650584778873,70322,139,235,29307,
408.6579626214028,70322,138,236,29307,
408.66142948366047,70322,137,237,29307,
408.67655606883443,70322,136,238,29307,
408.6832974910643,70322,135,239,29307,
408.70921986567424,70322,134,240,29307,
408.71643471509475,70321,135,240,29307,
408.73628042801255,70320,136,240,29307,
408.7637040621849,70319,137,240,29307,
408.7676083843036,70319,137,239,29308,
408.78225027468915,70318,138,239,29308,
408.78594198470046,70318,138,238,29309,
408.7973612218859,70318,138,237,29310,
408.82449277004014,70318,138,236,29311,
408.82610725830205,70318,137,237,29311,
408.8272779516637,70318,137,236,29312,
408.827943217287,70318,137,235,29313,
408.82797485991006,70318,136,236,29313,
408.8408823089099,70318,136,235,29314,
408.87532211526144,70317,137,235,29314,
408.87732079729705,70317,136,236,29314,
408.891902234711,70317,136,235,29315,
408.8998941439837,70317,135,236,29315,
408.94082153253214,70317,135,235,29316,
408.97559357518224,70317,135,234,29317,
408.9825493892761,70317,134,235,29317,
408.9830298774073,70317,134,234,29318,
408.9897557315716,70316,135,234,29318,
409.0116562270123,70316,134,235,29318,
409.0165219989766,70316,133,236,29318,
409.0185123284967,70316,133,235,29319,
409.0270475354585,70316,132,236,29319,
409.03684982751264,70316,132,235,29320,
409.04784089549014,70316,131,236,29320,
409.0550937027065,70316,130,237,29320,
409.0618055196124,70316,130,236,29321,
409.0625526255408,70316,130,235,29322,
409.0765034578494,70316,129,236,29322,
409.083987295508,70316,128,237,29322,
409.1311342031685,70316,127,238,29322,
409.1657012972089,70316,127,237,29323,
409.1942292115368,70316,127,236,29324,
409.1975385070085,70316,127,235,29325,
409.20030317269595,70316,126,236,29325,
409.20577365965175,70316,126,235,29326,
409.2091098957323,70315,127,235,29326,
409.22586416947814,70315,126,236,29326,
409.23558637073927,70315,125,237,29326,
409.24412455001726,70315,124,238,29326,
409.24725490316735,70315,123,239,29326,
409.2699892323066,70315,122,240,29326,
409.3015795555961,70315,121,241,29326,
409.3031469635641,70314,122,241,29326,
409.34301701513334,70314,121,242,29326,
409.36593176491664,70314,121,241,29327,
409.39880128544314,70314,120,242,29327,
409.403598937632,70314,119,243,29327,
409.40808142084967,70314,118,244,29327,
409.41442825603787,70313,119,244,29327,
409.42411284737557,70313,118,245,29327,
409.4575245568903,70313,118,244,29328,
409.45914361189443,70312,119,244,29328,
409.46276619545904,70312,119,243,29329,
409.4870117515971,70311,120,243,29329,
409.5246649524709,70311,120,242,29330,
409.53334304051504,70311,120,241,29331,
409.56076708072584,70310,121,241,29331,
409.5839760575939,70310,121,240,29332,
409.58947549837296,70309,122,240,29332,
409.6413771574898,70309,122,239,29333,
409.6457601460399,70309,121,240,29333,
409.6544367501407,70309,120,241,29333,
409.67686177122,70309,120,240,29334,
409.68185695493753,70309,120,239,29335,
409.73684004943266,70309,119,240,29335,
409.7418126694981,70308,120,240,29335,
409.76431657730654,70308,119,241,29335,
409.802632147023,70307,120,241,29335,
409.82033296437805,70306,121,241,29335,
409.8404745389306,70306,121,240,29336,
409.8586486060588,70306,121,239,29337,
409.88830620132035,70306,121,238,29338,
409.90943156943064,70305,122,238,29338,
409.91579860748334,70305,122,237,29339,
409.9411664082232,70305,122,236,29340,
409.94198995450654,70305,122,235,29341,
409.94380956582415,70305,122,234,29342,
409.9491867148991,70305,121,235,29342,
409.9552513608574,70304,122,235,29342,
409.99628754450083,70303,123,235,29342,
409.9983781001009,70303,123,234,29343,
410.0136155773473,70302,124,234,29343,
410.01807372354057,70302,123,235,29343,
410.01943608364314,70302,122,236,29343,
410.0360683337334,70302,121,237,29343,
410.0446780233636,70302,120,238,29343,
410.05604612613655,70301,121,238,29343,
410.08176086209744,70301,120,239,29343,
410.1000962800517,70301,120,238,29344,
410.1247186176955,70300,121,238,29344,
410.1267748331535,70300,120,239,29344,
410.1387267955575,70300,120,238,29345,
410.14863613317357,70299,121,238,29345,
410.1528570063429,70299,121,237,29346,
410.16151618744493,70299,120,238,29346,
410.16703180251307,70299,119,239,29346,
410.16813411194573,70299,118,240,29346,
410.18181063835874,70299,117,241,29346,
410.19553748845516,70298,118,241,29346,
410.2477894811751,70298,118,240,29347,
410.2530607545105,70297,119,240,29347,
410.2530698485442,70296,120,240,29347,
410.2620276571878,70296,119,241,29347,
410.27627867505345,70296,118,242,29347,
410.29266788836526,70296,118,241,29348,
410.29369358492653,70296,118,240,29349,
410.29415770611115,70296,118,239,29350,
410.3167298470017,70296,118,238,29351,
410.3227885134914,70295,119,238,29351,
410.3415623998022,70294,120,238,29351,
410.36427227918193,70293,121,238,29351,
410.36576826391166,70293,121,237,29352,
410.36710713663155,70292,122,237,29352,
410.36942230414326,70291,123,237,29352,
410.41883721868595,70291,123,236,29353,
410.4209759059405,70290,124,236,29353,
410.4265387812475,70290,124,235,29354,
410.4666761946702,70290,123,236,29354,
410.47647529125675,70290,123,235,29355,
410.4844554038012,70290,123,234,29356,
410.48564500894616,70290,123,233,29357,
410.4903817163461,70290,122,234,29357,
410.5121909938032,70290,122,233,29358,
410.5156041691099,70290,122,232,29359,
410.5317118164455,70290,121,233,29359,
410.5393144137591,70290,121,232,29360,
410.5460398640338,70289,122,232,29360,
410.5464766508782,70289,121,233,29360,
410.5483761841212,70289,120,234,29360,
410.5613431857672,70289,120,233,29361,
410.5871363349729,70289,120,232,29362,
410.64561146141295,70289,119,233,29362,
410.6457660082119,70289,118,234,29362,
410.6636320486343,70288,119,234,29362,
410.67403230804865,70288,118,235,29362,
410.6896394970358,70288,118,234,29363,
410.73129802951536,70288,117,235,29363,
410.76895200296804,70288,117,234,29364,
410.7871891520458,70287,118,234,29364,
410.7907684413271,70287,118,233,29365,
410.7940873230723,70287,118,232,29366,
410.7949346087596,70287,118,231,29367,
410.80502325144994,70287,118,230,29368,
410.8224904266772,70287,118,229,29369,
410.83776978243975,70287,118,228,29370,
410.8423819246858,70286,119,228,29370,
410.8461503216244,70286,119,227,29371,
410.8566200097072,70286,118,228,29371,
410.86486334170047,70285,119,228,29371,
410.8674708346205,70285,119,227,29372,
410.8858395848217,70284,120,227,29372,
410.9061280934918,70284,119,228,29372,
410.9224233001725,70284,119,227,29373,
410.92356228991434,70283,120,227,29373,
410.9562981538226,70282,121,227,29373,
410.97004798888565,70281,122,227,29373,
410.97773560971103,70281,122,226,29374,
410.97901472563257,70280,123,226,29374,
410.99037621337044,70279,124,226,29374,
410.9940738469353,70279,123,227,29374,
410.9941144675708,70279,122,228,29374,
410.9982175492876,70278,123,228,29374,
411.00344120873524,70278,123,227,29375,
411.00936049624534,70277,124,227,29375,
411.0345550336303,70277,124,226,29376,
411.05337149589946,70276,125,226,29376,
411.0619705641823,70276,125,225,29377,
411.08116361032273,70276,124,226,29377,
411.10235461283423,70276,123,227,29377,
411.1169719119513,70276,123,226,29378,
411.1373442878515,70275,124,226,29378,
411.14473071551515,70275,124,225,29379,
411.15028838398524,70274,125,225,29379,
411.1568532560653,70274,125,224,29380,
411.16873273047287,70274,125,223,29381,
411.1807473033042,70274,125,222,29382,
411.1882341215369,70273,126,222,29382,
411.22222087989746,70272,127,222,29382,
411.23115790795316,70272,126,223,29382,
411.2403563518374,70272,126,222,29383,
411.2427197492475,70272,125,223,29383,
411.2428996689777,70271,126,223,29383,
411.262169632375,70271,126,222,29384,
411.26812654297464,70271,125,223,29384,
411.2735596432467,70271,124,224,29384,
411.27396955116234,70271,124,223,29385,
411.29300285410017,70271,124,222,29386,
411.29854373495755,70271,123,223,29386,
411.31867146274016,70271,122,224,29386,
411.3473698492681,70271,122,223,29387,
411.3887445425638,70270,123,223,29387,
411.3910825540763,70269,124,223,29387,
411.3935049685863,70269,123,224,29387,
411.4178661158724,70269,122,225,29387,
411.42688200179583,70268,123,225,29387,
411.43558521129944,70268,122,226,29387,
411.45259619640063,70267,123,226,29387,
411.47808427658197,70266,124,226,29387,
411.4873410223452,70266,124,225,29388,
411.4974177416033,70266,123,226,29388,
411.5043209093386,70266,122,227,29388,
411.5116781828723,70266,122,226,29389,
411.51440730843046,70266,121,227,29389,
411.5155259984328,70265,122,227,29389,
411.51931360539663,70265,122,226,29390,
411.52949260267184,70265,121,227,29390,
411.54287985318194,70265,121,226,29391,
411.54341438366635,70265,121,225,29392,
411.56065022377976,70264,122,225,29392,
411.57777932145683,70264,121,226,29392,
411.5984751429744,70263,122,226,29392,
411.6146111952502,70263,122,225,29393,
411.6152100952283,70263,122,224,29394,
411.6179147566111,70263,121,225,29394,
411.6312373881982,70263,121,224,29395,
411.6343595264134,70263,121,223,29396,
411.6588463806585,70263,120,224,29396,
411.66866773343,70263,119,225,29396,
411.72281588546076,70263,118,226,29396,
411.73540293867694,70262,119,226,29396,
411.7445043689033,70262,119,225,29397,
411.75369447309413,70262,119,224,29398,
411.7549309126628,70262,119,223,29399,
411.7634570836261,70262,119,222,29400,
411.7676858941534,70261,120,222,29400,
411.7847650430184,70261,119,223,29400,
411.80713396456474,70260,120,223,29400,
411.81048713294297,70260,119,224,29400,
411.82029302368545,70260,119,223,29401,
411.8334218109068,70260,118,224,29401,
411.8385691464272,70260,117,225,29401,
411.84994716104,70260,116,226,29401,
411.8658922468232,70260,115,227,29401,
411.8728033307453,70259,116,227,29401,
411.87783541386,70259,116,226,29402,
411.88071742576017,70259,116,225,29403,
411.900916937177,70258,117,225,29403,
411.9125047504607,70258,116,226,29403,
411.9233905330911,70257,117,226,29403,
411.9292389598612,70257,116,227,29403,
411.9328209637468,70257,115,228,29403,
411.9514732434736,70257,115,227,29404,
411.99424043932163,70257,114,228,29404,
411.9977146404072,70257,113,229,29404,
412.0021660874494,70257,113,228,29405,
412.01638930095623,70257,113,227,29406,
412.04248647642453,70257,113,226,29407,
412.10118457885534,70257,113,225,29408,
412.1176307766607,70257,112,226,29408,
412.1209180590893,70257,112,225,29409,
412.1298287926402,70257,111,226,29409,
412.14832593468736,70257,110,227,29409,
412.1484936526536,70256,111,227,29409,
412.14863952932393,70256,111,226,29410,
412.1553515593872,70255,112,226,29410,
412.17480238692065,70255,112,225,29411,
412.18396249586726,70254,113,225,29411,
412.22922686165964,70254,112,226,29411,
412.24915217168757,70254,112,225,29412,
412.25555994748527,70253,113,225,29412,
412.26367037628125,70253,112,226,29412,
412.2647115600595,70253,112,225,29413,
412.2741429565652,70253,112,224,29414,
412.306871139777,70253,111,225,29414,
412.3238247154379,70253,111,224,29415,
412.3271598931059,70252,112,224,29415,
412.3518460084507,70251,113,224,29415,
412.36715041756395,70251,112,225,29415,
412.3848952318105,70250,113,225,29415,
412.4269971708229,70250,113,224,29416,
412.43361657653867,70250,113,223,29417,
412.43719407833515,70250,112,224,29417,
412.4536350849802,70249,113,224,29417,
412.46442732787096,70248,114,224,29417,
412.48443217455014,70248,114,223,29418,
412.49255421446986,70248,113,224,29418,
412.504359128832,70247,114,224,29418,
412.50918665615376,70247,113,225,29418,
412.51061318740085,70246,114,225,29418,
412.54454372589066,70245,115,225,29418,
412.55635097615954,70245,115,224,29419,
412.5710033040912,70245,115,223,29420,
412.571919388782,70245,115,222,29421,
412.58309256315766,70245,115,221,29422,
412.60140767035193,70244,116,221,29422,
412.6034020231391,70244,115,222,29422,
412.6044059089891,70244,115,221,29423,
412.6186092989077,70243,116,221,29423,
412.63282722519057,70243,116,220,29424,
412.64140483752783,70243,116,219,29425,
412.65676904324476,70243,116,218,29426,
412.6599578496355,70243,116,217,29427,
412.6608204813184,70243,116,216,29428,
412.68245639071483,70243,116,215,29429,
412.6876063826963,70242,117,215,29429,
412.68998862154587,70242,116,216,29429,
412.702397852554,70242,116,215,29430,
412.70295327075746,70241,117,215,29430,
412.7047364609962,70241,116,216,29430,
412.7136581520556,70240,117,216,29430,
412.7358841089003,70240,117,215,29431,
412.7413719140788,70240,117,214,29432,
412.77353315548714,70239,118,214,29432,
412.7745226178692,70238,119,214,29432,
412.79389449714387,70238,118,215,29432,
412.81647996794686,70238,118,214,29433,
412.81923805446837,70238,117,215,29433,
412.8448765567895,70238,117,214,29434,
412.8535688809095,70238,117,213,29435,
412.85549572608454,70237,118,213,29435,
412.8756882461322,70237,117,214,29435,
412.8922762500439,70237,116,215,29435,
412.9076281414668,70236,117,215,29435,
412.9290187142593,70236,116,216,29435,
412.9308641109123,70236,115,217,29435,
412.94707981450557,70236,115,216,29436,
412.9492969128296,70235,116,216,29436,
412.9506520141817,70235,116,215,29437,
412.9612497821522,70235,115,216,29437,
412.96406170916407,70235,114,217,29437,
412.9789749768527,70235,114,216,29438,
412.9799252630904,70235,114,215,29439,
413.0260825106257,70234,115,215,29439,
413.0489485406461,70234,115,214,29440,
413.05304868939595,70234,114,215,29440,
413.0762486582704,70233,115,215,29440,
413.0878727299457,70233,114,216,29440,
413.10165827659364,70233,114,215,29441,
413.10609012936067,70233,113,216,29441,
413.1156772028652,70232,114,216,29441,
413.1339738278628,70231,115,216,29441,
413.1601518243578,70231,115,215,29442,
413.16338526162156,70231,115,214,29443,
413.16780116951116,70231,115,213,29444,
413.1744365571034,70231,114,214,29444,
413.2183399980283,70231,114,213,29445,
413.22390080376704,70231,113,214,29445,
413.2275596009038,70231,112,215,29445,
413.23273402872275,70230,113,215,29445,
413.25976592245024,70230,113,214,29446,
413.2690527884014,70230,113,213,29447,
413.2700102867974,70229,114,213,29447,
413.27852711210477,70229,114,212,29448,
413.28732749818084,70229,113,213,29448,
413.30205124161904,70229,112,214,29448,
413.3083818661958,70229,111,215,29448,
413.35801606940254,70229,110,216,29448,
413.36939143575245,70229,110,215,29449,
413.40097905982424,70229,110,214,29450,
413.40524463357156,70229,110,213,29451,
413.41748958355873,70229,109,214,29451,
413.41986442498234,70228,110,214,29451,
413.4240640105242,70228,109,215,29451,
413.43316092440347,70227,110,215,29451,
413.4438411239587,70227,110,214,29452,
413.46085225668804,70227,110,213,29453,
413.46192251358616,70226,111,213,29453,
413.48118393204237,70225,112,213,29453,
413.487107080916,70225,112,212,29454,
413.489470761968,70225,111,213,29454,
413.52149737671306,70225,111,212,29455,
413.5244869219564,70224,112,212,29455,
413.52808721129065,70223,113,212,29455,
413.54094885097754,70222,114,212,29455,
413.54579253333935,70222,114,211,29456,
413.5537130348115,70222,113,212,29456,
413.5556852629329,70222,113,211,29457,
413.5667957398958,70221,114,211,29457,
413.5833347908508,70220,115,211,29457,
413.5833988579776,70220,115,210,29458,
413.5843908125179,70219,116,210,29458,
413.5890145140881,70218,117,210,29458,
413.59019506495736,70218,117,209,29459,
413.5934282012843,70218,116,210,29459,
413.5935473087099,70218,116,209,29460,
413.59696436728785,70218,115,210,29460,
413.6070962068497,70218,114,211,29460,
413.6125759331466,70217,115,211,29460,
413.61923297038356,70216,116,211,29460,
413.6311829504055,70215,117,211,29460,
413.6846204341335,70215,117,210,29461,
413.68988072149284,70214,118,210,29461,
413.70213599180545,70214,117,211,29461,
413.707718495513,70213,118,211,29461,
413.73547462676544,70212,119,211,29461,
413.7383315462702,70212,119,210,29462,
413.74060717150735,70212,118,211,29462,
413.7698052140997,70212,118,210,29463,
413.79887266853,70212,118,209,29464,
413.80298136547873,70211,119,209,29464,
413.82280878354123,70210,120,209,29464,
413.83131370644315,70210,120,208,29465,
413.8415047100677,70209,121,208,29465,
413.8720251591682,70208,122,208,29465,
413.8760601909557,70208,122,207,29466,
413.89221275410756,70208,122,206,29467,
413.92656420474304,70208,121,207,29467,
413.9298193736791,70208,120,208,29467,
413.93451507937493,70208,119,209,29467,
413.9347483869534,70208,119,208,29468,
413.94167196442385,70208,118,209,29468,
413.9572626918531,70208,118,208,29469,
413.9699096535958,70207,119,208,29469,
413.97286728134384,70207,119,207,29470,
413.97618139634847,70207,119,206,29471,
413.9767000351085,70206,120,206,29471,
413.9811501706582,70205,121,206,29471,
413.9954512127755,70205,120,207,29471,
414.00990855831793,70205,120,206,29472,
414.0632689617046,70205,120,205,29473,
414.0836884176377,70205,120,204,29474,
414.110175573518,70205,120,203,29475,
414.11184961727133,70205,119,204,29475,
414.11778966415324,70204,120,204,29475,
414.1219791653894,70204,119,205,29475,
414.12745974071595,70204,119,204,29476,
414.14310213401865,70204,118,205,29476,
414.14380796532396,70204,117,206,29476,
414.1484838120477,70204,117,205,29477,
414.1596654319557,70204,117,204,29478,
414.20162740225686,70203,118,204,29478,
414.2056527271644,70203,117,205,29478,
414.2084198347913,70202,118,205,29478,
414.21504325712675,70201,119,205,29478,
414.27867604354924,70200,120,205,29478,
414.2827976688234,70199,121,205,29478,
414.30581183405116,70199,120,206,29478,
414.31132194893445,70199,119,207,29478,
414.3264875475668,70198,120,207,29478,
414.3288281604326,70198,119,208,29478,
414.3313492199586,70198,119,207,29479,
414.3320249787269,70198,118,208,29479,
414.3407956083139,70198,118,207,29480,
414.3428568809387,70198,118,206,29481,
414.3501102591394,70198,117,207,29481,
414.3579190898042,70197,118,207,29481,
414.35961389848956,70197,118,206,29482,
414.36978488283194,70196,119,206,29482,
414.38474627755136,70196,118,207,29482,
414.39876988538435,70196,117,208,29482,
414.4837275288489,70196,117,207,29483,
414.5049011978612,70196,117,206,29484,
414.5074427129741,70196,117,205,29485,
414.50799805249903,70196,117,204,29486,
414.52204735919605,70196,116,205,29486,
414.5230482546219,70195,117,205,29486,
414.53057569121586,70195,116,206,29486,
414.5345586002459,70195,115,207,29486,
414.5347713831503,70195,114,208,29486,
414.55064125716603,70194,115,208,29486,
414.5590937478097,70194,115,207,29487,
414.5635083000225,70194,115,206,29488,
414.56527726209157,70194,115,205,29489,
414.5892291474132,70194,114,206,29489,
414.59834977101565,70194,114,205,29490,
414.6037626528845,70194,113,206,29490,
414.6087394117673,70194,113,205,29491,
414.67577353883615,70194,113,204,29492,
414.689363834501,70194,113,203,29493,
414.7197127682193,70194,113,202,29494,
414.73569534073994,70193,114,202,29494,
414.7456695594921,70192,115,202,29494,
414.7616834065495,70192,114,203,29494,
414.76505639811074,70191,115,203,29494,
414.76765675515793,70191,114,204,29494,
414.7812595608747,70190,115,204,29494,
414.7860277682208,70189,116,204,29494,
414.7860376368794,70189,116,203,29495,
414.7993117193025,70189,115,204,29495,
414.8028327550855,70188,116,204,29495,
414.82515592672974,70187,117,204,29495,
414.8318507677868,70186,118,204,29495,
414.8355932571187,70186,118,203,29496,
414.86807847955845,70186,117,204,29496,
414.8865508046529,70186,117,203,29497,
414.8896334230406,70186,117,202,29498,
414.9222394895829,70186,117,201,29499,
414.9306433829384,70185,118,201,29499,
414.9712204127024,70185,118,200,29500,
414.9775713332003,70185,117,201,29500,
415.0001036876427,70185,116,202,29500,
415.0019312342799,70185,116,201,29501,
415.00818227806093,70185,116,200,29502,
415.01062683389995,70185,115,201,29502,
415.0152479838976,70184,116,201,29502,
415.0223589065614,70183,117,201,29502,
415.02406339801405,70183,116,202,29502,
415.02559155540376,70183,115,203,29502,
415.02831214806963,70183,115,202,29503,
415.03033274492014,70183,115,201,29504,
415.0549013811283,70183,114,202,29504,
415.05735796895607,70182,115,202,29504,
415.0636908069844,70182,115,201,29505,
415.0679451549979,70182,115,200,29506,
415.0708056081049,70182,115,199,29507,
415.0712075164715,70181,116,199,29507,
415.08264080232414,70181,115,200,29507,
415.0934107404346,70181,114,201,29507,
415.09389630780265,70181,114,200,29508,
415.10222516133774,70181,114,199,29509,
415.1091714589538,70181,114,198,29510,
415.11439843542934,70181,113,199,29510,
415.12214440919894,70181,112,200,29510,
415.14753063087926,70181,112,199,29511,
415.14839718134493,70181,111,200,29511,
415.186703376942,70181,111,199,29512,
415.2339409974694,70181,110,200,29512,
415.2354546177632,70181,110,199,29513,
415.2397318237499,70181,110,198,29514,
415.24893163225374,70181,109,199,29514,
415.2577781770762,70180,110,199,29514,
415.27502979375936,70180,110,198,29515,
415.27750890831385,70180,109,199,29515,
415.2848106232819,70180,108,200,29515,
415.3065645882876,70180,107,201,29515,
415.32139026535646,70180,106,202,29515,
415.33014900002945,70180,106,201,29516,
415.361107850115,70180,106,200,29517,
415.372414716122,70180,105,201,29517,
415.37434576451113,70180,104,202,29517,
415.3825668655124,70180,104,201,29518,
415.39107919758106,70180,104,200,29519,
415.45690162042047,70180,104,199,29520,
415.4626478329943,70179,105,199,29520,
415.4646646214005,70179,105,198,29521,
415.4800327554126,70179,105,197,29522,
415.52665233344453,70179,104,198,29522,
415.53114913448866,70179,103,199,29522,
415.5332770373606,70178,104,199,29522,
415.56774603615474,70177,105,199,29522,
415.57068875275144,70176,106,199,29522,
415.5949534912091,70176,106,198,29523,
415.6046656743618,70176,105,199,29523,
415.613457015598,70176,105,198,29524,
415.61690839911216,70176,105,197,29525,
415.6252911836322,70175,106,197,29525,
415.6417394277382,70175,105,198,29525,
415.6454969942991,70175,104,199,29525,
415.6572667574924,70175,103,200,29525,
415.66551014438886,70175,103,199,29526,
415.67555622411305,70175,103,198,29527,
415.6859928349637,70175,102,199,29527,
415.72775836860313,70174,103,199,29527,
415.73528673863035,70173,104,199,29527,
415.73692256513186,70173,104,198,29528,
415.74527264067797,70173,104,197,29529,
415.7690972810347,70173,104,196,29530,
415.77351376843285,70173,103,197,29530,
415.7782772292195,70173,103,196,29531,
415.79094465429546,70173,103,195,29532,
415.7944367213532,70172,104,195,29532,
415.82392219000525,70172,104,194,29533,
415.83525148613705,70172,104,193,29534,
415.84473244060865,70171,105,193,29534,
415.8524934273282,70170,106,193,29534,
415.8877719286787,70170,106,192,29535,
415.9334503232044,70169,107,192,29535,
415.9473971568012,70169,106,193,29535,
415.9528435290056,70168,107,193,29535,
415.96130700577345,70167,108,193,29535,
415.9776280912821,70167,108,192,29536,
415.9784300921804,70167,107,193,29536,
415.9997639781914,70167,107,192,29537,
416.0004815335521,70166,108,192,29537,
416.0009758786008,70166,107,193,29537,
416.0192400692533,70166,107,192,29538,
416.0290982331927,70166,106,193,29538,
416.04571746989876,70166,106,192,29539,
416.0611516218143,70165,107,192,29539,
416.06736574157276,70165,106,193,29539,
416.0785961282775,70165,105,194,29539,
416.0929949408452,70165,104,195,29539,
416.1310434502394,70165,104,194,29540,
416.1326818663902,70165,103,195,29540,
416.1394983174135,70164,104,195,29540,
416.146080092287,70164,103,196,29540,
416.15654436108747,70163,104,196,29540,
416.17619743762646,70162,105,196,29540,
416.1765843312,70162,104,197,29540,
416.1822488630837,70162,103,198,29540,
416.19516570217945,70161,104,198,29540,
416.2650025295361,70160,105,198,29540,
416.27412465419854,70159,106,198,29540,
416.29038834909943,70159,105,199,29540,
416.308162327336,70159,105,198,29541,
416.36514683999206,70159,104,199,29541,
416.39524499310386,70159,103,200,29541,
416.3955090683059,70159,103,199,29542,
416.40266710853234,70159,102,200,29542,
416.40547130969065,70159,101,201,29542,
416.41326503174105,70158,102,201,29542,
416.42392232072024,70157,103,201,29542,
416.4259317099515,70157,102,202,29542,
416.42753969590984,70157,102,201,29543,
416.43892152639944,70157,102,200,29544,
416.4415229294179,70156,103,200,29544,
416.4771797196072,70156,103,199,29545,
416.50232373343994,70155,104,199,29545,
416.5044627319139,70154,105,199,29545,
416.5245116416341,70154,105,198,29546,
416.5297515371345,70154,105,197,29547,
416.56272317680816,70153,106,197,29547,
416.5836059750491,70153,106,196,29548,
416.58674951073516,70153,105,197,29548,
416.6044502494811,70153,105,196,29549,
416.60571930692834,70152,106,196,29549,
416.61938271380455,70152,106,195,29550,
416.6456536046404,70152,105,196,29550,
416.64923197643714,70152,104,197,29550,
416.67004196178857,70152,103,198,29550,
416.675419504134,70152,102,199,29550,
416.6785521414538,70152,102,198,29551,
416.7099530029054,70152,101,199,29551,
416.72457358292286,70151,102,199,29551,
416.7791709568353,70151,101,200,29551,
416.781186440856,70151,101,199,29552,
416.81081067644004,70151,101,198,29553,
416.81712371944866,70151,100,199,29553,
416.85923003811394,70151,99,200,29553,
416.87725718261277,70151,98,201,29553,
416.8893397130539,70151,98,200,29554,
416.89046911029396,70151,97,201,29554,
416.90214686970813,70151,96,202,29554,
416.90488968987205,70151,96,201,29555,
416.96805935067664,70151,95,202,29555,
416.9809030526765,70151,95,201,29556,
417.03703841774575,70151,95,200,29557,
417.0648103168018,70151,94,201,29557,
417.0688828446149,70151,94,200,29558,
417.0876120933316,70151,93,201,29558,
417.11388638261826,70151,93,200,29559,
417.12788409889845,70150,94,200,29559,
417.1600552766745,70150,94,199,29560,
417.1636633875204,70149,95,199,29560,
417.1898116091368,70148,96,199,29560,
417.1930176082901,70148,96,198,29561,
417.2219612121366,70148,95,199,29561,
417.23143888627453,70147,96,199,29561,
417.2533462302853,70147,96,198,29562,
417.25754715874876,70147,96,197,29563,
417.2698920449046,70147,96,196,29564,
417.2779668560337,70147,96,195,29565,
417.2942658257497,70147,95,196,29565,
417.3153131742724,70147,95,195,29566,
417.344966430751,70147,94,196,29566,
417.3582279635358,70147,93,197,29566,
417.35840451488525,70147,92,198,29566,
417.37592256847637,70147,91,199,29566,
417.37759514370464,70146,92,199,29566,
417.39496353305054,70146,91,200,29566,
417.3976047803166,70145,92,200,29566,
417.4190152401886,70145,92,199,29567,
417.4474958647829,70145,91,200,29567,
417.4533779944662,70145,90,201,29567,
417.48304506378753,70144,91,201,29567,
417.50057087815674,70144,91,200,29568,
417.5277253313342,70144,90,201,29568,
417.5354123573835,70144,90,200,29569,
417.54117372322395,70144,89,201,29569,
417.5835072414334,70144,88,202,29569,
417.60431301638704,70143,89,202,29569,
417.60728570995934,70143,89,201,29570,
417.61379700752263,70143,88,202,29570,
417.62646681309513,70142,89,202,29570,
417.6468619384511,70141,90,202,29570,
417.695836861595,70141,90,201,29571,
417.75817713161126,70141,90,200,29572,
417.7595647340982,70140,91,200,29572,
417.7831518678234,70139,92,200,29572,
417.78655524216936,70139,92,199,29573,
417.8196857208915,70138,93,199,29573,
417.82406403223337,70137,94,199,29573,
417.8413768028546,70137,93,200,29573,
417.85927089236014,70137,92,201,29573,
417.87117831227715,70137,92,200,29574,
417.87228102048414,70137,92,199,29575,
417.9046882820168,70136,93,199,29575,
417.91025642225225,70136,92,200,29575,
417.9112441232977,70136,92,199,29576,
417.9162566438214,70136,92,198,29577,
417.9395291454254,70135,93,198,29577,
417.94650570809137,70135,92,199,29577,
417.96429967244785,70134,93,199,29577,
417.966818376416,70134,93,198,29578,
417.9985191787021,70133,94,198,29578,
418.0068697970091,70133,94,197,29579,
418.0183051804982,70133,94,196,29580,
418.0354978739715,70133,93,197,29580,
418.05603584301934,70133,93,196,29581,
418.0651745395832,70132,94,196,29581,
418.07533923605564,70131,95,196,29581,
418.1775709052428,70131,95,195,29582,
418.18807490197804,70131,94,196,29582,
418.19959778436777,70131,94,195,29583,
418.22841770308634,70131,94,194,29584,
418.2321460763824,70131,93,195,29584,
418.2438225793982,70130,94,195,29584,
418.24939658355567,70130,94,194,29585,
418.2768397202862,70130,94,193,29586,
418.2805213633824,70129,95,193,29586,
418.2897364864963,70129,95,192,29587,
418.3267481406401,70128,96,192,29587,
418.3401167797699,70128,96,191,29588,
418.34183578976365,70127,97,191,29588,
418.3860507813278,70127,96,192,29588,
418.3922090736212,70127,96,191,29589,
418.398014171695,70126,97,191,29589,
418.43985310028347,70125,98,191,29589,
418.44654768293157,70124,99,191,29589,
418.45190769556046,70124,99,190,29590,
418.49634204416657,70123,100,190,29590,
418.5397443876762,70123,100,189,29591,
418.5925078848956,70123,100,188,29592,
418.66729998893766,70123,99,189,29592,
418.6870223906537,70122,100,189,29592,
418.73603387724813,70122,100,188,29593,
418.75616765066343,70122,100,187,29594,
418.7991659254253,70122,100,186,29595,
418.81822797071965,70121,101,186,29595,
418.8469514583416,70121,101,185,29596,
418.8508621932794,70121,100,186,29596,
418.889373297521,70121,100,185,29597,
418.90911703129046,70121,100,184,29598,
418.9147298001161,70120,101,184,29598,
418.95219023337154,70120,100,185,29598,
418.9575676798021,70120,99,186,29598,
419.00825167358573,70120,99,185,29599,
419.02140568879986,70119,100,185,29599,
419.0315239200046,70119,99,186,29599,
419.03998016154355,70118,100,186,29599,
419.0500497271195,70118,100,185,29600,
419.0783266602086,70118,100,184,29601,
419.0866478631975,70118,100,183,29602,
419.11220203647224,70118,100,182,29603,
419.11249134890045,70118,100,181,29604,
419.1129318279349,70117,101,181,29604,
419.1167423628958,70117,101,180,29605,
419.1270525606798,70116,102,180,29605,
419.15612484279274,70116,102,179,29606,
419.16309385566007,70116,101,180,29606,
419.18976709546695,70116,100,181,29606,
419.2043669958581,70116,99,182,29606,
419.21734795115555,70116,99,181,29607,
419.2262202811565,70116,99,180,29608,
419.23436785855773,70116,98,181,29608,
419.2370021836554,70116,97,182,29608,
419.24235340714563,70115,98,182,29608,
419.2492260269541,70114,99,182,29608,
419.27852099591473,70113,100,182,29608,
419.28336548295783,70112,101,182,29608,
419.287400146711,70112,101,181,29609,
419.3330578835909,70112,100,182,29609,
419.34660211053466,70112,100,181,29610,
419.36614253473584,70111,101,181,29610,
419.3971056549082,70111,101,180,29611,
419.404920744693,70111,100,181,29611,
419.4088141899644,70111,100,180,29612,
419.44752461663734,70110,101,180,29612,
419.44752770394734,70110,100,181,29612,
419.4477016144905,70110,100,180,29613,
419.4522199376453,70109,101,180,29613,
419.46335951489976,70109,100,181,29613,
419.4677889214215,70109,99,182,29613,
419.494415549808,70108,100,182,29613,
419.5333696204674,70108,99,183,29613,
419.542224762677,70108,98,184,29613,
419.54483127015476,70108,97,185,29613,
419.5486235497156,70108,96,186,29613,
419.55601974997955,70108,96,185,29614,
419.6014595115044,70107,97,185,29614,
419.64156053128323,70107,97,184,29615,
419.6617549047136,70107,96,185,29615,
419.66336206866976,70107,95,186,29615,
419.6707301198548,70107,95,185,29616,
419.67405966472774,70106,96,185,29616,
419.7220514604857,70106,95,186,29616,
419.732735941232,70106,94,187,29616,
419.7401046367058,70106,94,186,29617,
419.7564029445405,70106,93,187,29617,
419.7573129775181,70105,94,187,29617,
419.77908159346504,70105,94,186,29618,
419.81104996164345,70105,93,187,29618,
419.8231289330217,70105,93,186,29619,
419.831862798572,70105,93,185,29620,
419.8346286348246,70105,93,184,29621,
419.8375070054211,70104,94,184,29621,
419.86489949995007,70104,93,185,29621,
419.91223931523064,70103,94,185,29621,
419.9234591990292,70103,94,184,29622,
419.9265411805655,70103,94,183,29623,
419.9435123233647,70103,93,184,29623,
419.94352981636894,70102,94,184,29623,
419.94643721582815,70102,94,183,29624,
419.99469143204857,70102,93,184,29624,
419.9987962062072,70102,93,183,29625,
420.01385836020484,70101,94,183,29625,
420.02501693415616,70101,94,182,29626,
420.04837300056676,70100,95,182,29626,
420.0534655465697,70100,95,181,29627,
420.06371924104525,70100,94,182,29627,
420.0736616599751,70100,93,183,29627,
420.08186546012996,70099,94,183,29627,
420.0831880252787,70099,93,184,29627,
420.11833898179094,70099,93,183,29628,
420.1281064596383,70099,92,184,29628,
420.15082087510336,70099,92,183,29629,
420.164452032202,70099,92,182,29630,
420.1772830449107,70098,93,182,29630,
420.200964157561,70098,92,183,29630,
420.2097572141045,70098,92,182,29631,
420.23161548467385,70098,92,181,29632,
420.2473909652569,70098,91,182,29632,
420.2558693870698,70097,92,182,29632,
420.26638268461915,70097,92,181,29633,
420.27359807481986,70097,91,182,29633,
420.2961464036166,70097,91,181,29634,
420.3025974630253,70097,90,182,29634,
420.3590350414569,70097,89,183,29634,
420.39455257064986,70096,90,183,29634,
420.3978880475849,70095,91,183,29634,
420.398034003528,70095,91,182,29635,
420.42147557456883,70094,92,182,29635,
420.4239578333113,70094,92,181,29636,
420.4577517616971,70094,91,182,29636,
420.4655357310802,70093,92,182,29636,
420.4721994094397,70093,92,181,29637,
420.5248535095144,70093,92,180,29638,
420.53330609483487,70093,92,179,29639,
420.5652779328725,70093,91,180,29639,
420.5861125666154,70092,92,180,29639,
420.5961339884208,70091,93,180,29639,
420.6610189151231,70091,93,179,29640,
420.66580870444676,70090,94,179,29640,
420.6673834579971,70090,93,180,29640,
420.686866451453,70090,92,181,29640,
420.6911616045646,70089,93,181,29640,
420.7203018291235,70089,93,180,29641,
420.7298840064375,70089,92,181,29641,
420.7746233381964,70089,91,182,29641,
420.78339188566986,70089,91,181,29642,
420.79136235035895,70088,92,181,29642,
420.79207325506616,70088,91,182,29642,
420.79545523917125,70088,91,181,29643,
420.7981141219995,70088,90,182,29643,
420.80951750490635,70087,91,182,29643,
420.8139433808272,70086,92,182,29643,
420.8225941382241,70086,92,181,29644,
420.834893085741,70085,93,181,29644,
420.964065693078,70085,93,180,29645,
420.9881579780698,70085,93,179,29646,
420.9912714275286,70084,94,179,29646,
421.07327744117197,70083,95,179,29646,
421.07671895424147,70082,96,179,29646,
421.0866708463564,70081,97,179,29646,
421.0919469739223,70081,96,180,29646,
421.1570493525318,70081,95,181,29646,
421.15979707995314,70080,96,181,29646,
421.2144580100814,70080,95,182,29646,
421.25332751330444,70080,95,181,29647,
421.28735586339025,70080,95,180,29648,
421.28741065513753,70080,94,181,29648,
421.29715888462465,70080,93,182,29648,
421.32541608586195,70080,92,183,29648,
421.33506085735394,70080,91,184,29648,
421.426779623337,70080,91,183,29649,
421.43269538843583,70080,91,182,29650,
421.4432818569862,70079,92,182,29650,
421.4478097043257,70079,92,181,29651,
421.4603250929899,70079,92,180,29652,
421.4707189491413,70079,92,179,29653,
421.4947700013209,70078,93,179,29653,
421.4982931504574,70078,93,178,29654,
421.53712977984645,70077,94,178,29654,
421.5458885640588,70077,93,179,29654,
421.62720090539705,70077,92,180,29654,
421.6285376255923,70077,92,179,29655,
421.6559158179653,70077,92,178,29656,
421.6611388728811,70077,92,177,29657,
421.7267109624558,70077,91,178,29657,
421.7506958744449,70077,90,179,29657,
421.7596449845424,70077,89,180,29657,
421.75968213945526,70077,89,179,29658,
421.78369845632324,70077,89,178,29659,
421.7986910268272,70076,90,178,29659,
421.82978679571517,70076,89,179,29659,
421.8499541771239,70076,89,178,29660,
421.85096927552803,70076,89,177,29661,
421.8666438998068,70076,88,178,29661,
421.89983539404557,70076,88,177,29662,
421.9113520186024,70076,87,178,29662,
421.9126243884988,70076,87,177,29663,
421.9141938993345,70075,88,177,29663,
421.9343031703187,70075,88,176,29664,
421.93795631749157,70075,87,177,29664,
421.9873138298222,70075,87,176,29665,
422.0064316848656,70075,86,177,29665,
422.0410417842522,70075,86,176,29666,
422.05345316637795,70074,87,176,29666,
422.0568385591972,70074,86,177,29666,
422.06274472497194,70073,87,177,29666,
422.0776663096702,70073,86,178,29666,
422.0791590729419,70073,86,177,29667,
422.1064502240271,70072,87,177,29667,
422.10972198737505,70072,86,178,29667,
422.12513415154854,70072,86,177,29668,
422.1371162667187,70072,85,178,29668,
422.17853044310476,70072,85,177,29669,
422.1868954318235,70072,85,176,29670,
422.21237374326506,70072,85,175,29671,
422.21668134518364,70072,84,176,29671,
422.2180148295087,70072,83,177,29671,
422.2242135270707,70072,82,178,29671,
422.2247738886003,70072,82,177,29672,
422.2456328269502,70072,81,178,29672,
422.27568547056256,70072,80,179,29672,
422.3254036922322,70072,80,178,29673,
422.32928439447284,70071,81,178,29673,
422.34790192925095,70071,81,177,29674,
422.35459693963224,70070,82,177,29674,
422.36771854162953,70070,81,178,29674,
422.45390252488806,70070,80,179,29674,
422.46299160741415,70070,79,180,29674,
422.4685150408411,70069,80,180,29674,
422.4788815865297,70069,80,179,29675,
422.4808191717747,70068,81,179,29675,
422.50031039822386,70068,81,178,29676,
422.50101113860285,70068,81,177,29677,
422.5429518465654,70067,82,177,29677,
422.5439604280862,70067,81,178,29677,
422.5465413663402,70067,81,177,29678,
422.5550210070898,70067,81,176,29679,
422.59231011492903,70067,80,177,29679,
422.6024490223067,70067,80,176,29680,
422.6144250459706,70067,80,175,29681,
422.6283843080665,70066,81,175,29681,
422.62895733236456,70066,81,174,29682,
422.67977093004833,70066,81,173,29683,
422.6943567500737,70066,81,172,29684,
422.6960951805141,70066,81,171,29685,
422.7047585412103,70065,82,171,29685,
422.7514138710266,70064,83,171,29685,
422.75918910749675,70063,84,171,29685,
422.80196071978355,70063,83,172,29685,
422.8206881305947,70063,83,171,29686,
422.82309122939466,70063,83,170,29687,
422.82696682081684,70062,84,170,29687,
422.8362472260873,70062,83,171,29687,
422.84091939334394,70062,83,170,29688,
422.8448087530202,70061,84,170,29688,
422.8632583523806,70060,85,170,29688,
422.86372608158683,70059,86,170,29688,
422.91750769140793,70059,85,171,29688,
422.9625097520546,70059,84,172,29688,
422.96307664736963,70059,83,173,29688,
422.97201357319926,70059,82,174,29688,
422.9865612558206,70059,82,173,29689,
422.9866148008057,70059,82,172,29690,
423.02031097454136,70059,82,171,29691,
423.0210942041679,70059,81,172,29691,
423.03507628982544,70059,81,171,29692,
423.03676011775826,70059,81,170,29693,
423.04078180348347,70059,80,171,29693,
423.0598405928818,70059,79,172,29693,
423.1120679834428,70059,79,171,29694,
423.13870804088333,70059,79,170,29695,
423.1482659306621,70058,80,170,29695,
423.16809476203207,70057,81,170,29695,
423.17168649380085,70056,82,170,29695,
423.1739134310975,70055,83,170,29695,
423.1938315086025,70054,84,170,29695,
423.19483825170175,70054,83,171,29695,
423.23626894911195,70053,84,171,29695,
423.24663235048774,70052,85,171,29695,
423.25004099405817,70051,86,171,29695,
423.28184295767585,70051,86,170,29696,
423.3007990965005,70050,87,170,29696,
423.3109134764022,70050,86,171,29696,
423.3254439897543,70049,87,171,29696,
423.3475420446306,70049,87,170,29697,
423.3616629357732,70049,86,171,29697,
423.36192345875594,70048,87,171,29697,
423.37783753821554,70048,87,170,29698,
423.3802760192787,70048,87,169,29699,
423.41056429645784,70048,87,168,29700,
423.4446978814653,70048,87,167,29701,
423.4463447951521,70048,86,168,29701,
423.45101793856855,70048,86,167,29702,
423.47339717097356,70048,85,168,29702,
423.4985124331995,70047,86,168,29702,
423.52135714905694,70047,85,169,29702,
423.60205737927583,70047,84,170,29702,
423.6188528282409,70047,83,171,29702,
423.61932438853535,70047,82,172,29702,
423.6260384582308,70047,81,173,29702,
423.63498810217607,70047,80,174,29702,
423.6429598929363,70047,80,173,29703,
423.64306705386315,70047,79,174,29703,
423.6623029487161,70046,80,174,29703,
423.6834979652025,70046,80,173,29704,
423.6862336677143,70046,80,172,29705,
423.68638673689895,70046,79,173,29705,
423.69774513370135,70046,79,172,29706,
423.6996267243074,70046,79,171,29707,
423.7244711182853,70046,79,170,29708,
423.75974872564643,70046,79,169,29709,
423.77970549615566,70046,79,168,29710,
423.7812515926664,70045,80,168,29710,
423.81310122789654,70045,79,169,29710,
423.8223497414294,70045,78,170,29710,
423.8316872315986,70045,78,169,29711,
423.8911986133769,70045,78,168,29712,
423.9106835605686,70045,78,167,29713,
423.9244080735348,70044,79,167,29713,
423.92881031068725,70044,78,168,29713,
423.9376092794457,70044,78,167,29714,
423.9626476168116,70044,78,166,29715,
423.97602472906146,70044,78,165,29716,
423.9833456809887,70044,77,166,29716,
423.99881614078674,70044,76,167,29716,
424.03680149633857,70044,76,166,29717,
424.037541418848,70044,76,165,29718,
424.0871116379442,70044,75,166,29718,
424.09234390815595,70044,75,165,29719,
424.1468629746957,70043,76,165,29719,
424.1548675154804,70042,77,165,29719,
424.1877571644171,70041,78,165,29719,
424.1918433834538,70041,78,164,29720,
424.208749709518,70040,79,164,29720,
424.2255117021606,70040,78,165,29720,
424.24028037033315,70040,77,166,29720,
424.25336920841323,70039,78,166,29720,
424.27646621298254,70039,78,165,29721,
424.3102542111147,70038,79,165,29721,
424.32524541808573,70037,80,165,29721,
424.36494069765763,70036,81,165,29721,
424.3661914596426,70036,80,166,29721,
424.4306124319144,70035,81,166,29721,
424.46289918403477,70035,80,167,29721,
424.4666126169247,70034,81,167,29721,
424.48993146639157,70033,82,167,29721,
424.49047979879396,70033,82,166,29722,
424.4947810962518,70032,83,166,29722,
424.506331638044,70032,83,165,29723,
424.5593371720993,70032,82,166,29723,
424.56803463557736,70032,82,165,29724,
424.58605904461905,70031,83,165,29724,
424.6133051656365,70031,83,164,29725,
424.6571270755987,70030,84,164,29725,
424.6659016431653,70030,83,165,29725,
424.6678175636522,70030,82,166,29725,
424.66814930762456,70030,82,165,29726,
424.6744137462006,70029,83,165,29726,
424.6976703906145,70029,83,164,29727,
424.7206358735432,70029,82,165,29727,
424.74279599949836,70029,81,166,29727,
424.7554138953633,70029,81,165,29728,
424.80455527908475,70029,80,166,29728,
424.80549543964446,70029,79,167,29728,
424.83949266015264,70029,79,166,29729,
424.851816995353,70028,80,166,29729,
424.8969225735221,70028,80,165,29730,
424.9319034900897,70028,80,164,29731,
424.97537386747723,70027,81,164,29731,
424.9826592503425,70026,82,164,29731,
425.00046863622526,70025,83,164,29731,
425.0014863446495,70025,83,163,29732,
425.02027867081847,70025,82,164,29732,
425.04918463330495,70025,82,163,29733,
425.0525570852995,70024,83,163,29733,
425.0525570852995,70024,83,163,29733,
425.091537601066,70024,83,162,29734,
425.1082217576675,70024,82,163,29734,
425.1388101322897,70024,81,164,29734,
425.148291967564,70024,81,163,29735,
425.15140473044414,70023,82,163,29735,
425.15370523102354,70022,83,163,29735,
425.15544627672983,70022,82,164,29735,
425.1556177313967,70022,82,163,29736,
425.1637626146963,70021,83,163,29736,
425.1761180472281,70021,82,164,29736,
425.17956083721765,70021,81,165,29736,
425.2113700206444,70020,82,165,29736,
425.21339223678575,70020,81,166,29736,
425.26817032777916,70020,80,167,29736,
425.2893148280584,70020,80,166,29737,
425.34336602119635,70020,80,165,29738,
425.34846376244417,70019,81,165,29738,
425.4533468687366,70019,81,164,29739,
425.4542438975536,70019,80,165,29739,
425.5768154513871,70019,80,164,29740,
425.578830437078,70019,79,165,29740,
425.59552712538897,70019,79,164,29741,
425.658668839907,70018,80,164,29741,
425.6845405131068,70017,81,164,29741,
425.7098664283003,70016,82,164,29741,
425.7112431952769,70016,81,165,29741,
425.74279836666403,70015,82,165,29741,
425.7799227700718,70015,81,166,29741,
425.78230418706875,70015,80,167,29741,
425.8206892394239,70014,81,167,29741,
425.8346993123081,70014,81,166,29742,
425.83577404243005,70013,82,166,29742,
425.8614710387531,70013,82,165,29743,
425.8714287270161,70013,82,164,29744,
425.8784340580597,70013,82,163,29745,
425.91850954456095,70012,83,163,29745,
425.93754906138264,70012,82,164,29745,
425.9390649992849,70011,83,164,29745,
425.9473431912384,70010,84,164,29745,
425.9773098873183,70009,85,164,29745,
425.97831686317204,70009,84,165,29745,
426.00026866705775,70008,85,165,29745,
426.0044141123183,70007,86,165,29745,
426.0148120924744,70006,87,165,29745,
426.03459635702546,70005,88,165,29745,
426.04532547108846,70004,89,165,29745,
426.0496621534647,70004,89,164,29746,
426.0599695785827,70004,89,163,29747,
426.09477765470564,70004,89,162,29748,
426.14318229935014,70003,90,162,29748,
426.15923762590813,70003,89,163,29748,
426.1622224699877,70002,90,163,29748,
426.1623447012594,70002,89,164,29748,
426.1869063107696,70002,89,163,29749,
426.1967182397482,70001,90,163,29749,
426.2088860835564,70001,90,162,29750,
426.21511865684505,70001,89,163,29750,
426.24455389135073,70001,88,164,29750,
426.25689331677256,70001,88,163,29751,
426.2861044908297,70001,88,162,29752,
426.29167642886154,70000,89,162,29752,
426.2938539869967,69999,90,162,29752,
426.29997156312453,69999,90,161,29753,
426.30684029236903,69999,90,160,29754,
426.33524943793344,69998,91,160,29754,
426.34721663789514,69998,90,161,29754,
426.34773923503593,69997,91,161,29754,
426.3556927963816,69997,90,162,29754,
426.36504383500903,69997,89,163,29754,
426.3652161354826,69997,88,164,29754,
426.3888417358649,69997,88,163,29755,
426.4052992615877,69997,88,162,29756,
426.4105167388295,69996,89,162,29756,
426.44434566646777,69996,89,161,29757,
426.46942093917687,69996,88,162,29757,
426.47986820313247,69995,89,162,29757,
426.4916365788039,69995,89,161,29758,
426.5014890255328,69994,90,161,29758,
426.50659464307535,69993,91,161,29758,
426.52256957098547,69993,91,160,29759,
426.57015647036917,69992,92,160,29759,
426.5858838318185,69992,92,159,29760,
426.5993722745094,69991,93,159,29760,
426.6295414088651,69991,93,158,29761,
426.6752827279971,69991,93,157,29762,
426.6788877987578,69991,92,158,29762,
426.6871313972572,69991,91,159,29762,
426.699347642315,69990,92,159,29762,
426.75893159278075,69990,91,160,29762,
426.7722127136871,69989,92,160,29762,
426.7739408767064,69989,92,159,29763,
426.77602273909315,69989,92,158,29764,
426.7981330947704,69989,92,157,29765,
426.839545588172,69989,92,156,29766,
426.84692545982534,69988,93,156,29766,
426.85487578221074,69988,93,155,29767,
426.8713045023119,69988,93,154,29768,
426.89304604186856,69988,93,153,29769,
426.9444732680438,69987,94,153,29769,
426.95195489422224,69987,93,154,29769,
426.95586221443375,69987,93,153,29770,
426.95649969663134,69987,92,154,29770,
427.00476974095653,69987,92,153,29771,
427.00772117516107,69987,91,154,29771,
427.0271771962748,69987,91,153,29772,
427.04693524295925,69987,90,154,29772,
427.0624320935233,69986,91,154,29772,
427.0732361755119,69985,92,154,29772,
427.0770941077769,69985,91,155,29772,
427.09459071845015,69985,90,156,29772,
427.1009603216758,69985,89,157,29772,
427.1415054561635,69984,90,157,29772,
427.1658555743946,69984,90,156,29773,
427.1821941569133,69984,89,157,29773,
427.19600408890045,69983,90,157,29773,
427.21369872016277,69983,90,156,29774,
427.22916758718287,69983,90,155,29775,
427.2346403145021,69983,89,156,29775,
427.23771665079784,69983,88,157,29775,
427.24100759504535,69983,87,158,29775,
427.2918862960902,69982,88,158,29775,
427.3699234267447,69981,89,158,29775,
427.37577603894016,69981,89,157,29776,
427.383944361528,69981,89,156,29777,
427.392369675619,69980,90,156,29777,
427.39845172396264,69980,89,157,29777,
427.4241266024103,69979,90,157,29777,
427.44219816922043,69979,89,158,29777,
427.4507960893282,69979,89,157,29778,
427.4646163234189,69978,90,157,29778,
427.50309462625273,69978,89,158,29778,
427.50502047573065,69978,88,159,29778,
427.5711270457546,69978,87,160,29778,
427.57233167064095,69978,87,159,29779,
427.6021393744598,69978,87,158,29780,
427.6240760066897,69977,88,158,29780,
427.66141960766623,69976,89,158,29780,
427.6804922711913,69975,90,158,29780,
427.68278819528183,69974,91,158,29780,
427.6852088202348,69974,90,159,29780,
427.687689987483,69974,89,160,29780,
427.73942575073386,69974,89,159,29781,
427.73965713970796,69974,88,160,29781,
427.7409886839922,69974,88,159,29782,
427.7432260818262,69974,87,160,29782,
427.75444938752986,69973,88,160,29782,
427.8277983294753,69973,88,159,29783,
427.84566292363905,69973,88,158,29784,
427.8662790877327,69973,87,159,29784,
427.890953919689,69973,87,158,29785,
427.9012829803251,69973,87,157,29786,
427.92856727108256,69972,88,157,29786,
427.9339552877744,69972,88,156,29787,
427.9445334542989,69972,87,157,29787,
427.94816515176325,69972,86,158,29787,
427.9965573630972,69971,87,158,29787,
428.00540698197784,69970,88,158,29787,
428.01840662111084,69969,89,158,29787,
428.0320541395673,69969,88,159,29787,
428.03683424101405,69969,87,160,29787,
428.08375775481335,69968,88,160,29787,
428.12996379929353,69968,87,161,29787,
428.1336538348046,69968,86,162,29787,
428.15416843387084,69968,86,161,29788,
428.1945653989552,69968,85,162,29788,
428.20102470900656,69968,84,163,29788,
428.22004831582535,69967,85,163,29788,
428.2382932655314,69967,85,162,29789,
428.246495295609,69966,86,162,29789,
428.25681988962776,69966,86,161,29790,
428.3008423969764,69966,85,162,29790,
428.30498336631837,69966,84,163,29790,
428.32033884273216,69965,85,163,29790,
428.33950372719556,69965,85,162,29791,
428.3417968702078,69965,84,163,29791,
428.3461292181433,69964,85,163,29791,
428.3554522060557,69963,86,163,29791,
428.36592292790624,69962,87,163,29791,
428.3704025311215,69962,87,162,29792,
428.3904593666814,69962,87,161,29793,
428.5048782187782,69962,86,162,29793,
428.5320394545048,69962,86,161,29794,
428.563855917068,69961,87,161,29794,
428.6261132444959,69961,87,160,29795,
428.661322403195,69961,86,161,29795,
428.6636500157825,69960,87,161,29795,
428.68557888960805,69960,86,162,29795,
428.7149425737292,69960,85,163,29795,
428.71907733561216,69960,84,164,29795,
428.7358232078423,69960,83,165,29795,
428.74273957737864,69960,83,164,29796,
428.75632953805035,69960,83,163,29797,
428.7629945376373,69959,84,163,29797,
428.764302217235,69958,85,163,29797,
428.78580682094946,69958,84,164,29797,
428.7967685296733,69958,84,163,29798,
428.80537370503,69958,83,164,29798,
428.8149836651426,69958,82,165,29798,
428.81502989990634,69958,81,166,29798,
428.82429657925985,69958,81,165,29799,
428.8716632236877,69958,81,164,29800,
428.8983877711783,69957,82,164,29800,
428.90345918663496,69957,81,165,29800,
428.90381471424035,69957,80,166,29800,
428.9552051633137,69957,80,165,29801,
428.9639632104288,69956,81,165,29801,
428.99516380281847,69956,80,166,29801,
429.0435356235859,69956,80,165,29802,
429.04517425220587,69956,80,164,29803,
429.08372695254474,69956,79,165,29803,
429.08435035292666,69955,80,165,29803,
429.12423211005057,69955,79,166,29803,
429.12538075094335,69955,78,167,29803,
429.1340929876272,69954,79,167,29803,
429.1436822123207,69954,79,166,29804,
429.154149947399,69954,79,165,29805,
429.1886119159248,69954,79,164,29806,
429.19138425629524,69953,80,164,29806,
429.21650698075086,69953,79,165,29806,
429.23245516649087,69953,79,164,29807,
429.2393581970145,69952,80,164,29807,
429.24187158560187,69952,80,163,29808,
429.2467842927124,69952,80,162,29809,
429.26062610670886,69951,81,162,29809,
429.3430190453972,69950,82,162,29809,
429.3535009905224,69949,83,162,29809,
429.38467237973055,69949,83,161,29810,
429.392865673428,69949,83,160,29811,
429.44209358839316,69949,83,159,29812,
429.47260663295395,69948,84,159,29812,
429.5703306879528,69948,84,158,29813,
429.57298965145503,69948,84,157,29814,
429.5795124028777,69947,85,157,29814,
429.68704443581646,69947,84,158,29814,
429.69831416979173,69947,84,157,29815,
429.698869617277,69946,85,157,29815,
429.72015317351185,69946,85,156,29816,
429.72484918369565,69946,85,155,29817,
429.7378539542132,69945,86,155,29817,
429.73785651455796,69944,87,155,29817,
429.74866058676486,69944,86,156,29817,
429.7640895092363,69944,85,157,29817,
429.80310260652715,69943,86,157,29817,
429.80709705016426,69943,86,156,29818,
429.81379745919105,69943,86,155,29819,
429.82042680720895,69943,86,154,29820,
429.8243939075753,69942,87,154,29820,
429.8674161679887,69942,87,153,29821,
429.87140682368516,69941,88,153,29821,
429.8850700832533,69941,87,154,29821,
429.8913631392104,69941,87,153,29822,
429.8913633560728,69940,88,153,29822,
429.91463992776,69939,89,153,29822,
429.98647860057775,69939,88,154,29822,
430.0009149015102,69939,88,153,29823,
430.0134333643751,69938,89,153,29823,
430.0478616067021,69938,88,154,29823,
430.0706862773137,69938,87,155,29823,
430.08508454421553,69938,87,154,29824,
430.10145299729146,69938,86,155,29824,
430.10827672656717,69938,86,154,29825,
430.11874146572706,69938,86,153,29826,
430.1339115010283,69937,87,153,29826,
430.17180153418525,69937,87,152,29827,
430.18056068418315,69937,87,151,29828,
430.1863731801187,69937,86,152,29828,
430.18740299507084,69936,87,152,29828,
430.1926105590845,69935,88,152,29828,
430.222759212266,69935,88,151,29829,
430.23168249474486,69935,87,152,29829,
430.2327032179737,69934,88,152,29829,
430.23611197208254,69934,88,151,29830,
430.25563585481416,69934,88,150,29831,
430.2670494798297,69934,88,149,29832,
430.2729488065022,69934,88,148,29833,
430.2986218066742,69934,88,147,29834,
430.3438898869833,69934,87,148,29834,
430.3579801445826,69933,88,148,29834,
430.39041146727703,69932,89,148,29834,
430.39151607489725,69931,90,148,29834,
430.4537390451321,69931,90,147,29835,
430.48430187302665,69930,91,147,29835,
430.49825663182673,69930,90,148,29835,
430.519344323007,69930,90,147,29836,
430.5344612470981,69930,90,146,29837,
430.5751698604435,69930,90,145,29838,
430.5823899165756,69930,90,144,29839,
430.5984154749811,69929,91,144,29839,
430.6137731330784,69929,91,143,29840,
430.62025810336445,69929,91,142,29841,
430.6322384087699,69929,90,143,29841,
430.65731770948656,69929,89,144,29841,
430.69297282531585,69928,90,144,29841,
430.7527929719714,69927,91,144,29841,
430.78451563736195,69927,90,145,29841,
430.78997802384515,69927,89,146,29841,
430.801687950615,69927,89,145,29842,
430.8170858311959,69927,88,146,29842,
430.82659308410865,69927,88,145,29843,
430.8359496871487,69927,87,146,29843,
430.8484822585655,69926,88,146,29843,
430.8554792579665,69925,89,146,29843,
430.85693967254036,69925,88,147,29843,
430.858770926729,69925,88,146,29844,
430.8680103726711,69925,87,147,29844,
430.9004553351268,69924,88,147,29844,
430.9075574345635,69924,87,148,29844,
430.9139750305809,69924,87,147,29845,
430.9539566857564,69924,86,148,29845,
430.95453082757984,69924,86,147,29846,
430.97119720461563,69924,86,146,29847,
430.9723962428839,69923,87,146,29847,
430.9973833245779,69923,87,145,29848,
431.01560279926326,69923,86,146,29848,
431.0430320304501,69923,85,147,29848,
431.0607203824334,69923,84,148,29848,
431.09357010575974,69922,85,148,29848,
431.1254807451907,69921,86,148,29848,
431.18927975402084,69921,85,149,29848,
431.2394423258777,69921,85,148,29849,
431.25005543081454,69921,84,149,29849,
431.262685531218,69921,83,150,29849,
431.2798173146934,69920,84,150,29849,
431.2942487596974,69920,84,149,29850,
431.3155673301006,69919,85,149,29850,
431.3197852850299,69919,85,148,29851,
431.4245117421533,69919,85,147,29852,
431.432069894409,69918,86,147,29852,
431.44463020867113,69917,87,147,29852,
431.4469429392152,69917,86,148,29852,
431.4787830809039,69916,87,148,29852,
431.50765649631137,69916,86,149,29852,
431.5482698297953,69916,85,150,29852,
431.55579205491983,69916,84,151,29852,
431.56758362774445,69916,84,150,29853,
431.5886305366562,69915,85,150,29853,
431.6003120460792,69915,85,149,29854,
431.61798897661106,69915,84,150,29854,
431.6212465769744,69914,85,150,29854,
431.62136728551104,69914,84,151,29854,
431.6278835661324,69913,85,151,29854,
431.6366891442595,69913,85,150,29855,
431.6399743794029,69912,86,150,29855,
431.6631424942371,69911,87,150,29855,
431.6762747191188,69911,86,151,29855,
431.6890204598814,69911,86,150,29856,
431.6980043747122,69911,85,151,29856,
431.72538541341817,69911,85,150,29857,
431.72680781813864,69911,84,151,29857,
431.7501845519129,69911,84,150,29858,
431.7518965784643,69911,84,149,29859,
431.7547470429446,69911,84,148,29860,
431.76580007504447,69911,84,147,29861,
431.79231001329117,69911,83,148,29861,
431.79676450548516,69911,82,149,29861,
431.8054415739877,69911,82,148,29862,
431.8227773731192,69910,83,148,29862,
431.82940008812847,69910,83,147,29863,
431.8361916860661,69910,83,146,29864,
431.88559507689433,69910,83,145,29865,
431.903802481475,69910,82,146,29865,
431.94703410510704,69910,81,147,29865,
431.9503847275816,69910,80,148,29865,
431.9664613939051,69910,80,147,29866,
432.016810688168,69910,80,146,29867,
432.03549179309755,69910,79,147,29867,
432.04263004285906,69910,78,148,29867,
432.0637909989183,69909,79,148,29867,
432.1159990897568,69909,78,149,29867,
432.1339493296689,69909,77,150,29867,
432.1445497396746,69909,76,151,29867,
432.14487085312726,69909,76,150,29868,
432.15401337741775,69909,75,151,29868,
432.2167653380911,69909,75,150,29869,
432.2529469157648,69909,74,151,29869,
432.2697765055132,69909,74,150,29870,
432.2713062506337,69908,75,150,29870,
432.2729797057745,69907,76,150,29870,
432.28289891161256,69907,76,149,29871,
432.3317936396049,69906,77,149,29871,
432.3484853128225,69906,76,150,29871,
432.353502450528,69905,77,150,29871,
432.39030627997494,69905,77,149,29872,
432.39654585052574,69905,77,148,29873,
432.40752781464874,69905,76,149,29873,
432.4468605920359,69905,76,148,29874,
432.59188141878815,69904,77,148,29874,
432.6051377380554,69903,78,148,29874,
432.62873245482973,69903,77,149,29874,
432.651364289296,69903,76,150,29874,
432.66193905562733,69902,77,150,29874,
432.6669320369508,69902,77,149,29875,
432.66753499044313,69901,78,149,29875,
432.67311993501335,69901,78,148,29876,
432.74501466997776,69901,77,149,29876,
432.77015247073984,69900,78,149,29876,
432.7902462052595,69900,77,150,29876,
432.80464862903915,69900,76,151,29876,
432.8068543406682,69899,77,151,29876,
432.8387749165809,69899,76,152,29876,
432.84500996972,69899,76,151,29877,
432.86412471482646,69899,76,150,29878,
432.89456506282045,69899,76,149,29879,
432.9128050242678,69899,75,150,29879,
432.94179134102234,69899,74,151,29879,
432.9463913931286,69899,74,150,29880,
432.9941241474541,69899,74,149,29881,
433.02017259592395,69899,74,148,29882,
433.0317812864378,69899,74,147,29883,
433.0404891393158,69899,73,148,29883,
433.04159993454505,69899,73,147,29884,
433.0474814314254,69899,72,148,29884,
433.04767968589306,69899,71,149,29884,
433.0689615577303,69899,71,148,29885,
433.07352093564043,69898,72,148,29885,
433.1539924275332,69897,73,148,29885,
433.15715634596734,69897,73,147,29886,
433.20907217854625,69897,72,148,29886,
433.2474804554462,69897,71,149,29886,
433.29040989970764,69897,70,150,29886,
433.3131100457267,69896,71,150,29886,
433.334273393836,69896,71,149,29887,
433.35274727695,69895,72,149,29887,
433.45171636165844,69894,73,149,29887,
433.49281279388634,69894,73,148,29888,
433.49920330525714,69894,73,147,29889,
433.50726214893086,69894,73,146,29890,
433.52800840683386,69894,73,145,29891,
433.5697452794772,69893,74,145,29891,
433.61371274835943,69892,75,145,29891,
433.61593694924625,69892,75,144,29892,
433.63954680451724,69892,74,145,29892,
433.66121433392067,69891,75,145,29892,
433.66338756718665,69890,76,145,29892,
433.6710422521622,69890,75,146,29892,
433.7161054408796,69889,76,146,29892,
433.7286089259304,69888,77,146,29892,
433.7333864579849,69888,76,147,29892,
433.7553647426381,69888,76,146,29893,
433.77724849845845,69888,75,147,29893,
433.81319653222914,69888,75,146,29894,
433.826988591029,69887,76,146,29894,
433.8363616037225,69887,76,145,29895,
433.8476670458268,69887,75,146,29895,
433.8588644458074,69886,76,146,29895,
433.8700717258552,69886,76,145,29896,
433.87093648338265,69886,76,144,29897,
433.8722864934884,69886,75,145,29897,
433.9046549650012,69886,74,146,29897,
433.9202594483242,69885,75,146,29897,
433.9281312018196,69885,74,147,29897,
433.9360272189423,69885,74,146,29898,
433.9524590849304,69885,73,147,29898,
433.97718965198914,69885,73,146,29899,
433.99295025181596,69885,72,147,29899,
434.00558292447806,69885,71,148,29899,
434.02782022046557,69885,71,147,29900,
434.1017676840511,69885,71,146,29901,
434.10346975844885,69885,71,145,29902,
434.11654905547437,69885,71,144,29903,
434.12320061766934,69885,70,145,29903,
434.1270214217031,69884,71,145,29903,
434.15804974774204,69884,71,144,29904,
434.1748109087003,69883,72,144,29904,
434.1929914578151,69883,72,143,29905,
434.19881729257315,69882,73,143,29905,
434.2287539225445,69882,73,142,29906,
434.2296667408178,69881,74,142,29906,
434.24745465689034,69880,75,142,29906,
434.2484210909996,69880,75,141,29907,
434.2626712842684,69880,74,142,29907,
434.28499548202257,69880,73,143,29907,
434.3732414824257,69880,72,144,29907,
434.39271184522255,69880,71,145,29907,
434.3985672105193,69880,71,144,29908,
434.4409182710297,69879,72,144,29908,
434.46347903683085,69878,73,144,29908,
434.47343110169584,69877,74,144,29908,
434.4768347653201,69877,73,145,29908,
434.4904263740974,69877,72,146,29908,
434.4959772220855,69876,73,146,29908,
434.49939649394327,69876,73,145,29909,
434.5445597852873,69876,72,146,29909,
434.55146885302526,69876,71,147,29909,
434.5651152447155,69876,70,148,29909,
434.6165682358746,69876,69,149,29909,
434.6871013123614,69876,69,148,29910,
434.7223841186152,69875,70,148,29910,
434.780856572007,69875,69,149,29910,
434.9582160217228,69874,70,149,29910,
434.9880757354003,69874,69,150,29910,
434.9985338320935,69874,69,149,29911,
435.04335924815723,69873,70,149,29911,
435.0540659471522,69872,71,149,29911,
435.0760654979977,69871,72,149,29911,
435.1091928932141,69871,72,148,29912,
435.12699050560224,69871,72,147,29913,
435.14865192702933,69871,72,146,29914,
435.1879077991263,69871,72,145,29915,
435.20056287934824,69870,73,145,29915,
435.23577369495393,69870,73,144,29916,
435.2379625388015,69870,73,143,29917,
435.28577797254457,69869,74,143,29917,
435.323021610994,69869,73,144,29917,
435.37762445818464,69869,73,143,29918,
435.42096625500324,69869,73,142,29919,
435.4557997382056,69868,74,142,29919,
435.4774454227059,69868,73,143,29919,
435.5174082440109,69868,72,144,29919,
435.5193604030315,69867,73,144,29919,
435.5217006450737,69866,74,144,29919,
435.53523512104,69865,75,144,29919,
435.58501761230656,69864,76,144,29919,
435.63502551024266,69864,75,145,29919,
435.70126024608356,69864,74,146,29919,
435.70675715396686,69864,73,147,29919,
435.7404808290846,69864,73,146,29920,
435.7534021505716,69864,73,145,29921,
435.80052751975995,69864,72,146,29921,
435.8124002022998,69864,72,145,29922,
435.84333001568586,69864,72,144,29923,
435.8556575748713,69864,72,143,29924,
435.86352145326975,69864,71,144,29924,
435.9028341892465,69864,71,143,29925,
435.9338615520751,69864,71,142,29926,
435.94355858789186,69864,70,143,29926,
435.9609283176801,69863,71,143,29926,
436.01023545756834,69863,71,142,29927,
436.0336714292174,69863,71,141,29928,
436.0639124475924,69863,70,142,29928,
436.064805205338,69863,70,141,29929,
436.09946325312325,69862,71,141,29929,
436.12255062125456,69862,70,142,29929,
436.12372204374964,69862,69,143,29929,
436.16581172676507,69861,70,143,29929,
436.1692421982071,69860,71,143,29929,
436.1902167586665,69860,70,144,29929,
436.22627821942547,69860,70,143,29930,
436.23633180127297,69860,69,144,29930,
436.2399513731554,69860,68,145,29930,
436.24290433373557,69860,68,144,29931,
436.24594388400976,69859,69,144,29931,
436.25138180699815,69858,70,144,29931,
436.2575239485308,69858,70,143,29932,
436.26244266158534,69858,70,142,29933,
436.2757849981805,69858,69,143,29933,
436.36886977797406,69858,69,142,29934,
436.39507326817545,69858,69,141,29935,
436.41946133479405,69858,68,142,29935,
436.49728055801387,69857,69,142,29935,
436.49781863618153,69857,68,143,29935,
436.5025262087382,69857,67,144,29935,
436.51921265701066,69857,67,143,29936,
436.55887416221435,69856,68,143,29936,
436.6002054817603,69856,67,144,29936,
436.60357297572864,69856,66,145,29936,
436.6219665810288,69855,67,145,29936,
436.6624054095398,69855,67,144,29937,
436.74567477705546,69854,68,144,29937,
436.76153830616283,69854,67,145,29937,
436.7839625747017,69853,68,145,29937,
436.79026855623283,69853,68,144,29938,
436.799058798515,69853,67,145,29938,
436.79958287442673,69853,66,146,29938,
436.80216263623464,69853,65,147,29938,
436.82528583652515,69853,65,146,29939,
436.82636848492467,69852,66,146,29939,
436.831959100809,69851,67,146,29939,
436.83553288736766,69850,68,146,29939,
436.8396304854689,69850,67,147,29939,
436.8521167052089,69850,67,146,29940,
436.8707305904854,69850,67,145,29941,
436.8885920686285,69849,68,145,29941,
436.8936686388425,69849,67,146,29941,
436.92100920014167,69848,68,146,29941,
436.92645961629796,69848,68,145,29942,
436.9387173035988,69847,69,145,29942,
436.94236031331974,69847,69,144,29943,
436.9628201127422,69846,70,144,29943,
436.9720863096865,69845,71,144,29943,
436.97592230682767,69844,72,144,29943,
436.9789977078252,69844,71,145,29943,
437.02382365598487,69844,71,144,29944,
437.03541391118745,69844,70,145,29944,
437.0471405291889,69844,70,144,29945,
437.06523473896476,69844,70,143,29946,
437.0766738812068,69844,69,144,29946,
437.08113030437113,69844,68,145,29946,
437.08265171781505,69844,68,144,29947,
437.08326528051975,69844,68,143,29948,
437.0987221237997,69844,68,142,29949,
437.1316201615814,69844,68,141,29950,
437.14962812638487,69843,69,141,29950,
437.1517170302519,69843,69,140,29951,
437.192662557664,69843,69,139,29952,
437.2122992872718,69843,69,138,29953,
437.23520011109906,69843,69,137,29954,
437.2371728971574,69842,70,137,29954,
437.25244765188876,69841,71,137,29954,
437.31170070264426,69840,72,137,29954,
437.31701404596987,69839,73,137,29954,
437.3641553430346,69838,74,137,29954,
437.39573859047084,69838,73,138,29954,
437.436421949722,69838,73,137,29955,
437.4400766163825,69838,72,138,29955,
437.4653317040885,69838,72,137,29956,
437.473427774588,69838,71,138,29956,
437.55351008391864,69837,72,138,29956,
437.60835429827813,69836,73,138,29956,
437.73641993393085,69836,72,139,29956,
437.7542577152562,69836,72,138,29957,
437.78948368020303,69836,72,137,29958,
437.8021200448049,69836,72,136,29959,
437.81181654244136,69836,72,135,29960,
437.8567204398117,69835,73,135,29960,
437.8714430047597,69835,72,136,29960,
437.95736087793716,69835,72,135,29961,
437.9596332084049,69835,72,134,29962,
437.9961641604161,69835,72,133,29963,
438.04944874581645,69835,71,134,29963,
438.0699205838601,69835,71,133,29964,
438.07686912732646,69835,71,132,29965,
438.12407407292005,69834,72,132,29965,
438.12729023020444,69833,73,132,29965,
438.1483582610296,69833,73,131,29966,
438.1827035402407,69833,73,130,29967,
438.19097006320976,69833,72,131,29967,
438.1912052579306,69833,71,132,29967,
438.2004044591171,69832,72,132,29967,
438.20823748706295,69832,72,131,29968,
438.2434671515644,69831,73,131,29968,
438.2535393161175,69831,72,132,29968,
438.2908282361894,69830,73,132,29968,
438.31685115391923,69830,73,131,29969,
438.3421759912582,69830,72,132,29969,
438.36128144983957,69829,73,132,29969,
438.376055533303,69829,72,133,29969,
438.37643216373266,69829,71,134,29969,
438.38449159401574,69829,70,135,29969,
438.41289556090936,69828,71,135,29969,
438.44012695213337,69828,71,134,29970,
438.4563289493141,69828,70,135,29970,
438.4648977650164,69828,70,134,29971,
438.49611981199865,69828,69,135,29971,
438.55471456099656,69828,69,134,29972,
438.5931079861337,69827,70,134,29972,
438.61854406727764,69827,69,135,29972,
438.6398252823153,69826,70,135,29972,
438.6456307858246,69826,69,136,29972,
438.6529089102377,69826,68,137,29972,
438.69202030112655,69826,67,138,29972,
438.6958615542471,69826,66,139,29972,
438.70839016710676,69826,66,138,29973,
438.71041590178993,69826,66,137,29974,
438.7269096608994,69825,67,137,29974,
438.7664202458942,69824,68,137,29974,
438.76872872490173,69824,67,138,29974,
438.79835295934373,69824,66,139,29974,
438.80207604231094,69824,65,140,29974,
438.8108031272152,69823,66,140,29974,
438.81663124329015,69823,66,139,29975,
438.8540224818821,69823,66,138,29976,
438.8618760181937,69822,67,138,29976,
438.8653167419633,69822,66,139,29976,
438.91950919599094,69822,65,140,29976,
438.9543505144119,69822,65,139,29977,
438.95967370071406,69822,65,138,29978,
438.96720593071365,69822,64,139,29978,
438.97051398496933,69822,64,138,29979,
438.9722727574045,69821,65,138,29979,
438.9898495174584,69821,65,137,29980,
439.12785454654346,69820,66,137,29980,
439.135140722879,69820,66,136,29981,
439.174732296852,69820,65,137,29981,
439.17927077457335,69819,66,137,29981,
439.18565325310846,69819,65,138,29981,
439.21443885661853,69818,66,138,29981,
439.2457785307084,69817,67,138,29981,
439.2579674170891,69816,68,138,29981,
439.31843477002315,69816,67,139,29981,
439.33511798406954,69816,67,138,29982,
439.33603079526813,69816,67,137,29983,
439.3415075472591,69815,68,137,29983,
439.3511690860734,69814,69,137,29983,
439.3569108480674,69813,70,137,29983,
439.39550379145084,69813,69,138,29983,
439.40774898811713,69812,70,138,29983,
439.4241627001649,69812,70,137,29984,
439.42690534894155,69811,71,137,29984,
439.43399661285815,69811,70,138,29984,
439.44443068901705,69811,70,137,29985,
439.4536152825392,69810,71,137,29985,
439.5148101287742,69810,71,136,29986,
439.5643191295656,69809,72,136,29986,
439.6040192784005,69809,71,137,29986,
439.63888884820443,69809,71,136,29987,
439.64180123851423,69809,70,137,29987,
439.64396180933295,69808,71,137,29987,
439.68938923408143,69808,71,136,29988,
439.7056231115207,69808,70,137,29988,
439.7131263723844,69807,71,137,29988,
439.723453027764,69807,70,138,29988,
439.72631025777554,69807,69,139,29988,
439.75720189575117,69806,70,139,29988,
439.8152941628329,69805,71,139,29988,
439.8477753871774,69805,70,140,29988,
439.8491420002414,69804,71,140,29988,
439.8587216389499,69804,70,141,29988,
439.86180075561526,69803,71,141,29988,
439.9210631272914,69803,71,140,29989,
439.9584699719769,69803,71,139,29990,
439.9602560375692,69803,71,138,29991,
439.97381657563494,69803,71,137,29992,
439.99109493990875,69803,70,138,29992,
439.99789527384246,69802,71,138,29992,
440.00509104068607,69802,71,137,29993,
440.01409373575945,69802,71,136,29994,
440.0426593144694,69802,70,137,29994,
440.06704148171383,69802,70,136,29995,
440.07482081734594,69801,71,136,29995,
440.0815370417439,69801,71,135,29996,
440.10961251270186,69800,72,135,29996,
440.16677731032746,69799,73,135,29996,
440.189965046221,69799,73,134,29997,
440.2150178771582,69799,73,133,29998,
440.2171876260567,69799,73,132,29999,
440.21854030190724,69798,74,132,29999,
440.24556967562256,69797,75,132,29999,
440.29012878054493,69797,75,131,30000,
440.2981485374982,69797,74,132,30000,
440.3017510143116,69797,73,133,30000,
440.3178108787848,69797,73,132,30001,
440.32569233922857,69797,72,133,30001,
440.339656948323,69797,71,134,30001,
440.3413883274569,69797,71,133,30002,
440.35150254160305,69797,71,132,30003,
440.3539887488058,69796,72,132,30003,
440.3803332761147,69796,71,133,30003,
440.42716974716893,69796,71,132,30004,
440.43456180694693,69796,70,133,30004,
440.4380183492831,69795,71,133,30004,
440.45415421780257,69795,71,132,30005,
440.4766375920335,69795,70,133,30005,
440.5473558074415,69795,70,132,30006,
440.5549065956846,69795,70,131,30007,
440.5609927393988,69794,71,131,30007,
440.5611426332702,69794,71,130,30008,
440.58264695602355,69794,71,129,30009,
440.6018548283578,69793,72,129,30009,
440.62602159981606,69793,72,128,30010,
440.63935408854127,69793,72,127,30011,
440.6570469393176,69792,73,127,30011,
440.7177242878306,69791,74,127,30011,
440.7243464893552,69791,74,126,30012,
440.72967435807413,69791,74,125,30013,
440.74174332924554,69791,74,124,30014,
440.7793259922778,69790,75,124,30014,
440.77982334935484,69789,76,124,30014,
440.78217574134186,69788,77,124,30014,
440.8090114519768,69788,77,123,30015,
440.8090692126767,69788,76,124,30015,
440.8197687601913,69787,77,124,30015,
440.8374562773281,69786,78,124,30015,
440.8615117579233,69786,78,123,30016,
440.8907426883571,69785,79,123,30016,
440.90463883164534,69785,79,122,30017,
440.99459366037667,69785,78,123,30017,
441.04361722214134,69785,78,122,30018,
441.05573454246024,69785,78,121,30019,
441.10907438335863,69785,77,122,30019,
441.1445375812639,69785,76,123,30019,
441.14477819975804,69785,75,124,30019,
441.15260839864413,69785,74,125,30019,
441.1583379102686,69785,74,124,30020,
441.2066341200359,69784,75,124,30020,
441.207286631023,69783,76,124,30020,
441.22171247211213,69782,77,124,30020,
441.2337865514599,69782,77,123,30021,
441.2544568548283,69782,77,122,30022,
441.27117903891707,69782,76,123,30022,
441.2948029663738,69782,76,122,30023,
441.3344438475271,69782,75,123,30023,
441.3382076418525,69782,75,122,30024,
441.356859582033,69781,76,122,30024,
441.3980502877402,69781,76,121,30025,
441.4371082364651,69781,76,120,30026,
441.43890570568306,69780,77,120,30026,
441.4490999658094,69780,77,119,30027,
441.47730604473117,69780,76,120,30027,
441.4979867749601,69780,75,121,30027,
441.5435377958185,69780,74,122,30027,
441.5854514352985,69780,73,123,30027,
441.59518701180525,69780,72,124,30027,
441.6377598018334,69780,72,123,30028,
441.64815687599673,69780,71,124,30028,
441.6734976971702,69779,72,124,30028,
441.6944340300066,69779,71,125,30028,
441.72049553828407,69779,70,126,30028,
441.72612128510104,69779,70,125,30029,
441.7469089334226,69779,70,124,30030,
441.74989330684787,69779,69,125,30030,
441.7550851873455,69778,70,125,30030,
441.7684875783404,69778,70,124,30031,
441.77403413141644,69777,71,124,30031,
441.82912101918663,69776,72,124,30031,
441.8728556138102,69775,73,124,30031,
441.8918327085664,69775,73,123,30032,
441.90435412325627,69774,74,123,30032,
441.93918905726457,69774,74,122,30033,
441.9476508812506,69774,74,121,30034,
441.9858615288557,69773,75,121,30034,
442.0927466153821,69773,75,120,30035,
442.0935630694233,69773,75,119,30036,
442.1153766831961,69773,75,118,30037,
442.1291042007624,69772,76,118,30037,
442.2812649262655,69772,76,117,30038,
442.2865621214152,69771,77,117,30038,
442.2941158907586,69771,76,118,30038,
442.32872370096936,69771,76,117,30039,
442.3311396852261,69771,75,118,30039,
442.3712496780964,69770,76,118,30039,
442.3960570303526,69770,75,119,30039,
442.44918129336145,69770,74,120,30039,
442.4801508321591,69770,73,121,30039,
442.48938660435573,69769,74,121,30039,
442.60918518850065,69769,74,120,30040,
442.60925640567916,69769,73,121,30040,
442.62611965176546,69768,74,121,30040,
442.6546983259208,69768,74,120,30041,
442.66772115042573,69768,73,121,30041,
442.68273208076926,69768,73,120,30042,
442.68275091287563,69768,72,121,30042,
442.74404082781365,69768,71,122,30042,
442.75519375311353,69768,71,121,30043,
442.79136220126816,69767,72,121,30043,
442.8239576599559,69767,71,122,30043,
442.84461981253514,69767,70,123,30043,
442.850884770708,69767,69,124,30043,
442.86125266593217,69767,68,125,30043,
442.9198628606583,69767,67,126,30043,
442.9445540222749,69766,68,126,30043,
442.99564508891734,69766,68,125,30044,
443.01368364356046,69766,68,124,30045,
443.01923248027464,69765,69,124,30045,
443.02997940997346,69764,70,124,30045,
443.07949648461556,69764,69,125,30045,
443.11855550138614,69764,69,124,30046,
443.1236163115436,69763,70,124,30046,
443.16164976226617,69763,70,123,30047,
443.1783605534579,69762,71,123,30047,
443.1797286836372,69762,70,124,30047,
443.180657752584,69761,71,124,30047,
443.2156938402612,69760,72,124,30047,
443.2518941993113,69760,71,125,30047,
443.2905864176318,69759,72,125,30047,
443.3267028332852,69758,73,125,30047,
443.3794696790918,69758,73,124,30048,
443.3848172663676,69757,74,124,30048,
443.3931136461362,69757,74,123,30049,
443.43485886018584,69756,75,123,30049,
443.4710700554297,69756,75,122,30050,
443.5011337566282,69756,74,123,30050,
443.56552408708706,69756,73,124,30050,
443.5747352327603,69756,73,123,30051,
443.58655805666893,69756,73,122,30052,
443.59439483584464,69756,72,123,30052,
443.61506417794504,69756,71,124,30052,
443.6213942406002,69756,70,125,30052,
443.6276580428479,69755,71,125,30052,
443.6777607136714,69754,72,125,30052,
443.6794465181567,69753,73,125,30052,
443.7144868015939,69753,73,124,30053,
443.74817912887113,69752,74,124,30053,
443.74824780054865,69751,75,124,30053,
443.76701796900994,69751,75,123,30054,
443.7924800880474,69750,76,123,30054,
443.80698593755466,69750,75,124,30054,
443.82078693384597,69750,75,123,30055,
443.8278438835069,69749,76,123,30055,
443.8477441067731,69748,77,123,30055,
443.8498597194399,69747,78,123,30055,
443.85905115973037,69747,77,124,30055,
443.87984983674534,69747,76,125,30055,
443.89607519540334,69747,76,124,30056,
443.8975212357549,69747,75,125,30056,
443.9016945149262,69747,75,124,30057,
443.9123243658915,69747,74,125,30057,
443.9341852182581,69747,74,124,30058,
443.94122797795967,69747,73,125,30058,
443.95134001318485,69747,72,126,30058,
443.9657081763855,69747,72,125,30059,
443.98980950234613,69747,71,126,30059,
443.99086239573785,69746,72,126,30059,
444.0091906489814,69746,72,125,30060,
444.0493598034114,69745,73,125,30060,
444.05696810643053,69745,72,126,30060,
444.06094894459244,69745,71,127,30060,
444.06983849603955,69745,71,126,30061,
444.08981270889154,69745,71,125,30062,
444.09086135768604,69745,70,126,30062,
444.1164986927443,69745,70,125,30063,
444.13853730447585,69745,70,124,30064,
444.1722121676364,69745,69,125,30064,
444.36256140392777,69744,70,125,30064,
444.3835563924452,69744,70,124,30065,
444.3899816713837,69744,70,123,30066,
444.4258957659422,69744,70,122,30067,
444.43390964014986,69744,70,121,30068,
444.4395548543095,69744,69,122,30068,
444.44927085649545,69744,68,123,30068,
444.4654890908547,69743,69,123,30068,
444.46901334482897,69742,70,123,30068,
444.4730832982095,69741,71,123,30068,
444.48911834210395,69740,72,123,30068,
444.49920563326714,69739,73,123,30068,
444.5294546861155,69739,72,124,30068,
444.54573438143836,69739,71,125,30068,
444.5649827278381,69739,70,126,30068,
444.63997828180226,69739,70,125,30069,
444.64405234378376,69739,69,126,30069,
444.65816728920043,69739,69,125,30070,
444.663462795103,69739,69,124,30071,
444.6764719934192,69739,69,123,30072,
444.6831084398822,69739,69,122,30073,
444.6838924077952,69738,70,122,30073,
444.68820390681736,69738,69,123,30073,
444.6899350952348,69738,69,122,30074,
444.7212363742108,69738,69,121,30075,
444.7266471582712,69738,69,120,30076,
444.7352226050122,69738,69,119,30077,
444.74056145196755,69738,69,118,30078,
444.7474281614959,69737,70,118,30078,
444.7666163745595,69736,71,118,30078,
444.7816125141058,69736,70,119,30078,
444.86181958685034,69736,70,118,30079,
444.90506754827516,69736,70,117,30080,
444.9497805200517,69735,71,117,30080,
444.96664550509473,69735,70,118,30080,
444.9784356108529,69734,71,118,30080,
444.9795867465405,69734,70,119,30080,
444.9798497441138,69734,69,120,30080,
445.05189419632035,69733,70,120,30080,
445.06572280584555,69733,69,121,30080,
445.09884913152143,69733,68,122,30080,
445.1505190564345,69733,68,121,30081,
445.1584316371431,69733,68,120,30082,
445.16291915552307,69732,69,120,30082,
445.27544763235215,69732,69,119,30083,
445.27887339239703,69731,70,119,30083,
445.2934691734352,69731,70,118,30084,
445.38640218673027,69730,71,118,30084,
445.4165196846492,69730,71,117,30085,
445.4232525871107,69730,70,118,30085,
445.4235823954814,69729,71,118,30085,
445.45390420089154,69729,71,117,30086,
445.45425348322027,69729,70,118,30086,
445.4742218366126,69729,70,117,30087,
445.52063608082454,69728,71,117,30087,
445.5521895157977,69728,71,116,30088,
445.5956041937477,69728,70,117,30088,
445.6194859901822,69728,69,118,30088,
445.68191789182026,69728,69,117,30089,
445.7081346716186,69727,70,117,30089,
445.7675488821548,69726,71,117,30089,
445.79917735297073,69726,71,116,30090,
445.83818186599416,69725,72,116,30090,
445.937602801238,69724,73,116,30090,
445.9537853784081,69724,73,115,30091,
445.9852561377816,69724,72,116,30091,
445.99169912946405,69724,72,115,30092,
446.03073748468967,69724,72,114,30093,
446.07369158531594,69724,71,115,30093,
446.0779262578983,69724,70,116,30093,
446.08723552793,69724,69,117,30093,
446.09852395263624,69724,68,118,30093,
446.1094880599554,69723,69,118,30093,
446.1201829426594,69723,69,117,30094,
446.1399022657319,69722,70,117,30094,
446.1744420410158,69722,69,118,30094,
446.1987263902939,69721,70,118,30094,
446.2033385948165,69721,69,119,30094,
446.2058423904089,69720,70,119,30094,
446.2598841665121,69720,69,120,30094,
446.2625071115324,69720,68,121,30094,
446.279654856467,69719,69,121,30094,
446.28007315818144,69718,70,121,30094,
446.29164706846984,69718,69,122,30094,
446.3340948656066,69717,70,122,30094,
446.3347946651668,69717,70,121,30095,
446.3504485429148,69717,70,120,30096,
446.3983068953537,69716,71,120,30096,
446.40001409216086,69715,72,120,30096,
446.4494572360423,69714,73,120,30096,
446.48296121284557,69714,73,119,30097,
446.4890571710929,69714,73,118,30098,
446.51899770188413,69714,72,119,30098,
446.5217665533518,69713,73,119,30098,
446.55452354236076,69712,74,119,30098,
446.57257985793024,69712,74,118,30099,
446.57540472279914,69712,74,117,30100,
446.5914246388969,69711,75,117,30100,
446.59800586205426,69711,74,118,30100,
446.62437450637526,69711,74,117,30101,
446.63054217630935,69711,74,116,30102,
446.653250174605,69710,75,116,30102,
446.6545480125485,69710,74,117,30102,
446.6574347545485,69710,73,118,30102,
446.67818617769603,69710,73,117,30103,
446.71338207585995,69709,74,117,30103,
446.74916091745155,69709,74,116,30104,
446.7592074218825,69709,73,117,30104,
446.76175614161764,69708,74,117,30104,
446.8286708637699,69708,74,116,30105,
446.84280236686743,69708,73,117,30105,
446.84927303005225,69708,72,118,30105,
446.85573014446874,69708,71,119,30105,
446.8697297260014,69707,72,119,30105,
446.88866851865987,69706,73,119,30105,
446.88922266279417,69705,74,119,30105,
446.89086335883525,69705,73,120,30105,
446.9186174703602,69705,73,119,30106,
446.9482475044011,69704,74,119,30106,
446.988446441389,69704,73,120,30106,
447.05798762121066,69704,73,119,30107,
447.1000286700567,69704,72,120,30107,
447.1047733520374,69703,73,120,30107,
447.14187268458056,69703,72,121,30107,
447.1481684999993,69703,72,120,30108,
447.15166170776496,69703,72,119,30109,
447.1717812127971,69703,71,120,30109,
447.3131625273115,69703,70,121,30109,
447.3170186454377,69703,69,122,30109,
447.3255931834663,69703,68,123,30109,
447.3370892794873,69703,68,122,30110,
447.3669161802006,69703,67,123,30110,
447.4498887041961,69703,67,122,30111,
447.4691051537914,69702,68,122,30111,
447.47797323941717,69701,69,122,30111,
447.48325245626694,69701,69,121,30112,
447.499521519646,69701,69,120,30113,
447.50352377374236,69700,70,120,30113,
447.5058900356639,69699,71,120,30113,
447.5309615742479,69699,70,121,30113,
447.54422794941746,69699,69,122,30113,
447.5622952554985,69698,70,122,30113,
447.5631535011134,69698,69,123,30113,
447.58613694205144,69698,69,122,30114,
447.5944180706304,69698,69,121,30115,
447.66322011479747,69698,69,120,30116,
447.6650051682278,69698,68,121,30116,
447.6703319363314,69698,68,120,30117,
447.6900527483292,69698,68,119,30118,
447.6940392472349,69698,68,118,30119,
447.7011788659573,69697,69,118,30119,
447.70309809219214,69697,68,119,30119,
447.7052184126859,69697,68,118,30120,
447.7133580135691,69697,67,119,30120,
447.7748641549106,69696,68,119,30120,
447.796308770401,69696,68,118,30121,
447.80425054202874,69696,68,117,30122,
447.84465946143615,69696,68,116,30123,
447.85265477725767,69695,69,116,30123,
447.8816280138268,69694,70,116,30123,
447.88640856882427,69694,69,117,30123,
447.91294077513135,69694,68,118,30123,
447.91615043650364,69694,68,117,30124,
447.9334490979581,69694,68,116,30125,
447.97974161462133,69694,67,117,30125,
448.015836202295,69693,68,117,30125,
448.0298901367597,69693,67,118,30125,
448.03426875499406,69692,68,118,30125,
448.05372920362754,69691,69,118,30125,
448.0699670500061,69691,68,119,30125,
448.1338782150849,69691,68,118,30126,
448.1433594591174,69691,67,119,30126,
448.16860583707876,69691,67,118,30127,
448.1710582123014,69691,66,119,30127,
448.17713191103655,69691,65,120,30127,
448.2276961684832,69691,64,121,30127,
448.25478110861354,69691,63,122,30127,
448.2764030315975,69691,62,123,30127,
448.2894319777731,69691,62,122,30128,
448.2951748247113,69690,63,122,30128,
448.31040335968913,69690,63,121,30129,
448.3442608834867,69689,64,121,30129,
448.36252039744966,69688,65,121,30129,
448.38734272262377,69688,65,120,30130,
448.4455416333871,69688,65,119,30131,
448.5041386462322,69687,66,119,30131,
448.52049704980095,69687,65,120,30131,
448.55027606891383,69687,64,121,30131,
448.5560833738746,69686,65,121,30131,
448.57181714857694,69686,64,122,30131,
448.58657775166273,69685,65,122,30131,
448.5873311343731,69685,65,121,30132,
448.6013984150581,69685,65,120,30133,
448.6285765196853,69684,66,120,30133,
448.6341382855202,69683,67,120,30133,
448.6391298451332,69683,67,119,30134,
448.64118602655014,69683,67,118,30135,
448.6548731678349,69683,67,117,30136,
448.7278008847288,69683,66,118,30136,
448.79554925231724,69682,67,118,30136,
448.8349832141227,69682,67,117,30137,
448.85512546695054,69682,67,116,30138,
448.8575579292556,69681,68,116,30138,
448.8789041461424,69681,67,117,30138,
448.90257646507825,69681,67,116,30139,
448.93530815352483,69680,68,116,30139,
448.9427339562721,69679,69,116,30139,
449.0095993428208,69679,69,115,30140,
449.05596968914557,69679,69,114,30141,
449.0643132593562,69679,69,113,30142,
449.06452265774936,69679,68,114,30142,
449.0878069870128,69679,68,113,30143,
449.10504970677414,69679,67,114,30143,
449.2398035192154,69679,67,113,30144,
449.2424497191427,69679,67,112,30145,
449.31925250814163,69679,67,111,30146,
449.3512226249024,69679,67,110,30147,
449.38976760608426,69678,68,110,30147,
449.46486662239784,69678,67,111,30147,
449.4763052289699,69678,66,112,30147,
449.49156397600876,69677,67,112,30147,
449.5142067404018,69677,66,113,30147,
449.52184147364915,69676,67,113,30147,
449.5353427799176,69676,66,114,30147,
449.5460270995364,69676,65,115,30147,
449.54662244079793,69676,65,114,30148,
449.59251516920153,69676,64,115,30148,
449.6339683137075,69676,63,116,30148,
449.6474578294116,69675,64,116,30148,
449.652122664085,69675,63,117,30148,
449.6553532765603,69674,64,117,30148,
449.65717542610264,69674,63,118,30148,
449.7015375479211,69674,63,117,30149,
449.73604957595427,69674,63,116,30150,
449.7484781007643,69674,63,115,30151,
449.74849581286486,69674,62,116,30151,
449.8553877511794,69674,61,117,30151,
449.85938581110116,69674,61,116,30152,
449.8651126877591,69674,61,115,30153,
449.91760355053884,69674,60,116,30153,
449.92077377558974,69674,60,115,30154,
449.95865645693345,69674,59,116,30154,
449.97403466438584,69674,58,117,30154,
449.99701018724346,69674,58,116,30155,
450.0340877059389,69674,57,117,30155,
450.0731515763078,69674,57,116,30156,
450.0916135006589,69674,56,117,30156,
450.11540229283077,69674,55,118,30156,
450.1212675735439,69674,55,117,30157,
450.16104026795716,69674,54,118,30157,
450.1640234553681,69673,55,118,30157,
450.1751457099517,69673,55,117,30158,
450.22021280901083,69673,54,118,30158,
450.2412618563404,69673,53,119,30158,
450.2446007672327,69673,53,118,30159,
450.25158817852326,69673,52,119,30159,
450.2560299914703,69673,52,118,30160,
450.263367047958,69673,52,117,30161,
450.2873832956759,69673,52,116,30162,
450.2949393346729,69673,52,115,30163,
450.3213792668799,69673,52,114,30164,
450.3371199730632,69673,51,115,30164,
450.38502261732253,69673,50,116,30164,
450.41987660351214,69672,51,116,30164,
450.5638152239188,69672,50,117,30164,
450.5650831940766,69672,49,118,30164,
450.5792758071244,69672,48,119,30164,
450.62661512221234,69672,47,120,30164,
450.6271344092577,69672,46,121,30164,
450.6440043740396,69672,45,122,30164,
450.6546452466633,69671,46,122,30164,
450.7294032146688,69671,45,123,30164,
450.7437470638283,69670,46,123,30164,
450.75533936988546,69670,46,122,30165,
450.8071843829442,69669,47,122,30165,
450.81107052843834,69668,48,122,30165,
450.8156995388825,69667,49,122,30165,
450.8283273520346,69666,50,122,30165,
450.87187043479014,69665,51,122,30165,
450.88674795077065,69665,51,121,30166,
450.9315128767448,69665,50,122,30166,
450.97651943087925,69665,50,121,30167,
450.98811183789655,69664,51,121,30167,
451.0115759226811,69664,50,122,30167,
451.02050627815265,69664,50,121,30168,
451.031306210784,69664,49,122,30168,
451.1194291883175,69663,50,122,30168,
451.2296826205543,69663,50,121,30169,
451.24097639508886,69662,51,121,30169,
451.31329558122997,69661,52,121,30169,
451.3147216305409,69661,51,122,30169,
451.32763854216773,69660,52,122,30169,
451.32815813872395,69660,52,121,30170,
451.3525662171108,69659,53,121,30170,
451.3693508052143,69659,53,120,30171,
451.4502587180565,69658,54,120,30171,
451.4674642559227,69658,54,119,30172,
451.4914907520846,69658,54,118,30173,
451.49261627919395,69658,53,119,30173,
451.4930043340128,69658,53,118,30174,
451.5019407867479,69658,53,117,30175,
451.5164557523493,69658,52,118,30175,
451.53587706842876,69658,51,119,30175,
451.58733414132064,69658,50,120,30175,
451.6455216852352,69658,50,119,30176,
451.66964910056265,69657,51,119,30176,
451.6726871886101,69657,51,118,30177,
451.7090489090089,69656,52,118,30177,
451.7632967868467,69655,53,118,30177,
451.7779245276432,69655,53,117,30178,
451.8184683826904,69655,53,116,30179,
451.822534995625,69655,53,115,30180,
451.83887807135153,69655,52,116,30180,
451.8932060619417,69655,51,117,30180,
451.94614227142745,69655,51,116,30181,
452.00267185626745,69654,52,116,30181,
452.05999274106875,69654,51,117,30181,
452.0788787497573,69654,50,118,30181,
452.09932437664327,69654,50,117,30182,
452.1122619365082,69654,49,118,30182,
452.13214917641244,69654,49,117,30183,
452.14254959156824,69654,49,116,30184,
452.16389176298884,69654,48,117,30184,
452.19638090781723,69653,49,117,30184,
452.25214795934863,69653,49,116,30185,
452.2704085093387,69653,48,117,30185,
452.33384791159074,69653,47,118,30185,
452.34863179089984,69652,48,118,30185,
452.3754086014046,69652,48,117,30186,
452.40094060047454,69651,49,117,30186,
452.44694466088123,69651,49,116,30187,
452.4602601305756,69651,49,115,30188,
452.4693781186486,69651,48,116,30188,
452.5297026795465,69651,47,117,30188,
452.53897840982586,69651,47,116,30189,
452.56900326958623,69651,46,117,30189,
452.57148682697124,69650,47,117,30189,
452.5741863406389,69650,47,116,30190,
452.6082966286511,69650,46,117,30190,
452.6160077945675,69650,46,116,30191,
452.6322191491911,69649,47,116,30191,
452.63383051782216,69649,47,115,30192,
452.64652385727277,69648,48,115,30192,
452.6812975760137,69648,48,114,30193,
452.72055966000266,69648,48,113,30194,
452.77211053469273,69648,48,112,30195,
452.7813591043656,69648,47,113,30195,
452.8174205042675,69647,48,113,30195,
452.830525376746,69647,48,112,30196,
452.8353844805496,69647,48,111,30197,
452.93128668520785,69647,47,112,30197,
452.96401378544476,69646,48,112,30197,
453.0237437143628,69646,47,113,30197,
453.0255571480976,69645,48,113,30197,
453.04203877807925,69644,49,113,30197,
453.05698468687086,69644,48,114,30197,
453.0744891070912,69644,48,113,30198,
453.13648679239856,69644,48,112,30199,
453.18884907510017,69644,47,113,30199,
453.2471856969591,69643,48,113,30199,
453.2643877435343,69643,47,114,30199,
453.3107501526663,69643,46,115,30199,
453.33525963542047,69642,47,115,30199,
453.3428532667866,69642,47,114,30200,
453.3835407733436,69641,48,114,30200,
453.5039095922818,69641,48,113,30201,
453.5066460669296,69641,48,112,30202,
453.56670481354837,69641,47,113,30202,
453.58750425799985,69641,46,114,30202,
453.5876024624046,69640,47,114,30202,
453.63284872702025,69640,47,113,30203,
453.64154389770283,69640,46,114,30203,
453.6514231470432,69640,45,115,30203,
453.6525667540768,69640,44,116,30203,
453.6534804219544,69640,43,117,30203,
453.6599329264729,69640,43,116,30204,
453.70875897739273,69640,43,115,30205,
453.75531894992776,69640,43,114,30206,
453.76800946457934,69639,44,114,30206,
453.7924215274918,69639,44,113,30207,
453.8586225279873,69639,44,112,30208,
453.88218050432414,69639,44,111,30209,
453.8877324844711,69639,44,110,30210,
453.89304819314896,69639,43,111,30210,
453.90725624968627,69639,42,112,30210,
453.9340839630288,69639,42,111,30211,
453.93753678414356,69639,42,110,30212,
453.94162416661374,69639,42,109,30213,
454.000609269916,69638,43,109,30213,
454.02278244707713,69637,44,109,30213,
454.03898025009977,69636,45,109,30213,
454.0598023255414,69636,45,108,30214,
454.06220058565543,69635,46,108,30214,
454.06438686085096,69635,45,109,30214,
454.090814069686,69635,44,110,30214,
454.09705995319786,69635,44,109,30215,
454.14180481802697,69634,45,109,30215,
454.2821561018307,69634,44,110,30215,
454.4190911572998,69634,44,109,30216,
454.467077975796,69634,43,110,30216,
454.4826043294194,69634,43,109,30217,
454.5102539834539,69634,42,110,30217,
454.6123770832857,69634,41,111,30217,
454.6413175883912,69633,42,111,30217,
454.70642932905724,69633,42,110,30218,
454.7370867874484,69633,42,109,30219,
454.74356750218664,69633,41,110,30219,
454.77865934069075,69633,41,109,30220,
454.7826012857055,69633,41,108,30221,
454.7935393974499,69632,42,108,30221,
454.81373628056883,69632,41,109,30221,
454.862484621478,69632,40,110,30221,
454.9059308244653,69631,41,110,30221,
454.93930399725446,69630,42,110,30221,
454.9394318702697,69629,43,110,30221,
455.00866320815385,69629,43,109,30222,
455.050733741063,69628,44,109,30222,
