0.0,99983,0,20,0,
0.1618685529749726,99983,0,19,1,
0.7724102947912375,99982,1,19,1,
0.7724102947912375,99982,1,19,1,
0.7908875137496585,99981,2,19,1,
0.9912920648108685,99981,2,18,2,
0.9923190367234086,99980,3,18,2,
1.188904568042555,99979,4,18,2,
1.320937794296118,99978,5,18,2,
1.3615340947587111,99977,6,18,2,
1.3742550384401149,99976,7,18,2,
1.6300602307996377,99975,8,18,2,
1.6731095783407792,99974,9,18,2,
1.7083175877282835,99973,10,18,2,
1.7083175877282835,99973,10,18,2,
1.7201361539671123,99972,11,18,2,
1.7539806098269919,99972,11,17,3,
1.84860911725881,99971,12,17,3,
1.956159566069196,99970,13,17,3,
1.959038718825539,99969,14,17,3,
2.0226869213798366,99968,15,17,3,
2.114112426805516,99968,15,16,4,
2.3462806686530446,99968,14,17,4,
2.518202970489557,99968,13,18,4,
2.518202970489557,99968,13,18,4,
2.735741519755809,99967,14,18,4,
3.0277739478772583,99967,13,19,4,
3.1091950737595595,99967,13,18,5,
3.1462696912290053,99967,13,17,6,
3.212577705973723,99967,13,16,7,
3.212577705973723,99967,13,16,7,
3.2848679542837096,99967,13,15,8,
3.4612105746217456,99966,14,15,8,
3.5017459538303655,99965,15,15,8,
3.5115165402351907,99965,14,16,8,
3.727504608732841,99964,15,16,8,
3.800290345084516,99964,14,17,8,
4.155982756075149,99963,15,17,8,
4.174737738837707,99962,16,17,8,
4.174737738837707,99962,16,17,8,
4.298817028562812,99962,15,18,8,
4.472880916445759,99962,14,19,8,
4.4915779735311245,99961,15,19,8,
4.524858004823891,99960,16,19,8,
4.540773970858756,99959,17,19,8,
4.573948254424945,99958,18,19,8,
4.595345696256551,99957,19,19,8,
4.7550373773240935,99956,20,19,8,
4.920402573815872,99955,21,19,8,
4.95670427046878,99955,20,20,8,
5.03248509542005,99954,21,20,8,
5.03248509542005,99954,21,20,8,
5.089170693753558,99954,21,19,9,
5.120532668247592,99953,22,19,9,
5.268722166340455,99953,21,20,9,
5.314691084073826,99953,20,21,9,
5.3217299552627395,99952,21,21,9,
5.322584754748431,99952,20,22,9,
5.347729636999002,99951,21,22,9,
5.438971227907548,99951,20,23,9,
5.620464146884063,99950,21,23,9,
5.626891584089007,99950,21,22,10,
5.646485427854909,99950,20,23,10,
5.647312650818094,99950,19,24,10,
5.745804518209106,99950,18,25,10,
5.762183751231834,99949,19,25,10,
5.917004908000627,99948,20,25,10,
5.995895136564174,99948,19,26,10,
5.995895136564174,99948,19,26,10,
6.018876636330053,99948,18,27,10,
6.052158685377296,99947,19,27,10,
6.083125496652996,99947,18,28,10,
6.1224448392788835,99946,19,28,10,
6.200302564855456,99946,18,29,10,
6.279617410982047,99945,19,29,10,
6.283003599114266,99945,19,28,11,
6.38429750516081,99945,19,27,12,
6.436273987116175,99945,18,28,12,
6.551005531051962,99944,19,28,12,
6.578805335626754,99943,20,28,12,
6.6602225599278535,99943,19,29,12,
6.697983979922286,99943,18,30,12,
6.713065113447825,99943,18,29,13,
6.724588600350605,99943,18,28,14,
6.735564107242217,99943,17,29,14,
6.786341271949896,99942,18,29,14,
6.8599837439599005,99941,19,29,14,
6.8677633203053645,99940,20,29,14,
6.913244702469714,99939,21,29,14,
6.939868130664246,99939,20,30,14,
6.939868130664246,99939,20,30,14,
6.958667100090961,99938,21,30,14,
7.014183098192197,99938,20,31,14,
7.259618605303577,99938,19,32,14,
7.277999496018854,99937,20,32,14,
7.342378659591527,99936,21,32,14,
7.349773952402897,99935,22,32,14,
7.358311698202106,99934,23,32,14,
7.387200983862537,99934,22,33,14,
7.532060183987951,99933,23,33,14,
7.624531490072224,99932,24,33,14,
7.697898371048723,99932,24,32,15,
7.714264981886379,99932,23,33,15,
7.714431563185027,99931,24,33,15,
7.750544153865292,99931,24,32,16,
7.778449531160063,99930,25,32,16,
7.8267739278567605,99930,25,31,17,
7.894181174800788,99929,26,31,17,
7.894181174800788,99929,26,31,17,
7.929025729437701,99928,27,31,17,
7.9525675195401515,99928,26,32,17,
7.971725044354324,99928,25,33,17,
8.07536741611412,99928,25,32,18,
8.260643158870767,99927,26,32,18,
8.267777196922896,99926,27,32,18,
8.310980795699937,99926,27,31,19,
8.330535621754445,99926,26,32,19,
8.332933488413055,99925,27,32,19,
8.340061602509463,99925,26,33,19,
8.392903875032,99924,27,33,19,
8.395557985982338,99924,27,32,20,
8.414970252217158,99923,28,32,20,
8.470629439348315,99923,27,33,20,
8.501826263676383,99923,26,34,20,
8.566733669039683,99922,27,34,20,
8.575071881213692,99921,28,34,20,
8.78962327272493,99920,29,34,20,
8.800332450154992,99920,28,35,20,
8.820601912396,99920,28,34,21,
8.840884925681962,99919,29,34,21,
8.859212235154045,99919,28,35,21,
8.88794361492716,99919,27,36,21,
8.88794361492716,99919,27,36,21,
8.93827849409905,99919,27,35,22,
9.063113651617,99918,28,35,22,
9.068963356984238,99918,28,34,23,
9.113641560749434,99917,29,34,23,
9.13721853063271,99917,28,35,23,
9.15553412067414,99917,27,36,23,
9.17655428570364,99916,28,36,23,
9.296713824581952,99916,27,37,23,
9.307240217192325,99915,28,37,23,
9.352565686987234,99914,29,37,23,
9.355609224934092,99913,30,37,23,
9.386291397186364,99913,30,36,24,
9.411369892060627,99913,30,35,25,
9.446986884810704,99912,31,35,25,
9.530470061815388,99912,30,36,25,
9.584040710107502,99911,31,36,25,
9.68222417230548,99911,31,35,26,
9.705678110770485,99910,32,35,26,
9.726362249636523,99909,33,35,26,
9.773346003416531,99908,34,35,26,
9.773346003416531,99908,34,35,26,
9.900665648000817,99908,33,36,26,
9.946784769992217,99908,32,37,26,
10.110774996502803,99907,33,37,26,
10.12757068832488,99907,33,36,27,
10.296122269671159,99906,34,36,27,
10.319296712207597,99906,33,37,27,
10.349282380894035,99905,34,37,27,
10.360820292644824,99905,33,38,27,
10.444973272642718,99905,33,37,28,
10.461314725405893,99905,32,38,28,
10.463491475771228,99905,31,39,28,
10.524708146030886,99905,31,38,29,
10.534349801720193,99905,31,37,30,
10.582128226256577,99904,32,37,30,
10.585415904475493,99903,33,37,30,
10.602883860224601,99902,34,37,30,
10.639880629733325,99902,33,38,30,
10.646155680331193,99902,32,39,30,
10.664340301829816,99901,33,39,30,
10.697116845613735,99900,34,39,30,
10.749515482624009,99899,35,39,30,
10.749515482624009,99899,35,39,30,
10.790512595998464,99899,34,40,30,
10.79294444026675,99898,35,40,30,
10.79622708460577,99898,34,41,30,
10.807440060139086,99897,35,41,30,
10.84567967940844,99897,34,42,30,
10.857656234955359,99896,35,42,30,
10.902798050658204,99895,36,42,30,
10.921338973541422,99894,37,42,30,
10.953018131933273,99894,36,43,30,
10.98769176176895,99894,35,44,30,
11.023918022766967,99893,36,44,30,
11.026061448244175,99892,37,44,30,
11.054933497814314,99892,36,45,30,
11.063157295198675,99892,36,44,31,
11.079948668877606,99892,35,45,31,
11.081875084922626,99892,34,46,31,
11.088839367273,99891,35,46,31,
11.109439739559306,99891,35,45,32,
11.145268905251474,99890,36,45,32,
11.153010067711465,99889,37,45,32,
11.164930745260754,99889,37,44,33,
11.197922421803556,99888,38,44,33,
11.201601123917841,99887,39,44,33,
11.27292831041936,99886,40,44,33,
11.283869681297393,99886,39,45,33,
11.312146700112647,99886,38,46,33,
11.333267342463039,99885,39,46,33,
11.357853731881333,99884,40,46,33,
11.371596404191893,99883,41,46,33,
11.382465250152626,99882,42,46,33,
11.397278341304428,99882,41,47,33,
11.456126649376984,99881,42,47,33,
11.489634523419042,99881,41,48,33,
11.514668017616275,99881,40,49,33,
11.557255970178481,99880,41,49,33,
11.601853724299293,99880,40,50,33,
11.63144937559289,99880,39,51,33,
11.640817738803865,99879,40,51,33,
11.689629002529726,99878,41,51,33,
11.70460476596069,99878,41,50,34,
11.712016389988754,99877,42,50,34,
11.737522731569024,99876,43,50,34,
11.747949394900544,99875,44,50,34,
11.747949394900544,99875,44,50,34,
11.76678458388182,99874,45,50,34,
11.809678155648047,99873,46,50,34,
11.835264909815182,99872,47,50,34,
11.880771806665686,99872,47,49,35,
11.917567029235963,99871,48,49,35,
11.948714582950936,99870,49,49,35,
11.97666823318296,99870,49,48,36,
12.023474070208671,99870,48,49,36,
12.084659367795155,99870,47,50,36,
12.090054071789702,99869,48,50,36,
12.154263828596175,99869,47,51,36,
12.159596343669092,99869,47,50,37,
12.180018808868047,99868,48,50,37,
12.2329952102371,99867,49,50,37,
12.29123470073222,99867,49,49,38,
12.31240332005153,99866,50,49,38,
12.349989044918882,99866,49,50,38,
12.404706828670925,99865,50,50,38,
12.449509152987291,99865,49,51,38,
12.472325195859266,99864,50,51,38,
12.516840280448523,99863,51,51,38,
12.576319792517396,99863,50,52,38,
12.577963101652061,99862,51,52,38,
12.581867835258771,99862,51,51,39,
12.58248209854895,99861,52,51,39,
12.609351113285483,99861,51,52,39,
12.621838963783432,99860,52,52,39,
12.637777235318653,99859,53,52,39,
12.640483521562265,99859,53,51,40,
12.652380663989986,99858,54,51,40,
12.659813853914907,99858,54,50,41,
12.68080168219677,99857,55,50,41,
12.697451871767669,99856,56,50,41,
12.705870180151125,99856,55,51,41,
12.710675363530713,99855,56,51,41,
12.720442598283816,99855,56,50,42,
12.720442598283816,99855,56,50,42,
12.84620702196124,99855,55,51,42,
12.857936619314739,99854,56,51,42,
12.872551946784075,99853,57,51,42,
12.920314064586602,99853,56,52,42,
12.932535091770628,99853,56,51,43,
12.992038236854262,99853,56,50,44,
13.085584438298998,99853,55,51,44,
13.156920144790808,99852,56,51,44,
13.216873094503415,99851,57,51,44,
13.285684127797316,99851,56,52,44,
13.370215310184044,99850,57,52,44,
13.379053055416025,99849,58,52,44,
13.446804621809974,99848,59,52,44,
13.458720791488131,99848,58,53,44,
13.488663922552659,99847,59,53,44,
13.51758718598195,99846,60,53,44,
13.653911401557151,99845,61,53,44,
13.715198509213787,99844,62,53,44,
13.715198509213787,99844,62,53,44,
13.7479220902127,99843,63,53,44,
13.775675433187024,99842,64,53,44,
13.785972296501646,99842,63,54,44,
13.948921972884323,99842,62,55,44,
13.969408278163948,99842,61,56,44,
13.978202582072962,99842,61,55,45,
13.992153019303489,99841,62,55,45,
14.002286750207812,99841,61,56,45,
14.010915453616553,99840,62,56,45,
14.017282879962695,99840,61,57,45,
14.02775381936858,99840,61,56,46,
14.045476925199903,99840,60,57,46,
14.047526139847811,99839,61,57,46,
14.06765708101884,99838,62,57,46,
14.09469409438577,99838,61,58,46,
14.101387221236024,99837,62,58,46,
14.142449519960296,99837,61,59,46,
14.156441725271359,99836,62,59,46,
14.173193435387626,99836,61,60,46,
14.177545264065467,99836,60,61,46,
14.188961760755705,99835,61,61,46,
14.220441692511919,99834,62,61,46,
14.279436409570414,99833,63,61,46,
14.314345629234,99833,62,62,46,
14.317353500117454,99832,63,62,46,
14.3528669466131,99832,63,61,47,
14.368456451249106,99832,63,60,48,
14.389540693798649,99832,62,61,48,
14.402830766116981,99831,63,61,48,
14.433406844569852,99830,64,61,48,
14.49368352294595,99829,65,61,48,
14.502933607431052,99829,64,62,48,
14.50878517513197,99829,63,63,48,
14.547973290680838,99829,62,64,48,
14.54939148383968,99829,61,65,48,
14.574218765637653,99828,62,65,48,
14.574595178138818,99828,61,66,48,
14.574991312899625,99827,62,66,48,
14.576194696712939,99827,61,67,48,
14.579896527957871,99827,60,68,48,
14.624022714570689,99827,60,67,49,
14.668315240733532,99827,59,68,49,
14.707393187248677,99827,59,67,50,
14.707393187248677,99827,59,67,50,
14.709373542514218,99827,58,68,50,
14.720062318966114,99826,59,68,50,
14.727613793710784,99825,60,68,50,
14.736577239216025,99824,61,68,50,
14.739143450992335,99824,60,69,50,
14.776319727440615,99824,59,70,50,
14.785723060913707,99823,60,70,50,
14.822657253190604,99823,60,69,51,
14.927669495498119,99823,59,70,51,
14.9651823789805,99823,59,69,52,
15.020086274953497,99822,60,69,52,
15.02923964270975,99821,61,69,52,
15.081043751378234,99820,62,69,52,
15.102432506753187,99820,62,68,53,
15.111096605160583,99819,63,68,53,
15.144358734591266,99819,62,69,53,
15.206360977495038,99819,61,70,53,
15.237868546760307,99819,61,69,54,
15.253705682397932,99819,60,70,54,
15.271733404845934,99819,59,71,54,
15.273574353061763,99818,60,71,54,
15.293438816931552,99818,60,70,55,
15.409613267492201,99817,61,70,55,
15.415324169739367,99816,62,70,55,
15.437819838984376,99816,62,69,56,
15.513434507467164,99815,63,69,56,
15.514377343475495,99815,62,70,56,
15.567712439413574,99815,61,71,56,
15.571541898737914,99814,62,71,56,
15.579168473035393,99814,61,72,56,
15.608163023743325,99813,62,72,56,
15.610660306692793,99813,61,73,56,
15.610691365014384,99813,60,74,56,
15.619426904733958,99812,61,74,56,
15.620714154836607,99812,60,75,56,
15.624646606851242,99812,59,76,56,
15.693710726006254,99812,59,75,57,
15.696066968302157,99812,58,76,57,
15.696066968302157,99812,58,76,57,
15.701589737690028,99811,59,76,57,
15.707754892067129,99810,60,76,57,
15.731293446045944,99810,60,75,58,
15.740169021965396,99809,61,75,58,
15.757483235715293,99809,60,76,58,
15.765372028488235,99808,61,76,58,
15.768457649111461,99808,60,77,58,
15.770045553308842,99808,60,76,59,
15.775933939924343,99807,61,76,59,
15.786296307602383,99806,62,76,59,
15.791066177274704,99806,62,75,60,
15.83307748933179,99805,63,75,60,
15.872578417275925,99804,64,75,60,
15.931435825140174,99804,63,76,60,
15.979814777874642,99803,64,76,60,
15.984465648271167,99803,64,75,61,
16.007185868842885,99803,63,76,61,
16.01109975087649,99803,62,77,61,
16.014155850614774,99803,61,78,61,
16.048814275870733,99802,62,78,61,
16.08565922407433,99801,63,78,61,
16.106515682538717,99801,63,77,62,
16.13115581736966,99800,64,77,62,
16.131783691814874,99800,63,78,62,
16.13441452541903,99800,62,79,62,
16.14950340112395,99799,63,79,62,
16.156535721221413,99799,63,78,63,
16.17434227436898,99798,64,78,63,
16.214489449436297,99797,65,78,63,
16.2274768745805,99796,66,78,63,
16.230255629267308,99795,67,78,63,
16.235990303444073,99795,67,77,64,
16.238923323909937,99794,68,77,64,
16.35008614843514,99793,69,77,64,
16.37321901388276,99792,70,77,64,
16.3952456467545,99792,69,78,64,
16.397701047616994,99791,70,78,64,
16.403332506359853,99791,69,79,64,
16.404115389038196,99791,68,80,64,
16.40709580257518,99791,68,79,65,
16.41549984276938,99790,69,79,65,
16.465554370771784,99790,68,80,65,
16.5192610724194,99790,67,81,65,
16.560821669670734,99789,68,81,65,
16.571564749097607,99788,69,81,65,
16.58484713200368,99787,70,81,65,
16.601075269802212,99786,71,81,65,
16.62858786017336,99786,70,82,65,
16.644702710744262,99785,71,82,65,
16.66742851124259,99784,72,82,65,
16.66742851124259,99784,72,82,65,
16.667815170809483,99783,73,82,65,
16.678388443122127,99783,72,83,65,
16.68667599141195,99783,72,82,66,
16.698996009038996,99783,71,83,66,
16.700073783671115,99783,71,82,67,
16.755843207686535,99782,72,82,67,
16.766059976974493,99782,72,81,68,
16.775599700067264,99781,73,81,68,
16.781219950128538,99780,74,81,68,
16.846235703014806,99780,74,80,69,
16.860537599315563,99780,73,81,69,
16.914678833469765,99779,74,81,69,
16.91472326121674,99779,73,82,69,
16.920872855025898,99778,74,82,69,
16.92617133184222,99777,75,82,69,
16.938579427117013,99776,76,82,69,
16.950884826383692,99776,75,83,69,
16.950903008779463,99775,76,83,69,
16.96235199084797,99775,76,82,70,
16.964474345702804,99774,77,82,70,
16.9664589014375,99773,78,82,70,
16.991377222865417,99772,79,82,70,
16.99766977613878,99772,79,81,71,
17.022464375022683,99772,79,80,72,
17.02440361460743,99772,78,81,72,
17.03157654996437,99771,79,81,72,
17.038394025519086,99771,78,82,72,
17.04927937777803,99771,77,83,72,
17.054480541323855,99771,77,82,73,
17.057938364776618,99771,76,83,73,
17.059840749027458,99770,77,83,73,
17.059921692974935,99769,78,83,73,
17.068741223197964,99769,77,84,73,
17.071286062586722,99768,78,84,73,
17.076995865701313,99767,79,84,73,
17.123529138645953,99766,80,84,73,
17.128029256857953,99765,81,84,73,
17.133253438465747,99765,81,83,74,
17.151695128271722,99764,82,83,74,
17.15697980590305,99764,81,84,74,
17.164019827024674,99763,82,84,74,
17.174597337330358,99762,83,84,74,
17.261459722987148,99761,84,84,74,
17.267949662356727,99761,83,85,74,
17.2695073144986,99761,82,86,74,
17.286051411006394,99761,81,87,74,
17.288850886750225,99760,82,87,74,
17.31121033660633,99759,83,87,74,
17.324491596148356,99759,83,86,75,
17.346722881798357,99758,84,86,75,
17.362642730742152,99758,83,87,75,
17.366127418915468,99757,84,87,75,
17.375204916269247,99756,85,87,75,
17.42610920208019,99755,86,87,75,
17.43877402862648,99755,85,88,75,
17.442667421626915,99754,86,88,75,
17.443902190476575,99753,87,88,75,
17.457069319643317,99753,87,87,76,
17.47540989585732,99753,86,88,76,
17.491435477114,99753,85,89,76,
17.49224780948957,99752,86,89,76,
17.543493842167788,99752,85,90,76,
17.57783229252671,99752,84,91,76,
17.58230758998265,99752,83,92,76,
17.589251995658838,99751,84,92,76,
17.603858311195555,99750,85,92,76,
17.605889633711357,99750,85,91,77,
17.6131818438782,99750,84,92,77,
17.660913879480304,99750,83,93,77,
17.66561079457695,99750,83,92,78,
17.66561079457695,99750,83,92,78,
17.687649775655647,99749,84,92,78,
17.709007161493393,99748,85,92,78,
17.71042109732891,99747,86,92,78,
17.7422094607579,99747,85,93,78,
17.747880243301182,99747,85,92,79,
17.77098994342275,99747,84,93,79,
17.771634674104288,99746,85,93,79,
17.775066677763068,99746,84,94,79,
17.85436167611018,99745,85,94,79,
17.89182565330349,99745,84,95,79,
17.894493995160534,99744,85,95,79,
17.915469392541706,99744,85,94,80,
17.916017242905543,99743,86,94,80,
17.931500266087824,99742,87,94,80,
17.94367216522622,99741,88,94,80,
17.95982250376941,99740,89,94,80,
17.977049293275453,99740,88,95,80,
17.993004119465454,99739,89,95,80,
18.001596906809457,99738,90,95,80,
18.045791955930916,99737,91,95,80,
18.04638489107597,99736,92,95,80,
18.054840408012165,99736,91,96,80,
18.063733711338124,99736,91,95,81,
18.073163991075084,99736,90,96,81,
18.075310315834706,99735,91,96,81,
18.13506318630172,99735,90,97,81,
18.20025728475558,99735,89,98,81,
18.217750820525783,99735,89,97,82,
18.22323839785901,99734,90,97,82,
18.227465416290535,99734,90,96,83,
18.22868355256807,99733,91,96,83,
18.256870450267197,99732,92,96,83,
18.258055469854863,99732,91,97,83,
18.28866124201181,99731,92,97,83,
18.32783939064992,99731,91,98,83,
18.33854923797972,99730,92,98,83,
18.348353098384734,99729,93,98,83,
18.358452447458028,99728,94,98,83,
18.358707767073096,99728,94,97,84,
18.36232305228305,99727,95,97,84,
18.39197235804444,99726,96,97,84,
18.397185977768252,99726,95,98,84,
18.428417038275473,99726,95,97,85,
18.459517860096877,99726,95,96,86,
18.4780112055167,99725,96,96,86,
18.484186510348565,99725,95,97,86,
18.484209758939166,99724,96,97,86,
18.490468696788486,99724,96,96,87,
18.49901046371209,99724,96,95,88,
18.50373982523701,99723,97,95,88,
18.544818022080495,99722,98,95,88,
18.61295350383676,99721,99,95,88,
18.628130627329945,99721,98,96,88,
18.638075922960947,99720,99,96,88,
18.64168032923431,99719,100,96,88,
18.643708992684285,99718,101,96,88,
18.660256831434562,99717,102,96,88,
18.665560139278124,99717,101,97,88,
18.665560139278124,99717,101,97,88,
18.675941738532476,99717,101,96,89,
18.67715057371759,99717,101,95,90,
18.68632096245886,99717,100,96,90,
18.704488179453588,99717,99,97,90,
18.707460675757527,99717,98,98,90,
18.71225424334009,99716,99,98,90,
18.74009357471589,99716,99,97,91,
18.74258229984477,99715,100,97,91,
18.742976839514508,99714,101,97,91,
18.76979861906026,99714,100,98,91,
18.783938629655836,99713,101,98,91,
18.7935145086506,99713,100,99,91,
18.84001900247397,99712,101,99,91,
18.847680804953587,99711,102,99,91,
18.850183117280107,99711,101,100,91,
18.91335784322501,99710,102,100,91,
18.976272196359705,99709,103,100,91,
18.984717588592112,99709,103,99,92,
19.012151968232658,99709,102,100,92,
19.021953208717576,99708,103,100,92,
19.025221096872126,99708,102,101,92,
19.037846523889407,99707,103,101,92,
19.06459680940275,99707,102,102,92,
19.096484346332396,99706,103,102,92,
19.09802792236376,99706,102,103,92,
19.09968553586868,99706,101,104,92,
19.113786197534278,99706,100,105,92,
19.1179144801941,99706,100,104,93,
19.12182487337533,99706,99,105,93,
19.1243134275187,99705,100,105,93,
19.174392158606533,99704,101,105,93,
19.270294828674434,99704,101,104,94,
19.300159703216657,99703,102,104,94,
19.30948710252163,99703,102,103,95,
19.327656224078762,99702,103,103,95,
19.382582384242568,99701,104,103,95,
19.423973075262378,99701,103,104,95,
19.424920976595747,99701,102,105,95,
19.428139514783382,99701,102,104,96,
19.433896573558517,99701,101,105,96,
19.45497885180335,99700,102,105,96,
19.469957831364432,99700,101,106,96,
19.475710465266097,99700,100,107,96,
19.494149666035636,99700,100,106,97,
19.518704556130867,99699,101,106,97,
19.524802359804692,99698,102,106,97,
19.534043156446252,99698,102,105,98,
19.534425905432144,99697,103,105,98,
19.56146637743825,99696,104,105,98,
19.56465680048081,99695,105,105,98,
19.575124469992105,99695,105,104,99,
19.580591556512783,99694,106,104,99,
19.589637152365746,99693,107,104,99,
19.592897220623296,99693,106,105,99,
19.617734830399627,99692,107,105,99,
19.621047973462773,99692,107,104,100,
19.65058291423187,99691,108,104,100,
19.65058291423187,99691,108,104,100,
19.656706463221163,99690,109,104,100,
19.671452674196004,99690,108,105,100,
19.679958297890206,99690,107,106,100,
19.68266843762289,99689,108,106,100,
19.684265467535546,99689,108,105,101,
19.68561819629115,99689,107,106,101,
19.6938300900574,99689,106,107,101,
19.697027948578747,99688,107,107,101,
19.698231096272746,99687,108,107,101,
19.704506336552292,99687,107,108,101,
19.705451607822567,99686,108,108,101,
19.72603094665989,99686,107,109,101,
19.73344969513108,99685,108,109,101,
19.76504018785323,99685,107,110,101,
19.765656570431613,99685,106,111,101,
19.782032439210415,99684,107,111,101,
19.78706031424261,99684,107,110,102,
19.805502034820293,99683,108,110,102,
19.808371515473347,99682,109,110,102,
19.843281468367437,99681,110,110,102,
19.855968810807397,99681,109,111,102,
19.87172708828425,99681,108,112,102,
19.884084290196206,99681,108,111,103,
19.8886988974374,99680,109,111,103,
19.89645171187197,99680,109,110,104,
19.902874458572764,99679,110,110,104,
19.90636058455537,99678,111,110,104,
19.915507372192902,99678,111,109,105,
19.917375426073317,99677,112,109,105,
19.927631126008986,99677,111,110,105,
19.96331782308601,99677,110,111,105,
19.97450282310712,99676,111,111,105,
19.996008321509375,99675,112,111,105,
20.010682228521336,99674,113,111,105,
20.0224124279989,99673,114,111,105,
20.030309650243332,99672,115,111,105,
20.038000306024333,99671,116,111,105,
20.040663382316158,99671,116,110,106,
20.051774217282812,99670,117,110,106,
20.09011332071937,99670,117,109,107,
20.09799717224712,99669,118,109,107,
20.12342199598225,99669,118,108,108,
20.1312907004343,99669,117,109,108,
20.135476015406738,99668,118,109,108,
20.13697650090775,99668,117,110,108,
20.16458124942909,99667,118,110,108,
20.174614021623285,99666,119,110,108,
20.184778215655612,99665,120,110,108,
20.202658759508328,99664,121,110,108,
20.204519826223187,99664,120,111,108,
20.21050975539268,99664,119,112,108,
20.212229394084268,99664,118,113,108,
20.21773850515788,99664,118,112,109,
20.242567769854574,99663,119,112,109,
20.257357144765205,99663,119,111,110,
20.277903764293015,99663,118,112,110,
20.285314410192527,99662,119,112,110,
20.291573246155476,99661,120,112,110,
20.296184813896563,99660,121,112,110,
20.327817053158537,99660,120,113,110,
20.329964764756195,99660,119,114,110,
20.339481543121792,99660,118,115,110,
20.36734794561421,99659,119,115,110,
20.3710414496348,99659,119,114,111,
20.372986533039516,99658,120,114,111,
20.382690339125137,99657,121,114,111,
20.395377658570666,99656,122,114,111,
20.41505837565407,99656,122,113,112,
20.423837513912044,99656,121,114,112,
20.42575696047782,99656,120,115,112,
20.4419121963683,99656,119,116,112,
20.44766154502406,99655,120,116,112,
20.45247500353508,99655,119,117,112,
20.46409683700996,99654,120,117,112,
20.472211671471825,99654,119,118,112,
20.485158180286643,99653,120,118,112,
20.493088554911985,99652,121,118,112,
20.495750196716102,99652,121,117,113,
20.512235262143765,99652,120,118,113,
20.521962058856662,99651,121,118,113,
20.540066874937345,99651,120,119,113,
20.543233886116354,99651,119,120,113,
20.543638230022633,99650,120,120,113,
20.55463451664915,99650,119,121,113,
20.596349367019002,99649,120,121,113,
20.600368717720404,99649,120,120,114,
20.64610540459907,99649,119,121,114,
20.64610540459907,99649,119,121,114,
20.66719008854885,99648,120,121,114,
20.68235956219271,99648,120,120,115,
20.764279289091355,99648,119,121,115,
20.764467762310115,99647,120,121,115,
20.776810362581855,99647,119,122,115,
20.78851035319344,99647,118,123,115,
20.80684043974551,99646,119,123,115,
20.81420246271241,99645,120,123,115,
20.815416044339685,99645,119,124,115,
20.81772677343582,99645,119,123,116,
20.828537886797207,99644,120,123,116,
20.838251996069506,99644,119,124,116,
20.846721603269195,99643,120,124,116,
20.847708110033942,99643,120,123,117,
20.859155078951783,99643,119,124,117,
20.87260926006231,99643,118,125,117,
20.875451036114992,99643,117,126,117,
20.89282082605794,99643,117,125,118,
20.895190866634447,99642,118,125,118,
20.89618960324063,99642,117,126,118,
20.945020800650923,99641,118,126,118,
20.950422361488638,99641,117,127,118,
20.97637800608345,99641,116,128,118,
20.98390351561116,99640,117,128,118,
20.98428511143534,99640,117,127,119,
20.985765246221785,99640,117,126,120,
21.008929335173114,99639,118,126,120,
21.021140039818196,99638,119,126,120,
21.02339031570296,99638,119,125,121,
21.03612980517871,99637,120,125,121,
21.042112790481237,99637,119,126,121,
21.05208585710751,99637,118,127,121,
21.0521061678923,99636,119,127,121,
21.063590138031895,99636,119,126,122,
21.074337889898196,99636,119,125,123,
21.07650094725215,99635,120,125,123,
21.08588063260463,99635,119,126,123,
21.09496147204151,99635,118,127,123,
21.10141203178939,99635,117,128,123,
21.10514246347804,99634,118,128,123,
21.113117379566287,99634,117,129,123,
21.116473270965248,99633,118,129,123,
21.125334029058596,99632,119,129,123,
21.147603280661873,99632,119,128,124,
21.148927048886208,99632,119,127,125,
21.172485760425733,99631,120,127,125,
21.174355232662545,99630,121,127,125,
21.181187566172675,99629,122,127,125,
21.190410304204974,99629,121,128,125,
21.19807245027646,99629,120,129,125,
21.20536442749847,99629,119,130,125,
21.2072420548507,99628,120,130,125,
21.218499207686737,99628,120,129,126,
21.227186662368698,99627,121,129,126,
21.23607457531744,99627,120,130,126,
21.259437701164867,99626,121,130,126,
21.27548786858163,99625,122,130,126,
21.285722224798672,99625,121,131,126,
21.294478981268156,99624,122,131,126,
21.297772249971114,99623,123,131,126,
21.30121749212428,99623,123,130,127,
21.334546284413715,99623,122,131,127,
21.334879560255605,99622,123,131,127,
21.358557309204844,99622,122,132,127,
21.385502471868225,99622,122,131,128,
21.387774974628677,99622,122,130,129,
21.39775116270361,99621,123,130,129,
21.40460110908409,99621,122,131,129,
21.405519989518943,99621,122,130,130,
21.414520535258404,99621,122,129,131,
21.416218542308187,99620,123,129,131,
21.41871842021109,99620,122,130,131,
21.424932224470567,99620,121,131,131,
21.433556805877267,99619,122,131,131,
21.44770351929413,99619,121,132,131,
21.45992855409171,99619,120,133,131,
21.482859835062566,99619,119,134,131,
21.490548248257607,99618,120,134,131,
21.500414153991255,99617,121,134,131,
21.52783818853829,99617,121,133,132,
21.52804028379578,99617,120,134,132,
21.538980908774285,99616,121,134,132,
21.54161508013887,99616,121,133,133,
21.542978806375466,99616,121,132,134,
21.543107898660537,99615,122,132,134,
21.552702836584267,99614,123,132,134,
21.578327709730594,99613,124,132,134,
21.617557946082776,99612,125,132,134,
21.637206195364364,99611,126,132,134,
21.638908686312313,99610,127,132,134,
21.638908686312313,99610,127,132,134,
21.649718122087815,99609,128,132,134,
21.67016478805249,99609,128,131,135,
21.677349984576335,99609,128,130,136,
21.702175552865707,99609,128,129,137,
21.70599939850435,99609,128,128,138,
21.707068384361378,99609,127,129,138,
21.728432165675876,99609,126,130,138,
21.74562573586995,99608,127,130,138,
21.751105052116582,99607,128,130,138,
21.751362579324077,99607,128,129,139,
21.754376203831278,99607,127,130,139,
21.76581267731564,99607,126,131,139,
21.78135519596282,99607,125,132,139,
21.782155672406287,99607,125,131,140,
21.797827944732067,99607,125,130,141,
21.80359251821407,99606,126,130,141,
21.80917828118774,99605,127,130,141,
21.815513542304757,99604,128,130,141,
21.83778849671228,99603,129,130,141,
21.860927579099112,99602,130,130,141,
21.868815927414513,99601,131,130,141,
21.877596961477373,99601,130,131,141,
21.88458475704236,99601,129,132,141,
21.89354909629201,99601,128,133,141,
21.913128367381226,99600,129,133,141,
21.91628356636153,99600,128,134,141,
21.93362687513691,99599,129,134,141,
21.93503121429953,99599,128,135,141,
21.968203925394494,99599,128,134,142,
22.004451337099706,99598,129,134,142,
22.011742354256654,99598,128,135,142,
22.011875673087044,99597,129,135,142,
22.014427681618148,99596,130,135,142,
22.014638005521494,99596,129,136,142,
22.040013419234896,99595,130,136,142,
22.042679721031583,99594,131,136,142,
22.04774424180612,99593,132,136,142,
22.06166047060298,99593,132,135,143,
22.070709905721987,99592,133,135,143,
22.07687716334937,99591,134,135,143,
22.080814044809586,99591,133,136,143,
22.113130307285516,99591,133,135,144,
22.12109050487422,99590,134,135,144,
22.1284729458769,99589,135,135,144,
22.15196559405944,99588,136,135,144,
22.154614407748806,99587,137,135,144,
22.18652538152432,99587,136,136,144,
22.232804684175417,99587,135,137,144,
22.24980049613175,99586,136,137,144,
22.257297397650845,99585,137,137,144,
22.27814473487063,99585,137,136,145,
22.288513619562515,99584,138,136,145,
22.310025388622794,99584,138,135,146,
22.314575034678974,99584,138,134,147,
22.33307336544748,99583,139,134,147,
22.413753600203556,99583,138,135,147,
22.435476661471665,99582,139,135,147,
22.44788387109769,99582,138,136,147,
22.45560828528053,99581,139,136,147,
22.455923008843126,99581,139,135,148,
22.45994016723392,99581,139,134,149,
22.463197040250083,99581,138,135,149,
22.47300446808677,99580,139,135,149,
22.48324422231386,99579,140,135,149,
22.489726498602405,99579,140,134,150,
22.49107900569445,99579,139,135,150,
22.491332188552736,99578,140,135,150,
22.548267138228482,99578,139,136,150,
22.548742669415127,99577,140,136,150,
22.55456209579311,99576,141,136,150,
22.557890034483936,99576,140,137,150,
22.559495974872288,99576,140,136,151,
22.565923607368475,99576,140,135,152,
22.586198112083938,99576,139,136,152,
22.59650802930254,99576,139,135,153,
22.617462572730997,99575,140,135,153,
22.63457342300261,99574,141,135,153,
22.63457342300261,99574,141,135,153,
22.638629833861632,99573,142,135,153,
22.65223483537374,99573,142,134,154,
22.676946724165724,99573,141,135,154,
22.695013628502974,99573,140,136,154,
22.70121918705721,99573,139,137,154,
22.71896426381059,99572,140,137,154,
22.720722110225935,99572,139,138,154,
22.726144491700744,99571,140,138,154,
22.727972284879073,99571,139,139,154,
22.7475875862477,99571,139,138,155,
22.751358224769447,99570,140,138,155,
22.754619219322006,99569,141,138,155,
22.76717482490188,99568,142,138,155,
22.79380436647604,99567,143,138,155,
22.799619243415417,99567,142,139,155,
22.805010574141136,99567,141,140,155,
22.815742544605406,99567,140,141,155,
22.820656235795198,99566,141,141,155,
22.824293693327704,99565,142,141,155,
22.84137550452936,99565,141,142,155,
22.855432437181214,99564,142,142,155,
22.857018805888192,99564,142,141,156,
22.866245604645385,99564,141,142,156,
22.87000953854725,99564,140,143,156,
22.870813276357637,99563,141,143,156,
22.88705861428984,99563,141,142,157,
22.924564855995957,99562,142,142,157,
22.942978248712116,99561,143,142,157,
22.949811657572386,99561,143,141,158,
22.95360450820605,99560,144,141,158,
22.961781663646175,99560,143,142,158,
22.96461555107291,99560,143,141,159,
22.980687125233562,99559,144,141,159,
22.995963726308425,99559,144,140,160,
22.998397548677502,99558,145,140,160,
23.01615697681291,99557,146,140,160,
23.028029963572898,99557,146,139,161,
23.02931926100941,99557,145,140,161,
23.068780550324295,99557,145,139,162,
23.069973127579193,99557,144,140,162,
23.07973796915748,99556,145,140,162,
23.091103204043787,99555,146,140,162,
23.091174355123155,99555,145,141,162,
23.15159491984698,99555,144,142,162,
23.15180546012574,99554,145,142,162,
23.17142022461865,99553,146,142,162,
23.17384881957737,99553,145,143,162,
23.17728989978525,99553,144,144,162,
23.18070969178636,99553,143,145,162,
23.187680122677865,99552,144,145,162,
23.18902377605207,99551,145,145,162,
23.196162781999337,99550,146,145,162,
23.22151877170078,99550,145,146,162,
23.251380857396317,99549,146,146,162,
23.258308364289487,99548,147,146,162,
23.26214384395998,99547,148,146,162,
23.272625465791144,99547,147,147,162,
23.277153282861285,99546,148,147,162,
23.291594864527315,99545,149,147,162,
23.30318674650651,99544,150,147,162,
23.320534072165216,99543,151,147,162,
23.3371329655291,99542,152,147,162,
23.34778584391199,99542,151,148,162,
23.34977560119276,99541,152,148,162,
23.362674289522445,99540,153,148,162,
23.369146155462815,99540,152,149,162,
23.396281320798018,99540,151,150,162,
23.396925255882625,99540,150,151,162,
23.424625269552813,99540,150,150,163,
23.42742715282954,99539,151,150,163,
23.429131228681477,99539,150,151,163,
23.43930871869192,99539,149,152,163,
23.445113915442686,99539,148,153,163,
23.452138511872434,99538,149,153,163,
23.452331268680986,99538,148,154,163,
23.454466903497163,99538,148,153,164,
23.455729796312447,99538,147,154,164,
23.480292968142297,99537,148,154,164,
23.482891834355517,99537,147,155,164,
23.490997672069696,99537,147,154,165,
23.500576601936146,99537,146,155,165,
23.52195397786523,99537,145,156,165,
23.561896311775055,99536,146,156,165,
23.569850794078366,99535,147,156,165,
23.570745737469135,99535,146,157,165,
23.584036661958944,99534,147,157,165,
23.585804799301208,99534,147,156,166,
23.58648331908934,99533,148,156,166,
23.591849119387756,99532,149,156,166,
23.623401406884607,99531,150,156,166,
23.623401406884607,99531,150,156,166,
23.64650670076606,99530,151,156,166,
23.648051455878825,99529,152,156,166,
23.678791513190657,99528,153,156,166,
23.68057505650008,99528,153,155,167,
23.684297859949012,99527,154,155,167,
23.695998608870433,99526,155,155,167,
23.702046685988513,99525,156,155,167,
23.726949883572665,99525,156,154,168,
23.74035914567512,99524,157,154,168,
23.750610687453417,99523,158,154,168,
23.76008433846489,99523,157,155,168,
23.76834398555653,99522,158,155,168,
23.787987048351596,99522,157,156,168,
23.790803734186518,99521,158,156,168,
23.791028205853422,99521,158,155,169,
23.808736472582567,99520,159,155,169,
23.811681545042088,99519,160,155,169,
23.8288052464335,99519,159,156,169,
23.830485601405172,99519,158,157,169,
23.844715599434405,99519,157,158,169,
23.84590952301673,99518,158,158,169,
23.873608839970863,99517,159,158,169,
23.879345534670072,99517,159,157,170,
23.883368138991145,99517,158,158,170,
23.896857104798347,99516,159,158,170,
23.917042941634445,99515,160,158,170,
23.919740682625452,99515,159,159,170,
23.924193035205693,99514,160,159,170,
23.961984988783815,99513,161,159,170,
23.963398443123324,99512,162,159,170,
23.976321556279178,99512,161,160,170,
23.98242617784371,99511,162,160,170,
23.99120560286947,99510,163,160,170,
23.995045412941778,99510,162,161,170,
24.001289773634067,99509,163,161,170,
24.007266962135553,99509,162,162,170,
24.019483595005696,99508,163,162,170,
24.04576305242074,99507,164,162,170,
24.04711335784343,99506,165,162,170,
24.050844531188535,99505,166,162,170,
24.06965077297289,99505,165,163,170,
24.07291573334886,99505,165,162,171,
24.076829206376,99504,166,162,171,
24.08600813578498,99503,167,162,171,
24.09140407047331,99503,166,163,171,
24.098566132467784,99503,166,162,172,
24.106528056826917,99503,166,161,173,
24.11737095219853,99503,165,162,173,
24.129191764118783,99503,165,161,174,
24.133603154270105,99503,164,162,174,
24.141667149155666,99502,165,162,174,
24.14334365227202,99502,164,163,174,
24.15885057248999,99501,165,163,174,
24.159438055998088,99500,166,163,174,
24.16281488683654,99499,167,163,174,
24.17126165174045,99498,168,163,174,
24.183539880950327,99498,167,164,174,
24.185945267364527,99497,168,164,174,
24.18801146302937,99497,168,163,175,
24.191858238655744,99497,168,162,176,
24.192653427366224,99497,168,161,177,
24.20519330654904,99496,169,161,177,
24.23720165207132,99495,170,161,177,
24.23885432711492,99494,171,161,177,
24.246973308388263,99494,170,162,177,
24.25890797636445,99494,169,163,177,
24.27557210304375,99494,168,164,177,
24.275814825275614,99493,169,164,177,
24.283207543456612,99493,168,165,177,
24.30305844962775,99492,169,165,177,
24.30601616928948,99492,169,164,178,
24.310077183124037,99491,170,164,178,
24.3106312991141,99491,170,163,179,
24.31603393101536,99490,171,163,179,
24.317115759158252,99490,170,164,179,
24.355068555087804,99490,169,165,179,
24.360075561875746,99489,170,165,179,
24.36905324823716,99489,169,166,179,
24.375022284823697,99488,170,166,179,
24.38821389063278,99488,169,167,179,
24.3936305566916,99487,170,167,179,
24.39508602672243,99487,169,168,179,
24.398920993655874,99487,169,167,180,
24.40667548300294,99487,169,166,181,
24.407910353610763,99487,168,167,181,
24.408136758598545,99487,167,168,181,
24.422323778976843,99487,166,169,181,
24.42505925622619,99487,165,170,181,
24.42732723675678,99486,166,170,181,
24.44309288884366,99485,167,170,181,
24.456611521010917,99484,168,170,181,
24.47796775184722,99484,167,171,181,
24.480189214655784,99484,166,172,181,
24.483286822463732,99484,166,171,182,
24.485897681396583,99483,167,171,182,
24.49743330880303,99482,168,171,182,
24.50461653865128,99482,168,170,183,
24.518251024001113,99481,169,170,183,
24.521566302864223,99481,169,169,184,
24.528025507971,99481,168,170,184,
24.529011139976802,99481,168,169,185,
24.53068726389717,99480,169,169,185,
24.570076087441986,99479,170,169,185,
24.575211786621338,99479,170,168,186,
24.58828775485198,99479,169,169,186,
24.61596072540937,99479,169,168,187,
24.61596072540937,99479,169,168,187,
24.618772179901807,99479,168,169,187,
24.618996179466947,99479,168,168,188,
24.62407679229441,99478,169,168,188,
24.652333118961664,99477,170,168,188,
24.65376665378002,99476,171,168,188,
24.690089477163653,99475,172,168,188,
24.701369123392137,99475,172,167,189,
24.713239732449264,99474,173,167,189,
24.7182831856261,99473,174,167,189,
24.718345727091688,99472,175,167,189,
24.74032746165216,99472,175,166,190,
24.740777001999657,99472,174,167,190,
24.757801526002407,99472,174,166,191,
24.757909764169362,99471,175,166,191,
24.771926309162506,99471,174,167,191,
24.78328780781399,99471,174,166,192,
24.789681278678675,99470,175,166,192,
24.790732673896102,99470,175,165,193,
24.800805416762277,99469,176,165,193,
24.810847534277883,99468,177,165,193,
24.81374799529774,99468,176,166,193,
24.81629589012655,99468,176,165,194,
24.820248182079503,99467,177,165,194,
24.83896320353744,99467,176,166,194,
24.847242413302386,99466,177,166,194,
24.85055425942294,99466,176,167,194,
24.850832982169084,99465,177,167,194,
24.887153659073427,99465,176,168,194,
24.891068949728975,99464,177,168,194,
24.89137095747561,99463,178,168,194,
24.89499784545757,99463,177,169,194,
24.9076458821995,99463,177,168,195,
24.926944508978575,99462,178,168,195,
24.937673608161294,99462,177,169,195,
24.94477816156874,99461,178,169,195,
24.979374454235565,99460,179,169,195,
24.97950053339747,99459,180,169,195,
24.988730019197853,99458,181,169,195,
25.010041432628594,99458,180,170,195,
25.011336955740255,99457,181,170,195,
25.032227980655822,99456,182,170,195,
25.04637991286823,99456,181,171,195,
25.05025684351983,99455,182,171,195,
25.050798517137263,99454,183,171,195,
25.061350781113145,99453,184,171,195,
25.07618524703707,99452,185,171,195,
25.077133808722465,99451,186,171,195,
25.079746728389594,99451,185,172,195,
25.108786034715923,99451,184,173,195,
25.109351229878538,99451,184,172,196,
25.1132085269337,99451,183,173,196,
25.129887567634064,99451,183,172,197,
25.16172342088599,99450,184,172,197,
25.168166065011555,99450,183,173,197,
25.176011492713904,99449,184,173,197,
25.208712004226875,99448,185,173,197,
25.22493446173556,99447,186,173,197,
25.226116407042923,99447,185,174,197,
25.22637153837352,99446,186,174,197,
25.227906978161183,99446,185,175,197,
25.228514987064468,99446,184,176,197,
25.24803144962038,99445,185,176,197,
25.25548054252924,99445,184,177,197,
25.268430425960354,99444,185,177,197,
25.274255303354767,99444,184,178,197,
25.28940812524543,99443,185,178,197,
25.312858046074062,99442,186,178,197,
25.328734709191053,99442,186,177,198,
25.34470931190608,99442,186,176,199,
25.349818691906716,99442,185,177,199,
25.365244353523874,99441,186,177,199,
25.36929770491887,99440,187,177,199,
25.40583881734018,99440,187,176,200,
25.406061317039782,99440,186,177,200,
25.41331682643588,99439,187,177,200,
25.42465862686764,99439,187,176,201,
25.433076079125595,99439,186,177,201,
25.43606482489548,99439,185,178,201,
25.461350970165334,99439,184,179,201,
25.461949161432194,99438,185,179,201,
25.4619926848936,99437,186,179,201,
25.472325112702297,99436,187,179,201,
25.47769514733406,99436,186,180,201,
25.479809527850104,99436,185,181,201,
25.495085049856623,99436,184,182,201,
25.495952092530548,99435,185,182,201,
25.50603176429693,99434,186,182,201,
25.510486734761372,99433,187,182,201,
25.52012619897151,99432,188,182,201,
25.541367017693272,99432,187,183,201,
25.545423177824507,99431,188,183,201,
25.552538871298978,99430,189,183,201,
25.553624068002968,99429,190,183,201,
25.56080182581739,99428,191,183,201,
25.562414314628324,99428,190,184,201,
25.58790886103692,99428,190,183,202,
25.598553590344267,99427,191,183,202,
25.600599468032588,99426,192,183,202,
25.602809058661563,99426,192,182,203,
25.60663181505112,99426,191,183,203,
25.60756438468737,99426,191,182,204,
25.60961923344598,99426,190,183,204,
25.61319825627552,99426,189,184,204,
25.61319825627552,99426,189,184,204,
25.61896371936236,99425,190,184,204,
25.620378707750515,99425,189,185,204,
25.620392837606964,99425,189,184,205,
25.62868371558153,99425,188,185,205,
25.65207800997305,99424,189,185,205,
25.66237761336527,99423,190,185,205,
25.67726570505843,99422,191,185,205,
25.682524537252522,99421,192,185,205,
25.684157333695335,99421,191,186,205,
25.688207584733696,99420,192,186,205,
25.69507135523624,99420,191,187,205,
25.69652718860488,99419,192,187,205,
25.696629715445297,99419,191,188,205,
25.70263606637381,99419,190,189,205,
25.707832887422253,99418,191,189,205,
25.716955177493777,99417,192,189,205,
25.728681828701802,99417,191,190,205,
25.733773320417985,99417,191,189,206,
25.738945594445745,99417,191,188,207,
25.740166032520747,99416,192,188,207,
25.74096508947636,99416,192,187,208,
25.74182961825808,99416,192,186,209,
25.746490889371117,99416,191,187,209,
25.748124797399022,99415,192,187,209,
25.753039921516265,99414,193,187,209,
25.763232324474636,99414,193,186,210,
25.76372335362914,99414,192,187,210,
25.783962655308073,99413,193,187,210,
25.792394891306884,99412,194,187,210,
25.806582571098154,99412,193,188,210,
25.81612637454515,99411,194,188,210,
25.817103713486983,99411,193,189,210,
25.82201340752896,99411,192,190,210,
25.842961343119576,99410,193,190,210,
25.852738679586917,99409,194,190,210,
25.855408887034137,99408,195,190,210,
25.86067794874013,99408,194,191,210,
25.863242259339007,99408,193,192,210,
25.865067725924604,99408,193,191,211,
25.868871500790252,99408,193,190,212,
25.874664334120283,99408,192,191,212,
25.878703423696983,99408,191,192,212,
25.880080169761793,99408,191,191,213,
25.8895684174618,99408,190,192,213,
25.901752329632107,99407,191,192,213,
25.903549129764674,99407,190,193,213,
25.90881397978811,99407,190,192,214,
25.926111818580882,99406,191,192,214,
25.92809254409473,99405,192,192,214,
25.928376499225422,99404,193,192,214,
25.929690953340803,99404,192,193,214,
25.934673941630063,99404,191,194,214,
25.945062216931202,99403,192,194,214,
25.949544108459172,99403,191,195,214,
25.949864137459414,99402,192,195,214,
25.951159146676392,99401,193,195,214,
25.951512196156255,99401,193,194,215,
25.952752533575612,99400,194,194,215,
25.956117068547112,99399,195,194,215,
25.97289693183721,99398,196,194,215,
25.989796127039227,99397,197,194,215,
25.99398988122569,99396,198,194,215,
26.009664154917157,99395,199,194,215,
26.019949420228425,99395,198,195,215,
26.033555594782822,99394,199,195,215,
26.04227294609992,99393,200,195,215,
26.04449629520673,99393,199,196,215,
26.051433337453386,99392,200,196,215,
26.06788151190796,99391,201,196,215,
26.085049622867757,99391,200,197,215,
26.12271520152717,99391,200,196,216,
26.125397511102506,99390,201,196,216,
26.153075893416677,99390,201,195,217,
26.157976951573733,99389,202,195,217,
26.177385201179106,99389,201,196,217,
26.181633331847046,99389,200,197,217,
26.183762250132535,99388,201,197,217,
26.1976328563969,99388,200,198,217,
26.19998480004717,99387,201,198,217,
26.213262506434354,99386,202,198,217,
26.21333114782295,99386,202,197,218,
26.230538586838698,99386,201,198,218,
26.25269020178086,99386,200,199,218,
26.25762125656679,99385,201,199,218,
26.25948908673192,99385,200,200,218,
26.28611883454322,99385,199,201,218,
26.29031274119185,99384,200,201,218,
26.29233047115073,99384,199,202,218,
26.294878670720866,99383,200,202,218,
26.310136527263875,99382,201,202,218,
26.314555089169737,99381,202,202,218,
26.3296958947864,99380,203,202,218,
26.330829264211843,99380,202,203,218,
26.330958487515048,99379,203,203,218,
26.33870493468936,99378,204,203,218,
26.340495287241712,99377,205,203,218,
26.353391332642595,99376,206,203,218,
26.356401342965007,99376,205,204,218,
26.35905439339967,99376,204,205,218,
26.359418136341247,99375,205,205,218,
26.376887029819777,99375,205,204,219,
26.388964317973667,99375,204,205,219,
26.392171894014115,99375,203,206,219,
26.394321463171753,99374,204,206,219,
26.398566449449863,99374,203,207,219,
26.400027395750566,99373,204,207,219,
26.40079571855413,99373,204,206,220,
26.40722186987917,99373,203,207,220,
26.40886393017675,99372,204,207,220,
26.412725310475093,99371,205,207,220,
26.422401866223,99371,205,206,221,
26.45289953977852,99371,205,205,222,
26.458686547633782,99370,206,205,222,
26.47373717775609,99369,207,205,222,
26.474646034164778,99368,208,205,222,
26.48229653796175,99367,209,205,222,
26.48503896728855,99367,208,206,222,
26.485369861300196,99367,207,207,222,
26.496996815745028,99366,208,207,222,
26.498803271996834,99366,208,206,223,
26.499485138715684,99365,209,206,223,
26.50224773439073,99364,210,206,223,
26.50616579359464,99364,210,205,224,
26.509941561953806,99364,209,206,224,
26.512407117811385,99363,210,206,224,
26.518489957555115,99362,211,206,224,
26.524543926207468,99362,211,205,225,
26.53337387483595,99362,210,206,225,
26.545477450165382,99361,211,206,225,
26.547517470209392,99360,212,206,225,
26.54900432932027,99360,212,205,226,
26.5492473761626,99360,211,206,226,
26.552289866924532,99360,211,205,227,
26.590152595707565,99360,210,206,227,
26.590152595707565,99360,210,206,227,
26.597943199622712,99360,210,205,228,
26.609569921359828,99359,211,205,228,
26.6485900242289,99359,211,204,229,
26.651520112087514,99358,212,204,229,
26.66291623312366,99357,213,204,229,
26.672195594577065,99357,213,203,230,
26.678979453053334,99356,214,203,230,
26.694420323597804,99356,213,204,230,
26.696779237016464,99356,213,203,231,
26.70551833467249,99355,214,203,231,
26.712046884932395,99355,213,204,231,
26.717838321937105,99354,214,204,231,
26.721499569284425,99353,215,204,231,
26.72398395650558,99353,215,203,232,
26.727373716051858,99353,214,204,232,
26.728020852119958,99353,213,205,232,
26.73480961105305,99353,212,206,232,
26.743119145958595,99352,213,206,232,
26.749379526667024,99351,214,206,232,
26.755017359159872,99350,215,206,232,
26.76024937370324,99350,214,207,232,
26.76139518551874,99349,215,207,232,
26.780375004139582,99349,215,206,233,
26.784653311571223,99349,214,207,233,
26.785833076083843,99348,215,207,233,
26.787677376914505,99348,215,206,234,
26.83330456325725,99347,216,206,234,
26.846410851826466,99347,216,205,235,
26.850897420229444,99347,216,204,236,
26.850925654546042,99347,215,205,236,
26.854229552760472,99346,216,205,236,
26.856826152428663,99346,215,206,236,
26.858872144791402,99345,216,206,236,
26.875310688691002,99344,217,206,236,
26.877939258520538,99344,217,205,237,
26.878604304932963,99344,217,204,238,
26.881348294620174,99343,218,204,238,
26.887194541969272,99343,217,205,238,
26.889095557150142,99342,218,205,238,
26.901236179449572,99342,217,206,238,
26.90753382221212,99342,216,207,238,
26.91141520810579,99341,217,207,238,
26.911496198474683,99341,217,206,239,
26.912507566433526,99341,216,207,239,
26.91734197298587,99341,215,208,239,
26.929439782609002,99341,214,209,239,
26.930661541331414,99340,215,209,239,
26.936465242413284,99340,215,208,240,
26.95218254872013,99340,214,209,240,
26.95339227984634,99339,215,209,240,
26.957393753165103,99338,216,209,240,
26.96367198042101,99337,217,209,240,
26.967440399681312,99337,216,210,240,
26.972481553084318,99336,217,210,240,
26.982115136589243,99336,217,209,241,
26.988895264486846,99335,218,209,241,
26.99901620124672,99334,219,209,241,
27.01284462389651,99333,220,209,241,
27.030541174695244,99332,221,209,241,
27.048538114199502,99332,220,210,241,
27.050837110412328,99331,221,210,241,
27.055080071001562,99331,221,209,242,
27.055637296837105,99331,221,208,243,
27.06125204779308,99330,222,208,243,
27.065530274104272,99329,223,208,243,
27.067957860583682,99328,224,208,243,
27.068120444338387,99328,223,209,243,
27.068814513153143,99328,223,208,244,
27.072452089846163,99328,222,209,244,
27.077586483614166,99327,223,209,244,
27.09979707628319,99326,224,209,244,
27.111100836950076,99326,223,210,244,
27.123277508427922,99325,224,210,244,
27.13287779019477,99324,225,210,244,
27.141968907208106,99324,224,211,244,
27.155745928770767,99323,225,211,244,
27.162491189973455,99322,226,211,244,
27.166688207188514,99322,226,210,245,
27.17704424341253,99321,227,210,245,
27.181179744337175,99320,228,210,245,
27.187634629510402,99320,227,211,245,
27.194868913997876,99320,226,212,245,
27.195418861926235,99320,225,213,245,
27.20677623882253,99320,224,214,245,
27.207257206443987,99319,225,214,245,
27.2090314574585,99318,226,214,245,
27.21678732509527,99317,227,214,245,
27.218991496595525,99316,228,214,245,
27.231200161517194,99315,229,214,245,
27.23541934717212,99315,228,215,245,
27.241077397930653,99315,228,214,246,
27.24555468049067,99315,228,213,247,
27.24592971788278,99315,227,214,247,
27.27185939400506,99315,226,215,247,
27.273289370184717,99314,227,215,247,
27.274195549488535,99313,228,215,247,
27.28227135323508,99313,227,216,247,
27.287364554914127,99312,228,216,247,
27.28824950083964,99311,229,216,247,
27.293293226212707,99310,230,216,247,
27.300732364535634,99310,230,215,248,
27.3148474547972,99309,231,215,248,
27.3350380817468,99308,232,215,248,
27.342524904475635,99308,231,216,248,
27.343265125598457,99308,231,215,249,
27.358528855670663,99308,230,216,249,
27.36392549969627,99308,229,217,249,
27.364790969325085,99308,229,216,250,
27.366582538109814,99307,230,216,250,
27.367849465931677,99307,229,217,250,
27.370542323468847,99307,228,218,250,
27.373608610720193,99307,227,219,250,
27.37466540946143,99306,228,219,250,
27.376522361558653,99305,229,219,250,
27.37800350878056,99305,228,220,250,
27.37926910227031,99304,229,220,250,
27.392743205728852,99303,230,220,250,
27.394721890298626,99303,230,219,251,
27.40568963417072,99303,230,218,252,
27.406106898615764,99303,229,219,252,
27.41310445716871,99302,230,219,252,
27.419216141514113,99302,229,220,252,
27.437948483476134,99301,230,220,252,
27.439442868797556,99301,229,221,252,
27.43995662333185,99301,228,222,252,
27.445492931844516,99301,227,223,252,
27.450668201547533,99300,228,223,252,
27.45457675389334,99300,227,224,252,
27.454943907234433,99300,226,225,252,
27.47042593011994,99299,227,225,252,
27.472266093814014,99299,226,226,252,
27.481149875368583,99299,226,225,253,
27.525766310162503,99299,225,226,253,
27.537979061616458,99299,224,227,253,
27.551773220873148,99298,225,227,253,
27.553800744192213,99297,226,227,253,
27.55447017146166,99297,225,228,253,
27.557165166030213,99297,225,227,254,
27.562385688617425,99296,226,227,254,
27.570427040106697,99295,227,227,254,
27.571206552092914,99294,228,227,254,
27.573771349594377,99294,228,226,255,
27.586972947876884,99293,229,226,255,
27.586972947876884,99293,229,226,255,
27.595517759257334,99292,230,226,255,
27.613650637202724,99291,231,226,255,
27.613880746258843,99291,231,225,256,
27.63734727101643,99291,230,226,256,
27.645728777497933,99291,229,227,256,
27.655541153808265,99291,228,228,256,
27.681722945257285,99290,229,228,256,
27.686587918876874,99290,228,229,256,
27.703093102190003,99289,229,229,256,
27.704521975226566,99289,228,230,256,
27.70559590992322,99289,228,229,257,
27.71538757309286,99289,228,228,258,
27.71722522122098,99289,228,227,259,
27.717564484137913,99289,228,226,260,
27.734602826010942,99289,228,225,261,
27.738747540869415,99289,227,226,261,
27.740135926607792,99288,228,226,261,
27.75555556538932,99287,229,226,261,
27.75642744379453,99286,230,226,261,
27.75687095510039,99286,230,225,262,
27.757955994605897,99286,229,226,262,
27.761996772347597,99286,228,227,262,
27.77419097016321,99285,229,227,262,
27.77958716503962,99284,230,227,262,
27.793018259119393,99283,231,227,262,
27.79820323673451,99283,231,226,263,
27.798538539270893,99283,230,227,263,
27.80571800115954,99282,231,227,263,
27.80614476720634,99282,230,228,263,
27.809224281851975,99282,229,229,263,
27.82172020026716,99281,230,229,263,
27.83653536833823,99281,229,230,263,
27.8391437685043,99280,230,230,263,
27.868546374238957,99280,229,231,263,
27.872053986748234,99279,230,231,263,
27.887371137951863,99278,231,231,263,
27.887781805167954,99278,230,232,263,
27.888826619771837,99278,230,231,264,
27.893908184272096,99277,231,231,264,
27.901404956444644,99277,231,230,265,
27.910107060672694,99277,231,229,266,
27.91023883078445,99276,232,229,266,
27.915519800264978,99276,231,230,266,
27.9243541496855,99275,232,230,266,
27.934994308106834,99275,232,229,267,
27.935519154650876,99274,233,229,267,
27.943787159833605,99274,232,230,267,
27.944032085036515,99273,233,230,267,
27.94442522755742,99273,233,229,268,
27.946018776497738,99272,234,229,268,
27.946910445603436,99272,233,230,268,
27.947628422928435,99271,234,230,268,
27.948378796666944,99270,235,230,268,
27.949135354956777,99270,235,229,269,
27.952083552342625,99269,236,229,269,
27.952804316321867,99269,235,230,269,
27.960258203445264,99268,236,230,269,
27.96045813356163,99268,235,231,269,
27.969896419654017,99267,236,231,269,
27.969978390156864,99266,237,231,269,
27.97228068170092,99265,238,231,269,
27.97430982555449,99264,239,231,269,
27.978133693486747,99263,240,231,269,
27.983077883127788,99262,241,231,269,
27.98431950761302,99261,242,231,269,
27.984630933374255,99260,243,231,269,
27.996595251404703,99259,244,231,269,
28.0047351919409,99258,245,231,269,
28.009390253294598,99258,244,232,269,
28.01028777279567,99258,243,233,269,
28.011182943617175,99257,244,233,269,
28.02249612786929,99257,243,234,269,
28.025949862092077,99257,242,235,269,
28.032554343682182,99257,242,234,270,
28.033963200069465,99256,243,234,270,
28.03787342465535,99256,242,235,270,
28.038191704986,99255,243,235,270,
28.04669441143233,99255,243,234,271,
28.053019075908974,99254,244,234,271,
28.062449900434032,99254,244,233,272,
28.066391306240572,99253,245,233,272,
28.066731034215135,99253,245,232,273,
28.06991957580134,99253,244,233,273,
28.07161788036841,99252,245,233,273,
28.104118415163907,99251,246,233,273,
28.10563580065197,99251,246,232,274,
28.109526635386427,99251,246,231,275,
28.11587609038914,99251,245,232,275,
28.124910257199538,99250,246,232,275,
28.12579707804741,99249,247,232,275,
28.126564705286,99248,248,232,275,
28.128120588362858,99247,249,232,275,
28.129021252387414,99247,248,233,275,
28.131146497277015,99247,247,234,275,
28.148039682355197,99246,248,234,275,
28.15716021175181,99246,248,233,276,
28.159943079349137,99245,249,233,276,
28.17766574250448,99244,250,233,276,
28.18526934648866,99244,249,234,276,
28.186445741921837,99244,249,233,277,
28.187406321548593,99243,250,233,277,
28.1906068237982,99243,250,232,278,
28.195156675519073,99243,249,233,278,
28.195764815390998,99243,248,234,278,
28.19797365991666,99242,249,234,278,
28.20872345465414,99242,249,233,279,
28.213678637390977,99242,248,234,279,
28.21815113198938,99242,247,235,279,
28.231459016076904,99241,248,235,279,
28.232256125845915,99241,247,236,279,
28.23487518622705,99241,247,235,280,
28.244419206025984,99241,247,234,281,
28.24480009481881,99240,248,234,281,
28.24689389322522,99240,247,235,281,
28.255613591155893,99240,246,236,281,
28.271665999168235,99240,245,237,281,
28.27277722969711,99240,244,238,281,
28.282434559842926,99239,245,238,281,
28.294003802670733,99238,246,238,281,
28.314393586872807,99238,245,239,281,
28.316158273403072,99237,246,239,281,
28.317165311154234,99237,245,240,281,
28.32383565717901,99237,244,241,281,
28.32923997693027,99236,245,241,281,
28.331989467238373,99235,246,241,281,
28.341611164462552,99235,245,242,281,
28.343655233392994,99235,244,243,281,
28.347976786259434,99235,243,244,281,
28.364682133585198,99234,244,244,281,
28.365550124281146,99233,245,244,281,
28.369172103483795,99233,244,245,281,
28.370417817813912,99233,243,246,281,
28.373634858629018,99232,244,246,281,
28.387072328861425,99231,245,246,281,
28.39639711434138,99230,246,246,281,
28.398590485803926,99229,247,246,281,
28.411331991267073,99229,247,245,282,
28.41674358784897,99229,246,246,282,
28.41756527867758,99228,247,246,282,
28.41842239039543,99228,246,247,282,
28.422958575657436,99227,247,247,282,
28.42870628817465,99226,248,247,282,
28.43844401162386,99225,249,247,282,
28.438865562060712,99224,250,247,282,
28.438911036908298,99223,251,247,282,
28.440000956653044,99222,252,247,282,
28.44789551910315,99221,253,247,282,
28.449594144695155,99221,252,248,282,
28.456595460746186,99220,253,248,282,
28.45831800915237,99219,254,248,282,
28.459221779527383,99218,255,248,282,
28.470671743820926,99217,256,248,282,
28.473178660906612,99217,256,247,283,
28.47779633937069,99217,256,246,284,
28.48016367059079,99217,256,245,285,
28.4859966455416,99217,255,246,285,
28.49432748146661,99216,256,246,285,
28.51275506453668,99215,257,246,285,
28.519150890014934,99214,258,246,285,
28.523043348493356,99213,259,246,285,
28.52819533208283,99212,260,246,285,
28.528977937814123,99212,259,247,285,
28.5385671300317,99212,259,246,286,
28.56627147407953,99212,258,247,286,
28.56726546659824,99212,257,248,286,
28.576915335573457,99211,258,248,286,
28.577207228527392,99211,258,247,287,
28.577207228527392,99211,258,247,287,
28.59052133158558,99210,259,247,287,
28.590925564324465,99210,258,248,287,
28.600400971540843,99209,259,248,287,
28.601052160288038,99208,260,248,287,
28.61345305762808,99207,261,248,287,
28.615395402176325,99207,260,249,287,
28.62080795315847,99206,261,249,287,
28.621127525012383,99205,262,249,287,
28.62265746858481,99204,263,249,287,
28.62644504694614,99204,262,250,287,
28.633027522471664,99203,263,250,287,
28.6421029379521,99203,262,251,287,
28.650502524048907,99202,263,251,287,
28.661227288784232,99202,262,252,287,
28.680761904543978,99201,263,252,287,
28.68557033113245,99200,264,252,287,
28.691218107472633,99199,265,252,287,
28.692350933420748,99199,264,253,287,
28.693275170430358,99198,265,253,287,
28.699072264604325,99197,266,253,287,
28.704607128030503,99196,267,253,287,
28.7064146205632,99195,268,253,287,
28.70990424437283,99195,267,254,287,
28.715822537281095,99195,266,255,287,
28.73175144629281,99195,266,254,288,
28.73385005807277,99195,265,255,288,
28.736771221071045,99194,266,255,288,
28.74515371256612,99194,265,256,288,
28.75711051636635,99193,266,256,288,
28.780278487650925,99192,267,256,288,
28.793357098188945,99191,268,256,288,
28.797902093180397,99190,269,256,288,
28.800531152991358,99189,270,256,288,
28.80602223657089,99188,271,256,288,
28.812926050486162,99187,272,256,288,
28.816900764024307,99187,271,257,288,
28.821817355728815,99186,272,257,288,
28.824133672892774,99185,273,257,288,
28.851045585753443,99184,274,257,288,
28.85342830391668,99184,273,258,288,
28.86245663581129,99184,273,257,289,
28.87304785465897,99184,272,258,289,
28.8740054724414,99183,273,258,289,
28.883723142900767,99182,274,258,289,
28.88408114248846,99181,275,258,289,
28.88868027229018,99181,274,259,289,
28.898782596287628,99180,275,259,289,
28.909543481673413,99179,276,259,289,
28.920767001067293,99178,277,259,289,
28.922410329096174,99177,278,259,289,
28.940193273326777,99176,279,259,289,
28.947156737982464,99176,278,260,289,
28.948455828364647,99176,278,259,290,
28.95832529477063,99175,279,259,290,
28.958387976643564,99174,280,259,290,
28.967465171675833,99173,281,259,290,
28.968018274807054,99172,282,259,290,
28.975741351236927,99171,283,259,290,
28.983102151407692,99170,284,259,290,
28.983491279355913,99170,283,260,290,
28.9869842102392,99169,284,260,290,
28.98896691955522,99168,285,260,290,
28.99441039256473,99168,284,261,290,
29.009551441638727,99167,285,261,290,
29.016527215982236,99166,286,261,290,
29.035004260197358,99166,285,262,290,
29.035186353770513,99165,286,262,290,
29.037628439079253,99164,287,262,290,
29.042423504487267,99163,288,262,290,
29.051655081343803,99163,288,261,291,
29.052451905063414,99163,287,262,291,
29.057974719399414,99163,286,263,291,
29.066276713585015,99163,285,264,291,
29.067947198697407,99163,284,265,291,
29.06993164133405,99163,284,264,292,
29.070151754735342,99162,285,264,292,
29.074805432312406,99162,285,263,293,
29.07542879796449,99161,286,263,293,
29.08121611769638,99160,287,263,293,
29.08669144043213,99160,286,264,293,
29.08674781684362,99160,285,265,293,
29.098379328314607,99160,284,266,293,
29.10116461872464,99159,285,266,293,
29.107905571492765,99159,284,267,293,
29.113094421786517,99159,284,266,294,
29.12464040445764,99158,285,266,294,
29.12870534984303,99158,284,267,294,
29.131091500026546,99157,285,267,294,
29.157571825601465,99156,286,267,294,
29.159641158866556,99155,287,267,294,
29.162498052196106,99155,286,268,294,
29.164032783282114,99154,287,268,294,
29.164686794722808,99154,286,269,294,
29.16693139299941,99153,287,269,294,
29.171117252280716,99152,288,269,294,
29.178146510277905,99152,287,270,294,
29.178762433901714,99152,287,269,295,
29.18215134418399,99151,288,269,295,
29.188500742142782,99150,289,269,295,
29.189757549016477,99149,290,269,295,
29.20341054179044,99148,291,269,295,
29.206411446611316,99148,290,270,295,
29.208912035289995,99148,290,269,296,
29.219218001933637,99148,290,268,297,
29.225759701984117,99147,291,268,297,
29.226923316034718,99146,292,268,297,
29.233272838713123,99146,292,267,298,
29.24562965023181,99146,292,266,299,
29.246749411631303,99146,291,267,299,
29.254390391725448,99146,290,268,299,
29.256371892772204,99146,289,269,299,
29.260401145421536,99146,288,270,299,
29.260992500500848,99146,287,271,299,
29.266131354683193,99145,288,271,299,
29.266205894231206,99144,289,271,299,
29.271245508677975,99144,289,270,300,
29.28484714659583,99143,290,270,300,
29.28847775137547,99143,290,269,301,
29.2908974928194,99143,290,268,302,
29.2920712034345,99142,291,268,302,
29.293202109084024,99142,290,269,302,
29.297126070977715,99142,290,268,303,
29.303750444104775,99141,291,268,303,
29.312105672730624,99141,290,269,303,
29.316315939356024,99141,289,270,303,
29.326096673055208,99141,288,271,303,
29.33238012353495,99141,287,272,303,
29.3545959751711,99141,286,273,303,
29.35628367151617,99140,287,273,303,
29.369625192952896,99139,288,273,303,
29.372608179962683,99139,287,274,303,
29.379667347486123,99138,288,274,303,
29.379908208499604,99138,287,275,303,
29.38385493076831,99138,287,274,304,
29.38466653310665,99137,288,274,304,
29.385814904266944,99136,289,274,304,
29.388002181411366,99135,290,274,304,
29.38803489575155,99135,289,275,304,
29.398405798723157,99134,290,275,304,
29.400677001314797,99134,290,274,305,
29.439158418002258,99133,291,274,305,
29.459287738856347,99133,290,275,305,
29.461204967184443,99133,289,276,305,
29.461936072578435,99132,290,276,305,
29.4639481778065,99132,289,277,305,
29.468957902625814,99132,289,276,306,
29.470939428646954,99132,288,277,306,
29.477110919282847,99132,287,278,306,
29.495482706908817,99131,288,278,306,
29.495816309727605,99131,287,279,306,
29.504820423197177,99131,286,280,306,
29.518812256311687,99130,287,280,306,
29.52251536931263,99129,288,280,306,
29.52309784089652,99129,287,281,306,
29.533335781675653,99128,288,281,306,
29.53383846598488,99127,289,281,306,
29.5344510622467,99126,290,281,306,
29.550026687417354,99125,291,281,306,
29.55109335666358,99125,290,282,306,
29.55843567027908,99125,290,281,307,
29.559539719356337,99125,289,282,307,
29.560686505863323,99124,290,282,307,
29.564330781821383,99124,289,283,307,
29.567294604192544,99123,290,283,307,
29.568977923448546,99123,289,284,307,
29.57174962903038,99123,288,285,307,
29.57174962903038,99123,288,285,307,
29.574714251564796,99122,289,285,307,
29.58404884524754,99122,288,286,307,
29.58623576889569,99121,289,286,307,
29.58732514200844,99120,290,286,307,
29.59528293968778,99119,291,286,307,
29.603287150383316,99118,292,286,307,
29.603672540204563,99117,293,286,307,
29.608476837256333,99117,293,285,308,
29.610818199610137,99116,294,285,308,
29.611420965005408,99116,293,286,308,
29.615106297117403,99115,294,286,308,
29.61610776039548,99115,293,287,308,
29.626332313959946,99114,294,287,308,
29.629419364009685,99113,295,287,308,
29.63384275793476,99112,296,287,308,
29.635416963518193,99111,297,287,308,
29.63774794780598,99111,296,288,308,
29.652230112233436,99111,296,287,309,
29.661308701352233,99110,297,287,309,
29.67314105639607,99110,296,288,309,
29.67329939226384,99110,295,289,309,
29.69121325590342,99109,296,289,309,
29.69433745419398,99108,297,289,309,
29.694899052713208,99107,298,289,309,
29.695617975983765,99107,297,290,309,
29.701709644801536,99106,298,290,309,
29.70265720611755,99105,299,290,309,
29.708296254224734,99104,300,290,309,
29.711782482520288,99104,300,289,310,
29.715455022338475,99104,300,288,311,
29.715857176954493,99104,299,289,311,
29.716169528820604,99104,299,288,312,
29.72467090208624,99104,299,287,313,
29.72788197505602,99104,298,288,313,
29.73829954335765,99104,298,287,314,
29.738598228921987,99103,299,287,314,
29.738769039356278,99102,300,287,314,
29.741116984943805,99101,301,287,314,
29.74302893226796,99101,300,288,314,
29.748493433544482,99101,299,289,314,
29.756963202041717,99100,300,289,314,
29.76342987427347,99099,301,289,314,
29.78119112098573,99098,302,289,314,
29.782630307226086,99098,301,290,314,
29.786248955613683,99098,300,291,314,
29.787660240527313,99097,301,291,314,
29.795614631604938,99096,302,291,314,
29.795896551823045,99096,302,290,315,
29.80230155512857,99095,303,290,315,
29.83270780628306,99094,304,290,315,
29.833875740213724,99093,305,290,315,
29.83501867571658,99093,304,291,315,
29.83810848708513,99092,305,291,315,
29.843258651173965,99092,305,290,316,
29.845374845216632,99092,304,291,316,
29.853954752941792,99091,305,291,316,
29.86423031234279,99090,306,291,316,
29.867988801788123,99090,305,292,316,
29.873835082376264,99090,304,293,316,
29.875078287548313,99090,303,294,316,
29.88708702718754,99089,304,294,316,
29.88737662240174,99088,305,294,316,
29.89162823640905,99088,305,293,317,
29.903455673818588,99087,306,293,317,
29.903617546295884,99087,305,294,317,
29.92579032041784,99087,304,295,317,
29.934355793667304,99086,305,295,317,
29.936867831858777,99085,306,295,317,
29.939430824426466,99085,305,296,317,
29.94251999072894,99084,306,296,317,
29.95546901446173,99083,307,296,317,
29.967848651837947,99083,307,295,318,
29.9683908071226,99083,306,296,318,
29.97836417668902,99082,307,296,318,
29.98085206686845,99081,308,296,318,
29.982294674142164,99081,308,295,319,
29.985483745346034,99080,309,295,319,
29.98942223437605,99080,309,294,320,
29.993773441257883,99079,310,294,320,
29.997906024185003,99079,309,295,320,
30.000387910447373,99079,308,296,320,
30.0007665305452,99078,309,296,320,
30.012950534540593,99078,308,297,320,
30.01472256657242,99078,308,296,321,
30.016336560255773,99078,307,297,321,
30.017688688030635,99078,307,296,322,
30.018737204161923,99078,306,297,322,
30.024750584060616,99077,307,297,322,
30.026033371849945,99076,308,297,322,
30.031275505565976,99076,307,298,322,
30.03202864714982,99076,306,299,322,
30.04224724715579,99075,307,299,322,
30.042309122155334,99075,306,300,322,
30.045469404611975,99075,305,301,322,
30.045655251491866,99074,306,301,322,
30.046164298040043,99074,306,300,323,
30.04642579141361,99074,305,301,323,
30.047053283571522,99073,306,301,323,
30.049283620631133,99073,305,302,323,
30.05161743394577,99073,304,303,323,
30.052397190574755,99072,305,303,323,
30.059084206750608,99072,304,304,323,
30.06193330945993,99072,303,305,323,
30.064125941997858,99071,304,305,323,
30.06443707052925,99071,303,306,323,
30.072957963257863,99070,304,306,323,
30.075659803202747,99070,304,305,324,
30.079285371734734,99069,305,305,324,
30.082559669354097,99068,306,305,324,
30.0827066545879,99067,307,305,324,
30.085807128424772,99066,308,305,324,
30.094725146260608,99065,309,305,324,
30.0979897808868,99064,310,305,324,
30.112122665943986,99064,309,306,324,
30.11654481304467,99064,308,307,324,
30.129174659337178,99063,309,307,324,
30.1298656369067,99062,310,307,324,
30.13357542348808,99061,311,307,324,
30.134491821747915,99061,310,308,324,
30.14532193067287,99061,309,309,324,
30.14747279616504,99061,309,308,325,
30.15666044242126,99061,308,309,325,
30.15676950246841,99060,309,309,325,
30.163366545973776,99060,308,310,325,
30.164851257530245,99059,309,310,325,
30.170611045714168,99059,308,311,325,
30.174618476125858,99058,309,311,325,
30.179640454646336,99057,310,311,325,
30.18237033093969,99056,311,311,325,
30.19893213574485,99055,312,311,325,
30.20075339121675,99054,313,311,325,
30.2079436104612,99053,314,311,325,
30.208175170619313,99052,315,311,325,
30.209485942218656,99052,314,312,325,
30.212149470170406,99052,314,311,326,
30.213104257092176,99052,314,310,327,
30.214414838132814,99051,315,310,327,
30.22095861569064,99050,316,310,327,
30.221701667109325,99050,315,311,327,
30.22503029707937,99050,314,312,327,
30.231651203384306,99050,314,311,328,
30.23227074665125,99049,315,311,328,
30.23470141063105,99049,314,312,328,
30.243032034776416,99048,315,312,328,
30.25305755495138,99047,316,312,328,
30.257859134088292,99046,317,312,328,
30.270264821171224,99045,318,312,328,
30.27034659611736,99044,319,312,328,
30.275405505831863,99043,320,312,328,
30.277168909074945,99042,321,312,328,
30.277208422467513,99042,320,313,328,
30.282171388399515,99042,319,314,328,
30.28338659471855,99041,320,314,328,
30.28415227666804,99041,319,315,328,
30.287102843290583,99040,320,315,328,
30.291899542359914,99039,321,315,328,
30.295035540300077,99038,322,315,328,
30.3008802542186,99038,321,316,328,
30.305669690160183,99037,322,316,328,
30.30576560005989,99037,321,317,328,
30.30644634769748,99037,320,318,328,
30.317015476019122,99037,320,317,329,
30.32139655029382,99036,321,317,329,
30.326556676312862,99035,322,317,329,
30.330286655197728,99035,321,318,329,
30.331408939617457,99035,321,317,330,
30.332021142583944,99034,322,317,330,
30.335072648146806,99033,323,317,330,
30.33991024689659,99033,322,318,330,
30.34395506484907,99032,323,318,330,
30.353017001780948,99031,324,318,330,
30.357313478264214,99031,324,317,331,
30.359863734369217,99031,323,318,331,
30.364433164167373,99030,324,318,331,
30.36778624172587,99030,323,319,331,
30.371530302081847,99029,324,319,331,
30.376018849031524,99028,325,319,331,
30.376432967230873,99028,325,318,332,
30.38005831859832,99028,324,319,332,
30.38179953243451,99027,325,319,332,
30.38265576377807,99027,324,320,332,
30.38888818034198,99026,325,320,332,
30.388993701752092,99025,326,320,332,
30.389558051196918,99024,327,320,332,
30.390669686439175,99023,328,320,332,
30.402300330831697,99023,327,321,332,
30.407640531635806,99023,327,320,333,
30.423397876749746,99023,326,321,333,
30.423849246564373,99022,327,321,333,
30.43368656987829,99021,328,321,333,
30.434741287791056,99020,329,321,333,
30.438918994272523,99020,328,322,333,
30.442798629050557,99019,329,322,333,
30.444081131226937,99019,328,323,333,
30.44675990744357,99018,329,323,333,
30.44701141262184,99017,330,323,333,
30.447132317592043,99016,331,323,333,
30.469439441097286,99016,330,324,333,
30.47176709771511,99015,331,324,333,
30.47339741161851,99015,330,325,333,
30.47925041714812,99015,330,324,334,
30.495127645140034,99014,331,324,334,
30.497893528796343,99013,332,324,334,
30.50055318165631,99012,333,324,334,
30.507453634156267,99011,334,324,334,
30.51042941933961,99010,335,324,334,
30.511305776069744,99009,336,324,334,
30.51705223773515,99009,335,325,334,
30.519327055993518,99009,335,324,335,
30.529153434493587,99008,336,324,335,
30.529880724900227,99007,337,324,335,
30.540233855376485,99006,338,324,335,
30.54260757124753,99006,338,323,336,
30.550660992773558,99006,338,322,337,
30.554802658696214,99005,339,322,337,
30.56960970514325,99005,339,321,338,
30.570594885835366,99005,339,320,339,
30.57096459883436,99005,339,319,340,
30.57096459883436,99005,339,319,340,
30.582781668231007,99005,338,320,340,
30.584592156110418,99005,337,321,340,
30.587033987203373,99005,336,322,340,
30.589894813073176,99005,335,323,340,
30.59142483214466,99005,334,324,340,
30.59582794401226,99005,334,323,341,
30.597797918311556,99005,333,324,341,
30.62194429278921,99005,332,325,341,
30.625037237606726,99005,331,326,341,
30.625066044909378,99004,332,326,341,
30.626821714707305,99003,333,326,341,
30.63162602246573,99003,332,327,341,
30.636517501446118,99003,331,328,341,
30.636860010859092,99003,330,329,341,
30.6403959617596,99002,331,329,341,
30.644006373034145,99002,330,330,341,
30.64722264489056,99002,329,331,341,
30.6562545911669,99001,330,331,341,
30.657302031031854,99001,330,330,342,
30.66046205072991,99000,331,330,342,
30.669533160040768,98999,332,330,342,
30.675957607161177,98998,333,330,342,
30.67787952366385,98998,333,329,343,
30.682147105407985,98998,333,328,344,
30.687265688791225,98998,333,327,345,
30.687425011425084,98998,333,326,346,
30.68854139681543,98998,332,327,346,
30.69052392335659,98997,333,327,346,
30.69579631781617,98996,334,327,346,
30.700254222312942,98996,334,326,347,
30.702546176465038,98995,335,326,347,
30.704272127876024,98995,334,327,347,
30.710320016948764,98994,335,327,347,
30.7106081070932,98993,336,327,347,
30.71286227979676,98992,337,327,347,
30.720232047032887,98992,336,328,347,
30.720704540657632,98992,335,329,347,
30.730496045805832,98991,336,329,347,
30.731518500537977,98991,335,330,347,
30.734124101330888,98991,335,329,348,
30.739849600344762,98990,336,329,348,
30.755484692282398,98989,337,329,348,
30.76341323576301,98989,337,328,349,
30.764784304127332,98988,338,328,349,
30.768988253957072,98987,339,328,349,
30.778442634615985,98986,340,328,349,
30.779031618216163,98986,339,329,349,
30.780481834837747,98986,338,330,349,
30.781267956483166,98985,339,330,349,
30.783177807759458,98984,340,330,349,
30.783653812222003,98983,341,330,349,
30.788503892068153,98983,340,331,349,
30.79036298407083,98982,341,331,349,
30.794738887868828,98981,342,331,349,
30.79972910800002,98981,341,332,349,
30.81798250420328,98981,341,331,350,
30.82028860314159,98981,341,330,351,
30.82229937338584,98980,342,330,351,
30.822499007059893,98980,342,329,352,
30.82815155553982,98979,343,329,352,
30.84111185221504,98978,344,329,352,
30.841366430238008,98977,345,329,352,
30.845656561981258,98977,344,330,352,
30.846211874326364,98976,345,330,352,
30.846983820978224,98976,344,331,352,
30.848484451976596,98975,345,331,352,
30.868961003802482,98975,344,332,352,
30.871917798567985,98975,343,333,352,
30.90067499628357,98975,342,334,352,
30.90505691304247,98975,341,335,352,
30.907609862489753,98975,340,336,352,
30.90967313380511,98975,340,335,353,
30.910369938399736,98974,341,335,353,
30.911142154345303,98974,340,336,353,
30.911212684105454,98974,339,337,353,
30.914250278604236,98973,340,337,353,
30.91649683526927,98973,339,338,353,
30.92109256983045,98972,340,338,353,
30.92310519579583,98971,341,338,353,
30.928162833257456,98970,342,338,353,
30.933479611673413,98969,343,338,353,
30.93930417018113,98968,344,338,353,
30.94414190159842,98968,344,337,354,
30.946806949535073,98968,344,336,355,
30.9490325713879,98968,343,337,355,
30.952300955666594,98968,343,336,356,
30.95432173952364,98967,344,336,356,
30.964268206875484,98967,343,337,356,
30.973164256496332,98967,343,336,357,
30.975567243568488,98967,343,335,358,
30.985626825777697,98967,342,336,358,
30.99355777324979,98967,342,335,359,
31.000904077088478,98966,343,335,359,
31.003790845580493,98965,344,335,359,
31.017843854037885,98965,344,334,360,
31.021023621221197,98965,344,333,361,
31.0215303857952,98964,345,333,361,
31.023664032543074,98963,346,333,361,
31.029686926910042,98963,345,334,361,
31.04653094429223,98963,344,335,361,
31.048812285002814,98962,345,335,361,
31.049891310284963,98961,346,335,361,
31.053912628783024,98960,347,335,361,
31.054320421679396,98959,348,335,361,
31.055708239939367,98958,349,335,361,
31.062420866459146,98957,350,335,361,
31.07057394851547,98957,349,336,361,
31.073568501794387,98956,350,336,361,
31.073739624536465,98956,350,335,362,
31.076628053038345,98956,350,334,363,
31.086220957026082,98956,350,333,364,
31.086291877677265,98955,351,333,364,
31.08937403153413,98955,350,334,364,
31.09012582117653,98954,351,334,364,
31.091026331316055,98953,352,334,364,
31.09137656900101,98953,352,333,365,
31.091762679412835,98952,353,333,365,
31.09526106006751,98951,354,333,365,
31.097589790707428,98950,355,333,365,
31.100019545819137,98950,354,334,365,
31.10015995875444,98949,355,334,365,
31.10693873037287,98949,355,333,366,
31.107995766060515,98949,354,334,366,
31.117099985259813,98948,355,334,366,
31.134087019601242,98947,356,334,366,
31.139508915261835,98947,355,335,366,
31.140062211168487,98947,354,336,366,
31.142142396232146,98947,354,335,367,
31.147581557514037,98947,353,336,367,
31.148733733376876,98947,352,337,367,
31.149632941009376,98946,353,337,367,
31.153473851323938,98946,353,336,368,
31.154386734542,98945,354,336,368,
31.154994404782848,98945,353,337,368,
31.156263119902473,98945,352,338,368,
31.156766259691356,98945,351,339,368,
31.156816781030518,98945,351,338,369,
31.158096718925222,98945,351,337,370,
31.161966536482268,98945,350,338,370,
31.167040969379126,98944,351,338,370,
31.167559143095104,98944,351,337,371,
31.17620736438273,98944,350,338,371,
31.176893096781466,98943,351,338,371,
31.17944538055285,98943,350,339,371,
31.179678126130533,98943,350,338,372,
31.1840112004669,98943,349,339,372,
31.188919012699206,98943,348,340,372,
31.19313607260783,98942,349,340,372,
31.19715928342452,98941,350,340,372,
31.20146364215686,98940,351,340,372,
31.204895270389127,98940,350,341,372,
31.207381204708213,98939,351,341,372,
31.21548181901936,98939,350,342,372,
31.218167484188616,98939,349,343,372,
31.219457292508576,98938,350,343,372,
31.22379835245292,98938,350,342,373,
31.229431556453555,98937,351,342,373,
31.23626226355726,98936,352,342,373,
31.23898433315364,98936,352,341,374,
31.251449763365432,98935,353,341,374,
31.254414433406836,98935,352,342,374,
31.258636120114918,98934,353,342,374,
31.26448330341573,98934,352,343,374,
31.26721519341873,98934,352,342,375,
31.269017615178406,98934,351,343,375,
31.27272919475444,98933,352,343,375,
31.278141831079214,98932,353,343,375,
31.279168491653458,98931,354,343,375,
31.28277990452154,98931,354,342,376,
31.284879037021742,98931,353,343,376,
31.28684682428267,98930,354,343,376,
31.302730913743048,98929,355,343,376,
31.319974073405184,98929,354,344,376,
31.32072221093634,98928,355,344,376,
31.32524421481542,98928,354,345,376,
31.330699390369535,98927,355,345,376,
31.333776805359122,98926,356,345,376,
31.336246258127492,98926,356,344,377,
31.337897382942575,98925,357,344,377,
31.348552214600403,98925,356,345,377,
31.35302493822055,98925,355,346,377,
31.358493791482058,98924,356,346,377,
31.36006023135665,98924,355,347,377,
31.363667247137133,98923,356,347,377,
31.364669364165042,98923,356,346,378,
31.366551637247902,98922,357,346,378,
31.37329774312092,98922,356,347,378,
31.376493950270525,98921,357,347,378,
31.38454679599413,98920,358,347,378,
31.388104005614974,98920,357,348,378,
31.390486458439582,98920,356,349,378,
31.394772490213015,98920,355,350,378,
31.40911406049631,98919,356,350,378,
31.411862446592743,98918,357,350,378,
31.416565709193414,98917,358,350,378,
31.417826522040375,98916,359,350,378,
31.42048404680644,98916,359,349,379,
31.429156876796142,98915,360,349,379,
31.430210186059504,98915,359,350,379,
31.43726370295498,98914,360,350,379,
31.439175117730827,98914,359,351,379,
31.44543066142985,98913,360,351,379,
31.448159026131574,98912,361,351,379,
31.458943467149027,98912,360,352,379,
31.461935174692908,98912,359,353,379,
31.46194645211354,98912,358,354,379,
31.469879287323728,98912,358,353,380,
31.476792412977822,98912,357,354,380,
31.478664812264288,98911,358,354,380,
31.48142347570316,98910,359,354,380,
31.484638052881472,98909,360,354,380,
31.488619905252364,98909,359,355,380,
31.48882724197699,98909,359,354,381,
31.48927701004972,98909,359,353,382,
31.493834119634343,98908,360,353,382,
31.494879270488383,98907,361,353,382,
31.49934910266619,98906,362,353,382,
31.51001736536838,98906,361,354,382,
31.51315629380591,98905,362,354,382,
31.51707066526009,98905,361,355,382,
31.517291004790977,98904,362,355,382,
31.517662801394376,98903,363,355,382,
31.524292707777743,98902,364,355,382,
31.526753694719797,98901,365,355,382,
31.54191391901766,98900,366,355,382,
31.54375459258032,98899,367,355,382,
31.55002751926317,98899,367,354,383,
31.55008717058713,98899,367,353,384,
31.55078593907202,98898,368,353,384,
31.558499799532445,98898,368,352,385,
31.559813076886208,98898,368,351,386,
31.564206980625183,98898,367,352,386,
31.564206980625183,98898,367,352,386,
31.56989689720447,98898,367,351,387,
31.579410577823722,98898,366,352,387,
31.581256879444428,98898,365,353,387,
31.582515145409555,98897,366,353,387,
31.583688859852646,98897,366,352,388,
31.584322566174055,98897,366,351,389,
31.584822960318206,98897,366,350,390,
31.59453740000494,98897,365,351,390,
31.597315906731982,98896,366,351,390,
31.59892616537666,98896,366,350,391,
31.60107540966082,98896,365,351,391,
31.60460323447297,98896,364,352,391,
31.610859320028638,98895,365,352,391,
31.61190251166121,98895,365,351,392,
31.62414015628489,98895,365,350,393,
31.625760443730773,98894,366,350,393,
31.63180624229855,98894,365,351,393,
31.63225350124442,98893,366,351,393,
31.638259720038985,98892,367,351,393,
31.63887259807164,98891,368,351,393,
31.640888191586495,98890,369,351,393,
31.646556384610932,98890,369,350,394,
31.646870838613342,98890,368,351,394,
31.649780339665828,98889,369,351,394,
31.65887415471854,98888,370,351,394,
31.663794676728678,98888,370,350,395,
31.664497515660376,98887,371,350,395,
31.665329272267073,98887,370,351,395,
31.676360941699013,98887,369,352,395,
31.677336505633846,98886,370,352,395,
31.68584818309162,98886,369,353,395,
31.692772639252443,98886,369,352,396,
31.69428753713747,98886,369,351,397,
31.701236294158427,98886,368,352,397,
31.70307950186591,98886,368,351,398,
31.70568946104915,98886,367,352,398,
31.71102482767699,98885,368,352,398,
31.714355964516276,98885,367,353,398,
31.724104944150923,98884,368,353,398,
31.72888196905192,98883,369,353,398,
31.73570250585162,98882,370,353,398,
31.73680906452516,98882,369,354,398,
31.741638552295793,98882,368,355,398,
31.755100055019607,98881,369,355,398,
31.758308080157942,98881,368,356,398,
31.759993090834108,98880,369,356,398,
31.76293883999311,98880,368,357,398,
31.76524030562495,98880,367,358,398,
31.785166535924134,98880,366,359,398,
31.78679999142422,98879,367,359,398,
31.791445134678675,98879,367,358,399,
31.7923014477156,98878,368,358,399,
31.80460139192528,98878,367,359,399,
31.81894974997335,98878,366,360,399,
31.82299990333153,98878,365,361,399,
31.834339771882963,98878,364,362,399,
31.85135761226473,98878,363,363,399,
31.85358596219483,98878,363,362,400,
31.856421547560075,98878,362,363,400,
31.859926580538495,98877,363,363,400,
31.86148679149242,98876,364,363,400,
31.86501917095193,98876,363,364,400,
31.86695100706314,98876,363,363,401,
31.878646666197767,98876,362,364,401,
31.879665241512388,98875,363,364,401,
31.88449843771338,98875,362,365,401,
31.888492652616247,98875,362,364,402,
31.891473515630874,98874,363,364,402,
31.89624735407216,98873,364,364,402,
31.918834070889712,98873,364,363,403,
31.92712703630296,98873,363,364,403,
31.93458873581221,98872,364,364,403,
31.939640265797173,98871,365,364,403,
31.94063027724625,98870,366,364,403,
31.94499293996494,98870,366,363,404,
31.951880628760218,98870,365,364,404,
31.958273991208713,98869,366,364,404,
31.95882355823038,98868,367,364,404,
31.964396376890974,98867,368,364,404,
31.96565901767259,98866,369,364,404,
31.966429417706827,98866,368,365,404,
31.972385965814894,98866,367,366,404,
31.976389922650682,98865,368,366,404,
31.977266378768054,98864,369,366,404,
31.97833929340008,98864,369,365,405,
31.98729094956683,98864,368,366,405,
31.989817934588906,98863,369,366,405,
32.00024937291924,98863,369,365,406,
32.00804451468755,98863,368,366,406,
32.0088231342976,98863,368,365,407,
32.01042628771933,98863,368,364,408,
32.01707496393602,98862,369,364,408,
32.01776679195715,98861,370,364,408,
32.02058253356523,98860,371,364,408,
32.023118587896484,98860,371,363,409,
32.02338868213785,98859,372,363,409,
32.025413695349656,98859,371,364,409,
32.03007869910579,98859,370,365,409,
32.056148737263314,98859,369,366,409,
32.06133593665706,98858,370,366,409,
32.06382499173926,98857,371,366,409,
32.07162809141264,98857,370,367,409,
32.0741733458137,98856,371,367,409,
32.076591721948084,98856,370,368,409,
32.080841562358565,98856,369,369,409,
32.09120261722115,98856,369,368,410,
32.10017813707112,98856,368,369,410,
32.1054469733966,98856,367,370,410,
32.12295282237029,98855,368,370,410,
32.127281910015284,98855,368,369,411,
32.128850806649,98855,368,368,412,
32.13352618071699,98855,367,369,412,
32.13399016356646,98855,367,368,413,
32.13672181365985,98854,368,368,413,
32.13787298346011,98853,369,368,413,
32.14069946514147,98853,368,369,413,
32.14205492771152,98852,369,369,413,
32.14296197896753,98852,368,370,413,
32.14334727522118,98852,367,371,413,
32.148858238240955,98851,368,371,413,
32.15181939592222,98851,368,370,414,
32.15269886443054,98851,368,369,415,
32.15939854801991,98851,368,368,416,
32.17267939981085,98850,369,368,416,
32.17570166499556,98850,369,367,417,
32.177863230962046,98849,370,367,417,
32.18347832002954,98848,371,367,417,
32.18927123400692,98848,370,368,417,
32.192331437048246,98847,371,368,417,
32.192674934848355,98847,370,369,417,
32.19313032121163,98847,370,368,418,
32.20007942209569,98847,370,367,419,
32.203975765660665,98847,369,368,419,
32.20885363967242,98846,370,368,419,
32.212917493560106,98846,370,367,420,
32.21508508822821,98845,371,367,420,
32.22096027251329,98845,370,368,420,
32.22209194015808,98845,369,369,420,
32.2285690770285,98844,370,369,420,
32.230641385706576,98843,371,369,420,
32.239615557496286,98843,370,370,420,
32.24469195970115,98843,369,371,420,
32.2546099112045,98842,370,371,420,
32.255278978799176,98841,371,371,420,
32.27446515464235,98841,370,372,420,
32.27457862023496,98841,370,371,421,
32.2757383900436,98841,370,370,422,
32.27632947236564,98841,369,371,422,
32.27649588847172,98840,370,371,422,
32.27781265191813,98840,370,370,423,
32.2934184608162,98840,369,371,423,
32.29344849972747,98839,370,371,423,
32.294020896763826,98839,370,370,424,
32.29519605937514,98839,369,371,424,
32.29821803566086,98839,368,372,424,
32.30150087293078,98839,368,371,425,
32.30440389324244,98838,369,371,425,
32.3048172826685,98838,368,372,425,
32.30783285186849,98837,369,372,425,
32.31409735464842,98836,370,372,425,
32.315270783953,98835,371,372,425,
32.31892509962303,98834,372,372,425,
32.32697198755556,98834,372,371,426,
32.33260052942505,98834,372,370,427,
32.33912223975472,98833,373,370,427,
32.35410377801827,98833,373,369,428,
32.35479952775827,98833,372,370,428,
32.35804056464458,98832,373,370,428,
32.36507583621618,98831,374,370,428,
32.36679425663556,98831,373,371,428,
32.3733850724139,98831,372,372,428,
32.37467938612556,98830,373,372,428,
32.37606712924328,98829,374,372,428,
32.38394366908223,98829,374,371,429,
32.38744825724028,98828,375,371,429,
32.393610787223594,98827,376,371,429,
32.399206578190444,98827,376,370,430,
32.401979719144634,98827,375,371,430,
32.41326069251834,98826,376,371,430,
32.415736707399006,98826,375,372,430,
32.41629188673268,98826,374,373,430,
32.42957499975459,98825,375,373,430,
32.42994620173777,98825,374,374,430,
32.43105612266552,98825,373,375,430,
32.43391204547254,98824,374,375,430,
32.43649657274432,98824,373,376,430,
32.43815675537753,98823,374,376,430,
32.44463695782943,98823,373,377,430,
32.451434797964914,98823,372,378,430,
32.45223923034341,98823,372,377,431,
32.45626779738015,98823,372,376,432,
32.45946736923616,98822,373,376,432,
32.46044065447097,98822,372,377,432,
32.46555357636122,98822,372,376,433,
32.47094923304978,98821,373,376,433,
32.477878415040735,98821,372,377,433,
32.4793352325596,98821,371,378,433,
32.48949304891153,98821,371,377,434,
32.491118100513994,98820,372,377,434,
32.49135088381398,98820,372,376,435,
32.49278505762589,98819,373,376,435,
32.49372878735304,98819,373,375,436,
32.493840444546386,98819,372,376,436,
32.50976035424433,98818,373,376,436,
32.51163534526209,98818,372,377,436,
32.51313905873011,98817,373,377,436,
32.51356604058105,98816,374,377,436,
32.51637153207621,98816,373,378,436,
32.517509802103746,98816,373,377,437,
32.51863844386652,98816,372,378,437,
32.52373002337103,98816,371,379,437,
32.52468164155613,98816,371,378,438,
32.529081181509746,98816,370,379,438,
32.530402562861575,98816,369,380,438,
32.53363058337015,98815,370,380,438,
32.53718007420439,98815,370,379,439,
32.54710398895367,98814,371,379,439,
32.547141643531766,98813,372,379,439,
32.54972576949134,98813,371,380,439,
32.55135011841606,98812,372,380,439,
32.55355721158919,98812,371,381,439,
32.5565737943615,98811,372,381,439,
32.55757536287344,98810,373,381,439,
32.55757536287344,98810,373,381,439,
32.5582220288533,98810,372,382,439,
32.56694639480673,98809,373,382,439,
32.570959611481186,98808,374,382,439,
32.571380699981766,98807,375,382,439,
32.57497286357004,98806,376,382,439,
32.576434431161985,98805,377,382,439,
32.578911918342314,98805,376,383,439,
32.59543119725239,98805,376,382,440,
32.600217230057204,98805,375,383,440,
32.60023723460534,98804,376,383,440,
32.607040225183596,98803,377,383,440,
32.60886025078194,98803,376,384,440,
32.608947976616776,98802,377,384,440,
32.610613093539776,98802,377,383,441,
32.61321264004584,98801,378,383,441,
32.620471323889554,98801,377,384,441,
32.62299196770446,98801,377,383,442,
32.62338635021535,98801,376,384,442,
32.62536954591735,98800,377,384,442,
32.6306016580752,98800,376,385,442,
32.63434185673588,98800,376,384,443,
32.63601323980253,98799,377,384,443,
32.63700926820034,98798,378,384,443,
32.64067762712379,98797,379,384,443,
32.641032510874815,98797,378,385,443,
32.64531519062002,98796,379,385,443,
32.65358009307794,98795,380,385,443,
32.66248115388083,98795,379,386,443,
32.663330566602674,98795,378,387,443,
32.66544155293341,98794,379,387,443,
32.670337722751924,98793,380,387,443,
32.675861491802394,98792,381,387,443,
32.68350624392325,98791,382,387,443,
32.68682643521133,98790,383,387,443,
32.6890723019125,98790,382,388,443,
32.69425877455564,98790,381,389,443,
32.69727253227175,98789,382,389,443,
32.69867215809289,98789,381,390,443,
32.70455058189929,98788,382,390,443,
32.71322276714478,98788,382,389,444,
32.727115853144085,98787,383,389,444,
32.72920058638971,98787,383,388,445,
32.744200110200715,98786,384,388,445,
32.747195972297874,98785,385,388,445,
32.750911193167845,98785,384,389,445,
32.75421171643874,98784,385,389,445,
32.75851606421114,98783,386,389,445,
32.75983378048363,98783,385,390,445,
32.76009802453785,98783,385,389,446,
32.7640374223274,98783,385,388,447,
32.765005783925815,98783,385,387,448,
32.7659854090554,98782,386,387,448,
32.77673020106751,98781,387,387,448,
32.78091953283475,98781,387,386,449,
32.78410754858637,98781,386,387,449,
32.79477151849718,98780,387,387,449,
32.80111342403889,98780,387,386,450,
32.80565476212811,98780,386,387,450,
32.805977780393604,98779,387,387,450,
32.816424863730965,98779,386,388,450,
32.82063764591794,98779,385,389,450,
32.82221256314688,98778,386,389,450,
32.82235053469102,98777,387,389,450,
32.82481395141309,98776,388,389,450,
32.83056229448759,98775,389,389,450,
32.83681692972499,98775,389,388,451,
32.839897456954375,98775,388,389,451,
32.8435201882855,98775,387,390,451,
32.84401809400438,98775,387,389,452,
32.84655878393675,98774,388,389,452,
32.84764614431808,98773,389,389,452,
32.85603515271699,98773,389,388,453,
32.858519962539205,98772,390,388,453,
32.859620459439256,98772,390,387,454,
32.85969079434296,98772,390,386,455,
32.86178843909755,98771,391,386,455,
32.862733663861576,98770,392,386,455,
32.8627353984023,98770,392,385,456,
32.86473855504077,98770,391,386,456,
32.8728258422263,98770,391,385,457,
32.87389459870624,98770,390,386,457,
32.880000153817235,98770,389,387,457,
32.88865475592424,98769,390,387,457,
32.89205102549495,98768,391,387,457,
32.895391389971664,98768,391,386,458,
32.90375640085327,98767,392,386,458,
32.90486008008653,98767,391,387,458,
32.906676273308285,98766,392,387,458,
32.90736669859153,98765,393,387,458,
32.90951546174968,98765,392,388,458,
32.91237846444078,98764,393,388,458,
32.91687884467053,98763,394,388,458,
32.921136162361194,98762,395,388,458,
32.921801409828014,98761,396,388,458,
32.926790540214725,98760,397,388,458,
32.93695343717666,98760,397,387,459,
32.94499170692229,98760,396,388,459,
32.94613057842515,98759,397,388,459,
32.94659255598611,98758,398,388,459,
32.95180462372533,98757,399,388,459,
32.95270139546676,98757,398,389,459,
32.95391610912197,98757,398,388,460,
32.960913279419586,98757,397,389,460,
32.970460187275215,98756,398,389,460,
32.977128001011934,98756,397,390,460,
32.98207958904201,98756,397,389,461,
32.98229311739313,98755,398,389,461,
32.98323687940921,98755,397,390,461,
32.99943118945994,98755,396,391,461,
33.00789043018998,98754,397,391,461,
33.00970033627127,98754,396,392,461,
33.01076441578816,98753,397,392,461,
33.027785127046194,98753,396,393,461,
33.02792029771401,98752,397,393,461,
33.04180061237428,98752,396,394,461,
33.04190394883288,98752,395,395,461,
33.043388934091816,98752,395,394,462,
33.046122660904935,98751,396,394,462,
33.04783223559109,98750,397,394,462,
33.05002697383402,98749,398,394,462,
33.05358186511142,98749,398,393,463,
33.05372852877786,98748,399,393,463,
33.0538243756689,98747,400,393,463,
33.05462588047558,98746,401,393,463,
33.055172303745096,98745,402,393,463,
33.062570308642314,98745,402,392,464,
33.063021693681996,98745,401,393,464,
33.07126595115359,98744,402,393,464,
33.073713434550484,98744,402,392,465,
33.079004087114875,98744,401,393,465,
33.081446280936696,98743,402,393,465,
33.084515910718075,98742,403,393,465,
33.084800076218016,98742,402,394,465,
33.09299543728031,98741,403,394,465,
33.10210675545814,98741,402,395,465,
33.10212042646652,98740,403,395,465,
33.11050041426616,98739,404,395,465,
33.11319164202294,98739,403,396,465,
33.115394740029814,98738,404,396,465,
33.11973108976954,98737,405,396,465,
33.12144529318168,98737,404,397,465,
33.12247517043665,98737,403,398,465,
33.13114217471621,98736,404,398,465,
33.13810512372044,98735,405,398,465,
33.14447324917535,98734,406,398,465,
33.14757404929592,98733,407,398,465,
33.152650072537725,98733,406,399,465,
33.16175429726189,98733,406,398,466,
33.16359561626045,98732,407,398,466,
33.175001459489735,98731,408,398,466,
33.175109536916914,98731,408,397,467,
33.18116423505163,98730,409,397,467,
33.182202285935794,98729,410,397,467,
33.19116007010546,98729,409,398,467,
33.19208686536055,98728,410,398,467,
33.19516291884899,98727,411,398,467,
33.20283380846818,98727,411,397,468,
33.209452530111385,98726,412,397,468,
33.21597158652771,98726,411,398,468,
33.21722186360059,98725,412,398,468,
33.22490026580647,98724,413,398,468,
33.22667117662169,98724,413,397,469,
33.22696581427726,98724,412,398,469,
33.2308993866762,98724,412,397,470,
33.23191000415915,98724,411,398,470,
33.23818196741495,98724,410,399,470,
33.25206781156162,98723,411,399,470,
33.25376637599676,98723,411,398,471,
33.254595579265626,98723,411,397,472,
33.25633095200712,98722,412,397,472,
33.26001478713425,98721,413,397,472,
33.26122853995222,98721,412,398,472,
33.26126369266021,98720,413,398,472,
33.26373698300252,98719,414,398,472,
33.26852015857293,98719,414,397,473,
33.27041972744878,98719,414,396,474,
33.27557735858481,98719,413,397,474,
33.286355419447425,98718,414,397,474,
33.29006366396797,98717,415,397,474,
33.29176928350067,98716,416,397,474,
33.29377760885904,98715,417,397,474,
33.29480382892992,98715,417,396,475,
33.298018141412776,98715,416,397,475,
33.30239022740779,98714,417,397,475,
33.30650538683724,98714,417,396,476,
33.31707386494119,98714,417,395,477,
33.323799265798904,98714,416,396,477,
33.325592179983715,98713,417,396,477,
33.33048495020408,98713,417,395,478,
33.33062097758914,98713,416,396,478,
33.33502184321062,98712,417,396,478,
33.33943422990396,98712,416,397,478,
33.346356992869964,98712,415,398,478,
33.35304219842124,98712,414,399,478,
33.353192674504065,98711,415,399,478,
33.35678520184092,98710,416,399,478,
33.36737704827605,98710,415,400,478,
33.371460677201455,98710,414,401,478,
33.37158164436834,98710,414,400,479,
33.371723808305724,98709,415,400,479,
33.37654130580972,98709,414,401,479,
33.37999618249554,98708,415,401,479,
33.380672315857346,98707,416,401,479,
33.383201941054864,98707,415,402,479,
33.38952431228572,98706,416,402,479,
33.400568637997594,98705,417,402,479,
33.4063834551362,98704,418,402,479,
33.40797346842852,98704,418,401,480,
33.408789134621834,98703,419,401,480,
33.41541975714321,98702,420,401,480,
33.41827290212344,98702,420,400,481,
33.42247773550809,98702,419,401,481,
33.431103755018604,98702,419,400,482,
33.4381055005626,98701,420,400,482,
33.44256272422517,98700,421,400,482,
33.445293781255685,98700,421,399,483,
33.457437169402006,98700,420,400,483,
33.46012577064556,98700,420,399,484,
33.46116026832515,98699,421,399,484,
33.46500688414186,98699,421,398,485,
33.500307892519544,98699,421,397,486,
33.50304486479893,98699,421,396,487,
33.50410269927154,98699,421,395,488,
33.514890995198066,98698,422,395,488,
33.51849883880199,98698,421,396,488,
33.52153111074301,98698,420,397,488,
33.52473394975078,98697,421,397,488,
33.52503851672269,98697,421,396,489,
33.53307439764496,98696,422,396,489,
33.53354853257136,98695,423,396,489,
33.539086624501024,98694,424,396,489,
33.54031639428204,98693,425,396,489,
33.546221296482834,98692,426,396,489,
33.55271116837628,98691,427,396,489,
33.557260828226795,98691,427,395,490,
33.557260828226795,98691,427,395,490,
33.55768799470083,98690,428,395,490,
33.559011302709685,98690,427,396,490,
33.56301591500274,98690,426,397,490,
33.56592633827529,98689,427,397,490,
33.56981185263032,98688,428,397,490,
33.57257988018212,98688,428,396,491,
33.57569597377978,98688,427,397,491,
33.576938663933134,98688,426,398,491,
33.577361765754425,98687,427,398,491,
33.58493668391431,98686,428,398,491,
33.589328108267644,98685,429,398,491,
33.592357006001706,98685,428,399,491,
33.593934869180686,98684,429,399,491,
33.59778313793087,98683,430,399,491,
33.598552536465675,98682,431,399,491,
33.60308198723692,98681,432,399,491,
33.615768192578095,98681,432,398,492,
33.62046549135497,98680,433,398,492,
33.62282702292879,98679,434,398,492,
33.63208388105697,98679,433,399,492,
33.63855344324601,98679,432,400,492,
33.64252464502365,98678,433,400,492,
33.653636834806335,98677,434,400,492,
33.6595643826779,98677,433,401,492,
33.66370411665313,98676,434,401,492,
33.663873907097276,98675,435,401,492,
33.694454160338054,98674,436,401,492,
33.70251009357056,98674,436,400,493,
33.70978810068662,98674,436,399,494,
33.711345844864255,98674,435,400,494,
33.71319192731249,98673,436,400,494,
33.71871443524483,98672,437,400,494,
33.73058607454279,98672,436,401,494,
33.73071201342375,98672,436,400,495,
33.734565338063085,98671,437,400,495,
33.740822728791315,98670,438,400,495,
33.744711035484954,98670,438,399,496,
33.7476327602622,98670,437,400,496,
33.75466819286767,98669,438,400,496,
33.76871125397013,98668,439,400,496,
33.773866904486304,98667,440,400,496,
33.77792474462191,98666,441,400,496,
33.78700612514418,98665,442,400,496,
33.790813883684606,98664,443,400,496,
33.791102745147924,98664,442,401,496,
33.796810856323376,98664,441,402,496,
33.80525942068241,98664,440,403,496,
33.81535907945289,98664,439,404,496,
33.82839579820324,98664,438,405,496,
33.82892835280261,98664,438,404,497,
33.83237595342276,98663,439,404,497,
33.83559890280132,98662,440,404,497,
33.841797098905886,98661,441,404,497,
33.84183437199865,98661,440,405,497,
33.86209286172102,98661,439,406,497,
33.865311036243014,98661,439,405,498,
33.86728025232526,98660,440,405,498,
33.868222121292156,98660,440,404,499,
33.87040159621452,98659,441,404,499,
33.872424439058356,98658,442,404,499,
33.873513411005135,98658,441,405,499,
33.874197174131666,98657,442,405,499,
33.87576488660691,98656,443,405,499,
33.87849379349725,98655,444,405,499,
33.88003192358095,98654,445,405,499,
33.88731237735283,98653,446,405,499,
33.889529100208655,98653,445,406,499,
33.89240992260714,98653,445,405,500,
33.895572894897825,98652,446,405,500,
33.89886290047064,98652,445,406,500,
33.90041953471794,98652,444,407,500,
33.91689254690146,98652,444,406,501,
33.92186316824095,98651,445,406,501,
33.93753902654793,98651,445,405,502,
33.93756478803712,98651,445,404,503,
33.941141953981436,98650,446,404,503,
33.944722945264935,98649,447,404,503,
33.948910272371016,98648,448,404,503,
33.94912867800905,98647,449,404,503,
33.95931234395526,98647,448,405,503,
33.96199220038247,98647,448,404,504,
33.96311742139526,98647,447,405,504,
33.97098906454654,98647,447,404,505,
33.975688402187956,98646,448,404,505,
33.980080743860434,98645,449,404,505,
33.98279517041445,98644,450,404,505,
33.987185007767174,98643,451,404,505,
33.987625643191684,98643,451,403,506,
33.989327001449176,98643,451,402,507,
33.99037585447712,98643,451,401,508,
33.994058846512,98643,450,402,508,
33.995137058660845,98642,451,402,508,
33.99529653678426,98641,452,402,508,
34.007376283715175,98640,453,402,508,
34.01126858272847,98639,454,402,508,
34.017500412602466,98638,455,402,508,
34.02226561407493,98638,454,403,508,
34.02566217086278,98637,455,403,508,
34.02706775318013,98637,455,402,509,
34.03165021378106,98636,456,402,509,
34.03986215158394,98635,457,402,509,
34.045453043357824,98634,458,402,509,
34.05032634264897,98634,457,403,509,
34.05435872361855,98633,458,403,509,
34.05721436825421,98632,459,403,509,
34.058015542017166,98631,460,403,509,
34.05852108852105,98630,461,403,509,
34.05912941666266,98630,460,404,509,
34.06084316788174,98630,460,403,510,
34.069341846792845,98629,461,403,510,
34.073066366273956,98629,461,402,511,
34.07361189831854,98628,462,402,511,
34.07700615612976,98627,463,402,511,
34.081773799890385,98626,464,402,511,
34.08357270528487,98625,465,402,511,
34.08940335631903,98624,466,402,511,
34.09100958279252,98624,465,403,511,
34.097553086515305,98623,466,403,511,
34.10184769881526,98623,465,404,511,
34.1025332738824,98623,465,403,512,
34.105312362730935,98623,465,402,513,
34.107138604518646,98622,466,402,513,
34.112118108767,98622,466,401,514,
34.11496136715879,98622,465,402,514,
34.11702751379055,98622,465,401,515,
34.12120079764509,98621,466,401,515,
34.13145901436852,98621,466,400,516,
34.13817205355027,98621,466,399,517,
34.14234695551199,98621,466,398,518,
34.143458623867446,98621,465,399,518,
34.14449130543043,98620,466,399,518,
34.14643640630004,98619,467,399,518,
34.14681417140894,98618,468,399,518,
34.162058486136274,98617,469,399,518,
34.16396342086528,98617,468,400,518,
34.166288765490826,98617,467,401,518,
34.167625677715066,98616,468,401,518,
34.17104897730056,98616,467,402,518,
34.1802216018552,98615,468,402,518,
34.18373906980624,98614,469,402,518,
34.20181884753685,98614,468,403,518,
34.20797181135335,98614,467,404,518,
34.22398019295125,98613,468,404,518,
34.22544193186589,98613,467,405,518,
34.22625261995282,98613,466,406,518,
34.226763728417424,98612,467,406,518,
34.232929810886915,98612,466,407,518,
34.235004936798546,98612,465,408,518,
34.2404471492174,98612,465,407,519,
34.24484584519477,98612,464,408,519,
34.260763610280094,98611,465,408,519,
34.27344519369209,98610,466,408,519,
34.276481372815255,98609,467,408,519,
34.27988134533748,98609,466,409,519,
34.28001241834439,98609,466,408,520,
34.28664031336184,98608,467,408,520,
34.29756179813226,98608,466,409,520,
34.301065133472044,98608,465,410,520,
34.30585230886989,98608,465,409,521,
34.30720883873334,98607,466,409,521,
34.30772185164384,98607,465,410,521,
34.30865250306229,98607,465,409,522,
34.30965622602166,98607,464,410,522,
34.332274945294635,98607,464,409,523,
34.33280942386915,98606,465,409,523,
34.33471598697416,98605,466,409,523,
34.34083539451102,98605,465,410,523,
34.34446014021076,98604,466,410,523,
34.35000653266383,98603,467,410,523,
34.35430469644082,98602,468,410,523,
34.35568963254489,98601,469,410,523,
34.36241415557256,98601,469,409,524,
34.36825161865553,98600,470,409,524,
34.36923015658452,98599,471,409,524,
34.36936535543155,98598,472,409,524,
34.38043564795168,98598,472,408,525,
34.38186322967205,98598,472,407,526,
34.384629022607214,98597,473,407,526,
34.384962961050924,98597,473,406,527,
34.38668860251106,98596,474,406,527,
34.38867746730274,98595,475,406,527,
34.389065579689984,98595,474,407,527,
34.398062474570686,98595,474,406,528,
34.405418695433845,98595,474,405,529,
34.40982525260446,98595,473,406,529,
34.410527464595624,98594,474,406,529,
34.41240585771221,98594,473,407,529,
34.42568720992095,98593,474,407,529,
34.42676947302292,98593,473,408,529,
34.42757708575371,98593,472,409,529,
34.443316775887844,98593,471,410,529,
34.44544425488826,98593,470,411,529,
34.45454757636025,98593,469,412,529,
34.45492972273634,98592,470,412,529,
34.46129611117712,98592,469,413,529,
34.46274250300389,98592,468,414,529,
34.4684532556756,98591,469,414,529,
34.47303328594259,98590,470,414,529,
34.47321015214484,98589,471,414,529,
34.47646688463805,98589,471,413,530,
34.48055856869854,98589,471,412,531,
34.48079699864451,98589,470,413,531,
34.49104253637184,98589,470,412,532,
34.49130025836628,98588,471,412,532,
34.49648011208152,98587,472,412,532,
34.50268393424274,98587,471,413,532,
34.507123814606736,98586,472,413,532,
34.50780093867342,98585,473,413,532,
34.529604308091216,98584,474,413,532,
34.53058769753502,98584,473,414,532,
34.53079765923552,98583,474,414,532,
34.53287343290658,98583,473,415,532,
34.53371722775503,98582,474,415,532,
34.54068408356424,98581,475,415,532,
34.54187252059143,98581,475,414,533,
34.549062800712335,98581,474,415,533,
34.54965817094233,98580,475,415,533,
34.55182828044306,98580,474,416,533,
34.55218439954515,98580,473,417,533,
34.553424361697886,98580,473,416,534,
34.553424361697886,98580,473,416,534,
34.55564198602751,98580,472,417,534,
34.556602187722795,98580,471,418,534,
34.55801689748858,98580,471,417,535,
34.56342650009923,98580,471,416,536,
34.566424861421694,98579,472,416,536,
34.56789544194436,98579,471,417,536,
34.57122203647305,98579,470,418,536,
34.57416235108764,98579,470,417,537,
34.57443890856406,98578,471,417,537,
34.58014403605869,98578,471,416,538,
34.584628440243044,98577,472,416,538,
34.58898589328831,98576,473,416,538,
34.59814222930457,98576,472,417,538,
34.59843606959561,98575,473,417,538,
34.599598889131684,98574,474,417,538,
34.601904274212316,98573,475,417,538,
34.60501796393699,98572,476,417,538,
34.607077913028725,98571,477,417,538,
34.6075642158117,98570,478,417,538,
34.61254445568522,98569,479,417,538,
34.61404736679943,98569,478,418,538,
34.61977252474438,98568,479,418,538,
34.62103322951987,98568,479,417,539,
34.62510287900888,98568,478,418,539,
34.62642595944178,98567,479,418,539,
34.62680734647451,98567,478,419,539,
34.62797677942221,98566,479,419,539,
34.62825791348692,98566,479,418,540,
34.628467929187494,98566,479,417,541,
34.631915461162144,98565,480,417,541,
34.632125888079806,98565,480,416,542,
34.63307984883691,98564,481,416,542,
34.63951561862326,98564,481,415,543,
34.6422836137441,98564,481,414,544,
34.64728287601935,98563,482,414,544,
34.656487179182335,98562,483,414,544,
34.668015238638674,98561,484,414,544,
34.66957709562909,98561,483,415,544,
34.67752788221152,98560,484,415,544,
34.682250147835965,98560,484,414,545,
34.68264933091527,98560,484,413,546,
34.68339983552096,98560,484,412,547,
34.692641727659534,98560,484,411,548,
34.69474244230938,98559,485,411,548,
34.69631875406477,98559,484,412,548,
34.69830690414043,98559,483,413,548,
34.70472306624864,98558,484,413,548,
34.709546127738626,98558,484,412,549,
34.710449011015676,98558,483,413,549,
34.71112601298374,98558,483,412,550,
34.71476406234333,98557,484,412,550,
34.71549317639652,98556,485,412,550,
34.722238538379536,98555,486,412,550,
34.72330690360479,98555,486,411,551,
34.724806999896344,98555,485,412,551,
34.72579163564055,98555,484,413,551,
34.726198615987116,98555,484,412,552,
34.73094445276729,98554,485,412,552,
34.73207942887223,98554,485,411,553,
34.73546928369097,98554,485,410,554,
34.73674141571928,98554,484,411,554,
34.7389086706807,98553,485,411,554,
34.745447771744544,98553,484,412,554,
34.75256010500935,98553,483,413,554,
34.754540955579564,98553,483,412,555,
34.762820085250056,98553,482,413,555,
34.76887947304304,98553,481,414,555,
34.769966102355404,98552,482,414,555,
34.77395491507921,98551,483,414,555,
34.77645596175367,98551,482,415,555,
34.78212816620313,98551,482,414,556,
34.78242660501845,98550,483,414,556,
34.78371362081413,98550,482,415,556,
34.78964457568524,98549,483,415,556,
34.790118998455746,98549,482,416,556,
34.79829571974552,98548,483,416,556,
34.80250440210965,98547,484,416,556,
34.80921483113279,98546,485,416,556,
34.809737497252854,98545,486,416,556,
34.81187266174362,98545,486,415,557,
34.82388286476477,98545,485,416,557,
34.82755246878339,98544,486,416,557,
34.83007974115142,98543,487,416,557,
34.8396691055736,98542,488,416,557,
34.84504449782052,98542,488,415,558,
34.845868616903445,98542,487,416,558,
34.849165979495424,98541,488,416,558,
34.85168949430447,98541,487,417,558,
34.85230437628588,98541,486,418,558,
34.857154009958386,98540,487,418,558,
34.85752629502815,98539,488,418,558,
34.86354342626394,98539,488,417,559,
34.86373760345777,98539,487,418,559,
34.86555457087051,98539,487,417,560,
34.877670195598355,98538,488,417,560,
34.87922729923331,98537,489,417,560,
34.884872457416456,98537,489,416,561,
34.88661999403345,98537,488,417,561,
34.88666858657185,98537,487,418,561,
34.88686124537348,98536,488,418,561,
34.88734753051619,98536,487,419,561,
34.88843500448377,98535,488,419,561,
34.88860301277787,98535,487,420,561,
34.888811476262056,98534,488,420,561,
34.889287204562706,98534,488,419,562,
34.890987378407345,98534,488,418,563,
34.894157354657786,98534,487,419,563,
34.89530937165862,98534,487,418,564,
34.89764079365684,98533,488,418,564,
34.9011333917449,98532,489,418,564,
34.90284556365392,98532,488,419,564,
34.907803716761585,98532,487,420,564,
34.90965923575155,98531,488,420,564,
34.913023149879116,98531,487,421,564,
34.92351493496258,98531,486,422,564,
34.93453891205918,98531,486,421,565,
34.93955869407128,98530,487,421,565,
34.947163092592604,98530,487,420,566,
34.95086209682314,98529,488,420,566,
34.95456916139137,98529,488,419,567,
34.9616937479041,98529,487,420,567,
34.96827874207157,98528,488,420,567,
34.96994976991959,98527,489,420,567,
34.970000185976886,98526,490,420,567,
34.97188140847711,98525,491,420,567,
34.97397385910799,98525,490,421,567,
34.97645123033432,98525,489,422,567,
34.9853097540604,98525,488,423,567,
34.98595618701367,98525,487,424,567,
34.99836867630284,98525,487,423,568,
35.00020400100492,98525,486,424,568,
35.00213796245834,98525,485,425,568,
35.006372880689305,98525,484,426,568,
35.015029966324384,98524,485,426,568,
35.01680035501099,98524,484,427,568,
35.02419355840517,98524,483,428,568,
35.02433114411927,98523,484,428,568,
35.02599825172936,98523,484,427,569,
35.026581327570916,98522,485,427,569,
35.02827148778235,98522,484,428,569,
35.028517319721594,98521,485,428,569,
35.02952403045584,98521,485,427,570,
35.03238999395016,98520,486,427,570,
35.03253524764826,98519,487,427,570,
35.03757598657593,98519,487,426,571,
35.03813095234394,98518,488,426,571,
35.04051861423493,98517,489,426,571,
35.040547821957134,98517,488,427,571,
35.044450021132,98517,487,428,571,
35.052766530653976,98516,488,428,571,
35.053631458380195,98516,488,427,572,
35.05451361633697,98516,487,428,572,
35.05795217545198,98515,488,428,572,
35.05951042168048,98514,489,428,572,
35.05999550428031,98514,488,429,572,
35.06039941001079,98513,489,429,572,
35.06278108066423,98513,488,430,572,
35.06747076907516,98513,488,429,573,
35.06804873407691,98513,487,430,573,
35.083656927986674,98512,488,430,573,
35.08603741518614,98511,489,430,573,
35.086370312542144,98511,488,431,573,
35.08706746246787,98511,487,432,573,
35.09493986544797,98510,488,432,573,
35.0968332461946,98509,489,432,573,
35.09862469110245,98509,488,433,573,
35.10438961121482,98508,489,433,573,
35.110979705761224,98508,489,432,574,
35.121884680330396,98507,490,432,574,
35.125879160585235,98506,491,432,574,
35.12610406166695,98506,491,431,575,
35.1303499274395,98505,492,431,575,
35.13196294256774,98505,491,432,575,
35.13613117464707,98504,492,432,575,
35.13747057138847,98503,493,432,575,
35.13773270299544,98503,493,431,576,
35.140691234625024,98503,492,432,576,
35.14090365557414,98502,493,432,576,
35.14868356036483,98501,494,432,576,
35.150615174559306,98501,493,433,576,
35.15293483913326,98501,492,434,576,
35.158332689442204,98501,492,433,577,
35.16021609295445,98501,492,432,578,
35.16353889005412,98501,491,433,578,
35.165033597751055,98500,492,433,578,
35.16829313234748,98500,491,434,578,
35.17309952492615,98500,490,435,578,
35.17613371849932,98499,491,435,578,
35.176743229724174,98499,490,436,578,
35.1769228549887,98499,489,437,578,
35.18205363617544,98499,489,436,579,
35.18743430132492,98498,490,436,579,
35.192339673835285,98497,491,436,579,
35.19411133199475,98497,491,435,580,
35.194749954026506,98496,492,435,580,
35.19833488954423,98496,491,436,580,
35.19929530158332,98496,490,437,580,
35.201187860140365,98496,489,438,580,
35.20211139308961,98495,490,438,580,
35.20948283138813,98495,490,437,581,
35.21343379254222,98494,491,437,581,
35.21594114450215,98493,492,437,581,
35.21670722757155,98493,491,438,581,
35.22206301501021,98493,490,439,581,
35.22270294269505,98492,491,439,581,
35.22459687149361,98491,492,439,581,
35.23325418178133,98490,493,439,581,
35.23645495781437,98489,494,439,581,
35.24210279129827,98489,493,440,581,
35.245006964795095,98488,494,440,581,
35.24584944101128,98488,493,441,581,
35.24941130152745,98488,492,442,581,
35.250156866883735,98488,491,443,581,
35.25521914440558,98488,490,444,581,
35.25555531134631,98487,491,444,581,
35.26492206519044,98486,492,444,581,
35.26622383531808,98485,493,444,581,
35.273722969142234,98484,494,444,581,
35.27568798579173,98483,495,444,581,
35.27870581852792,98483,495,443,582,
35.27922949380465,98482,496,443,582,
35.28276797729294,98482,495,444,582,
35.2839499126317,98481,496,444,582,
35.284574063009245,98481,495,445,582,
35.28525255212285,98481,495,444,583,
35.28613558243929,98481,495,443,584,
35.28625343513873,98480,496,443,584,
35.287911283583036,98480,496,442,585,
35.30402717933055,98479,497,442,585,
35.309457314889684,98478,498,442,585,
35.311272277273915,98478,497,443,585,
35.313565990419,98477,498,443,585,
35.32426399058886,98476,499,443,585,
35.33233992917846,98476,498,444,585,
35.3363353722352,98476,497,445,585,
35.34439982579511,98476,496,446,585,
35.345221572364785,98475,497,446,585,
35.345526539550676,98474,498,446,585,
35.345586803426094,98474,498,445,586,
35.34765139580066,98474,497,446,586,
35.350099539591994,98474,496,447,586,
35.3637464528969,98474,495,448,586,
35.36525445013254,98474,495,447,587,
35.367010504587036,98474,494,448,587,
35.37149300079441,98474,494,447,588,
35.37548316708216,98473,495,447,588,
35.376277062448914,98473,494,448,588,
35.38145512572638,98473,493,449,588,
35.381910096355206,98472,494,449,588,
35.387839041885314,98471,495,449,588,
35.39900116525197,98471,494,450,588,
35.40595954779941,98470,495,450,588,
35.414352215258845,98469,496,450,588,
35.417007400827785,98468,497,450,588,
35.420912875335745,98468,496,451,588,
35.427456547431774,98468,496,450,589,
35.43580950346456,98468,496,449,590,
35.437669472415315,98468,495,450,590,
35.443263701155814,98467,496,450,590,
35.446859786908966,98467,495,451,590,
35.44765668894655,98466,496,451,590,
35.44768598657821,98466,495,452,590,
35.454642359337484,98465,496,452,590,
35.454672059021966,98465,496,451,591,
35.45517839268506,98465,496,450,592,
35.45601062206216,98465,496,449,593,
35.457346783242336,98465,495,450,593,
35.46399670886127,98465,494,451,593,
35.4673096040224,98465,494,450,594,
35.47762202394665,98464,495,450,594,
35.48368688708982,98463,496,450,594,
35.499437310965256,98463,496,449,595,
35.502773118427534,98462,497,449,595,
35.50899931561595,98461,498,449,595,
35.51128265635496,98460,499,449,595,
35.51567586627048,98460,499,448,596,
35.521433526270364,98460,498,449,596,
35.523605871257985,98460,498,448,597,
35.52548677295175,98459,499,448,597,
35.52589747734639,98459,498,449,597,
35.53292418839655,98458,499,449,597,
35.53689951838495,98458,498,450,597,
35.539237209761346,98458,497,451,597,
35.54387988573693,98458,496,452,597,
35.544173782376326,98457,497,452,597,
35.544467069408874,98457,497,451,598,
35.544467069408874,98457,497,451,598,
35.55099441432071,98456,498,451,598,
35.557738214792515,98455,499,451,598,
35.557791822628495,98454,500,451,598,
35.567427100233516,98453,501,451,598,
35.57576429980249,98453,500,452,598,
35.57710544645985,98453,499,453,598,
35.58058916893991,98452,500,453,598,
35.58224192156064,98452,500,452,599,
35.590191172049444,98451,501,452,599,
35.59429450898216,98450,502,452,599,
35.598360217721954,98450,501,453,599,
35.607299523357376,98450,500,454,599,
35.61761038335579,98449,501,454,599,
35.629318422667666,98449,500,455,599,
35.64043249251887,98449,499,456,599,
35.643194660327694,98448,500,456,599,
35.64618251971465,98448,499,457,599,
35.64754377839236,98447,500,457,599,
35.64862772696872,98446,501,457,599,
35.649353757036614,98446,501,456,600,
35.6520022188151,98446,500,457,600,
35.65325318385723,98446,499,458,600,
35.659185131451714,98446,498,459,600,
35.66052828312564,98446,497,460,600,
35.66304744803712,98446,496,461,600,
35.66307745171472,98445,497,461,600,
35.67256647578424,98445,497,460,601,
35.67609565199159,98445,496,461,601,
35.68457685475772,98444,497,461,601,
35.68548373867073,98443,498,461,601,
35.70314059503405,98443,497,462,601,
35.70604164201555,98443,496,463,601,
35.71117391344899,98442,497,463,601,
35.71278458878453,98442,496,464,601,
35.71422940485532,98441,497,464,601,
35.71492870327634,98440,498,464,601,
35.72035919384597,98439,499,464,601,
35.73002689629422,98439,498,465,601,
35.73551388464632,98439,497,466,601,
35.740451467855195,98439,496,467,601,
35.74147715708539,98439,495,468,601,
35.74464404611383,98439,494,469,601,
35.746559236249624,98439,493,470,601,
35.74997387102062,98438,494,470,601,
35.755808217126365,98438,493,471,601,
35.759831852117195,98438,492,472,601,
35.761854015144834,98438,491,473,601,
35.76598404894985,98438,491,472,602,
35.768144938119015,98437,492,472,602,
35.77143724740801,98437,491,473,602,
35.775349804137925,98437,491,472,603,
35.77719593949938,98436,492,472,603,
35.77835394701423,98435,493,472,603,
35.78125505684097,98434,494,472,603,
35.78489110231926,98433,495,472,603,
35.79112583665523,98433,494,473,603,
35.79388462510442,98433,493,474,603,
35.79437316539103,98432,494,474,603,
35.804239623974944,98431,495,474,603,
35.80829685827044,98430,496,474,603,
35.808713509543836,98430,495,475,603,
35.81346840657081,98429,496,475,603,
35.8150518410193,98428,497,475,603,
35.8186488140483,98428,496,476,603,
35.820760639321314,98428,495,477,603,
35.82090359979975,98427,496,477,603,
35.82331752913586,98427,496,476,604,
35.82678304064246,98427,495,477,604,
35.831548829835505,98426,496,477,604,
35.83262302111749,98426,495,478,604,
35.83457966417608,98426,495,477,605,
35.834686645091296,98425,496,477,605,
35.83740248801859,98425,495,478,605,
35.83818203665732,98425,494,479,605,
35.83828826612723,98424,495,479,605,
35.841762251741386,98423,496,479,605,
35.84256775636683,98422,497,479,605,
35.8511343229141,98422,496,480,605,
35.85486891962707,98422,495,481,605,
35.85999730335792,98422,495,480,606,
35.862683053880886,98422,495,479,607,
35.87207542524564,98422,494,480,607,
35.872150571260335,98422,493,481,607,
35.87421386035646,98422,493,480,608,
35.87725843080841,98422,493,479,609,
35.87838886076216,98421,494,479,609,
35.885265293545075,98421,493,480,609,
35.88882971148138,98420,494,480,609,
35.89015941700985,98420,493,481,609,
35.89234171221131,98419,494,481,609,
35.89815696356427,98419,493,482,609,
35.90129665640757,98418,494,482,609,
35.90650784472736,98417,495,482,609,
35.908710028194086,98417,495,481,610,
35.908799356355274,98416,496,481,610,
35.91849028814694,98416,495,482,610,
35.925019094605204,98416,494,483,610,
35.92632470638776,98416,494,482,611,
35.93135200293087,98415,495,482,611,
35.937303151481345,98415,494,483,611,
35.94055251233311,98414,495,483,611,
35.94274983811479,98414,495,482,612,
35.944895958744816,98413,496,482,612,
35.9472065944331,98413,496,481,613,
35.95190534974735,98413,495,482,613,
35.95628832485978,98413,495,481,614,
35.95690715901957,98413,495,480,615,
35.95725038254212,98413,495,479,616,
35.95816367632079,98413,494,480,616,
35.959778640383824,98413,494,479,617,
35.96169003722018,98413,493,480,617,
35.96874006940764,98413,493,479,618,
35.97382244632027,98412,494,479,618,
35.98331008179817,98412,494,478,619,
35.98470561485363,98411,495,478,619,
35.98661787536424,98410,496,478,619,
35.99213329030992,98409,497,478,619,
35.99790517998089,98409,496,479,619,
35.99801389911017,98409,495,480,619,
35.99983618624815,98409,494,481,619,
35.999934830197844,98409,494,480,620,
36.00684322066094,98409,494,479,621,
36.01432543363138,98408,495,479,621,
36.01727806307011,98408,494,480,621,
36.01850120902919,98408,493,481,621,
36.01901779584239,98407,494,481,621,
36.02057449538352,98406,495,481,621,
36.02119848966309,98406,494,482,621,
36.02132432665931,98406,493,483,621,
36.02963853844027,98406,492,484,621,
36.03145844619283,98406,491,485,621,
36.0338547270098,98405,492,485,621,
36.03803051830653,98404,493,485,621,
36.03823397773171,98403,494,485,621,
36.06012619644162,98403,493,486,621,
36.061273151957224,98402,494,486,621,
36.070486916372545,98402,494,485,622,
36.07740302779757,98402,494,484,623,
36.080541229293814,98401,495,484,623,
36.08345473282063,98401,494,485,623,
36.09349146922763,98400,495,485,623,
36.09719345272624,98400,494,486,623,
36.098659726035116,98400,494,485,624,
36.10047643136247,98400,494,484,625,
36.1039531797146,98399,495,484,625,
36.10399535219318,98399,495,483,626,
36.11113866865453,98398,496,483,626,
36.111539467711694,98397,497,483,626,
36.11593157651342,98396,498,483,626,
36.12283505316219,98396,497,484,626,
36.1231038146014,98396,496,485,626,
36.12786544336642,98396,496,484,627,
36.1320230274325,98395,497,484,627,
36.13485733514637,98394,498,484,627,
36.13991575121617,98394,497,485,627,
36.1505672715947,98394,497,484,628,
36.151890567068925,98394,496,485,628,
36.154135976410494,98394,496,484,629,
36.155881699553426,98393,497,484,629,
36.15703624294294,98393,497,483,630,
36.16035477774751,98393,496,484,630,
36.16656038057849,98392,497,484,630,
36.167773609480456,98392,497,483,631,
36.16799234395349,98392,496,484,631,
36.16820441961248,98392,495,485,631,
36.17232510597283,98391,496,485,631,
36.17498927460609,98390,497,485,631,
36.17580968119728,98390,496,486,631,
36.177979427615135,98390,496,485,632,
36.181425619296284,98390,496,484,633,
36.186552220930174,98390,496,483,634,
36.187608734130016,98389,497,483,634,
36.18942335459049,98388,498,483,634,
36.19099859845958,98387,499,483,634,
36.19177224011487,98387,498,484,634,
36.19523736305506,98387,498,483,635,
36.196038863411445,98386,499,483,635,
36.19727103711082,98385,500,483,635,
36.201668914480585,98385,500,482,636,
36.205440236876335,98385,499,483,636,
36.20963604091168,98384,500,483,636,
36.21442250379638,98384,499,484,636,
36.218433460047414,98383,500,484,636,
36.22334543264601,98382,501,484,636,
36.22697358526239,98381,502,484,636,
36.22972553376576,98381,501,485,636,
36.24324955650673,98380,502,485,636,
36.244474918590264,98379,503,485,636,
36.24805783112506,98379,503,484,637,
36.26008346199205,98379,503,483,638,
36.26042974851485,98378,504,483,638,
36.26338103292696,98378,504,482,639,
36.26396746659657,98377,505,482,639,
36.26442047257097,98377,504,483,639,
36.26588802905007,98377,504,482,640,
36.26665948526734,98377,504,481,641,
36.26812360379053,98376,505,481,641,
36.27119599782964,98375,506,481,641,
36.271497143994495,98374,507,481,641,
36.27531960882942,98374,507,480,642,
36.27535585505173,98374,506,481,642,
36.27960098389752,98374,506,480,643,
36.28018540069639,98374,506,479,644,
36.28345908241013,98374,505,480,644,
36.28368974078286,98373,506,480,644,
36.297819902219295,98373,505,481,644,
36.301293719156455,98372,506,481,644,
36.31018262749725,98372,505,482,644,
36.31641961456356,98371,506,482,644,
36.31918318467941,98371,505,483,644,
36.325420057146765,98371,504,484,644,
36.32655635378385,98371,503,485,644,
36.32873452549172,98370,504,485,644,
36.33282867003132,98370,503,486,644,
36.333105977049655,98370,503,485,645,
36.33966568717,98370,503,484,646,
36.34422647915149,98370,502,485,646,
36.34586344164381,98370,501,486,646,
36.35322650217392,98369,502,486,646,
36.35545955222393,98368,503,486,646,
36.35686954630479,98367,504,486,646,
36.35790107763033,98366,505,486,646,
36.359284088406035,98366,504,487,646,
36.363756540367994,98365,505,487,646,
36.36506158351544,98365,505,486,647,
36.36714233697302,98365,504,487,647,
36.36908175604735,98365,503,488,647,
36.37035880266293,98364,504,488,647,
36.37281605485502,98364,503,489,647,
36.376913205863424,98364,502,490,647,
36.37718303421743,98363,503,490,647,
36.37763318476257,98363,502,491,647,
36.37837855499848,98363,501,492,647,
36.3787528492118,98363,500,493,647,
36.37935743854104,98362,501,493,647,
36.38103793235684,98361,502,493,647,
36.3862596223814,98361,501,494,647,
36.39139220996837,98360,502,494,647,
36.394239325709584,98360,501,495,647,
36.39462496487252,98359,502,495,647,
36.39608187012242,98359,502,494,648,
36.397622437616484,98359,501,495,648,
36.40200405594143,98359,500,496,648,
36.40866960686607,98358,501,496,648,
36.414186604567135,98358,500,497,648,
36.421440946786696,98357,501,497,648,
36.430792183597994,98356,502,497,648,
36.431957078577994,98355,503,497,648,
36.43549047330952,98355,503,496,649,
36.43798762368603,98354,504,496,649,
36.441154204205766,98354,504,495,650,
36.44367350409588,98354,504,494,651,
36.446843881606235,98353,505,494,651,
36.452688733963846,98353,505,493,652,
36.4537284910875,98353,504,494,652,
36.460993020932186,98352,505,494,652,
36.465451986445345,98352,505,493,653,
36.465686159258794,98351,506,493,653,
36.46714114603526,98350,507,493,653,
36.471522228484815,98349,508,493,653,
36.47356326109554,98348,509,493,653,
36.4744155398174,98348,508,494,653,
36.4746078824468,98348,507,495,653,
36.47673819494675,98347,508,495,653,
36.47926939861703,98346,509,495,653,
36.47947225325852,98346,509,494,654,
36.48583409720414,98345,510,494,654,
36.4866309811377,98344,511,494,654,
36.489963792389595,98343,512,494,654,
36.49033932292255,98342,513,494,654,
36.49157328938473,98342,513,493,655,
36.49495311309101,98341,514,493,655,
36.49619166276623,98340,515,493,655,
36.497716637188454,98340,515,492,656,
36.49810471260554,98339,516,492,656,
36.498352843441076,98339,515,493,656,
36.500748740279896,98338,516,493,656,
36.50741711463125,98337,517,493,656,
36.50744311960402,98336,518,493,656,
36.509301622959406,98336,517,494,656,
36.51038503554622,98335,518,494,656,
36.513490026209084,98335,518,493,657,
36.51431321205413,98335,518,492,658,
36.51619601397381,98335,518,491,659,
36.516478033584185,98335,517,492,659,
36.517000173328036,98335,516,493,659,
36.52527700828234,98334,517,493,659,
36.52591094589999,98333,518,493,659,
36.52710851212626,98333,517,494,659,
36.52838542377592,98332,518,494,659,
36.529344720251515,98332,518,493,660,
36.53141932858706,98332,517,494,660,
36.5335687687192,98332,517,493,661,
36.5368155097902,98331,518,493,661,
36.5401085714473,98330,519,493,661,
36.54417847385163,98329,520,493,661,
36.54417847385163,98329,520,493,661,
36.544838881472614,98329,519,494,661,
36.55558258077916,98328,520,494,661,
36.559111875303635,98328,519,495,661,
36.5752770163625,98328,518,496,661,
36.57584466269688,98328,517,497,661,
36.580161501583156,98327,518,497,661,
36.58351209560775,98326,519,497,661,
36.589608781673846,98325,520,497,661,
36.59286521950783,98325,519,498,661,
36.59514382198522,98325,518,499,661,
36.5953468740579,98324,519,499,661,
36.595713157334174,98324,518,500,661,
36.5968659896041,98323,519,500,661,
36.599998220843126,98323,519,499,662,
36.6054194331512,98322,520,499,662,
36.605852803969675,98321,521,499,662,
36.607971402481716,98320,522,499,662,
36.60968447219744,98320,522,498,663,
36.609922649210986,98319,523,498,663,
36.61392018400098,98318,524,498,663,
36.61882201666662,98318,523,499,663,
36.62380975778138,98317,524,499,663,
36.624783133831635,98316,525,499,663,
36.62523344393226,98315,526,499,663,
36.62622790489178,98314,527,499,663,
36.62763067520902,98314,526,500,663,
36.627823383936374,98313,527,500,663,
36.627935999783276,98313,527,499,664,
36.63251025025771,98313,527,498,665,
36.63593107314649,98312,528,498,665,
36.63608235085163,98312,527,499,665,
36.63949299999666,98311,528,499,665,
36.64222728774969,98311,527,500,665,
36.64224077895763,98311,526,501,665,
36.648193801391265,98311,526,500,666,
36.65605172008803,98310,527,500,666,
36.660359494801284,98310,526,501,666,
36.661428278653275,98309,527,501,666,
36.66516101966954,98309,526,502,666,
36.67057289097435,98308,527,502,666,
36.67482148899739,98307,528,502,666,
36.68294862149666,98307,528,501,667,
36.6879631063328,98307,528,500,668,
36.699485452052414,98307,527,501,668,
36.69988839541078,98306,528,501,668,
36.70030203117328,98306,528,500,669,
36.700438818245345,98306,527,501,669,
36.708770919189874,98306,526,502,669,
36.71221670572278,98306,525,503,669,
36.71477230157512,98306,524,504,669,
36.71510673488004,98305,525,504,669,
36.71926536392862,98305,524,505,669,
36.72049700643776,98305,523,506,669,
36.72135861955472,98304,524,506,669,
36.72184924222256,98304,524,505,670,
36.722967893830415,98303,525,505,670,
36.7256840289914,98302,526,505,670,
36.729818640361415,98302,526,504,671,
36.731280206241195,98301,527,504,671,
36.73511305955274,98301,527,503,672,
36.73616426439937,98300,528,503,672,
36.73629444955928,98300,528,502,673,
36.73811972671986,98299,529,502,673,
36.74201265731477,98299,529,501,674,
36.742145085183736,98299,528,502,674,
36.74585203200978,98298,529,502,674,
36.74756301578928,98297,530,502,674,
36.755822989187656,98297,530,501,675,
36.76011721114421,98297,530,500,676,
36.762061094018094,98297,530,499,677,
36.76487081607837,98296,531,499,677,
36.77726146499994,98295,532,499,677,
36.78257930726486,98295,531,500,677,
36.783240585465165,98294,532,500,677,
36.783781807606964,98293,533,500,677,
36.78627554201828,98293,532,501,677,
36.787010439706634,98293,531,502,677,
36.78726307097395,98292,532,502,677,
36.788206212839604,98292,531,503,677,
36.797357714416535,98291,532,503,677,
36.80013597491785,98291,532,502,678,
36.80272224166901,98290,533,502,678,
36.802912762950754,98289,534,502,678,
36.80708827515863,98289,533,503,678,
36.80814384856494,98288,534,503,678,
36.8096656403999,98287,535,503,678,
36.8116788620026,98286,536,503,678,
36.813510867621616,98285,537,503,678,
36.817624754920054,98285,537,502,679,
36.81812739903384,98285,536,503,679,
36.82022004267302,98284,537,503,679,
36.824243266174285,98284,536,504,679,
36.82425918687264,98283,537,504,679,
36.829906376600775,98283,536,505,679,
36.83442885254401,98282,537,505,679,
36.835049833209155,98282,536,506,679,
36.840459069678595,98282,536,505,680,
36.85086661589091,98282,535,506,680,
36.85511886398453,98282,534,507,680,
36.85586336098085,98281,535,507,680,
36.85660720181407,98281,534,508,680,
36.85846279475027,98280,535,508,680,
36.85978640384316,98279,536,508,680,
36.86348521922953,98278,537,508,680,
36.8650262682921,98278,536,509,680,
36.86553446965333,98278,536,508,681,
36.86643631206912,98277,537,508,681,
36.87563659974648,98277,537,507,682,
36.87635423272033,98277,537,506,683,
36.88238619084049,98277,536,507,683,
36.88668962682157,98277,535,508,683,
36.88763623046052,98277,535,507,684,
36.8881050470209,98277,534,508,684,
36.88943011519485,98276,535,508,684,
36.88963364830422,98275,536,508,684,
36.89009945319653,98275,536,507,685,
36.896186993248655,98274,537,507,685,
36.89745821367774,98274,537,506,686,
36.907389450006406,98273,538,506,686,
36.908139936579765,98272,539,506,686,
36.9188346644456,98271,540,506,686,
36.92163015916739,98271,539,507,686,
36.92775404195563,98271,538,508,686,
36.92873576771991,98271,538,507,687,
36.93003087093121,98271,537,508,687,
36.93024243891881,98270,538,508,687,
36.93194646729906,98270,538,507,688,
36.93195504806304,98269,539,507,688,
36.93718903454686,98269,538,508,688,
36.939748981837056,98269,537,509,688,
36.94169552766873,98269,536,510,688,
36.94471164819345,98269,535,511,688,
36.94654885508019,98268,536,511,688,
36.95293763687363,98268,536,510,689,
36.953167266853455,98268,535,511,689,
36.95350711527528,98268,535,510,690,
36.956050406000635,98268,534,511,690,
36.958220293948806,98268,534,510,691,
36.96026221783001,98268,533,511,691,
36.960656291234805,98268,532,512,691,
36.96720886897961,98267,533,512,691,
36.96938294930144,98267,533,511,692,
36.970029944106564,98267,532,512,692,
36.97684195007989,98266,533,512,692,
36.98419677262674,98266,533,511,693,
36.98654842558636,98265,534,511,693,
36.99177885591164,98265,534,510,694,
36.99591266174498,98264,535,510,694,
36.99939511025853,98264,534,511,694,
37.002844603326736,98264,533,512,694,
37.00694248237924,98263,534,512,694,
37.006992942997705,98263,534,511,695,
37.00896593623784,98262,535,511,695,
37.00985952039665,98261,536,511,695,
37.01508394870337,98260,537,511,695,
37.01552127515191,98260,537,510,696,
37.01861968659475,98259,538,510,696,
37.029489779925576,98259,537,511,696,
37.032444265443566,98258,538,511,696,
37.03307012068071,98258,537,512,696,
37.039917253618476,98258,537,511,697,
37.042758345371574,98258,537,510,698,
37.051891627885006,98258,536,511,698,
37.05487107438669,98258,536,510,699,
37.05676419914055,98257,537,510,699,
37.061786716201325,98256,538,510,699,
37.0652014762003,98256,537,511,699,
37.071125154274505,98256,536,512,699,
37.07399335112617,98256,536,511,700,
37.07709606314897,98255,537,511,700,
37.07920873219615,98254,538,511,700,
37.07966277178334,98253,539,511,700,
37.08048082729762,98252,540,511,700,
37.08065378029356,98251,541,511,700,
37.08352386961458,98250,542,511,700,
37.098039486412645,98250,541,512,700,
37.09917644059227,98249,542,512,700,
37.10103757425586,98249,541,513,700,
37.101854393951726,98249,540,514,700,
37.105517313320185,98249,540,513,701,
37.108795838577855,98249,540,512,702,
37.11021089202885,98248,541,512,702,
37.111476099349495,98248,541,511,703,
37.11480800656405,98247,542,511,703,
37.116868184603405,98246,543,511,703,
37.11710611763696,98245,544,511,703,
37.11933825773346,98244,545,511,703,
37.12400311928714,98244,545,510,704,
37.12569652146628,98244,544,511,704,
37.12653697096443,98243,545,511,704,
37.13274092517392,98242,546,511,704,
37.133379640654546,98241,547,511,704,
37.134912526126655,98240,548,511,704,
37.14213151770946,98239,549,511,704,
37.14807124986676,98238,550,511,704,
37.14851192572751,98237,551,511,704,
37.15013706813833,98237,550,512,704,
37.151397304257074,98237,550,511,705,
37.151743969788015,98236,551,511,705,
37.155361761868626,98235,552,511,705,
37.15798484101715,98235,551,512,705,
37.15883495182925,98235,551,511,706,
37.15994004900789,98235,550,512,706,
37.160738076800186,98234,551,512,706,
37.160959317313214,98234,551,511,707,
37.1614142830518,98233,552,511,707,
37.16181332128042,98233,551,512,707,
37.1634078920425,98232,552,512,707,
37.16377836040197,98232,552,511,708,
37.16723356071712,98232,552,510,709,
37.16812775009088,98232,551,511,709,
37.169844850435005,98232,551,510,710,
37.17343447680661,98232,550,511,710,
37.17365927218802,98231,551,511,710,
37.17516354389149,98230,552,511,710,
37.18080966494445,98229,553,511,710,
37.18336013998119,98229,552,512,710,
37.18590887331195,98228,553,512,710,
37.18812150937411,98227,554,512,710,
37.191454589605996,98227,553,513,710,
37.192505035217586,98227,552,514,710,
37.192841510780234,98226,553,514,710,
37.19528861397178,98225,554,514,710,
37.19581774167416,98225,553,515,710,
37.199641886627134,98224,554,515,710,
37.20025863988092,98224,554,514,711,
37.200416759344,98224,554,513,712,
37.207298288047184,98223,555,513,712,
37.21863300346035,98223,555,512,713,
37.22185150096229,98222,556,512,713,
37.22494062131821,98221,557,512,713,
37.22565566220661,98220,558,512,713,
37.22776332662947,98220,557,513,713,
37.231529380383904,98220,556,514,713,
37.232335821036216,98220,555,515,713,
37.23699681700726,98219,556,515,713,
37.2372760372796,98218,557,515,713,
37.237342417275734,98218,556,516,713,
37.24895720608079,98217,557,516,713,
37.25014657052288,98217,557,515,714,
37.250758704727026,98217,557,514,715,
37.251250102961116,98216,558,514,715,
37.26112083946311,98216,557,515,715,
37.26559001716982,98215,558,515,715,
37.266648862501064,98214,559,515,715,
37.26784336863362,98214,559,514,716,
37.27509604069766,98214,558,515,716,
37.279777991157346,98214,557,516,716,
37.288970550803064,98213,558,516,716,
37.289162773806076,98213,557,517,716,
37.29007249738623,98213,556,518,716,
37.29125629627848,98212,557,518,716,
37.292067435870315,98212,556,519,716,
37.2920706276773,98211,557,519,716,
37.29262387160907,98211,556,520,716,
37.294499800430444,98211,555,521,716,
37.30168308817446,98211,554,522,716,
37.305344350733726,98211,553,523,716,
37.31376579958046,98210,554,523,716,
37.3177722391788,98210,554,522,717,
37.32104157531787,98209,555,522,717,
37.32804990029859,98208,556,522,717,
37.328195472430345,98207,557,522,717,
37.331783794213365,98206,558,522,717,
37.332349561147026,98206,557,523,717,
37.33238908647023,98206,557,522,718,
37.33496848271344,98205,558,522,718,
37.341359699135126,98205,558,521,719,
37.34237490349645,98204,559,521,719,
37.347083076905825,98204,558,522,719,
37.34768533077183,98204,557,523,719,
37.35225824999351,98204,557,522,720,
37.356629249989915,98203,558,522,720,
37.356702584390014,98203,558,521,721,
37.35736391290239,98203,558,520,722,
37.36485755518979,98202,559,520,722,
37.371463147976755,98202,558,521,722,
37.373571267921605,98202,557,522,722,
37.375427437906446,98201,558,522,722,
37.37948891323875,98200,559,522,722,
37.38018955409073,98200,558,523,722,
37.380989871529636,98200,557,524,722,
37.383240556287525,98200,557,523,723,
37.38376129669123,98199,558,523,723,
37.38791560458314,98198,559,523,723,
37.39006586145436,98197,560,523,723,
37.39108190558962,98197,559,524,723,
37.39202430876404,98197,558,525,723,
37.40063693392432,98196,559,525,723,
37.40138733503773,98196,559,524,724,
37.40140962649692,98196,558,525,724,
37.41034845547378,98196,558,524,725,
37.411941995065916,98195,559,524,725,
37.418417917006416,98194,560,524,725,
37.42091940585349,98193,561,524,725,
37.42966821935858,98192,562,524,725,
37.42991824569218,98191,563,524,725,
37.43277239352232,98191,562,525,725,
37.43386438781794,98190,563,525,725,
37.43739872444925,98190,562,526,725,
37.43849897710043,98189,563,526,725,
37.4418041760146,98188,564,526,725,
37.44690639843896,98188,563,527,725,
37.44736648421928,98188,562,528,725,
37.44818485195625,98188,561,529,725,
37.45210895003328,98187,562,529,725,
37.45653313721336,98187,562,528,726,
37.4586845489404,98187,562,527,727,
37.461020446187874,98187,561,528,727,
37.463300776678835,98186,562,528,727,
37.464065085891164,98186,561,529,727,
37.477732761221056,98185,562,529,727,
37.479783645013946,98184,563,529,727,
37.47993952240808,98183,564,529,727,
37.481000299792576,98182,565,529,727,
37.4818758513159,98182,565,528,728,
37.482832519941084,98181,566,528,728,
37.48529776690926,98180,567,528,728,
37.49741206673973,98180,567,527,729,
37.501441679319036,98180,566,528,729,
37.50437967313,98180,566,527,730,
37.50465211686781,98180,565,528,730,
37.51528571196653,98179,566,528,730,
37.515844690085956,98179,565,529,730,
37.52109869234311,98179,564,530,730,
37.5255885629156,98179,564,529,731,
37.52944262410734,98179,563,530,731,
37.532701588862636,98178,564,530,731,
37.5354572661626,98178,563,531,731,
37.53629615779068,98177,564,531,731,
37.53629615779068,98177,564,531,731,
37.54105650621207,98176,565,531,731,
37.541860834527874,98176,564,532,731,
37.542785597302554,98175,565,532,731,
37.55299673881884,98175,565,531,732,
37.554923485647485,98175,565,530,733,
37.55993792451038,98175,565,529,734,
37.57616291646145,98174,566,529,734,
37.57640319226994,98174,566,528,735,
37.57661098723766,98174,565,529,735,
37.578331968546564,98174,565,528,736,
37.579243101046536,98174,565,527,737,
37.584294655320754,98173,566,527,737,
37.58743621032978,98173,565,528,737,
37.589218021857526,98172,566,528,737,
37.592750151889014,98172,565,529,737,
37.593844021106,98172,564,530,737,
37.59523047536377,98171,565,530,737,
37.60259734178516,98170,566,530,737,
37.60411463037587,98170,565,531,737,
37.606455593071516,98169,566,531,737,
37.60692462058529,98169,566,530,738,
37.615758500057346,98168,567,530,738,
37.616438672758456,98167,568,530,738,
37.616532097257554,98166,569,530,738,
37.62112461115666,98165,570,530,738,
37.62186960061767,98165,569,531,738,
37.62212520957969,98164,570,531,738,
37.623099137908746,98163,571,531,738,
37.62326178481549,98162,572,531,738,
37.624465442546935,98162,571,532,738,
37.62545029065459,98161,572,532,738,
37.6265186880505,98160,573,532,738,
37.62656543468413,98160,572,533,738,
37.632514378414406,98160,571,534,738,
37.63601523592888,98159,572,534,738,
37.642566330053334,98159,572,533,739,
37.64379284568744,98159,571,534,739,
37.64522328812714,98159,570,535,739,
37.64785113525318,98158,571,535,739,
37.65484244741013,98158,571,534,740,
37.65672227115203,98157,572,534,740,
37.666224626830584,98157,571,535,740,
37.68810843475416,98157,571,534,741,
37.693848733998664,98156,572,534,741,
37.69393267099468,98155,573,534,741,
37.69455510190688,98155,573,533,742,
37.697709021774784,98155,573,532,743,
37.69972923038853,98154,574,532,743,
37.70240030169246,98154,574,531,744,
37.707375158648844,98154,574,530,745,
37.7079512033586,98154,573,531,745,
37.71686011771511,98154,572,532,745,
37.71799930718796,98154,571,533,745,
37.7185857368764,98153,572,533,745,
37.722387066400216,98153,571,534,745,
37.72282509126927,98152,572,534,745,
37.723408768365864,98152,571,535,745,
37.723595743348675,98152,570,536,745,
37.723884957005524,98151,571,536,745,
37.724699236217646,98150,572,536,745,
37.72720952248468,98150,572,535,746,
37.72990593153979,98149,573,535,746,
37.73964536259918,98149,572,536,746,
37.74468108262663,98149,571,537,746,
37.74469596775135,98148,572,537,746,
37.74920583423841,98148,572,536,747,
37.75063207322893,98148,572,535,748,
37.75079982896163,98148,572,534,749,
37.76004916131007,98148,572,533,750,
37.7620773108947,98147,573,533,750,
37.76266049971549,98147,572,534,750,
37.769611921675654,98147,572,533,751,
37.77064289792819,98147,571,534,751,
37.77117151921736,98147,570,535,751,
37.77939738064882,98146,571,535,751,
37.78286410025072,98146,570,536,751,
37.785758723470245,98145,571,536,751,
37.787617577465255,98145,571,535,752,
37.79066470564168,98144,572,535,752,
37.791614298613645,98144,571,536,752,
37.79676453524296,98144,571,535,753,
37.8015396706547,98144,570,536,753,
37.80660685635508,98144,569,537,753,
37.809827757118924,98144,569,536,754,
37.81123064567714,98143,570,536,754,
37.8180444089591,98143,569,537,754,
37.82193780749677,98143,568,538,754,
37.82381249769639,98143,567,539,754,
37.823970569863896,98143,566,540,754,
37.82568735149857,98143,566,539,755,
37.828349170713636,98143,565,540,755,
37.82862856935947,98142,566,540,755,
37.83080631379853,98142,565,541,755,
37.832098387798275,98142,564,542,755,
37.83278731631658,98141,565,542,755,
37.841384905571644,98140,566,542,755,
37.84213050180625,98139,567,542,755,
37.84513518265303,98138,568,542,755,
37.8595030740288,98137,569,542,755,
37.8610314309404,98137,569,541,756,
37.8621949296846,98137,568,542,756,
37.86272097795205,98136,569,542,756,
37.8659747744853,98136,568,543,756,
37.866000335973304,98135,569,543,756,
37.86959784229342,98134,570,543,756,
37.870609227370196,98134,569,544,756,
37.87277237145844,98134,568,545,756,
37.87430186148697,98134,568,544,757,
37.87634913745492,98134,567,545,757,
37.877349360366786,98133,568,545,757,
37.88642895843927,98132,569,545,757,
37.88753027203568,98132,568,546,757,
37.88783398312708,98132,567,547,757,
37.89009083829267,98132,566,548,757,
37.8928418639981,98131,567,548,757,
37.89313148766728,98131,567,547,758,
37.894099106636865,98130,568,547,758,
37.895092488518465,98129,569,547,758,
37.89803162765613,98129,568,548,758,
37.899054076601246,98129,567,549,758,
37.90000111217785,98128,568,549,758,
37.90061163092499,98127,569,549,758,
37.90385845527853,98127,568,550,758,
37.90530792309017,98127,567,551,758,
37.91479413670438,98127,566,552,758,
37.91611737089517,98127,565,553,758,
37.917459454170654,98126,566,553,758,
37.92802147810507,98126,565,554,758,
37.93801207898893,98125,566,554,758,
37.93929783181829,98124,567,554,758,
37.94049770213496,98123,568,554,758,
37.94836707007712,98123,567,555,758,
37.95590235632122,98123,566,556,758,
37.95648673049936,98123,565,557,758,
37.96049249434313,98122,566,557,758,
37.96248790229813,98121,567,557,758,
37.96264772646672,98121,567,556,759,
37.96407045276935,98120,568,556,759,
37.965315878126994,98119,569,556,759,
37.96929548743019,98119,568,557,759,
37.96964641278715,98118,569,557,759,
37.97469852526797,98118,568,558,759,
37.97578363783066,98117,569,558,759,
37.97722579884382,98117,569,557,760,
37.98127491043786,98117,568,558,760,
37.99252408934693,98117,568,557,761,
37.99529117586224,98117,568,556,762,
38.00160981146214,98117,567,557,762,
38.002206683176674,98117,566,558,762,
38.00435277102522,98116,567,558,762,
38.00688426029864,98115,568,558,762,
38.012115132513856,98115,567,559,762,
38.01255417791743,98114,568,559,762,
38.021301849962605,98113,569,559,762,
38.02514473478438,98113,569,558,763,
38.0256068861882,98112,570,558,763,
38.030844042601984,98112,570,557,764,
38.03158661214821,98111,571,557,764,
38.0326832221446,98110,572,557,764,
38.03541266977872,98110,571,558,764,
38.035691676361516,98110,570,559,764,
38.04115837812904,98110,570,558,765,
38.04178567925037,98109,571,558,765,
38.05068828750007,98108,572,558,765,
38.05490034096283,98107,573,558,765,
38.05546666794023,98107,572,559,765,
38.057160446792764,98106,573,559,765,
38.059550455298584,98106,572,560,765,
38.060188818656655,98106,571,561,765,
38.06186919988656,98106,570,562,765,
38.06384874173373,98105,571,562,765,
38.070668481753586,98104,572,562,765,
38.070828441920035,98103,573,562,765,
38.07505525504677,98102,574,562,765,
38.07957168149661,98101,575,562,765,
38.07960466895266,98100,576,562,765,
38.079930200313804,98100,576,561,766,
38.08436384044174,98100,576,560,767,
38.089423610490215,98099,577,560,767,
38.09345272632631,98099,576,561,767,
38.09845933146518,98098,577,561,767,
38.10423676687529,98097,578,561,767,
38.1050648542155,98097,577,562,767,
38.10968629930502,98096,578,562,767,
38.11232807467439,98095,579,562,767,
38.11507952562075,98095,578,563,767,
38.12276526602393,98094,579,563,767,
38.12440572469378,98094,578,564,767,
38.12599932283814,98093,579,564,767,
38.12684433044095,98093,579,563,768,
38.12892431850333,98092,580,563,768,
38.13219728980168,98092,579,564,768,
38.1390880141298,98092,578,565,768,
38.14231237741878,98091,579,565,768,
38.14271335413695,98091,578,566,768,
38.14282344756215,98090,579,566,768,
38.150101047454534,98090,579,565,769,
38.154681141784245,98090,579,564,770,
38.15867755733741,98089,580,564,770,
38.16155364938307,98088,581,564,770,
38.16473087134829,98088,581,563,771,
38.16935088016347,98087,582,563,771,
38.17162933117337,98086,583,563,771,
38.17555577563006,98086,582,564,771,
38.17722748744994,98085,583,564,771,
38.18120470820836,98084,584,564,771,
38.19342609681972,98083,585,564,771,
38.198703316719,98082,586,564,771,
38.20461950210415,98082,585,565,771,
38.2071544975011,98082,584,566,771,
38.2075521337012,98081,585,566,771,
38.208644228607234,98081,585,565,772,
38.21046349363573,98080,586,565,772,
38.21059863180014,98080,585,566,772,
38.21116876399606,98080,585,565,773,
38.21239098722702,98079,586,565,773,
38.215604524752116,98078,587,565,773,
38.22171813471817,98078,586,566,773,
38.22818117971813,98078,585,567,773,
38.228482802227944,98078,584,568,773,
38.22865161977073,98077,585,568,773,
38.239941686765334,98077,584,569,773,
38.240636091960056,98077,584,568,774,
38.24224558304395,98077,583,569,774,
38.243388138393854,98077,583,568,775,
38.2464297126334,98076,584,568,775,
38.24756558553926,98075,585,568,775,
38.25218990767262,98075,584,569,775,
38.254947899768666,98075,583,570,775,
38.254987127839584,98074,584,570,775,
38.256946592628594,98074,584,569,776,
38.26643660595192,98074,583,570,776,
38.26693844556251,98074,582,571,776,
38.268727045531655,98074,581,572,776,
38.27193769854196,98073,582,572,776,
38.27400964583164,98072,583,572,776,
38.280623571833665,98071,584,572,776,
38.282290011601525,98070,585,572,776,
38.286144034359104,98069,586,572,776,
38.28624880819812,98069,586,571,777,
38.28670037737544,98069,585,572,777,
38.288266556601,98068,586,572,777,
38.2884267522995,98067,587,572,777,
38.28937668602813,98067,587,571,778,
38.29105565442683,98066,588,571,778,
38.2934293989631,98065,589,571,778,
38.293826126555544,98065,588,572,778,
38.295524721195655,98064,589,572,778,
38.299739131756745,98063,590,572,778,
38.30165818379061,98062,591,572,778,
38.302802513114145,98061,592,572,778,
38.306835020800094,98060,593,572,778,
38.312142408224375,98060,593,571,779,
38.313145090399004,98060,592,572,779,
38.32074088545778,98059,593,572,779,
38.32128743892317,98059,592,573,779,
38.32441343806684,98059,592,572,780,
38.32537831988016,98058,593,572,780,
38.32646155490147,98058,592,573,780,
38.32720809176698,98057,593,573,780,
38.327244493756105,98057,592,574,780,
38.331534039888545,98056,593,574,780,
38.336319113746185,98056,592,575,780,
38.33820910859101,98056,591,576,780,
38.338529182862544,98056,591,575,781,
38.340101455184715,98056,591,574,782,
38.34449372903193,98056,590,575,782,
38.34562245105952,98055,591,575,782,
38.345863832142285,98055,590,576,782,
38.34622417425857,98054,591,576,782,
38.346766727320514,98053,592,576,782,
38.35091326467679,98052,593,576,782,
38.35442119251588,98052,592,577,782,
38.35969498585558,98051,593,577,782,
38.36626959363321,98050,594,577,782,
38.37136626674044,98049,595,577,782,
38.376913070588934,98048,596,577,782,
38.37852809115966,98048,595,578,782,
38.382867722141285,98047,596,578,782,
38.38301493526711,98047,595,579,782,
38.3905682473238,98047,594,580,782,
38.40121556534336,98046,595,580,782,
38.40771937855135,98045,596,580,782,
38.40832538730069,98044,597,580,782,
38.410478808412606,98043,598,580,782,
38.41206209223892,98042,599,580,782,
38.41502364019534,98041,600,580,782,
38.41691559967071,98040,601,580,782,
38.42377506373444,98040,600,581,782,
38.429915398213154,98040,599,582,782,
38.4299895386375,98040,598,583,782,
38.43752383838704,98040,598,582,783,
38.4380023185702,98039,599,582,783,
38.44262174515247,98039,599,581,784,
38.444587640746505,98039,598,582,784,
38.445893110646864,98039,598,581,785,
38.45050489770082,98038,599,581,785,
38.45050939627827,98038,598,582,785,
38.45547409632623,98037,599,582,785,
38.456100771728124,98037,598,583,785,
38.45973063119424,98037,597,584,785,
38.46585074039187,98037,596,585,785,
38.467416564071414,98037,596,584,786,
38.46868285563403,98036,597,584,786,
38.47645729442376,98036,597,583,787,
38.47654814500151,98035,598,583,787,
38.477130226534996,98034,599,583,787,
38.48296529617997,98034,599,582,788,
38.48312376263145,98034,598,583,788,
38.48679146282283,98034,597,584,788,
38.49847706659305,98033,598,584,788,
38.5032079371258,98033,597,585,788,
38.504105426763,98032,598,585,788,
38.50565544983725,98031,599,585,788,
38.507100969015696,98030,600,585,788,
38.51007707869028,98029,601,585,788,
38.51361246616929,98028,602,585,788,
38.513864903031234,98027,603,585,788,
38.5220931905461,98027,603,584,789,
38.52427924683913,98026,604,584,789,
38.52553709852543,98025,605,584,789,
38.52606347749331,98024,606,584,789,
38.5271150614149,98023,607,584,789,
38.52783385938586,98023,606,585,789,
38.52854475825657,98022,607,585,789,
38.52925322804462,98021,608,585,789,
38.53040522356326,98020,609,585,789,
38.53040522356326,98020,609,585,789,
38.531637740074736,98019,610,585,789,
38.533138430516,98018,611,585,789,
38.53410814192367,98018,610,586,789,
38.5361744614652,98018,609,587,789,
38.53770732593243,98018,608,588,789,
38.538269545805356,98017,609,588,789,
38.53907364324894,98016,610,588,789,
38.54082258378713,98015,611,588,789,
38.54237617455488,98014,612,588,789,
38.54336609824945,98014,611,589,789,
38.54398216336095,98014,611,588,790,
38.54685418762861,98014,610,589,790,
38.54717946723771,98013,611,589,790,
38.5499815217612,98013,611,588,791,
38.55249719710575,98012,612,588,791,
38.55454373980344,98011,613,588,791,
38.56263932021133,98011,612,589,791,
38.563278993087884,98011,612,588,792,
38.564115938164015,98011,611,589,792,
38.56449221034684,98011,611,588,793,
38.566549114227186,98011,610,589,793,
38.57039028016538,98010,611,589,793,
38.59048570522265,98009,612,589,793,
38.592346223176655,98009,611,590,793,
38.59260395684289,98009,611,589,794,
38.60576700695052,98009,610,590,794,
38.60630583911283,98008,611,590,794,
38.607078023053845,98008,611,589,795,
38.61058420776678,98008,610,590,795,
38.615853539452274,98008,609,591,795,
38.622525199766216,98008,608,592,795,
38.623279753515384,98007,609,592,795,
38.62787071762223,98006,610,592,795,
38.62943983795246,98005,611,592,795,
38.63385655363436,98005,611,591,796,
38.63706326636716,98005,611,590,797,
38.64071459728892,98005,610,591,797,
38.640901299580875,98004,611,591,797,
38.645564142603234,98003,612,591,797,
38.64715502624219,98003,611,592,797,
38.65623462806995,98002,612,592,797,
38.65945355060075,98001,613,592,797,
38.661606451757734,98000,614,592,797,
38.67053366268801,98000,613,593,797,
38.67180461694643,97999,614,593,797,
38.67416570494037,97998,615,593,797,
38.68130781982528,97998,615,592,798,
38.68417322754608,97998,615,591,799,
38.685423492811644,97998,614,592,799,
38.69190035892792,97997,615,592,799,
38.69792673231515,97997,615,591,800,
38.70258156163517,97997,614,592,800,
38.70258507388204,97996,615,592,800,
38.703977280118686,97996,614,593,800,
38.706422357147794,97996,614,592,801,
38.70912600073631,97996,614,591,802,
38.709162434124,97996,613,592,802,
38.713733164652695,97995,614,592,802,
38.71400267965016,97995,614,591,803,
38.71662106723443,97994,615,591,803,
38.71717303645348,97994,615,590,804,
38.717501921181,97994,614,591,804,
38.71797908930144,97994,613,592,804,
38.71893516095281,97994,612,593,804,
38.72334109200063,97993,613,593,804,
38.725862245264,97992,614,593,804,
38.728022734574665,97992,613,594,804,
38.73343072139961,97991,614,594,804,
38.7386950992906,97990,615,594,804,
38.739742718134835,97990,614,595,804,
38.74173798760454,97989,615,595,804,
38.74442066310572,97989,614,596,804,
38.74734376148971,97988,615,596,804,
38.747475099923825,97987,616,596,804,
38.74821269170165,97986,617,596,804,
38.75114411932347,97986,616,597,804,
38.751625481413015,97985,617,597,804,
38.752898721439216,97984,618,597,804,
38.75678625372895,97983,619,597,804,
38.75894569165312,97983,618,598,804,
38.766968528194575,97983,618,597,805,
38.769036585637885,97983,617,598,805,
38.77865148763318,97982,618,598,805,
38.77950072678497,97981,619,598,805,
38.780387347757376,97981,618,599,805,
38.78855814967758,97981,617,600,805,
38.78884080973498,97981,617,599,806,
38.789743863051115,97981,617,598,807,
38.78989484415918,97981,617,597,808,
38.79544954953866,97980,618,597,808,
38.796088748424836,97980,617,598,808,
38.79681339224779,97979,618,598,808,
38.7969811736531,97979,617,599,808,
38.79726412661211,97978,618,599,808,
38.803226462435305,97977,619,599,808,
38.80374040182523,97976,620,599,808,
38.812573989923585,97976,619,600,808,
38.81266398336826,97975,620,600,808,
38.816211221890306,97975,619,601,808,
38.818666742917195,97975,618,602,808,
38.821907694458396,97975,618,601,809,
38.827277297131,97975,617,602,809,
38.83436574409387,97975,616,603,809,
38.84322418134668,97975,616,602,810,
38.843736513365364,97974,617,602,810,
38.84563671108154,97973,618,602,810,
38.84751516954932,97973,617,603,810,
38.85391516569855,97973,617,602,811,
38.85614106432953,97972,618,602,811,
38.859109985724146,97971,619,602,811,
38.85951421307044,97970,620,602,811,
38.862522245743314,97970,619,603,811,
38.86282722716955,97969,620,603,811,
38.86343051989254,97969,619,604,811,
38.86459767559087,97968,620,604,811,
38.864778936093344,97967,621,604,811,
38.8653436624344,97967,620,605,811,
38.8678087242488,97967,619,606,811,
38.869565068415056,97967,619,605,812,
38.870029601488696,97967,618,606,812,
38.871460791638164,97967,617,607,812,
38.876331986724104,97967,617,606,813,
38.87690309407759,97967,616,607,813,
38.88006782660748,97966,617,607,813,
38.881752017388955,97966,616,608,813,
38.88251218215652,97965,617,608,813,
38.88267621505199,97964,618,608,813,
38.884989264044606,97963,619,608,813,
38.89237671795733,97962,620,608,813,
38.89334951590001,97961,621,608,813,
38.89608440737114,97961,621,607,814,
38.900658056497925,97960,622,607,814,
38.90139554578498,97959,623,607,814,
38.90158238959866,97959,622,608,814,
38.9020181698917,97959,622,607,815,
38.906625372955084,97958,623,607,815,
38.907003915423864,97958,623,606,816,
38.91338889467552,97958,623,605,817,
38.914113189825365,97958,622,606,817,
38.91711189838472,97958,622,605,818,
38.9194925487541,97958,622,604,819,
38.91987362420818,97958,621,605,819,
38.9245314395444,97958,621,604,820,
38.92680618752974,97958,621,603,821,
38.92746144692342,97957,622,603,821,
38.938462683052485,97956,623,603,821,
38.93943773018469,97955,624,603,821,
38.942154615631004,97954,625,603,821,
38.9428649379268,97954,624,604,821,
38.942934632464315,97954,623,605,821,
38.9498026890826,97953,624,605,821,
38.959163486693264,97953,623,606,821,
38.959514907249925,97952,624,606,821,
38.95977270143635,97951,625,606,821,
38.96004346904453,97951,624,607,821,
38.96257137494981,97951,623,608,821,
38.96318874856027,97951,622,609,821,
38.96710587922809,97951,622,608,822,
38.9686861949603,97950,623,608,822,
38.97032499914042,97950,623,607,823,
38.973133210597254,97950,623,606,824,
38.97356779086106,97950,622,607,824,
38.97411571454787,97949,623,607,824,
38.975730227233306,97948,624,607,824,
38.97688508602555,97947,625,607,824,
38.98287868968991,97946,626,607,824,
38.984204523828794,97946,626,606,825,
38.985684119406045,97946,626,605,826,
38.98575458050792,97945,627,605,826,
38.98600396556288,97944,628,605,826,
38.987163718335154,97944,627,606,826,
38.99501070748211,97943,628,606,826,
38.99602326623484,97942,629,606,826,
38.996925184902,97941,630,606,826,
38.99837296606059,97940,631,606,826,
39.001957129283504,97939,632,606,826,
39.00196166544484,97939,631,607,826,
39.00789008027366,97938,632,607,826,
39.014375156603116,97937,633,607,826,
39.01836553518763,97937,632,608,826,
39.02343279765373,97937,631,609,826,
39.02363737703106,97937,630,610,826,
39.02986725241903,97937,629,611,826,
39.03028317806822,97936,630,611,826,
39.040156313513826,97935,631,611,826,
39.040278085660425,97935,630,612,826,
39.04531259653704,97934,631,612,826,
39.046143379696986,97933,632,612,826,
39.04952453641496,97932,633,612,826,
39.053733636434735,97931,634,612,826,
39.05597046326808,97930,635,612,826,
39.05789316804743,97929,636,612,826,
39.05987231257225,97928,637,612,826,
39.06195686798713,97927,638,612,826,
39.06487410063839,97927,637,613,826,
39.06644373378611,97926,638,613,826,
39.07726795568263,97926,638,612,827,
39.07836647951371,97925,639,612,827,
39.081817669955036,97925,638,613,827,
39.08527298674065,97925,637,614,827,
39.088344192708355,97925,636,615,827,
39.0911227119505,97925,636,614,828,
39.099518076795334,97925,635,615,828,
39.10426898165211,97925,634,616,828,
39.106682987369446,97924,635,616,828,
39.1069261822178,97923,636,616,828,
39.107555015374906,97923,636,615,829,
39.1140225250708,97922,637,615,829,
39.11780748201384,97922,636,616,829,
39.118877689028984,97921,637,616,829,
39.11986319069318,97920,638,616,829,
39.12186556247137,97920,638,615,830,
39.12358655413689,97919,639,615,830,
39.124593936448925,97918,640,615,830,
39.12711239137051,97917,641,615,830,
39.12831683549233,97917,641,614,831,
39.1381375931491,97917,641,613,832,
39.138639998037554,97917,640,614,832,
39.14406886439123,97916,641,614,832,
39.14518431771335,97916,640,615,832,
39.15005221418528,97916,640,614,833,
39.15109532032996,97916,639,615,833,
39.152015820884785,97915,640,615,833,
39.15231498807702,97915,640,614,834,
39.15255286613667,97914,641,614,834,
39.15443418750585,97913,642,614,834,
39.15815512493716,97912,643,614,834,
39.15831218657838,97911,644,614,834,
39.16073192999892,97911,643,615,834,
39.16556403674974,97911,642,616,834,
39.16570421692856,97910,643,616,834,
39.1734365712898,97910,642,617,834,
39.17579664039548,97910,641,618,834,
39.17926431726355,97909,642,618,834,
39.1798288046898,97909,641,619,834,
39.18090709157832,97908,642,619,834,
39.18203822744539,97908,642,618,835,
39.18311136259306,97907,643,618,835,
39.18655354661236,97907,643,617,836,
39.18665608559933,97906,644,617,836,
39.187892045597465,97906,643,618,836,
39.187967334498346,97906,642,619,836,
39.18942421050566,97906,641,620,836,
39.19430314666123,97906,641,619,837,
39.19632420080538,97905,642,619,837,
39.19637572720733,97905,641,620,837,
39.199206863160626,97904,642,620,837,
39.20042675762126,97904,642,619,838,
39.201569418233625,97904,641,620,838,
39.211384994425565,97904,640,621,838,
39.21216016651824,97904,639,622,838,
39.21459756273107,97903,640,622,838,
39.21836888510083,97902,641,622,838,
39.21893218772166,97901,642,622,838,
39.220866041305314,97900,643,622,838,
39.225684081327984,97899,644,622,838,
39.22938255988851,97898,645,622,838,
39.23038767223949,97898,645,621,839,
39.23063851455084,97897,646,621,839,
39.23558479212681,97897,646,620,840,
39.24329875943427,97896,647,620,840,
39.24376028875085,97896,646,621,840,
39.245453965791846,97896,645,622,840,
39.24577257068137,97895,646,622,840,
39.24682495159011,97894,647,622,840,
39.24802719648283,97894,647,621,841,
39.25486399621201,97894,646,622,841,
39.25580892982889,97894,645,623,841,
39.25619973936528,97893,646,623,841,
39.26014655818955,97893,645,624,841,
39.26109128836589,97892,646,624,841,
39.26151996226121,97891,647,624,841,
39.26239528155095,97891,646,625,841,
39.26389464308997,97891,645,626,841,
39.26513840085604,97890,646,626,841,
39.26710385617982,97890,645,627,841,
39.268366330062555,97890,645,626,842,
39.27208436279219,97890,644,627,842,
39.27758459431327,97890,643,628,842,
39.27915046166528,97890,643,627,843,
39.28216247149385,97889,644,627,843,
39.28292169152166,97889,643,628,843,
39.28345315391969,97889,642,629,843,
39.28421741804395,97888,643,629,843,
39.285372647646106,97888,642,630,843,
39.285407184929,97887,643,630,843,
39.28544773153403,97886,644,630,843,
39.28565170323483,97886,644,629,844,
39.28903675672044,97886,643,630,844,
39.290650797568716,97886,642,631,844,
39.29096539582625,97885,643,631,844,
39.294057944335265,97884,644,631,844,
39.29442846963629,97884,643,632,844,
39.296950004784115,97883,644,632,844,
39.29720823920924,97883,643,633,844,
39.29940892929452,97883,642,634,844,
39.30056905969858,97882,643,634,844,
39.3055353575695,97882,642,635,844,
39.30654735202155,97881,643,635,844,
39.30887440135617,97880,644,635,844,
39.31151824928112,97880,643,636,844,
39.31371169647499,97879,644,636,844,
39.31463277147705,97878,645,636,844,
39.319902354744414,97877,646,636,844,
39.32008358162393,97876,647,636,844,
39.32279457767213,97876,646,637,844,
39.327529769256856,97876,646,636,845,
39.33248984114212,97876,645,637,845,
39.337660498339034,97875,646,637,845,
39.340983781632026,97874,647,637,845,
39.341614895732214,97874,647,636,846,
39.34387670725095,97874,647,635,847,
39.34546895821327,97874,646,636,847,
39.34598550532045,97874,646,635,848,
39.35128370995806,97873,647,635,848,
39.35308358203703,97873,646,636,848,
39.35597699203278,97873,645,637,848,
39.35632725546946,97872,646,637,848,
39.35678632225965,97872,646,636,849,
39.35703541943656,97871,647,636,849,
39.35759269249583,97870,648,636,849,
39.361455920987446,97870,647,637,849,
39.3615752290597,97870,646,638,849,
39.36380756554407,97869,647,638,849,
39.36478413151006,97869,646,639,849,
39.37001946788467,97869,646,638,850,
39.3717583693865,97868,647,638,850,
39.374552446820076,97867,648,638,850,
39.38049817518176,97867,647,639,850,
39.38472699390227,97866,648,639,850,
39.389964118224746,97865,649,639,850,
39.39618096891691,97864,650,639,850,
39.397335111332524,97864,650,638,851,
39.3986270084692,97863,651,638,851,
39.40096309013185,97862,652,638,851,
39.40133134534668,97861,653,638,851,
39.401782337001706,97860,654,638,851,
39.401905684700395,97860,654,637,852,
39.40612703316243,97860,654,636,853,
39.41304069605257,97860,654,635,854,
39.41417750349042,97859,655,635,854,
39.41558601069859,97859,655,634,855,
39.42665939657361,97859,655,633,856,
39.42848500019046,97859,654,634,856,
39.429624307541395,97859,653,635,856,
39.43377958957514,97859,653,634,857,
39.43412981028757,97859,652,635,857,
39.43445689976092,97858,653,635,857,
39.43630633650033,97857,654,635,857,
39.436896102896334,97857,654,634,858,
39.436987759170854,97857,654,633,859,
39.43950943146246,97857,653,634,859,
39.44007569828361,97856,654,634,859,
39.44356909104278,97855,655,634,859,
39.444527947373324,97855,655,633,860,
39.448923447759704,97854,656,633,860,
39.45031152178976,97853,657,633,860,
39.450793290226095,97853,656,634,860,
39.45204215177919,97853,655,635,860,
39.465034506978284,97853,655,634,861,
39.46739422992398,97852,656,634,861,
39.46832800587297,97851,657,634,861,
39.46924479342799,97851,656,635,861,
39.471501468424115,97851,656,634,862,
39.47654173961326,97850,657,634,862,
39.48392885395987,97850,657,633,863,
39.484152098884756,97850,656,634,863,
39.48548485410568,97850,655,635,863,
39.48703719691639,97850,654,636,863,
39.48706731946763,97849,655,636,863,
39.49075825076155,97849,654,637,863,
39.49664916405329,97848,655,637,863,
39.49718587407584,97848,655,636,864,
39.50508318537548,97847,656,636,864,
39.50552494178814,97846,657,636,864,
39.51412074439842,97845,658,636,864,
39.514636827531795,97845,657,637,864,
39.52183085497802,97845,657,636,865,
39.523048542299705,97844,658,636,865,
39.52453662275675,97844,657,637,865,
39.52928623150957,97843,658,637,865,
39.529288711972974,97843,657,638,865,
39.52980874669058,97843,656,639,865,
39.52980874669058,97843,656,639,865,
39.53308949961036,97842,657,639,865,
39.53360563740966,97842,657,638,866,
39.53389517035672,97842,657,637,867,
39.53599238037684,97842,656,638,867,
39.54233583746347,97841,657,638,867,
39.54258229917438,97841,657,637,868,
39.54337014552573,97840,658,637,868,
39.544431094834444,97839,659,637,868,
39.54443784043286,97839,659,636,869,
39.55093821242168,97838,660,636,869,
39.55303663293728,97838,659,637,869,
39.55483482819368,97838,658,638,869,
39.55634902949549,97837,659,638,869,
39.566258805171856,97837,658,639,869,
39.56647289643097,97837,657,640,869,
39.5680539794702,97836,658,640,869,
39.56831964557048,97836,657,641,869,
39.56990392594978,97835,658,641,869,
39.57678795983737,97834,659,641,869,
39.58107463745632,97834,659,640,870,
39.59384894544968,97834,659,639,871,
39.598057019507735,97834,658,640,871,
39.601766124918996,97833,659,640,871,
39.60262269984078,97832,660,640,871,
39.60505033546837,97832,660,639,872,
39.60563220720835,97832,659,640,872,
39.60994678924964,97832,658,641,872,
39.611061932838716,97831,659,641,872,
39.61241756828404,97831,658,642,872,
39.616135970552726,97831,657,643,872,
39.61816741932725,97830,658,643,872,
39.6187535957503,97830,657,644,872,
39.61883822423057,97830,656,645,872,
39.620017298476334,97829,657,645,872,
39.63202766133139,97828,658,645,872,
39.63587124506313,97827,659,645,872,
39.63662465741416,97827,658,646,872,
39.638826251975686,97827,657,647,872,
39.639841003908955,97827,656,648,872,
39.63987250328553,97827,655,649,872,
39.640996444701386,97827,655,648,873,
39.64226680961231,97826,656,648,873,
39.64311877127028,97825,657,648,873,
39.64555380775477,97825,656,649,873,
39.64597805707779,97824,657,649,873,
39.64788401812186,97824,656,650,873,
39.64987580307854,97823,657,650,873,
39.65040213475423,97823,657,649,874,
39.65097073434794,97823,656,650,874,
39.65196521456013,97822,657,650,874,
39.65764731827335,97822,657,649,875,
39.6583480397327,97821,658,649,875,
39.66174234574262,97820,659,649,875,
39.6644765784732,97819,660,649,875,
39.678723427665304,97819,660,648,876,
39.67937125815516,97818,661,648,876,
39.68301019071173,97818,661,647,877,
39.683671344644004,97818,661,646,878,
39.68396644767035,97817,662,646,878,
39.68658442998191,97816,663,646,878,
39.69080478715027,97815,664,646,878,
39.69118991386683,97814,665,646,878,
39.69637239860427,97813,666,646,878,
39.6999569356651,97813,665,647,878,
39.704410825281826,97812,666,647,878,
39.70557543237221,97812,665,648,878,
39.7080716117639,97812,665,647,879,
39.71143501427684,97812,664,648,879,
39.71185090018947,97811,665,648,879,
39.7150817598957,97811,664,649,879,
39.715511248142235,97810,665,649,879,
39.71944005595777,97809,666,649,879,
39.71973160190719,97809,665,650,879,
39.720459042159305,97808,666,650,879,
39.72175917624045,97808,666,649,880,
39.723132212855226,97807,667,649,880,
39.72780599155185,97806,668,649,880,
39.729811536897444,97806,668,648,881,
39.73198840908088,97806,668,647,882,
39.732423989649895,97805,669,647,882,
39.735098881815446,97805,669,646,883,
39.73559056585227,97805,668,647,883,
39.73957833520888,97804,669,647,883,
39.74303157699124,97803,670,647,883,
39.744427684202066,97803,669,648,883,
39.745767228029,97803,668,649,883,
39.74860255849321,97802,669,649,883,
39.749713284679956,97801,670,649,883,
39.75305998343901,97800,671,649,883,
39.754019620591876,97799,672,649,883,
39.75598100550913,97799,671,650,883,
39.7567698213329,97798,672,650,883,
39.75701051318497,97797,673,650,883,
39.75710592431363,97797,672,651,883,
39.757825412106456,97796,673,651,883,
39.75848860161678,97796,672,652,883,
39.76003089028096,97795,673,652,883,
39.76665672228164,97794,674,652,883,
39.773185725889654,97794,674,651,884,
39.77580260248813,97793,675,651,884,
39.78652291040402,97792,676,651,884,
39.78780393154574,97791,677,651,884,
39.79026446970116,97791,676,652,884,
39.79467647838272,97790,677,652,884,
39.79658063052774,97789,678,652,884,
39.79895512344912,97789,678,651,885,
39.80165711610564,97788,679,651,885,
39.80305898691521,97787,680,651,885,
39.80752890763233,97787,679,652,885,
39.80863079082708,97787,679,651,886,
39.81185299557801,97786,680,651,886,
39.81309954443048,97786,679,652,886,
39.81508292684475,97785,680,652,886,
39.82044637767103,97784,681,652,886,
39.82261404523926,97783,682,652,886,
39.827479668291694,97783,681,653,886,
39.829503496305705,97782,682,653,886,
39.82975732718679,97781,683,653,886,
39.837301674767296,97781,682,654,886,
39.83750891370913,97781,681,655,886,
39.84020185019323,97781,680,656,886,
39.84395374568703,97781,679,657,886,
39.84454215779002,97780,680,657,886,
39.844719043872935,97780,679,658,886,
39.85226899139659,97779,680,658,886,
39.854364285491165,97778,681,658,886,
39.8600401522975,97778,680,659,886,
39.860654670707376,97777,681,659,886,
39.86296007591871,97777,681,658,887,
39.86935561903898,97777,680,659,887,
39.87105736841446,97777,679,660,887,
39.87165269986269,97776,680,660,887,
39.87311986261513,97776,679,661,887,
39.873722844926164,97776,678,662,887,
39.875045198032694,97776,677,663,887,
39.88425532024366,97775,678,663,887,
39.88455243311988,97775,677,664,887,
39.88707764627376,97775,676,665,887,
39.89230619368818,97774,677,665,887,
39.89297648306681,97773,678,665,887,
39.89904446389378,97772,679,665,887,
39.9034358830045,97771,680,665,887,
39.90705334760972,97770,681,665,887,
39.90855916303408,97770,681,664,888,
39.908958199218254,97770,680,665,888,
39.91495612875755,97769,681,665,888,
39.917493045335085,97769,681,664,889,
39.91859912522811,97769,680,665,889,
39.92508168617683,97768,681,665,889,
39.92914724994731,97768,680,666,889,
39.92933399047801,97767,681,666,889,
39.92954392295778,97766,682,666,889,
39.93098301855112,97766,682,665,890,
39.93350214903931,97766,681,666,890,
39.93388186219484,97765,682,666,890,
39.93433961849085,97765,682,665,891,
39.93802281511343,97765,681,666,891,
39.939541618044785,97764,682,666,891,
39.940620608798454,97763,683,666,891,
39.9420233516556,97762,684,666,891,
39.94265776546668,97762,684,665,892,
39.94561978901695,97761,685,665,892,
39.95294157721507,97761,684,666,892,
39.95443427465461,97761,683,667,892,
39.95509685139542,97760,684,667,892,
39.95517520705317,97759,685,667,892,
39.960773498018284,97758,686,667,892,
39.96710006696668,97758,685,668,892,
39.96727659846185,97758,685,667,893,
39.96751637603887,97758,684,668,893,
39.970510577820754,97757,685,668,893,
39.97094673490674,97757,685,667,894,
39.97194626616112,97756,686,667,894,
39.97312906095066,97756,686,666,895,
39.978060603706204,97756,686,665,896,
39.97862598518132,97756,686,664,897,
39.97991776569827,97755,687,664,897,
39.98449221586563,97754,688,664,897,
39.98464321497312,97753,689,664,897,
39.986060881687905,97752,690,664,897,
39.98615122320663,97751,691,664,897,
39.993936959973254,97751,691,663,898,
39.99582075160176,97750,692,663,898,
39.99748288926838,97749,693,663,898,
39.99778503253217,97749,692,664,898,
40.00087108332877,97749,692,663,899,
40.003102545371874,97749,691,664,899,
40.00516911266068,97748,692,664,899,
40.00795941487857,97747,693,664,899,
40.008022335236625,97747,693,663,900,
40.00812458456585,97747,692,664,900,
40.013347890212486,97747,692,663,901,
40.01400062531028,97747,691,664,901,
40.01567929253521,97746,692,664,901,
40.01599136418853,97746,691,665,901,
40.02025208939285,97746,691,664,902,
40.02807838453058,97745,692,664,902,
40.028991959165445,97745,691,665,902,
40.03015465268731,97744,692,665,902,
40.03756347616271,97744,691,666,902,
40.03757686150145,97744,690,667,902,
40.04080153006381,97743,691,667,902,
40.044859080646866,97743,690,668,902,
40.04626034251856,97743,690,667,903,
40.04798133279979,97743,690,666,904,
40.055597964508586,97743,689,667,904,
40.056518637934815,97742,690,667,904,
40.0604809622812,97741,691,667,904,
40.061170569132614,97741,691,666,905,
40.06193495157222,97740,692,666,905,
40.065550262802404,97739,693,666,905,
40.08008340320331,97739,693,665,906,
40.085221287895415,97738,694,665,906,
40.085253414959006,97738,694,664,907,
40.08793573473661,97738,694,663,908,
40.0910412879024,97738,694,662,909,
40.09302949169559,97737,695,662,909,
40.09452953319554,97737,694,663,909,
40.094690121967055,97737,693,664,909,
40.09792277092271,97737,692,665,909,
40.099794040956404,97737,691,666,909,
40.10083229612505,97736,692,666,909,
40.103694050967,97736,691,667,909,
40.10454649016524,97736,690,668,909,
40.10761775490078,97736,689,669,909,
40.11157932211442,97735,690,669,909,
40.11509823413242,97735,689,670,909,
40.12145963948121,97735,688,671,909,
40.12408098137787,97734,689,671,909,
40.12570582097436,97734,689,670,910,
40.126032239743175,97734,689,669,911,
40.12698506363636,97733,690,669,911,
40.13057030143806,97732,691,669,911,
40.135447490015366,97732,690,670,911,
40.13951149360783,97732,689,671,911,
40.14092382956018,97731,690,671,911,
40.14608888434523,97731,690,670,912,
40.15020232438414,97731,690,669,913,
40.151717085131764,97730,691,669,913,
40.153839617724515,97730,690,670,913,
40.15416684332561,97730,689,671,913,
40.15426180291705,97729,690,671,913,
40.1551185861906,97729,689,672,913,
40.15557628599171,97728,690,672,913,
40.15592150909147,97728,690,671,914,
40.160020141001326,97728,689,672,914,
40.16144802208273,97728,688,673,914,
40.16382901798131,97728,687,674,914,
40.164992293675134,97728,686,675,914,
40.16794422173574,97728,685,676,914,
40.172633746622594,97728,685,675,915,
40.17293593041059,97728,685,674,916,
40.17623002137224,97727,686,674,916,
40.17819974530016,97726,687,674,916,
40.1835578953632,97726,686,675,916,
40.18418014714145,97725,687,675,916,
40.18658202654425,97724,688,675,916,
40.19311128249437,97724,688,674,917,
40.19332856575176,97723,689,674,917,
40.19362180933607,97722,690,674,917,
40.19578074640193,97722,689,675,917,
40.197095425994874,97722,688,676,917,
40.19813840838183,97721,689,676,917,
40.20049173160418,97720,690,676,917,
40.20314973132834,97720,689,677,917,
40.205703872971625,97720,689,676,918,
40.21099973232336,97720,689,675,919,
40.21133409113663,97719,690,675,919,
40.2173286864652,97719,690,674,920,
40.22003944450822,97718,691,674,920,
40.220820674924674,97718,690,675,920,
40.221733049606904,97717,691,675,920,
40.22493640432037,97716,692,675,920,
40.22527976985611,97715,693,675,920,
40.227006305989214,97715,692,676,920,
40.22704357680363,97714,693,676,920,
40.22723855105532,97713,694,676,920,
40.23000804933363,97713,693,677,920,
40.23254028990637,97713,692,678,920,
40.234626216508744,97712,693,678,920,
40.23516458121271,97711,694,678,920,
40.23572493033423,97711,693,679,920,
40.237117481394264,97711,693,678,921,
40.240308888676395,97710,694,678,921,
40.242527624377495,97709,695,678,921,
40.2439299958233,97708,696,678,921,
40.25546538242072,97707,697,678,921,
40.265221372186105,97706,698,678,921,
40.26716304097652,97705,699,678,921,
40.26877590050643,97704,700,678,921,
40.27166098605753,97704,699,679,921,
40.27731334341541,97703,700,679,921,
40.27842415428612,97703,699,680,921,
40.27952261133732,97702,700,680,921,
40.281869624641025,97701,701,680,921,
40.28269815289425,97701,701,679,922,
40.282932394630265,97700,702,679,922,
40.28433090674895,97699,703,679,922,
40.287045964731966,97698,704,679,922,
40.28959464597859,97697,705,679,922,
40.29076818057464,97696,706,679,922,
40.29258754591964,97695,707,679,922,
40.296031725632325,97694,708,679,922,
40.29736816517936,97693,709,679,922,
40.29947327357461,97693,708,680,922,
40.30088013580799,97693,708,679,923,
40.308235983850615,97692,709,679,923,
40.3154524234432,97692,709,678,924,
40.317441894526034,97691,710,678,924,
40.31957179791135,97691,710,677,925,
40.31966395175379,97690,711,677,925,
40.32070330345478,97690,710,678,925,
40.3215281995146,97689,711,678,925,
40.32429551529722,97688,712,678,925,
40.327255524365874,97688,711,679,925,
40.333050354474565,97687,712,679,925,
40.33322772739919,97686,713,679,925,
40.33694382420459,97686,712,680,925,
40.33817913536068,97686,711,681,925,
40.339332044031615,97685,712,681,925,
40.34044808451354,97685,711,682,925,
40.342622541643074,97684,712,682,925,
40.352075428299436,97684,711,683,925,
40.354242048105256,97684,710,684,925,
40.354436564277535,97683,711,684,925,
40.3550481415736,97683,711,683,926,
40.35956952082606,97682,712,683,926,
40.359940065306446,97682,711,684,926,
40.364229865884425,97681,712,684,926,
40.36799838978602,97681,711,685,926,
40.37006944673439,97681,711,684,927,
40.370917503167284,97680,712,684,927,
40.371719874195215,97679,713,684,927,
40.37269960064901,97679,712,685,927,
40.37398619771774,97678,713,685,927,
40.37685301601295,97678,712,686,927,
40.378473478052506,97677,713,686,927,
40.38070966496127,97677,712,687,927,
40.38231918199865,97676,713,687,927,
40.38513918768047,97676,712,688,927,
40.387308230894085,97676,711,689,927,
40.38986961961289,97676,710,690,927,
40.390157255333975,97676,709,691,927,
40.394281287133936,97675,710,691,927,
40.397782352439606,97675,709,692,927,
40.399659420040145,97675,708,693,927,
40.399776590284034,97674,709,693,927,
40.40449079499468,97674,708,694,927,
40.40579962962536,97674,707,695,927,
40.408668762451086,97674,706,696,927,
40.40967461197852,97674,705,697,927,
40.41022798966102,97674,705,696,928,
40.41075696410008,97674,704,697,928,
40.415390242148376,97673,705,697,928,
40.41590508605275,97673,704,698,928,
40.41645311330545,97673,704,697,929,
40.41952640397933,97672,705,697,929,
40.42253107828961,97671,706,697,929,
40.42411157832941,97670,707,697,929,
40.426288676496185,97669,708,697,929,
40.42974607576368,97668,709,697,929,
40.43034312266149,97668,708,698,929,
40.43309501218581,97668,708,697,930,
40.43588624634028,97667,709,697,930,
40.43763854820346,97667,708,698,930,
40.437644620374066,97667,708,697,931,
40.43788845603031,97667,708,696,932,
40.44012175959883,97667,708,695,933,
40.44141067967352,97666,709,695,933,
40.442612002125415,97665,710,695,933,
40.44330398939122,97665,710,694,934,
40.44560947538639,97665,710,693,935,
40.45073628783208,97665,709,694,935,
40.45138142469106,97664,710,694,935,
40.45240859153484,97664,710,693,936,
40.452567194501015,97663,711,693,936,
40.45262781143511,97663,711,692,937,
40.45513886751926,97662,712,692,937,
40.45845097346441,97662,711,693,937,
40.4606168161685,97661,712,693,937,
40.46125610772922,97661,711,694,937,
40.463297440386334,97661,711,693,938,
40.46592306213119,97660,712,693,938,
40.46977902471598,97660,711,694,938,
40.47063303816438,97659,712,694,938,
40.476133092511546,97659,712,693,939,
40.478896233290264,97659,711,694,939,
40.48204426529837,97659,710,695,939,
40.48389896790727,97659,710,694,940,
40.48605711243851,97659,709,695,940,
40.48750261167581,97659,709,694,941,
40.49055798259612,97659,709,693,942,
40.4935181606821,97659,709,692,943,
40.495437709129426,97658,710,692,943,
40.49583607942838,97658,709,693,943,
40.49933748617738,97658,708,694,943,
40.502830755574145,97658,708,693,944,
40.503139403345855,97657,709,693,944,
40.506416397993895,97656,710,693,944,
40.50772072084944,97656,709,694,944,
40.5095932195367,97656,709,693,945,
40.50964814572044,97656,708,694,945,
40.51021896720506,97656,708,693,946,
40.51245570435653,97655,709,693,946,
40.51632831952823,97655,709,692,947,
40.51700416711661,97654,710,692,947,
40.51868246059829,97654,709,693,947,
40.52208427263946,97653,710,693,947,
40.52257554501382,97653,709,694,947,
40.52522094097182,97653,708,695,947,
40.52522094097182,97653,708,695,947,
40.52558390216579,97652,709,695,947,
40.52588513208351,97652,709,694,948,
40.52596868056561,97651,710,694,948,
40.52633419139431,97651,710,693,949,
40.529024708396946,97650,711,693,949,
40.52964415246877,97649,712,693,949,
40.532367026576026,97648,713,693,949,
40.53357426933856,97648,713,692,950,
40.533620451720616,97647,714,692,950,
40.542636490069484,97646,715,692,950,
40.54471893103119,97646,714,693,950,
40.545883491831674,97646,713,694,950,
40.546945353147606,97646,713,693,951,
40.549792980813166,97646,712,694,951,
40.55220434065406,97645,713,694,951,
40.55538636203886,97645,712,695,951,
40.55715105848487,97645,711,696,951,
40.55872703172749,97644,712,696,951,
40.56000347237525,97644,711,697,951,
40.56104177335217,97644,711,696,952,
40.566222611216666,97643,712,696,952,
40.56954476773925,97642,713,696,952,
40.57008271039376,97641,714,696,952,
40.57132274703004,97640,715,696,952,
40.57852683947921,97640,714,697,952,
40.57887842025725,97639,715,697,952,
40.582649314979264,97639,714,698,952,
40.582931992836436,97638,715,698,952,
40.582950611354924,97638,714,699,952,
40.58392434854527,97638,714,698,953,
40.58468819510841,97638,714,697,954,
40.58548082651942,97638,713,698,954,
40.5903664091515,97638,712,699,954,
40.59154146065723,97637,713,699,954,
40.59274816311282,97636,714,699,954,
40.5984978162252,97636,713,700,954,
40.599348606568206,97636,712,701,954,
40.59993364380049,97636,711,702,954,
40.60121159874054,97635,712,702,954,
40.60411063252785,97634,713,702,954,
40.604606992522946,97634,713,701,955,
40.60480890820062,97633,714,701,955,
40.60529387105699,97633,713,702,955,
40.6058414608927,97633,713,701,956,
40.60864350483623,97633,712,702,956,
40.610605783197464,97632,713,702,956,
40.611059286079104,97632,712,703,956,
40.61209617132,97631,713,703,956,
40.613038039346264,97631,712,704,956,
40.613452231079016,97631,712,703,957,
40.613782301365745,97631,711,704,957,
40.615011503565256,97631,710,705,957,
40.61622776147349,97630,711,705,957,
40.62020276626682,97629,712,705,957,
40.621108373204855,97629,711,706,957,
40.62265590270169,97629,711,705,958,
40.6227902876387,97628,712,705,958,
40.62463067157571,97628,712,704,959,
40.62495339583633,97628,711,705,959,
40.62960018455323,97627,712,705,959,
40.62998163519679,97627,711,706,959,
40.632434666647626,97626,712,706,959,
40.632750672639496,97625,713,706,959,
40.63308091458645,97625,712,707,959,
40.63543817641938,97624,713,707,959,
40.6356424878582,97624,712,708,959,
40.637035220004734,97623,713,708,959,
40.6372407288474,97623,712,709,959,
40.638837704819025,97623,711,710,959,
40.64084418740335,97622,712,710,959,
40.64466492145757,97621,713,710,959,
40.64604337872763,97620,714,710,959,
40.64838503888366,97620,713,711,959,
40.64998157632244,97619,714,711,959,
40.656963878938754,97618,715,711,959,
40.65762553668092,97617,716,711,959,
40.661815704880695,97617,715,712,959,
40.66648390969904,97616,716,712,959,
40.67154478476739,97615,717,712,959,
40.672417580369185,97614,718,712,959,
40.67245654021378,97613,719,712,959,
40.67678211143008,97612,720,712,959,
40.67773129920526,97612,720,711,960,
40.67907023540602,97612,719,712,960,
40.68523628321718,97612,719,711,961,
40.68621369894063,97612,718,712,961,
40.68761984012593,97612,717,713,961,
40.69005344165953,97612,717,712,962,
40.69142857244565,97611,718,712,962,
40.693754090362965,97610,719,712,962,
40.697109684244396,97610,718,713,962,
40.702930823239804,97609,719,713,962,
40.70312627058143,97609,718,714,962,
40.703380920335675,97608,719,714,962,
40.70642821010554,97608,719,713,963,
40.709116092897,97608,718,714,963,
40.710216879118406,97608,718,713,964,
40.710487719430255,97607,719,713,964,
40.711003354318095,97607,718,714,964,
40.71232497895737,97606,719,714,964,
40.71450928311009,97605,720,714,964,
40.71635552078612,97605,719,715,964,
40.72307395246613,97605,718,716,964,
40.72367897426846,97605,717,717,964,
40.72438760019783,97604,718,717,964,
40.72631299537381,97603,719,717,964,
40.72799468928486,97602,720,717,964,
40.733690451199365,97602,719,718,964,
40.733760937830745,97601,720,718,964,
40.73591213767487,97601,719,719,964,
40.7359871948084,97601,718,720,964,
40.73641592974392,97601,717,721,964,
40.73778480259384,97601,716,722,964,
40.74068961717323,97600,717,722,964,
40.74861364555768,97600,716,723,964,
40.74920227952229,97599,717,723,964,
40.757254980236794,97598,718,723,964,
40.758435093424325,97598,717,724,964,
40.76564962831736,97597,718,724,964,
40.765985118344645,97596,719,724,964,
40.76735911410769,97596,718,725,964,
40.77185940815687,97595,719,725,964,
40.77345836698854,97595,718,726,964,
40.77503481598595,97594,719,726,964,
40.77669662142827,97594,719,725,965,
40.77801759268299,97594,718,726,965,
40.78014550700871,97594,718,725,966,
40.781072626493426,97593,719,725,966,
40.78228784684692,97593,718,726,966,
40.78483404320083,97593,718,725,967,
40.785509021212285,97592,719,725,967,
40.78614563159877,97592,719,724,968,
40.78771111941966,97592,719,723,969,
40.78847375846387,97592,718,724,969,
40.79343172705165,97591,719,724,969,
40.79554681062127,97591,718,725,969,
40.795874239234614,97590,719,725,969,
40.79663627828993,97589,720,725,969,
40.79676917273219,97589,720,724,970,
40.79733446014247,97589,719,725,970,
40.803277872898015,97589,719,724,971,
40.80429901063543,97589,718,725,971,
40.80632656351167,97589,717,726,971,
40.8073935706903,97589,716,727,971,
40.80744419356138,97588,717,727,971,
40.812361019170595,97588,716,728,971,
40.81270872053762,97588,715,729,971,
40.820135819673204,97587,716,729,971,
40.8271587251151,97586,717,729,971,
40.8307938759645,97585,718,729,971,
40.83694542055003,97585,717,730,971,
40.83781664513506,97585,716,731,971,
40.84326453961939,97585,715,732,971,
40.843583573819004,97584,716,732,971,
40.84827224993355,97584,715,733,971,
40.84956304346914,97583,716,733,971,
40.85090779584881,97582,717,733,971,
40.85578539724827,97581,718,733,971,
40.85692471544044,97580,719,733,971,
40.85699853745028,97580,719,732,972,
40.86301916947454,97580,719,731,973,
40.86378820321424,97579,720,731,973,
40.86666897913219,97579,720,730,974,
40.874855477101725,97579,720,729,975,
40.87807142964051,97579,720,728,976,
40.87836685525357,97578,721,728,976,
40.88082058875577,97577,722,728,976,
40.88084867431015,97577,721,729,976,
40.88451569586219,97576,722,729,976,
40.88588721380227,97575,723,729,976,
40.88700393654406,97574,724,729,976,
40.88719003608122,97573,725,729,976,
40.88864248114198,97573,724,730,976,
40.89127835914102,97573,723,731,976,
40.897638245812566,97572,724,731,976,
40.90141304417425,97572,724,730,977,
40.903525018277016,97572,724,729,978,
40.904084168307705,97571,725,729,978,
40.904769757167024,97571,725,728,979,
40.907401798757526,97571,724,729,979,
40.908628351030735,97570,725,729,979,
40.91473574725571,97570,724,730,979,
40.91542385029971,97569,725,730,979,
40.917221253361504,97569,724,731,979,
40.91800777514812,97568,725,731,979,
40.9194623170207,97568,724,732,979,
40.92599932531095,97567,725,732,979,
40.93339644821723,97566,726,732,979,
40.93380558406935,97565,727,732,979,
40.934901269162225,97565,726,733,979,
40.94286508316527,97565,725,734,979,
40.94641364383104,97564,726,734,979,
40.94741394162524,97563,727,734,979,
40.951801136369134,97562,728,734,979,
40.95208212750325,97562,727,735,979,
40.95353316948918,97562,727,734,980,
40.95534079105383,97562,727,733,981,
40.95768416663304,97562,726,734,981,
40.965657847770686,97561,727,734,981,
40.9667248837314,97561,726,735,981,
40.96826919511609,97561,725,736,981,
40.968540119638654,97561,724,737,981,
40.97364580630718,97561,723,738,981,
40.9743759832014,97560,724,738,981,
40.97573947056274,97559,725,738,981,
40.97689330874517,97559,724,739,981,
40.97776934967855,97559,724,738,982,
40.979505220958764,97558,725,738,982,
40.983852919279094,97558,725,737,983,
40.985289505201834,97558,724,738,983,
40.98854581519588,97557,725,738,983,
40.99176330015611,97556,726,738,983,
40.99493096074796,97556,726,737,984,
40.9967680853296,97555,727,737,984,
40.99811881899529,97554,728,737,984,
41.00012475319063,97554,727,738,984,
41.00605220637537,97553,728,738,984,
41.00969147579045,97552,729,738,984,
41.010585422025464,97552,728,739,984,
41.0110195491923,97552,727,740,984,
41.01185481428237,97551,728,740,984,
41.013623009877776,97551,727,741,984,
41.01447111736583,97550,728,741,984,
41.01894139886341,97550,728,740,985,
41.01990109649912,97549,729,740,985,
41.02165745806776,97548,730,740,985,
41.02271497174298,97548,729,741,985,
41.02701542630549,97547,730,741,985,
41.02727665683851,97547,729,742,985,
41.02782930263467,97547,729,741,986,
41.02875940202324,97547,728,742,986,
41.03068877895818,97546,729,742,986,
41.0320308473746,97545,730,742,986,
41.03395205734275,97544,731,742,986,
41.03500276312192,97543,732,742,986,
41.03624213062783,97543,732,741,987,
41.03844753428418,97542,733,741,987,
41.04023064697944,97542,733,740,988,
41.040570477143675,97541,734,740,988,
41.04197417848035,97540,735,740,988,
41.04556198543558,97540,734,741,988,
41.04764038264206,97540,734,740,989,
41.051479042856,97539,735,740,989,
41.053942083598386,97539,734,741,989,
41.05746967238912,97539,733,742,989,
41.06268591004727,97539,733,741,990,
41.06745058620797,97538,734,741,990,
41.068234008524264,97538,734,740,991,
41.07175147107744,97537,735,740,991,
41.0718997983604,97536,736,740,991,
41.07370822517951,97535,737,740,991,
41.07790261977629,97534,738,740,991,
41.07945891270882,97534,737,741,991,
41.07979549877481,97534,736,742,991,
41.080000927477855,97533,737,742,991,
41.080022788142486,97533,737,741,992,
41.08196742618489,97532,738,741,992,
41.082117734590476,97532,738,740,993,
41.08226320041944,97532,738,739,994,
41.08306594241533,97531,739,739,994,
41.08538924001141,97530,740,739,994,
41.088699875034365,97530,740,738,995,
41.09332400058223,97529,741,738,995,
41.09487493189971,97528,742,738,995,
41.09593531964771,97527,743,738,995,
41.09616854335406,97526,744,738,995,
41.09756320926846,97526,743,739,995,
41.0988601877893,97525,744,739,995,
41.09963670640486,97525,743,740,995,
41.10017863115732,97525,743,739,996,
41.10076229436554,97525,743,738,997,
41.10218564470339,97525,742,739,997,
41.102949618460215,97524,743,739,997,
41.10451717023979,97524,742,740,997,
41.1053989619229,97523,743,740,997,
41.110063804082486,97523,743,739,998,
41.11052065738943,97523,742,740,998,
41.111771476990455,97522,743,740,998,
41.11432558320416,97522,743,739,999,
41.11501343565653,97522,743,738,1000,
41.12396519327756,97521,744,738,1000,
41.12548781680567,97521,743,739,1000,
41.12564216142733,97520,744,739,1000,
41.12723389800362,97519,745,739,1000,
41.12973935248956,97519,744,740,1000,
41.13390827823507,97518,745,740,1000,
41.135372171511904,97518,744,741,1000,
41.13789749551033,97518,743,742,1000,
41.13905264271679,97518,742,743,1000,
41.13974239880841,97517,743,743,1000,
41.14049364841874,97517,742,744,1000,
41.14342184938205,97516,743,744,1000,
41.149991909521425,97515,744,744,1000,
41.150577250279355,97515,743,745,1000,
41.15073196654294,97514,744,745,1000,
41.15117990360729,97513,745,745,1000,
41.155037694596,97513,745,744,1001,
41.15696011135618,97513,745,743,1002,
41.1573239328591,97512,746,743,1002,
41.15982079021868,97511,747,743,1002,
41.16562880002337,97510,748,743,1002,
41.165890144457464,97509,749,743,1002,
41.16669696075417,97508,750,743,1002,
41.169756569061164,97507,751,743,1002,
41.17156056955488,97506,752,743,1002,
41.1731556325091,97505,753,743,1002,
41.17373720486886,97505,752,744,1002,
41.175259341826454,97505,751,745,1002,
41.176273158552746,97505,750,746,1002,
41.179568334282344,97504,751,746,1002,
41.18061053864627,97503,752,746,1002,
41.181874188399696,97503,751,747,1002,
41.183597582180695,97503,750,748,1002,
41.188548373244664,97502,751,748,1002,
41.18894610978716,97501,752,748,1002,
41.19185620393012,97500,753,748,1002,
41.19866878173218,97500,752,749,1002,
41.19989510971322,97499,753,749,1002,
41.20189266623713,97499,753,748,1003,
41.203775634024616,97499,752,749,1003,
41.20582798436887,97498,753,749,1003,
41.21467443933143,97497,754,749,1003,
41.22103957771006,97497,753,750,1003,
41.2241141032528,97497,752,751,1003,
41.227193492402556,97497,751,752,1003,
41.228532475086375,97497,751,751,1004,
41.233795553218094,97497,750,752,1004,
41.23420112652544,97496,751,752,1004,
41.24121473631908,97496,751,751,1005,
41.242986513689544,97496,751,750,1006,
41.246561928736384,97495,752,750,1006,
41.248799662841215,97494,753,750,1006,
41.24970679000642,97493,754,750,1006,
41.25349340301831,97492,755,750,1006,
41.261904136112925,97492,754,751,1006,
41.26307912093455,97491,755,751,1006,
41.26396451066177,97491,754,752,1006,
41.26784619897806,97491,753,753,1006,
41.27551336482999,97491,752,754,1006,
41.277864442035856,97490,753,754,1006,
41.27809802980927,97490,752,755,1006,
41.28336765033363,97490,751,756,1006,
41.284531913374806,97490,750,757,1006,
41.28490418626703,97490,750,756,1007,
41.28665244976717,97490,749,757,1007,
41.286867941449074,97489,750,757,1007,
41.28812331356072,97489,749,758,1007,
41.28830966797039,97489,749,757,1008,
41.2888010297943,97489,748,758,1008,
41.28883473872181,97488,749,758,1008,
41.293305887149984,97487,750,758,1008,
41.29334548893702,97486,751,758,1008,
41.29336746543942,97486,750,759,1008,
41.298817510680365,97485,751,759,1008,
41.29900420928312,97484,752,759,1008,
41.30592604616833,97484,752,758,1009,
41.31084289358228,97483,753,758,1009,
41.31154620907432,97482,754,758,1009,
41.31415262437023,97482,754,757,1010,
41.3188090827817,97481,755,757,1010,
41.32389557154549,97481,754,758,1010,
41.32466728624291,97481,754,757,1011,
41.326234258649635,97480,755,757,1011,
41.328435673073265,97480,754,758,1011,
41.334694498719195,97479,755,758,1011,
41.335872151959784,97478,756,758,1011,
41.33992157485338,97478,755,759,1011,
41.343684286782924,97478,755,758,1012,
41.344856416882415,97478,755,757,1013,
41.34668827917389,97477,756,757,1013,
41.34735114348946,97477,755,758,1013,
41.353086261544284,97477,754,759,1013,
41.35320840164775,97476,755,759,1013,
41.35472685375397,97476,754,760,1013,
41.354883843547654,97475,755,760,1013,
41.35530578766962,97475,755,759,1014,
41.35643341789781,97474,756,759,1014,
41.35894842873021,97474,755,760,1014,
41.35958853322412,97473,756,760,1014,
41.36445819257679,97473,755,761,1014,
41.36660908481394,97472,756,761,1014,
41.368235572437406,97472,755,762,1014,
41.368785129120546,97472,755,761,1015,
41.36929197948393,97472,755,760,1016,
41.36933994617924,97472,754,761,1016,
41.370753554955094,97471,755,761,1016,
41.37651585158332,97471,754,762,1016,
41.377823866017515,97471,754,761,1017,
41.37879830412413,97471,754,760,1018,
41.378830292722284,97471,753,761,1018,
41.38640786789648,97470,754,761,1018,
41.38854051642435,97470,754,760,1019,
41.39019294290829,97470,754,759,1020,
41.391290330088935,97469,755,759,1020,
41.401415893245066,97469,754,760,1020,
41.40412033925731,97468,755,760,1020,
41.409106174180955,97468,755,759,1021,
41.40928619978968,97468,754,760,1021,
41.41139090802656,97467,755,760,1021,
41.412293848305936,97466,756,760,1021,
41.41266738293528,97465,757,760,1021,
41.41840236517387,97464,758,760,1021,
41.419739604963944,97463,759,760,1021,
41.421383586084815,97462,760,760,1021,
41.42500199044114,97462,759,761,1021,
41.425129903017854,97462,759,760,1022,
41.42841271484813,97461,760,760,1022,
41.42984236275481,97460,761,760,1022,
41.43107415086349,97459,762,760,1022,
41.43125793951399,97458,763,760,1022,
41.432731861876995,97457,764,760,1022,
41.43606034928182,97456,765,760,1022,
41.43613324270292,97455,766,760,1022,
41.441456408383516,97454,767,760,1022,
41.442940426278675,97453,768,760,1022,
41.44457129741848,97453,768,759,1023,
41.44548435999772,97453,768,758,1024,
41.44776170359753,97452,769,758,1024,
41.447951097219395,97452,769,757,1025,
41.44825067232797,97452,768,758,1025,
41.45114285820878,97452,768,757,1026,
41.45373670835151,97451,769,757,1026,
41.45443896038743,97450,770,757,1026,
41.45475288629772,97449,771,757,1026,
41.45680597435876,97449,771,756,1027,
41.458772705193944,97449,771,755,1028,
41.4596898219435,97448,772,755,1028,
41.461964848853114,97448,772,754,1029,
41.46387202103462,97447,773,754,1029,
41.469092722298434,97447,773,753,1030,
41.470533771875445,97446,774,753,1030,
41.476185622731194,97446,773,754,1030,
41.47660700931817,97446,773,753,1031,
41.47799862411482,97445,774,753,1031,
41.48254368280457,97444,775,753,1031,
41.48439590288224,97444,775,752,1032,
41.48463407503357,97444,774,753,1032,
41.484811256600715,97444,773,754,1032,
41.48698392675899,97443,774,754,1032,
41.48820650273015,97442,775,754,1032,
41.488734522053235,97442,774,755,1032,
41.49735419873442,97442,773,756,1032,
41.500339811804636,97441,774,756,1032,
41.502364540526855,97441,774,755,1033,
41.50291414242732,97440,775,755,1033,
41.504434005438256,97440,774,756,1033,
41.50484585360502,97440,773,757,1033,
41.50782179364185,97439,774,757,1033,
41.50826297799008,97439,773,758,1033,
41.51115975605378,97439,773,757,1034,
41.51288947406139,97438,774,757,1034,
41.521493688539685,97437,775,757,1034,
41.521493688539685,97437,775,757,1034,
41.52203093183325,97437,774,758,1034,
41.522715994331186,97436,775,758,1034,
41.52365600560992,97435,776,758,1034,
41.52888665163136,97435,775,759,1034,
41.53144198747281,97434,776,759,1034,
41.533252632615024,97433,777,759,1034,
41.53581618308322,97433,776,760,1034,
41.537058334855004,97433,775,761,1034,
41.537919463702764,97433,774,762,1034,
41.54299315432291,97432,775,762,1034,
41.54446499889804,97432,775,761,1035,
41.54609805190561,97431,776,761,1035,
41.546874894145354,97431,775,762,1035,
41.54699587575234,97430,776,762,1035,
41.54764304854497,97430,776,761,1036,
41.55279182452398,97430,776,760,1037,
41.555508235400715,97430,776,759,1038,
41.558014938902076,97429,777,759,1038,
41.56107926942209,97429,777,758,1039,
41.56553146349322,97429,776,759,1039,
41.566704847118665,97429,775,760,1039,
41.56850695301879,97428,776,760,1039,
41.57087226089386,97427,777,760,1039,
41.58045111475462,97426,778,760,1039,
41.58168420454953,97426,777,761,1039,
41.58564998641315,97426,776,762,1039,
41.58965661823925,97425,777,762,1039,
41.590671362724336,97424,778,762,1039,
41.59154738096949,97423,779,762,1039,
41.592096590720146,97423,778,763,1039,
41.59681526275562,97423,777,764,1039,
41.597016606228536,97423,776,765,1039,
41.598411155987534,97422,777,765,1039,
41.60014168101538,97422,776,766,1039,
41.60314444831123,97421,777,766,1039,
41.60540319519657,97420,778,766,1039,
41.605913503378424,97419,779,766,1039,
41.60762503458841,97418,780,766,1039,
41.61099230681929,97417,781,766,1039,
41.613638941631734,97417,780,767,1039,
41.61424060313277,97416,781,767,1039,
41.61511508600977,97416,780,768,1039,
41.615146020249,97416,779,769,1039,
41.61556721791826,97415,780,769,1039,
41.620397745221894,97415,780,768,1040,
41.62291546037214,97415,780,767,1041,
41.623752698036085,97414,781,767,1041,
41.62533220111002,97413,782,767,1041,
41.625994927244925,97413,782,766,1042,
41.629211153152184,97412,783,766,1042,
41.637864920324915,97412,783,765,1043,
41.63882356302647,97411,784,765,1043,
41.63921690572487,97410,785,765,1043,
41.63996045269062,97410,785,764,1044,
41.640956328736706,97409,786,764,1044,
41.641093840026095,97409,786,763,1045,
41.64175906858594,97408,787,763,1045,
41.64198109105376,97408,786,764,1045,
41.64380001695346,97407,787,764,1045,
41.64459355831622,97407,787,763,1046,
41.64519878868204,97407,786,764,1046,
41.64553276342474,97407,785,765,1046,
41.65025089653748,97406,786,765,1046,
41.65107230708364,97406,786,764,1047,
41.65296574685823,97405,787,764,1047,
41.65382945998304,97405,787,763,1048,
41.65423525412919,97405,786,764,1048,
41.6570088890419,97404,787,764,1048,
41.660436669386925,97403,788,764,1048,
41.66320737296559,97403,787,765,1048,
41.665339752452034,97402,788,765,1048,
41.666967029429784,97401,789,765,1048,
41.667330178571525,97400,790,765,1048,
41.66853701996783,97399,791,765,1048,
41.668587434994244,97399,791,764,1049,
41.668749637286396,97399,791,763,1050,
41.66927946813054,97399,791,762,1051,
41.66945456985582,97399,790,763,1051,
41.676469181410894,97399,789,764,1051,
41.677781666806524,97399,788,765,1051,
41.67884571686832,97399,788,764,1052,
41.68377756914279,97399,788,763,1053,
41.68621371868568,97399,788,762,1054,
41.68877352654063,97399,787,763,1054,
41.69250205974872,97398,788,763,1054,
41.69616028462833,97398,787,764,1054,
41.697752172861364,97398,786,765,1054,
41.70648405832117,97397,787,765,1054,
41.70686028918498,97397,786,766,1054,
41.70999162000643,97396,787,766,1054,
41.71188570551468,97396,786,767,1054,
41.712794237771206,97396,785,768,1054,
41.71579485833115,97395,786,768,1054,
41.717163225012705,97395,786,767,1055,
41.7186735867035,97395,786,766,1056,
41.71927153556197,97394,787,766,1056,
41.72037765202015,97394,786,767,1056,
41.72171763973815,97393,787,767,1056,
41.72740174501309,97393,786,768,1056,
41.72843249975233,97392,787,768,1056,
41.72899587640335,97391,788,768,1056,
41.73046076339609,97390,789,768,1056,
41.73296670555418,97389,790,768,1056,
41.733656869627225,97388,791,768,1056,
41.74116484625521,97388,790,769,1056,
41.741732709591865,97388,789,770,1056,
41.742273900946486,97387,790,770,1056,
41.74246004514978,97387,789,771,1056,
41.74605112416798,97387,789,770,1057,
41.74678711210117,97386,790,770,1057,
41.74693809509008,97386,789,771,1057,
41.75127254982186,97386,789,770,1058,
41.751898713909696,97386,788,771,1058,
41.75346018737658,97385,789,771,1058,
41.75561489140094,97385,788,772,1058,
41.757713647837775,97384,789,772,1058,
41.75797640728811,97383,790,772,1058,
41.76505184338956,97382,791,772,1058,
41.76962859974901,97382,790,773,1058,
41.771550687671265,97382,789,774,1058,
41.77556025085734,97382,789,773,1059,
41.775592794394015,97382,788,774,1059,
41.77735168338223,97382,787,775,1059,
41.77894275353502,97382,786,776,1059,
41.78231197760597,97382,785,777,1059,
41.790724645127874,97381,786,777,1059,
41.79306212551845,97380,787,777,1059,
41.79842954116141,97379,788,777,1059,
41.80217352922899,97378,789,777,1059,
41.80545843267156,97377,790,777,1059,
41.810411487722035,97376,791,777,1059,
41.81317308405604,97375,792,777,1059,
41.814674798528735,97374,793,777,1059,
41.814969535387114,97373,794,777,1059,
41.816427704978175,97372,795,777,1059,
41.81698527553299,97372,794,778,1059,
41.82317345843985,97371,795,778,1059,
41.82671221344697,97371,794,779,1059,
41.835772016021316,97371,793,780,1059,
41.83903998760782,97370,794,780,1059,
41.84041720708033,97369,795,780,1059,
41.84221535330805,97368,796,780,1059,
41.8454958485483,97367,797,780,1059,
41.846369528825846,97366,798,780,1059,
41.84779130813347,97365,799,780,1059,
41.84863820762336,97364,800,780,1059,
41.851814223985926,97364,799,781,1059,
41.85672202169292,97363,800,781,1059,
41.85685180400802,97363,800,780,1060,
41.85742239065896,97362,801,780,1060,
41.85947639570313,97362,801,779,1061,
41.86020631160962,97362,800,780,1061,
41.86425356641813,97361,801,780,1061,
41.86522252219767,97360,802,780,1061,
41.86791297871214,97359,803,780,1061,
41.86959009039785,97359,803,779,1062,
41.87078710894891,97359,803,778,1063,
41.87175255812034,97358,804,778,1063,
41.873049481960926,97358,803,779,1063,
41.873694841984864,97358,802,780,1063,
41.87457252069169,97357,803,780,1063,
41.875463167227416,97357,803,779,1064,
41.876277595373516,97356,804,779,1064,
41.880635793659515,97356,803,780,1064,
41.88104189566914,97355,804,780,1064,
41.88203081011583,97355,803,781,1064,
41.88387361232332,97355,803,780,1065,
41.884594182309066,97355,802,781,1065,
41.887701377071075,97354,803,781,1065,
41.89108246998361,97353,804,781,1065,
41.892335415398286,97353,804,780,1066,
41.89657788670953,97353,804,779,1067,
41.898946278142915,97352,805,779,1067,
41.90322871845158,97352,804,780,1067,
41.90402187578872,97351,805,780,1067,
41.904351987737364,97351,804,781,1067,
41.90574022696196,97350,805,781,1067,
41.90800803882045,97350,804,782,1067,
41.908421215192185,97350,804,781,1068,
41.913899990335715,97349,805,781,1068,
41.916872206512316,97348,806,781,1068,
41.9195470763395,97347,807,781,1068,
41.93187617376081,97346,808,781,1068,
41.93399786036372,97345,809,781,1068,
41.93436341646419,97345,808,782,1068,
41.93661053559345,97344,809,782,1068,
41.94218611886522,97343,810,782,1068,
41.94350800971123,97343,810,781,1069,
41.944430489916876,97343,809,782,1069,
41.946837435895176,97342,810,782,1069,
41.94892138101957,97342,809,783,1069,
41.95332395962777,97342,808,784,1069,
41.95343090482741,97341,809,784,1069,
41.95501229885428,97340,810,784,1069,
41.959635233809024,97339,811,784,1069,
41.96148624415192,97339,810,785,1069,
41.96241007348255,97339,809,786,1069,
41.96327903876571,97338,810,786,1069,
41.96351527297189,97338,809,787,1069,
41.96796391756425,97338,808,788,1069,
41.97039248903032,97338,808,787,1070,
41.974463510131955,97337,809,787,1070,
41.977756457613594,97337,808,788,1070,
41.97779273283356,97336,809,788,1070,
41.98048622539346,97335,810,788,1070,
41.9822600582965,97334,811,788,1070,
41.98293063519413,97333,812,788,1070,
41.98387886449466,97333,811,789,1070,
41.98397146213311,97333,810,790,1070,
41.98472446931293,97333,809,791,1070,
41.98593352219643,97333,809,790,1071,
41.99007108623364,97333,808,791,1071,
41.99119881553549,97332,809,791,1071,
41.991364146235156,97331,810,791,1071,
41.99161129538747,97331,810,790,1072,
41.99685408803013,97331,809,791,1072,
42.00271580729094,97330,810,791,1072,
42.00373019979952,97330,810,790,1073,
42.00821836021608,97330,809,791,1073,
42.0122767933083,97330,809,790,1074,
42.015199394965464,97329,810,790,1074,
42.01943127592046,97329,809,791,1074,
42.02003978026501,97329,809,790,1075,
42.02148854106033,97329,808,791,1075,
42.02298107354819,97329,807,792,1075,
42.024145183054664,97328,808,792,1075,
42.02446117474608,97328,807,793,1075,
42.02474307119637,97328,806,794,1075,
42.025385044673556,97328,805,795,1075,
42.026143960629256,97327,806,795,1075,
42.029361639650205,97326,807,795,1075,
42.03262738956237,97325,808,795,1075,
42.036234025584136,97324,809,795,1075,
42.038735568412996,97324,808,796,1075,
42.04276552283134,97323,809,796,1075,
42.04483950765614,97323,808,797,1075,
42.04548755253039,97323,807,798,1075,
42.04884208587431,97323,807,797,1076,
42.04936525438377,97323,807,796,1077,
42.04996544315464,97323,806,797,1077,
42.05037056854669,97322,807,797,1077,
42.05087714351617,97322,807,796,1078,
42.05302503540071,97321,808,796,1078,
42.053768745020065,97321,807,797,1078,
42.0546327054559,97321,806,798,1078,
42.05516832980521,97320,807,798,1078,
42.05558750362026,97319,808,798,1078,
42.05642518011297,97319,808,797,1079,
42.05799943100218,97319,808,796,1080,
42.05917035270863,97319,807,797,1080,
42.059952314947466,97319,806,798,1080,
42.06002828602703,97319,805,799,1080,
42.06184486210446,97318,806,799,1080,
42.06210802916757,97317,807,799,1080,
42.06229080925025,97317,807,798,1081,
42.062903465539044,97317,807,797,1082,
42.06408577536395,97316,808,797,1082,
42.06566108193736,97315,809,797,1082,
42.066291132786795,97315,808,798,1082,
42.0699651335411,97315,807,799,1082,
42.07049284791389,97315,806,800,1082,
42.07266619405516,97314,807,800,1082,
42.0755449484213,97314,806,801,1082,
42.077287055852985,97314,805,802,1082,
42.0821256506036,97314,804,803,1082,
42.08471301783565,97313,805,803,1082,
42.08582712014488,97312,806,803,1082,
42.088223440172555,97312,806,802,1083,
42.08838155860302,97312,806,801,1084,
42.08845860150009,97311,807,801,1084,
42.09202494419847,97311,806,802,1084,
42.0938296553402,97311,805,803,1084,
42.09600194127568,97310,806,803,1084,
42.09617532780927,97310,805,804,1084,
42.102522219465584,97309,806,804,1084,
42.11009640259595,97309,806,803,1085,
42.11074208085018,97309,806,802,1086,
42.11139006971017,97309,805,803,1086,
42.111943260762,97309,805,802,1087,
42.115002247509985,97308,806,802,1087,
42.11603119260766,97308,805,803,1087,
42.11792638244239,97308,804,804,1087,
42.119074381589435,97308,803,805,1087,
42.11978419864335,97308,802,806,1087,
42.12363599505809,97307,803,806,1087,
42.12424399876744,97306,804,806,1087,
42.12722033797209,97305,805,806,1087,
42.12793221667136,97304,806,806,1087,
42.128120150002175,97304,805,807,1087,
42.131411783444456,97304,804,808,1087,
42.13473458701812,97304,804,807,1088,
42.13556164012916,97303,805,807,1088,
42.13610754753269,97302,806,807,1088,
42.138993855468634,97302,805,808,1088,
42.140375406938404,97301,806,808,1088,
42.14242313222742,97301,805,809,1088,
42.14404033567366,97301,805,808,1089,
42.145018854546215,97300,806,808,1089,
42.1459596260755,97300,805,809,1089,
42.15045497867791,97300,804,810,1089,
42.151267496415535,97299,805,810,1089,
42.153826181895006,97299,805,809,1090,
42.156335790961116,97299,805,808,1091,
42.15725864883197,97298,806,808,1091,
42.1574209387142,97297,807,808,1091,
42.15755656506423,97297,807,807,1092,
42.15820740401926,97297,806,808,1092,
42.158423407272664,97297,805,809,1092,
42.163777673735424,97296,806,809,1092,
42.16831747040445,97295,807,809,1092,
42.168783111853166,97294,808,809,1092,
42.170476546454935,97293,809,809,1092,
42.17386958844037,97292,810,809,1092,
42.17438297279277,97292,809,810,1092,
42.17961048592815,97291,810,810,1092,
42.181023673072886,97290,811,810,1092,
42.182596116414665,97290,810,811,1092,
42.1827456767749,97290,809,812,1092,
42.18358880662322,97290,809,811,1093,
42.18613885775352,97289,810,811,1093,
42.189107184187684,97289,809,812,1093,
42.18934855438458,97289,808,813,1093,
42.19067405099846,97288,809,813,1093,
42.191052050455106,97287,810,813,1093,
42.19172959120773,97287,809,814,1093,
42.19211115217235,97287,808,815,1093,
42.1939222478539,97287,807,816,1093,
42.195770272890655,97286,808,816,1093,
42.1960586521482,97285,809,816,1093,
42.19770138763719,97284,810,816,1093,
42.19836865394636,97284,809,817,1093,
42.19890584587481,97283,810,817,1093,
42.199716425665336,97282,811,817,1093,
42.20110855371571,97282,811,816,1094,
42.2056333912162,97282,811,815,1095,
42.206791146430376,97281,812,815,1095,
42.20857211347524,97281,811,816,1095,
42.20860064564005,97281,810,817,1095,
42.21128234781789,97281,809,818,1095,
42.21210504813261,97280,810,818,1095,
42.213760195563815,97279,811,818,1095,
42.21620212487926,97279,811,817,1096,
42.216561772768166,97278,812,817,1096,
42.21895478072767,97278,812,816,1097,
42.224666631515284,97278,811,817,1097,
42.22567585933658,97277,812,817,1097,
42.230413340566386,97276,813,817,1097,
42.23090098854628,97275,814,817,1097,
42.23357255002295,97274,815,817,1097,
42.23574453592109,97274,814,818,1097,
42.23734234287689,97273,815,818,1097,
42.237349015658694,97273,814,819,1097,
42.237455949018255,97273,814,818,1098,
42.237940033654844,97273,813,819,1098,
42.23979444936045,97272,814,819,1098,
42.241289958408,97272,814,818,1099,
42.24161107662932,97272,813,819,1099,
42.243194995030535,97272,813,818,1100,
42.24366009939385,97271,814,818,1100,
42.24400798566889,97271,813,819,1100,
42.24659058260967,97271,812,820,1100,
42.250664634045364,97271,811,821,1100,
42.2551140684745,97270,812,821,1100,
42.25897804272572,97270,812,820,1101,
42.259211563096514,97270,811,821,1101,
42.26851268736944,97270,810,822,1101,
42.26941466539462,97269,811,822,1101,
42.2701806165109,97269,810,823,1101,
42.27185457682812,97269,809,824,1101,
42.27342989187761,97268,810,824,1101,
42.27538698852604,97268,810,823,1102,
42.279639351371195,97267,811,823,1102,
42.27992463858608,97266,812,823,1102,
42.28015427341391,97266,811,824,1102,
42.280239912192776,97266,810,825,1102,
42.28501739341331,97266,809,826,1102,
42.285944811126164,97265,810,826,1102,
42.286266116096776,97264,811,826,1102,
42.29249459325738,97263,812,826,1102,
42.29347103210927,97262,813,826,1102,
42.29458506438656,97262,813,825,1103,
42.29712662853529,97261,814,825,1103,
42.29889623051385,97261,814,824,1104,
42.302384884676336,97261,814,823,1105,
42.307677731067926,97261,813,824,1105,
42.310948093386656,97261,812,825,1105,
42.316706962954356,97261,811,826,1105,
42.31879192467983,97260,812,826,1105,
42.323516134428054,97259,813,826,1105,
42.324020762589555,97258,814,826,1105,
42.32460722245638,97257,815,826,1105,
42.33073790662155,97257,814,827,1105,
42.331419398086524,97256,815,827,1105,
42.33296402695809,97255,816,827,1105,
42.33518345549138,97254,817,827,1105,
42.336199423609266,97254,816,828,1105,
42.33880825171913,97253,817,828,1105,
42.33964250335713,97253,817,827,1106,
42.34108402629899,97253,816,828,1106,
42.34168656988463,97253,815,829,1106,
42.342110380538315,97253,814,830,1106,
42.343775972260445,97253,813,831,1106,
42.347251805283435,97253,812,832,1106,
42.34739378844124,97253,811,833,1106,
42.3474362102883,97253,811,832,1107,
42.34849529699406,97252,812,832,1107,
42.349024170737785,97252,812,831,1108,
42.349481162883635,97251,813,831,1108,
42.35353432931537,97250,814,831,1108,
42.35395224599459,97249,815,831,1108,
42.35531355195279,97248,816,831,1108,
42.355392338186206,97248,816,830,1109,
42.3562753546206,97247,817,830,1109,
42.35760888470021,97246,818,830,1109,
42.36402218957732,97246,818,829,1110,
42.36667372206155,97245,819,829,1110,
42.36745397696375,97245,818,830,1110,
42.36793046452695,97244,819,830,1110,
42.36849870578183,97244,819,829,1111,
42.369073493401565,97243,820,829,1111,
42.36990362684948,97242,821,829,1111,
42.372366183220834,97241,822,829,1111,
42.37422980225876,97240,823,829,1111,
42.375854403967864,97240,822,830,1111,
42.37625104619264,97239,823,830,1111,
42.37965666578683,97239,822,831,1111,
42.379717890821695,97239,822,830,1112,
42.38164497218235,97239,821,831,1112,
42.38333576585788,97239,820,832,1112,
42.38812786848388,97239,819,833,1112,
42.38859974501209,97239,819,832,1113,
42.394008148609736,97238,820,832,1113,
42.39558656117752,97237,821,832,1113,
42.39833990839797,97237,821,831,1114,
42.401274904785694,97236,822,831,1114,
42.401915819351025,97236,822,830,1115,
42.40547828377258,97236,821,831,1115,
42.405709562851264,97236,820,832,1115,
42.407684602287105,97236,819,833,1115,
42.40895937985562,97236,818,834,1115,
42.412846436813595,97236,817,835,1115,
42.41370576792081,97236,817,834,1116,
42.41396063227058,97236,817,833,1117,
42.414465105643494,97236,816,834,1117,
42.415425002829636,97235,817,834,1117,
42.41621968168482,97234,818,834,1117,
42.41805465400467,97234,817,835,1117,
42.418177879070555,97233,818,835,1117,
42.41911250114001,97233,818,834,1118,
42.42028088808918,97233,818,833,1119,
42.42042381125654,97232,819,833,1119,
42.42243460422854,97231,820,833,1119,
42.42954283229308,97230,821,833,1119,
42.42986560830504,97229,822,833,1119,
42.43047198719395,97229,821,834,1119,
42.4310455339043,97229,820,835,1119,
42.43161569592672,97229,820,834,1120,
42.4344024235843,97228,821,834,1120,
42.43565560343414,97228,821,833,1121,
42.43618612489146,97227,822,833,1121,
42.437908697205955,97227,821,834,1121,
42.439722891070296,97226,822,834,1121,
42.44417673243475,97225,823,834,1121,
42.44531864638229,97224,824,834,1121,
42.44594378762475,97223,825,834,1121,
42.447524609207385,97223,824,835,1121,
42.44860089503695,97223,823,836,1121,
42.449145023437644,97223,822,837,1121,
42.4511689513872,97223,821,838,1121,
42.451170890721016,97223,820,839,1121,
42.45162690518031,97222,821,839,1121,
42.45458265887184,97221,822,839,1121,
42.45487908917473,97221,821,840,1121,
42.45523012155743,97220,822,840,1121,
42.455525013982346,97219,823,840,1121,
42.45854352276033,97219,822,841,1121,
42.458691745473914,97219,822,840,1122,
42.458767736146086,97219,822,839,1123,
42.4591287402957,97219,822,838,1124,
42.46196894258525,97219,821,839,1124,
42.46208826326093,97219,820,840,1124,
42.46330794280554,97218,821,840,1124,
42.464312152143094,97218,821,839,1125,
42.4671862723643,97217,822,839,1125,
42.467397427591216,97216,823,839,1125,
42.46785268022034,97215,824,839,1125,
42.470415091332875,97215,823,840,1125,
42.47075897656476,97214,824,840,1125,
42.47152141058708,97213,825,840,1125,
42.47526271419766,97213,825,839,1126,
42.477851522642425,97212,826,839,1126,
42.47903767562164,97211,827,839,1126,
42.4808985122838,97210,828,839,1126,
42.481518018227796,97209,829,839,1126,
42.48218905443525,97209,829,838,1127,
42.483662395818165,97208,830,838,1127,
42.48404129389081,97208,829,839,1127,
42.484397332091184,97207,830,839,1127,
42.484416683933624,97206,831,839,1127,
42.48631424015597,97205,832,839,1127,
42.48632808742141,97204,833,839,1127,
42.48982361994972,97204,832,840,1127,
42.49088518015324,97204,831,841,1127,
42.492723231395104,97204,830,842,1127,
42.49357403953023,97203,831,842,1127,
42.49727984401492,97202,832,842,1127,
42.498215958377976,97201,833,842,1127,
42.50071201363653,97200,834,842,1127,
42.50173087218248,97200,834,841,1128,
42.50655333751561,97200,833,842,1128,
42.509399957921836,97200,832,843,1128,
42.50951008144449,97199,833,843,1128,
42.511629608293084,97198,834,843,1128,
42.51699368364858,97198,833,844,1128,
42.52109866436278,97198,832,845,1128,
42.52109866436278,97198,832,845,1128,
42.52163162958974,97198,832,844,1129,
42.5224184842278,97197,833,844,1129,
42.52261614084372,97197,833,843,1130,
42.52674414468828,97196,834,843,1130,
42.52687057155729,97195,835,843,1130,
42.52694930529296,97194,836,843,1130,
42.52739225768058,97194,835,844,1130,
42.53105912632678,97193,836,844,1130,
42.532609893587704,97193,835,845,1130,
42.53510672863466,97192,836,845,1130,
42.53636226489856,97192,835,846,1130,
42.5374826661613,97192,834,847,1130,
42.537981568555466,97192,834,846,1131,
42.54092028733496,97191,835,846,1131,
42.54206182720392,97190,836,846,1131,
42.54319051002131,97190,835,847,1131,
42.544828413763746,97189,836,847,1131,
42.5449699087925,97188,837,847,1131,
42.54502188858063,97187,838,847,1131,
42.54810912487215,97186,839,847,1131,
42.55160811539291,97185,840,847,1131,
42.55604301509247,97184,841,847,1131,
42.562020592695866,97183,842,847,1131,
42.56318217831122,97183,841,848,1131,
42.564461086878616,97182,842,848,1131,
42.56903766193156,97181,843,848,1131,
42.56913777673439,97181,842,849,1131,
42.57335446047328,97181,841,850,1131,
42.5743644273548,97180,842,850,1131,
42.57838951805412,97179,843,850,1131,
42.57930431360537,97178,844,850,1131,
42.57988491039354,97178,844,849,1132,
42.580812795032195,97178,844,848,1133,
42.58100304622668,97177,845,848,1133,
42.58205636705296,97177,844,849,1133,
42.583045470939794,97176,845,849,1133,
42.58520982874463,97176,845,848,1134,
42.5853486173336,97176,845,847,1135,
42.58579466623988,97176,844,848,1135,
42.586057203527496,97176,843,849,1135,
42.59077764452709,97175,844,849,1135,
42.5908560020266,97174,845,849,1135,
42.59357462513339,97173,846,849,1135,
42.59443536649359,97173,845,850,1135,
42.59939291098317,97173,844,851,1135,
42.59971933697421,97173,843,852,1135,
42.599935630386724,97172,844,852,1135,
42.60297880041096,97171,845,852,1135,
42.60992746029356,97171,844,853,1135,
42.61403590632632,97171,843,854,1135,
42.61620465167734,97171,842,855,1135,
42.61792915828131,97170,843,855,1135,
42.61933836744146,97170,842,856,1135,
42.620610868853504,97169,843,856,1135,
42.621515896080986,97168,844,856,1135,
42.62156910918415,97168,844,855,1136,
42.622930604485376,97167,845,855,1136,
42.62573858099051,97167,844,856,1136,
42.62635934163591,97167,843,857,1136,
42.62780588516819,97166,844,857,1136,
42.63037008580943,97165,845,857,1136,
42.63067944626117,97165,845,856,1137,
42.63345865192852,97164,846,856,1137,
42.63429688208432,97164,846,855,1138,
42.64068759269121,97164,846,854,1139,
42.645243017859784,97164,845,855,1139,
42.64810243785305,97164,844,856,1139,
42.648967378767644,97163,845,856,1139,
42.65177395055759,97163,844,857,1139,
42.65789313389326,97162,845,857,1139,
42.657937192671874,97162,845,856,1140,
42.66080885787145,97161,846,856,1140,
42.6629202993528,97161,846,855,1141,
42.66455178610433,97161,845,856,1141,
42.66544054131411,97161,844,857,1141,
42.66680705679476,97161,843,858,1141,
42.66891510008342,97160,844,858,1141,
42.670900850667685,97160,844,857,1142,
42.67426344482142,97159,845,857,1142,
42.67575153853394,97159,845,856,1143,
42.68248604407937,97159,845,855,1144,
42.68389389667468,97159,845,854,1145,
42.68563634877263,97158,846,854,1145,
42.68795028055279,97158,846,853,1146,
42.6881852716962,97157,847,853,1146,
42.688943353429245,97156,848,853,1146,
42.689133662351615,97156,847,854,1146,
42.69264079534678,97155,848,854,1146,
42.696155172170144,97155,847,855,1146,
42.70726802384719,97155,847,854,1147,
42.708782276268714,97154,848,854,1147,
42.709197907151385,97154,847,855,1147,
42.711529323470145,97154,846,856,1147,
42.71413165531531,97153,847,856,1147,
42.7145933049136,97153,846,857,1147,
42.718127540893526,97152,847,857,1147,
42.71900290652161,97152,847,856,1148,
42.719114647319024,97151,848,856,1148,
42.719209704963696,97151,847,857,1148,
42.71926892143353,97151,846,858,1148,
42.720507298819335,97150,847,858,1148,
42.72178812283913,97149,848,858,1148,
42.722121063150716,97148,849,858,1148,
42.726473024377746,97147,850,858,1148,
42.73381574372964,97146,851,858,1148,
42.73456171319321,97146,851,857,1149,
42.734946903484854,97146,850,858,1149,
42.73546885791064,97146,849,859,1149,
42.73717791763143,97145,850,859,1149,
42.740593428429904,97145,850,858,1150,
42.74178105458775,97144,851,858,1150,
42.743418763687885,97144,850,859,1150,
42.744908791978155,97144,849,860,1150,
42.745104449826265,97144,848,861,1150,
42.75113421789518,97143,849,861,1150,
42.75488355662017,97142,850,861,1150,
42.755969445815516,97141,851,861,1150,
42.75956717129357,97140,852,861,1150,
42.760540540795056,97140,852,860,1151,
42.761570839401465,97139,853,860,1151,
42.763128990272584,97139,853,859,1152,
42.77420642917805,97139,852,860,1152,
42.77436215274049,97139,851,861,1152,
42.77498305352429,97139,851,860,1153,
42.77556829980972,97139,850,861,1153,
42.77568641342696,97139,850,860,1154,
42.782907596266476,97138,851,860,1154,
42.78381213844888,97138,850,861,1154,
42.785623289532516,97137,851,861,1154,
42.786613494566616,97136,852,861,1154,
42.78776464480245,97136,851,862,1154,
42.788713492264556,97136,850,863,1154,
42.79054444834966,97135,851,863,1154,
42.791689009093346,97135,850,864,1154,
42.79235898147443,97135,849,865,1154,
42.795913992187835,97135,848,866,1154,
42.797396248629845,97134,849,866,1154,
42.79821489432576,97134,849,865,1155,
42.79860250673019,97133,850,865,1155,
42.800812211150635,97132,851,865,1155,
42.80088317569959,97131,852,865,1155,
42.80250170745112,97130,853,865,1155,
42.802710904988025,97129,854,865,1155,
42.80710955036957,97128,855,865,1155,
42.809808625087165,97127,856,865,1155,
42.81041552939613,97127,855,866,1155,
42.817522361997156,97127,855,865,1156,
42.817819009881894,97126,856,865,1156,
42.81835105343182,97126,855,866,1156,
42.818442105611474,97126,855,865,1157,
42.81875516517582,97126,855,864,1158,
42.82018336112417,97125,856,864,1158,
42.820788159800884,97124,857,864,1158,
42.82805195348858,97124,856,865,1158,
42.830912977789836,97124,856,864,1159,
42.83304556218089,97124,856,863,1160,
42.834024738871875,97123,857,863,1160,
42.83818175198495,97122,858,863,1160,
42.8390919630979,97122,857,864,1160,
42.84294982054337,97122,856,865,1160,
42.84660808532823,97121,857,865,1160,
42.85004169713017,97121,857,864,1161,
42.850290271496526,97121,856,865,1161,
42.85147856721552,97120,857,865,1161,
42.85394800230448,97119,858,865,1161,
42.85958313841074,97118,859,865,1161,
42.86361599279387,97118,858,866,1161,
42.86591785692595,97118,857,867,1161,
42.86993187183356,97117,858,867,1161,
42.87080089563848,97117,857,868,1161,
42.871862691771234,97116,858,868,1161,
42.87339324301594,97116,858,867,1162,
42.87622257403648,97115,859,867,1162,
42.87664064936379,97115,859,866,1163,
42.87809541443103,97115,858,867,1163,
42.88092060269983,97115,857,868,1163,
42.881991513647144,97115,857,867,1164,
42.88199499383435,97114,858,867,1164,
42.88397331829438,97113,859,867,1164,
42.88434982027005,97112,860,867,1164,
42.886136626787675,97112,859,868,1164,
42.886919695791555,97112,859,867,1165,
42.888475155677085,97111,860,867,1165,
42.88887717509885,97110,861,867,1165,
42.88949219785284,97110,860,868,1165,
42.89285237201884,97109,861,868,1165,
42.89461813892391,97108,862,868,1165,
42.8972369582296,97108,861,869,1165,
42.89784206215975,97108,860,870,1165,
42.90175793691216,97108,860,869,1166,
42.90886496045613,97107,861,869,1166,
42.90944056490636,97107,860,870,1166,
42.91150859281801,97107,859,871,1166,
42.91151538804935,97107,858,872,1166,
42.91245002004801,97106,859,872,1166,
42.914381513027436,97106,858,873,1166,
42.914618943242175,97105,859,873,1166,
42.914648699583836,97104,860,873,1166,
42.91754485803143,97104,860,872,1167,
42.919599556146245,97104,860,871,1168,
42.91984442995625,97103,861,871,1168,
42.92241032744272,97102,862,871,1168,
42.92402679224231,97102,861,872,1168,
42.924104232028874,97101,862,872,1168,
42.924200749559816,97100,863,872,1168,
42.92530442219674,97099,864,872,1168,
42.927114589215876,97099,863,873,1168,
42.928356253455135,97099,863,872,1169,
42.930673804682414,97099,863,871,1170,
42.93095851242615,97098,864,871,1170,
42.93106029652007,97098,864,870,1171,
42.932808564719124,97098,863,871,1171,
42.93318691199488,97097,864,871,1171,
42.936336199373564,97097,864,870,1172,
42.93740177466285,97096,865,870,1172,
42.938200336729125,97095,866,870,1172,
42.944806398558235,97094,867,870,1172,
42.94535324962225,97093,868,870,1172,
42.946845269578766,97092,869,870,1172,
42.94701473361135,97092,868,871,1172,
42.94713158757369,97092,867,872,1172,
42.94962555818823,97092,866,873,1172,
42.95004319844535,97092,865,874,1172,
42.951323608155505,97092,864,875,1172,
42.95145542954745,97092,863,876,1172,
42.95258777590735,97092,862,877,1172,
42.95319702488688,97091,863,877,1172,
42.95440170029269,97091,863,876,1173,
42.9572166686811,97091,862,877,1173,
42.95888161814403,97090,863,877,1173,
42.95997091171667,97090,862,878,1173,
42.96040547691771,97089,863,878,1173,
42.96054367042408,97089,862,879,1173,
42.96063246243082,97089,861,880,1173,
42.96398112675075,97088,862,880,1173,
42.96495457890622,97088,862,879,1174,
42.96514100684598,97087,863,879,1174,
42.965729370969854,97087,863,878,1175,
42.967265766927596,97087,862,879,1175,
42.96903020513397,97086,863,879,1175,
42.972623407186134,97086,862,880,1175,
42.97288419909502,97086,862,879,1176,
42.978045572699926,97086,862,878,1177,
42.978076194564736,97085,863,878,1177,
42.98001894113432,97085,862,879,1177,
42.98232831309319,97084,863,879,1177,
42.98453092975329,97084,862,880,1177,
42.986298420668504,97084,861,881,1177,
42.986654702962824,97083,862,881,1177,
42.987168584890895,97083,862,880,1178,
42.990020598041134,97082,863,880,1178,
42.99438865325577,97081,864,880,1178,
42.99610877322128,97081,864,879,1179,
42.998006458891844,97081,863,880,1179,
42.99951070008169,97081,862,881,1179,
43.00016836400186,97081,861,882,1179,
43.00173946691519,97080,862,882,1179,
43.00196818236256,97080,861,883,1179,
43.00299955026441,97079,862,883,1179,
43.00340898500029,97078,863,883,1179,
43.006717172123594,97078,862,884,1179,
43.007632864543396,97078,862,883,1180,
43.008573121421946,97077,863,883,1180,
43.010385570659956,97077,863,882,1181,
43.01249502838115,97076,864,882,1181,
43.0137821919746,97076,863,883,1181,
43.01549553518709,97076,863,882,1182,
43.017860990051915,97076,862,883,1182,
43.01864109441634,97075,863,883,1182,
43.0188734626551,97074,864,883,1182,
43.01954747868366,97073,865,883,1182,
43.02141707089056,97073,864,884,1182,
43.02209998708441,97072,865,884,1182,
43.025189423810104,97071,866,884,1182,
43.025425855387084,97071,865,885,1182,
43.025885749120505,97071,864,886,1182,
43.02916314781778,97071,864,885,1183,
43.031256118165935,97071,863,886,1183,
43.034385919240364,97071,863,885,1184,
43.034998132588434,97071,862,886,1184,
43.036989333380255,97071,861,887,1184,
43.039182542101344,97071,860,888,1184,
43.040607370740936,97071,859,889,1184,
43.041553234368884,97070,860,889,1184,
43.04221135640795,97069,861,889,1184,
43.04667785836247,97069,861,888,1185,
43.04686310112937,97068,862,888,1185,
43.0490864462662,97067,863,888,1185,
43.049263583221325,97067,863,887,1186,
43.052229716800774,97066,864,887,1186,
43.05344896966502,97066,863,888,1186,
43.05414602400812,97066,862,889,1186,
43.05476595944609,97066,862,888,1187,
43.0555403362517,97066,862,887,1188,
43.055607260182626,97066,861,888,1188,
43.05867675075881,97066,860,889,1188,
43.05910964239554,97065,861,889,1188,
43.060399863744934,97064,862,889,1188,
43.06776940198615,97063,863,889,1188,
43.0753858539922,97063,863,888,1189,
43.076524118078765,97063,862,889,1189,
43.07739865354017,97063,862,888,1190,
43.07920274854275,97062,863,888,1190,
43.07940572757103,97062,862,889,1190,
43.080627302118586,97062,861,890,1190,
43.081140580520575,97062,860,891,1190,
43.08323863948337,97061,861,891,1190,
43.08467940533511,97061,860,892,1190,
43.08535882423592,97061,859,893,1190,
43.085712921486,97061,858,894,1190,
43.08663369875054,97061,857,895,1190,
43.086944636861794,97061,857,894,1191,
43.0869696351556,97060,858,894,1191,
43.088622265610425,97059,859,894,1191,
43.08862482384065,97059,859,893,1192,
43.09005487124237,97058,860,893,1192,
43.09276210799971,97057,861,893,1192,
43.09361815317093,97057,860,894,1192,
43.09667433679352,97056,861,894,1192,
43.09702745290213,97056,861,893,1193,
43.100299667096245,97055,862,893,1193,
43.10076021552722,97054,863,893,1193,
43.1016138557225,97054,862,894,1193,
43.10220156009743,97054,862,893,1194,
43.10302009333739,97053,863,893,1194,
43.11170153485333,97052,864,893,1194,
43.11265709824036,97052,863,894,1194,
43.11709985543119,97051,864,894,1194,
43.120211704342466,97050,865,894,1194,
43.120676967465,97050,864,895,1194,
43.120877987600565,97050,864,894,1195,
43.12126847945207,97049,865,894,1195,
43.123638836584,97048,866,894,1195,
43.12371226703211,97048,865,895,1195,
43.12456076305738,97047,866,895,1195,
43.125915737148496,97046,867,895,1195,
43.12846846981859,97045,868,895,1195,
43.13003924843326,97044,869,895,1195,
43.13378134437139,97044,869,894,1196,
43.13517509448062,97044,869,893,1197,
43.13774468059856,97043,870,893,1197,
43.137855228928956,97043,869,894,1197,
43.13793751226236,97043,869,893,1198,
43.13796771443485,97042,870,893,1198,
43.13873195508573,97042,869,894,1198,
43.139798600463855,97041,870,894,1198,
43.14046748602553,97040,871,894,1198,
43.15194555347839,97039,872,894,1198,
43.15418710950076,97038,873,894,1198,
43.15420716615187,97038,872,895,1198,
43.15567617433932,97038,871,896,1198,
43.15600623318135,97038,870,897,1198,
43.15756607650601,97037,871,897,1198,
43.15852112361911,97036,872,897,1198,
43.16031143818761,97036,871,898,1198,
43.16266440631943,97035,872,898,1198,
43.16276992894018,97035,871,899,1198,
43.16366422927329,97034,872,899,1198,
43.16980634061807,97033,873,899,1198,
43.17034534287989,97033,872,900,1198,
43.170465216333845,97032,873,900,1198,
43.17227666961499,97032,872,901,1198,
43.17239745543366,97032,871,902,1198,
43.17632624889623,97032,870,903,1198,
43.17748848018501,97032,869,904,1198,
43.17897250470788,97031,870,904,1198,
43.1789862707388,97030,871,904,1198,
43.180190586307425,97030,870,905,1198,
43.18171771415509,97030,870,904,1199,
43.1830635799961,97029,871,904,1199,
43.18318730986163,97029,870,905,1199,
43.18346033268872,97028,871,905,1199,
43.18374842651912,97027,872,905,1199,
43.18685492345875,97027,871,906,1199,
43.18689926264969,97026,872,906,1199,
43.186961150185965,97026,871,907,1199,
43.18845640656407,97025,872,907,1199,
43.18942786880157,97024,873,907,1199,
43.19160350729972,97024,873,906,1200,
43.19228379227421,97023,874,906,1200,
43.19232094119027,97023,873,907,1200,
43.19289736415978,97023,872,908,1200,
43.19371890663542,97022,873,908,1200,
43.19474225660238,97022,872,909,1200,
43.19507441728674,97022,872,908,1201,
43.195702717750294,97021,873,908,1201,
43.197326808807816,97021,872,909,1201,
43.198152276677185,97020,873,909,1201,
43.198223470990804,97020,873,908,1202,
43.199501840939334,97019,874,908,1202,
43.199626084218146,97019,873,909,1202,
43.20060747240015,97019,872,910,1202,
43.20251284351075,97018,873,910,1202,
43.20559889281217,97018,872,911,1202,
43.20884495294122,97018,871,912,1202,
43.21115157549109,97018,870,913,1202,
43.21258877694783,97017,871,913,1202,
43.2133854879374,97016,872,913,1202,
43.21575430037357,97015,873,913,1202,
43.2182178197874,97015,873,912,1203,
43.21846221300248,97015,872,913,1203,
43.21993045346465,97014,873,913,1203,
43.22069978248385,97013,874,913,1203,
43.22335719164227,97012,875,913,1203,
43.2242806798875,97011,876,913,1203,
43.2249007343436,97011,875,914,1203,
43.234423873423836,97011,874,915,1203,
43.23650856339058,97011,873,916,1203,
43.23786640969155,97011,872,917,1203,
43.24158890722586,97011,871,918,1203,
43.24205334681924,97011,871,917,1204,
43.245315510197386,97011,871,916,1205,
43.24693691148237,97011,871,915,1206,
43.248239836744844,97010,872,915,1206,
43.250133120289284,97009,873,915,1206,
43.25192040461892,97009,872,916,1206,
43.25283957613828,97009,872,915,1207,
43.264712411510835,97009,872,914,1208,
43.266268165445275,97009,872,913,1209,
43.26813454069626,97009,872,912,1210,
43.268549787168915,97008,873,912,1210,
43.26935744180811,97007,874,912,1210,
43.270055950953854,97006,875,912,1210,
43.27104906063663,97006,874,913,1210,
43.27158124329845,97006,873,914,1210,
43.27246846219093,97005,874,914,1210,
43.27275055613245,97004,875,914,1210,
43.273042070481935,97003,876,914,1210,
43.27698654563358,97002,877,914,1210,
43.277022793502,97002,876,915,1210,
43.279171608572085,97002,876,914,1211,
43.279359865359176,97002,875,915,1211,
43.280973553873814,97002,874,916,1211,
43.28174200381619,97001,875,916,1211,
43.288060212698284,97000,876,916,1211,
43.295448694404286,97000,875,917,1211,
43.29782505963952,96999,876,917,1211,
43.29939334217657,96998,877,917,1211,
43.299870281406115,96998,876,918,1211,
43.2999813689721,96998,876,917,1212,
43.300854333002725,96998,876,916,1213,
43.30118879386296,96998,875,917,1213,
43.30120615807181,96997,876,917,1213,
43.30181173010179,96996,877,917,1213,
43.30244476542588,96996,876,918,1213,
43.3052216256128,96995,877,918,1213,
43.306015138827796,96995,876,919,1213,
43.30903043951622,96995,875,920,1213,
43.309772354417795,96995,875,919,1214,
43.312038182792456,96994,876,919,1214,
43.312270566532526,96993,877,919,1214,
43.31360397896867,96993,877,918,1215,
43.314222124370254,96993,876,919,1215,
43.31425264800884,96993,876,918,1216,
43.31457732505164,96993,875,919,1216,
43.316557077633945,96993,874,920,1216,
43.31873303962786,96993,874,919,1217,
43.31956407350782,96992,875,919,1217,
43.320235186038765,96992,874,920,1217,
43.32096041102494,96992,873,921,1217,
43.321463359322614,96992,872,922,1217,
43.32622112992262,96992,872,921,1218,
43.326274856781176,96991,873,921,1218,
43.32647579119909,96990,874,921,1218,
43.32979010783135,96990,873,922,1218,
43.33250243535035,96990,872,923,1218,
43.33254455451562,96989,873,923,1218,
43.33372580846013,96989,872,924,1218,
43.336606243745834,96988,873,924,1218,
43.33693879560437,96988,873,923,1219,
43.33984954302736,96987,874,923,1219,
43.3405881346876,96986,875,923,1219,
43.341244146532944,96985,876,923,1219,
43.342547223823786,96985,876,922,1220,
43.34280543123333,96985,876,921,1221,
43.34567230658332,96985,876,920,1222,
43.34771640210707,96985,875,921,1222,
43.34780598859663,96984,876,921,1222,
43.34974197164526,96983,877,921,1222,
43.35120438462392,96983,877,920,1223,
43.35473866876628,96982,878,920,1223,
43.35574117074669,96981,879,920,1223,
43.35695464270247,96980,880,920,1223,
43.3588617096763,96980,880,919,1224,
43.360134441138044,96980,879,920,1224,
43.36238717813844,96980,878,921,1224,
43.363495152572845,96979,879,921,1224,
43.36545241396049,96978,880,921,1224,
43.36731681129658,96977,881,921,1224,
43.367387520775054,96976,882,921,1224,
43.36739799875398,96976,881,922,1224,
43.36802377280235,96975,882,922,1224,
43.370144392942684,96974,883,922,1224,
43.370549457386616,96974,883,921,1225,
43.37314753574809,96973,884,921,1225,
43.37398444169127,96973,884,920,1226,
43.374100069230316,96972,885,920,1226,
43.37697202246475,96971,886,920,1226,
43.378962015448366,96970,887,920,1226,
43.379404606223474,96969,888,920,1226,
43.38064060273733,96969,887,921,1226,
43.385012735692506,96969,886,922,1226,
43.38577529566599,96968,887,922,1226,
43.388240564931294,96967,888,922,1226,
43.38875170254202,96966,889,922,1226,
43.390361884898134,96965,890,922,1226,
43.39110581621641,96965,890,921,1227,
43.391631494428886,96965,889,922,1227,
43.39288003393509,96964,890,922,1227,
43.39449682815949,96964,890,921,1228,
43.39666924037375,96963,891,921,1228,
43.399826440332795,96963,890,922,1228,
43.4003814469375,96962,891,922,1228,
43.40590349375462,96961,892,922,1228,
43.40620341107347,96961,891,923,1228,
43.40781942824056,96961,891,922,1229,
43.41318437334348,96961,891,921,1230,
43.41528129695659,96960,892,921,1230,
43.41563708495995,96960,891,922,1230,
43.41598113479285,96959,892,922,1230,
43.4191706690551,96958,893,922,1230,
43.41926909129576,96957,894,922,1230,
43.42097202459961,96956,895,922,1230,
43.421441136135954,96955,896,922,1230,
43.42289241465719,96955,895,923,1230,
43.423311462020585,96954,896,923,1230,
43.426636202742124,96953,897,923,1230,
43.427945755422215,96952,898,923,1230,
43.42828919167643,96952,898,922,1231,
43.429392741450215,96952,897,923,1231,
43.43046414377752,96951,898,923,1231,
43.431292007947164,96951,897,924,1231,
43.43196131587385,96950,898,924,1231,
43.432744359993954,96949,899,924,1231,
43.43321407636802,96949,898,925,1231,
43.435853037082055,96948,899,925,1231,
43.43643345566534,96948,898,926,1231,
43.438922922678486,96948,897,927,1231,
43.44164525578465,96948,896,928,1231,
43.44187653263157,96947,897,928,1231,
43.4433775065717,96946,898,928,1231,
43.443957268909756,96946,897,929,1231,
43.448827511796544,96946,897,928,1232,
43.449057158761235,96945,898,928,1232,
43.45146746536817,96944,899,928,1232,
43.451726981755165,96944,898,929,1232,
43.45387605663586,96943,899,929,1232,
43.45503573371346,96943,898,930,1232,
43.4600344274764,96942,899,930,1232,
43.46005527000375,96941,900,930,1232,
43.46832508746206,96941,899,931,1232,
43.470778228567674,96941,898,932,1232,
43.4713190455923,96941,898,931,1233,
43.471453665294966,96940,899,931,1233,
43.47301609863959,96940,899,930,1234,
43.47462673658648,96939,900,930,1234,
43.47747503865849,96939,900,929,1235,
43.47762202658768,96938,901,929,1235,
43.48004122132755,96938,900,930,1235,
43.48429798147519,96937,901,930,1235,
43.48480145246748,96936,902,930,1235,
43.487503271154935,96936,901,931,1235,
43.48794678453594,96935,902,931,1235,
43.48798152976321,96935,901,932,1235,
43.48890918511956,96934,902,932,1235,
43.490662955968425,96934,901,933,1235,
43.49077848373466,96934,900,934,1235,
43.49390714500004,96934,899,935,1235,
43.49476383978553,96934,898,936,1235,
43.49686593073879,96934,898,935,1236,
43.49859280628843,96933,899,935,1236,
43.498857132443476,96933,898,936,1236,
43.50169677427233,96932,899,936,1236,
43.50700036267426,96932,899,935,1237,
43.50845990200867,96932,898,936,1237,
43.51169025266404,96932,897,937,1237,
43.51169025266404,96932,897,937,1237,
43.5125978572341,96932,897,936,1238,
43.512815290871366,96931,898,936,1238,
43.51306924223029,96931,898,935,1239,
43.5176746760896,96930,899,935,1239,
43.51827955743574,96929,900,935,1239,
43.52232703503004,96929,900,934,1240,
43.52243010413894,96929,900,933,1241,
43.52311725708333,96929,899,934,1241,
43.523777259614775,96928,900,934,1241,
43.52570798168465,96928,899,935,1241,
43.526568859726844,96927,900,935,1241,
43.528512010816854,96927,900,934,1242,
43.52877017189033,96926,901,934,1242,
43.52909367133668,96926,901,933,1243,
43.530306734410765,96925,902,933,1243,
43.532351148321176,96924,903,933,1243,
43.539638621492834,96923,904,933,1243,
43.54209336221251,96922,905,933,1243,
43.54412092199418,96922,905,932,1244,
43.54628190828683,96921,906,932,1244,
43.548525987203625,96921,905,933,1244,
43.5487124966052,96920,906,933,1244,
43.54955208682337,96919,907,933,1244,
43.550095209403466,96918,908,933,1244,
43.55116321250297,96917,909,933,1244,
43.55222591281247,96917,909,932,1245,
43.55742795648962,96916,910,932,1245,
43.56070212734589,96915,911,932,1245,
43.562410924617325,96915,910,933,1245,
43.56533681249572,96915,909,934,1245,
43.567804314663746,96914,910,934,1245,
43.56801181034174,96914,909,935,1245,
43.56928403229332,96913,910,935,1245,
43.57319307831516,96912,911,935,1245,
43.57373431802054,96912,910,936,1245,
43.57414514966023,96912,910,935,1246,
43.575971834400356,96911,911,935,1246,
43.57711392186742,96910,912,935,1246,
43.577542348377534,96909,913,935,1246,
43.57965142145567,96909,912,936,1246,
43.57991223263001,96908,913,936,1246,
43.58140610534204,96908,912,937,1246,
43.58175850575061,96907,913,937,1246,
43.58259085010858,96907,913,936,1247,
43.582875006951994,96907,912,937,1247,
43.58443942501052,96907,912,936,1248,
43.58624833531271,96907,911,937,1248,
43.58778864955743,96907,910,938,1248,
43.58895568843473,96907,909,939,1248,
43.591885253035386,96907,908,940,1248,
43.591901697366225,96906,909,940,1248,
43.59247604356097,96906,909,939,1249,
43.59267821912153,96906,908,940,1249,
43.59541123967094,96905,909,940,1249,
43.595620761322024,96905,908,941,1249,
43.59724858710699,96904,909,941,1249,
43.59971959004515,96904,909,940,1250,
43.60097959731999,96903,910,940,1250,
43.6013615891802,96902,911,940,1250,
43.60184663904502,96901,912,940,1250,
43.60297565556291,96901,911,941,1250,
43.603559050476335,96900,912,941,1250,
43.60617162165495,96899,913,941,1250,
43.60730952539343,96899,913,940,1251,
43.60843446113246,96899,913,939,1252,
43.609516550140604,96898,914,939,1252,
43.611399526438646,96898,913,940,1252,
43.61560157660187,96898,912,941,1252,
43.615787538450796,96897,913,941,1252,
43.618086636150736,96897,912,942,1252,
43.620858379753244,96896,913,942,1252,
43.62446074903538,96895,914,942,1252,
43.627736464131075,96894,915,942,1252,
43.63126755516256,96894,915,941,1253,
43.63193081478617,96894,915,940,1254,
43.63599298469004,96893,916,940,1254,
43.636269028062706,96892,917,940,1254,
43.63776321059684,96891,918,940,1254,
43.64047392316305,96891,918,939,1255,
43.64080797695104,96891,917,940,1255,
43.64295841335486,96891,916,941,1255,
43.64324612211881,96890,917,941,1255,
43.644351327043,96889,918,941,1255,
43.645040059678,96888,919,941,1255,
43.6452537327417,96887,920,941,1255,
43.64587344901407,96887,919,942,1255,
43.6497765297072,96887,918,943,1255,
43.650009293361016,96886,919,943,1255,
43.65126206692046,96886,918,944,1255,
43.65340447534167,96885,919,944,1255,
43.65529685044539,96885,919,943,1256,
43.65559109328395,96885,918,944,1256,
43.65583390851086,96885,918,943,1257,
43.657729106359035,96885,918,942,1258,
43.661264887788576,96885,917,943,1258,
43.66406193153419,96885,917,942,1259,
43.666542015208165,96884,918,942,1259,
43.66894893051313,96883,919,942,1259,
43.67200016276824,96882,920,942,1259,
43.67663348124252,96881,921,942,1259,
43.67874071506107,96881,920,943,1259,
43.678787431399925,96881,919,944,1259,
43.682833998259696,96881,918,945,1259,
43.68447289203833,96881,918,944,1260,
43.684739430142,96881,917,945,1260,
43.68705325964712,96881,917,944,1261,
43.687571693056476,96880,918,944,1261,
43.68795266411723,96879,919,944,1261,
43.68991419982304,96879,919,943,1262,
43.69070807788248,96879,918,944,1262,
43.6923901500461,96878,919,944,1262,
43.69322978012526,96877,920,944,1262,
43.69982226050331,96877,920,943,1263,
43.703711783701365,96877,919,944,1263,
43.706596006101904,96876,920,944,1263,
43.709428328402026,96876,919,945,1263,
43.710700002921406,96875,920,945,1263,
43.711205623458255,96874,921,945,1263,
43.71137452312392,96874,921,944,1264,
43.71198288927221,96874,921,943,1265,
43.71414228915142,96874,920,944,1265,
43.71515921306633,96873,921,944,1265,
43.71785943887431,96872,922,944,1265,
43.71847696311846,96872,922,943,1266,
43.71938390533103,96872,922,942,1267,
43.72153633653517,96871,923,942,1267,
43.72360147340768,96870,924,942,1267,
43.72499179860397,96870,923,943,1267,
43.725031087197735,96870,923,942,1268,
43.725479589715704,96869,924,942,1268,
43.72876122127658,96869,924,941,1269,
43.73259360814721,96869,923,942,1269,
43.73294492180719,96869,923,941,1270,
43.73444008897992,96869,923,940,1271,
43.741421726475835,96869,922,941,1271,
43.74145010890857,96869,921,942,1271,
43.744207912567376,96868,922,942,1271,
43.749588167845076,96868,922,941,1272,
43.74975936199803,96868,922,940,1273,
43.75144007016119,96868,921,941,1273,
43.75188673269177,96868,921,940,1274,
43.75248036799401,96868,920,941,1274,
43.75343146257238,96867,921,941,1274,
43.75370000171712,96866,922,941,1274,
43.755723126811766,96866,922,940,1275,
43.75585363305337,96865,923,940,1275,
43.75651783380873,96865,922,941,1275,
43.7567611543781,96865,922,940,1276,
43.75935147383982,96865,922,939,1277,
43.76512430057787,96865,921,940,1277,
43.765199484281574,96865,921,939,1278,
43.76678458115379,96864,922,939,1278,
43.76816748393254,96863,923,939,1278,
43.76844573882697,96862,924,939,1278,
43.76890625097029,96862,924,938,1279,
43.77049642324287,96861,925,938,1279,
43.77297455673308,96860,926,938,1279,
43.774192464260054,96860,925,939,1279,
43.777267248326126,96859,926,939,1279,
43.77727468586167,96859,926,938,1280,
43.77994969291321,96858,927,938,1280,
43.78031978463083,96858,926,939,1280,
43.78366427470194,96858,925,940,1280,
43.78720777882462,96857,926,940,1280,
43.7878839476422,96856,927,940,1280,
43.788400591958634,96856,926,941,1280,
43.788402539421924,96856,925,942,1280,
43.78877753645798,96855,926,942,1280,
43.79554594327547,96855,925,943,1280,
43.79795351086849,96855,924,944,1280,
43.79829334744473,96854,925,944,1280,
43.79921903527298,96853,926,944,1280,
43.80189079958364,96852,927,944,1280,
43.8020293802676,96851,928,944,1280,
43.802849248593525,96851,928,943,1281,
43.80292266856837,96851,928,942,1282,
43.809297596253955,96851,927,943,1282,
43.809540487782776,96850,928,943,1282,
43.81127882028859,96850,927,944,1282,
43.81330957037065,96849,928,944,1282,
43.81358944963976,96848,929,944,1282,
43.81377829167251,96848,928,945,1282,
43.8165854240856,96847,929,945,1282,
43.818273757114305,96846,930,945,1282,
43.8187018479326,96846,929,946,1282,
43.819297513119395,96846,928,947,1282,
43.82007590191459,96845,929,947,1282,
43.82284589426208,96845,929,946,1283,
43.822873009040144,96844,930,946,1283,
43.82378386438659,96844,929,947,1283,
43.82534944160444,96844,929,946,1284,
43.8276545727906,96844,929,945,1285,
43.82895359258016,96843,930,945,1285,
43.830049529026574,96842,931,945,1285,
43.830293109112944,96841,932,945,1285,
43.830478616191286,96841,932,944,1286,
43.832547812661666,96840,933,944,1286,
43.83279229656556,96840,932,945,1286,
43.83292047661549,96839,933,945,1286,
43.833898080506906,96839,932,946,1286,
43.836520490401696,96839,931,947,1286,
43.83654185010907,96838,932,947,1286,
43.84266560877276,96838,931,948,1286,
43.84603747687442,96837,932,948,1286,
43.85337587683945,96836,933,948,1286,
43.85369349572537,96835,934,948,1286,
43.853953477758274,96835,933,949,1286,
43.85479157985051,96835,933,948,1287,
43.8560681894253,96835,932,949,1287,
43.86305078794918,96834,933,949,1287,
43.863337319675495,96834,932,950,1287,
43.872387578565075,96833,933,950,1287,
43.872400203785666,96832,934,950,1287,
43.87429805316057,96832,933,951,1287,
43.87530905171418,96832,932,952,1287,
43.876110112511256,96831,933,952,1287,
43.877403545175575,96831,932,953,1287,
43.88667837415926,96831,931,954,1287,
43.88903150280457,96831,931,953,1288,
43.89040813527191,96831,930,954,1288,
43.890646982524885,96831,929,955,1288,
43.89238939123726,96830,930,955,1288,
43.89333172370017,96830,929,956,1288,
43.89443335352806,96829,930,956,1288,
43.898994593357415,96829,929,957,1288,
43.900077896161804,96828,930,957,1288,
43.900551225454876,96827,931,957,1288,
43.90192126752706,96826,932,957,1288,
43.904079353033794,96825,933,957,1288,
43.904272475576285,96825,933,956,1289,
43.90434757631748,96825,933,955,1290,
43.90965981216604,96825,932,956,1290,
43.91109240060847,96825,931,957,1290,
43.91183571006319,96825,930,958,1290,
43.912518189815586,96824,931,958,1290,
43.91680630840282,96823,932,958,1290,
43.91792848195636,96823,931,959,1290,
43.92593166403624,96823,931,958,1291,
43.92625242907707,96822,932,958,1291,
43.92641737681515,96822,932,957,1292,
43.92706778543169,96822,931,958,1292,
43.93038221962494,96821,932,958,1292,
43.93102009031465,96820,933,958,1292,
43.93428460509525,96820,933,957,1293,
43.934922132101676,96820,932,958,1293,
43.935153832456606,96819,933,958,1293,
43.93528238746356,96818,934,958,1293,
43.939748583085226,96818,933,959,1293,
43.94087523331676,96818,932,960,1293,
43.94246791245229,96818,931,961,1293,
43.94342599285205,96818,931,960,1294,
43.946302829324786,96817,932,960,1294,
43.94727226897916,96816,933,960,1294,
43.948375795250705,96815,934,960,1294,
43.95047257378735,96815,933,961,1294,
43.95348086653638,96814,934,961,1294,
43.95908452186253,96813,935,961,1294,
43.96070207913016,96813,934,962,1294,
43.962119854644904,96812,935,962,1294,
43.96253046714063,96812,934,963,1294,
43.96414781051737,96811,935,963,1294,
43.96929911877553,96811,934,964,1294,
43.96981968442061,96810,935,964,1294,
43.97432295970491,96810,935,963,1295,
43.97463920976381,96809,936,963,1295,
43.97521999915084,96808,937,963,1295,
43.975580224569164,96808,936,964,1295,
43.97731606907655,96808,935,965,1295,
43.97908144765361,96807,936,965,1295,
43.97920375744005,96806,937,965,1295,
43.98101236732214,96805,938,965,1295,
43.98283306963946,96805,937,966,1295,
43.9832366974059,96804,938,966,1295,
43.98339132667546,96804,937,967,1295,
43.986768184678354,96804,936,968,1295,
43.98818371363028,96804,935,969,1295,
43.99105280661065,96804,934,970,1295,
43.99179794884258,96803,935,970,1295,
43.99266465007671,96803,934,971,1295,
43.99293479848375,96803,933,972,1295,
43.99582358692253,96802,934,972,1295,
43.99804402068475,96802,934,971,1296,
43.99965573406827,96801,935,971,1296,
44.003352638091556,96800,936,971,1296,
44.00522042518515,96800,935,972,1296,
44.0066686681731,96799,936,972,1296,
44.0104994747246,96798,937,972,1296,
44.01526698294896,96797,938,972,1296,
44.01545470770569,96797,937,973,1296,
44.016068366725754,96797,936,974,1296,
44.01849360807672,96797,935,975,1296,
44.018536244073694,96797,934,976,1296,
44.023537164157084,96797,933,977,1296,
44.023687343939045,96796,934,977,1296,
44.02556913969252,96796,933,978,1296,
44.02690760444564,96795,934,978,1296,
44.031290700626705,96794,935,978,1296,
44.03234646722705,96794,934,979,1296,
44.033808857564054,96794,933,980,1296,
44.034450499494234,96794,932,981,1296,
44.034631986988195,96793,933,981,1296,
44.03465459606014,96792,934,981,1296,
44.035240535728065,96791,935,981,1296,
44.03571483767875,96791,934,982,1296,
44.0358421469801,96790,935,982,1296,
44.03653418195314,96790,935,981,1297,
44.03689431165011,96790,934,982,1297,
44.04246000624223,96789,935,982,1297,
44.04673064765737,96788,936,982,1297,
44.048194887273766,96787,937,982,1297,
44.04883606453419,96786,938,982,1297,
44.049211969891616,96786,937,983,1297,
44.049246117903,96785,938,983,1297,
44.04976507715779,96784,939,983,1297,
44.04986003578164,96784,938,984,1297,
44.05532455420303,96783,939,984,1297,
44.05549413711017,96783,939,983,1298,
44.05649455193889,96783,939,982,1299,
44.05817447901238,96782,940,982,1299,
44.059023446102906,96781,941,982,1299,
44.06365228365994,96780,942,982,1299,
44.06374104791347,96780,942,981,1300,
44.06459582183962,96779,943,981,1300,
44.067029655658594,96779,942,982,1300,
44.06713750441753,96779,941,983,1300,
44.06903239105952,96778,942,983,1300,
44.07115831999619,96778,941,984,1300,
44.073001816728,96777,942,984,1300,
44.07389313245045,96776,943,984,1300,
44.07460249397717,96775,944,984,1300,
44.07780802100028,96775,944,983,1301,
44.078093035133804,96774,945,983,1301,
44.07842549489171,96774,944,984,1301,
44.0786560376357,96774,944,983,1302,
44.080272564089036,96773,945,983,1302,
44.0814586789533,96773,944,984,1302,
44.08218652803204,96772,945,984,1302,
44.08255586996487,96772,944,985,1302,
44.083101449843056,96771,945,985,1302,
44.08349602439594,96770,946,985,1302,
44.08368646448558,96769,947,985,1302,
44.0839173520901,96769,947,984,1303,
44.08471575994899,96768,948,984,1303,
44.088837931679485,96768,947,985,1303,
44.09007384122659,96767,948,985,1303,
44.090749890719,96766,949,985,1303,
44.09139232049039,96765,950,985,1303,
44.093825711110036,96764,951,985,1303,
44.09473216095122,96764,950,986,1303,
44.09676826480789,96763,951,986,1303,
44.096784232308394,96763,950,987,1303,
44.10194071354842,96762,951,987,1303,
44.10287572636212,96761,952,987,1303,
44.10359781157584,96760,953,987,1303,
44.104249839403934,96760,953,986,1304,
44.10499130809742,96759,954,986,1304,
44.1066918092136,96758,955,986,1304,
44.10741775814431,96757,956,986,1304,
44.10799022867963,96757,955,987,1304,
44.10816826085477,96756,956,987,1304,
44.10843733977192,96755,957,987,1304,
44.10846438250322,96755,957,986,1305,
44.11044203580523,96754,958,986,1305,
44.11221105130536,96754,957,987,1305,
44.1125017327737,96754,956,988,1305,
44.11254909577946,96754,956,987,1306,
44.11345624373225,96754,955,988,1306,
44.11443052399644,96753,956,988,1306,
44.11804871912343,96753,955,989,1306,
44.119379642432634,96753,954,990,1306,
44.11959009070443,96752,955,990,1306,
44.119638887420976,96751,956,990,1306,
44.12173143402643,96751,955,991,1306,
44.12366719705657,96751,954,992,1306,
44.125721898381705,96750,955,992,1306,
44.12585227534093,96749,956,992,1306,
44.126172304235666,96748,957,992,1306,
44.12970127840296,96748,956,993,1306,
44.13802008413118,96747,957,993,1306,
44.138359404849744,96746,958,993,1306,
44.140654572084046,96745,959,993,1306,
44.14175486363141,96745,959,992,1307,
44.14285579164808,96744,960,992,1307,
44.14314824615152,96744,960,991,1308,
44.143958895723756,96743,961,991,1308,
44.146312792703434,96742,962,991,1308,
44.14702417272719,96742,961,992,1308,
44.14744685351655,96742,961,991,1309,
44.1481693166762,96741,962,991,1309,
44.15213539272781,96741,962,990,1310,
44.15281416051865,96740,963,990,1310,
44.15286963712841,96740,963,989,1311,
44.15505904694166,96739,964,989,1311,
44.15546838643517,96738,965,989,1311,
44.1559967016655,96738,965,988,1312,
44.15687480122096,96738,964,989,1312,
44.15807610194779,96737,965,989,1312,
44.160591193391475,96737,965,988,1313,
44.160622014625964,96736,966,988,1313,
44.16103813863178,96735,967,988,1313,
44.16145476649492,96734,968,988,1313,
44.16188664173895,96734,967,989,1313,
44.16201121704056,96733,968,989,1313,
44.16405838745777,96732,969,989,1313,
44.16511762039177,96731,970,989,1313,
44.17126951088003,96731,969,990,1313,
44.175262808250714,96731,969,989,1314,
44.17611352612077,96731,968,990,1314,
44.17707861953597,96731,967,991,1314,
44.179039649300435,96730,968,991,1314,
44.179269784256476,96729,969,991,1314,
44.18001809590755,96729,968,992,1314,
44.181716248741985,96729,968,991,1315,
44.18196740685456,96728,969,991,1315,
44.18204381925568,96728,968,992,1315,
44.18234076741199,96728,968,991,1316,
44.18293213485477,96727,969,991,1316,
44.19019800137727,96726,970,991,1316,
44.190199701711016,96726,969,992,1316,
44.19139850792105,96725,970,992,1316,
44.19350853420472,96724,971,992,1316,
44.19475611518838,96724,970,993,1316,
44.196082235893854,96723,971,993,1316,
44.19742997141649,96722,972,993,1316,
44.20194416412145,96722,971,994,1316,
44.202547929108725,96721,972,994,1316,
44.20257022548326,96721,972,993,1317,
44.20469635252147,96721,972,992,1318,
44.206886831406116,96721,971,993,1318,
44.20824360579511,96720,972,993,1318,
44.20866249398889,96719,973,993,1318,
44.21012245542236,96718,974,993,1318,
44.21051571976259,96718,974,992,1319,
44.2157090378583,96717,975,992,1319,
44.215943685149924,96717,975,991,1320,
44.21643621516881,96716,976,991,1320,
44.2187454642457,96716,976,990,1321,
44.219228465342425,96716,975,991,1321,
44.2212608501719,96715,976,991,1321,
44.22183957666253,96715,975,992,1321,
44.227475892678335,96714,976,992,1321,
44.228795829603996,96714,975,993,1321,
44.23192700409987,96713,976,993,1321,
44.232252922724314,96712,977,993,1321,
44.2322919581652,96712,976,994,1321,
44.23249722909905,96712,976,993,1322,
44.23319474710671,96712,976,992,1323,
44.23849026025807,96711,977,992,1323,
44.23866185497841,96711,976,993,1323,
44.23986679504601,96711,976,992,1324,
44.241483945491446,96710,977,992,1324,
44.24362903900793,96710,977,991,1325,
44.24780886898457,96709,978,991,1325,
44.24785548589447,96708,979,991,1325,
44.24786330026216,96708,978,992,1325,
44.25190198415187,96707,979,992,1325,
44.25695982862324,96707,978,993,1325,
44.257430191620934,96707,978,992,1326,
44.26085911185224,96706,979,992,1326,
44.26143232023807,96706,979,991,1327,
44.26695955821504,96705,980,991,1327,
44.26740262485277,96705,979,992,1327,
44.27095106662043,96705,978,993,1327,
44.27223034036669,96705,977,994,1327,
44.27250778778106,96704,978,994,1327,
44.272714546128334,96704,978,993,1328,
44.27574546705187,96704,978,992,1329,
44.27654682692115,96703,979,992,1329,
44.27717847549964,96703,978,993,1329,
44.27743159739474,96703,977,994,1329,
44.280057563343554,96702,978,994,1329,
44.2802479532483,96702,977,995,1329,
44.28051731095572,96702,977,994,1330,
44.2810495940581,96701,978,994,1330,
44.281736967764836,96701,978,993,1331,
44.28281447691789,96701,977,994,1331,
44.284167171113694,96701,977,993,1332,
44.28473151750844,96701,976,994,1332,
44.289542792224545,96701,975,995,1332,
44.29129697753491,96700,976,995,1332,
44.29219386136894,96700,976,994,1333,
44.293670216568295,96700,975,995,1333,
44.29438576011415,96700,975,994,1334,
44.294508562222674,96700,974,995,1334,
44.29672752648979,96699,975,995,1334,
44.29766970964854,96699,974,996,1334,
44.29859794887446,96699,973,997,1334,
44.29900240985331,96698,974,997,1334,
44.29906508533883,96698,974,996,1335,
44.302757374296114,96697,975,996,1335,
44.30349612806355,96696,976,996,1335,
44.306627456421666,96696,975,997,1335,
44.307412633285246,96696,974,998,1335,
44.30838658903169,96695,975,998,1335,
44.308397664427545,96695,974,999,1335,
44.31312426255075,96694,975,999,1335,
44.31584580875295,96693,976,999,1335,
44.31814805137766,96693,976,998,1336,
44.31826350379251,96693,975,999,1336,
44.318584466147115,96692,976,999,1336,
44.32008385214312,96691,977,999,1336,
44.320879758960864,96690,978,999,1336,
44.32351028557807,96689,979,999,1336,
44.32711956054441,96688,980,999,1336,
44.32835029071219,96688,979,1000,1336,
44.333424827912594,96687,980,1000,1336,
44.33475509138231,96686,981,1000,1336,
44.33546563359779,96686,980,1001,1336,
44.336969214366185,96685,981,1001,1336,
44.34493705890881,96684,982,1001,1336,
44.345348909609854,96683,983,1001,1336,
44.348532798170496,96682,984,1001,1336,
44.35263157652561,96682,984,1000,1337,
44.3533824297451,96681,985,1000,1337,
44.35385702190482,96681,984,1001,1337,
44.35406801599365,96680,985,1001,1337,
44.354514218433636,96680,985,1000,1338,
44.35864817534566,96680,984,1001,1338,
44.35871996868064,96680,983,1002,1338,
44.361045180075045,96679,984,1002,1338,
44.36242988944223,96679,984,1001,1339,
44.36656469121097,96679,983,1002,1339,
44.36686485971312,96679,983,1001,1340,
44.368561004731944,96679,982,1002,1340,
44.37212775401358,96679,981,1003,1340,
44.37444410591159,96678,982,1003,1340,
44.376056851801806,96678,981,1004,1340,
44.38090615516517,96678,981,1003,1341,
44.381249138454834,96678,980,1004,1341,
44.38262482979988,96677,981,1004,1341,
44.38294011596498,96677,980,1005,1341,
44.384726219982085,96677,979,1006,1341,
44.38668189624551,96676,980,1006,1341,
44.387778479152566,96676,980,1005,1342,
44.39022151656323,96675,981,1005,1342,
44.39120470827261,96675,980,1006,1342,
44.39133344110364,96675,980,1005,1343,
44.39363117456414,96675,979,1006,1343,
44.401899650688776,96674,980,1006,1343,
44.40274389188886,96674,979,1007,1343,
44.40422355131975,96673,980,1007,1343,
44.404723885975656,96672,981,1007,1343,
44.40783691137913,96671,982,1007,1343,
44.40881517548934,96671,981,1008,1343,
44.409876129912206,96670,982,1008,1343,
44.41163800538683,96670,982,1007,1344,
44.4138678410737,96670,981,1008,1344,
44.415327595528474,96669,982,1008,1344,
44.41850877982408,96669,981,1009,1344,
44.420360876218346,96668,982,1009,1344,
44.42036334326135,96667,983,1009,1344,
44.421323256513645,96667,983,1008,1345,
44.423321311667316,96667,983,1007,1346,
44.42455797883789,96667,982,1008,1346,
44.42519377099182,96667,981,1009,1346,
44.4316082902006,96666,982,1009,1346,
44.43163444178157,96666,981,1010,1346,
44.43193464781765,96666,980,1011,1346,
44.43422662710029,96666,979,1012,1346,
44.43485631216286,96666,978,1013,1346,
44.43497836503193,96665,979,1013,1346,
44.437421351928194,96664,980,1013,1346,
44.43779217911763,96663,981,1013,1346,
44.438189956713884,96662,982,1013,1346,
44.43916694161609,96662,982,1012,1347,
44.44318248892428,96662,981,1013,1347,
44.44355901237546,96661,982,1013,1347,
44.44384964862418,96661,982,1012,1348,
44.44408268137418,96660,983,1012,1348,
44.445236204435034,96660,982,1013,1348,
44.447058795714945,96660,981,1014,1348,
44.44726194217549,96659,982,1014,1348,
44.44861353670681,96658,983,1014,1348,
44.452146267119105,96657,984,1014,1348,
44.452385966813566,96657,983,1015,1348,
44.45239726795983,96657,983,1014,1349,
44.45610810588209,96656,984,1014,1349,
44.45677715487468,96656,984,1013,1350,
44.457523074068945,96656,984,1012,1351,
44.45783993467425,96656,983,1013,1351,
44.45818355018568,96656,982,1014,1351,
44.45827748600162,96656,982,1013,1352,
44.458449098313665,96656,981,1014,1352,
44.458825917457034,96655,982,1014,1352,
44.458947081099296,96654,983,1014,1352,
44.45998995753138,96654,983,1013,1353,
44.4608288367917,96654,982,1014,1353,
44.464519521330914,96654,982,1013,1354,
44.474252765285286,96654,982,1012,1355,
44.475167156299754,96653,983,1012,1355,
44.47572874646237,96653,982,1013,1355,
44.47707829387394,96653,981,1014,1355,
44.478467311750684,96653,980,1015,1355,
44.48079660824188,96652,981,1015,1355,
44.48309068318212,96652,980,1016,1355,
44.488718236650705,96652,979,1017,1355,
44.4929607554176,96651,980,1017,1355,
44.49509573580508,96650,981,1017,1355,
44.495373020797324,96649,982,1017,1355,
44.496592185659985,96649,981,1018,1355,
44.49744864796195,96648,982,1018,1355,
44.49859429054528,96648,981,1019,1355,
44.49898034843081,96648,981,1018,1356,
44.499059790406925,96647,982,1018,1356,
44.50083034911768,96646,983,1018,1356,
44.50139006576847,96645,984,1018,1356,
44.50151018767537,96644,985,1018,1356,
44.504835323392264,96643,986,1018,1356,
44.50547968606534,96643,985,1019,1356,
44.50720281301736,96643,984,1020,1356,
44.50829982270578,96643,983,1021,1356,
44.50829982270578,96643,983,1021,1356,
44.5088814473875,96643,983,1020,1357,
44.5122847557913,96642,984,1020,1357,
44.513901428763546,96642,984,1019,1358,
44.5141721011516,96642,983,1020,1358,
44.51486251018461,96642,983,1019,1359,
44.51822495147777,96641,984,1019,1359,
44.51968089821275,96641,984,1018,1360,
44.52003844025793,96641,983,1019,1360,
44.52119728224294,96641,983,1018,1361,
44.52199223329959,96640,984,1018,1361,
44.52277671387193,96640,984,1017,1362,
44.523381105175446,96640,983,1018,1362,
44.52417270395532,96639,984,1018,1362,
44.52423584329859,96639,984,1017,1363,
44.525678185412524,96639,983,1018,1363,
44.52739078695333,96639,982,1019,1363,
44.52986934420512,96639,981,1020,1363,
44.53046533681457,96639,981,1019,1364,
44.544514916989996,96639,980,1020,1364,
44.54843569835187,96639,980,1019,1365,
44.54976901011666,96638,981,1019,1365,
44.55306369917789,96637,982,1019,1365,
44.55336115290266,96636,983,1019,1365,
44.553461241431165,96636,983,1018,1366,
44.55717708857675,96635,984,1018,1366,
44.55758283275601,96635,984,1017,1367,
44.56002170191155,96635,983,1018,1367,
44.560543556016576,96634,984,1018,1367,
44.561477304633954,96634,983,1019,1367,
44.56157054787539,96634,982,1020,1367,
44.56190337012663,96634,981,1021,1367,
44.56329600068071,96634,980,1022,1367,
44.564081793561115,96633,981,1022,1367,
44.56426636114877,96633,981,1021,1368,
44.580828956852514,96633,980,1022,1368,
44.58528927061326,96633,979,1023,1368,
44.586698330653135,96633,979,1022,1369,
44.58708599790685,96633,978,1023,1369,
44.58746768390658,96633,977,1024,1369,
44.5878701414445,96633,976,1025,1369,
44.589002119470265,96633,976,1024,1370,
44.59089494803422,96633,975,1025,1370,
44.59607796776176,96632,976,1025,1370,
44.60063618236372,96632,975,1026,1370,
44.60321319581593,96632,974,1027,1370,
44.60423174685628,96631,975,1027,1370,
44.60622174424672,96631,974,1028,1370,
44.60751390819149,96631,973,1029,1370,
44.6096734808876,96631,972,1030,1370,
44.60995506082002,96631,972,1029,1371,
44.610990102510506,96631,971,1030,1371,
44.618962120090075,96630,972,1030,1371,
44.619115595254065,96629,973,1030,1371,
44.620176663291424,96629,972,1031,1371,
44.62039964952203,96629,971,1032,1371,
44.62293184709203,96629,971,1031,1372,
44.630627845496,96628,972,1031,1372,
44.63210002594253,96628,971,1032,1372,
44.63501281969795,96628,970,1033,1372,
44.63524786442026,96628,970,1032,1373,
44.63697741162727,96628,969,1033,1373,
44.63775228854847,96628,969,1032,1374,
44.64127687120722,96628,968,1033,1374,
44.6414576483534,96628,967,1034,1374,
44.64220205142461,96628,967,1033,1375,
44.642398871672796,96628,966,1034,1375,
44.643044256796536,96627,967,1034,1375,
44.643461546846055,96627,967,1033,1376,
44.64377635822435,96626,968,1033,1376,
44.64593257804174,96625,969,1033,1376,
44.64629187328572,96624,970,1033,1376,
44.65165748493846,96624,969,1034,1376,
44.65210441283994,96624,968,1035,1376,
44.65460278867465,96623,969,1035,1376,
44.655795762467896,96622,970,1035,1376,
44.6612869625051,96622,970,1034,1377,
44.66234268646779,96622,970,1033,1378,
44.66327374607107,96622,969,1034,1378,
44.664028364171855,96622,968,1035,1378,
44.664768163831745,96622,968,1034,1379,
44.667344677388165,96622,967,1035,1379,
44.66834222454475,96622,966,1036,1379,
44.67597119942401,96622,965,1037,1379,
44.677363834366844,96622,965,1036,1380,
44.6776028184636,96622,964,1037,1380,
44.67764432465191,96622,963,1038,1380,
44.67818145654703,96621,964,1038,1380,
44.679080843563035,96621,963,1039,1380,
44.68015608514194,96620,964,1039,1380,
44.680232667224594,96620,964,1038,1381,
44.68365337723833,96619,965,1038,1381,
44.68512261288542,96619,965,1037,1382,
44.6856583002417,96619,965,1036,1383,
44.686122945384895,96619,965,1035,1384,
44.68939507345805,96619,965,1034,1385,
44.692575525306005,96619,964,1035,1385,
44.69319166292346,96619,964,1034,1386,
44.705146024563994,96619,963,1035,1386,
44.70862802405438,96619,963,1034,1387,
44.717039802073764,96618,964,1034,1387,
44.71753818424818,96618,963,1035,1387,
44.71898250468444,96617,964,1035,1387,
44.722591902578635,96617,964,1034,1388,
44.72387137945129,96616,965,1034,1388,
44.726466153733334,96615,966,1034,1388,
44.72911494873875,96614,967,1034,1388,
44.730480764569776,96614,966,1035,1388,
44.73604702647673,96614,966,1034,1389,
44.73654874922152,96614,965,1035,1389,
44.73821440029904,96614,964,1036,1389,
44.7383039076238,96614,963,1037,1389,
44.74153829687187,96614,963,1036,1390,
44.742544089184264,96614,962,1037,1390,
44.74522447032861,96613,963,1037,1390,
44.74631240310081,96613,962,1038,1390,
44.7477788405805,96613,961,1039,1390,
44.750809014059335,96613,960,1040,1390,
44.75745537806101,96613,959,1041,1390,
44.757758529993815,96613,959,1040,1391,
44.75796805943121,96612,960,1040,1391,
44.75908726233002,96612,959,1041,1391,
44.759644669454566,96612,959,1040,1392,
44.76628144897832,96611,960,1040,1392,
44.767601215853475,96610,961,1040,1392,
44.769553923746585,96609,962,1040,1392,
44.770798568327244,96609,961,1041,1392,
44.77236712577159,96608,962,1041,1392,
44.776741679134005,96608,962,1040,1393,
44.77701046333166,96607,963,1040,1393,
44.78009001601142,96607,962,1041,1393,
44.780586245551476,96607,961,1042,1393,
44.78346051499325,96607,961,1041,1394,
44.78904485299715,96607,960,1042,1394,
44.79185688071734,96607,960,1041,1395,
44.7932270617006,96607,959,1042,1395,
44.80026271772013,96606,960,1042,1395,
44.80286032533679,96606,959,1043,1395,
44.80438258823699,96606,959,1042,1396,
44.80528925808116,96606,959,1041,1397,
44.805967691832315,96605,960,1041,1397,
44.80764528264508,96605,959,1042,1397,
44.809918163613865,96605,959,1041,1398,
44.810577093608046,96605,958,1042,1398,
44.8108161834674,96605,958,1041,1399,
44.813292023739926,96605,957,1042,1399,
44.822512362060515,96605,956,1043,1399,
44.829588750091794,96605,955,1044,1399,
44.83073632081624,96605,954,1045,1399,
44.834067553054666,96605,954,1044,1400,
44.83412270205177,96604,955,1044,1400,
44.837424940119625,96604,954,1045,1400,
44.841253261910204,96604,954,1044,1401,
44.84183644739525,96603,955,1044,1401,
44.84503198018479,96603,954,1045,1401,
44.84574977066574,96603,954,1044,1402,
44.84578524216946,96603,954,1043,1403,
44.84638108968925,96603,953,1044,1403,
44.84761578363664,96602,954,1044,1403,
44.84795292813085,96601,955,1044,1403,
44.84896255098838,96601,954,1045,1403,
44.85012885176385,96601,954,1044,1404,
44.85158771434217,96601,954,1043,1405,
44.85164797327077,96601,954,1042,1406,
44.85706548876731,96600,955,1042,1406,
44.85741542410654,96600,955,1041,1407,
44.85834532660701,96600,954,1042,1407,
44.85945666658472,96599,955,1042,1407,
44.860578584383944,96599,954,1043,1407,
44.86069171341444,96598,955,1043,1407,
44.861942940724944,96598,955,1042,1408,
44.86381203437132,96597,956,1042,1408,
44.866136999368464,96596,957,1042,1408,
44.866266335648604,96595,958,1042,1408,
44.866326341299285,96595,958,1041,1409,
44.866556609380076,96595,958,1040,1410,
44.86733994464567,96595,958,1039,1411,
44.86762326891013,96594,959,1039,1411,
44.86800109225965,96594,959,1038,1412,
44.87340284081567,96594,958,1039,1412,
44.87479689064789,96594,957,1040,1412,
44.876259847320725,96594,956,1041,1412,
44.87792249401158,96594,956,1040,1413,
44.879496835098614,96593,957,1040,1413,
44.87983080143709,96593,956,1041,1413,
44.883183990818566,96593,956,1040,1414,
44.88465718887615,96593,956,1039,1415,
44.88759663989625,96593,955,1040,1415,
44.88830071039782,96593,954,1041,1415,
44.890929630360134,96593,954,1040,1416,
44.8925649829378,96593,953,1041,1416,
44.898549451379054,96593,953,1040,1417,
44.90039542134398,96593,953,1039,1418,
44.90043521930331,96592,954,1039,1418,
44.901995303301106,96591,955,1039,1418,
44.90263224423424,96590,956,1039,1418,
44.90314578748412,96589,957,1039,1418,
44.90453652620416,96589,957,1038,1419,
44.90510584774971,96589,956,1039,1419,
44.90556450372809,96589,956,1038,1420,
44.90574874871542,96589,955,1039,1420,
44.90796146140678,96589,954,1040,1420,
44.91239881648457,96589,954,1039,1421,
44.914951914637136,96589,954,1038,1422,
44.91496020140571,96589,953,1039,1422,
44.91572360290418,96589,952,1040,1422,
44.920198192281575,96588,953,1040,1422,
44.923670169172965,96588,953,1039,1423,
44.92380953475488,96588,952,1040,1423,
44.924042185796715,96588,951,1041,1423,
44.93488317248806,96588,950,1042,1423,
44.9371545310992,96588,949,1043,1423,
44.94022320432032,96588,948,1044,1423,
44.940460899078104,96588,947,1045,1423,
44.94134567281883,96587,948,1045,1423,
44.94433900137039,96587,947,1046,1423,
44.947881133130124,96586,948,1046,1423,
44.94996398419682,96585,949,1046,1423,
44.950103800219026,96585,948,1047,1423,
44.960943566968574,96584,949,1047,1423,
44.96343115722993,96584,949,1046,1424,
44.96347355557224,96584,949,1045,1425,
44.963637791941274,96584,949,1044,1426,
44.965359084158095,96584,949,1043,1427,
44.96618165602434,96584,948,1044,1427,
44.968284874438716,96584,947,1045,1427,
44.96874711860962,96584,946,1046,1427,
44.96979073137522,96584,945,1047,1427,
44.97036714156624,96584,944,1048,1427,
44.97449895652553,96584,943,1049,1427,
44.97672124696409,96583,944,1049,1427,
44.97883579695017,96582,945,1049,1427,
44.980977653600284,96581,946,1049,1427,
44.9816868013677,96581,945,1050,1427,
44.987435403005186,96580,946,1050,1427,
44.987681511911255,96579,947,1050,1427,
44.99232431949452,96578,948,1050,1427,
44.99561165180347,96578,947,1051,1427,
44.99630199779134,96578,947,1050,1428,
45.00339319340265,96578,946,1051,1428,
45.003670859416,96578,946,1050,1429,
45.00399702940905,96578,945,1051,1429,
45.004435202630894,96578,944,1052,1429,
45.004571072332816,96578,943,1053,1429,
45.0081847169439,96578,942,1054,1429,
45.00828588364257,96578,941,1055,1429,
45.00860988857901,96577,942,1055,1429,
45.014937543517526,96577,942,1054,1430,
45.01519519384906,96577,942,1053,1431,
45.01648085007657,96577,941,1054,1431,
45.018305632461676,96577,940,1055,1431,
45.02111304497717,96577,939,1056,1431,
45.02322336889782,96576,940,1056,1431,
45.02425987968158,96575,941,1056,1431,
45.02835773027091,96575,941,1055,1432,
45.02853022570134,96574,942,1055,1432,
45.03189626152659,96574,942,1054,1433,
45.03376957751695,96574,941,1055,1433,
45.03437763085599,96574,940,1056,1433,
45.03539975208476,96574,939,1057,1433,
45.03598700752314,96573,940,1057,1433,
45.036346049376036,96573,940,1056,1434,
45.0379125954167,96572,941,1056,1434,
45.038691702736315,96572,940,1057,1434,
45.040279658204064,96572,939,1058,1434,
45.04990783834313,96571,940,1058,1434,
45.05023563011386,96571,939,1059,1434,
45.05095089840124,96571,938,1060,1434,
45.05366719697022,96571,937,1061,1434,
45.05444151846554,96571,937,1060,1435,
45.05835495231214,96571,937,1059,1436,
45.06202067721925,96571,937,1058,1437,
45.06232319483406,96570,938,1058,1437,
45.0639649457761,96570,938,1057,1438,
45.066593325647595,96569,939,1057,1438,
45.07439906511399,96569,938,1058,1438,
45.07866560066121,96569,937,1059,1438,
45.081328646008366,96569,936,1060,1438,
45.081597849282595,96568,937,1060,1438,
45.086829837601144,96568,937,1059,1439,
45.09645546958962,96567,938,1059,1439,
45.09714664764368,96567,937,1060,1439,
45.09733361939001,96567,937,1059,1440,
45.09841165535071,96567,937,1058,1441,
45.09993132749387,96567,937,1057,1442,
45.100176415379494,96567,936,1058,1442,
45.103047186975814,96567,935,1059,1442,
45.10392810119987,96566,936,1059,1442,
45.10685585459275,96566,936,1058,1443,
45.10981259196106,96566,935,1059,1443,
45.11091488901392,96566,935,1058,1444,
45.112593821439475,96566,935,1057,1445,
45.1142811003731,96565,936,1057,1445,
45.11529713658337,96564,937,1057,1445,
45.1168421815315,96563,938,1057,1445,
45.11815858835166,96563,937,1058,1445,
45.11969432767864,96563,937,1057,1446,
45.120851855772614,96562,938,1057,1446,
45.124153163403975,96561,939,1057,1446,
45.12417997686579,96561,938,1058,1446,
45.12531337327197,96561,937,1059,1446,
45.127686086207035,96561,936,1060,1446,
45.138733945783116,96561,936,1059,1447,
45.14215217417421,96560,937,1059,1447,
45.14382074426479,96560,937,1058,1448,
45.14793482384652,96560,937,1057,1449,
45.149501675894406,96560,936,1058,1449,
45.149975112789825,96560,935,1059,1449,
45.15348587759362,96560,935,1058,1450,
45.153676687998676,96559,936,1058,1450,
45.161217687883386,96559,935,1059,1450,
45.16567368665921,96558,936,1059,1450,
45.16933224061566,96558,935,1060,1450,
45.17009156888899,96558,935,1059,1451,
45.17104434542068,96558,935,1058,1452,
45.17106535294479,96558,934,1059,1452,
45.17241020747569,96557,935,1059,1452,
45.17484183582127,96556,936,1059,1452,
45.17715686897489,96556,935,1060,1452,
45.17801383204875,96556,935,1059,1453,
45.1792475734148,96556,935,1058,1454,
45.18035557314841,96556,934,1059,1454,
45.181034094629695,96556,933,1060,1454,
45.1815602994033,96556,933,1059,1455,
45.18436884408424,96556,933,1058,1456,
45.187715310672814,96555,934,1058,1456,
45.19456586761961,96555,933,1059,1456,
45.199822100042844,96555,933,1058,1457,
45.20606112083923,96555,932,1059,1457,
45.20606812416429,96555,931,1060,1457,
45.208547984695095,96554,932,1060,1457,
45.20952929977479,96553,933,1060,1457,
45.213080590443305,96553,933,1059,1458,
45.21729738132381,96552,934,1059,1458,
45.21759739109454,96552,934,1058,1459,
45.22418353990542,96552,933,1059,1459,
45.22474192464359,96551,934,1059,1459,
45.224938034971316,96551,934,1058,1460,
45.22869285746453,96551,934,1057,1461,
45.230199827531244,96551,934,1056,1462,
45.23040337693155,96551,934,1055,1463,
45.23135447081928,96551,934,1054,1464,
45.231517539770316,96550,935,1054,1464,
45.231637686569535,96550,935,1053,1465,
45.23192820476647,96550,934,1054,1465,
45.232780065287336,96550,933,1055,1465,
45.23622522970819,96549,934,1055,1465,
45.241764149944096,96548,935,1055,1465,
45.24266428111846,96548,934,1056,1465,
45.24379094615868,96547,935,1056,1465,
45.24393106216386,96547,934,1057,1465,
45.24545024707422,96547,933,1058,1465,
45.246194018045095,96547,933,1057,1466,
45.24666095384786,96547,932,1058,1466,
45.24803954406344,96547,932,1057,1467,
45.24896626920247,96546,933,1057,1467,
45.249661293028325,96546,933,1056,1468,
45.25151727328898,96546,932,1057,1468,
45.254999498816595,96546,931,1058,1468,
45.256636859600974,96546,930,1059,1468,
45.25679135949124,96546,929,1060,1468,
45.25943522497951,96545,930,1060,1468,
45.26077235324097,96545,930,1059,1469,
45.26107062940528,96544,931,1059,1469,
45.26482626615922,96543,932,1059,1469,
45.26541634065413,96543,932,1058,1470,
45.2697164008858,96542,933,1058,1470,
45.27369392910206,96541,934,1058,1470,
45.27435207719928,96541,933,1059,1470,
45.27794440208608,96540,934,1059,1470,
45.27951386018935,96540,933,1060,1470,
45.28266717745528,96540,933,1059,1471,
45.290486780864214,96540,932,1060,1471,
45.29696542429565,96540,932,1059,1472,
45.298328486916326,96539,933,1059,1472,
45.30047295510568,96539,932,1060,1472,
45.30290273837205,96539,931,1061,1472,
45.304283918918436,96539,930,1062,1472,
45.30444343285331,96538,931,1062,1472,
45.30691242565482,96538,930,1063,1472,
45.31022115688188,96538,929,1064,1472,
45.311839822161815,96538,929,1063,1473,
45.31330050207428,96538,928,1064,1473,
45.31812616789495,96538,928,1063,1474,
45.31997571542758,96538,927,1064,1474,
45.323142474150444,96538,927,1063,1475,
45.32469083021231,96538,926,1064,1475,
45.32472077261158,96538,926,1063,1476,
45.325732326077784,96538,926,1062,1477,
45.326585547681354,96538,926,1061,1478,
45.33196529625682,96538,925,1062,1478,
45.33359265281618,96538,924,1063,1478,
45.33550060409137,96538,923,1064,1478,
45.33871367856348,96538,923,1063,1479,
45.34008628808732,96537,924,1063,1479,
45.3427338678567,96537,924,1062,1480,
45.34302754405753,96536,925,1062,1480,
45.34325298183284,96536,925,1061,1481,
45.34356438970843,96536,924,1062,1481,
45.34598613283401,96536,923,1063,1481,
45.349556413225685,96536,923,1062,1482,
45.35053512038876,96536,922,1063,1482,
45.35261667928166,96535,923,1063,1482,
45.352938021496975,96534,924,1063,1482,
45.353432286371216,96534,923,1064,1482,
45.355633218083845,96534,922,1065,1482,
45.360270974497176,96534,921,1066,1482,
45.361137464529264,96534,921,1065,1483,
45.363793061768945,96534,920,1066,1483,
45.366328006019586,96534,919,1067,1483,
45.36986714534076,96534,919,1066,1484,
45.36994739802007,96534,918,1067,1484,
45.37048595886998,96534,918,1066,1485,
45.37121029133473,96534,918,1065,1486,
45.37134578663868,96533,919,1065,1486,
45.37231928943141,96533,919,1064,1487,
45.37741585043252,96533,918,1065,1487,
45.37779818355527,96533,917,1066,1487,
45.38656678432499,96533,916,1067,1487,
45.387927526965285,96532,917,1067,1487,
45.389052612938464,96532,916,1068,1487,
45.391583789558936,96532,915,1069,1487,
45.393813715956874,96531,916,1069,1487,
45.39759478882686,96531,916,1068,1488,
45.40258763138783,96530,917,1068,1488,
45.40317678442766,96529,918,1068,1488,
45.40396272709142,96529,917,1069,1488,
45.4078521089754,96529,917,1068,1489,
45.414406498445565,96529,917,1067,1490,
45.41480391246708,96529,916,1068,1490,
45.4245565058094,96528,917,1068,1490,
45.432551148918606,96528,916,1069,1490,
45.43378589470067,96527,917,1069,1490,
45.436489724774255,96526,918,1069,1490,
45.43775774951767,96526,917,1070,1490,
45.4380564767383,96526,916,1071,1490,
45.43884805768306,96526,915,1072,1490,
45.44014755530439,96526,914,1073,1490,
45.44350392909347,96526,913,1074,1490,
45.44940859801001,96525,914,1074,1490,
45.449614051910956,96524,915,1074,1490,
45.452677816529544,96524,914,1075,1490,
45.45329699979972,96524,913,1076,1490,
45.453575590209354,96524,912,1077,1490,
45.45383139989286,96524,911,1078,1490,
45.45801942480714,96523,912,1078,1490,
45.459159425325446,96522,913,1078,1490,
45.46526881388965,96522,913,1077,1491,
45.465430707035864,96521,914,1077,1491,
45.46605213445166,96521,913,1078,1491,
45.466655712930304,96521,913,1077,1492,
45.466836393572024,96521,913,1076,1493,
45.46690382882337,96521,912,1077,1493,
45.46820270301003,96521,911,1078,1493,
45.47055218068808,96521,911,1077,1494,
45.474195424893004,96521,910,1078,1494,
45.475757801239865,96521,909,1079,1494,
45.47651618251557,96521,908,1080,1494,
45.476767105874316,96520,909,1080,1494,
45.477676736755186,96520,909,1079,1495,
45.47906337525583,96520,909,1078,1496,
45.48163243793348,96520,908,1079,1496,
45.481844481619504,96519,909,1079,1496,
45.48782231314132,96519,908,1080,1496,
45.48903078687991,96519,908,1079,1497,
45.48967941595935,96518,909,1079,1497,
45.496733525557445,96518,909,1078,1498,
45.49855139779086,96518,908,1079,1498,
45.498604090038214,96518,907,1080,1498,
45.500587936367786,96517,908,1080,1498,
45.50828886387468,96516,909,1080,1498,
45.511084694022856,96516,909,1079,1499,
45.518445335833874,96515,910,1079,1499,
45.5189822558913,96515,909,1080,1499,
45.52023338341742,96515,909,1079,1500,
45.52610315227233,96514,910,1079,1500,
45.5267063894784,96514,909,1080,1500,
45.529684714548885,96513,910,1080,1500,
45.53402177611996,96513,909,1081,1500,
45.53416188008245,96513,909,1080,1501,
45.535040082287786,96512,910,1080,1501,
45.535853043115125,96512,909,1081,1501,
45.53747445922551,96512,909,1080,1502,
45.53793852874149,96512,908,1081,1502,
45.538382653341166,96512,907,1082,1502,
45.538390779712344,96512,906,1083,1502,
45.54151709094938,96512,905,1084,1502,
45.54273823453458,96512,904,1085,1502,
45.54412580908926,96511,905,1085,1502,
45.546527160367155,96510,906,1085,1502,
45.547492962254964,96510,906,1084,1503,
45.54821229059221,96510,905,1085,1503,
45.548766257211895,96510,905,1084,1504,
45.554117553390824,96509,906,1084,1504,
45.56025646513538,96509,905,1085,1504,
45.56563968099466,96508,906,1085,1504,
45.567669993442415,96508,906,1084,1505,
45.569236776297345,96508,905,1085,1505,
45.574708221877586,96507,906,1085,1505,
45.57548810087755,96507,905,1086,1505,
45.57724644366385,96507,905,1085,1506,
45.57726722793218,96507,905,1084,1507,
45.58112141892837,96507,904,1085,1507,
45.58552124680142,96507,903,1086,1507,
45.58701885287043,96507,902,1087,1507,
45.5904570041974,96506,903,1087,1507,
45.59219486358572,96505,904,1087,1507,
45.59280169924833,96505,903,1088,1507,
45.59306283785023,96505,902,1089,1507,
45.59765539005975,96505,902,1088,1508,
45.60127120015458,96505,902,1087,1509,
45.60247712691515,96505,901,1088,1509,
45.603914018159905,96505,901,1087,1510,
45.60785095439456,96505,901,1086,1511,
45.60950332946731,96504,902,1086,1511,
45.612839600840815,96503,903,1086,1511,
45.61413469489634,96502,904,1086,1511,
45.61502424636995,96501,905,1086,1511,
45.61542540002396,96501,904,1087,1511,
45.616836189142504,96500,905,1087,1511,
45.6190448247323,96500,904,1088,1511,
45.61909544054585,96500,903,1089,1511,
45.62221071097857,96500,903,1088,1512,
45.62225450414165,96500,903,1087,1513,
45.634781635410825,96500,903,1086,1514,
45.63664581559566,96500,902,1087,1514,
45.63832061182489,96500,901,1088,1514,
45.63967546868158,96500,901,1087,1515,
45.64116949008375,96500,900,1088,1515,
45.64469532668931,96500,900,1087,1516,
45.64580744827656,96500,899,1088,1516,
45.64692661781975,96499,900,1088,1516,
45.65157863042379,96498,901,1088,1516,
45.656865562882125,96497,902,1088,1516,
45.65718486720052,96497,901,1089,1516,
45.66720428147058,96496,902,1089,1516,
45.67000472436244,96496,901,1090,1516,
45.67156040449737,96495,902,1090,1516,
45.67199907347084,96495,902,1089,1517,
45.675118659146065,96495,901,1090,1517,
45.67696096987699,96494,902,1090,1517,
45.67817788446326,96494,902,1089,1518,
45.67874844991357,96494,901,1090,1518,
45.68146503429893,96494,900,1091,1518,
45.68298490386111,96493,901,1091,1518,
45.68663027522588,96493,900,1092,1518,
45.68669713344399,96493,899,1093,1518,
45.68733012936549,96492,900,1093,1518,
45.68973375485024,96492,900,1092,1519,
45.69277472786956,96492,899,1093,1519,
45.69310922508463,96491,900,1093,1519,
45.69831356062127,96491,899,1094,1519,
45.699297914393284,96491,899,1093,1520,
45.69951112488879,96491,898,1094,1520,
45.704996841548734,96491,898,1093,1521,
45.70859230786324,96490,899,1093,1521,
45.713395648132135,96489,900,1093,1521,
45.71480304871503,96489,900,1092,1522,
45.71641008276,96489,899,1093,1522,
45.72380661229824,96488,900,1093,1522,
45.72597091166739,96488,899,1094,1522,
45.72755205086208,96488,899,1093,1523,
45.72809213194566,96487,900,1093,1523,
45.7283895042065,96487,899,1094,1523,
45.72871156723938,96486,900,1094,1523,
45.7288676407739,96486,899,1095,1523,
45.729209783486205,96485,900,1095,1523,
45.72942017304141,96484,901,1095,1523,
45.73143452594152,96484,900,1096,1523,
45.734678851829834,96483,901,1096,1523,
45.73646181424294,96483,901,1095,1524,
45.738190209186016,96482,902,1095,1524,
45.74087782891205,96482,901,1096,1524,
45.74238925567185,96482,901,1095,1525,
45.74390962966518,96481,902,1095,1525,
45.74451963900827,96480,903,1095,1525,
45.74624641417772,96480,902,1096,1525,
45.74876105337506,96480,901,1097,1525,
45.749381443902564,96480,900,1098,1525,
45.75217162176339,96479,901,1098,1525,
45.75250024370198,96479,900,1099,1525,
45.75969220851755,96478,901,1099,1525,
45.75988800875007,96478,900,1100,1525,
45.76630116118968,96478,899,1101,1525,
45.76835940548706,96478,898,1102,1525,
45.77152498423524,96477,899,1102,1525,
45.77257910709831,96476,900,1102,1525,
45.77499263643554,96476,899,1103,1525,
45.775393641961244,96476,898,1104,1525,
45.776800687727274,96476,898,1103,1526,
45.77738392731531,96475,899,1103,1526,
45.7784271045703,96475,898,1104,1526,
45.787054444985394,96475,898,1103,1527,
45.79037508168578,96474,899,1103,1527,
45.79298502582155,96473,900,1103,1527,
45.79379061398266,96473,900,1102,1528,
45.79584032941876,96473,899,1103,1528,
45.796070323873586,96473,898,1104,1528,
45.79760302650927,96473,897,1105,1528,
45.79764722122929,96473,896,1106,1528,
45.7984763032485,96472,897,1106,1528,
45.7992731391148,96472,896,1107,1528,
45.79973533152726,96471,897,1107,1528,
45.80288903379209,96470,898,1107,1528,
45.80408837425955,96470,897,1108,1528,
45.80696997285059,96469,898,1108,1528,
45.80698728283729,96469,898,1107,1529,
45.8165490446562,96469,897,1108,1529,
45.817042180439614,96469,897,1107,1530,
45.81819787340225,96468,898,1107,1530,
45.818374415514405,96468,898,1106,1531,
45.82538700679755,96467,899,1106,1531,
45.82728381128292,96467,898,1107,1531,
45.827600683146734,96467,898,1106,1532,
45.829617769598755,96467,897,1107,1532,
45.83064538605732,96467,897,1106,1533,
45.84022145963103,96467,897,1105,1534,
45.84387126335648,96466,898,1105,1534,
45.84760011738412,96465,899,1105,1534,
45.85006042669875,96465,899,1104,1535,
45.85241969895357,96465,898,1105,1535,
45.852840473386365,96465,898,1104,1536,
45.85285407546786,96464,899,1104,1536,
45.852970792383715,96464,898,1105,1536,
45.85302882242674,96464,897,1106,1536,
45.86000717880038,96464,897,1105,1537,
45.863867605010036,96464,897,1104,1538,
45.86480893907281,96464,896,1105,1538,
45.8660170177379,96463,897,1105,1538,
45.86819601557444,96462,898,1105,1538,
45.86926229561548,96462,898,1104,1539,
45.870789390730515,96462,897,1105,1539,
45.87395838374056,96462,896,1106,1539,
45.88586393174682,96462,895,1107,1539,
45.88598516599407,96461,896,1107,1539,
45.886611558117366,96461,895,1108,1539,
45.88669710071775,96460,896,1108,1539,
45.88852832029848,96460,896,1107,1540,
45.88975419150501,96460,896,1106,1541,
45.890033007169926,96460,895,1107,1541,
45.89112411706529,96459,896,1107,1541,
45.8918495790997,96459,896,1106,1542,
45.89284943724925,96459,895,1107,1542,
45.89292560639153,96459,895,1106,1543,
45.89424495035758,96459,894,1107,1543,
45.89434845398883,96458,895,1107,1543,
45.89629558567459,96458,894,1108,1543,
45.8999178538713,96458,894,1107,1544,
45.907419394790885,96457,895,1107,1544,
45.91435765447641,96457,895,1106,1545,
45.91573195366399,96457,895,1105,1546,
45.916213833502596,96457,894,1106,1546,
45.925931177123836,96456,895,1106,1546,
45.927689340172975,96456,894,1107,1546,
45.93064011463806,96455,895,1107,1546,
45.93248437854612,96455,895,1106,1547,
45.932924099968815,96455,894,1107,1547,
45.938629220192695,96454,895,1107,1547,
45.94070578725432,96453,896,1107,1547,
45.94100705290833,96452,897,1107,1547,
45.94850105303996,96452,896,1108,1547,
45.95124508452403,96451,897,1108,1547,
45.95172076628426,96451,896,1109,1547,
45.95458905684912,96451,896,1108,1548,
45.95565545480148,96450,897,1108,1548,
45.96041079582518,96449,898,1108,1548,
45.96250248154063,96448,899,1108,1548,
45.96439557496327,96447,900,1108,1548,
45.965184227916446,96447,899,1109,1548,
45.96522896849346,96447,899,1108,1549,
45.965684081237555,96447,898,1109,1549,
45.96583329455081,96447,897,1110,1549,
45.96622485510507,96446,898,1110,1549,
45.967836614913544,96446,897,1111,1549,
45.968611153360364,96445,898,1111,1549,
45.96933188644517,96445,898,1110,1550,
45.97216314277667,96445,897,1111,1550,
45.97646632240629,96445,896,1112,1550,
45.98110433780037,96445,896,1111,1551,
45.98153662641794,96444,897,1111,1551,
45.98422166121521,96444,896,1112,1551,
45.98427915651038,96443,897,1112,1551,
45.984701705208174,96442,898,1112,1551,
45.985267369988655,96442,898,1111,1552,
45.99030171597737,96442,898,1110,1553,
45.99254400932661,96441,899,1110,1553,
45.99436659908284,96440,900,1110,1553,
45.99808918793832,96440,899,1111,1553,
45.99992538315874,96440,899,1110,1554,
46.00449665123735,96440,898,1111,1554,
46.00526515707089,96439,899,1111,1554,
46.00574423774987,96438,900,1111,1554,
46.010567277997914,96437,901,1111,1554,
46.01141259281382,96437,901,1110,1555,
46.011799823672675,96437,900,1111,1555,
46.013065638914405,96437,899,1112,1555,
46.01365627036424,96437,899,1111,1556,
46.017228282506245,96437,898,1112,1556,
46.02433959511555,96436,899,1112,1556,
46.03122372607742,96435,900,1112,1556,
46.03280347506897,96435,899,1113,1556,
46.032895626368706,96435,898,1114,1556,
46.03320744116511,96435,898,1113,1557,
46.03733971969538,96435,897,1114,1557,
46.03910897384982,96435,897,1113,1558,
46.03938486564951,96434,898,1113,1558,
46.03994295299705,96434,897,1114,1558,
46.04307241918346,96434,896,1115,1558,
46.04627898956383,96433,897,1115,1558,
46.047451415936024,96433,896,1116,1558,
46.04773063236268,96433,895,1117,1558,
46.04785703213877,96433,894,1118,1558,
46.04904743903436,96432,895,1118,1558,
46.0547362924137,96432,894,1119,1558,
46.05627185244219,96431,895,1119,1558,
46.057667740973166,96431,895,1118,1559,
46.05977534733498,96431,895,1117,1560,
46.06126530503115,96431,894,1118,1560,
46.061774833519955,96431,893,1119,1560,
46.062300645415746,96431,893,1118,1561,
46.062341928615204,96431,893,1117,1562,
46.06425137281906,96431,893,1116,1563,
46.06501087417949,96431,892,1117,1563,
46.068907912101494,96430,893,1117,1563,
46.071547074016365,96429,894,1117,1563,
46.07205319899976,96428,895,1117,1563,
46.078534329032024,96428,894,1118,1563,
46.08385510868999,96427,895,1118,1563,
46.08515027125593,96427,895,1117,1564,
46.08852095941876,96427,894,1118,1564,
46.08972051149043,96427,894,1117,1565,
46.09028381350531,96427,894,1116,1566,
46.09192857277988,96426,895,1116,1566,
46.0924221425768,96426,895,1115,1567,
46.09325795060019,96426,894,1116,1567,
46.094253965236355,96425,895,1116,1567,
46.094315870468236,96425,895,1115,1568,
46.096366195439046,96425,895,1114,1569,
46.09868009451259,96425,894,1115,1569,
46.10034673477349,96425,894,1114,1570,
46.10330146321289,96425,893,1115,1570,
46.106261105016834,96425,893,1114,1571,
46.106686102337235,96425,892,1115,1571,
46.10839395713465,96425,892,1114,1572,
46.10915105852029,96425,892,1113,1573,
46.11170120862218,96425,892,1112,1574,
46.114467467533665,96425,892,1111,1575,
46.117075448982426,96425,891,1112,1575,
46.118225309117456,96425,891,1111,1576,
46.122992878747276,96424,892,1111,1576,
46.12508622982468,96424,892,1110,1577,
46.12786569375841,96423,893,1110,1577,
46.12974311598069,96422,894,1110,1577,
46.13102889141944,96422,893,1111,1577,
46.13117106980478,96422,892,1112,1577,
46.13408420738451,96421,893,1112,1577,
46.136531746136974,96421,893,1111,1578,
46.139912785561734,96421,893,1110,1579,
46.14397997272057,96421,892,1111,1579,
46.14438309529104,96421,891,1112,1579,
46.14446147255313,96420,892,1112,1579,
46.146196319842254,96420,892,1111,1580,
46.15026844805002,96420,891,1112,1580,
46.15872452159798,96419,892,1112,1580,
46.159119891963265,96419,891,1113,1580,
46.159186274882344,96418,892,1113,1580,
46.162323138010166,96418,891,1114,1580,
46.16503699882286,96418,890,1115,1580,
46.165465624131976,96417,891,1115,1580,
46.165466664812605,96417,891,1114,1581,
46.16573482401826,96417,891,1113,1582,
46.16844477091315,96416,892,1113,1582,
46.168863603843114,96416,892,1112,1583,
46.16928026651826,96416,892,1111,1584,
46.171939984235976,96416,892,1110,1585,
46.17215257321889,96416,891,1111,1585,
46.17256684146672,96416,890,1112,1585,
46.173305048936626,96416,890,1111,1586,
46.17401820065854,96416,890,1110,1587,
46.17528917314678,96416,889,1111,1587,
46.17640425301061,96416,888,1112,1587,
46.17913155950896,96416,888,1111,1588,
46.183922457264515,96416,887,1112,1588,
46.184615874648976,96416,887,1111,1589,
46.184977244338896,96416,887,1110,1590,
46.19182046942233,96415,888,1110,1590,
46.1921936476632,96415,887,1111,1590,
46.19238496222483,96415,887,1110,1591,
46.19794721108395,96415,887,1109,1592,
46.20191220181399,96415,886,1110,1592,
46.202600978254544,96415,886,1109,1593,
46.2033963568668,96415,886,1108,1594,
46.20622423918086,96415,886,1107,1595,
46.207394718187736,96415,885,1108,1595,
46.21393373215352,96414,886,1108,1595,
46.215256625604034,96414,885,1109,1595,
46.21618655456751,96414,884,1110,1595,
46.2201003393543,96413,885,1110,1595,
46.22954336759327,96412,886,1110,1595,
46.240658702692144,96412,885,1111,1595,
46.24660150634734,96412,885,1110,1596,
46.247577092713,96412,884,1111,1596,
46.24926932566879,96411,885,1111,1596,
46.249822469563675,96410,886,1111,1596,
46.25290092280167,96409,887,1111,1596,
46.2558465251396,96408,888,1111,1596,
46.2566947917925,96407,889,1111,1596,
46.257164293285435,96406,890,1111,1596,
46.25768646319832,96406,889,1112,1596,
46.25778782821423,96406,889,1111,1597,
46.2615997809956,96406,888,1112,1597,
46.26557245582227,96405,889,1112,1597,
46.266914037825806,96405,889,1111,1598,
46.26849261758056,96405,889,1110,1599,
46.27087435717177,96405,889,1109,1600,
46.27132858922303,96405,888,1110,1600,
46.27310603900231,96405,887,1111,1600,
46.273750596105494,96405,886,1112,1600,
46.27895293349911,96405,885,1113,1600,
46.28029450675857,96405,884,1114,1600,
46.2820565214722,96404,885,1114,1600,
46.28472199950781,96404,885,1113,1601,
46.28529092216974,96403,886,1113,1601,
46.2872088840726,96402,887,1113,1601,
46.29169471312519,96402,887,1112,1602,
46.291857601804494,96402,886,1113,1602,
46.29454209732676,96402,886,1112,1603,
46.29520721556525,96402,885,1113,1603,
46.29897587075408,96402,884,1114,1603,
46.3016410999331,96401,885,1114,1603,
46.3024842061774,96401,884,1115,1603,
46.30456209300357,96401,884,1114,1604,
46.30643315560536,96401,883,1115,1604,
46.30669458287854,96400,884,1115,1604,
46.3098000322002,96400,884,1114,1605,
46.310382776788856,96400,883,1115,1605,
46.311162437572754,96400,882,1116,1605,
46.31173204560264,96400,882,1115,1606,
46.312262854916554,96400,882,1114,1607,
46.313074171873545,96399,883,1114,1607,
46.31385155769083,96399,882,1115,1607,
46.31474693416644,96399,881,1116,1607,
46.318184293634125,96399,881,1115,1608,
46.320351761824845,96399,880,1116,1608,
46.32052449390221,96399,879,1117,1608,
46.322536213500406,96399,878,1118,1608,
46.323912153602535,96398,879,1118,1608,
46.32494847681,96398,879,1117,1609,
46.325965790903346,96398,879,1116,1610,
46.32647450461425,96398,879,1115,1611,
46.32683780098978,96397,880,1115,1611,
46.329918489623765,96397,879,1116,1611,
46.33188737721061,96397,878,1117,1611,
46.332960781472735,96396,879,1117,1611,
46.335292298130724,96395,880,1117,1611,
46.3388901233587,96395,880,1116,1612,
46.34118708572077,96394,881,1116,1612,
46.341338239197746,96394,880,1117,1612,
46.342738355568905,96394,879,1118,1612,
46.343656057589406,96394,879,1117,1613,
46.34482783957866,96393,880,1117,1613,
46.34606527235789,96392,881,1117,1613,
46.346173695758935,96392,880,1118,1613,
46.34708176963608,96391,881,1118,1613,
46.34837483322041,96391,881,1117,1614,
46.351240804035776,96391,881,1116,1615,
46.35229717111424,96391,881,1115,1616,
46.35263151797279,96390,882,1115,1616,
46.3551309347621,96390,882,1114,1617,
46.355353642030835,96390,882,1113,1618,
46.35647516310459,96389,883,1113,1618,
46.35994541310301,96389,883,1112,1619,
46.36079523284597,96389,882,1113,1619,
46.36180411319902,96389,882,1112,1620,
46.36181350646528,96388,883,1112,1620,
46.36428321052975,96388,882,1113,1620,
46.36595530069383,96387,883,1113,1620,
46.36750131406643,96386,884,1113,1620,
46.367654615665735,96386,883,1114,1620,
46.367838824260396,96385,884,1114,1620,
46.3684768779204,96384,885,1114,1620,
46.37081531810753,96384,884,1115,1620,
46.370866335743585,96384,884,1114,1621,
46.372822761133776,96383,885,1114,1621,
46.37458792997062,96383,884,1115,1621,
46.374645018000635,96383,883,1116,1621,
46.376342269577634,96382,884,1116,1621,
46.37670340837962,96382,883,1117,1621,
46.37952417953995,96382,882,1118,1621,
46.38122694780669,96382,882,1117,1622,
46.38284175524557,96382,882,1116,1623,
46.383446450057605,96381,883,1116,1623,
46.38661886789379,96380,884,1116,1623,
46.38754037289359,96380,883,1117,1623,
46.3913742973907,96379,884,1117,1623,
46.39252854730327,96379,883,1118,1623,
46.39257452699499,96379,883,1117,1624,
46.39271706884573,96378,884,1117,1624,
46.39311286219372,96378,883,1118,1624,
46.39340733402195,96377,884,1118,1624,
46.39404593522476,96376,885,1118,1624,
46.3957176945748,96376,884,1119,1624,
46.39698654631644,96376,884,1118,1625,
46.39753493856817,96376,884,1117,1626,
46.39792253010485,96376,884,1116,1627,
46.4010078144265,96376,884,1115,1628,
46.40159591864121,96375,885,1115,1628,
46.40286741154493,96374,886,1115,1628,
46.40551255170246,96374,885,1116,1628,
46.40989759970955,96374,885,1115,1629,
46.4099354658616,96373,886,1115,1629,
46.41285012924357,96372,887,1115,1629,
46.41348735380917,96372,886,1116,1629,
46.421278092535054,96371,887,1116,1629,
46.42351444789427,96370,888,1116,1629,
46.42428865427214,96370,887,1117,1629,
46.42457276108305,96370,886,1118,1629,
46.426331617114414,96370,885,1119,1629,
46.426798405639374,96369,886,1119,1629,
46.4275612838157,96369,885,1120,1629,
46.42758697736862,96369,884,1121,1629,
46.43596694104597,96369,883,1122,1629,
46.436738383072175,96369,883,1121,1630,
46.44057469803652,96369,882,1122,1630,
46.44416981000669,96369,881,1123,1630,
46.45327990364742,96369,880,1124,1630,
46.455797653817,96368,881,1124,1630,
46.45699693518652,96368,880,1125,1630,
46.45734903902452,96368,879,1126,1630,
46.4594160023032,96368,878,1127,1630,
46.467916235999,96367,879,1127,1630,
46.47138501554206,96366,880,1127,1630,
46.4725927720774,96366,879,1128,1630,
46.47822533794685,96366,878,1129,1630,
46.47901205680124,96365,879,1129,1630,
46.48254472805702,96364,880,1129,1630,
46.48360664071746,96364,879,1130,1630,
46.48370607022799,96364,878,1131,1630,
46.48743155384958,96364,878,1130,1631,
46.48837495433786,96364,878,1129,1632,
46.48993115285919,96364,877,1130,1632,
46.494743613115666,96363,878,1130,1632,
46.495847258104995,96363,877,1131,1632,
46.49630155142622,96362,878,1131,1632,
46.49676432085348,96362,877,1132,1632,
46.499131798580066,96362,877,1131,1633,
46.49917118897424,96362,877,1130,1634,
46.503264577281755,96361,878,1130,1634,
46.50439529488229,96361,878,1129,1635,
46.508357627347145,96361,878,1128,1636,
46.512531481536115,96361,878,1127,1637,
46.515303020673215,96361,877,1128,1637,
46.516547038434815,96361,876,1129,1637,
46.51829917170893,96361,876,1128,1638,
46.52109602021692,96360,877,1128,1638,
46.52964709281007,96360,877,1127,1639,
46.52987164679708,96360,876,1128,1639,
46.53748609174665,96360,876,1127,1640,
46.537984228849744,96360,876,1126,1641,
46.542829626155324,96360,876,1125,1642,
46.55085787273778,96360,876,1124,1643,
46.55282054437432,96360,875,1125,1643,
46.554007841337366,96359,876,1125,1643,
46.56314422089721,96359,875,1126,1643,
46.569942057367456,96359,874,1127,1643,
46.570902430013376,96359,873,1128,1643,
46.57199320914919,96358,874,1128,1643,
46.57378423573257,96358,873,1129,1643,
46.57931437571782,96358,873,1128,1644,
46.58265933887877,96358,872,1129,1644,
46.58278175122823,96358,871,1130,1644,
46.58710061948407,96358,870,1131,1644,
46.58765980766105,96358,869,1132,1644,
46.589086783460495,96357,870,1132,1644,
46.59053516381366,96357,869,1133,1644,
46.590747400662686,96357,868,1134,1644,
46.59108243428977,96357,867,1135,1644,
46.59304825566514,96357,866,1136,1644,
46.597686633843594,96356,867,1136,1644,
46.5998999274907,96356,866,1137,1644,
46.60060600789836,96356,865,1138,1644,
46.602167969495945,96356,865,1137,1645,
46.60394767514023,96356,864,1138,1645,
46.605168702669516,96356,863,1139,1645,
46.60975065902012,96355,864,1139,1645,
46.61389238168607,96355,863,1140,1645,
46.61622490644,96355,862,1141,1645,
46.61753171527544,96355,861,1142,1645,
46.62051425082006,96354,862,1142,1645,
46.6220761886639,96354,861,1143,1645,
46.62273861341248,96354,861,1142,1646,
46.62288292254925,96353,862,1142,1646,
46.62482986845615,96353,862,1141,1647,
46.63156808994514,96353,862,1140,1648,
46.63292854761883,96353,862,1139,1649,
46.63677260796268,96352,863,1139,1649,
46.63802986746442,96351,864,1139,1649,
46.64013425774728,96350,865,1139,1649,
46.64028015044452,96349,866,1139,1649,
46.640851037729334,96348,867,1139,1649,
46.64184142171847,96348,866,1140,1649,
46.64613325073338,96348,865,1141,1649,
46.64630104973935,96347,866,1141,1649,
46.649056730416056,96347,866,1140,1650,
46.650222852021535,96347,865,1141,1650,
46.650710866112654,96346,866,1141,1650,
46.65205752876217,96346,866,1140,1651,
46.652374802907644,96346,865,1141,1651,
46.652993650863856,96346,864,1142,1651,
46.65566779930069,96345,865,1142,1651,
46.65654980284799,96344,866,1142,1651,
46.65791888617309,96344,865,1143,1651,
46.66023426157011,96344,864,1144,1651,
46.66177703054579,96343,865,1144,1651,
46.662073610312575,96342,866,1144,1651,
46.66232825037312,96342,865,1145,1651,
46.663521828676785,96342,864,1146,1651,
46.66437312314292,96342,863,1147,1651,
46.664823705508,96342,863,1146,1652,
46.66611688416195,96341,864,1146,1652,
46.66987474940577,96340,865,1146,1652,
46.66994083279391,96339,866,1146,1652,
46.67029100571909,96339,865,1147,1652,
46.670611271484184,96339,865,1146,1653,
46.673911181328364,96338,866,1146,1653,
46.67395078426809,96337,867,1146,1653,
46.675214490753774,96337,866,1147,1653,
46.67637945932288,96337,865,1148,1653,
46.682329069649604,96337,864,1149,1653,
46.68509121049384,96336,865,1149,1653,
46.688116768695885,96336,865,1148,1654,
46.68997267900454,96336,865,1147,1655,
46.694410701357675,96335,866,1147,1655,
46.69470183513285,96334,867,1147,1655,
46.69663871525074,96333,868,1147,1655,
46.6982907409801,96333,868,1146,1656,
46.69882690020429,96333,868,1145,1657,
46.70568076100466,96333,868,1144,1658,
46.710299494312075,96333,867,1145,1658,
46.71065759343644,96333,867,1144,1659,
46.7139043128188,96333,866,1145,1659,
46.719721988388486,96333,865,1146,1659,
46.727593650123865,96333,864,1147,1659,
46.72976966762332,96333,863,1148,1659,
46.73600924687201,96333,863,1147,1660,
46.742783585920336,96333,862,1148,1660,
46.745997316039606,96332,863,1148,1660,
46.74646964573911,96332,862,1149,1660,
46.747418327058405,96331,863,1149,1660,
46.747573755767775,96331,862,1150,1660,
46.74783392978236,96331,861,1151,1660,
46.74803222116466,96331,861,1150,1661,
46.74819575751431,96331,861,1149,1662,
46.74828390885934,96331,861,1148,1663,
46.74898881760569,96331,860,1149,1663,
46.75225666476777,96331,859,1150,1663,
46.75265194698501,96331,858,1151,1663,
46.754054174488914,96331,858,1150,1664,
46.75450393358544,96330,859,1150,1664,
46.75581842089141,96329,860,1150,1664,
46.762777433049756,96329,860,1149,1665,
46.763983302501785,96329,860,1148,1666,
46.77049766901904,96329,860,1147,1667,
46.77640046547192,96329,859,1148,1667,
46.778916213644784,96329,858,1149,1667,
46.7796097599117,96329,857,1150,1667,
46.780620743429665,96329,856,1151,1667,
46.7831693327926,96329,855,1152,1667,
46.783693769018306,96329,855,1151,1668,
46.785485399054735,96329,854,1152,1668,
46.78839335924272,96329,853,1153,1668,
46.788978779464465,96329,852,1154,1668,
46.79003355702432,96329,852,1153,1669,
46.79242753950481,96329,852,1152,1670,
46.792428590863096,96329,852,1151,1671,
46.7950241100487,96328,853,1151,1671,
46.8003848003069,96328,852,1152,1671,
46.800495269193405,96328,852,1151,1672,
46.80584049641173,96328,852,1150,1673,
46.80770990241238,96327,853,1150,1673,
46.81012965890208,96326,854,1150,1673,
46.81112756731787,96325,855,1150,1673,
46.81230653916153,96325,855,1149,1674,
46.81736237640055,96324,856,1149,1674,
46.82087771307843,96324,855,1150,1674,
46.82305611101744,96324,854,1151,1674,
46.82323602400675,96324,853,1152,1674,
46.824226916177494,96323,854,1152,1674,
46.82498353708818,96323,854,1151,1675,
46.82581315003202,96323,854,1150,1676,
46.83202002293339,96323,853,1151,1676,
46.834051467864455,96322,854,1151,1676,
46.84258407277381,96322,854,1150,1677,
46.847258833986416,96322,853,1151,1677,
46.84981766553575,96322,853,1150,1678,
46.851575374370995,96322,852,1151,1678,
46.85550682043346,96322,851,1152,1678,
46.85725214335845,96322,850,1153,1678,
46.85991936819162,96322,850,1152,1679,
46.861865140538924,96322,849,1153,1679,
46.86261110078312,96322,848,1154,1679,
46.86266504150768,96322,847,1155,1679,
46.86268559647657,96322,846,1156,1679,
46.863846247368436,96322,845,1157,1679,
46.863846982293964,96322,844,1158,1679,
46.864788459351814,96322,843,1159,1679,
46.865818236351934,96322,842,1160,1679,
46.868404329337466,96322,841,1161,1679,
46.88062097111249,96322,840,1162,1679,
46.88137800765644,96322,839,1163,1679,
46.884878125075566,96322,839,1162,1680,
46.88645120228828,96322,838,1163,1680,
46.892506906369384,96322,837,1164,1680,
46.89374278367862,96322,836,1165,1680,
46.895001975919,96322,835,1166,1680,
46.89513875938178,96322,835,1165,1681,
46.89559729681557,96322,834,1166,1681,
46.903347242348,96322,833,1167,1681,
46.90351967248883,96322,833,1166,1682,
46.90988810132438,96322,833,1165,1683,
46.91022408658113,96322,833,1164,1684,
46.91058982039391,96322,833,1163,1685,
46.91113791073645,96322,833,1162,1686,
46.91148223410831,96321,834,1162,1686,
46.91233427423543,96320,835,1162,1686,
46.91235447429635,96320,834,1163,1686,
46.912832486841836,96320,834,1162,1687,
46.91556607349055,96320,833,1163,1687,
46.91722322812078,96320,833,1162,1688,
46.91865706242908,96320,833,1161,1689,
46.91880015625394,96320,833,1160,1690,
46.91935682866303,96320,832,1161,1690,
46.91946519463861,96320,831,1162,1690,
46.92024277174449,96320,830,1163,1690,
46.92133773611148,96320,829,1164,1690,
46.922931427302316,96320,829,1163,1691,
46.9248459863259,96319,830,1163,1691,
46.925219494581235,96319,829,1164,1691,
46.92691410094065,96318,830,1164,1691,
46.932766078326324,96318,829,1165,1691,
46.932928140699545,96318,828,1166,1691,
46.93425424685142,96318,827,1167,1691,
46.93529861078929,96318,827,1166,1692,
46.936517910885286,96318,826,1167,1692,
46.93786674688401,96318,826,1166,1693,
46.94244907628471,96318,825,1167,1693,
46.94304371630106,96318,824,1168,1693,
46.943361869566814,96318,823,1169,1693,
46.94363218143088,96318,822,1170,1693,
46.945350896085884,96318,822,1169,1694,
46.94608040969679,96318,822,1168,1695,
46.948861317395945,96318,821,1169,1695,
46.950204510267525,96317,822,1169,1695,
46.95463259270052,96317,822,1168,1696,
46.95645976796507,96317,821,1169,1696,
46.95875246803546,96317,821,1168,1697,
46.9590389847471,96316,822,1168,1697,
46.96133290983042,96316,821,1169,1697,
46.9617022134891,96315,822,1169,1697,
46.96720001942291,96315,822,1168,1698,
46.96899836528785,96315,822,1167,1699,
46.9693052673841,96314,823,1167,1699,
46.971893524756915,96313,824,1167,1699,
46.9751210191129,96313,823,1168,1699,
46.97807597783601,96313,822,1169,1699,
46.978644792538155,96313,822,1168,1700,
46.979071049343894,96313,821,1169,1700,
46.981930976719894,96313,821,1168,1701,
46.982769645201415,96313,820,1169,1701,
46.98574021652418,96312,821,1169,1701,
46.98631756639326,96312,821,1168,1702,
46.98814033596416,96311,822,1168,1702,
46.989746344353996,96311,821,1169,1702,
46.991012060308336,96310,822,1169,1702,
46.997622779342336,96309,823,1169,1702,
47.00008587805985,96308,824,1169,1702,
47.001055737661225,96307,825,1169,1702,
47.002478976989565,96307,825,1168,1703,
47.00478225791389,96306,826,1168,1703,
47.00754293558692,96306,825,1169,1703,
47.00874056531611,96306,824,1170,1703,
47.01286127297288,96305,825,1170,1703,
47.01438730927194,96305,824,1171,1703,
47.01497025766296,96305,823,1172,1703,
47.01974134860514,96305,823,1171,1704,
47.02052721823134,96304,824,1171,1704,
47.02258698331479,96303,825,1171,1704,
47.023364163991225,96302,826,1171,1704,
47.026332626289516,96302,825,1172,1704,
47.029021965436435,96301,826,1172,1704,
47.029604122120176,96300,827,1172,1704,
47.03146838922577,96299,828,1172,1704,
47.03197579817775,96298,829,1172,1704,
47.037870588418585,96298,828,1173,1704,
47.03885215826645,96298,828,1172,1705,
47.03935504468093,96298,827,1173,1705,
47.039668765997504,96298,827,1172,1706,
47.04076884837794,96298,827,1171,1707,
47.041581253264305,96297,828,1171,1707,
47.04160958374496,96297,828,1170,1708,
47.04322379458618,96296,829,1170,1708,
47.04405651449436,96296,828,1171,1708,
47.04545910400377,96296,828,1170,1709,
47.04770158194202,96296,827,1171,1709,
47.0512258519266,96296,827,1170,1710,
47.05311085542443,96296,826,1171,1710,
47.053544735112645,96296,826,1170,1711,
47.05435858723712,96295,827,1170,1711,
47.05650125713855,96295,826,1171,1711,
47.05891410384878,96295,825,1172,1711,
47.05921536791524,96294,826,1172,1711,
47.061010410961046,96294,826,1171,1712,
47.06757480003304,96294,826,1170,1713,
47.07127062953062,96294,826,1169,1714,
47.07437215527762,96294,826,1168,1715,
47.075800629505565,96294,826,1167,1716,
47.075868634926955,96294,826,1166,1717,
47.08108801808288,96294,826,1165,1718,
47.08201778303919,96294,825,1166,1718,
47.08304570783476,96293,826,1166,1718,
47.08908707558272,96293,826,1165,1719,
47.09057391798442,96292,827,1165,1719,
47.092811832959214,96291,828,1165,1719,
47.09498268091204,96291,828,1164,1720,
47.09651814522894,96291,828,1163,1721,
47.0998661033334,96290,829,1163,1721,
47.10266329802081,96290,829,1162,1722,
47.10393519581273,96290,829,1161,1723,
47.104480172539745,96290,828,1162,1723,
47.10694139838624,96289,829,1162,1723,
47.108396593050784,96289,828,1163,1723,
47.11299153024609,96289,827,1164,1723,
47.116303060873506,96289,827,1163,1724,
47.116528114215356,96289,826,1164,1724,
47.11882636375617,96289,826,1163,1725,
47.119874931843356,96288,827,1163,1725,
47.12040008906813,96288,827,1162,1726,
47.12201683748578,96288,826,1163,1726,
47.12263092180995,96287,827,1163,1726,
47.122863233894236,96287,827,1162,1727,
47.12318534693543,96286,828,1162,1727,
47.125168140337635,96286,827,1163,1727,
47.12981605650252,96286,826,1164,1727,
47.13098236331952,96286,826,1163,1728,
47.13301824077045,96286,825,1164,1728,
47.13478976195538,96286,824,1165,1728,
47.14007991555927,96286,824,1164,1729,
47.14625127861816,96286,824,1163,1730,
47.14686968146857,96286,823,1164,1730,
47.14839960641695,96286,823,1163,1731,
47.148885807725065,96286,822,1164,1731,
47.1506882631751,96286,821,1165,1731,
47.15081076563346,96285,822,1165,1731,
47.15102459761947,96285,821,1166,1731,
47.152802148395466,96285,821,1165,1732,
47.15457260398153,96284,822,1165,1732,
47.155458373469685,96284,822,1164,1733,
47.15620803045416,96283,823,1164,1733,
47.15645272221108,96283,823,1163,1734,
47.16105141881441,96283,822,1164,1734,
47.161649455954006,96282,823,1164,1734,
47.16205904180258,96281,824,1164,1734,
47.16232786858784,96281,823,1165,1734,
47.16307405474053,96280,824,1165,1734,
47.163205867779446,96279,825,1165,1734,
47.164419852333076,96279,824,1166,1734,
47.17254449440897,96278,825,1166,1734,
47.175160595152,96278,825,1165,1735,
47.17582513717716,96277,826,1165,1735,
47.17659801545356,96277,826,1164,1736,
47.17850210392874,96277,825,1165,1736,
47.179670814644695,96276,826,1165,1736,
47.18114417903339,96276,826,1164,1737,
47.18375410985498,96276,825,1165,1737,
47.18421365842619,96275,826,1165,1737,
47.18541937000048,96275,826,1164,1738,
47.18791518742941,96275,825,1165,1738,
47.18873113115306,96274,826,1165,1738,
47.189312451199385,96274,826,1164,1739,
47.189672994282596,96274,826,1163,1740,
47.191286551669194,96273,827,1163,1740,
47.193263800663935,96273,827,1162,1741,
47.1958944702759,96272,828,1162,1741,
47.19953393288774,96272,827,1163,1741,
47.19982212026403,96272,826,1164,1741,
47.204994942923534,96271,827,1164,1741,
47.20565652816919,96271,827,1163,1742,
47.205656688540934,96271,826,1164,1742,
47.20810071406534,96270,827,1164,1742,
47.21052565016057,96269,828,1164,1742,
47.21389985317476,96268,829,1164,1742,
47.21751431270845,96268,828,1165,1742,
47.22152343662202,96268,827,1166,1742,
47.22189575876013,96268,826,1167,1742,
47.22228178320885,96268,825,1168,1742,
47.22525741472215,96268,824,1169,1742,
47.22538975001493,96267,825,1169,1742,
47.22650531241182,96266,826,1169,1742,
47.22659745356909,96266,825,1170,1742,
47.24043766908431,96265,826,1170,1742,
47.24150305858069,96265,825,1171,1742,
47.24552793764223,96265,824,1172,1742,
47.24678108389465,96265,823,1173,1742,
47.253124008981956,96265,822,1174,1742,
47.25574072279395,96265,822,1173,1743,
47.25599314041357,96265,821,1174,1743,
47.25599570253339,96265,820,1175,1743,
47.25716051895834,96265,819,1176,1743,
47.25896661740023,96264,820,1176,1743,
47.258990805892815,96264,820,1175,1744,
47.25951824217454,96264,820,1174,1745,
47.26080880784014,96264,820,1173,1746,
47.26154272471543,96263,821,1173,1746,
47.26559321513026,96263,820,1174,1746,
47.26627340994269,96263,819,1175,1746,
47.26769330999646,96263,819,1174,1747,
47.26778755795278,96263,819,1173,1748,
47.27192063629465,96263,819,1172,1749,
47.272326507502704,96262,820,1172,1749,
47.27236110930235,96261,821,1172,1749,
47.277360980809966,96261,820,1173,1749,
47.27826326176094,96260,821,1173,1749,
47.278286731175584,96260,820,1174,1749,
47.2820920190425,96259,821,1174,1749,
47.283449242350166,96259,820,1175,1749,
47.28348780887796,96259,820,1174,1750,
47.28672272928255,96259,820,1173,1751,
47.29051685788176,96258,821,1173,1751,
47.29196204392636,96257,822,1173,1751,
47.294875841616985,96257,821,1174,1751,
47.29521081780383,96257,820,1175,1751,
47.2953483197622,96257,819,1176,1751,
47.29654334357034,96257,818,1177,1751,
47.29711173300871,96256,819,1177,1751,
47.29954900352077,96255,820,1177,1751,
47.30091657000759,96255,819,1178,1751,
47.30124253910921,96255,819,1177,1752,
47.302205506822105,96255,818,1178,1752,
47.30799449890728,96254,819,1178,1752,
47.31236224604478,96254,818,1179,1752,
47.31484733551433,96254,817,1180,1752,
47.31634909097356,96254,816,1181,1752,
47.31818015483063,96254,815,1182,1752,
47.323927984775864,96253,816,1182,1752,
47.32562504282017,96253,816,1181,1753,
47.326165638178644,96252,817,1181,1753,
47.32620518384325,96252,817,1180,1754,
47.32728417172614,96252,816,1181,1754,
47.33090146008786,96252,815,1182,1754,
47.33477951666471,96252,815,1181,1755,
47.33582858466802,96251,816,1181,1755,
47.33612428025247,96251,816,1180,1756,
47.33871879309159,96250,817,1180,1756,
47.34020531600947,96250,817,1179,1757,
47.342108731063185,96250,817,1178,1758,
47.34296279335211,96250,817,1177,1759,
47.34798393909035,96250,816,1178,1759,
47.349140741967595,96250,815,1179,1759,
47.35313630967438,96250,814,1180,1759,
47.355689508868636,96249,815,1180,1759,
47.358400485057444,96248,816,1180,1759,
47.36359195597869,96248,815,1181,1759,
47.36386381081428,96248,815,1180,1760,
47.36417766569818,96248,815,1179,1761,
47.366455323588625,96247,816,1179,1761,
47.369092971133625,96246,817,1179,1761,
47.37029857436083,96246,816,1180,1761,
47.371054962412515,96246,815,1181,1761,
47.37115633511286,96246,815,1180,1762,
47.37193023433315,96245,816,1180,1762,
47.37284899811784,96245,815,1181,1762,
47.37697416399632,96244,816,1181,1762,
47.3804649258372,96244,815,1182,1762,
47.381449155172035,96244,815,1181,1763,
47.38186500301472,96244,815,1180,1764,
47.38496309494288,96243,816,1180,1764,
47.38779317043684,96243,816,1179,1765,
47.389057634071044,96243,815,1180,1765,
47.39041373920437,96242,816,1180,1765,
47.3919331295428,96242,815,1181,1765,
47.393451051035505,96242,814,1182,1765,
47.39594100284206,96241,815,1182,1765,
47.396579316674355,96241,815,1181,1766,
47.397492147181666,96241,814,1182,1766,
47.3986350290323,96240,815,1182,1766,
47.400361980537504,96240,815,1181,1767,
47.40353667446192,96240,814,1182,1767,
47.40399811039126,96240,813,1183,1767,
47.40410798827437,96239,814,1183,1767,
47.40440640411856,96238,815,1183,1767,
47.40499215345136,96238,814,1184,1767,
47.40607075459151,96238,814,1183,1768,
47.407897289613416,96238,814,1182,1769,
47.40940182489161,96238,813,1183,1769,
47.41831694856262,96238,812,1184,1769,
47.42140446693774,96238,811,1185,1769,
47.42218632659697,96238,811,1184,1770,
47.42226606711758,96238,810,1185,1770,
47.42525995224089,96238,810,1184,1771,
47.42589979277861,96237,811,1184,1771,
47.43611834007406,96237,811,1183,1772,
47.43612264259446,96237,810,1184,1772,
47.4399860648782,96237,810,1183,1773,
47.44360235736141,96236,811,1183,1773,
47.44604607805181,96235,812,1183,1773,
47.44790470131317,96234,813,1183,1773,
47.45295588529802,96234,812,1184,1773,
47.458149586914736,96233,813,1184,1773,
47.458410640296314,96233,812,1185,1773,
47.46074582142458,96233,811,1186,1773,
47.46223748807561,96232,812,1186,1773,
47.46687432527867,96232,812,1185,1774,
47.47019329947781,96231,813,1185,1774,
47.47068079655266,96231,812,1186,1774,
47.47145033278885,96231,811,1187,1774,
47.47271714359946,96231,811,1186,1775,
47.47564418896755,96231,811,1185,1776,
47.480825622357756,96231,811,1184,1777,
47.481521255134574,96231,810,1185,1777,
47.482753059974634,96231,809,1186,1777,
47.48441151023383,96231,809,1185,1778,
47.48616723820326,96231,809,1184,1779,
47.48630883254256,96231,809,1183,1780,
47.48642178365636,96230,810,1183,1780,
47.48791776464776,96230,809,1184,1780,
47.48974530872277,96229,810,1184,1780,
47.49338647571882,96228,811,1184,1780,
47.49564739931897,96228,811,1183,1781,
47.49593625749675,96227,812,1183,1781,
47.50093589090691,96227,811,1184,1781,
47.505173393338225,96227,811,1183,1782,
47.50518338408053,96227,810,1184,1782,
47.505561892223966,96227,810,1183,1783,
47.50740492463394,96227,810,1182,1784,
47.50767033472419,96226,811,1182,1784,
47.50955306100316,96226,810,1183,1784,
47.51037920953465,96225,811,1183,1784,
47.511269243899186,96225,810,1184,1784,
47.51281579007219,96225,809,1185,1784,
47.512964933956944,96224,810,1185,1784,
47.515064422856874,96223,811,1185,1784,
47.52070735069379,96223,811,1184,1785,
47.525473177240016,96223,811,1183,1786,
47.527315287380176,96223,811,1182,1787,
47.53243048442536,96222,812,1182,1787,
47.53403352781404,96221,813,1182,1787,
47.537023150353704,96221,813,1181,1788,
47.538941293622074,96221,812,1182,1788,
47.5519539286144,96220,813,1182,1788,
47.553080654216906,96219,814,1182,1788,
47.55622371058786,96219,813,1183,1788,
47.560695877507676,96218,814,1183,1788,
47.568203362318606,96218,814,1182,1789,
47.571994883604624,96218,813,1183,1789,
47.57404430728069,96218,813,1182,1790,
47.57462609278601,96218,812,1183,1790,
47.57485522156152,96218,812,1182,1791,
47.575558774797884,96218,812,1181,1792,
47.57601456017774,96218,812,1180,1793,
47.57804391325791,96218,812,1179,1794,
47.580092285900086,96217,813,1179,1794,
47.58272470360214,96217,813,1178,1795,
47.584805937493776,96216,814,1178,1795,
47.58558908086685,96215,815,1178,1795,
47.5879576598566,96214,816,1178,1795,
47.58913138581402,96214,815,1179,1795,
47.59052077985254,96214,814,1180,1795,
47.59195649276688,96214,814,1179,1796,
47.59888162490464,96214,814,1178,1797,
47.599785785569544,96214,814,1177,1798,
47.599872792149164,96213,815,1177,1798,
47.60430872436956,96212,816,1177,1798,
47.60566275048227,96211,817,1177,1798,
47.607391545965484,96210,818,1177,1798,
47.60857811292901,96209,819,1177,1798,
47.60919652692316,96208,820,1177,1798,
47.61181140575136,96208,819,1178,1798,
47.61386099220548,96207,820,1178,1798,
47.61550495449239,96207,820,1177,1799,
47.61613889754298,96207,819,1178,1799,
47.617271717496784,96207,818,1179,1799,
47.61732024334658,96207,817,1180,1799,
47.626056799146276,96207,816,1181,1799,
47.626508941895494,96206,817,1181,1799,
47.627979531681724,96206,816,1182,1799,
47.63014221209665,96206,815,1183,1799,
47.630512230644555,96205,816,1183,1799,
47.63234569521946,96205,816,1182,1800,
47.63367829000438,96204,817,1182,1800,
47.63391167389568,96203,818,1182,1800,
47.637071811402365,96203,817,1183,1800,
47.638134307499485,96203,817,1182,1801,
47.641003204495306,96203,816,1183,1801,
47.64154362411184,96202,817,1183,1801,
47.648475692719806,96201,818,1183,1801,
47.64936441429056,96200,819,1183,1801,
47.6529995792831,96199,820,1183,1801,
47.65417613016223,96199,820,1182,1802,
47.655879974981005,96199,820,1181,1803,
47.658279660831575,96199,820,1180,1804,
47.66135125538015,96199,820,1179,1805,
47.66369027921801,96199,819,1180,1805,
47.664466926235285,96199,818,1181,1805,
47.6647960305598,96199,818,1180,1806,
47.66587511175764,96198,819,1180,1806,
47.66975164735249,96198,819,1179,1807,
47.66992995500546,96197,820,1179,1807,
47.671331648293,96197,819,1180,1807,
47.67137480731209,96196,820,1180,1807,
47.67316725410552,96196,820,1179,1808,
47.681476369600354,96196,819,1180,1808,
47.684088386826325,96196,819,1179,1809,
47.68722376895374,96196,818,1180,1809,
47.68783922728858,96196,817,1181,1809,
47.68994415691905,96196,816,1182,1809,
47.690783523217725,96196,816,1181,1810,
47.69839083225143,96196,816,1180,1811,
47.70179833744291,96195,817,1180,1811,
47.710169362615645,96194,818,1180,1811,
47.710738603660104,96194,818,1179,1812,
47.714863018794105,96194,817,1180,1812,
47.71632434166062,96194,817,1179,1813,
47.71790089088903,96194,816,1180,1813,
47.718516181399366,96194,815,1181,1813,
47.719400955257385,96194,814,1182,1813,
47.72022148215969,96194,813,1183,1813,
47.72077220751315,96194,812,1184,1813,
47.72122510776747,96194,812,1183,1814,
47.722403624155376,96193,813,1183,1814,
47.72252908157502,96192,814,1183,1814,
47.726275074751335,96192,814,1182,1815,
47.72881408936431,96192,813,1183,1815,
47.72962310553113,96192,812,1184,1815,
47.737573084222845,96191,813,1184,1815,
47.73968506217661,96190,814,1184,1815,
47.74019954256012,96189,815,1184,1815,
47.740854398908645,96189,815,1183,1816,
47.742125292342585,96189,814,1184,1816,
47.74355441565078,96189,813,1185,1816,
47.746231751256715,96189,813,1184,1817,
47.746281094697615,96188,814,1184,1817,
47.748424580642194,96188,814,1183,1818,
47.75037153398678,96188,814,1182,1819,
47.751322795250225,96187,815,1182,1819,
47.75149435853995,96186,816,1182,1819,
47.751660906227755,96186,816,1181,1820,
47.75223917805033,96186,815,1182,1820,
47.752542201707676,96186,815,1181,1821,
47.752971138303074,96186,814,1182,1821,
47.755427019338455,96185,815,1182,1821,
47.75611780422712,96184,816,1182,1821,
47.758776078137466,96183,817,1182,1821,
47.75984210186126,96182,818,1182,1821,
47.76355550764314,96181,819,1182,1821,
47.76488434522592,96181,819,1181,1822,
47.76508634741357,96181,818,1182,1822,
47.7681915446973,96181,817,1183,1822,
47.77008403213527,96181,816,1184,1822,
47.77216492166511,96181,816,1183,1823,
47.772221265619976,96181,816,1182,1824,
47.77372602443763,96181,815,1183,1824,
47.77405538393454,96180,816,1183,1824,
47.77412211381979,96179,817,1183,1824,
47.77477541243969,96178,818,1183,1824,
47.779776486832965,96178,818,1182,1825,
47.781902881224475,96178,817,1183,1825,
47.78424824615559,96178,816,1184,1825,
47.78510753486393,96177,817,1184,1825,
47.79346084206247,96177,816,1185,1825,
47.79446519288265,96177,816,1184,1826,
47.79900959703768,96176,817,1184,1826,
47.800012721563206,96176,816,1185,1826,
47.800336131231646,96176,815,1186,1826,
47.800747554482186,96176,815,1185,1827,
47.80337729260467,96176,815,1184,1828,
47.805370589700715,96176,815,1183,1829,
47.80722623765191,96176,815,1182,1830,
47.8078370720361,96176,815,1181,1831,
47.808740884267145,96176,814,1182,1831,
47.813573712377554,96176,814,1181,1832,
47.815502701651525,96176,813,1182,1832,
47.81795065462604,96176,813,1181,1833,
47.81807361455779,96176,812,1182,1833,
47.81949061363503,96175,813,1182,1833,
47.82211816154553,96175,813,1181,1834,
47.82301225747272,96175,813,1180,1835,
47.82766632937564,96175,813,1179,1836,
47.833087101224244,96174,814,1179,1836,
47.83503090838739,96173,815,1179,1836,
47.83636009495684,96172,816,1179,1836,
47.83650709622417,96172,815,1180,1836,
47.83873943808343,96172,814,1181,1836,
47.842546164995284,96172,813,1182,1836,
47.84369112472968,96172,813,1181,1837,
47.84882968806011,96172,812,1182,1837,
47.850897738510696,96171,813,1182,1837,
47.853881487817404,96170,814,1182,1837,
47.85469810148421,96170,814,1181,1838,
47.85836621460782,96170,813,1182,1838,
47.85921090339166,96169,814,1182,1838,
47.86082997891918,96169,814,1181,1839,
47.8663353096571,96168,815,1181,1839,
47.867245488841114,96167,816,1181,1839,
47.87060150859633,96167,815,1182,1839,
47.875466873983775,96166,816,1182,1839,
47.87665283135898,96166,816,1181,1840,
47.87666135873305,96166,815,1182,1840,
47.877513323625784,96165,816,1182,1840,
47.87880514099412,96165,816,1181,1841,
47.8799834117592,96164,817,1181,1841,
47.8813834241595,96164,817,1180,1842,
47.882442124672984,96164,817,1179,1843,
47.884882879556436,96164,817,1178,1844,
47.8889653617552,96164,816,1179,1844,
47.89680427297314,96164,815,1180,1844,
47.89827361492386,96164,815,1179,1845,
47.89837398462598,96164,814,1180,1845,
47.90803614075543,96164,813,1181,1845,
47.90885179643653,96164,812,1182,1845,
47.90918621600868,96163,813,1182,1845,
47.9123637767862,96163,812,1183,1845,
47.91403763596279,96163,812,1182,1846,
47.91770045676177,96163,812,1181,1847,
47.9182258172402,96162,813,1181,1847,
47.920582995450445,96162,813,1180,1848,
47.922099819345256,96162,813,1179,1849,
47.92258811112139,96162,812,1180,1849,
47.92530298451556,96161,813,1180,1849,
47.9261978369695,96161,812,1181,1849,
47.92819368191966,96160,813,1181,1849,
47.92903117903764,96160,813,1180,1850,
47.929121867132146,96160,813,1179,1851,
47.937881447650625,96160,812,1180,1851,
47.94433517410922,96159,813,1180,1851,
47.94448556010796,96159,812,1181,1851,
47.94466975044431,96159,812,1180,1852,
47.94555675740862,96159,812,1179,1853,
47.94581395321451,96159,811,1180,1853,
47.946059062495934,96159,811,1179,1854,
47.94859368070804,96159,810,1180,1854,
47.951653639249955,96158,811,1180,1854,
47.95168922743318,96157,812,1180,1854,
47.95540858960892,96156,813,1180,1854,
47.95938592031807,96156,813,1179,1855,
47.96043478522332,96156,812,1180,1855,
47.96533130487115,96156,812,1179,1856,
47.969486796610894,96156,812,1178,1857,
47.971472636157564,96155,813,1178,1857,
47.972093152654196,96155,812,1179,1857,
47.97415681692346,96155,812,1178,1858,
47.98337313804921,96154,813,1178,1858,
47.98462620165944,96153,814,1178,1858,
47.98582563993622,96153,814,1177,1859,
47.98640155532429,96152,815,1177,1859,
47.98700633996826,96152,815,1176,1860,
47.98960766971878,96151,816,1176,1860,
47.98984815184801,96151,815,1177,1860,
47.990395665410524,96151,814,1178,1860,
47.99053216691002,96151,814,1177,1861,
47.9972838385847,96150,815,1177,1861,
47.997454600656205,96149,816,1177,1861,
47.997501887927925,96149,815,1178,1861,
47.99922243919246,96149,815,1177,1862,
48.00277204305814,96148,816,1177,1862,
48.00344645703083,96147,817,1177,1862,
48.006909734951144,96146,818,1177,1862,
48.00747427166266,96146,818,1176,1863,
48.007575914940574,96145,819,1176,1863,
48.008118095799674,96144,820,1176,1863,
48.0092659256927,96144,819,1177,1863,
48.00969963427038,96144,819,1176,1864,
48.01171746744841,96143,820,1176,1864,
48.01353855418829,96143,819,1177,1864,
48.01455060706189,96143,818,1178,1864,
48.02006452538398,96143,817,1179,1864,
48.020608689084476,96142,818,1179,1864,
48.02074618739566,96142,817,1180,1864,
48.02430881693398,96141,818,1180,1864,
48.02732855325821,96141,818,1179,1865,
48.02962936035535,96141,817,1180,1865,
48.03340612230471,96141,817,1179,1866,
48.03343863304934,96141,817,1178,1867,
48.03361761801128,96140,818,1178,1867,
48.03652554136411,96139,819,1178,1867,
48.04316177698697,96139,818,1179,1867,
48.04322500275134,96138,819,1179,1867,
48.04468466114132,96137,820,1179,1867,
48.04693475732859,96136,821,1179,1867,
48.05029846628452,96136,820,1180,1867,
48.053155108911824,96135,821,1180,1867,
48.05450062482121,96134,822,1180,1867,
48.05498989220708,96134,822,1179,1868,
48.062220645531276,96133,823,1179,1868,
48.0683186583556,96132,824,1179,1868,
48.06888631072235,96132,823,1180,1868,
48.06899903075257,96132,822,1181,1868,
48.07147492217362,96132,821,1182,1868,
48.073969662217465,96132,820,1183,1868,
48.07486641250407,96132,819,1184,1868,
48.07527754912475,96131,820,1184,1868,
48.078882190955994,96131,819,1185,1868,
48.08033525167557,96130,820,1185,1868,
48.08376916431828,96130,819,1186,1868,
48.09330473505578,96130,819,1185,1869,
48.10674447000734,96130,818,1186,1869,
48.108161957688125,96129,819,1186,1869,
48.108345713236574,96128,820,1186,1869,
48.11173825157271,96128,819,1187,1869,
48.111890967705804,96127,820,1187,1869,
48.113244074007696,96127,819,1188,1869,
48.11461394163371,96126,820,1188,1869,
48.11699457469449,96126,819,1189,1869,
48.117321538744264,96125,820,1189,1869,
48.11773293155497,96124,821,1189,1869,
48.11800810872471,96124,821,1188,1870,
48.12036225513452,96124,820,1189,1870,
48.1251902634093,96124,820,1188,1871,
48.127418809362204,96123,821,1188,1871,
48.128397241786885,96123,821,1187,1872,
48.12980172286801,96123,821,1186,1873,
48.13022324523043,96123,820,1187,1873,
48.133128853665,96122,821,1187,1873,
48.1352907925686,96122,820,1188,1873,
48.13846864174661,96121,821,1188,1873,
48.14322146570541,96120,822,1188,1873,
48.14479280032465,96119,823,1188,1873,
48.1453888925906,96118,824,1188,1873,
48.14706358012959,96118,823,1189,1873,
48.148022192170316,96118,823,1188,1874,
48.152558087914976,96118,823,1187,1875,
48.158437697289415,96117,824,1187,1875,
48.16240938497273,96117,824,1186,1876,
48.16313064437574,96117,823,1187,1876,
48.16400167600179,96117,823,1186,1877,
48.16425351940981,96117,823,1185,1878,
48.16529120511707,96117,823,1184,1879,
48.16684700058581,96117,823,1183,1880,
48.166998047803645,96117,823,1182,1881,
48.16737309841511,96116,824,1182,1881,
48.1675221196062,96116,824,1181,1882,
48.16792217067882,96115,825,1181,1882,
48.177290230492524,96114,826,1181,1882,
48.183031066815765,96114,825,1182,1882,
48.184059652080535,96114,824,1183,1882,
48.19262262021361,96113,825,1183,1882,
48.193520515013496,96113,825,1182,1883,
48.19893927444632,96113,825,1181,1884,
48.20168067953939,96113,824,1182,1884,
48.20378426081836,96113,823,1183,1884,
48.20490743012142,96113,822,1184,1884,
48.21253752480008,96113,822,1183,1885,
48.216248770306436,96113,822,1182,1886,
48.21708063363045,96113,821,1183,1886,
48.21819279117252,96112,822,1183,1886,
48.22498926926733,96112,821,1184,1886,
48.22881722232107,96112,821,1183,1887,
48.229991195194344,96112,821,1182,1888,
48.23008623330954,96112,820,1183,1888,
48.23461119097266,96112,819,1184,1888,
48.2346910406554,96112,818,1185,1888,
48.23918919772823,96112,817,1186,1888,
48.243244656347294,96112,817,1185,1889,
48.24368474141851,96112,817,1184,1890,
48.246430047275105,96112,816,1185,1890,
48.24973174365634,96111,817,1185,1890,
48.249873375107455,96111,816,1186,1890,
48.25198314545385,96110,817,1186,1890,
48.253310517123246,96110,816,1187,1890,
48.253883783466726,96110,815,1188,1890,
48.25827692125137,96110,815,1187,1891,
48.259478530652764,96110,814,1188,1891,
48.26143193478908,96110,814,1187,1892,
48.26165393642229,96109,815,1187,1892,
48.26430968079914,96109,814,1188,1892,
48.26682013530465,96109,813,1189,1892,
48.26948837694227,96109,813,1188,1893,
48.270507249653065,96108,814,1188,1893,
48.270984122290066,96108,814,1187,1894,
48.27285713015897,96107,815,1187,1894,
48.27566446474318,96107,815,1186,1895,
48.27800050862142,96107,814,1187,1895,
48.28409241182592,96106,815,1187,1895,
48.288159296388365,96106,815,1186,1896,
48.28840272455555,96105,816,1186,1896,
48.28885113749599,96105,815,1187,1896,
48.29036140965094,96105,814,1188,1896,
48.29077539570756,96104,815,1188,1896,
48.29501238657645,96103,816,1188,1896,
48.30607649623464,96103,816,1187,1897,
48.30641783532399,96102,817,1187,1897,
48.3115099794021,96101,818,1187,1897,
48.31543840714556,96101,818,1186,1898,
48.323697639935425,96100,819,1186,1898,
48.327837090064385,96100,818,1187,1898,
48.32799916959027,96100,817,1188,1898,
48.32890306787135,96100,816,1189,1898,
48.3295011974619,96100,816,1188,1899,
48.33203874148772,96099,817,1188,1899,
48.33370762610588,96098,818,1188,1899,
48.33392431815836,96098,817,1189,1899,
48.33467787056569,96098,817,1188,1900,
48.335487904519226,96098,817,1187,1901,
48.335926961804915,96097,818,1187,1901,
48.337652197803045,96097,818,1186,1902,
48.3396119103419,96097,817,1187,1902,
48.341897548280194,96097,816,1188,1902,
48.34307548783317,96096,817,1188,1902,
48.34344519588408,96096,817,1187,1903,
48.34366785468278,96096,816,1188,1903,
48.34472805727018,96096,815,1189,1903,
48.3457480413387,96096,815,1188,1904,
48.34591411998088,96096,814,1189,1904,
48.34737226304848,96096,814,1188,1905,
48.34956008454623,96095,815,1188,1905,
48.349843745526044,96095,814,1189,1905,
48.35097831758403,96095,814,1188,1906,
48.35199242164731,96095,813,1189,1906,
48.35394252770258,96095,813,1188,1907,
48.35461033026249,96095,813,1187,1908,
48.35531058307586,96095,813,1186,1909,
48.35811224599739,96095,813,1185,1910,
48.35945352515931,96094,814,1185,1910,
48.36596989997882,96093,815,1185,1910,
48.36604276373358,96093,814,1186,1910,
48.36983363534214,96093,814,1185,1911,
48.37400625891143,96092,815,1185,1911,
48.37846013356115,96091,816,1185,1911,
48.379357541954555,96090,817,1185,1911,
48.38097530813245,96090,816,1186,1911,
48.382110355565146,96090,816,1185,1912,
48.38355506037749,96090,816,1184,1913,
48.384064804016276,96090,815,1185,1913,
48.38748019130816,96090,814,1186,1913,
48.39185017119888,96090,814,1185,1914,
48.39365694030977,96089,815,1185,1914,
48.39981174437793,96089,815,1184,1915,
48.40126653626302,96089,814,1185,1915,
48.404149290602334,96089,814,1184,1916,
48.40460732092822,96089,813,1185,1916,
48.41087018647115,96089,813,1184,1917,
48.421009635728865,96089,813,1183,1918,
48.42234982780075,96088,814,1183,1918,
48.42372688016285,96088,814,1182,1919,
48.42377210954774,96087,815,1182,1919,
48.42987414767768,96087,815,1181,1920,
48.430829155563345,96086,816,1181,1920,
48.43188820645009,96085,817,1181,1920,
48.43381213396713,96085,817,1180,1921,
48.44250128827205,96084,818,1180,1921,
48.44488198016122,96083,819,1180,1921,
48.44784390155213,96082,820,1180,1921,
48.448879655031156,96082,819,1181,1921,
48.450168085589624,96081,820,1181,1921,
48.451341201837636,96080,821,1181,1921,
48.452213866441255,96080,820,1182,1921,
48.454994112013026,96080,819,1183,1921,
48.45548336268324,96080,818,1184,1921,
48.459041552696554,96080,818,1183,1922,
48.460304176711226,96080,817,1184,1922,
48.46192838158799,96079,818,1184,1922,
48.46235891889005,96078,819,1184,1922,
48.46273196628945,96077,820,1184,1922,
48.462935946979826,96076,821,1184,1922,
48.46415891696088,96076,820,1185,1922,
48.465294407660714,96075,821,1185,1922,
48.465987257460334,96074,822,1185,1922,
48.46854118094082,96074,821,1186,1922,
48.46878399554273,96073,822,1186,1922,
48.4696102563237,96073,821,1187,1922,
48.471021093832576,96072,822,1187,1922,
48.4724443501485,96071,823,1187,1922,
48.472884864461996,96071,823,1186,1923,
48.473929951850536,96071,823,1185,1924,
48.4748867176188,96071,822,1186,1924,
48.4755165017351,96071,821,1187,1924,
48.475604572005324,96070,822,1187,1924,
48.48003860718693,96069,823,1187,1924,
48.481863163911164,96068,824,1187,1924,
48.48192765231792,96067,825,1187,1924,
48.48358834350549,96067,824,1188,1924,
48.49251250888204,96067,824,1187,1925,
48.49357485999681,96066,825,1187,1925,
48.49419904672338,96066,825,1186,1926,
48.49572217213879,96066,825,1185,1927,
48.49778512151786,96066,824,1186,1927,
48.498214817175736,96066,823,1187,1927,
48.49910478818495,96065,824,1187,1927,
48.49921112826002,96065,824,1186,1928,
48.50169865135061,96065,824,1185,1929,
48.50221044679427,96065,824,1184,1930,
48.50426036290293,96064,825,1184,1930,
48.50428538773846,96063,826,1184,1930,
48.505909474988215,96063,826,1183,1931,
48.50665473521461,96063,825,1184,1931,
48.507099498240585,96063,825,1183,1932,
48.51176823186069,96063,825,1182,1933,
48.51207161650131,96062,826,1182,1933,
48.519135098063174,96062,825,1183,1933,
48.52026421845707,96062,824,1184,1933,
48.52160200561713,96061,825,1184,1933,
48.52183925143753,96061,825,1183,1934,
48.521949229388824,96060,826,1183,1934,
48.5221934144424,96059,827,1183,1934,
48.52336712071196,96059,827,1182,1935,
48.52753855161078,96059,827,1181,1936,
48.53076462374467,96058,828,1181,1936,
48.53246779366285,96057,829,1181,1936,
48.53331949616851,96057,828,1182,1936,
48.534260435724356,96057,827,1183,1936,
48.53896755859478,96056,828,1183,1936,
48.53898826271706,96056,827,1184,1936,
48.540933488261544,96056,827,1183,1937,
48.54143872030788,96056,827,1182,1938,
48.54206260457501,96056,827,1181,1939,
48.5445938381006,96056,826,1182,1939,
48.54463985619859,96056,826,1181,1940,
48.55765088733413,96056,825,1182,1940,
48.55862216784795,96055,826,1182,1940,
48.559464122356886,96055,826,1181,1941,
48.56219055887209,96055,826,1180,1942,
48.566696739543254,96055,825,1181,1942,
48.56671486811478,96055,825,1180,1943,
48.56686834705312,96055,824,1181,1943,
48.56792763214446,96054,825,1181,1943,
48.570697888306206,96054,824,1182,1943,
48.57531377944944,96054,824,1181,1944,
48.57681591247153,96053,825,1181,1944,
48.57733153997063,96053,824,1182,1944,
48.580822897019345,96053,823,1183,1944,
48.58827807978297,96053,822,1184,1944,
48.58888166988929,96053,822,1183,1945,
48.58964160401465,96052,823,1183,1945,
48.590079777577586,96052,823,1182,1946,
48.59116387905227,96052,823,1181,1947,
48.59168934109815,96052,823,1180,1948,
48.59234817584281,96052,823,1179,1949,
48.59372240710153,96051,824,1179,1949,
48.59377643014438,96051,824,1178,1950,
48.594987806851876,96050,825,1178,1950,
48.5954936223319,96050,825,1177,1951,
48.595673174704494,96049,826,1177,1951,
48.596500858586744,96049,826,1176,1952,
48.59773785615777,96048,827,1176,1952,
48.59793235366657,96048,827,1175,1953,
48.60042986164766,96048,826,1176,1953,
48.604106358097305,96047,827,1176,1953,
48.604827593208086,96046,828,1176,1953,
48.60545641595391,96046,827,1177,1953,
48.60932914344349,96045,828,1177,1953,
48.60952142350231,96045,828,1176,1954,
48.61113819040642,96045,827,1177,1954,
48.6137396704489,96045,827,1176,1955,
48.61523815407211,96045,827,1175,1956,
48.61750845804269,96045,826,1176,1956,
48.618769894534125,96045,825,1177,1956,
48.62344266692234,96045,825,1176,1957,
48.62451480054935,96045,824,1177,1957,
48.625022391792406,96045,824,1176,1958,
48.63030241352898,96044,825,1176,1958,
48.63172890692473,96044,824,1177,1958,
48.63194876465055,96044,824,1176,1959,
48.632521063593416,96043,825,1176,1959,
48.633036074997406,96043,824,1177,1959,
48.63654148628923,96043,824,1176,1960,
48.637334671876836,96043,823,1177,1960,
48.63942264208872,96043,822,1178,1960,
48.64198411531824,96043,821,1179,1960,
48.64225213074074,96043,820,1180,1960,
48.644086093691094,96042,821,1180,1960,
48.64410890545751,96041,822,1180,1960,
48.649154797771914,96040,823,1180,1960,
48.651769084906924,96040,822,1181,1960,
48.65243978936462,96040,822,1180,1961,
48.65348381556832,96040,822,1179,1962,
48.65714187796593,96040,821,1180,1962,
48.66281556067163,96039,822,1180,1962,
48.666572678082964,96039,822,1179,1963,
48.667403758069625,96039,821,1180,1963,
48.672460732767966,96038,822,1180,1963,
48.67587178972816,96038,822,1179,1964,
48.67863632870775,96037,823,1179,1964,
48.67957655152559,96037,823,1178,1965,
48.67970448089796,96037,822,1179,1965,
48.67974880339848,96036,823,1179,1965,
48.6807269497796,96036,822,1180,1965,
48.684022184506155,96035,823,1180,1965,
48.68499412231834,96035,823,1179,1966,
48.68763833847639,96035,822,1180,1966,
48.68771115692872,96034,823,1180,1966,
48.68943562095903,96033,824,1180,1966,
48.69140555507908,96033,823,1181,1966,
48.69195820975525,96033,822,1182,1966,
48.69478179272203,96033,821,1183,1966,
48.69487681711841,96032,822,1183,1966,
48.6952831148072,96032,821,1184,1966,
48.69970973180065,96032,821,1183,1967,
48.699743725984035,96031,822,1183,1967,
48.70036261562846,96031,822,1182,1968,
48.70358600186432,96031,822,1181,1969,
48.70419245341749,96031,821,1182,1969,
48.7051080767335,96030,822,1182,1969,
48.71297313308436,96030,821,1183,1969,
48.7151221120561,96030,820,1184,1969,
48.71761654352698,96029,821,1184,1969,
48.719809865696476,96029,821,1183,1970,
48.721475505973736,96029,821,1182,1971,
48.72665545372547,96029,821,1181,1972,
48.72689149675514,96029,821,1180,1973,
48.73104017226648,96028,822,1180,1973,
48.73458720943058,96028,822,1179,1974,
48.73699961570345,96027,823,1179,1974,
48.73868197327137,96026,824,1179,1974,
48.73916855386631,96026,824,1178,1975,
48.74073950436246,96026,824,1177,1976,
48.741951237392996,96026,823,1178,1976,
48.75001498921959,96026,823,1177,1977,
48.75017678898737,96025,824,1177,1977,
48.7505901791834,96025,823,1178,1977,
48.754526735561015,96025,823,1177,1978,
48.75917281009915,96025,822,1178,1978,
48.75933525231804,96025,821,1179,1978,
48.76143320121987,96025,820,1180,1978,
48.764221890240904,96025,820,1179,1979,
48.764339505171165,96025,819,1180,1979,
48.76448114493887,96024,820,1180,1979,
48.765283745968816,96023,821,1180,1979,
48.765533917858285,96023,820,1181,1979,
48.767184680786144,96023,820,1180,1980,
48.76813759405691,96023,820,1179,1981,
48.77023290593792,96023,819,1180,1981,
48.77155623824943,96023,819,1179,1982,
48.771777879187155,96023,819,1178,1983,
48.777617271727976,96022,820,1178,1983,
48.780589983697816,96022,819,1179,1983,
48.781719478639076,96022,818,1180,1983,
48.78195742652596,96021,819,1180,1983,
48.78245921194779,96021,818,1181,1983,
48.78460226607726,96021,817,1182,1983,
48.7858879730504,96021,816,1183,1983,
48.78766736442757,96020,817,1183,1983,
48.79028291252623,96020,816,1184,1983,
48.791765870188556,96020,815,1185,1983,
48.79510665549528,96020,815,1184,1984,
48.79549940034406,96019,816,1184,1984,
48.79683294892282,96019,815,1185,1984,
48.799617167111414,96019,815,1184,1985,
48.80279427558811,96018,816,1184,1985,
48.80409475887736,96018,815,1185,1985,
48.81299324498365,96017,816,1185,1985,
48.82091729722305,96017,815,1186,1985,
48.82129194410556,96017,814,1187,1985,
48.822500089094724,96016,815,1187,1985,
48.822535729577254,96016,814,1188,1985,
48.82325900308223,96016,813,1189,1985,
48.82801203502315,96016,812,1190,1985,
48.83384272013336,96015,813,1190,1985,
48.833975609609254,96014,814,1190,1985,
48.835697768550006,96014,814,1189,1986,
48.838068299906645,96014,813,1190,1986,
48.839098661606634,96014,812,1191,1986,
48.83969207585162,96013,813,1191,1986,
48.84140741284138,96012,814,1191,1986,
48.84230881069254,96012,814,1190,1987,
48.842888942236065,96012,813,1191,1987,
48.843869953369044,96011,814,1191,1987,
48.850582381116666,96011,813,1192,1987,
48.850735980852114,96010,814,1192,1987,
48.85277324736586,96010,813,1193,1987,
48.853455472390706,96009,814,1193,1987,
48.85398032238332,96009,813,1194,1987,
48.85487493027392,96008,814,1194,1987,
48.85490975708039,96008,814,1193,1988,
48.85679861471307,96007,815,1193,1988,
48.858470218074906,96007,815,1192,1989,
48.85970471451147,96006,816,1192,1989,
48.86381005545469,96006,816,1191,1990,
48.866901468572635,96006,815,1192,1990,
48.868039339536516,96006,815,1191,1991,
48.86965690714179,96005,816,1191,1991,
48.87281618371604,96005,815,1192,1991,
48.87661370131815,96004,816,1192,1991,
48.87684949508125,96004,815,1193,1991,
48.878814987143855,96004,814,1194,1991,
48.87957511062874,96003,815,1194,1991,
48.87982927202034,96003,815,1193,1992,
48.88994502476,96003,814,1194,1992,
48.892253649040164,96002,815,1194,1992,
48.89252918671773,96002,814,1195,1992,
48.894834161010074,96002,814,1194,1993,
48.89505075570046,96002,813,1195,1993,
48.899060053290796,96002,812,1196,1993,
48.90128954059977,96002,811,1197,1993,
48.90537865543786,96002,810,1198,1993,
48.905801044252755,96002,809,1199,1993,
48.90820271627757,96001,810,1199,1993,
48.90906805454509,96001,810,1198,1994,
48.90928298667447,96001,809,1199,1994,
48.911836218978614,96000,810,1199,1994,
48.911957609147294,95999,811,1199,1994,
48.911997903514326,95998,812,1199,1994,
48.913013422926845,95998,812,1198,1995,
48.918168725145364,95998,811,1199,1995,
48.92125768392455,95998,811,1198,1996,
48.92471617367535,95997,812,1198,1996,
48.927312785203526,95996,813,1198,1996,
48.929322830641574,95995,814,1198,1996,
48.92957923659435,95995,813,1199,1996,
48.92985488580412,95995,812,1200,1996,
48.93472561266699,95994,813,1200,1996,
48.93495755722849,95993,814,1200,1996,
48.93654424254027,95992,815,1200,1996,
48.939397865605414,95991,816,1200,1996,
48.93979085731244,95990,817,1200,1996,
48.94071403277234,95990,816,1201,1996,
48.94350657558049,95990,815,1202,1996,
48.948149992168,95990,815,1201,1997,
48.95155095644419,95989,816,1201,1997,
48.95586177328398,95988,817,1201,1997,
48.95624622105133,95988,816,1202,1997,
48.96267601750047,95988,815,1203,1997,
48.96960567831094,95987,816,1203,1997,
48.97100731232871,95987,816,1202,1998,
48.972966444347705,95986,817,1202,1998,
48.973400443990975,95985,818,1202,1998,
48.97604503711992,95985,817,1203,1998,
48.97714931929501,95985,816,1204,1998,
48.98123331244177,95985,815,1205,1998,
48.98218179575931,95985,814,1206,1998,
48.988560861614594,95984,815,1206,1998,
48.98898561063852,95983,816,1206,1998,
48.9891498660795,95982,817,1206,1998,
48.98940063543445,95982,816,1207,1998,
48.992050894258426,95982,815,1208,1998,
48.99257732504684,95981,816,1208,1998,
48.99295221711517,95981,815,1209,1998,
49.00245796112479,95981,815,1208,1999,
49.004259665147984,95981,814,1209,1999,
49.006433092069514,95980,815,1209,1999,
49.0097388480574,95980,814,1210,1999,
49.00998927519088,95980,813,1211,1999,
49.01084953239227,95980,813,1210,2000,
49.015001077511236,95980,812,1211,2000,
49.015554178503166,95979,813,1211,2000,
49.01581720210166,95978,814,1211,2000,
49.02063128941954,95977,815,1211,2000,
49.02380327677035,95977,815,1210,2001,
49.02462610370434,95976,816,1210,2001,
49.033271690351164,95976,815,1211,2001,
49.034158551784934,95975,816,1211,2001,
49.03566769213043,95975,816,1210,2002,
49.038301669165435,95975,815,1211,2002,
49.044512017736785,95974,816,1211,2002,
49.046116800663015,95974,815,1212,2002,
49.048621199403826,95973,816,1212,2002,
49.05007203097404,95973,815,1213,2002,
49.05028960621601,95973,814,1214,2002,
49.05065907125793,95973,813,1215,2002,
49.05173858136153,95973,813,1214,2003,
49.052277505394464,95972,814,1214,2003,
49.05245415843559,95971,815,1214,2003,
49.05316136348375,95971,815,1213,2004,
49.05320853264272,95971,815,1212,2005,
49.05574212848099,95970,816,1212,2005,
49.060004976992026,95970,815,1213,2005,
49.06186233705698,95970,815,1212,2006,
49.06927488494154,95970,815,1211,2007,
49.07805739294094,95969,816,1211,2007,
49.078147428535885,95969,815,1212,2007,
49.08038612194881,95969,815,1211,2008,
49.08183418268958,95969,815,1210,2009,
49.08301102804204,95968,816,1210,2009,
49.08583850598709,95968,815,1211,2009,
49.08638410376514,95968,814,1212,2009,
49.086544781226365,95968,814,1211,2010,
49.08772238090207,95968,813,1212,2010,
49.08975438202456,95968,813,1211,2011,
49.08982757275926,95967,814,1211,2011,
49.090400499637354,95967,813,1212,2011,
49.09149741871234,95967,812,1213,2011,
49.094656083889795,95967,812,1212,2012,
49.09838204974676,95967,811,1213,2012,
49.09838979614653,95967,810,1214,2012,
49.10121999454921,95967,809,1215,2012,
49.10142890082564,95967,808,1216,2012,
49.10551925066183,95966,809,1216,2012,
49.10754713989602,95965,810,1216,2012,
49.10783767413979,95964,811,1216,2012,
49.11081977674232,95964,810,1217,2012,
49.114656821786554,95964,809,1218,2012,
49.117760111240145,95964,808,1219,2012,
49.11846114158555,95964,808,1218,2013,
49.11932804826184,95963,809,1218,2013,
49.11938229942806,95962,810,1218,2013,
49.12488968575549,95962,809,1219,2013,
49.12613105118605,95962,808,1220,2013,
49.12664151309523,95961,809,1220,2013,
49.13007708911624,95961,808,1221,2013,
49.131055985950915,95961,807,1222,2013,
49.13247345962124,95960,808,1222,2013,
49.1338034519365,95960,808,1221,2014,
49.13434737203132,95960,808,1220,2015,
49.14024667456164,95960,808,1219,2016,
49.14291252962122,95960,808,1218,2017,
49.14355032286406,95959,809,1218,2017,
49.144188379255205,95959,808,1219,2017,
49.1467098318768,95959,807,1220,2017,
49.14755734373902,95959,807,1219,2018,
49.149426310583316,95959,807,1218,2019,
49.15022201950985,95959,807,1217,2020,
49.160264123480346,95959,806,1218,2020,
49.160653456505436,95959,805,1219,2020,
49.161012300853265,95958,806,1219,2020,
49.16415391665215,95958,806,1218,2021,
49.166597923973995,95957,807,1218,2021,
49.172059839075175,95956,808,1218,2021,
49.17826095662516,95956,807,1219,2021,
49.17853876296463,95956,806,1220,2021,
49.17868653920641,95956,806,1219,2022,
49.18102298309074,95956,806,1218,2023,
49.18248962476195,95956,806,1217,2024,
49.183010230947026,95956,805,1218,2024,
49.183015520347546,95956,805,1217,2025,
49.18353460437223,95955,806,1217,2025,
49.185044149059316,95954,807,1217,2025,
49.18805001483234,95954,806,1218,2025,
49.18880795021786,95954,806,1217,2026,
49.18941633138494,95954,806,1216,2027,
49.19343537009671,95954,805,1217,2027,
49.19723087115809,95953,806,1217,2027,
49.19744629868639,95953,805,1218,2027,
49.20018860364045,95953,805,1217,2028,
49.201397227593475,95952,806,1217,2028,
49.213293702925675,95952,806,1216,2029,
49.21421709244777,95952,806,1215,2030,
49.22014149623224,95952,805,1216,2030,
49.22462730345749,95951,806,1216,2030,
49.22642305392288,95951,806,1215,2031,
49.22951985756919,95951,806,1214,2032,
49.23099699691705,95950,807,1214,2032,
49.23497350502647,95950,806,1215,2032,
49.23533987762481,95950,805,1216,2032,
49.23863747598386,95949,806,1216,2032,
49.238647463384595,95949,805,1217,2032,
49.2396089056242,95948,806,1217,2032,
49.24117155196252,95947,807,1217,2032,
49.242827781077864,95946,808,1217,2032,
49.24312867972357,95946,808,1216,2033,
49.24411972246126,95945,809,1216,2033,
49.2452040346617,95944,810,1216,2033,
49.248851570396475,95943,811,1216,2033,
49.24946250788732,95943,810,1217,2033,
49.25640242853562,95942,811,1217,2033,
49.258131729142356,95942,811,1216,2034,
49.259564485712154,95941,812,1216,2034,
49.25974996721278,95941,811,1217,2034,
49.25992034035646,95941,810,1218,2034,
49.26193525224301,95941,809,1219,2034,
49.268744646390175,95941,808,1220,2034,
49.272892163491385,95941,807,1221,2034,
49.275694388561135,95940,808,1221,2034,
49.27791291451477,95940,808,1220,2035,
49.28180352349143,95940,807,1221,2035,
49.28558412920071,95939,808,1221,2035,
49.28713059985145,95939,808,1220,2036,
49.287664878674875,95939,808,1219,2037,
49.28945507394127,95938,809,1219,2037,
49.29172532097262,95937,810,1219,2037,
49.292459872087704,95937,810,1218,2038,
49.29587926529714,95936,811,1218,2038,
49.297267081518335,95936,810,1219,2038,
49.3000219325838,95936,810,1218,2039,
49.3009906337705,95936,809,1219,2039,
49.306407752875636,95935,810,1219,2039,
49.30721453148121,95935,810,1218,2040,
49.30758765711422,95935,809,1219,2040,
49.31057621179316,95934,810,1219,2040,
49.313374915535505,95933,811,1219,2040,
49.31518235798183,95932,812,1219,2040,
49.3191076623349,95931,813,1219,2040,
49.320512751821106,95931,812,1220,2040,
49.322804992234055,95931,811,1221,2040,
49.32289922753655,95931,810,1222,2040,
49.32798502595468,95931,809,1223,2040,
49.328066940633384,95931,808,1224,2040,
49.32832567263521,95930,809,1224,2040,
49.32942977375585,95930,808,1225,2040,
49.33026379960166,95930,807,1226,2040,
49.33156753202058,95930,807,1225,2041,
49.33295060851201,95930,806,1226,2041,
49.33698763600467,95930,805,1227,2041,
49.340766618701494,95930,805,1226,2042,
49.341504628472535,95929,806,1226,2042,
49.345280684127175,95929,806,1225,2043,
49.35153944703318,95929,805,1226,2043,
49.35333728921223,95929,804,1227,2043,
49.35527549787723,95928,805,1227,2043,
49.35599939589458,95928,805,1226,2044,
49.35668936807287,95928,804,1227,2044,
49.35691822854626,95928,803,1228,2044,
49.356953520070675,95928,802,1229,2044,
49.36015136595727,95928,801,1230,2044,
49.36215300459766,95928,801,1229,2045,
49.36319231582219,95928,801,1228,2046,
49.3654226146517,95928,800,1229,2046,
49.36685149416606,95927,801,1229,2046,
49.369075303090156,95927,800,1230,2046,
49.37132029580747,95927,800,1229,2047,
49.372154894415296,95927,799,1230,2047,
49.374093490207585,95927,798,1231,2047,
49.374125047040735,95927,798,1230,2048,
49.37703684684754,95926,799,1230,2048,
49.37774638051599,95926,798,1231,2048,
49.37875677116929,95926,797,1232,2048,
49.38140443508374,95926,797,1231,2049,
49.382253941324514,95926,797,1230,2050,
49.38523593648305,95926,796,1231,2050,
49.38893067736549,95925,797,1231,2050,
49.389059478234756,95925,797,1230,2051,
49.3954638012423,95925,797,1229,2052,
49.399454905942676,95925,797,1228,2053,
49.40289485363347,95925,796,1229,2053,
49.40386654225712,95925,796,1228,2054,
49.406986703793834,95925,795,1229,2054,
49.407240395838556,95925,795,1228,2055,
49.40731709590604,95925,795,1227,2056,
49.40740457081607,95925,794,1228,2056,
49.408081443109,95925,793,1229,2056,
49.408937603090244,95924,794,1229,2056,
49.41561548765445,95924,793,1230,2056,
49.41976205170157,95924,792,1231,2056,
49.421307328193095,95924,791,1232,2056,
49.42146603991132,95923,792,1232,2056,
49.42810521062093,95922,793,1232,2056,
49.42993156891731,95921,794,1232,2056,
49.430635596876215,95921,793,1233,2056,
49.431206597880184,95921,793,1232,2057,
49.431364069292286,95921,793,1231,2058,
49.43175747939058,95921,792,1232,2058,
49.43185493441585,95921,792,1231,2059,
49.43187334505478,95921,791,1232,2059,
49.437322326680736,95921,791,1231,2060,
49.43983305490512,95921,791,1230,2061,
49.445815039256956,95920,792,1230,2061,
49.44720070842901,95920,792,1229,2062,
49.4482030061641,95919,793,1229,2062,
49.44859326039492,95919,793,1228,2063,
49.44942480300679,95919,792,1229,2063,
49.453649194752536,95919,792,1228,2064,
49.45524490622307,95919,792,1227,2065,
49.45679487589931,95918,793,1227,2065,
49.45897218124026,95917,794,1227,2065,
49.46331016633821,95917,793,1228,2065,
49.46345186728587,95916,794,1228,2065,
49.46658057243311,95916,794,1227,2066,
49.46728954602961,95916,793,1228,2066,
49.47058108629487,95916,792,1229,2066,
49.47261547414553,95916,791,1230,2066,
49.47308621557557,95915,792,1230,2066,
49.48099213484098,95915,791,1231,2066,
49.48591420224899,95915,790,1232,2066,
49.48594799715253,95915,789,1233,2066,
49.490800698537456,95914,790,1233,2066,
49.4910378730909,95914,790,1232,2067,
49.49314759455235,95914,789,1233,2067,
49.49335692674809,95914,789,1232,2068,
49.4988896442125,95914,789,1231,2069,
49.499466186853745,95914,789,1230,2070,
49.49952944042093,95913,790,1230,2070,
49.505564551571524,95912,791,1230,2070,
49.505871114977474,95911,792,1230,2070,
49.510302356185846,95911,791,1231,2070,
49.51452282044185,95910,792,1231,2070,
49.5154583301765,95910,791,1232,2070,
49.51836525697961,95909,792,1232,2070,
49.51866466884737,95908,793,1232,2070,
49.52124280335031,95908,792,1233,2070,
49.523706680615994,95908,792,1232,2071,
49.52409386064717,95908,792,1231,2072,
49.52417351873014,95908,791,1232,2072,
49.52533005575069,95908,790,1233,2072,
49.526408457943724,95908,790,1232,2073,
49.52769280662439,95907,791,1232,2073,
49.531239617767206,95906,792,1232,2073,
49.532866023054616,95906,792,1231,2074,
49.536837841030874,95906,792,1230,2075,
49.53721865071868,95906,792,1229,2076,
49.53825763280533,95905,793,1229,2076,
49.5419218939471,95905,793,1228,2077,
49.54304891368708,95905,793,1227,2078,
49.54457287418812,95904,794,1227,2078,
49.54459488635481,95903,795,1227,2078,
49.55108896339403,95902,796,1227,2078,
49.55131204884021,95901,797,1227,2078,
49.55502185143453,95901,796,1228,2078,
49.55665728921413,95901,796,1227,2079,
49.55733107670906,95900,797,1227,2079,
49.561335096007895,95900,796,1228,2079,
49.56316697653245,95899,797,1228,2079,
49.566069181581945,95899,797,1227,2080,
49.56619969986412,95899,797,1226,2081,
49.56664897650448,95898,798,1226,2081,
49.57046183087741,95898,798,1225,2082,
49.57258282258053,95897,799,1225,2082,
49.57657428335292,95896,800,1225,2082,
49.57734082323615,95896,799,1226,2082,
49.580810972726596,95896,799,1225,2083,
49.58091695398115,95896,799,1224,2084,
49.582569568192255,95895,800,1224,2084,
49.58272439937611,95895,800,1223,2085,
49.58720893142416,95895,800,1222,2086,
49.592652952179655,95895,800,1221,2087,
49.593112262009484,95895,800,1220,2088,
49.59702715865413,95894,801,1220,2088,
49.5993329008784,95893,802,1220,2088,
49.60265048486607,95893,801,1221,2088,
49.60591797766082,95893,800,1222,2088,
49.6070919314523,95892,801,1222,2088,
49.60980767921312,95892,800,1223,2088,
49.61279828856283,95892,799,1224,2088,
49.61440778787855,95892,799,1223,2089,
49.618002741270274,95892,799,1222,2090,
49.621457202620356,95892,798,1223,2090,
49.629148335834685,95892,797,1224,2090,
49.62917677710737,95891,798,1224,2090,
49.63149019880451,95891,797,1225,2090,
49.634785494570245,95891,796,1226,2090,
49.63798094385922,95890,797,1226,2090,
49.64210367736493,95890,797,1225,2091,
49.64295614875101,95889,798,1225,2091,
49.643166993198854,95889,798,1224,2092,
49.6450148647932,95888,799,1224,2092,
49.64865182410633,95887,800,1224,2092,
49.6536728473302,95887,800,1223,2093,
49.663254926980386,95886,801,1223,2093,
49.664040851887904,95885,802,1223,2093,
49.66544257051655,95885,802,1222,2094,
49.66946831015565,95885,801,1223,2094,
49.67069215285368,95885,801,1222,2095,
49.67076337082556,95885,800,1223,2095,
49.670857891447945,95884,801,1223,2095,
49.67394391718724,95884,801,1222,2096,
49.67913978476523,95884,801,1221,2097,
49.68290985434513,95883,802,1221,2097,
49.684132733188804,95882,803,1221,2097,
49.684508120379704,95881,804,1221,2097,
49.68814135971616,95881,803,1222,2097,
49.69138925764649,95881,803,1221,2098,
49.69524935166071,95880,804,1221,2098,
49.6970802565765,95879,805,1221,2098,
49.697187600011,95879,804,1222,2098,
49.70289622576651,95879,804,1221,2099,
49.7032773401477,95878,805,1221,2099,
49.706251474333364,95878,805,1220,2100,
49.70635287414498,95878,804,1221,2100,
49.71060411807516,95878,804,1220,2101,
49.712753974038606,95877,805,1220,2101,
49.71285370400226,95876,806,1220,2101,
49.71433920873181,95876,806,1219,2102,
49.7147636060893,95875,807,1219,2102,
49.71499016091409,95875,807,1218,2103,
49.71759822522882,95875,806,1219,2103,
49.721561317644806,95874,807,1219,2103,
49.722628018963725,95873,808,1219,2103,
49.72360368331713,95873,807,1220,2103,
49.72372739177521,95873,807,1219,2104,
49.72524468666114,95872,808,1219,2104,
49.73007723925811,95871,809,1219,2104,
49.732901320509825,95871,808,1220,2104,
49.737778762522424,95871,808,1219,2105,
49.740202524647856,95870,809,1219,2105,
49.74073702875826,95869,810,1219,2105,
49.746705519538956,95869,809,1220,2105,
49.750185922149505,95869,808,1221,2105,
49.75296129862347,95868,809,1221,2105,
49.75517152834051,95868,809,1220,2106,
49.757891660891254,95868,809,1219,2107,
49.75803717834401,95868,809,1218,2108,
49.758429026637046,95868,809,1217,2109,
49.75975370079552,95868,809,1216,2110,
49.760107568567655,95868,808,1217,2110,
49.76026993970416,95868,808,1216,2111,
49.761939725249135,95868,807,1217,2111,
49.76792630016162,95867,808,1217,2111,
49.773484970602944,95867,808,1216,2112,
49.77754960103451,95866,809,1216,2112,
49.78367324456807,95866,809,1215,2113,
49.787085575778775,95865,810,1215,2113,
49.78986870382222,95864,811,1215,2113,
49.790433038872436,95864,810,1216,2113,
49.793321981828264,95863,811,1216,2113,
49.79452341503008,95863,810,1217,2113,
49.79872459824529,95862,811,1217,2113,
49.80168747382134,95861,812,1217,2113,
49.8044439798085,95861,811,1218,2113,
49.8064235202116,95861,810,1219,2113,
49.80725270786991,95861,810,1218,2114,
49.811893211947535,95861,810,1217,2115,
49.81363858276307,95861,810,1216,2116,
49.81585864215658,95861,810,1215,2117,
49.81764398341163,95861,809,1216,2117,
49.81920743685012,95861,809,1215,2118,
49.81938061875146,95861,809,1214,2119,
49.82006196467752,95861,809,1213,2120,
49.82052817794393,95860,810,1213,2120,
49.821625182437224,95860,809,1214,2120,
49.82406927074466,95859,810,1214,2120,
49.82493986035482,95858,811,1214,2120,
49.825560519054946,95857,812,1214,2120,
49.827300507306546,95857,812,1213,2121,
49.82870923246212,95857,811,1214,2121,
49.830679178548976,95857,810,1215,2121,
49.83149597421648,95856,811,1215,2121,
49.832686584457385,95855,812,1215,2121,
49.83363353630659,95854,813,1215,2121,
49.83434936595838,95853,814,1215,2121,
49.836196789980264,95852,815,1215,2121,
49.842229345043364,95852,815,1214,2122,
49.843534726869606,95852,815,1213,2123,
49.85187208003454,95852,814,1214,2123,
49.85395425080592,95852,813,1215,2123,
49.85443623212959,95852,812,1216,2123,
49.85639908353849,95852,812,1215,2124,
49.85968124020402,95852,812,1214,2125,
49.861876865452565,95852,811,1215,2125,
49.864583464053005,95851,812,1215,2125,
49.865282002550515,95850,813,1215,2125,
49.87153448470826,95850,812,1216,2125,
49.87264496303174,95850,811,1217,2125,
49.873153682560755,95850,811,1216,2126,
49.87603097187886,95850,810,1217,2126,
49.88047164960506,95849,811,1217,2126,
49.880688630776724,95849,810,1218,2126,
49.885689616857924,95849,809,1219,2126,
49.88932826768624,95849,808,1220,2126,
49.900799410166286,95849,808,1219,2127,
49.90331314849297,95849,807,1220,2127,
49.90726245579488,95849,807,1219,2128,
49.90907869519042,95848,808,1219,2128,
49.909085906812045,95848,807,1220,2128,
49.91032104442324,95848,806,1221,2128,
49.912719847692,95848,805,1222,2128,
49.916097852547566,95848,805,1221,2129,
49.91782883452646,95848,805,1220,2130,
49.91962038029095,95848,804,1221,2130,
49.92044357477716,95848,803,1222,2130,
49.922180361109326,95847,804,1222,2130,
49.92793222160447,95847,804,1221,2131,
49.930417332855846,95847,804,1220,2132,
49.93101105789496,95846,805,1220,2132,
49.93213093206586,95846,805,1219,2133,
49.93288075505971,95846,804,1220,2133,
49.933219707077996,95846,804,1219,2134,
49.93509182253139,95845,805,1219,2134,
49.94147750581592,95844,806,1219,2134,
49.94237193185927,95844,805,1220,2134,
49.94516316242335,95844,805,1219,2135,
49.94806674126269,95844,804,1220,2135,
49.948996026792244,95844,804,1219,2136,
49.95393485608812,95844,803,1220,2136,
49.95427491707702,95844,802,1221,2136,
49.954532357475124,95844,802,1220,2137,
49.95518771818495,95843,803,1220,2137,
49.95683020000496,95843,803,1219,2138,
49.95753062541223,95842,804,1219,2138,
49.959238605259955,95842,804,1218,2139,
49.961799203903254,95842,803,1219,2139,
49.96299124315309,95842,802,1220,2139,
49.96476176762664,95841,803,1220,2139,
49.96891093729638,95841,803,1219,2140,
49.96946617379285,95841,802,1220,2140,
49.96948745916873,95840,803,1220,2140,
49.97421051781105,95840,803,1219,2141,
49.97478781592065,95839,804,1219,2141,
49.97556474956843,95839,804,1218,2142,
49.97822882533802,95839,803,1219,2142,
49.98021669517303,95839,803,1218,2143,
49.98072175830159,95838,804,1218,2143,
49.98073694929067,95838,803,1219,2143,
49.9859360081677,95838,802,1220,2143,
49.98865011532138,95838,802,1219,2144,
49.99375926693452,95837,803,1219,2144,
49.99638742106492,95837,803,1218,2145,
49.99782263772688,95837,803,1217,2146,
49.999088871641604,95837,802,1218,2146,
50.002697260094685,95836,803,1218,2146,
50.00273110799277,95835,804,1218,2146,
50.004060658655526,95834,805,1218,2146,
50.00569747939277,95834,805,1217,2147,
50.00647528603696,95834,804,1218,2147,
50.00685371632151,95833,805,1218,2147,
50.00905434416593,95833,804,1219,2147,
50.00981669850609,95833,803,1220,2147,
50.01271787086499,95832,804,1220,2147,
50.01452269111328,95831,805,1220,2147,
50.01489885928314,95831,804,1221,2147,
50.01505759684641,95831,803,1222,2147,
50.016081364983116,95831,803,1221,2148,
50.016252212027354,95831,802,1222,2148,
50.01937134647022,95831,801,1223,2148,
50.01937375916417,95830,802,1223,2148,
50.03012532124214,95829,803,1223,2148,
50.030481952616974,95829,803,1222,2149,
50.032772239239904,95828,804,1222,2149,
50.033939984952255,95827,805,1222,2149,
50.0346258099897,95827,805,1221,2150,
50.03464532061806,95826,806,1221,2150,
50.03599234002575,95825,807,1221,2150,
50.03683605621,95825,807,1220,2151,
50.03880908111225,95825,806,1221,2151,
50.04296825025715,95825,805,1222,2151,
50.04324976821973,95825,804,1223,2151,
50.04363548982478,95825,804,1222,2152,
50.04614383228611,95825,804,1221,2153,
50.04747981911336,95825,804,1220,2154,
50.04857061773224,95825,804,1219,2155,
50.050069739486766,95825,804,1218,2156,
50.057989703405624,95825,803,1219,2156,
50.05851933774929,95825,802,1220,2156,
50.05979629435212,95825,802,1219,2157,
50.06289529485113,95825,802,1218,2158,
50.06293925571117,95825,802,1217,2159,
50.06744622103819,95825,801,1218,2159,
50.067780079280524,95825,800,1219,2159,
50.06806836399777,95825,800,1218,2160,
50.069600932927045,95825,800,1217,2161,
50.07395647929997,95825,799,1218,2161,
50.07492499162277,95825,798,1219,2161,
50.07688164082628,95825,797,1220,2161,
50.07727028225513,95825,797,1219,2162,
50.07799368429351,95825,797,1218,2163,
50.08142745593727,95825,796,1219,2163,
50.084152626421584,95824,797,1219,2163,
50.08421748452807,95824,796,1220,2163,
50.08429613433504,95824,796,1219,2164,
50.08477356423419,95823,797,1219,2164,
50.08599388570468,95823,797,1218,2165,
50.08639209615292,95823,796,1219,2165,
50.088029688434204,95822,797,1219,2165,
50.08871774168011,95822,796,1220,2165,
50.08911623156865,95822,795,1221,2165,
50.093470364984945,95822,795,1220,2166,
50.09565350360128,95822,794,1221,2166,
50.09771040576806,95822,794,1220,2167,
50.10033713938073,95822,793,1221,2167,
50.104548595649874,95822,792,1222,2167,
50.10500497982087,95821,793,1222,2167,
50.10516393765985,95821,792,1223,2167,
50.10562760150709,95821,791,1224,2167,
50.10704385378114,95821,791,1223,2168,
50.11124243411072,95821,790,1224,2168,
50.11980135709732,95821,789,1225,2168,
50.12126141289447,95820,790,1225,2168,
50.125621173494245,95820,789,1226,2168,
50.12565378519249,95820,789,1225,2169,
50.128595382358036,95820,788,1226,2169,
50.12954472834546,95820,787,1227,2169,
50.13127775894437,95820,786,1228,2169,
50.13298662314075,95819,787,1228,2169,
50.13384019480529,95819,787,1227,2170,
50.13418343518458,95818,788,1227,2170,
50.1357590521735,95818,788,1226,2171,
50.14151680422249,95818,788,1225,2172,
50.14231961837784,95818,788,1224,2173,
50.14321281641008,95817,789,1224,2173,
50.14616428354684,95817,789,1223,2174,
50.15346732719591,95817,789,1222,2175,
50.16156804851292,95816,790,1222,2175,
50.162653868440685,95816,789,1223,2175,
50.163159550835715,95816,789,1222,2176,
50.16665043203216,95816,789,1221,2177,
50.174857146690755,95816,789,1220,2178,
50.176036563920064,95816,788,1221,2178,
50.17620351576227,95816,787,1222,2178,
50.18211427063704,95815,788,1222,2178,
50.18338145072798,95815,787,1223,2178,
50.1860977347692,95814,788,1223,2178,
50.18896084320172,95814,787,1224,2178,
50.19098814671007,95814,786,1225,2178,
50.19371110020979,95813,787,1225,2178,
50.19459940895524,95812,788,1225,2178,
50.19746209191826,95811,789,1225,2178,
50.20231917572642,95811,788,1226,2178,
50.2067747723234,95810,789,1226,2178,
50.20850026259157,95810,788,1227,2178,
50.21051522034098,95809,789,1227,2178,
50.211194131448316,95809,788,1228,2178,
50.21580843285652,95809,787,1229,2178,
50.220731399687224,95809,787,1228,2179,
50.2230622961908,95808,788,1228,2179,
50.225489660131636,95807,789,1228,2179,
50.225601190143635,95807,789,1227,2180,
50.22600978491302,95807,788,1228,2180,
50.22688148238734,95806,789,1228,2180,
50.22766397603339,95806,789,1227,2181,
50.228020836383024,95805,790,1227,2181,
50.230447940475045,95805,790,1226,2182,
50.234356915618115,95805,790,1225,2183,
50.23899421733671,95805,790,1224,2184,
50.24069166529164,95805,789,1225,2184,
50.24590601585715,95804,790,1225,2184,
50.24641689118336,95804,790,1224,2185,
50.25333933166735,95804,790,1223,2186,
50.25454786920376,95803,791,1223,2186,
50.2566699988481,95803,791,1222,2187,
50.2589254486231,95803,790,1223,2187,
50.26180063309585,95803,790,1222,2188,
50.262743895909736,95803,789,1223,2188,
50.26492285222327,95802,790,1223,2188,
50.2701813959236,95802,790,1222,2189,
50.27371402559676,95801,791,1222,2189,
50.274620507217676,95801,790,1223,2189,
50.27462197879005,95800,791,1223,2189,
50.27536115487747,95799,792,1223,2189,
50.27569611561097,95799,791,1224,2189,
50.27635222875543,95798,792,1224,2189,
50.28031400059139,95797,793,1224,2189,
50.28295249823573,95797,792,1225,2189,
50.28650874873112,95797,792,1224,2190,
50.28694581303446,95796,793,1224,2190,
50.28749188577423,95796,793,1223,2191,
50.28773423433179,95796,792,1224,2191,
50.28934837601341,95796,791,1225,2191,
50.291215445817635,95795,792,1225,2191,
50.29308560755926,95794,793,1225,2191,
50.29344627111547,95794,793,1224,2192,
50.29666259799985,95794,793,1223,2193,
50.29888171832597,95793,794,1223,2193,
50.29927536068568,95792,795,1223,2193,
50.31173818172962,95792,794,1224,2193,
50.31230026368052,95792,794,1223,2194,
50.31453668365395,95792,794,1222,2195,
50.314674169700034,95791,795,1222,2195,
50.316349895311326,95790,796,1222,2195,
50.31875969180808,95790,796,1221,2196,
50.321120569474665,95790,796,1220,2197,
50.32145217168218,95790,796,1219,2198,
50.32864462923527,95789,797,1219,2198,
50.33090020079524,95789,797,1218,2199,
50.331037924941384,95789,796,1219,2199,
50.333958853662054,95789,796,1218,2200,
50.334314592529466,95788,797,1218,2200,
50.3346311817802,95787,798,1218,2200,
50.3418847340583,95787,798,1217,2201,
50.34527410156118,95787,798,1216,2202,
50.34554004065308,95787,797,1217,2202,
50.3458969790088,95787,797,1216,2203,
50.34617517902436,95787,796,1217,2203,
50.35022757875417,95786,797,1217,2203,
50.35113259089256,95786,796,1218,2203,
50.352274781868935,95786,795,1219,2203,
50.3535677382732,95786,795,1218,2204,
50.355070148553835,95786,795,1217,2205,
50.35770970766026,95786,794,1218,2205,
50.360920847449066,95786,793,1219,2205,
50.36259474630436,95785,794,1219,2205,
50.36315849455083,95785,794,1218,2206,
50.3631733509836,95785,794,1217,2207,
50.36319388919043,95784,795,1217,2207,
50.36359796762742,95784,794,1218,2207,
50.36518429726367,95784,793,1219,2207,
50.373291140962046,95783,794,1219,2207,
50.37436365216402,95783,794,1218,2208,
50.375908789449085,95783,794,1217,2209,
50.37730289793151,95783,793,1218,2209,
50.38044164929238,95783,792,1219,2209,
50.39014206425382,95783,791,1220,2209,
50.39073201891177,95783,791,1219,2210,
50.39831386384007,95782,792,1219,2210,
50.398455597079916,95781,793,1219,2210,
50.399541607966675,95781,793,1218,2211,
50.40141186497436,95781,792,1219,2211,
50.40226966040765,95780,793,1219,2211,
50.40403415473389,95779,794,1219,2211,
50.40723423644573,95779,793,1220,2211,
50.40888947987489,95779,792,1221,2211,
50.41334048541188,95779,792,1220,2212,
50.4145154077385,95778,793,1220,2212,
50.41633399266454,95778,793,1219,2213,
50.418922033378436,95778,793,1218,2214,
50.42240934113737,95778,793,1217,2215,
50.42526193743396,95778,793,1216,2216,
50.42535299681634,95777,794,1216,2216,
50.42738733665467,95776,795,1216,2216,
50.430204814810274,95776,795,1215,2217,
50.43300352843687,95776,794,1216,2217,
50.43710671571297,95776,793,1217,2217,
50.43735377305413,95775,794,1217,2217,
50.43762314574508,95775,794,1216,2218,
50.43932961296123,95775,793,1217,2218,
50.43981741600078,95774,794,1217,2218,
50.44043776251738,95774,794,1216,2219,
50.44150451841019,95774,794,1215,2220,
50.441903649693984,95773,795,1215,2220,
50.44393857328296,95773,795,1214,2221,
50.444295955339534,95773,794,1215,2221,
50.44587362159695,95773,793,1216,2221,
50.44657132868332,95773,793,1215,2222,
50.447232114422775,95773,793,1214,2223,
50.44875130469485,95773,792,1215,2223,
50.44971727852142,95773,791,1216,2223,
50.45289194213564,95772,792,1216,2223,
50.453961849529804,95772,792,1215,2224,
50.454097812043216,95772,791,1216,2224,
50.45858801382213,95772,790,1217,2224,
50.45988881139478,95771,791,1217,2224,
50.46320889702414,95771,791,1216,2225,
50.46638956775152,95771,791,1215,2226,
50.46701567631556,95770,792,1215,2226,
50.46914602734084,95770,791,1216,2226,
50.475123804587895,95770,791,1215,2227,
50.48015971114106,95770,790,1216,2227,
50.48200502420047,95770,789,1217,2227,
50.48250606383105,95770,788,1218,2227,
50.483115178304814,95769,789,1218,2227,
50.48400475775196,95769,788,1219,2227,
50.48547135271564,95768,789,1219,2227,
50.48878011362409,95768,789,1218,2228,
50.48887046945901,95768,788,1219,2228,
50.490584599349596,95768,787,1220,2228,
50.49301095008631,95767,788,1220,2228,
50.49384915554363,95767,788,1219,2229,
50.494590372677834,95766,789,1219,2229,
50.49568648476517,95765,790,1219,2229,
50.49595918051042,95764,791,1219,2229,
50.4967598669583,95764,790,1220,2229,
50.50008991489859,95764,790,1219,2230,
50.503688256136854,95764,789,1220,2230,
50.50965544656809,95764,789,1219,2231,
50.509761028669494,95763,790,1219,2231,
50.51139157026857,95762,791,1219,2231,
50.51267614216202,95761,792,1219,2231,
50.51275409612714,95761,791,1220,2231,
50.516067275834594,95760,792,1220,2231,
50.51908848092811,95760,792,1219,2232,
50.519955796086606,95760,791,1220,2232,
50.526525511837185,95760,791,1219,2233,
50.529835760289224,95760,791,1218,2234,
50.53671242692215,95760,790,1219,2234,
50.540396880122515,95759,791,1219,2234,
50.54103949618609,95759,790,1220,2234,
50.54306304804318,95758,791,1220,2234,
50.54390430601004,95758,790,1221,2234,
50.54620822459395,95758,790,1220,2235,
50.546219709294085,95758,790,1219,2236,
50.54938607169378,95757,791,1219,2236,
50.54987219245484,95757,791,1218,2237,
50.55599292165402,95756,792,1218,2237,
50.55750859333021,95756,791,1219,2237,
50.55791564965466,95756,790,1220,2237,
50.55815505057259,95756,790,1219,2238,
50.56014909380635,95755,791,1219,2238,
50.56137167060211,95754,792,1219,2238,
50.56236061454153,95753,793,1219,2238,
50.56907263145237,95752,794,1219,2238,
50.57155754020418,95752,794,1218,2239,
50.571779648647535,95751,795,1218,2239,
50.57336729410528,95750,796,1218,2239,
50.57349466567088,95749,797,1218,2239,
50.57518873415172,95749,797,1217,2240,
50.57835149851721,95749,797,1216,2241,
50.578454136465886,95749,797,1215,2242,
50.57928809891815,95749,797,1214,2243,
50.57929059099188,95749,796,1215,2243,
50.57987249118219,95749,795,1216,2243,
50.58050309116908,95749,794,1217,2243,
50.58163639302813,95748,795,1217,2243,
50.58277275996532,95747,796,1217,2243,
50.58364365524054,95746,797,1217,2243,
50.58459708344114,95746,797,1216,2244,
50.58664917669991,95746,797,1215,2245,
50.58757164109017,95745,798,1215,2245,
50.588603077099634,95745,797,1216,2245,
50.59007008973602,95745,797,1215,2246,
50.59243648876326,95745,796,1216,2246,
50.593158891904125,95744,797,1216,2246,
50.593339741711084,95744,796,1217,2246,
50.59345090672492,95743,797,1217,2246,
50.60103056310759,95743,796,1218,2246,
50.601045586294774,95743,796,1217,2247,
50.60287148006362,95743,796,1216,2248,
50.60854568003808,95743,796,1215,2249,
50.61277239969196,95743,796,1214,2250,
50.61366713783142,95743,796,1213,2251,
50.61516793042259,95743,795,1214,2251,
50.61884097588776,95743,795,1213,2252,
50.61906217987317,95742,796,1213,2252,
50.61920349408799,95742,796,1212,2253,
50.619491557739146,95741,797,1212,2253,
50.61975718564203,95741,796,1213,2253,
50.620856811525755,95741,795,1214,2253,
50.6223462839171,95741,795,1213,2254,
50.6228440098789,95741,794,1214,2254,
50.62291025074597,95741,794,1213,2255,
50.62477736225635,95741,794,1212,2256,
50.627961684894785,95740,795,1212,2256,
50.63276749262582,95739,796,1212,2256,
50.633668204124454,95739,796,1211,2257,
50.63465232101605,95739,796,1210,2258,
50.637347509070764,95739,795,1211,2258,
50.65069999181179,95739,794,1212,2258,
50.65222432854796,95738,795,1212,2258,
50.65342636915949,95738,795,1211,2259,
50.653468803636834,95738,794,1212,2259,
50.65371622321992,95737,795,1212,2259,
50.654062784506124,95737,795,1211,2260,
50.65458301852494,95737,794,1212,2260,
50.66047171053964,95737,793,1213,2260,
50.664347985654246,95736,794,1213,2260,
50.66438743090866,95736,793,1214,2260,
50.666686138813624,95736,793,1213,2261,
50.66740352501378,95735,794,1213,2261,
50.67212442127869,95734,795,1213,2261,
50.67248915514115,95734,794,1214,2261,
50.67324010664227,95733,795,1214,2261,
50.67538151835433,95733,794,1215,2261,
50.67718578915344,95733,793,1216,2261,
50.68291920138795,95733,792,1217,2261,
50.684455791599234,95733,791,1218,2261,
50.6846480918752,95733,791,1217,2262,
50.68556389280029,95733,791,1216,2263,
50.68578491098905,95733,791,1215,2264,
50.68725609574036,95732,792,1215,2264,
50.68995761787081,95732,792,1214,2265,
50.692079915961116,95731,793,1214,2265,
50.6959857975705,95730,794,1214,2265,
50.69642696237903,95730,793,1215,2265,
50.69665082969276,95730,792,1216,2265,
50.69727390681678,95730,791,1217,2265,
50.70139949376537,95730,791,1216,2266,
50.70335186668715,95729,792,1216,2266,
50.70565834805947,95729,791,1217,2266,
50.70690381848915,95728,792,1217,2266,
50.70806316197627,95728,791,1218,2266,
50.714246787844864,95727,792,1218,2266,
50.716736057796766,95727,792,1217,2267,
50.721010813928935,95727,792,1216,2268,
50.72142101446721,95726,793,1216,2268,
50.721643402525466,95726,792,1217,2268,
50.72917409088171,95726,791,1218,2268,
50.73122086385872,95726,791,1217,2269,
50.73313467137512,95726,791,1216,2270,
50.73334260570929,95726,790,1217,2270,
50.733436408484756,95726,790,1216,2271,
50.735477931336035,95725,791,1216,2271,
50.73992042461466,95724,792,1216,2271,
50.74396539937839,95723,793,1216,2271,
50.744592937649095,95723,793,1215,2272,
50.74572289748249,95723,792,1216,2272,
50.7503417565982,95723,792,1215,2273,
50.75201196591112,95723,791,1216,2273,
50.7535533713544,95723,790,1217,2273,
50.75985258017983,95723,790,1216,2274,
50.76151375779014,95723,790,1215,2275,
50.764885104904195,95723,789,1216,2275,
50.76805180258085,95722,790,1216,2275,
50.77022012439935,95722,789,1217,2275,
50.771122105822855,95722,788,1218,2275,
50.77203806034423,95721,789,1218,2275,
50.77236243914454,95721,789,1217,2276,
50.77521378299174,95721,788,1218,2276,
50.77571652693951,95721,788,1217,2277,
50.776379330498585,95720,789,1217,2277,
50.77660381110281,95720,789,1216,2278,
50.77825807001655,95720,788,1217,2278,
50.7794698627645,95720,787,1218,2278,
50.78822422734699,95720,787,1217,2279,
50.79648757418079,95720,787,1216,2280,
50.79960707558485,95720,787,1215,2281,
50.801485115553035,95720,787,1214,2282,
50.802704774648404,95720,786,1215,2282,
50.80680312641875,95719,787,1215,2282,
50.8089541099627,95719,786,1216,2282,
50.81457990712053,95719,785,1217,2282,
50.81517288682862,95719,785,1216,2283,
50.819073554610355,95719,784,1217,2283,
50.81954686615436,95719,783,1218,2283,
50.823851267632406,95719,783,1217,2284,
50.825171861028885,95719,782,1218,2284,
50.82565573628265,95718,783,1218,2284,
50.826694764066715,95717,784,1218,2284,
50.82773836587911,95717,784,1217,2285,
50.83195320009843,95717,784,1216,2286,
50.84285212107582,95716,785,1216,2286,
50.843112006962,95715,786,1216,2286,
50.843406646534845,95714,787,1216,2286,
50.845083497352284,95714,787,1215,2287,
50.846816783292674,95713,788,1215,2287,
50.84876104076916,95712,789,1215,2287,
50.84881937847983,95711,790,1215,2287,
50.849591070476606,95711,789,1216,2287,
50.85634307428867,95711,788,1217,2287,
50.85735991998062,95711,788,1216,2288,
50.85746047042343,95711,787,1217,2288,
50.85868243624243,95710,788,1217,2288,
50.85902941443165,95710,788,1216,2289,
50.85963207434204,95710,788,1215,2290,
50.862833782586236,95710,788,1214,2291,
50.87159386198768,95709,789,1214,2291,
50.87246528429778,95709,788,1215,2291,
50.8731119562587,95708,789,1215,2291,
50.87641697019054,95708,789,1214,2292,
50.88646685481615,95708,788,1215,2292,
50.89628883748015,95708,788,1214,2293,
50.89886361170737,95708,787,1215,2293,
50.90372950913553,95708,786,1216,2293,
50.91152071750954,95707,787,1216,2293,
50.912753431968184,95707,786,1217,2293,
50.915740300156784,95707,786,1216,2294,
50.91738731387983,95706,787,1216,2294,
50.91931094972134,95706,787,1215,2295,
50.92043907939674,95706,786,1216,2295,
50.920990388043485,95706,785,1217,2295,
50.921572942532116,95706,785,1216,2296,
50.92279331429833,95705,786,1216,2296,
50.92401440174924,95705,785,1217,2296,
50.92716689492308,95705,784,1218,2296,
50.92883838274293,95705,784,1217,2297,
50.92960614709099,95704,785,1217,2297,
50.934813344778945,95704,785,1216,2298,
50.937588222519764,95704,785,1215,2299,
50.93763708704932,95704,785,1214,2300,
50.939622510968235,95704,785,1213,2301,
50.94026276490792,95704,785,1212,2302,
50.94429426062048,95703,786,1212,2302,
50.94485928665949,95702,787,1212,2302,
50.947938997377584,95701,788,1212,2302,
50.94839336532676,95701,788,1211,2303,
50.94841437954107,95700,789,1211,2303,
50.948936643956564,95700,789,1210,2304,
50.94998781585223,95700,789,1209,2305,
50.950730546560095,95700,789,1208,2306,
50.9513824988042,95699,790,1208,2306,
50.95626274314151,95698,791,1208,2306,
50.957233889249984,95697,792,1208,2306,
50.95899940941894,95696,793,1208,2306,
50.96536627046675,95696,792,1209,2306,
50.97045400433829,95696,791,1210,2306,
50.971755457324214,95695,792,1210,2306,
50.97279294891888,95694,793,1210,2306,
50.97453894050889,95694,792,1211,2306,
50.975995472640946,95694,792,1210,2307,
50.97812218129278,95693,793,1210,2307,
50.98257267949623,95693,792,1211,2307,
50.98707394688722,95693,791,1212,2307,
50.98793799496785,95693,790,1213,2307,
50.988290911003375,95693,789,1214,2307,
50.98911543686258,95693,788,1215,2307,
50.98936084339452,95692,789,1215,2307,
50.99205203915226,95692,788,1216,2307,
50.992163389074236,95692,788,1215,2308,
50.995851747390105,95692,788,1214,2309,
50.99674480798742,95692,787,1215,2309,
50.99928436402581,95692,786,1216,2309,
51.001337686648725,95691,787,1216,2309,
51.00198758536361,95691,786,1217,2309,
51.002130471596516,95690,787,1217,2309,
51.00501252182758,95689,788,1217,2309,
51.008311134935255,95689,787,1218,2309,
51.012774841593206,95688,788,1218,2309,
51.01406913186449,95688,787,1219,2309,
51.014311635912634,95687,788,1219,2309,
51.01552422443504,95687,787,1220,2309,
51.01630616669153,95687,787,1219,2310,
51.01652862002919,95686,788,1219,2310,
51.016886133471516,95686,788,1218,2311,
51.01806050735239,95685,789,1218,2311,
51.021019732723374,95684,790,1218,2311,
51.02270353351945,95683,791,1218,2311,
51.02700524104684,95683,790,1219,2311,
51.03127268356291,95683,789,1220,2311,
51.035003535645004,95683,788,1221,2311,
51.03967792219174,95682,789,1221,2311,
51.042250803076506,95681,790,1221,2311,
51.0471499601592,95681,789,1222,2311,
51.048126322476634,95680,790,1222,2311,
51.04969197501259,95680,789,1223,2311,
51.05495680254901,95680,788,1224,2311,
51.05501646124884,95679,789,1224,2311,
51.055526216901896,95679,788,1225,2311,
51.05604308729244,95679,788,1224,2312,
51.058440504275715,95678,789,1224,2312,
51.058890893996924,95678,788,1225,2312,
51.06293313395747,95677,789,1225,2312,
51.06324677105818,95676,790,1225,2312,
51.06675662572036,95676,789,1226,2312,
51.06832408356773,95676,789,1225,2313,
51.07013570909454,95676,789,1224,2314,
51.073213161673884,95675,790,1224,2314,
51.073247907989085,95674,791,1224,2314,
51.07511398328781,95673,792,1224,2314,
51.078394166935894,95673,792,1223,2315,
51.080701932850474,95673,791,1224,2315,
51.08223922488094,95672,792,1224,2315,
51.08269710701463,95671,793,1224,2315,
51.08414857719524,95670,794,1224,2315,
51.085087311521924,95670,793,1225,2315,
51.08644461684151,95670,793,1224,2316,
51.09031089835153,95669,794,1224,2316,
51.091134758462935,95669,794,1223,2317,
51.09202067516555,95669,794,1222,2318,
51.09396064867513,95669,793,1223,2318,
51.094987926772475,95669,792,1224,2318,
51.09962242648081,95669,791,1225,2318,
51.10438575386635,95668,792,1225,2318,
51.10648156180876,95668,792,1224,2319,
51.110226112451585,95668,792,1223,2320,
51.112799368740745,95668,791,1224,2320,
51.113026820110726,95668,791,1223,2321,
51.11491830940598,95667,792,1223,2321,
51.11866927998107,95667,791,1224,2321,
51.12089426773185,95666,792,1224,2321,
51.12400971144875,95666,791,1225,2321,
51.125617105735124,95665,792,1225,2321,
51.125937976581625,95665,791,1226,2321,
51.12650242127719,95664,792,1226,2321,
51.12748871673216,95664,791,1227,2321,
51.129029511953284,95663,792,1227,2321,
51.13027491876241,95662,793,1227,2321,
51.134089030054966,95662,792,1228,2321,
51.139672970592954,95662,792,1227,2322,
51.142236717807386,95662,792,1226,2323,
51.142990777299445,95662,792,1225,2324,
51.144411733497165,95661,793,1225,2324,
51.15280785388802,95661,793,1224,2325,
51.154124225410364,95660,794,1224,2325,
51.162765239378516,95660,793,1225,2325,
51.17243469995312,95660,793,1224,2326,
51.172513007981856,95660,792,1225,2326,
51.175912776020624,95659,793,1225,2326,
51.17682594617507,95659,793,1224,2327,
51.177978300375365,95659,793,1223,2328,
51.1786773927516,95659,793,1222,2329,
51.180882275914996,95658,794,1222,2329,
51.18215843622687,95658,793,1223,2329,
51.18247623032541,95658,793,1222,2330,
51.18314138604379,95657,794,1222,2330,
51.18760097590817,95657,794,1221,2331,
51.18961002630068,95657,793,1222,2331,
51.19034462535718,95657,793,1221,2332,
51.190511925274315,95656,794,1221,2332,
51.1930608414794,95655,795,1221,2332,
51.193146925683905,95655,794,1222,2332,
51.19509833856549,95655,793,1223,2332,
51.19608439791024,95655,792,1224,2332,
51.19860970201351,95655,791,1225,2332,
51.198780342478834,95655,791,1224,2333,
51.21233789571472,95654,792,1224,2333,
51.21805728228495,95654,791,1225,2333,
51.22342480432624,95654,790,1226,2333,
51.225062224741514,95653,791,1226,2333,
51.22560238452136,95653,790,1227,2333,
51.22683289588321,95653,789,1228,2333,
51.227243171129196,95653,789,1227,2334,
51.22733815285417,95653,788,1228,2334,
51.22967884520837,95652,789,1228,2334,
51.23010585024933,95652,788,1229,2334,
51.23451173162022,95652,788,1228,2335,
51.23788589165374,95651,789,1228,2335,
51.239519251195084,95650,790,1228,2335,
51.239913529948296,95650,790,1227,2336,
51.24020390199645,95650,790,1226,2337,
51.24456328357117,95650,789,1227,2337,
51.24674812584231,95650,789,1226,2338,
51.25050189464178,95650,789,1225,2339,
51.250910664284966,95650,789,1224,2340,
51.25190402995528,95650,789,1223,2341,
51.25960366396611,95650,789,1222,2342,
51.261123638048005,95650,788,1223,2342,
51.261243428516586,95649,789,1223,2342,
51.26401150996835,95649,789,1222,2343,
51.26543286485028,95648,790,1222,2343,
51.266742025684884,95648,789,1223,2343,
51.269479291683965,95648,788,1224,2343,
51.27594950080494,95648,787,1225,2343,
51.278920833645444,95648,786,1226,2343,
51.27965093174082,95648,785,1227,2343,
51.28136823303192,95647,786,1227,2343,
51.28176257829677,95647,786,1226,2344,
51.28390407187747,95647,785,1227,2344,
51.29043695681996,95647,784,1228,2344,
51.293692298119225,95647,783,1229,2344,
51.29462628791069,95646,784,1229,2344,
51.29646715892959,95646,783,1230,2344,
51.29776847076098,95645,784,1230,2344,
51.29933856119284,95645,783,1231,2344,
51.30196526004681,95645,783,1230,2345,
51.30602610111021,95645,782,1231,2345,
51.30819059907276,95645,781,1232,2345,
51.31319080587832,95644,782,1232,2345,
51.3157086698394,95644,782,1231,2346,
51.32180386867242,95644,781,1232,2346,
51.324496204353466,95643,782,1232,2346,
51.32597689151193,95643,782,1231,2347,
51.330368117440116,95643,782,1230,2348,
51.33707095350733,95643,781,1231,2348,
51.34076486664032,95642,782,1231,2348,
51.342307999512215,95641,783,1231,2348,
51.34324654945836,95640,784,1231,2348,
51.34528888007535,95640,783,1232,2348,
51.346119357997694,95640,783,1231,2349,
51.34641484191859,95640,782,1232,2349,
51.34917377800214,95640,781,1233,2349,
51.35060221579266,95640,781,1232,2350,
51.35319838935321,95640,781,1231,2351,
51.354305808220545,95639,782,1231,2351,
51.35609013902776,95639,782,1230,2352,
51.371913231679564,95638,783,1230,2352,
51.372409205330335,95638,783,1229,2353,
51.37769414332922,95638,783,1228,2354,
51.3850920849427,95638,783,1227,2355,
51.386082787533994,95638,783,1226,2356,
51.390428213041695,95638,782,1227,2356,
51.39214618772478,95638,781,1228,2356,
51.39283545964685,95638,780,1229,2356,
51.39434820311784,95637,781,1229,2356,
51.3946418077018,95636,782,1229,2356,
51.39551439950564,95636,781,1230,2356,
51.39633328776983,95636,780,1231,2356,
51.3981144172598,95636,780,1230,2357,
51.40198240613733,95636,780,1229,2358,
51.40491490477308,95636,779,1230,2358,
51.4062174244681,95636,779,1229,2359,
51.40721407066576,95636,778,1230,2359,
51.410258602375094,95635,779,1230,2359,
51.41071350577819,95634,780,1230,2359,
51.41198081272512,95633,781,1230,2359,
51.4123509617836,95633,781,1229,2360,
51.414536734474865,95632,782,1229,2360,
51.41515797857463,95632,782,1228,2361,
51.41683459973259,95632,781,1229,2361,
51.41698263139415,95632,781,1228,2362,
51.41987777918771,95632,780,1229,2362,
51.42024091562507,95631,781,1229,2362,
51.42915148591568,95630,782,1229,2362,
51.42952146771583,95630,781,1230,2362,
51.43147722010105,95629,782,1230,2362,
51.4344581477119,95629,782,1229,2363,
51.43530772486225,95628,783,1229,2363,
51.43850284135087,95628,782,1230,2363,
51.440063550523625,95628,781,1231,2363,
51.44171714558181,95628,781,1230,2364,
51.44518879317579,95628,780,1231,2364,
51.44705246498986,95628,779,1232,2364,
51.44742256267694,95628,778,1233,2364,
51.44865118521455,95628,778,1232,2365,
51.45290831431459,95628,778,1231,2366,
51.45752957278166,95628,778,1230,2367,
51.45853015404364,95628,777,1231,2367,
51.4589608552898,95628,777,1230,2368,
51.459380702984056,95627,778,1230,2368,
51.46104914299323,95627,778,1229,2369,
51.462723736878,95627,778,1228,2370,
51.46327652185649,95626,779,1228,2370,
51.46625970880863,95626,779,1227,2371,
51.46934528590343,95625,780,1227,2371,
51.47362020684464,95625,779,1228,2371,
51.475653942478594,95625,778,1229,2371,
51.47664593870293,95625,778,1228,2372,
51.479717501236685,95624,779,1228,2372,
51.48198735016085,95624,778,1229,2372,
51.485699315766375,95624,778,1228,2373,
51.487334194519335,95624,778,1227,2374,
51.49270226262197,95623,779,1227,2374,
51.49553908638377,95622,780,1227,2374,
51.49596259989349,95622,780,1226,2375,
51.49664423449185,95622,780,1225,2376,
51.49930582526659,95621,781,1225,2376,
51.500142704749656,95621,781,1224,2377,
51.50036802654025,95620,782,1224,2377,
51.504043747239365,95620,782,1223,2378,
51.50489306036266,95620,782,1222,2379,
51.50964323980241,95620,782,1221,2380,
51.511193870870976,95620,782,1220,2381,
51.51153594895657,95620,782,1219,2382,
51.51470320135589,95620,782,1218,2383,
51.515758573303266,95620,782,1217,2384,
51.51579082732574,95620,781,1218,2384,
51.51993255440441,95620,780,1219,2384,
51.52085491824106,95620,780,1218,2385,
51.5210912007741,95619,781,1218,2385,
51.52163016875523,95619,780,1219,2385,
51.522690540648874,95619,779,1220,2385,
51.52359750712723,95619,779,1219,2386,
51.523769576982396,95619,779,1218,2387,
51.52951196769802,95619,778,1219,2387,
51.53174141778612,95619,777,1220,2387,
51.53608096890409,95619,777,1219,2388,
51.53799832215411,95618,778,1219,2388,
51.53883016734972,95618,777,1220,2388,
51.54189594169904,95618,776,1221,2388,
51.54373640857942,95618,776,1220,2389,
51.552866960766494,95618,775,1221,2389,
51.558048257568885,95617,776,1221,2389,
51.559258505593306,95616,777,1221,2389,
51.559784204735124,95616,776,1222,2389,
51.562141002243585,95615,777,1222,2389,
51.564095728071436,95614,778,1222,2389,
51.5675080727706,95614,777,1223,2389,
51.57099868364238,95613,778,1223,2389,
51.572589910604485,95612,779,1223,2389,
51.5753659193938,95611,780,1223,2389,
51.57578203641937,95610,781,1223,2389,
51.58050431694758,95610,781,1222,2390,
51.58054941373235,95609,782,1222,2390,
51.585335974313935,95609,782,1221,2391,
51.58558597398364,95609,781,1222,2391,
51.58675757421976,95609,781,1221,2392,
51.587599513522,95609,781,1220,2393,
51.58931317402346,95608,782,1220,2393,
51.590052033376146,95607,783,1220,2393,
51.59140737372591,95607,783,1219,2394,
51.594926889564974,95607,782,1220,2394,
51.59655877407588,95607,781,1221,2394,
51.5980624268833,95606,782,1221,2394,
51.60023180261186,95606,781,1222,2394,
51.60449077896177,95605,782,1222,2394,
51.614451215451915,95605,782,1221,2395,
51.61701188552963,95605,782,1220,2396,
51.61958299399108,95605,781,1221,2396,
51.62057638940845,95605,781,1220,2397,
51.625870147057675,95605,781,1219,2398,
51.62801254906219,95605,781,1218,2399,
51.62962787069172,95605,780,1219,2399,
51.63214292503773,95604,781,1219,2399,
51.63253385236793,95603,782,1219,2399,
51.63676349194466,95602,783,1219,2399,
51.643685928801766,95602,783,1218,2400,
51.645066083941394,95602,783,1217,2401,
51.64554929824627,95602,782,1218,2401,
51.64572087171862,95602,781,1219,2401,
51.654770899628105,95602,781,1218,2402,
51.655198500601905,95602,780,1219,2402,
51.660503253094404,95602,780,1218,2403,
51.66128163430391,95602,779,1219,2403,
51.66683993493577,95602,779,1218,2404,
51.66881352212049,95601,780,1218,2404,
51.670032978396364,95601,779,1219,2404,
51.67142068774737,95601,778,1220,2404,
51.672259187406674,95601,777,1221,2404,
51.67275108245107,95601,777,1220,2405,
51.67328498223685,95600,778,1220,2405,
51.67444954503261,95600,778,1219,2406,
51.67611626194108,95600,778,1218,2407,
51.67766790349208,95600,778,1217,2408,
51.67849593866446,95600,778,1216,2409,
51.67888121051274,95600,778,1215,2410,
51.67893390702505,95599,779,1215,2410,
51.68039668019065,95599,778,1216,2410,
51.68150895463114,95598,779,1216,2410,
51.68350863316046,95598,778,1217,2410,
51.690869317062806,95597,779,1217,2410,
51.69339315336187,95597,779,1216,2411,
51.69421971412625,95597,779,1215,2412,
51.694790768059676,95597,779,1214,2413,
51.69481024517994,95597,779,1213,2414,
51.69615897324964,95597,778,1214,2414,
51.701495713647574,95596,779,1214,2414,
51.70365297938136,95596,779,1213,2415,
51.705611711085574,95596,779,1212,2416,
51.70618369066535,95595,780,1212,2416,
51.71141286674546,95594,781,1212,2416,
51.71211294882188,95594,780,1213,2416,
51.71454120057662,95594,779,1214,2416,
51.71527474496355,95594,779,1213,2417,
51.715769837739806,95594,778,1214,2417,
51.71900755606945,95594,777,1215,2417,
51.721178385929356,95593,778,1215,2417,
51.72282671844694,95592,779,1215,2417,
51.72285632735612,95591,780,1215,2417,
51.72338367281972,95591,779,1216,2417,
51.72344130409037,95590,780,1216,2417,
51.72450226041868,95590,779,1217,2417,
51.72724236320191,95590,779,1216,2418,
51.72752880779599,95590,778,1217,2418,
51.73205481982906,95590,778,1216,2419,
51.732824174432416,95590,777,1217,2419,
51.73342744398468,95589,778,1217,2419,
51.7368129096229,95589,777,1218,2419,
51.73905551848108,95589,777,1217,2420,
51.7397085926833,95589,776,1218,2420,
51.740840248960815,95589,776,1217,2421,
51.74116175713458,95589,775,1218,2421,
51.74997803686246,95589,774,1219,2421,
51.7511672741714,95589,773,1220,2421,
51.75268730802156,95589,772,1221,2421,
51.75461393870566,95589,772,1220,2422,
51.756516885618694,95589,771,1221,2422,
51.75841809593695,95589,770,1222,2422,
51.76013089792357,95588,771,1222,2422,
51.761124404052175,95588,770,1223,2422,
51.76276902949163,95588,769,1224,2422,
51.763179197896825,95588,768,1225,2422,
51.764893498553974,95587,769,1225,2422,
51.76649633041666,95587,768,1226,2422,
51.76653552316575,95586,769,1226,2422,
51.76655032719735,95585,770,1226,2422,
51.772836361069345,95585,770,1225,2423,
51.77387273072879,95584,771,1225,2423,
51.774477096924834,95584,770,1226,2423,
51.77663388017342,95583,771,1226,2423,
51.77942387897292,95583,770,1227,2423,
51.78156358647253,95582,771,1227,2423,
51.78506647198375,95581,772,1227,2423,
51.7908623637038,95581,772,1226,2424,
51.791976927845305,95581,772,1225,2425,
51.792777668242216,95581,771,1226,2425,
51.79523712319816,95580,772,1226,2425,
51.8017045848122,95580,771,1227,2425,
51.802530082073034,95579,772,1227,2425,
51.80776431637781,95579,771,1228,2425,
51.81118794634996,95579,771,1227,2426,
51.81194961727612,95579,770,1228,2426,
51.81214040020962,95579,770,1227,2427,
51.812803223126494,95579,770,1226,2428,
51.81658706382263,95579,770,1225,2429,
51.81837161763866,95578,771,1225,2429,
51.82896912573761,95578,770,1226,2429,
51.83149402490166,95578,769,1227,2429,
51.83183650754719,95577,770,1227,2429,
51.83699576083163,95576,771,1227,2429,
51.8405441262487,95575,772,1227,2429,
51.84720126790454,95575,772,1226,2430,
51.847880864207866,95574,773,1226,2430,
51.850204283060165,95574,773,1225,2431,
51.850781129959394,95574,772,1226,2431,
51.85085328900819,95574,771,1227,2431,
51.85307420352342,95574,770,1228,2431,
51.85492775694188,95573,771,1228,2431,
51.8553641166846,95573,770,1229,2431,
51.8563268517414,95572,771,1229,2431,
51.85713341143508,95572,771,1228,2432,
51.8573467904931,95572,770,1229,2432,
51.8588718010855,95572,769,1230,2432,
51.859494555620664,95572,768,1231,2432,
51.86470872043158,95572,767,1232,2432,
51.86835877424638,95571,768,1232,2432,
51.86961253411256,95570,769,1232,2432,
51.88229988832809,95569,770,1232,2432,
51.88235749196418,95569,769,1233,2432,
51.88287288953084,95568,770,1233,2432,
51.89033146675259,95568,769,1234,2432,
51.89443895678102,95568,769,1233,2433,
51.89551233155359,95567,770,1233,2433,
51.897695651544694,95567,770,1232,2434,
51.897918044183726,95566,771,1232,2434,
51.89975392566549,95565,772,1232,2434,
51.90203986931286,95565,772,1231,2435,
51.90221069917064,95565,771,1232,2435,
51.90333004767139,95565,771,1231,2436,
51.905375918018194,95565,770,1232,2436,
51.90553048249723,95565,770,1231,2437,
51.90946341364666,95565,769,1232,2437,
51.9105310389055,95565,769,1231,2438,
51.913981597582854,95565,768,1232,2438,
51.916427357779575,95565,768,1231,2439,
51.91832673687052,95565,768,1230,2440,
51.91996382978173,95565,767,1231,2440,
51.92006942631737,95565,767,1230,2441,
51.92135765888066,95565,766,1231,2441,
51.92266587170778,95565,766,1230,2442,
51.924328955075666,95564,767,1230,2442,
51.924769850721084,95564,766,1231,2442,
51.9250697140676,95563,767,1231,2442,
51.92781082862519,95562,768,1231,2442,
51.92850302866184,95561,769,1231,2442,
51.93000591029283,95561,769,1230,2443,
51.93041794491257,95560,770,1230,2443,
51.93109173147707,95559,771,1230,2443,
51.93147715016599,95559,771,1229,2444,
51.93386466224476,95558,772,1229,2444,
51.9384087592903,95558,772,1228,2445,
51.94215402569809,95558,772,1227,2446,
51.94224825202496,95558,772,1226,2447,
51.943002265596476,95557,773,1226,2447,
51.944978736039786,95556,774,1226,2447,
51.945614550772596,95556,774,1225,2448,
51.947080301213724,95556,774,1224,2449,
51.95151346596554,95556,773,1225,2449,
51.95319967981869,95556,773,1224,2450,
51.95825227178406,95556,773,1223,2451,
51.95884758243741,95555,774,1223,2451,
51.958942236361366,95555,774,1222,2452,
51.965105719891376,95555,773,1223,2452,
51.96645704954124,95555,772,1224,2452,
51.96972571364282,95554,773,1224,2452,
51.97178226816314,95554,772,1225,2452,
51.9747794330395,95554,771,1226,2452,
51.976225786239844,95553,772,1226,2452,
51.97893220725743,95552,773,1226,2452,
51.98070874028477,95552,773,1225,2453,
51.9813929778328,95552,773,1224,2454,
51.982916858052775,95552,772,1225,2454,
51.98533210424604,95552,771,1226,2454,
51.9857199792424,95552,770,1227,2454,
51.98674312719789,95552,769,1228,2454,
51.986894355584994,95552,769,1227,2455,
51.990878769452245,95551,770,1227,2455,
51.99109148309505,95550,771,1227,2455,
51.99384309854804,95549,772,1227,2455,
51.99974493111002,95548,773,1227,2455,
52.00028796170816,95547,774,1227,2455,
52.002111828612286,95547,773,1228,2455,
52.00884447739784,95547,773,1227,2456,
52.01351248720565,95547,772,1228,2456,
52.01386439443317,95547,771,1229,2456,
52.01540844171119,95546,772,1229,2456,
52.01676833208793,95546,771,1230,2456,
52.01755237533082,95546,771,1229,2457,
52.01898716526535,95546,770,1230,2457,
52.0193020340382,95546,770,1229,2458,
52.02023575593007,95546,770,1228,2459,
52.02078409033328,95546,769,1229,2459,
52.02142765408585,95546,769,1228,2460,
52.02652229052782,95546,769,1227,2461,
52.030988968332494,95546,768,1228,2461,
52.036841422354684,95546,768,1227,2462,
52.037440392309094,95546,768,1226,2463,
52.03865258979479,95546,768,1225,2464,
52.04074667388209,95546,767,1226,2464,
52.04122055157257,95546,766,1227,2464,
52.042577420782735,95545,767,1227,2464,
52.044389888887856,95545,767,1226,2465,
52.04471213732542,95545,767,1225,2466,
52.04764605901556,95545,766,1226,2466,
52.05098980385604,95545,765,1227,2466,
52.05325815998171,95544,766,1227,2466,
52.05335259631178,95544,765,1228,2466,
52.05440301228159,95544,765,1227,2467,
52.05502404080681,95544,765,1226,2468,
52.056295313578495,95544,765,1225,2469,
52.05638410618912,95544,765,1224,2470,
52.05679032821846,95544,765,1223,2471,
52.0625985046505,95544,764,1224,2471,
52.06391340730377,95544,763,1225,2471,
52.06564230260219,95544,762,1226,2471,
52.06737059542827,95544,762,1225,2472,
52.06932584869373,95544,762,1224,2473,
52.07039792617303,95544,761,1225,2473,
52.07221752693812,95543,762,1225,2473,
52.07229056215033,95543,761,1226,2473,
52.074412836630565,95543,761,1225,2474,
52.07460877840984,95543,760,1226,2474,
52.07520672241518,95542,761,1226,2474,
52.07548263029278,95542,760,1227,2474,
52.0767089709027,95541,761,1227,2474,
52.08238840297237,95541,760,1228,2474,
52.08393363231714,95541,759,1229,2474,
52.08555931794649,95541,759,1228,2475,
52.08635904330436,95541,758,1229,2475,
52.088424540089065,95540,759,1229,2475,
52.090627995588136,95539,760,1229,2475,
52.097781673709015,95539,759,1230,2475,
52.100216231015004,95539,759,1229,2476,
52.10052224891423,95539,759,1228,2477,
52.10409831879322,95538,760,1228,2477,
52.11128012788471,95537,761,1228,2477,
52.1158039341271,95537,760,1229,2477,
52.11863549630758,95537,759,1230,2477,
52.11927524791928,95536,760,1230,2477,
52.12456085873259,95536,760,1229,2478,
52.12960103560827,95536,760,1228,2479,
52.13066837195139,95536,760,1227,2480,
52.13739171674769,95536,760,1226,2481,
52.13983513788324,95536,760,1225,2482,
52.14459716973744,95536,759,1226,2482,
52.145371371276305,95536,759,1225,2483,
52.14673040159203,95536,758,1226,2483,
52.15303703689182,95536,758,1225,2484,
52.15437681542965,95536,758,1224,2485,
52.155329416930876,95536,757,1225,2485,
52.157623885406586,95536,756,1226,2485,
52.16132221905411,95536,756,1225,2486,
52.16199176089619,95536,755,1226,2486,
52.163666132269064,95536,755,1225,2487,
52.16406718723279,95535,756,1225,2487,
52.165625224137116,95535,756,1224,2488,
52.165719774046444,95535,756,1223,2489,
52.16770530641342,95535,756,1222,2490,
52.17360594930314,95535,756,1221,2491,
52.17387617571253,95534,757,1221,2491,
52.17945894490598,95533,758,1221,2491,
52.180470799208436,95533,758,1220,2492,
52.181442344985,95533,757,1221,2492,
52.191895858875604,95533,757,1220,2493,
52.192123146588145,95533,757,1219,2494,
52.19559030630368,95533,757,1218,2495,
52.19622593265892,95533,757,1217,2496,
52.19806570223991,95533,756,1218,2496,
52.202334849964025,95533,755,1219,2496,
52.20456156265953,95532,756,1219,2496,
52.204691594373905,95532,755,1220,2496,
52.20553182501273,95532,755,1219,2497,
52.20644014987627,95531,756,1219,2497,
52.211843726318406,95530,757,1219,2497,
52.2144462191758,95529,758,1219,2497,
52.214912654795356,95529,757,1220,2497,
52.21524765766151,95528,758,1220,2497,
52.217860459148916,95528,758,1219,2498,
52.21944277431257,95527,759,1219,2498,
52.22617808957421,95527,759,1218,2499,
52.226451107520006,95527,759,1217,2500,
52.22692074262575,95526,760,1217,2500,
52.228679524719034,95526,760,1216,2501,
52.2294700768453,95526,760,1215,2502,
52.23149157338656,95526,759,1216,2502,
52.23172243872208,95526,758,1217,2502,
52.23238004527154,95526,758,1216,2503,
52.233709284214115,95526,758,1215,2504,
52.2350281579963,95526,757,1216,2504,
52.237299772048004,95525,758,1216,2504,
52.2404114125335,95525,757,1217,2504,
52.241239132811586,95525,757,1216,2505,
52.24177275221896,95524,758,1216,2505,
52.24190256134976,95524,757,1217,2505,
52.243497951324905,95524,757,1216,2506,
52.24458019383937,95524,757,1215,2507,
52.24554027957582,95523,758,1215,2507,
52.24616950458955,95523,757,1216,2507,
52.24897421586655,95523,756,1217,2507,
52.249711838026,95523,755,1218,2507,
52.25415385842142,95523,755,1217,2508,
52.25660232596777,95523,755,1216,2509,
52.25855356527825,95523,755,1215,2510,
52.262684024235966,95522,756,1215,2510,
52.26576001189461,95522,756,1214,2511,
52.26717675702273,95521,757,1214,2511,
52.27029442128736,95521,757,1213,2512,
52.2730815244569,95521,756,1214,2512,
52.276116656196685,95521,755,1215,2512,
52.27632993182654,95520,756,1215,2512,
52.279754516432575,95520,755,1216,2512,
52.279943318842946,95519,756,1216,2512,
52.28093214817004,95518,757,1216,2512,
52.28315385190109,95518,756,1217,2512,
52.28405173480279,95518,756,1216,2513,
52.285678714724995,95518,755,1217,2513,
52.28574346874514,95517,756,1217,2513,
52.2862196878976,95517,755,1218,2513,
52.28624414943367,95517,754,1219,2513,
52.288011218350725,95516,755,1219,2513,
52.295773922641494,95516,754,1220,2513,
52.296445543756924,95515,755,1220,2513,
52.30133909124167,95515,755,1219,2514,
52.30222398224623,95515,755,1218,2515,
52.303795211763735,95515,755,1217,2516,
52.30691929208565,95515,754,1218,2516,
52.30726061214183,95515,753,1219,2516,
52.3102350223769,95514,754,1219,2516,
52.320157086013744,95514,753,1220,2516,
52.321944358806505,95514,753,1219,2517,
52.322988070070735,95514,753,1218,2518,
52.323538968887476,95513,754,1218,2518,
52.32463987007225,95513,754,1217,2519,
52.32609090605055,95513,754,1216,2520,
52.32840550699403,95513,754,1215,2521,
52.33057629794385,95513,754,1214,2522,
52.33136021495354,95513,753,1215,2522,
52.333784366684434,95512,754,1215,2522,
52.33991670299513,95512,754,1214,2523,
52.34212094868366,95511,755,1214,2523,
52.34434594687759,95510,756,1214,2523,
52.345753017714884,95510,755,1215,2523,
52.346563226201084,95509,756,1215,2523,
52.349748936957376,95509,755,1216,2523,
52.35515724573078,95508,756,1216,2523,
52.360318018239546,95507,757,1216,2523,
52.3645253954629,95507,756,1217,2523,
52.36631054344506,95506,757,1217,2523,
52.366779675330214,95506,756,1218,2523,
52.368402321192924,95506,756,1217,2524,
52.36896629339121,95506,755,1218,2524,
52.37050784756693,95506,755,1217,2525,
52.37400950819027,95506,755,1216,2526,
52.37836703583789,95506,755,1215,2527,
52.38335600016501,95506,754,1216,2527,
52.385144301243486,95505,755,1216,2527,
52.38546854375372,95505,754,1217,2527,
52.38565394968508,95505,753,1218,2527,
52.39417879520359,95505,753,1217,2528,
52.39469220327696,95505,753,1216,2529,
52.397390617385696,95505,753,1215,2530,
52.39917510566242,95505,753,1214,2531,
52.40281830024946,95504,754,1214,2531,
52.40305670421947,95504,754,1213,2532,
52.40822872896099,95504,753,1214,2532,
52.4114224679123,95504,753,1213,2533,
52.41456291513718,95504,752,1214,2533,
52.41543418038033,95504,752,1213,2534,
52.416520215168525,95504,752,1212,2535,
52.41943327960344,95504,751,1213,2535,
52.42278202951344,95504,750,1214,2535,
52.423259055978406,95504,750,1213,2536,
52.42343988662584,95503,751,1213,2536,
52.42727900808999,95502,752,1213,2536,
52.42890620558037,95502,752,1212,2537,
52.42945265636169,95501,753,1212,2537,
52.43017009372355,95501,752,1213,2537,
52.43082394442802,95501,751,1214,2537,
52.4380210147763,95501,750,1215,2537,
52.44733720665421,95501,750,1214,2538,
52.4477164808736,95501,749,1215,2538,
52.4542478890874,95501,749,1214,2539,
52.454521293547145,95501,748,1215,2539,
52.45526138418195,95501,748,1214,2540,
52.45534632625976,95501,747,1215,2540,
52.459779613174675,95501,747,1214,2541,
52.46294863809223,95501,747,1213,2542,
52.46395034706655,95500,748,1213,2542,
52.47141300722468,95500,748,1212,2543,
52.47156565372678,95500,748,1211,2544,
52.47419401454485,95500,748,1210,2545,
52.47568326082835,95499,749,1210,2545,
52.47630581118153,95499,748,1211,2545,
52.47853948455947,95499,748,1210,2546,
52.478616034057396,95499,747,1211,2546,
52.48177821766075,95499,746,1212,2546,
52.484077623707265,95499,746,1211,2547,
52.486088256952236,95499,745,1212,2547,
52.49413634263843,95499,745,1211,2548,
52.497186668834516,95499,744,1212,2548,
52.49738443356224,95498,745,1212,2548,
52.497779188307526,95498,745,1211,2549,
52.499387709967955,95498,744,1212,2549,
52.50059706896903,95498,744,1211,2550,
52.50216456938553,95497,745,1211,2550,
52.50821842516075,95497,745,1210,2551,
52.51094476896804,95497,744,1211,2551,
52.513027668960845,95497,743,1212,2551,
52.51577930256117,95497,743,1211,2552,
52.52211891530701,95497,742,1212,2552,
52.52213429345201,95497,741,1213,2552,
52.52384754712591,95497,741,1212,2553,
52.53167388653691,95497,740,1213,2553,
52.53198188555703,95497,739,1214,2553,
52.53291569557115,95497,738,1215,2553,
52.53415448810286,95496,739,1215,2553,
52.54060690365463,95495,740,1215,2553,
52.54091254463478,95495,739,1216,2553,
52.5411612910569,95495,739,1215,2554,
52.54321983636252,95494,740,1215,2554,
52.545736235919584,95494,739,1216,2554,
52.54876869307623,95493,740,1216,2554,
52.54897158847208,95493,740,1215,2555,
52.550068824150515,95493,740,1214,2556,
52.55037886466182,95492,741,1214,2556,
52.551256760622756,95492,740,1215,2556,
52.552558994911905,95492,739,1216,2556,
52.55537215787567,95492,739,1215,2557,
52.5556401445172,95492,739,1214,2558,
52.55670615881355,95492,738,1215,2558,
52.557422823765876,95492,737,1216,2558,
52.57061452233612,95492,736,1217,2558,
52.573961194636325,95492,736,1216,2559,
52.57704796958424,95491,737,1216,2559,
52.57718870144599,95491,737,1215,2560,
52.5780064768455,95491,737,1214,2561,
52.58007542638619,95491,736,1215,2561,
52.58207835998707,95491,736,1214,2562,
52.58230634402372,95490,737,1214,2562,
52.58314623756833,95490,736,1215,2562,
52.584025577744534,95490,735,1216,2562,
52.58458069216579,95490,735,1215,2563,
52.586406938639854,95489,736,1215,2563,
52.59427417909751,95489,736,1214,2564,
52.595990625132956,95488,737,1214,2564,
52.59756277386112,95488,737,1213,2565,
52.598741716986595,95488,736,1214,2565,
52.604329916788906,95488,735,1215,2565,
52.60624472900434,95487,736,1215,2565,
52.607624144890025,95486,737,1215,2565,
52.608536731225655,95486,736,1216,2565,
52.61566264790765,95486,735,1217,2565,
52.6168068129366,95485,736,1217,2565,
52.61685249640277,95485,736,1216,2566,
52.617892774890684,95485,736,1215,2567,
52.62180350714263,95484,737,1215,2567,
52.6234551090717,95483,738,1215,2567,
52.623768060020325,95482,739,1215,2567,
52.62777292630397,95482,738,1216,2567,
52.62933575411067,95482,737,1217,2567,
52.63227944824245,95481,738,1217,2567,
52.633121153589514,95480,739,1217,2567,
52.633379288147864,95479,740,1217,2567,
52.63486944252665,95479,740,1216,2568,
52.635318171420465,95478,741,1216,2568,
52.636688127439854,95478,741,1215,2569,
52.644358095049704,95478,741,1214,2570,
52.64583577344049,95478,741,1213,2571,
52.64619186898919,95478,740,1214,2571,
52.648421997617405,95477,741,1214,2571,
52.64876267445534,95477,740,1215,2571,
52.650188868007184,95476,741,1215,2571,
52.66087575055309,95475,742,1215,2571,
52.663132565533964,95475,741,1216,2571,
52.66418926657607,95475,740,1217,2571,
52.67028354257739,95475,740,1216,2572,
52.670733937489075,95475,739,1217,2572,
52.6710062273272,95475,739,1216,2573,
52.6748266603509,95475,739,1215,2574,
52.67659207164954,95474,740,1215,2574,
52.67755898104353,95473,741,1215,2574,
52.67885225752918,95473,740,1216,2574,
52.67918960817007,95473,740,1215,2575,
52.679382391335544,95473,740,1214,2576,
52.68318094441376,95473,739,1215,2576,
52.69169714145693,95473,739,1214,2577,
52.694982492081174,95473,738,1215,2577,
52.69718875915557,95473,738,1214,2578,
52.69998101241872,95473,738,1213,2579,
52.702356384760975,95473,738,1212,2580,
52.706357852326704,95473,737,1213,2580,
52.70920795314133,95472,738,1213,2580,
52.710129563407115,95471,739,1213,2580,
52.71328656545475,95471,738,1214,2580,
52.71344491997859,95471,738,1213,2581,
52.717305297934075,95471,738,1212,2582,
52.725187443499316,95471,737,1213,2582,
52.72606914929255,95470,738,1213,2582,
52.72857822597929,95470,738,1212,2583,
52.7334210365388,95470,737,1213,2583,
52.73374835162886,95470,737,1212,2584,
52.73899057248142,95469,738,1212,2584,
52.739850087782365,95469,738,1211,2585,
52.74289679994823,95469,738,1210,2586,
52.74351225997083,95469,738,1209,2587,
52.743989682565584,95469,737,1210,2587,
52.75130583299977,95469,737,1209,2588,
52.752695370641156,95469,737,1208,2589,
52.757111188869146,95469,737,1207,2590,
52.76120592204566,95468,738,1207,2590,
52.76232167364237,95468,738,1206,2591,
52.76317249116181,95467,739,1206,2591,
52.76333333521028,95467,739,1205,2592,
52.76615333245327,95467,738,1206,2592,
52.767291648517244,95466,739,1206,2592,
52.7698612619878,95466,739,1205,2593,
52.77112397608715,95466,738,1206,2593,
52.77115176761625,95465,739,1206,2593,
52.77157451148257,95464,740,1206,2593,
52.77410743648544,95464,739,1207,2593,
52.77414147144674,95464,739,1206,2594,
52.774641752511016,95463,740,1206,2594,
52.778986639627306,95463,739,1207,2594,
52.78029952691799,95463,738,1208,2594,
52.7815324549677,95463,737,1209,2594,
52.781890138491896,95462,738,1209,2594,
52.786245624700854,95462,738,1208,2595,
52.786618322385706,95462,738,1207,2596,
52.791566559930374,95462,737,1208,2596,
52.79883829713732,95462,736,1209,2596,
52.80320711376089,95462,735,1210,2596,
52.8081194573974,95461,736,1210,2596,
52.8087392911034,95461,736,1209,2597,
52.81291882254144,95461,735,1210,2597,
52.81391903937676,95460,736,1210,2597,
52.813949590539714,95460,735,1211,2597,
52.817913168782276,95460,735,1210,2598,
52.8203746172489,95459,736,1210,2598,
52.82101997387491,95459,735,1211,2598,
52.82478248556794,95458,736,1211,2598,
52.82603452432714,95458,735,1212,2598,
52.82615608073849,95458,735,1211,2599,
52.83066429473911,95458,735,1210,2600,
52.8307391184713,95457,736,1210,2600,
52.83427950294278,95457,735,1211,2600,
52.837369866787284,95456,736,1211,2600,
52.840567625264804,95456,735,1212,2600,
52.84530966670566,95456,734,1213,2600,
52.851026567459,95455,735,1213,2600,
52.85286809480964,95455,735,1212,2601,
52.85365626229374,95454,736,1212,2601,
52.8558099061319,95453,737,1212,2601,
52.85612291374937,95452,738,1212,2601,
52.85619828443753,95452,738,1211,2602,
52.856664958601485,95451,739,1211,2602,
52.857648244884544,95450,740,1211,2602,
52.86698557937615,95449,741,1211,2602,
52.868800778084946,95448,742,1211,2602,
52.86908089638868,95448,742,1210,2603,
52.869965424592294,95447,743,1210,2603,
52.880586613943194,95447,743,1209,2604,
52.88205595611056,95446,744,1209,2604,
52.88379305933537,95446,743,1210,2604,
52.88385122344911,95446,743,1209,2605,
52.88600260581104,95446,743,1208,2606,
52.89059284202063,95446,743,1207,2607,
52.897158222143574,95445,744,1207,2607,
52.903265933061334,95445,744,1206,2608,
52.90448684619981,95445,743,1207,2608,
52.9048855984391,95445,743,1206,2609,
52.90920734652067,95445,742,1207,2609,
52.91086250597759,95445,741,1208,2609,
52.91184016686524,95445,740,1209,2609,
52.912703106886354,95444,741,1209,2609,
52.91559644286505,95443,742,1209,2609,
52.918309312524705,95443,742,1208,2610,
52.92062267636512,95443,741,1209,2610,
52.925903443047716,95443,740,1210,2610,
52.930406859035436,95443,740,1209,2611,
52.9309425193563,95442,741,1209,2611,
52.9326935216883,95442,740,1210,2611,
52.93360386022041,95442,739,1211,2611,
52.93591223547998,95442,739,1210,2612,
52.93596470209059,95442,738,1211,2612,
52.93678039551892,95442,737,1212,2612,
52.936797498177924,95442,737,1211,2613,
52.941481707368766,95442,737,1210,2614,
52.941805366730755,95442,736,1211,2614,
52.94299231823903,95442,735,1212,2614,
52.94437549994485,95441,736,1212,2614,
52.94621214804394,95441,736,1211,2615,
52.94696982258606,95440,737,1211,2615,
52.94744971542663,95440,737,1210,2616,
52.94845580963225,95440,737,1209,2617,
52.94857119138835,95440,737,1208,2618,
52.95216478077978,95440,736,1209,2618,
52.955266048133765,95440,735,1210,2618,
52.957032760597265,95440,735,1209,2619,
52.95710326787958,95440,735,1208,2620,
52.95948509019868,95439,736,1208,2620,
52.96143144436738,95439,735,1209,2620,
52.964977772924136,95439,735,1208,2621,
52.96827285001536,95439,734,1209,2621,
52.98104958795709,95438,735,1209,2621,
52.989486354003446,95438,734,1210,2621,
52.99286114787567,95438,733,1211,2621,
52.99516746128091,95438,732,1212,2621,
53.000819954495014,95437,733,1212,2621,
53.001259391918936,95436,734,1212,2621,
53.012681216704344,95436,734,1211,2622,
53.01270252618794,95435,735,1211,2622,
53.01290504876056,95435,734,1212,2622,
53.013136540470136,95435,734,1211,2623,
53.01721197475136,95434,735,1211,2623,
53.03058272624654,95434,735,1210,2624,
53.030774430044175,95434,735,1209,2625,
53.032755353796276,95434,734,1210,2625,
53.03402894047724,95434,733,1211,2625,
53.036035415782266,95433,734,1211,2625,
53.0427330775515,95433,734,1210,2626,
53.0436053650476,95433,733,1211,2626,
53.04462289502292,95433,732,1212,2626,
53.046737721582886,95433,732,1211,2627,
53.04781728106888,95433,732,1210,2628,
53.05062641989664,95433,732,1209,2629,
53.05129122568425,95433,731,1210,2629,
53.05166931117325,95433,730,1211,2629,
53.053442383026855,95433,729,1212,2629,
53.05843064127683,95432,730,1212,2629,
53.05868602231738,95431,731,1212,2629,
53.05915367638917,95430,732,1212,2629,
53.060382765773774,95430,732,1211,2630,
53.06129441033231,95430,731,1212,2630,
53.06408373203231,95429,732,1212,2630,
53.066611155121876,95429,731,1213,2630,
53.07317575584357,95428,732,1213,2630,
53.07516123581038,95428,732,1212,2631,
53.07923985463577,95428,732,1211,2632,
53.082040040345525,95427,733,1211,2632,
53.08443707106461,95427,733,1210,2633,
53.085021348305965,95426,734,1210,2633,
53.087160494364156,95426,733,1211,2633,
53.089440935565804,95425,734,1211,2633,
53.09353587864968,95425,734,1210,2634,
53.09496568917955,95424,735,1210,2634,
53.09633686911994,95424,734,1211,2634,
53.10195944018906,95424,734,1210,2635,
53.10334344312347,95424,733,1211,2635,
53.11181508035167,95424,732,1212,2635,
53.11297755367646,95423,733,1212,2635,
53.115041529078674,95423,732,1213,2635,
53.11513489636762,95422,733,1213,2635,
53.11542034565384,95422,732,1214,2635,
53.11667289231156,95422,732,1213,2636,
53.117576443575956,95421,733,1213,2636,
53.11817406925923,95420,734,1213,2636,
53.12308611752884,95419,735,1213,2636,
53.12371062410037,95419,734,1214,2636,
53.128588554099586,95418,735,1214,2636,
53.13141941593428,95418,735,1213,2637,
53.13365106358869,95417,736,1213,2637,
53.13681628120905,95416,737,1213,2637,
53.137752966285504,95415,738,1213,2637,
53.13800589150357,95415,738,1212,2638,
53.13912186441691,95415,737,1213,2638,
53.140659274335974,95414,738,1213,2638,
53.14363549390696,95414,738,1212,2639,
53.147150561322995,95413,739,1212,2639,
53.15330365352912,95413,739,1211,2640,
53.154562464172336,95413,739,1210,2641,
53.15572397173422,95412,740,1210,2641,
53.156630568654506,95412,740,1209,2642,
53.16339699186647,95412,740,1208,2643,
53.16342130074146,95411,741,1208,2643,
53.16463376870933,95411,741,1207,2644,
53.16549446578505,95411,741,1206,2645,
53.17398847996732,95411,741,1205,2646,
53.175465348051446,95411,740,1206,2646,
53.17827805927989,95411,739,1207,2646,
53.17915785978512,95411,739,1206,2647,
53.183696687893956,95411,739,1205,2648,
53.18665146258196,95410,740,1205,2648,
53.189679342044116,95410,739,1206,2648,
53.19036444152523,95410,739,1205,2649,
53.19301833600839,95409,740,1205,2649,
53.19502307802952,95409,739,1206,2649,
53.19567223244598,95409,739,1205,2650,
53.198321648683724,95409,738,1206,2650,
53.199935044631914,95409,737,1207,2650,
53.20119248848022,95409,737,1206,2651,
53.20177724890994,95409,737,1205,2652,
53.203944071199544,95409,736,1206,2652,
53.20695763963462,95408,737,1206,2652,
53.20944456789326,95407,738,1206,2652,
53.20990314311636,95406,739,1206,2652,
53.21005506659989,95405,740,1206,2652,
53.21083022874248,95405,739,1207,2652,
53.21385403371899,95405,739,1206,2653,
53.219357858975116,95405,738,1207,2653,
53.2199702274381,95405,738,1206,2654,
53.220222941586,95405,738,1205,2655,
53.2232601376775,95405,738,1204,2656,
53.22521910860398,95404,739,1204,2656,
53.225387630350326,95403,740,1204,2656,
53.22620246507755,95403,739,1205,2656,
53.227608598654406,95403,738,1206,2656,
53.23520557382787,95403,738,1205,2657,
53.23830556649469,95403,738,1204,2658,
53.23877916338345,95402,739,1204,2658,
53.239255058590075,95401,740,1204,2658,
53.23952110782766,95400,741,1204,2658,
53.241942124300074,95400,741,1203,2659,
53.24239045616909,95399,742,1203,2659,
53.24307171619771,95399,742,1202,2660,
53.24807842284743,95399,741,1203,2660,
53.2512502109435,95399,741,1202,2661,
53.25378062512568,95399,740,1203,2661,
53.25493191240941,95399,739,1204,2661,
53.26173917502973,95399,739,1203,2662,
53.26438045384567,95399,739,1202,2663,
53.26949783115159,95399,739,1201,2664,
53.2697639705416,95399,738,1202,2664,
53.27429647565905,95398,739,1202,2664,
53.27627214209926,95397,740,1202,2664,
53.28019110142152,95397,739,1203,2664,
53.28053392813543,95397,739,1202,2665,
53.28254146442654,95396,740,1202,2665,
53.28420825644662,95396,740,1201,2666,
53.286647697077555,95396,739,1202,2666,
53.29173406354056,95396,738,1203,2666,
53.2924038409157,95395,739,1203,2666,
53.29291359362648,95395,739,1202,2667,
53.29305862617603,95394,740,1202,2667,
53.29712350342383,95394,739,1203,2667,
53.29859258260134,95394,739,1202,2668,
53.298983289355526,95394,738,1203,2668,
53.3002482132835,95393,739,1203,2668,
53.302780336376316,95393,738,1204,2668,
53.305869124157624,95392,739,1204,2668,
53.31002669828909,95391,740,1204,2668,
53.31224532561131,95391,739,1205,2668,
53.315469641058364,95390,740,1205,2668,
53.31569334066125,95390,739,1206,2668,
53.31975694244984,95390,739,1205,2669,
53.320601325500874,95389,740,1205,2669,
53.329018105957985,95389,739,1206,2669,
53.3293026650057,95389,739,1205,2670,
53.32956287002135,95389,739,1204,2671,
53.33165587832322,95389,739,1203,2672,
53.33199863870629,95388,740,1203,2672,
53.333596335800294,95388,740,1202,2673,
53.333874048455954,95388,740,1201,2674,
53.339505760057676,95387,741,1201,2674,
53.34709196036666,95387,740,1202,2674,
53.354722273017764,95387,740,1201,2675,
53.35877376250096,95387,740,1200,2676,
53.36341747747479,95387,740,1199,2677,
53.36352779746487,95387,740,1198,2678,
53.36491545649424,95386,741,1198,2678,
53.36939174525084,95386,740,1199,2678,
53.36963668712288,95386,739,1200,2678,
53.373419741412306,95386,738,1201,2678,
53.37362125526958,95385,739,1201,2678,
53.3743720263125,95385,738,1202,2678,
53.37628372173506,95384,739,1202,2678,
53.37646408545472,95384,739,1201,2679,
53.37751189750002,95384,738,1202,2679,
53.37855587671331,95383,739,1202,2679,
53.37889995692343,95383,738,1203,2679,
53.37936560215632,95383,738,1202,2680,
53.38253313609291,95383,738,1201,2681,
53.38682336759898,95383,738,1200,2682,
53.38715435664606,95383,738,1199,2683,
53.38824459976605,95383,738,1198,2684,
53.39084124691526,95382,739,1198,2684,
53.391313629087904,95382,739,1197,2685,
53.398097456735435,95382,739,1196,2686,
53.39850566702705,95382,739,1195,2687,
53.40047347106953,95381,740,1195,2687,
53.40787795352292,95381,739,1196,2687,
53.40984635058601,95381,739,1195,2688,
53.4136345775767,95381,738,1196,2688,
53.415621364765684,95380,739,1196,2688,
53.41702779495567,95380,739,1195,2689,
53.41732306789506,95380,738,1196,2689,
53.422297706954524,95380,737,1197,2689,
53.42264960604655,95380,736,1198,2689,
53.42326870660163,95380,736,1197,2690,
53.42780943779632,95380,735,1198,2690,
53.429351835268555,95380,734,1199,2690,
53.435799216698925,95379,735,1199,2690,
53.442855657683246,95379,735,1198,2691,
53.4430599251295,95378,736,1198,2691,
53.444607655449545,95377,737,1198,2691,
53.44706456372989,95376,738,1198,2691,
53.44743608821147,95376,738,1197,2692,
53.44835102956081,95376,738,1196,2693,
53.45023956852618,95375,739,1196,2693,
53.45245255593133,95375,738,1197,2693,
53.45347991461075,95375,738,1196,2694,
53.45379005132595,95375,738,1195,2695,
53.45722270136087,95375,738,1194,2696,
53.46022713577779,95374,739,1194,2696,
53.460652393357975,95374,738,1195,2696,
53.460969492513094,95373,739,1195,2696,
53.46184575846384,95373,738,1196,2696,
53.46565301677931,95373,738,1195,2697,
53.468460984048335,95372,739,1195,2697,
53.46971017738326,95372,739,1194,2698,
53.473371901339995,95372,738,1195,2698,
53.47527672123328,95371,739,1195,2698,
53.47757161545925,95371,739,1194,2699,
53.479811424137594,95371,739,1193,2700,
53.481874578828254,95371,738,1194,2700,
53.48558025771798,95371,737,1195,2700,
53.48713198945836,95371,737,1194,2701,
53.48864100636069,95371,736,1195,2701,
53.490251561948014,95371,736,1194,2702,
53.49182994984077,95371,736,1193,2703,
53.4956075707193,95371,736,1192,2704,
53.49743520202348,95371,736,1191,2705,
53.498795978280526,95371,736,1190,2706,
53.501351485846456,95371,735,1191,2706,
53.501509105535646,95371,735,1190,2707,
53.50771741217088,95370,736,1190,2707,
53.51069188237449,95369,737,1190,2707,
53.51127035326981,95368,738,1190,2707,
53.512886208129004,95368,738,1189,2708,
53.518341795581954,95367,739,1189,2708,
53.52244738083505,95367,739,1188,2709,
53.522941548652994,95367,738,1189,2709,
53.523938776729565,95367,737,1190,2709,
53.52458860580221,95366,738,1190,2709,
53.525923160138554,95366,737,1191,2709,
53.527563525004624,95366,736,1192,2709,
53.5276312528164,95366,736,1191,2710,
53.52948086400399,95366,736,1190,2711,
53.53864002859238,95365,737,1190,2711,
53.53873032637902,95364,738,1190,2711,
53.542161766063806,95364,738,1189,2712,
53.54238632639911,95363,739,1189,2712,
53.54278206230312,95363,738,1190,2712,
53.545285203770895,95362,739,1190,2712,
53.547659991993534,95361,740,1190,2712,
53.5488781109144,95361,740,1189,2713,
53.55110810318582,95360,741,1189,2713,
53.55608640765403,95360,740,1190,2713,
53.55986855679311,95360,739,1191,2713,
53.563915108540755,95360,738,1192,2713,
53.56924424220635,95359,739,1192,2713,
53.57114425697124,95359,738,1193,2713,
53.57119638705716,95359,738,1192,2714,
53.574225856568944,95358,739,1192,2714,
53.57508626623542,95357,740,1192,2714,
53.57614982242112,95357,740,1191,2715,
53.578710977562764,95357,739,1192,2715,
53.579084695369176,95357,738,1193,2715,
53.58002338526442,95357,737,1194,2715,
53.58438806257895,95357,736,1195,2715,
53.586552517905524,95357,735,1196,2715,
53.59505847510906,95357,735,1195,2716,
53.596105964276184,95357,734,1196,2716,
53.597087498777356,95357,734,1195,2717,
53.60041871903128,95357,734,1194,2718,
53.60042168097286,95357,734,1193,2719,
53.601655736295115,95356,735,1193,2719,
53.608185663846044,95356,734,1194,2719,
53.6135932966175,95355,735,1194,2719,
53.61615782348174,95354,736,1194,2719,
53.619986077734666,95353,737,1194,2719,
53.62014684067764,95353,736,1195,2719,
53.622102134558034,95353,736,1194,2720,
53.62229928855211,95353,735,1195,2720,
53.62262146502211,95353,734,1196,2720,
53.62598600897359,95353,734,1195,2721,
53.628138154708516,95353,734,1194,2722,
53.630998935293256,95352,735,1194,2722,
53.63109217063165,95352,735,1193,2723,
53.63377137983986,95351,736,1193,2723,
53.63650762134404,95351,736,1192,2724,
53.63980678816763,95351,735,1193,2724,
53.6410045957206,95350,736,1193,2724,
53.6417105526219,95350,735,1194,2724,
53.641735398176095,95350,734,1195,2724,
53.644646769759866,95350,734,1194,2725,
53.646550853490126,95349,735,1194,2725,
53.647939140537005,95348,736,1194,2725,
53.650769686391826,95348,736,1193,2726,
53.65153219202994,95348,736,1192,2727,
53.65185155771486,95348,736,1191,2728,
53.65217544268345,95347,737,1191,2728,
53.65499043185814,95347,737,1190,2729,
53.656422152363085,95346,738,1190,2729,
53.65780800564153,95346,737,1191,2729,
53.667431081279226,95345,738,1191,2729,
53.669951007993745,95345,737,1192,2729,
53.67010545882877,95344,738,1192,2729,
53.67363238145133,95344,738,1191,2730,
53.67883391147506,95343,739,1191,2730,
53.680169647252555,95343,738,1192,2730,
53.68144135907982,95343,738,1191,2731,
53.6828843761548,95343,737,1192,2731,
53.68344157078555,95343,736,1193,2731,
53.683566627335296,95343,735,1194,2731,
53.68611062389615,95343,734,1195,2731,
53.68753363795096,95343,733,1196,2731,
53.690782120689,95343,732,1197,2731,
53.6912410139373,95343,732,1196,2732,
53.69225065489421,95343,731,1197,2732,
53.692802347040384,95343,731,1196,2733,
53.70297319155581,95343,730,1197,2733,
53.70487430065108,95343,730,1196,2734,
53.705294502516956,95343,729,1197,2734,
53.70547305107552,95342,730,1197,2734,
53.70574758602146,95342,730,1196,2735,
53.706070752163086,95341,731,1196,2735,
53.716491429048446,95341,730,1197,2735,
53.72245262751425,95341,730,1196,2736,
53.7317963362528,95341,729,1197,2736,
53.734508845092236,95341,729,1196,2737,
53.73476588338089,95341,729,1195,2738,
53.73671976289394,95341,729,1194,2739,
53.73769352248403,95341,729,1193,2740,
53.74117617578422,95341,728,1194,2740,
53.742091024536066,95341,728,1193,2741,
53.743769880053954,95341,727,1194,2741,
53.747148097555055,95341,727,1193,2742,
53.74757852509481,95340,728,1193,2742,
53.75000823132249,95340,728,1192,2743,
53.752531077083304,95340,727,1193,2743,
53.753634127339424,95339,728,1193,2743,
53.75432490312359,95338,729,1193,2743,
53.76657161444763,95338,729,1192,2744,
53.770397090492196,95338,728,1193,2744,
53.77232484826541,95338,728,1192,2745,
53.77450210099702,95338,727,1193,2745,
53.77556799115015,95338,726,1194,2745,
53.775753370791925,95338,726,1193,2746,
53.7821245431568,95338,725,1194,2746,
53.78476161226777,95338,724,1195,2746,
53.789754056604814,95338,724,1194,2747,
53.799651741979325,95338,724,1193,2748,
53.801499739756686,95338,724,1192,2749,
53.80606199194944,95337,725,1192,2749,
53.80973668092625,95336,726,1192,2749,
53.81272028174487,95335,727,1192,2749,
53.81713026521336,95334,728,1192,2749,
53.81765483483418,95334,728,1191,2750,
53.81812130755085,95334,728,1190,2751,
53.81893570120324,95334,728,1189,2752,
53.82190721946856,95334,728,1188,2753,
53.822223576475906,95334,727,1189,2753,
53.82418784195957,95333,728,1189,2753,
53.82476956026818,95332,729,1189,2753,
53.82549500262195,95332,729,1188,2754,
53.826140165717376,95331,730,1188,2754,
53.83128543846946,95330,731,1188,2754,
53.831805976774376,95330,730,1189,2754,
53.83276230465286,95329,731,1189,2754,
53.83328950096177,95329,731,1188,2755,
53.83513547059389,95329,730,1189,2755,
53.84076718438425,95329,729,1190,2755,
53.84425174044489,95329,728,1191,2755,
53.85236078237833,95328,729,1191,2755,
53.85767153709801,95328,728,1192,2755,
53.85828779824963,95328,727,1193,2755,
53.85884652664241,95327,728,1193,2755,
53.86220153780544,95327,728,1192,2756,
53.86223337331136,95327,727,1193,2756,
53.86542230232945,95327,727,1192,2757,
53.86616276857273,95327,727,1191,2758,
53.86732184912145,95327,726,1192,2758,
53.86782830824463,95326,727,1192,2758,
53.86815170546254,95326,727,1191,2759,
53.86938004396173,95325,728,1191,2759,
53.871236264657696,95325,728,1190,2760,
53.87192025141863,95324,729,1190,2760,
53.87368775359561,95323,730,1190,2760,
53.87382467533865,95322,731,1190,2760,
53.88014368526005,95321,732,1190,2760,
53.88180995021184,95321,732,1189,2761,
53.88262795115489,95321,731,1190,2761,
53.888799331833454,95321,730,1191,2761,
53.88907051459361,95321,730,1190,2762,
53.89173053541841,95320,731,1190,2762,
53.89268528760027,95320,731,1189,2763,
53.89463243366929,95319,732,1189,2763,
53.89737873440721,95319,732,1188,2764,
53.89999321567765,95319,732,1187,2765,
53.90009018117119,95319,731,1188,2765,
53.90142660877292,95318,732,1188,2765,
53.91050842846199,95318,732,1187,2766,
53.910709113943554,95318,731,1188,2766,
53.91225718855423,95318,730,1189,2766,
53.914244789284076,95317,731,1189,2766,
53.91658619779854,95317,730,1190,2766,
53.917228710087805,95316,731,1190,2766,
53.91753756514543,95315,732,1190,2766,
53.91803619121547,95314,733,1190,2766,
53.919428403290375,95314,732,1191,2766,
53.92011894743342,95314,731,1192,2766,
53.920216933259084,95314,731,1191,2767,
53.92091306973418,95314,730,1192,2767,
53.92115113129283,95314,730,1191,2768,
53.92807903243609,95313,731,1191,2768,
53.935476672861846,95313,730,1192,2768,
53.93760729438885,95312,731,1192,2768,
53.94303289258078,95312,731,1191,2769,
53.9453444744529,95311,732,1191,2769,
53.947565415369766,95311,732,1190,2770,
53.95070036869411,95311,731,1191,2770,
53.95284289242981,95310,732,1191,2770,
53.956313358285854,95310,732,1190,2771,
53.95639126132636,95309,733,1190,2771,
53.95729589683047,95308,734,1190,2771,
53.95843757080254,95308,734,1189,2772,
53.962224261370444,95308,733,1190,2772,
53.9727330543139,95308,733,1189,2773,
53.97350271756885,95308,732,1190,2773,
53.976173820427185,95307,733,1190,2773,
53.977437391392165,95307,732,1191,2773,
53.97859787469071,95307,732,1190,2774,
53.980245180470206,95307,732,1189,2775,
53.980295658424595,95307,731,1190,2775,
53.98233796412279,95307,731,1189,2776,
53.985071661220196,95307,730,1190,2776,
53.98566387277932,95307,730,1189,2777,
53.98585393872669,95307,729,1190,2777,
53.98828444882712,95307,729,1189,2778,
53.99238530468592,95306,730,1189,2778,
53.99506339993361,95306,729,1190,2778,
53.99597487770143,95306,728,1191,2778,
53.9970419473171,95306,728,1190,2779,
53.99874010048597,95306,727,1191,2779,
53.9988056209525,95305,728,1191,2779,
54.00199365088785,95305,727,1192,2779,
54.00253941351004,95305,727,1191,2780,
54.00296825770846,95305,727,1190,2781,
54.003456309664486,95304,728,1190,2781,
54.01581241319474,95304,727,1191,2781,
54.016028745352095,95304,727,1190,2782,
54.01639052654403,95304,726,1191,2782,
54.01770492472918,95303,727,1191,2782,
54.020299495833065,95303,726,1192,2782,
54.02068756641788,95302,727,1192,2782,
54.020722408394086,95302,726,1193,2782,
54.0212986874667,95301,727,1193,2782,
54.02376058589308,95301,726,1194,2782,
54.026629739659754,95301,726,1193,2783,
54.02959909240701,95301,726,1192,2784,
54.03046622080166,95301,725,1193,2784,
54.035777235949986,95301,724,1194,2784,
54.03867145344503,95301,723,1195,2784,
54.04200975548067,95300,724,1195,2784,
54.04225416490233,95300,723,1196,2784,
54.04407320897309,95299,724,1196,2784,
54.04763886134205,95299,724,1195,2785,
54.04895994452976,95299,724,1194,2786,
54.05002271053868,95299,724,1193,2787,
54.050518026103816,95298,725,1193,2787,
54.05187644800112,95298,724,1194,2787,
54.05323543783546,95297,725,1194,2787,
54.05501840394597,95297,725,1193,2788,
54.055099840753236,95297,725,1192,2789,
54.05558583043688,95296,726,1192,2789,
54.05603243865031,95296,725,1193,2789,
54.05841227676618,95296,725,1192,2790,
54.06359115406113,95295,726,1192,2790,
54.07108277237373,95295,725,1193,2790,
54.07187893678739,95294,726,1193,2790,
54.07396852226983,95294,725,1194,2790,
54.07898324306719,95294,725,1193,2791,
54.08111064345197,95294,724,1194,2791,
54.083705502933924,95293,725,1194,2791,
54.08496961690039,95293,724,1195,2791,
54.085542912326815,95293,723,1196,2791,
54.085864383165635,95293,723,1195,2792,
54.08840815585837,95293,723,1194,2793,
54.09175078081128,95293,722,1195,2793,
54.09354887777643,95292,723,1195,2793,
54.095882748968556,95292,723,1194,2794,
54.09787528765273,95292,722,1195,2794,
54.09945625234512,95292,722,1194,2795,
54.10218900707254,95292,722,1193,2796,
54.10294952862116,95292,721,1194,2796,
54.1051377755403,95291,722,1194,2796,
54.115360106227,95290,723,1194,2796,
54.11538074504793,95290,722,1195,2796,
54.11560013099257,95289,723,1195,2796,
54.11618636903118,95289,723,1194,2797,
54.11883194228807,95289,722,1195,2797,
54.125106253934845,95289,721,1196,2797,
54.12603452552311,95289,720,1197,2797,
54.12830623651485,95289,720,1196,2798,
54.1322885308141,95289,719,1197,2798,
54.138376734188014,95289,718,1198,2798,
54.140099453947855,95289,718,1197,2799,
54.14027982489993,95289,717,1198,2799,
54.140878324642834,95288,718,1198,2799,
54.141104149114426,95288,717,1199,2799,
54.144102304659455,95288,716,1200,2799,
54.14854634909866,95287,717,1200,2799,
54.158547792680594,95287,717,1199,2800,
54.16840742408251,95287,716,1200,2800,
54.17313422228247,95287,716,1199,2801,
54.17367081098743,95286,717,1199,2801,
54.174654002505875,95286,716,1200,2801,
54.175604291723964,95286,715,1201,2801,
54.17749361225941,95286,714,1202,2801,
54.17932731615495,95285,715,1202,2801,
54.18139578593598,95285,715,1201,2802,
54.18187281619901,95285,715,1200,2803,
54.18205444731671,95285,714,1201,2803,
54.183246339651404,95284,715,1201,2803,
54.18504322363288,95284,714,1202,2803,
54.18801779066443,95284,713,1203,2803,
54.197355705177294,95284,713,1202,2804,
54.19984128334827,95284,713,1201,2805,
54.2017742635681,95284,712,1202,2805,
54.2039545364858,95284,711,1203,2805,
54.20535093728613,95284,711,1202,2806,
54.2060547847473,95284,711,1201,2807,
54.20733414782303,95284,711,1200,2808,
54.2076149718456,95283,712,1200,2808,
54.21049309589431,95283,711,1201,2808,
54.212963761538475,95283,711,1200,2809,
54.213949631811545,95283,710,1201,2809,
54.21611437997571,95282,711,1201,2809,
54.22316663945864,95282,711,1200,2810,
54.22354583295817,95281,712,1200,2810,
54.22634808517509,95281,712,1199,2811,
54.22693621477923,95280,713,1199,2811,
54.2277688144162,95280,713,1198,2812,
54.22968762955493,95279,714,1198,2812,
54.230377850032326,95278,715,1198,2812,
54.23138935202948,95278,715,1197,2813,
54.232142586276154,95278,714,1198,2813,
54.23364866237142,95278,714,1197,2814,
54.23527036880161,95278,714,1196,2815,
54.237508257470274,95278,713,1197,2815,
54.2456885898592,95278,712,1198,2815,
54.24921793643125,95278,712,1197,2816,
54.2493499719061,95278,711,1198,2816,
54.251816903852124,95278,710,1199,2816,
54.2674034374974,95278,710,1198,2817,
54.268086190614284,95277,711,1198,2817,
54.270997471068355,95276,712,1198,2817,
54.27100898010466,95276,711,1199,2817,
54.278182140843285,95276,710,1200,2817,
54.2788934166113,95276,709,1201,2817,
54.27956723385413,95276,709,1200,2818,
54.284646578971895,95276,708,1201,2818,
54.284735786436826,95276,707,1202,2818,
54.28515844036765,95276,707,1201,2819,
54.28607114404105,95276,707,1200,2820,
54.28977303602322,95275,708,1200,2820,
54.29082194503097,95274,709,1200,2820,
54.29473822931432,95274,709,1199,2821,
54.29563591479929,95273,710,1199,2821,
54.296667657002935,95273,710,1198,2822,
54.29978053251321,95273,709,1199,2822,
54.301836507099935,95273,708,1200,2822,
54.302843988638806,95273,708,1199,2823,
54.304227085706245,95273,707,1200,2823,
54.30521443945751,95272,708,1200,2823,
54.311509011299606,95272,707,1201,2823,
54.31208152238415,95271,708,1201,2823,
54.31499000896428,95270,709,1201,2823,
54.31663425955007,95270,709,1200,2824,
54.31779353920702,95270,709,1199,2825,
54.319517156675225,95269,710,1199,2825,
54.32116295115164,95269,709,1200,2825,
54.32276254014121,95269,709,1199,2826,
54.32584468088961,95269,708,1200,2826,
54.32683809327996,95268,709,1200,2826,
54.32835801366451,95267,710,1200,2826,
54.32972958584814,95266,711,1200,2826,
54.33126630387674,95266,711,1199,2827,
54.33226674702538,95266,710,1200,2827,
54.336273084893975,95266,710,1199,2828,
54.33929345717799,95265,711,1199,2828,
54.34565148683407,95264,712,1199,2828,
54.34666952427935,95264,711,1200,2828,
54.34857393507903,95264,710,1201,2828,
54.34961059295922,95264,710,1200,2829,
54.35106328308986,95264,710,1199,2830,
54.35261006344987,95264,709,1200,2830,
54.354794449150525,95263,710,1200,2830,
54.359607384961926,95263,710,1199,2831,
54.35986949815607,95262,711,1199,2831,
54.36090979925714,95262,710,1200,2831,
54.36103523057081,95261,711,1200,2831,
54.36347075956173,95261,710,1201,2831,
54.36596961557134,95261,709,1202,2831,
54.368931648869115,95261,709,1201,2832,
54.3703762436616,95260,710,1201,2832,
54.37275053086924,95260,709,1202,2832,
54.373826654608436,95260,708,1203,2832,
54.37385310987817,95259,709,1203,2832,
54.37804935008535,95258,710,1203,2832,
54.380774764429674,95258,709,1204,2832,
54.38157759600602,95257,710,1204,2832,
54.38724221100719,95256,711,1204,2832,
54.391013407867696,95255,712,1204,2832,
54.3932251175744,95255,711,1205,2832,
54.39604810592815,95255,710,1206,2832,
54.39676833632143,95255,710,1205,2833,
54.39851285676264,95254,711,1205,2833,
54.399385944831835,95254,710,1206,2833,
54.403669321465856,95253,711,1206,2833,
54.40464870482931,95253,711,1205,2834,
54.405944457563244,95253,711,1204,2835,
54.407828918256065,95253,711,1203,2836,
54.410602008515,95252,712,1203,2836,
54.41090031874517,95252,711,1204,2836,
54.41152127747208,95252,711,1203,2837,
54.41180769274736,95252,710,1204,2837,
54.41206552808663,95251,711,1204,2837,
54.41524805090098,95251,711,1203,2838,
54.41613699610299,95251,711,1202,2839,
54.41682149419181,95250,712,1202,2839,
54.419235998653946,95250,711,1203,2839,
54.41978396320981,95249,712,1203,2839,
54.42071070574477,95249,711,1204,2839,
54.421340889553015,95249,711,1203,2840,
54.423719978301676,95249,710,1204,2840,
54.42599848334492,95249,709,1205,2840,
54.427446063580774,95248,710,1205,2840,
54.42820508129782,95248,709,1206,2840,
54.432780555261104,95247,710,1206,2840,
54.439154711651966,95246,711,1206,2840,
54.4424267535514,95246,710,1207,2840,
54.45184100922784,95245,711,1207,2840,
54.454845577465754,95245,711,1206,2841,
54.45497575740794,95244,712,1206,2841,
54.455794235860324,95243,713,1206,2841,
54.45683798230883,95243,712,1207,2841,
54.457766553125225,95243,712,1206,2842,
54.4656158489556,95243,711,1207,2842,
54.465666973809014,95243,710,1208,2842,
54.4688292384281,95242,711,1208,2842,
54.4706691711247,95242,711,1207,2843,
54.47221999452877,95242,710,1208,2843,
54.474238970308676,95242,709,1209,2843,
54.477472768719565,95242,708,1210,2843,
54.48272775965606,95242,707,1211,2843,
54.482995802304146,95242,706,1212,2843,
54.48734425547375,95241,707,1212,2843,
54.48764431151666,95241,706,1213,2843,
54.49572720944647,95241,706,1212,2844,
54.505077929601384,95241,706,1211,2845,
54.50562762988345,95241,706,1210,2846,
54.50723580732081,95240,707,1210,2846,
54.51108878419572,95240,706,1211,2846,
54.51614948645447,95239,707,1211,2846,
54.51800109685036,95239,706,1212,2846,
54.51803703251086,95239,706,1211,2847,
54.51983869308298,95238,707,1211,2847,
54.5272442852412,95237,708,1211,2847,
54.52942616142088,95237,707,1212,2847,
54.53084631247866,95237,706,1213,2847,
54.532108709107945,95237,705,1214,2847,
54.53342290560795,95237,704,1215,2847,
54.5341594788274,95236,705,1215,2847,
54.53537220958117,95235,706,1215,2847,
54.53687191711406,95235,705,1216,2847,
54.53933362317266,95235,705,1215,2848,
54.54477992145599,95234,706,1215,2848,
54.54613634192228,95233,707,1215,2848,
54.55566334381989,95233,707,1214,2849,
54.55727555326266,95233,707,1213,2850,
54.561152393820606,95232,708,1213,2850,
54.562005379245505,95231,709,1213,2850,
54.56457337836091,95231,709,1212,2851,
54.565450718528375,95231,708,1213,2851,
54.565938390590304,95231,707,1214,2851,
54.56666829339837,95231,707,1213,2852,
54.5682996337662,95231,707,1212,2853,
54.57077342567068,95231,707,1211,2854,
54.57188969541846,95231,706,1212,2854,
54.57342935329623,95230,707,1212,2854,
54.58456298310897,95230,707,1211,2855,
54.58539847503881,95229,708,1211,2855,
54.58555457477616,95229,708,1210,2856,
54.586875006623785,95229,707,1211,2856,
54.58700310891205,95229,706,1212,2856,
54.58758534597921,95228,707,1212,2856,
54.59050436896095,95227,708,1212,2856,
54.59431984459704,95227,708,1211,2857,
54.59466474630101,95227,708,1210,2858,
54.59880530245693,95227,708,1209,2859,
54.59918326659732,95227,707,1210,2859,
54.60373477746527,95227,707,1209,2860,
54.60489879429723,95227,706,1210,2860,
54.60724573975895,95226,707,1210,2860,
54.60751838596457,95226,707,1209,2861,
54.60859109707082,95226,707,1208,2862,
54.608937607373704,95226,706,1209,2862,
54.60977172145737,95226,705,1210,2862,
54.611300508389945,95225,706,1210,2862,
54.61242031278048,95225,706,1209,2863,
54.61326414434173,95225,706,1208,2864,
54.61415798437205,95224,707,1208,2864,
54.61567916678388,95224,706,1209,2864,
54.617946603104215,95224,705,1210,2864,
54.621062052307046,95223,706,1210,2864,
54.63320604373959,95223,706,1209,2865,
54.63677472513298,95222,707,1209,2865,
54.63864447327467,95222,707,1208,2866,
54.64150118833123,95222,706,1209,2866,
54.64672458579514,95222,706,1208,2867,
54.647465184233994,95221,707,1208,2867,
54.6501323552591,95221,707,1207,2868,
54.65274192831913,95221,707,1206,2869,
54.653663945903936,95221,707,1205,2870,
54.65400956880495,95221,707,1204,2871,
54.655065034833484,95221,707,1203,2872,
54.65576899563683,95220,708,1203,2872,
54.656671110159294,95220,707,1204,2872,
54.658262646668824,95220,706,1205,2872,
54.65855287826901,95220,706,1204,2873,
54.6596594856161,95220,706,1203,2874,
54.65987424412628,95220,705,1204,2874,
54.66148504370071,95220,705,1203,2875,
54.665091556669935,95220,704,1204,2875,
54.66845819954881,95219,705,1204,2875,
54.669873355502816,95219,705,1203,2876,
54.67408517468181,95219,705,1202,2877,
54.67502176405012,95218,706,1202,2877,
54.67559298364154,95218,705,1203,2877,
54.681913038611626,95218,705,1202,2878,
54.68616763300241,95218,704,1203,2878,
54.687934730575535,95217,705,1203,2878,
54.689824903598335,95216,706,1203,2878,
54.69303394362984,95215,707,1203,2878,
54.693615775706135,95215,707,1202,2879,
54.69639466316163,95214,708,1202,2879,
54.70670827069798,95214,708,1201,2880,
54.70676482882017,95213,709,1201,2880,
54.70706857058334,95213,708,1202,2880,
54.70975397485811,95213,707,1203,2880,
54.71066010209388,95213,706,1204,2880,
54.71156996206594,95213,706,1203,2881,
54.71327948131576,95213,705,1204,2881,
54.71750881730525,95213,704,1205,2881,
54.724209002517036,95213,703,1206,2881,
54.7255040322223,95212,704,1206,2881,
54.731432262215684,95211,705,1206,2881,
54.73396149132455,95211,704,1207,2881,
54.734394411984894,95211,704,1206,2882,
54.734734217092196,95211,703,1207,2882,
54.7355703366969,95210,704,1207,2882,
54.74415582532138,95210,704,1206,2883,
54.748479394247134,95210,704,1205,2884,
54.756446520491366,95210,703,1206,2884,
54.75965694236074,95210,703,1205,2885,
54.759714744085116,95210,702,1206,2885,
54.76478087637209,95210,701,1207,2885,
54.7653785466575,95210,700,1208,2885,
54.77471331661802,95210,699,1209,2885,
54.77573039755195,95210,698,1210,2885,
54.77609167484789,95210,698,1209,2886,
54.78752915272467,95209,699,1209,2886,
54.78882060256576,95209,698,1210,2886,
54.79061962814679,95208,699,1210,2886,
54.79400744937211,95207,700,1210,2886,
54.79500544939702,95207,700,1209,2887,
54.796040807858745,95207,699,1210,2887,
54.79619171812992,95207,699,1209,2888,
54.79663278551432,95207,699,1208,2889,
54.80109457638712,95207,698,1209,2889,
54.80160650214641,95206,699,1209,2889,
54.802010577610744,95206,699,1208,2890,
54.805381690254485,95206,698,1209,2890,
54.80829703061916,95206,698,1208,2891,
54.816487379368475,95205,699,1208,2891,
54.81664583694862,95205,699,1207,2892,
54.81758998626487,95205,698,1208,2892,
54.82394885945749,95204,699,1208,2892,
54.83275126425799,95204,698,1209,2892,
54.839878137634805,95204,698,1208,2893,
54.84176090262422,95204,698,1207,2894,
54.8437614753686,95204,698,1206,2895,
54.844062775045465,95204,698,1205,2896,
54.84560784563506,95204,697,1206,2896,
54.847331057224324,95204,696,1207,2896,
54.850136176182396,95204,696,1206,2897,
54.85920386064137,95204,695,1207,2897,
54.86226531375582,95203,696,1207,2897,
54.864874944591804,95203,695,1208,2897,
54.86512978540906,95202,696,1208,2897,
54.86526349209787,95202,696,1207,2898,
54.86982431501864,95202,695,1208,2898,
54.8713433264837,95202,695,1207,2899,
54.87291056176365,95201,696,1207,2899,
54.88021953266323,95201,696,1206,2900,
54.88328043499726,95201,696,1205,2901,
54.887309551413296,95200,697,1205,2901,
54.89099727146176,95199,698,1205,2901,
54.892540250910294,95199,698,1204,2902,
54.89257517370895,95199,698,1203,2903,
54.89348100554416,95199,697,1204,2903,
54.89994395852781,95199,696,1205,2903,
54.90333002966133,95199,696,1204,2904,
54.905288781380015,95199,696,1203,2905,
54.909840117372326,95198,697,1203,2905,
54.9123446405107,95198,696,1204,2905,
54.912708671595226,95198,695,1205,2905,
54.916069086732165,95198,695,1204,2906,
54.91778825403518,95198,694,1205,2906,
54.92346954750753,95198,693,1206,2906,
54.9287918931006,95198,692,1207,2906,
54.93087637427254,95197,693,1207,2906,
54.9319266320269,95197,693,1206,2907,
54.932483014122866,95197,693,1205,2908,
54.932792356898844,95197,693,1204,2909,
54.9332195769734,95197,692,1205,2909,
54.93393233041813,95196,693,1205,2909,
54.93551764010515,95195,694,1205,2909,
54.936846843323835,95195,694,1204,2910,
54.93888496973091,95194,695,1204,2910,
54.94198777940423,95194,695,1203,2911,
54.9436892800493,95193,696,1203,2911,
54.94591099960945,95193,696,1202,2912,
54.94781616286964,95193,696,1201,2913,
54.95720557457932,95193,696,1200,2914,
54.961713108706036,95192,697,1200,2914,
54.963520748819604,95191,698,1200,2914,
54.96589862401685,95191,698,1199,2915,
54.965956135792965,95191,698,1198,2916,
54.96625614771547,95190,699,1198,2916,
54.96673472232333,95190,698,1199,2916,
54.966988202567215,95189,699,1199,2916,
54.96961275269612,95189,699,1198,2917,
54.9700599633127,95189,698,1199,2917,
54.97024006181635,95189,697,1200,2917,
54.970497235198884,95189,696,1201,2917,
54.97173469357456,95188,697,1201,2917,
54.972767499155196,95187,698,1201,2917,
54.97339373534814,95186,699,1201,2917,
54.97680233347327,95186,698,1202,2917,
54.97962110594228,95185,699,1202,2917,
54.983125485289165,95184,700,1202,2917,
54.98322702356489,95183,701,1202,2917,
54.98438297655777,95183,701,1201,2918,
54.98702491586981,95183,700,1202,2918,
54.98992475114258,95183,699,1203,2918,
54.99745255179096,95183,698,1204,2918,
54.9977259995964,95183,697,1205,2918,
54.99872746998214,95183,696,1206,2918,
54.99939193290947,95183,696,1205,2919,
55.007237748448766,95183,695,1206,2919,
55.01140598384184,95183,694,1207,2919,
55.01267387255327,95183,693,1208,2919,
55.01594743722021,95182,694,1208,2919,
55.01927480410704,95182,693,1209,2919,
55.024677199720145,95182,692,1210,2919,
55.02880653766542,95182,691,1211,2919,
55.031722946566596,95182,690,1212,2919,
55.03178018052351,95181,691,1212,2919,
55.03450521837637,95181,690,1213,2919,
55.03806955577624,95181,689,1214,2919,
55.04017352391014,95181,688,1215,2919,
55.04375899698251,95181,687,1216,2919,
55.04488871694084,95180,688,1216,2919,
55.045301951579404,95180,688,1215,2920,
55.047173298547136,95180,688,1214,2921,
55.05730605069161,95180,687,1215,2921,
55.06028709380702,95180,686,1216,2921,
55.06042823542482,95180,686,1215,2922,
55.06651977056163,95180,685,1216,2922,
55.066802313617636,95180,684,1217,2922,
55.076126222672144,95180,683,1218,2922,
55.0788893304688,95180,683,1217,2923,
55.081534061416946,95180,683,1216,2924,
55.083723611231214,95180,683,1215,2925,
55.08667132942139,95180,683,1214,2926,
55.091664956783106,95180,683,1213,2927,
55.092212039032056,95179,684,1213,2927,
55.092832657237665,95178,685,1213,2927,
55.09391062996147,95178,684,1214,2927,
55.09630549826177,95177,685,1214,2927,
55.09701088572547,95177,685,1213,2928,
55.098015380479346,95177,684,1214,2928,
55.098446276768755,95177,684,1213,2929,
55.100203482818706,95177,683,1214,2929,
55.10043281822805,95177,682,1215,2929,
55.10355198910321,95176,683,1215,2929,
55.10371167044954,95176,683,1214,2930,
55.10622282453205,95176,683,1213,2931,
55.106230396842705,95176,682,1214,2931,
55.106887757846096,95176,681,1215,2931,
55.10698429798743,95176,680,1216,2931,
55.10710879365395,95175,681,1216,2931,
55.112900629044624,95174,682,1216,2931,
55.11379341274658,95173,683,1216,2931,
55.116063982593815,95173,683,1215,2932,
55.117983273708546,95173,682,1216,2932,
55.11844949633181,95172,683,1216,2932,
55.12609821081786,95172,682,1217,2932,
55.129126195446304,95171,683,1217,2932,
55.13113645299469,95171,682,1218,2932,
55.134813238528665,95170,683,1218,2932,
55.135742259621,95169,684,1218,2932,
55.135850577652846,95168,685,1218,2932,
55.136592563037766,95168,685,1217,2933,
55.14071501127015,95168,684,1218,2933,
55.143992944022074,95168,684,1217,2934,
55.14509862917443,95168,683,1218,2934,
55.14524835342428,95167,684,1218,2934,
55.14584491955669,95166,685,1218,2934,
55.14765661454634,95166,684,1219,2934,
55.152750295114444,95166,684,1218,2935,
55.15473920989976,95166,683,1219,2935,
55.1578597951922,95166,683,1218,2936,
55.16229164792723,95166,682,1219,2936,
55.16405216686368,95166,681,1220,2936,
55.168792805874666,95166,681,1219,2937,
55.170554883471226,95165,682,1219,2937,
55.17380258655234,95165,682,1218,2938,
55.17568098067059,95165,682,1217,2939,
55.181896082638026,95165,682,1216,2940,
55.18340742781074,95165,681,1217,2940,
55.185378168467295,95165,680,1218,2940,
55.18577319734474,95164,681,1218,2940,
55.18944725473174,95164,680,1219,2940,
55.190369017867894,95164,680,1218,2941,
55.190719988745265,95164,679,1219,2941,
55.19419748883177,95164,679,1218,2942,
55.19457225702519,95164,678,1219,2942,
55.20180813872834,95163,679,1219,2942,
55.20691214191052,95163,678,1220,2942,
55.212094109200414,95163,677,1221,2942,
55.21215508012462,95163,676,1222,2942,
55.21244770126655,95163,676,1221,2943,
55.21977685205713,95162,677,1221,2943,
55.22018681808759,95162,677,1220,2944,
55.220527146786225,95162,676,1221,2944,
55.221522007269954,95162,676,1220,2945,
55.22283630531741,95162,676,1219,2946,
55.22302623755067,95162,676,1218,2947,
55.22598461404947,95162,675,1219,2947,
55.232558311679895,95162,674,1220,2947,
55.233761192326256,95162,673,1221,2947,
55.23901551768252,95162,673,1220,2948,
55.24114045352854,95162,673,1219,2949,
55.24577927859112,95162,673,1218,2950,
55.246593301953666,95161,674,1218,2950,
55.24730323427984,95161,673,1219,2950,
55.25213230675284,95161,672,1220,2950,
55.254773237825994,95161,672,1219,2951,
55.25579973837983,95161,671,1220,2951,
55.25586199580818,95160,672,1220,2951,
55.263317869802464,95160,671,1221,2951,
55.26517865756098,95159,672,1221,2951,
55.267979092147854,95158,673,1221,2951,
55.272659977048065,95158,673,1220,2952,
55.27419982504359,95157,674,1220,2952,
55.27481933049663,95157,674,1219,2953,
55.278134026962015,95157,673,1220,2953,
55.288038984534055,95156,674,1220,2953,
55.291270032341615,95155,675,1220,2953,
55.291300468386815,95154,676,1220,2953,
55.29412776113058,95153,677,1220,2953,
55.29657314169501,95153,677,1219,2954,
55.29758248092592,95153,677,1218,2955,
55.29832037939526,95153,677,1217,2956,
55.300255413035174,95152,678,1217,2956,
55.304144187951685,95152,677,1218,2956,
55.30534287364928,95151,678,1218,2956,
55.30669458917234,95150,679,1218,2956,
55.30703310803241,95150,678,1219,2956,
55.30829651356177,95150,677,1220,2956,
55.309154793921884,95150,677,1219,2957,
55.31027892288139,95150,677,1218,2958,
55.31270744385705,95150,677,1217,2959,
55.3133323241819,95150,677,1216,2960,
55.31435903849507,95150,677,1215,2961,
55.32683822187511,95150,677,1214,2962,
55.33044003571072,95150,677,1213,2963,
55.33113318142276,95150,677,1212,2964,
55.33143998319734,95149,678,1212,2964,
55.33212949094363,95149,678,1211,2965,
55.336969338810576,95149,677,1212,2965,
55.340508015864465,95148,678,1212,2965,
55.341594242076525,95148,678,1211,2966,
55.3418820005504,95148,677,1212,2966,
55.34371998095178,95148,677,1211,2967,
55.3488334821585,95147,678,1211,2967,
55.35119098295938,95146,679,1211,2967,
55.35459276721065,95146,678,1212,2967,
55.3548327400733,95146,678,1211,2968,
55.35750191807819,95145,679,1211,2968,
55.360905410172045,95145,679,1210,2969,
55.36330257057735,95145,678,1211,2969,
55.364937114050996,95145,677,1212,2969,
55.37667921579847,95145,677,1211,2970,
55.3886318147665,95144,678,1211,2970,
55.38906216536978,95143,679,1211,2970,
55.38991530221489,95143,679,1210,2971,
55.390654414240316,95142,680,1210,2971,
55.408732007195454,95141,681,1210,2971,
55.40922883911627,95140,682,1210,2971,
55.41018052981587,95140,682,1209,2972,
55.413717079177054,95140,682,1208,2973,
55.414584699651186,95139,683,1208,2973,
55.41478535048839,95139,683,1207,2974,
55.418028781040896,95138,684,1207,2974,
55.42416032131679,95138,684,1206,2975,
55.424462361587075,95137,685,1206,2975,
55.42590571646204,95137,684,1207,2975,
55.425930381774464,95137,684,1206,2976,
55.42716345630039,95136,685,1206,2976,
55.429034950923466,95135,686,1206,2976,
55.429501148251695,95135,685,1207,2976,
55.43119348425181,95135,685,1206,2977,
55.435237918247346,95134,686,1206,2977,
55.44904583308022,95134,685,1207,2977,
55.44986967710083,95134,684,1208,2977,
55.45381956353073,95134,683,1209,2977,
55.45876812885976,95133,684,1209,2977,
55.45896023260348,95132,685,1209,2977,
55.4612924197524,95132,684,1210,2977,
55.461562268731896,95132,684,1209,2978,
55.46368621958572,95132,683,1210,2978,
55.465224474061756,95131,684,1210,2978,
55.46539954784222,95131,683,1211,2978,
55.46614191392031,95131,683,1210,2979,
55.4661940348887,95131,682,1211,2979,
55.47454510410792,95131,681,1212,2979,
55.4747327653051,95131,681,1211,2980,
55.47744346464487,95131,680,1212,2980,
55.47912385947549,95131,679,1213,2980,
55.47991815293938,95131,679,1212,2981,
55.479932216194904,95131,678,1213,2981,
55.48053456157613,95131,678,1212,2982,
55.481031680118335,95131,678,1211,2983,
55.48117424988358,95131,677,1212,2983,
55.483094714263416,95131,677,1211,2984,
55.48401481719382,95130,678,1211,2984,
55.48465200504941,95130,678,1210,2985,
55.48516234437393,95129,679,1210,2985,
55.48740245579651,95128,680,1210,2985,
55.49532134161686,95128,680,1209,2986,
55.49633320003197,95127,681,1209,2986,
55.498178303489155,95127,681,1208,2987,
55.49978416531172,95126,682,1208,2987,
55.50595610192093,95125,683,1208,2987,
55.50644094303648,95125,682,1209,2987,
55.506948393478964,95124,683,1209,2987,
55.50807245264584,95123,684,1209,2987,
55.50812011939713,95123,683,1210,2987,
55.510540777188275,95123,683,1209,2988,
55.51322334008242,95123,683,1208,2989,
55.51518072645821,95122,684,1208,2989,
55.51584252960763,95121,685,1208,2989,
55.51701784253748,95121,685,1207,2990,
55.51909338990152,95121,685,1206,2991,
55.51920482659763,95121,685,1205,2992,
55.52159204417986,95121,684,1206,2992,
55.52401126310278,95120,685,1206,2992,
55.52532219006251,95120,685,1205,2993,
55.52599329145254,95120,685,1204,2994,
55.53152986830979,95120,685,1203,2995,
55.53597097673037,95120,684,1204,2995,
55.54145343449662,95120,684,1203,2996,
55.54223957565622,95120,684,1202,2997,
55.54487557754539,95120,683,1203,2997,
55.54523141259711,95120,682,1204,2997,
55.54609849056905,95120,681,1205,2997,
55.54644826302246,95120,681,1204,2998,
55.554155765918644,95120,680,1205,2998,
55.55975161809599,95120,679,1206,2998,
55.559901129439645,95120,679,1205,2999,
55.56264431724479,95120,679,1204,3000,
55.566738579678194,95119,680,1204,3000,
55.571070262410444,95118,681,1204,3000,
55.571702550988476,95117,682,1204,3000,
55.571991888206426,95116,683,1204,3000,
55.572178938165585,95116,682,1205,3000,
55.574564277882175,95115,683,1205,3000,
55.58523416292231,95115,683,1204,3001,
55.58887473912969,95115,683,1203,3002,
55.589042355515524,95114,684,1203,3002,
55.594548810384,95114,683,1204,3002,
55.599349590926096,95113,684,1204,3002,
55.60045219995979,95113,684,1203,3003,
55.60216615189102,95113,684,1202,3004,
55.60483336627397,95113,683,1203,3004,
55.60585541772387,95113,683,1202,3005,
55.60883307756283,95113,683,1201,3006,
55.60957632658001,95113,683,1200,3007,
55.61757492831124,95112,684,1200,3007,
55.62059482255498,95112,683,1201,3007,
55.6282150696126,95111,684,1201,3007,
55.63075954009979,95111,684,1200,3008,
55.63396975631445,95111,683,1201,3008,
55.63692496080657,95110,684,1201,3008,
55.64558468804037,95110,684,1200,3009,
55.648118521666234,95109,685,1200,3009,
55.66125664879269,95109,685,1199,3010,
55.666410088851876,95109,684,1200,3010,
55.669739613773956,95109,684,1199,3011,
55.670380092621926,95109,683,1200,3011,
55.67072691274265,95109,682,1201,3011,
55.673172707663554,95109,682,1200,3012,
55.68305073785969,95109,682,1199,3013,
55.685188237012014,95109,682,1198,3014,
55.68686504904734,95108,683,1198,3014,
55.688098497756314,95108,682,1199,3014,
55.69170389128864,95107,683,1199,3014,
55.69257680251852,95107,683,1198,3015,
55.69851792760288,95107,682,1199,3015,
55.69909138415032,95106,683,1199,3015,
55.69953984455686,95106,683,1198,3016,
55.70196095095848,95106,682,1199,3016,
55.71332942949958,95105,683,1199,3016,
55.71371042350962,95104,684,1199,3016,
55.716135042371484,95104,683,1200,3016,
55.72375021096475,95104,683,1199,3017,
55.723860940573076,95104,682,1200,3017,
55.72428902567327,95104,682,1199,3018,
55.725702303918546,95104,682,1198,3019,
55.72596854146695,95104,681,1199,3019,
55.72869606687364,95104,680,1200,3019,
55.733627207939804,95104,679,1201,3019,
55.73511589871119,95103,680,1201,3019,
55.73686650747406,95102,681,1201,3019,
55.73952542681529,95102,681,1200,3020,
55.7395462566481,95101,682,1200,3020,
55.739958579387334,95101,681,1201,3020,
55.741563642867156,95100,682,1201,3020,
55.74265942806913,95099,683,1201,3020,
55.74670527689972,95099,683,1200,3021,
55.763718545113996,95099,683,1199,3022,
55.76486728261534,95099,683,1198,3023,
55.76530877492366,95099,682,1199,3023,
55.768407564244235,95099,681,1200,3023,
55.77644603504464,95099,681,1199,3024,
55.77780137919569,95098,682,1199,3024,
55.784477835082654,95098,682,1198,3025,
55.79177258916529,95098,682,1197,3026,
55.792322734348744,95098,681,1198,3026,
55.79472094861419,95098,681,1197,3027,
55.80199146399073,95098,680,1198,3027,
55.804364666106245,95098,680,1197,3028,
55.80481130629773,95098,680,1196,3029,
55.80880283384679,95098,679,1197,3029,
55.80906340026311,95097,680,1197,3029,
55.809632368281434,95097,680,1196,3030,
55.81331169139609,95096,681,1196,3030,
55.81827426248529,95096,681,1195,3031,
55.82385180329926,95095,682,1195,3031,
55.82476459517288,95095,681,1196,3031,
55.826406865115956,95095,680,1197,3031,
55.82648608331226,95095,679,1198,3031,
55.82694713788008,95095,678,1199,3031,
55.82760466493467,95094,679,1199,3031,
55.830194720092464,95094,678,1200,3031,
55.84432045302219,95094,677,1201,3031,
55.84673517398961,95094,677,1200,3032,
55.850762615979974,95094,677,1199,3033,
55.85451009909217,95094,677,1198,3034,
55.854883892361315,95094,677,1197,3035,
55.856681604797984,95094,677,1196,3036,
55.859597400887964,95094,677,1195,3037,
55.86016120197198,95093,678,1195,3037,
55.86032558229248,95093,678,1194,3038,
55.86127164376244,95092,679,1194,3038,
55.863012753607144,95092,678,1195,3038,
55.86332057354251,95091,679,1195,3038,
55.86938498560601,95091,678,1196,3038,
55.87269007841415,95091,678,1195,3039,
55.87502494328242,95091,678,1194,3040,
55.877955604968875,95091,677,1195,3040,
55.882630034486134,95090,678,1195,3040,
55.886294718959206,95090,677,1196,3040,
55.886929763092965,95090,676,1197,3040,
55.887898533046126,95089,677,1197,3040,
55.89233562427747,95088,678,1197,3040,
55.89578359133402,95088,677,1198,3040,
55.898303719321646,95088,676,1199,3040,
55.89853004637651,95088,676,1198,3041,
55.901942313966586,95087,677,1198,3041,
55.90397575635373,95087,676,1199,3041,
55.905878662879935,95087,675,1200,3041,
55.906006994671245,95087,674,1201,3041,
55.91028302081373,95087,674,1200,3042,
55.91034695245628,95087,673,1201,3042,
55.91572711884183,95086,674,1201,3042,
55.91635350976692,95086,673,1202,3042,
55.92687304749899,95086,672,1203,3042,
55.92783502242683,95086,672,1202,3043,
55.92992364722306,95086,672,1201,3044,
55.93306387018478,95086,672,1200,3045,
55.93665351252026,95086,672,1199,3046,
55.94495773717013,95085,673,1199,3046,
55.945390565286154,95084,674,1199,3046,
55.94577243831391,95084,674,1198,3047,
55.94615984693666,95084,673,1199,3047,
55.94709227420533,95084,673,1198,3048,
55.96010876666033,95084,672,1199,3048,
55.96133447949905,95083,673,1199,3048,
55.9663480553077,95083,672,1200,3048,
55.966890620995905,95082,673,1200,3048,
55.97055356043872,95081,674,1200,3048,
55.980189897871426,95081,674,1199,3049,
55.993414439511426,95081,673,1200,3049,
55.993897016699,95081,673,1199,3050,
55.998811166086114,95081,673,1198,3051,
56.00069600764334,95081,672,1199,3051,
56.00214270593303,95080,673,1199,3051,
56.00318403081263,95080,672,1200,3051,
56.00701977539415,95080,672,1199,3052,
56.00770838464475,95079,673,1199,3052,
56.010691289261466,95079,672,1200,3052,
56.01306463373782,95078,673,1200,3052,
56.01324289635958,95078,673,1199,3053,
56.01676711054131,95078,673,1198,3054,
56.030683263510284,95077,674,1198,3054,
56.03216076575381,95077,673,1199,3054,
56.04291533081513,95077,673,1198,3055,
56.04292332636596,95077,673,1197,3056,
56.043616391509794,95077,672,1198,3056,
56.04536518067022,95077,672,1197,3057,
56.04573775936421,95077,671,1198,3057,
56.04585304526311,95077,670,1199,3057,
56.04650905477543,95077,670,1198,3058,
56.050647458261125,95077,670,1197,3059,
56.051070929573875,95077,669,1198,3059,
56.05184132930958,95077,669,1197,3060,
56.05349807914993,95077,668,1198,3060,
56.055212199091336,95077,667,1199,3060,
56.0559399488835,95076,668,1199,3060,
56.06074748591074,95076,668,1198,3061,
56.065938169629966,95076,668,1197,3062,
56.06745637628762,95075,669,1197,3062,
56.07061539117561,95075,669,1196,3063,
56.07139840680421,95075,668,1197,3063,
56.072784314694104,95074,669,1197,3063,
56.073142054542295,95073,670,1197,3063,
56.0732204407863,95073,669,1198,3063,
56.0765543083178,95073,668,1199,3063,
56.07720227962839,95073,668,1198,3064,
56.07737481489006,95072,669,1198,3064,
56.08751220616761,95072,668,1199,3064,
56.08757115345328,95071,669,1199,3064,
56.08991091975779,95071,669,1198,3065,
56.09007371709155,95070,670,1198,3065,
56.09026324161776,95070,669,1199,3065,
56.091439674144226,95069,670,1199,3065,
56.093486488731514,95068,671,1199,3065,
56.09863751465807,95068,670,1200,3065,
56.100381049833054,95067,671,1200,3065,
56.102182008393015,95066,672,1200,3065,
56.10648213891321,95065,673,1200,3065,
56.10668951667136,95064,674,1200,3065,
56.109081922666775,95064,674,1199,3066,
56.109460385803224,95063,675,1199,3066,
56.111450258318285,95063,675,1198,3067,
56.111644000544736,95062,676,1198,3067,
56.11215594457507,95062,675,1199,3067,
56.11592786608675,95062,674,1200,3067,
56.1193804318859,95062,674,1199,3068,
56.124467449583285,95061,675,1199,3068,
56.12470664903867,95060,676,1199,3068,
56.1247944806381,95060,676,1198,3069,
56.1269517072321,95060,675,1199,3069,
56.13158006955001,95059,676,1199,3069,
56.133294297118695,95059,676,1198,3070,
56.13981035454204,95059,675,1199,3070,
56.14209511985581,95058,676,1199,3070,
56.14629962541116,95058,675,1200,3070,
56.14872548400527,95058,674,1201,3070,
56.15134622825751,95058,674,1200,3071,
56.15496386958435,95058,673,1201,3071,
56.1563131530136,95058,672,1202,3071,
56.15786162517942,95058,672,1201,3072,
56.16383304532595,95058,671,1202,3072,
56.16849303690344,95057,672,1202,3072,
56.18142396742582,95057,671,1203,3072,
56.181671651665376,95056,672,1203,3072,
56.182099132987034,95056,672,1202,3073,
56.183714711609404,95055,673,1202,3073,
56.18704832947963,95055,673,1201,3074,
56.19326343168626,95055,672,1202,3074,
56.194136577246866,95054,673,1202,3074,
56.19685423702252,95054,672,1203,3074,
56.1973750772525,95054,671,1204,3074,
56.20342820893056,95053,672,1204,3074,
56.206531687274406,95053,671,1205,3074,
56.206843340777866,95053,670,1206,3074,
56.215183880576824,95052,671,1206,3074,
56.2164462735857,95052,671,1205,3075,
56.218893434928624,95052,670,1206,3075,
56.22075740393155,95052,670,1205,3076,
56.22373283301678,95051,671,1205,3076,
56.234243420783656,95050,672,1205,3076,
56.238824283769006,95050,671,1206,3076,
56.24213744612429,95050,670,1207,3076,
56.244195420429236,95050,669,1208,3076,
56.251798354323256,95050,668,1209,3076,
56.255472929528324,95049,669,1209,3076,
56.25650561342539,95049,669,1208,3077,
56.25740721274713,95049,669,1207,3078,
56.25795477594099,95049,669,1206,3079,
56.25979413997254,95049,668,1207,3079,
56.272235090354265,95049,668,1206,3080,
56.27299610369527,95049,668,1205,3081,
56.273534217819126,95049,668,1204,3082,
56.2765123752051,95049,668,1203,3083,
56.279109663748166,95049,668,1202,3084,
56.28424931058861,95049,668,1201,3085,
56.28480835422771,95048,669,1201,3085,
56.28816122182609,95048,669,1200,3086,
56.28980016074479,95047,670,1200,3086,
56.292935906995645,95047,670,1199,3087,
56.295912355600656,95047,670,1198,3088,
56.29616966947853,95046,671,1198,3088,
56.29728392254843,95046,671,1197,3089,
56.298685992696164,95046,670,1198,3089,
56.30600244423484,95046,669,1199,3089,
56.30667483910314,95046,668,1200,3089,
56.30818344927745,95046,668,1199,3090,
56.31017157910482,95046,667,1200,3090,
56.313991528313906,95046,666,1201,3090,
56.31445110288864,95046,666,1200,3091,
56.316448289179185,95046,666,1199,3092,
56.319063563687514,95046,666,1198,3093,
56.32294898087072,95046,666,1197,3094,
56.32532715024952,95046,666,1196,3095,
56.3279890425269,95046,666,1195,3096,
56.32976880565686,95046,665,1196,3096,
56.329959114675184,95046,664,1197,3096,
56.33209412375731,95046,663,1198,3096,
56.336832773876665,95045,664,1198,3096,
56.3373630745336,95044,665,1198,3096,
56.34129321531111,95043,666,1198,3096,
56.34190910494601,95043,665,1199,3096,
56.342768041631885,95042,666,1199,3096,
56.34841264637211,95042,666,1198,3097,
56.3494825908499,95042,666,1197,3098,
56.35213534414424,95041,667,1197,3098,
56.353128124211246,95041,666,1198,3098,
56.35467476006649,95040,667,1198,3098,
56.354778738038014,95040,667,1197,3099,
56.3554130873709,95040,667,1196,3100,
56.359610305416766,95040,666,1197,3100,
56.36057634552694,95040,665,1198,3100,
56.36248931670947,95040,665,1197,3101,
56.362961858731126,95039,666,1197,3101,
56.36308086303472,95038,667,1197,3101,
56.36308517470636,95038,667,1196,3102,
56.36431420338549,95038,667,1195,3103,
56.3671326167201,95038,666,1196,3103,
56.36916592118088,95038,665,1197,3103,
56.36959011149468,95038,664,1198,3103,
56.37037592722624,95038,663,1199,3103,
56.37297153476292,95038,662,1200,3103,
56.37652196648008,95037,663,1200,3103,
56.37840378578882,95037,663,1199,3104,
56.37967670016632,95037,662,1200,3104,
56.38774052218181,95037,661,1201,3104,
56.388148166601006,95037,661,1200,3105,
56.39041199912016,95037,660,1201,3105,
56.39200884832022,95037,660,1200,3106,
56.39225568052527,95037,659,1201,3106,
56.39654464263491,95037,659,1200,3107,
56.398287462561605,95037,659,1199,3108,
56.40314920388011,95036,660,1199,3108,
56.409138995196,95036,659,1200,3108,
56.41055782362548,95036,658,1201,3108,
56.412508941060416,95035,659,1201,3108,
56.41990988379692,95035,659,1200,3109,
56.427085259841775,95035,659,1199,3110,
56.42715767074067,95035,659,1198,3111,
56.42827426902483,95035,659,1197,3112,
56.42864308746944,95035,659,1196,3113,
56.42937853598972,95035,659,1195,3114,
56.43600258126199,95035,659,1194,3115,
56.43797782829551,95035,659,1193,3116,
56.44108064939352,95035,659,1192,3117,
56.44285557770397,95035,658,1193,3117,
56.44697537819728,95035,657,1194,3117,
56.451027977120546,95035,657,1193,3118,
56.455373904309056,95035,657,1192,3119,
56.45644467156938,95035,656,1193,3119,
56.4594294390919,95035,656,1192,3120,
56.46000429821931,95034,657,1192,3120,
56.46280131416522,95033,658,1192,3120,
56.46407222120733,95033,658,1191,3121,
56.46479602506787,95033,658,1190,3122,
56.4695059500103,95033,658,1189,3123,
56.46983052170654,95033,658,1188,3124,
56.47172313675707,95033,658,1187,3125,
56.47416758073269,95033,657,1188,3125,
56.477440361999186,95032,658,1188,3125,
56.478734225039815,95031,659,1188,3125,
56.47977596363383,95031,658,1189,3125,
56.481461828876306,95031,658,1188,3126,
56.48368997029821,95030,659,1188,3126,
56.49154357940531,95029,660,1188,3126,
56.49233565737566,95029,659,1189,3126,
56.49247979596704,95028,660,1189,3126,
56.49824295623897,95028,659,1190,3126,
56.50188118980973,95028,659,1189,3127,
56.504802966182346,95027,660,1189,3127,
56.506616479618636,95026,661,1189,3127,
56.5089842144871,95026,661,1188,3128,
56.51267414911213,95026,660,1189,3128,
56.51344369564423,95026,660,1188,3129,
56.5137131640239,95026,659,1189,3129,
56.52355502133865,95025,660,1189,3129,
56.524345140402104,95024,661,1189,3129,
56.53493340531512,95024,660,1190,3129,
56.53499229340437,95024,660,1189,3130,
56.53744860631484,95024,660,1188,3131,
56.53890905809585,95024,659,1189,3131,
56.54026514365819,95024,659,1188,3132,
56.54265716336889,95024,659,1187,3133,
56.54285503150872,95024,658,1188,3133,
56.543963699740225,95024,657,1189,3133,
56.545014123584195,95023,658,1189,3133,
56.54665662509559,95022,659,1189,3133,
56.547134537384956,95022,659,1188,3134,
56.5475088731537,95021,660,1188,3134,
56.55687336818514,95020,661,1188,3134,
56.55914132942433,95019,662,1188,3134,
56.561568971461185,95019,661,1189,3134,
56.5623964062578,95019,660,1190,3134,
56.56334589055323,95019,659,1191,3134,
56.5640335688335,95019,659,1190,3135,
56.5661538150047,95019,659,1189,3136,
56.567514830121524,95019,658,1190,3136,
56.572283379252674,95019,657,1191,3136,
56.57332791177095,95018,658,1191,3136,
56.57427945016445,95018,657,1192,3136,
56.575007983062406,95017,658,1192,3136,
56.578326373752525,95016,659,1192,3136,
56.579038818722104,95016,658,1193,3136,
56.579523620463725,95016,658,1192,3137,
56.58776754157559,95015,659,1192,3137,
56.59043167735376,95015,659,1191,3138,
56.591906020143654,95014,660,1191,3138,
56.592455066765645,95014,659,1192,3138,
56.59541495432953,95014,659,1191,3139,
56.595844239717465,95014,659,1190,3140,
56.599802816979505,95014,659,1189,3141,
56.600605444175144,95014,658,1190,3141,
56.601565919884614,95014,658,1189,3142,
56.60314699871279,95013,659,1189,3142,
56.60366861131808,95012,660,1189,3142,
56.60947786001901,95011,661,1189,3142,
56.61104213777652,95010,662,1189,3142,
56.6112449035554,95010,662,1188,3143,
56.612648125236035,95010,662,1187,3144,
56.618197888712686,95010,662,1186,3145,
56.623175477301345,95009,663,1186,3145,
56.624882418146434,95009,663,1185,3146,
56.62789437617482,95009,662,1186,3146,
56.628126903759274,95009,662,1185,3147,
56.631539057948046,95008,663,1185,3147,
56.63976238491751,95007,664,1185,3147,
56.64444562608588,95006,665,1185,3147,
56.64561678651665,95006,665,1184,3148,
56.6456494207707,95006,664,1185,3148,
56.64735022675507,95006,664,1184,3149,
56.650274239390626,95006,663,1185,3149,
56.65043777424199,95006,662,1186,3149,
56.651936258661806,95005,663,1186,3149,
56.65222809456526,95004,664,1186,3149,
56.654216890776624,95004,663,1187,3149,
56.65644883636746,95004,663,1186,3150,
56.65943383998787,95004,662,1187,3150,
56.66486351826415,95004,661,1188,3150,
56.668291853359065,95003,662,1188,3150,
56.66850109013438,95002,663,1188,3150,
56.67003526275781,95001,664,1188,3150,
56.67270492909532,95001,664,1187,3151,
56.67278590897125,95001,663,1188,3151,
56.67318479902351,95001,663,1187,3152,
56.67655633230093,95000,664,1187,3152,
56.676817394909904,94999,665,1187,3152,
56.680080346631826,94999,664,1188,3152,
56.680889676352585,94999,664,1187,3153,
56.682627018144714,94999,663,1188,3153,
56.6861580380232,94998,664,1188,3153,
56.68623837001868,94998,663,1189,3153,
56.68837050639204,94998,663,1188,3154,
56.690600529390395,94998,662,1189,3154,
56.691252570537074,94997,663,1189,3154,
56.69191694065425,94997,663,1188,3155,
56.69197196922445,94997,663,1187,3156,
56.69403887579157,94997,662,1188,3156,
56.696847134486745,94996,663,1188,3156,
56.69733450631187,94996,663,1187,3157,
56.69909894180106,94996,662,1188,3157,
56.7031067176316,94996,661,1189,3157,
56.70976166822442,94995,662,1189,3157,
56.71001733341943,94995,662,1188,3158,
56.710161325140355,94994,663,1188,3158,
56.710434272869165,94994,663,1187,3159,
56.71411198352763,94994,663,1186,3160,
56.715792068734494,94994,663,1185,3161,
56.71894302460487,94994,662,1186,3161,
56.72089238896788,94994,661,1187,3161,
56.721354355224975,94994,660,1188,3161,
56.72233633872493,94994,659,1189,3161,
56.725471018748834,94993,660,1189,3161,
56.728558757405835,94993,659,1190,3161,
56.729481605503366,94993,658,1191,3161,
56.73085789771128,94992,659,1191,3161,
56.73362138158232,94991,660,1191,3161,
56.74105096342753,94991,660,1190,3162,
56.743768546527726,94991,660,1189,3163,
56.74905247373411,94990,661,1189,3163,
56.75197550515999,94990,661,1188,3164,
56.75325932212108,94989,662,1188,3164,
56.75402600623998,94988,663,1188,3164,
56.754170474675746,94987,664,1188,3164,
56.75440151942588,94987,663,1189,3164,
56.75542828690075,94987,663,1188,3165,
56.75727053786795,94986,664,1188,3165,
56.760778527845446,94985,665,1188,3165,
56.76105043034505,94985,664,1189,3165,
56.76571671108317,94984,665,1189,3165,
56.7699692827509,94984,664,1190,3165,
56.77196263941768,94983,665,1190,3165,
56.77222128685396,94983,665,1189,3166,
56.77628090877926,94983,665,1188,3167,
56.779741163251956,94983,664,1189,3167,
56.78015834604816,94983,663,1190,3167,
56.78030794118761,94982,664,1190,3167,
56.78382206084484,94981,665,1190,3167,
56.787905345966706,94980,666,1190,3167,
56.79084384071143,94980,666,1189,3168,
56.79125403666388,94979,667,1189,3168,
56.791611107581275,94979,667,1188,3169,
56.793637903743345,94979,666,1189,3169,
56.793971918501285,94979,666,1188,3170,
56.80616352551592,94979,665,1189,3170,
56.807308430143095,94979,665,1188,3171,
56.808753581747936,94979,665,1187,3172,
56.810166469430214,94979,665,1186,3173,
56.81733304662706,94979,664,1187,3173,
56.8198698045487,94979,664,1186,3174,
56.82052109807663,94979,664,1185,3175,
56.82132177290821,94978,665,1185,3175,
56.82282126327122,94978,664,1186,3175,
56.8236436100355,94978,663,1187,3175,
56.82377175309427,94978,663,1186,3176,
56.825460561602775,94978,663,1185,3177,
56.828531365847546,94978,663,1184,3178,
56.83386419329454,94978,662,1185,3178,
56.83658136308706,94978,661,1186,3178,
56.83855786571123,94978,661,1185,3179,
56.8397985854542,94978,661,1184,3180,
56.839803909389815,94978,660,1185,3180,
56.84314931247266,94978,660,1184,3181,
56.84465043270973,94977,661,1184,3181,
56.84588202652025,94977,660,1185,3181,
56.84640928835161,94977,660,1184,3182,
56.84857617700418,94977,660,1183,3183,
56.848871989800145,94977,659,1184,3183,
56.84982693113687,94977,658,1185,3183,
56.8542570688074,94977,657,1186,3183,
56.85776502327464,94977,657,1185,3184,
56.8595124276879,94977,657,1184,3185,
56.85992189790719,94976,658,1184,3185,
56.86043091335724,94975,659,1184,3185,
56.86965157309194,94975,658,1185,3185,
56.87975414204716,94974,659,1185,3185,
56.881965338119244,94973,660,1185,3185,
56.884964198798556,94973,660,1184,3186,
56.8864854086374,94973,659,1185,3186,
56.88722909698737,94973,658,1186,3186,
56.889899201092206,94972,659,1186,3186,
56.89120959223327,94972,658,1187,3186,
56.89236410167005,94971,659,1187,3186,
56.89381393906294,94970,660,1187,3186,
56.894222425608454,94970,660,1186,3187,
56.9017050202713,94970,659,1187,3187,
56.90589746726693,94970,659,1186,3188,
56.91149109287977,94970,658,1187,3188,
56.91715102612329,94970,658,1186,3189,
56.91973521057937,94970,658,1185,3190,
56.92125030405894,94970,658,1184,3191,
56.92416823650242,94969,659,1184,3191,
56.92526274709245,94968,660,1184,3191,
56.926690976769386,94968,659,1185,3191,
56.92702489063153,94968,658,1186,3191,
56.92732733373553,94967,659,1186,3191,
56.92784068129007,94967,658,1187,3191,
56.92872059672405,94967,658,1186,3192,
56.92902837841793,94967,658,1185,3193,
56.93085896453023,94967,657,1186,3193,
56.93689039207111,94966,658,1186,3193,
56.941920877993766,94966,657,1187,3193,
56.9432401794689,94966,656,1188,3193,
56.9485730071159,94966,656,1187,3194,
56.9498117166529,94966,655,1188,3194,
56.94989973627352,94966,655,1187,3195,
56.95072357514596,94965,656,1187,3195,
56.95309201992103,94964,657,1187,3195,
56.95545192376183,94964,657,1186,3196,
56.96055070868697,94964,656,1187,3196,
56.96580061091391,94964,656,1186,3197,
56.97306392145793,94964,656,1185,3198,
56.97438922787892,94964,655,1186,3198,
56.98022673499425,94964,655,1185,3199,
56.980278774494984,94964,655,1184,3200,
56.98328000275691,94963,656,1184,3200,
56.99077163694878,94963,655,1185,3200,
56.9955373297761,94963,654,1186,3200,
56.99686908722573,94963,653,1187,3200,
57.002698682693946,94962,654,1187,3200,
57.00655147531042,94962,654,1186,3201,
57.016973989299984,94962,653,1187,3201,
57.01707882982097,94961,654,1187,3201,
57.01978155105072,94961,654,1186,3202,
57.01983061253282,94961,654,1185,3203,
57.02815684330288,94961,653,1186,3203,
57.02907371199264,94961,653,1185,3204,
57.02937216410413,94960,654,1185,3204,
57.03175683876217,94960,654,1184,3205,
57.032168035150676,94960,654,1183,3206,
57.036077966615814,94960,653,1184,3206,
57.03859771996981,94959,654,1184,3206,
57.04015571327355,94959,654,1183,3207,
57.04033201576021,94959,653,1184,3207,
57.04262884381919,94959,653,1183,3208,
57.044094694763515,94959,653,1182,3209,
57.04414295228981,94959,652,1183,3209,
57.04929422319437,94958,653,1183,3209,
57.05027092745335,94957,654,1183,3209,
57.05064054674121,94957,653,1184,3209,
57.050698306667385,94957,653,1183,3210,
57.054257811824016,94956,654,1183,3210,
57.054439616245354,94956,653,1184,3210,
57.05444629766845,94955,654,1184,3210,
57.05785200301845,94954,655,1184,3210,
57.06216867843263,94953,656,1184,3210,
57.07095217857533,94953,656,1183,3211,
57.07815632122618,94953,655,1184,3211,
57.079628395465676,94953,655,1183,3212,
57.080329181261426,94952,656,1183,3212,
57.09568684083014,94952,656,1182,3213,
57.098163942464396,94952,655,1183,3213,
57.10597685618223,94951,656,1183,3213,
57.10867499300604,94951,655,1184,3213,
57.10910762904115,94951,655,1183,3214,
57.11022470392829,94951,654,1184,3214,
57.114295782266794,94951,653,1185,3214,
57.115457406723976,94951,653,1184,3215,
57.1155240356289,94951,652,1185,3215,
57.11656173510123,94950,653,1185,3215,
57.11857251915489,94950,653,1184,3216,
57.12129391813057,94950,653,1183,3217,
57.12555868479991,94950,653,1182,3218,
57.12593132384591,94949,654,1182,3218,
57.13040886800782,94948,655,1182,3218,
57.132500673424026,94948,654,1183,3218,
57.13268100017036,94948,653,1184,3218,
57.13308254956279,94947,654,1184,3218,
57.133781486675154,94947,654,1183,3219,
57.13795561597371,94947,653,1184,3219,
57.138694116627306,94946,654,1184,3219,
57.14350666429591,94946,654,1183,3220,
57.14403198765471,94945,655,1183,3220,
57.14503141157211,94944,656,1183,3220,
57.14537856595436,94944,656,1182,3221,
57.146779112169554,94943,657,1182,3221,
57.14933710066687,94943,656,1183,3221,
57.152034937098016,94943,655,1184,3221,
57.152041239175325,94943,655,1183,3222,
57.152257354266766,94943,655,1182,3223,
57.154182899679626,94942,656,1182,3223,
57.15798002619401,94941,657,1182,3223,
57.160927361897265,94941,657,1181,3224,
57.16243624638209,94941,656,1182,3224,
57.16269715076977,94941,656,1181,3225,
57.163385036909716,94940,657,1181,3225,
57.164288982092316,94939,658,1181,3225,
57.1647445740027,94938,659,1181,3225,
57.16772143275607,94937,660,1181,3225,
57.16928117550127,94937,659,1182,3225,
57.17213132553222,94936,660,1182,3225,
57.17386770323332,94935,661,1182,3225,
57.17415916531961,94935,660,1183,3225,
57.17469039948058,94935,659,1184,3225,
57.175331524706934,94934,660,1184,3225,
57.17725309260323,94934,660,1183,3226,
57.178625178376485,94933,661,1183,3226,
57.18034229917257,94932,662,1183,3226,
57.183626513050726,94932,662,1182,3227,
57.18429938323673,94932,662,1181,3228,
57.184718998516814,94931,663,1181,3228,
57.185579309692415,94931,663,1180,3229,
57.19084957234573,94931,662,1181,3229,
57.1923862228709,94930,663,1181,3229,
57.19951342008131,94930,663,1180,3230,
57.20091362229999,94930,663,1179,3231,
57.20326514178896,94929,664,1179,3231,
57.20747950058029,94928,665,1179,3231,
57.208677117538635,94927,666,1179,3231,
57.20924425625341,94927,666,1178,3232,
57.212957461345106,94926,667,1178,3232,
57.21382762542027,94925,668,1178,3232,
57.214826063518714,94925,667,1179,3232,
57.216354803464085,94924,668,1179,3232,
57.21713837882844,94924,667,1180,3232,
57.22225169300719,94924,667,1179,3233,
57.22443844495504,94924,667,1178,3234,
57.226271017172564,94924,666,1179,3234,
57.227546958860174,94924,665,1180,3234,
57.22898379205072,94924,664,1181,3234,
57.2315276512959,94923,665,1181,3234,
57.2363342621006,94922,666,1181,3234,
57.24004943130641,94922,665,1182,3234,
57.252719768458775,94922,665,1181,3235,
57.25445265245563,94922,665,1180,3236,
57.25532505814323,94921,666,1180,3236,
57.25598425780777,94921,665,1181,3236,
57.25622821546385,94920,666,1181,3236,
57.25939358668374,94920,665,1182,3236,
57.26083864034283,94920,664,1183,3236,
57.261590249701285,94920,663,1184,3236,
57.26384340829849,94920,662,1185,3236,
57.26744552194933,94920,661,1186,3236,
57.26838623611265,94919,662,1186,3236,
57.26904072905546,94919,662,1185,3237,
57.27460041356712,94919,662,1184,3238,
57.2763047024243,94919,661,1185,3238,
57.2789812943514,94919,660,1186,3238,
57.28078858366872,94918,661,1186,3238,
57.28150427885219,94917,662,1186,3238,
57.28263218575897,94917,661,1187,3238,
57.283794343015344,94917,660,1188,3238,
57.283800079062246,94917,659,1189,3238,
57.28789308652496,94916,660,1189,3238,
57.288663386146645,94916,659,1190,3238,
57.29232878881416,94916,659,1189,3239,
57.30199558492721,94916,659,1188,3240,
57.30465423226148,94915,660,1188,3240,
57.30658526997151,94915,660,1187,3241,
57.31064323503798,94915,660,1186,3242,
57.31585263756574,94915,660,1185,3243,
57.321005023405064,94914,661,1185,3243,
57.32207170983504,94913,662,1185,3243,
57.3245524656643,94913,661,1186,3243,
57.326542945524814,94913,661,1185,3244,
57.32974619680451,94912,662,1185,3244,
57.32984136839816,94912,662,1184,3245,
57.32984762385431,94911,663,1184,3245,
57.32986999956982,94911,662,1185,3245,
57.33023859685257,94910,663,1185,3245,
57.33043556746795,94910,663,1184,3246,
57.34179955963064,94910,663,1183,3247,
57.344146420334575,94910,663,1182,3248,
57.34700025110152,94910,662,1183,3248,
57.34759165388756,94910,662,1182,3249,
57.349479444611084,94909,663,1182,3249,
57.35288115913834,94909,663,1181,3250,
57.355613663428414,94909,662,1182,3250,
57.35626333340644,94909,662,1181,3251,
57.35816593652879,94909,662,1180,3252,
57.36155042924543,94909,662,1179,3253,
57.36497022263866,94908,663,1179,3253,
57.36506608793754,94908,662,1180,3253,
57.36807927662922,94907,663,1180,3253,
57.37037999409864,94907,662,1181,3253,
57.37344349286489,94906,663,1181,3253,
57.379453361154454,94905,664,1181,3253,
57.391048864471855,94905,663,1182,3253,
57.39148917132862,94905,663,1181,3254,
57.39270869430364,94904,664,1181,3254,
57.39386421223715,94904,664,1180,3255,
57.394456980127224,94904,663,1181,3255,
57.39624545182704,94904,662,1182,3255,
57.396734377162645,94903,663,1182,3255,
57.39701702374975,94902,664,1182,3255,
57.40126217518336,94902,664,1181,3256,
57.401300846693765,94901,665,1181,3256,
57.40526183897572,94900,666,1181,3256,
57.408089288233654,94899,667,1181,3256,
57.40920973457266,94899,666,1182,3256,
57.4175933062678,94899,666,1181,3257,
57.41786836987764,94899,665,1182,3257,
57.42131983926299,94899,665,1181,3258,
57.4227394996759,94899,665,1180,3259,
57.42361257047779,94898,666,1180,3259,
57.42490747423873,94898,665,1181,3259,
57.42575838382756,94897,666,1181,3259,
57.429739788458754,94897,665,1182,3259,
57.43054340575961,94896,666,1182,3259,
57.43143452015396,94896,665,1183,3259,
57.43282316774314,94896,665,1182,3260,
57.433266173399126,94895,666,1182,3260,
57.436450933378865,94895,666,1181,3261,
57.43877507251908,94895,666,1180,3262,
57.444078840265774,94894,667,1180,3262,
57.444265528003555,94894,666,1181,3262,
57.44726321216408,94894,666,1180,3263,
57.4556143827713,94894,666,1179,3264,
57.455883204237054,94894,666,1178,3265,
57.45672291012461,94894,666,1177,3266,
57.45728840694318,94894,665,1178,3266,
57.4657130415026,94894,665,1177,3267,
57.46870716278566,94894,664,1178,3267,
57.470319867715105,94894,664,1177,3268,
57.47279147302413,94893,665,1177,3268,
57.475344788931515,94893,665,1176,3269,
57.475948206900355,94893,665,1175,3270,
57.47822937911278,94893,664,1176,3270,
57.485158819534036,94892,665,1176,3270,
57.49105242423781,94892,665,1175,3271,
57.49110844009593,94892,664,1176,3271,
57.49312329585594,94892,664,1175,3272,
57.49608669939718,94892,664,1174,3273,
57.49886151577475,94892,664,1173,3274,
57.50479175676782,94892,663,1174,3274,
57.50614397281245,94891,664,1174,3274,
57.50833945217865,94890,665,1174,3274,
57.51220198128821,94890,665,1173,3275,
57.51267219261226,94889,666,1173,3275,
57.51395412223667,94888,667,1173,3275,
57.51610193348186,94888,667,1172,3276,
57.51669194995701,94888,667,1171,3277,
57.51699034520858,94888,667,1170,3278,
57.52162717301997,94888,667,1169,3279,
57.52546717961711,94888,667,1168,3280,
57.52786830342161,94888,666,1169,3280,
57.531757452706074,94888,666,1168,3281,
57.53213372746522,94887,667,1168,3281,
57.532939920214616,94886,668,1168,3281,
57.535292532372125,94885,669,1168,3281,
57.53803279734683,94884,670,1168,3281,
57.54704629859183,94884,669,1169,3281,
57.54852304870941,94884,669,1168,3282,
57.557628407929144,94884,668,1169,3282,
57.559976520985856,94883,669,1169,3282,
57.562100686465925,94882,670,1169,3282,
57.56501241857488,94882,670,1168,3283,
57.565887202978914,94882,670,1167,3284,
57.56966446651648,94882,669,1168,3284,
57.578812095384464,94882,669,1167,3285,
57.58001223360369,94882,669,1166,3286,
57.58102642159571,94882,668,1167,3286,
57.582542746888336,94881,669,1167,3286,
57.582654813613885,94881,669,1166,3287,
57.58387722867156,94881,668,1167,3287,
57.58686356875294,94881,667,1168,3287,
57.587457021366056,94881,667,1167,3288,
57.59508380681685,94881,667,1166,3289,
57.59725868338836,94880,668,1166,3289,
57.60182148388701,94879,669,1166,3289,
57.602969738587916,94879,669,1165,3290,
57.60333597934422,94878,670,1165,3290,
57.60517471010416,94878,669,1166,3290,
57.606003791253045,94878,669,1165,3291,
57.60665693023313,94878,669,1164,3292,
57.60887922041227,94878,668,1165,3292,
57.60895306625898,94878,668,1164,3293,
57.61005659475339,94878,668,1163,3294,
57.61044478701342,94877,669,1163,3294,
57.612088117472545,94876,670,1163,3294,
57.6135282091482,94876,669,1164,3294,
57.62151868318254,94875,670,1164,3294,
57.62208872698621,94874,671,1164,3294,
57.628117207434705,94874,670,1165,3294,
57.6318017490654,94873,671,1165,3294,
57.631985910522445,94873,670,1166,3294,
57.63387460710251,94872,671,1166,3294,
57.63500271848781,94872,670,1167,3294,
57.635542775235535,94871,671,1167,3294,
57.63590881763457,94871,671,1166,3295,
57.636034108202054,94871,671,1165,3296,
57.64097670284854,94871,671,1164,3297,
57.641230841484486,94870,672,1164,3297,
57.641764880702794,94870,671,1165,3297,
57.64284258104247,94869,672,1165,3297,
57.64285590083248,94868,673,1165,3297,
57.646107585856946,94867,674,1165,3297,
57.646246310121036,94867,673,1166,3297,
57.64712504631012,94866,674,1166,3297,
57.64910839127943,94865,675,1166,3297,
57.65049678698943,94865,675,1165,3298,
57.65392206219283,94865,674,1166,3298,
57.654330097640745,94865,674,1165,3299,
57.656474401719024,94864,675,1165,3299,
57.66054801910216,94864,674,1166,3299,
57.6698097206989,94863,675,1166,3299,
57.68078829949679,94862,676,1166,3299,
57.68175453037695,94861,677,1166,3299,
57.68346103168929,94861,677,1165,3300,
57.684623811810255,94861,677,1164,3301,
57.6857995978319,94861,676,1165,3301,
57.690546128927885,94860,677,1165,3301,
57.691071018359814,94860,677,1164,3302,
57.69121300151635,94859,678,1164,3302,
57.694235577851835,94858,679,1164,3302,
57.69503423701795,94858,679,1163,3303,
57.70156581806357,94858,679,1162,3304,
57.706036751960845,94858,678,1163,3304,
57.70758435805685,94858,677,1164,3304,
57.71685784438361,94858,677,1163,3305,
57.71779121233051,94858,677,1162,3306,
57.71847712059054,94857,678,1162,3306,
57.71851620367861,94856,679,1162,3306,
57.71968842370531,94856,679,1161,3307,
57.72049462851898,94856,679,1160,3308,
57.732149126532384,94856,679,1159,3309,
57.743910648822656,94856,679,1158,3310,
57.74718533592522,94855,680,1158,3310,
57.74951654709561,94855,679,1159,3310,
57.74966410402701,94854,680,1159,3310,
57.75052963012347,94853,681,1159,3310,
57.75507997433331,94852,682,1159,3310,
57.756385496449035,94852,682,1158,3311,
57.75746512575492,94852,682,1157,3312,
57.759394875385354,94851,683,1157,3312,
57.76321028258396,94851,683,1156,3313,
57.7664004158208,94851,682,1157,3313,
57.766918008758026,94850,683,1157,3313,
57.773831685027005,94850,683,1156,3314,
57.775768170170316,94849,684,1156,3314,
57.775978420613896,94849,683,1157,3314,
57.77811235212529,94849,683,1156,3315,
57.78119118208111,94849,682,1157,3315,
57.78578552323587,94849,681,1158,3315,
57.78593552481859,94849,680,1159,3315,
57.78960947862178,94849,680,1158,3316,
57.790488961212205,94848,681,1158,3316,
57.792331468390756,94847,682,1158,3316,
57.79307337663725,94847,681,1159,3316,
57.793390412663456,94847,680,1160,3316,
57.79695859100218,94846,681,1160,3316,
57.80097942905317,94845,682,1160,3316,
57.80135518751096,94844,683,1160,3316,
57.80163474295132,94844,682,1161,3316,
57.804869395375555,94844,681,1162,3316,
57.805991528535486,94843,682,1162,3316,
57.81033816659617,94842,683,1162,3316,
57.81095468598082,94842,682,1163,3316,
57.81344296109202,94841,683,1163,3316,
57.81871682095262,94841,683,1162,3317,
57.8200807208879,94840,684,1162,3317,
57.82280175168591,94840,684,1161,3318,
57.8237268452032,94840,684,1160,3319,
57.82606032358959,94839,685,1160,3319,
57.82653821281144,94839,685,1159,3320,
57.83202701721627,94838,686,1159,3320,
57.8328109334574,94837,687,1159,3320,
57.83488172130484,94837,687,1158,3321,
57.83717045271429,94837,687,1157,3322,
57.839471147903296,94836,688,1157,3322,
57.839848635656644,94835,689,1157,3322,
57.841511673891894,94835,689,1156,3323,
57.8452007608777,94835,689,1155,3324,
57.847655954797226,94835,688,1156,3324,
57.8502724493063,94835,687,1157,3324,
57.853316872107555,94835,687,1156,3325,
57.857601086151895,94834,688,1156,3325,
57.85869548438098,94834,688,1155,3326,
57.86449275286782,94834,688,1154,3327,
57.864667431642765,94834,687,1155,3327,
57.86528286626932,94834,687,1154,3328,
57.867835562153246,94833,688,1154,3328,
57.869607421114154,94833,687,1155,3328,
57.87209719556912,94833,686,1156,3328,
57.87481361324807,94833,685,1157,3328,
57.87742818905298,94833,685,1156,3329,
57.877669002147314,94832,686,1156,3329,
57.87804552503755,94832,686,1155,3330,
57.88013013390642,94832,685,1156,3330,
57.880521143003136,94832,685,1155,3331,
57.88425122564603,94832,684,1156,3331,
57.886494186228674,94832,684,1155,3332,
57.8870814297011,94832,683,1156,3332,
57.89122099332759,94832,682,1157,3332,
57.89297378154466,94831,683,1157,3332,
57.90121417054678,94831,683,1156,3333,
57.90231383845771,94831,683,1155,3334,
57.9048961564511,94831,683,1154,3335,
57.90516869378035,94831,682,1155,3335,
57.90669434910575,94830,683,1155,3335,
57.909884753638174,94830,682,1156,3335,
57.9107573034726,94829,683,1156,3335,
57.911631086367706,94829,683,1155,3336,
57.91186485184707,94829,682,1156,3336,
57.912715565704225,94829,681,1157,3336,
57.91531521605164,94829,680,1158,3336,
57.91576814217499,94829,679,1159,3336,
57.9210125825555,94829,679,1158,3337,
57.9212699751841,94829,678,1159,3337,
57.92168613067014,94829,678,1158,3338,
57.92248594229012,94829,678,1157,3339,
57.92387165362795,94829,677,1158,3339,
57.92527565509645,94829,676,1159,3339,
57.92618217745007,94829,675,1160,3339,
57.928191496048754,94829,675,1159,3340,
57.928391884425416,94829,674,1160,3340,
57.93519545688615,94829,673,1161,3340,
57.9385263578474,94829,673,1160,3341,
57.93892554893549,94829,672,1161,3341,
57.941952250369795,94828,673,1161,3341,
57.9452973555208,94827,674,1161,3341,
57.946833997434844,94826,675,1161,3341,
57.94793781845368,94826,674,1162,3341,
57.949171795143386,94826,674,1161,3342,
57.94979987890719,94826,674,1160,3343,
57.94993814636922,94826,673,1161,3343,
57.953142491198335,94826,672,1162,3343,
57.95656895332753,94826,671,1163,3343,
57.95801919124222,94826,671,1162,3344,
57.95912479807856,94826,671,1161,3345,
57.96309330914116,94826,671,1160,3346,
57.970716715022775,94826,670,1161,3346,
57.97387863648106,94825,671,1161,3346,
57.97653042583725,94824,672,1161,3346,
57.97703778480618,94824,671,1162,3346,
57.97777343948433,94824,671,1161,3347,
57.979747977573595,94823,672,1161,3347,
57.98106813089679,94823,672,1160,3348,
57.98360250997385,94822,673,1160,3348,
57.983761651761554,94822,673,1159,3349,
57.986056577584684,94822,673,1158,3350,
57.98664684306215,94822,672,1159,3350,
57.99821147425426,94822,672,1158,3351,
58.00215827508133,94822,671,1159,3351,
58.00490133188887,94822,671,1158,3352,
58.00913522093579,94822,670,1159,3352,
58.00961343076558,94821,671,1159,3352,
58.013400966436556,94821,670,1160,3352,
58.014634031271285,94820,671,1160,3352,
58.0161061669055,94820,670,1161,3352,
58.01829648756299,94820,669,1162,3352,
58.0187879699755,94820,669,1161,3353,
58.02608756042529,94819,670,1161,3353,
58.03072709737812,94819,670,1160,3354,
58.03805844888689,94819,670,1159,3355,
58.03855517964952,94818,671,1159,3355,
58.04020014371557,94817,672,1159,3355,
58.04794929475311,94817,672,1158,3356,
58.05259993099735,94817,671,1159,3356,
58.05475136894098,94817,670,1160,3356,
58.058077519903634,94816,671,1160,3356,
58.06104611463981,94816,670,1161,3356,
58.063405705967874,94816,670,1160,3357,
58.063748209206594,94816,669,1161,3357,
58.06487659243456,94815,670,1161,3357,
58.06765246137914,94814,671,1161,3357,
58.06793959763366,94813,672,1161,3357,
58.06839479274799,94813,671,1162,3357,
58.06860137904481,94812,672,1162,3357,
58.074020659785944,94811,673,1162,3357,
58.07871104869736,94810,674,1162,3357,
58.08300854555931,94810,674,1161,3358,
58.08520555496153,94809,675,1161,3358,
58.085586219049354,94809,675,1160,3359,
58.086389666814085,94809,675,1159,3360,
58.09283394413484,94809,674,1160,3360,
58.09447265828398,94809,674,1159,3361,
58.096576659863615,94808,675,1159,3361,
58.09887828156309,94808,675,1158,3362,
58.102079996931906,94808,675,1157,3363,
58.10372660595233,94807,676,1157,3363,
58.105614159283185,94807,675,1158,3363,
58.10602175077968,94807,674,1159,3363,
58.11098330200947,94806,675,1159,3363,
58.112361190869265,94805,676,1159,3363,
58.11835716149347,94805,676,1158,3364,
58.11950883362796,94805,675,1159,3364,
58.11968844532376,94805,674,1160,3364,
58.12075977807368,94805,674,1159,3365,
58.12428493115243,94805,674,1158,3366,
58.13597437716445,94804,675,1158,3366,
58.13722606972254,94803,676,1158,3366,
58.143632844962454,94803,675,1159,3366,
58.14761782660494,94803,675,1158,3367,
58.14970241943064,94803,674,1159,3367,
58.15191540266048,94803,673,1160,3367,
58.1520285465845,94803,673,1159,3368,
58.152273725046804,94802,674,1159,3368,
58.15489009651887,94802,674,1158,3369,
58.16106569421018,94801,675,1158,3369,
58.16154581699019,94801,675,1157,3370,
58.16275756947219,94800,676,1157,3370,
58.16302626539796,94799,677,1157,3370,
58.1635345060306,94799,677,1156,3371,
58.164018510774966,94799,676,1157,3371,
58.164427230301754,94799,675,1158,3371,
58.164924554328344,94799,674,1159,3371,
58.16856598485031,94798,675,1159,3371,
58.169262886847655,94798,674,1160,3371,
58.17130467991382,94798,673,1161,3371,
58.18352574723734,94797,674,1161,3371,
58.18486652856711,94797,674,1160,3372,
58.185620284471824,94797,673,1161,3372,
58.19165215942879,94797,673,1160,3373,
58.19180314083351,94797,673,1159,3374,
58.192288915940004,94797,673,1158,3375,
58.19614388504984,94796,674,1158,3375,
58.19635794947119,94796,674,1157,3376,
58.197637599116774,94796,674,1156,3377,
58.20031392906917,94796,674,1155,3378,
58.20139399569582,94796,673,1156,3378,
58.20352765640524,94796,673,1155,3379,
58.208209562131245,94796,673,1154,3380,
58.214332460071546,94795,674,1154,3380,
58.21712538158961,94795,674,1153,3381,
58.21787858604993,94795,673,1154,3381,
58.21969080583385,94794,674,1154,3381,
58.221312757412505,94794,674,1153,3382,
58.22140690342398,94794,674,1152,3383,
58.223127085699694,94794,674,1151,3384,
58.223554109665734,94794,673,1152,3384,
58.224648902811914,94794,673,1151,3385,
58.224884021976514,94794,672,1152,3385,
58.24664680934594,94794,672,1151,3386,
58.247732551229234,94793,673,1151,3386,
58.250043895466206,94793,673,1150,3387,
58.252366214534334,94793,673,1149,3388,
58.256338953102,94792,674,1149,3388,
58.25935461602127,94792,673,1150,3388,
58.26347336361248,94792,672,1151,3388,
58.26384962692168,94791,673,1151,3388,
58.2651325126434,94791,673,1150,3389,
58.26964035719588,94791,673,1149,3390,
58.27047426600427,94791,672,1150,3390,
58.2708478091405,94790,673,1150,3390,
58.273459724093975,94790,672,1151,3390,
58.273823447959536,94790,672,1150,3391,
58.274299004835626,94790,672,1149,3392,
58.27522149029424,94790,671,1150,3392,
58.27834896560523,94790,670,1151,3392,
58.27919205325479,94790,670,1150,3393,
58.27930966786759,94790,669,1151,3393,
58.279911859642795,94790,668,1152,3393,
58.28252773739553,94790,667,1153,3393,
58.28421252235371,94790,666,1154,3393,
58.28462428711692,94789,667,1154,3393,
58.289726409267935,94789,666,1155,3393,
58.289941862050874,94789,666,1154,3394,
58.29720073502244,94789,666,1153,3395,
58.298952083743146,94789,666,1152,3396,
58.29979681056716,94788,667,1152,3396,
58.30197480908845,94787,668,1152,3396,
58.30348751821455,94787,668,1151,3397,
58.30390306791574,94787,668,1150,3398,
58.309935426067334,94787,667,1151,3398,
58.312122983103265,94786,668,1151,3398,
58.315134684699096,94786,667,1152,3398,
58.31704676385003,94785,668,1152,3398,
58.31739218013442,94785,668,1151,3399,
58.32127032955455,94784,669,1151,3399,
58.324176907113916,94784,669,1150,3400,
58.32575400810841,94783,670,1150,3400,
58.330994381197705,94783,669,1151,3400,
58.333601317290345,94783,668,1152,3400,
58.33528066590366,94782,669,1152,3400,
58.33842828500479,94782,668,1153,3400,
58.339193904326194,94782,668,1152,3401,
58.342002560790796,94782,668,1151,3402,
58.34231144790175,94782,668,1150,3403,
58.34383721716355,94782,667,1151,3403,
58.34547565645008,94782,666,1152,3403,
58.35031293600916,94782,666,1151,3404,
58.35548149478158,94782,666,1150,3405,
58.35765934567154,94781,667,1150,3405,
58.36078190760199,94781,667,1149,3406,
58.361194974684075,94781,666,1150,3406,
58.363765585494235,94781,665,1151,3406,
58.36492963180594,94781,665,1150,3407,
58.36550650522523,94781,665,1149,3408,
58.36872255218168,94780,666,1149,3408,
58.37236996430435,94779,667,1149,3408,
58.37752537007952,94779,666,1150,3408,
58.37928915801931,94778,667,1150,3408,
58.379652960819776,94777,668,1150,3408,
58.381635897140995,94777,667,1151,3408,
58.383219077134854,94777,667,1150,3409,
58.38438712617855,94777,666,1151,3409,
58.38509946435497,94776,667,1151,3409,
58.38666820638522,94776,667,1150,3410,
58.391611896829865,94776,666,1151,3410,
58.40602253464885,94776,665,1152,3410,
58.40770077319596,94776,665,1151,3411,
58.41423628303568,94776,665,1150,3412,
58.416593284478175,94776,664,1151,3412,
58.418059703512,94776,664,1150,3413,
58.427069802170564,94776,664,1149,3414,
58.42844024012929,94775,665,1149,3414,
58.42944987560615,94775,665,1148,3415,
58.43095125216128,94774,666,1148,3415,
58.431948419359344,94774,666,1147,3416,
58.434385954573884,94774,666,1146,3417,
58.43540822671004,94774,666,1145,3418,
58.43907838527914,94774,666,1144,3419,
58.43930590424109,94773,667,1144,3419,
58.4410496007949,94772,668,1144,3419,
58.44132417843794,94772,667,1145,3419,
58.45857050646575,94772,667,1144,3420,
58.45921173274601,94771,668,1144,3420,
58.46053821070262,94771,668,1143,3421,
58.46135900839452,94771,668,1142,3422,
58.46141701278171,94770,669,1142,3422,
58.46244374214366,94770,668,1143,3422,
58.46285102228115,94770,667,1144,3422,
58.46412906379028,94769,668,1144,3422,
58.47062808095526,94769,668,1143,3423,
58.47156299468294,94768,669,1143,3423,
58.47205809500103,94768,669,1142,3424,
58.47296602446139,94768,669,1141,3425,
58.473038949090906,94768,669,1140,3426,
58.47323868532748,94767,670,1140,3426,
58.47768453849798,94767,670,1139,3427,
58.47836483852533,94767,669,1140,3427,
58.47866860080569,94767,668,1141,3427,
58.4795256769712,94767,667,1142,3427,
58.47972066447013,94767,666,1143,3427,
58.4800239429164,94767,666,1142,3428,
58.480628482402565,94767,666,1141,3429,
58.48321594363799,94766,667,1141,3429,
58.48480691780083,94765,668,1141,3429,
58.488499010797725,94765,668,1140,3430,
58.49222046528657,94765,668,1139,3431,
58.49517259784553,94764,669,1139,3431,
58.50010995877683,94764,668,1140,3431,
58.503163457834496,94764,668,1139,3432,
58.503739862416715,94764,667,1140,3432,
58.503811838844605,94764,666,1141,3432,
58.504192706852635,94764,665,1142,3432,
58.5078800500568,94764,664,1143,3432,
58.510138202430014,94764,663,1144,3432,
58.51222633625183,94764,662,1145,3432,
58.51504674228573,94764,662,1144,3433,
58.516848536012844,94764,662,1143,3434,
58.51741325870482,94764,662,1142,3435,
58.51800963623844,94763,663,1142,3435,
58.519698296498404,94763,663,1141,3436,
58.520665421975906,94763,662,1142,3436,
58.527416033371814,94763,661,1143,3436,
58.529457647498496,94763,661,1142,3437,
58.530828231040985,94762,662,1142,3437,
58.53534516125465,94762,662,1141,3438,
58.538675337979456,94761,663,1141,3438,
58.53979352861045,94761,662,1142,3438,
58.54010126373868,94761,661,1143,3438,
58.544845371528176,94761,660,1144,3438,
58.54604122683328,94761,660,1143,3439,
58.546473359670905,94761,659,1144,3439,
58.54749240938153,94761,659,1143,3440,
58.55241893902659,94761,659,1142,3441,
58.55352790159192,94761,659,1141,3442,
58.559287415966175,94761,658,1142,3442,
58.562572802512754,94761,657,1143,3442,
58.572440947769785,94761,657,1142,3443,
58.57689759357932,94761,657,1141,3444,
58.578892504822946,94761,657,1140,3445,
58.57936397443803,94761,656,1141,3445,
58.57967041138748,94761,656,1140,3446,
58.58034800494811,94761,655,1141,3446,
58.5819372132713,94761,655,1140,3447,
58.586425214366834,94760,656,1140,3447,
58.58681777372818,94759,657,1140,3447,
58.58854027393828,94759,657,1139,3448,
58.5900143311019,94759,657,1138,3449,
58.590223164650695,94759,656,1139,3449,
58.59306839659666,94759,656,1138,3450,
58.60136853633553,94759,655,1139,3450,
58.60321811700055,94759,655,1138,3451,
58.605579114917,94758,656,1138,3451,
58.610956728628004,94758,655,1139,3451,
58.620404935567045,94757,656,1139,3451,
58.62595971146227,94757,655,1140,3451,
58.63087660242348,94757,655,1139,3452,
58.63647148998409,94757,654,1140,3452,
58.63659681635646,94757,653,1141,3452,
58.638982351175954,94757,652,1142,3452,
58.63947555822956,94757,651,1143,3452,
58.63978221862372,94757,650,1144,3452,
58.64267883816194,94757,650,1143,3453,
58.64270990239119,94757,650,1142,3454,
58.64635083535188,94757,650,1141,3455,
58.646977248623216,94757,650,1140,3456,
58.653434996672985,94756,651,1140,3456,
58.65351634933993,94756,650,1141,3456,
58.65380043129893,94756,649,1142,3456,
58.67214355377819,94755,650,1142,3456,
58.67227238012709,94755,650,1141,3457,
58.67513211528978,94755,650,1140,3458,
58.67897843727292,94754,651,1140,3458,
58.68265421304298,94754,650,1141,3458,
58.68276086098672,94754,650,1140,3459,
58.68311231116255,94754,650,1139,3460,
58.688052730210565,94753,651,1139,3460,
58.68843363195127,94753,650,1140,3460,
58.691123685680886,94753,649,1141,3460,
58.69209128195444,94753,649,1140,3461,
58.69277663447569,94753,649,1139,3462,
58.6978278819549,94753,648,1140,3462,
58.70028379357667,94752,649,1140,3462,
58.702361666876094,94751,650,1140,3462,
58.703505164001456,94751,649,1141,3462,
58.70373129026706,94750,650,1141,3462,
58.70491271234354,94750,650,1140,3463,
58.70550864003059,94750,650,1139,3464,
58.70857929099832,94750,650,1138,3465,
58.71116380083656,94750,649,1139,3465,
58.71299480565516,94750,649,1138,3466,
58.71882897820207,94750,649,1137,3467,
58.71979513419154,94749,650,1137,3467,
58.71983052565173,94749,649,1138,3467,
58.720660231686495,94749,648,1139,3467,
58.727667122514944,94749,648,1138,3468,
58.73089045801564,94748,649,1138,3468,
58.73265490764458,94748,649,1137,3469,
58.734182556100706,94748,649,1136,3470,
58.73548602928291,94748,648,1137,3470,
58.7387712770196,94748,647,1138,3470,
58.738785995724115,94747,648,1138,3470,
58.73886669076368,94747,648,1137,3471,
58.74701066715481,94747,647,1138,3471,
58.74876227587717,94747,646,1139,3471,
58.749292678621515,94746,647,1139,3471,
58.75786599697017,94745,648,1139,3471,
58.760075702782345,94745,647,1140,3471,
58.76085788207875,94744,648,1140,3471,
58.761146312586106,94743,649,1140,3471,
58.761515566731376,94743,648,1141,3471,
58.766980869953116,94743,648,1140,3472,
58.76998065357353,94743,648,1139,3473,
58.771879904703326,94743,648,1138,3474,
58.779023667938965,94743,648,1137,3475,
58.780353252010215,94743,647,1138,3475,
58.780473350118086,94742,648,1138,3475,
58.78186536442871,94742,648,1137,3476,
58.787111706894635,94741,649,1137,3476,
58.789345919891915,94741,648,1138,3476,
58.79130936489523,94741,648,1137,3477,
58.79526488871183,94740,649,1137,3477,
58.79992622644878,94739,650,1137,3477,
58.80309275831829,94739,650,1136,3478,
58.805151025144134,94738,651,1136,3478,
58.80755491613247,94737,652,1136,3478,
58.8103544838814,94737,652,1135,3479,
58.81353647600522,94737,651,1136,3479,
58.8166102068908,94737,651,1135,3480,
58.817347727997145,94737,651,1134,3481,
58.8175938541538,94736,652,1134,3481,
58.81930406077761,94736,651,1135,3481,
58.821576651411014,94735,652,1135,3481,
58.823998787387126,94734,653,1135,3481,
58.82491274848175,94733,654,1135,3481,
58.83243229596952,94733,653,1136,3481,
58.840157999200066,94733,653,1135,3482,
58.84222051214332,94733,652,1136,3482,
58.84349039926705,94733,651,1137,3482,
58.843557039103075,94732,652,1137,3482,
58.84542349527857,94732,651,1138,3482,
58.84734512567515,94732,650,1139,3482,
58.84841614962026,94732,649,1140,3482,
58.85557864470463,94732,649,1139,3483,
58.85732825005308,94732,648,1140,3483,
58.859519232171344,94732,648,1139,3484,
58.861489833713385,94732,648,1138,3485,
58.86311392091011,94731,649,1138,3485,
58.865047826133406,94731,649,1137,3486,
58.869208765447254,94731,649,1136,3487,
58.87311009995095,94731,649,1135,3488,
58.8795330842794,94731,648,1136,3488,
58.88075802684702,94731,648,1135,3489,
58.884868756098186,94730,649,1135,3489,
58.88717878056805,94730,648,1136,3489,
58.88718700512971,94729,649,1136,3489,
58.88953774558285,94729,648,1137,3489,
58.899977378236585,94729,648,1136,3490,
58.90069704163536,94728,649,1136,3490,
58.90113335840122,94728,649,1135,3491,
58.90286752438226,94728,648,1136,3491,
58.90318293562678,94727,649,1136,3491,
58.907241824643165,94727,649,1135,3492,
58.90751550792181,94726,650,1135,3492,
58.90785266781159,94726,650,1134,3493,
58.90818296154897,94726,649,1135,3493,
58.909638010366066,94725,650,1135,3493,
58.90986119598681,94725,649,1136,3493,
58.91133878980614,94725,649,1135,3494,
58.9116300478925,94725,649,1134,3495,
58.913946402449554,94724,650,1134,3495,
58.91601712228101,94724,649,1135,3495,
58.91967470767042,94723,650,1135,3495,
58.922058714784114,94723,649,1136,3495,
58.922868100832744,94722,650,1136,3495,
58.923605405897874,94722,650,1135,3496,
58.92636915072601,94722,650,1134,3497,
58.93048856447308,94722,650,1133,3498,
58.93057617380343,94721,651,1133,3498,
58.93143766748955,94721,650,1134,3498,
58.9320189526746,94721,650,1133,3499,
58.93650678202119,94720,651,1133,3499,
58.9377368851695,94720,651,1132,3500,
58.938262103753466,94720,650,1133,3500,
58.94565605412379,94720,649,1134,3500,
58.95089057150511,94720,649,1133,3501,
58.95315530589265,94720,648,1134,3501,
58.95366179675484,94720,647,1135,3501,
58.95641694374033,94720,647,1134,3502,
58.96327754051045,94720,647,1133,3503,
58.96661757227551,94719,648,1133,3503,
58.96764040079792,94719,647,1134,3503,
58.97468487578395,94718,648,1134,3503,
58.98163788114336,94718,648,1133,3504,
58.98598688526696,94717,649,1133,3504,
58.99611031556278,94717,649,1132,3505,
58.996868730331336,94717,649,1131,3506,
59.002835664926245,94716,650,1131,3506,
59.00646661788156,94715,651,1131,3506,
59.00876035236652,94714,652,1131,3506,
59.00969682180357,94714,652,1130,3507,
59.01045225600125,94714,652,1129,3508,
59.0105983040896,94713,653,1129,3508,
59.01209167306571,94712,654,1129,3508,
59.01342999152041,94711,655,1129,3508,
59.01356483843187,94711,654,1130,3508,
59.01580629692537,94710,655,1130,3508,
59.017701462410365,94710,655,1129,3509,
59.01829749348924,94709,656,1129,3509,
59.02459377630153,94709,655,1130,3509,
59.033945618218624,94709,655,1129,3510,
59.034506194015044,94709,655,1128,3511,
59.03489293608523,94709,655,1127,3512,
59.03573823535037,94709,655,1126,3513,
59.03643128252901,94709,654,1127,3513,
59.038358273532964,94709,654,1126,3514,
59.04137307602874,94709,654,1125,3515,
59.04159142390108,94709,654,1124,3516,
59.04447989687466,94709,654,1123,3517,
59.05083585582957,94709,654,1122,3518,
59.060567983884866,94709,654,1121,3519,
59.061741224634495,94709,654,1120,3520,
59.070329909228704,94709,654,1119,3521,
59.07453813029504,94709,653,1120,3521,
59.077021230254815,94709,653,1119,3522,
59.07782274873023,94709,653,1118,3523,
59.08014888757357,94709,653,1117,3524,
59.085201387068636,94708,654,1117,3524,
59.086845872237795,94708,653,1118,3524,
59.0888073685573,94707,654,1118,3524,
59.0904408684473,94707,654,1117,3525,
59.09080343077358,94707,653,1118,3525,
59.092525523805115,94707,653,1117,3526,
59.09474700149211,94706,654,1117,3526,
59.098820626995106,94706,654,1116,3527,
59.10010363220186,94706,653,1117,3527,
59.102238878131466,94706,652,1118,3527,
59.10369130136454,94706,651,1119,3527,
59.109037299091284,94706,650,1120,3527,
59.109310471130044,94706,650,1119,3528,
59.10942616111116,94706,649,1120,3528,
59.11463247548511,94706,648,1121,3528,
59.1157294201626,94706,648,1120,3529,
59.12102622515804,94706,648,1119,3530,
59.124662635780375,94706,647,1120,3530,
59.126188993379046,94705,648,1120,3530,
59.12998788645103,94705,647,1121,3530,
59.130307244459544,94705,647,1120,3531,
59.13100767762086,94705,647,1119,3532,
59.131882124858535,94705,646,1120,3532,
59.132144246240514,94704,647,1120,3532,
59.135052953404156,94703,648,1120,3532,
59.13643708336024,94703,648,1119,3533,
59.139815404040036,94703,648,1118,3534,
59.141500113179305,94703,648,1117,3535,
59.14631868768123,94703,648,1116,3536,
59.150786570611004,94703,647,1117,3536,
59.15150235564195,94703,646,1118,3536,
59.15223951571805,94703,645,1119,3536,
59.15256541239545,94703,644,1120,3536,
59.153598929536614,94703,644,1119,3537,
59.155098476846796,94703,643,1120,3537,
59.15541054662479,94703,643,1119,3538,
59.15630615770332,94703,642,1120,3538,
59.158588390555536,94703,642,1119,3539,
59.16157659435635,94702,643,1119,3539,
59.161965808944245,94702,643,1118,3540,
59.170714479969114,94702,643,1117,3541,
59.172830159985054,94702,643,1116,3542,
59.17323027653758,94701,644,1116,3542,
59.17369024807782,94700,645,1116,3542,
59.18130824506846,94700,644,1117,3542,
59.18946435772837,94699,645,1117,3542,
59.19326109150314,94699,644,1118,3542,
59.19343384134069,94698,645,1118,3542,
59.19612170304996,94697,646,1118,3542,
59.199334505579735,94697,646,1117,3543,
59.19959662925752,94697,645,1118,3543,
59.2005159910012,94696,646,1118,3543,
59.201648870755605,94696,646,1117,3544,
59.20233375849672,94695,647,1117,3544,
59.2043305945039,94695,647,1116,3545,
59.21003979939961,94694,648,1116,3545,
59.21136866519734,94693,649,1116,3545,
59.21441837406566,94693,649,1115,3546,
59.21665222786479,94693,648,1116,3546,
59.21692872617426,94693,648,1115,3547,
59.223949545640025,94693,647,1116,3547,
59.2294762533422,94693,646,1117,3547,
59.23001576149346,94692,647,1117,3547,
59.23631564594905,94692,647,1116,3548,
59.23747835226148,94692,646,1117,3548,
59.239582936705176,94691,647,1117,3548,
59.24358312466467,94691,646,1118,3548,
59.24426746988303,94690,647,1118,3548,
59.247864956876285,94690,647,1117,3549,
59.25120795648576,94690,647,1116,3550,
59.26189145821546,94689,648,1116,3550,
59.2655030689287,94689,648,1115,3551,
59.266497438607665,94688,649,1115,3551,
59.26758783180775,94688,649,1114,3552,
59.26813748512866,94688,648,1115,3552,
59.26824278342872,94688,648,1114,3553,
59.26998952095331,94688,647,1115,3553,
59.27581026453745,94688,647,1114,3554,
59.276447409874095,94688,647,1113,3555,
59.279500295199256,94688,647,1112,3556,
59.28371889711884,94688,646,1113,3556,
59.28498647966926,94687,647,1113,3556,
59.28555537339669,94687,647,1112,3557,
59.2915153789226,94686,648,1112,3557,
59.29153431071875,94686,647,1113,3557,
59.29386029346439,94686,646,1114,3557,
59.29398547584904,94686,645,1115,3557,
59.2977160914992,94686,644,1116,3557,
59.30442416510499,94686,643,1117,3557,
59.306275897845566,94686,643,1116,3558,
59.30687180241807,94686,643,1115,3559,
59.30828528396358,94686,642,1116,3559,
59.31200009353178,94685,643,1116,3559,
59.3134560295028,94685,643,1115,3560,
59.313518268205016,94685,642,1116,3560,
59.3138076712889,94685,641,1117,3560,
59.314236321919054,94684,642,1117,3560,
59.31579277968254,94683,643,1117,3560,
59.3169197302932,94682,644,1117,3560,
59.32144996259524,94682,643,1118,3560,
59.321915842778466,94681,644,1118,3560,
59.32441980631974,94681,643,1119,3560,
59.32523373658691,94680,644,1119,3560,
59.32814725018945,94680,643,1120,3560,
59.328953512772586,94680,643,1119,3561,
59.33504038243205,94680,642,1120,3561,
59.34393250488612,94679,643,1120,3561,
59.3457927408737,94678,644,1120,3561,
59.35335399985722,94678,643,1121,3561,
59.3538637282772,94677,644,1121,3561,
59.35447340296188,94676,645,1121,3561,
59.35734838842107,94675,646,1121,3561,
59.363002658465376,94675,646,1120,3562,
59.368038548427855,94675,646,1119,3563,
59.36863672627788,94675,646,1118,3564,
59.36952052615302,94675,646,1117,3565,
59.38499500284163,94675,646,1116,3566,
59.385634176512966,94674,647,1116,3566,
59.38780248736818,94674,646,1117,3566,
59.388143914651046,94673,647,1117,3566,
59.39155626766235,94673,646,1118,3566,
59.39177061024486,94673,645,1119,3566,
59.39681532551407,94672,646,1119,3566,
59.397685887050514,94672,645,1120,3566,
59.40086618045404,94672,645,1119,3567,
59.403512344203264,94672,644,1120,3567,
59.406685742758626,94672,643,1121,3567,
59.40809592938282,94672,643,1120,3568,
59.412443650507996,94672,643,1119,3569,
59.417510138923895,94672,642,1120,3569,
59.42087846708297,94672,641,1121,3569,
59.42501151106899,94672,641,1120,3570,
59.426132945064424,94671,642,1120,3570,
59.43036702651817,94671,641,1121,3570,
59.43394222178048,94670,642,1121,3570,
59.43452093997988,94670,641,1122,3570,
59.4373876753427,94670,641,1121,3571,
59.438040127284275,94669,642,1121,3571,
59.44493958141672,94668,643,1121,3571,
59.44801572341313,94668,643,1120,3572,
59.44847341491514,94668,642,1121,3572,
59.45133292598205,94667,643,1121,3572,
59.46375053076791,94667,642,1122,3572,
59.467986120724404,94667,641,1123,3572,
59.46867115913749,94667,641,1122,3573,
59.470078676581394,94667,641,1121,3574,
59.474421519849834,94667,641,1120,3575,
59.479084903779736,94667,641,1119,3576,
59.48155631762097,94667,640,1120,3576,
59.48368311635724,94667,640,1119,3577,
59.488601615423576,94666,641,1119,3577,
59.4914266371333,94666,641,1118,3578,
59.494865945696866,94666,641,1117,3579,
59.495003980149974,94665,642,1117,3579,
59.49528850283208,94665,641,1118,3579,
59.4989989849826,94664,642,1118,3579,
59.50821411904485,94663,643,1118,3579,
59.51206971579638,94662,644,1118,3579,
59.513152474354975,94662,643,1119,3579,
59.51650709163521,94661,644,1119,3579,
59.51813948890278,94661,644,1118,3580,
59.51963348801142,94661,643,1119,3580,
59.520751368301006,94660,644,1119,3580,
59.52245768371764,94659,645,1119,3580,
59.52696948155452,94659,644,1120,3580,
59.527457947347045,94658,645,1120,3580,
59.53031774159046,94658,645,1119,3581,
59.530497534548104,94657,646,1119,3581,
59.53081204665692,94657,646,1118,3582,
59.53085988364545,94657,646,1117,3583,
59.53462644142071,94657,645,1118,3583,
59.53929073957326,94657,644,1119,3583,
59.542473941802406,94657,643,1120,3583,
59.54454445633369,94657,643,1119,3584,
59.545617535229894,94657,643,1118,3585,
59.5517499106015,94656,644,1118,3585,
59.55471439320834,94655,645,1118,3585,
59.55895551952792,94654,646,1118,3585,
59.55907435093569,94654,645,1119,3585,
59.571068285039445,94653,646,1119,3585,
59.57439199563548,94653,646,1118,3586,
59.5796223196832,94653,646,1117,3587,
59.583826147242604,94653,645,1118,3587,
59.58467481610898,94653,645,1117,3588,
59.587523059097364,94653,645,1116,3589,
59.599952391013886,94652,646,1116,3589,
59.6016103799162,94652,645,1117,3589,
59.604313189706694,94651,646,1117,3589,
59.60499885372002,94651,646,1116,3590,
59.613575405078315,94651,645,1117,3590,
59.61394275247708,94651,645,1116,3591,
59.61743862934991,94650,646,1116,3591,
59.61771117103795,94650,646,1115,3592,
59.620326055474195,94649,647,1115,3592,
59.62122364328937,94648,648,1115,3592,
59.621575565114426,94648,648,1114,3593,
59.62624981533516,94648,648,1113,3594,
59.62759349138277,94647,649,1113,3594,
59.627848000965386,94647,649,1112,3595,
59.62921490419518,94647,649,1111,3596,
59.63471627133028,94647,649,1110,3597,
59.639913342494516,94646,650,1110,3597,
59.64004153360647,94646,650,1109,3598,
59.64142417570237,94645,651,1109,3598,
59.642453142045866,94644,652,1109,3598,
59.64809277985186,94644,652,1108,3599,
59.65078414223689,94644,652,1107,3600,
59.66054959373819,94644,651,1108,3600,
59.667824500674996,94644,650,1109,3600,
59.66832410228067,94644,650,1108,3601,
59.671793267577485,94643,651,1108,3601,
59.67261209198423,94643,651,1107,3602,
59.67435185084817,94642,652,1107,3602,
59.67611581487477,94641,653,1107,3602,
59.677046973914635,94641,653,1106,3603,
59.678901435387914,94641,652,1107,3603,
59.682460816867305,94641,651,1108,3603,
59.687776680203754,94641,650,1109,3603,
59.689668808217874,94641,650,1108,3604,
59.69061036572623,94641,649,1109,3604,
59.69712168721329,94641,649,1108,3605,
59.69855266318024,94640,650,1108,3605,
59.7004598407784,94640,649,1109,3605,
59.706193486524576,94640,649,1108,3606,
59.716388667482086,94640,649,1107,3607,
59.71856541250926,94640,649,1106,3608,
59.72565972884553,94640,649,1105,3609,
59.72818062457344,94639,650,1105,3609,
59.728860810208445,94639,649,1106,3609,
59.73259251769928,94639,649,1105,3610,
59.733933263778866,94639,649,1104,3611,
59.7358756217145,94638,650,1104,3611,
59.739619602370496,94638,650,1103,3612,
59.74237675444155,94637,651,1103,3612,
59.7459137619275,94636,652,1103,3612,
59.747953578509815,94636,651,1104,3612,
59.748683068335964,94635,652,1104,3612,
59.750653518277105,94635,652,1103,3613,
59.75846858385317,94634,653,1103,3613,
59.759041316122776,94634,652,1104,3613,
59.75909647593815,94634,651,1105,3613,
59.759800468447374,94634,650,1106,3613,
59.76013587905341,94634,649,1107,3613,
59.76239303915395,94634,649,1106,3614,
59.7642721055082,94634,649,1105,3615,
59.768529382821306,94634,648,1106,3615,
59.77253590205024,94634,647,1107,3615,
59.77707098162665,94634,646,1108,3615,
59.779867266951804,94634,646,1107,3616,
59.78045914791103,94634,645,1108,3616,
59.78059793889423,94634,644,1109,3616,
59.7842362798899,94634,644,1108,3617,
59.784537541472105,94633,645,1108,3617,
59.78730667310916,94633,644,1109,3617,
59.78816476044349,94632,645,1109,3617,
59.79079223944497,94631,646,1109,3617,
59.80212661265345,94630,647,1109,3617,
59.80902919265098,94629,648,1109,3617,
59.81013271878556,94629,648,1108,3618,
59.81474454833041,94629,648,1107,3619,
59.815245127558676,94628,649,1107,3619,
59.81531912929116,94628,648,1108,3619,
59.81611069106931,94628,647,1109,3619,
59.81787207505788,94628,646,1110,3619,
59.8184032048998,94628,645,1111,3619,
59.824307198293056,94628,644,1112,3619,
59.828889227364506,94628,644,1111,3620,
59.828998672934674,94627,645,1111,3620,
59.82917985563017,94627,644,1112,3620,
59.82951208952555,94627,644,1111,3621,
59.834382554352,94627,644,1110,3622,
59.834704772071724,94627,643,1111,3622,
59.84379672579897,94627,643,1110,3623,
59.84845306553811,94627,642,1111,3623,
59.84871991761818,94627,642,1110,3624,
59.850938834663644,94627,641,1111,3624,
59.851486247231044,94627,640,1112,3624,
59.85263514482645,94627,639,1113,3624,
59.85545687418645,94627,638,1114,3624,
59.85845573111317,94627,638,1113,3625,
59.859423040742044,94627,637,1114,3625,
59.861135593022865,94626,638,1114,3625,
59.8618004760325,94625,639,1114,3625,
59.86280957695342,94625,638,1115,3625,
59.864096847728504,94625,637,1116,3625,
59.86677086088498,94625,637,1115,3626,
59.86742047981508,94625,636,1116,3626,
59.8681575920967,94625,636,1115,3627,
59.876562896097475,94625,636,1114,3628,
59.88617019861116,94625,635,1115,3628,
59.89832642603781,94624,636,1115,3628,
59.910323120205014,94623,637,1115,3628,
59.911256394444635,94622,638,1115,3628,
59.91567716806863,94622,637,1116,3628,
59.91597818307795,94621,638,1116,3628,
59.9187011329489,94620,639,1116,3628,
59.92262495741978,94619,640,1116,3628,
59.92270832772214,94619,639,1117,3628,
59.931200435028416,94619,638,1118,3628,
59.93132288414767,94619,638,1117,3629,
59.93476218028158,94619,637,1118,3629,
59.93612425453217,94619,637,1117,3630,
59.937936093732205,94619,637,1116,3631,
59.93922590802349,94619,636,1117,3631,
59.945054393136814,94619,635,1118,3631,
59.952827281063726,94619,635,1117,3632,
59.959543699630444,94619,634,1118,3632,
59.96025244732048,94619,633,1119,3632,
59.96124621300432,94619,632,1120,3632,
59.96207979784112,94619,631,1121,3632,
59.96383815547518,94619,631,1120,3633,
59.96824350909038,94618,632,1120,3633,
59.96990076210304,94618,631,1121,3633,
59.970815724706796,94618,630,1122,3633,
59.976806042899504,94618,630,1121,3634,
59.977562678427944,94617,631,1121,3634,
59.9840509346893,94617,631,1120,3635,
59.98479598114548,94617,630,1121,3635,
59.99294442774482,94616,631,1121,3635,
59.99458308417245,94616,630,1122,3635,
60.00237843566708,94616,629,1123,3635,
60.007601856240655,94616,629,1122,3636,
60.00923076823695,94616,628,1123,3636,
60.01435205453116,94616,628,1122,3637,
60.01438808770745,94616,628,1121,3638,
60.02208029813481,94616,627,1122,3638,
60.02465039048133,94616,626,1123,3638,
60.02847286080717,94615,627,1123,3638,
60.02899056949452,94615,626,1124,3638,
60.036209240704714,94615,626,1123,3639,
60.0370900892282,94615,626,1122,3640,
60.0442932817038,94614,627,1122,3640,
60.04548946621645,94614,626,1123,3640,
60.04751554293413,94614,626,1122,3641,
60.05246437238205,94614,626,1121,3642,
60.053112766065084,94613,627,1121,3642,
60.06419873297999,94613,626,1122,3642,
60.068354484134595,94613,625,1123,3642,
60.069793955232115,94613,624,1124,3642,
60.07344585126786,94613,623,1125,3642,
60.075398811987526,94613,622,1126,3642,
60.0788473727853,94613,621,1127,3642,
60.082862730161025,94613,621,1126,3643,
60.089119997762296,94613,620,1127,3643,
60.091644917641986,94612,621,1127,3643,
60.09501281674797,94611,622,1127,3643,
60.09523650808297,94610,623,1127,3643,
60.1000286597443,94610,622,1128,3643,
60.100419334956406,94610,621,1129,3643,
60.108272205564454,94610,621,1128,3644,
60.11125216889955,94610,620,1129,3644,
60.11291150773478,94610,620,1128,3645,
60.12320645863964,94610,619,1129,3645,
60.12688415023796,94610,619,1128,3646,
60.12702851846152,94610,619,1127,3647,
60.131232556339675,94610,619,1126,3648,
60.14109907048657,94609,620,1126,3648,
60.15366265927516,94609,620,1125,3649,
60.15405150098374,94609,620,1124,3650,
60.157592689256056,94609,620,1123,3651,
60.16014681862893,94609,620,1122,3652,
60.16210916963951,94609,620,1121,3653,
60.163397151727615,94609,620,1120,3654,
60.1644026733904,94608,621,1120,3654,
60.16753932455381,94608,620,1121,3654,
60.17293145339673,94607,621,1121,3654,
60.17828264695075,94607,620,1122,3654,
60.17931182445287,94607,619,1123,3654,
60.179478841875174,94606,620,1123,3654,
60.18032653279553,94606,620,1122,3655,
60.18348018509191,94606,620,1121,3656,
60.183866822189806,94605,621,1121,3656,
60.18436897053747,94605,621,1120,3657,
60.18449210887495,94605,621,1119,3658,
60.18836380650798,94605,620,1120,3658,
60.19699540868129,94604,621,1120,3658,
60.19820225092939,94604,620,1121,3658,
60.19973124917461,94603,621,1121,3658,
60.200617326557044,94602,622,1121,3658,
60.200880400645175,94601,623,1121,3658,
60.205075930000305,94601,623,1120,3659,
60.20773578465399,94600,624,1120,3659,
60.218105442446706,94600,624,1119,3660,
60.2196828978037,94600,623,1120,3660,
60.220936795427804,94600,623,1119,3661,
60.22171065081224,94600,622,1120,3661,
60.22309546980307,94600,622,1119,3662,
60.225076269027596,94600,622,1118,3663,
60.23227963526225,94599,623,1118,3663,
60.23547272975614,94598,624,1118,3663,
60.23582005872506,94598,623,1119,3663,
60.2432305899204,94598,623,1118,3664,
60.245297468816496,94598,623,1117,3665,
60.24554705937781,94598,622,1118,3665,
60.248728201067195,94598,621,1119,3665,
60.2517967802854,94597,622,1119,3665,
60.2574007761691,94597,622,1118,3666,
60.258679000927515,94596,623,1118,3666,
60.26050869719405,94595,624,1118,3666,
60.26210640954555,94595,624,1117,3667,
60.26289241457273,94594,625,1117,3667,
60.26527331497222,94594,625,1116,3668,
60.26866320040355,94594,624,1117,3668,
60.272421719822965,94594,624,1116,3669,
60.27325190200496,94594,624,1115,3670,
60.27352974520309,94594,624,1114,3671,
60.27482758430456,94594,624,1113,3672,
60.275121342768166,94594,623,1114,3672,
60.27559671068891,94593,624,1114,3672,
60.28446973931005,94593,624,1113,3673,
60.285846424132366,94593,624,1112,3674,
60.28995350335117,94592,625,1112,3674,
60.2906569970382,94591,626,1112,3674,
60.294615840058995,94591,625,1113,3674,
60.294725268623104,94591,624,1114,3674,
60.29528948285251,94590,625,1114,3674,
60.29941558327401,94590,625,1113,3675,
60.30026415317394,94589,626,1113,3675,
60.30364093326565,94589,625,1114,3675,
60.30452680979005,94588,626,1114,3675,
60.304859029282454,94588,626,1113,3676,
60.31076511804629,94588,625,1114,3676,
60.312899278430564,94588,624,1115,3676,
60.31418211091412,94588,623,1116,3676,
60.31573085942829,94587,624,1116,3676,
60.31652366906415,94587,623,1117,3676,
60.326526669272674,94587,622,1118,3676,
60.32795881016696,94587,621,1119,3676,
60.32909065072618,94587,621,1118,3677,
60.32981743899121,94586,622,1118,3677,
60.3301795027107,94585,623,1118,3677,
60.34190080052171,94585,623,1117,3678,
60.342854015801805,94585,622,1118,3678,
60.34416680953109,94584,623,1118,3678,
60.34601534638744,94584,623,1117,3679,
60.34722078254397,94584,623,1116,3680,
60.34867178361101,94584,623,1115,3681,
60.354363123868495,94584,622,1116,3681,
60.35597689666541,94583,623,1116,3681,
60.35738859073142,94582,624,1116,3681,
60.36396292672374,94582,623,1117,3681,
60.36426118383312,94581,624,1117,3681,
60.36458229318839,94581,624,1116,3682,
60.37281377897693,94581,623,1117,3682,
60.383697433351855,94581,622,1118,3682,
60.388252462314384,94580,623,1118,3682,
60.38826759358411,94579,624,1118,3682,
60.39152792787745,94578,625,1118,3682,
60.3932505493902,94578,624,1119,3682,
60.393565958187146,94578,624,1118,3683,
60.396037028857435,94578,623,1119,3683,
60.39880479263319,94578,623,1118,3684,
60.39908289648524,94578,622,1119,3684,
60.40293331165232,94578,621,1120,3684,
60.40333434993713,94578,620,1121,3684,
60.41060604029744,94577,621,1121,3684,
60.41858925476835,94577,621,1120,3685,
60.42247778237906,94577,621,1119,3686,
60.42447733230584,94577,621,1118,3687,
60.425484612899574,94576,622,1118,3687,
60.43130878803093,94576,621,1119,3687,
60.435370970343946,94576,620,1120,3687,
60.43576879266344,94575,621,1120,3687,
60.443597918856625,94575,621,1119,3688,
60.448996450966035,94574,622,1119,3688,
60.45021060475314,94573,623,1119,3688,
60.450423083320004,94572,624,1119,3688,
60.45210707806149,94572,623,1120,3688,
60.45499813325443,94572,623,1119,3689,
60.45647746834914,94572,622,1120,3689,
60.4594553787222,94572,622,1119,3690,
60.460236653000216,94572,621,1120,3690,
60.46028462519065,94571,622,1120,3690,
60.46316275462575,94571,621,1121,3690,
60.46537928102188,94571,620,1122,3690,
60.465953509382075,94570,621,1122,3690,
60.467730139081425,94569,622,1122,3690,
60.469744023983914,94569,621,1123,3690,
60.4712032388679,94568,622,1123,3690,
60.47587151454536,94568,622,1122,3691,
60.4772926265339,94568,622,1121,3692,
60.48042690357923,94567,623,1121,3692,
60.48137126635911,94567,622,1122,3692,
60.484491839622834,94567,621,1123,3692,
60.48959490603403,94567,621,1122,3693,
60.490514099945635,94567,621,1121,3694,
60.490786179723806,94566,622,1121,3694,
60.49125102937003,94566,622,1120,3695,
60.49425662547174,94566,622,1119,3696,
60.499226898712706,94565,623,1119,3696,
60.50062243004926,94565,622,1120,3696,
60.50288478155749,94565,622,1119,3697,
60.50522320126879,94565,621,1120,3697,
60.50557325905704,94565,621,1119,3698,
60.505972464374494,94564,622,1119,3698,
60.50651784506807,94563,623,1119,3698,
60.507180449807514,94563,623,1118,3699,
60.50741790527135,94563,623,1117,3700,
60.509054744107715,94563,622,1118,3700,
60.51016175125644,94562,623,1118,3700,
60.51072617013405,94562,622,1119,3700,
60.511403185574366,94562,621,1120,3700,
60.5123673731858,94561,622,1120,3700,
60.51285409234818,94561,621,1121,3700,
60.51420660583914,94560,622,1121,3700,
60.51439252679632,94560,622,1120,3701,
60.519270907633306,94560,622,1119,3702,
60.52603317135582,94559,623,1119,3702,
60.52651497226945,94558,624,1119,3702,
60.527313830438786,94558,623,1120,3702,
60.52745810983522,94557,624,1120,3702,
60.52841272071676,94557,623,1121,3702,
60.530440634216006,94556,624,1121,3702,
60.53222433894037,94556,624,1120,3703,
60.53278726509489,94556,623,1121,3703,
60.53326964038314,94556,622,1122,3703,
60.533485206522585,94555,623,1122,3703,
60.534766902622245,94554,624,1122,3703,
60.537488589500754,94553,625,1122,3703,
60.54139516827429,94553,624,1123,3703,
60.54453729371086,94553,623,1124,3703,
60.549489910329896,94553,623,1123,3704,
60.5520250662385,94553,622,1124,3704,
60.5522244176264,94553,622,1123,3705,
60.552884815402635,94553,621,1124,3705,
60.55923674010647,94552,622,1124,3705,
60.559389293637665,94552,621,1125,3705,
60.56097358213064,94552,620,1126,3705,
60.56192678048322,94552,620,1125,3706,
60.56398780065136,94552,619,1126,3706,
60.57759216866053,94551,620,1126,3706,
60.578924604752515,94550,621,1126,3706,
60.58353988831178,94550,621,1125,3707,
60.58485202991705,94550,620,1126,3707,
60.58793151734858,94550,619,1127,3707,
60.59066967757782,94550,618,1128,3707,
60.591024298621164,94550,618,1127,3708,
60.59737900384235,94549,619,1127,3708,
60.60012513615137,94549,619,1126,3709,
60.602117254960376,94549,618,1127,3709,
60.60216421094941,94548,619,1127,3709,
60.60440532290847,94548,619,1126,3710,
60.606759455235334,94548,618,1127,3710,
60.610761513941355,94548,618,1126,3711,
60.61266803147903,94548,617,1127,3711,
60.61278067139003,94548,617,1126,3712,
60.61540555927722,94548,616,1127,3712,
60.61868805566115,94548,616,1126,3713,
60.62154805155542,94548,615,1127,3713,
60.62789486654817,94547,616,1127,3713,
60.62914351480652,94547,615,1128,3713,
60.63288385414967,94546,616,1128,3713,
60.63807306744986,94546,615,1129,3713,
60.63928598211402,94546,615,1128,3714,
60.640214756650124,94546,614,1129,3714,
60.64259986462868,94546,613,1130,3714,
60.64836566608876,94546,613,1129,3715,
60.64838011114871,94546,612,1130,3715,
60.648883965073125,94545,613,1130,3715,
60.650059231152326,94545,612,1131,3715,
60.651035514239794,94545,612,1130,3716,
60.651226560852265,94545,612,1129,3717,
60.65309504898006,94545,612,1128,3718,
60.653401049279,94545,611,1129,3718,
60.655009522320995,94545,611,1128,3719,
60.666382212849015,94545,610,1129,3719,
60.66669543283382,94545,609,1130,3719,
60.66830813577279,94545,608,1131,3719,
60.67193174794401,94544,609,1131,3719,
60.674597632882346,94544,609,1130,3720,
60.67817366153058,94544,608,1131,3720,
60.68117761375248,94544,608,1130,3721,
60.682026809394436,94543,609,1130,3721,
60.68867556758612,94543,609,1129,3722,
60.68986858183031,94543,608,1130,3722,
60.69541876852202,94543,608,1129,3723,
60.69676502361531,94543,607,1130,3723,
60.703910949575516,94543,606,1131,3723,
60.70431584545686,94543,605,1132,3723,
60.708134501724444,94542,606,1132,3723,
60.71914458686431,94542,605,1133,3723,
60.72171324192095,94542,605,1132,3724,
60.72177234570739,94541,606,1132,3724,
60.72478371459011,94541,605,1133,3724,
60.72771055130447,94541,604,1134,3724,
60.72828371881887,94541,604,1133,3725,
60.73513926321601,94541,604,1132,3726,
60.73553756208905,94540,605,1132,3726,
60.73675392702005,94539,606,1132,3726,
60.73764657338931,94539,606,1131,3727,
60.739852671748544,94539,606,1130,3728,
60.74300706344739,94539,606,1129,3729,
60.74570513879928,94538,607,1129,3729,
60.75072622350602,94537,608,1129,3729,
60.75514866988878,94537,608,1128,3730,
60.75532412700589,94536,609,1128,3730,
60.756244196103445,94536,609,1127,3731,
60.75695305455062,94535,610,1127,3731,
60.759663488985275,94534,611,1127,3731,
60.76119762087529,94533,612,1127,3731,
60.7648535499014,94532,613,1127,3731,
60.76609132818882,94531,614,1127,3731,
60.767348359747984,94530,615,1127,3731,
60.773700964963275,94530,614,1128,3731,
60.77977545840038,94529,615,1128,3731,
60.77991931953656,94529,614,1129,3731,
60.78329038981968,94529,613,1130,3731,
60.78522509849924,94528,614,1130,3731,
60.7856747845456,94528,614,1129,3732,
60.792390621616164,94528,613,1130,3732,
60.7950143673974,94528,613,1129,3733,
60.79911051094796,94528,613,1128,3734,
60.80806064726628,94528,612,1129,3734,
60.808549159168166,94528,611,1130,3734,
60.81178408790116,94527,612,1130,3734,
60.8122639128018,94527,611,1131,3734,
60.81592502554797,94527,610,1132,3734,
60.81744303858353,94527,610,1131,3735,
60.82475154808232,94527,609,1132,3735,
60.82586866030719,94526,610,1132,3735,
60.82688807493585,94526,610,1131,3736,
60.83092949904727,94526,610,1130,3737,
60.831074189121324,94526,609,1131,3737,
60.83787375523462,94526,609,1130,3738,
60.83978104582289,94526,608,1131,3738,
60.84179642893224,94525,609,1131,3738,
60.84271965264507,94524,610,1131,3738,
60.84843450031897,94524,609,1132,3738,
60.848871067356285,94523,610,1132,3738,
60.85160918228216,94522,611,1132,3738,
60.85709015624026,94522,611,1131,3739,
60.857789699744664,94522,611,1130,3740,
60.8594370002504,94522,611,1129,3741,
60.86608724390884,94522,611,1128,3742,
60.86672008428576,94521,612,1128,3742,
60.86772200135415,94521,611,1129,3742,
60.87075150086183,94521,610,1130,3742,
60.871940014725666,94520,611,1130,3742,
60.87563222306949,94520,611,1129,3743,
60.87897301719532,94520,611,1128,3744,
60.879839579613346,94520,611,1127,3745,
60.880500189527254,94520,611,1126,3746,
60.883878007519925,94520,611,1125,3747,
60.88473387691359,94520,610,1126,3747,
60.88723692574957,94519,611,1126,3747,
60.8899544378573,94519,610,1127,3747,
60.89392787652208,94519,609,1128,3747,
60.89420629145087,94518,610,1128,3747,
60.899783220343494,94517,611,1128,3747,
60.89993549608403,94517,611,1127,3748,
60.902759089071665,94517,611,1126,3749,
60.904307487074796,94517,611,1125,3750,
60.90569442488125,94516,612,1125,3750,
60.90670546640879,94516,612,1124,3751,
60.909091095882644,94516,612,1123,3752,
60.91213347027326,94516,611,1124,3752,
60.91579599799184,94516,610,1125,3752,
60.91821308513687,94516,609,1126,3752,
60.91916886761863,94516,609,1125,3753,
60.92205137638567,94516,609,1124,3754,
60.92342441209301,94516,609,1123,3755,
60.923544433640885,94516,609,1122,3756,
60.92876505576092,94515,610,1122,3756,
60.929443098511896,94514,611,1122,3756,
60.93254682400011,94514,611,1121,3757,
60.93406286619259,94513,612,1121,3757,
60.93649325758754,94513,611,1122,3757,
60.93769047580993,94513,611,1121,3758,
60.93905113618769,94513,611,1120,3759,
60.941284198838815,94512,612,1120,3759,
60.945734603176945,94512,612,1119,3760,
60.94657460390634,94512,612,1118,3761,
60.94680324223105,94512,611,1119,3761,
60.94950401418826,94512,611,1118,3762,
60.95017987906833,94512,611,1117,3763,
60.95314523228509,94512,610,1118,3763,
60.9545507668302,94512,609,1119,3763,
60.95910369732884,94512,608,1120,3763,
60.967487626203706,94512,607,1121,3763,
60.96833284958345,94512,607,1120,3764,
60.968524381003704,94512,606,1121,3764,
60.96945787342274,94512,605,1122,3764,
60.971897414114835,94512,605,1121,3765,
60.97380143753737,94512,605,1120,3766,
60.97808007765079,94512,604,1121,3766,
60.978969746338805,94512,603,1122,3766,
60.981193558398274,94512,602,1123,3766,
60.98333009737728,94512,602,1122,3767,
60.98554964300324,94511,603,1122,3767,
60.98583150458184,94511,603,1121,3768,
60.990908204096016,94511,603,1120,3769,
60.99238182699531,94511,603,1119,3770,
60.99350050395032,94510,604,1119,3770,
61.00035257453306,94510,604,1118,3771,
61.00040687685269,94510,604,1117,3772,
61.00219908002889,94510,603,1118,3772,
61.007153015219295,94510,603,1117,3773,
61.01016506756717,94510,602,1118,3773,
61.01447790243674,94510,601,1119,3773,
61.01600732218037,94509,602,1119,3773,
61.01707421828912,94509,601,1120,3773,
61.022639119418926,94509,600,1121,3773,
61.02299379276228,94509,599,1122,3773,
61.02479557970766,94509,598,1123,3773,
61.024843230432936,94509,598,1122,3774,
61.02994239677784,94509,598,1121,3775,
61.03035399863012,94508,599,1121,3775,
61.031005898840064,94507,600,1121,3775,
61.03119307040325,94507,599,1122,3775,
61.03237448828065,94506,600,1122,3775,
61.036311666517946,94506,599,1123,3775,
61.03842129822502,94506,598,1124,3775,
61.03851452253365,94505,599,1124,3775,
61.042200423849266,94505,598,1125,3775,
61.04415212374461,94505,597,1126,3775,
61.04481140928658,94504,598,1126,3775,
61.04891411220408,94504,598,1125,3776,
61.04949592841,94503,599,1125,3776,
61.053751070178265,94503,598,1126,3776,
61.067043431254206,94503,598,1125,3777,
61.071932273732116,94503,597,1126,3777,
61.07796256855683,94502,598,1126,3777,
61.07988310490178,94501,599,1126,3777,
61.081885273177825,94501,599,1125,3778,
61.082786907588385,94501,598,1126,3778,
61.08665750733945,94501,597,1127,3778,
61.08718776613867,94501,596,1128,3778,
61.093212800479925,94501,595,1129,3778,
61.094737453387154,94500,596,1129,3778,
61.09731968626852,94499,597,1129,3778,
61.098425144169326,94498,598,1129,3778,
61.09853791895505,94498,597,1130,3778,
61.10765652282829,94498,596,1131,3778,
61.10902686567579,94497,597,1131,3778,
61.10944807046701,94497,596,1132,3778,
61.10967282183698,94497,595,1133,3778,
61.11009599013768,94497,594,1134,3778,
61.110824539148325,94496,595,1134,3778,
61.112542602145155,94496,595,1133,3779,
61.11476918621112,94495,596,1133,3779,
61.117083416090836,94495,596,1132,3780,
61.12205374630419,94495,596,1131,3781,
61.12233225829372,94495,596,1130,3782,
61.12384405016162,94495,596,1129,3783,
61.12588099826619,94494,597,1129,3783,
61.126808806279186,94494,597,1128,3784,
61.12754556436904,94494,597,1127,3785,
61.13177301162311,94494,596,1128,3785,
61.13223378909996,94494,595,1129,3785,
61.13786918178779,94493,596,1129,3785,
61.147871535641244,94492,597,1129,3785,
61.14832011964933,94492,597,1128,3786,
61.14849766555295,94491,598,1128,3786,
61.15036546609315,94491,598,1127,3787,
61.15218433506028,94490,599,1127,3787,
61.15465100351564,94490,598,1128,3787,
61.15693564418494,94490,597,1129,3787,
61.15839651956941,94490,596,1130,3787,
61.16518278363809,94489,597,1130,3787,
61.16656563621531,94489,596,1131,3787,
61.16959337229934,94488,597,1131,3787,
61.17329311121901,94488,597,1130,3788,
61.17563614227471,94487,598,1130,3788,
61.176943968850836,94487,597,1131,3788,
61.17942322287835,94486,598,1131,3788,
61.186208175394725,94486,598,1130,3789,
61.187450246690446,94486,598,1129,3790,
61.192696826126266,94486,597,1130,3790,
61.19505149431728,94486,596,1131,3790,
61.196875589507925,94485,597,1131,3790,
61.1979821733682,94484,598,1131,3790,
61.19961751083331,94484,597,1132,3790,
61.20290129396254,94484,596,1133,3790,
61.20703576028885,94484,595,1134,3790,
61.21124045839862,94484,595,1133,3791,
61.2118068081124,94484,594,1134,3791,
61.2121174868243,94484,593,1135,3791,
61.2129315332932,94484,593,1134,3792,
61.21959819132273,94484,592,1135,3792,
61.222687569368105,94483,593,1135,3792,
61.22811425321034,94483,592,1136,3792,
61.22959501374477,94483,592,1135,3793,
61.23639379316111,94483,591,1136,3793,
61.24006857818979,94482,592,1136,3793,
61.24204762306053,94482,591,1137,3793,
61.242966821201165,94482,590,1138,3793,
61.24426341181451,94482,590,1137,3794,
61.24656068500215,94482,589,1138,3794,
61.24827071526112,94482,589,1137,3795,
61.249270912036785,94482,589,1136,3796,
61.25075952741059,94482,588,1137,3796,
61.25308382971063,94481,589,1137,3796,
61.253740499295475,94481,588,1138,3796,
61.25517578533698,94480,589,1138,3796,
61.256161430004425,94480,589,1137,3797,
61.25908689262256,94480,589,1136,3798,
61.26485080537649,94479,590,1136,3798,
61.26657170332835,94478,591,1136,3798,
61.2666565355122,94477,592,1136,3798,
61.26857879368716,94476,593,1136,3798,
61.2701080076161,94476,592,1137,3798,
61.27367474051191,94475,593,1137,3798,
61.27407209564443,94475,593,1136,3799,
61.27435981785271,94474,594,1136,3799,
61.274681701220466,94473,595,1136,3799,
61.27635235239656,94472,596,1136,3799,
61.2789406131043,94472,596,1135,3800,
61.28231081863398,94472,596,1134,3801,
61.28288303404884,94472,596,1133,3802,
61.28743966490941,94472,595,1134,3802,
61.28800382626126,94472,594,1135,3802,
61.28930723672907,94472,594,1134,3803,
61.290234261331136,94471,595,1134,3803,
61.297268759957475,94471,595,1133,3804,
61.300969045990925,94471,595,1132,3805,
61.30104093304858,94471,594,1133,3805,
61.30390356032714,94471,594,1132,3806,
61.304902107336844,94470,595,1132,3806,
61.306438339157005,94470,595,1131,3807,
61.31070653009175,94469,596,1131,3807,
61.312025116593404,94468,597,1131,3807,
61.31611187638288,94468,596,1132,3807,
61.32001556790638,94468,596,1131,3808,
61.32278988201951,94468,596,1130,3809,
61.33101167935898,94468,596,1129,3810,
61.331482177753,94468,595,1130,3810,
61.33385387564041,94468,594,1131,3810,
61.33480679237543,94467,595,1131,3810,
61.337080511722945,94467,594,1132,3810,
61.34093762954185,94467,594,1131,3811,
61.34553250180379,94466,595,1131,3811,
61.35045091220796,94466,595,1130,3812,
61.35198269099037,94465,596,1130,3812,
61.35836272176577,94465,595,1131,3812,
61.362138773603064,94464,596,1131,3812,
61.368328757493906,94464,596,1130,3813,
61.37002021649687,94463,597,1130,3813,
61.371462870529626,94463,596,1131,3813,
61.37647233622452,94463,595,1132,3813,
61.37809706413592,94463,595,1131,3814,
61.380423505513235,94463,595,1130,3815,
61.382554901142385,94462,596,1130,3815,
61.386419340675175,94462,596,1129,3816,
61.394903918203006,94461,597,1129,3816,
61.39542449161591,94461,597,1128,3817,
61.396136189301956,94461,597,1127,3818,
61.397848289880486,94461,597,1126,3819,
61.39865060721948,94461,596,1127,3819,
61.400401373160506,94461,595,1128,3819,
61.40365144516949,94461,594,1129,3819,
61.40609271440127,94461,593,1130,3819,
61.40778315328899,94461,593,1129,3820,
61.40794379240261,94461,593,1128,3821,
61.410687340919566,94461,592,1129,3821,
61.41199855417068,94461,591,1130,3821,
61.41842358126665,94461,590,1131,3821,
61.422370137023286,94460,591,1131,3821,
61.42998799356505,94460,591,1130,3822,
61.431389683928515,94459,592,1130,3822,
61.43207032075411,94459,592,1129,3823,
61.4330792041139,94459,592,1128,3824,
61.434105057435005,94458,593,1128,3824,
61.43982481543637,94458,593,1127,3825,
61.44013550542459,94458,592,1128,3825,
61.44575266129827,94457,593,1128,3825,
61.44665108444957,94456,594,1128,3825,
61.449920285765046,94456,594,1127,3826,
61.45373962111289,94455,595,1127,3826,
61.4559822244345,94455,594,1128,3826,
61.45836970600138,94455,594,1127,3827,
61.46160826938417,94455,593,1128,3827,
61.46386189087894,94455,592,1129,3827,
61.47468567372489,94455,591,1130,3827,
61.4784138004763,94455,591,1129,3828,
61.47988163169788,94454,592,1129,3828,
61.47994186435227,94454,592,1128,3829,
61.48270231628515,94454,591,1129,3829,
61.48485612316501,94454,591,1128,3830,
61.48597637866871,94454,591,1127,3831,
61.4970270496553,94454,590,1128,3831,
61.50302941111226,94454,590,1127,3832,
61.50643115043079,94454,590,1126,3833,
61.50711631062473,94454,590,1125,3834,
61.50843082817528,94454,590,1124,3835,
61.52248903786908,94453,591,1124,3835,
61.524292473089574,94453,591,1123,3836,
61.526857119567254,94453,591,1122,3837,
61.527864466942944,94453,591,1121,3838,
61.5283807010762,94453,591,1120,3839,
61.53163189516067,94452,592,1120,3839,
61.53888471128437,94451,593,1120,3839,
61.54102012428959,94451,593,1119,3840,
61.541302200403265,94450,594,1119,3840,
61.5453736553091,94449,595,1119,3840,
61.5499922001124,94449,595,1118,3841,
61.55487501555606,94449,594,1119,3841,
61.556043570641,94449,593,1120,3841,
61.5572538443445,94449,593,1119,3842,
61.55855746226443,94449,592,1120,3842,
61.567480767216345,94449,591,1121,3842,
61.5676001137989,94448,592,1121,3842,
61.568209192348306,94447,593,1121,3842,
61.568811984470386,94447,593,1120,3843,
61.5690654716731,94447,593,1119,3844,
61.570906019866484,94447,592,1120,3844,
61.5784441926682,94447,592,1119,3845,
61.57857532596361,94447,592,1118,3846,
61.59999152242865,94446,593,1118,3846,
61.60110970956018,94445,594,1118,3846,
61.60231218667815,94444,595,1118,3846,
61.604417026775764,94444,594,1119,3846,
61.60531401565233,94444,594,1118,3847,
61.607616280142366,94444,594,1117,3848,
61.61282197753598,94444,594,1116,3849,
61.61787606609417,94443,595,1116,3849,
61.62251724490086,94442,596,1116,3849,
61.62439699981449,94442,595,1117,3849,
61.62535478968792,94442,594,1118,3849,
61.63016969721822,94442,594,1117,3850,
61.636261196874955,94442,594,1116,3851,
61.650998515734116,94441,595,1116,3851,
61.65342424129474,94440,596,1116,3851,
61.66055181016729,94440,595,1117,3851,
61.66358363487779,94440,595,1116,3852,
61.66519662489877,94440,595,1115,3853,
61.6711556901425,94440,595,1114,3854,
61.67149769166788,94439,596,1114,3854,
61.67658319852312,94439,595,1115,3854,
61.67660717425305,94439,595,1114,3855,
61.67695470044983,94438,596,1114,3855,
61.676972238411935,94438,596,1113,3856,
61.68421432989856,94437,597,1113,3856,
61.68444266030457,94437,596,1114,3856,
61.68583342355884,94437,595,1115,3856,
61.69126186637123,94437,595,1114,3857,
61.695786320978016,94437,595,1113,3858,
61.70021607960651,94436,596,1113,3858,
61.703029450359885,94436,595,1114,3858,
61.70421369049654,94436,594,1115,3858,
61.7069279245231,94436,594,1114,3859,
61.707587238845285,94436,594,1113,3860,
61.708510713533,94436,594,1112,3861,
61.71141350213776,94435,595,1112,3861,
61.71146088382709,94435,594,1113,3861,
61.7140876131471,94435,593,1114,3861,
61.719712458121236,94434,594,1114,3861,
61.721848907387596,94434,594,1113,3862,
61.731316768957115,94434,593,1114,3862,
61.73426661173694,94434,592,1115,3862,
61.73683299404434,94433,593,1115,3862,
61.74337191854438,94432,594,1115,3862,
61.74650046075598,94432,593,1116,3862,
61.750711092312514,94432,592,1117,3862,
61.7508128386949,94432,591,1118,3862,
61.751473403044336,94432,591,1117,3863,
61.75164504999593,94432,591,1116,3864,
61.7548039505883,94432,590,1117,3864,
61.75564796448924,94431,591,1117,3864,
61.75649472002642,94430,592,1117,3864,
61.76225785362827,94429,593,1117,3864,
61.76272204948948,94429,592,1118,3864,
61.76315900700534,94429,592,1117,3865,
61.763266982276036,94429,592,1116,3866,
61.76344297944016,94429,592,1115,3867,
61.766012214072916,94428,593,1115,3867,
61.766592842480584,94428,592,1116,3867,
61.76673456730244,94428,591,1117,3867,
61.76745442861427,94428,591,1116,3868,
61.76811164148111,94427,592,1116,3868,
61.77195546386679,94427,592,1115,3869,
61.773891483438106,94427,591,1116,3869,
61.774488151938456,94426,592,1116,3869,
61.77471827606762,94425,593,1116,3869,
61.77738652043628,94425,593,1115,3870,
61.78345351704499,94425,593,1114,3871,
61.784987280775404,94424,594,1114,3871,
61.787693805731706,94424,594,1113,3872,
61.79088816391972,94424,593,1114,3872,
61.79219155761973,94423,594,1114,3872,
61.7922748047611,94422,595,1114,3872,
61.80101411485374,94422,595,1113,3873,
61.803964950519074,94422,595,1112,3874,
61.804792723987205,94421,596,1112,3874,
61.81028888903776,94420,597,1112,3874,
61.810938074055,94420,597,1111,3875,
61.81517023635944,94419,598,1111,3875,
61.81592683184347,94419,598,1110,3876,
61.821553472596904,94419,597,1111,3876,
61.82240625177968,94419,597,1110,3877,
61.82279374168753,94419,597,1109,3878,
61.824516749351105,94419,596,1110,3878,
61.82502499551321,94419,596,1109,3879,
61.82505871008142,94418,597,1109,3879,
61.828388227161554,94417,598,1109,3879,
61.82856421067419,94416,599,1109,3879,
61.83029076645086,94416,598,1110,3879,
61.83077906330537,94415,599,1110,3879,
61.83357674148884,94415,598,1111,3879,
61.83478592252749,94415,598,1110,3880,
61.83719885784357,94414,599,1110,3880,
61.83745613809306,94414,598,1111,3880,
61.837594936907145,94413,599,1111,3880,
61.839547587893364,94413,598,1112,3880,
61.84031658391026,94413,598,1111,3881,
61.840334625126204,94412,599,1111,3881,
61.84441467942136,94412,599,1110,3882,
61.84630231616883,94411,600,1110,3882,
61.84633857006891,94411,599,1111,3882,
61.8468371600086,94411,599,1110,3883,
61.85418422614819,94411,598,1111,3883,
61.856721308607604,94411,597,1112,3883,
61.85827211070175,94411,597,1111,3884,
61.85860605084541,94411,596,1112,3884,
61.85991695445447,94410,597,1112,3884,
61.860648041299584,94410,597,1111,3885,
61.86105390608765,94409,598,1111,3885,
61.86426324034487,94409,598,1110,3886,
61.864961265881604,94408,599,1110,3886,
61.86573447504243,94407,600,1110,3886,
61.86705985043088,94406,601,1110,3886,
61.869136629868976,94406,601,1109,3887,
61.869868287795406,94405,602,1109,3887,
61.874764509726454,94405,602,1108,3888,
61.87617213189489,94405,602,1107,3889,
61.88336866189893,94405,602,1106,3890,
61.88512711344401,94405,602,1105,3891,
61.88912043703328,94405,601,1106,3891,
61.89140381842259,94404,602,1106,3891,
61.89631468703432,94404,602,1105,3892,
61.90225212506047,94404,602,1104,3893,
61.903622807304856,94403,603,1104,3893,
61.905478342994414,94402,604,1104,3893,
61.90898022957224,94402,604,1103,3894,
61.9144135691877,94402,604,1102,3895,
61.91494487623045,94401,605,1102,3895,
61.91833798446953,94401,604,1103,3895,
61.920753276974345,94401,604,1102,3896,
61.92087495410378,94401,603,1103,3896,
61.92255172453018,94401,602,1104,3896,
61.92433620217389,94401,602,1103,3897,
61.925147061100496,94401,602,1102,3898,
61.92949747424588,94400,603,1102,3898,
61.93292259791929,94400,603,1101,3899,
61.93382435125607,94399,604,1101,3899,
61.934137971059556,94399,603,1102,3899,
61.93517013375488,94399,602,1103,3899,
61.93665171778009,94398,603,1103,3899,
61.941009978806036,94398,603,1102,3900,
61.944396029637915,94397,604,1102,3900,
61.944822098265185,94397,604,1101,3901,
61.94658102629004,94396,605,1101,3901,
61.947702290044205,94396,604,1102,3901,
61.94834234200779,94396,603,1103,3901,
61.95267314016091,94396,603,1102,3902,
61.95279219677077,94395,604,1102,3902,
61.955770535727325,94395,603,1103,3902,
61.95719168126421,94395,602,1104,3902,
61.961165008763615,94395,601,1105,3902,
61.962197192587645,94395,601,1104,3903,
61.96351206532221,94395,601,1103,3904,
61.96675797846278,94394,602,1103,3904,
61.97318042154697,94393,603,1103,3904,
61.97893426128766,94393,602,1104,3904,
61.98051965304484,94392,603,1104,3904,
61.981627310813565,94392,602,1105,3904,
61.987285583525235,94391,603,1105,3904,
61.988536192935015,94390,604,1105,3904,
61.9915116594598,94390,604,1104,3905,
61.99707504966879,94390,604,1103,3906,
61.99727405644636,94389,605,1103,3906,
61.9973225110064,94389,605,1102,3907,
62.004746573121025,94389,605,1101,3908,
62.010209052766605,94389,605,1100,3909,
62.01193368271496,94388,606,1100,3909,
62.01209242571635,94387,607,1100,3909,
62.01964797593139,94386,608,1100,3909,
62.02117182122919,94386,608,1099,3910,
62.029129650449164,94386,608,1098,3911,
62.03707716746966,94385,609,1098,3911,
62.038886060947625,94385,608,1099,3911,
62.040898437702836,94385,607,1100,3911,
62.04139153798546,94385,607,1099,3912,
62.04324553726127,94384,608,1099,3912,
62.05974009108806,94384,608,1098,3913,
62.06373549901667,94384,607,1099,3913,
62.065575307018264,94384,607,1098,3914,
62.06745533471901,94384,607,1097,3915,
62.06756253718264,94384,606,1098,3915,
62.07285381565552,94384,605,1099,3915,
62.07574386667221,94384,604,1100,3915,
62.07767464512128,94384,603,1101,3915,
62.07958458111033,94384,602,1102,3915,
62.0805459163287,94383,603,1102,3915,
62.08256333223284,94383,602,1103,3915,
62.086446631908984,94383,602,1102,3916,
62.09069056850869,94383,602,1101,3917,
62.09358132740147,94383,601,1102,3917,
62.095739051548094,94383,600,1103,3917,
62.098178265113745,94383,600,1102,3918,
62.10090532645181,94382,601,1102,3918,
62.101370543931125,94381,602,1102,3918,
62.10210163515103,94381,601,1103,3918,
62.104483304043825,94381,600,1104,3918,
62.107120077829315,94381,599,1105,3918,
62.108409069249774,94381,599,1104,3919,
62.10973201094705,94381,599,1103,3920,
62.11046651056395,94381,598,1104,3920,
62.11186753035581,94380,599,1104,3920,
62.111941319231036,94380,599,1103,3921,
62.1122507789726,94380,598,1104,3921,
62.11344138119059,94379,599,1104,3921,
62.11405919800525,94378,600,1104,3921,
62.11732717770573,94378,599,1105,3921,
62.124854565438625,94378,599,1104,3922,
62.12600209582337,94378,598,1105,3922,
62.126914009080025,94378,598,1104,3923,
62.13182775202311,94378,598,1103,3924,
62.13726648020403,94377,599,1103,3924,
62.13727971358085,94377,598,1104,3924,
62.1386817098782,94377,597,1105,3924,
62.138893122928344,94377,596,1106,3924,
62.14015747513422,94377,595,1107,3924,
62.14488086402224,94377,594,1108,3924,
62.14912224658115,94377,594,1107,3925,
62.14989085867724,94377,594,1106,3926,
62.15619898609219,94377,593,1107,3926,
62.15712437898009,94377,592,1108,3926,
62.16048072129752,94377,592,1107,3927,
62.163958869880915,94377,592,1106,3928,
62.166811354846736,94377,592,1105,3929,
62.17297357388689,94376,593,1105,3929,
62.177481171112305,94376,593,1104,3930,
62.19473250545007,94375,594,1104,3930,
62.198631487969884,94375,594,1103,3931,
62.203401138753804,94375,594,1102,3932,
62.204199666657516,94375,594,1101,3933,
62.20786943450691,94375,593,1102,3933,
62.210569045842746,94374,594,1102,3933,
62.21620891585244,94374,593,1103,3933,
62.21694507883032,94374,592,1104,3933,
62.21839814752157,94374,592,1103,3934,
62.22201988871592,94374,592,1102,3935,
62.22526995075076,94374,591,1103,3935,
62.22704576194407,94374,590,1104,3935,
62.239814248531516,94374,589,1105,3935,
62.240475119463085,94374,589,1104,3936,
62.24708903393071,94373,590,1104,3936,
62.2483244616805,94372,591,1104,3936,
62.2487069580063,94372,591,1103,3937,
62.251903178226456,94372,591,1102,3938,
62.254733841577554,94372,591,1101,3939,
62.255937266759375,94372,591,1100,3940,
62.25923698186564,94372,591,1099,3941,
62.26151623674257,94372,590,1100,3941,
62.263156932865485,94372,589,1101,3941,
62.26354322161033,94372,588,1102,3941,
62.26541611294397,94371,589,1102,3941,
62.26990510441646,94371,588,1103,3941,
62.275859876640794,94371,588,1102,3942,
62.277104469139566,94371,588,1101,3943,
62.27766641425096,94371,587,1102,3943,
62.28155071450395,94371,586,1103,3943,
62.285090651372684,94370,587,1103,3943,
62.28968621399288,94370,587,1102,3944,
62.29131694956098,94369,588,1102,3944,
62.29407196943872,94368,589,1102,3944,
62.297161337459016,94367,590,1102,3944,
62.29785019747077,94367,589,1103,3944,
62.3065690431,94366,590,1103,3944,
62.30712231669402,94366,590,1102,3945,
62.30896089576687,94366,589,1103,3945,
62.31190438657124,94366,589,1102,3946,
62.32318507662332,94366,589,1101,3947,
62.32563889656282,94366,589,1100,3948,
62.33522932885234,94366,588,1101,3948,
62.33808400446815,94366,588,1100,3949,
62.3454612916121,94366,588,1099,3950,
62.345863259579176,94365,589,1099,3950,
62.34729339149263,94364,590,1099,3950,
62.35154341967272,94363,591,1099,3950,
62.351564212941135,94362,592,1099,3950,
62.35451595565449,94361,593,1099,3950,
62.35532340746141,94361,592,1100,3950,
62.357035610275915,94360,593,1100,3950,
62.36083046897001,94360,593,1099,3951,
62.36161790914039,94360,593,1098,3952,
62.362457483644604,94360,592,1099,3952,
62.36474470149453,94360,591,1100,3952,
62.370029753294546,94359,592,1100,3952,
62.372492669077126,94359,592,1099,3953,
62.373469829393414,94358,593,1099,3953,
62.37509258727563,94358,593,1098,3954,
62.37655680202856,94358,593,1097,3955,
62.3831191796382,94358,593,1096,3956,
62.384270765857295,94358,593,1095,3957,
62.38621966094236,94357,594,1095,3957,
62.38702437285059,94357,593,1096,3957,
62.39188009896643,94357,592,1097,3957,
62.393956049532704,94357,592,1096,3958,
62.39626389818771,94356,593,1096,3958,
62.39756229350239,94356,592,1097,3958,
62.398975609632245,94356,591,1098,3958,
62.40021244118219,94356,590,1099,3958,
62.401694517085865,94355,591,1099,3958,
62.40396406760449,94355,590,1100,3958,
62.40609977504459,94354,591,1100,3958,
62.40786448942558,94354,590,1101,3958,
62.41339440688532,94354,590,1100,3959,
62.41598531885095,94354,589,1101,3959,
62.42635951343236,94354,588,1102,3959,
62.431761407393864,94353,589,1102,3959,
62.433893725229936,94353,588,1103,3959,
62.43481487568868,94352,589,1103,3959,
62.43631063589277,94352,588,1104,3959,
62.440516130622186,94351,589,1104,3959,
62.4406918632995,94351,588,1105,3959,
62.444003079242286,94350,589,1105,3959,
62.44405289815384,94349,590,1105,3959,
62.44573017515837,94349,590,1104,3960,
62.44694435926252,94348,591,1104,3960,
62.451267443361886,94348,591,1103,3961,
62.452127987623484,94347,592,1103,3961,
62.45990054376628,94346,593,1103,3961,
62.46063517279722,94345,594,1103,3961,
62.46210966298744,94345,594,1102,3962,
62.462433260710924,94344,595,1102,3962,
62.46365088020125,94343,596,1102,3962,
62.46430043319278,94343,596,1101,3963,
62.46647197476962,94343,596,1100,3964,
62.46905849243461,94343,595,1101,3964,
62.472773540318045,94343,595,1100,3965,
62.473868417583596,94343,594,1101,3965,
62.47563638808789,94343,594,1100,3966,
62.475967333868695,94343,594,1099,3967,
62.477268300349486,94343,594,1098,3968,
62.47746916254363,94342,595,1098,3968,
62.48818046816854,94342,595,1097,3969,
62.494532729788666,94342,595,1096,3970,
62.4959554494649,94342,595,1095,3971,
62.49768927164703,94342,594,1096,3971,
62.49769427783069,94342,594,1095,3972,
62.49892877191941,94342,594,1094,3973,
62.50501782857679,94342,593,1095,3973,
62.505776605396306,94342,593,1094,3974,
62.50683295943819,94342,592,1095,3974,
62.50717832646632,94342,591,1096,3974,
62.5106410677002,94341,592,1096,3974,
62.51349522376408,94340,593,1096,3974,
62.516059973029655,94340,592,1097,3974,
62.51815909521574,94340,592,1096,3975,
62.518188022716956,94339,593,1096,3975,
62.519043582593625,94338,594,1096,3975,
62.521510255582015,94338,593,1097,3975,
62.524025072803866,94338,593,1096,3976,
62.5294117369088,94338,592,1097,3976,
62.529556612532005,94337,593,1097,3976,
62.533029981958606,94337,592,1098,3976,
62.53559770865252,94336,593,1098,3976,
62.54273245793181,94335,594,1098,3976,
62.548084145793126,94335,593,1099,3976,
62.54991291280773,94335,593,1098,3977,
62.550869973319536,94334,594,1098,3977,
62.55191260020368,94333,595,1098,3977,
62.55243047886273,94333,594,1099,3977,
62.55898549846164,94333,594,1098,3978,
62.561060930585356,94333,593,1099,3978,
62.563158841919424,94333,592,1100,3978,
62.564559870452086,94333,592,1099,3979,
62.565249492287336,94333,591,1100,3979,
62.566169976186245,94333,591,1099,3980,
62.566833715134294,94333,591,1098,3981,
62.57795611768543,94333,590,1099,3981,
62.578703576932995,94333,590,1098,3982,
62.58008983383597,94333,589,1099,3982,
62.58240779058544,94333,589,1098,3983,
62.59185604208821,94333,589,1097,3984,
62.59341978253771,94333,588,1098,3984,
62.59382660437362,94333,587,1099,3984,
62.5950799082718,94333,587,1098,3985,
62.59652229755752,94333,586,1099,3985,
62.599387896582826,94333,586,1098,3986,
62.60538056194304,94332,587,1098,3986,
62.60551311859958,94332,586,1099,3986,
62.606614311556434,94332,586,1098,3987,
62.612895299638225,94332,585,1099,3987,
62.614982554284346,94331,586,1099,3987,
62.615028250770365,94330,587,1099,3987,
62.61604312727749,94329,588,1099,3987,
62.6208110634057,94328,589,1099,3987,
62.62210453967771,94328,588,1100,3987,
62.62213685370088,94327,589,1100,3987,
62.62508121014508,94327,588,1101,3987,
62.62964909266044,94327,588,1100,3988,
62.63298880311064,94326,589,1100,3988,
62.638406672880066,94326,588,1101,3988,
62.64544139597835,94325,589,1101,3988,
62.65613033611244,94325,588,1102,3988,
62.656500617842184,94324,589,1102,3988,
62.657934829133715,94323,590,1102,3988,
62.660778436913255,94323,590,1101,3989,
62.667359252791016,94323,590,1100,3990,
62.66962086557321,94323,589,1101,3990,
62.67096243801702,94323,588,1102,3990,
62.67136675771556,94322,589,1102,3990,
62.672319433943755,94322,588,1103,3990,
62.67353553973315,94321,589,1103,3990,
62.675801757380725,94321,588,1104,3990,
62.676396691978276,94321,588,1103,3991,
62.68137206252352,94321,587,1104,3991,
62.682100571258665,94321,586,1105,3991,
62.683655775066754,94320,587,1105,3991,
62.68518867158766,94319,588,1105,3991,
62.68948112793866,94319,588,1104,3992,
62.69366647196438,94319,587,1105,3992,
62.698964009768616,94319,586,1106,3992,
62.70035177040826,94319,585,1107,3992,
62.70290026092692,94318,586,1107,3992,
62.70440142465723,94318,586,1106,3993,
62.71137613112204,94318,585,1107,3993,
62.71177116896257,94318,584,1108,3993,
62.71611926903818,94318,584,1107,3994,
62.71676736639225,94318,583,1108,3994,
62.71814546313898,94317,584,1108,3994,
62.719134475595396,94317,584,1107,3995,
62.71979232745947,94316,585,1107,3995,
62.72540877650836,94316,585,1106,3996,
62.72683056691734,94316,585,1105,3997,
62.727005889095224,94316,585,1104,3998,
62.730241209325584,94316,584,1105,3998,
62.73676141849222,94316,583,1106,3998,
62.73679074312404,94316,582,1107,3998,
62.74166641302004,94315,583,1107,3998,
62.743236906536865,94315,583,1106,3999,
62.74551116856398,94315,583,1105,4000,
62.747832208808674,94315,582,1106,4000,
62.74883158891045,94315,581,1107,4000,
62.74887245789344,94315,580,1108,4000,
62.74905341018276,94315,580,1107,4001,
62.76228320529069,94315,579,1108,4001,
62.76295711311218,94315,579,1107,4002,
62.765290454173794,94314,580,1107,4002,
62.76529647773332,94314,580,1106,4003,
62.770306837108045,94314,579,1107,4003,
62.77388358198225,94314,579,1106,4004,
62.777962957472646,94314,579,1105,4005,
62.78340117775929,94313,580,1105,4005,
62.78876949804687,94313,580,1104,4006,
62.79174146394496,94313,580,1103,4007,
62.7938650025404,94313,580,1102,4008,
62.80292609029521,94313,580,1101,4009,
62.8090514305093,94313,580,1100,4010,
62.81091345851274,94313,579,1101,4010,
62.81213426562201,94312,580,1101,4010,
62.81289133185956,94312,580,1100,4011,
62.81338110618519,94312,579,1101,4011,
62.81498389662849,94312,578,1102,4011,
62.817659165341496,94311,579,1102,4011,
62.81800050053287,94311,579,1101,4012,
62.82390388813482,94311,579,1100,4013,
62.82491923815739,94311,579,1099,4014,
62.82519603991034,94311,579,1098,4015,
62.8260645061726,94311,579,1097,4016,
62.82717800941835,94310,580,1097,4016,
62.82829819268282,94310,580,1096,4017,
62.832812787818675,94310,580,1095,4018,
62.834997141780896,94310,579,1096,4018,
62.84092140344046,94310,578,1097,4018,
62.842314545110646,94310,578,1096,4019,
62.843503179801644,94310,577,1097,4019,
62.84387909456712,94310,576,1098,4019,
62.84434075993585,94310,576,1097,4020,
62.846920946716295,94310,576,1096,4021,
62.84741379825867,94310,575,1097,4021,
62.848041836859885,94309,576,1097,4021,
62.8492033798449,94309,575,1098,4021,
62.85328142653752,94309,574,1099,4021,
62.85414779362654,94309,573,1100,4021,
62.85654759053334,94309,572,1101,4021,
62.857129611866895,94308,573,1101,4021,
62.85867366100898,94308,572,1102,4021,
62.85999831731385,94308,572,1101,4022,
62.861676662285376,94307,573,1101,4022,
62.86854447259756,94307,572,1102,4022,
62.87009159191129,94307,572,1101,4023,
62.870644161273354,94307,572,1100,4024,
62.87128211687079,94307,571,1101,4024,
62.87216482193435,94306,572,1101,4024,
62.87782209976975,94306,572,1100,4025,
62.880635545646705,94305,573,1100,4025,
62.88808782178694,94304,574,1100,4025,
62.889271294645134,94304,573,1101,4025,
62.89757410516893,94304,573,1100,4026,
62.89921102108159,94304,572,1101,4026,
62.90185835288375,94304,572,1100,4027,
62.90517892798871,94304,571,1101,4027,
62.90603783915677,94304,571,1100,4028,
62.911784420003,94304,570,1101,4028,
62.92024611194569,94304,570,1100,4029,
62.92427123712416,94304,570,1099,4030,
62.92608990153015,94304,569,1100,4030,
62.92667429997698,94303,570,1100,4030,
62.939102163034846,94302,571,1100,4030,
62.9426400020059,94302,570,1101,4030,
62.94571589205587,94302,570,1100,4031,
62.94948362987516,94301,571,1100,4031,
62.949615463045376,94300,572,1100,4031,
62.949639627616875,94299,573,1100,4031,
62.95277677247019,94299,572,1101,4031,
62.95716137258929,94299,572,1100,4032,
62.959864697404036,94298,573,1100,4032,
62.96210300681226,94298,572,1101,4032,
62.967420926569815,94298,572,1100,4033,
62.96811765085737,94298,572,1099,4034,
62.969375635222974,94298,572,1098,4035,
62.9699918667375,94298,572,1097,4036,
62.97282777357351,94298,571,1098,4036,
62.97563225855567,94297,572,1098,4036,
62.981930414056734,94297,571,1099,4036,
62.984390970284124,94297,570,1100,4036,
62.988189653302356,94297,570,1099,4037,
62.989918640452835,94297,570,1098,4038,
62.99421879256979,94297,569,1099,4038,
62.996529737434194,94296,570,1099,4038,
62.99739462965177,94296,570,1098,4039,
63.004565413382025,94296,569,1099,4039,
63.0079355202062,94296,569,1098,4040,
63.009241248237814,94295,570,1098,4040,
63.01760062960068,94294,571,1098,4040,
63.02326619431204,94294,571,1097,4041,
63.0259212972325,94294,570,1098,4041,
63.0267509810146,94293,571,1098,4041,
63.0286933836955,94293,570,1099,4041,
63.0356914436649,94293,569,1100,4041,
63.0385589168139,94292,570,1100,4041,
63.043151450908425,94291,571,1100,4041,
63.04340978343033,94291,570,1101,4041,
63.044601018686706,94291,570,1100,4042,
63.046991086398194,94291,569,1101,4042,
63.0507723431452,94291,568,1102,4042,
63.054209935544165,94291,568,1101,4043,
63.0604121842544,94291,568,1100,4044,
63.0648618877224,94291,568,1099,4045,
63.06800638725877,94291,567,1100,4045,
63.06993302842,94291,567,1099,4046,
63.07110202601832,94291,567,1098,4047,
63.07298819235462,94291,567,1097,4048,
63.073599671216215,94291,566,1098,4048,
63.07833625457341,94291,566,1097,4049,
63.08961357894535,94291,565,1098,4049,
63.09351352611216,94290,566,1098,4049,
63.09621442184877,94290,565,1099,4049,
63.09919702463509,94290,565,1098,4050,
63.1035996841762,94290,564,1099,4050,
63.12038384157821,94290,563,1100,4050,
63.12337012896371,94290,563,1099,4051,
63.13133055549454,94290,563,1098,4052,
63.13166004784481,94289,564,1098,4052,
63.1322719146044,94288,565,1098,4052,
63.1334668415809,94287,566,1098,4052,
63.13442206600204,94287,565,1099,4052,
63.1345694512209,94287,565,1098,4053,
63.1367356086803,94287,565,1097,4054,
63.13756355923813,94287,565,1096,4055,
63.142581342797556,94287,565,1095,4056,
63.14291938958664,94287,564,1096,4056,
63.14311112460226,94287,564,1095,4057,
63.147793199960574,94287,564,1094,4058,
63.15183795926463,94286,565,1094,4058,
63.15203104435018,94286,565,1093,4059,
63.152062783902316,94286,564,1094,4059,
63.15446458720743,94286,564,1093,4060,
63.16103533438246,94286,564,1092,4061,
63.16153171481531,94286,564,1091,4062,
63.16312764075343,94285,565,1091,4062,
63.16320884737175,94284,566,1091,4062,
63.16920259730797,94284,566,1090,4063,
63.17512507601853,94284,566,1089,4064,
63.17899679741496,94284,565,1090,4064,
63.18154504786821,94283,566,1090,4064,
63.184267431922734,94283,565,1091,4064,
63.184782013439374,94283,565,1090,4065,
63.18584153513423,94283,565,1089,4066,
63.190283810671566,94283,565,1088,4067,
63.19078175929887,94283,565,1087,4068,
63.19297356333735,94283,564,1088,4068,
63.19401848741162,94283,564,1087,4069,
63.19577739953753,94283,564,1086,4070,
63.19656310980976,94283,564,1085,4071,
63.19844848646419,94283,564,1084,4072,
63.20109729761252,94283,564,1083,4073,
63.201432050591904,94283,563,1084,4073,
63.2038861490575,94283,563,1083,4074,
63.204924318599325,94282,564,1083,4074,
63.20505451663877,94282,563,1084,4074,
63.21247743691487,94281,564,1084,4074,
63.216946559828244,94281,564,1083,4075,
63.22019451170013,94281,563,1084,4075,
63.22021289655886,94281,563,1083,4076,
63.22179074622936,94280,564,1083,4076,
63.22388081945461,94279,565,1083,4076,
63.229487099489646,94279,564,1084,4076,
63.22952420333784,94279,563,1085,4076,
63.229541661013194,94279,562,1086,4076,
63.23103748256722,94279,562,1085,4077,
63.232146692931586,94279,561,1086,4077,
63.235090935498874,94279,561,1085,4078,
63.24135804731931,94279,560,1086,4078,
63.2451968849777,94279,560,1085,4079,
63.25164557686142,94279,560,1084,4080,
63.252117262533815,94278,561,1084,4080,
63.252870618189945,94278,561,1083,4081,
63.25402420343985,94277,562,1083,4081,
63.26068513126224,94277,562,1082,4082,
63.26252609126141,94277,562,1081,4083,
63.27442247810825,94276,563,1081,4083,
63.27478300811373,94276,563,1080,4084,
63.27589323758197,94276,563,1079,4085,
63.278319522243685,94276,563,1078,4086,
63.2830956774653,94276,562,1079,4086,
63.28338905713147,94276,561,1080,4086,
63.285311760100356,94276,560,1081,4086,
63.28686783205507,94276,560,1080,4087,
63.287968338334025,94276,559,1081,4087,
63.29446008054093,94276,559,1080,4088,
63.295831030476286,94275,560,1080,4088,
63.296173318901815,94275,559,1081,4088,
63.296800152526345,94275,559,1080,4089,
63.3007051114008,94274,560,1080,4089,
63.302098132857324,94274,560,1079,4090,
63.30849506271244,94274,559,1080,4090,
63.31027580896293,94274,558,1081,4090,
63.315171136414946,94274,558,1080,4091,
63.31662784493095,94274,557,1081,4091,
63.31723420436181,94274,557,1080,4092,
63.31963080590684,94274,556,1081,4092,
63.3209958667205,94274,555,1082,4092,
63.321822962118844,94273,556,1082,4092,
63.324863084605354,94273,556,1081,4093,
63.33277775471536,94273,555,1082,4093,
63.33544219325323,94272,556,1082,4093,
63.33800643068054,94272,556,1081,4094,
63.33918924324408,94272,556,1080,4095,
63.33996696419294,94271,557,1080,4095,
63.339986408409644,94271,557,1079,4096,
63.34070790084314,94271,557,1078,4097,
63.34718962554179,94271,556,1079,4097,
63.35009115263004,94270,557,1079,4097,
63.35497167847269,94269,558,1079,4097,
63.35498731702661,94268,559,1079,4097,
63.35541022858091,94268,558,1080,4097,
63.35846200631279,94267,559,1080,4097,
63.36222723927101,94267,558,1081,4097,
63.36427322251,94267,558,1080,4098,
63.3686191358471,94267,557,1081,4098,
63.37006103130355,94267,557,1080,4099,
63.37286076132118,94267,556,1081,4099,
63.380916903236184,94266,557,1081,4099,
63.38366510284604,94266,557,1080,4100,
63.38504964804171,94265,558,1080,4100,
63.389576762283326,94265,558,1079,4101,
63.39023883773367,94265,558,1078,4102,
63.39156364907914,94265,557,1079,4102,
63.39277455870342,94264,558,1079,4102,
63.39395958850251,94264,558,1078,4103,
63.396428954155326,94264,558,1077,4104,
63.39991544400017,94264,558,1076,4105,
63.402838524373124,94264,557,1077,4105,
63.40719924493059,94264,557,1076,4106,
63.4122429876647,94263,558,1076,4106,
63.41304763142878,94263,558,1075,4107,
63.42130041127953,94263,558,1074,4108,
63.42210794211128,94262,559,1074,4108,
63.42293921254071,94261,560,1074,4108,
63.42693956481385,94261,559,1075,4108,
63.432783498643474,94260,560,1075,4108,
63.43746491680223,94259,561,1075,4108,
63.43779825448361,94258,562,1075,4108,
63.440586863315836,94258,562,1074,4109,
63.440992609582906,94258,561,1075,4109,
63.446212497839355,94257,562,1075,4109,
63.44644740062446,94256,563,1075,4109,
63.44763840249351,94255,564,1075,4109,
63.44843757486643,94255,563,1076,4109,
63.448945066668,94255,562,1077,4109,
63.44996698448436,94254,563,1077,4109,
63.45018501252553,94254,562,1078,4109,
63.45234868558536,94253,563,1078,4109,
63.45307490363142,94252,564,1078,4109,
63.45464757038173,94251,565,1078,4109,
63.45921432526836,94251,565,1077,4110,
63.46043942668453,94251,565,1076,4111,
63.46083885455058,94251,564,1077,4111,
63.46682163243742,94251,563,1078,4111,
63.46695831742814,94250,564,1078,4111,
63.46779972653344,94250,563,1079,4111,
63.47175009974487,94249,564,1079,4111,
63.47465226254646,94249,563,1080,4111,
63.474849017626994,94248,564,1080,4111,
63.4778172459492,94248,563,1081,4111,
63.4778684325446,94247,564,1081,4111,
63.478112132909075,94247,563,1082,4111,
63.481297358468005,94247,562,1083,4111,
63.48294338198706,94247,562,1082,4112,
63.483875338003,94247,561,1083,4112,
63.48985507680737,94246,562,1083,4112,
63.492099064330574,94246,561,1084,4112,
63.49443117330987,94246,561,1083,4113,
63.49625382379413,94246,561,1082,4114,
63.499024358525716,94246,561,1081,4115,
63.506264669821974,94245,562,1081,4115,
63.50659090615054,94245,562,1080,4116,
63.51953179192064,94245,561,1081,4116,
63.526538469858394,94245,560,1082,4116,
63.527372211440166,94245,560,1081,4117,
63.534770746292104,94245,559,1082,4117,
63.53997717054158,94245,558,1083,4117,
63.54088225432628,94244,559,1083,4117,
63.54226417821906,94244,559,1082,4118,
63.54595864037344,94243,560,1082,4118,
63.552523990173015,94242,561,1082,4118,
63.55306088336531,94242,561,1081,4119,
63.554881368291746,94242,561,1080,4120,
63.557589579973026,94242,560,1081,4120,
63.57193748154345,94242,560,1080,4121,
63.57438146170145,94242,560,1079,4122,
63.581188234440845,94242,559,1080,4122,
63.58393792658315,94242,558,1081,4122,
63.59084977778381,94242,557,1082,4122,
63.591998643240295,94241,558,1082,4122,
63.59201211462178,94241,558,1081,4123,
63.593208808348635,94241,557,1082,4123,
63.5942884576484,94240,558,1082,4123,
63.59600771581504,94240,558,1081,4124,
63.60115518603834,94240,558,1080,4125,
63.60200281955133,94240,558,1079,4126,
63.60791929140899,94240,557,1080,4126,
63.608471911771765,94240,556,1081,4126,
63.61035219055675,94239,557,1081,4126,
63.61256777155427,94239,556,1082,4126,
63.615693386481595,94239,556,1081,4127,
63.61785687930652,94239,556,1080,4128,
63.6216790115851,94238,557,1080,4128,
63.62304439269705,94238,557,1079,4129,
63.62633065458685,94238,556,1080,4129,
63.62659462430858,94237,557,1080,4129,
63.62778578018411,94237,556,1081,4129,
63.630257836016696,94237,556,1080,4130,
63.631905069982864,94236,557,1080,4130,
63.63296381071011,94236,556,1081,4130,
63.63589843092152,94236,556,1080,4131,
63.63840090463961,94235,557,1080,4131,
63.64896302871433,94234,558,1080,4131,
63.64976348925811,94234,557,1081,4131,
63.65101852481175,94234,557,1080,4132,
63.65492672192685,94234,556,1081,4132,
63.65755573990876,94234,556,1080,4133,
63.65761697518199,94234,556,1079,4134,
63.66865899722764,94233,557,1079,4134,
63.67190640589999,94233,557,1078,4135,
63.67283753946149,94233,557,1077,4136,
63.67391892816009,94232,558,1077,4136,
63.67624472649026,94232,557,1078,4136,
63.67925557873218,94232,556,1079,4136,
63.68056616477796,94232,556,1078,4137,
63.68207932460534,94231,557,1078,4137,
63.68666975907085,94231,557,1077,4138,
63.688622593088084,94230,558,1077,4138,
63.68939755734408,94230,557,1078,4138,
63.692860637793466,94230,557,1077,4139,
63.693976012251774,94229,558,1077,4139,
63.6963201431776,94229,558,1076,4140,
63.69702733498167,94228,559,1076,4140,
63.70218886768636,94228,558,1077,4140,
63.70234321369933,94227,559,1077,4140,
63.7024927242759,94226,560,1077,4140,
63.70397907005423,94226,560,1076,4141,
63.705206389670195,94226,560,1075,4142,
63.707672552091154,94226,559,1076,4142,
63.70875603982484,94226,558,1077,4142,
63.70908549866387,94226,558,1076,4143,
63.71721370485944,94226,557,1077,4143,
63.718546053761536,94225,558,1077,4143,
63.72238352455848,94225,558,1076,4144,
63.72474918703956,94225,558,1075,4145,
63.725871515556996,94225,558,1074,4146,
63.728255399748384,94225,558,1073,4147,
63.72889942313242,94224,559,1073,4147,
63.731726089715806,94224,558,1074,4147,
63.734685275275666,94224,558,1073,4148,
63.737263459516626,94224,558,1072,4149,
63.737824353300645,94223,559,1072,4149,
63.74040330552024,94223,559,1071,4150,
63.74067083951288,94223,559,1070,4151,
63.74847039142031,94222,560,1070,4151,
63.75097144761397,94221,561,1070,4151,
63.761825597974706,94221,560,1071,4151,
63.765105768422714,94221,560,1070,4152,
63.7666039220866,94220,561,1070,4152,
63.768211859448805,94219,562,1070,4152,
63.77063778400241,94219,561,1071,4152,
63.77090600672085,94218,562,1071,4152,
63.77541616131322,94217,563,1071,4152,
63.77853450359582,94217,563,1070,4153,
63.78331479452447,94217,563,1069,4154,
63.78979761545451,94217,563,1068,4155,
63.79004227224463,94217,562,1069,4155,
63.79179663992129,94216,563,1069,4155,
63.79284857952983,94216,562,1070,4155,
63.793866851984376,94216,562,1069,4156,
63.79572290246149,94216,561,1070,4156,
63.7978455529242,94216,560,1071,4156,
63.80387609357068,94215,561,1071,4156,
63.808677893874176,94215,561,1070,4157,
63.82553607367299,94215,560,1071,4157,
63.82598847261778,94215,559,1072,4157,
63.832617817240646,94215,558,1073,4157,
63.83286691378342,94214,559,1073,4157,
63.83477305654071,94214,559,1072,4158,
63.83853962350902,94213,560,1072,4158,
63.841445796198016,94213,560,1071,4159,
63.84364480659281,94213,559,1072,4159,
63.845843459986774,94212,560,1072,4159,
63.84811926857734,94211,561,1072,4159,
63.849258674757735,94211,560,1073,4159,
63.85022403936859,94211,559,1074,4159,
63.852924277754525,94210,560,1074,4159,
63.85296901822246,94210,560,1073,4160,
63.85546691351203,94210,560,1072,4161,
63.85664924197768,94210,560,1071,4162,
63.85699823884214,94210,560,1070,4163,
63.85723028048259,94210,559,1071,4163,
63.859337748328755,94210,558,1072,4163,
63.86224919957869,94210,557,1073,4163,
63.86545609734702,94210,557,1072,4164,
63.87015140984918,94210,557,1071,4165,
63.87362577015916,94210,557,1070,4166,
63.87637277732246,94210,556,1071,4166,
63.877697540133994,94210,556,1070,4167,
63.879963101933924,94209,557,1070,4167,
63.881849414311304,94209,556,1071,4167,
63.8830232568143,94209,556,1070,4168,
63.88526628585095,94209,555,1071,4168,
63.89108289745252,94209,555,1070,4169,
63.893270127732144,94209,554,1071,4169,
63.89828910373719,94208,555,1071,4169,
63.89868075484589,94207,556,1071,4169,
63.89874471697371,94206,557,1071,4169,
63.899956464318734,94205,558,1071,4169,
63.90590356004287,94204,559,1071,4169,
63.90719121172677,94204,559,1070,4170,
63.911283863309706,94203,560,1070,4170,
63.917773098894045,94203,559,1071,4170,
63.92057237774813,94202,560,1071,4170,
63.921564883547006,94202,559,1072,4170,
63.93290985124941,94202,559,1071,4171,
63.933667137109396,94202,558,1072,4171,
63.94252475864761,94201,559,1072,4171,
63.94954711268178,94200,560,1072,4171,
63.95328886298573,94200,559,1073,4171,
63.95937501009163,94199,560,1073,4171,
63.96003379994802,94199,559,1074,4171,
63.969325204959226,94199,559,1073,4172,
63.97300293519934,94199,559,1072,4173,
63.97499640513716,94199,559,1071,4174,
63.980796931201645,94199,559,1070,4175,
63.98813517492137,94199,559,1069,4176,
63.98929212027841,94199,558,1070,4176,
63.98964106170604,94199,557,1071,4176,
63.99626118839193,94198,558,1071,4176,
64.00612416792148,94198,558,1070,4177,
64.00945354031106,94197,559,1070,4177,
64.01280413686258,94197,559,1069,4178,
64.01323799760084,94197,559,1068,4179,
64.01356144616946,94197,559,1067,4180,
64.01849952275553,94197,559,1066,4181,
64.02146545324985,94197,559,1065,4182,
64.0225166983023,94197,559,1064,4183,
64.02411897150019,94197,559,1063,4184,
64.02905714028093,94197,558,1064,4184,
64.03527889079021,94196,559,1064,4184,
64.0386612461321,94196,558,1065,4184,
64.0509067500594,94195,559,1065,4184,
64.06034591153133,94194,560,1065,4184,
64.06125238476517,94193,561,1065,4184,
64.06776562017755,94193,561,1064,4185,
64.06821540429675,94193,561,1063,4186,
64.07034002413047,94193,561,1062,4187,
64.07254991056385,94193,561,1061,4188,
64.07257049020825,94192,562,1061,4188,
64.07346374355902,94192,562,1060,4189,
64.07478896534022,94192,561,1061,4189,
64.07481678975479,94192,560,1062,4189,
64.07737710488377,94191,561,1062,4189,
64.08135726257345,94191,561,1061,4190,
64.0907257386716,94191,560,1062,4190,
64.0925291055218,94190,561,1062,4190,
64.09526775669411,94190,560,1063,4190,
64.09904396447465,94189,561,1063,4190,
64.10361359720025,94189,561,1062,4191,
64.10626149561078,94189,561,1061,4192,
64.10761529555487,94189,560,1062,4192,
64.10864229337038,94189,559,1063,4192,
64.11106535919558,94188,560,1063,4192,
64.1127869641028,94187,561,1063,4192,
64.11577797961618,94186,562,1063,4192,
64.11747427375569,94186,562,1062,4193,
64.11912696392955,94186,562,1061,4194,
64.11945117235997,94185,563,1061,4194,
64.1198151130146,94184,564,1061,4194,
64.12543103462771,94184,563,1062,4194,
64.12628630245659,94183,564,1062,4194,
64.13181235392577,94183,564,1061,4195,
64.13262820755878,94183,563,1062,4195,
64.13285676096254,94182,564,1062,4195,
64.13423579935908,94182,563,1063,4195,
64.13691587367836,94182,562,1064,4195,
64.13941636283032,94182,561,1065,4195,
64.14174672912173,94182,560,1066,4195,
64.14224522888874,94182,560,1065,4196,
64.14495877232442,94182,559,1066,4196,
64.14707815802252,94181,560,1066,4196,
64.14930005076765,94181,560,1065,4197,
64.1524234697799,94180,561,1065,4197,
64.15278090711425,94180,560,1066,4197,
64.15360652294534,94179,561,1066,4197,
64.15532643796502,94179,560,1067,4197,
64.15695465701799,94179,560,1066,4198,
64.16306961901368,94178,561,1066,4198,
64.16659452650254,94178,561,1065,4199,
64.16669724525826,94177,562,1065,4199,
64.16683850331324,94177,561,1066,4199,
64.16902597168243,94177,560,1067,4199,
64.16940066751826,94177,560,1066,4200,
64.1700869815012,94177,559,1067,4200,
64.17115060710141,94177,559,1066,4201,
64.17612350439906,94177,559,1065,4202,
64.17892068467525,94177,558,1066,4202,
64.18147419232719,94176,559,1066,4202,
64.18241942931681,94176,559,1065,4203,
64.18706697943827,94175,560,1065,4203,
64.18807567737079,94175,560,1064,4204,
64.19032794474677,94174,561,1064,4204,
64.1910890693996,94174,560,1065,4204,
64.19179743101327,94174,559,1066,4204,
64.19966054555938,94174,558,1067,4204,
64.2011731157667,94174,558,1066,4205,
64.20393185863341,94173,559,1066,4205,
64.20899429456566,94173,559,1065,4206,
64.2123001967575,94173,558,1066,4206,
64.21393771253994,94173,558,1065,4207,
64.2220728762304,94173,557,1066,4207,
64.22451734924587,94172,558,1066,4207,
64.22661708748639,94172,557,1067,4207,
64.22747770417077,94172,557,1066,4208,
64.22762157827025,94172,557,1065,4209,
64.22766865040785,94172,556,1066,4209,
64.23367155039278,94172,556,1065,4210,
64.23619998335789,94171,557,1065,4210,
64.24123660745013,94171,557,1064,4211,
64.24275947992928,94171,556,1065,4211,
64.25185870054791,94170,557,1065,4211,
64.25508286433035,94170,557,1064,4212,
64.25673563964831,94170,557,1063,4213,
64.25678670827139,94170,557,1062,4214,
64.26002437249848,94170,556,1063,4214,
64.26005617330635,94170,555,1064,4214,
64.26544983995494,94170,555,1063,4215,
64.26710851186522,94170,555,1062,4216,
64.26715948830046,94169,556,1062,4216,
64.27346234911917,94169,555,1063,4216,
64.27548646723966,94169,555,1062,4217,
64.27646697400064,94169,555,1061,4218,
64.27697849493988,94169,555,1060,4219,
64.28359115977865,94169,554,1061,4219,
64.28392979584635,94168,555,1061,4219,
64.28995494886223,94168,554,1062,4219,
64.29654696318084,94167,555,1062,4219,
64.29699201415782,94167,555,1061,4220,
64.30075071530902,94167,555,1060,4221,
64.3008486794653,94167,554,1061,4221,
64.30615375856392,94167,553,1062,4221,
64.31343104480186,94166,554,1062,4221,
64.31545668533074,94165,555,1062,4221,
64.31677651547427,94164,556,1062,4221,
64.31741618797496,94164,555,1063,4221,
64.31766334167136,94164,555,1062,4222,
64.31787782036082,94164,555,1061,4223,
64.31945828520942,94164,554,1062,4223,
64.32549866782887,94164,553,1063,4223,
64.32582334215421,94164,552,1064,4223,
64.3261509386955,94163,553,1064,4223,
64.32622643663709,94162,554,1064,4223,
64.3273033568137,94162,553,1065,4223,
64.32917234094515,94161,554,1065,4223,
64.33646095203777,94161,554,1064,4224,
64.33730413059278,94160,555,1064,4224,
64.3386476387838,94160,554,1065,4224,
64.33937720897055,94159,555,1065,4224,
64.34008786930119,94158,556,1065,4224,
64.34700423433793,94157,557,1065,4224,
64.34898126982532,94157,556,1066,4224,
64.35167736970448,94157,555,1067,4224,
64.35250933382261,94156,556,1067,4224,
64.35318293481315,94156,556,1066,4225,
64.35351033146583,94156,555,1067,4225,
64.35458134758338,94156,554,1068,4225,
64.35802060444811,94156,554,1067,4226,
64.36175138306953,94155,555,1067,4226,
64.36411208903013,94155,554,1068,4226,
64.36624544634225,94155,554,1067,4227,
64.36684162108571,94155,554,1066,4228,
64.36801357508182,94155,553,1067,4228,
64.36923384806832,94154,554,1067,4228,
64.37334820225185,94153,555,1067,4228,
64.3759208292221,94153,555,1066,4229,
64.38665427263462,94153,554,1067,4229,
64.38898536712506,94153,553,1068,4229,
64.38907044165167,94153,553,1067,4230,
64.38922377593659,94153,553,1066,4231,
64.38924353679532,94153,553,1065,4232,
64.40228456327097,94152,554,1065,4232,
64.40433381655888,94151,555,1065,4232,
64.40651663734167,94150,556,1065,4232,
64.40708667299546,94150,556,1064,4233,
64.4126203824691,94150,556,1063,4234,
64.41311399971576,94150,556,1062,4235,
64.41708201176473,94149,557,1062,4235,
64.41724055743643,94148,558,1062,4235,
64.41895864045024,94148,558,1061,4236,
64.42015438515591,94148,558,1060,4237,
64.42365057099079,94148,557,1061,4237,
64.42589926288704,94147,558,1061,4237,
64.42771173009663,94146,559,1061,4237,
64.4299761924572,94145,560,1061,4237,
64.43321079688866,94144,561,1061,4237,
64.43360793038757,94144,560,1062,4237,
64.4340043332363,94144,560,1061,4238,
64.43734367573407,94144,560,1060,4239,
64.43859597204585,94144,560,1059,4240,
64.44568970892031,94144,559,1060,4240,
64.44644785486268,94143,560,1060,4240,
64.45228002863962,94143,560,1059,4241,
64.45404111217417,94143,559,1060,4241,
64.45505788675706,94142,560,1060,4241,
64.45679134636684,94141,561,1060,4241,
64.46026812993786,94140,562,1060,4241,
64.46108919543795,94140,561,1061,4241,
64.46391846576239,94140,560,1062,4241,
64.46872483899328,94139,561,1062,4241,
64.47338489471727,94139,560,1063,4241,
64.47991817247423,94139,560,1062,4242,
64.4833140256331,94139,559,1063,4242,
64.48742439827255,94139,559,1062,4243,
64.4876777013909,94138,560,1062,4243,
64.49340342952797,94138,560,1061,4244,
64.49606749607814,94138,560,1060,4245,
64.50101658106638,94138,560,1059,4246,
64.50279959666946,94138,560,1058,4247,
64.50281552106959,94138,559,1059,4247,
64.50541909971956,94138,559,1058,4248,
64.50745595006498,94138,559,1057,4249,
64.50869868892377,94138,559,1056,4250,
64.5098374729753,94138,559,1055,4251,
64.51153719188693,94138,559,1054,4252,
64.51244371717976,94137,560,1054,4252,
64.51436717641482,94137,560,1053,4253,
64.52203625120299,94137,560,1052,4254,
64.52361159494646,94137,560,1051,4255,
64.52386996969705,94137,560,1050,4256,
64.52485727702165,94136,561,1050,4256,
64.52739956356005,94135,562,1050,4256,
64.5280967495648,94135,562,1049,4257,
64.5322278688863,94135,562,1048,4258,
64.53328699300255,94134,563,1048,4258,
64.53860177816344,94133,564,1048,4258,
64.53984859573274,94133,564,1047,4259,
64.54029579316588,94133,564,1046,4260,
64.54174945697856,94133,563,1047,4260,
64.54453198501994,94133,562,1048,4260,
64.5452319576793,94133,562,1047,4261,
64.54754660544826,94133,562,1046,4262,
64.55234461297638,94133,562,1045,4263,
64.55696388468685,94133,562,1044,4264,
64.55945823164194,94133,561,1045,4264,
64.56297324075058,94133,560,1046,4264,
64.56527533588189,94133,559,1047,4264,
64.56690630209266,94133,559,1046,4265,
64.56899175792918,94132,560,1046,4265,
64.56967726316476,94131,561,1046,4265,
64.56997844874576,94130,562,1046,4265,
64.57231211857497,94130,562,1045,4266,
64.57293386419569,94130,561,1046,4266,
64.57401018623729,94130,560,1047,4266,
64.57460836925301,94130,560,1046,4267,
64.57484844812087,94129,561,1046,4267,
64.57679764137721,94129,560,1047,4267,
64.58295156675203,94129,559,1048,4267,
64.58476591962938,94129,558,1049,4267,
64.59287106107678,94129,557,1050,4267,
64.59672502527582,94129,556,1051,4267,
64.59733905364405,94129,556,1050,4268,
64.59828565253297,94129,556,1049,4269,
64.5988549625784,94129,555,1050,4269,
64.5991478150875,94129,554,1051,4269,
64.61052009282663,94129,553,1052,4269,
64.61151977813901,94129,553,1051,4270,
64.61599838358744,94129,553,1050,4271,
64.61823695930124,94128,554,1050,4271,
64.61838215747835,94128,553,1051,4271,
64.61862567015388,94128,553,1050,4272,
64.61928626662687,94128,553,1049,4273,
64.61994776575821,94128,553,1048,4274,
64.62091403897068,94128,552,1049,4274,
64.6210819376297,94127,553,1049,4274,
64.63060112225004,94127,552,1050,4274,
64.63254380200051,94127,551,1051,4274,
64.63426973335781,94126,552,1051,4274,
64.6387067748971,94126,551,1052,4274,
64.642663375755,94125,552,1052,4274,
64.64458160181854,94124,553,1052,4274,
64.64745490028551,94123,554,1052,4274,
64.64786467911132,94123,554,1051,4275,
64.64861779923933,94122,555,1051,4275,
64.6486254834877,94121,556,1051,4275,
64.65011980080523,94121,555,1052,4275,
64.65046155902346,94121,554,1053,4275,
64.65204877847748,94121,553,1054,4275,
64.65302628706783,94121,553,1053,4276,
64.65676946300047,94121,552,1054,4276,
64.65884194073317,94120,553,1054,4276,
64.6590570971137,94119,554,1054,4276,
64.66125867684227,94119,554,1053,4277,
64.661279038386,94119,553,1054,4277,
64.6615343972805,94119,553,1053,4278,
64.66327895900295,94118,554,1053,4278,
64.66365371204084,94117,555,1053,4278,
64.66824027950929,94117,554,1054,4278,
64.66948289446319,94116,555,1054,4278,
64.6720118933399,94115,556,1054,4278,
64.67395563890148,94114,557,1054,4278,
64.6893234475015,94114,556,1055,4278,
64.69037083884493,94113,557,1055,4278,
64.69134467706687,94113,556,1056,4278,
64.69471910857067,94113,556,1055,4279,
64.69621171309197,94113,555,1056,4279,
64.70118092071247,94113,555,1055,4280,
64.7042564079448,94113,555,1054,4281,
64.7055249425768,94113,555,1053,4282,
64.70568020950333,94112,556,1053,4282,
64.7069990295511,94112,556,1052,4283,
64.70718381004221,94112,556,1051,4284,
64.7102520191154,94112,556,1050,4285,
64.71050672037148,94111,557,1050,4285,
64.71095313041293,94111,556,1051,4285,
64.71748418573804,94111,556,1050,4286,
64.71969008928718,94111,556,1049,4287,
64.72153238276529,94111,555,1050,4287,
64.72166231112702,94110,556,1050,4287,
64.72186364366792,94110,556,1049,4288,
64.72506410386451,94109,557,1049,4288,
64.72522607532744,94109,557,1048,4289,
64.72609126097187,94108,558,1048,4289,
64.72782746187391,94107,559,1048,4289,
64.73070843680104,94107,558,1049,4289,
64.73384358830454,94107,557,1050,4289,
64.73484729118323,94107,557,1049,4290,
64.73488987598527,94107,556,1050,4290,
64.73713579220333,94107,556,1049,4291,
64.74009048780124,94106,557,1049,4291,
64.74074257939603,94106,557,1048,4292,
64.74391808840498,94106,556,1049,4292,
64.74698638470694,94106,555,1050,4292,
64.7478770371915,94106,555,1049,4293,
64.75098277274412,94105,556,1049,4293,
64.76053248753988,94105,555,1050,4293,
64.7607220869413,94105,554,1051,4293,
64.76102022281657,94104,555,1051,4293,
64.77341330919931,94103,556,1051,4293,
64.77484504527256,94102,557,1051,4293,
64.77683056133901,94102,557,1050,4294,
64.77917560034201,94102,557,1049,4295,
64.78037868129364,94102,557,1048,4296,
64.7840910062012,94102,556,1049,4296,
64.78460696288572,94102,555,1050,4296,
64.7870451145495,94102,554,1051,4296,
64.78873495325756,94102,553,1052,4296,
64.79422229877557,94102,552,1053,4296,
64.79502419409778,94102,551,1054,4296,
64.79898850111013,94102,550,1055,4296,
64.80487368177728,94102,550,1054,4297,
64.80529023342692,94102,549,1055,4297,
64.8053830559589,94101,550,1055,4297,
64.80656632953954,94101,550,1054,4298,
64.81207577227548,94100,551,1054,4298,
64.82123906761676,94099,552,1054,4298,
64.82756312406516,94098,553,1054,4298,
64.82780074610531,94097,554,1054,4298,
64.84649578419437,94097,553,1055,4298,
64.84780861790145,94097,553,1054,4299,
64.84822226097435,94097,553,1053,4300,
64.85393439130868,94097,553,1052,4301,
64.85460699124829,94097,553,1051,4302,
64.86405932198608,94097,553,1050,4303,
64.86542811136611,94097,553,1049,4304,
64.86763114136447,94097,553,1048,4305,
64.87017663478562,94096,554,1048,4305,
64.87399226132194,94096,553,1049,4305,
64.88105493471926,94096,553,1048,4306,
64.88111746485433,94096,552,1049,4306,
64.88131052767285,94096,552,1048,4307,
64.88171924381058,94095,553,1048,4307,
64.88367405936661,94095,553,1047,4308,
64.88790696460093,94095,552,1048,4308,
64.88837730856811,94094,553,1048,4308,
64.88866362122906,94094,552,1049,4308,
64.89251721426162,94094,552,1048,4309,
64.89809374077878,94093,553,1048,4309,
64.90225513405868,94093,552,1049,4309,
64.90263715514932,94093,551,1050,4309,
64.90274255323106,94092,552,1050,4309,
64.90467426632858,94092,551,1051,4309,
64.90528691142619,94092,551,1050,4310,
64.90634805463071,94092,550,1051,4310,
64.90804122945877,94092,550,1050,4311,
64.908129670196,94092,549,1051,4311,
64.91464435868582,94091,550,1051,4311,
64.918293278582,94091,549,1052,4311,
64.92117480820627,94091,549,1051,4312,
64.92397828286012,94091,549,1050,4313,
64.92772264072948,94090,550,1050,4313,
64.92990673152586,94090,550,1049,4314,
64.94428422287953,94089,551,1049,4314,
64.9444644722328,94089,551,1048,4315,
64.94770105123827,94088,552,1048,4315,
64.94967287684084,94088,552,1047,4316,
64.95105329624037,94088,552,1046,4317,
64.95113704704033,94087,553,1046,4317,
64.95394807062038,94087,553,1045,4318,
64.96455740229848,94087,552,1046,4318,
64.96587327988965,94087,552,1045,4319,
64.97641847410793,94086,553,1045,4319,
64.97743828896097,94086,552,1046,4319,
64.9776526531528,94086,552,1045,4320,
64.97969749889931,94085,553,1045,4320,
64.98315868138374,94085,553,1044,4321,
64.99133017256867,94084,554,1044,4321,
64.99275590770434,94083,555,1044,4321,
64.99341623027371,94083,554,1045,4321,
64.99369768567415,94082,555,1045,4321,
64.99483868356606,94082,555,1044,4322,
65.00273160250951,94082,555,1043,4323,
65.00539295365819,94082,555,1042,4324,
65.0059768996355,94081,556,1042,4324,
65.01194483071215,94081,556,1041,4325,
65.02119543000384,94080,557,1041,4325,
65.02388444904551,94080,557,1040,4326,
65.02581260780795,94080,557,1039,4327,
65.03001290350377,94080,557,1038,4328,
65.03250179771995,94080,556,1039,4328,
65.03349276793543,94080,556,1038,4329,
65.03388447776084,94080,555,1039,4329,
65.03861957786232,94080,555,1038,4330,
65.04811240954486,94080,555,1037,4331,
65.04978295138402,94080,554,1038,4331,
65.0507000271521,94079,555,1038,4331,
65.05506640122847,94078,556,1038,4331,
65.06233501459859,94077,557,1038,4331,
65.06248593056064,94077,556,1039,4331,
65.06708681202976,94077,555,1040,4331,
65.06913877947763,94077,554,1041,4331,
65.07986567039683,94077,554,1040,4332,
65.08422725623993,94076,555,1040,4332,
65.08474741571285,94076,555,1039,4333,
65.08551601333374,94076,555,1038,4334,
65.08729272882856,94076,555,1037,4335,
65.09163935562172,94076,555,1036,4336,
65.09301357218828,94076,554,1037,4336,
65.10433747548085,94075,555,1037,4336,
65.10642938507068,94075,555,1036,4337,
65.1086115380274,94074,556,1036,4337,
65.10954796633094,94074,556,1035,4338,
65.11544186652176,94074,555,1036,4338,
65.11715331053931,94074,554,1037,4338,
65.11886192257799,94074,553,1038,4338,
65.1251669957836,94073,554,1038,4338,
65.1305057231989,94072,555,1038,4338,
65.13192290864319,94072,554,1039,4338,
65.1325834909358,94072,554,1038,4339,
65.13842059767484,94072,553,1039,4339,
65.13842593713483,94072,552,1040,4339,
65.13861911022182,94071,553,1040,4339,
65.14540236792901,94071,552,1041,4339,
65.14841448044697,94070,553,1041,4339,
65.14853012356089,94070,553,1040,4340,
65.14864183784097,94070,552,1041,4340,
65.15129800057596,94069,553,1041,4340,
65.15274319602325,94069,552,1042,4340,
65.15954680346053,94069,552,1041,4341,
65.16666210922749,94068,553,1041,4341,
65.16693917605518,94067,554,1041,4341,
65.16992443690593,94067,554,1040,4342,
65.1701802992596,94067,554,1039,4343,
65.18461533417532,94067,554,1038,4344,
65.18748145426603,94066,555,1038,4344,
65.18887869110884,94065,556,1038,4344,
65.19017739872669,94065,555,1039,4344,
65.19060260641396,94065,554,1040,4344,
65.19183678559207,94065,554,1039,4345,
65.19250414237145,94064,555,1039,4345,
65.19672284688147,94064,554,1040,4345,
65.19971095300295,94064,553,1041,4345,
65.19979960754176,94064,553,1040,4346,
65.20057795911778,94064,552,1041,4346,
65.20179986195657,94064,551,1042,4346,
65.2069812453435,94064,550,1043,4346,
65.20809432970242,94064,549,1044,4346,
65.20818003183746,94064,548,1045,4346,
65.21250162296647,94064,548,1044,4347,
65.21620749335833,94064,547,1045,4347,
65.21751880824456,94064,547,1044,4348,
65.21901714136783,94064,547,1043,4349,
65.21932102482907,94064,547,1042,4350,
65.21980417308309,94064,546,1043,4350,
65.2298002232979,94064,546,1042,4351,
65.2313087673397,94064,545,1043,4351,
65.23183562793533,94063,546,1043,4351,
65.2410399554455,94063,546,1042,4352,
65.24531963000031,94063,546,1041,4353,
65.24602479434397,94063,545,1042,4353,
65.25790246716382,94063,545,1041,4354,
65.25806996389272,94063,545,1040,4355,
65.25841182591722,94062,546,1040,4355,
65.26049788181717,94061,547,1040,4355,
65.26207497770298,94061,546,1041,4355,
65.26235250698524,94061,545,1042,4355,
65.26362143618279,94061,545,1041,4356,
65.26414636243105,94061,545,1040,4357,
65.26512573893062,94061,544,1041,4357,
65.26675664079248,94061,543,1042,4357,
65.26871984162985,94060,544,1042,4357,
65.2711487598385,94060,543,1043,4357,
65.27312999685519,94059,544,1043,4357,
65.27493760571203,94059,543,1044,4357,
65.27884638722139,94059,543,1043,4358,
65.28130796606393,94058,544,1043,4358,
65.28179861311601,94057,545,1043,4358,
65.28336599879265,94057,544,1044,4358,
65.28423763720058,94057,543,1045,4358,
65.29359791743373,94056,544,1045,4358,
65.29744110603912,94056,544,1044,4359,
65.2975609002995,94056,544,1043,4360,
65.29805300673631,94055,545,1043,4360,
65.30547826625475,94054,546,1043,4360,
65.31152675150454,94054,545,1044,4360,
65.31450187262907,94054,545,1043,4361,
65.32188870751678,94053,546,1043,4361,
65.32241446942362,94052,547,1043,4361,
65.32412129362577,94052,546,1044,4361,
65.32825261119255,94052,546,1043,4362,
65.32905060276869,94051,547,1043,4362,
65.33348431282062,94051,546,1044,4362,
65.33752253389113,94050,547,1044,4362,
65.34117246964414,94050,546,1045,4362,
65.34281352543033,94050,546,1044,4363,
65.34479756855073,94049,547,1044,4363,
65.34538665124089,94049,546,1045,4363,
65.34567498034026,94048,547,1045,4363,
65.3494062605388,94047,548,1045,4363,
65.35248550013594,94047,547,1046,4363,
65.35309143601793,94046,548,1046,4363,
65.35573417794602,94045,549,1046,4363,
65.35776857671831,94045,549,1045,4364,
65.35958550188454,94045,549,1044,4365,
65.35993075822086,94044,550,1044,4365,
65.36267851592895,94044,550,1043,4366,
65.36337463449838,94044,550,1042,4367,
65.36577753378076,94043,551,1042,4367,
65.36889855396569,94042,552,1042,4367,
65.3709312966063,94042,551,1043,4367,
65.3782170160205,94042,551,1042,4368,
65.37858425251319,94042,550,1043,4368,
65.38671947396652,94042,549,1044,4368,
65.39178827854235,94042,548,1045,4368,
65.39240436508257,94042,547,1046,4368,
65.40279140271846,94042,546,1047,4368,
65.40541575361034,94042,545,1048,4368,
65.40715376005403,94041,546,1048,4368,
65.41087336635614,94041,545,1049,4368,
65.41223989149879,94041,545,1048,4369,
65.41468325026467,94041,545,1047,4370,
65.418495898523,94041,544,1048,4370,
65.42333745238261,94040,545,1048,4370,
65.42847425135861,94040,545,1047,4371,
65.4385005299661,94040,544,1048,4371,
65.44533790745197,94040,544,1047,4372,
65.44722992307516,94040,543,1048,4372,
65.45215897435904,94039,544,1048,4372,
65.46091148755475,94038,545,1048,4372,
65.462657262843,94038,544,1049,4372,
65.46428821539254,94038,543,1050,4372,
65.46442811982403,94038,543,1049,4373,
65.47046022781497,94038,542,1050,4373,
65.4714719109551,94037,543,1050,4373,
65.47430879194488,94036,544,1050,4373,
65.47461282525066,94036,544,1049,4374,
65.48524967945103,94036,543,1050,4374,
65.48994554788725,94036,542,1051,4374,
65.49204505913139,94035,543,1051,4374,
65.49473994287781,94035,543,1050,4375,
65.49517288038837,94035,542,1051,4375,
65.49622616835428,94034,543,1051,4375,
65.49702349825745,94034,542,1052,4375,
65.50163911866738,94033,543,1052,4375,
65.50220731855457,94032,544,1052,4375,
65.50564850875467,94032,543,1053,4375,
65.50687957444708,94032,543,1052,4376,
65.50807888895974,94032,543,1051,4377,
65.51112483148609,94032,543,1050,4378,
65.51208304978637,94031,544,1050,4378,
65.51477092699858,94031,544,1049,4379,
65.51490807740862,94031,543,1050,4379,
65.53472933000299,94031,542,1051,4379,
65.53616887984433,94030,543,1051,4379,
65.53731640780398,94030,543,1050,4380,
65.53751281912469,94030,542,1051,4380,
65.5376596579712,94030,541,1052,4380,
65.5386489455372,94030,541,1051,4381,
65.53941687459022,94029,542,1051,4381,
65.54048466876327,94029,541,1052,4381,
65.54578832498498,94029,540,1053,4381,
65.54712525108445,94029,540,1052,4382,
65.5527099765428,94029,539,1053,4382,
65.56587105142279,94028,540,1053,4382,
65.56990170475967,94028,540,1052,4383,
65.57030628314892,94028,539,1053,4383,
65.5718427642006,94027,540,1053,4383,
65.5732092484421,94027,539,1054,4383,
65.5767081841551,94027,538,1055,4383,
65.57814309810485,94026,539,1055,4383,
65.57909699934248,94026,538,1056,4383,
65.58092207245379,94025,539,1056,4383,
65.58142622685538,94025,538,1057,4383,
65.58297547075895,94025,538,1056,4384,
65.58534281564285,94025,537,1057,4384,
65.58750010103779,94024,538,1057,4384,
65.59336506965997,94024,538,1056,4385,
65.59754663133847,94024,538,1055,4386,
65.5977771938426,94024,537,1056,4386,
65.59944171608015,94024,537,1055,4387,
65.6029476112713,94024,536,1056,4387,
65.60335280326211,94024,535,1057,4387,
65.60712752919083,94024,534,1058,4387,
65.60933237896717,94023,535,1058,4387,
65.61010388322755,94023,534,1059,4387,
65.61071085044321,94023,533,1060,4387,
65.6127969631621,94023,533,1059,4388,
65.61585436851016,94023,533,1058,4389,
65.61596097081717,94023,533,1057,4390,
65.6175708081878,94022,534,1057,4390,
65.62023107378185,94022,534,1056,4391,
65.62152656580763,94022,533,1057,4391,
65.6254097923247,94021,534,1057,4391,
65.6292631042346,94021,533,1058,4391,
65.62970639141602,94020,534,1058,4391,
65.63198380767095,94020,534,1057,4392,
65.63524656104876,94020,533,1058,4392,
65.63697856591787,94020,532,1059,4392,
65.63989443329379,94019,533,1059,4392,
65.64029120445136,94019,533,1058,4393,
65.64533704289182,94019,532,1059,4393,
65.64686255406656,94019,531,1060,4393,
65.64992906289146,94019,531,1059,4394,
65.65110854172052,94019,531,1058,4395,
65.65975393830587,94019,531,1057,4396,
65.66279627256968,94019,531,1056,4397,
65.66500048101703,94018,532,1056,4397,
65.6664095171378,94017,533,1056,4397,
65.66704744384617,94017,532,1057,4397,
65.67082554571,94017,532,1056,4398,
65.67912037616034,94017,532,1055,4399,
65.67922020204834,94017,532,1054,4400,
65.68113631665709,94017,531,1055,4400,
65.69246260449455,94017,530,1056,4400,
65.69401160625767,94017,530,1055,4401,
65.69837626263437,94017,530,1054,4402,
65.70082101797402,94017,530,1053,4403,
65.70290342210097,94017,529,1054,4403,
65.70506146044893,94017,529,1053,4404,
65.70911535934374,94017,528,1054,4404,
65.70920651923056,94017,528,1053,4405,
65.71334719886093,94017,528,1052,4406,
65.71456071108025,94017,527,1053,4406,
65.71540222655383,94017,526,1054,4406,
65.71883302642652,94017,525,1055,4406,
65.72792203280135,94017,524,1056,4406,
65.72908787567192,94017,524,1055,4407,
65.72961759356733,94017,524,1054,4408,
65.73103219124934,94017,524,1053,4409,
65.73410526563126,94016,525,1053,4409,
65.73712502106918,94016,525,1052,4410,
65.73809213703767,94016,524,1053,4410,
65.74273535107227,94016,524,1052,4411,
65.74286950501724,94015,525,1052,4411,
65.74672814095811,94015,525,1051,4412,
65.75423873165359,94015,525,1050,4413,
65.75777422825993,94015,525,1049,4414,
65.760513912514,94015,524,1050,4414,
65.76085292069261,94015,524,1049,4415,
65.76249516985457,94015,523,1050,4415,
65.7631933058184,94015,522,1051,4415,
65.76664525525321,94015,522,1050,4416,
65.77117771210986,94015,521,1051,4416,
65.7736116977832,94015,520,1052,4416,
65.7769673313172,94014,521,1052,4416,
65.77746214202081,94014,521,1051,4417,
65.7796372494282,94014,520,1052,4417,
65.78031422814976,94014,519,1053,4417,
65.78367703024155,94014,518,1054,4417,
65.78508831703347,94014,518,1053,4418,
65.78542514438634,94013,519,1053,4418,
65.78685525281149,94013,519,1052,4419,
65.79752770034928,94013,518,1053,4419,
65.79846066734426,94013,517,1054,4419,
65.80273399441872,94013,517,1053,4420,
65.80348145586905,94013,516,1054,4420,
65.80384993741659,94013,516,1053,4421,
65.80434962307254,94013,515,1054,4421,
65.80707196250455,94013,515,1053,4422,
65.80780151213163,94012,516,1053,4422,
65.81233768937064,94012,515,1054,4422,
65.81497126234916,94012,514,1055,4422,
65.81512203769972,94012,513,1056,4422,
65.8154840298315,94012,513,1055,4423,
65.81706537735484,94012,513,1054,4424,
65.82788592337009,94012,512,1055,4424,
65.82791427825893,94012,512,1054,4425,
65.82796608713149,94011,513,1054,4425,
65.82800981512618,94011,512,1055,4425,
65.8292053743445,94011,512,1054,4426,
65.82930825240214,94011,512,1053,4427,
65.83682157271252,94011,511,1054,4427,
65.83926876267158,94010,512,1054,4427,
65.84215596954519,94010,512,1053,4428,
65.84665628419953,94010,511,1054,4428,
65.84786581756265,94009,512,1054,4428,
65.84998519724041,94009,511,1055,4428,
65.85825763639437,94009,511,1054,4429,
65.86241340730655,94009,510,1055,4429,
65.86318148046901,94009,510,1054,4430,
65.86419044534492,94008,511,1054,4430,
65.86657275325771,94008,511,1053,4431,
65.86707998852401,94007,512,1053,4431,
65.86870375061063,94007,512,1052,4432,
65.87290351395653,94007,511,1053,4432,
65.87373684709922,94007,511,1052,4433,
65.87846343485982,94006,512,1052,4433,
65.87987174548189,94005,513,1052,4433,
65.88268993997278,94005,512,1053,4433,
65.88519139710505,94004,513,1053,4433,
65.88831652001383,94003,514,1053,4433,
65.88973487678545,94003,514,1052,4434,
65.8944648376239,94003,514,1051,4435,
65.89478251627264,94003,514,1050,4436,
65.89590335431697,94003,514,1049,4437,
65.89720155069733,94002,515,1049,4437,
65.89830775576108,94002,514,1050,4437,
65.90336799760587,94002,513,1051,4437,
65.90677042865991,94001,514,1051,4437,
65.91039914525378,94000,515,1051,4437,
65.91261537621688,93999,516,1051,4437,
65.91989948558577,93999,515,1052,4437,
65.9200608864506,93999,515,1051,4438,
65.92051131621074,93999,515,1050,4439,
65.9220481312872,93999,514,1051,4439,
65.92252689407516,93999,513,1052,4439,
65.92859520806203,93999,513,1051,4440,
65.93795389715245,93999,513,1050,4441,
65.94159635328792,93998,514,1050,4441,
65.9460342565826,93998,513,1051,4441,
65.94605044737565,93997,514,1051,4441,
65.95268549186099,93997,514,1050,4442,
65.95463581426029,93996,515,1050,4442,
65.96108820786611,93996,515,1049,4443,
65.96220419304434,93995,516,1049,4443,
65.96639830189314,93995,516,1048,4444,
65.96818856617003,93995,516,1047,4445,
65.96870492666307,93995,515,1048,4445,
65.96900946583948,93994,516,1048,4445,
65.97570700336831,93994,516,1047,4446,
65.98103727314164,93993,517,1047,4446,
65.99217541776207,93993,517,1046,4447,
65.993102129812,93993,517,1045,4448,
65.9994260029699,93993,516,1046,4448,
66.00072692386446,93993,515,1047,4448,
66.00136708275875,93992,516,1047,4448,
66.00218503177292,93992,516,1046,4449,
66.0078978115177,93992,515,1047,4449,
66.01063199613866,93992,515,1046,4450,
66.01101270828158,93992,514,1047,4450,
66.01854134861966,93991,515,1047,4450,
66.01916999308322,93991,514,1048,4450,
66.01932149014517,93991,514,1047,4451,
66.02128438380406,93991,514,1046,4452,
66.02146871154318,93990,515,1046,4452,
66.02153479300554,93990,515,1045,4453,
66.02571978499351,93989,516,1045,4453,
66.02885897918813,93988,517,1045,4453,
66.02891848837965,93988,517,1044,4454,
66.03172824815621,93988,517,1043,4455,
66.03346296964448,93988,517,1042,4456,
66.03468096435219,93987,518,1042,4456,
66.0355580462881,93987,517,1043,4456,
66.0378216296346,93987,517,1042,4457,
66.04411732779525,93987,516,1043,4457,
66.04436016721345,93987,516,1042,4458,
66.04798855708731,93986,517,1042,4458,
66.05011461570652,93986,516,1043,4458,
66.06132193333009,93985,517,1043,4458,
66.0661757087905,93984,518,1043,4458,
66.06627559383392,93984,518,1042,4459,
66.0682419338419,93984,517,1043,4459,
66.07397651305382,93983,518,1043,4459,
66.08391084668753,93983,517,1044,4459,
66.0850206063077,93982,518,1044,4459,
66.08698292348724,93982,518,1043,4460,
66.08702850992445,93982,517,1044,4460,
66.08978807022412,93982,516,1045,4460,
66.10201957425971,93981,517,1045,4460,
66.10483095604036,93981,516,1046,4460,
66.10566497453492,93980,517,1046,4460,
66.10858311993375,93980,516,1047,4460,
66.11086035219998,93980,515,1048,4460,
66.11532551392311,93980,515,1047,4461,
66.11720550366375,93979,516,1047,4461,
66.1189734483912,93978,517,1047,4461,
66.1191435699637,93977,518,1047,4461,
66.125743697337,93977,517,1048,4461,
66.12660249682106,93977,517,1047,4462,
66.13910613649766,93977,516,1048,4462,
66.14383881877603,93977,516,1047,4463,
66.1459765426807,93977,515,1048,4463,
66.1465571262301,93977,514,1049,4463,
66.14711031815752,93976,515,1049,4463,
66.15212340021728,93976,514,1050,4463,
66.15693914521904,93976,514,1049,4464,
66.16016630203924,93976,514,1048,4465,
66.16514368389838,93975,515,1048,4465,
66.16617939535152,93975,514,1049,4465,
66.1666869243084,93974,515,1049,4465,
66.16715159925565,93974,515,1048,4466,
66.1704363152686,93974,514,1049,4466,
66.1711667410615,93973,515,1049,4466,
66.17241184313767,93973,514,1050,4466,
66.17518493219673,93973,513,1051,4466,
66.1798622534147,93972,514,1051,4466,
66.1844981845987,93971,515,1051,4466,
66.18497804778916,93970,516,1051,4466,
66.18523581511158,93970,516,1050,4467,
66.1875105713082,93969,517,1050,4467,
66.19137630292448,93969,516,1051,4467,
66.1921357520055,93969,515,1052,4467,
66.20083287363093,93969,515,1051,4468,
66.20089629138744,93969,514,1052,4468,
66.20903471739015,93969,514,1051,4469,
66.21518715373044,93969,513,1052,4469,
66.21607753976949,93969,512,1053,4469,
66.22171257700893,93969,511,1054,4469,
66.22727066753257,93969,511,1053,4470,
66.23746361780114,93969,511,1052,4471,
66.24707139195775,93969,510,1053,4471,
66.24824520323898,93969,510,1052,4472,
66.24882766454327,93969,509,1053,4472,
66.25185680898839,93968,510,1053,4472,
66.25681987610602,93967,511,1053,4472,
66.25941511208934,93967,511,1052,4473,
66.25991687952167,93967,510,1053,4473,
66.26158910429751,93966,511,1053,4473,
66.26187147702824,93965,512,1053,4473,
66.26899060690535,93965,511,1054,4473,
66.26920196660421,93965,511,1053,4474,
66.26924145245957,93965,511,1052,4475,
66.27456941676577,93965,510,1053,4475,
66.27640935330112,93965,510,1052,4476,
66.278478887291,93964,511,1052,4476,
66.27878074315993,93964,510,1053,4476,
66.28092957901792,93964,510,1052,4477,
66.28893078753565,93964,509,1053,4477,
66.29148673106819,93963,510,1053,4477,
66.29262615764095,93962,511,1053,4477,
66.29333913868649,93961,512,1053,4477,
66.29343094069333,93961,511,1054,4477,
66.29430544057715,93961,510,1055,4477,
66.29437511217097,93960,511,1055,4477,
66.3041984771189,93960,510,1056,4477,
66.30695025965308,93960,510,1055,4478,
66.31002547330789,93960,510,1054,4479,
66.31125702433428,93960,509,1055,4479,
66.31561180280829,93960,509,1054,4480,
66.31805145768689,93959,510,1054,4480,
66.32236716674575,93958,511,1054,4480,
66.32684830982451,93958,511,1053,4481,
66.33633738240874,93957,512,1053,4481,
66.33864193613326,93957,512,1052,4482,
66.34003513254146,93956,513,1052,4482,
66.34020173439583,93956,512,1053,4482,
66.34795057278927,93956,511,1054,4482,
66.34920943001784,93955,512,1054,4482,
66.35132952478065,93954,513,1054,4482,
66.3521810685181,93953,514,1054,4482,
66.35657163596926,93953,514,1053,4483,
66.35985652397662,93952,515,1053,4483,
66.35987705997798,93951,516,1053,4483,
66.36071182320103,93951,516,1052,4484,
66.36603398547689,93950,517,1052,4484,
66.36947040112398,93949,518,1052,4484,
66.37004959752682,93949,517,1053,4484,
66.37105485601649,93949,517,1052,4485,
66.37220110123204,93948,518,1052,4485,
66.37461795019185,93948,517,1053,4485,
66.37534609093106,93948,516,1054,4485,
66.3809386432563,93948,516,1053,4486,
66.38616972592119,93947,517,1053,4486,
66.38778930048323,93947,516,1054,4486,
66.39267385826375,93947,516,1053,4487,
66.39721588599835,93947,515,1054,4487,
66.3980921257872,93947,515,1053,4488,
66.3986720425601,93947,515,1052,4489,
66.40049358531886,93946,516,1052,4489,
66.4014645501382,93946,515,1053,4489,
66.40287478417378,93946,515,1052,4490,
66.40339815786199,93946,514,1053,4490,
66.40593789315105,93946,514,1052,4491,
66.40803283256254,93946,514,1051,4492,
66.41088911264147,93946,514,1050,4493,
66.42123222232286,93946,513,1051,4493,
66.43059590108018,93945,514,1051,4493,
66.43429966016541,93944,515,1051,4493,
66.45043454373376,93944,515,1050,4494,
66.45136949308173,93943,516,1050,4494,
66.45422990516438,93943,515,1051,4494,
66.4544518265496,93942,516,1051,4494,
66.45820352968526,93941,517,1051,4494,
66.46130709003752,93941,517,1050,4495,
66.46130897505458,93940,518,1050,4495,
66.46326444337511,93940,518,1049,4496,
66.47042431102548,93940,517,1050,4496,
66.47169973337994,93940,516,1051,4496,
66.47417479836238,93939,517,1051,4496,
66.47550687675101,93939,517,1050,4497,
66.47571265297763,93938,518,1050,4497,
66.47572962590701,93937,519,1050,4497,
66.47631800549203,93937,518,1051,4497,
66.47848969794518,93936,519,1051,4497,
66.4816524496007,93936,518,1052,4497,
66.4831610715418,93935,519,1052,4497,
66.48525492442504,93934,520,1052,4497,
66.49769335566066,93934,520,1051,4498,
66.49868323663469,93934,520,1050,4499,
66.49915963348677,93933,521,1050,4499,
66.50153831385184,93932,522,1050,4499,
66.50199100783288,93931,523,1050,4499,
66.5030324459812,93931,522,1051,4499,
66.50668428468255,93930,523,1051,4499,
66.50775286758059,93929,524,1051,4499,
66.51059910271594,93929,524,1050,4500,
66.51353227683109,93929,524,1049,4501,
66.51568859758254,93928,525,1049,4501,
66.52506792206756,93928,524,1050,4501,
66.52553480880857,93928,523,1051,4501,
66.53057766354104,93928,523,1050,4502,
66.53564869807855,93928,523,1049,4503,
66.54003944659567,93928,523,1048,4504,
66.5445573635539,93927,524,1048,4504,
66.54678130880845,93927,523,1049,4504,
66.54721821487385,93927,523,1048,4505,
66.54782835886093,93926,524,1048,4505,
66.54785936595287,93926,524,1047,4506,
66.55269862030963,93926,523,1048,4506,
66.55319814034053,93926,523,1047,4507,
66.558457911054,93926,522,1048,4507,
66.56144982596888,93925,523,1048,4507,
66.56427465811522,93924,524,1048,4507,
66.5644235270319,93924,523,1049,4507,
66.56703877672564,93924,523,1048,4508,
66.56845695030178,93924,523,1047,4509,
66.57840204973394,93924,523,1046,4510,
66.58002093818882,93924,523,1045,4511,
66.58191760092987,93924,523,1044,4512,
66.58214247431125,93924,523,1043,4513,
66.58320564222885,93924,523,1042,4514,
66.58495633033353,93924,523,1041,4515,
66.58763624607376,93924,523,1040,4516,
66.58956837120652,93924,523,1039,4517,
66.59124650067093,93923,524,1039,4517,
66.59422555074124,93923,523,1040,4517,
66.59434937030457,93923,523,1039,4518,
66.5944994576255,93922,524,1039,4518,
66.59458870492132,93922,524,1038,4519,
66.59614023163273,93922,523,1039,4519,
66.59721128445587,93922,523,1038,4520,
66.60032379255536,93922,523,1037,4521,
66.60603438028733,93922,522,1038,4521,
66.60638148461028,93921,523,1038,4521,
66.61071729333241,93921,522,1039,4521,
66.611870427357,93921,521,1040,4521,
66.61749726978081,93921,521,1039,4522,
66.61865874970968,93921,520,1040,4522,
66.6227185978192,93920,521,1040,4522,
66.62856907358183,93920,521,1039,4523,
66.62967206957298,93920,521,1038,4524,
66.63049788057671,93920,520,1039,4524,
66.63398414174945,93920,519,1040,4524,
66.6439112207627,93920,519,1039,4525,
66.6469719113203,93920,518,1040,4525,
66.64745270753703,93920,517,1041,4525,
66.65163732443999,93920,517,1040,4526,
66.65297382059076,93919,518,1040,4526,
66.6652594172844,93919,517,1041,4526,
66.66714155633154,93919,516,1042,4526,
66.6719966304725,93919,515,1043,4526,
66.67339219314044,93919,515,1042,4527,
66.67484374491801,93918,516,1042,4527,
66.67786699644456,93918,516,1041,4528,
66.67857595193021,93918,516,1040,4529,
66.68051841217678,93918,516,1039,4530,
66.68249035061265,93918,515,1040,4530,
66.68353642033767,93918,515,1039,4531,
66.68449256386526,93918,514,1040,4531,
66.68635253765328,93917,515,1040,4531,
66.68883509659356,93916,516,1040,4531,
66.68924456925934,93915,517,1040,4531,
66.6952432713206,93914,518,1040,4531,
66.69526990853223,93914,517,1041,4531,
66.69541167312485,93914,517,1040,4532,
66.7012676028389,93914,516,1041,4532,
66.71277334115756,93914,516,1040,4533,
66.71339407321092,93914,516,1039,4534,
66.7261851284257,93914,516,1038,4535,
66.729293238432,93914,516,1037,4536,
66.72933793510009,93914,516,1036,4537,
66.74352559619831,93914,516,1035,4538,
66.74469994311434,93913,517,1035,4538,
66.74921394617317,93912,518,1035,4538,
66.75141095892766,93912,517,1036,4538,
66.75579601155572,93912,517,1035,4539,
66.7560489330445,93912,517,1034,4540,
66.75790429901477,93911,518,1034,4540,
66.7586833522482,93911,518,1033,4541,
66.7596194539772,93911,517,1034,4541,
66.76085958666783,93911,517,1033,4542,
66.76908032203355,93911,516,1034,4542,
66.77881691837828,93910,517,1034,4542,
66.78223849856585,93909,518,1034,4542,
66.78347072184832,93909,518,1033,4543,
66.7864661665289,93909,518,1032,4544,
66.78752345030088,93909,518,1031,4545,
66.7918218734736,93909,517,1032,4545,
66.79438582049501,93909,516,1033,4545,
66.79566848470711,93909,516,1032,4546,
66.79635317431391,93909,515,1033,4546,
66.79653671681889,93908,516,1033,4546,
66.80036291756105,93908,516,1032,4547,
66.8023984919111,93907,517,1032,4547,
66.81179365574968,93907,517,1031,4548,
66.81691038491267,93907,516,1032,4548,
66.81862834634003,93906,517,1032,4548,
66.82455466878675,93906,517,1031,4549,
66.82802885796472,93906,517,1030,4550,
66.82908350739295,93906,516,1031,4550,
66.83216234372273,93906,516,1030,4551,
66.83353584131929,93905,517,1030,4551,
66.83872575541172,93905,517,1029,4552,
66.8399583618326,93905,516,1030,4552,
66.84230045400166,93905,515,1031,4552,
66.84973712685449,93905,514,1032,4552,
66.85305988387668,93905,514,1031,4553,
66.85470993429776,93905,514,1030,4554,
66.85797558240252,93905,514,1029,4555,
66.8583350424628,93905,513,1030,4555,
66.85912752724128,93905,512,1031,4555,
66.8691503098112,93905,512,1030,4556,
66.87006206651891,93905,511,1031,4556,
66.87019734445569,93905,511,1030,4557,
66.87230521987685,93904,512,1030,4557,
66.87303879903826,93904,511,1031,4557,
66.87660592042843,93904,510,1032,4557,
66.87749358650493,93903,511,1032,4557,
66.89016715110645,93902,512,1032,4557,
66.89332024327372,93902,511,1033,4557,
66.89389521182231,93901,512,1033,4557,
66.8939420011209,93900,513,1033,4557,
66.90109979054154,93900,512,1034,4557,
66.90520219067666,93900,511,1035,4557,
66.90623165313642,93900,511,1034,4558,
66.91020420813499,93900,510,1035,4558,
66.92008434852103,93900,509,1036,4558,
66.92126020986433,93900,508,1037,4558,
66.92263185435603,93900,507,1038,4558,
66.92511233906242,93900,507,1037,4559,
66.92975998587045,93900,506,1038,4559,
66.93456812220047,93900,506,1037,4560,
66.93521089391373,93900,505,1038,4560,
66.94301598425567,93900,504,1039,4560,
66.94469334227283,93900,503,1040,4560,
66.94474401454292,93900,503,1039,4561,
66.94486144732126,93900,502,1040,4561,
66.94522613183572,93899,503,1040,4561,
66.94545700506319,93899,503,1039,4562,
66.94716838455932,93899,502,1040,4562,
66.9480553365365,93899,502,1039,4563,
66.95248390527122,93898,503,1039,4563,
66.95688400135982,93897,504,1039,4563,
66.96219830977948,93897,503,1040,4563,
66.96255189903779,93897,503,1039,4564,
66.96318182467269,93896,504,1039,4564,
66.9645130083755,93896,503,1040,4564,
66.96890446579891,93895,504,1040,4564,
66.98152683111942,93895,504,1039,4565,
66.98256529456376,93894,505,1039,4565,
66.98280893950712,93893,506,1039,4565,
66.98624213343618,93893,506,1038,4566,
66.9888127067393,93893,506,1037,4567,
66.99033988110368,93893,506,1036,4568,
66.9920234582795,93893,506,1035,4569,
66.99259810572525,93893,505,1036,4569,
66.99568597755088,93893,505,1035,4570,
66.99875042035767,93892,506,1035,4570,
67.00050776330617,93891,507,1035,4570,
67.00150750260093,93890,508,1035,4570,
67.00648609318654,93889,509,1035,4570,
67.01113507309995,93889,508,1036,4570,
67.01419349541379,93889,507,1037,4570,
67.02212604570806,93889,507,1036,4571,
67.02561742766514,93889,507,1035,4572,
67.02852725794615,93889,507,1034,4573,
67.03217399837546,93889,506,1035,4573,
67.03219164211025,93889,505,1036,4573,
67.03337385178827,93889,505,1035,4574,
67.03377180451642,93889,505,1034,4575,
67.03625077555475,93889,505,1033,4576,
67.03690214607784,93888,506,1033,4576,
67.03694688369075,93887,507,1033,4576,
67.04150385187246,93886,508,1033,4576,
67.05146718803066,93886,508,1032,4577,
67.0530242391919,93886,508,1031,4578,
67.0547782848389,93886,508,1030,4579,
67.05516443857495,93886,507,1031,4579,
67.06012364783885,93886,506,1032,4579,
67.06071330608904,93886,506,1031,4580,
67.06175625698995,93886,506,1030,4581,
67.07070088334129,93885,507,1030,4581,
67.07170051857133,93885,507,1029,4582,
67.07322654983287,93884,508,1029,4582,
67.07541300277265,93884,508,1028,4583,
67.0786271541703,93884,508,1027,4584,
67.08131723646783,93884,508,1026,4585,
67.08259505335884,93884,507,1027,4585,
67.0835749698865,93883,508,1027,4585,
67.08503773269284,93882,509,1027,4585,
67.08643133723129,93882,508,1028,4585,
67.08677258038045,93881,509,1028,4585,
67.08780305105998,93881,509,1027,4586,
67.0892109663148,93880,510,1027,4586,
67.0893104277302,93880,509,1028,4586,
67.0950956796608,93880,508,1029,4586,
67.0994157994329,93880,508,1028,4587,
67.10115915986951,93880,507,1029,4587,
67.10253838950197,93880,507,1028,4588,
67.10379159033299,93880,506,1029,4588,
67.10401492112202,93880,505,1030,4588,
67.10474106513652,93880,505,1029,4589,
67.11883053943635,93880,504,1030,4589,
67.12163459725043,93880,503,1031,4589,
67.12838859337938,93880,503,1030,4590,
67.13792900295205,93879,504,1030,4590,
67.14309389885989,93879,504,1029,4591,
67.1482505087287,93879,503,1030,4591,
67.15087330729722,93878,504,1030,4591,
67.16314763419636,93878,504,1029,4592,
67.17240104161029,93878,503,1030,4592,
67.18208033272661,93878,503,1029,4593,
67.18859545391831,93878,503,1028,4594,
67.19069033682645,93878,503,1027,4595,
67.19129337420313,93878,503,1026,4596,
67.19526276659579,93878,502,1027,4596,
67.19615304959063,93878,501,1028,4596,
67.19641741463315,93877,502,1028,4596,
67.19836494343012,93877,502,1027,4597,
67.19891675318863,93877,501,1028,4597,
67.20539388928144,93877,500,1029,4597,
67.20705291121155,93876,501,1029,4597,
67.21081020023774,93876,501,1028,4598,
67.21217448709196,93876,501,1027,4599,
67.21950113739942,93876,500,1028,4599,
67.22792768354199,93876,500,1027,4600,
67.24251845183294,93876,500,1026,4601,
67.24840035023006,93875,501,1026,4601,
67.24975497175201,93875,501,1025,4602,
67.25322919584355,93874,502,1025,4602,
67.25877433670196,93874,501,1026,4602,
67.26144334493274,93874,500,1027,4602,
67.26522257765762,93873,501,1027,4602,
67.26792200762003,93873,500,1028,4602,
67.26973029222931,93873,500,1027,4603,
67.27042740900572,93873,499,1028,4603,
67.27464522611993,93873,499,1027,4604,
67.27812574684967,93873,499,1026,4605,
67.27860440213638,93873,499,1025,4606,
67.281654316477,93872,500,1025,4606,
67.28422793691277,93872,499,1026,4606,
67.28658900693236,93871,500,1026,4606,
67.28747498899232,93870,501,1026,4606,
67.28803858844022,93870,501,1025,4607,
67.29086506856925,93870,501,1024,4608,
67.29102261477595,93870,501,1023,4609,
67.2954628849252,93869,502,1023,4609,
67.30170018557592,93869,502,1022,4610,
67.30264087847563,93869,502,1021,4611,
67.30558808977572,93869,501,1022,4611,
67.31607690067806,93869,500,1023,4611,
67.31738802115686,93869,500,1022,4612,
67.32155426921511,93869,500,1021,4613,
67.3298558055679,93868,501,1021,4613,
67.33144606595745,93868,501,1020,4614,
67.33244247501818,93868,501,1019,4615,
67.33338824191134,93867,502,1019,4615,
67.33870653511782,93867,502,1018,4616,
67.3422711406578,93867,501,1019,4616,
67.34875447178219,93867,500,1020,4616,
67.35041933047599,93866,501,1020,4616,
67.35045669686612,93866,501,1019,4617,
67.35561542280558,93866,501,1018,4618,
67.35572848901933,93866,500,1019,4618,
67.36097663269523,93866,499,1020,4618,
67.36447444400622,93866,498,1021,4618,
67.36636692523476,93865,499,1021,4618,
67.36936348699024,93864,500,1021,4618,
67.37324155481826,93863,501,1021,4618,
67.37360830460153,93862,502,1021,4618,
67.3883025433135,93861,503,1021,4618,
67.39091395145573,93861,503,1020,4619,
67.39126426428706,93861,502,1021,4619,
67.39201632010969,93860,503,1021,4619,
67.40063044540408,93860,502,1022,4619,
67.4031014436484,93860,502,1021,4620,
67.40370510800867,93860,501,1022,4620,
67.40388680333433,93860,500,1023,4620,
67.40410953262852,93860,500,1022,4621,
67.40431008609062,93859,501,1022,4621,
67.40847027882748,93858,502,1022,4621,
67.4236696357434,93857,503,1022,4621,
67.42523557515668,93857,503,1021,4622,
67.42779359067126,93857,502,1022,4622,
67.42842399262297,93857,501,1023,4622,
67.42874107523903,93857,501,1022,4623,
67.43819922404441,93857,501,1021,4624,
67.4394593463378,93857,501,1020,4625,
67.4396787517608,93857,501,1019,4626,
67.44346957967227,93857,501,1018,4627,
67.44912900190153,93857,501,1017,4628,
67.45078707832526,93856,502,1017,4628,
67.45308107376526,93856,502,1016,4629,
67.45551557902158,93856,501,1017,4629,
67.4568000667968,93856,500,1018,4629,
67.45740867201789,93856,500,1017,4630,
67.45841756689717,93856,499,1018,4630,
67.45876440663474,93856,499,1017,4631,
67.47133405050441,93856,499,1016,4632,
67.47303876384451,93856,499,1015,4633,
67.47544648169573,93856,499,1014,4634,
67.47762975368332,93856,499,1013,4635,
67.47795894615155,93855,500,1013,4635,
67.47887844283683,93855,499,1014,4635,
67.4805689372008,93855,498,1015,4635,
67.48152190374756,93855,498,1014,4636,
67.48189767129473,93854,499,1014,4636,
67.48200222563031,93854,498,1015,4636,
67.48332783624012,93854,498,1014,4637,
67.48692168706297,93854,497,1015,4637,
67.49015907775913,93854,496,1016,4637,
67.49370000710624,93854,496,1015,4638,
67.49423355049677,93854,496,1014,4639,
67.50040243452014,93854,496,1013,4640,
67.50121471328772,93853,497,1013,4640,
67.51246977342997,93853,497,1012,4641,
67.51626859051748,93853,496,1013,4641,
67.5222817397061,93852,497,1013,4641,
67.52307623388499,93851,498,1013,4641,
67.52463649315042,93851,498,1012,4642,
67.52491056609901,93851,498,1011,4643,
67.53808399286339,93851,498,1010,4644,
67.53920184631664,93851,497,1011,4644,
67.54339047085713,93851,497,1010,4645,
67.543422188888,93851,496,1011,4645,
67.54446784843586,93851,496,1010,4646,
67.54645798322608,93851,495,1011,4646,
67.54918508575206,93850,496,1011,4646,
67.54978664515441,93850,495,1012,4646,
67.55355257678208,93850,495,1011,4647,
67.55417492562508,93849,496,1011,4647,
67.55437652376598,93848,497,1011,4647,
67.55532665153686,93848,496,1012,4647,
67.55843890603305,93848,495,1013,4647,
67.55941275934345,93848,494,1014,4647,
67.5596338295112,93848,493,1015,4647,
67.56168596272126,93847,494,1015,4647,
67.56313526083574,93847,494,1014,4648,
67.56738495548501,93847,494,1013,4649,
67.57411038758862,93847,494,1012,4650,
67.57590494463615,93847,493,1013,4650,
67.58233466575508,93847,493,1012,4651,
67.58396553806432,93847,493,1011,4652,
67.58783228804089,93847,492,1012,4652,
67.58823713489417,93847,491,1013,4652,
67.5907815404932,93847,491,1012,4653,
67.59925319286477,93847,491,1011,4654,
67.60649160786721,93847,491,1010,4655,
67.60764021188378,93846,492,1010,4655,
67.61053612382493,93846,491,1011,4655,
67.61200845893757,93846,491,1010,4656,
67.61625279099877,93845,492,1010,4656,
67.61889339261836,93845,492,1009,4657,
67.61961836659103,93845,491,1010,4657,
67.62016837374988,93844,492,1010,4657,
67.62097262914918,93843,493,1010,4657,
67.62456339906757,93842,494,1010,4657,
67.629160150709,93841,495,1010,4657,
67.63469587009222,93840,496,1010,4657,
67.6380317050828,93839,497,1010,4657,
67.64619252956777,93838,498,1010,4657,
67.64707577711036,93838,497,1011,4657,
67.65056797684791,93838,497,1010,4658,
67.65645449244593,93838,496,1011,4658,
67.66034420826843,93838,496,1010,4659,
67.66793543963146,93837,497,1010,4659,
67.66887654273972,93837,496,1011,4659,
67.66962136424786,93837,496,1010,4660,
67.67090921514293,93836,497,1010,4660,
67.67148694445925,93836,497,1009,4661,
67.67298236315555,93835,498,1009,4661,
67.67406528077981,93835,497,1010,4661,
67.67495135505229,93834,498,1010,4661,
67.68284003273882,93834,498,1009,4662,
67.68426643444863,93833,499,1009,4662,
67.68622354888159,93833,499,1008,4663,
67.68901464069475,93832,500,1008,4663,
67.69356629711645,93832,500,1007,4664,
67.69582240196489,93832,499,1008,4664,
67.7087741112933,93832,499,1007,4665,
67.71336802195216,93832,499,1006,4666,
67.71683886600371,93832,499,1005,4667,
67.71744672890361,93832,498,1006,4667,
67.71892389178171,93832,498,1005,4668,
67.7262328829996,93832,497,1006,4668,
67.72710281440943,93832,496,1007,4668,
67.73085700642696,93832,495,1008,4668,
67.73250072406657,93832,495,1007,4669,
67.73306092870192,93832,495,1006,4670,
67.74586316571363,93831,496,1006,4670,
67.74952222207592,93831,496,1005,4671,
67.7577885757371,93830,497,1005,4671,
67.76015521072667,93830,496,1006,4671,
67.76258491298402,93830,496,1005,4672,
67.76869410125667,93830,496,1004,4673,
67.76885399508643,93830,495,1005,4673,
67.77078630603675,93830,494,1006,4673,
67.7726830047857,93829,495,1006,4673,
67.779890797661,93829,494,1007,4673,
67.78064402662781,93829,493,1008,4673,
67.78413402359593,93829,493,1007,4674,
67.7870466935148,93829,493,1006,4675,
67.79835976720568,93829,492,1007,4675,
67.79875106958161,93829,492,1006,4676,
67.80178880438123,93828,493,1006,4676,
67.8061689131091,93828,492,1007,4676,
67.80842289783818,93827,493,1007,4676,
67.80899049956987,93827,493,1006,4677,
67.80922019971726,93826,494,1006,4677,
67.81203016713802,93826,494,1005,4678,
67.81410929794023,93826,493,1006,4678,
67.81438817759943,93825,494,1006,4678,
67.82127975944324,93824,495,1006,4678,
67.82419440531952,93824,494,1007,4678,
67.82614866177828,93824,494,1006,4679,
67.83585157059943,93824,494,1005,4680,
67.83649780944965,93824,494,1004,4681,
67.83750603281453,93824,493,1005,4681,
67.84079039802927,93823,494,1005,4681,
67.84166118761145,93823,493,1006,4681,
67.84199760733378,93822,494,1006,4681,
67.8422284592543,93822,494,1005,4682,
67.8458553457443,93822,494,1004,4683,
67.84611586308411,93821,495,1004,4683,
67.84937706402813,93820,496,1004,4683,
67.84976901756147,93820,496,1003,4684,
67.85060196460755,93820,496,1002,4685,
67.85511197362038,93820,495,1003,4685,
67.85684340609538,93819,496,1003,4685,
67.85744245067536,93819,495,1004,4685,
67.85893956278643,93818,496,1004,4685,
67.85922198941952,93818,496,1003,4686,
67.86194509724544,93818,495,1004,4686,
67.86714783883684,93818,495,1003,4687,
67.86781461968803,93817,496,1003,4687,
67.87205220759787,93817,495,1004,4687,
67.8759913198191,93817,495,1003,4688,
67.87958745255092,93816,496,1003,4688,
67.88058930583006,93816,496,1002,4689,
67.88293929036877,93815,497,1002,4689,
67.88308361147436,93815,496,1003,4689,
67.88742807399288,93815,496,1002,4690,
67.88813176700171,93814,497,1002,4690,
67.8885338708893,93814,496,1003,4690,
67.89925575991226,93813,497,1003,4690,
67.90030589297507,93812,498,1003,4690,
67.90237621742824,93812,497,1004,4690,
67.9063763069813,93812,496,1005,4690,
67.91132707269914,93812,496,1004,4691,
67.91319526272778,93812,496,1003,4692,
67.91407088105123,93812,496,1002,4693,
67.91519646366231,93812,495,1003,4693,
67.9193723148093,93811,496,1003,4693,
67.92154759584375,93811,496,1002,4694,
67.92386076893548,93810,497,1002,4694,
67.9249854018592,93810,496,1003,4694,
67.93070233303916,93809,497,1003,4694,
67.93308164909054,93808,498,1003,4694,
67.93376280076245,93808,497,1004,4694,
67.93413352395454,93808,497,1003,4695,
67.94556205727557,93807,498,1003,4695,
67.95141482483712,93806,499,1003,4695,
67.9570809564262,93806,498,1004,4695,
67.95898470723887,93806,497,1005,4695,
67.96083645466317,93806,496,1006,4695,
67.96295230345052,93806,496,1005,4696,
67.96490371945418,93806,496,1004,4697,
67.96526593458381,93806,495,1005,4697,
67.97315514605128,93806,494,1006,4697,
67.97333957164668,93806,494,1005,4698,
67.97586969529871,93806,494,1004,4699,
67.97627657046402,93806,493,1005,4699,
67.9815984529127,93805,494,1005,4699,
67.99135372057358,93805,494,1004,4700,
67.99655897361257,93805,494,1003,4701,
67.99722285364156,93805,494,1002,4702,
67.99772936836823,93805,494,1001,4703,
67.99786736181359,93804,495,1001,4703,
67.99913445167047,93803,496,1001,4703,
68.00222849872873,93803,495,1002,4703,
68.00431780509973,93802,496,1002,4703,
68.00504372229707,93801,497,1002,4703,
68.0137002130098,93801,496,1003,4703,
68.01413547160314,93801,495,1004,4703,
68.01602836821563,93800,496,1004,4703,
68.01755711222873,93800,495,1005,4703,
68.0177280138186,93800,494,1006,4703,
68.0206000771891,93799,495,1006,4703,
68.02605455793284,93798,496,1006,4703,
68.02676965118248,93798,496,1005,4704,
68.02964896669191,93797,497,1005,4704,
68.02966295114923,93797,496,1006,4704,
68.03428763212,93797,495,1007,4704,
68.0429943472968,93797,495,1006,4705,
68.045837509242,93797,495,1005,4706,
68.0478262507354,93796,496,1005,4706,
68.05058419352602,93795,497,1005,4706,
68.05439455163727,93794,498,1005,4706,
68.05784282319931,93794,497,1006,4706,
68.05821647738483,93793,498,1006,4706,
68.05885105412261,93793,497,1007,4706,
68.06209816126139,93793,497,1006,4707,
68.06275990737359,93793,496,1007,4707,
68.06384146283479,93793,496,1006,4708,
68.0656192616685,93792,497,1006,4708,
68.0756873985652,93792,497,1005,4709,
68.07591299910149,93791,498,1005,4709,
68.07620327804572,93791,498,1004,4710,
68.08257583418565,93791,498,1003,4711,
68.08387186255376,93790,499,1003,4711,
68.08441492642596,93790,499,1002,4712,
68.09472201332883,93790,499,1001,4713,
68.09953128584286,93790,498,1002,4713,
68.10319716236977,93790,497,1003,4713,
68.1048418134766,93790,496,1004,4713,
68.10532403189688,93790,496,1003,4714,
68.1060642300386,93790,495,1004,4714,
68.11046983603937,93789,496,1004,4714,
68.11047114466467,93789,495,1005,4714,
68.11242322319463,93789,495,1004,4715,
68.1140133925801,93789,494,1005,4715,
68.11702642737326,93789,494,1004,4716,
68.1200212885878,93789,493,1005,4716,
68.12397331223352,93789,492,1006,4716,
68.12522550482366,93789,491,1007,4716,
68.1332163968138,93789,491,1006,4717,
68.13830721515605,93789,491,1005,4718,
68.14281311701332,93789,491,1004,4719,
68.15657009827314,93789,491,1003,4720,
68.15706158790474,93789,491,1002,4721,
68.16644282038354,93788,492,1002,4721,
68.16675488474874,93788,491,1003,4721,
68.16745187464315,93788,490,1004,4721,
68.16935177785975,93788,490,1003,4722,
68.16995661173242,93788,489,1004,4722,
68.17302273212206,93787,490,1004,4722,
68.17322797032584,93786,491,1004,4722,
68.1733074766497,93785,492,1004,4722,
68.17529560802063,93785,492,1003,4723,
68.18328221767241,93785,491,1004,4723,
68.18508953072646,93784,492,1004,4723,
68.18858691183478,93784,491,1005,4723,
68.18931969091777,93783,492,1005,4723,
68.19068741330834,93783,491,1006,4723,
68.19211259218669,93783,490,1007,4723,
68.19828967827651,93782,491,1007,4723,
68.2020121340728,93782,490,1008,4723,
68.20506888256125,93782,489,1009,4723,
68.20681488393197,93782,489,1008,4724,
68.20897778658852,93782,488,1009,4724,
68.21124113925207,93782,488,1008,4725,
68.21777173029102,93782,487,1009,4725,
68.21835489786258,93782,486,1010,4725,
68.2244581413112,93782,485,1011,4725,
68.22941983522183,93782,485,1010,4726,
68.23094299534708,93781,486,1010,4726,
68.2331958454993,93780,487,1010,4726,
68.23388503226988,93780,486,1011,4726,
68.23524318948503,93780,485,1012,4726,
68.24009384977063,93779,486,1012,4726,
68.24177543171854,93779,486,1011,4727,
68.2443518901951,93779,485,1012,4727,
68.2475248260114,93778,486,1012,4727,
68.25237037648667,93778,485,1013,4727,
68.25366458249232,93778,484,1014,4727,
68.25687902286668,93778,484,1013,4728,
68.25689701745121,93778,483,1014,4728,
68.2782014816986,93778,482,1015,4728,
68.2788890585183,93778,482,1014,4729,
68.27966056441568,93778,482,1013,4730,
68.29378179742777,93777,483,1013,4730,
68.29888333591587,93777,482,1014,4730,
68.30238531690121,93777,482,1013,4731,
68.30472967624846,93777,482,1012,4732,
68.30593561447265,93777,481,1013,4732,
68.30648908637869,93777,480,1014,4732,
68.31074703889047,93777,479,1015,4732,
68.3140930856982,93777,479,1014,4733,
68.31916330262136,93777,479,1013,4734,
68.31945246973429,93777,478,1014,4734,
68.32005332657447,93776,479,1014,4734,
68.32478701203459,93776,479,1013,4735,
68.32718511921252,93775,480,1013,4735,
68.32733466907844,93775,480,1012,4736,
68.33162765088296,93775,480,1011,4737,
68.33662070776423,93774,481,1011,4737,
68.33681393697478,93774,480,1012,4737,
68.34364556486537,93774,480,1011,4738,
68.34554915969477,93773,481,1011,4738,
68.35181640092699,93773,481,1010,4739,
68.35195733434895,93773,481,1009,4740,
68.35625278168119,93773,480,1010,4740,
68.3567505798593,93772,481,1010,4740,
68.3584176596597,93772,480,1011,4740,
68.36623043266728,93772,479,1012,4740,
68.36918141325731,93771,480,1012,4740,
68.36922304929149,93771,479,1013,4740,
68.37374012920387,93771,478,1014,4740,
68.3740803514867,93771,478,1013,4741,
68.37434814245589,93771,477,1014,4741,
68.37849167822367,93771,476,1015,4741,
68.3804843036412,93771,475,1016,4741,
68.38185534821284,93771,475,1015,4742,
68.38191847199589,93771,474,1016,4742,
68.38202596298778,93770,475,1016,4742,
68.38589959243748,93770,474,1017,4742,
68.38646690161106,93769,475,1017,4742,
68.39512200387965,93768,476,1017,4742,
68.39596550968415,93768,476,1016,4743,
68.40904509272193,93767,477,1016,4743,
68.41272535844246,93766,478,1016,4743,
68.41420625899099,93766,478,1015,4744,
68.42403699245872,93765,479,1015,4744,
68.42579645831756,93765,478,1016,4744,
68.43219570360824,93765,478,1015,4745,
68.43391818975903,93765,478,1014,4746,
68.44510058462393,93764,479,1014,4746,
68.44835874174242,93763,480,1014,4746,
68.45239730397795,93763,480,1013,4747,
68.45640808357307,93763,480,1012,4748,
68.45666223499435,93763,480,1011,4749,
68.46544565326857,93763,479,1012,4749,
68.46552314946737,93763,479,1011,4750,
68.46987080165307,93762,480,1011,4750,
68.47952688923938,93762,480,1010,4751,
68.48059782571899,93762,479,1011,4751,
68.4856214825702,93762,479,1010,4752,
68.49047985875113,93761,480,1010,4752,
68.49107034753148,93760,481,1010,4752,
68.49266520686953,93760,480,1011,4752,
68.49302850320115,93760,480,1010,4753,
68.49386960145752,93760,479,1011,4753,
68.49767626036186,93759,480,1011,4753,
68.49852519649826,93759,480,1010,4754,
68.50043385172798,93759,479,1011,4754,
68.50242823122805,93758,480,1011,4754,
68.5029458850157,93758,480,1010,4755,
68.50439734771459,93758,480,1009,4756,
68.5126427380936,93758,479,1010,4756,
68.51430799702037,93758,479,1009,4757,
68.51530881140248,93758,479,1008,4758,
68.51616534311393,93758,479,1007,4759,
68.51790650146908,93758,479,1006,4760,
68.52155310763246,93758,479,1005,4761,
68.52187625293529,93758,478,1006,4761,
68.52313785327249,93758,478,1005,4762,
68.52320696351805,93758,478,1004,4763,
68.53048354493774,93758,477,1005,4763,
68.53634669200565,93758,477,1004,4764,
68.54393499677406,93758,477,1003,4765,
68.54513424077568,93758,477,1002,4766,
68.54597454145899,93758,477,1001,4767,
68.54662009498985,93757,478,1001,4767,
68.54800342653718,93757,477,1002,4767,
68.55115542561576,93757,476,1003,4767,
68.55261742129947,93757,475,1004,4767,
68.55776499745838,93757,474,1005,4767,
68.55838065572124,93757,474,1004,4768,
68.56489765824756,93757,473,1005,4768,
68.56626594404513,93757,472,1006,4768,
68.56787278506592,93757,471,1007,4768,
68.56874890320864,93757,470,1008,4768,
68.5693718187018,93757,470,1007,4769,
68.5701798322802,93757,469,1008,4769,
68.57427720550197,93757,468,1009,4769,
68.5743784014054,93757,468,1008,4770,
68.57654594762337,93757,468,1007,4771,
68.578846530643,93757,467,1008,4771,
68.58007803470532,93756,468,1008,4771,
68.58651105299333,93756,468,1007,4772,
68.58658019528343,93756,467,1008,4772,
68.59060407343385,93755,468,1008,4772,
68.59258352347189,93755,468,1007,4773,
68.59262246901008,93754,469,1007,4773,
68.59279972502151,93754,468,1008,4773,
68.59453677143823,93753,469,1008,4773,
68.59513148455338,93753,469,1007,4774,
68.59985402030918,93752,470,1007,4774,
68.60304160181897,93751,471,1007,4774,
68.60814644345965,93751,471,1006,4775,
68.616307904655,93751,470,1007,4775,
68.61959535074834,93751,470,1006,4776,
68.62123504527108,93751,470,1005,4777,
68.62184854719993,93750,471,1005,4777,
68.62532925048035,93750,470,1006,4777,
68.62643218678753,93750,469,1007,4777,
68.63953830396042,93750,468,1008,4777,
68.64179866271284,93750,468,1007,4778,
68.64296954230127,93750,468,1006,4779,
68.65578405703666,93750,468,1005,4780,
68.65659401501503,93749,469,1005,4780,
68.65812209429077,93749,468,1006,4780,
68.65848637530057,93748,469,1006,4780,
68.65943253992103,93747,470,1006,4780,
68.66160329029165,93747,470,1005,4781,
68.66531469522019,93747,470,1004,4782,
68.66866567825755,93747,469,1005,4782,
68.66919209497082,93746,470,1005,4782,
68.67031522771096,93746,470,1004,4783,
68.67374206987995,93745,471,1004,4783,
68.67419888926078,93744,472,1004,4783,
68.67534298772563,93744,472,1003,4784,
68.67804916917586,93744,472,1002,4785,
68.68149094196265,93744,471,1003,4785,
68.69325482259981,93744,470,1004,4785,
68.6952142304528,93744,469,1005,4785,
68.70086133108879,93744,468,1006,4785,
68.7061575698032,93743,469,1006,4785,
68.71180895609416,93743,469,1005,4786,
68.71566712624897,93743,469,1004,4787,
68.71687637610337,93742,470,1004,4787,
68.71762125028161,93741,471,1004,4787,
68.72269052850369,93740,472,1004,4787,
68.7256240217059,93740,471,1005,4787,
68.72620815188249,93740,471,1004,4788,
68.73074989712379,93740,470,1005,4788,
68.73617531175765,93739,471,1005,4788,
68.7425316988475,93739,470,1006,4788,
68.74680092263101,93739,470,1005,4789,
68.74945025017628,93739,470,1004,4790,
68.74948793008268,93738,471,1004,4790,
68.7517109315014,93738,471,1003,4791,
68.75272096294049,93737,472,1003,4791,
68.75532052021919,93737,472,1002,4792,
68.75721533321916,93737,471,1003,4792,
68.75813282717684,93737,471,1002,4793,
68.75889160497158,93737,471,1001,4794,
68.76281653986467,93736,472,1001,4794,
68.76377571284328,93735,473,1001,4794,
68.77550080860975,93735,472,1002,4794,
68.77805882447456,93735,472,1001,4795,
68.7796552395278,93735,472,1000,4796,
68.78088761179593,93735,472,999,4797,
68.78463101951425,93735,471,1000,4797,
68.79170838674804,93735,471,999,4798,
68.79294013747081,93735,471,998,4799,
68.7940131263248,93735,470,999,4799,
68.79421701006666,93735,469,1000,4799,
68.79470814037377,93734,470,1000,4799,
68.7947106341315,93734,470,999,4800,
68.79518876825605,93733,471,999,4800,
68.8010964012071,93733,470,1000,4800,
68.80184521777494,93733,470,999,4801,
68.80236710380468,93733,469,1000,4801,
68.80537710175943,93732,470,1000,4801,
68.80902437146491,93732,469,1001,4801,
68.80906313984369,93732,469,1000,4802,
68.8183429106586,93731,470,1000,4802,
68.81878002666951,93730,471,1000,4802,
68.8190254592761,93730,470,1001,4802,
68.8255408938403,93730,469,1002,4802,
68.8266033792385,93730,469,1001,4803,
68.82770389720253,93729,470,1001,4803,
68.82827423666839,93728,471,1001,4803,
68.82857146660349,93728,470,1002,4803,
68.83017064531955,93728,469,1003,4803,
68.83137067701904,93728,469,1002,4804,
68.83162735656762,93727,470,1002,4804,
68.8325357041989,93727,470,1001,4805,
68.83363699757163,93726,471,1001,4805,
68.83440118473261,93726,471,1000,4806,
68.83713776790898,93726,471,999,4807,
68.84164534770392,93726,471,998,4808,
68.84344864996915,93726,471,997,4809,
68.84519195395768,93725,472,997,4809,
68.84768571819087,93725,472,996,4810,
68.84856512309499,93725,472,995,4811,
68.84893620446604,93725,471,996,4811,
68.85193266961848,93725,470,997,4811,
68.8531224517462,93724,471,997,4811,
68.85461609236886,93724,470,998,4811,
68.85477760971318,93723,471,998,4811,
68.85598248802108,93722,472,998,4811,
68.85631721129117,93721,473,998,4811,
68.85652673607447,93720,474,998,4811,
68.86038265724625,93720,474,997,4812,
68.86427639988612,93720,473,998,4812,
68.87030965026105,93720,473,997,4813,
68.87263422836557,93719,474,997,4813,
68.87788533846724,93719,474,996,4814,
68.87994051290255,93718,475,996,4814,
68.88233662627921,93718,475,995,4815,
68.88424331093447,93718,474,996,4815,
68.88441558322077,93718,474,995,4816,
68.89317276419766,93717,475,995,4816,
68.89692968133157,93717,475,994,4817,
68.8976896043557,93716,476,994,4817,
68.90435786245122,93716,475,995,4817,
68.90536059306578,93716,474,996,4817,
68.90563152327562,93715,475,996,4817,
68.909950648908,93714,476,996,4817,
68.91165289833867,93713,477,996,4817,
68.91598656136131,93713,476,997,4817,
68.91667721419198,93713,476,996,4818,
68.91675270447287,93713,476,995,4819,
68.9247406060567,93712,477,995,4819,
68.93061689716886,93712,476,996,4819,
68.93179388758314,93711,477,996,4819,
68.93379817109981,93711,476,997,4819,
68.93864178450657,93711,475,998,4819,
68.94177785517128,93711,475,997,4820,
68.9441264498429,93711,474,998,4820,
68.94945895933986,93711,474,997,4821,
68.95055118786546,93710,475,997,4821,
68.9535087763934,93710,474,998,4821,
68.95427046117511,93710,473,999,4821,
68.95786231120503,93709,474,999,4821,
68.96088406427222,93709,473,1000,4821,
68.9628409345304,93709,472,1001,4821,
68.96359427714042,93709,472,1000,4822,
68.9719477118395,93709,472,999,4823,
68.97302455280158,93709,472,998,4824,
68.97366916541128,93709,471,999,4824,
68.9790384856123,93709,471,998,4825,
68.9821641641464,93709,470,999,4825,
68.99253418704842,93708,471,999,4825,
68.99322442228708,93708,471,998,4826,
68.99987114173375,93708,470,999,4826,
69.0009900886502,93708,469,1000,4826,
69.00193798369116,93708,468,1001,4826,
69.00460544406174,93707,469,1001,4826,
69.00544096536439,93707,468,1002,4826,
69.01869063951341,93707,468,1001,4827,
69.01917758585924,93707,467,1002,4827,
69.0217069114168,93706,468,1002,4827,
69.02615431953812,93706,467,1003,4827,
69.026243914745,93705,468,1003,4827,
69.0308339630108,93705,467,1004,4827,
69.03451138825255,93704,468,1004,4827,
69.04033665743985,93704,467,1005,4827,
69.04055602387727,93704,467,1004,4828,
69.04158721476892,93704,467,1003,4829,
69.04214497386343,93704,467,1002,4830,
69.04427495344535,93704,467,1001,4831,
69.04598338609989,93704,466,1002,4831,
69.04605300338847,93704,466,1001,4832,
69.05147505625395,93704,466,1000,4833,
69.05329080814074,93703,467,1000,4833,
69.0570551314558,93702,468,1000,4833,
69.05802474863808,93701,469,1000,4833,
69.05843785466746,93701,468,1001,4833,
69.0594417322487,93700,469,1001,4833,
69.05990536714218,93700,469,1000,4834,
69.06930457555478,93699,470,1000,4834,
69.06934754899326,93699,469,1001,4834,
69.0715571962564,93699,468,1002,4834,
69.07499428073426,93699,467,1003,4834,
69.07871413061257,93699,466,1004,4834,
69.080201375451,93699,466,1003,4835,
69.08079363285114,93699,465,1004,4835,
69.08083536219175,93699,465,1003,4836,
69.08405775471302,93698,466,1003,4836,
69.0853049884378,93697,467,1003,4836,
69.08723024023075,93697,467,1002,4837,
69.0985271356931,93697,467,1001,4838,
69.09884322384515,93697,466,1002,4838,
69.0990683152002,93697,465,1003,4838,
69.09952730738591,93696,466,1003,4838,
69.09982746696193,93695,467,1003,4838,
69.10035917904192,93695,466,1004,4838,
69.10204923172424,93695,466,1003,4839,
69.10898190902218,93695,465,1004,4839,
69.10974015758322,93694,466,1004,4839,
69.11011198425244,93693,467,1004,4839,
69.1101369235997,93693,466,1005,4839,
69.1116933319851,93693,466,1004,4840,
69.12223889102752,93692,467,1004,4840,
69.12371817712457,93692,467,1003,4841,
69.12784249040199,93692,466,1004,4841,
69.12884874065357,93692,465,1005,4841,
69.13095962142671,93691,466,1005,4841,
69.13512016180063,93691,465,1006,4841,
69.15488802868018,93691,465,1005,4842,
69.16101309581515,93690,466,1005,4842,
69.16733944606761,93690,465,1006,4842,
69.16736678119517,93690,465,1005,4843,
69.16814165810302,93690,464,1006,4843,
69.1689283910357,93690,464,1005,4844,
69.16893481330158,93690,463,1006,4844,
69.17071971158518,93689,464,1006,4844,
69.17435574775966,93689,464,1005,4845,
69.17462896225689,93688,465,1005,4845,
69.17488319779734,93687,466,1005,4845,
69.17536426444765,93686,467,1005,4845,
69.17707691554409,93686,467,1004,4846,
69.17986468091914,93686,467,1003,4847,
69.18673769621532,93685,468,1003,4847,
69.19174315376303,93685,467,1004,4847,
69.19405230715853,93685,467,1003,4848,
69.19903021764945,93684,468,1003,4848,
69.20446195877801,93684,468,1002,4849,
69.20487298000667,93684,467,1003,4849,
69.20870071402535,93684,467,1002,4850,
69.21296444765643,93683,468,1002,4850,
69.21365056376874,93683,468,1001,4851,
69.2199298692361,93683,467,1002,4851,
69.22028836204188,93682,468,1002,4851,
69.22497163307841,93682,468,1001,4852,
69.2301181581042,93681,469,1001,4852,
69.23049910106964,93681,469,1000,4853,
69.23138808932914,93680,470,1000,4853,
69.24106614648105,93680,469,1001,4853,
69.2431899817838,93680,468,1002,4853,
69.24596729775418,93680,467,1003,4853,
69.24878940951865,93679,468,1003,4853,
69.25366194156419,93679,468,1002,4854,
69.25643220160524,93679,468,1001,4855,
69.25659745797489,93679,467,1002,4855,
69.25820313404995,93679,466,1003,4855,
69.25916236686163,93679,466,1002,4856,
69.26065705574278,93679,466,1001,4857,
69.26111511065908,93678,467,1001,4857,
69.2628784067089,93678,467,1000,4858,
69.26316243592873,93678,467,999,4859,
69.26703977133656,93678,466,1000,4859,
69.26793697262525,93677,467,1000,4859,
69.26838158033564,93677,466,1001,4859,
69.26854824163871,93677,466,1000,4860,
69.27029896074349,93677,466,999,4861,
69.27039696283762,93677,465,1000,4861,
69.27423362382449,93677,464,1001,4861,
69.27714981494991,93676,465,1001,4861,
69.27819300824518,93676,465,1000,4862,
69.28209249666692,93676,464,1001,4862,
69.29083872305125,93676,464,1000,4863,
69.29512058412041,93675,465,1000,4863,
69.2982490795174,93675,465,999,4864,
69.29982701406105,93675,465,998,4865,
69.30055852983595,93675,465,997,4866,
69.30460879423221,93674,466,997,4866,
69.30644189361819,93673,467,997,4866,
69.31670283553747,93673,467,996,4867,
69.31796504868541,93672,468,996,4867,
69.32130127131782,93672,468,995,4868,
69.32414812106812,93672,467,996,4868,
69.33240864290136,93671,468,996,4868,
69.3364346101782,93671,468,995,4869,
69.34183062093592,93671,468,994,4870,
69.34851551743922,93671,467,995,4870,
69.3490954248583,93671,466,996,4870,
69.34918106174358,93671,466,995,4871,
69.35102358623087,93671,465,996,4871,
69.354757008514,93670,466,996,4871,
69.35897695260155,93670,465,997,4871,
69.36156624131496,93669,466,997,4871,
69.36897002156351,93669,465,998,4871,
69.36902916273898,93668,466,998,4871,
69.3717793396359,93668,466,997,4872,
69.3800285482894,93668,466,996,4873,
69.39180238682582,93667,467,996,4873,
69.39752853782372,93666,468,996,4873,
69.39831816338847,93665,469,996,4873,
69.40765804063908,93665,469,995,4874,
69.4079457196508,93665,469,994,4875,
69.40879464959943,93665,469,993,4876,
69.41068791376323,93665,468,994,4876,
69.41121031298181,93665,468,993,4877,
69.41902645249426,93664,469,993,4877,
69.4196692367823,93664,469,992,4878,
69.42147421268221,93663,470,992,4878,
69.42407730009303,93663,470,991,4879,
69.42503248478147,93663,469,992,4879,
69.42841991970026,93663,469,991,4880,
69.43649426436848,93663,468,992,4880,
69.43741141969011,93663,468,991,4881,
69.4393978270962,93663,468,990,4882,
69.43942700618399,93663,467,991,4882,
69.44402441590066,93663,466,992,4882,
69.44843597347511,93663,466,991,4883,
69.4505064665119,93662,467,991,4883,
69.45062095155343,93661,468,991,4883,
69.45165842042505,93660,469,991,4883,
69.45301087437635,93659,470,991,4883,
69.45810931437381,93659,470,990,4884,
69.465126436161,93659,470,989,4885,
69.47038269698214,93659,469,990,4885,
69.47388480534005,93659,469,989,4886,
69.4865120791533,93659,468,990,4886,
69.48797662528355,93658,469,990,4886,
69.48812030290898,93657,470,990,4886,
69.49145688878096,93657,470,989,4887,
69.4915675917843,93657,470,988,4888,
69.4930843973108,93656,471,988,4888,
69.49486984412913,93656,471,987,4889,
69.49867580777071,93656,470,988,4889,
69.50225849250592,93656,469,989,4889,
69.50606328308707,93656,469,988,4890,
69.50772910197193,93656,468,989,4890,
69.50989804703399,93656,468,988,4891,
69.51012639649578,93656,467,989,4891,
69.51069627063256,93656,467,988,4892,
69.51460765598509,93656,466,989,4892,
69.51806170233714,93656,466,988,4893,
69.52480296392496,93655,467,988,4893,
69.53598558532444,93654,468,988,4893,
69.53776444972956,93654,467,989,4893,
69.54012703505637,93654,466,990,4893,
69.5458180776384,93653,467,990,4893,
69.55158078623208,93653,466,991,4893,
69.55198116165961,93652,467,991,4893,
69.55223178184966,93652,467,990,4894,
69.55316042410789,93651,468,990,4894,
69.55484000187253,93650,469,990,4894,
69.5638328889455,93650,469,989,4895,
69.56423753488944,93650,469,988,4896,
69.56425274754899,93649,470,988,4896,
69.564384214981,93648,471,988,4896,
69.56629268991746,93648,470,989,4896,
69.57532500637026,93648,470,988,4897,
69.57646637692736,93647,471,988,4897,
69.58653794397118,93647,471,987,4898,
69.58957346729389,93646,472,987,4898,
69.58961787716544,93646,472,986,4899,
69.59042330846385,93645,473,986,4899,
69.59157919418227,93644,474,986,4899,
69.59616354018826,93644,474,985,4900,
69.59863795428707,93644,474,984,4901,
69.60332160135161,93644,474,983,4902,
69.60861634950399,93644,473,984,4902,
69.61487301786802,93644,473,983,4903,
69.61910230094884,93644,473,982,4904,
69.61999334950598,93644,473,981,4905,
69.62067489971645,93644,472,982,4905,
69.62130573369589,93644,472,981,4906,
69.62566231902473,93643,473,981,4906,
69.62997924829064,93642,474,981,4906,
69.63020171596976,93642,473,982,4906,
69.63063648628928,93641,474,982,4906,
69.63104712238803,93640,475,982,4906,
69.63154536317128,93640,474,983,4906,
69.64880198306355,93640,473,984,4906,
69.64981604862851,93640,472,985,4906,
69.65102952424391,93639,473,985,4906,
69.6588908442146,93639,472,986,4906,
69.6589091884899,93638,473,986,4906,
69.662535938965,93638,472,987,4906,
69.6632344179915,93637,473,987,4906,
69.66771992601016,93636,474,987,4906,
69.669305647834,93636,473,988,4906,
69.67039892576142,93636,472,989,4906,
69.67379857223965,93636,472,988,4907,
69.68515225471572,93635,473,988,4907,
69.69248097339229,93635,473,987,4908,
69.69457917278328,93634,474,987,4908,
69.69782015801101,93634,474,986,4909,
69.70565371234579,93634,474,985,4910,
69.71380348382087,93633,475,985,4910,
69.71600132786448,93633,475,984,4911,
69.71625565318158,93633,475,983,4912,
69.72163195414404,93633,475,982,4913,
69.7273760288468,93632,476,982,4913,
69.72815123181444,93632,475,983,4913,
69.7306370913176,93631,476,983,4913,
69.732634099673,93631,476,982,4914,
69.73403226749669,93631,475,983,4914,
69.73477473885902,93631,474,984,4914,
69.73512693526756,93631,473,985,4914,
69.73785134936915,93631,473,984,4915,
69.73803523478212,93631,473,983,4916,
69.74169025516615,93630,474,983,4916,
69.7433221225007,93630,474,982,4917,
69.74750824890472,93630,474,981,4918,
69.75043322135824,93630,474,980,4919,
69.752016217257,93630,474,979,4920,
69.75324953892427,93630,473,980,4920,
69.76210619180974,93630,473,979,4921,
69.76412657718035,93629,474,979,4921,
69.76489874138582,93629,474,978,4922,
69.76795909696949,93628,475,978,4922,
69.77144298393802,93628,475,977,4923,
69.77690362638414,93628,475,976,4924,
69.79907768985524,93628,474,977,4924,
69.80190251604137,93627,475,977,4924,
69.8030097479799,93627,474,978,4924,
69.80442882274954,93627,474,977,4925,
69.81674401859945,93627,473,978,4925,
69.81840123408216,93627,472,979,4925,
69.8192100533511,93627,472,978,4926,
69.83051806622038,93627,471,979,4926,
69.83165536960098,93626,472,979,4926,
69.8349871701545,93626,471,980,4926,
69.83528933860549,93626,470,981,4926,
69.84124725168847,93626,470,980,4927,
69.8414383713438,93625,471,980,4927,
69.84253754651147,93625,471,979,4928,
69.84308759382618,93625,471,978,4929,
69.84319054517572,93625,471,977,4930,
69.84557892525056,93624,472,977,4930,
69.84936394716902,93624,472,976,4931,
69.85054519256668,93624,472,975,4932,
69.85712853569284,93624,472,974,4933,
69.85960937894303,93623,473,974,4933,
69.86177168288309,93623,473,973,4934,
69.86591599765173,93623,473,972,4935,
69.87405530374916,93623,472,973,4935,
69.875667809012,93623,472,972,4936,
69.87850208521965,93623,472,971,4937,
69.8820385857455,93623,471,972,4937,
69.88483611119358,93623,471,971,4938,
69.88688301451711,93622,472,971,4938,
69.88771709016753,93622,472,970,4939,
69.89109788711147,93622,472,969,4940,
69.89191747553053,93621,473,969,4940,
69.89357263272575,93621,472,970,4940,
69.894873869206,93621,472,969,4941,
69.9037732048667,93621,471,970,4941,
69.90576861806659,93621,471,969,4942,
69.90664579108198,93620,472,969,4942,
69.91178994229018,93620,471,970,4942,
69.91274299883531,93620,470,971,4942,
69.91516548386195,93620,470,970,4943,
69.92094530257344,93619,471,970,4943,
69.92342220527848,93619,471,969,4944,
69.93097429695146,93618,472,969,4944,
69.93715536198991,93618,471,970,4944,
69.9471617060121,93618,470,971,4944,
69.9480865842994,93617,471,971,4944,
69.94824486230965,93617,471,970,4945,
69.94996179699709,93617,470,971,4945,
69.95390023688334,93616,471,971,4945,
69.95393474983112,93615,472,971,4945,
69.95604309708465,93615,471,972,4945,
69.96385174542544,93615,471,971,4946,
69.96541266518494,93615,471,970,4947,
69.96849526475535,93615,471,969,4948,
69.9713875461568,93615,470,970,4948,
69.97314839466877,93615,470,969,4949,
69.97795817875745,93615,469,970,4949,
69.98455435825294,93615,469,969,4950,
69.9897516485854,93614,470,969,4950,
69.99228467549477,93613,471,969,4950,
70.00604637816272,93613,470,970,4950,
70.00981577490927,93613,469,971,4950,
70.01111524808769,93613,469,970,4951,
70.01360103148077,93613,469,969,4952,
70.01482689390691,93613,468,970,4952,
70.02279321164978,93612,469,970,4952,
70.02383669434468,93612,469,969,4953,
70.02535305773941,93612,469,968,4954,
70.03567203924831,93612,468,969,4954,
70.03974758680802,93612,468,968,4955,
70.04567281333382,93611,469,968,4955,
70.04995837865802,93610,470,968,4955,
70.05422422364191,93610,470,967,4956,
70.05758630636664,93609,471,967,4956,
70.05768770298292,93608,472,967,4956,
70.05860078898853,93608,472,966,4957,
70.05956043927364,93607,473,966,4957,
70.07274089997175,93607,473,965,4958,
70.0809639018404,93606,474,965,4958,
70.08720741806701,93606,474,964,4959,
70.08822616081395,93606,474,963,4960,
70.09082506662116,93605,475,963,4960,
70.0927027018615,93605,474,964,4960,
70.0928867243577,93605,473,965,4960,
70.09578166370191,93605,472,966,4960,
70.1095016390001,93605,471,967,4960,
70.11617885539391,93605,470,968,4960,
70.11781819945946,93604,471,968,4960,
70.12094304126026,93604,471,967,4961,
70.12139593313836,93603,472,967,4961,
70.12428999149543,93602,473,967,4961,
70.12523835991267,93602,472,968,4961,
70.12753568687566,93601,473,968,4961,
70.13274666261194,93600,474,968,4961,
70.13342007138267,93600,474,967,4962,
70.13364101994895,93600,474,966,4963,
70.13837375880574,93599,475,966,4963,
70.15173940716511,93598,476,966,4963,
70.15294512340942,93597,477,966,4963,
70.15551993739204,93597,477,965,4964,
70.15566164063661,93597,476,966,4964,
70.15919187987929,93597,475,967,4964,
70.16033752843458,93597,475,966,4965,
70.16101894406597,93597,475,965,4966,
70.1616678778324,93596,476,965,4966,
70.16772317562632,93595,477,965,4966,
70.16792301446338,93595,476,966,4966,
70.18178131253318,93595,475,967,4966,
70.18454765632195,93595,474,968,4966,
70.19992617135179,93595,474,967,4967,
70.20044530784182,93594,475,967,4967,
70.20210213204666,93594,475,966,4968,
70.20369660920385,93594,474,967,4968,
70.20650012749408,93594,473,968,4968,
70.21156360575853,93594,472,969,4968,
70.2155924161873,93594,472,968,4969,
70.21747888709396,93593,473,968,4969,
70.22499311327417,93593,473,967,4970,
70.22602115150445,93592,474,967,4970,
70.2263154383289,93591,475,967,4970,
70.22886709347804,93591,474,968,4970,
70.23006287285831,93590,475,968,4970,
70.23060830456174,93590,475,967,4971,
70.23339921751977,93590,475,966,4972,
70.23947646900218,93590,475,965,4973,
70.24454393061227,93590,474,966,4973,
70.24607979615672,93589,475,966,4973,
70.24670555740931,93589,475,965,4974,
70.2485561187491,93589,474,966,4974,
70.25041270019128,93589,474,965,4975,
70.25140471281024,93589,474,964,4976,
70.25915828775717,93589,473,965,4976,
70.26054120634093,93588,474,965,4976,
70.2744310340562,93588,474,964,4977,
70.27916285572229,93588,473,965,4977,
70.28068419245191,93588,472,966,4977,
70.28229937735578,93588,472,965,4978,
70.2911483483855,93588,472,964,4979,
70.2942758076214,93587,473,964,4979,
70.2947533232514,93587,473,963,4980,
70.2980857484228,93587,472,964,4980,
70.2986699423638,93587,472,963,4981,
70.3003288911447,93587,471,964,4981,
70.3070097812008,93587,471,963,4982,
70.32507700215257,93587,471,962,4983,
70.3255367139464,93587,471,961,4984,
70.34168635648268,93587,470,962,4984,
70.34246336675722,93587,469,963,4984,
70.34301758056014,93587,468,964,4984,
70.34412441924601,93587,467,965,4984,
70.34692474897955,93586,468,965,4984,
70.35527674684842,93586,468,964,4985,
70.35929313104018,93585,469,964,4985,
70.36341680126768,93585,469,963,4986,
70.36648945105767,93585,468,964,4986,
70.3703281711113,93584,469,964,4986,
70.37222563982752,93583,470,964,4986,
70.38603858033335,93583,469,965,4986,
70.39022441285914,93583,469,964,4987,
70.39079104400273,93583,468,965,4987,
70.39306165893261,93583,468,964,4988,
70.39628454082299,93582,469,964,4988,
70.39747431341321,93582,468,965,4988,
70.40064148127891,93582,468,964,4989,
70.40248489288528,93582,468,963,4990,
70.40414998241658,93582,467,964,4990,
70.4064453212855,93581,468,964,4990,
70.40765197409274,93580,469,964,4990,
70.41871874648491,93580,468,965,4990,
70.41887171682336,93580,467,966,4990,
70.42025583179733,93579,468,966,4990,
70.42485922901396,93579,468,965,4991,
70.42608585178195,93579,468,964,4992,
70.42763061831678,93579,468,963,4993,
70.43401352902283,93579,468,962,4994,
70.43464892875036,93579,467,963,4994,
70.44422827943085,93579,467,962,4995,
70.44678846483217,93578,468,962,4995,
70.4475265395196,93578,467,963,4995,
70.44998460915099,93578,466,964,4995,
70.45578599258695,93578,465,965,4995,
70.4561544597044,93577,466,965,4995,
70.45865425750925,93577,466,964,4996,
70.45965571542574,93577,466,963,4997,
70.46538351035774,93577,465,964,4997,
70.46911679421453,93577,464,965,4997,
70.47525079578108,93576,465,965,4997,
70.48267875316778,93575,466,965,4997,
70.4877344830798,93575,466,964,4998,
70.49464880359389,93574,467,964,4998,
70.49595392302224,93574,466,965,4998,
70.49775982461549,93573,467,965,4998,
70.5001313755057,93573,467,964,4999,
70.50203913430748,93573,467,963,5000,
70.50632768105385,93572,468,963,5000,
70.50641007518043,93571,469,963,5000,
70.51637908852203,93571,468,964,5000,
70.52158113301435,93571,468,963,5001,
70.52299309955808,93571,468,962,5002,
70.54490569549986,93571,468,961,5003,
70.54598257309061,93571,467,962,5003,
70.5467424798585,93571,467,961,5004,
70.5472188190687,93571,466,962,5004,
70.5548622335221,93570,467,962,5004,
70.55678047511036,93570,466,963,5004,
70.55762577691152,93570,466,962,5005,
70.55827686575927,93569,467,962,5005,
70.558827455196,93568,468,962,5005,
70.56273990529999,93567,469,962,5005,
70.56523396546831,93566,470,962,5005,
70.57515201725127,93566,469,963,5005,
70.57619557971995,93566,469,962,5006,
70.57853022986993,93566,469,961,5007,
70.58025171864509,93566,469,960,5008,
70.58460400792073,93566,469,959,5009,
70.58548874703872,93566,469,958,5010,
70.58644990874019,93566,468,959,5010,
70.58955321439441,93566,468,958,5011,
70.59134201194068,93566,468,957,5012,
70.59164586216457,93566,467,958,5012,
70.59241816785621,93566,467,957,5013,
70.59634419995461,93565,468,957,5013,
70.59637856701889,93565,467,958,5013,
70.61124585683345,93565,466,959,5013,
70.61248470714973,93564,467,959,5013,
70.6149234002889,93564,466,960,5013,
70.61604510719997,93564,466,959,5014,
70.6240902664203,93564,465,960,5014,
70.6244432284548,93564,464,961,5014,
70.62507057711446,93563,465,961,5014,
70.62517529234965,93563,464,962,5014,
70.62608592437192,93563,463,963,5014,
70.62686244016383,93563,463,962,5015,
70.62957199567423,93562,464,962,5015,
70.63239944715158,93562,463,963,5015,
70.6362735842964,93562,463,962,5016,
70.63638871104493,93562,462,963,5016,
70.63867951914648,93562,462,962,5017,
70.64066684700663,93561,463,962,5017,
70.64575495414665,93561,462,963,5017,
70.65424306228329,93561,462,962,5018,
70.65615741695366,93561,462,961,5019,
70.66320675524156,93560,463,961,5019,
70.66579838291172,93560,462,962,5019,
70.67057675649113,93560,462,961,5020,
70.671270857601,93560,462,960,5021,
70.67129829438369,93560,461,961,5021,
70.67144067165319,93560,461,960,5022,
70.68085875092159,93559,462,960,5022,
70.68378655174303,93559,461,961,5022,
70.68786903604763,93558,462,961,5022,
70.69662749591984,93558,462,960,5023,
70.69696987992926,93558,462,959,5024,
70.69774967722415,93558,461,960,5024,
70.7000869688504,93558,461,959,5025,
70.70038093509154,93557,462,959,5025,
70.70398211674527,93556,463,959,5025,
70.7140129812844,93555,464,959,5025,
70.71763460561705,93555,463,960,5025,
70.72761405823164,93555,462,961,5025,
70.72985459152649,93554,463,961,5025,
70.72986361831238,93554,463,960,5026,
70.73044304478427,93553,464,960,5026,
70.73407546879966,93552,465,960,5026,
70.73507686124964,93552,465,959,5027,
70.73696852375608,93552,465,958,5028,
70.73748481694702,93552,464,959,5028,
70.74135601277925,93552,464,958,5029,
70.74370444535188,93551,465,958,5029,
70.74441949501225,93551,465,957,5030,
70.74778102981668,93550,466,957,5030,
70.75793880975164,93550,466,956,5031,
70.75921541653429,93550,466,955,5032,
70.76285026604492,93550,465,956,5032,
70.76864762734665,93550,464,957,5032,
70.77133075832987,93549,465,957,5032,
70.77420202846912,93549,465,956,5033,
70.7743019946237,93548,466,956,5033,
70.77986369837868,93548,466,955,5034,
70.78012430744391,93547,467,955,5034,
70.79171664127357,93547,467,954,5035,
70.79274748851853,93547,467,953,5036,
70.79599345400919,93547,467,952,5037,
70.8053581205147,93547,467,951,5038,
70.80651736864017,93547,466,952,5038,
70.81252950688626,93546,467,952,5038,
70.81720502957855,93546,467,951,5039,
70.82092569740742,93546,466,952,5039,
70.82918745700722,93546,466,951,5040,
70.83814185072762,93546,465,952,5040,
70.841735646763,93546,464,953,5040,
70.84928488110396,93546,464,952,5041,
70.8542424261804,93546,464,951,5042,
70.85603721105355,93545,465,951,5042,
70.85991250149709,93544,466,951,5042,
70.86258777108466,93544,466,950,5043,
70.87217024013033,93544,466,949,5044,
70.87507862046557,93544,466,948,5045,
70.87606652096304,93543,467,948,5045,
70.87615903325015,93542,468,948,5045,
70.87762016211303,93541,469,948,5045,
70.88353214357984,93540,470,948,5045,
70.89440969567055,93540,470,947,5046,
70.89577820098913,93540,470,946,5047,
70.89796038654843,93539,471,946,5047,
70.90271711933951,93539,470,947,5047,
70.90609427021629,93538,471,947,5047,
70.91062518860262,93538,471,946,5048,
70.91135447148358,93538,470,947,5048,
70.91283080716124,93537,471,947,5048,
70.91297272307084,93536,472,947,5048,
70.9284808213747,93536,472,946,5049,
70.93071507052186,93535,473,946,5049,
70.94015076978712,93535,473,945,5050,
70.94228284049944,93534,474,945,5050,
70.94818523972204,93534,473,946,5050,
70.9499890860231,93534,473,945,5051,
70.95153264808374,93534,473,944,5052,
70.9618875861652,93534,472,945,5052,
70.97001644684177,93534,472,944,5053,
70.9759839255681,93533,473,944,5053,
70.97769780973911,93533,473,943,5054,
70.97774228403013,93533,473,942,5055,
70.98029258208027,93533,473,941,5056,
70.98301051156577,93533,472,942,5056,
70.98319559025575,93532,473,942,5056,
70.98860252801404,93532,472,943,5056,
70.98896928024215,93531,473,943,5056,
70.99165022284458,93531,472,944,5056,
70.99629101610141,93531,472,943,5057,
70.99746680329181,93531,472,942,5058,
71.0011853344376,93530,473,942,5058,
71.00857579105546,93530,473,941,5059,
71.00889114572941,93530,472,942,5059,
71.02157041785263,93529,473,942,5059,
71.0221563736917,93529,473,941,5060,
71.0223832842462,93529,472,942,5060,
71.0249653902004,93529,472,941,5061,
71.02803487695765,93528,473,941,5061,
71.02967908660926,93528,472,942,5061,
71.03240537639877,93528,471,943,5061,
71.04294248741925,93528,470,944,5061,
71.04624089665107,93528,470,943,5062,
71.04875622539397,93527,471,943,5062,
71.05086170059448,93526,472,943,5062,
71.05089627968098,93526,472,942,5063,
71.0551166479753,93526,471,943,5063,
71.05724558365885,93526,470,944,5063,
71.06118039970671,93526,469,945,5063,
71.06278449525752,93526,469,944,5064,
71.06599503699599,93526,468,945,5064,
71.06780022936219,93526,468,944,5065,
71.07327023436208,93526,468,943,5066,
71.07584344391071,93525,469,943,5066,
71.08439391519819,93525,469,942,5067,
71.08940608363827,93525,469,941,5068,
71.09101633508571,93525,468,942,5068,
71.10445658717609,93525,468,941,5069,
71.1067642585443,93525,467,942,5069,
71.11379142535586,93525,466,943,5069,
71.11830009566323,93524,467,943,5069,
71.12598997392061,93523,468,943,5069,
71.13943174453019,93523,468,942,5070,
71.1409364125472,93523,468,941,5071,
71.14961804107274,93523,467,942,5071,
71.15340293218833,93522,468,942,5071,
71.15588738877588,93522,467,943,5071,
71.15661935836627,93521,468,943,5071,
71.16245941907312,93521,467,944,5071,
71.16463006335479,93521,467,943,5072,
71.16866747962217,93521,467,942,5073,
71.1708992019148,93521,467,941,5074,
71.17208028711309,93521,466,942,5074,
71.17518153060975,93521,466,941,5075,
71.1787135862118,93521,465,942,5075,
71.17927541930614,93521,464,943,5075,
71.18098162088364,93521,463,944,5075,
71.18680514983402,93521,463,943,5076,
71.18783807971867,93521,463,942,5077,
71.19175683096346,93520,464,942,5077,
71.19230356386713,93519,465,942,5077,
71.19639530463442,93519,464,943,5077,
71.19712889547236,93518,465,943,5077,
71.2030506295958,93517,466,943,5077,
71.2071407674033,93516,467,943,5077,
71.20769351168232,93516,467,942,5078,
71.20957993571876,93516,467,941,5079,
71.21441413189442,93516,467,940,5080,
71.21796110171917,93516,467,939,5081,
71.2218840701382,93516,467,938,5082,
71.23628593081958,93516,466,939,5082,
71.23677025778663,93515,467,939,5082,
71.2431568084794,93514,468,939,5082,
71.24332762490958,93514,467,940,5082,
71.24414221118388,93514,466,941,5082,
71.24631000389795,93514,466,940,5083,
71.24865011803868,93514,466,939,5084,
71.2492916704499,93513,467,939,5084,
71.24952087669553,93512,468,939,5084,
71.25128736732987,93512,468,938,5085,
71.25140393819963,93511,469,938,5085,
71.25329226224434,93511,469,937,5086,
71.25627613906315,93510,470,937,5086,
71.27197911765028,93510,470,936,5087,
71.28075563121797,93510,469,937,5087,
71.28177721628792,93510,469,936,5088,
71.28180925419228,93510,469,935,5089,
71.28911750728501,93509,470,935,5089,
71.29159005887777,93509,470,934,5090,
71.29770844339743,93509,470,933,5091,
71.29814741127504,93509,470,932,5092,
71.29956746329094,93508,471,932,5092,
71.30588553669917,93508,471,931,5093,
71.3066137214131,93507,472,931,5093,
71.30933952790824,93507,471,932,5093,
71.30995653244015,93506,472,932,5093,
71.31513110982638,93506,472,931,5094,
71.31640597925094,93505,473,931,5094,
71.31956102964217,93505,472,932,5094,
71.32359275378289,93505,472,931,5095,
71.3251075789026,93505,472,930,5096,
71.3321095472617,93505,472,929,5097,
71.33306027550935,93505,471,930,5097,
71.34409834625825,93504,472,930,5097,
71.34958943203812,93504,472,929,5098,
71.35627962769321,93504,472,928,5099,
71.35756951171913,93504,471,929,5099,
71.3576236958389,93504,471,928,5100,
71.36131706029448,93503,472,928,5100,
71.36171094290808,93503,471,929,5100,
71.36370222801536,93502,472,929,5100,
71.37350379417337,93502,471,930,5100,
71.37426339002145,93502,471,929,5101,
71.37750016513789,93502,471,928,5102,
71.38134090706923,93502,470,929,5102,
71.3821349459606,93502,469,930,5102,
71.38817996701118,93502,469,929,5103,
71.39057951329028,93502,469,928,5104,
71.39330671071872,93502,468,929,5104,
71.39509032249728,93502,468,928,5105,
71.3959964174334,93502,467,929,5105,
71.3980511605706,93502,467,928,5106,
71.39962924136887,93502,466,929,5106,
71.40004043011002,93502,466,928,5107,
71.40265595039591,93502,465,929,5107,
71.40800038936291,93501,466,929,5107,
71.40887555686113,93501,466,928,5108,
71.40902963878894,93500,467,928,5108,
71.42533937596079,93499,468,928,5108,
71.43084984708665,93498,469,928,5108,
71.4383709543893,93498,468,929,5108,
71.44530752498957,93498,468,928,5109,
71.45255363784386,93497,469,928,5109,
71.45451510674268,93496,470,928,5109,
71.45967704026532,93496,469,929,5109,
71.46643637426752,93495,470,929,5109,
71.46728974826593,93494,471,929,5109,
71.46924291898603,93494,471,928,5110,
71.48235995794059,93494,471,927,5111,
71.48243243646013,93493,472,927,5111,
71.48491508458049,93493,472,926,5112,
71.48628820051823,93492,473,926,5112,
71.49091422276744,93492,473,925,5113,
71.49185064510837,93492,472,926,5113,
71.49529271533868,93491,473,926,5113,
71.49800663004295,93490,474,926,5113,
71.50083762261221,93489,475,926,5113,
71.5035079221476,93489,474,927,5113,
71.51015474225483,93489,473,928,5113,
71.51015673470206,93489,473,927,5114,
71.51398485544493,93489,473,926,5115,
71.51479248420905,93489,472,927,5115,
71.52649481963911,93488,473,927,5115,
71.52916845693692,93488,473,926,5116,
71.53192040807636,93487,474,926,5116,
71.53418250597852,93486,475,926,5116,
71.53439899374936,93485,476,926,5116,
71.53919638514404,93485,475,927,5116,
71.53944171443385,93485,474,928,5116,
71.54549161995016,93484,475,928,5116,
71.55840864375867,93484,474,929,5116,
71.55888056778677,93483,475,929,5116,
71.56617590072479,93483,474,930,5116,
71.56622325708906,93483,473,931,5116,
71.56741675587352,93483,472,932,5116,
71.57236115201657,93483,472,931,5117,
71.57720625469261,93483,471,932,5117,
71.58036040172877,93483,470,933,5117,
71.5850229723845,93483,469,934,5117,
71.58829325708713,93483,468,935,5117,
71.58999573801536,93483,467,936,5117,
71.59326358751318,93483,466,937,5117,
71.59951502498313,93482,467,937,5117,
71.60033407478187,93482,467,936,5118,
71.60064499039805,93482,467,935,5119,
71.60423962346619,93482,467,934,5120,
71.60571799810192,93482,466,935,5120,
71.60813042645619,93482,465,936,5120,
71.60994071460185,93482,465,935,5121,
71.61041394211182,93481,466,935,5121,
71.61267487356304,93481,466,934,5122,
71.61763631467225,93480,467,934,5122,
71.61779831725534,93480,466,935,5122,
71.61874245104634,93479,467,935,5122,
71.6208983857677,93479,466,936,5122,
71.62883022085639,93478,467,936,5122,
71.6290333859109,93478,467,935,5123,
71.6291296411338,93477,468,935,5123,
71.63096031545692,93476,469,935,5123,
71.63347923056403,93476,469,934,5124,
71.6373738605918,93476,469,933,5125,
71.64568528198433,93476,468,934,5125,
71.65731632562334,93476,467,935,5125,
71.65921212399348,93476,466,936,5125,
71.66065953751381,93476,465,937,5125,
71.67681631836484,93476,465,936,5126,
71.67841489541321,93476,465,935,5127,
71.67945289609955,93475,466,935,5127,
71.6805177917206,93474,467,935,5127,
71.69056996018472,93474,467,934,5128,
71.6967973727011,93474,467,933,5129,
71.70505039937261,93474,467,932,5130,
71.71397283469642,93473,468,932,5130,
71.71650316750471,93472,469,932,5130,
71.71813978646172,93471,470,932,5130,
71.73384715145437,93471,469,933,5130,
71.73727678963607,93471,468,934,5130,
71.73982076970478,93470,469,934,5130,
71.74455801550516,93469,470,934,5130,
71.74795866110591,93469,470,933,5131,
71.75129409180926,93469,469,934,5131,
71.75543147721581,93469,469,933,5132,
71.76170835615311,93468,470,933,5132,
71.7639676277254,93468,469,934,5132,
71.76408853636542,93468,469,933,5133,
71.7676382547311,93468,469,932,5134,
71.76868065960453,93468,469,931,5135,
71.77067098841357,93468,468,932,5135,
71.77857704720577,93468,467,933,5135,
71.78905514819535,93468,466,934,5135,
71.79159141891887,93468,465,935,5135,
71.79434552321432,93468,465,934,5136,
71.79444611623593,93467,466,934,5136,
71.7953558351831,93467,466,933,5137,
71.7977689092699,93467,466,932,5138,
71.7979874590472,93467,466,931,5139,
71.80534350820804,93466,467,931,5139,
71.80620904019173,93466,467,930,5140,
71.80970824302202,93466,466,931,5140,
71.81217847615238,93465,467,931,5140,
71.8145613513094,93465,467,930,5141,
71.81626496835607,93465,466,931,5141,
71.81672686020724,93464,467,931,5141,
71.8184132147357,93464,467,930,5142,
71.82199375433457,93463,468,930,5142,
71.82236218828595,93462,469,930,5142,
71.82486546867314,93462,468,931,5142,
71.82737063522855,93462,467,932,5142,
71.8306335262055,93462,467,931,5143,
71.83393106568354,93462,466,932,5143,
71.83593677660434,93462,466,931,5144,
71.84008590050065,93461,467,931,5144,
71.84854625407358,93461,467,930,5145,
71.84897084283884,93461,466,931,5145,
71.85157452077094,93460,467,931,5145,
71.85170837362674,93460,466,932,5145,
71.85503152600131,93460,466,931,5146,
71.85804586848676,93460,465,932,5146,
71.86268972401736,93460,465,931,5147,
71.86347900398341,93460,465,930,5148,
71.87079119807363,93460,465,929,5149,
71.87772237137574,93460,464,930,5149,
71.87925233014263,93460,463,931,5149,
71.88730658550965,93460,463,930,5150,
71.88895327090611,93460,463,929,5151,
71.89509688329943,93460,463,928,5152,
71.89515423155171,93460,463,927,5153,
71.90772907853412,93459,464,927,5153,
71.92413811993045,93458,465,927,5153,
71.92528727297822,93458,464,928,5153,
71.93004569694776,93458,464,927,5154,
71.93272859381213,93457,465,927,5154,
71.93520487820409,93456,466,927,5154,
71.93567321675962,93456,465,928,5154,
71.93572527987243,93455,466,928,5154,
71.94041983893291,93454,467,928,5154,
71.94242598222735,93453,468,928,5154,
71.94552143293755,93452,469,928,5154,
71.94841742366759,93452,468,929,5154,
71.95167360869758,93452,467,930,5154,
71.95339820423803,93451,468,930,5154,
71.95612058033998,93450,469,930,5154,
71.95629606116425,93450,469,929,5155,
71.95838442956018,93449,470,929,5155,
71.95882493752568,93448,471,929,5155,
71.96057487540688,93448,470,930,5155,
71.96248016100031,93448,470,929,5156,
71.96419153096458,93448,469,930,5156,
71.96468455959052,93448,468,931,5156,
71.97099580744536,93448,468,930,5157,
71.97657422637187,93447,469,930,5157,
71.97717291937427,93446,470,930,5157,
71.9791490746847,93445,471,930,5157,
71.97963612258025,93445,471,929,5158,
71.98406651886734,93445,470,930,5158,
71.98962924624458,93444,471,930,5158,
71.99036245265388,93444,470,931,5158,
71.99559115960707,93444,470,930,5159,
71.99764102204956,93443,471,930,5159,
71.99973355081255,93443,470,931,5159,
72.00019168225778,93443,469,932,5159,
72.00082140948626,93443,469,931,5160,
72.00599756359075,93443,468,932,5160,
72.00679529955872,93443,468,931,5161,
72.00958522965914,93442,469,931,5161,
72.01715138487285,93442,468,932,5161,
72.02873818790572,93441,469,932,5161,
72.03126930816745,93440,470,932,5161,
72.03248128496237,93440,470,931,5162,
72.03875833318023,93440,469,932,5162,
72.04462247658792,93440,469,931,5163,
72.04980812054797,93440,469,930,5164,
72.05032435629937,93440,469,929,5165,
72.05634177308572,93440,468,930,5165,
72.06253652748529,93439,469,930,5165,
72.06304173953579,93438,470,930,5165,
72.06368111524232,93437,471,930,5165,
72.06910629576518,93436,472,930,5165,
72.06920493536339,93435,473,930,5165,
72.07710073298149,93435,472,931,5165,
72.07822548502652,93435,471,932,5165,
72.08377123663882,93434,472,932,5165,
72.08753268566178,93434,472,931,5166,
72.0922865013229,93434,472,930,5167,
72.09781590612654,93434,472,929,5168,
72.09826248043748,93433,473,929,5168,
72.10254327800055,93433,473,928,5169,
72.10264426512705,93433,472,929,5169,
72.1048712771112,93433,472,928,5170,
72.1080903254196,93432,473,928,5170,
72.10969210293405,93432,473,927,5171,
72.1102373886281,93432,472,928,5171,
72.11536502287322,93432,472,927,5172,
72.1205824009824,93432,472,926,5173,
72.12185222786684,93431,473,926,5173,
72.12375493194864,93430,474,926,5173,
72.13078108496146,93430,474,925,5174,
72.13365142609281,93430,473,926,5174,
72.1372057913169,93429,474,926,5174,
72.13912553083294,93429,473,927,5174,
72.1430974772434,93429,472,928,5174,
72.14725426711726,93429,471,929,5174,
72.14991473769648,93428,472,929,5174,
72.151564997157,93427,473,929,5174,
72.15205893503101,93427,472,930,5174,
72.15917286112811,93427,472,929,5175,
72.15957196861996,93427,471,930,5175,
72.16142240565526,93427,471,929,5176,
72.16184112035053,93426,472,929,5176,
72.17316579791881,93425,473,929,5176,
72.17425777174351,93424,474,929,5176,
72.17482171810023,93424,474,928,5177,
72.17723469718364,93424,473,929,5177,
72.18024484198412,93424,473,928,5178,
72.18123884233657,93424,473,927,5179,
72.19155397299966,93424,472,928,5179,
72.19173368055118,93424,472,927,5180,
72.19706141513186,93424,471,928,5180,
72.20064248857537,93423,472,928,5180,
72.20345477298119,93423,472,927,5181,
72.20705781962366,93423,471,928,5181,
72.20823488553748,93422,472,928,5181,
72.2103600127525,93422,472,927,5182,
72.21176765541499,93421,473,927,5182,
72.21573674424502,93421,473,926,5183,
72.21732634764815,93421,472,927,5183,
72.22083774539968,93420,473,927,5183,
72.22449626872333,93420,473,926,5184,
72.23174507431031,93420,472,927,5184,
72.24312891309332,93420,471,928,5184,
72.2436409117724,93420,470,929,5184,
72.25052144412967,93420,470,928,5185,
72.25139663053238,93420,469,929,5185,
72.26063155917264,93419,470,929,5185,
72.27261046620977,93419,470,928,5186,
72.27494396046288,93419,469,929,5186,
72.27700411995846,93419,469,928,5187,
72.28100115650818,93419,468,929,5187,
72.28518231709475,93419,468,928,5188,
72.28559536571109,93419,467,929,5188,
72.28614118403425,93419,467,928,5189,
72.2897381632826,93418,468,928,5189,
72.29329694640809,93417,469,928,5189,
72.29353997892476,93417,469,927,5190,
72.2944218147296,93417,469,926,5191,
72.29496887711011,93417,468,927,5191,
72.2960296294291,93417,468,926,5192,
72.29693000714671,93417,467,927,5192,
72.29853899530089,93416,468,927,5192,
72.29992970164614,93416,467,928,5192,
72.30570589846616,93416,467,927,5193,
72.30886441794931,93416,467,926,5194,
72.320834049551,93416,467,925,5195,
72.32274410445557,93416,466,926,5195,
72.32970953686795,93416,465,927,5195,
72.33038545931967,93416,465,926,5196,
72.33333453221101,93416,465,925,5197,
72.33962441399443,93416,465,924,5198,
72.34072126996067,93415,466,924,5198,
72.34812581732234,93415,466,923,5199,
72.35294908275444,93415,465,924,5199,
72.35787956178524,93415,464,925,5199,
72.36152093892606,93415,464,924,5200,
72.36220684078931,93415,464,923,5201,
72.36530973409411,93415,463,924,5201,
72.36938905002859,93415,462,925,5201,
72.370574910076,93415,462,924,5202,
72.37075455776692,93415,462,923,5203,
72.38299359721269,93415,462,922,5204,
72.38646408343149,93415,461,923,5204,
72.38835642427763,93415,461,922,5205,
72.39413026212011,93415,461,921,5206,
72.39470693047866,93415,461,920,5207,
72.40201332434042,93415,461,919,5208,
72.40463230286525,93415,460,920,5208,
72.40642960573062,93415,459,921,5208,
72.41337706514139,93415,458,922,5208,
72.4186532898191,93414,459,922,5208,
72.42650852731362,93414,459,921,5209,
72.42753520977284,93414,458,922,5209,
72.42837450969128,93414,458,921,5210,
72.43043466996873,93414,458,920,5211,
72.43248122046987,93414,458,919,5212,
72.43582691540706,93413,459,919,5212,
72.44125521332279,93412,460,919,5212,
72.44311832977834,93412,459,920,5212,
72.44807437701506,93411,460,920,5212,
72.45004701592171,93411,459,921,5212,
72.45815109168014,93411,458,922,5212,
72.46913725596843,93410,459,922,5212,
72.47025084707607,93409,460,922,5212,
72.47030435530326,93409,459,923,5212,
72.47204312211217,93409,459,922,5213,
72.47312988085281,93409,458,923,5213,
72.47420082329222,93409,457,924,5213,
72.47798859310475,93409,456,925,5213,
72.48921136658802,93408,457,925,5213,
72.48939734085576,93407,458,925,5213,
72.49033386750119,93407,458,924,5214,
72.50748049750466,93407,457,925,5214,
72.52234144643307,93406,458,925,5214,
72.52340019226115,93406,458,924,5215,
72.5249143900934,93406,458,923,5216,
72.52507093719994,93406,457,924,5216,
72.52738523269572,93405,458,924,5216,
72.5397167282395,93405,458,923,5217,
72.54191472667179,93405,458,922,5218,
72.54223006107885,93405,458,921,5219,
72.54524198211766,93405,458,920,5220,
72.54589013052814,93404,459,920,5220,
72.55097138797994,93404,458,921,5220,
72.552067229034,93404,458,920,5221,
72.55234006435772,93404,458,919,5222,
72.55304418140739,93404,457,920,5222,
72.55897278931428,93403,458,920,5222,
72.56239057399046,93402,459,920,5222,
72.56746106494606,93401,460,920,5222,
72.56874073986305,93401,460,919,5223,
72.57254184747154,93400,461,919,5223,
72.57480091624632,93400,461,918,5224,
72.57895955150599,93399,462,918,5224,
72.58173086707568,93399,461,919,5224,
72.58293723607812,93399,460,920,5224,
72.58738433876277,93399,460,919,5225,
72.59196713411909,93398,461,919,5225,
72.59526144031315,93397,462,919,5225,
72.60690911437644,93397,461,920,5225,
72.60966161813971,93397,461,919,5226,
72.6097256598047,93397,460,920,5226,
72.61187957187958,93397,460,919,5227,
72.61383360766598,93397,460,918,5228,
72.61468606608916,93397,459,919,5228,
72.6151642262833,93397,458,920,5228,
72.61529729580676,93396,459,920,5228,
72.61674502657871,93395,460,920,5228,
72.61821858320286,93395,460,919,5229,
72.623768116126,93395,460,918,5230,
72.62513136115484,93395,460,917,5231,
72.6280805283157,93395,460,916,5232,
72.63017575653829,93395,459,917,5232,
72.63952813101905,93395,458,918,5232,
72.64198784020246,93394,459,918,5232,
72.64480467008057,93393,460,918,5232,
72.64585771874997,93393,459,919,5232,
72.65748439811011,93393,458,920,5232,
72.66751861254859,93392,459,920,5232,
72.67555957703784,93392,459,919,5233,
72.68159566863079,93391,460,919,5233,
72.6841078417404,93391,459,920,5233,
72.69418660567146,93391,459,919,5234,
72.70390851525144,93391,459,918,5235,
72.70538887726117,93391,458,919,5235,
72.7062227041801,93391,458,918,5236,
72.70894550798236,93390,459,918,5236,
72.7091309370649,93390,458,919,5236,
72.7133249662129,93390,457,920,5236,
72.71354831291265,93390,457,919,5237,
72.71389138293435,93389,458,919,5237,
72.71473135138876,93389,458,918,5238,
72.7167920112848,93389,457,919,5238,
72.72418318989081,93389,457,918,5239,
72.72817855975302,93389,457,917,5240,
72.73355251575195,93389,457,916,5241,
72.73737872077922,93389,457,915,5242,
72.73932971592399,93389,456,916,5242,
72.74068379737845,93388,457,916,5242,
72.74140409858133,93388,456,917,5242,
72.74148849686172,93388,456,916,5243,
72.74625812598478,93388,455,917,5243,
72.75314056972516,93388,455,916,5244,
72.75830350780062,93388,455,915,5245,
72.75885147821582,93387,456,915,5245,
72.76106922275841,93387,456,914,5246,
72.76133341153707,93386,457,914,5246,
72.76228080494866,93386,457,913,5247,
72.76257475688443,93386,457,912,5248,
72.77488303761999,93385,458,912,5248,
72.78236649397061,93385,458,911,5249,
72.78532003200958,93385,458,910,5250,
72.794857164479,93384,459,910,5250,
72.79988948394961,93384,459,909,5251,
72.80347371144866,93383,460,909,5251,
72.80374061078437,93382,461,909,5251,
72.80851301606926,93382,460,910,5251,
72.81837959964432,93382,459,911,5251,
72.82013994893316,93382,459,910,5252,
72.82227779136582,93382,458,911,5252,
72.82381293825298,93382,458,910,5253,
72.83028458234746,93382,458,909,5254,
72.8345415785009,93381,459,909,5254,
72.84863983351883,93381,459,908,5255,
72.85752387173551,93381,459,907,5256,
72.85881197213024,93380,460,907,5256,
72.86136138054955,93379,461,907,5256,
72.86512208364769,93379,461,906,5257,
72.86685699509482,93379,461,905,5258,
72.87057987413155,93379,461,904,5259,
72.87725554339288,93379,460,905,5259,
72.88045488363366,93378,461,905,5259,
72.88056087645847,93378,460,906,5259,
72.88214948690701,93378,460,905,5260,
72.88848211959272,93378,460,904,5261,
72.8894453249024,93378,460,903,5262,
72.89404250797494,93378,459,904,5262,
72.89469080288639,93378,458,905,5262,
72.89794965765861,93378,457,906,5262,
72.90141879062656,93378,457,905,5263,
72.90256050621863,93378,457,904,5264,
72.90582655979034,93378,457,903,5265,
72.91519683445959,93378,456,904,5265,
72.92002650022252,93378,456,903,5266,
72.92021612784009,93378,455,904,5266,
72.92256940283576,93378,455,903,5267,
72.92562209711345,93378,455,902,5268,
72.92712957155355,93378,455,901,5269,
72.92797861579524,93378,455,900,5270,
72.93133508577023,93378,455,899,5271,
72.93560912106457,93378,454,900,5271,
72.93704184913166,93377,455,900,5271,
72.93846770331649,93377,455,899,5272,
72.93916686521996,93377,454,900,5272,
72.94045667576438,93376,455,900,5272,
72.94753080782928,93376,454,901,5272,
72.94762838392262,93376,453,902,5272,
72.94928157420894,93376,452,903,5272,
72.95604514598381,93375,453,903,5272,
72.95645086473384,93375,453,902,5273,
72.95767078291904,93375,452,903,5273,
72.96374193374427,93375,451,904,5273,
72.9681342982089,93374,452,904,5273,
72.96839441877447,93373,453,904,5273,
72.97214498048363,93372,454,904,5273,
72.98703003446491,93372,454,903,5274,
72.99004091687435,93371,455,903,5274,
72.99313840485655,93370,456,903,5274,
72.99523114317341,93370,456,902,5275,
72.99842844985056,93370,455,903,5275,
72.99982499896805,93369,456,903,5275,
73.00181463214909,93369,456,902,5276,
73.00378686552689,93368,457,902,5276,
73.00598067101079,93368,457,901,5277,
73.0322701412712,93367,458,901,5277,
73.04519328661621,93367,458,900,5278,
73.04606738144452,93367,457,901,5278,
73.05340626648646,93367,457,900,5279,
73.06050412496656,93367,457,899,5280,
73.06344554318848,93367,457,898,5281,
73.06576981473692,93366,458,898,5281,
73.06702765722335,93365,459,898,5281,
73.07047141302456,93365,459,897,5282,
73.07097735835592,93365,459,896,5283,
73.07660695446718,93365,458,897,5283,
73.07722371837093,93365,458,896,5284,
73.0772644341622,93365,457,897,5284,
73.08097226425798,93365,456,898,5284,
73.08851477854778,93364,457,898,5284,
73.09128615012982,93364,456,899,5284,
73.09971908216177,93364,456,898,5285,
73.10372558028037,93364,456,897,5286,
73.10562057200504,93363,457,897,5286,
73.10943478043231,93363,457,896,5287,
73.11251019561604,93363,457,895,5288,
73.11728581163375,93363,457,894,5289,
73.11925295132414,93363,456,895,5289,
73.127462762505,93363,456,894,5290,
73.12973408531887,93363,456,893,5291,
73.14068690129662,93363,456,892,5292,
73.14639730998613,93363,455,893,5292,
73.14848915556824,93362,456,893,5292,
73.16079402157936,93362,456,892,5293,
73.16793515562297,93362,455,893,5293,
73.17367372350778,93362,454,894,5293,
73.17432198763423,93361,455,894,5293,
73.18082693515477,93360,456,894,5293,
73.18213816843756,93359,457,894,5293,
73.18350172577959,93359,457,893,5294,
73.18472850252974,93358,458,893,5294,
73.18494182131025,93358,458,892,5295,
73.19182063443172,93357,459,892,5295,
73.20037152184324,93357,459,891,5296,
73.20162820905347,93357,458,892,5296,
73.2123211263526,93357,457,893,5296,
73.21367198972803,93357,456,894,5296,
73.21521505540224,93357,456,893,5297,
73.22097561390981,93357,456,892,5298,
73.22461875952379,93357,456,891,5299,
73.22588446989093,93357,455,892,5299,
73.22725156777844,93357,455,891,5300,
73.23225007077725,93356,456,891,5300,
73.24087438771649,93356,456,890,5301,
73.24233990261473,93356,456,889,5302,
73.24349315873572,93356,456,888,5303,
73.24660081577771,93355,457,888,5303,
73.24869695021889,93354,458,888,5303,
73.25104523857965,93354,458,887,5304,
73.25332960488706,93353,459,887,5304,
73.25565535634536,93353,459,886,5305,
73.26070463232294,93353,459,885,5306,
73.26122512514178,93352,460,885,5306,
73.2612813993968,93352,459,886,5306,
73.26275903969851,93351,460,886,5306,
73.26458921413203,93350,461,886,5306,
73.26523740986497,93350,460,887,5306,
73.26672082985647,93350,460,886,5307,
73.26755851182591,93350,460,885,5308,
73.26794556651387,93350,460,884,5309,
73.26961924107624,93349,461,884,5309,
73.27536433319403,93349,461,883,5310,
73.27659138898755,93349,460,884,5310,
73.28203076884662,93349,459,885,5310,
73.28345707404954,93348,460,885,5310,
73.2872881857226,93348,459,886,5310,
73.29146268288193,93348,458,887,5310,
73.29462010914705,93348,457,888,5310,
73.30014681795825,93348,456,889,5310,
73.30158603628132,93348,455,890,5310,
73.30937566901099,93347,456,890,5310,
73.31194937219215,93347,456,889,5311,
73.3135742335445,93346,457,889,5311,
73.32091190494717,93346,457,888,5312,
73.32253347785647,93346,456,889,5312,
73.32845215921171,93345,457,889,5312,
73.32884288600019,93345,456,890,5312,
73.32915297818545,93345,456,889,5313,
73.32977161162219,93344,457,889,5313,
73.33172563932699,93344,456,890,5313,
73.33244163033145,93344,455,891,5313,
73.33320257469317,93343,456,891,5313,
73.3357506828507,93343,455,892,5313,
73.33758302915297,93343,454,893,5313,
73.35353189610152,93343,453,894,5313,
73.35543296252827,93342,454,894,5313,
73.35586584713475,93342,453,895,5313,
73.36126930419726,93341,454,895,5313,
73.37172881106382,93341,453,896,5313,
73.37229169268252,93341,453,895,5314,
73.37542643460604,93341,452,896,5314,
73.37580518362466,93341,452,895,5315,
73.3761985303477,93340,453,895,5315,
73.37716319374638,93339,454,895,5315,
73.38527142745914,93339,454,894,5316,
73.38538185901675,93339,454,893,5317,
73.38545431102585,93339,454,892,5318,
73.38601819175915,93338,455,892,5318,
73.38696792250177,93338,455,891,5319,
73.3873040840371,93338,455,890,5320,
73.39201576966535,93338,454,891,5320,
73.39310581034226,93338,453,892,5320,
73.39415666187563,93338,452,893,5320,
73.39850345614141,93338,452,892,5321,
73.40057820613829,93338,451,893,5321,
73.40332488829493,93337,452,893,5321,
73.40339741598076,93337,452,892,5322,
73.40677607309263,93337,452,891,5323,
73.40798968657506,93337,451,892,5323,
73.40863377259342,93336,452,892,5323,
73.4141333168843,93336,452,891,5324,
73.41889018657508,93336,452,890,5325,
73.41898008633439,93335,453,890,5325,
73.42613024140971,93335,452,891,5325,
73.43116482183336,93335,451,892,5325,
73.43318994276902,93335,451,891,5326,
73.43994213888976,93335,450,892,5326,
73.44221226610547,93335,449,893,5326,
73.44301694655205,93334,450,893,5326,
73.44370294234785,93333,451,893,5326,
73.44771518851255,93333,451,892,5327,
73.45282106137994,93332,452,892,5327,
73.45442008126545,93332,451,893,5327,
73.45536313118191,93332,451,892,5328,
73.46053984360348,93332,451,891,5329,
73.46204050305796,93331,452,891,5329,
73.46382023199325,93331,451,892,5329,
73.46445776077258,93331,451,891,5330,
73.46587457254671,93331,451,890,5331,
73.4667209132343,93330,452,890,5331,
73.4769155766165,93330,452,889,5332,
73.47950964703377,93329,453,889,5332,
73.4924255766121,93329,452,890,5332,
73.49744373644191,93329,452,889,5333,
73.49866643175568,93329,452,888,5334,
73.50308028319242,93329,451,889,5334,
73.50419738187344,93329,450,890,5334,
73.51016036716378,93329,450,889,5335,
73.51236734260533,93329,450,888,5336,
73.51507514686341,93329,450,887,5337,
73.51815911247239,93329,450,886,5338,
73.51835003950121,93329,450,885,5339,
73.51862384527358,93328,451,885,5339,
73.51919315813497,93327,452,885,5339,
73.5250260381977,93327,452,884,5340,
73.52880856154135,93327,452,883,5341,
73.53091389410017,93326,453,883,5341,
73.53232252476646,93326,453,882,5342,
73.53371184064396,93326,453,881,5343,
73.53493162656983,93325,454,881,5343,
73.53692578418274,93324,455,881,5343,
73.53962792150051,93323,456,881,5343,
73.54106203477173,93322,457,881,5343,
73.54542349168801,93322,457,880,5344,
73.55223027461113,93321,458,880,5344,
73.55359656630368,93321,458,879,5345,
73.55492284605847,93320,459,879,5345,
73.5595360997621,93320,458,880,5345,
73.56325992532815,93320,458,879,5346,
73.56645937109258,93320,457,880,5346,
73.57144642144732,93320,456,881,5346,
73.5739937885414,93320,455,882,5346,
73.57811200961666,93320,455,881,5347,
73.57826796085703,93319,456,881,5347,
73.57856437421515,93318,457,881,5347,
73.58072964453454,93317,458,881,5347,
73.5841503336414,93316,459,881,5347,
73.59482880741872,93316,459,880,5348,
73.59603354191366,93316,458,881,5348,
73.59605024648467,93315,459,881,5348,
73.6077204704437,93315,459,880,5349,
73.6083285899715,93315,459,879,5350,
73.61261982494085,93315,458,880,5350,
73.62430763778165,93315,458,879,5351,
73.62862039244315,93314,459,879,5351,
73.63534376089112,93314,458,880,5351,
73.63569078485733,93314,457,881,5351,
73.63885456395045,93314,457,880,5352,
73.64495092619994,93314,456,881,5352,
73.646923300485,93314,455,882,5352,
73.64938823241422,93314,455,881,5353,
73.65066742346005,93313,456,881,5353,
73.6520150173716,93312,457,881,5353,
73.65469355037425,93312,457,880,5354,
73.65680964436079,93312,456,881,5354,
73.6595077061429,93311,457,881,5354,
73.66279651680432,93311,457,880,5355,
73.66428264204362,93311,457,879,5356,
73.66559175831209,93311,456,880,5356,
73.66817759517492,93311,455,881,5356,
73.673410268326,93311,454,882,5356,
73.68041728514314,93311,453,883,5356,
73.6804651974811,93310,454,883,5356,
73.68705632697315,93309,455,883,5356,
73.69680112996566,93309,455,882,5357,
73.70914703588173,93309,454,883,5357,
73.71568407087591,93309,453,884,5357,
73.71755013670398,93308,454,884,5357,
73.72855884907007,93308,454,883,5358,
73.72937273197682,93308,453,884,5358,
73.72944827916052,93308,452,885,5358,
73.7310345156331,93308,452,884,5359,
73.73797698069409,93308,452,883,5360,
73.7388805292042,93308,452,882,5361,
73.73992743835817,93308,452,881,5362,
73.73997629932047,93308,451,882,5362,
73.74090641477093,93308,450,883,5362,
73.74108240388853,93308,450,882,5363,
73.7496817213588,93307,451,882,5363,
73.75025647773427,93306,452,882,5363,
73.7529613589968,93306,452,881,5364,
73.75313494710193,93306,451,882,5364,
73.76133985565704,93306,451,881,5365,
73.77147925587043,93305,452,881,5365,
73.77465156750957,93305,452,880,5366,
73.77689980261941,93305,451,881,5366,
73.78478142589323,93305,450,882,5366,
73.78500767712521,93305,450,881,5367,
73.78547055967786,93305,449,882,5367,
73.79129321881693,93305,449,881,5368,
73.79386522957495,93305,448,882,5368,
73.79811576662519,93305,447,883,5368,
73.79997723242401,93305,446,884,5368,
73.80205016485816,93304,447,884,5368,
73.80419182016226,93304,447,883,5369,
73.80592053214808,93303,448,883,5369,
73.80597294943149,93303,447,884,5369,
73.80826822014143,93303,447,883,5370,
73.81086169408752,93302,448,883,5370,
73.81359420873106,93301,449,883,5370,
73.82902920101995,93301,448,884,5370,
73.82905781036294,93300,449,884,5370,
73.83176754777905,93300,449,883,5371,
73.8319235694015,93299,450,883,5371,
73.83742192820141,93299,449,884,5371,
73.83988931112947,93298,450,884,5371,
73.8407186985031,93298,450,883,5372,
73.8412285282394,93298,449,884,5372,
73.84295395096663,93297,450,884,5372,
73.8477305301864,93297,450,883,5373,
73.85030831561006,93297,449,884,5373,
73.85335532206133,93296,450,884,5373,
73.85463358306168,93295,451,884,5373,
73.85826951298246,93294,452,884,5373,
73.85846999587145,93294,452,883,5374,
73.85882189971505,93293,453,883,5374,
73.870037802692,93293,453,882,5375,
73.87065510790511,93292,454,882,5375,
73.87331886771338,93292,454,881,5376,
73.88484431487714,93292,453,882,5376,
73.885938013503,93291,454,882,5376,
73.88925942176742,93291,453,883,5376,
73.89174291720502,93291,452,884,5376,
73.89386884854386,93291,451,885,5376,
73.89405533614942,93291,451,884,5377,
73.89790910352808,93291,451,883,5378,
73.90482389660944,93290,452,883,5378,
73.90577195155295,93290,452,882,5379,
73.90619184410967,93290,452,881,5380,
73.90957609897826,93289,453,881,5380,
73.91222496927881,93289,452,882,5380,
73.92423364937635,93289,452,881,5381,
73.93119361757729,93289,452,880,5382,
73.931385556352,93288,453,880,5382,
73.93216496248543,93288,453,879,5383,
73.94614653529034,93288,453,878,5384,
73.94735203512496,93288,453,877,5385,
73.94901764736542,93288,453,876,5386,
73.9550017613817,93288,453,875,5387,
73.95802981589816,93287,454,875,5387,
73.96110817830302,93287,453,876,5387,
73.9617817619381,93287,452,877,5387,
73.96502209070037,93287,451,878,5387,
73.97633088992731,93286,452,878,5387,
73.9814400956851,93285,453,878,5387,
73.98325850864626,93285,453,877,5388,
73.9877565036414,93285,453,876,5389,
73.98907724506377,93285,452,877,5389,
73.9895609415639,93285,451,878,5389,
73.9917371372026,93285,450,879,5389,
73.99829399138576,93285,450,878,5390,
73.99882870995052,93284,451,878,5390,
74.00540014192688,93284,451,877,5391,
74.02070826559311,93284,451,876,5392,
74.02118330854732,93283,452,876,5392,
74.02166806498566,93283,452,875,5393,
74.022622249992,93283,452,874,5394,
74.02327791196979,93283,451,875,5394,
74.03454788539662,93283,450,876,5394,
74.03552674047957,93282,451,876,5394,
74.03947088818633,93282,450,877,5394,
74.04071948053891,93282,449,878,5394,
74.04339155800236,93281,450,878,5394,
74.0444378763443,93280,451,878,5394,
74.05112697418906,93280,451,877,5395,
74.05247483886176,93280,451,876,5396,
74.05281338841101,93280,450,877,5396,
74.05459789441954,93280,449,878,5396,
74.06355043259927,93280,449,877,5397,
74.07356068987778,93280,448,878,5397,
74.07522017280306,93280,448,877,5398,
74.07732910013002,93280,448,876,5399,
74.08124591200013,93280,447,877,5399,
74.08426350381191,93280,446,878,5399,
74.086655210222,93279,447,878,5399,
74.09632102478177,93279,447,877,5400,
74.10203412698272,93279,447,876,5401,
74.10209764174475,93279,447,875,5402,
74.10395458317382,93279,446,876,5402,
74.10724725141668,93279,446,875,5403,
74.11380634763765,93279,446,874,5404,
74.11567591477396,93279,445,875,5404,
74.11923286486025,93278,446,875,5404,
74.11932386247179,93278,446,874,5405,
74.11965854204145,93278,446,873,5406,
74.12292824647953,93278,446,872,5407,
74.12947603972921,93278,445,873,5407,
74.12956937185825,93278,445,872,5408,
74.13059858056249,93278,445,871,5409,
74.13331125538338,93277,446,871,5409,
74.13539814142968,93277,446,870,5410,
74.13735713856912,93276,447,870,5410,
74.13783080874134,93276,446,871,5410,
74.1400450498958,93275,447,871,5410,
74.14501201734245,93274,448,871,5410,
74.14683315509757,93274,448,870,5411,
74.14816503617075,93274,447,871,5411,
74.14860403295197,93274,447,870,5412,
74.14863356701777,93274,447,869,5413,
74.15137090320941,93273,448,869,5413,
74.15407602714137,93273,448,868,5414,
74.15519080836823,93273,447,869,5414,
74.16006826443005,93273,446,870,5414,
74.16018944058283,93273,445,871,5414,
74.16461905308898,93273,444,872,5414,
74.16478831848968,93273,444,871,5415,
74.17050549942776,93273,444,870,5416,
74.17759048985891,93273,443,871,5416,
74.17929469491332,93272,444,871,5416,
74.18065843763846,93272,444,870,5417,
74.18280182467645,93271,445,870,5417,
74.18463527222998,93271,444,871,5417,
74.18732251114186,93271,443,872,5417,
74.18854839891145,93271,442,873,5417,
74.19364133958403,93271,441,874,5417,
74.19417503518468,93271,441,873,5418,
74.202560745665,93271,440,874,5418,
74.20573217339494,93271,439,875,5418,
74.2062077937243,93270,440,875,5418,
74.20705888218097,93270,439,876,5418,
74.21015967225264,93270,438,877,5418,
74.21368272457178,93270,437,878,5418,
74.22372458603576,93269,438,878,5418,
74.23770174307026,93269,437,879,5418,
74.23840462463448,93268,438,879,5418,
74.24343611797082,93268,437,880,5418,
74.24361671988396,93268,436,881,5418,
74.24433852266316,93268,436,880,5419,
74.24435352593345,93268,436,879,5420,
74.25160066123257,93268,435,880,5420,
74.26331347785816,93267,436,880,5420,
74.26404062032711,93267,435,881,5420,
74.26498217667667,93267,434,882,5420,
74.27007657626247,93267,434,881,5421,
74.28451049080405,93267,433,882,5421,
74.28580696272746,93267,432,883,5421,
74.29392274666355,93266,433,883,5421,
74.29838372256992,93266,433,882,5422,
74.30044925860832,93266,433,881,5423,
74.30922041773896,93265,434,881,5423,
74.31071367642518,93264,435,881,5423,
74.32236857499025,93264,434,882,5423,
74.32482330466227,93264,434,881,5424,
74.32664258207991,93263,435,881,5424,
74.32739104184144,93263,435,880,5425,
74.33022202081727,93263,435,879,5426,
74.33219753634708,93263,435,878,5427,
74.33634048517419,93262,436,878,5427,
74.33838509362677,93262,436,877,5428,
74.33995989405673,93261,437,877,5428,
74.34447524385897,93261,436,878,5428,
74.3456091464002,93260,437,878,5428,
74.35536697652199,93260,436,879,5428,
74.36473975310331,93260,435,880,5428,
74.36598115050307,93260,434,881,5428,
74.371285935652,93259,435,881,5428,
74.37264417978548,93258,436,881,5428,
74.37772950387182,93257,437,881,5428,
74.38526939838707,93256,438,881,5428,
74.38664304320581,93256,438,880,5429,
74.3924792183104,93256,438,879,5430,
74.40324740478003,93256,438,878,5431,
74.40342608450439,93256,438,877,5432,
74.40361720386065,93256,438,876,5433,
74.40777383232884,93255,439,876,5433,
74.40867874677213,93255,438,877,5433,
74.40894403649109,93255,438,876,5434,
74.41515787392984,93255,438,875,5435,
74.4208792020729,93254,439,875,5435,
74.42474867218284,93254,438,876,5435,
74.43668498942634,93254,437,877,5435,
74.43731028298762,93254,437,876,5436,
74.43989436719431,93254,436,877,5436,
74.44388160754272,93254,436,876,5437,
74.44520474709222,93253,437,876,5437,
74.44649990867333,93253,437,875,5438,
74.44737855786173,93253,437,874,5439,
74.45150158188167,93253,437,873,5440,
74.45382044815109,93252,438,873,5440,
74.4545077552917,93252,437,874,5440,
74.45481570589934,93252,437,873,5441,
74.45524581273727,93251,438,873,5441,
74.45944985416882,93251,437,874,5441,
74.45964318180476,93251,437,873,5442,
74.46222679238615,93251,437,872,5443,
74.46636450194879,93250,438,872,5443,
74.46713605578032,93250,438,871,5444,
74.46812771344469,93250,438,870,5445,
74.47219223508972,93250,437,871,5445,
74.47679901751162,93249,438,871,5445,
74.47680179810055,93249,438,870,5446,
74.47995528425182,93249,437,871,5446,
74.481128857635,93248,438,871,5446,
74.49031281848606,93248,438,870,5447,
74.49788475293312,93248,437,871,5447,
74.50031089845955,93248,437,870,5448,
74.50267008525415,93248,436,871,5448,
74.50831408861627,93248,435,872,5448,
74.51493702967757,93248,435,871,5449,
74.51594299240747,93248,435,870,5450,
74.51613682050863,93247,436,870,5450,
74.52014611866267,93247,435,871,5450,
74.52162491038357,93247,434,872,5450,
74.5218722460888,93247,434,871,5451,
74.52255685380624,93247,433,872,5451,
74.52415167801524,93246,434,872,5451,
74.52758036356916,93245,435,872,5451,
74.53117679188321,93245,435,871,5452,
74.53183357503316,93245,434,872,5452,
74.53704964312135,93244,435,872,5452,
74.54035526468721,93244,435,871,5453,
74.54290402854008,93244,435,870,5454,
74.54378058203393,93244,434,871,5454,
74.54641063449856,93244,433,872,5454,
74.54725179287894,93243,434,872,5454,
74.54804233302238,93242,435,872,5454,
74.55287213944355,93242,434,873,5454,
74.55319638129096,93242,434,872,5455,
74.56719472088545,93241,435,872,5455,
74.5682814903387,93241,434,873,5455,
74.57086153140231,93241,433,874,5455,
74.57280028777149,93240,434,874,5455,
74.57344292247382,93239,435,874,5455,
74.57364319988633,93239,435,873,5456,
74.57503094649027,93239,435,872,5457,
74.58078445385688,93239,434,873,5457,
74.58130806909199,93239,434,872,5458,
74.58204120619774,93238,435,872,5458,
74.58605428419311,93237,436,872,5458,
74.58773620654793,93237,436,871,5459,
74.59886691453373,93237,436,870,5460,
74.60319747286222,93237,436,869,5461,
74.60414309297774,93236,437,869,5461,
74.60450479824998,93236,437,868,5462,
74.6056808591259,93236,436,869,5462,
74.60949135427053,93236,436,868,5463,
74.60962655540078,93236,436,867,5464,
74.61071376225185,93236,436,866,5465,
74.61966443997485,93236,435,867,5465,
74.62153527113132,93236,434,868,5465,
74.625110645228,93236,434,867,5466,
74.63300528005863,93236,434,866,5467,
74.63455816308434,93236,434,865,5468,
74.63552804236703,93236,433,866,5468,
74.64199583517437,93235,434,866,5468,
74.65513663073801,93235,434,865,5469,
74.66312795833437,93235,433,866,5469,
74.66634636126275,93235,433,865,5470,
74.67032016995269,93235,432,866,5470,
74.68149565146432,93235,432,865,5471,
74.68316432024501,93235,432,864,5472,
74.6841472584003,93235,431,865,5472,
74.68421049777845,93235,431,864,5473,
74.68456970211973,93235,431,863,5474,
74.68850018800039,93234,432,863,5474,
74.69086395473808,93234,431,864,5474,
74.69289863796882,93234,430,865,5474,
74.69564920737264,93234,430,864,5475,
74.69759113778335,93234,429,865,5475,
74.69891634776695,93233,430,865,5475,
74.69936501125335,93233,430,864,5476,
74.70416113936068,93233,429,865,5476,
74.70456119839967,93232,430,865,5476,
74.71012983507642,93232,430,864,5477,
74.71114827214548,93232,429,865,5477,
74.71274522207514,93232,429,864,5478,
74.71447926452187,93232,428,865,5478,
74.7185184007695,93232,428,864,5479,
74.72050054641805,93232,427,865,5479,
74.7228110293618,93232,426,866,5479,
74.73112143189482,93231,427,866,5479,
74.73356425339654,93230,428,866,5479,
74.73438837496374,93230,427,867,5479,
74.73490328240126,93230,426,868,5479,
74.73708511582427,93230,425,869,5479,
74.74890348499022,93229,426,869,5479,
74.76175075226377,93229,425,870,5479,
74.76413913913761,93229,424,871,5479,
74.77274128890427,93229,423,872,5479,
74.77522175089588,93229,422,873,5479,
74.7802128494683,93229,422,872,5480,
74.78496312907764,93228,423,872,5480,
74.79762234162284,93227,424,872,5480,
74.80262183718509,93227,424,871,5481,
74.80399169480364,93226,425,871,5481,
74.80621499360666,93225,426,871,5481,
74.80681912753344,93224,427,871,5481,
74.80812978477897,93224,426,872,5481,
74.80940735726786,93224,425,873,5481,
74.81361743724914,93224,425,872,5482,
74.81490454090974,93224,425,871,5483,
74.82108705906663,93223,426,871,5483,
74.8255767397498,93222,427,871,5483,
74.82758328446192,93222,427,870,5484,
74.82873702775743,93221,428,870,5484,
74.8327302713494,93221,428,869,5485,
74.83422554305608,93221,428,868,5486,
74.83900284278437,93221,427,869,5486,
74.842834845281,93221,426,870,5486,
74.84574956282972,93220,427,870,5486,
74.84693418058283,93220,427,869,5487,
74.85090381689248,93219,428,869,5487,
74.85821363957058,93218,429,869,5487,
74.86521712124409,93218,428,870,5487,
74.86762564140888,93218,427,871,5487,
74.87085054781555,93218,427,870,5488,
74.87857070095646,93217,428,870,5488,
74.88766405681581,93217,428,869,5489,
74.8882232144005,93217,428,868,5490,
74.88913397258469,93216,429,868,5490,
74.89112379854049,93216,429,867,5491,
74.89573688557874,93216,429,866,5492,
74.8984119186934,93215,430,866,5492,
74.89901513592676,93215,429,867,5492,
74.89928229446959,93215,428,868,5492,
74.90044777055165,93215,428,867,5493,
74.90991856658998,93214,429,867,5493,
74.90998673641165,93214,428,868,5493,
74.91071666032565,93214,428,867,5494,
74.91208917146997,93214,428,866,5495,
74.91882285196641,93213,429,866,5495,
74.91954290438207,93213,429,865,5496,
74.92935709484105,93213,428,866,5496,
74.93255739866348,93213,427,867,5496,
74.93357895027876,93213,427,866,5497,
74.9379835574057,93213,427,865,5498,
74.94178656043458,93213,426,866,5498,
74.94299056102936,93212,427,866,5498,
74.94312595826486,93212,426,867,5498,
74.944375481435,93211,427,867,5498,
74.94439852739809,93211,427,866,5499,
74.94496835961742,93211,426,867,5499,
74.94735170972749,93211,426,866,5500,
74.94849000312269,93210,427,866,5500,
74.94942762070674,93209,428,866,5500,
74.95039882575622,93209,428,865,5501,
74.95042876424104,93209,428,864,5502,
74.9572285749418,93209,427,865,5502,
74.96473297194348,93209,427,864,5503,
74.96935527887584,93209,426,865,5503,
74.96978298430403,93209,425,866,5503,
74.9714326514976,93209,425,865,5504,
74.97189769763918,93208,426,865,5504,
74.97235531708291,93207,427,865,5504,
74.97271486865503,93207,427,864,5505,
74.9849254581269,93207,427,863,5506,
74.98746345353251,93206,428,863,5506,
74.99054996172003,93205,429,863,5506,
74.99149512350344,93205,429,862,5507,
75.00330456838859,93205,428,863,5507,
75.00510073735049,93205,428,862,5508,
75.00969582721626,93205,427,863,5508,
75.01980893621467,93205,427,862,5509,
75.0205059240254,93204,428,862,5509,
75.02165356699868,93204,428,861,5510,
75.02447375911308,93204,428,860,5511,
75.02628142148647,93204,428,859,5512,
75.02793916549128,93204,428,858,5513,
75.0288476987235,93203,429,858,5513,
75.02984936355314,93203,429,857,5514,
75.03172129345262,93202,430,857,5514,
75.03237522736428,93202,429,858,5514,
75.03261171757185,93201,430,858,5514,
75.03434208824176,93201,429,859,5514,
75.03464065929117,93201,429,858,5515,
75.03959171513955,93201,428,859,5515,
75.0401723188639,93200,429,859,5515,
75.04245602246083,93199,430,859,5515,
75.0554988813929,93199,430,858,5516,
75.06418089659437,93199,430,857,5517,
75.06668559589525,93199,429,858,5517,
75.06896122794626,93199,429,857,5518,
75.07061698407365,93199,428,858,5518,
75.0731141654951,93199,428,857,5519,
75.07604091110376,93198,429,857,5519,
75.08012425421235,93197,430,857,5519,
75.08112591819005,93197,430,856,5520,
75.0834864641113,93197,429,857,5520,
75.08676160033464,93197,429,856,5521,
75.09606850204459,93197,428,857,5521,
75.10170044716892,93197,428,856,5522,
75.10813401304839,93197,428,855,5523,
75.10973003448429,93197,428,854,5524,
75.1165522299793,93197,427,855,5524,
75.12064964568955,93197,427,854,5525,
75.12141618344369,93197,426,855,5525,
75.12211297338627,93197,426,854,5526,
75.12513766438505,93197,425,855,5526,
75.12518753480447,93197,425,854,5527,
75.12859153220003,93197,425,853,5528,
75.13416354262232,93196,426,853,5528,
75.14262534045008,93196,426,852,5529,
75.14321018233447,93195,427,852,5529,
75.14411956797301,93195,426,853,5529,
75.15012198539183,93194,427,853,5529,
75.15078059136441,93193,428,853,5529,
75.15962105445281,93193,428,852,5530,
75.16065743084324,93192,429,852,5530,
75.16106257849415,93192,429,851,5531,
75.16224924031826,93192,429,850,5532,
75.16925174147617,93192,428,851,5532,
75.17123953852072,93191,429,851,5532,
75.17535606410377,93190,430,851,5532,
75.17797680764313,93189,431,851,5532,
75.17877619172293,93189,431,850,5533,
75.18201012049867,93189,430,851,5533,
75.1836413097796,93189,430,850,5534,
75.18758198946854,93189,430,849,5535,
75.18802333391001,93189,430,848,5536,
75.19081326945252,93188,431,848,5536,
75.20719919248805,93188,430,849,5536,
75.20781628763413,93188,429,850,5536,
75.20938214567362,93187,430,850,5536,
75.2097006231985,93187,430,849,5537,
75.2132062487996,93186,431,849,5537,
75.21499248224396,93185,432,849,5537,
75.21596982835166,93185,432,848,5538,
75.22690993517999,93185,431,849,5538,
75.22987111746457,93185,430,850,5538,
75.23181937183892,93185,430,849,5539,
75.23362524032956,93184,431,849,5539,
75.24088342159337,93184,431,848,5540,
75.2421871625912,93184,430,849,5540,
75.25008932263208,93184,430,848,5541,
75.25091592486959,93184,429,849,5541,
75.25129050106491,93184,429,848,5542,
75.25148642817604,93183,430,848,5542,
75.25487189912971,93183,429,849,5542,
75.2593016204082,93183,428,850,5542,
75.26225957443336,93183,427,851,5542,
75.26731075112099,93183,426,852,5542,
75.26886445546954,93182,427,852,5542,
75.26946413734278,93181,428,852,5542,
75.27573415167802,93181,428,851,5543,
75.27845530618359,93180,429,851,5543,
75.28000477380772,93180,428,852,5543,
75.28843989288634,93179,429,852,5543,
75.30024542548767,93179,429,851,5544,
75.30447030130496,93179,429,850,5545,
75.31231125818383,93179,428,851,5545,
75.31679112240829,93178,429,851,5545,
75.31738245467905,93178,429,850,5546,
75.3181079265044,93178,428,851,5546,
75.3228306464087,93178,428,850,5547,
75.32551004877587,93178,428,849,5548,
75.32556070158894,93178,427,850,5548,
75.32741372374015,93178,427,849,5549,
75.33170987119232,93178,427,848,5550,
75.33433373040629,93178,426,849,5550,
75.34031307840343,93177,427,849,5550,
75.34849949151959,93176,428,849,5550,
75.34856367190481,93176,427,850,5550,
75.35307949113428,93176,426,851,5550,
75.35520962506371,93176,425,852,5550,
75.36279159257657,93175,426,852,5550,
75.36476324534439,93174,427,852,5550,
75.3770098612037,93174,427,851,5551,
75.37839272065148,93174,426,852,5551,
75.38646044386616,93174,426,851,5552,
75.3922058105222,93173,427,851,5552,
75.39249559572815,93173,427,850,5553,
75.39323196372575,93172,428,850,5553,
75.39480017770555,93172,427,851,5553,
75.40491238443195,93172,426,852,5553,
75.40802260901145,93172,425,853,5553,
75.40812896688549,93171,426,853,5553,
75.4111682356816,93170,427,853,5553,
75.42541785214478,93170,427,852,5554,
75.43084409148642,93170,426,853,5554,
75.43284655130641,93170,426,852,5555,
75.43315189625334,93170,426,851,5556,
75.43402007373133,93170,426,850,5557,
75.43504919235056,93170,425,851,5557,
75.43558593771544,93170,425,850,5558,
75.43738505723171,93169,426,850,5558,
75.43843866920753,93168,427,850,5558,
75.44100303637623,93168,427,849,5559,
75.4424915327908,93168,426,850,5559,
75.45306702743281,93168,426,849,5560,
75.45846203307899,93168,426,848,5561,
75.46139665305768,93168,426,847,5562,
75.46561460231261,93168,426,846,5563,
75.46735798508469,93168,425,847,5563,
75.46756346721502,93167,426,847,5563,
75.47161617755583,93166,427,847,5563,
75.48292405716282,93166,426,848,5563,
75.4844659438308,93166,426,847,5564,
75.48463588162286,93166,426,846,5565,
75.48637516977554,93166,425,847,5565,
75.48711459243987,93166,425,846,5566,
75.4982768143717,93166,424,847,5566,
75.50174265018039,93166,424,846,5567,
75.50837277117702,93166,423,847,5567,
75.51286354455083,93166,423,846,5568,
75.51405561897548,93166,423,845,5569,
75.51823729927548,93166,422,846,5569,
75.51875088109989,93165,423,846,5569,
75.52076571545379,93164,424,846,5569,
75.52284788228539,93163,425,846,5569,
75.52381437423088,93163,424,847,5569,
75.5303814974433,93162,425,847,5569,
75.53328999684136,93161,426,847,5569,
75.53383811249395,93161,425,848,5569,
75.53413195128572,93160,426,848,5569,
75.53856330206995,93160,425,849,5569,
75.54019746825462,93159,426,849,5569,
75.54304076068408,93158,427,849,5569,
75.54324639197931,93158,426,850,5569,
75.54904064880971,93158,425,851,5569,
75.54984243295789,93157,426,851,5569,
75.55334462435565,93156,427,851,5569,
75.55584984888742,93155,428,851,5569,
75.55759760209415,93154,429,851,5569,
75.55955120284074,93153,430,851,5569,
75.56505655086052,93152,431,851,5569,
75.56595473031169,93152,431,850,5570,
75.56674700838991,93152,430,851,5570,
75.56922786868863,93152,429,852,5570,
75.57134377235643,93152,429,851,5571,
75.57296455340003,93152,428,852,5571,
75.5780836760317,93152,427,853,5571,
75.57995510298122,93152,426,854,5571,
75.5803497755828,93151,427,854,5571,
75.5821340470397,93150,428,854,5571,
75.58409572656683,93149,429,854,5571,
75.58508108693839,93148,430,854,5571,
75.58727477920725,93148,429,855,5571,
75.59424955149561,93148,428,856,5571,
75.59557262246683,93147,429,856,5571,
75.601395832456,93147,428,857,5571,
75.60140110772926,93147,428,856,5572,
75.60449755599322,93147,427,857,5572,
75.60513637942402,93147,426,858,5572,
75.61828768034107,93146,427,858,5572,
75.62178992825339,93145,428,858,5572,
75.62309673929812,93145,428,857,5573,
75.62409570251413,93145,427,858,5573,
75.62437512619952,93145,426,859,5573,
75.63127723523024,93145,426,858,5574,
75.63726034650114,93145,426,857,5575,
75.6377553554618,93145,425,858,5575,
75.64109549955602,93145,424,859,5575,
75.64950083892609,93144,425,859,5575,
75.65514015066579,93144,425,858,5576,
75.65671298250385,93144,425,857,5577,
75.6666108372838,93144,425,856,5578,
75.67015093608164,93143,426,856,5578,
75.67431303898385,93143,425,857,5578,
75.6770493722112,93142,426,857,5578,
75.68063519627604,93142,425,858,5578,
75.68553557577972,93142,424,859,5578,
75.68974970225823,93142,423,860,5578,
75.69165121979779,93141,424,860,5578,
75.69274857808179,93141,424,859,5579,
75.69736184229603,93141,423,860,5579,
75.69875901351382,93140,424,860,5579,
75.69986717972208,93140,423,861,5579,
75.70209660798054,93139,424,861,5579,
75.7025713581979,93138,425,861,5579,
75.70375221132143,93137,426,861,5579,
75.70628685134855,93137,425,862,5579,
75.71073520114143,93136,426,862,5579,
75.71172092441812,93136,425,863,5579,
75.71389089968488,93136,425,862,5580,
75.71403506454537,93135,426,862,5580,
75.71577069257421,93135,426,861,5581,
75.71701963421528,93134,427,861,5581,
75.7234048245016,93134,426,862,5581,
75.72501561167067,93134,425,863,5581,
75.727054041245,93134,424,864,5581,
75.73052799654333,93134,423,865,5581,
75.73094532615063,93134,423,864,5582,
75.73630283895011,93134,423,863,5583,
75.7471432866902,93134,423,862,5584,
75.75332620993996,93134,423,861,5585,
75.76022097667736,93134,423,860,5586,
75.76667199131248,93134,423,859,5587,
75.7684533564257,93134,422,860,5587,
75.77370993192186,93134,422,859,5588,
75.77596307526815,93134,421,860,5588,
75.77629595632678,93134,420,861,5588,
75.77649287490729,93134,419,862,5588,
75.7812070941652,93134,418,863,5588,
75.78145866462994,93134,417,864,5588,
75.78324568942008,93134,417,863,5589,
75.78446537828037,93134,416,864,5589,
75.78465914309115,93134,415,865,5589,
75.79037358150572,93134,414,866,5589,
75.79349079440641,93134,414,865,5590,
75.79378467891847,93134,413,866,5590,
75.79385417024415,93133,414,866,5590,
75.795111250905,93132,415,866,5590,
75.79647038852602,93132,415,865,5591,
75.80043607714698,93132,415,864,5592,
75.8038138933836,93132,414,865,5592,
75.80916119355244,93131,415,865,5592,
75.81715601048734,93131,415,864,5593,
75.81970252796451,93131,414,865,5593,
75.82929141534208,93131,413,866,5593,
75.82950462501006,93131,413,865,5594,
75.84409753531862,93131,413,864,5595,
75.84467575083974,93131,413,863,5596,
75.84492047994956,93131,413,862,5597,
75.85054522941516,93130,414,862,5597,
75.86217668968649,93130,414,861,5598,
75.86393847185116,93130,414,860,5599,
75.87179278897048,93129,415,860,5599,
75.87527652651956,93129,415,859,5600,
75.87690742153939,93128,416,859,5600,
75.88232038039679,93128,416,858,5601,
75.88866427577318,93128,415,859,5601,
75.88998292509744,93128,414,860,5601,
75.8912799305209,93128,413,861,5601,
75.89246395753058,93127,414,861,5601,
75.89264774745631,93126,415,861,5601,
75.90356549101772,93126,415,860,5602,
75.90410452355242,93125,416,860,5602,
75.90477032600106,93124,417,860,5602,
75.90547394774399,93124,417,859,5603,
75.90661201077103,93124,417,858,5604,
75.90882032224276,93123,418,858,5604,
75.91086888921512,93122,419,858,5604,
75.91241438224145,93122,418,859,5604,
75.91303316656442,93122,417,860,5604,
75.91317968344843,93121,418,860,5604,
75.91557419606653,93121,417,861,5604,
75.91598787133651,93120,418,861,5604,
75.92633370322248,93120,417,862,5604,
75.92814016605628,93120,417,861,5605,
75.92912391583369,93120,417,860,5606,
75.93088532160161,93120,417,859,5607,
75.93244648487081,93120,417,858,5608,
75.93664816558568,93119,418,858,5608,
75.93802669888254,93118,419,858,5608,
75.93811296165063,93118,419,857,5609,
75.93998811245622,93118,418,858,5609,
75.94092655341339,93118,418,857,5610,
75.94375221997336,93118,417,858,5610,
75.9507397359188,93118,417,857,5611,
75.95333309756451,93118,416,858,5611,
75.95419461161408,93118,416,857,5612,
75.96170951161312,93117,417,857,5612,
75.96481001120152,93117,416,858,5612,
75.9725758800768,93117,416,857,5613,
75.97458277096788,93117,416,856,5614,
75.97491095295675,93117,415,857,5614,
75.97769859145984,93117,414,858,5614,
75.97801141912637,93117,413,859,5614,
75.97901678128271,93117,413,858,5615,
75.98072644414195,93116,414,858,5615,
75.98187162800545,93115,415,858,5615,
75.98716260830165,93114,416,858,5615,
75.98969188976305,93114,416,857,5616,
75.99047441272462,93113,417,857,5616,
75.9940551159628,93112,418,857,5616,
75.99457667315036,93111,419,857,5616,
75.99634676384721,93111,418,858,5616,
76.0045503694132,93111,418,857,5617,
76.0054539897958,93110,419,857,5617,
76.01582636238203,93109,420,857,5617,
76.0180867184459,93109,420,856,5618,
76.02096655100291,93109,420,855,5619,
76.021651165307,93109,420,854,5620,
76.02356400814031,93109,419,855,5620,
76.0242641862881,93109,419,854,5621,
76.02565856998089,93109,418,855,5621,
76.02786162271899,93109,417,856,5621,
76.02786359347175,93109,417,855,5622,
76.02810202740292,93109,417,854,5623,
76.0295234164092,93109,417,853,5624,
76.03657419622107,93109,417,852,5625,
76.0388642150858,93109,417,851,5626,
76.03980289005821,93108,418,851,5626,
76.0424963171028,93108,417,852,5626,
76.04256618851888,93108,417,851,5627,
76.05991981315287,93108,417,850,5628,
76.06907737492882,93108,417,849,5629,
76.07251257715697,93108,417,848,5630,
76.07329980305185,93108,417,847,5631,
76.07996361464495,93108,417,846,5632,
76.08442792642407,93108,416,847,5632,
76.08585436241722,93107,417,847,5632,
76.08813706987264,93107,417,846,5633,
76.08917480514536,93107,416,847,5633,
76.09271914334144,93106,417,847,5633,
76.10000788801085,93106,417,846,5634,
76.10097517366931,93106,416,847,5634,
76.10543952282487,93106,416,846,5635,
76.10750716221904,93105,417,846,5635,
76.11105440186226,93105,416,847,5635,
76.11286202473126,93105,415,848,5635,
76.11529486230917,93104,416,848,5635,
76.11548668297898,93104,416,847,5636,
76.11925923812005,93104,415,848,5636,
76.13086611931007,93104,415,847,5637,
76.13242335712502,93103,416,847,5637,
76.13798014239111,93102,417,847,5637,
76.1381726324777,93102,416,848,5637,
76.13928060988654,93102,416,847,5638,
76.14309162560536,93102,415,848,5638,
76.14325788076934,93102,415,847,5639,
76.14421537172491,93102,415,846,5640,
76.14992343911813,93102,415,845,5641,
76.15201415817327,93102,414,846,5641,
76.15339042275036,93102,414,845,5642,
76.16889409716266,93101,415,845,5642,
76.17022690254133,93101,415,844,5643,
76.17044502729169,93100,416,844,5643,
76.17265648835672,93100,416,843,5644,
76.17839166795328,93099,417,843,5644,
76.1785062876298,93099,416,844,5644,
76.17888405374471,93098,417,844,5644,
76.18884436994664,93098,416,845,5644,
76.18949806095019,93098,415,846,5644,
76.19489715436765,93098,414,847,5644,
76.19936711545691,93098,413,848,5644,
76.19954226670653,93098,412,849,5644,
76.19954871947621,93098,412,848,5645,
76.21497777170147,93098,412,847,5646,
76.21837519200496,93098,412,846,5647,
76.21920994320524,93098,411,847,5647,
76.22158372900984,93097,412,847,5647,
76.23213345361955,93097,412,846,5648,
76.23830269629512,93096,413,846,5648,
76.23956717525195,93096,412,847,5648,
76.24231520418786,93096,412,846,5649,
76.24393600995641,93096,411,847,5649,
76.24634057094201,93096,411,846,5650,
76.2482912007752,93095,412,846,5650,
76.25175642240119,93095,412,845,5651,
76.25195155845124,93095,412,844,5652,
76.25514589398712,93094,413,844,5652,
76.26004617977051,93094,413,843,5653,
76.26065071111599,93094,413,842,5654,
76.26559727887329,93094,412,843,5654,
76.26629111851034,93093,413,843,5654,
76.27827149724253,93093,412,844,5654,
76.28441781411071,93093,412,843,5655,
76.29337121919201,93093,411,844,5655,
76.29866036168077,93092,412,844,5655,
76.30637515263203,93092,411,845,5655,
76.31011520496092,93092,411,844,5656,
76.31158755478589,93092,411,843,5657,
76.31879737051878,93092,410,844,5657,
76.32713577683137,93092,410,843,5658,
76.33118481249174,93092,409,844,5658,
76.33319532692825,93092,408,845,5658,
76.34734372396778,93092,408,844,5659,
76.34838139615839,93092,408,843,5660,
76.3533907677035,93092,407,844,5660,
76.35493265696849,93092,407,843,5661,
76.358297146482,93091,408,843,5661,
76.3629452085346,93091,407,844,5661,
76.36585702500437,93091,406,845,5661,
76.36690053050928,93090,407,845,5661,
76.36747972551177,93090,407,844,5662,
76.36939586262127,93089,408,844,5662,
76.37461146241446,93089,408,843,5663,
76.38042970409114,93089,408,842,5664,
76.38732352894036,93089,407,843,5664,
76.38919557729527,93089,407,842,5665,
76.38969166258892,93089,407,841,5666,
76.39054246629885,93089,407,840,5667,
76.40043582711561,93089,407,839,5668,
76.40454488485132,93088,408,839,5668,
76.40513146913219,93087,409,839,5668,
76.42779230095348,93087,409,838,5669,
76.4308276222817,93087,409,837,5670,
76.4331848683889,93087,408,838,5670,
76.43990035049198,93087,407,839,5670,
76.45197806590092,93087,407,838,5671,
76.45590689203502,93087,407,837,5672,
76.45713680706882,93086,408,837,5672,
76.45966434349712,93086,407,838,5672,
76.46061004854114,93086,406,839,5672,
76.46068806226252,93085,407,839,5672,
76.46160765645665,93085,406,840,5672,
76.46623620256842,93085,406,839,5673,
76.46643430860173,93085,406,838,5674,
76.4683477572237,93085,406,837,5675,
76.47192317954575,93085,405,838,5675,
76.47778657203332,93084,406,838,5675,
76.48424807300557,93084,406,837,5676,
76.48449680723901,93083,407,837,5676,
76.4864733433796,93082,408,837,5676,
76.48648444367963,93081,409,837,5676,
76.49104247732438,93081,409,836,5677,
76.497762411683,93080,410,836,5677,
76.49862199924777,93080,409,837,5677,
76.49921460690214,93079,410,837,5677,
76.50603709760412,93079,410,836,5678,
76.50833363302488,93079,410,835,5679,
76.51725088958045,93079,410,834,5680,
76.51735680973172,93079,409,835,5680,
76.5298498096481,93079,409,834,5681,
76.53313382168729,93079,409,833,5682,
76.53494336655612,93079,408,834,5682,
76.53842022651449,93079,408,833,5683,
76.53946585383679,93079,408,832,5684,
76.54244198850765,93079,408,831,5685,
76.5447056467525,93079,407,832,5685,
76.55383504482666,93079,407,831,5686,
76.56564288367056,93079,407,830,5687,
76.57375691316783,93079,407,829,5688,
76.57407336854743,93079,407,828,5689,
76.57898144686283,93079,407,827,5690,
76.58028067667469,93079,406,828,5690,
76.5818743632891,93079,406,827,5691,
76.58593941977168,93079,406,826,5692,
76.59189835803417,93079,405,827,5692,
76.60555451983562,93078,406,827,5692,
76.61574552175921,93078,406,826,5693,
76.61709180991977,93078,405,827,5693,
76.62269248351284,93077,406,827,5693,
76.6229347373749,93076,407,827,5693,
76.62412978206623,93076,406,828,5693,
76.62502751062604,93075,407,828,5693,
76.62567082479208,93075,406,829,5693,
76.62632702516231,93075,406,828,5694,
76.6384427330249,93075,405,829,5694,
76.64300676648068,93074,406,829,5694,
76.64528949553244,93074,406,828,5695,
76.64615991229206,93074,405,829,5695,
76.64779323510575,93074,405,828,5696,
76.65014852882098,93074,405,827,5697,
76.6506477621439,93073,406,827,5697,
76.65083081039369,93073,406,826,5698,
76.66321947630247,93073,405,827,5698,
76.66520714011065,93073,405,826,5699,
76.66714642200589,93073,405,825,5700,
76.67318209191924,93073,405,824,5701,
76.6749002532236,93072,406,824,5701,
76.68401917819685,93071,407,824,5701,
76.68889067293895,93071,407,823,5702,
76.69140938665493,93071,406,824,5702,
76.69341425755998,93070,407,824,5702,
76.6943362089319,93069,408,824,5702,
76.69691556315594,93069,407,825,5702,
76.69832464117928,93069,407,824,5703,
76.70195730441444,93069,406,825,5703,
76.7038196947606,93068,407,825,5703,
76.70531899109163,93068,406,826,5703,
76.70913272656637,93068,406,825,5704,
76.7117440503753,93068,405,826,5704,
76.71384716618584,93068,405,825,5705,
76.71685339954011,93068,405,824,5706,
76.71702937302628,93068,405,823,5707,
76.71771408359643,93068,405,822,5708,
76.71776128889431,93067,406,822,5708,
76.72043718339773,93066,407,822,5708,
76.72391296134916,93065,408,822,5708,
76.7262525078333,93065,408,821,5709,
76.73314780397513,93064,409,821,5709,
76.737101884019,93063,410,821,5709,
76.74478598301529,93062,411,821,5709,
76.7452009723829,93062,411,820,5710,
76.74583159426396,93061,412,820,5710,
76.74605949997476,93061,411,821,5710,
76.74920956886953,93061,410,822,5710,
76.74934400912845,93061,409,823,5710,
76.75391307133324,93061,408,824,5710,
76.76187957458716,93061,407,825,5710,
76.76282183848912,93061,407,824,5711,
76.76294872463833,93060,408,824,5711,
76.76580013250744,93060,407,825,5711,
76.77260396202294,93059,408,825,5711,
76.7763425481512,93059,408,824,5712,
76.78032005002991,93058,409,824,5712,
76.78426121141126,93058,409,823,5713,
76.80198143038875,93057,410,823,5713,
76.8058549672401,93057,409,824,5713,
76.80632086665815,93057,408,825,5713,
76.80957714765685,93057,407,826,5713,
76.81184608240736,93056,408,826,5713,
76.81381240485081,93056,408,825,5714,
76.81487442098474,93056,408,824,5715,
76.82553951278658,93055,409,824,5715,
76.83676105362086,93055,409,823,5716,
76.8471371032542,93055,409,822,5717,
76.84878289186508,93055,409,821,5718,
76.85426934481777,93055,409,820,5719,
76.85622215558524,93054,410,820,5719,
76.86682368901344,93054,409,821,5719,
76.86889295121203,93054,409,820,5720,
76.87359202326843,93054,409,819,5721,
76.88123245006629,93054,409,818,5722,
76.8945516126993,93053,410,818,5722,
76.89945125325863,93053,409,819,5722,
76.90340127227452,93053,409,818,5723,
76.9053649782407,93053,408,819,5723,
76.9055806542574,93052,409,819,5723,
76.91193835500393,93052,408,820,5723,
76.91417084696971,93051,409,820,5723,
76.91481638762272,93051,408,821,5723,
76.91862737165832,93051,407,822,5723,
76.91981311612442,93051,406,823,5723,
76.92160618663178,93051,406,822,5724,
76.92227938023328,93051,406,821,5725,
76.92283747079807,93051,405,822,5725,
76.9231155580488,93050,406,822,5725,
76.92380570724836,93050,405,823,5725,
76.92688044183407,93049,406,823,5725,
76.93440094561183,93048,407,823,5725,
76.93569763096235,93047,408,823,5725,
76.93793632906129,93047,408,822,5726,
76.93967515094674,93047,408,821,5727,
76.94205750480748,93046,409,821,5727,
76.94373732488143,93046,409,820,5728,
76.94711297623581,93046,409,819,5729,
76.95474164394196,93046,409,818,5730,
76.95676194417611,93046,409,817,5731,
76.95924252770507,93045,410,817,5731,
76.96064313045788,93044,411,817,5731,
76.96747601934068,93043,412,817,5731,
76.97097409653551,93043,411,818,5731,
76.97321093064971,93043,411,817,5732,
76.97480061433879,93043,411,816,5733,
76.97507661015939,93043,410,817,5733,
76.97996005838368,93042,411,817,5733,
76.98440505906241,93042,410,818,5733,
76.98996291864975,93041,411,818,5733,
76.99250021191492,93041,411,817,5734,
76.99361489513842,93041,410,818,5734,
76.9963221554708,93041,410,817,5735,
76.99693233686062,93041,409,818,5735,
76.99914089411163,93040,410,818,5735,
77.00383112930393,93040,410,817,5736,
77.0040714749012,93039,411,817,5736,
77.00894934988082,93039,411,816,5737,
77.00954653392738,93038,412,816,5737,
77.01341237768119,93038,412,815,5738,
77.02507963370337,93038,412,814,5739,
77.02632209647825,93038,412,813,5740,
77.02737370859637,93038,412,812,5741,
77.02944577326366,93038,411,813,5741,
77.0301377093057,93037,412,813,5741,
77.0307499687448,93037,412,812,5742,
77.03655158265565,93036,413,812,5742,
77.04216890383881,93036,412,813,5742,
77.04761403940034,93036,411,814,5742,
77.0486542154199,93036,411,813,5743,
77.05449864639915,93036,410,814,5743,
77.05652302669196,93036,410,813,5744,
77.05756574269914,93036,409,814,5744,
77.05978036500903,93035,410,814,5744,
77.0598928050247,93035,409,815,5744,
77.06322040597168,93035,409,814,5745,
77.06562025175901,93035,409,813,5746,
77.0766340315236,93034,410,813,5746,
77.08483676431734,93034,409,814,5746,
77.08653821417134,93034,408,815,5746,
77.08668304540092,93034,407,816,5746,
77.08840079715301,93034,407,815,5747,
77.09014589124163,93034,406,816,5747,
77.10097989226688,93034,405,817,5747,
77.10246745000825,93034,405,816,5748,
77.10335350676678,93034,405,815,5749,
77.10719320761038,93034,405,814,5750,
77.11005977504487,93034,404,815,5750,
77.13664501390694,93034,403,816,5750,
77.13777797591615,93034,402,817,5750,
77.14881814384279,93034,401,818,5750,
77.15056947558395,93034,400,819,5750,
77.1505910191559,93034,399,820,5750,
77.15474867089723,93033,400,820,5750,
77.15646557998423,93033,399,821,5750,
77.15703202372904,93033,398,822,5750,
77.16291297741722,93033,397,823,5750,
77.16794699773115,93032,398,823,5750,
77.17557083185446,93032,397,824,5750,
77.18145663118153,93031,398,824,5750,
77.18164512576212,93031,398,823,5751,
77.1833457065502,93031,398,822,5752,
77.18336314415913,93031,398,821,5753,
77.18488269047779,93031,397,822,5753,
77.1860354413858,93031,397,821,5754,
77.18982161251193,93030,398,821,5754,
77.19109929168548,93030,397,822,5754,
77.19360006321422,93030,397,821,5755,
77.19516792583413,93029,398,821,5755,
77.19813915430149,93029,398,820,5756,
77.20012285914078,93028,399,820,5756,
77.20942660521196,93028,399,819,5757,
77.21685899585549,93028,399,818,5758,
77.21687481928114,93028,398,819,5758,
77.2289261044993,93027,399,819,5758,
77.22991923842551,93027,399,818,5759,
77.23701455724168,93027,398,819,5759,
77.24118290635967,93026,399,819,5759,
77.24497355736122,93026,399,818,5760,
77.25026215157246,93026,399,817,5761,
77.25340424631688,93026,398,818,5761,
77.2563600885565,93026,397,819,5761,
77.27420886396203,93026,396,820,5761,
77.27955255348981,93026,395,821,5761,
77.282847918604,93025,396,821,5761,
77.28709550877514,93025,396,820,5762,
77.28925269263488,93025,395,821,5762,
77.2926613457591,93025,395,820,5763,
77.2958956914321,93025,395,819,5764,
77.29638770981947,93024,396,819,5764,
77.29708591466164,93024,395,820,5764,
77.30324802609877,93024,394,821,5764,
77.30421435728903,93023,395,821,5764,
77.30484758062818,93023,395,820,5765,
77.30789262153895,93023,394,821,5765,
77.3088061131595,93023,394,820,5766,
77.30998558569173,93023,394,819,5767,
77.31131677844431,93023,394,818,5768,
77.31200848171572,93023,393,819,5768,
77.31989928186661,93023,392,820,5768,
77.32208617113977,93022,393,820,5768,
77.32764596800553,93021,394,820,5768,
77.32784143143829,93021,393,821,5768,
77.33112200092395,93021,392,822,5768,
77.33478074168329,93020,393,822,5768,
77.34911413356471,93020,393,821,5769,
77.35738645467978,93019,394,821,5769,
77.35896011508754,93018,395,821,5769,
77.3592806094379,93018,394,822,5769,
77.36512625186336,93018,393,823,5769,
77.370406568692,93018,392,824,5769,
77.37320790933326,93018,392,823,5770,
77.37356884430982,93017,393,823,5770,
77.37464683166382,93017,393,822,5771,
77.37691722470478,93016,394,822,5771,
77.3839546766763,93016,393,823,5771,
77.38495626284436,93016,392,824,5771,
77.38767009233266,93015,393,824,5771,
77.3892037161685,93015,393,823,5772,
77.39062155438401,93015,392,824,5772,
77.39069718031772,93014,393,824,5772,
77.39575242323943,93013,394,824,5772,
77.39606663082276,93012,395,824,5772,
77.4000934677279,93012,395,823,5773,
77.40479043296551,93012,395,822,5774,
77.41379841539316,93011,396,822,5774,
77.41484557260745,93010,397,822,5774,
77.41617823761422,93010,396,823,5774,
77.42065479149052,93010,395,824,5774,
77.43276861144909,93010,394,825,5774,
77.43601342903011,93010,394,824,5775,
77.43880852555749,93010,393,825,5775,
77.4397882193822,93009,394,825,5775,
77.44011456963415,93008,395,825,5775,
77.44890353540791,93008,395,824,5776,
77.45035198481952,93008,394,825,5776,
77.45149767101393,93008,394,824,5777,
77.4611551415266,93007,395,824,5777,
77.47006218271109,93007,394,825,5777,
77.47224080998897,93007,393,826,5777,
77.47552749617464,93006,394,826,5777,
77.48270296454399,93006,394,825,5778,
77.48334851287709,93006,394,824,5779,
77.4895378378612,93006,394,823,5780,
77.49104053811693,93005,395,823,5780,
77.49258944807318,93005,394,824,5780,
77.49777143643254,93005,394,823,5781,
77.4992790429915,93005,393,824,5781,
77.49976358167781,93004,394,824,5781,
77.50073632300482,93004,394,823,5782,
77.50285647800298,93003,395,823,5782,
77.5042199700597,93003,395,822,5783,
77.50951732256641,93003,394,823,5783,
77.51076256025385,93002,395,823,5783,
77.51680467547783,93001,396,823,5783,
77.52352907209308,93000,397,823,5783,
77.5256784761896,93000,397,822,5784,
77.52864261283423,93000,397,821,5785,
77.53899612678521,93000,397,820,5786,
77.54964004342793,93000,396,821,5786,
77.55192820295741,93000,396,820,5787,
77.55601131628583,93000,396,819,5788,
77.55606983403135,93000,395,820,5788,
77.55777150650866,92999,396,820,5788,
77.55818337684181,92999,396,819,5789,
77.56032720387964,92999,396,818,5790,
77.56849420155055,92999,395,819,5790,
77.57259219769816,92999,395,818,5791,
77.57627765161587,92998,396,818,5791,
77.57896583916875,92998,396,817,5792,
77.58051353444428,92998,396,816,5793,
77.58311515242177,92998,395,817,5793,
77.58711165352128,92998,395,816,5794,
77.5893064833227,92998,394,817,5794,
77.58967205967875,92998,394,816,5795,
77.5945089995866,92998,394,815,5796,
77.59761550493923,92998,394,814,5797,
77.6041304144605,92998,394,813,5798,
77.60674677082372,92997,395,813,5798,
77.60919321297763,92996,396,813,5798,
77.6114828734386,92996,395,814,5798,
77.61246090938289,92996,395,813,5799,
77.61343506226586,92995,396,813,5799,
77.61383406815068,92995,395,814,5799,
77.61849773012388,92994,396,814,5799,
77.62154935092248,92994,396,813,5800,
77.6236984458256,92994,395,814,5800,
77.62701830188871,92994,395,813,5801,
77.62752802170695,92994,394,814,5801,
77.62982425180007,92993,395,814,5801,
77.63185769426352,92993,394,815,5801,
77.63343307860754,92993,394,814,5802,
77.6393939560179,92993,393,815,5802,
77.64072587038308,92993,392,816,5802,
77.64419268716613,92993,392,815,5803,
77.64811122789985,92992,393,815,5803,
77.65183861353944,92992,393,814,5804,
77.65211461443687,92992,392,815,5804,
77.65630375453887,92992,392,814,5805,
77.65815855996235,92992,392,813,5806,
77.65889607084051,92992,391,814,5806,
77.66749336958503,92992,391,813,5807,
77.66757149258626,92991,392,813,5807,
77.67748248356259,92990,393,813,5807,
77.67927486146463,92990,392,814,5807,
77.68064717372273,92990,392,813,5808,
77.68729986387063,92990,392,812,5809,
77.68804570455816,92989,393,812,5809,
77.68882383129707,92988,394,812,5809,
77.68924771868934,92988,394,811,5810,
77.69858433464522,92988,393,812,5810,
77.70838428420507,92988,392,813,5810,
77.71444034467777,92988,391,814,5810,
77.71555288964541,92988,391,813,5811,
77.71987447903325,92988,390,814,5811,
77.72237379855548,92987,391,814,5811,
77.7235386783774,92987,390,815,5811,
77.73075505956257,92986,391,815,5811,
77.73851738999188,92986,390,816,5811,
77.74512293337882,92986,390,815,5812,
77.74661214406818,92986,390,814,5813,
77.74950377399487,92986,390,813,5814,
77.75704062183249,92986,390,812,5815,
77.75768160846087,92986,389,813,5815,
77.75939580673324,92986,389,812,5816,
77.76081381113082,92986,388,813,5816,
77.76184121684153,92986,387,814,5816,
77.78494863067304,92986,387,813,5817,
77.78601716893766,92986,386,814,5817,
77.78787587386151,92986,386,813,5818,
77.79746335734227,92986,385,814,5818,
77.80332627547662,92986,385,813,5819,
77.80501512499089,92985,386,813,5819,
77.80614265473751,92984,387,813,5819,
77.81065103916595,92984,387,812,5820,
77.81664897005236,92984,387,811,5821,
77.82613063982924,92984,387,810,5822,
77.82943700186829,92984,387,809,5823,
77.83100291129048,92983,388,809,5823,
77.84144613871182,92983,387,810,5823,
77.84497334262117,92983,386,811,5823,
77.85258975727459,92982,387,811,5823,
77.85769964805897,92981,388,811,5823,
77.85792976850965,92981,388,810,5824,
77.86399468357364,92980,389,810,5824,
77.86579872528111,92980,388,811,5824,
77.86604693241563,92980,388,810,5825,
77.87230400419219,92980,388,809,5826,
77.88082651663986,92980,388,808,5827,
77.88272594831487,92980,387,809,5827,
77.8847855711418,92980,386,810,5827,
77.89430182751468,92980,386,809,5828,
77.89768840948088,92979,387,809,5828,
77.89932885001153,92979,387,808,5829,
77.91744251279471,92979,387,807,5830,
77.91880087922394,92978,388,807,5830,
77.9218895736913,92978,388,806,5831,
77.92960802653616,92978,388,805,5832,
77.9315984836737,92978,388,804,5833,
77.95563962490533,92978,388,803,5834,
77.96170402817003,92978,388,802,5835,
77.97145300854083,92977,389,802,5835,
77.97197399183055,92977,388,803,5835,
77.97462162952255,92976,389,803,5835,
77.97933392882643,92976,389,802,5836,
77.98226843642355,92976,388,803,5836,
77.99173847984761,92976,387,804,5836,
77.99331428110008,92976,387,803,5837,
78.00077371278309,92976,387,802,5838,
78.02046337408149,92976,386,803,5838,
78.02298917864924,92976,386,802,5839,
78.0250874478175,92976,385,803,5839,
78.02941957761362,92976,385,802,5840,
78.03087059919483,92976,385,801,5841,
78.03956676887552,92976,385,800,5842,
78.03962024218706,92976,384,801,5842,
78.03974224444778,92976,384,800,5843,
78.04312441749428,92976,384,799,5844,
78.04663936684238,92976,384,798,5845,
78.05240301645398,92976,384,797,5846,
78.05455937087271,92975,385,797,5846,
78.05965366191428,92975,384,798,5846,
78.06163369462428,92975,383,799,5846,
78.06543344504254,92974,384,799,5846,
78.07029718727287,92974,384,798,5847,
78.07688452175933,92974,384,797,5848,
78.08259083840339,92973,385,797,5848,
78.08753984573974,92973,384,798,5848,
78.08964639030341,92973,384,797,5849,
78.09224118716976,92973,384,796,5850,
78.09370428208021,92973,383,797,5850,
78.1006473152888,92972,384,797,5850,
78.10228489666792,92972,383,798,5850,
78.10260168680297,92972,383,797,5851,
78.10277223719959,92972,382,798,5851,
78.10323273310152,92972,382,797,5852,
78.10654979794595,92971,383,797,5852,
78.10787115816471,92971,383,796,5853,
78.10880993566073,92970,384,796,5853,
78.1196413381534,92969,385,796,5853,
78.11986509947977,92969,385,795,5854,
78.12088163185129,92969,384,796,5854,
78.13519797524086,92969,383,797,5854,
78.14700653082517,92969,383,796,5855,
78.14731239886206,92969,382,797,5855,
78.14858979591133,92968,383,797,5855,
78.14974248350552,92968,383,796,5856,
78.1508440136273,92967,384,796,5856,
78.15349967787901,92967,383,797,5856,
78.15848311595775,92967,383,796,5857,
78.1637773880042,92967,382,797,5857,
78.1716010472834,92966,383,797,5857,
78.17569654971751,92966,382,798,5857,
78.1783370076623,92965,383,798,5857,
78.1803494105651,92964,384,798,5857,
78.18189839703484,92964,383,799,5857,
78.18410617009118,92964,383,798,5858,
78.18820768198051,92964,382,799,5858,
78.19082612288709,92964,381,800,5858,
78.19643054243483,92964,381,799,5859,
78.1974545318393,92964,381,798,5860,
78.20315510992097,92964,380,799,5860,
78.2149455044771,92963,381,799,5860,
78.21609965626985,92963,381,798,5861,
78.21740989101691,92963,381,797,5862,
78.22272175090114,92963,380,798,5862,
78.22368936161828,92963,380,797,5863,
78.22392791367406,92963,380,796,5864,
78.228141837504,92963,380,795,5865,
78.23488832475974,92963,379,796,5865,
78.25777086916062,92963,378,797,5865,
78.2636712897495,92962,379,797,5865,
78.26904894106224,92962,378,798,5865,
78.27724217619468,92962,377,799,5865,
78.28352688981437,92962,377,798,5866,
78.29042766815463,92962,377,797,5867,
78.29356807159722,92962,376,798,5867,
78.2961859969072,92962,375,799,5867,
78.30200467357355,92962,375,798,5868,
78.31349483407584,92962,374,799,5868,
78.31681279730577,92962,374,798,5869,
78.31783318437138,92962,374,797,5870,
78.32437072395503,92962,374,796,5871,
78.33264940399567,92962,373,797,5871,
78.33349162753936,92962,372,798,5871,
78.33475277754142,92962,372,797,5872,
78.3381181574521,92962,372,796,5873,
78.34340681444053,92962,372,795,5874,
78.34950924985853,92962,372,794,5875,
78.36107209013227,92961,373,794,5875,
78.36757598580513,92961,373,793,5876,
78.37433410436262,92960,374,793,5876,
78.38164590188893,92959,375,793,5876,
78.3838930370527,92958,376,793,5876,
78.38443133275882,92957,377,793,5876,
78.38737963050426,92957,376,794,5876,
78.39051540172528,92957,375,795,5876,
78.39469967985099,92956,376,795,5876,
78.40049887520978,92955,377,795,5876,
78.40631628318133,92954,378,795,5876,
78.40849846755668,92954,377,796,5876,
78.41641326946919,92954,377,795,5877,
78.41791300375587,92954,376,796,5877,
78.4200315010099,92954,375,797,5877,
78.42015960024199,92954,375,796,5878,
78.42164245386675,92954,374,797,5878,
78.4275152566093,92954,373,798,5878,
78.43008675053473,92954,373,797,5879,
78.43029324413624,92954,373,796,5880,
78.431119155129,92953,374,796,5880,
78.4346270292005,92953,373,797,5880,
78.43727558121685,92953,373,796,5881,
78.43779796424737,92953,372,797,5881,
78.44053292600863,92953,371,798,5881,
78.44215846941431,92952,372,798,5881,
78.44499722325205,92952,372,797,5882,
78.45884567126504,92952,371,798,5882,
78.46259879041517,92951,372,798,5882,
78.46369032514392,92950,373,798,5882,
78.46682354804906,92950,372,799,5882,
78.47027834219304,92950,371,800,5882,
78.47600128754073,92949,372,800,5882,
78.4782873558384,92949,372,799,5883,
78.4819611476203,92949,372,798,5884,
78.49914232416793,92949,371,799,5884,
78.50340495821297,92948,372,799,5884,
78.5121906460351,92947,373,799,5884,
78.51235221200139,92947,373,798,5885,
78.51491447731684,92947,373,797,5886,
78.51637958995582,92947,372,798,5886,
78.51951816238551,92947,371,799,5886,
78.53314835564521,92947,371,798,5887,
78.53763321676425,92947,371,797,5888,
78.54273663338051,92947,371,796,5889,
78.54570148922141,92947,370,797,5889,
78.54709325878098,92947,369,798,5889,
78.55527116453645,92946,370,798,5889,
78.55870897486973,92945,371,798,5889,
78.56097035617071,92945,371,797,5890,
78.56138656485538,92944,372,797,5890,
78.56891851722679,92944,371,798,5890,
78.57067319342312,92943,372,798,5890,
78.57243570870857,92943,372,797,5891,
78.57537231696725,92943,371,798,5891,
78.5757512759099,92943,371,797,5892,
78.58152519328887,92942,372,797,5892,
78.5834857155233,92942,371,798,5892,
78.58433456037457,92941,372,798,5892,
78.58845146286473,92941,372,797,5893,
78.59055041269227,92941,371,798,5893,
78.59209450866044,92941,371,797,5894,
78.60227121404913,92940,372,797,5894,
78.60351907350557,92940,372,796,5895,
78.61451581526028,92939,373,796,5895,
78.61523034884647,92938,374,796,5895,
78.62193694544193,92938,374,795,5896,
78.62233851780185,92937,375,795,5896,
78.62295475191706,92937,375,794,5897,
78.62535499247801,92937,375,793,5898,
78.62712680443562,92937,375,792,5899,
78.62790150359959,92936,376,792,5899,
78.63622138964655,92936,375,793,5899,
78.63706585279226,92936,375,792,5900,
78.6422829897632,92935,376,792,5900,
78.65446467113375,92935,376,791,5901,
78.66575075179045,92935,375,792,5901,
78.6694064037728,92934,376,792,5901,
78.67083279946874,92934,376,791,5902,
78.6710131269592,92934,375,792,5902,
78.67741373549332,92933,376,792,5902,
78.68011109803416,92932,377,792,5902,
78.6841628717327,92932,376,793,5902,
78.69364623997572,92931,377,793,5902,
78.7019361274787,92931,377,792,5903,
78.70487959444227,92931,376,793,5903,
78.70613825721311,92930,377,793,5903,
78.70718835499343,92930,376,794,5903,
78.70795262529995,92930,375,795,5903,
78.71007055170844,92930,374,796,5903,
78.72380718159103,92930,373,797,5903,
78.72469287381318,92930,373,796,5904,
78.72697005341509,92929,374,796,5904,
78.73104600507732,92928,375,796,5904,
78.73642611478442,92928,374,797,5904,
78.73895713720216,92928,373,798,5904,
78.74704339948518,92927,374,798,5904,
78.74820950073673,92926,375,798,5904,
78.75217800098126,92926,375,797,5905,
78.752861129528,92926,375,796,5906,
78.75450344452932,92926,374,797,5906,
78.7583857619955,92926,374,796,5907,
78.76040127011109,92926,374,795,5908,
78.7762323591993,92926,373,796,5908,
78.78623703601875,92926,372,797,5908,
78.78684528517059,92926,372,796,5909,
78.78869630845432,92926,371,797,5909,
78.7915113301864,92926,371,796,5910,
78.79305735177245,92926,371,795,5911,
78.79702260611454,92925,372,795,5911,
78.80604469224414,92924,373,795,5911,
78.8079170499949,92924,373,794,5912,
78.80912512134657,92924,372,795,5912,
78.80970387961256,92924,371,796,5912,
78.81046363723155,92924,370,797,5912,
78.81577701138808,92924,370,796,5913,
78.82259652656965,92923,371,796,5913,
78.82835470496511,92923,370,797,5913,
78.82857497886397,92922,371,797,5913,
78.83080503635776,92922,370,798,5913,
78.83253145102064,92921,371,798,5913,
78.8337910151935,92921,370,799,5913,
78.8364993856749,92921,370,798,5914,
78.8382996094382,92921,369,799,5914,
78.84017483620669,92921,369,798,5915,
78.85074426787664,92920,370,798,5915,
78.8567337990369,92920,370,797,5916,
78.8570058267379,92919,371,797,5916,
78.85911609004934,92919,371,796,5917,
78.86010864336006,92918,372,796,5917,
78.86711550839753,92917,373,796,5917,
78.86989916808187,92917,373,795,5918,
78.87685535920762,92916,374,795,5918,
78.87942914210394,92915,375,795,5918,
78.88052428579016,92914,376,795,5918,
78.88393168093732,92914,375,796,5918,
78.90237542138351,92914,375,795,5919,
78.90666424269224,92914,374,796,5919,
78.9078248599562,92913,375,796,5919,
78.91105698387685,92912,376,796,5919,
78.91339805278963,92912,375,797,5919,
78.91353020107483,92912,375,796,5920,
78.92478190841712,92911,376,796,5920,
78.93077384890078,92911,375,797,5920,
78.93130904339415,92911,375,796,5921,
78.93485866384513,92911,375,795,5922,
78.94842189118398,92911,375,794,5923,
78.94903145036812,92911,375,793,5924,
78.95713394470633,92911,374,794,5924,
78.96011888066079,92911,373,795,5924,
78.9640660044686,92911,373,794,5925,
78.9647887638054,92911,373,793,5926,
78.97868678507962,92911,372,794,5926,
78.98047311077656,92911,372,793,5927,
78.98342179232398,92911,371,794,5927,
78.98636210902183,92911,370,795,5927,
78.98941614152244,92910,371,795,5927,
78.9912460649156,92910,370,796,5927,
78.99168155937109,92910,369,797,5927,
79.0022696926998,92910,369,796,5928,
79.00678663556565,92910,369,795,5929,
79.01281132866589,92909,370,795,5929,
79.01371817453767,92909,369,796,5929,
79.02207087184237,92909,369,795,5930,
79.0256379777572,92909,368,796,5930,
79.0284366433483,92908,369,796,5930,
79.0312804473541,92908,368,797,5930,
79.03508002144329,92908,368,796,5931,
79.03910535619082,92908,367,797,5931,
79.04093572545486,92908,367,796,5932,
79.0448522524897,92908,366,797,5932,
79.04898395965301,92907,367,797,5932,
79.053301834751,92906,368,797,5932,
79.05384090136101,92906,368,796,5933,
79.05684775373993,92906,368,795,5934,
79.05926351827996,92906,368,794,5935,
79.07070212857366,92906,368,793,5936,
79.07625919013205,92906,368,792,5937,
79.07647205512157,92906,368,791,5938,
79.08179988901406,92906,367,792,5938,
79.08584396495387,92905,368,792,5938,
79.08627630588555,92904,369,792,5938,
79.0870190930012,92903,370,792,5938,
79.08829005415026,92902,371,792,5938,
79.08962201386078,92902,370,793,5938,
79.0914423809308,92902,369,794,5938,
79.0939352201392,92901,370,794,5938,
79.1066575347783,92900,371,794,5938,
79.11201507600052,92900,370,795,5938,
79.11336266673078,92900,369,796,5938,
79.1145388265049,92899,370,796,5938,
79.11855676408226,92899,370,795,5939,
79.12303358629018,92899,370,794,5940,
79.12439620091891,92899,370,793,5941,
79.12614621535397,92899,370,792,5942,
79.12659224574688,92899,369,793,5942,
79.13716380561611,92899,368,794,5942,
79.15677346745588,92899,367,795,5942,
79.15938346124621,92899,367,794,5943,
79.16113607445115,92899,367,793,5944,
79.1657070600628,92899,367,792,5945,
79.1659201319953,92899,366,793,5945,
79.1678680593987,92899,366,792,5946,
79.17250685775603,92899,366,791,5947,
79.17974561732382,92898,367,791,5947,
79.1822800305062,92897,368,791,5947,
79.18382906494949,92897,367,792,5947,
79.1858331815935,92897,366,793,5947,
79.18862212922548,92897,365,794,5947,
79.18904994250256,92896,366,794,5947,
79.1895779622285,92896,365,795,5947,
79.19026401190884,92896,365,794,5948,
79.19336270626562,92896,364,795,5948,
79.19880263321335,92896,363,796,5948,
79.20150710073116,92896,363,795,5949,
79.20152537608746,92895,364,795,5949,
79.20169844098345,92895,364,794,5950,
79.20205689632817,92895,364,793,5951,
79.20221426203388,92895,364,792,5952,
79.20554803168544,92894,365,792,5952,
79.21285660793889,92894,365,791,5953,
79.21465320575305,92894,365,790,5954,
79.21481409140034,92894,364,791,5954,
79.2186996309909,92894,363,792,5954,
79.22184792928059,92894,362,793,5954,
79.22288161828786,92894,361,794,5954,
79.22603565451575,92893,362,794,5954,
79.2269924313648,92892,363,794,5954,
79.22896406572752,92892,362,795,5954,
79.2311575400247,92892,361,796,5954,
79.2367633780422,92892,360,797,5954,
79.25010667016018,92891,361,797,5954,
79.25790935392084,92891,360,798,5954,
79.26525343080782,92891,359,799,5954,
79.26747101218365,92890,360,799,5954,
79.28058310430555,92890,359,800,5954,
79.28373713939169,92890,359,799,5955,
79.2884914753364,92890,359,798,5956,
79.28932655341524,92889,360,798,5956,
79.29192427402486,92889,360,797,5957,
79.29909283716944,92888,361,797,5957,
79.3064373819104,92888,361,796,5958,
79.32356797402878,92888,361,795,5959,
79.32813123233498,92888,360,796,5959,
79.33626254068162,92887,361,796,5959,
79.34299879545931,92886,362,796,5959,
79.34643525017026,92886,362,795,5960,
79.36040493917419,92886,361,796,5960,
79.36435661008491,92886,360,797,5960,
79.36652157620293,92886,359,798,5960,
79.37749118059635,92885,360,798,5960,
79.38018780860844,92885,359,799,5960,
79.380712025468,92885,358,800,5960,
79.384878573246,92885,358,799,5961,
79.38882358710114,92885,358,798,5962,
79.38981193212999,92884,359,798,5962,
79.39422804867786,92883,360,798,5962,
79.39944766879685,92882,361,798,5962,
79.40437033021286,92882,361,797,5963,
79.40459448982978,92882,360,798,5963,
79.40918502376151,92881,361,798,5963,
79.4127925047887,92881,361,797,5964,
79.42166879094309,92881,361,796,5965,
79.42583370442574,92880,362,796,5965,
79.42782024181389,92880,362,795,5966,
79.4329165043944,92880,362,794,5967,
79.43361623616465,92880,361,795,5967,
79.4339596054524,92880,361,794,5968,
79.4352587746817,92879,362,794,5968,
79.43707305638065,92879,361,795,5968,
79.44196868207644,92879,361,794,5969,
79.4500486741257,92878,362,794,5969,
79.46183084330899,92878,361,795,5969,
79.46890373069701,92878,361,794,5970,
79.46898060746213,92877,362,794,5970,
79.47824461271153,92877,361,795,5970,
79.4784469421173,92877,361,794,5971,
79.48032545377204,92877,360,795,5971,
79.48302938070728,92876,361,795,5971,
79.48480601725126,92876,360,796,5971,
79.48877820597522,92876,359,797,5971,
79.49662649359465,92876,358,798,5971,
79.50558338224513,92876,358,797,5972,
79.5062371323515,92875,359,797,5972,
79.5080022751646,92875,359,796,5973,
79.50833903294804,92874,360,796,5973,
79.51356073294875,92873,361,796,5973,
79.51892345017482,92872,362,796,5973,
79.52466818831712,92872,361,797,5973,
79.52498224770366,92872,361,796,5974,
79.52983229548893,92872,360,797,5974,
79.53214874116068,92872,360,796,5975,
79.53227615838759,92872,360,795,5976,
79.54497750566875,92871,361,795,5976,
79.55158516984537,92871,361,794,5977,
79.55222412545922,92871,361,793,5978,
79.55277019628181,92871,361,792,5979,
79.56191520669456,92871,360,793,5979,
79.56548400243571,92870,361,793,5979,
79.56621065096412,92870,361,792,5980,
79.56990021534354,92870,361,791,5981,
79.57126141847456,92869,362,791,5981,
79.57406710150767,92868,363,791,5981,
79.57419522071,92868,363,790,5982,
79.57445694326671,92867,364,790,5982,
79.57527262043999,92867,363,791,5982,
79.58428993391807,92867,363,790,5983,
79.58746972880118,92867,363,789,5984,
79.5881344593289,92866,364,789,5984,
79.5982634916474,92866,363,790,5984,
79.60057169686166,92865,364,790,5984,
79.60295277079547,92865,364,789,5985,
79.61610781570917,92865,364,788,5986,
79.6169737243089,92865,363,789,5986,
79.61714240378835,92865,363,788,5987,
79.63082759526678,92865,363,787,5988,
79.63180374670452,92865,363,786,5989,
79.63499383011936,92865,363,785,5990,
79.63668256214974,92865,363,784,5991,
79.64405355622239,92865,363,783,5992,
79.64589342290955,92865,362,784,5992,
79.65156582507498,92865,362,783,5993,
79.65275180505489,92865,361,784,5993,
79.6636874354264,92864,362,784,5993,
79.66423924637283,92864,361,785,5993,
79.66588838532849,92864,360,786,5993,
79.66978083960163,92864,360,785,5994,
79.67375728562372,92864,360,784,5995,
79.67611272435514,92864,360,783,5996,
79.6784699859615,92864,360,782,5997,
79.68022438681238,92864,359,783,5997,
79.68152317066406,92864,359,782,5998,
79.68237540009845,92864,358,783,5998,
79.69692678235961,92863,359,783,5998,
79.70061132113611,92863,358,784,5998,
79.70262323959855,92863,358,783,5999,
79.7114178225998,92863,357,784,5999,
79.72628320515369,92863,357,783,6000,
79.72893614559825,92862,358,783,6000,
79.73892884252994,92861,359,783,6000,
79.74235558578104,92861,358,784,6000,
79.74930092666258,92861,357,785,6000,
79.75036813660697,92861,356,786,6000,
79.75329196315359,92861,356,785,6001,
79.75470661195814,92861,356,784,6002,
79.75771611532558,92861,356,783,6003,
79.75843422437724,92861,355,784,6003,
79.76434555691552,92861,355,783,6004,
79.77911918445105,92861,354,784,6004,
79.79140138062692,92861,353,785,6004,
79.79254842044888,92861,353,784,6005,
79.80925042971495,92861,353,783,6006,
79.81626383158718,92861,353,782,6007,
79.82981194828116,92860,354,782,6007,
79.84426719240537,92860,354,781,6008,
79.84928711011773,92859,355,781,6008,
79.84950942102816,92859,354,782,6008,
79.85746794630634,92859,354,781,6009,
79.87241459263623,92858,355,781,6009,
79.87287364919132,92858,354,782,6009,
79.87650738740635,92858,353,783,6009,
79.87874990865033,92858,353,782,6010,
79.8802155294601,92858,352,783,6010,
79.88059121974088,92858,351,784,6010,
79.88072652965178,92858,350,785,6010,
79.88414680600883,92858,350,784,6011,
79.88676347167248,92858,350,783,6012,
79.89947736972807,92858,350,782,6013,
79.8997406514203,92858,349,783,6013,
79.9038883324954,92858,349,782,6014,
79.90525885893175,92858,349,781,6015,
79.91341071652698,92858,349,780,6016,
79.91636004838804,92858,348,781,6016,
79.92113603098109,92858,348,780,6017,
79.92533450223611,92857,349,780,6017,
79.94054584074954,92857,349,779,6018,
79.94155324155903,92857,349,778,6019,
79.9444718709351,92856,350,778,6019,
79.95432412237315,92856,349,779,6019,
79.95577379633171,92856,349,778,6020,
79.96162343946864,92856,349,777,6021,
79.96996027619585,92855,350,777,6021,
79.97157211650492,92855,349,778,6021,
79.97200294788044,92854,350,778,6021,
79.97347685706717,92854,350,777,6022,
79.97527764498508,92854,349,778,6022,
79.97670086472831,92854,349,777,6023,
79.99108468892177,92853,350,777,6023,
79.99311340191966,92853,350,776,6024,
79.99457016250565,92853,350,775,6025,
79.9945761553503,92853,349,776,6025,
79.99889483607824,92853,348,777,6025,
80.00062508853496,92853,347,778,6025,
80.0043295788016,92853,347,777,6026,
80.01192302303187,92852,348,777,6026,
80.01692102181971,92852,348,776,6027,
80.02367206891111,92851,349,776,6027,
80.02875692473924,92851,348,777,6027,
80.03020259863075,92851,348,776,6028,
80.03218823385438,92851,348,775,6029,
80.03548787198301,92851,347,776,6029,
80.03847314478347,92851,347,775,6030,
80.03981627975443,92851,347,774,6031,
80.0432611209371,92851,347,773,6032,
80.0528709019828,92851,347,772,6033,
80.06110444802178,92851,347,771,6034,
80.06240068985113,92851,346,772,6034,
80.06328411635522,92851,345,773,6034,
80.065991499946,92851,344,774,6034,
80.0713794446932,92851,344,773,6035,
80.0720418679286,92851,343,774,6035,
80.07218938195585,92851,342,775,6035,
80.07557663215,92851,342,774,6036,
80.07891402588793,92851,342,773,6037,
80.09085279475462,92851,341,774,6037,
80.09410714586846,92850,342,774,6037,
80.09783963761959,92850,341,775,6037,
80.10293579587486,92849,342,775,6037,
80.10422421415632,92849,342,774,6038,
80.10556011139302,92848,343,774,6038,
80.11581018908183,92848,342,775,6038,
80.12009759027265,92848,341,776,6038,
80.12025230057588,92848,341,775,6039,
80.12626965227426,92847,342,775,6039,
80.12695912744752,92846,343,775,6039,
80.13095379008652,92846,343,774,6040,
80.14281060895277,92846,342,775,6040,
80.14830439232676,92845,343,775,6040,
80.1513832475925,92844,344,775,6040,
80.15261811274075,92844,343,776,6040,
80.1548228937966,92844,343,775,6041,
80.16396521195705,92843,344,775,6041,
80.16546284771663,92843,344,774,6042,
80.16943417938802,92843,344,773,6043,
80.17187958722722,92843,343,774,6043,
80.18089060487682,92843,342,775,6043,
80.18492728423918,92843,341,776,6043,
80.18947761625472,92843,340,777,6043,
80.1944491915942,92843,340,776,6044,
80.19600965443396,92843,339,777,6044,
80.21078154653904,92843,339,776,6045,
80.2121362812758,92842,340,776,6045,
80.21473696785756,92842,340,775,6046,
80.2152713735928,92841,341,775,6046,
80.22204918553234,92841,340,776,6046,
80.2223464709884,92841,339,777,6046,
80.2274195799016,92841,339,776,6047,
80.22960117845238,92840,340,776,6047,
80.23000136287779,92840,339,777,6047,
80.23486083911254,92840,339,776,6048,
80.23636734440134,92840,339,775,6049,
80.2403131657026,92840,339,774,6050,
80.24568426745904,92840,338,775,6050,
80.24949821585551,92839,339,775,6050,
80.2529857198081,92839,339,774,6051,
80.26404736074835,92838,340,774,6051,
80.26580297950326,92838,340,773,6052,
80.26663012547907,92838,339,774,6052,
80.27004396985728,92838,339,773,6053,
80.27151014506467,92837,340,773,6053,
80.27262513304827,92837,340,772,6054,
80.27320253847725,92837,340,771,6055,
80.27927429603605,92837,340,770,6056,
80.27945287614045,92836,341,770,6056,
80.28593279419559,92835,342,770,6056,
80.28780663120332,92834,343,770,6056,
80.28829400049426,92834,343,769,6057,
80.29334751395398,92834,342,770,6057,
80.2951792451691,92834,342,769,6058,
80.30899980575839,92834,341,770,6058,
80.31661562644109,92834,340,771,6058,
80.31691125230384,92833,341,771,6058,
80.32067268844307,92833,341,770,6059,
80.3216013720913,92833,341,769,6060,
80.32333700157311,92833,340,770,6060,
80.32566796746761,92832,341,770,6060,
80.32801882578286,92832,341,769,6061,
80.3294627713667,92832,341,768,6062,
80.33035905241988,92831,342,768,6062,
80.34879267129551,92831,341,769,6062,
80.3548879610141,92831,341,768,6063,
80.35589508759517,92831,341,767,6064,
80.3586972273575,92830,342,767,6064,
80.36730323137512,92830,342,766,6065,
80.36883884535018,92830,342,765,6066,
80.3698830924651,92830,341,766,6066,
80.37067545755583,92830,341,765,6067,
80.37171020595397,92830,341,764,6068,
80.37339132597451,92830,340,765,6068,
80.37753897541918,92830,339,766,6068,
80.37840560853452,92830,338,767,6068,
80.37999505615812,92829,339,767,6068,
80.38001082288,92829,339,766,6069,
80.38314720362749,92828,340,766,6069,
80.38354084277074,92828,339,767,6069,
80.38538545898538,92828,339,766,6070,
80.38721579881579,92827,340,766,6070,
80.39934433611107,92827,339,767,6070,
80.40072358965219,92826,340,767,6070,
80.40388114667971,92826,340,766,6071,
80.40398289927367,92826,340,765,6072,
80.40667367476915,92825,341,765,6072,
80.40867298244844,92825,341,764,6073,
80.41076435569627,92825,341,763,6074,
80.4177203797147,92824,342,763,6074,
80.41798964528866,92824,342,762,6075,
80.41982466295553,92824,342,761,6076,
80.4344701934627,92824,341,762,6076,
80.43731674001475,92824,341,761,6077,
80.44453115953593,92824,341,760,6078,
80.445589442859,92824,341,759,6079,
80.44894242826216,92824,340,760,6079,
80.45146521044384,92823,341,760,6079,
80.45196705892619,92823,341,759,6080,
80.45671022716796,92822,342,759,6080,
80.46265768240781,92822,341,760,6080,
80.46393342530448,92822,341,759,6081,
80.46790275658165,92822,340,760,6081,
80.46848713569105,92821,341,760,6081,
80.48055388391748,92821,341,759,6082,
80.48316491524594,92821,341,758,6083,
80.48595416828198,92820,342,758,6083,
80.50326603677078,92819,343,758,6083,
80.50438731778121,92819,343,757,6084,
80.51415468300351,92818,344,757,6084,
80.5210852699654,92818,344,756,6085,
80.53879093770942,92817,345,756,6085,
80.54634957870806,92816,346,756,6085,
80.54890640858446,92816,346,755,6086,
80.55433256290716,92816,346,754,6087,
80.55528810173968,92816,346,753,6088,
80.55597083803173,92815,347,753,6088,
80.55828300818797,92815,346,754,6088,
80.57143174977917,92815,345,755,6088,
80.57150181361774,92815,344,756,6088,
80.57386008974555,92815,343,757,6088,
80.57855104803228,92815,343,756,6089,
80.58145577070454,92815,343,755,6090,
80.58443375229226,92815,343,754,6091,
80.59021070860314,92815,342,755,6091,
80.59781360804593,92815,341,756,6091,
80.60348606626573,92815,341,755,6092,
80.6078144473634,92814,342,755,6092,
80.60957330776169,92814,342,754,6093,
80.61052744301853,92814,342,753,6094,
80.61347700316185,92813,343,753,6094,
80.63575997713036,92812,344,753,6094,
80.64798235427142,92812,343,754,6094,
80.64922302566902,92812,342,755,6094,
80.65455238465788,92812,341,756,6094,
80.65706729936139,92812,340,757,6094,
80.66359315983975,92811,341,757,6094,
80.67467761886155,92811,341,756,6095,
80.6751055801555,92811,341,755,6096,
80.68365267788123,92810,342,755,6096,
80.69093035806901,92809,343,755,6096,
80.69249971948818,92809,342,756,6096,
80.69314962551485,92809,341,757,6096,
80.70124574410863,92809,340,758,6096,
80.70651475476052,92809,340,757,6097,
80.70753102319813,92809,339,758,6097,
80.7085161196907,92809,339,757,6098,
80.73075481526519,92808,340,757,6098,
80.73531262810202,92808,340,756,6099,
80.73566765332109,92808,340,755,6100,
80.73645052393297,92807,341,755,6100,
80.74166427794387,92807,341,754,6101,
80.74300964839495,92806,342,754,6101,
80.74889021009189,92805,343,754,6101,
80.75986378625072,92805,343,753,6102,
80.76183129245878,92805,342,754,6102,
80.76695570626634,92805,342,753,6103,
80.77066464722873,92805,342,752,6104,
80.7717644216431,92804,343,752,6104,
80.77741648134531,92804,342,753,6104,
80.78464271874331,92803,343,753,6104,
80.78897821968553,92803,343,752,6105,
80.79387894206567,92803,343,751,6106,
80.79506909601947,92803,343,750,6107,
80.79905455560598,92803,343,749,6108,
80.80894691775612,92802,344,749,6108,
80.81000109340357,92801,345,749,6108,
80.81561928671337,92801,345,748,6109,
80.81995980069425,92801,345,747,6110,
80.82737999395133,92801,345,746,6111,
80.82954827774117,92801,344,747,6111,
80.83205901783788,92801,344,746,6112,
80.84382512879799,92801,344,745,6113,
80.8484776295126,92801,344,744,6114,
80.85769314708016,92801,344,743,6115,
80.85797906860613,92801,344,742,6116,
80.8657395199821,92801,343,743,6116,
80.87078652995734,92801,342,744,6116,
80.87929462357596,92801,341,745,6116,
80.88417993277069,92801,340,746,6116,
80.8983139705037,92801,340,745,6117,
80.89977786012874,92800,341,745,6117,
80.90409221576543,92800,340,746,6117,
80.90531646018636,92800,340,745,6118,
80.91808376715957,92800,340,744,6119,
80.91973193403359,92799,341,744,6119,
80.92028247714383,92798,342,744,6119,
80.922651986027,92798,341,745,6119,
80.92469560849769,92797,342,745,6119,
80.93194142272228,92797,342,744,6120,
80.93355783218078,92797,342,743,6121,
80.93625569512096,92797,341,744,6121,
80.93705454077656,92797,340,745,6121,
80.93718668862553,92797,339,746,6121,
80.9417854577348,92797,338,747,6121,
80.94264761174747,92797,338,746,6122,
80.94996620942797,92797,338,745,6123,
80.95447308124787,92797,338,744,6124,
80.9550322118744,92796,339,744,6124,
80.95523809451876,92796,339,743,6125,
80.95653888172066,92796,339,742,6126,
80.96951986865761,92796,338,743,6126,
80.97884879239717,92796,338,742,6127,
80.9833951148504,92796,338,741,6128,
80.98617160024844,92795,339,741,6128,
80.98667862321273,92795,339,740,6129,
80.98850648652046,92795,339,739,6130,
80.98968761794629,92794,340,739,6130,
80.99076169913398,92794,340,738,6131,
80.99312903896387,92793,341,738,6131,
80.99375996956911,92793,341,737,6132,
81.0061890866136,92793,340,738,6132,
81.0082470959621,92793,340,737,6133,
81.0138914708773,92793,340,736,6134,
81.01427658030514,92792,341,736,6134,
81.01477365865122,92792,341,735,6135,
81.02074682780191,92792,340,736,6135,
81.02661176874236,92791,341,736,6135,
81.028832639141,92791,341,735,6136,
81.03031372842624,92791,341,734,6137,
81.03164413444489,92790,342,734,6137,
81.03799931530418,92790,342,733,6138,
81.04065275462503,92790,342,732,6139,
81.04385314526623,92790,342,731,6140,
81.04967302296714,92790,342,730,6141,
81.05083437238474,92790,342,729,6142,
81.05705155191765,92790,341,730,6142,
81.06916365077177,92790,340,731,6142,
81.07285526838136,92790,340,730,6143,
81.0765209948488,92790,340,729,6144,
81.08990409095645,92789,341,729,6144,
81.09377855882951,92789,341,728,6145,
81.09776063892008,92789,341,727,6146,
81.10472495577315,92788,342,727,6146,
81.10736179778769,92787,343,727,6146,
81.10998443242777,92787,343,726,6147,
81.11726256534376,92786,344,726,6147,
81.11859470885052,92785,345,726,6147,
81.11921359708944,92785,344,727,6147,
81.12872356454311,92785,344,726,6148,
81.12906723845205,92784,345,726,6148,
81.12947499401125,92784,345,725,6149,
81.13079167878901,92784,344,726,6149,
81.13506684566684,92783,345,726,6149,
81.14135332560485,92783,344,727,6149,
81.14241970862776,92783,344,726,6150,
81.16895148184835,92783,344,725,6151,
81.17110930553233,92783,343,726,6151,
81.17414654690165,92783,342,727,6151,
81.19020792397941,92783,342,726,6152,
81.20021217196287,92783,342,725,6153,
81.20517826635738,92782,343,725,6153,
81.20740677930218,92781,344,725,6153,
81.21021568088813,92781,343,726,6153,
81.22488770652565,92780,344,726,6153,
81.22616751680599,92779,345,726,6153,
81.23395619737525,92779,345,725,6154,
81.23748125344954,92778,346,725,6154,
81.24386129221904,92778,346,724,6155,
81.25120959234442,92778,345,725,6155,
81.25786872270118,92777,346,725,6155,
81.25912852952843,92777,345,726,6155,
81.2696319204638,92777,345,725,6156,
81.27095488978813,92777,345,724,6157,
81.27144978871989,92776,346,724,6157,
81.30749099659185,92776,346,723,6158,
81.31105253508697,92776,345,724,6158,
81.3111153977001,92776,345,723,6159,
81.319536385076,92776,345,722,6160,
81.32708913849689,92775,346,722,6160,
81.33303646490278,92775,345,723,6160,
81.3344941896442,92775,344,724,6160,
81.34326604834729,92775,343,725,6160,
81.34454807054101,92775,343,724,6161,
81.34797260542237,92775,343,723,6162,
81.352879325544,92775,343,722,6163,
81.36270059622368,92775,343,721,6164,
81.3632036623835,92775,342,722,6164,
81.36816318883334,92775,342,721,6165,
81.37035281528028,92774,343,721,6165,
81.37164526676291,92774,342,722,6165,
81.37381095143138,92774,341,723,6165,
81.37576825678906,92774,341,722,6166,
81.3867959285511,92773,342,722,6166,
81.38705420089588,92772,343,722,6166,
81.38765246056192,92772,342,723,6166,
81.39221777513046,92772,342,722,6167,
81.39637629079252,92772,341,723,6167,
81.39667474398563,92771,342,723,6167,
81.40252466684987,92771,341,724,6167,
81.41197349297019,92771,341,723,6168,
81.42716582285568,92770,342,723,6168,
81.44523980032884,92769,343,723,6168,
81.44915017569352,92769,343,722,6169,
81.45800744024305,92768,344,722,6169,
81.46034843531461,92768,344,721,6170,
81.47544027718497,92768,344,720,6171,
81.47844748728119,92767,345,720,6171,
81.48218393532923,92767,345,719,6172,
81.48709244223207,92767,345,718,6173,
81.48830111672447,92767,345,717,6174,
81.48983456804339,92767,345,716,6175,
81.49039457387002,92767,344,717,6175,
81.50521438467973,92767,344,716,6176,
81.50863945155962,92767,343,717,6176,
81.50895469559876,92767,342,718,6176,
81.51111868130201,92767,342,717,6177,
81.51207439269709,92767,341,718,6177,
81.52257189300356,92766,342,718,6177,
81.52832414240083,92766,341,719,6177,
81.54065804910377,92766,340,720,6177,
81.54584732820382,92766,339,721,6177,
81.55018072746924,92765,340,721,6177,
81.55277235298612,92765,340,720,6178,
81.5547001729648,92765,339,721,6178,
81.56732295523119,92764,340,721,6178,
81.57570675901593,92764,339,722,6178,
81.57622482701423,92764,338,723,6178,
81.57984279807962,92764,338,722,6179,
81.58984267459752,92764,338,721,6180,
81.59344212342978,92764,337,722,6180,
81.60290597837744,92764,337,721,6181,
81.60842762818965,92764,336,722,6181,
81.61694849710906,92764,335,723,6181,
81.61890367223862,92764,334,724,6181,
81.61942816275693,92763,335,724,6181,
81.63560072530177,92762,336,724,6181,
81.64229055669574,92762,336,723,6182,
81.64518086537572,92761,337,723,6182,
81.64847102478166,92761,337,722,6183,
81.64860044418667,92761,337,721,6184,
81.65788210013923,92761,337,720,6185,
81.66674788189945,92761,336,721,6185,
81.66941666346625,92760,337,721,6185,
81.67114572476711,92760,337,720,6186,
81.67459462782477,92760,337,719,6187,
81.6761287172601,92760,336,720,6187,
81.67829511122122,92760,335,721,6187,
81.67877096956045,92760,335,720,6188,
81.67968801659295,92760,335,719,6189,
81.68474880872077,92759,336,719,6189,
81.68545614497768,92759,336,718,6190,
81.70684162760975,92758,337,718,6190,
81.70837345737277,92758,337,717,6191,
81.71837457876487,92758,337,716,6192,
81.71895073483375,92758,337,715,6193,
81.73188129120263,92758,336,716,6193,
81.73314758006005,92757,337,716,6193,
81.73507462815944,92757,336,717,6193,
81.73746507130213,92757,336,716,6194,
81.74184411035428,92757,336,715,6195,
81.74310394832594,92756,337,715,6195,
81.74731496899201,92755,338,715,6195,
81.74773152013336,92755,337,716,6195,
81.75439460506453,92755,337,715,6196,
81.76400609711163,92755,336,716,6196,
81.76677355771862,92755,336,715,6197,
81.77562715563289,92755,336,714,6198,
81.78953116491247,92754,337,714,6198,
81.79323135507781,92754,336,715,6198,
81.79733974920998,92753,337,715,6198,
81.79737363266422,92753,337,714,6199,
81.80517840715402,92753,336,715,6199,
81.81137688257175,92753,335,716,6199,
81.82275103048343,92753,334,717,6199,
81.8282909316616,92753,334,716,6200,
81.83527281746649,92753,334,715,6201,
81.8407143258967,92753,333,716,6201,
81.84697078875848,92753,333,715,6202,
81.85646779288585,92752,334,715,6202,
81.85726996746317,92752,333,716,6202,
81.86404930601245,92751,334,716,6202,
81.86464902289258,92750,335,716,6202,
81.86845973052777,92749,336,716,6202,
81.8714693932819,92749,336,715,6203,
81.87363866774214,92748,337,715,6203,
81.87628529626676,92748,337,714,6204,
81.8767428274407,92748,337,713,6205,
81.87927861785866,92748,337,712,6206,
81.88890952212108,92748,337,711,6207,
81.89130235425725,92748,337,710,6208,
81.89208373777811,92748,336,711,6208,
81.8962844955943,92748,335,712,6208,
81.90092604677267,92748,335,711,6209,
81.90401546523671,92748,335,710,6210,
81.90593955603674,92748,334,711,6210,
81.90718204755684,92748,334,710,6211,
81.91323819218823,92747,335,710,6211,
81.91423853045717,92747,334,711,6211,
81.92407853246144,92747,334,710,6212,
81.93247300076177,92746,335,710,6212,
81.93422773829258,92745,336,710,6212,
81.94085061640436,92745,336,709,6213,
81.94284019665096,92745,335,710,6213,
81.95543001316936,92745,334,711,6213,
81.96739630905711,92744,335,711,6213,
81.97067926452979,92744,335,710,6214,
81.97716757162277,92743,336,710,6214,
81.97828185407111,92743,335,711,6214,
81.98905548234987,92742,336,711,6214,
81.99947102683313,92741,337,711,6214,
82.00035327226968,92741,337,710,6215,
82.00218178746977,92741,337,709,6216,
82.003807805467,92740,338,709,6216,
82.00775883758864,92740,337,710,6216,
82.0129404623357,92739,338,710,6216,
82.0195285751006,92739,338,709,6217,
82.01983256790541,92739,337,710,6217,
82.02378800084543,92739,336,711,6217,
82.03725695177769,92738,337,711,6217,
82.03901077608255,92738,336,712,6217,
82.04524497358574,92738,336,711,6218,
82.05141708149534,92738,335,712,6218,
82.05148556637519,92738,335,711,6219,
82.06229404998483,92738,335,710,6220,
82.0635489626338,92738,335,709,6221,
82.06427837440492,92737,336,709,6221,
82.06705219998042,92737,336,708,6222,
82.06837802064993,92737,335,709,6222,
82.07085071348988,92737,335,708,6223,
82.0720401686578,92737,335,707,6224,
82.07690250860247,92737,334,708,6224,
82.096096501571,92737,334,707,6225,
82.10187855122149,92737,333,708,6225,
82.10958883231433,92736,334,708,6225,
82.11346487701735,92736,333,709,6225,
82.11525163387026,92735,334,709,6225,
82.12558924844585,92734,335,709,6225,
82.12620657774033,92733,336,709,6225,
82.12916998395124,92733,336,708,6226,
82.13193709856041,92733,335,709,6226,
82.13862561155176,92732,336,709,6226,
82.14581540065355,92732,336,708,6227,
82.15147040456267,92732,335,709,6227,
82.15372126787145,92731,336,709,6227,
82.1549448435025,92730,337,709,6227,
82.15639968446914,92730,336,710,6227,
82.15719182083095,92729,337,710,6227,
82.15763584025645,92729,337,709,6228,
82.16053570947162,92729,337,708,6229,
82.16181276779095,92728,338,708,6229,
82.16827594426253,92728,338,707,6230,
82.1696931107942,92728,337,708,6230,
82.17037604893953,92728,337,707,6231,
82.18586053234333,92728,336,708,6231,
82.18818895912503,92728,335,709,6231,
82.19345837475876,92728,335,708,6232,
82.19736438291926,92728,335,707,6233,
82.2053716117434,92728,335,706,6234,
82.20932083323802,92727,336,706,6234,
82.21336475730612,92727,335,707,6234,
82.22432803921215,92727,335,706,6235,
82.23505579538566,92727,334,707,6235,
82.24205217589297,92726,335,707,6235,
82.24649504774871,92726,334,708,6235,
82.24925510796476,92725,335,708,6235,
82.25063438700701,92725,334,709,6235,
82.25190081002981,92725,333,710,6235,
82.25605785278562,92724,334,710,6235,
82.25716392313805,92723,335,710,6235,
82.26616253115719,92723,334,711,6235,
82.27221790936815,92722,335,711,6235,
82.27432210854201,92721,336,711,6235,
82.28022977963968,92721,336,710,6236,
82.28255196851002,92721,336,709,6237,
82.2944599310849,92721,336,708,6238,
82.29711110829878,92720,337,708,6238,
82.30369756040557,92720,337,707,6239,
82.30768130922836,92720,336,708,6239,
82.31970004185325,92719,337,708,6239,
82.33349975650998,92718,338,708,6239,
82.3360932278831,92718,338,707,6240,
82.33615843300522,92718,337,708,6240,
82.33968451041181,92717,338,708,6240,
82.34840962115189,92717,338,707,6241,
82.35421130455643,92717,337,708,6241,
82.35585187023699,92716,338,708,6241,
82.359560909798,92715,339,708,6241,
82.3679867225838,92715,339,707,6242,
82.381085700813,92714,340,707,6242,
82.38960543989953,92714,340,706,6243,
82.39047646933052,92714,339,707,6243,
82.3922584127546,92714,338,708,6243,
82.39747019141782,92714,338,707,6244,
82.4038636247295,92713,339,707,6244,
82.40925639634014,92713,338,708,6244,
82.41122196555334,92713,338,707,6245,
82.42169896822725,92712,339,707,6245,
82.42228253870852,92712,339,706,6246,
82.42283813897498,92711,340,706,6246,
82.42584766270375,92711,339,707,6246,
82.43035271962475,92711,338,708,6246,
82.43541301831074,92711,338,707,6247,
82.44158100561333,92711,338,706,6248,
82.44738748160518,92711,338,705,6249,
82.45906272629031,92711,337,706,6249,
82.45939869747136,92711,336,707,6249,
82.46291666595421,92711,335,708,6249,
82.47966602429781,92710,336,708,6249,
82.48184088898262,92710,336,707,6250,
82.48494711693661,92710,336,706,6251,
82.48686512598229,92709,337,706,6251,
82.48918070332985,92709,336,707,6251,
82.50153129931458,92708,337,707,6251,
82.50334891970711,92707,338,707,6251,
82.50749164888367,92707,338,706,6252,
82.51295596615665,92707,337,707,6252,
82.51399979769639,92707,337,706,6253,
82.51679001103469,92707,337,705,6254,
82.51950601203123,92706,338,705,6254,
82.51968855939131,92706,338,704,6255,
82.51971340159108,92705,339,704,6255,
82.52229080259059,92705,338,705,6255,
82.52279315715862,92705,337,706,6255,
82.52854960945017,92705,337,705,6256,
82.53273614763599,92704,338,705,6256,
82.5381482322588,92704,337,706,6256,
82.54657450998971,92704,337,705,6257,
82.54893046338621,92704,336,706,6257,
82.56023662455627,92703,337,706,6257,
82.56374278924237,92702,338,706,6257,
82.5652170821819,92701,339,706,6257,
82.57819581016864,92701,339,705,6258,
82.5784650022278,92701,338,706,6258,
82.58732914093042,92701,337,707,6258,
82.5888223234648,92701,336,708,6258,
82.59032160873053,92701,335,709,6258,
82.59262030124589,92701,334,710,6258,
82.59292561553315,92701,333,711,6258,
82.59505683462183,92701,333,710,6259,
82.596277995082,92701,332,711,6259,
82.59865538897914,92701,332,710,6260,
82.60387299952303,92700,333,710,6260,
82.60409463786425,92700,332,711,6260,
82.60791337024024,92700,331,712,6260,
82.61144728182524,92700,331,711,6261,
82.61256350185118,92699,332,711,6261,
82.62276779355702,92699,331,712,6261,
82.62304678301558,92698,332,712,6261,
82.62596647604715,92698,331,713,6261,
82.63251539926853,92698,330,714,6261,
82.64681788083004,92698,330,713,6262,
82.66601225124603,92697,331,713,6262,
82.67034478498269,92696,332,713,6262,
82.67158931229028,92696,332,712,6263,
82.67266795352855,92695,333,712,6263,
82.67741260745157,92694,334,712,6263,
82.68781166954238,92694,334,711,6264,
82.6909616117864,92694,334,710,6265,
82.69157822450343,92694,334,709,6266,
82.69181084620999,92693,335,709,6266,
82.70311256645732,92693,334,710,6266,
82.70496123514638,92692,335,710,6266,
82.7059806149064,92692,335,709,6267,
82.70633163236242,92691,336,709,6267,
82.70642562588992,92691,335,710,6267,
82.71270107874427,92691,334,711,6267,
82.71419587133565,92690,335,711,6267,
82.71942164505097,92690,334,712,6267,
82.72345019850967,92690,334,711,6268,
82.72561774512333,92690,333,712,6268,
82.72648520349819,92690,332,713,6268,
82.73131370142488,92690,331,714,6268,
82.73183500924804,92690,330,715,6268,
82.73342076346464,92690,329,716,6268,
82.73876263978258,92690,328,717,6268,
82.74468391334989,92689,329,717,6268,
82.74965621838342,92689,329,716,6269,
82.75241777730889,92688,330,716,6269,
82.7706302759145,92688,330,715,6270,
82.77573632881702,92687,331,715,6270,
82.78405110418592,92686,332,715,6270,
82.79185265943687,92685,333,715,6270,
82.79320727458779,92685,332,716,6270,
82.79639209725522,92685,331,717,6270,
82.80872864044164,92685,331,716,6271,
82.80976522112613,92684,332,716,6271,
82.81029423247014,92684,331,717,6271,
82.81383520567698,92684,330,718,6271,
82.81466968710217,92684,330,717,6272,
82.82228127614977,92684,329,718,6272,
82.82835452650295,92684,329,717,6273,
82.82948662787254,92684,329,716,6274,
82.82954196152666,92684,328,717,6274,
82.83522086985951,92683,329,717,6274,
82.83877215383798,92683,328,718,6274,
82.84645086652316,92683,328,717,6275,
82.84963271209003,92683,327,718,6275,
82.85014933299277,92683,327,717,6276,
82.85439091380799,92683,327,716,6277,
82.85851051392419,92683,327,715,6278,
82.86048400394579,92683,327,714,6279,
82.86436329361106,92683,327,713,6280,
82.86670801814927,92683,327,712,6281,
82.86785866309917,92682,328,712,6281,
82.87128626060829,92682,327,713,6281,
82.87133346219359,92682,326,714,6281,
82.87270638775922,92682,326,713,6282,
82.87666394817604,92682,325,714,6282,
82.8778617279422,92682,324,715,6282,
82.88373843540505,92682,324,714,6283,
82.89258214781587,92682,324,713,6284,
82.89281448282381,92682,323,714,6284,
82.89459691856496,92681,324,714,6284,
82.92014045249363,92681,324,713,6285,
82.92568546122891,92680,325,713,6285,
82.92686023142724,92680,324,714,6285,
82.93311725812751,92680,323,715,6285,
82.93744865506468,92680,322,716,6285,
82.96016496871502,92680,322,715,6286,
82.96736147322193,92680,322,714,6287,
82.96774914271137,92679,323,714,6287,
82.96777086759332,92679,322,715,6287,
82.97454853215288,92679,322,714,6288,
82.9754743776815,92679,321,715,6288,
82.98178938232712,92679,321,714,6289,
82.9824535813319,92679,320,715,6289,
82.98346451701659,92678,321,715,6289,
82.98794600181859,92677,322,715,6289,
82.99468505098937,92676,323,715,6289,
82.99619189315592,92676,322,716,6289,
82.99675428902503,92676,322,715,6290,
83.00191587365825,92676,322,714,6291,
83.0052233721106,92676,322,713,6292,
83.01051400309848,92675,323,713,6292,
83.0294857347323,92674,324,713,6292,
83.03198446097832,92674,323,714,6292,
83.03525970126378,92673,324,714,6292,
83.03767035008916,92673,323,715,6292,
83.04393245495893,92673,323,714,6293,
83.0457582736925,92673,323,713,6294,
83.0519564719269,92673,323,712,6295,
83.05668751317583,92672,324,712,6295,
83.05800821106845,92671,325,712,6295,
83.05812835004014,92671,325,711,6296,
83.0602248565949,92670,326,711,6296,
83.06065826371292,92670,326,710,6297,
83.06155861101688,92670,326,709,6298,
83.06201235769797,92670,326,708,6299,
83.06469319614456,92670,326,707,6300,
83.06531991585766,92670,325,708,6300,
83.07194141107396,92669,326,708,6300,
83.07478316649181,92669,325,709,6300,
83.08400263308351,92668,326,709,6300,
83.08417538386234,92667,327,709,6300,
83.08641355936254,92667,326,710,6300,
83.08822482903577,92667,326,709,6301,
83.09078650983957,92667,326,708,6302,
83.09459696025914,92667,326,707,6303,
83.0951405185596,92666,327,707,6303,
83.09860738117283,92666,326,708,6303,
83.1021499604413,92666,325,709,6303,
83.11648342128225,92666,325,708,6304,
83.11717423047287,92665,326,708,6304,
83.1207380375662,92665,326,707,6305,
83.12376468163686,92665,326,706,6306,
83.13015196061357,92664,327,706,6306,
83.13244843873836,92664,327,705,6307,
83.1532511858594,92664,326,706,6307,
83.15666603494094,92664,326,705,6308,
83.16207540137171,92664,326,704,6309,
83.1627691083782,92664,326,703,6310,
83.16757007721402,92664,326,702,6311,
83.17945572630262,92664,326,701,6312,
83.18019916078006,92663,327,701,6312,
83.18579657906433,92663,327,700,6313,
83.18784641721197,92663,327,699,6314,
83.18788538797666,92663,326,700,6314,
83.19008967944396,92663,326,699,6315,
83.193950088116,92663,325,700,6315,
83.19621011698027,92662,326,700,6315,
83.2012811641132,92662,325,701,6315,
83.21833390435663,92662,325,700,6316,
83.2197086885138,92661,326,700,6316,
83.22495452503915,92660,327,700,6316,
83.22516658212399,92660,326,701,6316,
83.2252464377618,92660,325,702,6316,
83.22821054807923,92660,325,701,6317,
83.22886748976863,92659,326,701,6317,
83.23034886462005,92659,325,702,6317,
83.23747963208321,92659,325,701,6318,
83.25016106206573,92659,325,700,6319,
83.25666805345327,92659,325,699,6320,
83.26458203941365,92659,325,698,6321,
83.26660269906795,92659,325,697,6322,
83.27134207216179,92659,325,696,6323,
83.27238112894628,92659,325,695,6324,
83.2738189000238,92659,325,694,6325,
83.27387315208543,92659,325,693,6326,
83.2750739098977,92658,326,693,6326,
83.27994426618696,92657,327,693,6326,
83.2834622268394,92657,326,694,6326,
83.28382676611946,92657,325,695,6326,
83.28552262547842,92656,326,695,6326,
83.28862135032301,92656,326,694,6327,
83.2906941681348,92656,325,695,6327,
83.29271671403632,92656,324,696,6327,
83.29553547448842,92656,323,697,6327,
83.29603321633999,92655,324,697,6327,
83.29623248463886,92655,323,698,6327,
83.29624029782951,92655,322,699,6327,
83.30184604344217,92655,322,698,6328,
83.31054464664092,92655,322,697,6329,
83.31663009821159,92655,322,696,6330,
83.32085115741074,92655,322,695,6331,
83.34739269418756,92655,322,694,6332,
83.34828935772248,92655,321,695,6332,
83.34859950245763,92655,320,696,6332,
83.36140653246787,92654,321,696,6332,
83.36205333041623,92653,322,696,6332,
83.3734893402326,92653,322,695,6333,
83.37415690598141,92652,323,695,6333,
83.37948205778304,92651,324,695,6333,
83.38142030072476,92651,323,696,6333,
83.38182710163723,92651,322,697,6333,
83.38554745414908,92651,322,696,6334,
83.38749289127108,92650,323,696,6334,
83.38872793505917,92650,322,697,6334,
83.39602449458573,92650,322,696,6335,
83.39764673092084,92650,321,697,6335,
83.40399076970971,92649,322,697,6335,
83.40458191286015,92649,321,698,6335,
83.40763159259564,92649,320,699,6335,
83.41709247439974,92648,321,699,6335,
83.42595411482478,92648,321,698,6336,
83.4265990315039,92647,322,698,6336,
83.42867941828693,92646,323,698,6336,
83.42958341379213,92646,322,699,6336,
83.44364405961626,92645,323,699,6336,
83.44496704550025,92645,322,700,6336,
83.44509484059725,92644,323,700,6336,
83.44749312770574,92643,324,700,6336,
83.44864026106058,92643,324,699,6337,
83.45689068625272,92643,323,700,6337,
83.45722239267118,92642,324,700,6337,
83.4609902869289,92642,324,699,6338,
83.4662548470382,92642,324,698,6339,
83.47031067879303,92642,323,699,6339,
83.4718571744097,92641,324,699,6339,
83.4900936169588,92640,325,699,6339,
83.49096991411363,92639,326,699,6339,
83.49118896647411,92639,325,700,6339,
83.49227980019504,92638,326,700,6339,
83.50873032797719,92638,326,699,6340,
83.51316127502236,92638,326,698,6341,
83.51318449351945,92638,326,697,6342,
83.51719630852257,92638,326,696,6343,
83.51820409358865,92637,327,696,6343,
83.52372269447132,92636,328,696,6343,
83.5242603966631,92636,327,697,6343,
83.52508958170944,92636,326,698,6343,
83.53692756507132,92636,326,697,6344,
83.54843005170507,92636,326,696,6345,
83.54853083542827,92635,327,696,6345,
83.55386273433325,92635,326,697,6345,
83.55661096553098,92635,325,698,6345,
83.55911037594657,92635,324,699,6345,
83.56179652413671,92635,323,700,6345,
83.56391949422758,92635,322,701,6345,
83.56482914481775,92634,323,701,6345,
83.56710752072878,92634,323,700,6346,
83.57098168090478,92633,324,700,6346,
83.57531839701144,92633,323,701,6346,
83.58242967724952,92633,323,700,6347,
83.58371490138055,92633,322,701,6347,
83.58436622799465,92633,321,702,6347,
83.58636203387663,92632,322,702,6347,
83.58713098250769,92631,323,702,6347,
83.58846918317528,92631,323,701,6348,
83.59427070123121,92631,323,700,6349,
83.60242402015581,92631,322,701,6349,
83.60417047419739,92631,321,702,6349,
83.60425962608215,92631,320,703,6349,
83.60824260465434,92630,321,703,6349,
83.61018348151904,92630,320,704,6349,
83.61309109003443,92629,321,704,6349,
83.61674486679922,92629,321,703,6350,
83.61690260135191,92628,322,703,6350,
83.61852810380537,92628,322,702,6351,
83.62114920125975,92628,322,701,6352,
83.6302644942098,92628,322,700,6353,
83.63584514449252,92628,322,699,6354,
83.63681842398924,92628,321,700,6354,
83.64067546718209,92628,320,701,6354,
83.64703418278003,92627,321,701,6354,
83.65182403247294,92627,321,700,6355,
83.65285828714731,92627,321,699,6356,
83.65438298824793,92627,321,698,6357,
83.65871298727139,92626,322,698,6357,
83.66351727616741,92626,321,699,6357,
83.6690256810678,92626,321,698,6358,
83.67449838831527,92625,322,698,6358,
83.67762333135134,92625,321,699,6358,
83.67864832634966,92624,322,699,6358,
83.67968605466457,92624,322,698,6359,
83.68131975183051,92624,322,697,6360,
83.69526180094883,92623,323,697,6360,
83.69562853540431,92622,324,697,6360,
83.70319539834001,92622,323,698,6360,
83.70521264645727,92622,323,697,6361,
83.72390282561406,92622,323,696,6362,
83.73965475656041,92622,323,695,6363,
83.73973448852732,92622,322,696,6363,
83.74424283337433,92621,323,696,6363,
83.74524065368732,92620,324,696,6363,
83.74702794810949,92620,323,697,6363,
83.75260451983979,92620,323,696,6364,
83.753283465767,92619,324,696,6364,
83.7626472155256,92619,324,695,6365,
83.77191335158821,92619,324,694,6366,
83.77326249209942,92619,324,693,6367,
83.77930144930251,92619,324,692,6368,
83.78266541625463,92619,323,693,6368,
83.78876021577096,92619,323,692,6369,
83.78902239091971,92619,322,693,6369,
83.78953966006765,92619,322,692,6370,
83.79203910459896,92618,323,692,6370,
83.79915357144067,92618,323,691,6371,
83.80039366968,92617,324,691,6371,
83.80068825581293,92617,323,692,6371,
83.80720171736277,92616,324,692,6371,
83.81723211575205,92615,325,692,6371,
83.81982966577866,92614,326,692,6371,
83.82263300329699,92614,326,691,6372,
83.82393058750162,92613,327,691,6372,
83.82512908718965,92613,326,692,6372,
83.82763072259057,92613,326,691,6373,
83.83213770840113,92613,325,692,6373,
83.83630622164088,92613,325,691,6374,
83.83756820385653,92612,326,691,6374,
83.84378891905718,92612,326,690,6375,
83.84415162191331,92612,325,691,6375,
83.84492954381872,92611,326,691,6375,
83.84665163664111,92610,327,691,6375,
83.8608098398106,92610,326,692,6375,
83.86387302786781,92610,326,691,6376,
83.86557453719516,92610,326,690,6377,
83.86987076674217,92609,327,690,6377,
83.8773378097714,92609,327,689,6378,
83.88299242051531,92609,327,688,6379,
83.89573881140927,92609,326,689,6379,
83.89718325995516,92608,327,689,6379,
83.90263670721365,92608,326,690,6379,
83.90983204003581,92608,326,689,6380,
83.91162509646507,92608,325,690,6380,
83.91603001351356,92608,325,689,6381,
83.91943378086026,92608,325,688,6382,
83.9243676074248,92608,325,687,6383,
83.9400126606759,92607,326,687,6383,
83.94335859691354,92607,325,688,6383,
83.94447745753561,92606,326,688,6383,
83.94512851262176,92606,326,687,6384,
83.94531572461668,92606,326,686,6385,
83.94558667221466,92606,325,687,6385,
83.94834707037997,92605,326,687,6385,
83.94937528070184,92604,327,687,6385,
83.95327403003384,92604,327,686,6386,
83.95506409919864,92604,326,687,6386,
83.96807523193122,92604,325,688,6386,
83.96906905676899,92604,325,687,6387,
83.97147196556571,92603,326,687,6387,
83.99885940870715,92602,327,687,6387,
84.00160173364421,92602,327,686,6388,
84.00525888684146,92602,326,687,6388,
84.00560702082072,92602,326,686,6389,
84.0115807736064,92602,326,685,6390,
84.01425250226629,92601,327,685,6390,
84.01601194251688,92601,326,686,6390,
84.0214719956954,92601,326,685,6391,
84.02745986476292,92600,327,685,6391,
84.02888897502633,92599,328,685,6391,
84.03158800416597,92598,329,685,6391,
84.03685941979253,92597,330,685,6391,
84.0404774075716,92597,329,686,6391,
84.0429543510946,92596,330,686,6391,
84.04728946184804,92596,330,685,6392,
84.04785518690417,92595,331,685,6392,
84.05167033944525,92594,332,685,6392,
84.0621633888277,92594,332,684,6393,
84.06218002619737,92594,331,685,6393,
84.06371590117425,92594,331,684,6394,
84.06672113736187,92593,332,684,6394,
84.07076009596375,92593,332,683,6395,
84.0709071252625,92592,333,683,6395,
84.0715513815532,92592,333,682,6396,
84.07244159461845,92592,332,683,6396,
84.09136991503986,92592,332,682,6397,
84.09262899921544,92592,331,683,6397,
84.09342560533305,92592,331,682,6398,
84.09623906695941,92592,331,681,6399,
84.09794432667108,92592,330,682,6399,
84.10106462721131,92592,330,681,6400,
84.10182488960574,92592,329,682,6400,
84.10847704485174,92591,330,682,6400,
84.12647671873677,92590,331,682,6400,
84.13683033850302,92590,330,683,6400,
84.14065103099843,92590,330,682,6401,
84.15760534470343,92589,331,682,6401,
84.16094991379885,92588,332,682,6401,
84.16126726670443,92588,332,681,6402,
84.16520508739117,92588,332,680,6403,
84.17131930672942,92588,332,679,6404,
84.17998416664054,92588,332,678,6405,
84.18595877167746,92588,332,677,6406,
84.19085701931411,92587,333,677,6406,
84.20522785477311,92586,334,677,6406,
84.20530938589546,92586,334,676,6407,
84.20938477394074,92586,333,677,6407,
84.22100835676613,92586,333,676,6408,
84.22414230022977,92585,334,676,6408,
84.23276275654626,92584,335,676,6408,
84.24526463277988,92584,335,675,6409,
84.2491676598064,92584,335,674,6410,
84.25066374310626,92584,334,675,6410,
84.25094085610309,92583,335,675,6410,
84.256172250774,92582,336,675,6410,
84.25826040430854,92581,337,675,6410,
84.26509914651847,92581,336,676,6410,
84.27541408213993,92581,335,677,6410,
84.27662047957483,92581,334,678,6410,
84.28092923936778,92581,334,677,6411,
84.28642486073437,92581,333,678,6411,
84.29858282195576,92581,333,677,6412,
84.3123484612382,92581,332,678,6412,
84.31410096664973,92581,331,679,6412,
84.32245205820803,92581,330,680,6412,
84.32840494301055,92581,330,679,6413,
84.3298477975568,92581,330,678,6414,
84.3419333820668,92581,329,679,6414,
84.3432988023886,92581,329,678,6415,
84.34489597599818,92581,328,679,6415,
84.35673494103577,92581,327,680,6415,
84.36447927499933,92580,328,680,6415,
84.36866217523053,92580,327,681,6415,
84.36964313138655,92580,326,682,6415,
84.36983694331667,92580,325,683,6415,
84.37137638886333,92580,325,682,6416,
84.37296776013133,92579,326,682,6416,
84.37323906786672,92579,326,681,6417,
84.38987405699685,92579,325,682,6417,
84.39351016729141,92579,324,683,6417,
84.39656632875008,92579,323,684,6417,
84.39662749872105,92579,322,685,6417,
84.40031543947978,92579,322,684,6418,
84.41334326620816,92578,323,684,6418,
84.41896931745393,92578,322,685,6418,
84.42479408748528,92578,321,686,6418,
84.42921914880279,92578,321,685,6419,
84.43857361451343,92577,322,685,6419,
84.44852097874173,92577,322,684,6420,
84.44973228811443,92576,323,684,6420,
84.45502357290076,92575,324,684,6420,
84.4636526618599,92575,324,683,6421,
84.4656347074421,92575,323,684,6421,
84.46984900459779,92575,322,685,6421,
84.4834873801812,92575,321,686,6421,
84.48432189298828,92575,321,685,6422,
84.49069078812514,92574,322,685,6422,
84.49133690434779,92573,323,685,6422,
84.49200514400327,92572,324,685,6422,
84.49202893529394,92572,324,684,6423,
84.4934766218077,92572,323,685,6423,
84.49569440326404,92571,324,685,6423,
84.5087778080289,92571,324,684,6424,
84.51582647898269,92571,323,685,6424,
84.5169733142856,92571,323,684,6425,
84.51735313343022,92571,322,685,6425,
84.51860772198029,92570,323,685,6425,
84.5231846776874,92569,324,685,6425,
84.54306812123616,92569,324,684,6426,
84.54452117540527,92569,324,683,6427,
84.54738434679948,92569,323,684,6427,
84.55082496285331,92568,324,684,6427,
84.56136927102096,92567,325,684,6427,
84.5665335273028,92567,325,683,6428,
84.56967693102413,92567,324,684,6428,
84.5820976557919,92566,325,684,6428,
84.58263750778161,92565,326,684,6428,
84.59354266984876,92565,326,683,6429,
84.5965356444104,92564,327,683,6429,
84.59819946812493,92563,328,683,6429,
84.60134627037374,92563,328,682,6430,
84.60400500402085,92563,328,681,6431,
84.6073300686881,92563,328,680,6432,
84.60977684634472,92563,328,679,6433,
84.61093296068442,92563,328,678,6434,
84.62228923785223,92562,329,678,6434,
84.62284415274999,92562,329,677,6435,
84.63098836489561,92562,328,678,6435,
84.63422754817634,92561,329,678,6435,
84.6357468105266,92561,329,677,6436,
84.6436939429245,92560,330,677,6436,
84.6438653450748,92559,331,677,6436,
84.65172505763434,92559,331,676,6437,
84.6554022949829,92558,332,676,6437,
84.65802314259143,92558,331,677,6437,
84.66104977141039,92558,331,676,6438,
84.66265308797132,92558,331,675,6439,
84.66383413712958,92558,330,676,6439,
84.66601383692269,92558,329,677,6439,
84.67336152658612,92558,329,676,6440,
84.67445148452589,92558,329,675,6441,
84.68091481776085,92558,328,676,6441,
84.69012319978123,92557,329,676,6441,
84.69401296916281,92557,329,675,6442,
84.69708493903374,92557,328,676,6442,
84.70322764239458,92556,329,676,6442,
84.71242708710136,92555,330,676,6442,
84.71536268323007,92555,329,677,6442,
84.72483284212615,92555,328,678,6442,
84.7286229506156,92555,328,677,6443,
84.74095397909467,92555,327,678,6443,
84.7503948196478,92555,326,679,6443,
84.75266572428768,92554,327,679,6443,
84.75740344297533,92554,327,678,6444,
84.75802092515927,92554,326,679,6444,
84.78561557478234,92553,327,679,6444,
84.79275634522845,92553,327,678,6445,
84.79378237426724,92552,328,678,6445,
84.79482555861976,92551,329,678,6445,
84.79529649829566,92551,329,677,6446,
84.79936390320846,92551,328,678,6446,
84.81666635867107,92551,328,677,6447,
84.81723945442084,92551,327,678,6447,
84.82015320077446,92551,326,679,6447,
84.82115855555983,92551,325,680,6447,
84.82429152903842,92551,324,681,6447,
84.82646789739692,92551,324,680,6448,
84.83217031689264,92550,325,680,6448,
84.83362586176668,92550,324,681,6448,
84.83821378911577,92549,325,681,6448,
84.84935699036458,92549,325,680,6449,
84.85454610094784,92549,325,679,6450,
84.85682971205267,92549,325,678,6451,
84.86138036998213,92549,325,677,6452,
84.86144768861755,92548,326,677,6452,
84.86764704375909,92548,325,678,6452,
84.88881793575678,92548,325,677,6453,
84.89370926604394,92548,325,676,6454,
84.89420001502516,92548,325,675,6455,
84.89894447063863,92547,326,675,6455,
84.89987761310599,92546,327,675,6455,
84.90704565199039,92546,326,676,6455,
84.92373683804058,92546,326,675,6456,
84.9286161448,92545,327,675,6456,
84.92937989507467,92544,328,675,6456,
84.94457359383148,92544,327,676,6456,
84.94940717775935,92543,328,676,6456,
84.94955175387507,92542,329,676,6456,
84.95680302089798,92542,329,675,6457,
84.96194181494064,92542,328,676,6457,
84.97589491742067,92541,329,676,6457,
84.97591903860481,92541,329,675,6458,
84.99111411337839,92541,328,676,6458,
84.99228945954448,92541,328,675,6459,
84.99240772542394,92541,328,674,6460,
85.00105323286832,92541,328,673,6461,
85.01046832590423,92540,329,673,6461,
85.02306805599636,92540,328,674,6461,
85.02601415556201,92540,328,673,6462,
85.03329292702784,92539,329,673,6462,
85.03425668072076,92539,328,674,6462,
85.03554955605293,92539,328,673,6463,
85.04140077923867,92539,328,672,6464,
85.04409287832647,92539,328,671,6465,
85.05366595219529,92538,329,671,6465,
85.05376945769996,92537,330,671,6465,
85.06120470549746,92537,330,670,6466,
85.0621001652217,92537,330,669,6467,
85.0636088508221,92537,329,670,6467,
85.06804765923877,92537,329,669,6468,
85.07366648443863,92537,329,668,6469,
85.0745503888333,92537,329,667,6470,
85.07603078696462,92537,329,666,6471,
85.08103569193753,92537,328,667,6471,
85.08851452224938,92537,327,668,6471,
85.08871117025376,92537,326,669,6471,
85.09021364194552,92537,326,668,6472,
85.10019868524142,92537,326,667,6473,
85.10460521370405,92537,325,668,6473,
85.10670816134393,92537,325,667,6474,
85.1089476742516,92537,324,668,6474,
85.11087687120198,92536,325,668,6474,
85.11125637083299,92536,325,667,6475,
85.11333585943296,92536,324,668,6475,
85.12436325987426,92535,325,668,6475,
85.12643840966166,92535,324,669,6475,
85.13112932833388,92535,323,670,6475,
85.13131848363267,92535,322,671,6475,
85.13392576536245,92535,321,672,6475,
85.14687780031346,92535,320,673,6475,
85.15707130455701,92535,319,674,6475,
85.15902470718544,92535,319,673,6476,
85.1597942781022,92535,319,672,6477,
85.18984736614601,92535,319,671,6478,
85.1996191299739,92535,318,672,6478,
85.2004262032767,92535,318,671,6479,
85.20217781097445,92534,319,671,6479,
85.21449340938285,92533,320,671,6479,
85.21970710902147,92533,320,670,6480,
85.22116730403806,92533,319,671,6480,
85.22945558164575,92533,319,670,6481,
85.24682765515038,92533,319,669,6482,
85.27171214759454,92533,319,668,6483,
85.28438830399699,92533,318,669,6483,
85.29058548967313,92533,317,670,6483,
85.29433257358069,92533,317,669,6484,
85.29946172930005,92533,316,670,6484,
85.30130903330647,92533,316,669,6485,
85.30433928885896,92533,315,670,6485,
85.31224983339344,92532,316,670,6485,
85.32031062531073,92532,315,671,6485,
85.33139696038245,92531,316,671,6485,
85.3339818040011,92531,316,670,6486,
85.34208359563473,92531,316,669,6487,
85.34498665229657,92531,316,668,6488,
85.36266668309156,92531,316,667,6489,
85.37246770412696,92531,316,666,6490,
85.37796934599479,92530,317,666,6490,
85.37970273905964,92530,317,665,6491,
85.38006353256287,92530,316,666,6491,
85.38219716467748,92529,317,666,6491,
85.39393203442344,92529,316,667,6491,
85.40457736457893,92529,316,666,6492,
85.40831832535189,92529,316,665,6493,
85.41121889348763,92528,317,665,6493,
85.41315309074943,92528,317,664,6494,
85.41560465931741,92528,317,663,6495,
85.41949780445756,92528,317,662,6496,
85.42441027962013,92527,318,662,6496,
85.42954892184667,92526,319,662,6496,
85.43369281310855,92525,320,662,6496,
85.4438257278681,92525,319,663,6496,
85.4445513890577,92525,319,662,6497,
85.44643168843095,92525,319,661,6498,
85.45057616413692,92524,320,661,6498,
85.45407652257356,92524,320,660,6499,
85.45728817525077,92523,321,660,6499,
85.47440606004966,92523,321,659,6500,
85.4777586236038,92523,321,658,6501,
85.47886656848058,92522,322,658,6501,
85.48669741492014,92522,322,657,6502,
85.4922937489536,92522,321,658,6502,
85.49575841139236,92522,320,659,6502,
85.49769912643767,92522,320,658,6503,
85.49935434885015,92522,319,659,6503,
85.5105114291641,92521,320,659,6503,
85.51212987806994,92521,319,660,6503,
85.51751825110054,92520,320,660,6503,
85.52209408432938,92519,321,660,6503,
85.52507656159969,92519,321,659,6504,
85.53022617752158,92518,322,659,6504,
85.53814043706743,92518,321,660,6504,
85.54158702159515,92518,321,659,6505,
85.54239055384485,92518,321,658,6506,
85.5457025922594,92518,321,657,6507,
85.55031179208144,92518,320,658,6507,
85.55036936768795,92518,319,659,6507,
85.55322614042868,92518,318,660,6507,
85.55549731181627,92517,319,660,6507,
85.55649487279723,92517,318,661,6507,
85.55742203587589,92517,318,660,6508,
85.55968471748389,92517,317,661,6508,
85.56181184802631,92516,318,661,6508,
85.5646648827535,92516,318,660,6509,
85.57381258013486,92515,319,660,6509,
85.57414736200889,92515,319,659,6510,
85.57433728832552,92515,319,658,6511,
85.58184196669379,92514,320,658,6511,
85.58597190310306,92514,320,657,6512,
85.59187960531173,92514,319,658,6512,
85.59232167270446,92514,319,657,6513,
85.60507818464748,92514,318,658,6513,
85.607868934663,92514,318,657,6514,
85.6079493714245,92513,319,657,6514,
85.61415989212846,92513,319,656,6515,
85.61817024235947,92512,320,656,6515,
85.62191961889403,92512,320,655,6516,
85.62209796869756,92512,319,656,6516,
85.62251081080693,92511,320,656,6516,
85.63022438683296,92511,320,655,6517,
85.6348388537358,92511,320,654,6518,
85.63936328999486,92511,319,655,6518,
85.63957446590408,92511,319,654,6519,
85.65031627206896,92511,318,655,6519,
85.65482930401402,92511,317,656,6519,
85.65627833561265,92510,318,656,6519,
85.66019213062934,92510,317,657,6519,
85.66102145917847,92510,317,656,6520,
85.66659151080661,92510,317,655,6521,
85.66669824624955,92510,317,654,6522,
85.66980860027907,92510,317,653,6523,
85.6702134067202,92510,316,654,6523,
85.68172005721257,92510,316,653,6524,
85.68747923678723,92510,316,652,6525,
85.68897365785341,92509,317,652,6525,
85.69371438921658,92509,316,653,6525,
85.69752930516918,92509,316,652,6526,
85.70470018094427,92508,317,652,6526,
85.71012445564975,92508,317,651,6527,
85.7125501786075,92508,317,650,6528,
85.71338678642846,92508,317,649,6529,
85.71447411264435,92508,317,648,6530,
85.71767264350154,92507,318,648,6530,
85.72281095095741,92507,318,647,6531,
85.72297335713989,92506,319,647,6531,
85.72524966287929,92506,319,646,6532,
85.73481230123497,92506,318,647,6532,
85.74453099751369,92506,318,646,6533,
85.76267869661748,92506,317,647,6533,
85.77888289558418,92506,317,646,6534,
85.78009591825648,92506,316,647,6534,
85.78167751928628,92506,315,648,6534,
85.78394408975404,92506,315,647,6535,
85.79332093676223,92506,314,648,6535,
85.79726323027462,92506,314,647,6536,
85.79845051498441,92506,314,646,6537,
85.80257326352573,92506,314,645,6538,
85.80319955669276,92506,314,644,6539,
85.80358946458406,92505,315,644,6539,
85.80742734867778,92505,315,643,6540,
85.80978763703041,92505,315,642,6541,
85.82572479825718,92505,315,641,6542,
85.8375078657906,92505,314,642,6542,
85.83986157599108,92505,314,641,6543,
85.84162673022169,92504,315,641,6543,
85.84199830661862,92504,315,640,6544,
85.85159675919977,92504,315,639,6545,
85.85398821693,92503,316,639,6545,
85.85903508474611,92502,317,639,6545,
85.85961717785281,92502,316,640,6545,
85.8600063422279,92501,317,640,6545,
85.8622343222593,92501,316,641,6545,
85.86375058212192,92500,317,641,6545,
85.87022878363004,92500,317,640,6546,
85.88254004443706,92500,316,641,6546,
85.887456488049,92500,316,640,6547,
85.88859585867735,92500,316,639,6548,
85.89834781340733,92499,317,639,6548,
85.90568868496902,92498,318,639,6548,
85.90689342689366,92498,317,640,6548,
85.91001203798473,92498,317,639,6549,
85.91248457837547,92498,317,638,6550,
85.91297941864198,92498,317,637,6551,
85.91515985106297,92498,316,638,6551,
85.93213605903323,92497,317,638,6551,
85.93540583592392,92497,317,637,6552,
85.9393624453217,92497,317,636,6553,
85.94085601474299,92496,318,636,6553,
85.9475416419638,92495,319,636,6553,
85.951639531961,92494,320,636,6553,
85.95338451843507,92494,319,637,6553,
85.95420675823948,92494,319,636,6554,
85.95854242511301,92494,319,635,6555,
85.95922594123795,92494,318,636,6555,
85.95924762183938,92494,317,637,6555,
85.9674673381257,92493,318,637,6555,
85.9708018282897,92493,317,638,6555,
85.9799895725454,92493,317,637,6556,
85.98199520865708,92493,317,636,6557,
85.99053181409978,92493,317,635,6558,
85.99097461163345,92493,317,634,6559,
85.99181137298142,92492,318,634,6559,
85.99565849616882,92492,318,633,6560,
85.99710714914369,92491,319,633,6560,
85.99896764067677,92490,320,633,6560,
85.99957682612269,92490,320,632,6561,
86.01271313384198,92490,320,631,6562,
86.0148213442024,92490,319,632,6562,
86.01629108090845,92489,320,632,6562,
86.01716629054145,92489,319,633,6562,
86.01950563832418,92488,320,633,6562,
86.02503300613267,92488,320,632,6563,
86.0257206843855,92488,320,631,6564,
86.02614427054922,92488,319,632,6564,
86.02658366695705,92488,318,633,6564,
86.03267194675979,92488,318,632,6565,
86.03333958346776,92487,319,632,6565,
86.0335429722247,92487,319,631,6566,
86.03742423031737,92487,318,632,6566,
86.04221189922941,92486,319,632,6566,
86.05714505825819,92486,318,633,6566,
86.05716303507302,92485,319,633,6566,
86.05861489203814,92484,320,633,6566,
86.06238031718576,92484,320,632,6567,
86.06366338614204,92484,319,633,6567,
86.07063865722628,92483,320,633,6567,
86.07465675926427,92483,319,634,6567,
86.07541664173351,92483,318,635,6567,
86.07660306211724,92483,318,634,6568,
86.07914627137148,92483,318,633,6569,
86.09313327595834,92482,319,633,6569,
86.09441590674906,92482,318,634,6569,
86.10105023686532,92481,319,634,6569,
86.10406209636594,92481,319,633,6570,
86.11118473294763,92481,319,632,6571,
86.11124739599924,92481,318,633,6571,
86.11408222213744,92481,318,632,6572,
86.15110474744358,92480,319,632,6572,
86.15792774288735,92480,319,631,6573,
86.15864070078271,92480,319,630,6574,
86.1628299063535,92480,319,629,6575,
86.16831207921112,92480,319,628,6576,
86.16939689968893,92480,319,627,6577,
86.17418571145998,92479,320,627,6577,
86.17549944821016,92479,319,628,6577,
86.19781168018544,92479,319,627,6578,
86.20530960165462,92479,319,626,6579,
86.20980280172016,92479,318,627,6579,
86.2106191434948,92479,318,626,6580,
86.21100075903175,92479,317,627,6580,
86.21693893289708,92478,318,627,6580,
86.22511119885058,92477,319,627,6580,
86.22580634900723,92477,319,626,6581,
86.22933062340637,92476,320,626,6581,
86.22968081086165,92475,321,626,6581,
86.24584686518946,92474,322,626,6581,
86.2477260101101,92474,322,625,6582,
86.2527333022727,92474,321,626,6582,
86.25518421949803,92474,321,625,6583,
86.2562800652172,92474,321,624,6584,
86.26650614012884,92473,322,624,6584,
86.27104520143143,92473,321,625,6584,
86.27928293021361,92473,321,624,6585,
86.27964714309573,92473,321,623,6586,
86.28066459192215,92473,321,622,6587,
86.28413685420753,92472,322,622,6587,
86.28538152715367,92472,321,623,6587,
86.29013361025741,92472,320,624,6587,
86.29414057024138,92472,320,623,6588,
86.2984437079758,92472,319,624,6588,
86.29934964845079,92471,320,624,6588,
86.3046885679729,92471,320,623,6589,
86.30696971006248,92471,320,622,6590,
86.31539297001208,92471,320,621,6591,
86.31938845037327,92471,320,620,6592,
86.32426765434263,92470,321,620,6592,
86.32929385463481,92470,321,619,6593,
86.331955159362,92470,320,620,6593,
86.33657339286705,92470,320,619,6594,
86.3402774415461,92470,320,618,6595,
86.34249736834153,92470,320,617,6596,
86.34731533591619,92470,319,618,6596,
86.36118478183181,92470,319,617,6597,
86.36724409140915,92470,319,616,6598,
86.37135295796838,92470,318,617,6598,
86.37386614834556,92470,318,616,6599,
86.38120525638453,92470,318,615,6600,
86.38853082076737,92470,318,614,6601,
86.39710992194571,92470,318,613,6602,
86.39842266399414,92469,319,613,6602,
86.40761838423882,92468,320,613,6602,
86.41123295039296,92468,319,614,6602,
86.41517020456772,92468,318,615,6602,
86.41533737511593,92467,319,615,6602,
86.41871121709244,92467,319,614,6603,
86.42441775262598,92466,320,614,6603,
86.43365934036834,92466,320,613,6604,
86.43426389802875,92465,321,613,6604,
86.43454162823257,92465,321,612,6605,
86.43850140810328,92465,321,611,6606,
86.43867836842387,92464,322,611,6606,
86.45108946989079,92464,321,612,6606,
86.45121914778343,92464,320,613,6606,
86.45247860434452,92464,320,612,6607,
86.46237081530458,92464,319,613,6607,
86.47391625259522,92463,320,613,6607,
86.47772503575004,92462,321,613,6607,
86.478217615912,92462,320,614,6607,
86.49467025417972,92462,320,613,6608,
86.49553646493789,92461,321,613,6608,
86.50213680656924,92460,322,613,6608,
86.5049444793436,92459,323,613,6608,
86.5189689145896,92459,322,614,6608,
86.52759700980295,92459,322,613,6609,
86.53122944132812,92458,323,613,6609,
86.53233000833558,92458,323,612,6610,
86.53236400444555,92457,324,612,6610,
86.53423181754148,92456,325,612,6610,
86.53970886580902,92455,326,612,6610,
86.54005528135619,92455,325,613,6610,
86.54397098861048,92455,324,614,6610,
86.54497570720753,92454,325,614,6610,
86.54514989809942,92454,325,613,6611,
86.54942833705744,92454,325,612,6612,
86.55358464869292,92453,326,612,6612,
86.55508990992962,92453,325,613,6612,
86.58154034426497,92453,324,614,6612,
86.58493318466117,92453,324,613,6613,
86.59492293198124,92452,325,613,6613,
86.59604574344914,92452,325,612,6614,
86.59949545588421,92451,326,612,6614,
86.59999536970048,92450,327,612,6614,
86.6013717632758,92449,328,612,6614,
86.61018289291977,92448,329,612,6614,
86.61221788215758,92447,330,612,6614,
86.62105411752654,92447,330,611,6615,
86.62414473010367,92447,329,612,6615,
86.62482464550322,92447,329,611,6616,
86.62742823020632,92447,329,610,6617,
86.62855441844863,92447,328,611,6617,
86.63430546549503,92447,328,610,6618,
86.63824420443362,92447,327,611,6618,
86.63926211538474,92447,327,610,6619,
86.65038669647448,92446,328,610,6619,
86.65190989180408,92445,329,610,6619,
86.6536755302767,92445,329,609,6620,
86.65859348155217,92444,330,609,6620,
86.66895872289498,92444,329,610,6620,
86.66987707379312,92443,330,610,6620,
86.67128357184765,92443,330,609,6621,
86.6748113401548,92443,330,608,6622,
86.6766260380719,92442,331,608,6622,
86.6782662068338,92442,330,609,6622,
86.68765634870908,92442,329,610,6622,
86.70060950673303,92442,329,609,6623,
86.70583189392603,92442,328,610,6623,
86.70842753509572,92442,328,609,6624,
86.71231482155238,92442,327,610,6624,
86.71341565625426,92441,328,610,6624,
86.7171329842191,92441,328,609,6625,
86.72087182779669,92440,329,609,6625,
86.7356441805236,92440,328,610,6625,
86.74126504438115,92440,328,609,6626,
86.7433734623972,92440,328,608,6627,
86.74523093445588,92439,329,608,6627,
86.74633117985091,92439,328,609,6627,
86.74694336811953,92438,329,609,6627,
86.75129058701322,92438,329,608,6628,
86.75200295301053,92438,329,607,6629,
86.76385366959838,92438,328,608,6629,
86.77159599104871,92438,328,607,6630,
86.77277601377344,92438,327,608,6630,
86.7801855043046,92438,327,607,6631,
86.78416839772004,92438,326,608,6631,
86.7855799195386,92438,325,609,6631,
86.79194128371776,92437,326,609,6631,
86.80519284007173,92437,326,608,6632,
86.80639384635548,92437,325,609,6632,
86.82079339256703,92436,326,609,6632,
86.82262129685931,92436,325,610,6632,
86.82343722611085,92436,324,611,6632,
86.82987565575723,92436,323,612,6632,
86.83299559986973,92436,323,611,6633,
86.84665481571577,92436,322,612,6633,
86.84794620835311,92436,321,613,6633,
86.8522410282431,92436,321,612,6634,
86.85262009659691,92436,320,613,6634,
86.85276999908973,92435,321,613,6634,
86.85541004934296,92435,321,612,6635,
86.86783925418995,92434,322,612,6635,
86.86815709661315,92434,322,611,6636,
86.87932416039764,92433,323,611,6636,
86.88000973627874,92433,323,610,6637,
86.88039315640158,92433,323,609,6638,
86.8808109758682,92433,322,610,6638,
86.88767061983145,92433,322,609,6639,
86.89234230305578,92432,323,609,6639,
86.89272574319375,92431,324,609,6639,
86.90684898543128,92430,325,609,6639,
86.91909932345243,92430,324,610,6639,
86.93449474659596,92429,325,610,6639,
86.94041659054386,92429,325,609,6640,
86.94495652228251,92428,326,609,6640,
86.94713035495286,92428,326,608,6641,
86.95135560919431,92428,326,607,6642,
86.95159149971253,92428,325,608,6642,
86.95460185101008,92428,325,607,6643,
86.95515635951571,92428,325,606,6644,
86.956577921852,92428,324,607,6644,
86.95767203636844,92428,323,608,6644,
86.96623756264117,92428,322,609,6644,
86.96626234811777,92428,321,610,6644,
86.96960921213164,92428,320,611,6644,
86.9748751478972,92428,319,612,6644,
86.98352748856155,92427,320,612,6644,
86.98812648203342,92427,320,611,6645,
86.99441050003651,92427,320,610,6646,
86.99459538221126,92427,319,611,6646,
86.99652427125874,92427,319,610,6647,
86.99726358704703,92427,319,609,6648,
87.00617041303863,92427,319,608,6649,
87.00973112038247,92426,320,608,6649,
87.02349030378494,92426,320,607,6650,
87.02974411584671,92426,320,606,6651,
87.03313344484565,92425,321,606,6651,
87.03549651357707,92424,322,606,6651,
87.04410850334068,92424,322,605,6652,
87.04839089947127,92424,321,606,6652,
87.05095579897005,92423,322,606,6652,
87.05177406691783,92423,322,605,6653,
87.05725488316217,92423,322,604,6654,
87.0587542753058,92422,323,604,6654,
87.06180947923427,92422,323,603,6655,
87.06259014355336,92422,322,604,6655,
87.07381039989917,92422,321,605,6655,
87.08006388220232,92422,321,604,6656,
87.0813574160454,92422,321,603,6657,
87.08571863478474,92422,321,602,6658,
87.09328111997554,92422,321,601,6659,
87.09478786760154,92422,321,600,6660,
87.0979582876499,92421,322,600,6660,
87.09796239804187,92420,323,600,6660,
87.1013563424113,92420,323,599,6661,
87.11831595868448,92420,323,598,6662,
87.12429395464723,92420,323,597,6663,
87.12489232372931,92420,323,596,6664,
87.12720891365876,92420,323,595,6665,
87.14126721072056,92420,323,594,6666,
87.14507792968251,92420,322,595,6666,
87.14515393987227,92419,323,595,6666,
87.1639385787616,92419,323,594,6667,
87.16728940251059,92419,322,595,6667,
87.17282142123457,92418,323,595,6667,
87.17319510511108,92417,324,595,6667,
87.17380335979234,92417,323,596,6667,
87.1746570159284,92417,322,597,6667,
87.18128856663338,92417,322,596,6668,
87.18841766986438,92417,322,595,6669,
87.19500881735843,92417,321,596,6669,
87.20570067044693,92417,320,597,6669,
87.21301268835393,92417,320,596,6670,
87.21782680596128,92417,319,597,6670,
87.21788582750898,92417,319,596,6671,
87.2217855324534,92417,318,597,6671,
87.25362289089144,92417,317,598,6671,
87.26745354755403,92417,316,599,6671,
87.27743646944245,92416,317,599,6671,
87.28436105259979,92416,317,598,6672,
87.28753078186728,92415,318,598,6672,
87.31964466268269,92414,319,598,6672,
87.32267618463764,92414,319,597,6673,
87.3327718412414,92413,320,597,6673,
87.33309705483262,92412,321,597,6673,
87.34315412257133,92412,320,598,6673,
87.34378482253766,92411,321,598,6673,
87.3473735298204,92411,320,599,6673,
87.36196848883822,92410,321,599,6673,
87.36471173126057,92409,322,599,6673,
87.37449191172848,92409,322,598,6674,
87.39166133540189,92409,322,597,6675,
87.39378261928954,92409,322,596,6676,
87.39457997041494,92409,321,597,6676,
87.40063355520714,92409,320,598,6676,
87.40911481141106,92409,319,599,6676,
87.41455055458727,92409,318,600,6676,
87.42137896126141,92409,318,599,6677,
87.4236416836639,92408,319,599,6677,
87.43102807662382,92408,318,600,6677,
87.43241920369532,92408,318,599,6678,
87.43400214245325,92408,318,598,6679,
87.44259476222678,92407,319,598,6679,
87.44262686561339,92406,320,598,6679,
87.44449808873131,92405,321,598,6679,
87.4708204363068,92405,321,597,6680,
87.47888435563257,92405,321,596,6681,
87.48310128441626,92405,320,597,6681,
87.48566979957525,92404,321,597,6681,
87.49151500222902,92403,322,597,6681,
87.50160546139104,92402,323,597,6681,
87.50383868827049,92402,323,596,6682,
87.50606749430246,92401,324,596,6682,
87.50814700815636,92400,325,596,6682,
87.512503381237,92400,324,597,6682,
87.51621764184347,92399,325,597,6682,
87.52718871113387,92399,324,598,6682,
87.53049375530765,92399,323,599,6682,
87.53460101955453,92399,323,598,6683,
87.53854052956962,92398,324,598,6683,
87.53935205434966,92397,325,598,6683,
87.54158417235567,92396,326,598,6683,
87.54367288465014,92395,327,598,6683,
87.54887666510689,92394,328,598,6683,
87.5845303994405,92393,329,598,6683,
87.60681395285451,92392,330,598,6683,
87.61540439755049,92392,329,599,6683,
87.61941792689979,92392,328,600,6683,
87.62710996993397,92392,328,599,6684,
87.62826068183642,92392,328,598,6685,
87.6305921171301,92392,327,599,6685,
87.64660134771005,92391,328,599,6685,
87.65587666837763,92391,328,598,6686,
87.66368470952949,92390,329,598,6686,
87.66399840874976,92389,330,598,6686,
87.66617109446632,92388,331,598,6686,
87.66754256316806,92387,332,598,6686,
87.66847378262855,92387,331,599,6686,
87.67015711069799,92387,330,600,6686,
87.67772551592998,92387,330,599,6687,
87.68256624638842,92386,331,599,6687,
87.68559191387995,92386,331,598,6688,
87.68580861284138,92386,330,599,6688,
87.6896044409021,92386,329,600,6688,
87.6952595926657,92385,330,600,6688,
87.69667140770775,92385,330,599,6689,
87.71014520902526,92385,329,600,6689,
87.71745561825622,92385,328,601,6689,
87.71904145073783,92385,327,602,6689,
87.72592894697192,92384,328,602,6689,
87.72749114124352,92384,328,601,6690,
87.73390526264136,92384,328,600,6691,
87.73724347082437,92384,328,599,6692,
87.73870111381223,92384,328,598,6693,
87.73879177172256,92383,329,598,6693,
87.74081544156306,92382,330,598,6693,
87.74914336869941,92381,331,598,6693,
87.75919320187563,92381,330,599,6693,
87.76316562536668,92381,330,598,6694,
87.771443185219,92380,331,598,6694,
87.77321321265464,92380,330,599,6694,
87.77836154840689,92380,329,600,6694,
87.77898603982402,92379,330,600,6694,
87.78780807189395,92379,329,601,6694,
87.78906211377019,92379,328,602,6694,
87.79180918098302,92379,328,601,6695,
87.7966436268797,92378,329,601,6695,
87.8029601204918,92378,329,600,6696,
87.80586435219544,92378,328,601,6696,
87.81193056510816,92378,328,600,6697,
87.81863453303706,92378,328,599,6698,
87.82077605600304,92377,329,599,6698,
87.82300340453594,92377,329,598,6699,
87.83654417125709,92377,328,599,6699,
87.83709098024374,92377,327,600,6699,
87.83756503401467,92376,328,600,6699,
87.8451878562874,92376,328,599,6700,
87.84567750617231,92376,327,600,6700,
87.85667687027694,92376,326,601,6700,
87.86465221365971,92376,325,602,6700,
87.8669276786352,92376,324,603,6700,
87.8683346674572,92376,324,602,6701,
87.87162065515469,92376,324,601,6702,
87.88658305311031,92376,324,600,6703,
87.88828074827475,92375,325,600,6703,
87.89309181574527,92375,324,601,6703,
87.90153347995519,92374,325,601,6703,
87.90290003418512,92373,326,601,6703,
87.9121179928901,92372,327,601,6703,
87.91615612169365,92372,326,602,6703,
87.92239104756365,92372,326,601,6704,
87.9234155920901,92372,325,602,6704,
87.92531922906119,92372,324,603,6704,
87.92863501348137,92372,324,602,6705,
87.92888158420178,92371,325,602,6705,
87.93172135611204,92370,326,602,6705,
87.93624437120894,92370,326,601,6706,
87.93924668644208,92370,325,602,6706,
87.94225625642895,92370,325,601,6707,
87.94887315425972,92370,325,600,6708,
87.9531777911295,92370,325,599,6709,
87.955255901615,92370,325,598,6710,
87.96218798865925,92370,325,597,6711,
87.96240214587476,92370,324,598,6711,
87.96786492248569,92370,324,597,6712,
87.96806535034935,92370,323,598,6712,
87.96829921614132,92370,323,597,6713,
87.97136188693364,92369,324,597,6713,
87.97496480964165,92368,325,597,6713,
87.97541610246645,92368,324,598,6713,
87.98312621090318,92368,324,597,6714,
87.98808304834208,92368,324,596,6715,
87.98985706652618,92368,324,595,6716,
88.00206560115974,92368,324,594,6717,
88.00685327107004,92368,323,595,6717,
88.01063028429483,92368,322,596,6717,
88.01194197093736,92368,321,597,6717,
88.02149308136637,92368,320,598,6717,
88.02429537630458,92368,320,597,6718,
88.03718443136341,92368,320,596,6719,
88.04437764990277,92368,319,597,6719,
88.0447783133448,92367,320,597,6719,
88.04876901326801,92366,321,597,6719,
88.06133015244436,92366,320,598,6719,
88.06174058294027,92366,320,597,6720,
88.0672539887112,92365,321,597,6720,
88.06853984249852,92365,321,596,6721,
88.0734166444247,92365,320,597,6721,
88.0869388641068,92365,320,596,6722,
88.09519844010798,92365,319,597,6722,
88.09754240318668,92365,319,596,6723,
88.10354899964132,92365,319,595,6724,
88.10540211148356,92365,319,594,6725,
88.10986107319175,92364,320,594,6725,
88.11215180833031,92364,319,595,6725,
88.11313094981315,92364,319,594,6726,
88.12029998885856,92364,319,593,6727,
88.12590243957894,92364,319,592,6728,
88.13422331658126,92363,320,592,6728,
88.13660350886454,92363,319,593,6728,
88.13966800447471,92363,319,592,6729,
88.14245439022544,92363,319,591,6730,
88.14930666244379,92362,320,591,6730,
88.1562648045074,92361,321,591,6730,
88.15658978852221,92360,322,591,6730,
88.1642605019363,92360,321,592,6730,
88.16742976617772,92360,320,593,6730,
88.16834516820262,92359,321,593,6730,
88.17387110400563,92359,320,594,6730,
88.17772042472879,92359,320,593,6731,
88.18419248628129,92359,319,594,6731,
88.18602207191623,92358,320,594,6731,
88.19150639457908,92358,319,595,6731,
88.19206931777764,92358,319,594,6732,
88.19788605170301,92358,319,593,6733,
88.20532249916468,92358,319,592,6734,
88.20589060680305,92357,320,592,6734,
88.20683252725738,92357,320,591,6735,
88.2245566035879,92357,320,590,6736,
88.23355381911581,92356,321,590,6736,
88.23733530241583,92356,320,591,6736,
88.24862581036892,92356,320,590,6737,
88.24987542329566,92355,321,590,6737,
88.25492914847057,92355,321,589,6738,
88.25893217310833,92355,320,590,6738,
88.2595062106339,92355,320,589,6739,
88.2789589709387,92354,321,589,6739,
88.2867073768808,92354,320,590,6739,
88.2875692900842,92354,320,589,6740,
88.28791573181255,92354,319,590,6740,
88.2895576999853,92353,320,590,6740,
88.29089723610545,92353,319,591,6740,
88.29724087198002,92353,319,590,6741,
88.30313890487837,92353,319,589,6742,
88.30846294273383,92353,318,590,6742,
88.313160707327,92352,319,590,6742,
88.31671223483679,92352,319,589,6743,
88.31938939622276,92352,318,590,6743,
88.32104367981555,92352,317,591,6743,
88.32266845281117,92352,317,590,6744,
88.34172463830694,92352,316,591,6744,
88.34280838672125,92351,317,591,6744,
88.34283202177072,92351,316,592,6744,
88.34893067825426,92351,315,593,6744,
88.35335159013553,92351,315,592,6745,
88.35434911686974,92351,315,591,6746,
88.36540509074149,92350,316,591,6746,
88.36771294596434,92350,315,592,6746,
88.37607330503863,92350,315,591,6747,
88.38824821297324,92350,315,590,6748,
88.39232545630578,92350,315,589,6749,
88.39255915446532,92350,315,588,6750,
88.40077121899375,92349,316,588,6750,
88.41311156772969,92349,315,589,6750,
88.41519888385764,92348,316,589,6750,
88.42089348877076,92348,316,588,6751,
88.42130495325407,92348,316,587,6752,
88.4282732993593,92348,315,588,6752,
88.43747575434384,92348,314,589,6752,
88.44120216751085,92348,314,588,6753,
88.44142313358014,92348,314,587,6754,
88.44509147016453,92348,313,588,6754,
88.44874968478655,92348,312,589,6754,
88.45041234607648,92347,313,589,6754,
88.45636862243222,92347,312,590,6754,
88.45922270182795,92347,312,589,6755,
88.46000966871073,92346,313,589,6755,
88.46414176216724,92345,314,589,6755,
88.47087299755924,92345,314,588,6756,
88.47482380953645,92344,315,588,6756,
88.4797797484181,92343,316,588,6756,
88.49245731882216,92342,317,588,6756,
88.5174095156087,92341,318,588,6756,
88.52311037289576,92341,317,589,6756,
88.52629013867727,92340,318,589,6756,
88.53839181580366,92340,317,590,6756,
88.54079216034643,92340,317,589,6757,
88.55420676655851,92339,318,589,6757,
88.561688105497,92338,319,589,6757,
88.56517643867221,92338,319,588,6758,
88.5665846254538,92338,318,589,6758,
88.58354151249787,92337,319,589,6758,
88.58441806096224,92337,319,588,6759,
88.59452731864124,92337,318,589,6759,
88.59863097025413,92337,318,588,6760,
88.60749457937348,92336,319,588,6760,
88.60806476259333,92335,320,588,6760,
88.61221974930639,92334,321,588,6760,
88.6198830486524,92333,322,588,6760,
88.65138439544236,92333,321,589,6760,
88.65281999641292,92333,321,588,6761,
88.65693092804757,92332,322,588,6761,
88.66219338167312,92332,321,589,6761,
88.67009003685116,92331,322,589,6761,
88.67701550632442,92331,322,588,6762,
88.67818914734443,92330,323,588,6762,
88.68134976453555,92329,324,588,6762,
88.68497736852383,92329,324,587,6763,
88.68681952833438,92328,325,587,6763,
88.69185745826148,92328,324,588,6763,
88.69393737286603,92328,323,589,6763,
88.6949067554892,92328,322,590,6763,
88.70471069653314,92328,322,589,6764,
88.70484472409098,92327,323,589,6764,
88.7089267525911,92326,324,589,6764,
88.71433632476217,92326,324,588,6765,
88.71549535880763,92326,324,587,6766,
88.72083176634632,92326,324,586,6767,
88.72194621422989,92326,324,585,6768,
88.72269144287577,92326,324,584,6769,
88.7232453476012,92326,324,583,6770,
88.72468598707721,92326,324,582,6771,
88.72529753231447,92325,325,582,6771,
88.73199602512935,92324,326,582,6771,
88.73254081264557,92323,327,582,6771,
88.76321192977801,92323,327,581,6772,
88.76523843769229,92323,327,580,6773,
88.76990594793824,92322,328,580,6773,
88.78324793354396,92322,327,581,6773,
88.78695063087179,92322,327,580,6774,
88.78813253384118,92322,326,581,6774,
88.79234318476989,92322,326,580,6775,
88.79549144967888,92322,326,579,6776,
88.797095407513,92321,327,579,6776,
88.80838605311263,92321,327,578,6777,
88.83824311037631,92321,327,577,6778,
88.84518226770737,92321,326,578,6778,
88.85327264611259,92321,326,577,6779,
88.85404327748819,92321,325,578,6779,
88.8631976215318,92321,324,579,6779,
88.8680417304441,92320,325,579,6779,
88.87302709864744,92320,324,580,6779,
88.87421770679475,92319,325,580,6779,
88.87512952053339,92318,326,580,6779,
88.87739027700779,92318,325,581,6779,
88.88448157787496,92317,326,581,6779,
88.89656410183022,92317,325,582,6779,
88.89692853953349,92317,325,581,6780,
88.90387194953604,92317,325,580,6781,
88.91944977277207,92316,326,580,6781,
88.92141845171012,92316,325,581,6781,
88.92405290427558,92316,325,580,6782,
88.92711817167725,92315,326,580,6782,
88.92827318958982,92314,327,580,6782,
88.92886604643611,92314,326,581,6782,
88.92905432412772,92314,326,580,6783,
88.93397806077563,92314,325,581,6783,
88.93479495426811,92314,325,580,6784,
88.94953676916847,92313,326,580,6784,
88.95294592442761,92313,325,581,6784,
88.95497619296472,92313,325,580,6785,
88.95902942395648,92312,326,580,6785,
88.97635744474688,92312,325,581,6785,
88.98694700503833,92311,326,581,6785,
88.99150211215033,92311,325,582,6785,
88.9950076727335,92311,324,583,6785,
88.99648915621817,92311,323,584,6785,
88.9971822779205,92311,322,585,6785,
88.99763497411152,92311,321,586,6785,
89.01007220693393,92311,320,587,6785,
89.02604522281382,92311,320,586,6786,
89.03742853932647,92311,320,585,6787,
89.04706515109643,92311,319,586,6787,
89.04810290294809,92311,318,587,6787,
89.05147486659122,92311,318,586,6788,
89.05187248865897,92311,317,587,6788,
89.05286663466339,92311,316,588,6788,
89.06722123131877,92311,316,587,6789,
89.07569471323734,92310,317,587,6789,
89.07738772353235,92310,317,586,6790,
89.07889094179464,92310,317,585,6791,
89.08564595694598,92310,316,586,6791,
89.0865911234202,92310,315,587,6791,
89.09162001108612,92310,315,586,6792,
89.09468709420835,92310,315,585,6793,
89.09857820934047,92310,315,584,6794,
89.10128487154525,92309,316,584,6794,
89.11641662809672,92309,316,583,6795,
89.12025350303111,92309,316,582,6796,
89.13121589497649,92309,316,581,6797,
89.13250598073972,92308,317,581,6797,
89.13299041932189,92308,317,580,6798,
89.14384932024782,92307,318,580,6798,
89.1522121242403,92307,318,579,6799,
89.16100649603978,92306,319,579,6799,
89.16164361536993,92306,318,580,6799,
89.17193213001224,92306,317,581,6799,
89.17340764738127,92306,317,580,6800,
89.18305956705476,92305,318,580,6800,
89.1862525308724,92305,318,579,6801,
89.19030601186638,92304,319,579,6801,
89.19439607400679,92303,320,579,6801,
89.19507921348765,92303,320,578,6802,
89.19817867933018,92303,319,579,6802,
89.19978397954368,92302,320,579,6802,
89.20493620912103,92302,319,580,6802,
89.21931760030796,92302,319,579,6803,
89.22760457080355,92301,320,579,6803,
89.22785053408383,92300,321,579,6803,
89.22827194406463,92300,321,578,6804,
89.23569877980623,92299,322,578,6804,
89.24052414675623,92298,323,578,6804,
89.2433477518955,92297,324,578,6804,
89.24488300495939,92296,325,578,6804,
89.24688185685432,92296,325,577,6805,
89.26437758291341,92296,324,578,6805,
89.26513917336007,92295,325,578,6805,
89.27630089005689,92295,325,577,6806,
89.29184443767554,92295,325,576,6807,
89.29829864292284,92294,326,576,6807,
89.31517316008632,92294,326,575,6808,
89.31737828415632,92294,326,574,6809,
89.32516833002299,92294,326,573,6810,
89.32929094338068,92294,326,572,6811,
89.34775511529266,92293,327,572,6811,
89.36561047974124,92293,327,571,6812,
89.36709194477862,92292,328,571,6812,
89.37289706996197,92292,328,570,6813,
89.37502643966681,92292,328,569,6814,
89.37584800307286,92292,328,568,6815,
89.38126780361873,92292,328,567,6816,
89.38272217659971,92291,329,567,6816,
89.3834932653092,92290,330,567,6816,
89.38667610995597,92290,330,566,6817,
89.39398865681991,92290,330,565,6818,
89.41089846344951,92290,329,566,6818,
89.41324217409576,92289,330,566,6818,
89.4229825494306,92288,331,566,6818,
89.43311851650562,92288,331,565,6819,
89.43344671932128,92288,330,566,6819,
89.44939637168385,92288,330,565,6820,
89.4583256522558,92288,330,564,6821,
89.46200648445543,92287,331,564,6821,
89.4643055770194,92287,330,565,6821,
89.46828892409924,92286,331,565,6821,
89.4746703164364,92285,332,565,6821,
89.48171958570677,92284,333,565,6821,
89.48856512573347,92284,333,564,6822,
89.4927839411958,92284,333,563,6823,
89.49502434554046,92284,332,564,6823,
89.49634132917723,92283,333,564,6823,
89.4988659337478,92282,334,564,6823,
89.50080014402275,92281,335,564,6823,
89.50893547688139,92281,335,563,6824,
89.51105059212107,92281,334,564,6824,
89.512371913673,92281,333,565,6824,
89.53060971461116,92280,334,565,6824,
89.53295428004523,92280,333,566,6824,
89.5343234677766,92279,334,566,6824,
89.53736158976238,92279,334,565,6825,
89.53823936451099,92278,335,565,6825,
89.54078056087066,92277,336,565,6825,
89.54988716695276,92277,335,566,6825,
89.57101726055811,92277,334,567,6825,
89.57133912255529,92277,333,568,6825,
89.57460970610342,92276,334,568,6825,
89.57497115521662,92276,333,569,6825,
89.57640284071957,92276,333,568,6826,
89.5785917151394,92276,333,567,6827,
89.58125589899564,92276,332,568,6827,
89.58377660618243,92276,331,569,6827,
89.5902974028239,92275,332,569,6827,
89.59317612761149,92275,331,570,6827,
89.60155907417814,92274,332,570,6827,
89.61071905357932,92274,332,569,6828,
89.62417705879272,92273,333,569,6828,
89.64012939064003,92273,332,570,6828,
89.64153228463368,92272,333,570,6828,
89.64789348582289,92271,334,570,6828,
89.66554338803081,92271,334,569,6829,
89.6675083835951,92270,335,569,6829,
89.66789075754718,92269,336,569,6829,
89.67483747095437,92269,335,570,6829,
89.68713726448127,92269,334,571,6829,
89.68875491227385,92269,334,570,6830,
89.69065081417871,92269,333,571,6830,
89.69711493762074,92269,332,572,6830,
89.69858675914705,92269,332,571,6831,
89.70367727218482,92269,331,572,6831,
89.70431572333288,92269,330,573,6831,
89.70760551629246,92269,330,572,6832,
89.71033099455425,92269,329,573,6832,
89.7162440484775,92269,328,574,6832,
89.72016578585448,92268,329,574,6832,
89.72670992461832,92268,329,573,6833,
89.732498476383,92267,330,573,6833,
89.73540190149984,92267,330,572,6834,
89.73610274735856,92267,329,573,6834,
89.7540138601297,92267,329,572,6835,
89.76075298491955,92267,329,571,6836,
89.76110481171565,92267,329,570,6837,
89.7623175392703,92267,329,569,6838,
89.77099945441662,92267,328,570,6838,
89.77375050209957,92266,329,570,6838,
89.78332712101803,92266,329,569,6839,
89.79209420948942,92265,330,569,6839,
89.7984837542958,92264,331,569,6839,
89.79880870226631,92263,332,569,6839,
89.80752560424958,92263,332,568,6840,
89.8103956086141,92263,332,567,6841,
89.81643930152507,92263,332,566,6842,
89.82349169166109,92263,332,565,6843,
89.82948937353925,92263,331,566,6843,
89.82988998612078,92263,330,567,6843,
89.82997604017277,92263,329,568,6843,
89.83550297745012,92262,330,568,6843,
89.8409204858723,92262,329,569,6843,
89.84438864598462,92262,328,570,6843,
89.84928533679968,92262,328,569,6844,
89.85454075753373,92261,329,569,6844,
89.8581357483396,92261,329,568,6845,
89.87591613179481,92261,328,569,6845,
89.88397636078777,92261,328,568,6846,
89.88864901565996,92260,329,568,6846,
89.90122450001171,92260,328,569,6846,
89.90355807975803,92259,329,569,6846,
89.90396395175935,92259,329,568,6847,
89.91555224555654,92258,330,568,6847,
89.92274713395551,92258,329,569,6847,
89.92890146996172,92258,329,568,6848,
89.94302981734249,92257,330,568,6848,
89.94755608254451,92257,329,569,6848,
89.94901386360348,92257,328,570,6848,
89.9491646324067,92257,328,569,6849,
89.95051208523721,92257,328,568,6850,
89.95187617748111,92256,329,568,6850,
89.96338717812942,92255,330,568,6850,
89.96648380177342,92254,331,568,6850,
89.9692376638402,92253,332,568,6850,
89.97235419401773,92253,332,567,6851,
89.97454717153758,92253,331,568,6851,
89.98319863930169,92253,331,567,6852,
89.9945831351668,92253,331,566,6853,
89.99463180785483,92253,330,567,6853,
89.9962747334643,92253,330,566,6854,
90.0046989503825,92253,330,565,6855,
90.00928176596199,92252,331,565,6855,
90.01417435568098,92252,331,564,6856,
90.01757237759817,92251,332,564,6856,
90.01918090463185,92250,333,564,6856,
90.02447677504017,92250,333,563,6857,
90.02487782532397,92250,333,562,6858,
90.02878346354024,92250,332,563,6858,
90.03532243914134,92250,332,562,6859,
90.03591219773895,92250,332,561,6860,
90.03996698746784,92250,332,560,6861,
90.04319198881136,92250,331,561,6861,
90.05105095674267,92250,330,562,6861,
90.06212145195579,92250,329,563,6861,
90.06270845320763,92249,330,563,6861,
90.06288575215257,92249,330,562,6862,
90.07232264956187,92249,329,563,6862,
90.076743322247,92248,330,563,6862,
90.08065909580905,92248,330,562,6863,
90.08345240226043,92247,331,562,6863,
90.11540483033716,92247,331,561,6864,
90.12469228089489,92247,331,560,6865,
90.128661357648,92246,332,560,6865,
90.13573011183954,92246,332,559,6866,
90.14653615044583,92246,331,560,6866,
90.16251944394384,92245,332,560,6866,
90.16330357466848,92245,331,561,6866,
90.17600438847391,92244,332,561,6866,
90.17787599937847,92244,331,562,6866,
90.18942433836408,92244,330,563,6866,
90.19115641072011,92244,329,564,6866,
90.20716522910277,92244,328,565,6866,
90.21035444184582,92244,327,566,6866,
90.2108089765741,92244,327,565,6867,
90.24037983122386,92244,326,566,6867,
90.2427203436502,92243,327,566,6867,
90.24671281584725,92243,326,567,6867,
90.279883310728,92242,327,567,6867,
90.28193576570843,92241,328,567,6867,
90.28890626170275,92241,328,566,6868,
90.29020900516215,92241,327,567,6868,
90.30405821989314,92241,326,568,6868,
90.30646111721101,92240,327,568,6868,
90.30885907923704,92239,328,568,6868,
90.31214560012768,92238,329,568,6868,
90.322622094876,92238,329,567,6869,
90.3244613035686,92237,330,567,6869,
90.32481722154631,92236,331,567,6869,
90.33237108947165,92235,332,567,6869,
90.33974912608684,92235,331,568,6869,
90.34310783235179,92235,331,567,6870,
90.34638954982566,92235,331,566,6871,
90.34808819187963,92235,330,567,6871,
90.35278403022824,92235,329,568,6871,
90.35346710889549,92235,329,567,6872,
90.3576280462249,92234,330,567,6872,
90.36431846335579,92233,331,567,6872,
90.3674024058558,92232,332,567,6872,
90.36938633703342,92232,332,566,6873,
90.38264684740679,92231,333,566,6873,
90.38478397755102,92231,333,565,6874,
90.38701586323606,92231,332,566,6874,
90.40832974528894,92231,332,565,6875,
90.40977436979136,92231,332,564,6876,
90.41490701570729,92231,332,563,6877,
90.4178607702276,92231,332,562,6878,
90.42577026911547,92231,331,563,6878,
90.44441004863779,92231,331,562,6879,
90.44799512307787,92231,331,561,6880,
90.44879848375308,92230,332,561,6880,
90.4522975604119,92230,332,560,6881,
90.45361787145848,92229,333,560,6881,
90.45546775188396,92228,334,560,6881,
90.45796545400533,92228,333,561,6881,
90.4587540326327,92228,332,562,6881,
90.4601324037057,92228,331,563,6881,
90.46513199937972,92228,331,562,6882,
90.4680591313496,92228,330,563,6882,
90.46982313272062,92228,329,564,6882,
90.47280217357927,92227,330,564,6882,
90.47613842795093,92227,330,563,6883,
90.4787119848643,92227,330,562,6884,
90.47990663628039,92226,331,562,6884,
90.48128721928501,92226,331,561,6885,
90.49206561148546,92226,330,562,6885,
90.49724360701788,92226,330,561,6886,
90.50227491836222,92225,331,561,6886,
90.50363760820363,92225,330,562,6886,
90.50817841078612,92225,329,563,6886,
90.51128681277933,92225,329,562,6887,
90.51212579340218,92224,330,562,6887,
90.51576008804129,92224,329,563,6887,
90.51653190690446,92224,329,562,6888,
90.52097981771105,92224,329,561,6889,
90.52104211631845,92224,328,562,6889,
90.52193519511349,92224,327,563,6889,
90.52474686626732,92224,327,562,6890,
90.52557934875676,92224,327,561,6891,
90.52949540371586,92224,326,562,6891,
90.53149569973031,92224,325,563,6891,
90.53861983958642,92223,326,563,6891,
90.53886220464338,92223,326,562,6892,
90.55474209638484,92223,325,563,6892,
90.56366235161866,92222,326,563,6892,
90.5728535836579,92222,326,562,6893,
90.5729702681231,92222,326,561,6894,
90.5805383621318,92221,327,561,6894,
90.58126967675624,92221,326,562,6894,
90.5882879434125,92221,325,563,6894,
90.60646092551292,92221,324,564,6894,
90.61065237777265,92221,324,563,6895,
90.61293710059388,92220,325,563,6895,
90.62113023320828,92220,324,564,6895,
90.62235803360956,92220,324,563,6896,
90.62418500979355,92220,324,562,6897,
90.63218084159823,92220,324,561,6898,
90.63668489066677,92220,324,560,6899,
90.63872710190347,92220,324,559,6900,
90.64548605401257,92220,324,558,6901,
90.6463496773306,92219,325,558,6901,
90.65849699700624,92218,326,558,6901,
90.66031497336344,92218,326,557,6902,
90.680513914258,92218,325,558,6902,
90.69266372393318,92217,326,558,6902,
90.69515761187986,92217,325,559,6902,
90.70146111758557,92217,325,558,6903,
90.70444168871883,92216,326,558,6903,
90.70714645190543,92216,325,559,6903,
90.71516708299602,92215,326,559,6903,
90.71980975793925,92215,325,560,6903,
90.72078952723022,92215,324,561,6903,
90.72082899724941,92215,323,562,6903,
90.7272404273844,92215,322,563,6903,
90.72911142338425,92215,322,562,6904,
90.73126899454496,92215,322,561,6905,
90.73684666456329,92215,321,562,6905,
90.73941143764873,92215,321,561,6906,
90.74699897714846,92215,320,562,6906,
90.7575311314309,92215,319,563,6906,
90.75837036553543,92215,319,562,6907,
90.76262211121067,92214,320,562,6907,
90.76352783591747,92213,321,562,6907,
90.77337331622321,92212,322,562,6907,
90.79615583877164,92212,322,561,6908,
90.79728684572129,92211,323,561,6908,
90.80061683968258,92211,322,562,6908,
90.80165168617086,92210,323,562,6908,
90.80970482968573,92210,323,561,6909,
90.81500201689309,92210,322,562,6909,
90.81891569497876,92210,322,561,6910,
90.81960251539317,92209,323,561,6910,
90.82251618630178,92209,322,562,6910,
90.82687156095781,92209,321,563,6910,
90.8375264277417,92208,322,563,6910,
90.84016456683239,92208,321,564,6910,
90.84102844614269,92208,320,565,6910,
90.84440975553224,92207,321,565,6910,
90.8449851211049,92207,320,566,6910,
90.85224721059743,92207,319,567,6910,
90.86371074869473,92207,318,568,6910,
90.86768175013746,92207,317,569,6910,
90.87494747705284,92206,318,569,6910,
90.88157923315084,92206,318,568,6911,
90.88201133926643,92206,318,567,6912,
90.88386445326276,92206,317,568,6912,
90.8856857488451,92205,318,568,6912,
90.88969454281363,92205,318,567,6913,
90.89950595017629,92204,319,567,6913,
90.9005095280739,92204,319,566,6914,
90.90345324388252,92204,318,567,6914,
90.91016553107863,92203,319,567,6914,
90.91965877764382,92203,318,568,6914,
90.92532109009777,92203,318,567,6915,
90.93123395694414,92203,317,568,6915,
90.93415174848239,92203,316,569,6915,
90.94685942123823,92202,317,569,6915,
90.94897615380634,92202,317,568,6916,
90.94939372215373,92202,317,567,6917,
90.94992092479052,92201,318,567,6917,
90.95054530244963,92201,318,566,6918,
90.95162244342993,92201,318,565,6919,
90.9529752404022,92201,318,564,6920,
90.9592243238568,92201,317,565,6920,
90.96963289390277,92201,317,564,6921,
90.97588113526228,92200,318,564,6921,
90.99527296093603,92200,317,565,6921,
90.9982494325507,92200,317,564,6922,
91.01627024463119,92199,318,564,6922,
91.01939716879208,92198,319,564,6922,
91.02545361114665,92198,319,563,6923,
91.03254077616594,92198,318,564,6923,
91.04141702025377,92197,319,564,6923,
91.04506605989683,92197,318,565,6923,
91.04609193782292,92197,317,566,6923,
91.04725359170418,92197,317,565,6924,
91.05185348374107,92197,317,564,6925,
91.05194489874415,92197,317,563,6926,
91.05705821817637,92197,316,564,6926,
91.06171210680438,92197,315,565,6926,
91.06269791968666,92196,316,565,6926,
91.07045773070757,92196,316,564,6927,
91.07304087223021,92196,315,565,6927,
91.07462017437618,92195,316,565,6927,
91.09227443907909,92195,316,564,6928,
91.11058570415932,92195,315,565,6928,
91.11430490911063,92195,314,566,6928,
91.12686686116895,92195,314,565,6929,
91.13293178879414,92195,314,564,6930,
91.1369195134792,92195,313,565,6930,
91.14229817574156,92194,314,565,6930,
91.14375710633223,92194,314,564,6931,
91.14931069632812,92194,313,565,6931,
91.15174928114772,92193,314,565,6931,
91.15357393686965,92193,313,566,6931,
91.17530861340946,92192,314,566,6931,
91.18007137024424,92192,314,565,6932,
91.18105821690764,92192,313,566,6932,
91.1858701659647,92192,313,565,6933,
91.18823511124894,92192,312,566,6933,
91.19060431401616,92192,311,567,6933,
91.19393990087656,92192,310,568,6933,
91.19597975107936,92192,309,569,6933,
91.19919308928436,92192,309,568,6934,
91.19972155980982,92192,308,569,6934,
91.21066650404026,92192,307,570,6934,
91.21074673002987,92192,307,569,6935,
91.22580483845499,92192,306,570,6935,
91.23448735149823,92192,305,571,6935,
91.23632006816757,92192,304,572,6935,
91.23913502596547,92192,303,573,6935,
91.24384196148247,92191,304,573,6935,
91.2448345168686,92191,303,574,6935,
91.24532347186596,92190,304,574,6935,
91.24920536363197,92190,304,573,6936,
91.25226252397442,92190,303,574,6936,
91.26300223550427,92190,303,573,6937,
91.2677450929873,92189,304,573,6937,
91.27150057720823,92189,304,572,6938,
91.27944224888748,92189,303,573,6938,
91.2864818916299,92188,304,573,6938,
91.28834959722158,92188,303,574,6938,
91.29038006865528,92187,304,574,6938,
91.29319201315553,92187,303,575,6938,
91.29385775142694,92187,302,576,6938,
91.29784073948639,92187,301,577,6938,
91.3042005306882,92187,301,576,6939,
91.30581503377655,92186,302,576,6939,
91.31914673147796,92186,301,577,6939,
91.32201411651181,92185,302,577,6939,
91.32429767299078,92185,302,576,6940,
91.32881028535316,92184,303,576,6940,
91.3347090157441,92183,304,576,6940,
91.33634819274835,92183,303,577,6940,
91.34246474128867,92183,302,578,6940,
91.34275929750979,92183,302,577,6941,
91.34579231005871,92183,301,578,6941,
91.35100841934009,92183,300,579,6941,
91.37074579642942,92183,300,578,6942,
91.3714038539861,92183,300,577,6943,
91.37480210337722,92183,299,578,6943,
91.38355591479566,92183,299,577,6944,
91.38428415155849,92183,298,578,6944,
91.38940813214117,92182,299,578,6944,
91.39856030765746,92182,298,579,6944,
91.40316887431685,92182,297,580,6944,
91.40727424539739,92182,296,581,6944,
91.41545032980899,92182,296,580,6945,
91.42009312959576,92181,297,580,6945,
91.42308016016798,92181,296,581,6945,
91.42609501385937,92180,297,581,6945,
91.43412426574984,92180,297,580,6946,
91.444122062068,92180,297,579,6947,
91.45051128740646,92179,298,579,6947,
91.45296744581503,92179,298,578,6948,
91.4668908411758,92179,298,577,6949,
91.47563641782364,92179,297,578,6949,
91.47645992358463,92178,298,578,6949,
91.47806448140915,92177,299,578,6949,
91.48786081215755,92176,300,578,6949,
91.49040286471967,92176,299,579,6949,
91.49349960227661,92176,298,580,6949,
91.49587676377038,92175,299,580,6949,
91.49889789529117,92175,298,581,6949,
91.50577605800046,92175,298,580,6950,
91.50767133231923,92174,299,580,6950,
91.50998069763504,92174,298,581,6950,
91.51321953465421,92174,298,580,6951,
91.5136793630879,92174,297,581,6951,
91.51395686718953,92174,296,582,6951,
91.51711808851549,92174,296,581,6952,
91.53944510630302,92174,296,580,6953,
91.55237213491765,92174,295,581,6953,
91.55656670809887,92174,295,580,6954,
91.56106178905834,92173,296,580,6954,
91.56586159083851,92173,295,581,6954,
91.57957065364499,92173,295,580,6955,
91.58676239274965,92172,296,580,6955,
91.58862422563678,92172,296,579,6956,
91.59545465698658,92171,297,579,6956,
91.6083240830931,92170,298,579,6956,
91.61059234905376,92169,299,579,6956,
91.6128304918642,92168,300,579,6956,
91.62133567842424,92168,299,580,6956,
91.62987210992317,92168,298,581,6956,
91.6389068387351,92168,297,582,6956,
91.63954790224926,92168,296,583,6956,
91.64483277584121,92168,296,582,6957,
91.64778668317399,92167,297,582,6957,
91.64961435450232,92166,298,582,6957,
91.64979403331981,92166,297,583,6957,
91.65395799352903,92166,297,582,6958,
91.65977576090182,92166,297,581,6959,
91.66424698547641,92166,296,582,6959,
91.66625156786486,92165,297,582,6959,
91.66857836081375,92164,298,582,6959,
91.67952700283104,92164,297,583,6959,
91.68051745419696,92163,298,583,6959,
91.68145002548563,92162,299,583,6959,
91.69505076652923,92161,300,583,6959,
91.69782888164983,92161,300,582,6960,
91.71206505097419,92161,300,581,6961,
91.71286044654252,92160,301,581,6961,
91.7166305800728,92160,300,582,6961,
91.72336798927772,92159,301,582,6961,
91.72851894107424,92158,302,582,6961,
91.73472130649728,92158,301,583,6961,
91.73554255303094,92158,300,584,6961,
91.73718433506039,92158,300,583,6962,
91.73935373436674,92158,299,584,6962,
91.74044313618214,92157,300,584,6962,
91.74122791033855,92157,299,585,6962,
91.74423012017084,92157,298,586,6962,
91.74836757822975,92157,297,587,6962,
91.75117261197494,92157,297,586,6963,
91.76309011665776,92157,296,587,6963,
91.77166366499819,92157,295,588,6963,
91.77997388465272,92157,295,587,6964,
91.78160473748139,92156,296,587,6964,
91.7917456490688,92156,295,588,6964,
91.79384128867522,92156,295,587,6965,
91.79857754394443,92155,296,587,6965,
91.81142290978029,92155,296,586,6966,
91.81185288388866,92155,296,585,6967,
91.81308250706505,92155,295,586,6967,
91.813911239263,92154,296,586,6967,
91.81441924563515,92154,295,587,6967,
91.83095069577129,92154,295,586,6968,
91.83226814710795,92154,294,587,6968,
91.83423908441972,92154,293,588,6968,
91.83501877954832,92153,294,588,6968,
91.843477577652,92152,295,588,6968,
91.85422839107422,92151,296,588,6968,
91.8625801737463,92151,295,589,6968,
91.87154996002366,92151,294,590,6968,
91.88035203425194,92151,294,589,6969,
91.88251263667902,92151,294,588,6970,
91.88952245556251,92151,294,587,6971,
91.89022531550691,92151,294,586,6972,
91.8929510130177,92151,293,587,6972,
91.89984940321904,92151,292,588,6972,
91.90875494818162,92151,292,587,6973,
91.91512533921792,92150,293,587,6973,
91.9192382729633,92149,294,587,6973,
91.91992434935804,92149,294,586,6974,
91.93061015221977,92149,293,587,6974,
91.9428903468571,92149,292,588,6974,
91.94443907819158,92149,291,589,6974,
91.94969107401711,92149,291,588,6975,
91.95054766916425,92148,292,588,6975,
91.95239966046174,92147,293,588,6975,
91.95506464466783,92147,292,589,6975,
91.95606396023638,92147,292,588,6976,
91.95786147605432,92147,291,589,6976,
91.96282251833954,92147,290,590,6976,
91.9635152034394,92147,290,589,6977,
91.96521907228609,92147,290,588,6978,
91.96694593303943,92147,289,589,6978,
91.967236803261,92147,288,590,6978,
91.97196437666256,92146,289,590,6978,
91.97369663692145,92145,290,590,6978,
91.97566155575097,92145,290,589,6979,
91.97700666060408,92145,289,590,6979,
91.98622706183951,92145,289,589,6980,
91.9882979796385,92145,289,588,6981,
91.99036631460308,92144,290,588,6981,
91.9938849884395,92144,290,587,6982,
92.00339929019084,92144,289,588,6982,
92.01965682628011,92144,288,589,6982,
92.02032428222351,92144,288,588,6983,
92.03590925299056,92144,287,589,6983,
92.05140737406236,92144,287,588,6984,
92.05158222572175,92144,286,589,6984,
92.05207132817907,92144,286,588,6985,
92.05254952250499,92144,286,587,6986,
92.05500894995888,92144,285,588,6986,
92.05611689674882,92144,284,589,6986,
92.0643184457874,92144,284,588,6987,
92.064610133878,92144,283,589,6987,
92.07465158696358,92144,283,588,6988,
92.07568405828843,92144,283,587,6989,
92.07759610939891,92143,284,587,6989,
92.07805202881207,92142,285,587,6989,
92.07851069083401,92142,284,588,6989,
92.08622321851587,92142,284,587,6990,
92.08623112292106,92141,285,587,6990,
92.0881687900463,92140,286,587,6990,
92.08938501022699,92139,287,587,6990,
92.09139347325488,92139,287,586,6991,
92.09212691257594,92139,287,585,6992,
92.09373512148252,92138,288,585,6992,
92.09495167393794,92138,288,584,6993,
92.09782660117692,92138,287,585,6993,
92.10754098081387,92138,287,584,6994,
92.10923213790284,92137,288,584,6994,
92.11642496455956,92136,289,584,6994,
92.12035677285915,92135,290,584,6994,
92.12122745114343,92134,291,584,6994,
92.12447509715193,92134,290,585,6994,
92.13362054229304,92133,291,585,6994,
92.13661366807159,92133,290,586,6994,
92.15144460145335,92133,290,585,6995,
92.15626014959497,92133,290,584,6996,
92.15948841124342,92133,290,583,6997,
92.16879254402953,92133,290,582,6998,
92.16909037418003,92132,291,582,6998,
92.17456773336923,92132,291,581,6999,
92.18123246165257,92132,290,582,6999,
92.18154809517887,92131,291,582,6999,
92.19079468871516,92130,292,582,6999,
92.20402951205558,92130,292,581,7000,
92.20804594543148,92130,292,580,7001,
92.20819422323714,92130,291,581,7001,
92.20915594333255,92129,292,581,7001,
92.22646335565105,92129,291,582,7001,
92.24012528414907,92129,290,583,7001,
92.24698843693562,92129,289,584,7001,
92.25406268256452,92129,288,585,7001,
92.2544846296959,92129,288,584,7002,
92.26176143204307,92129,288,583,7003,
92.26213532280502,92129,287,584,7003,
92.26251287620065,92129,286,585,7003,
92.28204433732066,92128,287,585,7003,
92.28311690921026,92128,287,584,7004,
92.29360997459565,92128,286,585,7004,
92.29405234046554,92127,287,585,7004,
92.29958698426256,92127,286,586,7004,
92.31240518529385,92127,285,587,7004,
92.31251042117563,92127,285,586,7005,
92.31574115439875,92127,285,585,7006,
92.3255642900761,92126,286,585,7006,
92.36117926801785,92126,286,584,7007,
92.36241625535715,92125,287,584,7007,
92.3627358758144,92124,288,584,7007,
92.37140134890628,92124,288,583,7008,
92.38491303880853,92123,289,583,7008,
92.38591065512563,92123,288,584,7008,
92.39172354711873,92123,287,585,7008,
92.39341563970206,92123,286,586,7008,
92.39773891512084,92123,286,585,7009,
92.41367116978009,92123,286,584,7010,
92.41469013196024,92122,287,584,7010,
92.42685406948618,92121,288,584,7010,
92.42766654760193,92121,287,585,7010,
92.43030364684454,92120,288,585,7010,
92.43278041702565,92119,289,585,7010,
92.43853767683015,92119,288,586,7010,
92.4450498831959,92119,288,585,7011,
92.44850050386327,92119,287,586,7011,
92.45792120556901,92119,286,587,7011,
92.46204034059167,92119,285,588,7011,
92.46453931059763,92119,284,589,7011,
92.46653370223923,92119,283,590,7011,
92.47171605511451,92119,283,589,7012,
92.47901006619443,92119,283,588,7013,
92.48592042486521,92119,283,587,7014,
92.48728204852463,92119,283,586,7015,
92.49047279634937,92119,282,587,7015,
92.49660956078287,92119,282,586,7016,
92.50237603545337,92118,283,586,7016,
92.51291186797712,92118,282,587,7016,
92.51411546880479,92118,281,588,7016,
92.51462553370692,92118,281,587,7017,
92.52247283890198,92118,280,588,7017,
92.5260604011446,92118,280,587,7018,
92.52735577030148,92118,280,586,7019,
92.54274425240229,92118,279,587,7019,
92.548312742825,92117,280,587,7019,
92.56305480454034,92117,280,586,7020,
92.56864786424313,92116,281,586,7020,
92.58996101808142,92116,281,585,7021,
92.60299247602768,92115,282,585,7021,
92.60495325476761,92115,282,584,7022,
92.6052294578108,92115,282,583,7023,
92.60641284904058,92115,281,584,7023,
92.61557352776518,92115,280,585,7023,
92.62954969042552,92114,281,585,7023,
92.63577095648981,92114,281,584,7024,
92.6438871499494,92114,281,583,7025,
92.64497605400334,92114,280,584,7025,
92.64841748196523,92114,279,585,7025,
92.66607115641503,92114,279,584,7026,
92.67011930405653,92114,279,583,7027,
92.67230429588932,92114,279,582,7028,
92.68424515046402,92114,278,583,7028,
92.70775066232522,92113,279,583,7028,
92.70896545688598,92112,280,583,7028,
92.71171025484541,92112,280,582,7029,
92.71444460389938,92112,280,581,7030,
92.71718366914371,92111,281,581,7030,
92.72189689030486,92111,281,580,7031,
92.72417897155114,92111,281,579,7032,
92.72497678760493,92111,281,578,7033,
92.73250832200623,92110,282,578,7033,
92.7459071654644,92110,281,579,7033,
92.74856756165161,92110,280,580,7033,
92.7546962224443,92110,279,581,7033,
92.75523390863148,92109,280,581,7033,
92.7552372380722,92109,280,580,7034,
92.76733272183313,92109,280,579,7035,
92.76862249131977,92108,281,579,7035,
92.77137045509502,92108,281,578,7036,
92.77858765074734,92107,282,578,7036,
92.78249741795688,92106,283,578,7036,
92.78458427101206,92106,283,577,7037,
92.79630721080497,92106,283,576,7038,
92.80328044842098,92106,283,575,7039,
92.81407854430225,92106,283,574,7040,
92.81832723954872,92106,283,573,7041,
92.82075675949902,92106,283,572,7042,
92.82330584861826,92105,284,572,7042,
92.8302983441033,92104,285,572,7042,
92.83050559058722,92104,284,573,7042,
92.83242154138313,92104,284,572,7043,
92.83373315246058,92104,283,573,7043,
92.83988862379573,92103,284,573,7043,
92.84383260947112,92102,285,573,7043,
92.84972995296214,92102,284,574,7043,
92.8539838881727,92101,285,574,7043,
92.8544545601182,92100,286,574,7043,
92.85579767450618,92100,286,573,7044,
92.87017225703028,92100,286,572,7045,
92.87069465567741,92100,285,573,7045,
92.87168694451336,92100,284,574,7045,
92.8729589150984,92099,285,574,7045,
92.87317931458921,92098,286,574,7045,
92.8792202164579,92098,285,575,7045,
92.89488972906855,92098,285,574,7046,
92.89922967421063,92098,285,573,7047,
92.90042679380429,92098,284,574,7047,
92.90056819165957,92097,285,574,7047,
92.90218444632364,92097,285,573,7048,
92.92289135815864,92097,284,574,7048,
92.92793203504152,92096,285,574,7048,
92.93131830119364,92096,285,573,7049,
92.94119576873209,92095,286,573,7049,
92.94152374787791,92095,286,572,7050,
92.94654603199227,92094,287,572,7050,
92.94977284002297,92093,288,572,7050,
92.95186175354249,92093,288,571,7051,
92.9636376326381,92093,287,572,7051,
92.96555377915374,92093,287,571,7052,
92.97138289895169,92092,288,571,7052,
92.97973041139969,92091,289,571,7052,
92.98389220346468,92091,289,570,7053,
92.99007775673583,92090,290,570,7053,
92.99151330342798,92089,291,570,7053,
92.99749637127985,92088,292,570,7053,
92.9980296945038,92088,292,569,7054,
93.01551646614647,92088,292,568,7055,
93.01713658078575,92088,291,569,7055,
93.03134057439023,92088,290,570,7055,
93.03507759529163,92088,289,571,7055,
93.04033013703344,92088,289,570,7056,
93.04897943581025,92088,288,571,7056,
93.06626867260658,92088,288,570,7057,
93.07075685546894,92088,287,571,7057,
93.08132174941792,92088,287,570,7058,
93.09076563291374,92088,287,569,7059,
93.1001847205084,92087,288,569,7059,
93.1030243488731,92087,287,570,7059,
93.10591679498526,92087,286,571,7059,
93.10611172277984,92087,285,572,7059,
93.1114197781485,92086,286,572,7059,
93.11392009077927,92086,285,573,7059,
93.12001969075283,92086,284,574,7059,
93.12377541911404,92085,285,574,7059,
93.13414520206973,92085,284,575,7059,
93.1423533438808,92084,285,575,7059,
93.1636767154383,92084,285,574,7060,
93.18367199933988,92084,285,573,7061,
93.19030883417233,92083,286,573,7061,
93.19244855329984,92082,287,573,7061,
93.19552140718122,92082,286,574,7061,
93.20794219804532,92082,285,575,7061,
93.22481023692734,92081,286,575,7061,
93.23196143720158,92081,285,576,7061,
93.24147876295447,92081,285,575,7062,
93.25301390747505,92081,285,574,7063,
93.26807241020288,92081,285,573,7064,
93.28133234208349,92081,284,574,7064,
93.28452843033274,92081,283,575,7064,
93.29063104232048,92081,283,574,7065,
93.2972467609869,92080,284,574,7065,
93.29985697413508,92079,285,574,7065,
93.30299834245832,92079,285,573,7066,
93.31085977058109,92079,285,572,7067,
93.32005136976555,92078,286,572,7067,
93.32035814804323,92078,285,573,7067,
93.33025620754469,92077,286,573,7067,
93.3305340448037,92077,285,574,7067,
93.3350334140471,92077,284,575,7067,
93.34111475061357,92077,284,574,7068,
93.34497742549597,92077,283,575,7068,
93.34969464717628,92077,283,574,7069,
93.35077258020078,92077,282,575,7069,
93.3722561112904,92077,282,574,7070,
93.37277271413635,92076,283,574,7070,
93.37535885924093,92075,284,574,7070,
93.37912445493059,92075,283,575,7070,
93.38145492348363,92075,282,576,7070,
93.38730232433517,92074,283,576,7070,
93.38908442996342,92073,284,576,7070,
93.39163766947006,92073,283,577,7070,
93.39295359122981,92073,283,576,7071,
93.39314278965026,92073,283,575,7072,
93.39327366901168,92073,282,576,7072,
93.39353150234125,92073,282,575,7073,
93.39568933996924,92073,282,574,7074,
93.3957834813678,92073,282,573,7075,
93.39987200859304,92073,281,574,7075,
93.40155133068956,92073,280,575,7075,
93.40426614781285,92073,279,576,7075,
93.40626648008316,92073,279,575,7076,
93.40939090773217,92073,279,574,7077,
93.40950427511143,92073,279,573,7078,
93.41224849283905,92073,279,572,7079,
93.41630676397234,92072,280,572,7079,
93.42764387681288,92071,281,572,7079,
93.4280234220752,92071,281,571,7080,
93.43096714346672,92071,281,570,7081,
93.4341939575498,92071,281,569,7082,
93.44147825569993,92071,281,568,7083,
93.44410731267894,92070,282,568,7083,
93.456280182904,92070,282,567,7084,
93.45658688953628,92070,281,568,7084,
93.45867818108076,92070,281,567,7085,
93.46909161121582,92069,282,567,7085,
93.46919291308367,92069,282,566,7086,
93.47097905412588,92069,282,565,7087,
93.47572280015493,92069,281,566,7087,
93.47754187255191,92069,280,567,7087,
93.48181069509128,92069,279,568,7087,
93.48405186475193,92069,279,567,7088,
93.4944273775178,92069,279,566,7089,
93.49514275785774,92069,279,565,7090,
93.49719354824589,92068,280,565,7090,
93.49764993537335,92067,281,565,7090,
93.50637622911704,92067,281,564,7091,
93.51144521063478,92066,282,564,7091,
93.51539117792646,92066,282,563,7092,
93.51774620198003,92066,282,562,7093,
93.5240403751365,92066,282,561,7094,
93.52409998746538,92066,281,562,7094,
93.5286890234056,92066,281,561,7095,
93.53377354378713,92065,282,561,7095,
93.53436502304044,92064,283,561,7095,
93.54457945967671,92064,282,562,7095,
93.55310073240885,92064,281,563,7095,
93.55583493997668,92064,280,564,7095,
93.5562734560364,92064,280,563,7096,
93.5577087592347,92063,281,563,7096,
93.56038168615393,92062,282,563,7096,
93.57158493962329,92062,282,562,7097,
93.57782035630841,92062,282,561,7098,
93.582378390751,92062,281,562,7098,
93.58260202537673,92062,280,563,7098,
93.59071019593907,92062,280,562,7099,
93.5973379702106,92062,280,561,7100,
93.6024891596216,92062,279,562,7100,
93.60784206865935,92062,279,561,7101,
93.611131526276,92061,280,561,7101,
93.61430437064912,92061,280,560,7102,
93.61667304989857,92060,281,560,7102,
93.62021579597496,92059,282,560,7102,
93.62664064798778,92059,281,561,7102,
93.63136098115868,92058,282,561,7102,
93.63176199206526,92058,282,560,7103,
93.63443128450751,92058,282,559,7104,
93.63470462214833,92058,282,558,7105,
93.63656011626402,92058,282,557,7106,
93.636595080843,92058,282,556,7107,
93.64424217663344,92057,283,556,7107,
93.64558591229994,92057,283,555,7108,
93.64991785836055,92057,283,554,7109,
93.65171660604915,92057,282,555,7109,
93.65406167057678,92057,281,556,7109,
93.65489109699365,92057,281,555,7110,
93.66191686837524,92057,281,554,7111,
93.66830024669876,92057,281,553,7112,
93.67824656528241,92057,280,554,7112,
93.69690331498792,92057,279,555,7112,
93.69776028647865,92057,278,556,7112,
93.70077417498028,92056,279,556,7112,
93.70558364548626,92056,278,557,7112,
93.70961562909878,92055,279,557,7112,
93.71080771339886,92055,278,558,7112,
93.71795646901282,92055,277,559,7112,
93.72231926056634,92055,277,558,7113,
93.72322144875145,92055,276,559,7113,
93.72340509517804,92055,275,560,7113,
93.7288874530269,92054,276,560,7113,
93.73108433939389,92054,276,559,7114,
93.73865945887107,92054,275,560,7114,
93.74601914074555,92054,274,561,7114,
93.75093669593551,92054,273,562,7114,
93.75591278262208,92054,273,561,7115,
93.76061866601003,92054,273,560,7116,
93.7628929209844,92053,274,560,7116,
93.76320546369129,92053,273,561,7116,
93.76675498619392,92052,274,561,7116,
93.76677475251029,92052,274,560,7117,
93.76864558531707,92052,273,561,7117,
93.76879858574137,92052,273,560,7118,
93.76918994218329,92052,272,561,7118,
93.78095648125246,92052,272,560,7119,
93.78287538764476,92051,273,560,7119,
93.78770698492852,92051,272,561,7119,
93.78892317945136,92050,273,561,7119,
93.79145885483618,92050,272,562,7119,
93.84514006851495,92049,273,562,7119,
93.84737951036668,92048,274,562,7119,
93.84898164522122,92047,275,562,7119,
93.85843452514726,92047,274,563,7119,
93.85964136117218,92047,274,562,7120,
93.86664437161484,92046,275,562,7120,
93.87380501178444,92045,276,562,7120,
93.87464792228207,92045,275,563,7120,
93.8749498514108,92045,275,562,7121,
93.87593226779403,92045,275,561,7122,
93.87995211101813,92045,275,560,7123,
93.88576795562241,92045,274,561,7123,
93.88917856917155,92045,273,562,7123,
93.89020218531923,92045,273,561,7124,
93.89526410970436,92045,273,560,7125,
93.89561548880465,92045,272,561,7125,
93.8961019637776,92044,273,561,7125,
93.90263450523601,92044,273,560,7126,
93.90570875392378,92044,273,559,7127,
93.90731355074115,92043,274,559,7127,
93.90991658569409,92043,274,558,7128,
93.91637783692317,92043,274,557,7129,
93.91796598838374,92043,274,556,7130,
93.9292887355272,92043,273,557,7130,
93.93122333625675,92043,272,558,7130,
93.93419900569012,92043,271,559,7130,
93.93931201541935,92043,270,560,7130,
93.94575697311552,92042,271,560,7130,
93.94701170092095,92042,270,561,7130,
93.9568153898154,92042,269,562,7130,
93.95889192129673,92042,268,563,7130,
93.97558795217441,92042,268,562,7131,
93.9839374054931,92041,269,562,7131,
93.98760385289103,92041,269,561,7132,
93.99681604459536,92040,270,561,7132,
94.00208119828133,92040,269,562,7132,
94.0070643741601,92040,268,563,7132,
94.01560575811209,92040,267,564,7132,
94.02261529777525,92040,266,565,7132,
94.02290991479751,92040,266,564,7133,
94.02395267347791,92040,266,563,7134,
94.02722246859366,92040,266,562,7135,
94.02792224932546,92040,266,561,7136,
94.03934512248587,92040,265,562,7136,
94.05601527281118,92040,265,561,7137,
94.07157401323909,92040,265,560,7138,
94.07231371775447,92040,265,559,7139,
94.07266069297009,92040,264,560,7139,
94.07364830717032,92039,265,560,7139,
94.08052019907853,92038,266,560,7139,
94.08703652339997,92038,266,559,7140,
94.08873294831352,92038,266,558,7141,
94.09633238706914,92038,266,557,7142,
94.09699877759019,92038,266,556,7143,
94.11213841122304,92038,266,555,7144,
94.11577451936418,92038,266,554,7145,
94.1193870172437,92038,265,555,7145,
94.1198861410114,92037,266,555,7145,
94.12239178993391,92036,267,555,7145,
94.12649136972357,92035,268,555,7145,
94.13453515614324,92035,267,556,7145,
94.13493063626157,92035,266,557,7145,
94.14474021947873,92035,266,556,7146,
94.14965406213528,92035,266,555,7147,
94.15158893358051,92035,265,556,7147,
94.15227499890574,92035,264,557,7147,
94.15382790328657,92035,264,556,7148,
94.16074481083264,92035,263,557,7148,
94.17184754488959,92035,263,556,7149,
94.17671648565212,92034,264,556,7149,
94.17881873657126,92034,263,557,7149,
94.17969094259394,92034,263,556,7150,
94.18026073663273,92034,263,555,7151,
94.20063180295142,92034,263,554,7152,
94.20183678427298,92034,263,553,7153,
94.20953622426211,92034,262,554,7153,
94.21087908776474,92034,262,553,7154,
94.21264037897402,92034,261,554,7154,
94.22256233596717,92034,260,555,7154,
94.22261960254949,92033,261,555,7154,
94.22612633291072,92033,260,556,7154,
94.23034914088396,92033,260,555,7155,
94.24599884362495,92033,260,554,7156,
94.25058426476124,92032,261,554,7156,
94.2511381076493,92032,261,553,7157,
94.25408299449677,92032,260,554,7157,
94.25527768980066,92032,260,553,7158,
94.2592488597013,92032,260,552,7159,
94.26144924622616,92032,260,551,7160,
94.26223946866713,92031,261,551,7160,
94.27574041886382,92031,260,552,7160,
94.28374808406184,92031,260,551,7161,
94.28914586292058,92031,260,550,7162,
94.28948213509524,92031,260,549,7163,
94.29182654329725,92030,261,549,7163,
94.29620588477562,92030,261,548,7164,
94.30411267820719,92030,260,549,7164,
94.30642044323173,92029,261,549,7164,
94.30875590738293,92029,260,550,7164,
94.31365363203778,92028,261,550,7164,
94.31691299412395,92028,260,551,7164,
94.31866481319531,92027,261,551,7164,
94.31963359195458,92027,260,552,7164,
94.32345513520752,92027,260,551,7165,
94.32404330853228,92026,261,551,7165,
94.33474219220221,92026,260,552,7165,
94.33857462400253,92026,260,551,7166,
94.34113481455837,92026,260,550,7167,
94.3452501950581,92025,261,550,7167,
94.35279408934124,92025,261,549,7168,
94.37862786982834,92025,261,548,7169,
94.38203854031741,92025,261,547,7170,
94.40281038243224,92024,262,547,7170,
94.40575263515804,92023,263,547,7170,
94.40600611136448,92023,262,548,7170,
94.40827805171125,92023,261,549,7170,
94.4085045395783,92023,261,548,7171,
94.40860708138239,92023,261,547,7172,
94.41296659202368,92022,262,547,7172,
94.4175374315283,92022,262,546,7173,
94.41919148815887,92021,263,546,7173,
94.43015299834047,92020,264,546,7173,
94.43580700119043,92020,263,547,7173,
94.44813687086886,92020,262,548,7173,
94.45717031632964,92020,261,549,7173,
94.46651351266166,92020,260,550,7173,
94.46812390690272,92020,260,549,7174,
94.47698911244007,92019,261,549,7174,
94.47724830666755,92019,261,548,7175,
94.47759048075274,92019,260,549,7175,
94.47809781569205,92019,259,550,7175,
94.4822542390378,92019,258,551,7175,
94.4904290502058,92019,257,552,7175,
94.50302300610318,92018,258,552,7175,
94.52292703561588,92018,257,553,7175,
94.52725415117098,92018,257,552,7176,
94.53023048947992,92018,257,551,7177,
94.53089287334124,92017,258,551,7177,
94.53104026931933,92017,258,550,7178,
94.53181898560678,92017,258,549,7179,
94.53960729775947,92017,258,548,7180,
94.54226153887197,92017,258,547,7181,
94.54516279555637,92017,258,546,7182,
94.54585559166472,92017,257,547,7182,
94.55474611193495,92017,256,548,7182,
94.56501190447317,92017,256,547,7183,
94.58987238571974,92017,256,546,7184,
94.59335033647977,92016,257,546,7184,
94.61884241658615,92016,257,545,7185,
94.62061147342332,92015,258,545,7185,
94.62155675120336,92015,257,546,7185,
94.62364006134241,92014,258,546,7185,
94.63553091907886,92013,259,546,7185,
94.64014404439544,92013,258,547,7185,
94.64235876929612,92013,257,548,7185,
94.64263564849955,92013,257,547,7186,
94.64511773508643,92013,256,548,7186,
94.64833988456053,92013,256,547,7187,
94.65523041298377,92012,257,547,7187,
94.65952832678917,92012,256,548,7187,
94.66486218085244,92012,256,547,7188,
94.68010864918409,92012,256,546,7189,
94.69842182256284,92012,256,545,7190,
94.69886924271486,92011,257,545,7190,
94.70580468910232,92011,256,546,7190,
94.7230299573691,92011,256,545,7191,
94.72316750958873,92010,257,545,7191,
94.72435863773461,92010,257,544,7192,
94.72872717205841,92010,257,543,7193,
94.7427634237115,92009,258,543,7193,
94.74837660523647,92008,259,543,7193,
94.75617866330384,92008,258,544,7193,
94.76496503453765,92007,259,544,7193,
94.78318236490149,92007,259,543,7194,
94.79640174040713,92007,258,544,7194,
94.80560499839865,92007,258,543,7195,
94.80661858415033,92007,257,544,7195,
94.81033595811348,92006,258,544,7195,
94.81093982301692,92006,257,545,7195,
94.81171137461125,92006,257,544,7196,
94.81188187684992,92006,257,543,7197,
94.81258254344303,92006,256,544,7197,
94.81392563307128,92006,255,545,7197,
94.81531584328064,92006,254,546,7197,
94.8194337261264,92005,255,546,7197,
94.81953791955664,92004,256,546,7197,
94.82305449665256,92003,257,546,7197,
94.82796406722105,92002,258,546,7197,
94.83879296987415,92001,259,546,7197,
94.85016739999318,92000,260,546,7197,
94.85166247589518,92000,260,545,7198,
94.85825753458809,91999,261,545,7198,
94.86025789960698,91998,262,545,7198,
94.8696054505763,91997,263,545,7198,
94.8714551332051,91997,263,544,7199,
94.88049258196385,91997,263,543,7200,
94.88293027199069,91997,263,542,7201,
94.89664471301083,91997,262,543,7201,
94.91781961787093,91996,263,543,7201,
94.94426399472373,91996,262,544,7201,
94.952958610678,91996,262,543,7202,
94.95391344775598,91996,261,544,7202,
94.95972941742298,91996,260,545,7202,
94.96967898351336,91996,260,544,7203,
94.97007838341926,91995,261,544,7203,
94.99321678598875,91995,261,543,7204,
95.000885280491,91995,260,544,7204,
95.0044277080491,91995,260,543,7205,
95.00911600423467,91994,261,543,7205,
95.01312696397233,91994,260,544,7205,
95.0182502111561,91994,259,545,7205,
95.01903809705604,91994,259,544,7206,
95.04194112150283,91993,260,544,7206,
95.04537364607381,91993,260,543,7207,
95.06255187298606,91993,260,542,7208,
95.06865321511894,91993,259,543,7208,
95.07289670873902,91992,260,543,7208,
95.09263592247684,91992,260,542,7209,
95.09437313361019,91991,261,542,7209,
95.10394110329239,91991,260,543,7209,
95.11712471258215,91990,261,543,7209,
95.13239817037245,91989,262,543,7209,
95.13467653522537,91989,262,542,7210,
95.13709749739942,91989,262,541,7211,
95.15276494954739,91988,263,541,7211,
95.1627396575937,91988,262,542,7211,
95.16571198191349,91988,262,541,7212,
95.16622579324903,91987,263,541,7212,
95.16931120264644,91987,262,542,7212,
95.18409615991719,91987,262,541,7213,
95.18836656493013,91987,262,540,7214,
95.19024284276668,91987,262,539,7215,
95.19217644020519,91987,261,540,7215,
95.19333416774384,91987,260,541,7215,
95.19943757657845,91987,260,540,7216,
95.2175080523727,91987,260,539,7217,
95.21756607417963,91987,260,538,7218,
95.21923517584437,91987,260,537,7219,
95.23023883900467,91987,259,538,7219,
95.23425942717193,91987,259,537,7220,
95.24241490916918,91986,260,537,7220,
95.24275094790426,91986,259,538,7220,
95.24283804839438,91986,259,537,7221,
95.24750758214905,91986,259,536,7222,
95.25453833182254,91985,260,536,7222,
95.25783418763227,91985,259,537,7222,
95.25790984754644,91985,258,538,7222,
95.26239448287542,91985,258,537,7223,
95.26438964663524,91985,257,538,7223,
95.2678030094329,91984,258,538,7223,
95.27328754730566,91983,259,538,7223,
95.27683835942668,91983,258,539,7223,
95.28023483956142,91983,257,540,7223,
95.28325678775471,91983,257,539,7224,
95.28352008421868,91983,257,538,7225,
95.28646156153141,91982,258,538,7225,
95.2923464115709,91982,258,537,7226,
95.29497977725448,91982,258,536,7227,
95.32342036221972,91981,259,536,7227,
95.32910152755088,91981,259,535,7228,
95.33012353101168,91981,258,536,7228,
95.33095260003778,91981,257,537,7228,
95.3322445335411,91980,258,537,7228,
95.3351087347483,91979,259,537,7228,
95.33722435664504,91979,258,538,7228,
95.34663846509254,91979,257,539,7228,
95.35329781299183,91978,258,539,7228,
95.35791655981527,91978,258,538,7229,
95.3611198800472,91977,259,538,7229,
95.36279209206855,91977,258,539,7229,
95.37393015690054,91976,259,539,7229,
95.37801677448707,91976,258,540,7229,
95.38407187023321,91976,257,541,7229,
95.38584953354685,91975,258,541,7229,
95.40395237393838,91975,258,540,7230,
95.41299508870405,91975,258,539,7231,
95.41418885474043,91975,257,540,7231,
95.42435704441417,91975,257,539,7232,
95.43435106514039,91974,258,539,7232,
95.44214345608178,91973,259,539,7232,
95.44988299084321,91973,259,538,7233,
95.45027739122582,91973,259,537,7234,
95.45885056087536,91973,259,536,7235,
95.46391006453439,91973,259,535,7236,
95.47256867903936,91973,258,536,7236,
95.4797983802602,91973,258,535,7237,
95.49002412248495,91973,258,534,7238,
95.4938433986826,91973,258,533,7239,
95.50538331430255,91973,258,532,7240,
95.51179376261297,91972,259,532,7240,
95.51426018098871,91972,258,533,7240,
95.5200335645842,91972,258,532,7241,
95.53408836270505,91972,257,533,7241,
95.5503019639838,91972,257,532,7242,
95.56401025438635,91972,257,531,7243,
95.56725237007731,91972,257,530,7244,
95.57728620704182,91972,257,529,7245,
95.59078994048485,91971,258,529,7245,
95.59785131640476,91971,258,528,7246,
95.6010303423134,91970,259,528,7246,
95.60300365569367,91970,259,527,7247,
95.6086375437032,91970,259,526,7248,
95.62049215829398,91970,259,525,7249,
95.62719629320043,91970,259,524,7250,
95.65111149312318,91970,259,523,7251,
95.68376114135754,91970,258,524,7251,
95.68920947427145,91969,259,524,7251,
95.6907082724421,91968,260,524,7251,
95.70270523032164,91967,261,524,7251,
95.70283173943517,91966,262,524,7251,
95.71038129989492,91965,263,524,7251,
95.72245943008687,91964,264,524,7251,
95.72786717361879,91964,263,525,7251,
95.75784436324535,91964,262,526,7251,
95.75965489547151,91964,261,527,7251,
95.76171690009643,91964,261,526,7252,
95.76570993493311,91963,262,526,7252,
95.76673779267378,91963,262,525,7253,
95.77432019218958,91962,263,525,7253,
95.79460488092793,91962,262,526,7253,
95.80261926606731,91962,262,525,7254,
95.80553108340624,91962,262,524,7255,
95.81661438882688,91962,262,523,7256,
95.81766487974835,91962,262,522,7257,
95.83172869349036,91962,262,521,7258,
95.83430206981933,91962,261,522,7258,
95.8360062820856,91962,260,523,7258,
95.84024602548273,91962,260,522,7259,
95.84999613909923,91961,261,522,7259,
95.85622162825732,91961,261,521,7260,
95.86945528209438,91961,260,522,7260,
95.87344751606992,91961,259,523,7260,
95.87379174351103,91960,260,523,7260,
95.87441329843432,91960,260,522,7261,
95.89105119622022,91960,260,521,7262,
95.89429404980942,91959,261,521,7262,
95.89612799512116,91958,262,521,7262,
95.89974142290544,91958,262,520,7263,
95.90607320434572,91958,262,519,7264,
95.91152283004712,91957,263,519,7264,
95.9306788001327,91957,263,518,7265,
95.9332270238649,91957,262,519,7265,
95.94194434599348,91956,263,519,7265,
95.95584050878698,91956,262,520,7265,
95.9563668029596,91956,261,521,7265,
95.95641628982355,91956,261,520,7266,
95.95644777610836,91956,260,521,7266,
95.96808737770706,91955,261,521,7266,
95.96923433137195,91955,260,522,7266,
95.97113997564131,91955,260,521,7267,
95.98690287326366,91955,259,522,7267,
95.98835043347091,91954,260,522,7267,
95.99315035313177,91954,260,521,7268,
95.99376086517736,91953,261,521,7268,
95.9980498401697,91953,260,522,7268,
96.01386774319222,91953,260,521,7269,
96.01618743804676,91953,259,522,7269,
96.0173020873221,91953,259,521,7270,
96.01774187539384,91953,258,522,7270,
96.01931593810494,91952,259,522,7270,
96.019517973475,91952,259,521,7271,
96.02403172912031,91952,258,522,7271,
96.02427106348057,91952,258,521,7272,
96.02995844828322,91952,258,520,7273,
96.03575787067481,91952,257,521,7273,
96.04036018477625,91951,258,521,7273,
96.04681337653298,91950,259,521,7273,
96.04808191221798,91950,258,522,7273,
96.05963086215485,91950,257,523,7273,
96.06118940964215,91950,257,522,7274,
96.07047683211462,91950,257,521,7275,
96.07825471341896,91950,257,520,7276,
96.0848558933701,91949,258,520,7276,
96.09086440117595,91949,257,521,7276,
96.10141083704733,91949,257,520,7277,
96.10256754910851,91949,256,521,7277,
96.10671086425558,91949,256,520,7278,
96.11387830209569,91949,255,521,7278,
96.118603220432,91949,255,520,7279,
96.13195357438573,91949,254,521,7279,
96.13890569604266,91948,255,521,7279,
96.14547614688169,91947,256,521,7279,
96.15193557070583,91947,256,520,7280,
96.15725583854797,91946,257,520,7280,
96.1604984363003,91946,257,519,7281,
96.16646258301772,91945,258,519,7281,
96.16770352944783,91945,258,518,7282,
96.1678159647609,91945,258,517,7283,
96.17014356008737,91945,258,516,7284,
96.18052810257507,91945,258,515,7285,
96.19860222242704,91945,258,514,7286,
96.22009368213946,91945,258,513,7287,
96.23675350366216,91945,258,512,7288,
96.23996908599787,91944,259,512,7288,
96.24098959313002,91944,258,513,7288,
96.24274450372903,91944,257,514,7288,
96.27522858373071,91944,257,513,7289,
96.27838483685514,91944,256,514,7289,
96.29079505252922,91944,256,513,7290,
96.29338045537489,91944,256,512,7291,
96.29484903797294,91944,255,513,7291,
96.29528294949989,91943,256,513,7291,
96.29911727001951,91943,255,514,7291,
96.3071080939518,91943,255,513,7292,
96.30726974289166,91943,255,512,7293,
96.31451472558257,91942,256,512,7293,
96.32562998946759,91941,257,512,7293,
96.33163421231626,91940,258,512,7293,
96.33311202691795,91939,259,512,7293,
96.33834638883849,91938,260,512,7293,
96.33841963748543,91938,260,511,7294,
96.35617365898122,91938,260,510,7295,
96.36016562361576,91938,260,509,7296,
96.36147676191702,91937,261,509,7296,
96.3645379109434,91937,261,508,7297,
96.3655405507536,91937,260,509,7297,
96.37082410467488,91936,261,509,7297,
96.38006896024118,91936,260,510,7297,
96.38116130463021,91936,259,511,7297,
96.3820386855509,91936,258,512,7297,
96.38771184326933,91936,258,511,7298,
96.391110141341,91936,258,510,7299,
96.39422780756887,91936,258,509,7300,
96.40326012133333,91936,258,508,7301,
96.40417801380875,91935,259,508,7301,
96.40605470423634,91935,259,507,7302,
96.40788022237376,91935,259,506,7303,
96.42441574945795,91935,258,507,7303,
96.42547331126192,91935,257,508,7303,
96.42894901809574,91935,256,509,7303,
96.43129070571801,91934,257,509,7303,
96.43317610340722,91933,258,509,7303,
96.43341280702897,91933,257,510,7303,
96.43824313033775,91933,257,509,7304,
96.44315167949871,91933,257,508,7305,
96.44627950089449,91932,258,508,7305,
96.44841010405591,91931,259,508,7305,
96.45204435863238,91931,259,507,7306,
96.45322057680707,91931,259,506,7307,
96.4588881575794,91931,259,505,7308,
96.48505585890751,91931,258,506,7308,
96.48599511066315,91931,258,505,7309,
96.49083662655559,91931,257,506,7309,
96.49144480663722,91931,257,505,7310,
96.4939776156998,91930,258,505,7310,
96.50325479150052,91930,257,506,7310,
96.50795064642239,91929,258,506,7310,
96.50970580167507,91928,259,506,7310,
96.52360927148555,91927,260,506,7310,
96.52958843856739,91926,261,506,7310,
96.53338521800103,91926,261,505,7311,
96.53441694471113,91925,262,505,7311,
96.53624021539154,91925,262,504,7312,
96.54366987044065,91924,263,504,7312,
96.54433703830938,91924,263,503,7313,
96.54676901540448,91924,262,504,7313,
96.56102396867671,91924,261,505,7313,
96.5632989349882,91923,262,505,7313,
96.56647300734572,91923,262,504,7314,
96.57705279291889,91923,262,503,7315,
96.58048217611788,91923,262,502,7316,
96.58356676270067,91923,261,503,7316,
96.5852297113407,91923,260,504,7316,
96.5893976305313,91923,259,505,7316,
96.59973515137715,91923,258,506,7316,
96.60120518335718,91923,257,507,7316,
96.60315303386278,91922,258,507,7316,
96.60977489884857,91922,258,506,7317,
96.63091199379303,91922,258,505,7318,
96.6570658626098,91922,258,504,7319,
96.67618094854029,91922,258,503,7320,
96.68633282457765,91922,257,504,7320,
96.7005183457356,91921,258,504,7320,
96.72871905055717,91920,259,504,7320,
96.75964613573528,91920,258,505,7320,
96.76001143414729,91920,258,504,7321,
96.77246615802986,91920,258,503,7322,
96.77321702381558,91920,257,504,7322,
96.7771344369171,91920,256,505,7322,
96.77916631265902,91919,257,505,7322,
96.79854301999978,91919,257,504,7323,
96.79906020702664,91919,256,505,7323,
96.80338613053001,91919,256,504,7324,
96.81251369214024,91919,255,505,7324,
96.82014607160446,91919,254,506,7324,
96.82783405548781,91919,254,505,7325,
96.83758109791299,91918,255,505,7325,
96.84016406167662,91918,255,504,7326,
96.84281270106239,91918,255,503,7327,
96.84893959578113,91918,254,504,7327,
96.85052708909018,91917,255,504,7327,
96.85371623630598,91917,254,505,7327,
96.85569307414576,91917,253,506,7327,
96.85738353441175,91917,252,507,7327,
96.85751477159954,91917,251,508,7327,
96.86996961822956,91916,252,508,7327,
96.8911669034282,91916,252,507,7328,
96.89180323821094,91915,253,507,7328,
96.89426580098642,91915,253,506,7329,
96.89746226543139,91915,253,505,7330,
96.89817739004116,91914,254,505,7330,
96.90153180598523,91914,253,506,7330,
96.90748710724364,91914,253,505,7331,
96.90749009464659,91913,254,505,7331,
96.9203833098063,91913,254,504,7332,
96.92104782634505,91913,254,503,7333,
96.92538278924593,91913,254,502,7334,
96.9264287798459,91913,254,501,7335,
96.94870715445897,91913,254,500,7336,
96.953413380512,91913,254,499,7337,
96.95678402361273,91913,254,498,7338,
96.95933501661453,91913,254,497,7339,
96.96222160913769,91913,253,498,7339,
96.96455067299607,91913,253,497,7340,
96.96622741608351,91913,253,496,7341,
96.96997396992444,91913,253,495,7342,
96.99936001660825,91913,252,496,7342,
97.0024728454488,91912,253,496,7342,
97.00268446474456,91912,253,495,7343,
97.00642311245905,91911,254,495,7343,
97.03495563162608,91911,254,494,7344,
97.03500626805287,91910,255,494,7344,
97.04714476841016,91909,256,494,7344,
97.047925400921,91909,256,493,7345,
97.05060037098696,91909,256,492,7346,
97.05070911670806,91909,256,491,7347,
97.06158028183208,91908,257,491,7347,
97.06339714665151,91907,258,491,7347,
97.06392653201885,91907,258,490,7348,
97.07146508843101,91906,259,490,7348,
97.07377487062817,91906,258,491,7348,
97.07640602152728,91906,258,490,7349,
97.0833764973489,91906,258,489,7350,
97.09335361305713,91906,257,490,7350,
97.10029378462427,91905,258,490,7350,
97.10161125967771,91905,258,489,7351,
97.11309158898398,91905,257,490,7351,
97.13358490630554,91904,258,490,7351,
97.16629949861253,91903,259,490,7351,
97.16990467460755,91903,258,491,7351,
97.1792050165048,91903,257,492,7351,
97.1813405123424,91903,256,493,7351,
97.18547912870653,91903,255,494,7351,
97.19159168973832,91902,256,494,7351,
97.21101330330846,91902,256,493,7352,
97.21722365187685,91902,255,494,7352,
97.21771209342447,91902,255,493,7353,
97.22060199542524,91902,255,492,7354,
97.23249394819257,91902,255,491,7355,
97.23677959778877,91902,255,490,7356,
97.24094997817951,91901,256,490,7356,
97.24216598496673,91900,257,490,7356,
97.2480637288821,91900,256,491,7356,
97.2551401430672,91900,255,492,7356,
97.25546966469136,91900,255,491,7357,
97.26620718558458,91900,255,490,7358,
97.28675915109453,91900,255,489,7359,
97.29577308446196,91900,255,488,7360,
97.29618843036367,91900,254,489,7360,
97.30353768468251,91900,254,488,7361,
97.30378499052676,91900,254,487,7362,
97.30911326290334,91900,254,486,7363,
97.32172264592035,91900,254,485,7364,
97.33022585638162,91899,255,485,7364,
97.34265013342517,91899,255,484,7365,
97.34938884490671,91898,256,484,7365,
97.35882048855534,91898,256,483,7366,
97.36101485799048,91898,255,484,7366,
97.36389094411754,91898,254,485,7366,
97.37079693627136,91898,254,484,7367,
97.37310964322623,91898,254,483,7368,
97.385569331059,91898,254,482,7369,
97.38793451509291,91897,255,482,7369,
97.41090311393282,91897,255,481,7370,
97.4143967799944,91897,255,480,7371,
97.41859737155838,91896,256,480,7371,
97.4279408733733,91895,257,480,7371,
97.43665269589297,91895,257,479,7372,
97.43727755562693,91895,257,478,7373,
97.4419827526306,91894,258,478,7373,
97.4545864165697,91893,259,478,7373,
97.45609756661631,91893,258,479,7373,
97.45622218142788,91892,259,479,7373,
97.4657703372381,91891,260,479,7373,
97.46652906723273,91890,261,479,7373,
97.47128909363681,91890,261,478,7374,
97.47265184505508,91890,261,477,7375,
97.49442436468834,91890,261,476,7376,
97.49730185275605,91890,260,477,7376,
97.50287285755616,91889,261,477,7376,
97.50695405638676,91888,262,477,7376,
97.5144109463711,91888,262,476,7377,
97.5369135217772,91887,263,476,7377,
97.54824789035959,91886,264,476,7377,
97.5819561146931,91886,263,477,7377,
97.59108740423524,91885,264,477,7377,
97.5916405985254,91885,264,476,7378,
97.5984435400665,91885,264,475,7379,
97.61933094847484,91884,265,475,7379,
97.63513662445098,91883,266,475,7379,
97.63667038986648,91883,266,474,7380,
97.63732074711518,91882,267,474,7380,
97.64942226880554,91882,266,475,7380,
97.65037255828966,91882,265,476,7380,
97.65567446893881,91881,266,476,7380,
97.68531809339544,91880,267,476,7380,
97.69947250352695,91880,267,475,7381,
97.70753867117993,91880,267,474,7382,
97.72525836021495,91880,266,475,7382,
97.73714356913337,91880,266,474,7383,
97.74644437525984,91879,267,474,7383,
97.74888762754645,91879,267,473,7384,
97.7526954113859,91879,266,474,7384,
97.75549892897797,91878,267,474,7384,
97.76240091112346,91878,266,475,7384,
97.76295018893367,91877,267,475,7384,
97.76655063464739,91877,266,476,7384,
97.77206477129644,91877,266,475,7385,
97.77568053617772,91877,265,476,7385,
97.78418758461834,91877,265,475,7386,
97.78439353508824,91877,264,476,7386,
97.78462869933739,91877,263,477,7386,
97.7893889393639,91877,262,478,7386,
97.80478937722125,91877,261,479,7386,
97.83799522887497,91876,262,479,7386,
97.84160390166421,91876,262,478,7387,
97.86432336151802,91875,263,478,7387,
97.89750930248982,91875,262,479,7387,
97.89765256298507,91875,261,480,7387,
97.89785551298978,91874,262,480,7387,
97.89884491179242,91873,263,480,7387,
97.90516720815279,91872,264,480,7387,
97.9062957618714,91871,265,480,7387,
97.90832562390862,91871,264,481,7387,
97.92207978214552,91870,265,481,7387,
97.92272808194869,91870,265,480,7388,
97.93278098956931,91870,264,481,7388,
97.93278260969024,91870,264,480,7389,
97.93451159855587,91870,263,481,7389,
97.93595623015669,91869,264,481,7389,
97.94417358090229,91869,264,480,7390,
97.94698801959065,91869,263,481,7390,
97.94821419968748,91869,262,482,7390,
97.95827773309992,91869,262,481,7391,
97.9698912694362,91868,263,481,7391,
97.98464159392293,91868,262,482,7391,
97.99039562619664,91868,261,483,7391,
97.99118081111969,91868,261,482,7392,
97.99647028516657,91868,260,483,7392,
97.99679636758407,91868,259,484,7392,
98.01377465097985,91867,260,484,7392,
98.01709725708525,91866,261,484,7392,
98.02348770109734,91866,260,485,7392,
98.03642398758299,91866,259,486,7392,
98.03785943379373,91866,259,485,7393,
98.04074909158277,91866,258,486,7393,
98.05550135151799,91866,258,485,7394,
98.06150283817956,91866,258,484,7395,
98.0662679339208,91866,258,483,7396,
98.06945111950691,91866,258,482,7397,
98.07044275434137,91865,259,482,7397,
98.07505070127525,91864,260,482,7397,
98.0776773642452,91863,261,482,7397,
98.09024332372962,91863,261,481,7398,
98.09164074713034,91863,260,482,7398,
98.09843499970013,91862,261,482,7398,
98.10636535463058,91862,261,481,7399,
98.11005804709652,91862,260,482,7399,
98.11032797215589,91861,261,482,7399,
98.12471922409742,91861,261,481,7400,
98.14255916711075,91861,261,480,7401,
98.15114031266367,91861,261,479,7402,
98.15168535491821,91860,262,479,7402,
98.15665951761927,91860,261,480,7402,
98.19235102294692,91860,261,479,7403,
98.19385270302867,91860,261,478,7404,
98.21163144342731,91860,260,479,7404,
98.2216264526153,91859,261,479,7404,
98.22287860622384,91858,262,479,7404,
98.22428657961244,91858,262,478,7405,
98.2269837368918,91857,263,478,7405,
98.22729120656554,91856,264,478,7405,
98.24228103545495,91856,264,477,7406,
98.24235616735062,91856,264,476,7407,
98.24512768508997,91855,265,476,7407,
98.24688192493815,91855,265,475,7408,
98.24811723156628,91855,264,476,7408,
98.25280736870975,91855,263,477,7408,
98.26334218863121,91855,262,478,7408,
98.26969840808115,91855,262,477,7409,
98.27210040386612,91854,263,477,7409,
98.27219284702548,91853,264,477,7409,
98.28147376762777,91853,264,476,7410,
98.28490964722133,91852,265,476,7410,
98.28764992067016,91851,266,476,7410,
98.2909622429622,91851,266,475,7411,
98.29156646061153,91851,265,476,7411,
98.29179468003157,91851,264,477,7411,
98.2998075618832,91851,263,478,7411,
98.31344680314939,91851,263,477,7412,
98.32831450539496,91851,263,476,7413,
98.33423088381986,91850,264,476,7413,
98.34814719596673,91849,265,476,7413,
98.35251708814187,91849,265,475,7414,
98.35957442699512,91848,266,475,7414,
98.36452772129903,91848,266,474,7415,
98.36727046666832,91848,266,473,7416,
98.38477203341175,91848,266,472,7417,
98.39282093972652,91848,265,473,7417,
98.40014109529004,91848,265,472,7418,
98.40679534618815,91848,265,471,7419,
98.42421120466705,91848,264,472,7419,
98.4244424859192,91848,264,471,7420,
98.42833607048857,91848,264,470,7421,
98.4397238832359,91848,264,469,7422,
98.44273143387821,91847,265,469,7422,
98.44874245544852,91846,266,469,7422,
98.46242907742422,91846,265,470,7422,
98.46529541966868,91846,265,469,7423,
98.4700238644943,91846,264,470,7423,
98.47014720106662,91846,263,471,7423,
98.47518704113293,91845,264,471,7423,
98.48291193399379,91845,263,472,7423,
98.49497335083784,91845,263,471,7424,
98.49905745174009,91845,262,472,7424,
98.51075268074116,91845,261,473,7424,
98.5165254206673,91845,260,474,7424,
98.51903795211317,91845,260,473,7425,
98.52925417072284,91845,259,474,7425,
98.53503612688058,91844,260,474,7425,
98.5369879441368,91843,261,474,7425,
98.54880878572285,91843,261,473,7426,
98.55033921763385,91843,261,472,7427,
98.5518314240895,91843,261,471,7428,
98.5544945523594,91843,261,470,7429,
98.55450387638808,91843,260,471,7429,
98.5624936746471,91843,260,470,7430,
98.5638450961567,91842,261,470,7430,
98.56536932654848,91841,262,470,7430,
98.57079522811591,91841,262,469,7431,
98.57080468174041,91841,261,470,7431,
98.58196378058874,91840,262,470,7431,
98.58849201796463,91839,263,470,7431,
98.5964827955973,91839,263,469,7432,
98.60529579559392,91839,262,470,7432,
98.61151872715216,91839,262,469,7433,
98.61774812058567,91839,262,468,7434,
98.6281962074874,91839,262,467,7435,
98.64434514317391,91839,261,468,7435,
98.65509143007924,91838,262,468,7435,
98.65701530644364,91838,261,469,7435,
98.66021628929724,91838,261,468,7436,
98.66154404176055,91838,260,469,7436,
98.6717028261443,91838,259,470,7436,
98.68564930298315,91837,260,470,7436,
98.68581890162618,91837,260,469,7437,
98.68874114996039,91836,261,469,7437,
98.69771603910672,91836,261,468,7438,
98.6990378011287,91835,262,468,7438,
98.70658810418412,91834,263,468,7438,
98.71046028181453,91833,264,468,7438,
98.72301840361838,91833,263,469,7438,
98.73816349375551,91833,262,470,7438,
98.74796031698276,91833,261,471,7438,
98.75091459582553,91833,260,472,7438,
98.7690180908885,91833,259,473,7438,
98.77182483869456,91833,259,472,7439,
98.77599188056973,91833,259,471,7440,
98.77932233760501,91832,260,471,7440,
98.78303379302322,91831,261,471,7440,
98.78988615389503,91831,260,472,7440,
98.79255093515206,91830,261,472,7440,
98.79623472687757,91830,261,471,7441,
98.80404550943595,91829,262,471,7441,
98.80732778270072,91829,262,470,7442,
98.8228166459592,91829,261,471,7442,
98.83072655798051,91829,260,472,7442,
98.83627872104316,91829,260,471,7443,
98.84087306141367,91829,260,470,7444,
98.85384684422584,91829,260,469,7445,
98.86510604223619,91829,260,468,7446,
98.8729400603873,91829,259,469,7446,
98.87550583934723,91829,258,470,7446,
98.90083169693185,91829,257,471,7446,
98.9164112535987,91829,257,470,7447,
98.91847815105334,91828,258,470,7447,
98.92199580280725,91828,257,471,7447,
98.92310659245075,91828,256,472,7447,
98.92396432925977,91828,255,473,7447,
98.92432107906109,91828,255,472,7448,
98.9286914364871,91827,256,472,7448,
98.93617041920851,91826,257,472,7448,
98.93788359460247,91826,257,471,7449,
98.94275801472179,91825,258,471,7449,
98.95177881173491,91825,258,470,7450,
98.95475775177749,91824,259,470,7450,
98.96422606592213,91823,260,470,7450,
98.96796758069314,91822,261,470,7450,
98.97117129894905,91821,262,470,7450,
98.97658183615013,91821,261,471,7450,
98.9884543949633,91821,260,472,7450,
98.98979570786722,91821,260,471,7451,
98.99055015222658,91821,259,472,7451,
98.99273277829775,91821,259,471,7452,
98.99309756981361,91821,258,472,7452,
98.99420884235573,91821,257,473,7452,
98.99613833967544,91821,256,474,7452,
98.99765440786163,91821,255,475,7452,
99.00080540752603,91821,254,476,7452,
99.00794046839118,91821,253,477,7452,
99.01739546856854,91821,252,478,7452,
99.03638682369171,91821,252,477,7453,
99.03846524255562,91820,253,477,7453,
99.0608404862094,91819,254,477,7453,
99.06699596737462,91819,253,478,7453,
99.07351043883205,91819,253,477,7454,
99.08025442843854,91819,253,476,7455,
99.08528224047419,91818,254,476,7455,
99.08884039795119,91818,254,475,7456,
99.12063944540044,91817,255,475,7456,
99.1212687835065,91816,256,475,7456,
99.13175274809316,91816,255,476,7456,
99.14376832725651,91816,255,475,7457,
99.14832216021202,91816,255,474,7458,
99.1603307259112,91816,254,475,7458,
99.16374232380281,91816,254,474,7459,
99.17027922658906,91816,254,473,7460,
99.1781048223025,91815,255,473,7460,
99.20707922227786,91815,255,472,7461,
99.20762225629383,91815,254,473,7461,
99.20974773361282,91815,254,472,7462,
99.21321544001054,91815,253,473,7462,
99.2158157110054,91815,253,472,7463,
99.22015311869586,91815,252,473,7463,
99.2205997479669,91815,252,472,7464,
99.22106543968988,91814,253,472,7464,
99.23830486471228,91814,252,473,7464,
99.24486676279786,91814,252,472,7465,
99.25578539688007,91814,251,473,7465,
99.25777043317188,91814,251,472,7466,
99.28362506307823,91814,251,471,7467,
99.29168432155484,91813,252,471,7467,
99.29435915671843,91812,253,471,7467,
99.2945714207877,91812,252,472,7467,
99.29467998710918,91811,253,472,7467,
99.30025668561622,91811,252,473,7467,
99.31089113878554,91811,251,474,7467,
99.31893190341002,91811,250,475,7467,
99.31960067744996,91811,249,476,7467,
99.32623045740444,91811,248,477,7467,
99.32725012256643,91811,247,478,7467,
99.3332168875354,91811,247,477,7468,
99.33914574934232,91810,248,477,7468,
99.34042547283563,91810,248,476,7469,
99.36050052925543,91810,248,475,7470,
99.36349462339626,91809,249,475,7470,
99.36455113410139,91809,248,476,7470,
99.36812083074012,91809,248,475,7471,
99.37030295258114,91809,248,474,7472,
99.37033698748618,91809,248,473,7473,
99.37649781998752,91809,248,472,7474,
99.38436659228407,91809,248,471,7475,
99.38682926958913,91809,247,472,7475,
99.398582521566,91809,247,471,7476,
99.40450962675573,91809,247,470,7477,
99.41219305034923,91809,247,469,7478,
99.41556153607871,91808,248,469,7478,
99.41908592539595,91808,247,470,7478,
99.4373514579425,91808,246,471,7478,
99.43811979478892,91808,246,470,7479,
99.44089646450402,91808,245,471,7479,
99.44327033486553,91807,246,471,7479,
99.45739564280602,91807,246,470,7480,
99.4614933534344,91806,247,470,7480,
99.46645945947533,91805,248,470,7480,
99.46865716393933,91805,248,469,7481,
99.4712151158247,91804,249,469,7481,
99.47507780913166,91804,249,468,7482,
99.4795320872484,91804,249,467,7483,
99.4805641281751,91804,248,468,7483,
99.49860216756494,91803,249,468,7483,
99.50263934005537,91803,249,467,7484,
99.50694830292477,91803,249,466,7485,
99.51844084833337,91802,250,466,7485,
99.51984064080085,91802,249,467,7485,
99.55763880508556,91802,248,468,7485,
99.55889206790148,91802,247,469,7485,
99.57608274296341,91802,247,468,7486,
99.57631353111003,91802,246,469,7486,
99.5781612505237,91802,246,468,7487,
99.58513499591683,91802,245,469,7487,
99.59206145354219,91802,244,470,7487,
99.60993197230498,91802,243,471,7487,
99.62730741528858,91802,242,472,7487,
99.62871041162232,91802,242,471,7488,
99.63188162841239,91802,242,470,7489,
99.63996988463742,91802,241,471,7489,
99.64739743169008,91802,241,470,7490,
99.65056199712926,91802,240,471,7490,
99.66505317522629,91802,239,472,7490,
99.66940812487748,91802,238,473,7490,
99.67711675982301,91802,237,474,7490,
99.67748159044505,91801,238,474,7490,
99.69723403580609,91801,237,475,7490,
99.69991447825672,91801,236,476,7490,
99.70541480175397,91801,235,477,7490,
99.72123555208316,91800,236,477,7490,
99.72154151251618,91800,235,478,7490,
99.72449286150967,91800,235,477,7491,
99.72643499748216,91800,235,476,7492,
99.72685384915015,91800,234,477,7492,
99.73122714360089,91799,235,477,7492,
99.73397454833086,91799,234,478,7492,
99.73813578236117,91799,234,477,7493,
99.7425808339444,91799,233,478,7493,
99.74376968583627,91799,233,477,7494,
99.74738695170302,91799,232,478,7494,
99.7590135640068,91799,231,479,7494,
99.77213849553885,91799,231,478,7495,
99.7797010906697,91798,232,478,7495,
99.7830386126713,91798,232,477,7496,
99.80406829229075,91798,232,476,7497,
99.80685340433993,91798,231,477,7497,
99.80842705124292,91798,231,476,7498,
99.82064119668328,91798,230,477,7498,
99.8232747424787,91797,231,477,7498,
99.8401268424135,91797,231,476,7499,
99.84208828922678,91797,231,475,7500,
99.86219534759044,91796,232,475,7500,
99.87894887018487,91796,232,474,7501,
99.88044747101134,91796,232,473,7502,
99.88325369889513,91796,231,474,7502,
99.886879215178,91795,232,474,7502,
99.88743685686646,91795,232,473,7503,
99.8876952983549,91795,232,472,7504,
99.89558449581699,91795,231,473,7504,
99.89650066445418,91794,232,473,7504,
99.90494879785707,91794,231,474,7504,
99.9053344084817,91794,230,475,7504,
99.90659189310907,91794,229,476,7504,
99.9139508118101,91793,230,476,7504,
99.91886525016206,91793,230,475,7505,
99.92913325241854,91792,231,475,7505,
99.93624756842101,91792,231,474,7506,
99.94858136947818,91792,230,475,7506,
99.95259400623004,91792,229,476,7506,
99.95352138899386,91792,228,477,7506,
99.97341583338525,91791,229,477,7506,
99.9740383938776,91790,230,477,7506,
99.97417195838887,91790,230,476,7507,
99.98468239706273,91790,229,477,7507,
100.00327139229172,91790,228,478,7507,
100.00772390057784,91790,227,479,7507,
100.00957135672076,91790,226,480,7507,
100.02733564179107,91789,227,480,7507,
100.03777845352133,91789,226,481,7507,
100.05561301749657,91789,226,480,7508,
100.06078826770357,91789,225,481,7508,
100.07705179436738,91789,225,480,7509,
100.09072527479682,91788,226,480,7509,
100.09658775488822,91788,225,481,7509,
100.11044770858004,91787,226,481,7509,
100.12769901640584,91787,226,480,7510,
100.1392277190184,91786,227,480,7510,
100.1414920602426,91785,228,480,7510,
100.15434470814273,91784,229,480,7510,
100.15826871968974,91784,229,479,7511,
100.16223298853537,91784,229,478,7512,
100.1669546028966,91784,229,477,7513,
100.16900956066766,91784,228,478,7513,
100.17031218480297,91783,229,478,7513,
100.17358952077439,91783,229,477,7514,
100.18282068808847,91782,230,477,7514,
100.20205668075243,91782,229,478,7514,
100.20212504690973,91782,229,477,7515,
100.20307110048844,91781,230,477,7515,
100.22266325583843,91781,229,478,7515,
100.23332003056316,91780,230,478,7515,
100.24039397161354,91780,229,479,7515,
100.2541037438817,91780,229,478,7516,
100.25612307505844,91780,229,477,7517,
100.25902831933337,91779,230,477,7517,
100.27643977353665,91779,229,478,7517,
100.28405353928721,91778,230,478,7517,
100.29524522925843,91778,229,479,7517,
100.29776605151693,91778,229,478,7518,
100.30451536055376,91778,228,479,7518,
100.3066979793593,91778,228,478,7519,
100.31671342426192,91778,227,479,7519,
100.31877695992299,91778,227,478,7520,
100.3223041017869,91778,226,479,7520,
100.32834484608719,91777,227,479,7520,
100.32950895414955,91777,226,480,7520,
100.33252357948165,91777,225,481,7520,
100.33725736459155,91777,224,482,7520,
100.33972338483807,91777,223,483,7520,
100.35209289566347,91776,224,483,7520,
100.35886426734798,91775,225,483,7520,
100.36157421992253,91775,225,482,7521,
100.36623052779217,91775,224,483,7521,
100.36666892073954,91775,224,482,7522,
100.37052836593577,91775,223,483,7522,
100.38690753578638,91775,223,482,7523,
100.40113275556973,91775,222,483,7523,
100.43438873404438,91774,223,483,7523,
100.43465299146435,91774,223,482,7524,
100.44930161462923,91773,224,482,7524,
100.45106673978947,91772,225,482,7524,
100.45292244418707,91772,225,481,7525,
100.4635211050238,91771,226,481,7525,
100.4656255462477,91771,226,480,7526,
100.47188660951784,91771,226,479,7527,
100.47875778024553,91771,226,478,7528,
100.48304295202368,91771,225,479,7528,
100.48731638079678,91771,224,480,7528,
100.48755143450126,91770,225,480,7528,
100.48949071024914,91769,226,480,7528,
100.4954941478016,91769,225,481,7528,
100.49701160666899,91769,224,482,7528,
100.50118303720289,91769,224,481,7529,
100.5067263714444,91769,224,480,7530,
100.51786345703238,91769,223,481,7530,
100.52271788763676,91769,223,480,7531,
100.52547404925778,91768,224,480,7531,
100.54445177581215,91768,223,481,7531,
100.56120038737586,91767,224,481,7531,
100.56330002222896,91767,224,480,7532,
100.56930428387776,91767,224,479,7533,
100.57179036076089,91767,223,480,7533,
100.59879248869922,91766,224,480,7533,
100.60069810977282,91766,223,481,7533,
100.60554614410108,91766,222,482,7533,
100.61057772061234,91766,222,481,7534,
100.61381445796744,91766,222,480,7535,
100.61551112697666,91766,222,479,7536,
100.61670104819794,91766,222,478,7537,
100.62159533047668,91765,223,478,7537,
100.62256761595305,91764,224,478,7537,
100.65712528388141,91764,224,477,7538,
100.66355717993684,91764,223,478,7538,
100.66435595775067,91764,223,477,7539,
100.66650883822993,91764,222,478,7539,
100.67536316833244,91763,223,478,7539,
100.68783916545985,91763,222,479,7539,
100.69636788429597,91762,223,479,7539,
100.70627333100137,91762,222,480,7539,
100.70664143315582,91762,222,479,7540,
100.71697085679085,91762,222,478,7541,
100.72408691290005,91762,221,479,7541,
100.72827629643345,91762,221,478,7542,
100.72844295079518,91762,220,479,7542,
100.72925970924089,91762,220,478,7543,
100.73450180060675,91762,220,477,7544,
100.74712181337765,91761,221,477,7544,
100.75322746116981,91761,221,476,7545,
100.75761425667993,91761,221,475,7546,
100.7615752279813,91761,220,476,7546,
100.77320225730385,91761,219,477,7546,
100.780289707354,91761,218,478,7546,
100.78374357181909,91761,217,479,7546,
100.79574893102361,91760,218,479,7546,
100.80245433531368,91760,218,478,7547,
100.80764382267299,91760,218,477,7548,
100.8228343546082,91759,219,477,7548,
100.83372870287485,91758,220,477,7548,
100.84700678808238,91758,220,476,7549,
100.86047256834752,91757,221,476,7549,
100.86393109074433,91757,221,475,7550,
100.87868015314699,91756,222,475,7550,
100.8891499904253,91756,222,474,7551,
100.90381548420802,91755,223,474,7551,
100.90933971682708,91755,223,473,7552,
100.91169086848393,91754,224,473,7552,
100.91368746975184,91753,225,473,7552,
100.91907950796657,91753,225,472,7553,
100.92916451316549,91753,224,473,7553,
100.93573217545688,91752,225,473,7553,
100.93625206992914,91752,225,472,7554,
100.93665769998435,91752,225,471,7555,
100.94024781839104,91752,225,470,7556,
100.94478578330866,91752,224,471,7556,
100.94949845005166,91752,223,472,7556,
100.96839332906359,91752,223,471,7557,
100.97226211474242,91751,224,471,7557,
100.97647981936066,91751,223,472,7557,
100.99125576952193,91751,222,473,7557,
100.99766580795415,91751,221,474,7557,
100.99877687144982,91750,222,474,7557,
101.00011957852527,91750,222,473,7558,
101.00255404528869,91750,222,472,7559,
101.00821004137177,91750,221,473,7559,
101.01049865189398,91750,221,472,7560,
101.02071805377966,91749,222,472,7560,
101.02274682130209,91749,221,473,7560,
101.04269593039459,91749,221,472,7561,
101.04836096603319,91749,221,471,7562,
101.06118862744253,91749,220,472,7562,
101.06509188475295,91749,219,473,7562,
101.07277392801177,91748,220,473,7562,
101.08795536236381,91748,219,474,7562,
101.10738150556955,91747,220,474,7562,
101.11729737302852,91746,221,474,7562,
101.12169343204374,91746,220,475,7562,
101.12246302421914,91745,221,475,7562,
101.12286999953685,91744,222,475,7562,
101.13468656117396,91744,221,476,7562,
101.16619249460629,91744,221,475,7563,
101.16663314428375,91744,221,474,7564,
101.16849707272024,91743,222,474,7564,
101.17058661869717,91743,221,475,7564,
101.17062313197123,91742,222,475,7564,
101.17232763079187,91742,222,474,7565,
101.17401742937395,91742,222,473,7566,
101.17754450470454,91741,223,473,7566,
101.18240751286308,91740,224,473,7566,
101.19320328255304,91739,225,473,7566,
101.19492130226804,91739,224,474,7566,
101.19768985890592,91738,225,474,7566,
101.21844466780823,91738,225,473,7567,
101.22298760771528,91737,226,473,7567,
101.22378288671754,91737,225,474,7567,
101.23490409893282,91736,226,474,7567,
101.24600486101535,91736,225,475,7567,
101.24992977529914,91735,226,475,7567,
101.24999018984838,91735,226,474,7568,
101.27853804749418,91735,226,473,7569,
101.28505806459704,91735,225,474,7569,
101.28601213459497,91735,225,473,7570,
101.28623453058529,91734,226,473,7570,
101.28856795307236,91734,225,474,7570,
101.29038772821305,91733,226,474,7570,
101.29481894122581,91733,226,473,7571,
101.33024481418488,91732,227,473,7571,
101.33261823159495,91732,227,472,7572,
101.34646279878413,91732,227,471,7573,
101.34815815385707,91732,227,470,7574,
101.35088250611426,91732,226,471,7574,
101.372885077539,91732,225,472,7574,
101.37868256118247,91732,225,471,7575,
101.38625101303052,91731,226,471,7575,
101.39206542224329,91730,227,471,7575,
101.3925645517757,91730,227,470,7576,
101.39591278133811,91730,226,471,7576,
101.3981810038054,91730,226,470,7577,
101.39872096982901,91729,227,470,7577,
101.40189625556789,91729,226,471,7577,
101.42907023852986,91729,226,470,7578,
101.43309590028173,91728,227,470,7578,
101.44798300173372,91727,228,470,7578,
101.45838364731127,91727,228,469,7579,
101.45868544917707,91726,229,469,7579,
101.46563208867278,91726,228,470,7579,
101.4688627956389,91726,228,469,7580,
101.47101317670086,91725,229,469,7580,
101.47563074191106,91725,229,468,7581,
101.47757003916306,91724,230,468,7581,
101.48174766118505,91724,229,469,7581,
101.48684314274868,91723,230,469,7581,
101.48769897933002,91722,231,469,7581,
101.49143607825836,91722,231,468,7582,
101.4937042796233,91722,231,467,7583,
101.49493520847855,91722,231,466,7584,
101.49565948142669,91721,232,466,7584,
101.49671079182599,91721,231,467,7584,
101.49847323387117,91721,231,466,7585,
101.53157168060349,91721,231,465,7586,
101.53241458589952,91721,231,464,7587,
101.53329367894318,91721,230,465,7587,
101.53825900426727,91721,229,466,7587,
101.5446665173672,91721,229,465,7588,
101.56641373312891,91720,230,465,7588,
101.57654497684857,91719,231,465,7588,
101.58604614130951,91719,230,466,7588,
101.59087132762055,91719,229,467,7588,
101.59386989003309,91719,229,466,7589,
101.60990238651965,91719,229,465,7590,
101.610978183989,91718,230,465,7590,
101.61473952667268,91717,231,465,7590,
101.61586145780689,91717,231,464,7591,
101.6365290214596,91717,231,463,7592,
101.63916662586684,91716,232,463,7592,
101.65030670403532,91715,233,463,7592,
101.6525468209532,91715,232,464,7592,
101.65859625753676,91715,232,463,7593,
101.66660504527948,91714,233,463,7593,
101.67641571303858,91714,233,462,7594,
101.69604598694326,91714,232,463,7594,
101.72047737550022,91714,231,464,7594,
101.72160389716082,91714,231,463,7595,
101.74586071616946,91713,232,463,7595,
101.7500962625339,91712,233,463,7595,
101.75519292855981,91712,233,462,7596,
101.76288649204014,91711,234,462,7596,
101.79156574859175,91711,233,463,7596,
101.8014388626013,91710,234,463,7596,
101.8041520957334,91710,234,462,7597,
101.81789372242994,91710,233,463,7597,
101.85785987628563,91710,233,462,7598,
101.86881549579495,91709,234,462,7598,
101.88537646280656,91709,234,461,7599,
101.89335575355122,91708,235,461,7599,
101.90244741481447,91707,236,461,7599,
101.90462135036958,91707,236,460,7600,
101.91075371618385,91707,236,459,7601,
101.92673037367084,91707,236,458,7602,
101.93123797524501,91707,235,459,7602,
101.93555942353377,91707,235,458,7603,
101.94722709025612,91707,234,459,7603,
101.94745135289097,91707,234,458,7604,
101.96042059396689,91707,234,457,7605,
101.9645703348201,91707,234,456,7606,
101.9661511735952,91707,233,457,7606,
101.97087769882845,91706,234,457,7606,
101.97440352621803,91706,233,458,7606,
101.97717369941438,91706,232,459,7606,
101.98562407707972,91706,231,460,7606,
101.99642912352704,91706,231,459,7607,
101.99887370886215,91706,231,458,7608,
102.00482424110164,91705,232,458,7608,
102.00890153471448,91705,232,457,7609,
102.01318352088319,91705,232,456,7610,
102.01440375980275,91704,233,456,7610,
102.04310004026765,91704,233,455,7611,
102.04923300961099,91704,232,456,7611,
102.05087522551915,91703,233,456,7611,
102.06027503171137,91703,232,457,7611,
102.06439368162792,91703,231,458,7611,
102.06709754590071,91703,230,459,7611,
102.06723565055756,91702,231,459,7611,
102.06894992775237,91702,230,460,7611,
102.07343160202194,91701,231,460,7611,
102.07519071556042,91701,230,461,7611,
102.08284096558546,91701,230,460,7612,
102.08388974487261,91701,229,461,7612,
102.08573449348725,91701,229,460,7613,
102.08643650404211,91701,228,461,7613,
102.08679738052183,91701,228,460,7614,
102.08779801410795,91701,227,461,7614,
102.08934523657015,91700,228,461,7614,
102.09514592678211,91699,229,461,7614,
102.10097741523299,91699,229,460,7615,
102.11918673705104,91699,229,459,7616,
102.12534037438823,91698,230,459,7616,
102.14181685924534,91697,231,459,7616,
102.14605091222472,91697,231,458,7617,
102.14946494117933,91696,232,458,7617,
102.15082247587058,91696,231,459,7617,
102.15461999097651,91695,232,459,7617,
102.15807834415085,91695,232,458,7618,
102.17141803105815,91695,232,457,7619,
102.18170090848818,91695,231,458,7619,
102.18512287844132,91695,230,459,7619,
102.18827376126646,91694,231,459,7619,
102.19263807940865,91693,232,459,7619,
102.19829555977694,91692,233,459,7619,
102.2025112968529,91692,232,460,7619,
102.21038689714025,91691,233,460,7619,
102.21384614602904,91690,234,460,7619,
102.22387682494465,91690,233,461,7619,
102.23752637888822,91690,233,460,7620,
102.23913024002248,91689,234,460,7620,
102.23996984115254,91689,234,459,7621,
102.2502315559125,91688,235,459,7621,
102.26389830730321,91687,236,459,7621,
102.26419583857287,91686,237,459,7621,
102.26791111096574,91685,238,459,7621,
102.26857089249017,91685,237,460,7621,
102.27644388493442,91685,237,459,7622,
102.28207081407223,91684,238,459,7622,
102.30172806958909,91683,239,459,7622,
102.31022767385812,91683,238,460,7622,
102.322615921573,91683,237,461,7622,
102.32526177093985,91683,237,460,7623,
102.32968469145683,91683,237,459,7624,
102.33374140789911,91682,238,459,7624,
102.33437607726924,91682,238,458,7625,
102.35480209481736,91682,237,459,7625,
102.36586456400573,91681,238,459,7625,
102.38261582706197,91680,239,459,7625,
102.38563311553764,91680,238,460,7625,
102.38750924037896,91679,239,460,7625,
102.39298029489615,91679,239,459,7626,
102.39399848684228,91679,238,460,7626,
102.39904401839115,91679,237,461,7626,
102.3994823691526,91678,238,461,7626,
102.41146312968309,91678,237,462,7626,
102.41174073051499,91678,236,463,7626,
102.42597867267335,91678,236,462,7627,
102.4359883554828,91678,236,461,7628,
102.43701178743555,91678,235,462,7628,
102.45633827064458,91677,236,462,7628,
102.46011334411122,91677,235,463,7628,
102.46073451769391,91676,236,463,7628,
102.46117305150625,91676,235,464,7628,
102.46295376801427,91676,235,463,7629,
102.4748582637679,91675,236,463,7629,
102.47495409831198,91674,237,463,7629,
102.47555880757443,91674,236,464,7629,
102.48008527375985,91674,236,463,7630,
102.483918929029,91674,236,462,7631,
102.48392210423995,91674,236,461,7632,
102.49000276323926,91673,237,461,7632,
102.49783702705223,91672,238,461,7632,
102.5129786272531,91672,238,460,7633,
102.52495172851289,91672,238,459,7634,
102.53209584206246,91672,238,458,7635,
102.53220065972008,91671,239,458,7635,
102.5430110511635,91671,238,459,7635,
102.54373564614508,91670,239,459,7635,
102.54385013527263,91670,239,458,7636,
102.54607824894379,91670,239,457,7637,
102.54894605871831,91670,239,456,7638,
102.55057616749619,91670,238,457,7638,
102.55838633753663,91669,239,457,7638,
102.57740246141721,91669,238,458,7638,
102.60673517451878,91669,238,457,7639,
102.61486950852019,91669,237,458,7639,
102.624622008715,91669,236,459,7639,
102.63057364144541,91669,236,458,7640,
102.63368831765311,91668,237,458,7640,
102.64019238403681,91668,237,457,7641,
102.6532938025725,91667,238,457,7641,
102.65585333798461,91666,239,457,7641,
102.66993750710385,91665,240,457,7641,
102.67304054730894,91664,241,457,7641,
102.67417043563918,91663,242,457,7641,
102.68239458993331,91663,241,458,7641,
102.68473563249087,91663,240,459,7641,
102.6907705991396,91662,241,459,7641,
102.69420501900649,91662,241,458,7642,
102.7143379582721,91662,240,459,7642,
102.72607018235738,91662,239,460,7642,
102.72666093140887,91661,240,460,7642,
102.72940668438498,91660,241,460,7642,
102.74455235604961,91659,242,460,7642,
102.76101831507304,91659,242,459,7643,
102.76109266464573,91659,241,460,7643,
102.76528903434024,91659,241,459,7644,
102.76854965702742,91659,241,458,7645,
102.77236546594969,91659,240,459,7645,
102.77717510390217,91659,240,458,7646,
102.77814694750603,91659,240,457,7647,
102.78389861473863,91659,239,458,7647,
102.7870458268828,91659,239,457,7648,
102.78912840941061,91659,239,456,7649,
102.81048450741388,91659,239,455,7650,
102.82548553467538,91659,238,456,7650,
102.8363235536764,91659,237,457,7650,
102.84368783251816,91658,238,457,7650,
102.85372708301759,91658,238,456,7651,
102.88243562758028,91658,238,455,7652,
102.90045005668907,91658,238,454,7653,
102.90909124087386,91658,237,455,7653,
102.91214010485083,91658,236,456,7653,
102.92365444787484,91658,236,455,7654,
102.92529486251351,91658,236,454,7655,
102.93311470401842,91658,236,453,7656,
102.93716458808444,91657,237,453,7656,
102.94333162701079,91656,238,453,7656,
102.95875864586878,91655,239,453,7656,
102.96474416671164,91654,240,453,7656,
102.97249176630552,91653,241,453,7656,
102.97645374613865,91653,241,452,7657,
102.98166236066155,91652,242,452,7657,
102.98462914360758,91652,241,453,7657,
102.98624339816755,91652,241,452,7658,
102.99299196885286,91652,241,451,7659,
102.9933228630895,91651,242,451,7659,
102.9986415032195,91651,242,450,7660,
103.0079424824854,91651,241,451,7660,
103.01154704114816,91651,241,450,7661,
103.01417304102128,91651,241,449,7662,
103.03132917874223,91651,240,450,7662,
103.03273462511527,91651,239,451,7662,
103.0339740931771,91651,239,450,7663,
103.03787293411214,91650,240,450,7663,
103.04278337361109,91650,240,449,7664,
103.07185116809943,91650,240,448,7665,
103.07942043588181,91650,240,447,7666,
103.09140512971153,91650,239,448,7666,
103.09259128106973,91650,238,449,7666,
103.100286572125,91650,238,448,7667,
103.12001606017218,91649,239,448,7667,
103.12105384741366,91649,238,449,7667,
103.12836105220595,91649,238,448,7668,
103.13137585460025,91649,238,447,7669,
103.13571138971781,91648,239,447,7669,
103.13650229339956,91648,238,448,7669,
103.14315786193244,91648,238,447,7670,
103.1522173941365,91648,238,446,7671,
103.15525134216108,91647,239,446,7671,
103.168245271995,91647,239,445,7672,
103.16949248224063,91646,240,445,7672,
103.18997941590627,91645,241,445,7672,
103.19068685297532,91644,242,445,7672,
103.20013553088936,91644,242,444,7673,
103.2011828349666,91643,243,444,7673,
103.20242306900789,91643,242,445,7673,
103.23505005086355,91643,242,444,7674,
103.25376709954256,91643,242,443,7675,
103.25759644979378,91643,241,444,7675,
103.26911796780095,91643,240,445,7675,
103.27892175652367,91642,241,445,7675,
103.28795607939134,91642,241,444,7676,
103.29182965365882,91642,241,443,7677,
103.29566326106813,91642,240,444,7677,
103.29669499822776,91642,239,445,7677,
103.29706141357946,91641,240,445,7677,
103.30221197186287,91641,240,444,7678,
103.30427886838771,91641,239,445,7678,
103.31444830363014,91640,240,445,7678,
103.31802683028803,91639,241,445,7678,
103.32246804238571,91639,241,444,7679,
103.32388215094173,91638,242,444,7679,
103.32475546182292,91638,242,443,7680,
103.32678305065812,91638,241,444,7680,
103.32979928001815,91638,241,443,7681,
103.34176820722897,91638,241,442,7682,
103.35635208769273,91638,241,441,7683,
103.35657872887845,91638,241,440,7684,
103.36095868315152,91638,241,439,7685,
103.37095748968235,91638,240,440,7685,
103.37426340995279,91638,240,439,7686,
103.3819952417152,91637,241,439,7686,
103.38282065131693,91637,240,440,7686,
103.39979867612811,91637,240,439,7687,
103.40945401034182,91637,239,440,7687,
103.4278019498415,91637,239,439,7688,
103.43141114189531,91637,238,440,7688,
103.432044077609,91636,239,440,7688,
103.44023890237301,91636,239,439,7689,
103.46731925121446,91635,240,439,7689,
103.46812761642315,91634,241,439,7689,
103.4716576245785,91633,242,439,7689,
103.47209371860212,91632,243,439,7689,
103.48097226932289,91632,242,440,7689,
103.48577775418042,91632,241,441,7689,
103.50138319037643,91631,242,441,7689,
103.51547141928961,91631,242,440,7690,
103.52198778926672,91631,242,439,7691,
103.52481277212775,91631,241,440,7691,
103.53082820622545,91631,240,441,7691,
103.53109438904016,91631,239,442,7691,
103.54091841139343,91630,240,442,7691,
103.54128609367541,91630,240,441,7692,
103.54876708767048,91629,241,441,7692,
103.55106798616328,91629,240,442,7692,
103.56675298093451,91628,241,442,7692,
103.57096037949157,91627,242,442,7692,
103.59474145654778,91627,241,443,7692,
103.6043741898557,91627,240,444,7692,
103.60455631938639,91627,239,445,7692,
103.61677466467754,91627,239,444,7693,
103.63022411882713,91627,238,445,7693,
103.6340025019239,91627,237,446,7693,
103.63423228684147,91627,236,447,7693,
103.63815644040184,91627,235,448,7693,
103.6499566420865,91626,236,448,7693,
103.65543253735743,91625,237,448,7693,
103.65848516418652,91624,238,448,7693,
103.65891472054025,91624,237,449,7693,
103.67153569821421,91624,236,450,7693,
103.6774533018433,91623,237,450,7693,
103.71603453471826,91622,238,450,7693,
103.7304125972307,91622,237,451,7693,
103.73982815007199,91622,237,450,7694,
103.74196018204452,91621,238,450,7694,
103.74995920319608,91621,237,451,7694,
103.7577902825904,91620,238,451,7694,
103.76312292361125,91620,238,450,7695,
103.78375866551097,91620,237,451,7695,
103.78444098233885,91620,237,450,7696,
103.78598943216099,91620,236,451,7696,
103.79543142022935,91620,235,452,7696,
103.79685855826966,91619,236,452,7696,
103.79861015945451,91618,237,452,7696,
103.82541746745532,91617,238,452,7696,
103.83434104525475,91617,237,453,7696,
103.83690947575488,91617,237,452,7697,
103.8412010656589,91617,237,451,7698,
103.84561070389395,91617,237,450,7699,
103.84565556141229,91616,238,450,7699,
103.85019101833558,91616,237,451,7699,
103.85122282010617,91616,237,450,7700,
103.85253416298403,91615,238,450,7700,
103.85304354616972,91614,239,450,7700,
103.85590216023354,91614,238,451,7700,
103.85716300372613,91614,238,450,7701,
103.86081789573673,91613,239,450,7701,
103.869154193519,91613,238,451,7701,
103.8710355915853,91613,238,450,7702,
103.87365733939254,91612,239,450,7702,
103.87646774724362,91612,239,449,7703,
103.88581095180982,91612,238,450,7703,
103.88803577404508,91612,237,451,7703,
103.88875347146802,91612,236,452,7703,
103.89867141458228,91612,235,453,7703,
103.9036448055877,91611,236,453,7703,
103.90927431997056,91611,235,454,7703,
103.91370606333538,91611,234,455,7703,
103.91562042350671,91610,235,455,7703,
103.92369964174114,91609,236,455,7703,
103.92428124095647,91609,236,454,7704,
103.92876167709248,91609,236,453,7705,
103.93974959968074,91609,236,452,7706,
103.94319849250019,91609,236,451,7707,
103.94432094356478,91608,237,451,7707,
103.94460015680298,91608,236,452,7707,
103.9616001631249,91608,235,453,7707,
103.96470070500278,91608,235,452,7708,
103.97973808823863,91607,236,452,7708,
103.98010642090304,91607,235,453,7708,
103.98993369784537,91607,235,452,7709,
103.9924913913953,91607,235,451,7710,
103.99291125325337,91607,234,452,7710,
103.99716894425796,91606,235,452,7710,
104.02223496348111,91605,236,452,7710,
104.02280421896643,91605,236,451,7711,
104.03180572819836,91604,237,451,7711,
104.03585542231558,91603,238,451,7711,
104.04323532185555,91603,237,452,7711,
104.04478890691031,91603,236,453,7711,
104.05025213074913,91603,236,452,7712,
104.05634151892748,91602,237,452,7712,
104.05757324484992,91601,238,452,7712,
104.0667116848997,91601,237,453,7712,
104.08949059316862,91601,237,452,7713,
104.08955576218462,91601,237,451,7714,
104.09212889968657,91601,236,452,7714,
104.09775780979714,91601,236,451,7715,
104.10026692670925,91601,235,452,7715,
104.10285482088844,91600,236,452,7715,
104.11121166551223,91600,235,453,7715,
104.11185262233896,91600,235,452,7716,
104.11551266262023,91600,234,453,7716,
104.1166758922702,91600,234,452,7717,
104.12171614616241,91600,233,453,7717,
104.12390130075552,91600,232,454,7717,
104.1293105568658,91599,233,454,7717,
104.14037795033607,91599,233,453,7718,
104.15264990253223,91598,234,453,7718,
104.15291235293282,91598,234,452,7719,
104.16472265865691,91597,235,452,7719,
104.17524128783366,91597,235,451,7720,
104.18388988160336,91597,235,450,7721,
104.19013197106784,91597,235,449,7722,
104.19327019157596,91597,234,450,7722,
104.19930482830631,91597,234,449,7723,
104.20287619502827,91596,235,449,7723,
104.21902245644748,91596,234,450,7723,
104.22310938488415,91595,235,450,7723,
104.22731939170846,91594,236,450,7723,
104.23061397975206,91594,235,451,7723,
104.23173884779284,91593,236,451,7723,
104.24262191722019,91593,236,450,7724,
104.25241337136688,91593,235,451,7724,
104.2630286740004,91593,234,452,7724,
104.26423016303104,91593,233,453,7724,
104.26858492399433,91593,233,452,7725,
104.27818195586767,91592,234,452,7725,
104.28907943820892,91591,235,452,7725,
104.29164481219877,91591,234,453,7725,
104.30368073960967,91591,234,452,7726,
104.30376268601206,91590,235,452,7726,
104.31112707107073,91590,234,453,7726,
104.31270030464351,91590,234,452,7727,
104.31921847850666,91590,233,453,7727,
104.32428855853135,91589,234,453,7727,
104.32589662238858,91589,234,452,7728,
104.32812374008626,91588,235,452,7728,
104.33054129205456,91588,235,451,7729,
104.33095573890972,91587,236,451,7729,
104.33418216991461,91587,235,452,7729,
104.34461033245337,91587,234,453,7729,
104.35545003943787,91587,233,454,7729,
104.36422746446513,91586,234,454,7729,
104.37710714535224,91586,234,453,7730,
104.37955296679063,91586,233,454,7730,
104.39149485364284,91585,234,454,7730,
104.39195671243097,91584,235,454,7730,
104.4047862771537,91584,235,453,7731,
104.40594149208937,91584,235,452,7732,
104.41508195239976,91584,235,451,7733,
104.42078028020487,91583,236,451,7733,
104.42484712678315,91582,237,451,7733,
104.4266153032571,91582,237,450,7734,
104.42952718957893,91582,237,449,7735,
104.44236857282316,91582,236,450,7735,
104.44356632852295,91581,237,450,7735,
104.44358889582116,91580,238,450,7735,
104.44408129148195,91580,238,449,7736,
104.4727643360307,91580,238,448,7737,
104.47746767718658,91580,237,449,7737,
104.47956797614205,91580,237,448,7738,
104.49365405437601,91580,237,447,7739,
104.49661435016614,91580,236,448,7739,
104.5161591720819,91580,235,449,7739,
104.52069536867427,91580,234,450,7739,
104.52936311946006,91580,234,449,7740,
104.52976528834685,91580,233,450,7740,
104.54221178830238,91580,233,449,7741,
104.54806474207513,91580,232,450,7741,
104.55690854800615,91580,232,449,7742,
104.55834719094472,91580,232,448,7743,
104.56572749237515,91580,231,449,7743,
104.57079018822947,91580,231,448,7744,
104.57902736841079,91579,232,448,7744,
104.580830503208,91579,232,447,7745,
104.58234175054841,91579,231,448,7745,
104.582497205853,91578,232,448,7745,
104.5867350806183,91577,233,448,7745,
104.5904325462114,91577,233,447,7746,
104.59152411746716,91577,232,448,7746,
104.5934574080721,91576,233,448,7746,
104.5950140174896,91575,234,448,7746,
104.60515321115071,91575,234,447,7747,
104.61949572343555,91575,233,448,7747,
104.63396726342211,91575,233,447,7748,
104.65587079584942,91574,234,447,7748,
104.66291082752025,91573,235,447,7748,
104.68248459364713,91573,235,446,7749,
104.68350381035458,91572,236,446,7749,
104.68792746843653,91571,237,446,7749,
104.6927595505255,91571,237,445,7750,
104.7028971561237,91571,237,444,7751,
104.7042028884893,91570,238,444,7751,
104.70562942927599,91569,239,444,7751,
104.72078036414783,91568,240,444,7751,
104.72318467312064,91568,240,443,7752,
104.73190060670714,91568,240,442,7753,
104.73800192269644,91567,241,442,7753,
104.74879924372027,91567,241,441,7754,
104.76712448488135,91566,242,441,7754,
104.77324890290978,91566,241,442,7754,
104.77875638602086,91566,240,443,7754,
104.78313335879584,91565,241,443,7754,
104.78630390352393,91564,242,443,7754,
104.78777477217905,91563,243,443,7754,
104.7961733215653,91563,242,444,7754,
104.81361098971854,91562,243,444,7754,
104.81664543698653,91561,244,444,7754,
104.82610283473443,91560,245,444,7754,
104.82810707484597,91560,245,443,7755,
104.82944980272754,91560,244,444,7755,
104.83096443838933,91559,245,444,7755,
104.8338481277067,91559,244,445,7755,
104.83462657403422,91558,245,445,7755,
104.83664213191572,91558,244,446,7755,
104.83771654219515,91558,243,447,7755,
104.84596893382547,91558,242,448,7755,
104.84653063716411,91558,241,449,7755,
104.85677129948421,91558,240,450,7755,
104.86027014594946,91558,240,449,7756,
104.86229986366243,91558,239,450,7756,
104.88202757155304,91557,240,450,7756,
104.89206259301275,91556,241,450,7756,
104.89767272267207,91556,240,451,7756,
104.89950969591573,91555,241,451,7756,
104.90145557325945,91555,241,450,7757,
104.90266807779321,91555,241,449,7758,
104.90651623377137,91555,241,448,7759,
104.91610050532296,91555,241,447,7760,
104.91805690681953,91554,242,447,7760,
104.92582993102434,91553,243,447,7760,
104.92704804189407,91553,242,448,7760,
104.93505122638203,91553,242,447,7761,
104.95053092402966,91553,241,448,7761,
104.95110020037713,91553,240,449,7761,
104.95355820896367,91553,239,450,7761,
104.96045938666727,91553,239,449,7762,
104.96388298761934,91553,238,450,7762,
104.96518819876694,91553,237,451,7762,
104.96703849831047,91553,237,450,7763,
104.98044405878599,91553,236,451,7763,
104.99365193875067,91553,236,450,7764,
105.00549435469091,91553,235,451,7764,
105.0077077932244,91553,234,452,7764,
105.01351476431935,91553,234,451,7765,
105.01417595029181,91553,233,452,7765,
105.01599351073389,91553,233,451,7766,
105.03872164522943,91552,234,451,7766,
105.03977291104351,91552,234,450,7767,
105.04748207318403,91552,233,451,7767,
105.05608845086013,91552,233,450,7768,
105.05717862826609,91552,233,449,7769,
105.07682862690382,91551,234,449,7769,
105.08308067209639,91551,234,448,7770,
105.08780850951548,91551,234,447,7771,
105.10040964890476,91551,234,446,7772,
105.10143315249086,91551,234,445,7773,
105.10554504715886,91551,233,446,7773,
105.10597751283643,91551,233,445,7774,
105.10820105611609,91550,234,445,7774,
105.10942085028029,91550,233,446,7774,
105.13553548185894,91550,233,445,7775,
105.13990908832844,91549,234,445,7775,
105.14008639114184,91549,234,444,7776,
105.1481083721082,91549,234,443,7777,
105.14828973055904,91548,235,443,7777,
105.15644890936062,91548,235,442,7778,
105.1612532391656,91547,236,442,7778,
105.17510299635853,91546,237,442,7778,
105.19350369698287,91546,236,443,7778,
105.2089852014146,91546,236,442,7779,
105.21918102471068,91546,235,443,7779,
105.22456621128407,91546,235,442,7780,
105.22650408589566,91546,234,443,7780,
105.22960919257054,91546,234,442,7781,
105.24357812150967,91546,233,443,7781,
105.25869240295714,91546,233,442,7782,
105.26064705883952,91546,233,441,7783,
105.26315379848084,91546,232,442,7783,
105.27494754311233,91546,231,443,7783,
105.27807281298533,91546,231,442,7784,
105.28000884082161,91546,230,443,7784,
105.28129545494318,91546,229,444,7784,
105.28443549413423,91546,229,443,7785,
105.28858842546023,91545,230,443,7785,
105.3048113728062,91544,231,443,7785,
105.30539589454807,91544,230,444,7785,
105.30597525529896,91544,229,445,7785,
105.30656119914643,91543,230,445,7785,
105.3082615043212,91542,231,445,7785,
105.31393544079725,91542,231,444,7786,
105.32004781271037,91542,230,445,7786,
105.32552825851187,91542,230,444,7787,
105.32761698100254,91541,231,444,7787,
105.33120412725134,91541,230,445,7787,
105.34640936901891,91541,229,446,7787,
105.3514872395861,91541,229,445,7788,
105.36021713530607,91541,228,446,7788,
105.36168590916142,91540,229,446,7788,
105.36565193672013,91540,228,447,7788,
105.37028457098216,91540,227,448,7788,
105.37377494629612,91540,226,449,7788,
105.37464889129939,91540,225,450,7788,
105.40521361052933,91540,224,451,7788,
105.40919553343421,91539,225,451,7788,
105.42439058847508,91539,224,452,7788,
105.43950546005458,91539,224,451,7789,
105.44244168521696,91539,223,452,7789,
105.44357212124604,91539,222,453,7789,
105.46404841761125,91539,222,452,7790,
105.46572902959595,91539,222,451,7791,
105.4774542251269,91538,223,451,7791,
105.47866934424519,91538,222,452,7791,
105.50198113789396,91538,222,451,7792,
105.5496479552244,91538,221,452,7792,
105.55114577098448,91538,221,451,7793,
105.57071119478081,91538,220,452,7793,
105.59827634543282,91537,221,452,7793,
105.61058580583963,91537,220,453,7793,
105.61124328300039,91536,221,453,7793,
105.6212465938989,91536,221,452,7794,
105.62447550684422,91536,221,451,7795,
105.6267905084469,91536,221,450,7796,
105.62701840880001,91536,220,451,7796,
105.63784311524907,91536,220,450,7797,
105.644310524933,91536,220,449,7798,
105.65190176089735,91536,220,448,7799,
105.66710746481027,91536,219,449,7799,
105.69068124908885,91536,218,450,7799,
105.69560409433095,91536,218,449,7800,
105.7246580434406,91535,219,449,7800,
105.73284784855,91535,218,450,7800,
105.75034005047831,91535,218,449,7801,
105.75439505148621,91535,218,448,7802,
105.75651863246762,91534,219,448,7802,
105.79054764749492,91534,219,447,7803,
105.79227475872463,91534,218,448,7803,
105.80068136035621,91534,217,449,7803,
105.8045211944806,91533,218,449,7803,
105.8046651376005,91533,217,450,7803,
105.8316918680155,91533,216,451,7803,
105.83359064563379,91532,217,451,7803,
105.84132329567966,91532,216,452,7803,
105.84192245379691,91531,217,452,7803,
105.84784173725158,91530,218,452,7803,
105.85176009204372,91530,217,453,7803,
105.85357035521702,91530,216,454,7803,
105.85439985826466,91530,216,453,7804,
105.86180543395176,91530,215,454,7804,
105.86497617661753,91529,216,454,7804,
105.87464969464938,91529,216,453,7805,
105.87680941680628,91529,215,454,7805,
105.89170516229501,91529,215,453,7806,
105.8957024725316,91528,216,453,7806,
105.89724138711368,91528,215,454,7806,
105.90491242766068,91527,216,454,7806,
105.90640528791076,91527,216,453,7807,
105.90718579594795,91527,215,454,7807,
105.9177735296183,91526,216,454,7807,
105.9227629024139,91526,216,453,7808,
105.92529578663999,91526,216,452,7809,
105.93773000206082,91525,217,452,7809,
105.95791920337973,91525,216,453,7809,
105.96622441558242,91525,216,452,7810,
105.98405902310168,91525,216,451,7811,
105.99458936088003,91525,215,452,7811,
105.99676901563808,91525,215,451,7812,
106.01424090394804,91525,215,450,7813,
106.01574357212044,91525,215,449,7814,
106.01611044892753,91525,214,450,7814,
106.01612936230211,91525,214,449,7815,
106.02591000404703,91525,214,448,7816,
106.0345203159709,91525,213,449,7816,
106.03671351362415,91525,213,448,7817,
106.03855694794916,91525,212,449,7817,
106.04383745651091,91524,213,449,7817,
106.04858611996099,91524,212,450,7817,
106.05024436137786,91524,212,449,7818,
106.05328037643145,91523,213,449,7818,
106.05616453404588,91523,213,448,7819,
106.05738815579534,91523,212,449,7819,
106.06538021979961,91522,213,449,7819,
106.06842759150717,91522,213,448,7820,
106.07487219342099,91522,213,447,7821,
106.08811391629307,91522,213,446,7822,
106.09257410672822,91522,213,445,7823,
106.1021846187189,91522,213,444,7824,
106.10589266123486,91522,213,443,7825,
106.12205906627275,91521,214,443,7825,
106.12533931890661,91521,214,442,7826,
106.13118663106775,91521,213,443,7826,
106.1448008502266,91521,212,444,7826,
106.1481503639962,91521,212,443,7827,
106.14860336323125,91520,213,443,7827,
106.15358657733461,91520,212,444,7827,
106.15450139204918,91520,211,445,7827,
106.17261508933936,91519,212,445,7827,
106.17687195636472,91519,212,444,7828,
106.19096702217175,91518,213,444,7828,
106.19320435602802,91518,213,443,7829,
106.19672951739656,91518,213,442,7830,
106.22528921623461,91518,213,441,7831,
106.22819841698526,91518,213,440,7832,
106.22978568681584,91518,212,441,7832,
106.2314328552446,91518,212,440,7833,
106.23376670839077,91518,212,439,7834,
106.24176023408845,91517,213,439,7834,
106.2432195179153,91516,214,439,7834,
106.24690539824547,91515,215,439,7834,
106.26746082568688,91515,214,440,7834,
106.28395474018214,91514,215,440,7834,
106.28399184944658,91514,214,441,7834,
106.29116205923833,91514,214,440,7835,
106.29906950772639,91513,215,440,7835,
106.30150040355579,91512,216,440,7835,
106.34214101213882,91511,217,440,7835,
106.34945297151319,91511,217,439,7836,
106.35462177837249,91511,217,438,7837,
106.36586112448799,91511,217,437,7838,
106.37790891508764,91510,218,437,7838,
106.3816325448336,91509,219,437,7838,
106.3819459092968,91509,219,436,7839,
106.38878261452604,91508,220,436,7839,
106.4006865061002,91508,220,435,7840,
106.40564168035064,91508,220,434,7841,
106.42272529579994,91507,221,434,7841,
106.4428545955781,91507,221,433,7842,
106.46046687542862,91507,221,432,7843,
106.47008422784499,91507,220,433,7843,
106.47273193626695,91506,221,433,7843,
106.47306707055627,91505,222,433,7843,
106.48703784404722,91504,223,433,7843,
106.48785590751947,91503,224,433,7843,
106.4975174058784,91503,223,434,7843,
106.5025982041214,91503,223,433,7844,
106.50973336663434,91503,222,434,7844,
106.5305907610294,91503,222,433,7845,
106.54447666657546,91502,223,433,7845,
106.55106718803194,91502,223,432,7846,
106.56048440191165,91502,222,433,7846,
106.56222956880495,91501,223,433,7846,
106.5669110625249,91501,223,432,7847,
106.577670492158,91501,223,431,7848,
106.58435672482943,91501,223,430,7849,
106.58679911814156,91501,223,429,7850,
106.5879196021013,91501,223,428,7851,
106.62548412195028,91501,222,429,7851,
106.64891785651365,91501,222,428,7852,
106.65209005282395,91500,223,428,7852,
106.66763589037063,91500,223,427,7853,
106.67128894308314,91499,224,427,7853,
106.67590582550723,91499,224,426,7854,
106.67715947044749,91499,223,427,7854,
106.67806502155577,91498,224,427,7854,
106.6815457289031,91498,223,428,7854,
106.68606635485057,91498,223,427,7855,
106.70790975339075,91498,223,426,7856,
106.70809476986028,91498,223,425,7857,
106.7160967894762,91498,222,426,7857,
106.71665852281266,91498,222,425,7858,
106.7300541260143,91498,221,426,7858,
106.73265458051984,91497,222,426,7858,
106.74806665368328,91496,223,426,7858,
106.75127463110607,91496,223,425,7859,
106.76262036597794,91495,224,425,7859,
106.76974424912919,91494,225,425,7859,
106.77014203909545,91493,226,425,7859,
106.80497115272576,91493,225,426,7859,
106.8064535404441,91493,224,427,7859,
106.81006259813685,91492,225,427,7859,
106.82865857909829,91492,224,428,7859,
106.8336115771361,91491,225,428,7859,
106.86301422529513,91491,224,429,7859,
106.88354190767855,91490,225,429,7859,
106.90164439399317,91490,225,428,7860,
106.90301574673583,91490,225,427,7861,
106.91059138691197,91490,225,426,7862,
106.93280828984483,91490,225,425,7863,
106.9714868012184,91489,226,425,7863,
106.97783982495376,91489,226,424,7864,
106.98595269371683,91489,225,425,7864,
106.98698115703564,91489,224,426,7864,
106.9876393621813,91488,225,426,7864,
106.98917045283923,91488,224,427,7864,
106.99383927786745,91488,224,426,7865,
106.99437772991087,91488,223,427,7865,
107.01704263581942,91487,224,427,7865,
107.02262689478647,91486,225,427,7865,
107.02786520593395,91485,226,427,7865,
107.02977952891405,91484,227,427,7865,
107.0355248264511,91484,226,428,7865,
107.03593658612584,91484,226,427,7866,
107.03746724881216,91484,226,426,7867,
107.03877787079952,91484,225,427,7867,
107.05296009599402,91483,226,427,7867,
107.05454625730681,91483,226,426,7868,
107.05886948010112,91483,225,427,7868,
107.06595669671546,91483,225,426,7869,
107.08306542990434,91482,226,426,7869,
107.08312854292176,91481,227,426,7869,
107.08489447158242,91481,227,425,7870,
107.09322257624771,91480,228,425,7870,
107.0937519287865,91480,228,424,7871,
107.0962794336009,91480,227,425,7871,
107.10049230393915,91480,227,424,7872,
107.10604294880333,91479,228,424,7872,
107.11042050996303,91479,227,425,7872,
107.11432592570429,91479,227,424,7873,
107.11474838200218,91478,228,424,7873,
107.1406116790266,91478,227,425,7873,
107.14079131565506,91477,228,425,7873,
107.1452833627828,91477,227,426,7873,
107.14715671631595,91477,226,427,7873,
107.15284350515799,91477,226,426,7874,
107.15320323044487,91477,225,427,7874,
107.15452692418505,91477,224,428,7874,
107.16585558167637,91476,225,428,7874,
107.16804455293877,91476,224,429,7874,
107.17322790003753,91476,223,430,7874,
107.17466383276391,91476,222,431,7874,
107.19291432597008,91475,223,431,7874,
107.20614868151958,91475,223,430,7875,
107.2074508795724,91474,224,430,7875,
107.21092795956136,91474,224,429,7876,
107.21533214437424,91474,223,430,7876,
107.21847806810845,91474,222,431,7876,
107.22388802708653,91474,221,432,7876,
107.24630364495894,91473,222,432,7876,
107.25082430429057,91473,221,433,7876,
107.25260595339313,91472,222,433,7876,
107.26396118601201,91472,221,434,7876,
107.26719843556668,91472,221,433,7877,
107.27429637739527,91472,221,432,7878,
107.31315099545293,91471,222,432,7878,
107.3146491778142,91470,223,432,7878,
107.32028902440146,91470,222,433,7878,
107.32587153927398,91470,221,434,7878,
107.3327497125347,91470,221,433,7879,
107.33320786386541,91470,220,434,7879,
107.33487338648195,91470,220,433,7880,
107.33697554412545,91470,220,432,7881,
107.34405193499518,91470,220,431,7882,
107.36434390592969,91469,221,431,7882,
107.38259046431648,91468,222,431,7882,
107.38384133972156,91468,222,430,7883,
107.3940633498328,91468,222,429,7884,
107.39675357911983,91468,221,430,7884,
107.40377424855564,91467,222,430,7884,
107.40400621274243,91467,221,431,7884,
107.43757899305199,91467,220,432,7884,
107.44822146831696,91467,220,431,7885,
107.45032453421476,91467,220,430,7886,
107.45104451001534,91467,219,431,7886,
107.46734337157301,91467,219,430,7887,
107.47408666566436,91467,219,429,7888,
107.47569811709332,91467,219,428,7889,
107.47989294363072,91466,220,428,7889,
107.48339379749956,91466,220,427,7890,
107.48397480275867,91465,221,427,7890,
107.48805163732342,91465,221,426,7891,
107.50404802972096,91465,220,427,7891,
107.50576375503445,91465,220,426,7892,
107.51019302059252,91464,221,426,7892,
107.52055944681251,91463,222,426,7892,
107.52542784551636,91463,221,427,7892,
107.52834351453131,91463,220,428,7892,
107.53508905611585,91463,219,429,7892,
107.55537580290544,91463,219,428,7893,
107.5644793029668,91463,219,427,7894,
107.56920956430051,91463,219,426,7895,
107.57113335598856,91463,218,427,7895,
107.57748547380108,91463,217,428,7895,
107.57937402742525,91463,216,429,7895,
107.58575179454604,91463,216,428,7896,
107.5924379978714,91463,216,427,7897,
107.5972413998187,91463,215,428,7897,
107.60227445801306,91463,215,427,7898,
107.60900821862371,91463,215,426,7899,
107.61469448964917,91462,216,426,7899,
107.6163088598789,91462,215,427,7899,
107.62014070038866,91462,215,426,7900,
107.63861900825239,91462,215,425,7901,
107.64465653172783,91462,215,424,7902,
107.65868273613572,91461,216,424,7902,
107.65966229587332,91460,217,424,7902,
107.66284155182505,91460,217,423,7903,
107.66702502300231,91460,216,424,7903,
107.66847787648557,91460,216,423,7904,
107.67687504611584,91460,215,424,7904,
107.68516690829088,91459,216,424,7904,
107.69499832109167,91459,216,423,7905,
107.7033976015643,91459,216,422,7906,
107.70471084837547,91458,217,422,7906,
107.71695565364281,91458,216,423,7906,
107.71813115686756,91457,217,423,7906,
107.72123409955996,91457,217,422,7907,
107.7217016582787,91457,216,423,7907,
107.7261317448464,91457,215,424,7907,
107.73858713525719,91457,214,425,7907,
107.74160782017458,91457,214,424,7908,
107.75082291791566,91456,215,424,7908,
107.78142708305069,91455,216,424,7908,
107.78948869841817,91455,216,423,7909,
107.79254292552542,91455,216,422,7910,
107.80001541735356,91455,216,421,7911,
107.80272092939184,91455,216,420,7912,
107.8035228476667,91454,217,420,7912,
107.80466319411522,91454,216,421,7912,
107.81781021003088,91454,215,422,7912,
107.82442705862708,91454,214,423,7912,
107.82625337934434,91453,215,423,7912,
107.83119715088478,91453,215,422,7913,
107.8367332676028,91453,214,423,7913,
107.84108876847425,91453,214,422,7914,
107.8476727365099,91452,215,422,7914,
107.85292069066031,91452,215,421,7915,
107.87379352026622,91452,214,422,7915,
107.8758998065401,91452,213,423,7915,
107.88329292870989,91452,212,424,7915,
107.89412695830393,91452,211,425,7915,
107.93007795165079,91452,210,426,7915,
107.93156434697119,91452,209,427,7915,
107.93617493254803,91452,208,428,7915,
107.94036607096064,91452,208,427,7916,
107.94353604846052,91452,208,426,7917,
107.95189355233411,91452,208,425,7918,
107.95838781647848,91451,209,425,7918,
107.95931861212014,91451,208,426,7918,
107.9758682620205,91451,208,425,7919,
107.98011012811197,91450,209,425,7919,
107.98571121667115,91449,210,425,7919,
107.99084916478046,91449,209,426,7919,
107.99376326233609,91449,208,427,7919,
108.04145837083527,91449,207,428,7919,
108.04257798691008,91449,206,429,7919,
108.04954670412452,91449,206,428,7920,
108.05215134181097,91449,206,427,7921,
108.05368191093697,91449,206,426,7922,
108.05434243966761,91448,207,426,7922,
108.05500445973824,91448,206,427,7922,
108.05816283501244,91448,206,426,7923,
108.06253590949925,91448,206,425,7924,
108.08116383672976,91448,206,424,7925,
108.09567720604532,91448,206,423,7926,
108.12408663760743,91448,205,424,7926,
108.14957715374487,91448,204,425,7926,
108.15074588331981,91448,204,424,7927,
108.15540723542341,91448,203,425,7927,
108.16092881764908,91448,203,424,7928,
108.1628543683109,91447,204,424,7928,
108.16775221386854,91447,203,425,7928,
108.16972346849866,91447,203,424,7929,
108.18773425734915,91447,203,423,7930,
108.19201442103171,91446,204,423,7930,
108.19596356577456,91445,205,423,7930,
108.23085455260363,91445,204,424,7930,
108.23254547498433,91444,205,424,7930,
108.2357600012916,91443,206,424,7930,
108.25508848365003,91443,205,425,7930,
108.26225721792457,91443,204,426,7930,
108.28253189355368,91442,205,426,7930,
108.2923900706385,91441,206,426,7930,
108.311749831233,91441,206,425,7931,
108.31245336795376,91441,205,426,7931,
108.32413304461465,91441,204,427,7931,
108.32902400686234,91441,203,428,7931,
108.3298188992987,91441,202,429,7931,
108.33020346983832,91440,203,429,7931,
108.33210884910673,91440,202,430,7931,
108.3348448061461,91440,201,431,7931,
108.34547444897916,91440,200,432,7931,
108.3524476053778,91440,199,433,7931,
108.35700837766132,91439,200,433,7931,
108.36192662300343,91439,200,432,7932,
108.36931299520401,91439,199,433,7932,
108.36974494690168,91439,198,434,7932,
108.37133755528919,91439,198,433,7933,
108.37234492318126,91439,197,434,7933,
108.37543112710092,91438,198,434,7933,
108.38446507197042,91438,198,433,7934,
108.38490889337717,91438,197,434,7934,
108.38591611973939,91438,197,433,7935,
108.41813269971624,91438,197,432,7936,
108.42353650212611,91437,198,432,7936,
108.43253874050862,91437,198,431,7937,
108.4339025013098,91437,197,432,7937,
108.43492148540483,91437,197,431,7938,
108.4434516955178,91437,197,430,7939,
108.4446370196136,91437,196,431,7939,
108.44560641443267,91437,196,430,7940,
108.44599035732433,91437,196,429,7941,
108.48727334628316,91436,197,429,7941,
108.49125106249284,91435,198,429,7941,
108.50433922846041,91435,198,428,7942,
108.51011875210519,91435,198,427,7943,
108.51419638840001,91434,199,427,7943,
108.52612295866541,91434,199,426,7944,
108.52688094248366,91433,200,426,7944,
108.55613493120869,91433,200,425,7945,
108.5663259067038,91433,199,426,7945,
108.57426577483805,91432,200,426,7945,
108.57559460488464,91432,199,427,7945,
108.57700103274291,91432,199,426,7946,
108.57711364297597,91431,200,426,7946,
108.5779300369779,91430,201,426,7946,
108.5806083765572,91430,200,427,7946,
108.58254722250165,91429,201,427,7946,
108.60517913645724,91429,201,426,7947,
108.61508822806768,91429,200,427,7947,
108.61986978069284,91429,199,428,7947,
108.62580629290612,91429,199,427,7948,
108.63879068490392,91428,200,427,7948,
108.64316426492915,91428,199,428,7948,
108.65754825840264,91427,200,428,7948,
108.66474518731086,91426,201,428,7948,
108.66899074753162,91426,200,429,7948,
108.70489437401413,91426,200,428,7949,
108.70728634872462,91425,201,428,7949,
108.71329471121491,91424,202,428,7949,
108.71457942083855,91423,203,428,7949,
108.72043062249645,91423,202,429,7949,
108.72148262883212,91423,202,428,7950,
108.72879954452807,91423,202,427,7951,
108.72946433591137,91423,201,428,7951,
108.75852330294849,91422,202,428,7951,
108.75934137681146,91422,201,429,7951,
108.76227964649829,91421,202,429,7951,
108.76795700060612,91421,202,428,7952,
108.76994941717204,91420,203,428,7952,
108.7735758090435,91420,202,429,7952,
108.77796364036308,91419,203,429,7952,
108.7799088219943,91419,203,428,7953,
108.78626298475784,91419,202,429,7953,
108.78846006011946,91419,202,428,7954,
108.79326281453999,91419,201,429,7954,
108.80241044130233,91418,202,429,7954,
108.80822200714263,91418,202,428,7955,
108.80908425563241,91418,202,427,7956,
108.81427854296825,91418,202,426,7957,
108.81474786621439,91418,201,427,7957,
108.8209746102016,91418,201,426,7958,
108.82514982981479,91417,202,426,7958,
108.82798087560556,91416,203,426,7958,
108.83708747633437,91416,202,427,7958,
108.83726292579836,91416,201,428,7958,
108.84678101926437,91416,201,427,7959,
108.8493065795831,91416,201,426,7960,
108.8742741694086,91416,201,425,7961,
108.87909687154368,91416,200,426,7961,
108.8811702248694,91415,201,426,7961,
108.90313196888735,91415,201,425,7962,
108.90416667608805,91415,201,424,7963,
108.92059606935008,91415,201,423,7964,
108.92259878439869,91415,201,422,7965,
108.92835879826461,91415,200,423,7965,
108.93974144308429,91415,200,422,7966,
108.9421609629285,91415,200,421,7967,
108.94719774249971,91415,200,420,7968,
108.94734544043013,91415,199,421,7968,
108.94839045979282,91415,198,422,7968,
108.95437674878188,91415,197,423,7968,
108.957992420693,91415,197,422,7969,
108.97766104507998,91415,196,423,7969,
108.97894403378962,91415,196,422,7970,
108.9869137906725,91414,197,422,7970,
108.98929525952003,91413,198,422,7970,
108.9958975592452,91413,197,423,7970,
109.00771885659594,91413,196,424,7970,
109.00812948525714,91412,197,424,7970,
109.01136562597225,91411,198,424,7970,
109.0128267476756,91410,199,424,7970,
109.01866327199842,91409,200,424,7970,
109.03099795683613,91409,200,423,7971,
109.03656662459541,91409,200,422,7972,
109.04256034687502,91408,201,422,7972,
109.06250361094463,91408,201,421,7973,
109.06384071124641,91408,201,420,7974,
109.06869997294922,91408,201,419,7975,
109.06880206143879,91407,202,419,7975,
109.08177194391351,91407,201,420,7975,
109.08415633149441,91406,202,420,7975,
109.09250619838511,91406,201,421,7975,
109.10955176908212,91405,202,421,7975,
109.12176187408147,91405,202,420,7976,
109.1395377213582,91405,202,419,7977,
109.15307339169816,91404,203,419,7977,
109.17042934840829,91403,204,419,7977,
109.18430929177991,91403,204,418,7978,
109.19345494275568,91403,203,419,7978,
109.2005614070558,91402,204,419,7978,
109.20190443129343,91401,205,419,7978,
109.21208051192623,91401,205,418,7979,
109.21799208627476,91400,206,418,7979,
109.22463988185083,91399,207,418,7979,
109.24832845303337,91399,206,419,7979,
109.25601883054271,91399,206,418,7980,
109.25704330321747,91399,205,419,7980,
109.26593492413703,91399,204,420,7980,
109.26704355888899,91398,205,420,7980,
109.27057615418556,91398,205,419,7981,
109.29679231903683,91398,205,418,7982,
109.32324602544206,91397,206,418,7982,
109.33398671069519,91397,205,419,7982,
109.33517015040667,91396,206,419,7982,
109.34573125049451,91396,206,418,7983,
109.36149323835714,91396,205,419,7983,
109.36643773716786,91396,205,418,7984,
109.37635455884129,91396,205,417,7985,
109.37664541241425,91396,204,418,7985,
109.38632743916061,91396,203,419,7985,
109.3885704591645,91395,204,419,7985,
109.40772147428024,91395,204,418,7986,
109.412565711256,91395,204,417,7987,
109.42038188407568,91395,203,418,7987,
109.43597803192836,91395,203,417,7988,
109.44191644676198,91395,202,418,7988,
109.51427610920464,91395,201,419,7988,
109.51894967559862,91395,201,418,7989,
109.52378226509799,91395,200,419,7989,
109.52893066556211,91395,200,418,7990,
109.53067557352794,91395,199,419,7990,
109.53337336589335,91395,199,418,7991,
109.55227030130806,91394,200,418,7991,
109.5534297460441,91394,199,419,7991,
109.56854246771306,91394,199,418,7992,
109.5721776354996,91394,198,419,7992,
109.57794101073523,91394,197,420,7992,
109.59339995341206,91394,197,419,7993,
109.60300824047734,91394,197,418,7994,
109.62560509998664,91393,198,418,7994,
109.62948833585476,91392,199,418,7994,
109.64111582394045,91392,199,417,7995,
109.64314941885665,91392,199,416,7996,
109.66139301227521,91392,198,417,7996,
109.66145739273436,91392,197,418,7996,
109.6632405276662,91392,197,417,7997,
109.67066534400254,91392,197,416,7998,
109.67997152026514,91391,198,416,7998,
109.68492701547609,91390,199,416,7998,
109.69099132794354,91390,198,417,7998,
109.69298442700362,91390,198,416,7999,
109.7275777781042,91389,199,416,7999,
109.73075605036554,91389,199,415,8000,
109.73730608567634,91389,199,414,8001,
109.74016893827135,91389,198,415,8001,
109.74870913521778,91389,198,414,8002,
109.75384277942636,91389,198,413,8003,
109.7570163870673,91389,198,412,8004,
109.7679946605223,91389,198,411,8005,
109.78838803355697,91389,198,410,8006,
109.78844407555754,91388,199,410,8006,
109.79340199701745,91388,199,409,8007,
109.79475691779368,91388,199,408,8008,
109.79837563784174,91388,199,407,8009,
109.80497486420258,91388,199,406,8010,
109.8064811389923,91388,198,407,8010,
109.8114473339967,91388,197,408,8010,
109.81760244817639,91387,198,408,8010,
109.8193889306909,91386,199,408,8010,
109.81987244792116,91386,198,409,8010,
109.82365070197034,91386,198,408,8011,
109.8264491656776,91386,198,407,8012,
109.8289876004292,91386,197,408,8012,
109.84396538683058,91386,197,407,8013,
109.87384217143179,91386,197,406,8014,
109.87731222666764,91386,197,405,8015,
109.87896810287555,91386,197,404,8016,
109.88943108981739,91386,196,405,8016,
109.88971791706521,91385,197,405,8016,
109.89401343518945,91385,197,404,8017,
109.8988172359712,91384,198,404,8017,
109.9308747177616,91384,197,405,8017,
109.93622347505452,91384,196,406,8017,
109.96895837237898,91383,197,406,8017,
109.96952369765602,91383,196,407,8017,
109.97145806200317,91383,195,408,8017,
109.98715080928925,91382,196,408,8017,
109.99473319344575,91381,197,408,8017,
109.99858838329725,91380,198,408,8017,
110.01712599625837,91379,199,408,8017,
110.01774020044762,91379,198,409,8017,
110.01881096100216,91378,199,409,8017,
110.03803776065915,91378,198,410,8017,
110.03993713103036,91378,197,411,8017,
110.04583157729076,91378,196,412,8017,
110.04792093855558,91378,196,411,8018,
110.04870012692878,91378,196,410,8019,
110.06309409376345,91378,195,411,8019,
110.08911324741132,91378,195,410,8020,
110.09178428927157,91378,194,411,8020,
110.09301784084107,91378,193,412,8020,
110.11178916113126,91378,192,413,8020,
110.1163041312166,91378,192,412,8021,
110.11933170174565,91377,193,412,8021,
110.12747055408684,91377,193,411,8022,
110.1400260176273,91376,194,411,8022,
110.14502883396464,91376,194,410,8023,
110.15361328521368,91375,195,410,8023,
110.15530111596678,91375,195,409,8024,
110.1579583685256,91375,194,410,8024,
110.15891034241533,91375,194,409,8025,
110.16532979156756,91375,193,410,8025,
110.16639329128787,91375,193,409,8026,
110.18481412147891,91374,194,409,8026,
110.18830555558046,91374,193,410,8026,
110.20200710170592,91374,192,411,8026,
110.20560291705708,91374,192,410,8027,
110.21482659699765,91374,192,409,8028,
110.22281169525509,91374,192,408,8029,
110.22332071734218,91373,193,408,8029,
110.22412326238911,91373,193,407,8030,
110.22849932682027,91372,194,407,8030,
110.22932794198904,91372,194,406,8031,
110.24289640170524,91372,193,407,8031,
110.24396326254397,91372,193,406,8032,
110.252012994775,91371,194,406,8032,
110.26724837581935,91371,194,405,8033,
110.27317545673233,91371,194,404,8034,
110.27553941911414,91371,194,403,8035,
110.27560098753777,91371,193,404,8035,
110.2776692282775,91371,192,405,8035,
110.30091962141798,91371,191,406,8035,
110.30379218225302,91371,191,405,8036,
110.30385585240776,91371,190,406,8036,
110.3090116799895,91370,191,406,8036,
110.30924490651154,91370,191,405,8037,
110.31181652822502,91369,192,405,8037,
110.34794803077978,91369,191,406,8037,
110.36561218877775,91369,191,405,8038,
110.38566000902922,91369,190,406,8038,
110.40125748999085,91369,189,407,8038,
110.4051880235727,91368,190,407,8038,
110.41258940559932,91368,189,408,8038,
110.41305903908041,91367,190,408,8038,
110.4154932392826,91367,190,407,8039,
110.44137649310602,91367,190,406,8040,
110.46761337380359,91366,191,406,8040,
110.47096830697411,91366,191,405,8041,
110.48463276317362,91366,190,406,8041,
110.48507580818237,91366,190,405,8042,
110.49687225499042,91366,189,406,8042,
110.50605652785305,91366,189,405,8043,
110.51284999355738,91366,189,404,8044,
110.51979051188093,91366,188,405,8044,
110.52852565240741,91366,188,404,8045,
110.53134709047029,91366,188,403,8046,
110.53136829999279,91366,187,404,8046,
110.5341964335881,91365,188,404,8046,
110.54270612231012,91365,187,405,8046,
110.56215959878134,91365,186,406,8046,
110.5646790665849,91365,186,405,8047,
110.56779796460847,91365,185,406,8047,
110.57074583813421,91365,184,407,8047,
110.59848012471063,91365,184,406,8048,
110.60169936318496,91365,184,405,8049,
110.62932156512068,91365,184,404,8050,
110.63600050743096,91365,184,403,8051,
110.65313643032478,91364,185,403,8051,
110.6532749051702,91363,186,403,8051,
110.65993714940691,91363,185,404,8051,
110.6603550008262,91363,185,403,8052,
110.66498043013215,91363,184,404,8052,
110.66753518353417,91362,185,404,8052,
110.69048558504811,91362,184,405,8052,
110.70424820105384,91362,184,404,8053,
110.72130671197635,91361,185,404,8053,
110.72174371282067,91361,185,403,8054,
110.73549144753011,91360,186,403,8054,
110.74562351421511,91360,186,402,8055,
110.7493266737671,91360,186,401,8056,
110.76012700295495,91360,185,402,8056,
110.77338807758572,91359,186,402,8056,
110.77530585797678,91358,187,402,8056,
110.77881096032023,91358,186,403,8056,
110.78349973159347,91358,185,404,8056,
110.78531298869446,91358,185,403,8057,
110.7872686428356,91357,186,403,8057,
110.79118174346416,91357,186,402,8058,
110.79693304119,91357,185,403,8058,
110.79929993691883,91356,186,403,8058,
110.81368329794185,91356,185,404,8058,
110.814721477757,91356,184,405,8058,
110.82876431267587,91355,185,405,8058,
110.8341693023161,91355,184,406,8058,
110.83763817338262,91355,183,407,8058,
110.83918367442236,91355,183,406,8059,
110.84786193888893,91354,184,406,8059,
110.84862504094497,91354,184,405,8060,
110.85087292290754,91353,185,405,8060,
110.85087360177181,91353,184,406,8060,
110.87087149665861,91353,184,405,8061,
110.87128681681315,91353,184,404,8062,
110.88901239600659,91353,183,405,8062,
110.88990498837592,91352,184,405,8062,
110.89173099505352,91352,183,406,8062,
110.89799482942364,91351,184,406,8062,
110.89919966004346,91350,185,406,8062,
110.9047756670423,91350,185,405,8063,
110.92964598105819,91350,184,406,8063,
110.9309355630709,91349,185,406,8063,
110.93920887061445,91349,185,405,8064,
110.94634928966249,91349,184,406,8064,
110.94695691153193,91349,184,405,8065,
110.95109196794276,91349,184,404,8066,
110.95236378407621,91349,183,405,8066,
110.96156585772152,91349,182,406,8066,
110.96289917858738,91349,181,407,8066,
110.97616466516543,91349,180,408,8066,
110.99215714815534,91349,180,407,8067,
110.99585377707024,91348,181,407,8067,
111.00589724197174,91347,182,407,8067,
111.02279284188114,91347,182,406,8068,
111.02518816800331,91347,182,405,8069,
111.02938400435008,91347,181,406,8069,
111.04991831686509,91347,181,405,8070,
111.06500132265563,91346,182,405,8070,
111.06826050516618,91345,183,405,8070,
111.07676196419095,91344,184,405,8070,
111.09055759931043,91343,185,405,8070,
111.09888261570048,91342,186,405,8070,
111.10174154105823,91342,185,406,8070,
111.10322843557448,91341,186,406,8070,
111.11362259793088,91341,186,405,8071,
111.12055241804721,91341,186,404,8072,
111.12613151453453,91341,186,403,8073,
111.13059790225,91341,186,402,8074,
111.13516329624943,91341,186,401,8075,
111.1391391354187,91341,186,400,8076,
111.15175136180609,91341,185,401,8076,
111.15949660115561,91341,185,400,8077,
111.16703817639008,91340,186,400,8077,
111.1717221998777,91340,186,399,8078,
111.17567987960904,91339,187,399,8078,
111.1875834988528,91338,188,399,8078,
111.20665465043567,91337,189,399,8078,
111.2191056678976,91337,188,400,8078,
111.22403535147392,91337,187,401,8078,
111.2259453104019,91337,186,402,8078,
111.23787091099643,91336,187,402,8078,
111.26487430070881,91336,186,403,8078,
111.2702615200849,91335,187,403,8078,
111.27273434439513,91335,186,404,8078,
111.27275020516602,91335,185,405,8078,
111.2760831547235,91335,185,404,8079,
111.27674509170572,91335,184,405,8079,
111.27757490814044,91335,183,406,8079,
111.27842521417992,91334,184,406,8079,
111.28058152245525,91334,184,405,8080,
111.28779044772897,91334,184,404,8081,
111.29175010636854,91333,185,404,8081,
111.29977281944419,91332,186,404,8081,
111.30282479917858,91332,185,405,8081,
111.30993219457716,91331,186,405,8081,
111.31238001773005,91331,186,404,8082,
111.34739955293514,91330,187,404,8082,
111.34954563820021,91329,188,404,8082,
111.36172875811862,91328,189,404,8082,
111.36518948244519,91328,189,403,8083,
111.37766772752535,91328,189,402,8084,
111.37784966892207,91327,190,402,8084,
111.38174469241223,91327,189,403,8084,
111.3852008059999,91327,189,402,8085,
111.39464942500025,91327,188,403,8085,
111.39718829698029,91327,187,404,8085,
111.3995833451558,91326,188,404,8085,
111.40442687944407,91325,189,404,8085,
111.4054119451834,91325,189,403,8086,
111.418073691936,91325,189,402,8087,
111.42169079076636,91324,190,402,8087,
111.42714165987661,91323,191,402,8087,
111.42758107767253,91323,191,401,8088,
111.42803557472834,91323,190,402,8088,
111.42984925249371,91322,191,402,8088,
111.43052898707919,91321,192,402,8088,
111.43154735469966,91321,191,403,8088,
111.43228873462367,91321,190,404,8088,
111.4493358088694,91321,189,405,8088,
111.45152104925234,91320,190,405,8088,
111.45676758925055,91319,191,405,8088,
111.46269930844485,91319,191,404,8089,
111.47411382894661,91319,190,405,8089,
111.47412493212278,91319,190,404,8090,
111.48882283030106,91319,189,405,8090,
111.49461497891824,91319,188,406,8090,
111.50312873746356,91318,189,406,8090,
111.50572566262052,91318,188,407,8090,
111.50895196459788,91318,188,406,8091,
111.51015900942049,91318,188,405,8092,
111.51193402181055,91318,187,406,8092,
111.51668588373805,91318,187,405,8093,
111.52301203185311,91317,188,405,8093,
111.52370714741218,91316,189,405,8093,
111.52539275873875,91316,188,406,8093,
111.52581165566534,91315,189,406,8093,
111.5299824005653,91315,188,407,8093,
111.54381262504681,91315,187,408,8093,
111.54738356234067,91315,187,407,8094,
111.56943399285757,91315,186,408,8094,
111.60699713938386,91314,187,408,8094,
111.60763389742192,91313,188,408,8094,
111.64055501541682,91313,188,407,8095,
111.64139890811578,91312,189,407,8095,
111.64748995675089,91311,190,407,8095,
111.66718024322931,91310,191,407,8095,
111.67237248448201,91309,192,407,8095,
111.68267834620053,91308,193,407,8095,
111.68704289380838,91308,193,406,8096,
111.68926685103017,91308,192,407,8096,
111.71416159151357,91308,192,406,8097,
111.72337572655854,91308,192,405,8098,
111.7272564964439,91308,192,404,8099,
111.7421902814099,91308,191,405,8099,
111.77664306263189,91308,190,406,8099,
111.78404341659376,91308,190,405,8100,
111.79064371233676,91308,190,404,8101,
111.7912807453017,91308,190,403,8102,
111.85206298798448,91307,191,403,8102,
111.85769650725386,91307,191,402,8103,
111.8584564787503,91307,191,401,8104,
111.86097434653676,91307,191,400,8105,
111.86680118352803,91307,191,399,8106,
111.8757208708659,91307,190,400,8106,
111.87643425868947,91306,191,400,8106,
111.88021898966238,91306,190,401,8106,
111.88036697360118,91306,190,400,8107,
111.88589765667801,91306,190,399,8108,
111.90512943152723,91306,190,398,8109,
111.91250557665774,91306,189,399,8109,
111.92450837306328,91306,189,398,8110,
111.93728826025811,91306,188,399,8110,
111.9565346152788,91306,188,398,8111,
111.96347507910002,91306,188,397,8112,
111.96406365190059,91306,188,396,8113,
111.97900409696193,91306,187,397,8113,
111.98617551589649,91306,187,396,8114,
112.00633628131776,91306,186,397,8114,
112.0130133062768,91305,187,397,8114,
112.03222182213587,91305,187,396,8115,
112.03570653872714,91305,186,397,8115,
112.05225855660773,91305,185,398,8115,
112.05274757219065,91304,186,398,8115,
112.0535019345838,91304,186,397,8116,
112.05819707760499,91304,185,398,8116,
112.06307070465415,91304,184,399,8116,
112.06756285332216,91303,185,399,8116,
112.09142862739101,91303,184,400,8116,
112.09294278818541,91303,184,399,8117,
112.0969280196801,91302,185,399,8117,
112.10832107752736,91302,185,398,8118,
112.11536626671128,91302,185,397,8119,
112.11859214377087,91302,184,398,8119,
112.12507563624062,91301,185,398,8119,
112.15617752892618,91301,185,397,8120,
112.17651251214744,91301,185,396,8121,
112.1772897438795,91301,185,395,8122,
112.17896203324472,91301,185,394,8123,
112.18017517565845,91301,185,393,8124,
112.18075688231599,91301,184,394,8124,
112.1850623145044,91301,184,393,8125,
112.193337395235,91301,184,392,8126,
112.19381518624004,91300,185,392,8126,
112.20319023248656,91300,185,391,8127,
112.20519811036999,91300,185,390,8128,
112.20848683163537,91300,185,389,8129,
112.22253729895058,91300,184,390,8129,
112.22410041891109,91300,184,389,8130,
112.22680843684658,91300,184,388,8131,
112.2312222099044,91300,184,387,8132,
112.24189463926875,91300,184,386,8133,
112.26455800232054,91300,183,387,8133,
112.27628130353959,91300,183,386,8134,
112.28204996502768,91300,182,387,8134,
112.30042390882171,91300,182,386,8135,
112.30258707951663,91300,181,387,8135,
112.32011559777412,91299,182,387,8135,
112.32445801266448,91298,183,387,8135,
112.32843787811105,91298,182,388,8135,
112.33404330888536,91297,183,388,8135,
112.34572714189045,91297,183,387,8136,
112.35668633609859,91297,183,386,8137,
112.36932260210972,91297,183,385,8138,
112.37976933728812,91297,183,384,8139,
112.38184357722317,91296,184,384,8139,
112.38758633219369,91296,184,383,8140,
112.39260833391884,91296,183,384,8140,
112.40073583098354,91295,184,384,8140,
112.40378760799587,91294,185,384,8140,
112.40660348418861,91294,184,385,8140,
112.41653007274807,91294,183,386,8140,
112.41789114674418,91294,183,385,8141,
112.42913050229846,91294,183,384,8142,
112.4323410395585,91293,184,384,8142,
112.43429944194037,91292,185,384,8142,
112.43491137892875,91291,186,384,8142,
112.4396499969274,91290,187,384,8142,
112.44586394895741,91289,188,384,8142,
112.44912204919198,91289,187,385,8142,
112.46206260681738,91289,186,386,8142,
112.47583056649428,91288,187,386,8142,
112.4873622662496,91288,187,385,8143,
112.4884002607358,91288,186,386,8143,
112.49509417715686,91288,185,387,8143,
112.49720141641505,91288,184,388,8143,
112.4994393904214,91288,184,387,8144,
112.50125478133334,91287,185,387,8144,
112.5112534236006,91286,186,387,8144,
112.52054397789665,91285,187,387,8144,
112.52922024441779,91285,186,388,8144,
112.53216707238683,91285,185,389,8144,
112.53697621315457,91285,184,390,8144,
112.5406768421578,91284,185,390,8144,
112.5489072811801,91284,184,391,8144,
112.55116187235078,91284,184,390,8145,
112.55301141313393,91284,184,389,8146,
112.55685043695624,91283,185,389,8146,
112.56505220853066,91283,185,388,8147,
112.58788380975106,91282,186,388,8147,
112.60063054525872,91282,185,389,8147,
112.6008621061248,91281,186,389,8147,
112.60368035615384,91281,186,388,8148,
112.61083251866674,91281,186,387,8149,
112.61312639599741,91281,186,386,8150,
112.61931935092468,91280,187,386,8150,
112.63902920489214,91279,188,386,8150,
112.64091354884435,91278,189,386,8150,
112.64590690206099,91278,189,385,8151,
112.65902417467902,91278,188,386,8151,
112.66911876402062,91278,188,385,8152,
112.66959327388636,91278,188,384,8153,
112.6772532119522,91277,189,384,8153,
112.68066616700773,91277,189,383,8154,
112.6833353470704,91276,190,383,8154,
112.68475748777408,91275,191,383,8154,
112.6885140005168,91275,191,382,8155,
112.69518303035626,91275,191,381,8156,
112.69877502932239,91274,192,381,8156,
112.70700514615672,91273,193,381,8156,
112.70831225764489,91273,192,382,8156,
112.7202677008309,91273,191,383,8156,
112.72338466560178,91272,192,383,8156,
112.73004240901291,91272,192,382,8157,
112.74457792769195,91271,193,382,8157,
112.75176427949182,91271,192,383,8157,
112.76694674927683,91270,193,383,8157,
112.77974950622297,91269,194,383,8157,
112.78649172974053,91269,194,382,8158,
112.79736297371916,91269,194,381,8159,
112.8152045176246,91269,194,380,8160,
112.82140977862862,91269,193,381,8160,
112.82378918949466,91269,192,382,8160,
112.82719453488208,91269,192,381,8161,
112.82955979672558,91269,192,380,8162,
112.84112324208803,91268,193,380,8162,
112.85094302085562,91268,193,379,8163,
112.8608813138755,91268,193,378,8164,
112.86508788714532,91268,193,377,8165,
112.87251926919207,91267,194,377,8165,
112.89896495694757,91267,194,376,8166,
112.91736981876579,91266,195,376,8166,
112.94452664722314,91265,196,376,8166,
112.95783196153886,91265,196,375,8167,
112.96569412251269,91265,196,374,8168,
112.98289434521318,91265,196,373,8169,
112.98993128276149,91265,196,372,8170,
112.99236168357295,91265,195,373,8170,
112.99619493137286,91265,195,372,8171,
112.99911581206837,91265,194,373,8171,
113.0028063839176,91265,194,372,8172,
113.0120545514096,91265,194,371,8173,
113.02138636500442,91264,195,371,8173,
113.02875065182393,91264,195,370,8174,
113.03111353806678,91264,194,371,8174,
113.04062903194179,91264,193,372,8174,
113.04554511994047,91264,192,373,8174,
113.06385275979662,91264,191,374,8174,
113.08061065091526,91264,191,373,8175,
113.08384461023158,91264,190,374,8175,
113.08599335032507,91263,191,374,8175,
113.08626278768355,91263,191,373,8176,
113.10109446356117,91263,190,374,8176,
113.11089208599023,91262,191,374,8176,
113.11240300996144,91262,190,375,8176,
113.12395847907545,91262,189,376,8176,
113.1305686970515,91261,190,376,8176,
113.15389563447415,91260,191,376,8176,
113.1908773113131,91260,190,377,8176,
113.20471484593908,91259,191,377,8176,
113.20961345975935,91259,191,376,8177,
113.21829249363597,91259,191,375,8178,
113.22878986034391,91259,190,376,8178,
113.2360108937444,91258,191,376,8178,
113.24925579242097,91258,190,377,8178,
113.25292982850968,91258,190,376,8179,
113.25294970117945,91258,190,375,8180,
113.25452013360595,91258,189,376,8180,
113.25830520331772,91258,188,377,8180,
113.27668071944736,91257,189,377,8180,
113.29534209300608,91257,188,378,8180,
113.29943997727305,91257,188,377,8181,
113.30917301846371,91257,188,376,8182,
113.31669067237802,91257,188,375,8183,
113.31906340688256,91257,187,376,8183,
113.32014283282315,91257,186,377,8183,
113.32400263186773,91257,185,378,8183,
113.32612733054161,91257,184,379,8183,
113.32876090783563,91257,183,380,8183,
113.33553981862495,91257,182,381,8183,
113.33604560189008,91257,181,382,8183,
113.33619159657393,91257,180,383,8183,
113.3501778561561,91256,181,383,8183,
113.35191661850153,91255,182,383,8183,
113.37011510373898,91255,182,382,8184,
113.41422555702623,91255,181,383,8184,
113.42138198314713,91254,182,383,8184,
113.44115972993964,91254,181,384,8184,
113.44187459603761,91253,182,384,8184,
113.45378861299996,91253,182,383,8185,
113.47202807854191,91253,181,384,8185,
113.47400776829613,91252,182,384,8185,
113.49228747444987,91252,182,383,8186,
113.50548624689898,91251,183,383,8186,
113.52195133845967,91251,183,382,8187,
113.53019582216677,91251,182,383,8187,
113.53615338098889,91251,182,382,8188,
113.53932056587568,91251,181,383,8188,
113.55645186883721,91251,181,382,8189,
113.56170569809596,91250,182,382,8189,
113.57351768251793,91250,181,383,8189,
113.59437594926698,91250,181,382,8190,
113.60071953774266,91250,180,383,8190,
113.61278481809502,91250,179,384,8190,
113.62078655785092,91250,179,383,8191,
113.62823057362678,91250,179,382,8192,
113.62949917864121,91250,179,381,8193,
113.63550846002431,91250,178,382,8193,
113.64605945433729,91249,179,382,8193,
113.64765827616964,91249,179,381,8194,
113.65320961195715,91248,180,381,8194,
113.65518628270723,91248,180,380,8195,
113.66914081107,91248,180,379,8196,
113.6845162730889,91248,180,378,8197,
113.68501774010363,91248,180,377,8198,
113.71287959471334,91248,180,376,8199,
113.71840639045602,91248,179,377,8199,
113.71852713463673,91248,179,376,8200,
113.72127021593475,91248,178,377,8200,
113.72598446786075,91248,177,378,8200,
113.72624219464757,91247,178,378,8200,
113.72804601419944,91247,177,379,8200,
113.72920221269817,91247,176,380,8200,
113.73008730240758,91246,177,380,8200,
113.75542268645185,91245,178,380,8200,
113.76417646322024,91245,178,379,8201,
113.76467392028745,91244,179,379,8201,
113.76656577358631,91243,180,379,8201,
113.77068087306759,91242,181,379,8201,
113.77197701152895,91241,182,379,8201,
113.78077941229205,91241,182,378,8202,
113.79636681922271,91241,182,377,8203,
113.8048777787878,91240,183,377,8203,
113.8105580403289,91240,182,378,8203,
113.83079801918456,91239,183,378,8203,
113.83217865317526,91239,183,377,8204,
113.83344956481938,91239,183,376,8205,
113.83734795032099,91239,182,377,8205,
113.84247084924371,91239,181,378,8205,
113.84687579862336,91238,182,378,8205,
113.84856552548068,91238,181,379,8205,
113.8539151554947,91238,180,380,8205,
113.87620092061756,91238,179,381,8205,
113.87764624064786,91238,179,380,8206,
113.88795702783892,91237,180,380,8206,
113.89435610008199,91237,179,381,8206,
113.91103473885204,91237,178,382,8206,
113.92156354404423,91236,179,382,8206,
113.92471957066103,91235,180,382,8206,
113.93608567705513,91235,180,381,8207,
113.93843584972544,91235,179,382,8207,
113.95291169696823,91235,179,381,8208,
113.95310596111656,91235,178,382,8208,
113.95711725775799,91235,178,381,8209,
113.96357315067989,91235,178,380,8210,
113.97795459663939,91234,179,380,8210,
113.98577329180559,91234,179,379,8211,
113.9888230220478,91234,179,378,8212,
113.99036935535399,91234,179,377,8213,
113.99314191003867,91233,180,377,8213,
114.01074602086871,91233,179,378,8213,
114.02340271952501,91232,180,378,8213,
114.03722120718024,91232,180,377,8214,
114.04285086135404,91232,179,378,8214,
114.04920750240757,91232,178,379,8214,
114.04979682348018,91231,179,379,8214,
114.05037219613996,91231,179,378,8215,
114.05207942309765,91231,179,377,8216,
114.05224251910371,91231,179,376,8217,
114.05328357889347,91231,178,377,8217,
114.09318501899108,91231,177,378,8217,
114.09737097547863,91231,177,377,8218,
114.10510950561692,91230,178,377,8218,
114.10613665776265,91230,177,378,8218,
114.1106146704402,91230,177,377,8219,
114.11253320008363,91230,176,378,8219,
114.11781148453231,91230,175,379,8219,
114.1183447726819,91230,175,378,8220,
114.11919203616549,91229,176,378,8220,
114.12754474194142,91228,177,378,8220,
114.13156249043159,91228,177,377,8221,
114.1329768067104,91228,177,376,8222,
114.13974111390873,91228,176,377,8222,
114.17636623761561,91227,177,377,8222,
114.18747063003838,91227,177,376,8223,
114.19330852294773,91227,176,377,8223,
114.20517776620125,91226,177,377,8223,
114.21317663770552,91225,178,377,8223,
114.21396811652922,91225,177,378,8223,
114.21593150471926,91224,178,378,8223,
114.22676574614748,91224,178,377,8224,
114.23005802983438,91224,178,376,8225,
114.25874081945602,91223,179,376,8225,
114.26264213293335,91222,180,376,8225,
114.28073481955914,91222,180,375,8226,
114.2960353579036,91221,181,375,8226,
114.3058534184032,91220,182,375,8226,
114.31033102116852,91219,183,375,8226,
114.31306649642215,91219,182,376,8226,
114.31810582240723,91219,181,377,8226,
114.3330752018348,91219,181,376,8227,
114.33729101719715,91218,182,376,8227,
114.33884916295659,91218,182,375,8228,
114.37048035369729,91218,182,374,8229,
114.37479343383436,91217,183,374,8229,
114.37583836846024,91217,182,375,8229,
114.3810629648058,91217,181,376,8229,
114.38458927781409,91217,180,377,8229,
114.38490948794129,91216,181,377,8229,
114.40137697540158,91216,180,378,8229,
114.40628369736648,91216,180,377,8230,
114.40653936155451,91216,179,378,8230,
114.41756617388127,91216,178,379,8230,
114.41989870483415,91216,178,378,8231,
114.45326924901765,91215,179,378,8231,
114.45407484444685,91215,178,379,8231,
114.48170991299044,91215,177,380,8231,
114.48255555782954,91215,176,381,8231,
114.49247461472125,91214,177,381,8231,
114.49872433420285,91214,176,382,8231,
114.50168905343604,91214,176,381,8232,
114.50373956935348,91214,175,382,8232,
114.50433525452165,91213,176,382,8232,
114.51127289229811,91212,177,382,8232,
114.51352477449463,91211,178,382,8232,
114.52191262762258,91211,177,383,8232,
114.5229135175687,91211,177,382,8233,
114.5381491278493,91211,177,381,8234,
114.56673847975554,91210,178,381,8234,
114.5702100935187,91210,177,382,8234,
114.5811010500511,91210,176,383,8234,
114.59058870057305,91210,175,384,8234,
114.59597657303121,91210,175,383,8235,
114.6007686824756,91210,174,384,8235,
114.60668867979616,91209,175,384,8235,
114.63503601571222,91209,175,383,8236,
114.65285998439298,91209,174,384,8236,
114.65727238601836,91209,173,385,8236,
114.66277640819875,91209,172,386,8236,
114.67576366203922,91209,171,387,8236,
114.67730886272805,91209,171,386,8237,
114.68657812602135,91209,170,387,8237,
114.68727966394744,91209,170,386,8238,
114.70454748833284,91208,171,386,8238,
114.70674650001212,91208,170,387,8238,
114.7163939715705,91208,169,388,8238,
114.72015178297933,91208,169,387,8239,
114.72168971116484,91207,170,387,8239,
114.72450239297213,91207,170,386,8240,
114.72526691034112,91207,169,387,8240,
114.72919968369644,91206,170,387,8240,
114.73179276458721,91206,170,386,8241,
114.73347111982123,91206,169,387,8241,
114.73432507042466,91206,168,388,8241,
114.73803182597646,91206,168,387,8242,
114.74536049866822,91206,168,386,8243,
114.74740778523088,91206,168,385,8244,
114.74743822123497,91206,168,384,8245,
114.76192122933746,91206,167,385,8245,
114.77509748159049,91205,168,385,8245,
114.78470598877428,91205,168,384,8246,
114.79240436155095,91205,167,385,8246,
114.80001806312964,91205,166,386,8246,
114.81067518348402,91204,167,386,8246,
114.85834603828293,91204,166,387,8246,
114.86302688282852,91204,166,386,8247,
114.87967615968763,91203,167,386,8247,
114.88135600217981,91203,166,387,8247,
114.88434374188881,91202,167,387,8247,
114.9119072377404,91201,168,387,8247,
114.91321264533441,91201,167,388,8247,
114.93646796387152,91201,167,387,8248,
114.93766449032537,91201,166,388,8248,
114.95410182425613,91201,166,387,8249,
114.96719124869337,91201,166,386,8250,
114.9688208620257,91201,166,385,8251,
114.97881042755041,91200,167,385,8251,
114.98432771116843,91199,168,385,8251,
114.98900685960207,91199,168,384,8252,
114.98978085292948,91199,168,383,8253,
115.0030612395146,91198,169,383,8253,
115.01669913284847,91198,168,384,8253,
115.05277776981968,91198,167,385,8253,
115.05293635747218,91198,166,386,8253,
115.05572238748783,91197,167,386,8253,
115.0612218905524,91196,168,386,8253,
115.08462441369373,91196,168,385,8254,
115.09474466295198,91196,168,384,8255,
115.10503613318899,91195,169,384,8255,
115.12690055694868,91195,169,383,8256,
115.1347092054769,91194,170,383,8256,
115.14423551679816,91194,169,384,8256,
115.16448177822947,91193,170,384,8256,
115.18486314967487,91193,169,385,8256,
115.18885499757488,91192,170,385,8256,
115.18931199826845,91191,171,385,8256,
115.2052708720162,91190,172,385,8256,
115.21645069581734,91189,173,385,8256,
115.22423993419558,91188,174,385,8256,
115.228499635599,91187,175,385,8256,
115.24242533270986,91187,175,384,8257,
115.25584024161843,91187,175,383,8258,
115.2565233627362,91186,176,383,8258,
115.25760623924322,91186,176,382,8259,
115.27252878807413,91186,176,381,8260,
115.2798452554642,91186,175,382,8260,
115.29196882414328,91186,175,381,8261,
115.30732906331966,91186,174,382,8261,
115.3199427944751,91185,175,382,8261,
115.321203815495,91185,175,381,8262,
115.35127054398565,91185,174,382,8262,
115.35793479828106,91185,174,381,8263,
115.35822827588544,91184,175,381,8263,
115.37310180344122,91184,175,380,8264,
115.37323442224793,91184,175,379,8265,
115.37596711405513,91184,175,378,8266,
115.3810420081316,91184,175,377,8267,
115.39001569683623,91183,176,377,8267,
115.41249619872669,91182,177,377,8267,
115.41592261170163,91182,177,376,8268,
115.41924954698219,91182,176,377,8268,
115.4252361090089,91182,176,376,8269,
115.4404837232677,91181,177,376,8269,
115.44161836153665,91181,177,375,8270,
115.44768954871445,91180,178,375,8270,
115.44882692744159,91180,177,376,8270,
115.45881526163102,91179,178,376,8270,
115.47191642861436,91178,179,376,8270,
115.47787278758256,91178,179,375,8271,
115.48320485083975,91178,178,376,8271,
115.49062084683833,91178,178,375,8272,
115.49830470885453,91177,179,375,8272,
115.50422020548794,91177,179,374,8273,
115.50834319104551,91177,178,375,8273,
115.50855500144837,91177,178,374,8274,
115.509141108348,91177,177,375,8274,
115.52380637426062,91176,178,375,8274,
115.5346297464662,91176,177,376,8274,
115.5346376406057,91175,178,376,8274,
115.53857391484748,91175,177,377,8274,
115.54380704304644,91175,177,376,8275,
115.55222054318442,91175,177,375,8276,
115.56049025947986,91175,176,376,8276,
115.56166930969499,91175,176,375,8277,
115.56457106080906,91175,176,374,8278,
115.57483846650702,91175,175,375,8278,
115.5896529165255,91174,176,375,8278,
115.60026574027593,91173,177,375,8278,
115.60310158360103,91173,176,376,8278,
115.60665094312138,91173,176,375,8279,
115.61233584552728,91173,175,376,8279,
115.6124560425638,91172,176,376,8279,
115.61523561108957,91171,177,376,8279,
115.62519306344907,91171,176,377,8279,
115.62550898841027,91171,176,376,8280,
115.63281904318116,91171,176,375,8281,
115.63376244603924,91170,177,375,8281,
115.63851541267022,91170,176,376,8281,
115.6425378017548,91170,175,377,8281,
115.65582337061055,91169,176,377,8281,
115.65638320164277,91169,176,376,8282,
115.66124785761913,91169,176,375,8283,
115.6728404201764,91169,176,374,8284,
115.67724553971374,91169,175,375,8284,
115.6870644569576,91169,174,376,8284,
115.6961174653136,91169,173,377,8284,
115.69680155917695,91168,174,377,8284,
115.69711119767801,91168,173,378,8284,
115.74582738320267,91167,174,378,8284,
115.74725273877974,91167,174,377,8285,
115.75081225012427,91167,173,378,8285,
115.7514812063464,91166,174,378,8285,
115.75205438467647,91166,174,377,8286,
115.76591376184739,91166,173,378,8286,
115.77032916346114,91166,173,377,8287,
115.77456889889065,91166,173,376,8288,
115.79247580850615,91166,173,375,8289,
115.80549265113561,91166,172,376,8289,
115.81296565348447,91166,171,377,8289,
115.82223940511791,91166,171,376,8290,
115.84534255712336,91165,172,376,8290,
115.86292836290768,91165,171,377,8290,
115.86312376447799,91164,172,377,8290,
115.88165135968892,91164,172,376,8291,
115.88245867641899,91163,173,376,8291,
115.89103036652375,91162,174,376,8291,
115.90397202816067,91161,175,376,8291,
115.91953284195088,91161,175,375,8292,
115.92184355553557,91161,174,376,8292,
115.92702231958872,91161,173,377,8292,
115.93042733076697,91161,173,376,8293,
115.93127639469189,91161,172,377,8293,
115.94161558952581,91161,172,376,8294,
115.94439220374038,91161,172,375,8295,
115.95282512136322,91160,173,375,8295,
115.96132394875858,91160,172,376,8295,
115.97544054842898,91160,172,375,8296,
115.98125589779339,91160,171,376,8296,
115.99492590660127,91160,171,375,8297,
115.9950331505074,91159,172,375,8297,
116.01018360109386,91158,173,375,8297,
116.02288557071546,91158,172,376,8297,
116.02721943864601,91158,171,377,8297,
116.03115548164963,91158,170,378,8297,
116.05625270809442,91157,171,378,8297,
116.06525339500541,91156,172,378,8297,
116.06788685574044,91156,171,379,8297,
116.07478760937852,91155,172,379,8297,
116.08848714815981,91155,172,378,8298,
116.08913660819505,91154,173,378,8298,
116.10464637073444,91154,173,377,8299,
116.13040031303778,91154,173,376,8300,
116.13214435995714,91154,172,377,8300,
116.1360819941086,91154,172,376,8301,
116.17258122305287,91153,173,376,8301,
116.18092779020022,91152,174,376,8301,
116.19622945154758,91152,174,375,8302,
116.2238607579147,91152,174,374,8303,
116.23320737513238,91151,175,374,8303,
116.23830510972833,91151,175,373,8304,
116.24401639311397,91150,176,373,8304,
116.2574976127068,91150,175,374,8304,
116.26096472280976,91150,174,375,8304,
116.27486933669816,91149,175,375,8304,
116.28270942224182,91149,175,374,8305,
116.28909252725003,91148,176,374,8305,
116.29219233888777,91147,177,374,8305,
116.2993768836993,91147,176,375,8305,
116.29989496388932,91147,176,374,8306,
116.30396711334679,91147,175,375,8306,
116.31189434465117,91146,176,375,8306,
116.33434467405186,91146,176,374,8307,
116.33768117848989,91146,175,375,8307,
116.34251768787055,91145,176,375,8307,
116.37590147807137,91145,176,374,8308,
116.3869222736256,91145,175,375,8308,
116.38836068443683,91145,175,374,8309,
116.39732587474637,91145,175,373,8310,
116.39830502005759,91145,175,372,8311,
116.39936445313258,91144,176,372,8311,
116.40159332117943,91144,175,373,8311,
116.43132206259874,91143,176,373,8311,
116.43238783455934,91142,177,373,8311,
116.43399054807456,91141,178,373,8311,
116.44198222573367,91141,178,372,8312,
116.45098626347423,91140,179,372,8312,
116.45742829111472,91139,180,372,8312,
116.47025655235208,91138,181,372,8312,
116.47778179404477,91138,181,371,8313,
116.49004593561176,91138,180,372,8313,
116.49324756598703,91138,180,371,8314,
116.49669681559865,91138,180,370,8315,
116.52861280474005,91137,181,370,8315,
116.54350385431695,91137,181,369,8316,
116.55328931527208,91137,180,370,8316,
116.59241695680109,91137,179,371,8316,
116.6042077006192,91136,180,371,8316,
116.6053574652084,91135,181,371,8316,
116.6095839895996,91135,181,370,8317,
116.60958482795708,91134,182,370,8317,
116.6107358697178,91134,182,369,8318,
116.62252985310751,91134,182,368,8319,
116.62561922647804,91134,182,367,8320,
116.6323485840716,91134,182,366,8321,
116.63455709202383,91134,182,365,8322,
116.64899458245964,91134,182,364,8323,
116.66308952229711,91134,182,363,8324,
116.6792324399909,91134,182,362,8325,
116.68635468961915,91133,183,362,8325,
116.68794673281425,91133,183,361,8326,
116.69498357052616,91133,183,360,8327,
116.69705535659389,91133,182,361,8327,
116.7034983218633,91133,182,360,8328,
116.70598441940106,91132,183,360,8328,
116.7070026921402,91132,183,359,8329,
116.71044582340689,91131,184,359,8329,
116.71549228873758,91131,184,358,8330,
116.71916789978661,91131,183,359,8330,
116.72998774558081,91130,184,359,8330,
116.73766215360197,91129,185,359,8330,
116.74282291671804,91128,186,359,8330,
116.74424189312403,91127,187,359,8330,
116.744983269054,91127,186,360,8330,
116.74628025140663,91126,187,360,8330,
116.77398411053211,91126,186,361,8330,
116.77746673454932,91125,187,361,8330,
116.78022578486632,91124,188,361,8330,
116.78305569643855,91124,187,362,8330,
116.81249174683005,91124,186,363,8330,
116.81533132544841,91123,187,363,8330,
116.81645475100073,91123,187,362,8331,
116.81652199480274,91122,188,362,8331,
116.83132988905294,91121,189,362,8331,
116.83289261523137,91120,190,362,8331,
116.83751703177556,91120,190,361,8332,
116.84873830659716,91120,190,360,8333,
116.85284243942867,91119,191,360,8333,
116.86054779133347,91119,191,359,8334,
116.86072313450076,91118,192,359,8334,
116.87438384867963,91118,192,358,8335,
116.87574331201584,91118,192,357,8336,
116.8921896898064,91117,193,357,8336,
116.90882611864863,91116,194,357,8336,
116.9332337268627,91116,193,358,8336,
116.93362633347279,91116,193,357,8337,
116.94278864591693,91115,194,357,8337,
116.99269693479985,91114,195,357,8337,
116.99379871138585,91113,196,357,8337,
116.99577305937055,91113,196,356,8338,
117.0137526038063,91112,197,356,8338,
117.03292507007575,91112,197,355,8339,
117.03558692369758,91111,198,355,8339,
117.04867168978105,91111,197,356,8339,
117.05580926128809,91110,198,356,8339,
117.08296498426597,91110,197,357,8339,
117.09877511935646,91110,197,356,8340,
117.10013395191729,91110,197,355,8341,
117.13087485889473,91110,196,356,8341,
117.13203543362421,91110,195,357,8341,
117.14472266183394,91109,196,357,8341,
117.14622508662853,91109,195,358,8341,
117.14663940298271,91109,194,359,8341,
117.16868577198105,91108,195,359,8341,
117.16969196987493,91108,194,360,8341,
117.1753937619782,91108,194,359,8342,
117.19102093004378,91107,195,359,8342,
117.19207021506274,91107,194,360,8342,
117.20408142988151,91107,193,361,8342,
117.2172394291517,91107,192,362,8342,
117.22661635384493,91107,192,361,8343,
117.22715476065369,91107,192,360,8344,
117.23931220785474,91107,191,361,8344,
117.24524194217246,91107,191,360,8345,
117.25004237338196,91107,191,359,8346,
117.25626086074018,91107,191,358,8347,
117.27523852499792,91106,192,358,8347,
117.2889602757866,91106,192,357,8348,
117.31567329508204,91106,191,358,8348,
117.32389085510574,91106,190,359,8348,
117.32710207948347,91105,191,359,8348,
117.33791802069469,91105,191,358,8349,
117.34346013928895,91105,191,357,8350,
117.3690322345433,91105,191,356,8351,
117.3718311790618,91105,190,357,8351,
117.37234603428602,91105,190,356,8352,
117.38610931207741,91104,191,356,8352,
117.39083564450787,91104,191,355,8353,
117.41015764109096,91103,192,355,8353,
117.41136492839813,91103,191,356,8353,
117.41259026259951,91103,190,357,8353,
117.42577554819489,91103,190,356,8354,
117.44299093838626,91103,190,355,8355,
117.44381875811385,91103,189,356,8355,
117.46427599079377,91102,190,356,8355,
117.47525184523055,91102,189,357,8355,
117.48570995985992,91102,189,356,8356,
117.48936309527923,91102,188,357,8356,
117.4906986908227,91102,188,356,8357,
117.51024038062091,91102,187,357,8357,
117.52640391470769,91102,187,356,8358,
117.52795535283396,91102,186,357,8358,
117.5650702465821,91102,185,358,8358,
117.56566064645165,91102,184,359,8358,
117.58400234796225,91102,184,358,8359,
117.59960495935893,91102,184,357,8360,
117.60370311046248,91102,184,356,8361,
117.60875343079432,91102,184,355,8362,
117.61883032935485,91102,184,354,8363,
117.6340650653761,91102,184,353,8364,
117.63904382777736,91102,183,354,8364,
117.64323415188261,91101,184,354,8364,
117.65133596225145,91100,185,354,8364,
117.67867326692433,91100,184,355,8364,
117.68914806285042,91100,183,356,8364,
117.69127822917001,91100,182,357,8364,
117.69742831947805,91099,183,357,8364,
117.7020014114549,91098,184,357,8364,
117.70667287025118,91097,185,357,8364,
117.7195791456768,91097,185,356,8365,
117.72964025033957,91097,185,355,8366,
117.73514246499056,91097,184,356,8366,
117.7378556424957,91097,184,355,8367,
117.74186093620098,91096,185,355,8367,
117.74255640994821,91096,185,354,8368,
117.74330154917992,91095,186,354,8368,
117.7611346028145,91095,185,355,8368,
117.76920451950316,91095,185,354,8369,
117.77159792880478,91095,184,355,8369,
117.77809319437762,91095,184,354,8370,
117.78189054904021,91095,183,355,8370,
117.78913048009333,91095,182,356,8370,
117.7898611918328,91095,181,357,8370,
117.79217995592042,91094,182,357,8370,
117.79255682929924,91093,183,357,8370,
117.79624053219617,91092,184,357,8370,
117.80628029023217,91092,183,358,8370,
117.81074354832799,91091,184,358,8370,
117.81578658735836,91091,183,359,8370,
117.82128232755339,91091,183,358,8371,
117.82307807055376,91091,182,359,8371,
117.83001927609973,91090,183,359,8371,
117.8579489732729,91090,183,358,8372,
117.87613109009756,91090,182,359,8372,
117.89325756268532,91090,182,358,8373,
117.90478118063442,91090,181,359,8373,
117.91381714170709,91090,180,360,8373,
117.91775401816481,91089,181,360,8373,
117.91865128899036,91089,180,361,8373,
117.93816203039691,91088,181,361,8373,
117.95095303207837,91088,181,360,8374,
117.95109683853698,91088,181,359,8375,
117.96324098105552,91087,182,359,8375,
117.97333250281747,91087,181,360,8375,
117.9778381916575,91087,180,361,8375,
117.9803828310894,91087,179,362,8375,
117.985281478414,91087,178,363,8375,
118.00523922700289,91086,179,363,8375,
118.0058991253927,91086,178,364,8375,
118.0078488452781,91085,179,364,8375,
118.021050432145,91085,178,365,8375,
118.0238493206607,91084,179,365,8375,
118.02465664510778,91084,178,366,8375,
118.02489158615298,91084,178,365,8376,
118.03140596888416,91083,179,365,8376,
118.03153892757365,91082,180,365,8376,
118.03450988398274,91082,179,366,8376,
118.03684379660154,91082,179,365,8377,
118.04387756395036,91081,180,365,8377,
118.05209345715645,91080,181,365,8377,
118.06787493790098,91080,180,366,8377,
118.06985983345082,91080,179,367,8377,
118.08841618833314,91080,178,368,8377,
118.09585533982408,91079,179,368,8377,
118.1035231329631,91078,180,368,8377,
118.1065346898105,91077,181,368,8377,
118.1231347591135,91076,182,368,8377,
118.12814628069096,91075,183,368,8377,
118.14625074072802,91074,184,368,8377,
118.15148058513262,91074,184,367,8378,
118.1569833281617,91073,185,367,8378,
118.18700210743252,91073,184,368,8378,
118.19939061100708,91072,185,368,8378,
118.2047515194253,91072,184,369,8378,
118.20847824386266,91072,184,368,8379,
118.23709041606166,91072,183,369,8379,
118.26582279951202,91072,182,370,8379,
118.26921523464195,91071,183,370,8379,
118.27838725207138,91071,182,371,8379,
118.29228452773648,91071,181,372,8379,
118.2953201749935,91071,181,371,8380,
118.30118542483976,91070,182,371,8380,
118.3034206902738,91070,182,370,8381,
118.31412413434279,91070,182,369,8382,
118.33800427065918,91070,181,370,8382,
118.34041460922937,91070,181,369,8383,
118.34051700698949,91070,181,368,8384,
118.34167448191472,91070,180,369,8384,
118.34248951314486,91070,180,368,8385,
118.344913789652,91070,180,367,8386,
118.34896567137952,91070,180,366,8387,
118.34950072132183,91069,181,366,8387,
118.35318960713259,91069,181,365,8388,
118.3539937992893,91069,181,364,8389,
118.35505259518878,91069,181,363,8390,
118.35852534368153,91069,180,364,8390,
118.36290692054088,91069,180,363,8391,
118.38427950949327,91069,179,364,8391,
118.40086188430853,91068,180,364,8391,
118.40252027855944,91068,180,363,8392,
118.41800574168886,91068,179,364,8392,
118.43243648457278,91068,179,363,8393,
118.44056158922268,91068,179,362,8394,
118.44393195555243,91068,179,361,8395,
118.44729499236475,91068,178,362,8395,
118.44810751359736,91067,179,362,8395,
118.4501067164351,91066,180,362,8395,
118.45204099666032,91066,179,363,8395,
118.45352871045108,91065,180,363,8395,
118.45569852542306,91064,181,363,8395,
118.4630610084386,91064,180,364,8395,
118.46654248301884,91064,180,363,8396,
118.47172603473756,91064,180,362,8397,
118.47992139827292,91064,179,363,8397,
118.48058751672934,91064,178,364,8397,
118.48078988790593,91064,178,363,8398,
118.48921024417405,91064,177,364,8398,
118.4915895196944,91064,176,365,8398,
118.4981805571043,91064,176,364,8399,
118.49903315320554,91064,176,363,8400,
118.49947734854165,91064,175,364,8400,
118.49947734854165,91064,175,364,8400,
118.50453164463606,91064,175,363,8401,
118.50863330218569,91063,176,363,8401,
118.5105459574722,91063,175,364,8401,
118.51418055133243,91063,175,363,8402,
118.52311172169239,91063,175,362,8403,
118.52717690556393,91063,175,361,8404,
118.5328411661303,91063,174,362,8404,
118.53629046379224,91063,173,363,8404,
118.53989748910094,91063,173,362,8405,
118.54251757284096,91062,174,362,8405,
118.54541628840903,91062,174,361,8406,
118.55082620794285,91061,175,361,8406,
118.55342273214376,91061,174,362,8406,
118.5631154320221,91060,175,362,8406,
118.56707934279387,91060,175,361,8407,
118.57047433379624,91060,175,360,8408,
118.57740562247682,91060,175,359,8409,
118.58326798857223,91059,176,359,8409,
118.59098306913077,91058,177,359,8409,
118.59805071032686,91058,177,358,8410,
118.60831901334535,91058,176,359,8410,
118.6141306128702,91058,176,358,8411,
118.63217174701154,91057,177,358,8411,
118.64246774362226,91056,178,358,8411,
118.6424999221652,91055,179,358,8411,
118.64994675176878,91055,179,357,8412,
118.6551726120011,91055,179,356,8413,
118.6602775068546,91054,180,356,8413,
118.67811774391815,91053,181,356,8413,
118.68236481650634,91052,182,356,8413,
118.68595437652563,91052,181,357,8413,
118.68919951605398,91052,180,358,8413,
118.69161155545663,91052,180,357,8414,
118.70737176626012,91052,179,358,8414,
118.70906941827117,91051,180,358,8414,
118.71653281128802,91051,180,357,8415,
118.73284879603666,91050,181,357,8415,
118.7372036315306,91049,182,357,8415,
118.75430310684033,91049,181,358,8415,
118.75673341280255,91049,180,359,8415,
118.7567636578438,91049,179,360,8415,
118.75981886153187,91049,178,361,8415,
118.76519937637312,91049,177,362,8415,
118.76750347200446,91049,177,361,8416,
118.78506576987121,91049,176,362,8416,
118.79396307607864,91049,175,363,8416,
118.7979646532205,91049,174,364,8416,
118.80233386780259,91049,174,363,8417,
118.81116641104927,91049,174,362,8418,
118.81212988695499,91049,173,363,8418,
118.8134039233048,91049,173,362,8419,
118.82329493634383,91048,174,362,8419,
118.8261908712419,91048,174,361,8420,
118.82948506790952,91047,175,361,8420,
118.82994762762829,91046,176,361,8420,
118.83181001378571,91045,177,361,8420,
118.8426753674155,91045,176,362,8420,
118.84604007396267,91045,175,363,8420,
118.86352957050276,91045,174,364,8420,
118.86748054674875,91045,173,365,8420,
118.87418537229853,91045,172,366,8420,
118.8951617917639,91044,173,366,8420,
118.89702014446989,91044,173,365,8421,
118.9172010014155,91044,173,364,8422,
118.92205624836329,91044,173,363,8423,
118.92775575367222,91044,173,362,8424,
118.93369391655868,91044,172,363,8424,
118.94141800531035,91043,173,363,8424,
118.95500149149738,91043,172,364,8424,
118.95566606822071,91043,172,363,8425,
118.96396418928796,91043,171,364,8425,
118.97551635392868,91043,171,363,8426,
118.9772910659135,91042,172,363,8426,
118.98160532349692,91042,171,364,8426,
119.002082547157,91042,170,365,8426,
119.00414486776383,91041,171,365,8426,
119.0226096654998,91040,172,365,8426,
119.02719762552476,91039,173,365,8426,
119.03486748941984,91039,173,364,8427,
119.08891938798133,91039,173,363,8428,
119.09782008837047,91038,174,363,8428,
119.0999315821069,91038,174,362,8429,
119.11586617886368,91038,174,361,8430,
119.15193541511877,91037,175,361,8430,
119.15324578327738,91037,175,360,8431,
119.15859283692357,91037,175,359,8432,
119.16092175617155,91037,175,358,8433,
119.17304527899638,91037,174,359,8433,
119.18844352655843,91036,175,359,8433,
119.19793798579106,91035,176,359,8433,
119.19959175922425,91034,177,359,8433,
119.20677900717455,91034,176,360,8433,
119.21353473114713,91033,177,360,8433,
119.2171189490901,91032,178,360,8433,
119.23189058417496,91032,178,359,8434,
119.24648836637387,91032,178,358,8435,
119.24928343612888,91032,178,357,8436,
119.24932614231238,91032,177,358,8436,
119.27684016994422,91032,176,359,8436,
119.2871821799737,91032,176,358,8437,
119.28760521017276,91032,175,359,8437,
119.29054327333068,91032,174,360,8437,
119.29276521003216,91031,175,360,8437,
119.30153494071635,91031,175,359,8438,
119.30923380793121,91031,175,358,8439,
119.31452805739077,91031,175,357,8440,
119.3151609458708,91031,175,356,8441,
119.31620646151678,91030,176,356,8441,
119.31919555097512,91030,176,355,8442,
119.3243498894224,91030,175,356,8442,
119.35079132259466,91030,174,357,8442,
119.35242143162671,91029,175,357,8442,
119.36368607827714,91029,174,358,8442,
119.36506256287227,91028,175,358,8442,
119.36510550865212,91027,176,358,8442,
119.3652573712103,91027,175,359,8442,
119.37275279772273,91027,175,358,8443,
119.37494255522329,91026,176,358,8443,
119.38189473079322,91025,177,358,8443,
119.3862899581658,91024,178,358,8443,
119.38876472675457,91024,178,357,8444,
119.39349018755468,91024,178,356,8445,
119.40168694452649,91023,179,356,8445,
119.40307484791671,91022,180,356,8445,
119.40337487758052,91021,181,356,8445,
119.43085273371531,91021,181,355,8446,
119.43418548568178,91020,182,355,8446,
119.43558251410363,91020,182,354,8447,
119.44012127689236,91020,181,355,8447,
119.44241640795185,91020,181,354,8448,
119.45461424426261,91020,181,353,8449,
119.46031113453391,91019,182,353,8449,
119.48252764349446,91019,181,354,8449,
119.49167240985152,91019,181,353,8450,
119.50662255245656,91018,182,353,8450,
119.52138436861799,91017,183,353,8450,
119.53083310192002,91017,183,352,8451,
119.54708603742648,91016,184,352,8451,
119.55363019328883,91016,183,353,8451,
119.56470655939209,91015,184,353,8451,
119.56658376742149,91014,185,353,8451,
119.56676141522401,91013,186,353,8451,
119.57999559208896,91013,185,354,8451,
119.59415602083845,91012,186,354,8451,
119.60643036977824,91012,185,355,8451,
119.60667519425205,91012,185,354,8452,
119.6315609705451,91012,185,353,8453,
119.6494045463592,91011,186,353,8453,
119.65149957292435,91011,185,354,8453,
119.65610121390496,91011,185,353,8454,
119.66407564659374,91011,185,352,8455,
119.68507537941696,91011,185,351,8456,
119.68712051207262,91010,186,351,8456,
119.68738982652158,91009,187,351,8456,
119.68784836665084,91008,188,351,8456,
119.68847923007657,91007,189,351,8456,
119.70018211317263,91006,190,351,8456,
119.70911492561193,91006,189,352,8456,
119.71815496386247,91005,190,352,8456,
119.7458111214012,91004,191,352,8456,
119.75657666929145,91004,190,353,8456,
119.75839835138935,91004,189,354,8456,
119.76955901673844,91004,189,353,8457,
119.77161461132226,91004,188,354,8457,
119.78356473972332,91004,187,355,8457,
119.7853044554452,91004,187,354,8458,
119.78952611850677,91004,186,355,8458,
119.81467180578973,91003,187,355,8458,
119.83286778802736,91003,186,356,8458,
119.84078384859708,91003,186,355,8459,
119.84390832418602,91002,187,355,8459,
119.87236121648414,91002,187,354,8460,
119.87514688167259,91001,188,354,8460,
119.88997205694974,91001,188,353,8461,
119.89181255222542,91000,189,353,8461,
119.91111058480327,91000,189,352,8462,
119.91664054978835,91000,189,351,8463,
119.93027975463613,91000,188,352,8463,
119.94733855768325,90999,189,352,8463,
119.95248675485796,90999,188,353,8463,
119.96313804318068,90999,187,354,8463,
119.9639779026908,90999,187,353,8464,
119.97810618958009,90999,187,352,8465,
119.98316701364737,90999,187,351,8466,
119.98855827627835,90999,187,350,8467,
120.00463725425621,90999,187,349,8468,
120.01612363480656,90999,186,350,8468,
120.02312123050542,90998,187,350,8468,
120.03352122525565,90998,187,349,8469,
120.03499056148681,90998,186,350,8469,
120.04096247534842,90998,186,349,8470,
120.06122488619525,90997,187,349,8470,
120.06352340369752,90997,187,348,8471,
120.07253979219325,90997,187,347,8472,
120.08698147389168,90997,187,346,8473,
120.09411756601163,90996,188,346,8473,
120.10283912035858,90996,188,345,8474,
120.11354520507143,90995,189,345,8474,
120.12164497401412,90995,189,344,8475,
120.124489953245,90994,190,344,8475,
120.12625674384377,90994,190,343,8476,
120.13646230039136,90994,190,342,8477,
120.14011910602805,90994,190,341,8478,
120.14206201623432,90994,190,340,8479,
120.14226575395645,90993,191,340,8479,
120.15891761267692,90992,192,340,8479,
120.15906354034588,90992,192,339,8480,
120.17831175763565,90992,192,338,8481,
120.17877550409275,90992,191,339,8481,
120.18894293539243,90992,190,340,8481,
120.20306027950166,90992,190,339,8482,
120.21023906161129,90991,191,339,8482,
120.21405046116271,90991,190,340,8482,
120.22005452225461,90991,190,339,8483,
120.23320511834588,90991,189,340,8483,
120.23418845676132,90991,189,339,8484,
120.24649461205149,90991,188,340,8484,
120.2485407544768,90991,187,341,8484,
120.27668293705173,90991,186,342,8484,
120.28221139171444,90990,187,342,8484,
120.28322102616039,90990,186,343,8484,
120.28452244940463,90990,185,344,8484,
120.28500250372929,90990,184,345,8484,
120.30016954277866,90989,185,345,8484,
120.31067125770036,90988,186,345,8484,
120.31840388309551,90988,186,344,8485,
120.32915206537565,90988,186,343,8486,
120.3294543254025,90988,185,344,8486,
120.33188654061493,90988,185,343,8487,
120.33990814473418,90988,184,344,8487,
120.3457268954396,90988,184,343,8488,
120.35123325024017,90988,184,342,8489,
120.3606445603529,90987,185,342,8489,
120.36311804605556,90987,185,341,8490,
120.37361939446022,90987,185,340,8491,
120.38187288800727,90986,186,340,8491,
120.38843889641679,90986,186,339,8492,
120.39068148821625,90985,187,339,8492,
120.39289276807436,90985,186,340,8492,
120.39340262340758,90984,187,340,8492,
120.40251265209217,90983,188,340,8492,
120.41478721889307,90983,188,339,8493,
120.42315605598655,90983,188,338,8494,
120.45251438474592,90982,189,338,8494,
120.45792184978565,90982,188,339,8494,
120.50649721894284,90982,187,340,8494,
120.52797522466284,90982,187,339,8495,
120.52941217446222,90981,188,339,8495,
120.53654992262148,90981,188,338,8496,
120.5587162757316,90981,187,339,8496,
120.55964316869496,90981,187,338,8497,
120.56004016815307,90980,188,338,8497,
120.5712931694771,90980,188,337,8498,
120.58053192734877,90980,188,336,8499,
120.58622146942066,90980,187,337,8499,
120.58865001175086,90980,186,338,8499,
120.5905177151266,90980,185,339,8499,
120.59132007941199,90980,185,338,8500,
120.60039717621677,90979,186,338,8500,
120.61192165303494,90978,187,338,8500,
120.62080900589744,90978,187,337,8501,
120.64255637706793,90977,188,337,8501,
120.65196223184215,90976,189,337,8501,
120.66382510934365,90976,188,338,8501,
120.66658125763699,90976,188,337,8502,
120.66802598567283,90975,189,337,8502,
120.66949300694856,90974,190,337,8502,
120.711553847844,90974,190,336,8503,
120.73269182965784,90974,190,335,8504,
120.73362943988667,90974,189,336,8504,
120.7362385070682,90974,188,337,8504,
120.73628645505315,90973,189,337,8504,
120.73936107862164,90973,189,336,8505,
120.74280869274668,90972,190,336,8505,
120.74827196723373,90972,190,335,8506,
120.75560593913121,90972,189,336,8506,
120.78109967422519,90972,189,335,8507,
120.78681111191506,90972,188,336,8507,
120.7884040670207,90971,189,336,8507,
120.79518425959589,90971,189,335,8508,
120.82545029085802,90970,190,335,8508,
120.82817358116598,90970,189,336,8508,
120.83030487049054,90969,190,336,8508,
120.84383127814087,90968,191,336,8508,
120.84627209960489,90967,192,336,8508,
120.84707404152687,90967,191,337,8508,
120.8650604047722,90967,191,336,8509,
120.87391301634815,90967,190,337,8509,
120.87975477567775,90967,190,336,8510,
120.88634294686575,90967,189,337,8510,
120.90195066191747,90966,190,337,8510,
120.91070902128199,90966,190,336,8511,
120.91415213252446,90966,189,337,8511,
120.91852884223897,90966,188,338,8511,
120.92000651545865,90966,187,339,8511,
120.92085536023728,90966,187,338,8512,
120.92272562778541,90966,187,337,8513,
120.92470362126295,90965,188,337,8513,
120.92628349856946,90964,189,337,8513,
120.93211355357018,90963,190,337,8513,
120.94815793318048,90963,189,338,8513,
120.94905521906918,90962,190,338,8513,
120.96453139837558,90961,191,338,8513,
120.96735226148033,90960,192,338,8513,
120.97121945404416,90959,193,338,8513,
120.97515239023663,90959,192,339,8513,
120.9788843988256,90959,191,340,8513,
120.99099821701475,90958,192,340,8513,
121.02676970877182,90958,191,341,8513,
121.03058767501014,90957,192,341,8513,
121.04337244862423,90956,193,341,8513,
121.04429557020771,90955,194,341,8513,
121.04760215458886,90955,193,342,8513,
121.06154813943827,90955,193,341,8514,
121.07746295178592,90954,194,341,8514,
121.08810841783585,90953,195,341,8514,
121.11308011326784,90953,195,340,8515,
121.11845269356441,90952,196,340,8515,
121.12338148725524,90952,195,341,8515,
121.12674381735998,90952,194,342,8515,
121.12891073071594,90952,194,341,8516,
121.13004969890508,90952,194,340,8517,
121.13587905115942,90952,193,341,8517,
121.14607141522161,90951,194,341,8517,
121.17058601505886,90950,195,341,8517,
121.17376291406941,90949,196,341,8517,
121.17633064252698,90949,196,340,8518,
121.17643480904891,90949,196,339,8519,
121.19794762819272,90948,197,339,8519,
121.19794884153261,90948,196,340,8519,
121.20772706061915,90948,195,341,8519,
121.21458730043852,90948,195,340,8520,
121.21624036462833,90948,195,339,8521,
121.22050315967377,90947,196,339,8521,
121.23122521677914,90947,196,338,8522,
121.23499753228057,90947,196,337,8523,
121.24570932152193,90946,197,337,8523,
121.24750524718523,90945,198,337,8523,
121.24776317150179,90945,198,336,8524,
121.26159338050121,90944,199,336,8524,
121.26477961367212,90944,198,337,8524,
121.31459112381995,90944,198,336,8525,
121.32116354222612,90944,198,335,8526,
121.33158803014156,90943,199,335,8526,
121.33901991581867,90942,200,335,8526,
121.3606828823943,90942,200,334,8527,
121.36318531690064,90941,201,334,8527,
121.37835710066118,90941,200,335,8527,
121.39390547249525,90940,201,335,8527,
121.39572797002475,90939,202,335,8527,
121.40230822051014,90939,201,336,8527,
121.40634874417695,90939,200,337,8527,
121.4139775260055,90939,200,336,8528,
121.4149304454271,90939,199,337,8528,
121.4177638756494,90939,199,336,8529,
121.42295202175349,90938,200,336,8529,
121.45869477133527,90938,199,337,8529,
121.46779188469716,90937,200,337,8529,
121.47347068834377,90937,199,338,8529,
121.47811314550111,90937,199,337,8530,
121.47865571354531,90936,200,337,8530,
121.48818078866552,90936,199,338,8530,
121.49593999167053,90936,198,339,8530,
121.49687186605102,90936,198,338,8531,
121.51339286093318,90936,198,337,8532,
121.51619191254505,90936,198,336,8533,
121.51673518945114,90936,198,335,8534,
121.54183531920464,90936,198,334,8535,
121.54546422434638,90936,198,333,8536,
121.54974511481358,90935,199,333,8536,
121.55438133645318,90934,200,333,8536,
121.56574952921922,90934,200,332,8537,
121.59086487482365,90934,200,331,8538,
121.60619338369378,90934,200,330,8539,
121.6080315806908,90933,201,330,8539,
121.6136883785532,90932,202,330,8539,
121.62600944889418,90932,202,329,8540,
121.63145095062661,90931,203,329,8540,
121.63526316849507,90930,204,329,8540,
121.63766053053075,90930,204,328,8541,
121.66697938237408,90930,204,327,8542,
121.6712072902484,90930,204,326,8543,
121.6812477001025,90930,203,327,8543,
121.69578041781591,90929,204,327,8543,
121.69782137896371,90929,203,328,8543,
121.69927148331902,90929,203,327,8544,
121.71448674156426,90929,203,326,8545,
121.71925567808862,90929,203,325,8546,
121.72328702703751,90928,204,325,8546,
121.72827430396306,90928,204,324,8547,
121.74875274541174,90928,203,325,8547,
121.7656699038031,90928,203,324,8548,
121.76976150899839,90928,203,323,8549,
121.77700694934923,90928,203,322,8550,
121.77744557402093,90928,203,321,8551,
121.78709057681512,90928,202,322,8551,
121.80080748576017,90928,201,323,8551,
121.80082100128443,90928,200,324,8551,
121.80518957261432,90927,201,324,8551,
121.8062321383157,90926,202,324,8551,
121.82064571334186,90925,203,324,8551,
121.82109107358129,90925,202,325,8551,
121.83491006420614,90924,203,325,8551,
121.84523896785883,90923,204,325,8551,
121.84593659320453,90922,205,325,8551,
121.84719768661819,90922,205,324,8552,
121.85305202053867,90922,204,325,8552,
121.86592263230463,90921,205,325,8552,
121.87175158558168,90920,206,325,8552,
121.87457149565562,90920,205,326,8552,
121.87521519750884,90920,204,327,8552,
121.88184992325654,90920,204,326,8553,
121.89007415914116,90920,204,325,8554,
121.9058092981365,90920,203,326,8554,
121.91102560450295,90920,203,325,8555,
121.91164591224413,90920,203,324,8556,
121.91659791115657,90920,203,323,8557,
121.91847998847938,90920,202,324,8557,
121.91965628383683,90919,203,324,8557,
121.92511425885863,90919,203,323,8558,
121.92760571245853,90919,202,324,8558,
121.92977654637481,90918,203,324,8558,
121.93868494903836,90918,202,325,8558,
121.94185508178269,90918,201,326,8558,
121.9488952811853,90917,202,326,8558,
121.9672427764498,90917,201,327,8558,
121.98738211896772,90917,200,328,8558,
121.98750288339663,90916,201,328,8558,
121.99924099684169,90915,202,328,8558,
122.0029402427226,90915,201,329,8558,
122.02054510907212,90915,201,328,8559,
122.02588622196535,90915,201,327,8560,
122.02662891638244,90914,202,327,8560,
122.032480463663,90914,201,328,8560,
122.0679822082746,90913,202,328,8560,
122.07525452088035,90913,202,327,8561,
122.0791929432675,90913,202,326,8562,
122.09944163982034,90913,201,327,8562,
122.1060360579207,90912,202,327,8562,
122.11315911425598,90912,201,328,8562,
122.12454915874949,90911,202,328,8562,
122.12546703538696,90911,201,329,8562,
122.15197417819012,90911,200,330,8562,
122.16798678312715,90910,201,330,8562,
122.17501976235694,90909,202,330,8562,
122.19885823370208,90909,201,331,8562,
122.20382704512879,90909,200,332,8562,
122.20783965668824,90909,200,331,8563,
122.21404700746768,90908,201,331,8563,
122.21724534874383,90908,201,330,8564,
122.22439232634808,90908,200,331,8564,
122.22772382808603,90907,201,331,8564,
122.23155261553212,90907,201,330,8565,
122.23733901982777,90907,201,329,8566,
122.24372244900752,90907,201,328,8567,
122.24786557240003,90907,200,329,8567,
122.25492018149343,90907,200,328,8568,
122.25960564233092,90906,201,328,8568,
122.27088831017333,90905,202,328,8568,
122.27599250606694,90904,203,328,8568,
122.28377091001808,90904,203,327,8569,
122.28714059261515,90903,204,327,8569,
122.28805023219218,90902,205,327,8569,
122.30487782812875,90901,206,327,8569,
122.31898883646704,90900,207,327,8569,
122.32084238643932,90900,207,326,8570,
122.33432085143724,90900,206,327,8570,
122.33922360328937,90900,205,328,8570,
122.36067123835228,90899,206,328,8570,
122.38517964327038,90898,207,328,8570,
122.40767860814913,90898,206,329,8570,
122.40886692026999,90898,205,330,8570,
122.41332886759359,90898,205,329,8571,
122.41861762927827,90898,205,328,8572,
122.42812325659948,90898,205,327,8573,
122.43382080456142,90898,204,328,8573,
122.43612546901323,90898,204,327,8574,
122.43741877225342,90898,203,328,8574,
122.44805633422078,90898,202,329,8574,
122.44818858959194,90897,203,329,8574,
122.46880271639758,90897,202,330,8574,
122.47954524102394,90896,203,330,8574,
122.50915978688099,90895,204,330,8574,
122.52310770089674,90895,204,329,8575,
122.53075226214466,90895,204,328,8576,
122.54840808098469,90895,203,329,8576,
122.5645787513889,90895,203,328,8577,
122.57723347216195,90895,203,327,8578,
122.58465324491,90895,202,328,8578,
122.59155181713251,90895,201,329,8578,
122.59407492802525,90895,200,330,8578,
122.59543953055865,90895,199,331,8578,
122.60739145145605,90895,198,332,8578,
122.63643558100347,90895,198,331,8579,
122.64887440022086,90894,199,331,8579,
122.65346371666483,90894,199,330,8580,
122.6671126649124,90894,198,331,8580,
122.68326068701151,90893,199,331,8580,
122.68327403575746,90892,200,331,8580,
122.68478105006712,90891,201,331,8580,
122.68508495550816,90891,200,332,8580,
122.68629561176328,90890,201,332,8580,
122.686677614822,90890,201,331,8581,
122.69472713633085,90890,201,330,8582,
122.69527058598555,90890,200,331,8582,
122.6989845577274,90889,201,331,8582,
122.70144135545324,90889,201,330,8583,
122.70431055810046,90888,202,330,8583,
122.70640816460576,90887,203,330,8583,
122.71048351707724,90886,204,330,8583,
122.71588341491073,90885,205,330,8583,
122.75278511297246,90885,205,329,8584,
122.76111650936201,90884,206,329,8584,
122.77972697804368,90884,205,330,8584,
122.7807958019318,90883,206,330,8584,
122.78886709583819,90883,206,329,8585,
122.79604483972737,90883,205,330,8585,
122.79960299280073,90883,205,329,8586,
122.80207556344851,90882,206,329,8586,
122.81296384602415,90881,207,329,8586,
122.81443781352674,90880,208,329,8586,
122.81665423449309,90879,209,329,8586,
122.82585238650373,90879,209,328,8587,
122.83496959326179,90879,208,329,8587,
122.83862172408011,90879,207,330,8587,
122.84286818687622,90879,207,329,8588,
122.85805712472973,90879,207,328,8589,
122.85979723988441,90879,207,327,8590,
122.86200664403343,90879,207,326,8591,
122.88412287735724,90878,208,326,8591,
122.90014192377251,90878,208,325,8592,
122.90820714657957,90877,209,325,8592,
122.94436398027646,90877,208,326,8592,
122.94825536552266,90877,207,327,8592,
122.95590290528646,90877,207,326,8593,
122.96147029674226,90877,207,325,8594,
122.98181940179661,90877,206,326,8594,
122.99899603683687,90877,205,327,8594,
123.00145753707496,90876,206,327,8594,
123.00351916466443,90875,207,327,8594,
123.04314751240344,90875,206,328,8594,
123.0456989010939,90875,205,329,8594,
123.0559310878555,90874,206,329,8594,
123.0678654480034,90874,205,330,8594,
123.068703551981,90874,205,329,8595,
123.07563664279635,90874,204,330,8595,
123.08656048364821,90874,203,331,8595,
123.10068578967638,90874,202,332,8595,
123.10182156518421,90874,201,333,8595,
123.10750213662861,90874,201,332,8596,
123.11272103780742,90873,202,332,8596,
123.11465056748843,90873,201,333,8596,
123.11504807923211,90873,201,332,8597,
123.1359674159315,90872,202,332,8597,
123.14614666468961,90871,203,332,8597,
123.18092504542801,90871,203,331,8598,
123.19473868865269,90871,203,330,8599,
123.1960887068132,90871,203,329,8600,
123.19712021004007,90871,203,328,8601,
123.19747408568777,90870,204,328,8601,
123.20837771713181,90869,205,328,8601,
123.21098711393032,90869,204,329,8601,
123.21512986085348,90868,205,329,8601,
123.22026184435484,90868,205,328,8602,
123.22172508113407,90867,206,328,8602,
123.22504016725941,90867,205,329,8602,
123.2251021964029,90867,205,328,8603,
123.23197523710095,90867,205,327,8604,
123.24863347843011,90866,206,327,8604,
123.2572530016515,90865,207,327,8604,
123.26845686873752,90864,208,327,8604,
123.2767542568705,90863,209,327,8604,
123.29144743453887,90862,210,327,8604,
123.3040261403383,90861,211,327,8604,
123.30423080230646,90860,212,327,8604,
123.31018649937623,90859,213,327,8604,
123.31847323901559,90859,212,328,8604,
123.32379766791144,90859,211,329,8604,
123.32627368181197,90859,211,328,8605,
123.34807753776737,90859,211,327,8606,
123.35394302398808,90859,210,328,8606,
123.36624624041235,90859,210,327,8607,
123.37164823599926,90859,210,326,8608,
123.37426294022453,90859,210,325,8609,
123.37584805178554,90858,211,325,8609,
123.39283321722763,90858,211,324,8610,
123.39763483380737,90857,212,324,8610,
123.40455622698215,90857,211,325,8610,
123.41646010307849,90857,211,324,8611,
123.44339677389216,90857,210,325,8611,
123.4463558249355,90857,209,326,8611,
123.46791913806068,90857,209,325,8612,
123.47090734075455,90857,208,326,8612,
123.48093467535914,90856,209,326,8612,
123.48110764998944,90856,209,325,8613,
123.48662408092744,90855,210,325,8613,
123.50725090684443,90855,209,326,8613,
123.50953280929608,90855,208,327,8613,
123.51645998235897,90854,209,327,8613,
123.51806251336103,90854,209,326,8614,
123.52265497563354,90854,209,325,8615,
123.53307772269476,90854,208,326,8615,
123.53873952138598,90854,208,325,8616,
123.53996163879404,90854,208,324,8617,
123.54987554182247,90853,209,324,8617,
123.55624857334568,90852,210,324,8617,
123.56202350289549,90851,211,324,8617,
123.57479851156312,90851,210,325,8617,
123.57758241252064,90850,211,325,8617,
123.59344846903946,90850,211,324,8618,
123.60958107836115,90850,211,323,8619,
123.61025058567188,90850,211,322,8620,
123.6125891030088,90850,210,323,8620,
123.61415363490978,90849,211,323,8620,
123.61798223831488,90848,212,323,8620,
123.61800256728043,90848,211,324,8620,
123.61939954359485,90847,212,324,8620,
123.62504589888384,90847,212,323,8621,
123.62754117922773,90846,213,323,8621,
123.63554926711441,90845,214,323,8621,
123.64525244484896,90845,214,322,8622,
123.65752713394403,90845,214,321,8623,
123.66156479632309,90844,215,321,8623,
123.66547085125437,90843,216,321,8623,
123.67143122650539,90842,217,321,8623,
123.67451391928948,90842,217,320,8624,
123.68770502728549,90841,218,320,8624,
123.70212473571026,90840,219,320,8624,
123.70450774645232,90840,219,319,8625,
123.70552769586801,90840,218,320,8625,
123.7078813803966,90840,218,319,8626,
123.71060027315356,90840,217,320,8626,
123.71266165849453,90840,217,319,8627,
123.72543454378756,90839,218,319,8627,
123.73950123779767,90838,219,319,8627,
123.74517760287976,90838,219,318,8628,
123.7506065699712,90837,220,318,8628,
123.75337363039479,90837,219,319,8628,
123.76788674534193,90837,219,318,8629,
123.78012619212578,90837,219,317,8630,
123.79830208903903,90837,218,318,8630,
123.80452016298187,90837,217,319,8630,
123.80966372328857,90837,216,320,8630,
123.81067699781809,90837,216,319,8631,
123.81199989462343,90837,215,320,8631,
123.81225039061103,90837,215,319,8632,
123.8157809467621,90837,215,318,8633,
123.81988924528972,90837,214,319,8633,
123.83314343922275,90837,213,320,8633,
123.84217610695435,90837,212,321,8633,
123.8438509190574,90837,212,320,8634,
123.85698215479546,90836,213,320,8634,
123.869892989884,90836,212,321,8634,
123.89090141586243,90836,211,322,8634,
123.91473809453339,90836,211,321,8635,
123.91841487698531,90835,212,321,8635,
123.92020355357006,90834,213,321,8635,
123.92752207204263,90833,214,321,8635,
123.93132955526717,90833,214,320,8636,
123.93378957217783,90833,214,319,8637,
123.93529488385079,90833,213,320,8637,
123.93561061844207,90833,212,321,8637,
123.93667466650282,90833,211,322,8637,
123.93766729607083,90833,211,321,8638,
123.94314035022872,90833,210,322,8638,
123.95101297458926,90832,211,322,8638,
123.96020126347351,90831,212,322,8638,
123.97136782050087,90831,211,323,8638,
123.9824945979763,90830,212,323,8638,
123.99778402360128,90829,213,323,8638,
124.01504718894546,90828,214,323,8638,
124.02066042170283,90828,214,322,8639,
124.02148358376034,90827,215,322,8639,
124.03206691811003,90827,214,323,8639,
124.03321696186737,90827,214,322,8640,
124.03621007406562,90827,214,321,8641,
124.0565124236336,90827,214,320,8642,
124.06294428376421,90826,215,320,8642,
124.06905428240862,90825,216,320,8642,
124.08477266379685,90825,216,319,8643,
124.10084788780667,90825,215,320,8643,
124.11027092903305,90825,214,321,8643,
124.11589955072749,90824,215,321,8643,
124.11763552520354,90824,215,320,8644,
124.1375131092685,90823,216,320,8644,
124.14589982592084,90822,217,320,8644,
124.14838427975205,90822,216,321,8644,
124.16677843302674,90821,217,321,8644,
124.16834188551883,90821,217,320,8645,
124.16961248436446,90821,217,319,8646,
124.17493006790791,90820,218,319,8646,
124.17616872618247,90820,218,318,8647,
124.18012555761054,90820,218,317,8648,
124.18249931893804,90820,218,316,8649,
124.18328742233021,90820,218,315,8650,
124.18912685407504,90819,219,315,8650,
124.20344108502643,90819,219,314,8651,
124.21200205156688,90819,218,315,8651,
124.2151580160507,90818,219,315,8651,
124.22859867986112,90818,218,316,8651,
124.24723860478981,90818,217,317,8651,
124.2475581971141,90817,218,317,8651,
124.25514564334627,90817,217,318,8651,
124.2559585094767,90817,216,319,8651,
124.26906949022556,90817,216,318,8652,
124.27123279733662,90817,215,319,8652,
124.28133132285708,90817,214,320,8652,
124.28622945022856,90817,214,319,8653,
124.2979359774508,90817,214,318,8654,
124.29892393715579,90817,214,317,8655,
124.30284083586155,90817,213,318,8655,
124.30840767248036,90817,212,319,8655,
124.31342793501683,90816,213,319,8655,
124.32274346800634,90816,212,320,8655,
124.329402699684,90816,211,321,8655,
124.34877801406401,90816,211,320,8656,
124.35843969202391,90816,211,319,8657,
124.36243803469763,90815,212,319,8657,
124.3632332361463,90815,212,318,8658,
124.36775778147522,90815,212,317,8659,
124.36937672602315,90815,212,316,8660,
124.37371449346185,90815,211,317,8660,
124.37469246578836,90815,210,318,8660,
124.38858497882501,90815,209,319,8660,
124.39533558839526,90815,208,320,8660,
124.39708287377199,90814,209,320,8660,
124.40276573238627,90814,208,321,8660,
124.41098680451694,90813,209,321,8660,
124.43569125012121,90813,208,322,8660,
124.43752825257017,90813,207,323,8660,
124.44690463829114,90812,208,323,8660,
124.46829263584627,90812,207,324,8660,
124.47392430009512,90812,207,323,8661,
124.48358637779182,90812,207,322,8662,
124.49832196665828,90812,206,323,8662,
124.49947630247621,90812,206,322,8663,
124.50555307957542,90812,205,323,8663,
124.50789649283806,90811,206,323,8663,
124.51463694594663,90810,207,323,8663,
124.52203679415474,90810,207,322,8664,
124.52508955262044,90810,206,323,8664,
124.5338188148464,90810,206,322,8665,
124.53523626101813,90810,205,323,8665,
124.56374631877527,90810,205,322,8666,
124.57348363336585,90810,204,323,8666,
124.59285607299871,90810,203,324,8666,
124.59405105540036,90810,202,325,8666,
124.59728169040115,90810,202,324,8667,
124.60870104547666,90810,201,325,8667,
124.626668067868,90810,200,326,8667,
124.63448279089307,90809,201,326,8667,
124.63908284179898,90809,200,327,8667,
124.65381187636947,90808,201,327,8667,
124.66185738743206,90808,200,328,8667,
124.66831888104673,90807,201,328,8667,
124.6770835978362,90807,201,327,8668,
124.68140268602195,90807,201,326,8669,
124.69160747722985,90807,201,325,8670,
124.69256047249135,90807,201,324,8671,
124.69311303781265,90807,201,323,8672,
124.70597882267774,90807,201,322,8673,
124.7065406004251,90806,202,322,8673,
124.70814144962345,90806,202,321,8674,
124.70939618496875,90806,201,322,8674,
124.71742070277563,90805,202,322,8674,
124.72396550916363,90805,201,323,8674,
124.72600102617938,90804,202,323,8674,
124.73013211744811,90804,202,322,8675,
124.73493175891086,90804,202,321,8676,
124.76372670714771,90804,201,322,8676,
124.76613551161664,90804,201,321,8677,
124.76769762203931,90804,201,320,8678,
124.77265323216427,90804,200,321,8678,
124.77734245410548,90804,200,320,8679,
124.78140619189742,90804,199,321,8679,
124.78561817785015,90804,198,322,8679,
124.78756154732949,90804,197,323,8679,
124.81748394606302,90804,197,322,8680,
124.82512400512809,90804,196,323,8680,
124.83530793044329,90804,196,322,8681,
124.85793872872098,90804,195,323,8681,
124.85920162074956,90803,196,323,8681,
124.86209168945734,90803,196,322,8682,
124.88730465914043,90803,196,321,8683,
124.88905092613328,90803,195,322,8683,
124.90559129011474,90802,196,322,8683,
124.91725875283636,90802,196,321,8684,
124.91768847856098,90802,196,320,8685,
124.91859851843563,90802,196,319,8686,
124.92585747582557,90802,195,320,8686,
124.94939103396946,90802,194,321,8686,
124.95203180192378,90802,193,322,8686,
124.95352463138555,90802,193,321,8687,
124.96177530652939,90802,192,322,8687,
124.98013544514501,90802,191,323,8687,
124.99220561719861,90802,190,324,8687,
124.99505822933332,90802,189,325,8687,
124.99613047134636,90802,188,326,8687,
124.99731845721513,90802,188,325,8688,
124.99899076145685,90802,188,324,8689,
125.00100161966645,90802,188,323,8690,
125.00418880727871,90802,188,322,8691,
125.010668233268,90802,187,323,8691,
125.01974222722588,90802,186,324,8691,
125.02118746730805,90802,186,323,8692,
125.02901542682729,90802,186,322,8693,
125.0317068935051,90802,186,321,8694,
125.03762502007683,90802,186,320,8695,
125.0619956058636,90801,187,320,8695,
125.07553188457756,90800,188,320,8695,
125.08250378998804,90799,189,320,8695,
125.08636206152364,90799,189,319,8696,
125.08770824365773,90798,190,319,8696,
125.10580664175804,90797,191,319,8696,
125.11942403718038,90797,190,320,8696,
125.1292380036444,90797,190,319,8697,
125.1446876231901,90797,190,318,8698,
125.17110441329211,90797,190,317,8699,
125.17340041784928,90797,189,318,8699,
125.19323752749871,90797,189,317,8700,
125.22026624590887,90797,188,318,8700,
125.22656012988107,90797,188,317,8701,
125.23045840395348,90797,188,316,8702,
125.23477594687887,90797,188,315,8703,
125.2437138485377,90797,187,316,8703,
125.26213451401718,90797,187,315,8704,
125.2660581059688,90796,188,315,8704,
125.27083648621668,90796,187,316,8704,
125.27533046179617,90796,187,315,8705,
125.28362657142969,90795,188,315,8705,
125.28492430961988,90795,188,314,8706,
125.28546661110032,90795,187,315,8706,
125.28576606940074,90795,187,314,8707,
125.2875487445294,90795,186,315,8707,
125.29164209277155,90795,185,316,8707,
125.31662975392437,90794,186,316,8707,
125.3461952290453,90793,187,316,8707,
125.38016201831387,90793,186,317,8707,
125.38899680873291,90792,187,317,8707,
125.39216329045809,90792,187,316,8708,
125.40140713395408,90792,186,317,8708,
125.4079222880917,90792,185,318,8708,
125.41523226617612,90792,184,319,8708,
125.41844509715199,90792,184,318,8709,
125.42597371295034,90792,183,319,8709,
125.43958815177118,90792,182,320,8709,
125.44232209974584,90792,181,321,8709,
125.4423650279057,90792,180,322,8709,
125.44514048640823,90792,180,321,8710,
125.447830995878,90791,181,321,8710,
125.45198367452228,90790,182,321,8710,
125.46298967953517,90790,181,322,8710,
125.47565208411476,90790,181,321,8711,
125.47824049784042,90789,182,321,8711,
125.47886804155164,90789,181,322,8711,
125.50114009109306,90789,180,323,8711,
125.50472362444204,90789,180,322,8712,
125.5217853331837,90789,180,321,8713,
125.5287043833096,90789,180,320,8714,
125.54074585276051,90789,180,319,8715,
125.5460312770228,90788,181,319,8715,
125.54802730069517,90787,182,319,8715,
125.57776948195148,90786,183,319,8715,
125.58497810267326,90785,184,319,8715,
125.59308663827053,90785,184,318,8716,
125.59603703011797,90785,183,319,8716,
125.60670423828827,90784,184,319,8716,
125.62715221360567,90784,184,318,8717,
125.65724085995967,90784,184,317,8718,
125.65820046612907,90784,183,318,8718,
125.6678023040566,90783,184,318,8718,
125.67117254525563,90783,184,317,8719,
125.67227472887465,90783,184,316,8720,
125.69696280500978,90783,183,317,8720,
125.69956082136157,90782,184,317,8720,
125.70161069659164,90782,183,318,8720,
125.71012265119793,90782,182,319,8720,
125.71314842461906,90782,181,320,8720,
125.73363459100013,90782,181,319,8721,
125.77130649774544,90781,182,319,8721,
125.78486479088978,90781,181,320,8721,
125.78737466276758,90781,181,319,8722,
125.79164014598001,90780,182,319,8722,
125.80453458062708,90780,182,318,8723,
125.81140027441401,90779,183,318,8723,
125.81192854352476,90779,182,319,8723,
125.81434695758075,90779,181,320,8723,
125.82989886792173,90779,180,321,8723,
125.84078032744097,90778,181,321,8723,
125.86468639742984,90778,181,320,8724,
125.86684181497472,90778,180,321,8724,
125.8730597897281,90778,180,320,8725,
125.90130372605613,90778,179,321,8725,
125.90144256548072,90778,178,322,8725,
125.94233929121577,90777,179,322,8725,
125.95027361978555,90776,180,322,8725,
125.97709344561365,90775,181,322,8725,
125.98114268100046,90774,182,322,8725,
125.98734545248557,90774,182,321,8726,
125.98795014934768,90774,182,320,8727,
125.9923168819701,90774,181,321,8727,
126.00791204159638,90774,180,322,8727,
126.01650195078592,90774,180,321,8728,
126.0301975685851,90774,180,320,8729,
126.0344771596382,90774,180,319,8730,
126.04109390705005,90774,179,320,8730,
126.04151842034736,90773,180,320,8730,
126.07330763973611,90773,179,321,8730,
126.07751735368107,90772,180,321,8730,
126.08069144079462,90772,180,320,8731,
126.0833440748345,90771,181,320,8731,
126.08374103774723,90771,180,321,8731,
126.09536266627198,90771,179,322,8731,
126.09850589053316,90770,180,322,8731,
126.1067180012537,90770,179,323,8731,
126.10787328749893,90770,178,324,8731,
126.11534644730659,90769,179,324,8731,
126.11560988777705,90769,178,325,8731,
126.12614164184173,90768,179,325,8731,
126.12869148128603,90768,179,324,8732,
126.13106343046304,90768,178,325,8732,
126.13339333812876,90768,178,324,8733,
126.14089486547309,90768,178,323,8734,
126.14395226283445,90767,179,323,8734,
126.16056931693953,90767,179,322,8735,
126.16327528023238,90767,179,321,8736,
126.16570915080155,90767,178,322,8736,
126.17910343520016,90767,178,321,8737,
126.17920087319716,90767,178,320,8738,
126.18532734756803,90766,179,320,8738,
126.19212204707982,90765,180,320,8738,
126.19644333888179,90764,181,320,8738,
126.1966944555683,90764,181,319,8739,
126.21800842641227,90764,181,318,8740,
126.2205326381648,90764,181,317,8741,
126.22323397538004,90764,180,318,8741,
126.2262723341801,90763,181,318,8741,
126.25514827004132,90763,180,319,8741,
126.26902061633818,90762,181,319,8741,
126.27742584377542,90762,181,318,8742,
126.28668678228813,90762,181,317,8743,
126.29083986009044,90762,181,316,8744,
126.30200604827557,90762,181,315,8745,
126.32398752657696,90762,180,316,8745,
126.3406866516638,90761,181,316,8745,
126.34265368212421,90761,181,315,8746,
126.36348706192646,90761,180,316,8746,
126.37052328937047,90761,179,317,8746,
126.37065612248387,90761,179,316,8747,
126.37166700308887,90761,178,317,8747,
126.3821018333687,90761,178,316,8748,
126.43673337367646,90760,179,316,8748,
126.44963061694939,90760,179,315,8749,
126.45911004523465,90760,178,316,8749,
126.47952439851699,90760,178,315,8750,
126.487975668802,90760,178,314,8751,
126.4961106197419,90760,177,315,8751,
126.49729458587329,90760,176,316,8751,
126.52170457493699,90760,176,315,8752,
126.53766096064592,90760,175,316,8752,
126.55293363532124,90760,174,317,8752,
126.55344974040409,90759,175,317,8752,
126.56967413568704,90759,175,316,8753,
126.570853789245,90758,176,316,8753,
126.57400846146999,90758,176,315,8754,
126.5896294783494,90757,177,315,8754,
126.59501797895581,90757,176,316,8754,
126.59848769514211,90757,175,317,8754,
126.61036903847237,90756,176,317,8754,
126.61753317980744,90755,177,317,8754,
126.62670271730853,90755,176,318,8754,
126.63435928341956,90755,175,319,8754,
126.64286150565205,90755,174,320,8754,
126.65183944058813,90754,175,320,8754,
126.65518346428631,90754,174,321,8754,
126.69060979189275,90754,174,320,8755,
126.70301893790807,90754,174,319,8756,
126.71246885074132,90754,174,318,8757,
126.71282672978862,90754,174,317,8758,
126.71372021981503,90754,174,316,8759,
126.71753756718718,90754,174,315,8760,
126.74012562508067,90754,173,316,8760,
126.7433420808548,90754,173,315,8761,
126.74499426785714,90754,173,314,8762,
126.74549772276376,90754,172,315,8762,
126.76554495257649,90753,173,315,8762,
126.76614981572112,90753,173,314,8763,
126.77846560561188,90752,174,314,8763,
126.7836638632371,90751,175,314,8763,
126.78538529512223,90751,174,315,8763,
126.79826108237307,90750,175,315,8763,
126.83057191733337,90750,175,314,8764,
126.8371833652581,90750,175,313,8765,
126.84040893018026,90750,175,312,8766,
126.8540097555926,90749,176,312,8766,
126.86203494226574,90748,177,312,8766,
126.87569029207683,90748,176,313,8766,
126.88000104189278,90748,175,314,8766,
126.88013921278913,90748,175,313,8767,
126.8816225360793,90747,176,313,8767,
126.89816825838192,90747,176,312,8768,
126.89905445767029,90747,175,313,8768,
126.90650233989854,90747,174,314,8768,
126.93015484126124,90747,173,315,8768,
126.9333150414485,90746,174,315,8768,
126.93902119547951,90745,175,315,8768,
126.94585553858572,90744,176,315,8768,
126.96942729569659,90743,177,315,8768,
126.97149171808994,90742,178,315,8768,
126.97167545921297,90741,179,315,8768,
126.97350760184608,90740,180,315,8768,
126.977624401322,90740,180,314,8769,
126.97994400246313,90739,181,314,8769,
126.98851138100972,90738,182,314,8769,
127.00442302952627,90738,181,315,8769,
127.03645288368718,90738,180,316,8769,
127.04499850215275,90738,179,317,8769,
127.04812478749898,90738,178,318,8769,
127.05039950893044,90738,178,317,8770,
127.05672697480566,90737,179,317,8770,
127.06465693431883,90736,180,317,8770,
127.0776576813401,90736,180,316,8771,
127.09083141580237,90735,181,316,8771,
127.10800515979798,90735,180,317,8771,
127.1124689015486,90735,179,318,8771,
127.11581105435725,90734,180,318,8771,
127.11890446280226,90734,180,317,8772,
127.12707734051199,90734,180,316,8773,
127.13083874558394,90734,179,317,8773,
127.14745871230883,90734,178,318,8773,
127.1647303594801,90734,177,319,8773,
127.16682472176234,90734,177,318,8774,
127.18104595443329,90734,176,319,8774,
127.20378003448057,90733,177,319,8774,
127.20529606392877,90732,178,319,8774,
127.21085352630803,90732,178,318,8775,
127.21665859043486,90732,177,319,8775,
127.22335885350441,90731,178,319,8775,
127.24538164327657,90731,178,318,8776,
127.24605802589511,90730,179,318,8776,
127.26430774470558,90730,179,317,8777,
127.2725508087278,90730,178,318,8777,
127.27594756521307,90730,177,319,8777,
127.32731820111036,90730,176,320,8777,
127.34593106086348,90730,176,319,8778,
127.34711308056683,90729,177,319,8778,
127.368583278264,90728,178,319,8778,
127.37663903268287,90728,177,320,8778,
127.38851121310053,90728,177,319,8779,
127.40637205363382,90727,178,319,8779,
127.43292889935825,90727,177,320,8779,
127.43736250692334,90727,177,319,8780,
127.45126864908832,90727,176,320,8780,
127.4519693958871,90727,176,319,8781,
127.45578530019391,90727,175,320,8781,
127.4826552165486,90727,174,321,8781,
127.49101790724667,90726,175,321,8781,
127.49762885277713,90726,175,320,8782,
127.4983726271274,90726,174,321,8782,
127.518818963004,90725,175,321,8782,
127.52536993006532,90725,175,320,8783,
127.53241307301697,90724,176,320,8783,
127.54695449151446,90724,175,321,8783,
127.56136414676226,90724,174,322,8783,
127.56693341837347,90723,175,322,8783,
127.58090405099529,90723,175,321,8784,
127.60068390037307,90723,174,322,8784,
127.6068628524762,90723,174,321,8785,
127.61127378813929,90723,174,320,8786,
127.61326946467608,90722,175,320,8786,
127.61477227047176,90722,175,319,8787,
127.6206966995536,90722,175,318,8788,
127.63502856260762,90721,176,318,8788,
127.65052886094895,90720,177,318,8788,
127.66018425779602,90719,178,318,8788,
127.6602164006652,90718,179,318,8788,
127.6926915979103,90718,178,319,8788,
127.75285470779957,90718,178,318,8789,
127.76089715383367,90717,179,318,8789,
127.76544682805394,90717,179,317,8790,
127.77432767515356,90716,180,317,8790,
127.77545078935756,90715,181,317,8790,
127.78950064854415,90714,182,317,8790,
127.79343647407642,90714,181,318,8790,
127.80121301583767,90713,182,318,8790,
127.80464709808396,90712,183,318,8790,
127.8050126162654,90712,182,319,8790,
127.8078468097432,90711,183,319,8790,
127.81218187931003,90711,182,320,8790,
127.81250684767625,90710,183,320,8790,
127.81503105118011,90709,184,320,8790,
127.81541239534477,90709,183,321,8790,
127.81566265415186,90709,182,322,8790,
127.8396450744919,90709,182,321,8791,
127.84474374290045,90709,182,320,8792,
127.84479535524854,90709,181,321,8792,
127.84789026505847,90708,182,321,8792,
127.85308048243292,90708,182,320,8793,
127.86144641167937,90707,183,320,8793,
127.86188543637815,90707,182,321,8793,
127.87128365783215,90707,181,322,8793,
127.87440734907638,90707,181,321,8794,
127.8831674911486,90707,180,322,8794,
127.90548604490964,90706,181,322,8794,
127.90598450231847,90706,181,321,8795,
127.90612040619901,90706,181,320,8796,
127.91296293325314,90705,182,320,8796,
127.9255757435594,90704,183,320,8796,
127.92638898382909,90704,182,321,8796,
127.93268028579804,90703,183,321,8796,
127.93425442820771,90703,182,322,8796,
127.94186407193287,90703,182,321,8797,
127.94234136687095,90703,182,320,8798,
127.94440556681839,90702,183,320,8798,
127.95472828701625,90702,182,321,8798,
127.95897164145345,90701,183,321,8798,
127.96286978234323,90701,183,320,8799,
127.9714397578339,90701,183,319,8800,
127.98254976673043,90700,184,319,8800,
127.98889462088202,90700,184,318,8801,
127.98916821977798,90699,185,318,8801,
127.99095283614774,90699,185,317,8802,
127.9946492404647,90699,184,318,8802,
127.99481661742419,90698,185,318,8802,
128.00275154543067,90698,184,319,8802,
128.0034691550161,90697,185,319,8802,
128.01876246629553,90697,185,318,8803,
128.02128321494146,90696,186,318,8803,
128.03433688212942,90695,187,318,8803,
128.04376246093975,90694,188,318,8803,
128.06346632041914,90693,189,318,8803,
128.06480904683292,90693,189,317,8804,
128.0668764261381,90693,188,318,8804,
128.07188151551316,90693,187,319,8804,
128.08033456832635,90693,186,320,8804,
128.08309450248655,90693,185,321,8804,
128.09595785040707,90693,184,322,8804,
128.09750533525585,90693,184,321,8805,
128.10465555394003,90692,185,321,8805,
128.10505468474602,90691,186,321,8805,
128.12898419008062,90691,186,320,8806,
128.13305719352192,90690,187,320,8806,
128.14614820906894,90689,188,320,8806,
128.15829331565345,90688,189,320,8806,
128.16029810393414,90687,190,320,8806,
128.16044480504712,90687,190,319,8807,
128.1743463887669,90687,189,320,8807,
128.17767145922616,90687,189,319,8808,
128.20040713546555,90687,189,318,8809,
128.23446238962228,90687,188,319,8809,
128.2522524813105,90687,187,320,8809,
128.25525035990506,90686,188,320,8809,
128.26171650632284,90685,189,320,8809,
128.30044617648653,90685,188,321,8809,
128.31209622324002,90685,187,322,8809,
128.31776268099844,90684,188,322,8809,
128.32402949714535,90683,189,322,8809,
128.32670089888205,90683,189,321,8810,
128.34107107461926,90683,188,322,8810,
128.34503868026255,90683,187,323,8810,
128.35577997469386,90682,188,323,8810,
128.3666022702937,90682,188,322,8811,
128.36797910659112,90682,188,321,8812,
128.37711647456345,90682,187,322,8812,
128.37847881055234,90682,186,323,8812,
128.38013758098086,90682,186,322,8813,
128.38218422268338,90681,187,322,8813,
128.39216200622,90681,187,321,8814,
128.39789416610125,90680,188,321,8814,
128.41836702874238,90680,188,320,8815,
128.4260831896086,90680,188,319,8816,
128.44343386002512,90680,188,318,8817,
128.45945373295328,90680,188,317,8818,
128.4669654865538,90679,189,317,8818,
128.4752645141026,90678,190,317,8818,
128.4773155249715,90678,190,316,8819,
128.4821021593073,90677,191,316,8819,
128.49527806492583,90676,192,316,8819,
128.49836492281696,90676,191,317,8819,
128.5146709553167,90676,191,316,8820,
128.53051080048505,90675,192,316,8820,
128.5459664533783,90675,192,315,8821,
128.54688461210853,90675,191,316,8821,
128.56924469725374,90674,192,316,8821,
128.5718581808188,90674,191,317,8821,
128.57574941954854,90674,191,316,8822,
128.58097518164843,90674,191,315,8823,
128.58176875411678,90674,191,314,8824,
128.58192091701156,90674,190,315,8824,
128.60323736548017,90673,191,315,8824,
128.62923953024443,90673,191,314,8825,
128.63369377572366,90673,190,315,8825,
128.64082892979442,90672,191,315,8825,
128.6449648612853,90672,190,316,8825,
128.66326937119382,90672,189,317,8825,
128.6647131546648,90672,188,318,8825,
128.66495518314912,90671,189,318,8825,
128.67962855558324,90670,190,318,8825,
128.69172326717168,90670,189,319,8825,
128.69810042098896,90670,189,318,8826,
128.7008402719969,90670,188,319,8826,
128.70106509440757,90670,187,320,8826,
128.7024392715938,90669,188,320,8826,
128.70323457931218,90669,187,321,8826,
128.7053699639258,90668,188,321,8826,
128.71435299493123,90668,187,322,8826,
128.7222187239755,90667,188,322,8826,
128.7262967020293,90667,187,323,8826,
128.73120225367902,90667,186,324,8826,
128.74334708617536,90666,187,324,8826,
128.7569482593752,90665,188,324,8826,
128.76074493577914,90665,187,325,8826,
128.76459797730925,90665,186,326,8826,
128.76762452735963,90665,186,325,8827,
128.77325915974808,90665,185,326,8827,
128.79787999516543,90664,186,326,8827,
128.80537769424828,90664,186,325,8828,
128.81657771412702,90664,185,326,8828,
128.82063790476786,90664,184,327,8828,
128.83361904930916,90664,183,328,8828,
128.83696316612966,90664,182,329,8828,
128.83959273386282,90664,182,328,8829,
128.84412999854683,90664,182,327,8830,
128.85324559837218,90664,181,328,8830,
128.8848000818014,90664,181,327,8831,
128.8899404199535,90664,180,328,8831,
128.89045990210627,90664,179,329,8831,
128.89306926267778,90663,180,329,8831,
128.89622472208836,90663,179,330,8831,
128.93305843411525,90663,178,331,8831,
128.94106597386812,90663,178,330,8832,
128.94126641936646,90663,177,331,8832,
128.94421686488144,90663,176,332,8832,
128.94484993548988,90662,177,332,8832,
128.94979521887322,90662,177,331,8833,
128.96456937889337,90662,176,332,8833,
128.9677113367276,90661,177,332,8833,
128.96774500455157,90660,178,332,8833,
128.9818116983695,90660,177,333,8833,
128.9910687735106,90660,176,334,8833,
128.99113455378728,90659,177,334,8833,
129.01635742358837,90659,177,333,8834,
129.03611780717176,90659,177,332,8835,
129.04372313998834,90658,178,332,8835,
129.0521144569057,90658,177,333,8835,
129.06431952138539,90657,178,333,8835,
129.0683766418723,90657,178,332,8836,
129.0730220503616,90657,177,333,8836,
129.09419448710452,90657,176,334,8836,
129.09794874454946,90656,177,334,8836,
129.0982975930223,90656,177,333,8837,
129.0989416775078,90656,176,334,8837,
129.10298349487002,90656,176,333,8838,
129.11647937462308,90655,177,333,8838,
129.14925187363377,90655,177,332,8839,
129.18041156571067,90655,176,333,8839,
129.1826303945885,90655,176,332,8840,
129.18281353448776,90655,176,331,8841,
129.19392867223118,90655,176,330,8842,
129.19707415612956,90655,175,331,8842,
129.20929793801741,90655,174,332,8842,
129.2158956888273,90654,175,332,8842,
129.24208779524238,90654,175,331,8843,
129.26719821918667,90654,175,330,8844,
129.26997263375782,90654,174,331,8844,
129.2826035980191,90654,174,330,8845,
129.2889087183926,90653,175,330,8845,
129.3043272049098,90653,175,329,8846,
129.3104965430453,90653,175,328,8847,
129.31143285615357,90653,174,329,8847,
129.3242446669068,90653,173,330,8847,
129.32950073093485,90652,174,330,8847,
129.34321361723732,90652,174,329,8848,
129.34464870690255,90652,173,330,8848,
129.37535103766388,90652,173,329,8849,
129.38753078007795,90651,174,329,8849,
129.39134416560796,90650,175,329,8849,
129.39209422096013,90649,176,329,8849,
129.39437723508547,90649,176,328,8850,
129.40349899985824,90649,175,329,8850,
129.40394639500647,90649,175,328,8851,
129.40443224550037,90649,174,329,8851,
129.44029677614787,90649,174,328,8852,
129.46189080906018,90648,175,328,8852,
129.46269632077193,90648,175,327,8853,
129.47301320868002,90648,174,328,8853,
129.47697345791863,90648,174,327,8854,
129.48304171282032,90647,175,327,8854,
129.49212578292227,90647,174,328,8854,
129.49727924401287,90647,173,329,8854,
129.505935872921,90647,173,328,8855,
129.50904071088183,90647,173,327,8856,
129.54554210941228,90647,173,326,8857,
129.5555234410701,90646,174,326,8857,
129.55945384456362,90646,174,325,8858,
129.58608742488622,90646,173,326,8858,
129.58997136799107,90645,174,326,8858,
129.60341973773174,90644,175,326,8858,
129.62638149021595,90644,175,325,8859,
129.63708703767233,90644,175,324,8860,
129.64287544650398,90644,174,325,8860,
129.65449681854741,90644,174,324,8861,
129.6559727978149,90644,174,323,8862,
129.66862943383424,90644,174,322,8863,
129.6770595608994,90644,173,323,8863,
129.69448240010476,90644,172,324,8863,
129.70663411201605,90644,172,323,8864,
129.7149441864299,90644,172,322,8865,
129.72639835984415,90643,173,322,8865,
129.72955599459996,90643,173,321,8866,
129.73596231155008,90643,172,322,8866,
129.73694610008403,90643,172,321,8867,
129.73721832078186,90643,171,322,8867,
129.75505747944604,90643,171,321,8868,
129.76045284886877,90643,170,322,8868,
129.76158503366335,90642,171,322,8868,
129.7711328387789,90642,171,321,8869,
129.77738148155066,90641,172,321,8869,
129.78460367849883,90641,172,320,8870,
129.7847104642583,90641,172,319,8871,
129.7917494738464,90640,173,319,8871,
129.7932200971718,90640,173,318,8872,
129.80232312290076,90639,174,318,8872,
129.80293154852444,90639,174,317,8873,
129.81030501958628,90639,173,318,8873,
129.81069577152329,90638,174,318,8873,
129.82050981164684,90638,173,319,8873,
129.85436331704187,90637,174,319,8873,
129.8660511192714,90636,175,319,8873,
129.86769130810018,90635,176,319,8873,
129.8736738071087,90635,175,320,8873,
129.87730844502434,90635,174,321,8873,
129.8866828183116,90634,175,321,8873,
129.88698816405343,90633,176,321,8873,
129.8914862474054,90633,176,320,8874,
129.90399276297626,90633,176,319,8875,
129.92710628650676,90633,176,318,8876,
129.92941733781296,90633,175,319,8876,
129.93877442744986,90633,174,320,8876,
129.94250848371314,90632,175,320,8876,
129.9429401187979,90632,175,319,8877,
129.94368940411553,90631,176,319,8877,
129.9508074997016,90630,177,319,8877,
129.97934534593395,90630,177,318,8878,
130.0194623193427,90630,177,317,8879,
130.05071847735672,90629,178,317,8879,
130.05457614640554,90629,177,318,8879,
130.05566703964806,90628,178,318,8879,
130.06504123044084,90628,177,319,8879,
130.0663011230813,90628,177,318,8880,
130.0708955870657,90627,178,318,8880,
130.07578862775244,90626,179,318,8880,
130.08522541860214,90625,180,318,8880,
130.085777341351,90625,179,319,8880,
130.0878768020406,90624,180,319,8880,
130.0924516820086,90624,179,320,8880,
130.1004928761767,90624,179,319,8881,
130.10642061629372,90624,179,318,8882,
130.12631793939002,90623,180,318,8882,
130.13210083837455,90622,181,318,8882,
130.13461196076193,90622,180,319,8882,
130.14689888257178,90622,180,318,8883,
130.15395434612978,90622,179,319,8883,
130.16193716238058,90622,179,318,8884,
130.1733746137104,90621,180,318,8884,
130.1847606620705,90621,179,319,8884,
130.19413426355166,90621,179,318,8885,
130.19609646233178,90621,178,319,8885,
130.19609671169388,90621,178,318,8886,
130.20577294304056,90621,178,317,8887,
130.20641202899503,90621,178,316,8888,
130.2096433321122,90620,179,316,8888,
130.21672052867711,90619,180,316,8888,
130.23086154136098,90619,180,315,8889,
130.2408882077038,90619,180,314,8890,
130.24106160311348,90619,180,313,8891,
130.2456494586957,90618,181,313,8891,
130.24759093583253,90618,181,312,8892,
130.2507843990785,90618,180,313,8892,
130.2513104617417,90618,180,312,8893,
130.2532779078311,90617,181,312,8893,
130.25717363628388,90616,182,312,8893,
130.2578583794695,90616,182,311,8894,
130.26561477179723,90616,182,310,8895,
130.2745835412037,90616,181,311,8895,
130.27536858605055,90616,180,312,8895,
130.277415486915,90615,181,312,8895,
130.28438375698263,90614,182,312,8895,
130.29204827672865,90614,182,311,8896,
130.29294757358443,90613,183,311,8896,
130.32446633061306,90612,184,311,8896,
130.32995869822594,90611,185,311,8896,
130.337671090862,90611,185,310,8897,
130.34116802143794,90611,185,309,8898,
130.3425643741034,90611,185,308,8899,
130.35597628818874,90611,185,307,8900,
130.36829972692803,90611,184,308,8900,
130.3753290822333,90611,183,309,8900,
130.37965050904052,90610,184,309,8900,
130.39733528183604,90609,185,309,8900,
130.42264126479773,90608,186,309,8900,
130.44757043486644,90608,186,308,8901,
130.4481601398665,90607,187,308,8901,
130.45307149012103,90606,188,308,8901,
130.45768577386232,90606,188,307,8902,
130.46228550685993,90606,187,308,8902,
130.46478198277504,90606,187,307,8903,
130.4703119614907,90605,188,307,8903,
130.48716588881175,90604,189,307,8903,
130.48902515403591,90603,190,307,8903,
130.49074082040778,90602,191,307,8903,
130.49907179569237,90602,191,306,8904,
130.5037902266642,90602,191,305,8905,
130.51247736962134,90601,192,305,8905,
130.5265148943756,90601,191,306,8905,
130.5367364098292,90601,191,305,8906,
130.53863951290924,90601,191,304,8907,
130.5437361762037,90600,192,304,8907,
130.56513350942544,90600,192,303,8908,
130.56529871001834,90600,192,302,8909,
130.56676513622932,90600,192,301,8910,
130.58495903229593,90600,191,302,8910,
130.59918093974588,90600,191,301,8911,
130.60533564788128,90599,192,301,8911,
130.62745485087058,90599,191,302,8911,
130.66315780603824,90598,192,302,8911,
130.6846726898752,90598,192,301,8912,
130.68794775590843,90597,193,301,8912,
130.7008931762287,90597,193,300,8913,
130.71324723583447,90597,193,299,8914,
130.7148736301449,90597,193,298,8915,
130.71851664819152,90596,194,298,8915,
130.7202157125465,90596,193,299,8915,
130.72621018847587,90595,194,299,8915,
130.73235900493634,90594,195,299,8915,
130.74254204697996,90594,195,298,8916,
130.75160306473902,90594,194,299,8916,
130.78890269700753,90594,194,298,8917,
130.8025183998223,90594,194,297,8918,
130.81641287417713,90593,195,297,8918,
130.82566490659357,90593,195,296,8919,
130.83464420610954,90593,194,297,8919,
130.84579839528607,90593,194,296,8920,
130.8625378922058,90593,193,297,8920,
130.86962043881678,90592,194,297,8920,
130.8854193132109,90591,195,297,8920,
130.88561627862026,90590,196,297,8920,
130.8859153854733,90589,197,297,8920,
130.8978084270783,90589,197,296,8921,
130.90672950491438,90589,197,295,8922,
130.90762324690309,90589,196,296,8922,
130.91294225297472,90589,196,295,8923,
130.91328627244351,90589,196,294,8924,
130.9160572304969,90589,195,295,8924,
130.93129806294866,90589,195,294,8925,
130.9402835030383,90589,195,293,8926,
130.94122425228477,90589,194,294,8926,
130.94410185478705,90588,195,294,8926,
130.9547869871786,90588,195,293,8927,
130.96822656198842,90588,195,292,8928,
130.96932549353818,90588,195,291,8929,
130.97053478064137,90588,195,290,8930,
130.9775391576387,90588,194,291,8930,
130.98166520881693,90588,193,292,8930,
130.99323231861166,90587,194,292,8930,
130.99724973581348,90586,195,292,8930,
130.99804009163523,90585,196,292,8930,
131.02650244129728,90585,196,291,8931,
131.02695607962286,90584,197,291,8931,
131.0297570163166,90584,197,290,8932,
131.06742360663995,90583,198,290,8932,
131.07962673868204,90583,198,289,8933,
131.09974077276942,90582,199,289,8933,
131.10041669268386,90581,200,289,8933,
131.11080131182814,90581,200,288,8934,
131.11706092315393,90581,200,287,8935,
131.15212116198055,90581,199,288,8935,
131.1556557765361,90581,198,289,8935,
131.15584224615327,90581,198,288,8936,
131.18639071618378,90581,197,289,8936,
131.1875516527471,90581,196,290,8936,
131.1963180903175,90581,196,289,8937,
131.1997925272194,90580,197,289,8937,
131.20241711310211,90580,196,290,8937,
131.2251355130524,90580,195,291,8937,
131.22983518256882,90579,196,291,8937,
131.25930151625093,90578,197,291,8937,
131.26258246990056,90578,196,292,8937,
131.27269840712742,90578,195,293,8937,
131.29282780023934,90577,196,293,8937,
131.29890820022192,90576,197,293,8937,
131.31137895582026,90576,196,294,8937,
131.32080823028943,90576,195,295,8937,
131.32260726489923,90575,196,295,8937,
131.32385054883878,90574,197,295,8937,
131.32549580080925,90574,197,294,8938,
131.33655929668032,90573,198,294,8938,
131.35978980834108,90573,197,295,8938,
131.36182315788807,90573,196,296,8938,
131.36633891901408,90573,195,297,8938,
131.36898179778757,90573,195,296,8939,
131.37176535134628,90572,196,296,8939,
131.37386518002495,90572,195,297,8939,
131.375909197267,90572,194,298,8939,
131.38237342901633,90572,194,297,8940,
131.38558790892475,90572,193,298,8940,
131.38627858711652,90572,193,297,8941,
131.38933272925073,90572,192,298,8941,
131.39446487948294,90572,191,299,8941,
131.398045702968,90572,191,298,8942,
131.39972157284134,90572,190,299,8942,
131.4066957419207,90571,191,299,8942,
131.4185422195556,90570,192,299,8942,
131.43524457493112,90570,191,300,8942,
131.4430390613239,90570,190,301,8942,
131.45122324452961,90569,191,301,8942,
131.45661747911683,90569,190,302,8942,
131.46030990807134,90569,189,303,8942,
131.4722817869849,90568,190,303,8942,
131.47381065568356,90568,190,302,8943,
131.47605938236686,90567,191,302,8943,
131.5203802325039,90567,191,301,8944,
131.53100880587075,90566,192,301,8944,
131.5310924144265,90565,193,301,8944,
131.5515268929649,90565,193,300,8945,
131.56798039103438,90565,193,299,8946,
131.5806663198997,90565,192,300,8946,
131.6017635985625,90565,192,299,8947,
131.60706973766528,90565,191,300,8947,
131.60869410309286,90565,191,299,8948,
131.61150510494494,90565,191,298,8949,
131.61316684880524,90565,191,297,8950,
131.62153085606994,90565,191,296,8951,
131.63190669106518,90565,191,295,8952,
131.64763975140633,90564,192,295,8952,
131.64860076691852,90564,191,296,8952,
131.6807760380505,90564,190,297,8952,
131.6887709929837,90564,190,296,8953,
131.69186279646033,90564,189,297,8953,
131.7031389879191,90564,188,298,8953,
131.7035127930728,90564,188,297,8954,
131.7212527367167,90563,189,297,8954,
131.7529616613599,90562,190,297,8954,
131.75523057036546,90562,189,298,8954,
131.75544567778152,90562,188,299,8954,
131.76102809706796,90562,188,298,8955,
131.7694609077419,90562,188,297,8956,
131.77287703668708,90562,187,298,8956,
131.7759187259823,90561,188,298,8956,
131.79638268132538,90561,188,297,8957,
131.80010098876545,90561,188,296,8958,
131.80993497443671,90561,187,297,8958,
131.81306549054165,90561,186,298,8958,
131.81547512105664,90560,187,298,8958,
131.82169770930423,90559,188,298,8958,
131.8225484187597,90559,187,299,8958,
131.8350568321629,90558,188,299,8958,
131.8480687035864,90557,189,299,8958,
131.8549207919179,90556,190,299,8958,
131.85607240096815,90556,189,300,8958,
131.85769448125237,90555,190,300,8958,
131.86384550428784,90555,189,301,8958,
131.88416001253168,90555,189,300,8959,
131.89263061769478,90555,188,301,8959,
131.8982060515312,90555,188,300,8960,
131.90194958038833,90555,188,299,8961,
131.90444407943448,90555,187,300,8961,
131.95308732802926,90555,187,299,8962,
131.96105659284865,90555,186,300,8962,
131.96879388136898,90555,186,299,8963,
131.96973270919236,90555,185,300,8963,
131.97073454122375,90555,185,299,8964,
131.97144594978997,90555,184,300,8964,
131.97349702660222,90555,183,301,8964,
131.98227157364082,90554,184,301,8964,
131.99606834404102,90553,185,301,8964,
132.0127128648323,90553,185,300,8965,
132.01538372146672,90552,186,300,8965,
132.02250960716006,90551,187,300,8965,
132.0374768238948,90550,188,300,8965,
132.04866339423694,90550,187,301,8965,
132.05936970641025,90550,186,302,8965,
132.07186058123506,90550,186,301,8966,
132.0772166619049,90550,186,300,8967,
132.07972242972284,90549,187,300,8967,
132.0847295932297,90549,186,301,8967,
132.09598106849455,90549,185,302,8967,
132.10738752843417,90549,185,301,8968,
132.11641921646398,90549,184,302,8968,
132.12156521822138,90549,183,303,8968,
132.12988170229184,90549,182,304,8968,
132.1368982410227,90549,181,305,8968,
132.1406741288505,90549,180,306,8968,
132.1653274192159,90549,179,307,8968,
132.16633259161898,90549,179,306,8969,
132.1683893433151,90549,178,307,8969,
132.18158525144645,90549,177,308,8969,
132.19677334607508,90549,177,307,8970,
132.20253174361457,90549,177,306,8971,
132.2051265617253,90549,177,305,8972,
132.20868223503598,90549,176,306,8972,
132.21437024894757,90549,176,305,8973,
132.21784167224828,90549,176,304,8974,
132.2207906957211,90549,176,303,8975,
132.24822482949344,90549,175,304,8975,
132.25987724894364,90549,174,305,8975,
132.26880906920778,90549,173,306,8975,
132.27434418174832,90549,173,305,8976,
132.2798047620673,90549,173,304,8977,
132.28154791343312,90548,174,304,8977,
132.2860117528818,90548,173,305,8977,
132.28650636701803,90548,172,306,8977,
132.31215328321017,90548,171,307,8977,
132.31727717784543,90548,171,306,8978,
132.32838316782798,90548,170,307,8978,
132.36058562433635,90548,170,306,8979,
132.36172149127697,90547,171,306,8979,
132.36638507149596,90547,170,307,8979,
132.3738286116282,90547,169,308,8979,
132.38107158834194,90547,169,307,8980,
132.39294223187997,90547,168,308,8980,
132.40434726468638,90547,167,309,8980,
132.4379780386893,90546,168,309,8980,
132.44856307028022,90546,167,310,8980,
132.48622969007272,90546,167,309,8981,
132.49267762586075,90546,166,310,8981,
132.49831046205523,90545,167,310,8981,
132.51290370728236,90545,167,309,8982,
132.53482202142948,90545,166,310,8982,
132.5476790431923,90544,167,310,8982,
132.55136135764727,90544,167,309,8983,
132.55852582184966,90544,167,308,8984,
132.5683510825504,90544,166,309,8984,
132.5781614521065,90544,165,310,8984,
132.58209782296623,90544,164,311,8984,
132.58633920427184,90544,164,310,8985,
132.59360579970317,90543,165,310,8985,
132.60515399729888,90543,165,309,8986,
132.61706505577206,90543,165,308,8987,
132.62146742551,90543,165,307,8988,
132.6216203897833,90542,166,307,8988,
132.62736508046515,90541,167,307,8988,
132.62871668656007,90541,166,308,8988,
132.63299077501264,90541,166,307,8989,
132.6445197891664,90541,165,308,8989,
132.66668619734315,90541,165,307,8990,
132.68754970971648,90541,165,306,8991,
132.69115262115633,90541,164,307,8991,
132.6918287365257,90541,164,306,8992,
132.69235618454536,90541,164,305,8993,
132.70302152918381,90540,165,305,8993,
132.7246386580592,90540,165,304,8994,
132.74879530028934,90540,164,305,8994,
132.75750939788566,90540,163,306,8994,
132.76815788749312,90540,163,305,8995,
132.76993209372546,90540,162,306,8995,
132.78342492265517,90539,163,306,8995,
132.7846942330291,90539,162,307,8995,
132.79532799855124,90539,162,306,8996,
132.81580562585754,90539,162,305,8997,
132.8344044409899,90539,162,304,8998,
132.84329114222123,90539,162,303,8999,
132.86241367851565,90538,163,303,8999,
132.88338759264576,90537,164,303,8999,
132.88339396472153,90537,163,304,8999,
132.88416848514618,90536,164,304,8999,
132.88610493920874,90536,164,303,9000,
132.9145032781212,90535,165,303,9000,
132.93144090114745,90535,165,302,9001,
132.94717354776358,90535,165,301,9002,
132.97628358331687,90534,166,301,9002,
132.98187337390087,90534,166,300,9003,
132.99475822617617,90533,167,300,9003,
133.00636441931744,90533,167,299,9004,
133.02239919593347,90532,168,299,9004,
133.05398274449666,90532,168,298,9005,
133.06191433431863,90532,168,297,9006,
133.06416406160707,90531,169,297,9006,
133.06813642086013,90531,168,298,9006,
133.07003719342248,90531,168,297,9007,
133.0711403222309,90531,167,298,9007,
133.07699739858353,90531,167,297,9008,
133.08054700763273,90530,168,297,9008,
133.08953656405765,90529,169,297,9008,
133.09366942517457,90528,170,297,9008,
133.1007200984741,90528,169,298,9008,
133.11941868874433,90528,169,297,9009,
133.12313108209932,90528,168,298,9009,
133.12654926627914,90528,168,297,9010,
133.14170098016936,90528,168,296,9011,
133.1472866288482,90528,168,295,9012,
133.14927824566823,90528,168,294,9013,
133.15174195397572,90527,169,294,9013,
133.1609514036242,90526,170,294,9013,
133.1677976004711,90526,170,293,9014,
133.1710202724619,90525,171,293,9014,
133.20576488600634,90525,171,292,9015,
133.2318214801079,90525,171,291,9016,
133.24444261386415,90524,172,291,9016,
133.2550205096633,90524,171,292,9016,
133.26565198959273,90523,172,292,9016,
133.27241681625767,90523,172,291,9017,
133.27547600037124,90523,172,290,9018,
133.28089877032352,90522,173,290,9018,
133.30338598077688,90521,174,290,9018,
133.3034463012968,90520,175,290,9018,
133.30379102091644,90520,175,289,9019,
133.31156549355396,90519,176,289,9019,
133.3149155805812,90519,176,288,9020,
133.32366534595963,90518,177,288,9020,
133.33660999368945,90518,177,287,9021,
133.33707347673888,90518,177,286,9022,
133.3378102888305,90518,176,287,9022,
133.3434143346215,90518,175,288,9022,
133.34433829604396,90517,176,288,9022,
133.35444176665163,90517,175,289,9022,
133.3611061622572,90517,174,290,9022,
133.3642111767777,90517,174,289,9023,
133.36941563581826,90516,175,289,9023,
133.3770163620115,90516,175,288,9024,
133.38350424212766,90516,174,289,9024,
133.40216165236677,90516,174,288,9025,
133.40761637316444,90516,174,287,9026,
133.4171155556348,90515,175,287,9026,
133.41739857971015,90515,174,288,9026,
133.42262777400384,90515,174,287,9027,
133.42897446857785,90515,174,286,9028,
133.46531400205228,90515,173,287,9028,
133.46604723371655,90515,173,286,9029,
133.4713410424708,90514,174,286,9029,
133.4980905328589,90514,173,287,9029,
133.5088639852826,90514,173,286,9030,
133.51045530174224,90513,174,286,9030,
133.5233875894105,90513,174,285,9031,
133.53445342134583,90513,174,284,9032,
133.55064185887665,90512,175,284,9032,
133.55847632051865,90512,175,283,9033,
133.55969407394224,90512,175,282,9034,
133.58674815176775,90511,176,282,9034,
133.58773540409254,90511,176,281,9035,
133.59299379173615,90510,177,281,9035,
133.59334642949003,90509,178,281,9035,
133.59925929512664,90509,177,282,9035,
133.6004691416214,90509,177,281,9036,
133.61516741243932,90508,178,281,9036,
133.62867124780442,90508,177,282,9036,
133.64525321531835,90507,178,282,9036,
133.65132281090146,90506,179,282,9036,
133.6555269700367,90506,179,281,9037,
133.65968357870153,90505,180,281,9037,
133.6712889524637,90505,180,280,9038,
133.6793519026444,90504,181,280,9038,
133.67950619093935,90504,180,281,9038,
133.6816199400507,90504,180,280,9039,
133.68688465214873,90504,179,281,9039,
133.68826732016626,90504,178,282,9039,
133.69624449470123,90503,179,282,9039,
133.71251258184722,90503,179,281,9040,
133.71502050966302,90503,179,280,9041,
133.71808350898854,90503,178,281,9041,
133.7325135656912,90502,179,281,9041,
133.75549290198083,90502,178,282,9041,
133.76104382812136,90502,177,283,9041,
133.7633604311228,90501,178,283,9041,
133.78068041566064,90501,177,284,9041,
133.80107721572287,90501,176,285,9041,
133.80452170909132,90500,177,285,9041,
133.80793386917193,90500,176,286,9041,
133.80954540550778,90500,176,285,9042,
133.81206312664008,90500,176,284,9043,
133.81656043375722,90500,176,283,9044,
133.84033928701598,90500,175,284,9044,
133.8574046200727,90499,176,284,9044,
133.86472524503097,90499,176,283,9045,
133.87186930035108,90498,177,283,9045,
133.87778059516083,90498,176,284,9045,
133.87904169968007,90497,177,284,9045,
133.89761804046697,90497,177,283,9046,
133.92109077891058,90497,177,282,9047,
133.92293077715132,90497,177,281,9048,
133.92943421518464,90497,176,282,9048,
133.9365085309193,90497,176,281,9049,
133.93691783300767,90497,176,280,9050,
133.95442630465465,90497,176,279,9051,
133.95563719219686,90496,177,279,9051,
133.96732375430062,90496,176,280,9051,
133.98228642688414,90496,176,279,9052,
133.98873370755987,90496,175,280,9052,
133.99261341623173,90496,175,279,9053,
134.00056809264674,90496,174,280,9053,
134.03012676387473,90496,174,279,9054,
134.0336216120631,90496,173,280,9054,
134.0444520289523,90496,172,281,9054,
134.04490305878002,90495,173,281,9054,
134.05285097694974,90495,173,280,9055,
134.06116731320867,90495,173,279,9056,
134.0666342092051,90495,172,280,9056,
134.06952847330618,90495,171,281,9056,
134.07595437884746,90495,171,280,9057,
134.07803664228936,90494,172,280,9057,
134.08528824448496,90494,171,281,9057,
134.0969614207286,90494,171,280,9058,
134.09854468459883,90494,170,281,9058,
134.1050808430638,90493,171,281,9058,
134.13961209154587,90492,172,281,9058,
134.1455642882871,90492,171,282,9058,
134.15025329052207,90491,172,282,9058,
134.15607298616612,90490,173,282,9058,
134.15681023905813,90490,172,283,9058,
134.17215697368997,90490,171,284,9058,
134.17344947486384,90490,171,283,9059,
134.18470242991634,90490,171,282,9060,
134.18845241294864,90489,172,282,9060,
134.19593007830426,90489,171,283,9060,
134.20049643555515,90489,170,284,9060,
134.20491698704458,90489,170,283,9061,
134.2095783487802,90489,170,282,9062,
134.2155225465712,90488,171,282,9062,
134.22198728684927,90487,172,282,9062,
134.22781506039783,90487,172,281,9063,
134.22800899931616,90486,173,281,9063,
134.24325972295003,90486,173,280,9064,
134.24747546185375,90486,173,279,9065,
134.24808383314053,90486,172,280,9065,
134.25517201622435,90486,172,279,9066,
134.255967440995,90486,172,278,9067,
134.2655876160696,90486,172,277,9068,
134.2862656511213,90486,172,276,9069,
134.29270228408615,90486,171,277,9069,
134.3068458762036,90485,172,277,9069,
134.33314817541412,90484,173,277,9069,
134.33732284640797,90484,173,276,9070,
134.34216218318298,90483,174,276,9070,
134.34246249041783,90483,174,275,9071,
134.3549153197862,90482,175,275,9071,
134.35661973531847,90481,176,275,9071,
134.36511760885773,90480,177,275,9071,
134.36539483442425,90480,177,274,9072,
134.36961627475793,90480,176,275,9072,
134.37250055656898,90480,175,276,9072,
134.38147837400655,90480,174,277,9072,
134.38582189071113,90480,173,278,9072,
134.38776313071207,90480,173,277,9073,
134.39539328491358,90479,174,277,9073,
134.42125639904165,90479,174,276,9074,
134.4230778244381,90478,175,276,9074,
134.43561499517162,90477,176,276,9074,
134.44508665535062,90477,176,275,9075,
134.47180070967673,90477,175,276,9075,
134.47226189618453,90477,175,275,9076,
134.4725820769936,90477,175,274,9077,
134.4733166272645,90477,174,275,9077,
134.48347642162162,90477,174,274,9078,
134.48666639367093,90476,175,274,9078,
134.51847280466725,90476,174,275,9078,
134.53125627238884,90475,175,275,9078,
134.53191120944248,90475,175,274,9079,
134.54024037485857,90474,176,274,9079,
134.54070446159176,90473,177,274,9079,
134.55163768826395,90473,177,273,9080,
134.57444729749307,90472,178,273,9080,
134.5846561677367,90472,178,272,9081,
134.5951516618925,90471,179,272,9081,
134.602259714749,90470,180,272,9081,
134.60636210441902,90470,179,273,9081,
134.61485870904684,90470,178,274,9081,
134.61777623465315,90470,177,275,9081,
134.62112081012108,90470,177,274,9082,
134.64570334529026,90470,177,273,9083,
134.65677922314285,90470,177,272,9084,
134.65711891425795,90470,176,273,9084,
134.65857370452116,90469,177,273,9084,
134.6587204540839,90468,178,273,9084,
134.66388336064355,90468,178,272,9085,
134.67171695883113,90468,177,273,9085,
134.68068334842812,90468,176,274,9085,
134.68588139303725,90467,177,274,9085,
134.69137027143373,90466,178,274,9085,
134.69670567017718,90465,179,274,9085,
134.7017632914445,90465,179,273,9086,
134.71404173665624,90464,180,273,9086,
134.71516838870738,90463,181,273,9086,
134.73278667523002,90463,181,272,9087,
134.73452518084466,90462,182,272,9087,
134.81100138842623,90462,182,271,9088,
134.8552025429392,90461,183,271,9088,
134.85797544756593,90461,183,270,9089,
134.86824369870055,90461,182,271,9089,
134.87184317941558,90461,181,272,9089,
134.87511845849525,90461,180,273,9089,
134.87825190440753,90460,181,273,9089,
134.8799662545544,90459,182,273,9089,
134.88101374958444,90459,181,274,9089,
134.91037534429844,90458,182,274,9089,
134.91585661590912,90458,182,273,9090,
134.9205639718203,90457,183,273,9090,
134.9613104566464,90457,183,272,9091,
134.96472472908823,90457,182,273,9091,
134.97076104906122,90457,182,272,9092,
134.98081446595037,90457,182,271,9093,
134.99986820329195,90457,181,272,9093,
135.00221933668212,90456,182,272,9093,
135.04071503775805,90456,181,273,9093,
135.0429446300253,90455,182,273,9093,
135.0489916548244,90455,182,272,9094,
135.07908622747456,90454,183,272,9094,
135.09496205935017,90454,183,271,9095,
135.10886746088985,90454,183,270,9096,
135.12930715585378,90454,183,269,9097,
135.13542294072752,90454,182,270,9097,
135.1691645418479,90454,181,271,9097,
135.17459699139857,90453,182,271,9097,
135.18309205338798,90453,181,272,9097,
135.1954414001283,90452,182,272,9097,
135.20190947968075,90452,181,273,9097,
135.20438317292337,90452,181,272,9098,
135.20802543582516,90452,181,271,9099,
135.21132354439268,90451,182,271,9099,
135.212426306883,90451,181,272,9099,
135.21701427530786,90451,181,271,9100,
135.224919833988,90451,181,270,9101,
135.22713770352988,90451,180,271,9101,
135.22828697106854,90451,180,270,9102,
135.23412166171775,90451,179,271,9102,
135.24505803165485,90450,180,271,9102,
135.2481914528437,90450,180,270,9103,
135.25179536269223,90449,181,270,9103,
135.2523060939684,90449,180,271,9103,
135.27433380735178,90449,179,272,9103,
135.2782578476662,90448,180,272,9103,
135.28242335927132,90447,181,272,9103,
135.2903578370146,90447,180,273,9103,
135.32472932346076,90447,179,274,9103,
135.3430817793327,90447,178,275,9103,
135.36399125919488,90447,177,276,9103,
135.3819139002674,90446,178,276,9103,
135.38888960432502,90445,179,276,9103,
135.39954853254625,90445,178,277,9103,
135.43702277161,90445,177,278,9103,
135.44519830263675,90445,177,277,9104,
135.45642154924207,90445,176,278,9104,
135.4601232433718,90444,177,278,9104,
135.46234008400285,90444,177,277,9105,
135.46264045981474,90443,178,277,9105,
135.4738406236502,90443,178,276,9106,
135.48630403450858,90443,177,277,9106,
135.48765015302055,90443,176,278,9106,
135.50309824695574,90443,175,279,9106,
135.5054729810057,90442,176,279,9106,
135.5095800506707,90441,177,279,9106,
135.50994010159707,90441,177,278,9107,
135.52263182462144,90440,178,278,9107,
135.52817045664028,90439,179,278,9107,
135.54323987832834,90439,178,279,9107,
135.5479644312481,90439,177,280,9107,
135.5669090185431,90439,176,281,9107,
135.56851873555658,90438,177,281,9107,
135.57822665022243,90438,176,282,9107,
135.5834413076718,90438,175,283,9107,
135.59006177165315,90438,175,282,9108,
135.59884542546575,90437,176,282,9108,
135.60674500963444,90437,175,283,9108,
135.60850683304392,90437,174,284,9108,
135.6154035830487,90436,175,284,9108,
135.6249871163934,90435,176,284,9108,
135.65065691071732,90435,175,285,9108,
135.66177685858509,90435,174,286,9108,
135.7168094872488,90435,173,287,9108,
135.71706021390276,90435,172,288,9108,
135.71981018198068,90435,172,287,9109,
135.72508385236804,90434,173,287,9109,
135.72525031866385,90434,173,286,9110,
135.7386587057799,90434,172,287,9110,
135.76747271034623,90434,172,286,9111,
135.77683183080924,90434,172,285,9112,
135.78082542981207,90433,173,285,9112,
135.78662168572797,90433,172,286,9112,
135.7932500183705,90433,171,287,9112,
135.79545425865297,90433,171,286,9113,
135.7993239290064,90432,172,286,9113,
135.81553137686313,90431,173,286,9113,
135.8367118034344,90431,173,285,9114,
135.86122079438994,90430,174,285,9114,
135.86777400628327,90429,175,285,9114,
135.86841379394073,90429,175,284,9115,
135.8788498503878,90429,175,283,9116,
135.89373307148514,90429,174,284,9116,
135.89833813600043,90428,175,284,9116,
135.9020545024703,90427,176,284,9116,
135.9048648950969,90427,175,285,9116,
135.9264020433613,90426,176,285,9116,
135.94008799586652,90426,175,286,9116,
135.94155742868764,90425,176,286,9116,
135.94716375704368,90424,177,286,9116,
135.95493730364012,90424,176,287,9116,
135.95525863880133,90423,177,287,9116,
135.95823301963875,90423,176,288,9116,
135.96049822712465,90423,175,289,9116,
135.9638250240116,90423,174,290,9116,
135.96853707381595,90422,175,290,9116,
135.9690447844971,90422,174,291,9116,
135.97421120130684,90422,174,290,9117,
135.9833130017596,90422,173,291,9117,
135.9920660144888,90421,174,291,9117,
136.00193618317266,90420,175,291,9117,
136.00760730278375,90420,175,290,9118,
136.01674048665217,90420,174,291,9118,
136.02232488352658,90420,174,290,9119,
136.03291438930012,90420,174,289,9120,
136.0350209224707,90420,174,288,9121,
136.03863073121641,90420,174,287,9122,
136.06660274583444,90419,175,287,9122,
136.0981613455919,90419,174,288,9122,
136.11900162869932,90419,173,289,9122,
136.12035444529621,90418,174,289,9122,
136.15202025012522,90418,173,290,9122,
136.1611210327661,90418,172,291,9122,
136.16959809413922,90418,172,290,9123,
136.1724557658642,90418,171,291,9123,
136.17430501378294,90418,171,290,9124,
136.18220019114253,90417,172,290,9124,
136.1885080456455,90416,173,290,9124,
136.19744681998816,90416,172,291,9124,
136.19973356150308,90415,173,291,9124,
136.2024691008043,90415,173,290,9125,
136.20546450614808,90415,172,291,9125,
136.2115388788838,90415,172,290,9126,
136.2225611363364,90415,172,289,9127,
136.2319332625212,90414,173,289,9127,
136.23247269609436,90414,173,288,9128,
136.2334774722633,90413,174,288,9128,
136.23541680984587,90412,175,288,9128,
136.2382697602349,90411,176,288,9128,
136.24010177996067,90411,176,287,9129,
136.25623882194031,90411,176,286,9130,
136.26206041776695,90411,176,285,9131,
136.26470164339736,90411,176,284,9132,
136.2681256861681,90411,176,283,9133,
136.26814224125542,90411,176,282,9134,
136.29571427623796,90411,175,283,9134,
136.30496033560814,90411,174,284,9134,
136.3103880452775,90410,175,284,9134,
136.33613208471405,90409,176,284,9134,
136.34324011319688,90408,177,284,9134,
136.3472234550932,90408,176,285,9134,
136.34842675809804,90407,177,285,9134,
136.35218567917252,90406,178,285,9134,
136.37512324264486,90406,177,286,9134,
136.38989729506724,90406,177,285,9135,
136.39128739648407,90406,176,286,9135,
136.40078109052826,90406,176,285,9136,
136.40393165292133,90406,176,284,9137,
136.4324126965764,90406,175,285,9137,
136.44066593065844,90406,174,286,9137,
136.45314800998588,90406,174,285,9138,
136.46282449475376,90405,175,285,9138,
136.4689968755151,90405,175,284,9139,
136.47888098815758,90404,176,284,9139,
136.5167095190258,90404,176,283,9140,
136.51892794890824,90403,177,283,9140,
136.53729745164622,90402,178,283,9140,
136.55676599987711,90402,177,284,9140,
136.57585686941732,90402,176,285,9140,
136.5921491748884,90402,176,284,9141,
136.60238413842592,90402,175,285,9141,
136.60560267317908,90402,174,286,9141,
136.60700069979032,90402,173,287,9141,
136.62353427412697,90402,172,288,9141,
136.62483097442606,90402,171,289,9141,
136.64612305374152,90402,170,290,9141,
136.65035488613103,90402,170,289,9142,
136.65659663549164,90402,169,290,9142,
136.6815078306165,90401,170,290,9142,
136.69688679698476,90401,169,291,9142,
136.70141370231852,90400,170,291,9142,
136.71689339569804,90400,169,292,9142,
136.71941790492272,90400,169,291,9143,
136.72283966628262,90399,170,291,9143,
136.723050065479,90399,169,292,9143,
136.72703487692246,90399,169,291,9144,
136.729268432793,90399,169,290,9145,
136.72935126854205,90398,170,290,9145,
136.73397720962498,90397,171,290,9145,
136.73989044570678,90397,170,291,9145,
136.740278293398,90396,171,291,9145,
136.74392074331388,90395,172,291,9145,
136.75133026851472,90395,172,290,9146,
136.7598128079279,90394,173,290,9146,
136.7660242097583,90394,172,291,9146,
136.76794580780359,90394,172,290,9147,
136.7764935542791,90394,171,291,9147,
136.78722396204535,90393,172,291,9147,
136.79347970156815,90393,172,290,9148,
136.79685548378444,90393,172,289,9149,
136.81169072524017,90393,171,290,9149,
136.83543434184912,90392,172,290,9149,
136.8407456555223,90391,173,290,9149,
136.86260973605724,90391,172,291,9149,
136.8653727835439,90391,171,292,9149,
136.8730228243419,90390,172,292,9149,
136.87506412728578,90390,172,291,9150,
136.87706806336155,90389,173,291,9150,
136.87868247612002,90388,174,291,9150,
136.88293721110793,90388,173,292,9150,
136.88856051164407,90387,174,292,9150,
136.9178509979985,90386,175,292,9150,
136.91967832770848,90386,175,291,9151,
136.9202887533774,90386,175,290,9152,
136.93668746809485,90386,175,289,9153,
136.9407832703782,90386,174,290,9153,
136.9691857018928,90386,173,291,9153,
136.98357228622592,90386,172,292,9153,
136.99135557963208,90385,173,292,9153,
136.99208075938398,90384,174,292,9153,
137.01290581182943,90383,175,292,9153,
137.0184736115288,90383,175,291,9154,
137.02050298050844,90383,175,290,9155,
137.02256204002668,90383,175,289,9156,
137.03863998150595,90383,175,288,9157,
137.07862144108464,90383,175,287,9158,
137.08326407300672,90383,174,288,9158,
137.08398120478097,90383,174,287,9159,
137.0841319779949,90383,173,288,9159,
137.08554293170366,90383,173,287,9160,
137.15047060607762,90383,173,286,9161,
137.15648381201308,90383,173,285,9162,
137.1574760875747,90383,172,286,9162,
137.161602629669,90383,172,285,9163,
137.16310042531197,90383,172,284,9164,
137.16985360786143,90383,171,285,9164,
137.17241564637465,90383,170,286,9164,
137.17820137839553,90383,170,285,9165,
137.18086398498454,90383,170,284,9166,
137.186110537382,90383,169,285,9166,
137.2098900241823,90383,169,284,9167,
137.21786773215754,90382,170,284,9167,
137.22048803281928,90382,170,283,9168,
137.22062567372302,90382,170,282,9169,
137.246144172333,90382,170,281,9170,
137.2537191941273,90382,170,280,9171,
137.2602914898634,90381,171,280,9171,
137.2609774970427,90381,170,281,9171,
137.26131564995683,90381,170,280,9172,
137.2754113109736,90380,171,280,9172,
137.27988360441964,90380,171,279,9173,
137.2817454384545,90380,171,278,9174,
137.28671989309396,90380,170,279,9174,
137.28815591513342,90380,170,278,9175,
137.30165893981612,90380,169,279,9175,
137.30328919180462,90380,169,278,9176,
137.31781580529204,90379,170,278,9176,
137.33709126285564,90379,170,277,9177,
137.3630123699986,90378,171,277,9177,
137.38677905599107,90377,172,277,9177,
137.39828670444723,90377,172,276,9178,
137.40167066949866,90377,172,275,9179,
137.40754261708935,90377,171,276,9179,
137.40858449571382,90377,170,277,9179,
137.41513005509307,90377,170,276,9180,
137.42379510480453,90377,170,275,9181,
137.42892777622882,90377,170,274,9182,
137.4309390182192,90376,171,274,9182,
137.43756440009497,90375,172,274,9182,
137.44001675583633,90375,172,273,9183,
137.4686755564803,90374,173,273,9183,
137.47414024921517,90374,172,274,9183,
137.4877230788738,90373,173,274,9183,
137.49106295501142,90373,173,273,9184,
137.49672383178066,90373,172,274,9184,
137.4978265953037,90372,173,274,9184,
137.51611473239564,90372,173,273,9185,
137.52053049799036,90372,173,272,9186,
137.5603939639245,90372,173,271,9187,
137.56494559248583,90371,174,271,9187,
137.59002441416914,90371,174,270,9188,
137.60392647695528,90370,175,270,9188,
137.61195713181255,90370,175,269,9189,
137.61860010207528,90370,174,270,9189,
137.6241019280795,90370,173,271,9189,
137.62621802902467,90369,174,271,9189,
137.63088695330973,90369,174,270,9190,
137.63752345038313,90368,175,270,9190,
137.64407023631526,90368,174,271,9190,
137.6473000342814,90367,175,271,9190,
137.6532627978826,90366,176,271,9190,
137.67126482612082,90366,175,272,9190,
137.68249988618481,90365,176,272,9190,
137.69476538355235,90365,176,271,9191,
137.70584333843445,90364,177,271,9191,
137.70932238898632,90363,178,271,9191,
137.71533203277508,90363,178,270,9192,
137.71980503392942,90362,179,270,9192,
137.72910113206743,90361,180,270,9192,
137.73646989544173,90361,179,271,9192,
137.73974803883584,90361,178,272,9192,
137.76159150557987,90361,177,273,9192,
137.76880139293303,90361,176,274,9192,
137.78835989820567,90360,177,274,9192,
137.7914633486698,90360,176,275,9192,
137.82713027159338,90360,176,274,9193,
137.82835133711353,90360,175,275,9193,
137.82951966482597,90360,174,276,9193,
137.83442617165562,90360,174,275,9194,
137.8539848154236,90360,173,276,9194,
137.86223908819977,90359,174,276,9194,
137.86457775202175,90358,175,276,9194,
137.8676220427845,90357,176,276,9194,
137.891641622149,90357,176,275,9195,
137.9018766510984,90357,175,276,9195,
137.90864050410505,90356,176,276,9195,
137.91530140057336,90355,177,276,9195,
137.92798063415293,90355,177,275,9196,
137.9280915626769,90355,176,276,9196,
137.93808765020609,90354,177,276,9196,
137.93896850020434,90354,177,275,9197,
137.95807567005414,90353,178,275,9197,
137.96548985248594,90352,179,275,9197,
137.97589233909451,90352,179,274,9198,
137.97799422083853,90351,180,274,9198,
137.99153101607078,90351,180,273,9199,
137.99818349876168,90351,179,274,9199,
138.00529689568498,90351,178,275,9199,
138.01519608303965,90351,178,274,9200,
138.0191740179315,90351,178,273,9201,
138.03375354412987,90351,178,272,9202,
138.07605283638526,90350,179,272,9202,
138.08607257958687,90350,179,271,9203,
138.08645041144612,90349,180,271,9203,
138.0892891482623,90349,179,272,9203,
138.09680994227938,90348,180,272,9203,
138.10403109294978,90348,180,271,9204,
138.10811142645693,90348,180,270,9205,
138.11637982442434,90348,180,269,9206,
138.121647202103,90348,179,270,9206,
138.13770254485237,90348,178,271,9206,
138.13831323249408,90348,177,272,9206,
138.14059436099157,90348,176,273,9206,
138.14553357046393,90348,176,272,9207,
138.15859153416176,90348,175,273,9207,
138.1610035085763,90348,174,274,9207,
138.16101631061179,90348,174,273,9208,
138.1723873974792,90348,173,274,9208,
138.2016991886036,90347,174,274,9208,
138.21137898553164,90347,173,275,9208,
138.217305084146,90346,174,275,9208,
138.2175273353424,90346,174,274,9209,
138.21752806817264,90345,175,274,9209,
138.25215198797434,90344,176,274,9209,
138.27221152467047,90344,176,273,9210,
138.27890716208302,90343,177,273,9210,
138.28559577526875,90343,176,274,9210,
138.28731428831804,90343,176,273,9211,
138.2925417529304,90343,176,272,9212,
138.30323419188005,90343,176,271,9213,
138.31466717364697,90342,177,271,9213,
138.34035045976728,90342,176,272,9213,
138.34403890559688,90342,175,273,9213,
138.34897210039037,90342,175,272,9214,
138.3651932793365,90342,174,273,9214,
138.37985137391377,90342,174,272,9215,
138.38890964856114,90342,173,273,9215,
138.39783810761264,90342,172,274,9215,
138.4237350575719,90342,171,275,9215,
138.43514589350102,90341,172,275,9215,
138.43743697159985,90341,172,274,9216,
138.45135819890345,90341,171,275,9216,
138.45516891958397,90341,170,276,9216,
138.46692206863372,90341,170,275,9217,
138.48629775845248,90341,169,276,9217,
138.48639676368933,90341,169,275,9218,
138.49716832332905,90341,169,274,9219,
138.499711373623,90340,170,274,9219,
138.50599481555844,90339,171,274,9219,
138.50744539710462,90339,171,273,9220,
138.51449377945784,90339,170,274,9220,
138.51652825265631,90339,169,275,9220,
138.5248037024528,90338,170,275,9220,
138.53220438158655,90337,171,275,9220,
138.53713960478584,90337,170,276,9220,
138.53947940856014,90337,170,275,9221,
138.54538512084113,90336,171,275,9221,
138.55208811938002,90336,170,276,9221,
138.55435801754552,90335,171,276,9221,
138.55687777368038,90334,172,276,9221,
138.56193294254732,90333,173,276,9221,
138.58774838234234,90332,174,276,9221,
138.5956284883805,90332,173,277,9221,
138.59636775892537,90332,172,278,9221,
138.60917858189308,90331,173,278,9221,
138.6130637461446,90331,172,279,9221,
138.61404319385397,90330,173,279,9221,
138.6182236913325,90330,172,280,9221,
138.6225692567242,90330,171,281,9221,
138.62777321046795,90330,170,282,9221,
138.64491041426896,90329,171,282,9221,
138.64700594300308,90329,171,281,9222,
138.64907550936653,90329,171,280,9223,
138.66629036218617,90329,171,279,9224,
138.66886307521145,90329,170,280,9224,
138.6731934039479,90328,171,280,9224,
138.68324440398484,90327,172,280,9224,
138.68369009218466,90326,173,280,9224,
138.68632965129268,90325,174,280,9224,
138.69701336151658,90325,174,279,9225,
138.72712893182378,90325,173,280,9225,
138.7304217175615,90324,174,280,9225,
138.7309998205532,90323,175,280,9225,
138.771690181045,90323,175,279,9226,
138.78121609866753,90322,176,279,9226,
138.78230596708198,90322,175,280,9226,
138.79489954137944,90322,174,281,9226,
138.79888788626903,90322,174,280,9227,
138.80853933594045,90322,173,281,9227,
138.8152998497562,90322,173,280,9228,
138.81733589691635,90322,172,281,9228,
138.820091626502,90322,171,282,9228,
138.82290962974264,90322,170,283,9228,
138.84013787148942,90322,169,284,9228,
138.850164062804,90322,169,283,9229,
138.90069897445298,90322,168,284,9229,
138.90983754563666,90322,167,285,9229,
138.92735982000252,90322,167,284,9230,
138.96838237120704,90322,167,283,9231,
138.98658151711345,90322,167,282,9232,
138.99241771788073,90322,166,283,9232,
139.003504182793,90321,167,283,9232,
139.03134959263053,90320,168,283,9232,
139.03406703758435,90320,167,284,9232,
139.03634879575154,90319,168,284,9232,
139.03864971744562,90318,169,284,9232,
139.04012658769233,90318,169,283,9233,
139.05488086848683,90317,170,283,9233,
139.06837451008877,90317,169,284,9233,
139.08893575244733,90317,169,283,9234,
139.08976993419716,90317,169,282,9235,
139.093515996601,90316,170,282,9235,
139.09820801397854,90316,169,283,9235,
139.10206692565035,90316,169,282,9236,
139.10248117702236,90315,170,282,9236,
139.10863798390818,90315,169,283,9236,
139.11172297001644,90315,168,284,9236,
139.1133101011811,90315,167,285,9236,
139.12308164817173,90315,166,286,9236,
139.12749697544353,90315,165,287,9236,
139.13859269677425,90315,165,286,9237,
139.16513672406765,90315,165,285,9238,
139.1728815387073,90315,164,286,9238,
139.19963049683574,90315,164,285,9239,
139.20197533597806,90315,163,286,9239,
139.21282583632387,90314,164,286,9239,
139.21541042623647,90313,165,286,9239,
139.24242227504084,90313,165,285,9240,
139.2506535110737,90313,164,286,9240,
139.2753515719686,90313,164,285,9241,
139.27551592504952,90312,165,285,9241,
139.28524088363486,90312,164,286,9241,
139.28929894678603,90312,164,285,9242,
139.29127039734533,90312,164,284,9243,
139.29467266180876,90311,165,284,9243,
139.30413706987545,90311,164,285,9243,
139.30810794392738,90311,164,284,9244,
139.31635515525699,90311,164,283,9245,
139.32378182795702,90310,165,283,9245,
139.33122168340154,90310,165,282,9246,
139.34999712806905,90309,166,282,9246,
139.38817301315632,90308,167,282,9246,
139.38888242894973,90308,167,281,9247,
139.41640980234172,90308,167,280,9248,
139.4325371519565,90308,166,281,9248,
139.4428400825212,90307,167,281,9248,
139.44522832792518,90307,166,282,9248,
139.46425145876037,90306,167,282,9248,
139.47447176251652,90305,168,282,9248,
139.4915343155519,90305,168,281,9249,
139.50163810037654,90305,167,282,9249,
139.53720085228767,90305,166,283,9249,
139.53860565371338,90304,167,283,9249,
139.5456969144198,90304,166,284,9249,
139.57724736981584,90304,165,285,9249,
139.58352638826693,90304,165,284,9250,
139.58847296461596,90304,164,285,9250,
139.5885420739193,90304,164,284,9251,
139.59100725237926,90304,164,283,9252,
139.5954094054325,90303,165,283,9252,
139.6114810927764,90303,164,284,9252,
139.61424749903148,90302,165,284,9252,
139.62445037723325,90302,165,283,9253,
139.62823292058604,90302,165,282,9254,
139.63787415201395,90301,166,282,9254,
139.64088741975445,90301,166,281,9255,
139.6452321163478,90301,166,280,9256,
139.65742483617964,90301,166,279,9257,
139.66894821816916,90301,165,280,9257,
139.70032429975996,90301,165,279,9258,
139.71036651870543,90301,165,278,9259,
139.72217661879083,90300,166,278,9259,
139.73235234273102,90300,165,279,9259,
139.74005346678942,90300,164,280,9259,
139.7480224722,90300,163,281,9259,
139.75680007752626,90300,163,280,9260,
139.7936773890945,90300,163,279,9261,
139.79915513179975,90299,164,279,9261,
139.8026499524965,90298,165,279,9261,
139.80448894374535,90297,166,279,9261,
139.80471387374035,90297,166,278,9262,
139.80622194757092,90297,166,277,9263,
139.8147206281859,90297,165,278,9263,
139.82417325726206,90296,166,278,9263,
139.8274426127531,90296,165,279,9263,
139.84177969437243,90295,166,279,9263,
139.85360209248603,90295,165,280,9263,
139.85906526850192,90295,165,279,9264,
139.85961493079367,90295,165,278,9265,
139.8627349108638,90295,164,279,9265,
139.88958927268777,90295,164,278,9266,
139.89213677106267,90295,164,277,9267,
139.90026860703114,90295,164,276,9268,
139.91562371365282,90295,163,277,9268,
139.93097981866006,90295,163,276,9269,
139.93783205970436,90295,162,277,9269,
139.94125213238846,90295,162,276,9270,
139.95388211687424,90295,162,275,9271,
139.97992442103288,90295,161,276,9271,
139.980804173693,90294,162,276,9271,
139.9829931422471,90293,163,276,9271,
139.98575678514075,90292,164,276,9271,
139.99267098960732,90291,165,276,9271,
139.99910852272365,90291,164,277,9271,
140.00782630678825,90291,164,276,9272,
140.01293167061868,90290,165,276,9272,
140.0477263937433,90290,164,277,9272,
140.05221390454187,90290,163,278,9272,
140.06213925556685,90290,163,277,9273,
140.06501300715647,90289,164,277,9273,
140.0669492259167,90289,164,276,9274,
140.07041599534992,90289,163,277,9274,
140.07081553920182,90289,162,278,9274,
140.0819091886752,90289,162,277,9275,
140.08567498840404,90289,162,276,9276,
140.08594381247968,90289,162,275,9277,
140.0999264583134,90289,161,276,9277,
140.10791024349618,90289,161,275,9278,
140.12629204255487,90289,160,276,9278,
140.12841220992493,90289,160,275,9279,
140.1539593711057,90288,161,275,9279,
140.166122994872,90287,162,275,9279,
140.16702330793328,90286,163,275,9279,
140.16719471706222,90286,162,276,9279,
140.20228720142606,90286,161,277,9279,
140.20530784202074,90286,160,278,9279,
140.2177330733391,90286,159,279,9279,
140.22929138172796,90286,158,280,9279,
140.23138126691214,90285,159,280,9279,
140.23327472709613,90285,158,281,9279,
140.26626073083676,90285,158,280,9280,
140.28716769899427,90284,159,280,9280,
140.29315765801596,90283,160,280,9280,
140.29386594748013,90283,160,279,9281,
140.2976703541027,90282,161,279,9281,
140.3033537170895,90281,162,279,9281,
140.3082715322011,90281,161,280,9281,
140.30907820820784,90281,160,281,9281,
140.31548594868616,90281,160,280,9282,
140.3186218090345,90280,161,280,9282,
140.35672062554204,90280,160,281,9282,
140.3706107615331,90279,161,281,9282,
140.37202334463052,90278,162,281,9282,
140.37259359313404,90278,161,282,9282,
140.38714335648731,90278,161,281,9283,
140.38826518113603,90278,160,282,9283,
140.39322515046078,90278,159,283,9283,
140.4181669097282,90277,160,283,9283,
140.43151028594326,90277,160,282,9284,
140.4442025377088,90276,161,282,9284,
140.4893333431153,90276,161,281,9285,
140.5155292030449,90275,162,281,9285,
140.51934101652697,90275,162,280,9286,
140.5291409875737,90274,163,280,9286,
140.5341535433811,90274,162,281,9286,
140.55016702300222,90273,163,281,9286,
140.55929441285872,90273,162,282,9286,
140.56144936186084,90273,162,281,9287,
140.57029751963287,90272,163,281,9287,
140.60170731914315,90272,162,282,9287,
140.60556792066234,90272,162,281,9288,
140.63007393105485,90271,163,281,9288,
140.6377824276676,90271,162,282,9288,
140.64068138421462,90270,163,282,9288,
140.64429283955533,90270,163,281,9289,
140.64946005874475,90269,164,281,9289,
140.67790701204004,90269,163,282,9289,
140.6934670857155,90268,164,282,9289,
140.71704260248714,90268,164,281,9290,
140.72247930428782,90268,164,280,9291,
140.72511832915583,90268,164,279,9292,
140.72599031632544,90267,165,279,9292,
140.75827444201454,90267,165,278,9293,
140.76833376592745,90267,164,279,9293,
140.77125251015738,90267,164,278,9294,
140.7730315169924,90267,163,279,9294,
140.78536293939823,90267,162,280,9294,
140.78597107366596,90267,161,281,9294,
140.80040028606567,90266,162,281,9294,
140.81870587957044,90266,161,282,9294,
140.82264688984534,90266,160,283,9294,
140.84280787605573,90266,159,284,9294,
140.87751430110876,90266,158,285,9294,
140.88311068625288,90266,157,286,9294,
140.91282860588154,90266,156,287,9294,
140.91748842416928,90266,156,286,9295,
140.92849391431923,90266,156,285,9296,
140.9288814663938,90266,155,286,9296,
140.9304284531882,90265,156,286,9296,
140.93048413619286,90265,156,285,9297,
140.95834587349358,90265,155,286,9297,
140.96356309162542,90265,155,285,9298,
140.97353640753659,90264,156,285,9298,
140.98022603203032,90263,157,285,9298,
140.98497832143502,90263,156,286,9298,
140.98692613441273,90262,157,286,9298,
140.99548973581346,90262,157,285,9299,
141.0086278653765,90262,157,284,9300,
141.0127296692786,90262,157,283,9301,
141.0170780887133,90261,158,283,9301,
141.02414741981488,90261,157,284,9301,
141.04896919206675,90260,158,284,9301,
141.06634653217574,90259,159,284,9301,
141.06914958094484,90258,160,284,9301,
141.07042125658828,90258,160,283,9302,
141.0792533194776,90258,160,282,9303,
141.08398100509612,90257,161,282,9303,
141.0905431530475,90257,160,283,9303,
141.09573543244724,90257,160,282,9304,
141.10324566620073,90257,159,283,9304,
141.11237124256257,90257,158,284,9304,
141.13005876307625,90257,157,285,9304,
141.1405304241493,90256,158,285,9304,
141.15575771669745,90256,158,284,9305,
141.17697830631266,90256,158,283,9306,
141.18871641726304,90256,157,284,9306,
141.18909000231733,90256,157,283,9307,
141.19373713055396,90256,156,284,9307,
141.2107694514222,90256,156,283,9308,
141.24892704292037,90256,156,282,9309,
141.25042729501766,90255,157,282,9309,
141.2653555123091,90254,158,282,9309,
141.27939393297697,90253,159,282,9309,
141.29477546789767,90252,160,282,9309,
141.30312263744304,90251,161,282,9309,
141.30860044481554,90250,162,282,9309,
141.3428386495895,90250,162,281,9310,
141.35345683342268,90250,161,282,9310,
141.36420107028601,90250,160,283,9310,
141.3666529929444,90249,161,283,9310,
141.37792701944898,90249,160,284,9310,
141.39064871990172,90248,161,284,9310,
141.40753268604237,90247,162,284,9310,
141.42600389266929,90246,163,284,9310,
141.44057157251424,90245,164,284,9310,
141.4452606738624,90245,163,285,9310,
141.45218081795633,90245,162,286,9310,
141.45487279487682,90245,162,285,9311,
141.45620343669535,90244,163,285,9311,
141.45658727126857,90244,163,284,9312,
141.50040383425232,90244,162,285,9312,
141.50355729181382,90243,163,285,9312,
141.50710925378152,90242,164,285,9312,
141.5090272804305,90242,163,286,9312,
141.51000606625016,90242,163,285,9313,
141.51792439071608,90242,163,284,9314,
141.5490883382802,90241,164,284,9314,
141.5685188277314,90241,163,285,9314,
141.5770861568057,90240,164,285,9314,
141.5843675851262,90239,165,285,9314,
141.58964539104358,90238,166,285,9314,
141.60775877038606,90238,165,286,9314,
141.63165077041785,90237,166,286,9314,
141.6323071984446,90237,165,287,9314,
141.63931472574825,90236,166,287,9314,
141.64306521536093,90235,167,287,9314,
141.6602790789303,90234,168,287,9314,
141.6993338770948,90234,168,286,9315,
141.70640609057585,90234,168,285,9316,
141.7219266772804,90233,169,285,9316,
141.72466463950516,90233,168,286,9316,
141.72729601292846,90233,167,287,9316,
141.73454288885875,90232,168,287,9316,
141.74243626458986,90232,167,288,9316,
141.743992741436,90232,166,289,9316,
141.75583796818503,90232,165,290,9316,
141.7593714495251,90232,164,291,9316,
141.76224831269897,90232,164,290,9317,
141.77145693906633,90231,165,290,9317,
141.77829528273395,90230,166,290,9317,
141.7832702154146,90229,167,290,9317,
141.8140020266414,90229,166,291,9317,
141.81806017620033,90228,167,291,9317,
141.8259791677915,90227,168,291,9317,
141.83195978829517,90226,169,291,9317,
141.83675575003753,90225,170,291,9317,
141.83833144640337,90225,169,292,9317,
141.84467700914993,90225,168,293,9317,
141.84937315704465,90224,169,293,9317,
141.8501380167343,90224,168,294,9317,
141.8539484633919,90223,169,294,9317,
141.85941151994552,90223,169,293,9318,
141.85955345798988,90222,170,293,9318,
141.86499036923493,90222,170,292,9319,
141.86655087131876,90222,170,291,9320,
141.86736937606128,90221,171,291,9320,
141.91089196673792,90221,171,290,9321,
141.91925704485593,90221,171,289,9322,
141.94698465304646,90220,172,289,9322,
141.96808980886382,90219,173,289,9322,
141.9697136507532,90218,174,289,9322,
141.99787732628548,90217,175,289,9322,
142.0006807434732,90217,174,290,9322,
142.00235220467403,90217,174,289,9323,
142.02168923156594,90216,175,289,9323,
142.02287304244464,90215,176,289,9323,
142.03144471653889,90214,177,289,9323,
142.04123111253733,90214,177,288,9324,
142.05800446695036,90214,176,289,9324,
142.06600852233996,90213,177,289,9324,
142.07446342558865,90212,178,289,9324,
142.07484682844685,90211,179,289,9324,
142.08172792883346,90210,180,289,9324,
142.10533127946465,90210,180,288,9325,
142.10856452781206,90209,181,288,9325,
142.11408924950294,90209,180,289,9325,
142.11550032461514,90209,180,288,9326,
142.1200778271093,90209,180,287,9327,
142.12555454219395,90209,179,288,9327,
142.1520053556804,90208,180,288,9327,
142.15516439487672,90208,180,287,9328,
142.15523366695595,90208,179,288,9328,
142.15946659171243,90208,179,287,9329,
142.16068589097432,90208,178,288,9329,
142.16526176374822,90207,179,288,9329,
142.16712538255186,90207,179,287,9330,
142.18181897600596,90206,180,287,9330,
142.18670750446347,90206,180,286,9331,
142.1925718783715,90206,180,285,9332,
142.1929164630059,90206,179,286,9332,
142.20370787752464,90206,178,287,9332,
142.21571659970937,90206,178,286,9333,
142.2555722194505,90206,177,287,9333,
142.26230040599722,90206,177,286,9334,
142.26776484512757,90205,178,286,9334,
142.27318815240469,90205,177,287,9334,
142.2828021321978,90205,177,286,9335,
142.28347435912804,90205,177,285,9336,
142.28825096066714,90204,178,285,9336,
142.30060654795145,90204,177,286,9336,
142.31350598473568,90204,176,287,9336,
142.34372287828717,90204,176,286,9337,
142.35017677219648,90203,177,286,9337,
142.35711424143793,90203,176,287,9337,
142.3699706595741,90202,177,287,9337,
142.37271080468008,90202,176,288,9337,
142.38064525703263,90202,175,289,9337,
142.41017801483102,90201,176,289,9337,
142.4133968994908,90200,177,289,9337,
142.41368943014396,90200,176,290,9337,
142.42698702280734,90199,177,290,9337,
142.4290644724095,90198,178,290,9337,
142.48294355961664,90198,178,289,9338,
142.52247818987587,90197,179,289,9338,
142.53879414608977,90197,179,288,9339,
142.5403465295279,90197,179,287,9340,
142.54782432948383,90197,178,288,9340,
142.58575010850805,90196,179,288,9340,
142.58670603770935,90195,180,288,9340,
142.60047729232798,90194,181,288,9340,
142.6156191237842,90194,180,289,9340,
142.62361869189377,90193,181,289,9340,
142.6241775571557,90193,181,288,9341,
142.625324421407,90192,182,288,9341,
142.65040314574594,90192,182,287,9342,
142.66066472115673,90192,181,288,9342,
142.66241207321,90192,181,287,9343,
142.6911337555252,90192,180,288,9343,
142.69163154738698,90191,181,288,9343,
142.69275127831168,90190,182,288,9343,
142.7269236231723,90189,183,288,9343,
142.73578146216607,90188,184,288,9343,
142.74779852694462,90188,184,287,9344,
142.75269908816247,90187,185,287,9344,
142.77195774444442,90187,185,286,9345,
142.80481877282512,90186,186,286,9345,
142.81080077541196,90186,185,287,9345,
142.8201285000878,90186,185,286,9346,
142.83131695000318,90185,186,286,9346,
142.83599100645853,90185,186,285,9347,
142.84365542303289,90185,186,284,9348,
142.8473888546089,90185,185,285,9348,
142.84773130985968,90185,185,284,9349,
142.86021554073764,90185,185,283,9350,
142.86185173954152,90185,184,284,9350,
142.86543196042174,90184,185,284,9350,
142.87913464004924,90184,185,283,9351,
142.8936588472678,90183,186,283,9351,
142.90326667452155,90183,186,282,9352,
142.90700220370547,90183,186,281,9353,
142.92073913492405,90183,186,280,9354,
142.92491311090401,90183,186,279,9355,
142.93633967220393,90183,186,278,9356,
142.94271997575711,90183,186,277,9357,
142.9478729082913,90183,186,276,9358,
142.9679431129417,90182,187,276,9358,
142.97643383311703,90182,186,277,9358,
142.98774196430196,90181,187,277,9358,
142.9898126563448,90181,187,276,9359,
142.99165267017247,90181,187,275,9360,
142.99464351450098,90181,187,274,9361,
143.0020893200233,90180,188,274,9361,
143.01750132162127,90180,188,273,9362,
143.02134217446115,90180,188,272,9363,
143.05066490153465,90180,187,273,9363,
143.05357230445838,90179,188,273,9363,
143.06053654054656,90179,187,274,9363,
143.0837959134929,90179,186,275,9363,
143.08621312485204,90179,186,274,9364,
143.0989854740331,90179,186,273,9365,
143.09944623016025,90179,185,274,9365,
143.102105114512,90179,184,275,9365,
143.10931310008283,90179,183,276,9365,
143.12427444105518,90179,182,277,9365,
143.12734212138272,90178,183,277,9365,
143.13425094522995,90178,182,278,9365,
143.1352348929985,90177,183,278,9365,
143.1661836137191,90177,183,277,9366,
143.1666105441708,90177,183,276,9367,
143.18287644349192,90177,182,277,9367,
143.18422913319375,90177,182,276,9368,
143.18773469723732,90177,181,277,9368,
143.19458717659234,90176,182,277,9368,
143.19704745698863,90175,183,277,9368,
143.20064159477195,90174,184,277,9368,
143.20585242263985,90174,184,276,9369,
143.21079999234973,90174,184,275,9370,
143.21265433723778,90174,183,276,9370,
143.22797936128526,90173,184,276,9370,
143.2334606949374,90172,185,276,9370,
143.23389797804998,90171,186,276,9370,
143.25592235031607,90171,185,277,9370,
143.25817286296257,90171,184,278,9370,
143.26004629097804,90170,185,278,9370,
143.27902037981994,90170,184,279,9370,
143.2886016443298,90170,184,278,9371,
143.2891283934016,90170,183,279,9371,
143.2955605866691,90169,184,279,9371,
143.29877738869206,90168,185,279,9371,
143.31732039401786,90168,184,280,9371,
143.3176990879219,90168,183,281,9371,
143.3205017713556,90168,183,280,9372,
143.32675411754778,90168,183,279,9373,
143.32943227778156,90167,184,279,9373,
143.3383193480876,90167,183,280,9373,
143.3537243186916,90167,182,281,9373,
143.37692816609885,90167,182,280,9374,
143.38672532452262,90166,183,280,9374,
143.40910651361122,90165,184,280,9374,
143.41609387585646,90165,183,281,9374,
143.44260554173735,90164,184,281,9374,
143.45490652562017,90163,185,281,9374,
143.4641525551437,90163,184,282,9374,
143.4719163088848,90163,183,283,9374,
143.47500551435755,90162,184,283,9374,
143.47755999768236,90162,183,284,9374,
143.47921708112324,90162,182,285,9374,
143.48548768825037,90162,181,286,9374,
143.51248540102404,90162,181,285,9375,
143.51490339523517,90161,182,285,9375,
143.56427069320426,90160,183,285,9375,
143.56630612351367,90160,183,284,9376,
143.570423792896,90160,182,285,9376,
143.5708185157363,90160,182,284,9377,
143.59611416509256,90160,182,283,9378,
143.6035553612188,90160,181,284,9378,
143.60617183927724,90160,180,285,9378,
143.6296692322589,90160,180,284,9379,
143.66026469612117,90159,181,284,9379,
143.6632879407565,90159,180,285,9379,
143.66743861929996,90159,179,286,9379,
143.6711386590943,90158,180,286,9379,
143.6712159773001,90158,179,287,9379,
143.67468319585748,90158,178,288,9379,
143.6756991578603,90158,177,289,9379,
143.67582772574124,90158,176,290,9379,
143.67827351573817,90157,177,290,9379,
143.6977272625456,90156,178,290,9379,
143.7008342654217,90156,178,289,9380,
143.70412952891323,90155,179,289,9380,
143.7130046562496,90154,180,289,9380,
143.7134464662003,90153,181,289,9380,
143.73634560731136,90152,182,289,9380,
143.7371660560102,90152,181,290,9380,
143.7407402635517,90151,182,290,9380,
143.74676126061644,90150,183,290,9380,
143.74764727842884,90150,182,291,9380,
143.76372007378905,90149,183,291,9380,
143.76711008674465,90149,183,290,9381,
143.76763559066234,90148,184,290,9381,
143.770327747978,90148,183,291,9381,
143.78813357027013,90148,182,292,9381,
143.78913413238377,90148,182,291,9382,
143.80200069022243,90148,181,292,9382,
143.81653236554794,90148,180,293,9382,
143.82474444643904,90148,179,294,9382,
143.82886082395459,90147,180,294,9382,
143.8381488386401,90147,179,295,9382,
143.84656636795742,90147,179,294,9383,
143.84959753096854,90147,178,295,9383,
143.89099171323952,90146,179,295,9383,
143.8949284499741,90145,180,295,9383,
143.90593726040137,90145,180,294,9384,
143.91581724882303,90145,179,295,9384,
143.94289262384683,90145,178,296,9384,
143.95014690105475,90144,179,296,9384,
143.95528572375994,90144,179,295,9385,
143.96008368311212,90144,178,296,9385,
143.96086049155528,90144,177,297,9385,
143.96813459054118,90144,177,296,9386,
143.97121512648386,90144,176,297,9386,
143.99083782170538,90144,176,296,9387,
143.99293256074236,90144,175,297,9387,
144.01937818028688,90144,174,298,9387,
144.04002312188013,90144,173,299,9387,
144.04403290411503,90144,173,298,9388,
144.04451081409658,90143,174,298,9388,
144.05008907359496,90143,173,299,9388,
144.07813480529293,90142,174,299,9388,
144.1135510605606,90142,174,298,9389,
144.12628576130504,90142,173,299,9389,
144.1285835625562,90141,174,299,9389,
144.13219084469847,90141,174,298,9390,
144.14543246007167,90141,174,297,9391,
144.14673723411437,90141,173,298,9391,
144.1515500083138,90140,174,298,9391,
144.16445274231427,90140,174,297,9392,
144.16733474686416,90140,174,296,9393,
144.16800364447087,90140,174,295,9394,
144.1796986516781,90140,174,294,9395,
144.18011452232787,90140,173,295,9395,
144.1942240323043,90140,173,294,9396,
144.2075970862544,90139,174,294,9396,
144.21380677340358,90139,173,295,9396,
144.22963205270233,90138,174,295,9396,
144.23715722808004,90138,174,294,9397,
144.2397497758793,90138,174,293,9398,
144.24375907286694,90138,174,292,9399,
144.2655530408663,90137,175,292,9399,
144.2655715741942,90136,176,292,9399,
144.2659087638432,90135,177,292,9399,
144.2708256874345,90135,176,293,9399,
144.2859491152364,90134,177,293,9399,
144.29869572970568,90133,178,293,9399,
144.31316146902373,90132,179,293,9399,
144.31559831275584,90131,180,293,9399,
144.34812643839018,90130,181,293,9399,
144.35496720886232,90130,181,292,9400,
144.36482253341381,90129,182,292,9400,
144.37256832246982,90129,182,291,9401,
144.37506003910823,90129,181,292,9401,
144.39113706148598,90129,180,293,9401,
144.3915422643549,90129,179,294,9401,
144.39531356018034,90128,180,294,9401,
144.39623790031797,90128,179,295,9401,
144.39947505398334,90128,179,294,9402,
144.40033214275368,90128,178,295,9402,
144.41001512804863,90128,178,294,9403,
144.42196080779348,90128,177,295,9403,
144.43266972979876,90128,177,294,9404,
144.45991530994223,90127,178,294,9404,
144.46609426943925,90127,177,295,9404,
144.47150002597778,90127,176,296,9404,
144.49017120280612,90127,176,295,9405,
144.49797352729428,90127,176,294,9406,
144.50332873288298,90126,177,294,9406,
144.51182570341504,90126,177,293,9407,
144.51395524112877,90125,178,293,9407,
144.51548980173249,90125,177,294,9407,
144.53805700440788,90125,177,293,9408,
144.5399942125496,90124,178,293,9408,
144.58956868595297,90123,179,293,9408,
144.59440842512018,90123,178,294,9408,
144.59654474798364,90123,177,295,9408,
144.60310923513495,90123,176,296,9408,
144.62072699753418,90123,175,297,9408,
144.6252974463486,90122,176,297,9408,
144.62539655869608,90122,175,298,9408,
144.63397917425132,90122,175,297,9409,
144.63435342015305,90122,174,298,9409,
144.65660882459693,90122,174,297,9410,
144.66400006150457,90122,174,296,9411,
144.68086378756567,90121,175,296,9411,
144.68603049661172,90120,176,296,9411,
144.68856651967306,90120,176,295,9412,
144.69556430203673,90120,175,296,9412,
144.700903265314,90120,174,297,9412,
144.73196567028677,90120,174,296,9413,
144.74027951054478,90120,174,295,9414,
144.74160187185583,90119,175,295,9414,
144.75266886325318,90119,174,296,9414,
144.76807197970152,90119,173,297,9414,
144.77316404494516,90118,174,297,9414,
144.79023084197726,90118,173,298,9414,
144.80131798797782,90118,173,297,9415,
144.80364365930555,90118,173,296,9416,
144.82313539449504,90118,173,295,9417,
144.8271610911409,90118,173,294,9418,
144.8436263830633,90118,172,295,9418,
144.84800083795704,90118,172,294,9419,
144.85216431942658,90118,171,295,9419,
144.85250338119215,90117,172,295,9419,
144.8562541494094,90117,171,296,9419,
144.86170331446203,90117,170,297,9419,
144.86466115625296,90116,171,297,9419,
144.8715359124533,90116,171,296,9420,
144.91339727960593,90116,170,297,9420,
144.92152321983295,90116,169,298,9420,
144.92583169999367,90116,168,299,9420,
144.92989622413688,90116,167,300,9420,
144.95338081554732,90115,168,300,9420,
144.960086941419,90114,169,300,9420,
144.96136250665577,90113,170,300,9420,
144.96772633944562,90113,169,301,9420,
145.01449156899656,90112,170,301,9420,
145.0205410228845,90112,170,300,9421,
145.02201095410655,90112,169,301,9421,
145.02792079617214,90111,170,301,9421,
145.02985477771725,90110,171,301,9421,
145.03193755190182,90110,170,302,9421,
145.0326321175625,90110,170,301,9422,
145.04003148159978,90110,170,300,9423,
145.0446016534976,90109,171,300,9423,
145.06024503469442,90109,170,301,9423,
145.06676205744492,90109,169,302,9423,
145.07061548444364,90109,168,303,9423,
145.07206960650132,90109,168,302,9424,
145.07719990178424,90108,169,302,9424,
145.0835520301696,90108,168,303,9424,
145.0902438812195,90108,167,304,9424,
145.09181244094987,90108,166,305,9424,
145.11002719534875,90108,166,304,9425,
145.12771252093938,90108,165,305,9425,
145.1324610622971,90107,166,305,9425,
145.14055887634902,90107,165,306,9425,
145.14436620565823,90107,164,307,9425,
145.14919000086147,90106,165,307,9425,
145.16251197316657,90105,166,307,9425,
145.17468702499957,90104,167,307,9425,
145.18539715393567,90104,167,306,9426,
145.1926897216034,90104,166,307,9426,
145.21387649639493,90104,166,306,9427,
145.22052042053352,90103,167,306,9427,
145.22845380546866,90102,168,306,9427,
145.2359389165897,90102,168,305,9428,
145.2492771319582,90102,168,304,9429,
145.26094531961746,90102,168,303,9430,
145.2614769078009,90102,168,302,9431,
145.30191860411796,90101,169,302,9431,
145.3026036933738,90100,170,302,9431,
145.31687500831617,90100,169,303,9431,
145.32383306128224,90099,170,303,9431,
145.32934614531143,90098,171,303,9431,
145.3448823961215,90098,171,302,9432,
145.34901356919016,90098,171,301,9433,
145.34908818089335,90097,172,301,9433,
145.35760341846347,90097,172,300,9434,
145.36543368034265,90097,171,301,9434,
145.3658672962627,90097,171,300,9435,
145.3788808000816,90097,170,301,9435,
145.3900112881595,90097,169,302,9435,
145.3922976458031,90096,170,302,9435,
145.39793529370132,90096,169,303,9435,
145.44542645586887,90096,169,302,9436,
145.44684182536935,90096,169,301,9437,
145.46337892614105,90096,169,300,9438,
145.50973070545174,90096,168,301,9438,
145.52246129050735,90096,167,302,9438,
145.53705782568784,90095,168,302,9438,
145.5503855931425,90095,168,301,9439,
145.55768418563613,90095,167,302,9439,
145.56930474131664,90095,167,301,9440,
145.57740781253867,90095,167,300,9441,
145.5994297681846,90094,168,300,9441,
145.61119270146216,90094,168,299,9442,
145.61598887792033,90093,169,299,9442,
145.6250987978848,90092,170,299,9442,
145.64782174610704,90092,169,300,9442,
145.65254510968262,90091,170,300,9442,
145.65288121883432,90091,169,301,9442,
145.65821858061375,90091,169,300,9443,
145.66729850867384,90090,170,300,9443,
145.6734108455188,90090,169,301,9443,
145.68431271514882,90090,169,300,9444,
145.72372770157108,90089,170,300,9444,
145.73489049194367,90089,170,299,9445,
145.74106320337,90089,169,300,9445,
145.7434401213827,90089,168,301,9445,
145.76505740675594,90089,168,300,9446,
145.77113132979042,90088,169,300,9446,
145.7786017172213,90087,170,300,9446,
145.78190630051824,90087,170,299,9447,
145.7982131428958,90087,170,298,9448,
145.80578666649475,90087,170,297,9449,
145.8143680660674,90087,170,296,9450,
145.82128464160255,90087,170,295,9451,
145.8380552367762,90087,170,294,9452,
145.85171046616904,90087,170,293,9453,
145.8555737411329,90087,170,292,9454,
145.87940296930356,90086,171,292,9454,
145.88164649187905,90085,172,292,9454,
145.9240083318051,90084,173,292,9454,
145.95700272262997,90084,172,293,9454,
145.96932484203126,90084,172,292,9455,
145.97971778457207,90083,173,292,9455,
145.98032210614528,90083,172,293,9455,
145.98500864519207,90082,173,293,9455,
145.98837728910215,90082,173,292,9456,
145.9934555148995,90082,173,291,9457,
145.99710476654516,90081,174,291,9457,
145.9987693371712,90081,173,292,9457,
146.00101224064963,90081,172,293,9457,
146.0176612639324,90081,172,292,9458,
146.0238116515022,90081,172,291,9459,
146.0438279610717,90080,173,291,9459,
146.0536453581723,90079,174,291,9459,
146.06448813792952,90078,175,291,9459,
146.07301951979443,90077,176,291,9459,
146.0780367466509,90076,177,291,9459,
146.07839403135893,90076,176,292,9459,
146.08073720274365,90076,176,291,9460,
146.0815768060897,90075,177,291,9460,
146.08665575358089,90075,176,292,9460,
146.1086345797399,90075,175,293,9460,
146.11718751012663,90075,175,292,9461,
146.12522432575372,90075,175,291,9462,
146.13452079974067,90075,175,290,9463,
146.145075804417,90074,176,290,9463,
146.1483377610509,90074,176,289,9464,
146.161305225797,90073,177,289,9464,
146.16143668549987,90073,176,290,9464,
146.18510111728136,90073,175,291,9464,
146.18901554264036,90073,175,290,9465,
146.18915308190853,90073,174,291,9465,
146.19272531398454,90072,175,291,9465,
146.19732373528976,90072,175,290,9466,
146.20455619284212,90072,175,289,9467,
146.20535935224888,90072,174,290,9467,
146.21504798506285,90072,174,289,9468,
146.22232348358472,90072,174,288,9469,
146.2279330788207,90071,175,288,9469,
146.23332626633106,90071,175,287,9470,
146.2569608361557,90071,175,286,9471,
146.27436449284346,90071,175,285,9472,
146.27867421843516,90071,175,284,9473,
146.28394836502628,90071,175,283,9474,
146.2855369836561,90071,175,282,9475,
146.2943626394416,90071,174,283,9475,
146.29667646651058,90071,173,284,9475,
146.3018844580893,90071,172,285,9475,
146.3169745885757,90071,171,286,9475,
146.33518916592033,90071,171,285,9476,
146.33814081798283,90071,171,284,9477,
146.33862709421302,90070,172,284,9477,
146.3447065295776,90070,172,283,9478,
146.3507964603698,90070,172,282,9479,
146.36122521096115,90070,172,281,9480,
146.3786990053148,90070,172,280,9481,
146.37929454201884,90070,171,281,9481,
146.3872762651149,90070,171,280,9482,
146.38986110854157,90069,172,280,9482,
146.39198305741493,90069,171,281,9482,
146.39206042492282,90069,170,282,9482,
146.39620779458377,90068,171,282,9482,
146.41113177627244,90068,170,283,9482,
146.41329331863636,90068,169,284,9482,
146.43832363767882,90067,170,284,9482,
146.4393523255202,90067,170,283,9483,
146.45231878995506,90067,169,284,9483,
146.46014938064118,90067,168,285,9483,
146.47885644100865,90067,168,284,9484,
146.5144991366408,90067,167,285,9484,
146.51778968450807,90067,167,284,9485,
146.5243231502917,90067,167,283,9486,
146.53275969803207,90066,168,283,9486,
146.53309841086792,90065,169,283,9486,
146.5355277925754,90065,168,284,9486,
146.53813410430107,90064,169,284,9486,
146.55418758310182,90064,168,285,9486,
146.55799823218345,90063,169,285,9486,
146.5610861646808,90062,170,285,9486,
146.5680720511291,90062,170,284,9487,
146.5780436408092,90062,169,285,9487,
146.58017055385767,90062,169,284,9488,
146.60175513467206,90062,169,283,9489,
146.62645116605023,90061,170,283,9489,
146.64995905205953,90061,169,284,9489,
146.651789196314,90060,170,284,9489,
146.666009682168,90059,171,284,9489,
146.66653230123217,90059,171,283,9490,
146.69137453835367,90058,172,283,9490,
146.6969011414555,90058,171,284,9490,
146.70063953667386,90058,171,283,9491,
146.70754132613047,90058,171,282,9492,
146.7216726730241,90058,171,281,9493,
146.73478566196238,90057,172,281,9493,
146.7503320852399,90057,171,282,9493,
146.76621217916568,90057,170,283,9493,
146.77041630461835,90057,170,282,9494,
146.77069685470687,90056,171,282,9494,
146.77239887640238,90055,172,282,9494,
146.77618310041697,90055,171,283,9494,
146.77740114873953,90055,170,284,9494,
146.79409422733414,90055,170,283,9495,
146.7972554163372,90055,170,282,9496,
146.80510332752198,90055,170,281,9497,
146.80962601017154,90054,171,281,9497,
146.81635741595957,90054,171,280,9498,
146.81694481103168,90054,171,279,9499,
146.81758236532886,90054,170,280,9499,
146.82405766147923,90054,169,281,9499,
146.82858656993795,90053,170,281,9499,
146.84323692513033,90053,170,280,9500,
146.85676428878864,90053,170,279,9501,
146.8887130893083,90052,171,279,9501,
146.89614755675717,90051,172,279,9501,
146.94403496635078,90050,173,279,9501,
146.95139263908564,90050,172,280,9501,
146.965556349907,90050,172,279,9502,
146.98702780465862,90050,172,278,9503,
146.99306666282405,90050,172,277,9504,
146.9971958036291,90050,171,278,9504,
147.00697365561405,90050,170,279,9504,
147.00963239434407,90050,169,280,9504,
147.01158572307892,90050,169,279,9505,
147.01364689527998,90050,168,280,9505,
147.01822180165323,90050,168,279,9506,
147.0199538521724,90050,168,278,9507,
147.03931895281897,90050,167,279,9507,
147.04525309777134,90049,168,279,9507,
147.0463492099441,90048,169,279,9507,
147.06127039146006,90048,169,278,9508,
147.06448162715753,90048,169,277,9509,
147.0740745380848,90048,168,278,9509,
147.07537649733905,90048,168,277,9510,
147.10707662421945,90048,167,278,9510,
147.11531314865258,90048,167,277,9511,
147.12498362627346,90048,166,278,9511,
147.13645654585488,90047,167,278,9511,
147.14067916275332,90046,168,278,9511,
147.15070667137144,90045,169,278,9511,
147.16033997350846,90045,168,279,9511,
147.16141431514143,90044,169,279,9511,
147.16450372752098,90044,168,280,9511,
147.17923151497405,90044,168,279,9512,
147.18861968698332,90044,168,278,9513,
147.19338210815334,90044,168,277,9514,
147.22224840638512,90043,169,277,9514,
147.22448827995612,90043,169,276,9515,
147.22473071082885,90042,170,276,9515,
147.23002427345529,90041,171,276,9515,
147.24558468830577,90040,172,276,9515,
147.25076254143656,90040,171,277,9515,
147.25653287558012,90040,171,276,9516,
147.26279661515207,90040,170,277,9516,
147.27802088440959,90039,171,277,9516,
147.27862670737892,90039,171,276,9517,
147.29425285461392,90039,171,275,9518,
147.33625406924511,90039,170,276,9518,
147.33812791827154,90038,171,276,9518,
147.34296130629204,90038,171,275,9519,
147.34312543043418,90038,171,274,9520,
147.34669690225698,90038,171,273,9521,
147.34682484259318,90038,171,272,9522,
147.35376258529564,90037,172,272,9522,
147.35596392016964,90037,172,271,9523,
147.36727605967928,90037,171,272,9523,
147.370075119614,90037,170,273,9523,
147.43458840448162,90036,171,273,9523,
147.4366824186024,90036,170,274,9523,
147.44046316353925,90036,169,275,9523,
147.44064706527334,90035,170,275,9523,
147.44210323815187,90035,170,274,9524,
147.4430598807209,90035,170,273,9525,
147.4576315828606,90034,171,273,9525,
147.48000699575948,90033,172,273,9525,
147.48537042141666,90033,172,272,9526,
147.48565223865666,90032,173,272,9526,
147.48767023781184,90032,172,273,9526,
147.49169393108417,90031,173,273,9526,
147.49792795977345,90030,174,273,9526,
147.51807798952493,90029,175,273,9526,
147.524418767052,90029,174,274,9526,
147.57768163614833,90029,174,273,9527,
147.58858651496956,90028,175,273,9527,
147.60625143082737,90028,175,272,9528,
147.62676096065366,90028,174,273,9528,
147.6303822181541,90028,174,272,9529,
147.63421904826117,90027,175,272,9529,
147.6614957552668,90026,176,272,9529,
147.66743936200953,90026,175,273,9529,
147.7083405525765,90026,174,274,9529,
147.71857723446,90026,173,275,9529,
147.72031602804535,90025,174,275,9529,
147.7359766979936,90025,173,276,9529,
147.74376758914443,90024,174,276,9529,
147.7704073292837,90023,175,276,9529,
147.77106230273034,90023,175,275,9530,
147.77886507719322,90023,175,274,9531,
147.78842819676603,90023,175,273,9532,
147.79437714249417,90023,175,272,9533,
147.80792673124657,90022,176,272,9533,
147.8080293869766,90021,177,272,9533,
147.8278984515729,90021,176,273,9533,
147.84256288078458,90020,177,273,9533,
147.84283994784573,90020,176,274,9533,
147.85215009048966,90020,176,273,9534,
147.8531427751942,90019,177,273,9534,
147.85389095020503,90019,176,274,9534,
147.8603823703871,90019,175,275,9534,
147.86922921559517,90018,176,275,9534,
147.8716123220506,90018,176,274,9535,
147.91400787417547,90018,176,273,9536,
147.92161435832605,90017,177,273,9536,
147.93086913300345,90016,178,273,9536,
147.95755325529876,90015,179,273,9536,
147.96636327628985,90014,180,273,9536,
147.97155210877307,90014,179,274,9536,
147.9858676903286,90014,179,273,9537,
148.0029697785362,90013,180,273,9537,
148.00611119407785,90012,181,273,9537,
148.00734020592282,90012,181,272,9538,
148.01496499523859,90011,182,272,9538,
148.02159645972102,90011,181,273,9538,
148.0225361826524,90011,180,274,9538,
148.02437003152528,90011,180,273,9539,
148.03030714333184,90010,181,273,9539,
148.04934718804685,90010,180,274,9539,
148.04994719794624,90010,180,273,9540,
148.05072002709753,90010,180,272,9541,
148.0576133194325,90009,181,272,9541,
148.05763185890132,90009,180,273,9541,
148.0650590859313,90009,180,272,9542,
148.0653763240511,90009,180,271,9543,
148.06593997029134,90009,179,272,9543,
148.08443348918152,90009,178,273,9543,
148.0871593567897,90009,178,272,9544,
148.08968775928787,90008,179,272,9544,
148.1107460831747,90007,180,272,9544,
148.13557683753885,90007,180,271,9545,
148.1362898045965,90006,181,271,9545,
148.13954582784163,90006,181,270,9546,
148.163920034139,90006,180,271,9546,
148.16863780954313,90006,179,272,9546,
148.1773687131522,90006,178,273,9546,
148.18751625431233,90006,177,274,9546,
148.1970744280746,90006,176,275,9546,
148.20278867797558,90005,177,275,9546,
148.20558095438867,90005,176,276,9546,
148.2062802293143,90004,177,276,9546,
148.20630020995245,90004,176,277,9546,
148.2124664004971,90003,177,277,9546,
148.23125137855203,90003,177,276,9547,
148.23969669584517,90002,178,276,9547,
148.24007301534124,90001,179,276,9547,
148.24352784055162,90001,179,275,9548,
148.24933190043407,90001,178,276,9548,
148.26798836800572,90001,177,277,9548,
148.26994553899996,90001,177,276,9549,
148.2823253050809,90000,178,276,9549,
148.28437121100785,89999,179,276,9549,
148.29786617298848,89999,178,277,9549,
148.298062904542,89999,178,276,9550,
148.3118733097685,89998,179,276,9550,
148.33558528610723,89998,178,277,9550,
148.33863072145328,89998,177,278,9550,
148.3399649974395,89998,176,279,9550,
148.36198891388784,89997,177,279,9550,
148.36918912036802,89997,176,280,9550,
148.37617460276792,89996,177,280,9550,
148.37820525341823,89996,176,281,9550,
148.39332507973091,89995,177,281,9550,
148.39675093473883,89995,176,282,9550,
148.40579692496357,89995,176,281,9551,
148.41621824146975,89995,175,282,9551,
148.42281831457097,89995,174,283,9551,
148.42986878341333,89994,175,283,9551,
148.4333588576127,89994,175,282,9552,
148.43539367323555,89993,176,282,9552,
148.43808824955622,89993,175,283,9552,
148.44478690177084,89992,176,283,9552,
148.448211775085,89992,175,284,9552,
148.46164745515475,89991,176,284,9552,
148.4647989055875,89991,175,285,9552,
148.468018224767,89991,174,286,9552,
148.47700916821583,89991,173,287,9552,
148.51482745214034,89991,172,288,9552,
148.51850946089772,89991,172,287,9553,
148.5403174953364,89991,172,286,9554,
148.5503825888975,89991,172,285,9555,
148.57005800578577,89991,171,286,9555,
148.6098102901564,89991,170,287,9555,
148.63322644035134,89991,169,288,9555,
148.636020708019,89991,168,289,9555,
148.64001724598955,89991,168,288,9556,
148.6595936820817,89990,169,288,9556,
148.6616260115152,89990,168,289,9556,
148.67062899014422,89990,167,290,9556,
148.67096396885648,89990,167,289,9557,
148.67118009811418,89990,167,288,9558,
148.67619800799926,89990,166,289,9558,
148.6767835494942,89990,165,290,9558,
148.6783966964362,89990,164,291,9558,
148.70886469379326,89989,165,291,9558,
148.7138141069231,89989,164,292,9558,
148.72937143725562,89989,163,293,9558,
148.75118321499085,89988,164,293,9558,
148.75448912898995,89987,165,293,9558,
148.76999999275978,89987,165,292,9559,
148.78200577233875,89987,165,291,9560,
148.78966118735585,89987,165,290,9561,
148.80066954464164,89986,166,290,9561,
148.80413861566817,89986,165,291,9561,
148.8174921119252,89986,164,292,9561,
148.8223696824403,89986,163,293,9561,
148.82680280288216,89986,162,294,9561,
148.8338135327607,89986,161,295,9561,
148.83995419483588,89985,162,295,9561,
148.85056423455714,89984,163,295,9561,
148.8559207505436,89983,164,295,9561,
148.86920748734315,89982,165,295,9561,
148.87081179844748,89982,165,294,9562,
148.8767548767363,89982,165,293,9563,
148.88737070189092,89981,166,293,9563,
148.90231573195,89980,167,293,9563,
148.90930194528846,89979,168,293,9563,
148.91088623555675,89978,169,293,9563,
148.9141429389503,89978,168,294,9563,
148.92093773164916,89977,169,294,9563,
148.9247728661408,89977,169,293,9564,
148.92972706743677,89977,168,294,9564,
148.94642371115282,89977,167,295,9564,
148.96872000640275,89977,166,296,9564,
148.96902609533373,89977,166,295,9565,
148.96914172249927,89977,165,296,9565,
148.97707534331903,89977,164,297,9565,
148.97983056187684,89977,163,298,9565,
148.9814931077102,89977,162,299,9565,
148.98258208999732,89977,161,300,9565,
148.98726219552358,89976,162,300,9565,
148.99102711041579,89976,161,301,9565,
148.99222733452982,89975,162,301,9565,
148.99847428403183,89975,161,302,9565,
149.0067484176566,89975,161,301,9566,
149.00983804772753,89974,162,301,9566,
149.01836028351428,89974,162,300,9567,
149.03993814652807,89974,162,299,9568,
149.04448924225753,89973,163,299,9568,
149.0854672486282,89973,163,298,9569,
149.0859528687794,89973,162,299,9569,
149.08823032293714,89973,161,300,9569,
149.08885935865058,89972,162,300,9569,
149.1042796775682,89971,163,300,9569,
149.12301035209683,89971,162,301,9569,
149.1347099547571,89971,162,300,9570,
149.13680640923354,89971,162,299,9571,
149.16014197800524,89970,163,299,9571,
149.17942532841104,89970,162,300,9571,
149.1863512293858,89970,162,299,9572,
149.19161286756034,89970,161,300,9572,
149.19316418195365,89970,160,301,9572,
149.19453654174228,89969,161,301,9572,
149.23656013921251,89969,161,300,9573,
149.24884510679385,89968,162,300,9573,
149.24951122683825,89968,162,299,9574,
149.25144845201086,89968,161,300,9574,
149.254614940763,89968,161,299,9575,
149.2637498270743,89968,160,300,9575,
149.2759015139663,89968,160,299,9576,
149.28171296297555,89968,160,298,9577,
149.31640243881856,89968,159,299,9577,
149.32092329815228,89968,159,298,9578,
149.33930227597213,89968,158,299,9578,
149.34611480461237,89968,158,298,9579,
149.35253794714725,89968,158,297,9580,
149.3585720279517,89968,158,296,9581,
149.3965810462949,89968,158,295,9582,
149.41069903481346,89968,158,294,9583,
149.42043800256846,89968,157,295,9583,
149.43039531475787,89968,157,294,9584,
149.4522422964821,89967,158,294,9584,
149.45291998841756,89967,157,295,9584,
149.45520594969338,89966,158,295,9584,
149.4676166238348,89965,159,295,9584,
149.49371306068386,89965,159,294,9585,
149.4953522001372,89965,159,293,9586,
149.51001447911156,89964,160,293,9586,
149.52977292491448,89964,160,292,9587,
149.5366752682925,89963,161,292,9587,
149.53842689624423,89963,160,293,9587,
149.5419957845654,89963,160,292,9588,
149.54690260128822,89962,161,292,9588,
149.5603576681962,89962,160,293,9588,
149.56912619192357,89962,160,292,9589,
149.5742664921975,89961,161,292,9589,
149.57798964404157,89961,161,291,9590,
149.59111742446999,89961,160,292,9590,
149.60706995613518,89960,161,292,9590,
149.60749991976044,89959,162,292,9590,
149.6116186172932,89959,161,293,9590,
149.62351111502147,89958,162,293,9590,
149.63562326148062,89958,162,292,9591,
149.63684064429137,89958,162,291,9592,
149.65112757965323,89957,163,291,9592,
149.6658866622505,89957,163,290,9593,
149.66601331065942,89957,163,289,9594,
149.6720203321719,89957,163,288,9595,
149.6784903292021,89956,164,288,9595,
149.6792835718481,89955,165,288,9595,
149.69208008667417,89954,166,288,9595,
149.69382687823025,89953,167,288,9595,
149.70727700529721,89952,168,288,9595,
149.712025297043,89951,169,288,9595,
149.72306809212756,89951,169,287,9596,
149.73971210008887,89951,169,286,9597,
149.74066146615004,89951,168,287,9597,
149.75320925128455,89950,169,287,9597,
149.75475145235708,89949,170,287,9597,
149.7568111233547,89948,171,287,9597,
149.76854472064875,89947,172,287,9597,
149.76900165751226,89947,172,286,9598,
149.80031084628988,89947,171,287,9598,
149.81071293261388,89947,170,288,9598,
149.82313109940526,89947,170,287,9599,
149.8321158488045,89947,170,286,9600,
149.84841499748103,89947,169,287,9600,
149.86120485672254,89946,170,287,9600,
149.86584035899563,89946,170,286,9601,
149.87189555148845,89946,169,287,9601,
149.87563363959143,89946,169,286,9602,
149.87687556808567,89946,169,285,9603,
149.89199632767333,89946,169,284,9604,
149.9121599208185,89946,169,283,9605,
149.96733022299125,89945,170,283,9605,
149.99136387886483,89945,169,284,9605,
150.00524111727822,89945,168,285,9605,
150.00902193129596,89945,168,284,9606,
150.01011350299495,89944,169,284,9606,
150.0166815035514,89943,170,284,9606,
150.02084672229103,89943,169,285,9606,
150.06302273098365,89943,168,286,9606,
150.06808202739563,89943,167,287,9606,
150.08400117973625,89943,167,286,9607,
150.0883882526569,89943,167,285,9608,
150.093550609008,89942,168,285,9608,
150.09578792180037,89942,167,286,9608,
150.09774175437772,89942,166,287,9608,
150.0980815069634,89942,165,288,9608,
150.1013297232279,89942,164,289,9608,
150.11603076580178,89941,165,289,9608,
150.12117597298425,89940,166,289,9608,
150.14051596408027,89939,167,289,9608,
150.15042734303174,89939,166,290,9608,
150.1563364290062,89938,167,290,9608,
150.16890783447317,89938,166,291,9608,
150.17537122284497,89937,167,291,9608,
150.1949672572229,89936,168,291,9608,
150.20377105079993,89936,168,290,9609,
150.20406996180967,89935,169,290,9609,
150.20514844251878,89934,170,290,9609,
150.2290556240974,89934,170,289,9610,
150.234356320054,89934,170,288,9611,
150.2391577327771,89933,171,288,9611,
150.24418614941578,89933,170,289,9611,
150.2447193560204,89933,169,290,9611,
150.26918736537888,89933,169,289,9612,
150.27961765122075,89932,170,289,9612,
150.28759327887917,89932,170,288,9613,
150.29092584504616,89932,169,289,9613,
150.30845017553764,89931,170,289,9613,
150.3089680213636,89931,169,290,9613,
150.3258270369805,89931,168,291,9613,
150.3345545947494,89931,167,292,9613,
150.33952175524482,89931,166,293,9613,
150.36199918176544,89931,165,294,9613,
150.36250983752632,89931,165,293,9614,
150.3641382855489,89931,164,294,9614,
150.36430339396915,89930,165,294,9614,
150.364733033807,89929,166,294,9614,
150.36855765999488,89929,166,293,9615,
150.37821413862122,89929,165,294,9615,
150.3794683026099,89929,165,293,9616,
150.3869073304848,89929,164,294,9616,
150.40974009870322,89928,165,294,9616,
150.42846314827946,89928,165,293,9617,
150.42884411468984,89928,164,294,9617,
150.43124370092443,89928,164,293,9618,
150.43753383073795,89928,164,292,9619,
150.44332477469226,89927,165,292,9619,
150.46139857731478,89926,166,292,9619,
150.4631673140576,89926,166,291,9620,
150.46755199054624,89926,165,292,9620,
150.47226303897605,89926,164,293,9620,
150.48433648744998,89926,164,292,9621,
150.48659727579832,89925,165,292,9621,
150.48773406189312,89924,166,292,9621,
150.49371903107883,89924,166,291,9622,
150.5024685304532,89924,165,292,9622,
150.5055096342178,89923,166,292,9622,
150.51073474961782,89923,165,293,9622,
150.51130615010297,89923,165,292,9623,
150.5145341769301,89923,165,291,9624,
150.51697323267936,89922,166,291,9624,
150.53407660618998,89922,165,292,9624,
150.5401333093454,89922,165,291,9625,
150.54951145537154,89921,166,291,9625,
150.55043221867516,89921,165,292,9625,
150.5518088353188,89921,164,293,9625,
150.55185295608138,89920,165,293,9625,
150.56337535514112,89919,166,293,9625,
150.5647154256918,89918,167,293,9625,
150.5678330533816,89918,166,294,9625,
150.57405284017082,89918,165,295,9625,
150.57605494145014,89917,166,295,9625,
150.59234716217907,89917,166,294,9626,
150.59905497284728,89916,167,294,9626,
150.63145113511436,89916,167,293,9627,
150.6481861922734,89916,167,292,9628,
150.64926142107407,89916,166,293,9628,
150.67678587213464,89916,165,294,9628,
150.6799615889653,89915,166,294,9628,
150.67998934602645,89915,165,295,9628,
150.68732898448823,89915,164,296,9628,
150.68833396214117,89915,164,295,9629,
150.68942901293877,89915,163,296,9629,
150.6895708264346,89915,163,295,9630,
150.6992159642576,89915,162,296,9630,
150.69962291876752,89915,162,295,9631,
150.7106497271322,89915,161,296,9631,
150.71251398590454,89915,160,297,9631,
150.72607998798702,89915,159,298,9631,
150.73580700087393,89915,159,297,9632,
150.7476565978109,89915,159,296,9633,
150.7518153967492,89914,160,296,9633,
150.75628231085767,89914,160,295,9634,
150.7576522017488,89914,160,294,9635,
150.76237421439055,89914,159,295,9635,
150.7697758509716,89914,159,294,9636,
150.78421788803138,89913,160,294,9636,
150.803011756878,89912,161,294,9636,
150.826182642948,89912,161,293,9637,
150.8356249592759,89912,161,292,9638,
150.83650018727374,89912,160,293,9638,
150.8396245291894,89912,160,292,9639,
150.84652296662304,89912,159,293,9639,
150.86337110030428,89911,160,293,9639,
150.87290503602662,89911,160,292,9640,
150.8789688706309,89911,160,291,9641,
150.8793310381361,89911,159,292,9641,
150.89970597372474,89910,160,292,9641,
150.92895266859836,89910,160,291,9642,
150.93905229394124,89910,160,290,9643,
150.94164241603903,89910,159,291,9643,
150.95442718156025,89909,160,291,9643,
150.9563987003481,89909,160,290,9644,
150.96613382445048,89909,159,291,9644,
150.9723006457991,89909,159,290,9645,
150.99443453735506,89909,158,291,9645,
151.00263287330827,89908,159,291,9645,
151.0120763377547,89908,158,292,9645,
151.01588008726483,89908,158,291,9646,
151.01744714818,89908,157,292,9646,
151.03769507027175,89908,157,291,9647,
151.04050527203083,89908,157,290,9648,
151.05613955925256,89908,157,289,9649,
151.05852500239584,89908,156,290,9649,
151.06440979016648,89907,157,290,9649,
151.086500815706,89907,157,289,9650,
151.09915161623098,89907,157,288,9651,
151.10032028983548,89907,156,289,9651,
151.10765415722744,89907,156,288,9652,
151.1117011371549,89907,155,289,9652,
151.1148672695865,89906,156,289,9652,
151.11495899098395,89905,157,289,9652,
151.12016888262326,89904,158,289,9652,
151.12405049777058,89903,159,289,9652,
151.1256854604977,89903,158,290,9652,
151.1266985079967,89903,157,291,9652,
151.1284445872356,89903,157,290,9653,
151.13357251902374,89903,156,291,9653,
151.14457310577419,89903,156,290,9654,
151.16571834457494,89902,157,290,9654,
151.18706671774322,89902,157,289,9655,
151.19807735136968,89902,157,288,9656,
151.20065649601383,89901,158,288,9656,
151.22401094886322,89901,158,287,9657,
151.22500330639159,89901,157,288,9657,
151.22857731550684,89901,157,287,9658,
151.24226196898908,89901,156,288,9658,
151.24510193437405,89900,157,288,9658,
151.27430469120384,89899,158,288,9658,
151.27991523228624,89899,157,289,9658,
151.29601455053933,89899,157,288,9659,
151.2960482022424,89899,157,287,9660,
151.2995217252037,89899,157,286,9661,
151.3141557963267,89898,158,286,9661,
151.32457335834357,89897,159,286,9661,
151.32636103364132,89896,160,286,9661,
151.3361131194603,89896,159,287,9661,
151.36346878980117,89895,160,287,9661,
151.36780594587836,89895,160,286,9662,
151.37700631817134,89895,160,285,9663,
151.39363394165193,89894,161,285,9663,
151.40220899429897,89894,160,286,9663,
151.40361052631408,89894,159,287,9663,
151.41785144871054,89893,160,287,9663,
151.4321515244097,89893,159,288,9663,
151.43522517762705,89892,160,288,9663,
151.45144941295084,89892,159,289,9663,
151.4600239730431,89892,158,290,9663,
151.46887512663665,89891,159,290,9663,
151.47364008342424,89890,160,290,9663,
151.47560777951196,89890,160,289,9664,
151.47604706937636,89890,159,290,9664,
151.48313474434565,89890,158,291,9664,
151.49300984546213,89890,157,292,9664,
151.50970097479401,89889,158,292,9664,
151.5209163672887,89889,158,291,9665,
151.54617415223169,89889,158,290,9666,
151.55260816931371,89889,157,291,9666,
151.55486841027516,89889,157,290,9667,
151.56422295271813,89889,157,289,9668,
151.56859050564188,89889,157,288,9669,
151.5756477894243,89889,156,289,9669,
151.5932308243997,89889,156,288,9670,
151.5953799050765,89889,156,287,9671,
151.60525658950783,89889,155,288,9671,
151.61863867315324,89889,155,287,9672,
151.62193017896666,89888,156,287,9672,
151.62595448469287,89888,155,288,9672,
151.62614009527923,89887,156,288,9672,
151.64720634272513,89886,157,288,9672,
151.65246657521726,89885,158,288,9672,
151.65455814751098,89885,158,287,9673,
151.6590552381785,89884,159,287,9673,
151.6792779461702,89883,160,287,9673,
151.68061104014697,89883,160,286,9674,
151.68594183130097,89883,160,285,9675,
151.69165244544362,89883,159,286,9675,
151.69335255351564,89883,158,287,9675,
151.716222314605,89882,159,287,9675,
151.7174419117398,89881,160,287,9675,
151.7324173702341,89881,160,286,9676,
151.76601235403353,89881,159,287,9676,
151.78965066000882,89881,159,286,9677,
151.80498007927093,89880,160,286,9677,
151.81882306016868,89880,160,285,9678,
151.8314851881975,89880,159,286,9678,
151.83317113408398,89880,159,285,9679,
151.83328997639535,89880,158,286,9679,
151.84989753406032,89880,157,287,9679,
151.86983382893692,89880,156,288,9679,
151.8770045319538,89879,157,288,9679,
151.88219645478014,89879,157,287,9680,
151.89342674287423,89879,157,286,9681,
151.90250009888723,89879,156,287,9681,
151.91549478506982,89879,155,288,9681,
151.92059182491693,89879,155,287,9682,
151.92822803822472,89879,155,286,9683,
151.9330255632935,89879,154,287,9683,
151.94448279949603,89878,155,287,9683,
151.957198104787,89878,155,286,9684,
151.9674144737947,89877,156,286,9684,
151.9839605782106,89876,157,286,9684,
152.00909547916442,89876,157,285,9685,
152.00913315030317,89875,158,285,9685,
152.00922454714464,89874,159,285,9685,
152.01824543698552,89874,159,284,9686,
152.04518960147425,89873,160,284,9686,
152.06326994308426,89873,159,285,9686,
152.0648131669989,89873,159,284,9687,
152.07407195153098,89872,160,284,9687,
152.11165810378657,89872,159,285,9687,
152.1177276475394,89872,159,284,9688,
152.12369928990825,89871,160,284,9688,
152.12922443261348,89871,160,283,9689,
152.13880189733965,89871,160,282,9690,
152.14002489522403,89870,161,282,9690,
152.14148741014083,89870,161,281,9691,
152.20726668571317,89869,162,281,9691,
152.21252659881318,89868,163,281,9691,
152.21504115136253,89868,163,280,9692,
152.23781586647374,89868,163,279,9693,
152.2772495527544,89868,163,278,9694,
152.28108759032196,89867,164,278,9694,
152.29899414797717,89867,164,277,9695,
152.29924891234663,89867,164,276,9696,
152.30323088333046,89866,165,276,9696,
152.31665085768185,89866,164,277,9696,
152.32663207511277,89866,164,276,9697,
152.33606740321653,89866,163,277,9697,
152.3445103988222,89865,164,277,9697,
152.346211880542,89865,163,278,9697,
152.34962383822355,89865,162,279,9697,
152.3497086758893,89865,161,280,9697,
152.35630962250025,89865,161,279,9698,
152.35930723964478,89864,162,279,9698,
152.3607802140131,89863,163,279,9698,
152.36087961304943,89862,164,279,9698,
152.36404135565022,89861,165,279,9698,
152.36820291964176,89861,164,280,9698,
152.37988366260797,89861,163,281,9698,
152.38353848835982,89860,164,281,9698,
152.41620341831404,89860,164,280,9699,
152.43416334745615,89860,163,281,9699,
152.44160432697973,89859,164,281,9699,
152.45106704412822,89858,165,281,9699,
152.4623551938766,89858,165,280,9700,
152.46498364384053,89858,165,279,9701,
152.4683276515614,89858,165,278,9702,
152.50491639029855,89858,165,277,9703,
152.50875794614154,89858,165,276,9704,
152.51397530168268,89857,166,276,9704,
152.51688508787737,89856,167,276,9704,
152.5274790152651,89855,168,276,9704,
152.55674606394285,89855,168,275,9705,
152.56648078403578,89855,167,276,9705,
152.56879116161124,89854,168,276,9705,
152.57223785822114,89854,168,275,9706,
152.57550948902843,89853,169,275,9706,
152.57727123023722,89852,170,275,9706,
152.60153187112508,89852,169,276,9706,
152.6076533349676,89851,170,276,9706,
152.607878227707,89851,170,275,9707,
152.6145975226649,89850,171,275,9707,
152.6152811807795,89850,171,274,9708,
152.62389016748853,89849,172,274,9708,
152.63357223438635,89849,171,275,9708,
152.6386686228603,89849,171,274,9709,
152.66179934746418,89849,170,275,9709,
152.67285894290967,89849,170,274,9710,
152.67823717932706,89849,170,273,9711,
152.68314338598026,89848,171,273,9711,
152.69855876604697,89848,171,272,9712,
152.7079227567288,89847,172,272,9712,
152.72463976613338,89847,172,271,9713,
152.72883783369684,89847,171,272,9713,
152.74534099614647,89847,171,271,9714,
152.75333253434843,89847,170,272,9714,
152.76298715445017,89846,171,272,9714,
152.7694545804002,89845,172,272,9714,
152.79152343337768,89845,172,271,9715,
152.8046896030371,89845,172,270,9716,
152.80925327314182,89845,171,271,9716,
152.8242653945592,89845,171,270,9717,
152.83036890397267,89844,172,270,9717,
152.8387671433139,89843,173,270,9717,
152.84394153060495,89842,174,270,9717,
152.86078191042128,89841,175,270,9717,
152.86600299710074,89840,176,270,9717,
152.8667516859906,89839,177,270,9717,
152.8910559599215,89839,176,271,9717,
152.9019321534194,89838,177,271,9717,
152.9065695321941,89838,177,270,9718,
152.92561506453362,89838,176,271,9718,
152.92617450406675,89838,176,270,9719,
152.92872903502962,89838,175,271,9719,
152.94798385142815,89838,174,272,9719,
152.94828610318274,89838,174,271,9720,
152.9512729875055,89837,175,271,9720,
152.95426668545824,89837,175,270,9721,
152.96272341232506,89837,175,269,9722,
152.97145629581175,89836,176,269,9722,
152.98504919879872,89835,177,269,9722,
152.99163144567552,89835,176,270,9722,
153.01556210435245,89835,176,269,9723,
153.02364720178386,89834,177,269,9723,
153.02479500656872,89834,177,268,9724,
153.04968802360517,89834,177,267,9725,
153.05155385781148,89834,176,268,9725,
153.05510593877236,89834,175,269,9725,
153.05863709478504,89833,176,269,9725,
153.08623184517944,89832,177,269,9725,
153.10080730543564,89832,177,268,9726,
153.1017358712426,89832,177,267,9727,
153.1324326454363,89831,178,267,9727,
153.1385360499643,89831,178,266,9728,
153.13958529391908,89831,177,267,9728,
153.1408468878348,89831,176,268,9728,
153.15678063684004,89830,177,268,9728,
153.1572126701288,89830,177,267,9729,
153.16089304053864,89830,176,268,9729,
153.17172552986938,89830,175,269,9729,
153.17667949512867,89830,175,268,9730,
153.19353890113214,89830,175,267,9731,
153.20049713903785,89830,174,268,9731,
153.21059975833376,89830,173,269,9731,
153.21278928873033,89830,172,270,9731,
153.21875912407071,89829,173,270,9731,
153.21968096545882,89828,174,270,9731,
153.23308680887635,89828,173,271,9731,
153.2414941346036,89828,173,270,9732,
153.24982865391596,89828,173,269,9733,
153.2516208009003,89828,172,270,9733,
153.26964679506884,89828,172,269,9734,
153.271910839152,89827,173,269,9734,
153.28828675934128,89827,173,268,9735,
153.28968079471358,89827,172,269,9735,
153.29308063851113,89826,173,269,9735,
153.29373102484922,89826,172,270,9735,
153.29670700675894,89825,173,270,9735,
153.30368494042477,89825,172,271,9735,
153.31497620379145,89825,172,270,9736,
153.32024523153592,89824,173,270,9736,
153.32407226813874,89824,173,269,9737,
153.33663219289446,89824,173,268,9738,
153.344686774405,89824,172,269,9738,
153.38431013737286,89823,173,269,9738,
153.3881396093559,89823,173,268,9739,
153.40627223870055,89822,174,268,9739,
153.42160253982087,89822,173,269,9739,
153.42618414169584,89822,172,270,9739,
153.428604198993,89821,173,270,9739,
153.43076270608188,89821,172,271,9739,
153.43588224106827,89821,171,272,9739,
153.4416685756823,89821,171,271,9740,
153.45554125231664,89821,170,272,9740,
153.4587485716798,89821,170,271,9741,
153.45938745724777,89821,170,270,9742,
153.4615775102688,89821,170,269,9743,
153.46557924930488,89821,169,270,9743,
153.46706642362915,89820,170,270,9743,
153.4841064759866,89820,170,269,9744,
153.50504884238788,89820,170,268,9745,
153.51480000521516,89819,171,268,9745,
153.51494671581042,89819,171,267,9746,
153.51646509993466,89819,170,268,9746,
153.5233122910215,89819,170,267,9747,
153.57431255068474,89819,169,268,9747,
153.599580543091,89819,169,267,9748,
153.60198379334096,89819,169,266,9749,
153.6025252129925,89819,169,265,9750,
153.603870811548,89819,168,266,9750,
153.6042589679395,89819,168,265,9751,
153.61140822220645,89819,168,264,9752,
153.619257057945,89819,168,263,9753,
153.62187182494876,89818,169,263,9753,
153.6260543706561,89817,170,263,9753,
153.6276823538084,89816,171,263,9753,
153.64659630256585,89816,170,264,9753,
153.6585675079816,89816,170,263,9754,
153.66346558237538,89816,170,262,9755,
153.66589871642248,89816,169,263,9755,
153.66722316710175,89815,170,263,9755,
153.69028710846044,89815,169,264,9755,
153.6969452015698,89815,169,263,9756,
153.72051242567585,89814,170,263,9756,
153.7239245141593,89814,169,264,9756,
153.72668768296887,89814,169,263,9757,
153.73187165973394,89814,169,262,9758,
153.73882428498035,89814,169,261,9759,
153.76300749339023,89814,169,260,9760,
153.78329498678227,89814,168,261,9760,
153.80487960384457,89814,168,260,9761,
153.80885939752915,89813,169,260,9761,
153.8111574121226,89813,168,261,9761,
153.8412619728364,89813,167,262,9761,
153.859215131874,89813,166,263,9761,
153.8741817668231,89813,166,262,9762,
153.8858171493514,89812,167,262,9762,
153.91304346046243,89812,166,263,9762,
153.91694025426077,89812,166,262,9763,
153.9314544541408,89812,165,263,9763,
153.93342407760014,89812,164,264,9763,
153.93594786311803,89811,165,264,9763,
153.95468775508448,89811,165,263,9764,
153.96035363982867,89810,166,263,9764,
153.96338224087282,89810,165,264,9764,
153.97274361769507,89810,165,263,9765,
153.97672470232715,89810,165,262,9766,
153.9779152082346,89810,165,261,9767,
153.99104361872156,89810,164,262,9767,
154.00356645989814,89810,163,263,9767,
154.0198552217596,89810,162,264,9767,
154.03138512772003,89809,163,264,9767,
154.03619695150041,89808,164,264,9767,
154.04058932869083,89808,164,263,9768,
154.0516353360241,89808,164,262,9769,
154.05466731763158,89808,164,261,9770,
154.063495923341,89807,165,261,9770,
154.06763285016046,89807,165,260,9771,
154.07901756176253,89807,164,261,9771,
154.08526148579915,89806,165,261,9771,
154.0925211502549,89806,165,260,9772,
154.10245390192026,89806,164,261,9772,
154.10721645168883,89806,163,262,9772,
154.10871689106222,89806,162,263,9772,
154.13103464780932,89805,163,263,9772,
154.13389169730198,89804,164,263,9772,
154.1352668294095,89804,163,264,9772,
154.13789896181407,89803,164,264,9772,
154.15843798434767,89803,164,263,9773,
154.1792380550968,89803,164,262,9774,
154.19166552529717,89802,165,262,9774,
154.20372596757073,89802,164,263,9774,
154.20408856721411,89802,164,262,9775,
154.2207122703288,89802,163,263,9775,
154.23240421698074,89801,164,263,9775,
154.24839589677265,89801,163,264,9775,
154.25674919075394,89800,164,264,9775,
154.25937744061702,89799,165,264,9775,
154.27008083883,89798,166,264,9775,
154.2881569421399,89798,165,265,9775,
154.30117875488492,89797,166,265,9775,
154.310690202873,89796,167,265,9775,
154.3508034704268,89796,166,266,9775,
154.36055814824792,89795,167,266,9775,
154.36230342056473,89795,167,265,9776,
154.3635032615948,89795,167,264,9777,
154.37765555224274,89794,168,264,9777,
154.3803485005935,89793,169,264,9777,
154.38922686832248,89792,170,264,9777,
154.41030022751713,89792,169,265,9777,
154.41291661077526,89792,168,266,9777,
154.4207361689874,89791,169,266,9777,
154.4212740931019,89791,168,267,9777,
154.4263057281208,89790,169,267,9777,
154.43182490361988,89789,170,267,9777,
154.43927239517188,89789,170,266,9778,
154.44633803996993,89789,170,265,9779,
154.47114515995656,89789,169,266,9779,
154.48108129993477,89789,168,267,9779,
154.48221805905385,89789,167,268,9779,
154.49490972451994,89789,166,269,9779,
154.51326519173287,89789,166,268,9780,
154.52507904729083,89789,166,267,9781,
154.5568831145028,89789,166,266,9782,
154.5750558973392,89789,166,265,9783,
154.57946469681173,89789,165,266,9783,
154.5944092541072,89789,165,265,9784,
154.60131787685035,89789,165,264,9785,
154.60344784032108,89788,166,264,9785,
154.60848284747783,89787,167,264,9785,
154.6086557703962,89787,167,263,9786,
154.6098944178607,89786,168,263,9786,
154.6263574043795,89786,167,264,9786,
154.63362871718658,89785,168,264,9786,
154.6354049149177,89784,169,264,9786,
154.63944956365822,89784,168,265,9786,
154.64190594196938,89784,167,266,9786,
154.65326268886272,89784,167,265,9787,
154.66167229888626,89784,166,266,9787,
154.6745140695235,89784,165,267,9787,
154.67863712136182,89784,165,266,9788,
154.69017280623706,89784,165,265,9789,
154.70001736842215,89784,165,264,9790,
154.7019974918677,89784,164,265,9790,
154.7132007966691,89784,164,264,9791,
154.74269377826676,89784,164,263,9792,
154.74931994778032,89784,163,264,9792,
154.7496287497337,89784,163,263,9793,
154.76264980098003,89784,162,264,9793,
154.76476489926918,89784,162,263,9794,
154.7670418324155,89784,162,262,9795,
154.77277727217506,89783,163,262,9795,
154.77597251859083,89783,163,261,9796,
154.7851910698127,89783,162,262,9796,
154.81179323748256,89782,163,262,9796,
154.83608006985318,89781,164,262,9796,
154.84652795080072,89781,164,261,9797,
154.8469080885195,89781,164,260,9798,
154.84733939195468,89780,165,260,9798,
154.8499450778998,89779,166,260,9798,
154.86384575267283,89778,167,260,9798,
154.8824649352331,89778,167,259,9799,
154.89166930349228,89778,166,260,9799,
154.89856995275971,89778,165,261,9799,
154.90684248519656,89778,164,262,9799,
154.91082234802607,89778,163,263,9799,
154.91339630014974,89777,164,263,9799,
154.91710723834535,89777,163,264,9799,
154.92985709674963,89777,162,265,9799,
154.93108767252022,89777,162,264,9800,
154.93375503951822,89776,163,264,9800,
154.93855129843544,89776,162,265,9800,
154.94524730100864,89776,161,266,9800,
154.95799571075312,89775,162,266,9800,
154.95851425507362,89775,162,265,9801,
154.96301047550548,89774,163,265,9801,
154.97326923109634,89773,164,265,9801,
154.97556026646686,89773,164,264,9802,
154.97777497350515,89773,164,263,9803,
154.98673892836428,89773,164,262,9804,
154.9965622014604,89772,165,262,9804,
155.0224322846332,89771,166,262,9804,
155.02399525230558,89770,167,262,9804,
155.0381063404232,89769,168,262,9804,
155.04373920934069,89769,167,263,9804,
155.0467156944312,89769,166,264,9804,
155.06706208605442,89769,165,265,9804,
155.07415049597302,89769,164,266,9804,
155.08110426225957,89769,164,265,9805,
155.08210719268425,89769,164,264,9806,
155.09433440427415,89769,163,265,9806,
155.10613585906864,89768,164,265,9806,
155.12014060838948,89768,164,264,9807,
155.12325199381587,89768,163,265,9807,
155.13904905939,89767,164,265,9807,
155.15698738099263,89766,165,265,9807,
155.15924347576603,89765,166,265,9807,
155.1642374537941,89765,165,266,9807,
155.1927139712177,89765,164,267,9807,
155.2108591706617,89764,165,267,9807,
155.21151971435967,89764,164,268,9807,
155.2527350310657,89764,163,269,9807,
155.29152909662133,89763,164,269,9807,
155.30001989035554,89763,164,268,9808,
155.30331419535884,89763,164,267,9809,
155.3135942597004,89763,164,266,9810,
155.3257727871802,89762,165,266,9810,
155.3258908377773,89761,166,266,9810,
155.3377317849126,89761,165,267,9810,
155.33788703385875,89761,165,266,9811,
155.34564625650214,89761,165,265,9812,
155.3479412794799,89761,164,266,9812,
155.36207761827754,89760,165,266,9812,
155.3672946860429,89759,166,266,9812,
155.3757078412096,89758,167,266,9812,
155.383167931511,89758,166,267,9812,
155.38751587736732,89758,165,268,9812,
155.40187401515783,89758,164,269,9812,
155.4123235016029,89757,165,269,9812,
155.41819292219674,89757,164,270,9812,
155.43472452134674,89756,165,270,9812,
155.45065676278608,89755,166,270,9812,
155.47340727265805,89754,167,270,9812,
155.48013688981843,89754,167,269,9813,
155.48414155298212,89754,166,270,9813,
155.48864352209517,89754,166,269,9814,
155.5054728718045,89754,166,268,9815,
155.51317817182175,89753,167,268,9815,
155.53040860157049,89753,166,269,9815,
155.53132431501746,89752,167,269,9815,
155.53976145213096,89752,166,270,9815,
155.57542330977878,89751,167,270,9815,
155.5834908869491,89751,166,271,9815,
155.58722892252553,89750,167,271,9815,
155.59776718895577,89749,168,271,9815,
155.61494594637483,89749,168,270,9816,
155.6240702143391,89748,169,270,9816,
155.62488369361725,89747,170,270,9816,
155.62493182059097,89747,169,271,9816,
155.7156072203866,89747,168,272,9816,
155.724339526889,89747,167,273,9816,
155.7470224331243,89746,168,273,9816,
155.75096779549654,89746,167,274,9816,
155.7668335983997,89746,167,273,9817,
155.78290964455817,89745,168,273,9817,
155.79305007099083,89745,167,274,9817,
155.83048365102763,89744,168,274,9817,
155.836110954841,89744,167,275,9817,
155.87298332430169,89743,168,275,9817,
155.87460922752405,89742,169,275,9817,
155.88199492948655,89742,168,276,9817,
155.892352821737,89742,167,277,9817,
155.90430877185335,89741,168,277,9817,
155.9062944016657,89741,168,276,9818,
155.906979291259,89741,168,275,9819,
155.9326585886717,89741,168,274,9820,
155.94298741566163,89741,168,273,9821,
155.95377604989164,89741,168,272,9822,
155.95410432950894,89740,169,272,9822,
155.9665266835539,89740,168,273,9822,
155.97187743475962,89740,168,272,9823,
155.97557392836728,89740,168,271,9824,
156.00805967258353,89739,169,271,9824,
156.011004430969,89738,170,271,9824,
156.02511358628865,89737,171,271,9824,
156.0361033429802,89737,171,270,9825,
156.0756500189779,89737,170,271,9825,
156.08637509552693,89736,171,271,9825,
156.08777746959282,89736,171,270,9826,
156.0949889229219,89736,171,269,9827,
156.09506915138712,89736,170,270,9827,
156.1041696995995,89735,171,270,9827,
156.10627479285864,89735,171,269,9828,
156.1136298092669,89735,170,270,9828,
156.11673052640307,89735,170,269,9829,
156.11674083852975,89734,171,269,9829,
156.11990075310567,89733,172,269,9829,
156.1267717329511,89733,172,268,9830,
156.13447054038778,89733,171,269,9830,
156.1945087225999,89732,172,269,9830,
156.20116995088745,89731,173,269,9830,
156.21707859451953,89731,172,270,9830,
156.21828768911917,89731,171,271,9830,
156.223459868014,89731,171,270,9831,
156.2334575665642,89731,171,269,9832,
156.2414682608359,89731,171,268,9833,
156.24900960462236,89731,171,267,9834,
156.27187563843768,89730,172,267,9834,
156.28207015335406,89730,172,266,9835,
156.28362202477516,89730,172,265,9836,
156.29013531109848,89729,173,265,9836,
156.2942654817507,89728,174,265,9836,
156.2977230974281,89728,173,266,9836,
156.29829251982324,89728,172,267,9836,
156.3039766901345,89728,172,266,9837,
156.3055065415304,89727,173,266,9837,
156.30759835852837,89727,172,267,9837,
156.31580250849953,89726,173,267,9837,
156.3366566543,89726,173,266,9838,
156.34092337942835,89726,172,267,9838,
156.34531105401177,89726,171,268,9838,
156.35330446718075,89726,171,267,9839,
156.35503861655943,89726,171,266,9840,
156.36202465647716,89726,171,265,9841,
156.38869850008967,89725,172,265,9841,
156.3934946555511,89724,173,265,9841,
156.40071065239357,89723,174,265,9841,
156.40959541984532,89723,173,266,9841,
156.41129220857593,89723,173,265,9842,
156.42082242806896,89723,173,264,9843,
156.43429439070087,89723,172,265,9843,
156.44089734910756,89723,172,264,9844,
156.44385879825552,89723,171,265,9844,
156.44754761798163,89722,172,265,9844,
156.45031242605896,89722,171,266,9844,
156.49596527725998,89721,172,266,9844,
156.503930640902,89720,173,266,9844,
156.51237217863456,89720,173,265,9845,
156.51904809260154,89719,174,265,9845,
156.5313129281678,89719,174,264,9846,
156.55328974199077,89718,175,264,9846,
156.55862685979815,89718,174,265,9846,
156.56768257437483,89718,173,266,9846,
156.56787020804592,89718,172,267,9846,
156.57391558000842,89718,171,268,9846,
156.57986805303324,89718,170,269,9846,
156.58810950105885,89718,169,270,9846,
156.59038881953552,89717,170,270,9846,
156.60549582664027,89717,169,271,9846,
156.61582881908788,89717,168,272,9846,
156.63243054525338,89716,169,272,9846,
156.63851572485237,89716,169,271,9847,
156.64867543722443,89715,170,271,9847,
156.65066760059142,89715,169,272,9847,
156.65714458399805,89714,170,272,9847,
156.6622777803798,89714,169,273,9847,
156.67740785287577,89713,170,273,9847,
156.71535506513328,89713,170,272,9848,
156.71619967081367,89713,170,271,9849,
156.71902563316837,89712,171,271,9849,
156.7207338406627,89711,172,271,9849,
156.72708744551286,89710,173,271,9849,
156.73274641370958,89710,173,270,9850,
156.73488557665655,89710,172,271,9850,
156.75845501396296,89709,173,271,9850,
156.76446896423363,89709,173,270,9851,
156.7659033927367,89709,172,271,9851,
156.77661042486065,89709,172,270,9852,
156.7789473812824,89709,172,269,9853,
156.80367409019698,89708,173,269,9853,
156.81370368002675,89707,174,269,9853,
156.862575260602,89707,174,268,9854,
156.86825185341667,89706,175,268,9854,
156.87719261206618,89706,175,267,9855,
156.88342318169103,89706,174,268,9855,
156.9047381856211,89706,173,269,9855,
156.93620039380858,89706,173,268,9856,
156.95142918612405,89706,172,269,9856,
156.95486670646048,89706,172,268,9857,
156.95824686435708,89706,171,269,9857,
156.9825421648643,89706,170,270,9857,
157.01752739964533,89706,170,269,9858,
157.03671338652302,89706,169,270,9858,
157.0369795733667,89705,170,270,9858,
157.03865630279628,89704,171,270,9858,
157.04084512113127,89704,170,271,9858,
157.04367498046557,89703,171,271,9858,
157.04395609914502,89703,171,270,9859,
157.06352267190775,89703,170,271,9859,
157.06522261104686,89703,170,270,9860,
157.06724267189423,89703,170,269,9861,
157.0796623361178,89702,171,269,9861,
157.08031665535356,89702,171,268,9862,
157.0894261277576,89701,172,268,9862,
157.1084458098569,89701,171,269,9862,
157.1089339498092,89701,171,268,9863,
157.12615617248184,89701,171,267,9864,
157.12792523332004,89700,172,267,9864,
157.13295348046128,89700,172,266,9865,
157.13479146913545,89699,173,266,9865,
157.17662214405448,89698,174,266,9865,
157.17681714816973,89698,174,265,9866,
157.18270912770595,89697,175,265,9866,
157.18877711676276,89697,175,264,9867,
157.1938364449898,89696,176,264,9867,
157.19409529336474,89695,177,264,9867,
157.20745009040877,89695,176,265,9867,
157.20977872762236,89695,175,266,9867,
157.2109637364569,89695,174,267,9867,
157.2122513671058,89695,174,266,9868,
157.26553924424945,89695,173,267,9868,
157.2831079924266,89695,172,268,9868,
157.29252660141194,89695,171,269,9868,
157.29561105177237,89695,171,268,9869,
157.30415486755703,89695,170,269,9869,
157.31012056121034,89695,170,268,9870,
157.3251833880606,89695,170,267,9871,
157.3445202240913,89695,169,268,9871,
157.35736312574983,89695,168,269,9871,
157.36016222522156,89695,168,268,9872,
157.36830926927212,89695,167,269,9872,
157.3798642189595,89695,167,268,9873,
157.39426917560405,89695,166,269,9873,
157.39786238002398,89695,165,270,9873,
157.42092347335029,89694,166,270,9873,
157.43052042386853,89693,167,270,9873,
157.4440838728736,89693,166,271,9873,
157.45829358761864,89692,167,271,9873,
157.4637465165876,89692,166,272,9873,
157.47591002172175,89691,167,272,9873,
157.4813456236612,89691,167,271,9874,
157.48379096070772,89690,168,271,9874,
157.48615139575472,89690,168,270,9875,
157.48760683841255,89690,168,269,9876,
157.4927868253918,89689,169,269,9876,
157.49351884445707,89689,168,270,9876,
157.50567619299676,89689,167,271,9876,
157.51746784666358,89688,168,271,9876,
157.52315140842182,89688,168,270,9877,
157.53485606251994,89687,169,270,9877,
157.5366237258741,89687,169,269,9878,
157.5448314727909,89687,168,270,9878,
157.5505207006724,89687,168,269,9879,
157.56956949629677,89687,167,270,9879,
157.5826819588823,89687,167,269,9880,
157.587851953494,89687,167,268,9881,
157.5911082873223,89687,166,269,9881,
157.59369938122006,89686,167,269,9881,
157.5969335654783,89686,166,270,9881,
157.59936412147266,89685,167,270,9881,
157.60132168392738,89684,168,270,9881,
157.60372002046074,89683,169,270,9881,
157.6118795248303,89683,168,271,9881,
157.62445306736674,89683,167,272,9881,
157.64000617085165,89682,168,272,9881,
157.6512045551578,89682,167,273,9881,
157.66613236888298,89681,168,273,9881,
157.69996243881297,89681,168,272,9882,
157.70092306556518,89681,168,271,9883,
157.70326835538674,89681,168,270,9884,
157.7035059896837,89681,168,269,9885,
157.71436331797287,89681,168,268,9886,
157.71439883447823,89680,169,268,9886,
157.71824257904254,89679,170,268,9886,
157.72462216068877,89678,171,268,9886,
157.73019683106764,89677,172,268,9886,
157.7316926973492,89677,171,269,9886,
157.75138734903743,89676,172,269,9886,
157.77143846197865,89676,172,268,9887,
157.79111095644296,89675,173,268,9887,
157.79286031761578,89675,173,267,9888,
157.797257533637,89675,172,268,9888,
157.8085506861733,89675,172,267,9889,
157.8086188015621,89674,173,267,9889,
157.8185449171403,89674,173,266,9890,
157.84187999423128,89674,173,265,9891,
157.88146598948404,89674,172,266,9891,
157.90893845065975,89673,173,266,9891,
157.91105429382642,89672,174,266,9891,
157.91144924324374,89672,173,267,9891,
157.91649398169375,89671,174,267,9891,
157.9235991986848,89671,173,268,9891,
157.92796307024753,89671,172,269,9891,
157.9311216126743,89671,172,268,9892,
157.93990901516847,89670,173,268,9892,
157.9439396471798,89669,174,268,9892,
157.97633402248073,89668,175,268,9892,
157.98396145500215,89667,176,268,9892,
157.98587479596273,89666,177,268,9892,
157.99180136472071,89666,177,267,9893,
158.0061805499506,89666,176,268,9893,
158.00653280952795,89666,175,269,9893,
158.01737682978498,89666,175,268,9894,
158.02835780646046,89665,176,268,9894,
158.03738363406453,89665,176,267,9895,
158.04067756208033,89664,177,267,9895,
158.06074325612315,89664,177,266,9896,
158.06156767209325,89664,176,267,9896,
158.06469091611012,89663,177,267,9896,
158.0708309532401,89663,176,268,9896,
158.07530607551394,89663,176,267,9897,
158.07736065416873,89662,177,267,9897,
158.0855956435247,89661,178,267,9897,
158.10440218309333,89661,178,266,9898,
158.11039072039725,89661,178,265,9899,
158.11242667570494,89661,177,266,9899,
158.11520951412552,89660,178,266,9899,
158.12044148416095,89660,178,265,9900,
158.1455154716841,89660,177,266,9900,
158.16692193094417,89660,176,267,9900,
158.17464325228482,89659,177,267,9900,
158.18218851692643,89659,177,266,9901,
158.18885256156696,89658,178,266,9901,
158.2019754748037,89658,177,267,9901,
158.23899689709842,89658,177,266,9902,
158.25848616581436,89658,177,265,9903,
158.2629076639193,89658,177,264,9904,
158.2727829239976,89658,176,265,9904,
158.27812082401738,89658,176,264,9905,
158.29282074974344,89658,175,265,9905,
158.29856727055892,89658,175,264,9906,
158.30157217770892,89658,174,265,9906,
158.31855060438517,89658,174,264,9907,
158.33524524760267,89658,173,265,9907,
158.3358072578658,89658,173,264,9908,
158.34382087110302,89658,173,263,9909,
158.3581250786328,89658,173,262,9910,
158.36351124995107,89657,174,262,9910,
158.38439094556514,89657,174,261,9911,
158.38551242061607,89657,173,262,9911,
158.38879719234657,89656,174,262,9911,
158.3888024153206,89655,175,262,9911,
158.39274821853556,89654,176,262,9911,
158.3973490306993,89654,175,263,9911,
158.40162775803253,89654,174,264,9911,
158.42026665041683,89654,174,263,9912,
158.44920060866977,89654,173,264,9912,
158.44958123793324,89654,172,265,9912,
158.45039647622846,89654,172,264,9913,
158.45251033205008,89654,172,263,9914,
158.46092485866905,89654,171,264,9914,
158.46377703554444,89654,170,265,9914,
158.5052103131845,89654,169,266,9914,
158.54470332516183,89653,170,266,9914,
158.55261130511443,89652,171,266,9914,
158.5630525059938,89652,170,267,9914,
158.57649363574893,89652,169,268,9914,
158.58010392190675,89651,170,268,9914,
158.5890926057882,89651,169,269,9914,
158.59883363775737,89651,169,268,9915,
158.60293256564034,89651,169,267,9916,
158.60737054789246,89651,169,266,9917,
158.60998061298932,89651,168,267,9917,
158.61177400367148,89650,169,267,9917,
158.62754809717438,89649,170,267,9917,
158.63639636327372,89649,170,266,9918,
158.6598057242519,89649,169,267,9918,
158.66972542319252,89649,169,266,9919,
158.70007946728572,89648,170,266,9919,
158.7058550127908,89647,171,266,9919,
158.72633916291423,89647,171,265,9920,
158.72640177363235,89646,172,265,9920,
158.73366549048728,89646,172,264,9921,
158.74648571510915,89645,173,264,9921,
158.75233995912083,89645,173,263,9922,
158.7636273172262,89645,173,262,9923,
158.76615605153683,89644,174,262,9923,
158.77396265829458,89643,175,262,9923,
158.7871473523941,89642,176,262,9923,
158.78715378429726,89642,176,261,9924,
158.79080624804104,89641,177,261,9924,
158.79561216317546,89641,177,260,9925,
158.80329718633254,89641,176,261,9925,
158.81358861534352,89641,175,262,9925,
158.8169186721941,89641,174,263,9925,
158.82082730194668,89641,174,262,9926,
158.84202556428932,89640,175,262,9926,
158.84298395215222,89640,175,261,9927,
158.85111786596843,89639,176,261,9927,
158.8564971127724,89639,175,262,9927,
158.85966041964997,89638,176,262,9927,
158.86283428488412,89638,176,261,9928,
158.86899369121346,89638,175,262,9928,
158.87510349525678,89638,174,263,9928,
158.8804773177769,89637,175,263,9928,
158.90012298010092,89637,174,264,9928,
158.90083515430794,89637,174,263,9929,
158.90207747604774,89636,175,263,9929,
158.91070982544082,89635,176,263,9929,
158.91345536905555,89635,176,262,9930,
158.92051670127168,89635,176,261,9931,
158.9236271355868,89635,175,262,9931,
158.92658430484002,89635,175,261,9932,
158.955832962328,89635,175,260,9933,
158.9659618504306,89635,174,261,9933,
158.98388477423927,89635,173,262,9933,
158.9907669416254,89635,172,263,9933,
158.99202583836757,89635,172,262,9934,
158.9924266397322,89635,171,263,9934,
158.99786343568138,89634,172,263,9934,
158.99917012743038,89633,173,263,9934,
159.02295282130729,89633,172,264,9934,
159.02786327106617,89632,173,264,9934,
159.04958574541956,89631,174,264,9934,
159.05161222548796,89631,173,265,9934,
159.08242333549367,89631,173,264,9935,
159.10404938353838,89630,174,264,9935,
159.10509505667673,89629,175,264,9935,
159.11360520404884,89628,176,264,9935,
159.11632146907104,89628,175,265,9935,
159.12314985014453,89628,175,264,9936,
159.12869966218915,89628,175,263,9937,
159.14779062833327,89628,174,264,9937,
159.1600232094256,89628,173,265,9937,
159.16548378416587,89628,173,264,9938,
159.16891409026167,89628,173,263,9939,
159.17408327858197,89627,174,263,9939,
159.19694193751485,89627,174,262,9940,
159.21183505733507,89627,173,263,9940,
159.2158796040226,89626,174,263,9940,
159.22004457899519,89626,174,262,9941,
159.23268764130844,89625,175,262,9941,
159.2433336157004,89624,176,262,9941,
159.24722656067934,89623,177,262,9941,
159.2498627746794,89622,178,262,9941,
159.25403232202822,89622,178,261,9942,
159.28238191557222,89621,179,261,9942,
159.2857293606377,89620,180,261,9942,
159.30029936647196,89620,179,262,9942,
159.3151962393565,89619,180,262,9942,
159.3170878537308,89619,179,263,9942,
159.32714745311904,89619,178,264,9942,
159.34487829109585,89619,177,265,9942,
159.35369781461662,89619,177,264,9943,
159.3537888348215,89619,177,263,9944,
159.35958772824512,89619,177,262,9945,
159.3919996164376,89619,177,261,9946,
159.41153229938647,89619,176,262,9946,
159.44581329664092,89619,176,261,9947,
159.47243955853085,89619,176,260,9948,
159.4735461467872,89619,176,259,9949,
159.47442043218092,89619,176,258,9950,
159.47489015309463,89619,176,257,9951,
159.4780904673397,89619,175,258,9951,
159.48332791914834,89619,174,259,9951,
159.48958248772652,89619,174,258,9952,
159.5098804140617,89619,174,257,9953,
159.51520645591438,89619,174,256,9954,
159.52821035793392,89619,173,257,9954,
159.55633798289844,89619,173,256,9955,
159.57009896563062,89619,172,257,9955,
159.5729129295788,89619,172,256,9956,
159.57451871453154,89619,172,255,9957,
159.5825246439114,89619,171,256,9957,
159.58374324851522,89619,171,255,9958,
159.58894053486273,89619,171,254,9959,
159.61069326629135,89619,171,253,9960,
159.615965410519,89618,172,253,9960,
159.6266045450949,89618,171,254,9960,
159.6334816330756,89618,170,255,9960,
159.63680792035947,89617,171,255,9960,
159.64211430202374,89617,171,254,9961,
159.64355144040533,89617,170,255,9961,
159.65094127562983,89617,169,256,9961,
159.6570153984187,89617,168,257,9961,
159.66185415194627,89617,167,258,9961,
159.67264122377105,89617,167,257,9962,
159.68841867793736,89616,168,257,9962,
159.68893493562297,89616,167,258,9962,
159.73695019607035,89616,166,259,9962,
159.7370620528415,89616,166,258,9963,
159.74369231004923,89615,167,258,9963,
159.74633532881484,89615,167,257,9964,
159.75171925287788,89615,167,256,9965,
159.76217033821928,89614,168,256,9965,
159.7632163246399,89613,169,256,9965,
159.76876037537875,89613,168,257,9965,
159.7724852783297,89613,167,258,9965,
159.77969384862476,89613,167,257,9966,
159.80052428137415,89613,167,256,9967,
159.80163559799985,89613,167,255,9968,
159.83164458918029,89613,167,254,9969,
159.83393384260273,89613,166,255,9969,
159.83797263557716,89613,165,256,9969,
159.83963603696125,89612,166,256,9969,
159.84109075024264,89612,166,255,9970,
159.85256671347796,89611,167,255,9970,
159.85335449202378,89611,167,254,9971,
159.87342532041447,89611,167,253,9972,
159.87376660604312,89610,168,253,9972,
159.8784637693309,89610,168,252,9973,
159.8852817943627,89610,167,253,9973,
159.88967641291111,89610,166,254,9973,
159.89285709091814,89610,165,255,9973,
159.8971962225765,89610,164,256,9973,
159.8972322940161,89610,164,255,9974,
159.8983156079246,89609,165,255,9974,
159.91208524747927,89609,165,254,9975,
159.93011736905441,89609,164,255,9975,
159.9461387986985,89608,165,255,9975,
159.95632224183342,89608,165,254,9976,
159.96551251607525,89608,165,253,9977,
159.96709309604634,89608,165,252,9978,
159.98057438817756,89607,166,252,9978,
159.9832188001712,89607,165,253,9978,
160.01175021750555,89607,165,252,9979,
160.0360438314736,89607,165,251,9980,
160.04212926309634,89606,166,251,9980,
160.0650456049199,89606,165,252,9980,
160.09746848442728,89606,164,253,9980,
160.11504849605853,89605,165,253,9980,
160.14861421673316,89604,166,253,9980,
160.16689655275897,89604,165,254,9980,
160.18029255691243,89604,164,255,9980,
160.18732605738853,89604,163,256,9980,
160.19170148814908,89604,162,257,9980,
160.19610596403527,89604,162,256,9981,
160.20579292039343,89604,162,255,9982,
160.20822391904528,89603,163,255,9982,
160.21466842815926,89602,164,255,9982,
160.22139708912857,89602,163,256,9982,
160.23178451889856,89602,162,257,9982,
160.29601428270422,89602,161,258,9982,
160.3209425458658,89602,160,259,9982,
160.3383150457939,89601,161,259,9982,
160.33918826204996,89601,161,258,9983,
160.3427775614727,89601,160,259,9983,
160.3625086339091,89601,159,260,9983,
160.37662597835583,89601,159,259,9984,
160.3999934257845,89600,160,259,9984,
160.4001234276981,89600,159,260,9984,
160.41255444429254,89600,159,259,9985,
160.42009612611383,89600,159,258,9986,
160.43952352349805,89600,159,257,9987,
160.47058494353402,89599,160,257,9987,
160.4886758553372,89599,160,256,9988,
160.48924510810582,89598,161,256,9988,
160.4940227213188,89597,162,256,9988,
160.5056790984106,89596,163,256,9988,
160.50631331050607,89595,164,256,9988,
160.539642470339,89594,165,256,9988,
160.55406521442214,89593,166,256,9988,
160.55461262303524,89593,166,255,9989,
160.55606936344142,89593,166,254,9990,
160.559296113769,89592,167,254,9990,
160.56124647438648,89591,168,254,9990,
160.56976093825375,89591,167,255,9990,
160.573140495327,89591,166,256,9990,
160.57374048058614,89591,165,257,9990,
160.57670638038232,89591,164,258,9990,
160.57725037351446,89591,163,259,9990,
160.58157736774643,89591,162,260,9990,
160.5844920388064,89591,162,259,9991,
160.61424410807996,89590,163,259,9991,
160.61727385035022,89590,163,258,9992,
160.62038357379217,89590,162,259,9992,
160.62099087792043,89590,161,260,9992,
160.62248909696808,89589,162,260,9992,
160.6273045943671,89589,161,261,9992,
160.63188156189577,89589,161,260,9993,
160.63321094517528,89589,161,259,9994,
160.63543558893377,89589,161,258,9995,
160.638556291972,89589,160,259,9995,
160.66270512675018,89589,160,258,9996,
160.66533767481968,89589,159,259,9996,
160.698245515817,89588,160,259,9996,
160.72183288553325,89588,159,260,9996,
160.73129978492906,89588,158,261,9996,
160.73558019956113,89588,157,262,9996,
160.7916650769868,89588,157,261,9997,
160.79170492780048,89588,157,260,9998,
160.79399793791544,89588,156,261,9998,
160.82302680029727,89587,157,261,9998,
160.83067313846118,89586,158,261,9998,
160.84259280383642,89586,158,260,9999,
160.84356741971413,89586,157,261,9999,
160.84897805627352,89586,156,262,9999,
160.8575977948627,89585,157,262,9999,
160.85764973856803,89584,158,262,9999,
160.8625766562076,89584,157,263,9999,
160.86976517808276,89583,158,263,9999,
160.87540160707323,89582,159,263,9999,
160.88151053772253,89582,159,262,10000,
160.88385883666527,89581,160,262,10000,
160.91876838026107,89581,159,263,10000,
160.93592055909198,89581,159,262,10001,
160.94746442700801,89581,159,261,10002,
160.9581161924524,89581,159,260,10003,
160.97864743801432,89581,159,259,10004,
160.99400051637792,89580,160,259,10004,
161.04582711809462,89579,161,259,10004,
161.05952136733248,89578,162,259,10004,
161.06416909046726,89578,161,260,10004,
161.0800669548342,89578,160,261,10004,
161.0840572030131,89577,161,261,10004,
161.08455940478086,89576,162,261,10004,
161.0850485097088,89576,161,262,10004,
161.08878204109865,89576,160,263,10004,
161.09592613476684,89576,159,264,10004,
161.10742866326967,89576,159,263,10005,
161.11298797567298,89575,160,263,10005,
161.12788418602992,89575,160,262,10006,
161.1325378204655,89575,159,263,10006,
161.14088209251935,89575,159,262,10007,
161.14909218901835,89574,160,262,10007,
161.1494888690933,89574,159,263,10007,
161.16337008397386,89574,158,264,10007,
161.17475870140532,89574,158,263,10008,
161.18954084827848,89574,157,264,10008,
161.19809735705405,89574,157,263,10009,
161.20079036461885,89574,157,262,10010,
161.202269544143,89574,157,261,10011,
161.24297558258135,89574,157,260,10012,
161.2538191479835,89574,156,261,10012,
161.27134789183773,89574,156,260,10013,
161.2944635637724,89573,157,260,10013,
161.29719870635066,89573,156,261,10013,
161.30543463567312,89573,155,262,10013,
161.31154550702686,89572,156,262,10013,
161.3133846619553,89572,155,263,10013,
161.34586197518567,89571,156,263,10013,
161.3490101991753,89571,155,264,10013,
161.3526666015475,89571,154,265,10013,
161.36452076558152,89571,153,266,10013,
161.37128187363325,89571,152,267,10013,
161.37129731908024,89570,153,267,10013,
161.37158634011456,89570,153,266,10014,
161.37477299457368,89570,152,267,10014,
161.39282256236527,89570,152,266,10015,
161.39467273139934,89570,151,267,10015,
161.40687647919097,89570,151,266,10016,
161.4108910739082,89569,152,266,10016,
161.41464012101355,89568,153,266,10016,
161.44759910942142,89568,153,265,10017,
161.47003983253305,89568,152,266,10017,
161.47411109051066,89568,152,265,10018,
161.48795427989515,89568,152,264,10019,
161.50385370708096,89568,151,265,10019,
161.50747547303405,89567,152,265,10019,
161.51201332943452,89567,152,264,10020,
161.51746218640596,89567,151,265,10020,
161.52265973274737,89567,150,266,10020,
161.52282863451057,89566,151,266,10020,
161.53190030144168,89566,150,267,10020,
161.5374730447261,89566,149,268,10020,
161.5468682333329,89565,150,268,10020,
161.5744032842771,89564,151,268,10020,
161.57820468806932,89564,150,269,10020,
161.58510086433225,89563,151,269,10020,
161.61529893852278,89562,152,269,10020,
161.63538668531132,89562,152,268,10021,
161.63919199365736,89562,151,269,10021,
161.64251707687183,89561,152,269,10021,
161.642778464665,89560,153,269,10021,
161.65964000455878,89560,153,268,10022,
161.6643840212455,89560,152,269,10022,
161.72409328649425,89560,151,270,10022,
161.7248106220269,89560,150,271,10022,
161.73301356915348,89560,149,272,10022,
161.75022709035497,89559,150,272,10022,
161.75676608638761,89559,149,273,10022,
161.7610131058069,89559,148,274,10022,
161.77128054671343,89558,149,274,10022,
161.78762996138573,89557,150,274,10022,
161.794087815242,89557,150,273,10023,
161.8024108988053,89557,150,272,10024,
161.81234174527648,89556,151,272,10024,
161.84275907373237,89556,150,273,10024,
161.84719961359022,89556,150,272,10025,
161.84868688957573,89555,151,272,10025,
161.89260647396966,89555,151,271,10026,
161.93147815429072,89554,152,271,10026,
161.9544540388257,89553,153,271,10026,
161.9622844439085,89553,153,270,10027,
161.96341353259535,89553,152,271,10027,
161.96877426820072,89553,151,272,10027,
161.97311530701177,89553,151,271,10028,
161.97455906614871,89553,151,270,10029,
161.98875845013322,89553,151,269,10030,
161.98965390850708,89553,150,270,10030,
161.9924692107666,89552,151,270,10030,
161.99793661046377,89551,152,270,10030,
161.99794347012454,89551,151,271,10030,
162.00525761050363,89551,151,270,10031,
162.01607915510814,89550,152,270,10031,
162.02218278801564,89549,153,270,10031,
162.02968556404682,89549,152,271,10031,
162.03187821199828,89548,153,271,10031,
162.03444131746525,89547,154,271,10031,
162.04995917328512,89547,154,270,10032,
162.0725524765209,89547,153,271,10032,
162.10309965013244,89547,153,270,10033,
162.1049803354834,89547,152,271,10033,
162.12065058431483,89547,151,272,10033,
162.14968539034356,89547,151,271,10034,
162.17013279312013,89546,152,271,10034,
162.19180438849648,89546,152,270,10035,
162.20412457413843,89545,153,270,10035,
162.20615837804354,89544,154,270,10035,
162.20799493215088,89544,153,271,10035,
162.21742396012132,89544,152,272,10035,
162.2346518477442,89544,151,273,10035,
162.23625577369145,89544,151,272,10036,
162.24700927428577,89544,151,271,10037,
162.24990846221309,89544,150,272,10037,
162.25774663399184,89544,150,271,10038,
162.26090812919028,89544,150,270,10039,
162.26148834295316,89544,150,269,10040,
162.26372203678557,89543,151,269,10040,
162.30417165584043,89543,151,268,10041,
162.30698455792324,89542,152,268,10041,
162.3106341165725,89542,152,267,10042,
162.3160258746068,89541,153,267,10042,
162.31840502973733,89541,153,266,10043,
162.3218000382906,89540,154,266,10043,
162.33156728578447,89540,154,265,10044,
162.33266152385875,89540,154,264,10045,
162.335272985541,89540,153,265,10045,
162.34475337395168,89539,154,265,10045,
162.34816866959673,89539,153,266,10045,
162.35464043232062,89539,152,267,10045,
162.3800891845291,89539,152,266,10046,
162.38438464873468,89539,152,265,10047,
162.3916891706682,89539,151,266,10047,
162.39428287325177,89539,151,265,10048,
162.39618608734676,89539,151,264,10049,
162.39778723456496,89539,151,263,10050,
162.40777496211095,89538,152,263,10050,
162.40942008943335,89538,152,262,10051,
162.41897680445493,89538,152,261,10052,
162.42154316008939,89538,152,260,10053,
162.421623130451,89538,152,259,10054,
162.43692351055654,89537,153,259,10054,
162.43998728947287,89536,154,259,10054,
162.44810864997027,89536,154,258,10055,
162.45478482208057,89536,154,257,10056,
162.47240605114354,89535,155,257,10056,
162.47773381599552,89535,155,256,10057,
162.4782728677854,89534,156,256,10057,
162.48299012628584,89534,156,255,10058,
162.48361536405025,89534,155,256,10058,
162.48846651959792,89534,155,255,10059,
162.48954549203972,89534,154,256,10059,
162.50342034142494,89534,153,257,10059,
162.54505964411865,89533,154,257,10059,
162.55009740917907,89533,153,258,10059,
162.55376714623355,89533,152,259,10059,
162.56541054466095,89533,151,260,10059,
162.56650113144806,89533,151,259,10060,
162.5750575825827,89533,150,260,10060,
162.57521020648414,89533,149,261,10060,
162.58341646830246,89533,149,260,10061,
162.58787592027915,89533,149,259,10062,
162.6172924947351,89532,150,259,10062,
162.63131370473621,89531,151,259,10062,
162.64728392340768,89530,152,259,10062,
162.6505690465194,89530,151,260,10062,
162.65811541375209,89530,150,261,10062,
162.6615726115587,89530,149,262,10062,
162.67687872123304,89530,148,263,10062,
162.67966793693722,89530,148,262,10063,
162.68359264027487,89530,147,263,10063,
162.68665908083204,89530,147,262,10064,
162.7020377416017,89530,147,261,10065,
162.70810556132798,89530,146,262,10065,
162.7091739773777,89530,145,263,10065,
162.7293667276173,89529,146,263,10065,
162.73432722707906,89529,145,264,10065,
162.73654005627353,89529,145,263,10066,
162.75000820669376,89529,145,262,10067,
162.77036627866488,89529,145,261,10068,
162.77689227163285,89529,145,260,10069,
162.78514581505166,89529,145,259,10070,
162.78810528218966,89529,145,258,10071,
162.78904569281957,89529,145,257,10072,
162.80405847009033,89529,144,258,10072,
162.86844767933576,89528,145,258,10072,
162.8694878149467,89528,145,257,10073,
162.8851802833292,89528,145,256,10074,
162.88838128485872,89527,146,256,10074,
162.91172033598835,89527,145,257,10074,
162.91717837123474,89526,146,257,10074,
162.9364065758858,89526,146,256,10075,
162.94280995118822,89526,146,255,10076,
162.94984638913218,89526,146,254,10077,
163.00569229264576,89525,147,254,10077,
163.00588483777142,89525,146,255,10077,
163.016648921055,89525,146,254,10078,
163.04803776125618,89525,145,255,10078,
163.04858558026578,89525,144,256,10078,
163.05183195234628,89525,144,255,10079,
163.052163109533,89525,143,256,10079,
163.08456158042426,89524,144,256,10079,
163.08529637396066,89524,144,255,10080,
163.09479404999456,89524,144,254,10081,
163.09659521485577,89523,145,254,10081,
163.11829499251246,89523,145,253,10082,
163.14205972911003,89523,145,252,10083,
163.147585823955,89522,146,252,10083,
163.14848098766936,89521,147,252,10083,
163.1533275862327,89521,147,251,10084,
163.1554369600004,89520,148,251,10084,
163.1624542968103,89520,147,252,10084,
163.1669329724218,89520,147,251,10085,
163.16713468762333,89519,148,251,10085,
163.17371495619696,89519,147,252,10085,
163.18720312736554,89519,147,251,10086,
163.19309459589323,89519,146,252,10086,
163.20114842125372,89519,146,251,10087,
163.20310886413273,89519,145,252,10087,
163.2389717472397,89519,145,251,10088,
163.26890420980016,89518,146,251,10088,
163.27153275695085,89518,145,252,10088,
163.2750484836662,89518,144,253,10088,
163.2782832236681,89517,145,253,10088,
163.2899824207966,89517,144,254,10088,
163.32433016500292,89517,143,255,10088,
163.3433519442541,89517,142,256,10088,
163.34412764774387,89516,143,256,10088,
163.3548428620033,89516,143,255,10089,
163.3642003582894,89516,142,256,10089,
163.37047176256223,89516,141,257,10089,
163.4065000160187,89516,140,258,10089,
163.4072103628597,89515,141,258,10089,
163.42174434627594,89515,141,257,10090,
163.42690340254558,89515,141,256,10091,
163.4360659440541,89514,142,256,10091,
163.4732877530541,89513,143,256,10091,
163.49646777340791,89512,144,256,10091,
163.54695033854574,89512,143,257,10091,
163.5473035567236,89511,144,257,10091,
163.5545023379955,89510,145,257,10091,
163.5582542154667,89509,146,257,10091,
163.56244223479405,89509,145,258,10091,
163.56451247113392,89509,145,257,10092,
163.56937930438698,89509,144,258,10092,
163.5715669822675,89509,143,259,10092,
163.57933912155718,89508,144,259,10092,
163.61331181638764,89508,143,260,10092,
163.62206112502878,89508,142,261,10092,
163.6551124114936,89508,141,262,10092,
163.66705396742947,89508,141,261,10093,
163.66746785351762,89508,141,260,10094,
163.67474525737254,89508,140,261,10094,
163.67589657974122,89507,141,261,10094,
163.68776118092833,89507,141,260,10095,
163.70573280368194,89506,142,260,10095,
163.71082597169587,89506,142,259,10096,
163.7132657023283,89506,141,260,10096,
163.71535483656902,89506,141,259,10097,
163.71605327981422,89505,142,259,10097,
163.71609690607423,89504,143,259,10097,
163.71671299520366,89503,144,259,10097,
163.72073110693887,89503,144,258,10098,
163.72105371356363,89503,144,257,10099,
163.74395368856926,89503,144,256,10100,
163.75526099465486,89503,144,255,10101,
163.78275197881797,89503,144,254,10102,
163.7948924229667,89502,145,254,10102,
163.80668353416672,89502,145,253,10103,
163.80901261158778,89502,145,252,10104,
163.81130763886244,89502,144,253,10104,
163.81837516491217,89501,145,253,10104,
163.8207398077583,89500,146,253,10104,
163.8250859816501,89499,147,253,10104,
163.82902931472375,89499,147,252,10105,
163.84014802466731,89499,147,251,10106,
163.85008417757388,89499,146,252,10106,
163.8627739286414,89498,147,252,10106,
163.86692412497086,89498,147,251,10107,
163.86910865898338,89497,148,251,10107,
163.89167217207262,89497,148,250,10108,
163.89743947656717,89497,148,249,10109,
163.9092778035079,89496,149,249,10109,
163.9199996226049,89496,148,250,10109,
163.9210621323614,89496,147,251,10109,
163.9423244437898,89496,147,250,10110,
163.9572538324117,89496,147,249,10111,
163.95935199063635,89496,146,250,10111,
163.9626199506291,89496,145,251,10111,
163.96679937333778,89495,146,251,10111,
163.97894477091683,89495,146,250,10112,
163.98361835015731,89494,147,250,10112,
163.99849992924376,89494,146,251,10112,
164.03547681972094,89494,145,252,10112,
164.04932465438037,89493,146,252,10112,
164.06292572158887,89492,147,252,10112,
164.06971167259576,89492,146,253,10112,
164.07434018667067,89492,146,252,10113,
164.0943075845136,89492,146,251,10114,
164.0982092824459,89492,146,250,10115,
164.10128438293023,89492,146,249,10116,
164.10622782680986,89492,145,250,10116,
164.14071943056308,89492,145,249,10117,
164.14485015787923,89491,146,249,10117,
164.15118921503756,89491,146,248,10118,
164.15213881182268,89491,146,247,10119,
164.15736309671811,89491,145,248,10119,
164.16284863842483,89491,144,249,10119,
164.1634182724513,89491,143,250,10119,
164.17414239418443,89491,142,251,10119,
164.1815620687431,89490,143,251,10119,
164.1851045773167,89490,143,250,10120,
164.23734037539373,89490,143,249,10121,
164.24554142434135,89490,143,248,10122,
164.28867092797927,89490,143,247,10123,
164.30006298218595,89490,142,248,10123,
164.30013493226068,89490,141,249,10123,
164.3083113410623,89489,142,249,10123,
164.31140606713208,89489,141,250,10123,
164.31354457640293,89489,141,249,10124,
164.3165768136979,89489,140,250,10124,
164.3236832469544,89489,140,249,10125,
164.3312683915774,89488,141,249,10125,
164.33219374730973,89487,142,249,10125,
164.3454754962758,89486,143,249,10125,
164.3455104958577,89486,142,250,10125,
164.35128815104588,89485,143,250,10125,
164.35632822040662,89484,144,250,10125,
164.37716183215178,89484,143,251,10125,
164.38825534628958,89483,144,251,10125,
164.4102854067362,89483,143,252,10125,
164.41469454073214,89483,143,251,10126,
164.4229553390785,89483,142,252,10126,
164.42811997106045,89483,141,253,10126,
164.4405428242081,89482,142,253,10126,
164.44070122832466,89482,141,254,10126,
164.45349803752413,89482,140,255,10126,
164.4580940181454,89482,140,254,10127,
164.45877374711154,89481,141,254,10127,
164.46530229624653,89481,141,253,10128,
164.47701596975728,89481,140,254,10128,
164.4984755924595,89480,141,254,10128,
164.50883575892303,89480,141,253,10129,
164.54717678745322,89480,140,254,10129,
164.59657274153253,89480,140,253,10130,
164.60176774436624,89480,139,254,10130,
164.60415662021228,89479,140,254,10130,
164.60454082736877,89479,140,253,10131,
164.61024592178956,89479,139,254,10131,
164.61219893372447,89479,139,253,10132,
164.61502943358943,89478,140,253,10132,
164.61514903318115,89478,139,254,10132,
164.63118953596384,89478,138,255,10132,
164.67709896386583,89478,137,256,10132,
164.681363305077,89477,138,256,10132,
164.69157267258538,89476,139,256,10132,
164.69516090202387,89476,138,257,10132,
164.70281502501183,89476,138,256,10133,
164.7129364618394,89476,137,257,10133,
164.7132948747378,89475,138,257,10133,
164.71601022034451,89474,139,257,10133,
164.780726762705,89473,140,257,10133,
164.79693300491465,89472,141,257,10133,
164.802556520118,89472,140,258,10133,
164.80677357808173,89472,139,259,10133,
164.80906712799012,89471,140,259,10133,
164.82468189427445,89471,139,260,10133,
164.83391042803973,89470,140,260,10133,
164.8399078632409,89469,141,260,10133,
164.84994432294383,89469,140,261,10133,
164.85171857625377,89468,141,261,10133,
164.86577100452362,89467,142,261,10133,
164.8724049304152,89466,143,261,10133,
164.87284106735143,89466,143,260,10134,
164.8794541980801,89466,142,261,10134,
164.88814943785957,89465,143,261,10134,
164.89259589743162,89464,144,261,10134,
164.89544066301065,89464,144,260,10135,
164.91122415127307,89464,143,261,10135,
164.92412758288347,89464,143,260,10136,
164.92440965838756,89463,144,260,10136,
164.92445870167654,89462,145,260,10136,
164.92465760335,89462,145,259,10137,
164.9292491330802,89461,146,259,10137,
164.92925861866414,89461,145,260,10137,
164.93167365055908,89460,146,260,10137,
164.95486195756746,89460,146,259,10138,
164.99423498961903,89460,145,260,10138,
165.0048308046574,89460,145,259,10139,
165.00547074745683,89460,145,258,10140,
165.0123713997895,89460,145,257,10141,
165.0189845888725,89460,145,256,10142,
165.01901329459702,89459,146,256,10142,
165.03607553034436,89459,146,255,10143,
165.04035393342642,89459,146,254,10144,
165.07028862060145,89458,147,254,10144,
165.0719109750057,89457,148,254,10144,
165.0721793751509,89456,149,254,10144,
165.07469722161161,89456,148,255,10144,
165.0857627621374,89456,147,256,10144,
165.08985249735355,89455,148,256,10144,
165.0972621623236,89455,147,257,10144,
165.1011792719986,89455,146,258,10144,
165.10179492040612,89455,146,257,10145,
165.10230828414151,89454,147,257,10145,
165.11654560364087,89453,148,257,10145,
165.12608509931695,89452,149,257,10145,
165.1432494656736,89452,149,256,10146,
165.14693600764707,89452,149,255,10147,
165.15791909989164,89452,149,254,10148,
165.17573600376306,89452,149,253,10149,
165.1839150372395,89451,150,253,10149,
165.19465151703042,89451,149,254,10149,
165.1985889734812,89451,148,255,10149,
165.20832421574198,89451,147,256,10149,
165.21664861860148,89450,148,256,10149,
165.2204955974461,89450,147,257,10149,
165.22190002702672,89450,146,258,10149,
165.25692354256032,89449,147,258,10149,
165.25950026551106,89448,148,258,10149,
165.26106953588382,89448,147,259,10149,
165.26207531444578,89447,148,259,10149,
165.27689182791767,89446,149,259,10149,
165.29594440451234,89446,149,258,10150,
165.32486089891339,89446,148,259,10150,
165.331757930684,89445,149,259,10150,
165.34788305265835,89445,148,260,10150,
165.35195382284255,89445,147,261,10150,
165.37239887950398,89444,148,261,10150,
165.3758378397947,89444,147,262,10150,
165.397264988323,89443,148,262,10150,
165.39919892042718,89442,149,262,10150,
165.40776493224746,89442,148,263,10150,
165.43300098054564,89441,149,263,10150,
165.44806251984755,89441,149,262,10151,
165.449450125803,89440,150,262,10151,
165.45635434580203,89440,150,261,10152,
165.45803295418023,89440,149,262,10152,
165.46447095421715,89440,148,263,10152,
165.47235308376668,89439,149,263,10152,
165.4749490799474,89439,149,262,10153,
165.51085629251264,89438,150,262,10153,
165.5178541802519,89438,149,263,10153,
165.52117934364512,89438,149,262,10154,
165.52898785362711,89438,149,261,10155,
165.54737893180183,89437,150,261,10155,
165.56630367516104,89436,151,261,10155,
165.56705019575065,89435,152,261,10155,
165.59569605093978,89435,151,262,10155,
165.6057346083779,89435,151,261,10156,
165.61061097966288,89435,151,260,10157,
165.6129181990272,89435,151,259,10158,
165.6165420107199,89435,151,258,10159,
165.6304067949219,89434,152,258,10159,
165.63848383245852,89433,153,258,10159,
165.66543681848208,89433,153,257,10160,
165.6752314431514,89433,153,256,10161,
165.67597317815643,89433,153,255,10162,
165.68737084365162,89433,153,254,10163,
165.6989845569367,89433,153,253,10164,
165.70373304773358,89433,152,254,10164,
165.7084251608911,89433,152,253,10165,
165.71257513617493,89433,151,254,10165,
165.71393086313833,89433,150,255,10165,
165.72428351775372,89433,150,254,10166,
165.72797438486282,89432,151,254,10166,
165.72956403725354,89432,151,253,10167,
165.7310758771149,89432,150,254,10167,
165.73858431545997,89432,149,255,10167,
165.74324465281757,89432,148,256,10167,
165.74454560494317,89432,147,257,10167,
165.75409938573767,89431,148,257,10167,
165.7651306975895,89430,149,257,10167,
165.77371213891712,89430,148,258,10167,
165.7751990259614,89430,147,259,10167,
165.77758212712632,89430,146,260,10167,
165.77963480387785,89430,146,259,10168,
165.78416311664762,89430,145,260,10168,
165.78667561309112,89430,144,261,10168,
165.78935194746478,89430,144,260,10169,
165.79144061380785,89429,145,260,10169,
165.79399163333963,89429,145,259,10170,
165.80170978840042,89429,145,258,10171,
165.81336895571738,89428,146,258,10171,
165.81502323593665,89428,145,259,10171,
165.81812658637674,89428,145,258,10172,
165.82946087990103,89427,146,258,10172,
165.83434828574258,89426,147,258,10172,
165.83865853634705,89426,147,257,10173,
165.8416405158703,89426,146,258,10173,
165.85512854096282,89426,146,257,10174,
165.85584756626085,89426,145,258,10174,
165.85947840183266,89426,145,257,10175,
165.89330439135094,89426,145,256,10176,
165.9030612650653,89425,146,256,10176,
165.9353007625267,89424,147,256,10176,
165.93880198910597,89423,148,256,10176,
165.94033867013366,89423,147,257,10176,
165.9413011543158,89422,148,257,10176,
165.95078015465725,89421,149,257,10176,
165.95606236333893,89421,148,258,10176,
165.96111285970895,89420,149,258,10176,
165.98107520810692,89420,148,259,10176,
165.9927130973277,89419,149,259,10176,
166.00036724703654,89418,150,259,10176,
166.00402638012434,89418,150,258,10177,
166.0081136746215,89418,150,257,10178,
166.02510197106508,89417,151,257,10178,
166.02924884750138,89417,150,258,10178,
166.03707868461373,89416,151,258,10178,
166.05536161637116,89415,152,258,10178,
166.06213057057332,89415,151,259,10178,
166.06976192757682,89415,151,258,10179,
166.08026895989627,89415,151,257,10180,
166.11041088545215,89415,151,256,10181,
166.12681229497554,89415,150,257,10181,
166.13682611145262,89415,150,256,10182,
166.14104634197645,89415,150,255,10183,
166.1536370101662,89415,149,256,10183,
166.16306804610275,89414,150,256,10183,
166.1914326029952,89413,151,256,10183,
166.19537962249052,89413,151,255,10184,
166.1970083279689,89412,152,255,10184,
166.19712424755022,89412,152,254,10185,
166.20239180420756,89412,152,253,10186,
166.20262815190725,89412,152,252,10187,
166.2070070333648,89412,151,253,10187,
166.21452079896187,89411,152,253,10187,
166.22158634654153,89410,153,253,10187,
166.23599082646248,89410,152,254,10187,
166.24902459265982,89410,152,253,10188,
166.24958283754725,89410,152,252,10189,
166.26015404999,89410,152,251,10190,
166.26563977439145,89410,151,252,10190,
166.270939962056,89410,151,251,10191,
166.30482141485294,89409,152,251,10191,
166.30653823538375,89409,151,252,10191,
166.31870307024508,89409,150,253,10191,
166.323928551515,89408,151,253,10191,
166.35347973434912,89407,152,253,10191,
166.35631683218466,89407,151,254,10191,
166.359806814375,89407,150,255,10191,
166.37071620803292,89407,150,254,10192,
166.4033659901805,89407,150,253,10193,
166.41701184561597,89407,149,254,10193,
166.4268583295816,89406,150,254,10193,
166.42689789338507,89406,149,255,10193,
166.42792008169363,89406,148,256,10193,
166.44206571783587,89406,148,255,10194,
166.4592124092179,89405,149,255,10194,
166.4780058699751,89405,148,256,10194,
166.48171813849234,89404,149,256,10194,
166.4896656904615,89404,148,257,10194,
166.4931036487411,89403,149,257,10194,
166.4961504667753,89403,148,258,10194,
166.56511040322803,89403,147,259,10194,
166.58615163717948,89403,147,258,10195,
166.58805682549723,89403,147,257,10196,
166.59826998888184,89403,147,256,10197,
166.61356376686018,89403,147,255,10198,
166.6173766516984,89403,146,256,10198,
166.62144170585609,89402,147,256,10198,
166.62344044669052,89401,148,256,10198,
166.62556448514735,89401,147,257,10198,
166.63639902659878,89400,148,257,10198,
166.64593811831034,89399,149,257,10198,
166.65006894863302,89399,149,256,10199,
166.67542580416887,89399,149,255,10200,
166.67580273774655,89399,148,256,10200,
166.68303038739597,89398,149,256,10200,
166.6883889883502,89398,149,255,10201,
166.69298770458437,89398,149,254,10202,
166.70295433654923,89398,149,253,10203,
166.72146564199838,89398,148,254,10203,
166.72261495951483,89398,148,253,10204,
166.7595960068456,89398,148,252,10205,
166.76420006731055,89397,149,252,10205,
166.79536224262188,89397,149,251,10206,
166.79551013337942,89397,149,250,10207,
166.81468511584578,89396,150,250,10207,
166.82788190793775,89396,150,249,10208,
166.8484299948174,89395,151,249,10208,
166.85145375091423,89395,151,248,10209,
166.85486954361534,89395,150,249,10209,
166.8551919032415,89395,150,248,10210,
166.8629985933104,89395,149,249,10210,
166.86778738903774,89394,150,249,10210,
166.87008802714166,89394,150,248,10211,
166.87764841506046,89394,150,247,10212,
166.88889084906137,89394,149,248,10212,
166.90666591915033,89394,149,247,10213,
166.90854367692268,89394,148,248,10213,
166.9220900557774,89394,147,249,10213,
166.92694174045292,89394,147,248,10214,
166.9390949713705,89393,148,248,10214,
166.9545329831507,89392,149,248,10214,
166.96310651521614,89392,149,247,10215,
167.011387389544,89392,149,246,10216,
167.01641813057856,89392,149,245,10217,
167.02405241169132,89391,150,245,10217,
167.0367446413266,89390,151,245,10217,
167.0370165564943,89390,151,244,10218,
167.05276814431016,89390,151,243,10219,
167.0622657142834,89390,150,244,10219,
167.09671796040305,89390,150,243,10220,
167.1014645732126,89390,150,242,10221,
167.1273448044185,89389,151,242,10221,
167.1561033069298,89389,151,241,10222,
167.1752066318933,89389,151,240,10223,
167.18074824909363,89389,151,239,10224,
167.18160594228777,89389,150,240,10224,
167.19876910362953,89389,150,239,10225,
167.21640231762382,89389,150,238,10226,
167.2415016805028,89389,149,239,10226,
167.24213326564808,89389,149,238,10227,
167.24543178859582,89389,148,239,10227,
167.24630405100805,89389,148,238,10228,
167.2591105550919,89389,148,237,10229,
167.26357226552204,89389,147,238,10229,
167.2686098510943,89389,146,239,10229,
167.27819747376793,89389,146,238,10230,
167.29282627561366,89389,145,239,10230,
167.2933010113926,89389,145,238,10231,
167.30240066281462,89389,144,239,10231,
167.30844291815546,89389,144,238,10232,
167.3128574826194,89389,143,239,10232,
167.3136151236878,89388,144,239,10232,
167.3159198623767,89388,144,238,10233,
167.33326902295113,89388,143,239,10233,
167.36040591745427,89388,143,238,10234,
167.36382597828054,89387,144,238,10234,
167.36917375317023,89386,145,238,10234,
167.37174026260013,89385,146,238,10234,
167.40978946684984,89384,147,238,10234,
167.41115596451834,89384,146,239,10234,
167.4204353682533,89384,146,238,10235,
167.42692031356444,89384,145,239,10235,
167.44367492283055,89384,144,240,10235,
167.46233447784473,89384,144,239,10236,
167.49817290127504,89383,145,239,10236,
167.519009398742,89383,144,240,10236,
167.52407130958267,89383,144,239,10237,
167.53551339259585,89383,143,240,10237,
167.53571559750185,89383,142,241,10237,
167.53879266044567,89382,143,241,10237,
167.5565404286809,89381,144,241,10237,
167.55920762893334,89380,145,241,10237,
167.57220719821424,89380,145,240,10238,
167.6002316105669,89380,144,241,10238,
167.6254386307901,89380,144,240,10239,
167.62604780516375,89380,143,241,10239,
167.63405778771093,89380,143,240,10240,
167.63942603358393,89380,143,239,10241,
167.64980521021414,89380,142,240,10241,
167.65038250003698,89380,142,239,10242,
167.65090112459583,89379,143,239,10242,
167.65933839835762,89379,143,238,10243,
167.70150423205666,89379,143,237,10244,
167.71816285611376,89378,144,237,10244,
167.71956068261426,89377,145,237,10244,
167.72554381588583,89377,145,236,10245,
167.72856132983952,89377,145,235,10246,
167.73379329391167,89377,144,236,10246,
167.7400849697014,89377,144,235,10247,
167.74344479928368,89377,144,234,10248,
167.7696698664322,89376,145,234,10248,
167.77120089433836,89376,144,235,10248,
167.77896315545905,89376,144,234,10249,
167.81132644602718,89376,144,233,10250,
167.8172016913844,89376,144,232,10251,
167.8184109682262,89376,144,231,10252,
167.82184522649976,89375,145,231,10252,
167.821912397841,89375,145,230,10253,
167.83595042042472,89375,145,229,10254,
167.84080520582228,89374,146,229,10254,
167.84297898865086,89374,146,228,10255,
167.85065395463337,89374,146,227,10256,
167.86424260105855,89373,147,227,10256,
167.86781529172112,89373,146,228,10256,
167.88114396323093,89373,145,229,10256,
167.8950131407197,89373,144,230,10256,
167.89570234862225,89372,145,230,10256,
167.8971275587524,89372,144,231,10256,
167.90098722822188,89372,144,230,10257,
167.9082900752834,89371,145,230,10257,
167.93008447947065,89371,145,229,10258,
167.93356235915783,89371,145,228,10259,
167.93584076690956,89371,145,227,10260,
167.94036512113698,89371,145,226,10261,
167.95190739572502,89370,146,226,10261,
167.9604604384646,89370,146,225,10262,
167.9797463619176,89370,145,226,10262,
168.01343649551623,89370,144,227,10262,
168.01356506915283,89369,145,227,10262,
168.01937971061176,89368,146,227,10262,
168.02272472499357,89367,147,227,10262,
168.02918895170706,89367,146,228,10262,
168.03511758810092,89367,145,229,10262,
168.0370681564172,89366,146,229,10262,
168.03972659525127,89366,146,228,10263,
168.06229388937578,89366,146,227,10264,
168.06729206495154,89366,146,226,10265,
168.08391752229244,89366,145,227,10265,
168.08607223257678,89365,146,227,10265,
168.088418010518,89365,146,226,10266,
168.1128043969527,89365,145,227,10266,
168.14924854606772,89364,146,227,10266,
168.15888989678214,89363,147,227,10266,
168.1729430693426,89362,148,227,10266,
168.17569724084743,89361,149,227,10266,
168.18257914555866,89361,149,226,10267,
168.18333931224902,89361,149,225,10268,
168.1919895027041,89360,150,225,10268,
168.20798919670437,89360,150,224,10269,
168.21648136958882,89360,149,225,10269,
168.23386873032211,89359,150,225,10269,
168.26217619245324,89359,150,224,10270,
168.28061553130615,89359,149,225,10270,
168.2880609187324,89358,150,225,10270,
168.29972359579904,89358,150,224,10271,
168.30215785731022,89357,151,224,10271,
168.31962544968587,89357,150,225,10271,
168.33459244810058,89357,149,226,10271,
168.37070626096602,89357,149,225,10272,
168.38154574059885,89357,149,224,10273,
168.3816139337267,89357,148,225,10273,
168.38429711886425,89357,147,226,10273,
168.43621045067573,89357,146,227,10273,
168.43897850640917,89356,147,227,10273,
168.45310631341889,89356,147,226,10274,
168.46895829397883,89356,147,225,10275,
168.4798371862101,89356,146,226,10275,
168.4918467543054,89355,147,226,10275,
168.493481486986,89355,147,225,10276,
168.49552829234875,89355,146,226,10276,
168.52424857047544,89354,147,226,10276,
168.52629979800628,89353,148,226,10276,
168.5361354534357,89353,147,227,10276,
168.55141580736935,89353,146,228,10276,
168.5545328315506,89353,146,227,10277,
168.58215891140424,89353,145,228,10277,
168.58405765466057,89353,145,227,10278,
168.58684579944043,89352,146,227,10278,
168.58847699576538,89351,147,227,10278,
168.60816254418677,89351,146,228,10278,
168.64255606761006,89351,146,227,10279,
168.65643675489386,89351,146,226,10280,
168.67660711278975,89351,145,227,10280,
168.6768872422416,89350,146,227,10280,
168.68353340516776,89350,145,228,10280,
168.70626154131867,89350,144,229,10280,
168.7159587967128,89349,145,229,10280,
168.718886384183,89348,146,229,10280,
168.7206006410091,89348,145,230,10280,
168.72623318475468,89348,144,231,10280,
168.7369568591144,89348,143,232,10280,
168.7410581401425,89348,142,233,10280,
168.74633957003374,89348,142,232,10281,
168.7563381334519,89348,141,233,10281,
168.77116258696148,89348,141,232,10282,
168.80689666239147,89348,140,233,10282,
168.81088192923045,89348,139,234,10282,
168.82707009567216,89348,139,233,10283,
168.8434601977401,89348,139,232,10284,
168.8498865218861,89348,139,231,10285,
168.85142699288332,89348,138,232,10285,
168.8544851031369,89347,139,232,10285,
168.85451235945789,89347,138,233,10285,
168.88354922403636,89347,137,234,10285,
168.89963661720552,89346,138,234,10285,
168.9062667477849,89346,138,233,10286,
168.96788054496363,89346,137,234,10286,
168.97947731858005,89346,136,235,10286,
168.98918428444838,89345,137,235,10286,
169.00765125728228,89345,136,236,10286,
169.0224796396702,89345,135,237,10286,
169.02477450446594,89345,134,238,10286,
169.03055672401769,89345,133,239,10286,
169.03450525806159,89345,133,238,10287,
169.04556971430412,89345,132,239,10287,
169.05066921514577,89344,133,239,10287,
169.05427795741247,89344,133,238,10288,
169.06514174389056,89344,132,239,10288,
169.09410812374372,89344,132,238,10289,
169.11995483988798,89344,132,237,10290,
169.1211761771043,89344,131,238,10290,
169.12223832011694,89344,130,239,10290,
169.12615347542254,89344,130,238,10291,
169.1431619868064,89344,130,237,10292,
169.16165202265563,89343,131,237,10292,
169.1629086481426,89342,132,237,10292,
169.17860949634232,89342,132,236,10293,
169.19897179664108,89342,131,237,10293,
169.19918051653502,89342,131,236,10294,
169.20100975242363,89341,132,236,10294,
169.22287085544951,89341,131,237,10294,
169.22464680652098,89340,132,237,10294,
169.24987020869912,89340,132,236,10295,
169.29563088798636,89339,133,236,10295,
169.30803628765264,89338,134,236,10295,
169.32556925240704,89337,135,236,10295,
169.341136820349,89337,135,235,10296,
169.3426171253058,89337,135,234,10297,
169.3646410612398,89336,136,234,10297,
169.3813655711137,89335,137,234,10297,
169.42269170953065,89335,136,235,10297,
169.42327272272345,89335,136,234,10298,
169.42770376761607,89335,136,233,10299,
169.42953921952045,89335,136,232,10300,
169.43104939511994,89334,137,232,10300,
169.43710745241447,89334,137,231,10301,
169.46313328979426,89333,138,231,10301,
169.46527701959,89333,138,230,10302,
169.4659587516154,89333,137,231,10302,
169.49190541865806,89332,138,231,10302,
169.499036264173,89332,138,230,10303,
169.51651999722634,89332,137,231,10303,
169.5238275837786,89332,136,232,10303,
169.55031819634,89331,137,232,10303,
169.57343503737857,89331,137,231,10304,
169.60912509649324,89331,136,232,10304,
169.61178978637386,89330,137,232,10304,
169.61824112069354,89330,137,231,10305,
169.62404560565065,89329,138,231,10305,
169.62742943402716,89329,138,230,10306,
169.64983234149665,89329,138,229,10307,
169.66648394942433,89329,137,230,10307,
169.67260474359114,89328,138,230,10307,
169.69139901550398,89328,138,229,10308,
169.69976950057028,89328,137,230,10308,
169.715005181766,89328,137,229,10309,
169.76036865613867,89328,136,230,10309,
169.76632378951965,89328,135,231,10309,
169.76640379365605,89327,136,231,10309,
169.7925959972983,89327,135,232,10309,
169.79706289973916,89326,136,232,10309,
169.80275718636005,89326,135,233,10309,
169.8198029924702,89326,135,232,10310,
169.820511254151,89325,136,232,10310,
169.8252792170419,89324,137,232,10310,
169.84318993456057,89324,137,231,10311,
169.84715411530516,89323,138,231,10311,
169.85008172605768,89322,139,231,10311,
169.86474588125736,89322,138,232,10311,
169.88439385657273,89322,137,233,10311,
169.91162392776323,89322,137,232,10312,
169.91325077446857,89321,138,232,10312,
169.92609095738516,89320,139,232,10312,
169.92629492644446,89320,138,233,10312,
169.93021009927014,89319,139,233,10312,
169.9565135211408,89319,139,232,10313,
169.96765652734678,89318,140,232,10313,
169.97756240472935,89317,141,232,10313,
169.9902517414236,89317,141,231,10314,
170.00511607620473,89316,142,231,10314,
170.00909656699287,89315,143,231,10314,
170.01539784758523,89314,144,231,10314,
170.01576559217546,89314,144,230,10315,
170.03381786201044,89314,143,231,10315,
170.04340522238,89313,144,231,10315,
170.05403108922962,89313,143,232,10315,
170.07063889017567,89313,143,231,10316,
170.07305435804847,89313,142,232,10316,
170.0838778613645,89313,142,231,10317,
170.09523689558551,89313,141,232,10317,
170.09915691495507,89313,140,233,10317,
170.10818769977882,89313,139,234,10317,
170.11533326937936,89313,138,235,10317,
170.11892152704044,89313,137,236,10317,
170.1215075762883,89313,137,235,10318,
170.14092822483065,89312,138,235,10318,
170.14756047596381,89312,137,236,10318,
170.175425348675,89312,137,235,10319,
170.1787201340248,89312,136,236,10319,
170.1912595203876,89311,137,236,10319,
170.19457200200833,89311,137,235,10320,
170.24373488153134,89311,137,234,10321,
170.25150111877255,89310,138,234,10321,
170.2524808920895,89309,139,234,10321,
170.25303440966758,89309,139,233,10322,
170.25878690794167,89309,138,234,10322,
170.2604440413794,89309,138,233,10323,
170.27004608042427,89308,139,233,10323,
170.29133539825568,89308,138,234,10323,
170.29807527702027,89308,137,235,10323,
170.30012238438505,89308,137,234,10324,
170.32169630723808,89308,136,235,10324,
170.3460208687466,89308,135,236,10324,
170.3465101790667,89308,135,235,10325,
170.35722639610287,89308,135,234,10326,
170.3698849744809,89307,136,234,10326,
170.38823366892578,89307,135,235,10326,
170.43623180147833,89306,136,235,10326,
170.444084061515,89306,136,234,10327,
170.44854615550435,89305,137,234,10327,
170.46702146932506,89304,138,234,10327,
170.47199842319296,89304,137,235,10327,
170.47947808821306,89304,136,236,10327,
170.48082780067654,89304,136,235,10328,
170.4989589324133,89304,136,234,10329,
170.53955568895378,89303,137,234,10329,
170.5414287679859,89302,138,234,10329,
170.54905789815865,89302,138,233,10330,
170.55195665265848,89302,138,232,10331,
170.57368130211125,89301,139,232,10331,
170.62154132849633,89301,138,233,10331,
170.6564128767324,89301,137,234,10331,
170.72623628422411,89301,137,233,10332,
170.73647306448134,89301,137,232,10333,
170.7396982045604,89300,138,232,10333,
170.75050057370277,89299,139,232,10333,
170.75326636179628,89298,140,232,10333,
170.75428227072777,89297,141,232,10333,
170.77775734283364,89297,141,231,10334,
170.78386019009523,89297,140,232,10334,
170.79432014118277,89296,141,232,10334,
170.81929885583568,89295,142,232,10334,
170.8218065451766,89294,143,232,10334,
170.8281057652879,89294,142,233,10334,
170.8519625134061,89294,141,234,10334,
170.86148482180607,89294,140,235,10334,
170.8639388227628,89293,141,235,10334,
170.86406597144304,89292,142,235,10334,
170.86564498311816,89292,141,236,10334,
170.88342932129243,89291,142,236,10334,
170.91853568553927,89291,141,237,10334,
170.94284103009733,89291,141,236,10335,
170.95078844199205,89291,140,237,10335,
170.97376568342895,89291,140,236,10336,
170.99853460869826,89290,141,236,10336,
171.00464165928992,89290,140,237,10336,
171.01368051280815,89290,139,238,10336,
171.0214101309674,89290,138,239,10336,
171.03923941649768,89290,138,238,10337,
171.05498486594956,89289,139,238,10337,
171.0759000298945,89288,140,238,10337,
171.08715019335582,89288,139,239,10337,
171.09768657698106,89287,140,239,10337,
171.1082290635007,89286,141,239,10337,
171.10968586139518,89286,140,240,10337,
171.11008632675748,89286,140,239,10338,
171.11633954309085,89286,140,238,10339,
171.12078053390297,89286,139,239,10339,
171.15365424200263,89286,138,240,10339,
171.15885922908402,89286,138,239,10340,
171.1709615460037,89286,138,238,10341,
171.17885107717765,89285,139,238,10341,
171.18234114769592,89285,139,237,10342,
171.21298738519744,89284,140,237,10342,
171.22929750418461,89283,141,237,10342,
171.22934332678852,89283,140,238,10342,
171.25949675536,89283,139,239,10342,
171.26020911745852,89283,138,240,10342,
171.2786785470705,89282,139,240,10342,
171.28299277529203,89282,139,239,10343,
171.36595088796798,89282,139,238,10344,
171.38547361548692,89281,140,238,10344,
171.3949815845065,89281,140,237,10345,
171.39804587418024,89281,140,236,10346,
171.39827902544434,89281,139,237,10346,
171.40195948226855,89281,139,236,10347,
171.40764179042384,89280,140,236,10347,
171.41442794518267,89280,140,235,10348,
171.43393997171012,89279,141,235,10348,
171.43829431174225,89279,141,234,10349,
171.4619469589571,89279,141,233,10350,
171.46315322732517,89279,141,232,10351,
171.46705506798537,89279,141,231,10352,
171.47716597961937,89279,140,232,10352,
171.479480892967,89279,139,233,10352,
171.50236016014946,89278,140,233,10352,
171.5041248018117,89277,141,233,10352,
171.5174865236052,89277,141,232,10353,
171.52199230516862,89277,140,233,10353,
171.52295970487654,89277,140,232,10354,
171.52767160632902,89276,141,232,10354,
171.53526506373316,89276,140,233,10354,
171.55412559136022,89276,139,234,10354,
171.55540604530614,89275,140,234,10354,
171.56309530436408,89275,140,233,10355,
171.56609307354603,89275,139,234,10355,
171.57225201018565,89275,138,235,10355,
171.59052711863228,89275,138,234,10356,
171.60052530333692,89274,139,234,10356,
171.60338689268121,89274,138,235,10356,
171.60642195828692,89274,137,236,10356,
171.61869228750516,89274,136,237,10356,
171.62568432848997,89274,136,236,10357,
171.62989479640763,89274,136,235,10358,
171.63470328955225,89273,137,235,10358,
171.64214253232186,89273,137,234,10359,
171.6619600638027,89273,137,233,10360,
171.67906832194922,89272,138,233,10360,
171.73089187004894,89272,137,234,10360,
171.75816050045094,89271,138,234,10360,
171.7664955413582,89270,139,234,10360,
171.77322854581337,89269,140,234,10360,
171.7945814781346,89269,140,233,10361,
171.7987842398932,89269,139,234,10361,
171.81430172108531,89268,140,234,10361,
171.81912299107196,89268,140,233,10362,
171.83884158768683,89268,139,234,10362,
171.84250564347195,89268,138,235,10362,
171.85847814435084,89268,138,234,10363,
171.86270459610375,89267,139,234,10363,
171.8790558840085,89266,140,234,10363,
171.91453241246492,89266,140,233,10364,
171.9366987628418,89265,141,233,10364,
171.942540985987,89265,141,232,10365,
171.94486976853477,89265,141,231,10366,
171.96745655267316,89265,141,230,10367,
171.96893866177948,89265,140,231,10367,
171.97220872302054,89265,139,232,10367,
171.98075034115644,89264,140,232,10367,
171.98517002083398,89264,140,231,10368,
172.00186504035705,89264,139,232,10368,
172.00740510766553,89264,138,233,10368,
172.02198129529705,89264,138,232,10369,
172.0244050589684,89263,139,232,10369,
172.02516417732141,89262,140,232,10369,
172.0284232227826,89262,140,231,10370,
172.04934716127406,89262,140,230,10371,
172.05377289379936,89262,139,231,10371,
172.07960085345198,89262,138,232,10371,
172.10116088057683,89262,138,231,10372,
172.1038699402314,89262,137,232,10372,
172.10605613878104,89262,137,231,10373,
172.10735497021125,89261,138,231,10373,
172.1153597471454,89261,138,230,10374,
172.1251213683188,89261,137,231,10374,
172.1402852587617,89260,138,231,10374,
172.15362448239182,89260,137,232,10374,
172.17763889536184,89260,136,233,10374,
172.19194974823176,89259,137,233,10374,
172.19666637997636,89259,137,232,10375,
172.20327828158446,89258,138,232,10375,
172.20428673531524,89257,139,232,10375,
172.20998658047623,89257,138,233,10375,
172.2278831416823,89257,138,232,10376,
172.23690956738318,89257,138,231,10377,
172.27906525472287,89257,137,232,10377,
172.28779851800635,89256,138,232,10377,
172.28920544270113,89256,137,233,10377,
172.30817780664597,89256,136,234,10377,
172.32164768420887,89256,136,233,10378,
172.37337011849638,89256,136,232,10379,
172.39000480000027,89256,136,231,10380,
172.4053067984042,89255,137,231,10380,
172.4065666450199,89254,138,231,10380,
172.4200995415528,89254,137,232,10380,
172.42096555272556,89253,138,232,10380,
172.4374765624255,89253,137,233,10380,
172.4460961278505,89253,136,234,10380,
172.46930732688583,89253,135,235,10380,
172.47360067447522,89253,134,236,10380,
172.47526292656136,89253,134,235,10381,
172.47556398620682,89253,133,236,10381,
172.49334559464134,89253,133,235,10382,
172.49350098235772,89253,132,236,10382,
172.5093379291977,89253,132,235,10383,
172.51524818593964,89253,131,236,10383,
172.53759350004827,89253,130,237,10383,
172.54669712082267,89253,130,236,10384,
172.55052150525282,89253,130,235,10385,
172.55249372092635,89253,130,234,10386,
172.56623576493809,89253,130,233,10387,
172.5753521166529,89253,129,234,10387,
172.57544713174002,89253,129,233,10388,
172.60413158779528,89253,129,232,10389,
172.66878944669259,89253,129,231,10390,
172.69962811214435,89253,128,232,10390,
172.7131921739918,89252,129,232,10390,
172.71625494773448,89251,130,232,10390,
172.71864551130733,89251,130,231,10391,
172.73161550643994,89250,131,231,10391,
172.73804975403303,89249,132,231,10391,
172.75524182475814,89248,133,231,10391,
172.76705763190535,89248,133,230,10392,
172.76777611320313,89248,132,231,10392,
172.7733753774543,89247,133,231,10392,
172.7953620180038,89246,134,231,10392,
172.802221414372,89246,133,232,10392,
172.80931323389652,89246,133,231,10393,
172.83087153460505,89246,133,230,10394,
172.90030876794359,89246,132,231,10394,
172.9129095463528,89245,133,231,10394,
172.9201600588695,89245,132,232,10394,
172.92047426503066,89245,131,233,10394,
172.922944240944,89245,131,232,10395,
172.93126891664846,89245,130,233,10395,
172.93158644291745,89245,129,234,10395,
172.9333543772183,89244,130,234,10395,
172.93710593981,89244,130,233,10396,
172.94209442157938,89243,131,233,10396,
172.9458686494903,89242,132,233,10396,
172.9528391546545,89242,131,234,10396,
172.95374133370584,89242,131,233,10397,
172.9575907344246,89241,132,233,10397,
172.99480507767038,89241,132,232,10398,
173.02693831111043,89241,132,231,10399,
173.03280560886844,89241,131,232,10399,
173.04925299855904,89240,132,232,10399,
173.0645399616602,89239,133,232,10399,
173.09474575375657,89238,134,232,10399,
173.09684403598612,89238,134,231,10400,
173.1039124977607,89238,133,232,10400,
173.10806054514396,89238,133,231,10401,
173.115830414038,89238,132,232,10401,
173.124427815524,89238,132,231,10402,
173.13319642047395,89238,132,230,10403,
173.14313078350958,89237,133,230,10403,
173.14693206373332,89237,132,231,10403,
173.15462166482646,89237,131,232,10403,
173.17514731630473,89236,132,232,10403,
173.1753217290438,89236,132,231,10404,
173.18130694658677,89235,133,231,10404,
173.18281702042339,89235,133,230,10405,
173.19292156309004,89235,132,231,10405,
173.1969796983634,89235,131,232,10405,
173.2186671954219,89234,132,232,10405,
173.23195111692615,89233,133,232,10405,
173.23938204345328,89233,132,233,10405,
173.25081009946925,89232,133,233,10405,
173.2617181483619,89232,132,234,10405,
173.26350775967666,89231,133,234,10405,
173.29023034991758,89230,134,234,10405,
173.29615633818761,89230,134,233,10406,
173.31205441238538,89230,133,234,10406,
173.3275255447257,89229,134,234,10406,
173.3369068428978,89229,133,235,10406,
173.36483465232126,89228,134,235,10406,
173.36795604142205,89227,135,235,10406,
173.38291251611935,89227,135,234,10407,
173.39638570030763,89226,136,234,10407,
173.41056850584374,89226,136,233,10408,
173.41518441461983,89226,136,232,10409,
173.4341115409332,89225,137,232,10409,
173.43603577368117,89224,138,232,10409,
173.43937789438468,89224,137,233,10409,
173.44734098861161,89224,137,232,10410,
173.45129502163672,89224,136,233,10410,
173.4555189858075,89223,137,233,10410,
173.46038905419863,89223,136,234,10410,
173.46324970607398,89223,136,233,10411,
173.47108355795797,89223,135,234,10411,
173.4727236087095,89223,135,233,10412,
173.4742963620222,89222,136,233,10412,
173.4857947378126,89221,137,233,10412,
173.49411612322422,89221,136,234,10412,
173.49704565969296,89220,137,234,10412,
173.5106860329144,89219,138,234,10412,
173.52526102353738,89218,139,234,10412,
173.53645736526485,89218,139,233,10413,
173.56786200057928,89218,138,234,10413,
173.59204078812033,89218,138,233,10414,
173.59327587508523,89217,139,233,10414,
173.64749915259011,89217,138,234,10414,
173.65561387161995,89217,138,233,10415,
173.6556348827944,89216,139,233,10415,
173.6723885976068,89216,139,232,10416,
173.67530381107818,89215,140,232,10416,
173.6944741341962,89214,141,232,10416,
173.69947899947556,89214,140,233,10416,
173.71265551735098,89214,140,232,10417,
173.72294250219034,89213,141,232,10417,
173.73095724594023,89212,142,232,10417,
173.7386571798628,89212,142,231,10418,
173.74771152324072,89212,141,232,10418,
173.7501376071116,89211,142,232,10418,
173.75544698448977,89211,142,231,10419,
173.78258259512174,89210,143,231,10419,
173.8029616427821,89210,143,230,10420,
173.80892144179933,89210,142,231,10420,
173.8298847968589,89210,141,232,10420,
173.8381905670438,89210,141,231,10421,
173.85778174699237,89210,140,232,10421,
173.8883541679736,89210,139,233,10421,
173.93629168673607,89210,138,234,10421,
173.9390745400072,89210,137,235,10421,
173.97594924343525,89210,136,236,10421,
173.98175888761043,89210,136,235,10422,
174.00218493721485,89210,135,236,10422,
174.00539025848562,89210,135,235,10423,
174.02278006188754,89210,134,236,10423,
174.0557061182016,89209,135,236,10423,
174.05910287523932,89208,136,236,10423,
174.08782799330075,89208,136,235,10424,
174.10411377083972,89207,137,235,10424,
174.12491275730991,89206,138,235,10424,
174.1281333930202,89206,137,236,10424,
174.14222626599934,89206,136,237,10424,
174.1550615186713,89206,136,236,10425,
174.15979704070566,89205,137,236,10425,
174.17395786255432,89205,137,235,10426,
174.17530707467967,89205,136,236,10426,
174.1880887905994,89205,135,237,10426,
174.1959420443156,89205,134,238,10426,
174.20876331895315,89205,134,237,10427,
174.2097742446654,89204,135,237,10427,
174.21688807670475,89204,135,236,10428,
174.22178635776146,89204,135,235,10429,
174.22205076557867,89204,134,236,10429,
174.23059847293158,89204,133,237,10429,
174.2313536118579,89204,133,236,10430,
174.23178918182953,89204,133,235,10431,
174.23277289534613,89204,133,234,10432,
174.23390116846846,89203,134,234,10432,
174.25208155666562,89203,133,235,10432,
174.2651635839773,89203,132,236,10432,
174.2710976024515,89202,133,236,10432,
174.31462714497394,89202,133,235,10433,
174.32918898419555,89202,133,234,10434,
174.33813715073563,89202,132,235,10434,
174.35183609075528,89201,133,235,10434,
174.3526956193124,89201,133,234,10435,
174.37168745335805,89201,133,233,10436,
174.38190746763792,89201,133,232,10437,
174.38321412182867,89200,134,232,10437,
174.39894858689524,89200,134,231,10438,
174.41142207596857,89200,134,230,10439,
174.49076147083835,89200,133,231,10439,
174.50949679740776,89199,134,231,10439,
174.51135852020974,89199,134,230,10440,
174.52455954052658,89198,135,230,10440,
174.52792357031723,89198,135,229,10441,
174.5474058732177,89197,136,229,10441,
174.55878226575024,89196,137,229,10441,
174.57865393005795,89196,136,230,10441,
174.5984471298092,89195,137,230,10441,
174.59863015050053,89194,138,230,10441,
174.59914983189827,89193,139,230,10441,
174.60212824819502,89193,139,229,10442,
174.63184092950377,89193,138,230,10442,
174.6438084400973,89192,139,230,10442,
174.65503905110305,89191,140,230,10442,
174.66143475559625,89190,141,230,10442,
174.6942850900098,89190,141,229,10443,
174.6975393708971,89190,141,228,10444,
174.70032554779044,89190,141,227,10445,
174.70810005280657,89189,142,227,10445,
174.73058329339133,89189,142,226,10446,
174.74336917078455,89189,142,225,10447,
174.75365598208614,89189,141,226,10447,
174.77593209590626,89189,141,225,10448,
174.79478309237533,89189,140,226,10448,
174.79659007805574,89189,139,227,10448,
174.80086763482674,89188,140,227,10448,
174.80157413565362,89187,141,227,10448,
174.81339558692844,89187,141,226,10449,
174.8220201419282,89186,142,226,10449,
174.82280081710485,89186,141,227,10449,
174.82934728533877,89186,141,226,10450,
174.83079915757338,89186,140,227,10450,
174.8349447674637,89186,139,228,10450,
174.84434765948757,89186,139,227,10451,
174.8497329674676,89186,138,228,10451,
174.8615446915132,89186,138,227,10452,
174.86840482895363,89186,137,228,10452,
174.8832685261042,89186,137,227,10453,
174.89217226526148,89185,138,227,10453,
174.8967390508428,89185,138,226,10454,
174.91009460748222,89185,138,225,10455,
174.91535250003625,89185,138,224,10456,
174.93192100780124,89184,139,224,10456,
174.95153228308456,89183,140,224,10456,
174.95431933618832,89182,141,224,10456,
174.97055226985034,89182,140,225,10456,
174.9731566046789,89182,140,224,10457,
174.9739007281489,89182,139,225,10457,
174.99699231544275,89182,138,226,10457,
175.00114958294884,89182,138,225,10458,
175.01029750873926,89182,137,226,10458,
175.02395741175724,89181,138,226,10458,
175.0248806542852,89180,139,226,10458,
175.02965500476762,89179,140,226,10458,
175.04159665706678,89178,141,226,10458,
175.0637015415241,89177,142,226,10458,
175.07896315692693,89177,141,227,10458,
175.1109345695902,89176,142,227,10458,
175.12154211789783,89176,142,226,10459,
175.16082959615773,89176,142,225,10460,
175.2004555206017,89176,142,224,10461,
175.20118189367008,89176,142,223,10462,
175.273541017146,89175,143,223,10462,
175.30269844716986,89175,142,224,10462,
175.34500454058116,89175,142,223,10463,
175.34904544245873,89174,143,223,10463,
175.35178143145444,89174,142,224,10463,
175.35525604143317,89173,143,224,10463,
175.37531140185857,89173,143,223,10464,
175.37942010827527,89172,144,223,10464,
175.41149710192016,89171,145,223,10464,
175.41264513620658,89171,145,222,10465,
175.42241588128928,89171,145,221,10466,
175.42682018203348,89171,145,220,10467,
175.45558498612596,89171,145,219,10468,
175.47178400914257,89170,146,219,10468,
175.48506664833548,89169,147,219,10468,
175.48506664833548,89169,147,219,10468,
175.49055816465733,89169,146,220,10468,
175.51400162049205,89169,146,219,10469,
175.5187938634318,89168,147,219,10469,
175.52669489590426,89168,146,220,10469,
175.53023038006594,89167,147,220,10469,
175.53346509409948,89167,147,219,10470,
175.53456732216358,89167,146,220,10470,
175.5360688746936,89166,147,220,10470,
175.58532169369303,89166,146,221,10470,
175.6143218860861,89166,146,220,10471,
175.62158177194894,89165,147,220,10471,
175.62676216153423,89165,146,221,10471,
175.6528231419953,89164,147,221,10471,
175.66835508304803,89163,148,221,10471,
175.67129251813253,89162,149,221,10471,
175.6910974784447,89162,149,220,10472,
175.69148055704247,89161,150,220,10472,
175.6949938086535,89161,150,219,10473,
175.70686988979654,89161,150,218,10474,
175.7122257644029,89161,149,219,10474,
175.7127259779831,89161,148,220,10474,
175.73167285916088,89161,147,221,10474,
175.73588744802822,89161,147,220,10475,
175.748785054965,89160,148,220,10475,
175.76120432618833,89160,148,219,10476,
175.7915083470295,89160,148,218,10477,
175.79365156331787,89160,147,219,10477,
175.7983471732532,89160,146,220,10477,
175.80749179954213,89159,147,220,10477,
175.8100857326936,89158,148,220,10477,
175.81795491967495,89157,149,220,10477,
175.8446027768513,89157,148,221,10477,
175.84772959699865,89156,149,221,10477,
175.8532020362041,89155,150,221,10477,
175.87714540124375,89154,151,221,10477,
175.8999865390812,89153,152,221,10477,
175.90288840768972,89153,151,222,10477,
175.9071425348059,89153,151,221,10478,
175.9132290416432,89153,151,220,10479,
175.91587603251656,89152,152,220,10479,
175.9162153484794,89151,153,220,10479,
175.92263325676097,89150,154,220,10479,
175.92674963585273,89149,155,220,10479,
175.93474639202316,89148,156,220,10479,
175.9356925574152,89147,157,220,10479,
175.9375650275599,89146,158,220,10479,
175.96047030002637,89146,157,221,10479,
175.97367450681787,89146,157,220,10480,
175.97747096878436,89146,156,221,10480,
175.9859333342991,89146,155,222,10480,
175.98730758893666,89145,156,222,10480,
176.00640193044683,89145,156,221,10481,
176.0186009527228,89144,157,221,10481,
176.02033288977893,89143,158,221,10481,
176.02870424980054,89142,159,221,10481,
176.0349358975422,89142,158,222,10481,
176.04334840796912,89142,157,223,10481,
176.06659622577914,89142,157,222,10482,
176.09414211627495,89142,156,223,10482,
176.09417325828565,89142,155,224,10482,
176.1274213993584,89142,155,223,10483,
176.13134918680257,89141,156,223,10483,
176.13217558094706,89141,156,222,10484,
176.1391484410285,89141,156,221,10485,
176.18812427537813,89140,157,221,10485,
176.21049833672657,89140,156,222,10485,
176.21231849694013,89139,157,222,10485,
176.242337982722,89139,157,221,10486,
176.2555577476173,89139,157,220,10487,
176.33639903633818,89139,156,221,10487,
176.34161837601707,89138,157,221,10487,
176.34260429906567,89137,158,221,10487,
176.34546280046425,89136,159,221,10487,
176.35061529825185,89136,159,220,10488,
176.35121264146792,89136,159,219,10489,
176.36774677453266,89135,160,219,10489,
176.3682214647186,89134,161,219,10489,
176.37804828333537,89133,162,219,10489,
176.39452171250872,89133,162,218,10490,
176.39679777279952,89133,162,217,10491,
176.3999019125509,89133,161,218,10491,
176.4034999273502,89132,162,218,10491,
176.40814604601468,89131,163,218,10491,
176.4101172081501,89131,162,219,10491,
176.41661392191747,89131,162,218,10492,
176.45017499995248,89130,163,218,10492,
176.4589745135044,89130,163,217,10493,
176.46581158008547,89129,164,217,10493,
176.48255470508786,89128,165,217,10493,
176.56586028719425,89127,166,217,10493,
176.56703201538593,89127,165,218,10493,
176.5768210572497,89127,164,219,10493,
176.58345557040585,89127,163,220,10493,
176.5839053744486,89126,164,220,10493,
176.58554334206212,89126,163,221,10493,
176.58985658840015,89126,163,220,10494,
176.6349919391184,89125,164,220,10494,
176.6455642356491,89124,165,220,10494,
176.64626427807457,89123,166,220,10494,
176.6607004709828,89123,166,219,10495,
176.66528856677576,89123,165,220,10495,
176.6661905843346,89123,164,221,10495,
176.68070581330096,89123,164,220,10496,
176.68159797872858,89123,164,219,10497,
176.6929966887921,89123,164,218,10498,
176.70809759149677,89123,164,217,10499,
176.74681010508928,89123,163,218,10499,
176.79102969071351,89122,164,218,10499,
176.79990851632377,89122,164,217,10500,
176.8058347521387,89122,163,218,10500,
176.81788416988343,89122,162,219,10500,
176.83034536901394,89122,162,218,10501,
176.8308799776977,89121,163,218,10501,
176.839251039241,89120,164,218,10501,
176.8407952484937,89119,165,218,10501,
176.8418114748456,89119,164,219,10501,
176.85566026689904,89119,163,220,10501,
176.8646718905211,89119,162,221,10501,
176.89702948922056,89118,163,221,10501,
176.90119937030832,89118,163,220,10502,
176.90466507303506,89118,162,221,10502,
176.91158291147315,89118,162,220,10503,
176.91234561172294,89118,161,221,10503,
176.91709164014685,89118,161,220,10504,
176.9175791861653,89117,162,220,10504,
176.91834059014997,89116,163,220,10504,
176.9186072363032,89116,163,219,10505,
176.9348985608136,89115,164,219,10505,
176.9438276954673,89115,163,220,10505,
176.9896014124331,89114,164,220,10505,
176.99270683669076,89113,165,220,10505,
176.99749461353727,89113,165,219,10506,
177.01279301197732,89112,166,219,10506,
177.0148890193509,89111,167,219,10506,
177.01942739365333,89110,168,219,10506,
177.0364280781888,89109,169,219,10506,
177.04093863379745,89109,169,218,10507,
177.04569500927215,89109,169,217,10508,
177.06501904627405,89108,170,217,10508,
177.07682701085676,89108,170,216,10509,
177.07963739046465,89108,170,215,10510,
177.09497665085482,89108,170,214,10511,
177.09860154581182,89107,171,214,10511,
177.1070361082771,89106,172,214,10511,
177.12508799697133,89105,173,214,10511,
177.1425135775053,89105,173,213,10512,
177.15572652669286,89105,173,212,10513,
177.1637738542625,89104,174,212,10513,
177.1650100137725,89104,173,213,10513,
177.1661309664406,89103,174,213,10513,
177.1817064367927,89102,175,213,10513,
177.18212497425407,89101,176,213,10513,
177.1978098182993,89100,177,213,10513,
177.20812850204004,89099,178,213,10513,
177.22643448767354,89099,177,214,10513,
177.2275190420793,89099,177,213,10514,
177.27085977750522,89099,177,212,10515,
177.27653263476174,89099,176,213,10515,
177.2910694599965,89099,176,212,10516,
177.29395511649506,89099,176,211,10517,
177.31238765278795,89098,177,211,10517,
177.34305838142663,89098,177,210,10518,
177.3487858841628,89098,177,209,10519,
177.35331265268692,89098,177,208,10520,
177.36818975773244,89098,176,209,10520,
177.41979249384673,89097,177,209,10520,
177.4219423504601,89097,177,208,10521,
177.4275298787694,89097,177,207,10522,
177.43450126894808,89096,178,207,10522,
177.43997937915572,89096,177,208,10522,
177.44567039999305,89096,177,207,10523,
177.4479076923022,89096,176,208,10523,
177.450551552584,89096,176,207,10524,
177.47501146162497,89096,176,206,10525,
177.48698250852243,89096,176,205,10526,
177.48770629602086,89095,177,205,10526,
177.48824119991957,89095,176,206,10526,
177.49720014290256,89095,175,207,10526,
177.5072473328533,89095,174,208,10526,
177.5073526666395,89095,173,209,10526,
177.5195716142794,89094,174,209,10526,
177.52463570601077,89093,175,209,10526,
177.52523961800463,89092,176,209,10526,
177.5345333505442,89092,175,210,10526,
177.55555176139487,89092,175,209,10527,
177.5563590100689,89092,174,210,10527,
177.55704543578966,89091,175,210,10527,
177.57137270472882,89091,174,211,10527,
177.61572969094894,89091,174,210,10528,
177.63762683301007,89091,174,209,10529,
177.64123238922573,89090,175,209,10529,
177.6530322932568,89089,176,209,10529,
177.70484742285797,89089,176,208,10530,
177.72861132959292,89089,176,207,10531,
177.73038840389918,89089,176,206,10532,
177.73608473550732,89088,177,206,10532,
177.74820056550948,89088,176,207,10532,
177.7535452840368,89088,175,208,10532,
177.76065883166777,89087,176,208,10532,
177.76550771013615,89086,177,208,10532,
177.76861159132795,89086,177,207,10533,
177.80622058257927,89086,177,206,10534,
177.80817933424132,89086,176,207,10534,
177.81020515787355,89085,177,207,10534,
177.82830493291146,89084,178,207,10534,
177.83238901395487,89084,178,206,10535,
177.84880092191733,89084,178,205,10536,
177.85264940712761,89083,179,205,10536,
177.88033119720532,89083,179,204,10537,
177.88381856299358,89082,180,204,10537,
177.89159665389963,89081,181,204,10537,
177.9013630861845,89081,180,205,10537,
177.93982160292137,89080,181,205,10537,
177.9422810133782,89079,182,205,10537,
177.95762651431127,89079,181,206,10537,
177.97812886124257,89078,182,206,10537,
177.98269729922757,89078,181,207,10537,
177.99016800485458,89077,182,207,10537,
177.99979319574413,89077,182,206,10538,
178.0039616867798,89077,181,207,10538,
178.01915888052406,89077,181,206,10539,
178.02084533607524,89077,181,205,10540,
178.02673500014174,89077,180,206,10540,
178.02896097613765,89076,181,206,10540,
178.03656239052356,89075,182,206,10540,
178.06349923234637,89074,183,206,10540,
178.07081394147707,89073,184,206,10540,
178.07208585061989,89073,184,205,10541,
178.07601952917295,89072,185,205,10541,
178.07687105667665,89072,185,204,10542,
178.10405938136137,89072,184,205,10542,
178.1065124511268,89071,185,205,10542,
178.13142487220924,89071,184,206,10542,
178.13261980240537,89071,183,207,10542,
178.14282541047413,89070,184,207,10542,
178.16142009524174,89070,184,206,10543,
178.17156632358504,89070,183,207,10543,
178.17863917865589,89070,183,206,10544,
178.18386058185231,89070,182,207,10544,
178.20508023906547,89070,181,208,10544,
178.21513139663907,89069,182,208,10544,
178.2204005476058,89068,183,208,10544,
178.22548334974744,89068,182,209,10544,
178.23218724082085,89067,183,209,10544,
178.26010328600725,89067,182,210,10544,
178.27891975010215,89066,183,210,10544,
178.28396475025116,89065,184,210,10544,
178.29108878395212,89065,183,211,10544,
178.3231488594731,89065,182,212,10544,
178.32990463469915,89065,181,213,10544,
178.330408115228,89065,180,214,10544,
178.34162098121098,89065,180,213,10545,
178.35370542121353,89065,179,214,10545,
178.3583518098253,89065,178,215,10545,
178.36476855574898,89065,177,216,10545,
178.37686665699465,89064,178,216,10545,
178.38145073117505,89064,178,215,10546,
178.39292845719874,89063,179,215,10546,
178.39347632546853,89063,179,214,10547,
178.40359541311008,89063,178,215,10547,
178.40946460109578,89062,179,215,10547,
178.4149183873384,89062,178,216,10547,
178.41640025431892,89062,177,217,10547,
178.41931658914413,89062,176,218,10547,
178.4252030395886,89062,176,217,10548,
178.4315403687255,89061,177,217,10548,
178.45480355529887,89061,176,218,10548,
178.46255712533764,89061,175,219,10548,
178.46284130141007,89061,174,220,10548,
178.46508609694263,89061,174,219,10549,
178.48068297946242,89061,173,220,10549,
178.50873595486993,89060,174,220,10549,
178.5427277955766,89060,173,221,10549,
178.553132569719,89060,172,222,10549,
178.55650490175154,89059,173,222,10549,
178.57162222859515,89059,173,221,10550,
178.57239113681086,89059,172,222,10550,
178.57646854561114,89059,172,221,10551,
178.5847890806877,89059,172,220,10552,
178.58948390425698,89058,173,220,10552,
178.61217260313924,89058,172,221,10552,
178.6194600830924,89058,172,220,10553,
178.6381407077838,89058,171,221,10553,
178.66805709985573,89057,172,221,10553,
178.68620304412084,89056,173,221,10553,
178.68944949743218,89055,174,221,10553,
178.6920081601893,89055,173,222,10553,
178.71114252740992,89055,172,223,10553,
178.71388056392865,89055,172,222,10554,
178.72341698326665,89055,171,223,10554,
178.72520406098772,89055,171,222,10555,
178.73984386934885,89054,172,222,10555,
178.74090940353653,89053,173,222,10555,
178.7435795607237,89053,173,221,10556,
178.74959725514452,89052,174,221,10556,
178.77236660719453,89052,174,220,10557,
178.80284420292278,89051,175,220,10557,
178.8079588673227,89051,174,221,10557,
178.81069936377392,89051,173,222,10557,
178.81496605113333,89051,172,223,10557,
178.8331503672958,89051,171,224,10557,
178.856379820313,89051,170,225,10557,
178.8845977559547,89051,169,226,10557,
178.8870548354309,89050,170,226,10557,
178.8881442691064,89050,170,225,10558,
178.9248620798873,89049,171,225,10558,
178.92518363510834,89048,172,225,10558,
178.92739146780687,89047,173,225,10558,
178.94647003888778,89046,174,225,10558,
178.95461629513073,89046,173,226,10558,
178.96555288627601,89045,174,226,10558,
178.96678572654758,89045,173,227,10558,
178.9691083296507,89044,174,227,10558,
178.96913908411625,89043,175,227,10558,
178.99292967029163,89043,175,226,10559,
179.00823351046273,89042,176,226,10559,
179.0136633888488,89042,175,227,10559,
179.03324543035274,89042,174,228,10559,
179.04941866472177,89042,173,229,10559,
179.05654614315964,89041,174,229,10559,
179.0583335648831,89040,175,229,10559,
179.06781244686047,89040,174,230,10559,
179.08588922344498,89039,175,230,10559,
179.10029426161532,89039,175,229,10560,
179.10639465185986,89038,176,229,10560,
179.13291362434356,89038,176,228,10561,
179.13357894091905,89038,175,229,10561,
179.13567018289268,89037,176,229,10561,
179.13623509324327,89036,177,229,10561,
179.14403531461343,89035,178,229,10561,
179.14866674500405,89034,179,229,10561,
179.15870477828898,89033,180,229,10561,
179.16214784334852,89032,181,229,10561,
179.17803112123525,89031,182,229,10561,
179.1824852400511,89031,182,228,10562,
179.18302783727185,89031,181,229,10562,
179.1976203899423,89030,182,229,10562,
179.21762378716397,89029,183,229,10562,
179.220604753545,89029,183,228,10563,
179.22181771435456,89029,183,227,10564,
179.2241216518515,89028,184,227,10564,
179.22993955969682,89028,184,226,10565,
179.23428774003847,89027,185,226,10565,
179.2413997800941,89026,186,226,10565,
179.25914334362034,89026,186,225,10566,
179.27093489704288,89026,186,224,10567,
179.2842487765016,89026,185,225,10567,
179.28949947963858,89025,186,225,10567,
179.30135055776205,89024,187,225,10567,
179.3053869461089,89024,186,226,10567,
179.31688311614246,89024,186,225,10568,
179.32557785720988,89024,185,226,10568,
179.32825517467825,89024,185,225,10569,
179.3336121804019,89023,186,225,10569,
179.34678965686854,89022,187,225,10569,
179.35719467538564,89021,188,225,10569,
179.3611965604692,89020,189,225,10569,
179.36589587125275,89020,188,226,10569,
179.371988926082,89020,187,227,10569,
179.37616337586925,89019,188,227,10569,
179.39492738869131,89018,189,227,10569,
179.40543249605082,89017,190,227,10569,
179.43351266067353,89016,191,227,10569,
179.44186759389396,89015,192,227,10569,
179.44868635696812,89015,192,226,10570,
179.4559163213353,89015,191,227,10570,
179.45861770961017,89015,191,226,10571,
179.47204219739274,89015,191,225,10572,
179.4729149406222,89015,190,226,10572,
179.47627502161745,89014,191,226,10572,
179.47634490915087,89013,192,226,10572,
179.48690023257853,89012,193,226,10572,
179.50163308341823,89012,192,227,10572,
179.50217885299276,89012,192,226,10573,
179.5051551663301,89012,191,227,10573,
179.50685144496248,89012,190,228,10573,
179.5158366492917,89011,191,228,10573,
179.52647558126858,89010,192,228,10573,
179.5272702490934,89009,193,228,10573,
179.5275978859148,89008,194,228,10573,
179.53694481544278,89008,193,229,10573,
179.55854213268262,89007,194,229,10573,
179.56814385725053,89007,193,230,10573,
179.57464707485846,89007,192,231,10573,
179.5867058583369,89007,191,232,10573,
179.58908200821722,89006,192,232,10573,
179.609674925212,89005,193,232,10573,
179.60980508828646,89005,193,231,10574,
179.62951270936796,89004,194,231,10574,
179.63189321002153,89004,193,232,10574,
179.6319817848829,89004,193,231,10575,
179.6473763816424,89004,193,230,10576,
179.64866233407523,89004,192,231,10576,
179.6626637436154,89004,191,232,10576,
179.66779178576843,89003,192,232,10576,
179.6708216624672,89003,191,233,10576,
179.67158469000074,89003,191,232,10577,
179.67915001375772,89003,191,231,10578,
179.6863724828422,89002,192,231,10578,
179.70076688541158,89002,191,232,10578,
179.70415205961766,89001,192,232,10578,
179.70471203586155,89001,191,233,10578,
179.70621006432913,89001,191,232,10579,
179.7166123299401,89000,192,232,10579,
179.7274476347324,88999,193,232,10579,
179.76708332796287,88999,192,233,10579,
179.77014400500244,88999,192,232,10580,
179.7847855419612,88998,193,232,10580,
179.78699337266448,88998,192,233,10580,
179.78870223453274,88998,191,234,10580,
179.79214500465326,88998,191,233,10581,
179.79999075119102,88997,192,233,10581,
179.80556002332685,88997,191,234,10581,
179.8056862064568,88996,192,234,10581,
179.81037094826124,88996,192,233,10582,
179.82188303983455,88996,192,232,10583,
179.8343674079404,88996,192,231,10584,
179.83678141349245,88995,193,231,10584,
179.85470572844514,88995,193,230,10585,
179.85669275501175,88994,194,230,10585,
179.86461258962757,88994,193,231,10585,
179.8851773240635,88994,192,232,10585,
179.88674509143522,88994,192,231,10586,
179.88863331661963,88994,192,230,10587,
179.92442563335268,88993,193,230,10587,
179.93255251893967,88993,192,231,10587,
179.93685668683406,88992,193,231,10587,
179.94505413003702,88991,194,231,10587,
179.94994608579108,88991,193,232,10587,
179.95663983167367,88991,193,231,10588,
179.96121268152402,88991,193,230,10589,
179.97859711074088,88991,193,229,10590,
179.9892958852611,88991,192,230,10590,
179.99422832701939,88991,191,231,10590,
180.01280043515183,88990,192,231,10590,
180.0155961608893,88990,192,230,10591,
180.0222560447317,88989,193,230,10591,
180.03250335460365,88989,192,231,10591,
180.03367754353073,88989,191,232,10591,
180.03756057770426,88989,190,233,10591,
180.0678558997869,88989,189,234,10591,
180.09825090387773,88989,188,235,10591,
180.1071897902146,88988,189,235,10591,
180.1243343410953,88988,189,234,10592,
180.1257311898447,88988,189,233,10593,
180.15324784090075,88987,190,233,10593,
180.1698648701655,88987,190,232,10594,
180.1889466424265,88986,191,232,10594,
180.215676657699,88986,191,231,10595,
180.24079045432492,88986,190,232,10595,
180.25943755045088,88986,189,233,10595,
180.26465402396937,88986,189,232,10596,
180.2688581778212,88985,190,232,10596,
180.27495124356093,88985,190,231,10597,
180.2776826915799,88984,191,231,10597,
180.27844665586468,88983,192,231,10597,
180.30278472479753,88983,192,230,10598,
180.313716715253,88982,193,230,10598,
180.31747665694624,88981,194,230,10598,
180.32623145648688,88981,194,229,10599,
180.3442869560523,88980,195,229,10599,
180.3590554039405,88979,196,229,10599,
180.36040561293436,88978,197,229,10599,
180.37751634634444,88978,196,230,10599,
180.37893159549006,88977,197,230,10599,
180.38152968637837,88976,198,230,10599,
180.3900062592879,88975,199,230,10599,
180.3980406500457,88974,200,230,10599,
180.3990654163301,88973,201,230,10599,
180.40012788375176,88973,200,231,10599,
180.41159251754962,88973,199,232,10599,
180.41258275055924,88973,199,231,10600,
180.42925391183206,88972,200,231,10600,
180.47172818091977,88972,199,232,10600,
180.4733380527095,88971,200,232,10600,
180.47725757446858,88971,199,233,10600,
180.48280426913254,88971,199,232,10601,
180.48932611675926,88971,198,233,10601,
180.49719497544086,88971,197,234,10601,
180.50269852373773,88970,198,234,10601,
180.51653783063128,88970,197,235,10601,
180.5246838216462,88969,198,235,10601,
180.52713153627968,88969,198,234,10602,
180.5340857438463,88969,197,235,10602,
180.53815993360774,88969,196,236,10602,
180.54000227999387,88969,196,235,10603,
180.562806096608,88969,195,236,10603,
180.5693164165049,88969,194,237,10603,
180.58255077293464,88969,194,236,10604,
180.5831881400868,88969,193,237,10604,
180.59602132582222,88968,194,237,10604,
180.61457525279397,88968,193,238,10604,
180.6146716214264,88968,192,239,10604,
180.6339785962439,88968,191,240,10604,
180.64693900263762,88968,190,241,10604,
180.65666454759756,88968,189,242,10604,
180.66013261520266,88968,189,241,10605,
180.66716430939854,88968,189,240,10606,
180.66970531741364,88968,189,239,10607,
180.69736568791413,88968,189,238,10608,
180.69919482213197,88967,190,238,10608,
180.70137973184518,88966,191,238,10608,
180.70398879077453,88965,192,238,10608,
180.7084686738644,88965,192,237,10609,
180.71047593837736,88965,191,238,10609,
180.72000847612475,88965,191,237,10610,
180.72211839389794,88965,191,236,10611,
180.7230811075867,88965,191,235,10612,
180.72374444587626,88965,190,236,10612,
180.7426935034916,88964,191,236,10612,
180.74471187246274,88963,192,236,10612,
180.7756428670147,88962,193,236,10612,
180.7865694097039,88961,194,236,10612,
180.79672051225361,88960,195,236,10612,
180.81027402142078,88960,195,235,10613,
180.81287828154382,88960,195,234,10614,
180.83381645475228,88960,194,235,10614,
180.84843981112513,88959,195,235,10614,
180.85035132919214,88959,194,236,10614,
180.8526452853357,88959,193,237,10614,
180.8596128221439,88959,192,238,10614,
180.86265448711927,88959,191,239,10614,
180.88318775846787,88959,190,240,10614,
180.88593433080337,88958,191,240,10614,
180.88825541709554,88957,192,240,10614,
180.90491218576207,88956,193,240,10614,
180.91670641581436,88956,193,239,10615,
180.91835764448103,88955,194,239,10615,
180.92199676926967,88954,195,239,10615,
180.93202780673823,88954,195,238,10616,
180.94164262599813,88953,196,238,10616,
180.94182108487706,88953,195,239,10616,
180.94474954499444,88953,194,240,10616,
180.95712149106959,88953,194,239,10617,
180.96204315557466,88952,195,239,10617,
180.9839610456129,88952,194,240,10617,
180.99118157632083,88951,195,240,10617,
180.9933762398871,88951,194,241,10617,
181.00508568911619,88951,193,242,10617,
181.02694754558175,88951,193,241,10618,
181.02944687360954,88951,193,240,10619,
181.03134316433523,88951,193,239,10620,
181.03610501986682,88951,192,240,10620,
181.03964987927915,88950,193,240,10620,
181.05578576738387,88949,194,240,10620,
181.0595943029724,88948,195,240,10620,
181.07556185978783,88948,194,241,10620,
181.08803280873752,88948,193,242,10620,
181.09249758436152,88948,193,241,10621,
181.1092098188428,88948,192,242,10621,
181.11759228244412,88948,191,243,10621,
181.1225367398686,88948,191,242,10622,
181.13848023245615,88947,192,242,10622,
181.14339266384698,88946,193,242,10622,
181.14946643177623,88945,194,242,10622,
181.16876462299055,88945,194,241,10623,
181.18664154281345,88945,193,242,10623,
181.19659970666615,88945,192,243,10623,
181.19714606550795,88945,192,242,10624,
181.23808121265972,88945,192,241,10625,
181.2496627753461,88945,192,240,10626,
181.2504025636356,88945,192,239,10627,
181.2519134058552,88945,192,238,10628,
181.25579853308273,88945,191,239,10628,
181.28230269424083,88945,190,240,10628,
181.2866833747556,88944,191,240,10628,
181.2960257545564,88944,191,239,10629,
181.3084854617698,88944,191,238,10630,
181.31202447436544,88944,191,237,10631,
181.3183712574591,88944,190,238,10631,
181.33004559398628,88944,190,237,10632,
181.34082646529063,88943,191,237,10632,
181.3440925661848,88943,190,238,10632,
181.35084478155943,88943,189,239,10632,
181.35371265102563,88943,189,238,10633,
181.35610906727962,88942,190,238,10633,
181.38145051608038,88941,191,238,10633,
181.3843644369844,88941,190,239,10633,
181.42323827029745,88941,189,240,10633,
181.4237057676935,88941,188,241,10633,
181.4278588792314,88941,187,242,10633,
181.45752711343042,88940,188,242,10633,
181.4623591527098,88940,188,241,10634,
181.46857884107467,88939,189,241,10634,
181.4706448403849,88939,189,240,10635,
181.47417264877006,88939,189,239,10636,
181.4935275461976,88939,189,238,10637,
181.51241507217466,88939,189,237,10638,
181.51385094839168,88939,189,236,10639,
181.5279489784938,88939,188,237,10639,
181.52876624516264,88939,187,238,10639,
181.54032618902716,88939,186,239,10639,
181.54991303693262,88939,185,240,10639,
181.57875406428641,88939,185,239,10640,
181.58594871077867,88939,184,240,10640,
181.59234902583276,88938,185,240,10640,
181.59306200179012,88938,184,241,10640,
181.59526820084184,88938,183,242,10640,
181.60614567132436,88937,184,242,10640,
181.60695759657824,88937,184,241,10641,
181.6124290892143,88937,183,242,10641,
181.61573514517062,88937,183,241,10642,
181.63320459024587,88936,184,241,10642,
181.64253474376767,88935,185,241,10642,
181.66213443780867,88935,185,240,10643,
181.66937897365503,88935,185,239,10644,
181.67754270906468,88935,184,240,10644,
181.68962554348613,88935,183,241,10644,
181.70466112888536,88935,182,242,10644,
181.70862288434444,88934,183,242,10644,
181.74494623873196,88934,182,243,10644,
181.75261607964217,88934,182,242,10645,
181.76895990951226,88934,181,243,10645,
181.76932582567827,88934,181,242,10646,
181.80467380127075,88934,180,243,10646,
181.81120750072188,88934,179,244,10646,
181.87037382993398,88934,178,245,10646,
181.88361721163935,88934,177,246,10646,
181.8886830360835,88933,178,246,10646,
181.89837876621823,88932,179,246,10646,
181.89936009068794,88932,178,247,10646,
181.91353946599858,88932,177,248,10646,
181.9204583637499,88932,176,249,10646,
181.9263930325819,88932,175,250,10646,
181.93256245034917,88931,176,250,10646,
181.94295793216105,88930,177,250,10646,
181.95240625851164,88929,178,250,10646,
181.97271701237202,88929,178,249,10647,
181.9795561350737,88929,178,248,10648,
181.9908276297187,88929,178,247,10649,
182.01171610112922,88928,179,247,10649,
182.0424628042281,88928,179,246,10650,
182.04666609140685,88928,178,247,10650,
182.0712525123934,88928,177,248,10650,
182.07441918980498,88928,176,249,10650,
182.0750398597566,88927,177,249,10650,
182.07790286401183,88926,178,249,10650,
182.08064816795226,88926,177,250,10650,
182.1124700114804,88925,178,250,10650,
182.11444387087232,88925,177,251,10650,
182.11871708153427,88924,178,251,10650,
182.12545399103087,88924,178,250,10651,
182.1519138801936,88924,177,251,10651,
182.15295869487377,88924,177,250,10652,
182.16625637701566,88924,176,251,10652,
182.16663348521686,88923,177,251,10652,
182.16810247743948,88922,178,251,10652,
182.1811636457897,88922,178,250,10653,
182.19186281792884,88921,179,250,10653,
182.19792938398282,88921,178,251,10653,
182.22136018120838,88921,177,252,10653,
182.2346659421631,88921,177,251,10654,
182.2360161219576,88920,178,251,10654,
182.24177302269342,88919,179,251,10654,
182.24934148171332,88918,180,251,10654,
182.25107559896233,88918,180,250,10655,
182.25214866088527,88917,181,250,10655,
182.25258278366726,88917,180,251,10655,
182.27186677896336,88917,179,252,10655,
182.28600928422037,88917,179,251,10656,
182.29614760304773,88916,180,251,10656,
182.30373026773395,88916,179,252,10656,
182.31158885895977,88915,180,252,10656,
182.32634549032872,88915,179,253,10656,
182.3675193400301,88914,180,253,10656,
182.3684066665022,88914,179,254,10656,
182.3698890714464,88914,178,255,10656,
182.3767418965016,88913,179,255,10656,
182.38221204713798,88913,178,256,10656,
182.3912703661009,88912,179,256,10656,
182.4223060333499,88911,180,256,10656,
182.43249673647148,88911,180,255,10657,
182.442066977508,88911,180,254,10658,
182.44599373244853,88911,179,255,10658,
182.4474541865508,88911,179,254,10659,
182.46021995925386,88911,178,255,10659,
182.46830068913403,88910,179,255,10659,
182.4785670337656,88910,178,256,10659,
182.47865793781713,88910,177,257,10659,
182.49489752874624,88910,176,258,10659,
182.49650385486208,88909,177,258,10659,
182.50824489914422,88909,176,259,10659,
182.53883284337533,88909,176,258,10660,
182.54883175516036,88909,176,257,10661,
182.61958919701107,88909,175,258,10661,
182.64185054049548,88909,175,257,10662,
182.65433824542993,88908,176,257,10662,
182.65524039042262,88907,177,257,10662,
182.66576298102893,88907,176,258,10662,
182.67617718037553,88907,176,257,10663,
182.68017043266488,88907,175,258,10663,
182.70137920442028,88906,176,258,10663,
182.70539249242464,88905,177,258,10663,
182.71123476245307,88905,176,259,10663,
182.72424500811988,88905,175,260,10663,
182.72530110111234,88905,174,261,10663,
182.73699859569928,88905,174,260,10664,
182.73909857955175,88905,173,261,10664,
182.7405599083935,88905,172,262,10664,
182.74273870451944,88905,172,261,10665,
182.75057308356057,88905,172,260,10666,
182.7541546119838,88905,171,261,10666,
182.76299253730147,88905,171,260,10667,
182.76686385068155,88905,170,261,10667,
182.79206482128424,88904,171,261,10667,
182.806546601431,88904,171,260,10668,
182.81475994269988,88904,171,259,10669,
182.82414260577357,88904,171,258,10670,
182.82838366832033,88904,171,257,10671,
182.83366974542128,88903,172,257,10671,
182.84307360682587,88902,173,257,10671,
182.86466357726138,88901,174,257,10671,
182.8863595206052,88900,175,257,10671,
182.8988694159682,88900,174,258,10671,
182.90806197068386,88900,174,257,10672,
182.93248172552006,88900,173,258,10672,
182.93358231411418,88900,172,259,10672,
182.9338799182028,88899,173,259,10672,
182.93553713759135,88898,174,259,10672,
182.94607545058773,88897,175,259,10672,
182.9582944441729,88896,176,259,10672,
182.9689627451575,88896,176,258,10673,
182.98072218995947,88896,176,257,10674,
182.99626241857686,88895,177,257,10674,
182.99700668599604,88894,178,257,10674,
182.99826477232813,88893,179,257,10674,
183.00608631179747,88892,180,257,10674,
183.0177205307527,88892,179,258,10674,
183.02204262221747,88892,179,257,10675,
183.02525482106998,88892,179,256,10676,
183.02547161080108,88892,179,255,10677,
183.03947908971406,88892,179,254,10678,
183.04102693815997,88892,179,253,10679,
183.04282281579296,88891,180,253,10679,
183.05146225430803,88890,181,253,10679,
183.05186405144883,88890,180,254,10679,
183.05453134126458,88889,181,254,10679,
183.06327441971996,88888,182,254,10679,
183.06849372989248,88887,183,254,10679,
183.07075816692128,88887,182,255,10679,
183.07821549744568,88887,182,254,10680,
183.0846438856541,88887,181,255,10680,
183.10262559544327,88887,180,256,10680,
183.10762740363717,88887,180,255,10681,
183.11538322686192,88887,179,256,10681,
183.14524869692346,88887,178,257,10681,
183.14819692723862,88887,177,258,10681,
183.16244614454874,88887,176,259,10681,
183.18962348714444,88887,176,258,10682,
183.1902712312144,88887,175,259,10682,
183.19123887791795,88886,176,259,10682,
183.20593801713596,88886,175,260,10682,
183.2098077409692,88886,174,261,10682,
183.21944242190617,88886,174,260,10683,
183.22810880627148,88886,174,259,10684,
183.25753608444626,88886,173,260,10684,
183.25788468737636,88885,174,260,10684,
183.2934564648437,88884,175,260,10684,
183.29926069605932,88884,174,261,10684,
183.3001076520166,88884,173,262,10684,
183.30497172809226,88884,173,261,10685,
183.3063803537533,88883,174,261,10685,
183.31962591337432,88883,173,262,10685,
183.32240619992584,88883,173,261,10686,
183.32326850419528,88882,174,261,10686,
183.32497989113142,88881,175,261,10686,
183.3315446804003,88881,175,260,10687,
183.3474533169774,88880,176,260,10687,
183.36698335858236,88879,177,260,10687,
183.36741634145767,88879,177,259,10688,
183.36910341676887,88879,176,260,10688,
183.37881585802063,88878,177,260,10688,
183.4151912669729,88878,177,259,10689,
183.41724561435888,88878,177,258,10690,
183.44513979210797,88877,178,258,10690,
183.46444649303882,88877,177,259,10690,
183.4682962453059,88877,177,258,10691,
183.48029979067175,88877,177,257,10692,
183.48620792364738,88876,178,257,10692,
183.51544930826196,88876,178,256,10693,
183.51612534747005,88875,179,256,10693,
183.52919489515023,88875,179,255,10694,
183.55367234154394,88875,179,254,10695,
183.5561466720312,88874,180,254,10695,
183.56665980924387,88873,181,254,10695,
183.5841024679826,88872,182,254,10695,
183.6189138938704,88871,183,254,10695,
183.6284299881026,88870,184,254,10695,
183.63220448124193,88869,185,254,10695,
183.6382192968476,88868,186,254,10695,
183.65337418783014,88867,187,254,10695,
183.67067393941986,88867,186,255,10695,
183.67185656271982,88866,187,255,10695,
183.68243079872914,88866,186,256,10695,
183.69047841175797,88865,187,256,10695,
183.6907115387402,88865,187,255,10696,
183.69620503684666,88864,188,255,10696,
183.7089262261505,88864,187,256,10696,
183.71223832282487,88864,187,255,10697,
183.72406823491963,88863,188,255,10697,
183.7240847211073,88863,188,254,10698,
183.72841896624422,88863,187,255,10698,
183.7370283780199,88863,186,256,10698,
183.74154301711292,88863,186,255,10699,
183.75233983270252,88863,185,256,10699,
183.75342736757662,88863,185,255,10700,
183.7715163870858,88863,184,256,10700,
183.7733892776196,88863,183,257,10700,
183.7927365195074,88863,183,256,10701,
183.79338817376657,88862,184,256,10701,
183.80386550123566,88861,185,256,10701,
183.80627684362287,88860,186,256,10701,
183.8133305295625,88859,187,256,10701,
183.83001732642,88858,188,256,10701,
183.8303257003547,88857,189,256,10701,
183.8397835698715,88857,189,255,10702,
183.8400073676739,88857,188,256,10702,
183.84217531424233,88857,188,255,10703,
183.84535614539087,88856,189,255,10703,
183.8484940661083,88856,188,256,10703,
183.84983011437222,88855,189,256,10703,
183.89452077072502,88854,190,256,10703,
183.89473557521694,88854,190,255,10704,
183.89600544419318,88853,191,255,10704,
183.89775314999102,88853,190,256,10704,
183.91664647373088,88853,189,257,10704,
183.91925969615593,88852,190,257,10704,
183.92304298099145,88851,191,257,10704,
183.93229384516835,88851,190,258,10704,
183.93783752993036,88850,191,258,10704,
183.93812199491373,88849,192,258,10704,
183.9449568887819,88848,193,258,10704,
183.95399925585025,88848,192,259,10704,
183.95574357038365,88848,192,258,10705,
183.96924791686084,88848,191,259,10705,
183.9701317385215,88847,192,259,10705,
183.97096925327799,88847,192,258,10706,
183.97349697348142,88847,191,259,10706,
183.9916921259042,88847,190,260,10706,
183.9933980067666,88846,191,260,10706,
183.9960291192826,88846,191,259,10707,
184.00074825064843,88845,192,259,10707,
184.0215462106971,88845,191,260,10707,
184.0277243432304,88844,192,260,10707,
184.02798497959566,88844,191,261,10707,
184.03539314099302,88844,190,262,10707,
184.03798657454948,88844,189,263,10707,
184.0433592912687,88844,189,262,10708,
184.04992540037938,88844,189,261,10709,
184.05154704887767,88843,190,261,10709,
184.05660278871198,88842,191,261,10709,
184.05683726863734,88842,190,262,10709,
184.06073100097984,88841,191,262,10709,
184.06791168283277,88841,191,261,10710,
184.0730654808374,88840,192,261,10710,
184.07384387832943,88840,192,260,10711,
184.07967061683647,88839,193,260,10711,
184.0949210798426,88839,192,261,10711,
184.1070465443509,88839,192,260,10712,
184.11719063137306,88838,193,260,10712,
184.11913079730485,88838,193,259,10713,
184.11945481976989,88838,192,260,10713,
184.1205556854776,88838,191,261,10713,
184.12843459524703,88837,192,261,10713,
184.16151793448924,88837,192,260,10714,
184.18296827801706,88836,193,260,10714,
184.18486358149093,88835,194,260,10714,
184.1951337298673,88835,194,259,10715,
184.21438979823304,88834,195,259,10715,
184.21581454217116,88833,196,259,10715,
184.22294241785457,88833,196,258,10716,
184.2360705425267,88832,197,258,10716,
184.24801041421733,88832,196,259,10716,
184.250446698717,88832,196,258,10717,
184.27419697142977,88831,197,258,10717,
184.27675992798385,88830,198,258,10717,
184.2818186167325,88829,199,258,10717,
184.282083308285,88829,198,259,10717,
184.3034489779336,88828,199,259,10717,
184.30877684266392,88828,198,260,10717,
184.33048469714106,88828,197,261,10717,
184.3316173457791,88828,196,262,10717,
184.34223611708362,88828,195,263,10717,
184.3479243823327,88828,194,264,10717,
184.3496132434318,88828,194,263,10718,
184.3531869296852,88827,195,263,10718,
184.36266011657776,88827,194,264,10718,
184.37379445562215,88827,194,263,10719,
184.38718319274187,88826,195,263,10719,
184.387317685778,88826,195,262,10720,
184.40245635697633,88826,195,261,10721,
184.4081896749194,88825,196,261,10721,
184.44048946708685,88825,195,262,10721,
184.4418415850859,88825,194,263,10721,
184.44666240725496,88825,193,264,10721,
184.45732419706368,88825,193,263,10722,
184.4612224766056,88825,193,262,10723,
184.46742325226074,88825,192,263,10723,
184.48697947092376,88825,191,264,10723,
184.4965636574659,88825,190,265,10723,
184.4982096808925,88825,190,264,10724,
184.5081294258045,88825,189,265,10724,
184.51586450463398,88825,189,264,10725,
184.52540663252765,88825,188,265,10725,
184.52578006172558,88825,188,264,10726,
184.53803072492056,88825,188,263,10727,
184.54261331569379,88824,189,263,10727,
184.54596306844613,88824,189,262,10728,
184.55916518525424,88823,190,262,10728,
184.56007104887837,88823,189,263,10728,
184.57801295336296,88823,189,262,10729,
184.58558056902828,88822,190,262,10729,
184.59473756162095,88822,189,263,10729,
184.60226216700354,88821,190,263,10729,
184.60684400796276,88821,189,264,10729,
184.63739157694633,88821,188,265,10729,
184.64497085005786,88821,187,266,10729,
184.65141482959598,88821,186,267,10729,
184.67571146378003,88821,185,268,10729,
184.6823427286005,88821,185,267,10730,
184.70795779978306,88821,185,266,10731,
184.70814249194652,88821,185,265,10732,
184.7106247338608,88821,185,264,10733,
184.71614300197757,88821,184,265,10733,
184.71896492828873,88821,184,264,10734,
184.7202869163575,88820,185,264,10734,
184.72138190593785,88820,185,263,10735,
184.72828808069272,88819,186,263,10735,
184.72901992131824,88818,187,263,10735,
184.74601003217296,88817,188,263,10735,
184.74648553227888,88817,188,262,10736,
184.74659977231636,88817,187,263,10736,
184.7568799844827,88816,188,263,10736,
184.75845996354406,88816,187,264,10736,
184.77368114007348,88816,186,265,10736,
184.78094634635133,88816,185,266,10736,
184.79025773111212,88816,185,265,10737,
184.81895473944996,88816,185,264,10738,
184.82602584210133,88815,186,264,10738,
184.85657324120993,88814,187,264,10738,
184.87156102178537,88814,187,263,10739,
184.8779227833409,88813,188,263,10739,
184.87871010751616,88813,187,264,10739,
184.8792626005691,88813,187,263,10740,
184.90030357436046,88813,186,264,10740,
184.94355986700876,88812,187,264,10740,
184.95553017752886,88811,188,264,10740,
184.96647211299967,88811,187,265,10740,
184.9745242265226,88810,188,265,10740,
184.98042430249183,88810,187,266,10740,
184.9938195461988,88810,186,267,10740,
185.00424984257668,88810,185,268,10740,
185.00446374470897,88810,184,269,10740,
185.0166058731051,88809,185,269,10740,
185.02411015602615,88809,184,270,10740,
185.0283381672145,88809,183,271,10740,
185.0304804157535,88808,184,271,10740,
185.0309082680299,88807,185,271,10740,
185.03481257138444,88807,185,270,10741,
185.04510049156136,88807,185,269,10742,
185.04547960697676,88806,186,269,10742,
185.0602849086582,88805,187,269,10742,
185.07299620225442,88804,188,269,10742,
185.07566631560488,88804,188,268,10743,
185.07911027663064,88804,187,269,10743,
185.0847345731567,88803,188,269,10743,
185.08562322818884,88803,188,268,10744,
185.0933164562402,88802,189,268,10744,
185.0958879585937,88801,190,268,10744,
185.10847534477804,88801,190,267,10745,
185.10974033327255,88801,190,266,10746,
185.12492288652854,88801,190,265,10747,
185.13814200201745,88801,189,266,10747,
185.14917395420724,88801,189,265,10748,
185.14919510152723,88801,189,264,10749,
185.18378183305052,88801,188,265,10749,
185.20527327717087,88801,187,266,10749,
185.21905908639215,88800,188,266,10749,
185.22749809234784,88800,188,265,10750,
185.23224775172017,88800,187,266,10750,
185.2559191950809,88800,187,265,10751,
185.28217979451296,88799,188,265,10751,
185.28695667582068,88798,189,265,10751,
185.28810097827267,88797,190,265,10751,
185.29786911657584,88796,191,265,10751,
185.31743919269942,88795,192,265,10751,
185.32316618976913,88794,193,265,10751,
185.3316998371224,88794,192,266,10751,
185.34225311753963,88793,193,266,10751,
185.35397476645437,88793,192,267,10751,
185.36668442242365,88793,192,266,10752,
185.39807736132585,88792,193,266,10752,
185.41647822822583,88791,194,266,10752,
185.41685161921492,88791,193,267,10752,
185.4203231407584,88791,193,266,10753,
185.42092774790748,88790,194,266,10753,
185.42371452102242,88790,194,265,10754,
185.4256247802543,88790,194,264,10755,
185.42633259926666,88790,194,263,10756,
185.42665083159918,88790,194,262,10757,
185.4349640392279,88790,193,263,10757,
185.44387213025388,88790,192,264,10757,
185.45090769187217,88789,193,264,10757,
185.45171538616702,88788,194,264,10757,
185.46610477409595,88787,195,264,10757,
185.48098426503643,88786,196,264,10757,
185.4830803008077,88785,197,264,10757,
185.4973648056941,88785,196,265,10757,
185.52777884082587,88784,197,265,10757,
185.52835645311447,88783,198,265,10757,
185.53337779812387,88782,199,265,10757,
185.5336920335632,88782,198,266,10757,
185.5375725597588,88782,197,267,10757,
185.5467702956176,88782,197,266,10758,
185.55051959131725,88781,198,266,10758,
185.55272104586413,88781,197,267,10758,
185.57244175630422,88780,198,267,10758,
185.57763261079577,88780,197,268,10758,
185.5783133119194,88780,196,269,10758,
185.57979258572496,88779,197,269,10758,
185.5801117476224,88779,196,270,10758,
185.59453403900272,88778,197,270,10758,
185.59585345235666,88777,198,270,10758,
185.5974687445589,88776,199,270,10758,
185.6005302748777,88775,200,270,10758,
185.60086513763943,88775,200,269,10759,
185.60192873121824,88775,199,270,10759,
185.6031333134576,88774,200,270,10759,
185.60487355688986,88773,201,270,10759,
185.62098821775436,88773,200,271,10759,
185.62550765519177,88772,201,271,10759,
185.64428849413102,88771,202,271,10759,
185.653686962084,88771,202,270,10760,
185.656059345572,88771,202,269,10761,
185.6738428792077,88771,202,268,10762,
185.6768480949386,88771,201,269,10762,
185.6857149634171,88770,202,269,10762,
185.70650524689756,88769,203,269,10762,
185.7191239454572,88768,204,269,10762,
185.72076983693927,88767,205,269,10762,
185.72869284163494,88767,205,268,10763,
185.73208428660465,88766,206,268,10763,
185.74013604943053,88765,207,268,10763,
185.74563278125623,88764,208,268,10763,
185.76599023070753,88763,209,268,10763,
185.7685028477877,88762,210,268,10763,
185.77499362094886,88761,211,268,10763,
185.78399161553526,88761,211,267,10764,
185.78802592306863,88760,212,267,10764,
185.7968792507466,88760,211,268,10764,
185.81751436349919,88759,212,268,10764,
185.82175083502798,88759,211,269,10764,
185.82975448922974,88759,210,270,10764,
185.8358787847275,88759,210,269,10765,
185.83650226263515,88759,210,268,10766,
185.83891893264018,88759,209,269,10766,
185.85332885196362,88759,208,270,10766,
185.86362288497003,88759,208,269,10767,
185.87993355367405,88759,208,268,10768,
185.89569531245462,88758,209,268,10768,
185.89740998282318,88758,208,269,10768,
185.89829857578493,88758,207,270,10768,
185.90416925945112,88758,207,269,10769,
185.92219941595206,88758,207,268,10770,
185.94318716149658,88757,208,268,10770,
185.95066648238782,88757,208,267,10771,
185.95421023424214,88757,208,266,10772,
185.95828564177512,88757,208,265,10773,
185.96155764838628,88757,207,266,10773,
185.9645796875813,88756,208,266,10773,
185.96523079162733,88756,207,267,10773,
185.9665346750772,88756,206,268,10773,
185.96784171367378,88755,207,268,10773,
185.97487265233377,88755,207,267,10774,
185.97496748226797,88754,208,267,10774,
185.98009506193088,88754,208,266,10775,
185.98566114220756,88754,207,267,10775,
185.99168225205733,88754,207,266,10776,
185.99231804956347,88754,207,265,10777,
185.9963822422022,88754,206,266,10777,
185.99754770409717,88754,206,265,10778,
186.01314845910275,88754,206,264,10779,
186.01514251992947,88753,207,264,10779,
186.028324059537,88753,206,265,10779,
186.03008243641716,88753,206,264,10780,
186.04226719187227,88752,207,264,10780,
186.0440286494596,88751,208,264,10780,
186.0542819842229,88750,209,264,10780,
186.05748000737327,88750,209,263,10781,
186.0630569129991,88750,209,262,10782,
186.07178656141937,88750,208,263,10782,
186.08022523450887,88750,207,264,10782,
186.08437236382792,88749,208,264,10782,
186.0854874576035,88749,207,265,10782,
186.09682635497015,88748,208,265,10782,
186.10907449431696,88748,207,266,10782,
186.1104635054141,88747,208,266,10782,
186.11438750612402,88747,207,267,10782,
186.1255037907729,88747,207,266,10783,
186.160514707203,88746,208,266,10783,
186.16642013157912,88745,209,266,10783,
186.17197132007541,88745,208,267,10783,
186.19984555815418,88745,208,266,10784,
186.21379107699164,88745,207,267,10784,
186.21929495335667,88744,208,267,10784,
186.23689201278995,88744,208,266,10785,
186.25822946598734,88744,208,265,10786,
186.25870171096972,88744,208,264,10787,
186.2673311147977,88744,207,265,10787,
186.28060379296232,88744,207,264,10788,
186.2824028298707,88744,206,265,10788,
186.3082458470298,88744,206,264,10789,
186.32037942755744,88743,207,264,10789,
186.3259994586512,88743,206,265,10789,
186.32934793127774,88743,206,264,10790,
186.3444648968877,88743,206,263,10791,
186.3448595161961,88742,207,263,10791,
186.3561317424542,88742,206,264,10791,
186.35640412840112,88741,207,264,10791,
186.3594008918338,88741,207,263,10792,
186.3693452269029,88741,207,262,10793,
186.37668857435816,88740,208,262,10793,
186.40222394252666,88739,209,262,10793,
186.40307065486283,88738,210,262,10793,
186.40555322416458,88737,211,262,10793,
186.41193328138408,88737,210,263,10793,
186.4332911187227,88737,210,262,10794,
186.43563734751697,88736,211,262,10794,
186.43953665561767,88736,211,261,10795,
186.44617165175518,88736,211,260,10796,
186.4462705260957,88736,211,259,10797,
186.45571079779384,88735,212,259,10797,
186.460595194842,88735,211,260,10797,
186.46241172368786,88735,211,259,10798,
186.46663951250673,88735,210,260,10798,
186.4709737708456,88735,210,259,10799,
186.50074738326597,88735,210,258,10800,
186.50188583672326,88734,211,258,10800,
186.50260718357393,88733,212,258,10800,
186.52074696379685,88733,211,259,10800,
186.5222465483552,88733,210,260,10800,
186.53164892096672,88733,209,261,10800,
186.54484649553171,88733,208,262,10800,
186.56463091435057,88733,207,263,10800,
186.5704931183502,88733,206,264,10800,
186.58319389889039,88732,207,264,10800,
186.60213371000032,88732,207,263,10801,
186.60359099720552,88732,206,264,10801,
186.60646571204532,88731,207,264,10801,
186.607288574196,88731,206,265,10801,
186.60793367267803,88730,207,265,10801,
186.6161105924964,88730,207,264,10802,
186.61718121501778,88729,208,264,10802,
186.61990106697306,88729,207,265,10802,
186.62175041960978,88728,208,265,10802,
186.6262826832124,88727,209,265,10802,
186.63158632848692,88726,210,265,10802,
186.6388789565644,88725,211,265,10802,
186.64294877268992,88724,212,265,10802,
186.64504401642557,88723,213,265,10802,
186.66288335522512,88723,213,264,10803,
186.67971961073883,88722,214,264,10803,
186.69213232222552,88722,214,263,10804,
186.69445823587589,88722,213,264,10804,
186.7109898544831,88722,212,265,10804,
186.72940224016335,88722,212,264,10805,
186.76265529318007,88721,213,264,10805,
186.807111691436,88721,212,265,10805,
186.836638770625,88721,211,266,10805,
186.85077490634274,88721,211,265,10806,
186.86148761450127,88720,212,265,10806,
186.86616794847532,88719,213,265,10806,
186.87995562345608,88718,214,265,10806,
186.89156565272384,88718,213,266,10806,
186.91338253917522,88717,214,266,10806,
186.93828782426064,88716,215,266,10806,
186.94165408290561,88716,214,267,10806,
186.94491747627637,88715,215,267,10806,
186.9781443177905,88715,215,266,10807,
186.98014513710982,88715,214,267,10807,
186.99307551223683,88715,213,268,10807,
186.99815885535207,88714,214,268,10807,
187.00076484846446,88714,214,267,10808,
187.01925818844157,88714,213,268,10808,
187.0211831440056,88713,214,268,10808,
187.03601037705704,88712,215,268,10808,
187.039170857295,88712,215,267,10809,
187.04537900063548,88712,215,266,10810,
187.0643369893294,88712,215,265,10811,
187.07831837438835,88711,216,265,10811,
187.07934423217574,88710,217,265,10811,
187.0848921789455,88710,217,264,10812,
187.0939536895842,88710,217,263,10813,
187.09542075260367,88710,216,264,10813,
187.0995455763763,88710,215,265,10813,
187.0996364866991,88710,215,264,10814,
187.10536607382934,88710,214,265,10814,
187.14107193261808,88710,213,266,10814,
187.15681305564104,88709,214,266,10814,
187.16114255777438,88708,215,266,10814,
187.1632529528746,88708,214,267,10814,
187.16517888795403,88708,213,268,10814,
187.1860168906519,88708,213,267,10815,
187.19878534479503,88707,214,267,10815,
187.2046288059358,88706,215,267,10815,
187.20567161261272,88706,214,268,10815,
187.20763454287314,88705,215,268,10815,
187.24528801502933,88705,214,269,10815,
187.25646877177277,88704,215,269,10815,
187.25858342125463,88704,215,268,10816,
187.2655160152703,88704,214,269,10816,
187.26935299393716,88704,213,270,10816,
187.27433621656795,88704,212,271,10816,
187.2878850352671,88704,212,270,10817,
187.29122206767,88704,212,269,10818,
187.2966785146079,88704,212,268,10819,
187.29702479270858,88704,212,267,10820,
187.30090422705283,88703,213,267,10820,
187.3067524373414,88703,213,266,10821,
187.30751365927995,88703,212,267,10821,
187.31735583604163,88703,211,268,10821,
187.3255529655947,88702,212,268,10821,
187.32779134207385,88701,213,268,10821,
187.33516209636275,88701,213,267,10822,
187.34212896512338,88701,213,266,10823,
187.34876748029433,88701,212,267,10823,
187.35346566503506,88701,211,268,10823,
187.36579519136126,88700,212,268,10823,
187.39531893981183,88700,212,267,10824,
187.3993445723919,88700,211,268,10824,
187.39946525639172,88699,212,268,10824,
187.40082472806685,88699,211,269,10824,
187.40327548327232,88699,211,268,10825,
187.40404914491234,88698,212,268,10825,
187.411766131143,88698,211,269,10825,
187.41547590894365,88698,211,268,10826,
187.4181165255106,88698,211,267,10827,
187.42412194834074,88697,212,267,10827,
187.43537129690878,88697,211,268,10827,
187.4355861200377,88696,212,268,10827,
187.44512822027244,88696,212,267,10828,
187.49615839830807,88695,213,267,10828,
187.50682289267792,88695,213,266,10829,
187.51308230234622,88695,212,267,10829,
187.52923458089447,88695,212,266,10830,
187.53175572419033,88695,212,265,10831,
187.54154568175275,88695,212,264,10832,
187.5447525104683,88695,211,265,10832,
187.54747667491648,88694,212,265,10832,
187.56265543458974,88693,213,265,10832,
187.58269926736423,88693,213,264,10833,
187.5832181262628,88693,213,263,10834,
187.59913151858746,88692,214,263,10834,
187.6017702569296,88692,213,264,10834,
187.6019839877153,88692,213,263,10835,
187.62100602754106,88692,213,262,10836,
187.62131456665261,88691,214,262,10836,
187.62677322338482,88690,215,262,10836,
187.63233080188377,88690,215,261,10837,
187.63587357961293,88689,216,261,10837,
187.64048785450134,88689,215,262,10837,
187.64882585139065,88688,216,262,10837,
187.65072370270835,88688,215,263,10837,
187.6591194330048,88688,215,262,10838,
187.65979871145655,88688,215,261,10839,
187.674224472049,88688,215,260,10840,
187.6945387728912,88688,214,261,10840,
187.70025915279538,88688,213,262,10840,
187.70574548796284,88687,214,262,10840,
187.72127512637158,88687,213,263,10840,
187.72831857544506,88687,213,262,10841,
187.73390382591396,88686,214,262,10841,
187.7591027945452,88686,213,263,10841,
187.7606005111932,88686,213,262,10842,
187.76262756772712,88686,213,261,10843,
187.7696160784358,88686,212,262,10843,
187.80085162342402,88685,213,262,10843,
187.8010463976327,88685,212,263,10843,
187.80521783336056,88685,212,262,10844,
187.82576185724716,88685,211,263,10844,
187.83534563057972,88684,212,263,10844,
187.9101589814501,88683,213,263,10844,
187.91678154928465,88682,214,263,10844,
187.92847877165065,88681,215,263,10844,
187.9304538430551,88680,216,263,10844,
187.9448604430496,88680,216,262,10845,
187.95410231767153,88679,217,262,10845,
187.9707591798144,88679,217,261,10846,
187.97440223940535,88678,218,261,10846,
187.9807030947182,88678,217,262,10846,
187.98109461014212,88678,216,263,10846,
187.9811874898031,88677,217,263,10846,
187.9894336298885,88676,218,263,10846,
187.99214200456555,88676,217,264,10846,
187.99849753459165,88676,216,265,10846,
188.02011614954085,88676,215,266,10846,
188.02111785865796,88675,216,266,10846,
188.02249104864387,88675,216,265,10847,
188.03142527286016,88675,216,264,10848,
188.03559409845798,88675,216,263,10849,
188.0489869711759,88674,217,263,10849,
188.051285627204,88673,218,263,10849,
188.05168888088997,88673,217,264,10849,
188.0686006352353,88673,216,265,10849,
188.07651257757402,88673,215,266,10849,
188.0806916757064,88672,216,266,10849,
188.10901888420693,88672,216,265,10850,
188.11151733447215,88671,217,265,10850,
188.1202833937834,88671,217,264,10851,
188.136390140448,88671,216,265,10851,
188.13690247627508,88671,215,266,10851,
188.13877496431775,88671,215,265,10852,
188.13968686710447,88671,215,264,10853,
188.147299524775,88671,214,265,10853,
188.1854510490598,88671,213,266,10853,
188.18557008727512,88671,213,265,10854,
188.19110019739745,88671,213,264,10855,
188.2121347643632,88671,212,265,10855,
188.21915281527248,88671,211,266,10855,
188.22433720116558,88670,212,266,10855,
188.2278548893738,88670,212,265,10856,
188.2315220568336,88669,213,265,10856,
188.24385633594767,88669,212,266,10856,
188.25867473169504,88668,213,266,10856,
188.2764516841379,88668,212,267,10856,
188.27665402435176,88668,211,268,10856,
188.2780914586779,88667,212,268,10856,
188.284224579593,88667,211,269,10856,
188.3000514940962,88666,212,269,10856,
188.3010809116744,88665,213,269,10856,
188.31714756109994,88664,214,269,10856,
188.31989235451903,88663,215,269,10856,
188.32514647427047,88663,215,268,10857,
188.3252398140214,88663,215,267,10858,
188.3314382776726,88663,214,268,10858,
188.3361923095434,88662,215,268,10858,
188.33795331610176,88662,215,267,10859,
188.34002662244404,88662,215,266,10860,
188.3456450215707,88662,214,267,10860,
188.3510239518476,88661,215,267,10860,
188.37362657274468,88661,214,268,10860,
188.37960289835456,88661,213,269,10860,
188.38295986138075,88661,213,268,10861,
188.3911583236654,88661,213,267,10862,
188.3945781643718,88660,214,267,10862,
188.39802799326745,88660,213,268,10862,
188.4079098184608,88660,213,267,10863,
188.41413306208938,88660,212,268,10863,
188.4164872764888,88659,213,268,10863,
188.42944098897303,88658,214,268,10863,
188.43202070662113,88658,214,267,10864,
188.4343777615528,88657,215,267,10864,
188.43578450019808,88656,216,267,10864,
188.43994581502028,88656,215,268,10864,
188.44048233913045,88655,216,268,10864,
188.45060729791078,88655,215,269,10864,
188.45263494280536,88655,215,268,10865,
188.453800070671,88654,216,268,10865,
188.45517701191184,88654,215,269,10865,
188.51100361566927,88654,214,270,10865,
188.51577040134995,88653,215,270,10865,
188.52725865997343,88652,216,270,10865,
188.52876372664062,88652,215,271,10865,
188.53837139214605,88652,214,272,10865,
188.57308621492723,88651,215,272,10865,
188.58520797451706,88650,216,272,10865,
188.58598594759752,88649,217,272,10865,
188.58605352569933,88649,217,271,10866,
188.58976456954326,88649,217,270,10867,
188.59365598294835,88649,216,271,10867,
188.61633779101126,88649,215,272,10867,
188.61916780571735,88648,216,272,10867,
188.62514954260703,88648,216,271,10868,
188.6306245754779,88648,216,270,10869,
188.64663960727262,88648,215,271,10869,
188.66166740840924,88648,214,272,10869,
188.6648308617089,88648,214,271,10870,
188.6807679692652,88648,213,272,10870,
188.68632274180965,88648,212,273,10870,
188.6966650140968,88647,213,273,10870,
188.70151556033787,88647,212,274,10870,
188.70608100572713,88647,212,273,10871,
188.7154029555789,88647,211,274,10871,
188.71828955527837,88647,210,275,10871,
188.72830120318542,88647,209,276,10871,
188.7321736367007,88646,210,276,10871,
188.73265906553567,88645,211,276,10871,
188.7472129585528,88644,212,276,10871,
188.74766803102068,88643,213,276,10871,
188.76815426813693,88643,212,277,10871,
188.77050282974437,88643,211,278,10871,
188.7883086957381,88643,210,279,10871,
188.7937073007145,88643,210,278,10872,
188.7954607882409,88643,209,279,10872,
188.80270889281132,88643,209,278,10873,
188.82097523058337,88643,208,279,10873,
188.83108424259345,88643,208,278,10874,
188.83633711821673,88643,208,277,10875,
188.8364980812929,88643,208,276,10876,
188.8378705592785,88643,207,277,10876,
188.84072368677676,88642,208,277,10876,
188.84620924149257,88642,207,278,10876,
188.85002125516536,88642,206,279,10876,
188.86201743230419,88641,207,279,10876,
188.86682309100087,88641,206,280,10876,
188.87322786463125,88640,207,280,10876,
188.87550416259478,88640,206,281,10876,
188.8755414859918,88639,207,281,10876,
188.88564046433632,88638,208,281,10876,
188.8876604009813,88638,207,282,10876,
188.88882332591217,88638,207,281,10877,
188.90039443496366,88638,207,280,10878,
188.9109389501556,88638,206,281,10878,
188.92696312718493,88638,205,282,10878,
188.93595669085292,88638,205,281,10879,
188.9369245814875,88638,204,282,10879,
188.9491638996427,88637,205,282,10879,
188.95156075983195,88637,204,283,10879,
188.97517537613516,88637,204,282,10880,
188.9780677923969,88637,204,281,10881,
188.99624351937186,88637,203,282,10881,
189.00296422574115,88636,204,282,10881,
189.00323457612248,88636,204,281,10882,
189.01952651452925,88636,204,280,10883,
189.0201826704051,88635,205,280,10883,
189.0249459326163,88635,205,279,10884,
189.02549026083457,88635,205,278,10885,
189.0275622704171,88635,204,279,10885,
189.0445080846408,88634,205,279,10885,
189.06623747379092,88633,206,279,10885,
189.06925385466653,88633,205,280,10885,
189.07124542861771,88633,205,279,10886,
189.0861959903369,88632,206,279,10886,
189.0915966007218,88632,205,280,10886,
189.09980926461813,88632,205,279,10887,
189.10474270304067,88632,205,278,10888,
189.10711561419043,88632,205,277,10889,
189.12462962761668,88631,206,277,10889,
189.149893351296,88631,205,278,10889,
189.17045722392325,88631,204,279,10889,
189.1760464698082,88631,203,280,10889,
189.18914899913804,88631,202,281,10889,
189.20107808018875,88631,201,282,10889,
189.2080608384935,88630,202,282,10889,
189.2333389091395,88630,201,283,10889,
189.23354846303948,88629,202,283,10889,
189.23444820138434,88629,201,284,10889,
189.23963844066216,88629,201,283,10890,
189.2544688938093,88629,200,284,10890,
189.2614712679023,88629,199,285,10890,
189.28609896133872,88629,199,284,10891,
189.28811799482665,88629,198,285,10891,
189.30011947022692,88629,198,284,10892,
189.3099407765495,88629,198,283,10893,
189.31675671383138,88628,199,283,10893,
189.32426999201365,88628,199,282,10894,
189.3265269440604,88628,199,281,10895,
189.33057889235536,88628,199,280,10896,
189.33778877980657,88627,200,280,10896,
189.3387719402319,88626,201,280,10896,
189.35640724038,88626,201,279,10897,
189.36108854671286,88625,202,279,10897,
189.3874236364739,88625,201,280,10897,
189.39702651561714,88624,202,280,10897,
189.39842695510606,88623,203,280,10897,
189.40047321098504,88622,204,280,10897,
189.4093849606488,88621,205,280,10897,
189.4113101502225,88620,206,280,10897,
189.4122615899045,88620,205,281,10897,
189.41907425301687,88619,206,281,10897,
189.42303588557024,88619,205,282,10897,
189.43288506176413,88619,204,283,10897,
189.44484761350446,88619,203,284,10897,
189.46061150330678,88619,203,283,10898,
189.46333089836023,88619,202,284,10898,
189.46387257356412,88619,201,285,10898,
189.478012594692,88618,202,285,10898,
189.49039927789752,88617,203,285,10898,
189.49062068996037,88616,204,285,10898,
189.50731692719893,88615,205,285,10898,
189.52159611384857,88614,206,285,10898,
189.52734604417805,88614,206,284,10899,
189.5273864531047,88613,207,284,10899,
189.53160953826043,88612,208,284,10899,
189.54308838576532,88611,209,284,10899,
189.54376627992067,88611,208,285,10899,
189.54453963890296,88610,209,285,10899,
189.54923955479998,88610,208,286,10899,
189.55476085738934,88610,208,285,10900,
189.56671144317673,88610,207,286,10900,
189.59187335798248,88610,207,285,10901,
189.59644310227952,88609,208,285,10901,
189.5966059616018,88608,209,285,10901,
189.6045182472208,88607,210,285,10901,
189.61327589615107,88606,211,285,10901,
189.61536108458432,88606,210,286,10901,
189.62105875359063,88606,210,285,10902,
189.63275265916698,88605,211,285,10902,
189.63291453291794,88604,212,285,10902,
189.6438220652677,88604,212,284,10903,
189.64507595919778,88604,212,283,10904,
189.64811457285145,88604,212,282,10905,
189.65658126871756,88603,213,282,10905,
189.6719706748822,88603,212,283,10905,
189.67543221634702,88602,213,283,10905,
189.6764253691892,88602,212,284,10905,
189.6800361436942,88601,213,284,10905,
189.6886214607087,88601,212,285,10905,
189.71900313291283,88601,211,286,10905,
189.73129762335435,88601,210,287,10905,
189.73336550462597,88600,211,287,10905,
189.73390989926807,88600,211,286,10906,
189.76079835240384,88599,212,286,10906,
189.76775015025373,88599,211,287,10906,
189.77310503440967,88598,212,287,10906,
189.7841544155675,88598,211,288,10906,
189.784155726939,88598,210,289,10906,
189.78610221741977,88598,209,290,10906,
189.79218772576615,88597,210,290,10906,
189.79385604602865,88597,210,289,10907,
189.79939156437476,88597,210,288,10908,
189.80874966058923,88596,211,288,10908,
189.81025494153786,88596,211,287,10909,
189.81263958554456,88596,211,286,10910,
189.81735354975132,88596,210,287,10910,
189.83129842978107,88596,210,286,10911,
189.84077927628033,88596,210,285,10912,
189.86063618977724,88596,209,286,10912,
189.86172984230743,88596,209,285,10913,
189.8664841469966,88596,208,286,10913,
189.88906480105825,88595,209,286,10913,
189.89414714688465,88595,209,285,10914,
189.9073160185698,88594,210,285,10914,
189.91281517880608,88593,211,285,10914,
189.91822317671912,88593,211,284,10915,
189.92092469271287,88593,211,283,10916,
189.92295018727623,88592,212,283,10916,
189.92559643491919,88592,211,284,10916,
189.92588463133623,88592,211,283,10917,
189.92757440971792,88591,212,283,10917,
189.93106511208367,88590,213,283,10917,
189.94343763931508,88590,212,284,10917,
189.95049093462313,88590,211,285,10917,
189.95697214763922,88590,210,286,10917,
189.95903613457716,88590,210,285,10918,
189.96408896133227,88589,211,285,10918,
189.9817679448547,88588,212,285,10918,
189.98349837909956,88588,212,284,10919,
189.99796982404686,88587,213,284,10919,
189.99908315110412,88587,213,283,10920,
190.00633907280223,88586,214,283,10920,
190.02863551020903,88585,215,283,10920,
190.04120973603926,88585,215,282,10921,
190.05085744444676,88584,216,282,10921,
190.05570093312767,88584,215,283,10921,
190.0840106177423,88583,216,283,10921,
190.0842321427114,88583,215,284,10921,
190.09101535673022,88583,214,285,10921,
190.0996720501722,88582,215,285,10921,
190.10352013324928,88582,214,286,10921,
190.10714280701714,88582,214,285,10922,
190.11514091278352,88582,213,286,10922,
190.12466223137264,88581,214,286,10922,
190.12504110489346,88581,213,287,10922,
190.13634532041033,88580,214,287,10922,
190.1455006777283,88580,213,288,10922,
190.14665752576582,88580,212,289,10922,
190.1487167684817,88580,212,288,10923,
190.1518004824694,88580,212,287,10924,
190.15390291620548,88579,213,287,10924,
190.17938898719422,88579,213,286,10925,
190.18956701780482,88578,214,286,10925,
190.20563797487134,88578,214,285,10926,
190.20634869754616,88577,215,285,10926,
190.2106960413447,88576,216,285,10926,
190.22913016648675,88575,217,285,10926,
190.22915142243062,88574,218,285,10926,
190.23279629299844,88574,217,286,10926,
190.2439331328891,88573,218,286,10926,
190.25647561876985,88573,217,287,10926,
190.26046769033215,88573,217,286,10927,
190.26358529324713,88573,217,285,10928,
190.26630955159106,88573,216,286,10928,
190.28199439565992,88573,215,287,10928,
190.29452048698218,88573,214,288,10928,
190.30680202798067,88573,213,289,10928,
190.3069991645667,88573,213,288,10929,
190.30896934099698,88572,214,288,10929,
190.3229151184213,88572,214,287,10930,
190.32593639371197,88571,215,287,10930,
190.3311050079405,88571,214,288,10930,
190.3320717646644,88571,213,289,10930,
190.34055769405452,88570,214,289,10930,
190.35094513912392,88570,213,290,10930,
190.35320748776644,88570,213,289,10931,
190.35621966448596,88570,213,288,10932,
190.35868363215098,88569,214,288,10932,
190.3595616112239,88569,214,287,10933,
190.3639337158373,88569,214,286,10934,
190.36754037301617,88568,215,286,10934,
190.376143272004,88568,215,285,10935,
190.3818115648636,88568,214,286,10935,
190.39771223072228,88568,213,287,10935,
190.39993832972905,88568,212,288,10935,
190.45425879352806,88568,211,289,10935,
190.4573526353965,88567,212,289,10935,
190.46331035681172,88567,211,290,10935,
190.4773388759912,88566,212,290,10935,
190.48066619457987,88566,211,291,10935,
190.5056128880755,88565,212,291,10935,
190.5057061235813,88564,213,291,10935,
190.5119060862129,88563,214,291,10935,
190.51321623535785,88562,215,291,10935,
190.53455979271666,88561,216,291,10935,
190.5407610894831,88561,215,292,10935,
190.5495598307263,88561,215,291,10936,
190.55784385900387,88561,215,290,10937,
190.56686346649167,88561,215,289,10938,
190.5714311855678,88561,214,290,10938,
190.57342352060715,88561,213,291,10938,
190.58529819746573,88561,213,290,10939,
190.59782133348492,88560,214,290,10939,
190.59805408690147,88560,214,289,10940,
190.5991534546341,88559,215,289,10940,
190.6021626141196,88559,214,290,10940,
190.60885258859932,88559,214,289,10941,
190.6243487708265,88559,214,288,10942,
190.62671484218404,88559,214,287,10943,
190.6306301367534,88558,215,287,10943,
190.63103859231842,88557,216,287,10943,
190.64640377723825,88557,216,286,10944,
190.6468071990492,88557,216,285,10945,
190.65548875778205,88556,217,285,10945,
190.66852528232033,88555,218,285,10945,
190.67691270622706,88554,219,285,10945,
190.68061640969088,88554,218,286,10945,
190.68199219111315,88553,219,286,10945,
190.68330569557824,88553,219,285,10946,
190.70322756469807,88552,220,285,10946,
190.71843030666034,88552,220,284,10947,
190.7190729176638,88551,221,284,10947,
190.71971811294387,88551,221,283,10948,
190.72040666282751,88550,222,283,10948,
190.7306895631913,88550,222,282,10949,
190.73985851254358,88550,222,281,10950,
190.7482150828053,88549,223,281,10950,
190.75035848399347,88548,224,281,10950,
190.76468303109638,88548,223,282,10950,
190.77287610356527,88548,222,283,10950,
190.77310204938465,88547,223,283,10950,
190.77345390266663,88547,222,284,10950,
190.7766844650104,88546,223,284,10950,
190.7770567548136,88546,223,283,10951,
190.78065102428795,88546,222,284,10951,
190.78427538489507,88546,221,285,10951,
190.78608593650353,88546,221,284,10952,
190.78847433406355,88546,221,283,10953,
190.79154623876678,88545,222,283,10953,
190.79449076054453,88545,221,284,10953,
190.79527801738257,88545,221,283,10954,
190.79995784996845,88545,221,282,10955,
190.80653647653122,88544,222,282,10955,
190.812475586244,88544,221,283,10955,
190.81702224609933,88544,220,284,10955,
190.81880147942556,88543,221,284,10955,
190.82351178148582,88542,222,284,10955,
190.83316991127498,88541,223,284,10955,
190.83993630359058,88541,222,285,10955,
190.84669372976865,88540,223,285,10955,
190.85192286254693,88540,223,284,10956,
190.8574333574965,88539,224,284,10956,
190.8602744394039,88539,224,283,10957,
190.87041264497833,88539,223,284,10957,
190.87194442842832,88539,223,283,10958,
190.88091587647577,88539,223,282,10959,
190.88557555535135,88538,224,282,10959,
190.88972463780973,88537,225,282,10959,
190.89060400514194,88536,226,282,10959,
190.89541822314848,88535,227,282,10959,
190.90648304877462,88534,228,282,10959,
190.9085678020441,88533,229,282,10959,
190.91739622991113,88532,230,282,10959,
190.9448943046223,88532,230,281,10960,
190.98938424781426,88532,230,280,10961,
190.99059178585642,88532,230,279,10962,
190.99108871614237,88532,229,280,10962,
190.9932283006098,88531,230,280,10962,
190.99326896020912,88531,229,281,10962,
190.99349651079226,88531,229,280,10963,
191.02138888341233,88531,228,281,10963,
191.0328006018578,88530,229,281,10963,
191.03815074093367,88530,229,280,10964,
191.04795011722257,88529,230,280,10964,
191.05272834947567,88528,231,280,10964,
191.05906845225056,88528,231,279,10965,
191.0657753799332,88528,231,278,10966,
191.07130636851903,88527,232,278,10966,
191.08303625803825,88526,233,278,10966,
191.10010813997104,88525,234,278,10966,
191.12430031936094,88525,233,279,10966,
191.13416720247784,88525,233,278,10967,
191.13686666197924,88525,233,277,10968,
191.15853937886416,88525,232,278,10968,
191.17003991993215,88525,231,279,10968,
191.1811916412284,88525,231,278,10969,
191.18700850612643,88525,231,277,10970,
191.20182683537584,88525,231,276,10971,
191.20772003997448,88525,230,277,10971,
191.2118039784035,88524,231,277,10971,
191.21971190968424,88524,231,276,10972,
191.22589920291526,88524,230,277,10972,
191.27931510843868,88523,231,277,10972,
191.28626065705058,88523,231,276,10973,
191.28794258353406,88523,230,277,10973,
191.29399553715993,88523,229,278,10973,
191.29985406683667,88523,228,279,10973,
191.31432843979275,88523,228,278,10974,
191.31911071632163,88522,229,278,10974,
191.32354115917772,88521,230,278,10974,
191.33010633217233,88521,230,277,10975,
191.3492363521411,88521,229,278,10975,
191.35070610883153,88521,229,277,10976,
191.3604030422707,88521,228,278,10976,
191.3657806958295,88520,229,278,10976,
191.3679107119491,88519,230,278,10976,
191.37966277124664,88518,231,278,10976,
191.3844857149212,88517,232,278,10976,
191.38915536825672,88517,231,279,10976,
191.39272597911622,88516,232,279,10976,
191.39494699768682,88515,233,279,10976,
191.40747893535814,88515,232,280,10976,
191.41579426356037,88515,231,281,10976,
191.41795703545603,88514,232,281,10976,
191.4223747480825,88514,232,280,10977,
191.42675512381456,88514,231,281,10977,
191.43258016939438,88514,230,282,10977,
191.43933670206638,88514,230,281,10978,
191.44193757478268,88514,229,282,10978,
191.44647866408633,88513,230,282,10978,
191.44866258727856,88512,231,282,10978,
191.46054544250217,88512,230,283,10978,
191.46604250132003,88512,229,284,10978,
191.47478482382488,88511,230,284,10978,
191.48390874863745,88511,229,285,10978,
191.48471503885895,88511,228,286,10978,
191.49588262398046,88511,227,287,10978,
191.49623616952286,88511,227,286,10979,
191.50201052569457,88511,226,287,10979,
191.50249955385934,88511,225,288,10979,
191.50832372367813,88510,226,288,10979,
191.51267921155215,88509,227,288,10979,
191.51474293944463,88508,228,288,10979,
191.5150998676621,88508,228,287,10980,
191.52914665727178,88508,227,288,10980,
191.5345870247429,88508,226,289,10980,
191.554123318734,88508,226,288,10981,
191.5547640946072,88507,227,288,10981,
191.5624013365271,88507,226,289,10981,
191.56576413999844,88506,227,289,10981,
191.57494263172038,88505,228,289,10981,
191.57638353555146,88504,229,289,10981,
191.5843882869207,88503,230,289,10981,
191.58785344754375,88502,231,289,10981,
191.59263951155367,88502,230,290,10981,
191.59439589159948,88502,229,291,10981,
191.61932164763869,88502,228,292,10981,
191.63606351807988,88502,227,293,10981,
191.64049717471545,88501,228,293,10981,
191.65862828724818,88501,228,292,10982,
191.68912383638187,88501,227,293,10982,
191.69053250878005,88501,227,292,10983,
191.69377879218354,88500,228,292,10983,
191.69410005652415,88499,229,292,10983,
191.69784346021086,88499,229,291,10984,
191.70006739213153,88499,229,290,10985,
191.70140614228401,88499,229,289,10986,
191.70417315849147,88498,230,289,10986,
191.72297079333524,88497,231,289,10986,
191.7840537646578,88496,232,289,10986,
191.8109868580611,88496,231,290,10986,
191.81291247175972,88495,232,290,10986,
191.8141677772722,88495,232,289,10987,
191.81712277717395,88494,233,289,10987,
191.87120107594623,88494,233,288,10988,
191.87141891310753,88493,234,288,10988,
191.87223657329199,88493,233,289,10988,
191.8748842766921,88492,234,289,10988,
191.8793058026499,88491,235,289,10988,
191.8870474696636,88490,236,289,10988,
191.89517688666626,88490,236,288,10989,
191.9147425765339,88489,237,288,10989,
191.9177964051473,88488,238,288,10989,
191.92228702005735,88488,238,287,10990,
191.92271254755386,88487,239,287,10990,
191.92813813850407,88487,238,288,10990,
191.93116547002634,88487,237,289,10990,
191.9388559306426,88486,238,289,10990,
191.94526874292757,88486,238,288,10991,
191.94742590774788,88486,238,287,10992,
191.95451417963264,88486,237,288,10992,
191.9730539320937,88486,236,289,10992,
191.97638922629628,88485,237,289,10992,
191.97777570245285,88485,237,288,10993,
191.9821581388045,88485,236,289,10993,
191.99074443163434,88484,237,289,10993,
192.0120531567754,88483,238,289,10993,
192.01326945319795,88482,239,289,10993,
192.0153308129244,88482,239,288,10994,
192.0163809431161,88482,238,289,10994,
192.02211310880267,88482,237,290,10994,
192.028634509109,88482,236,291,10994,
192.02909992336402,88481,237,291,10994,
192.0295546653286,88481,236,292,10994,
192.02980019995488,88481,235,293,10994,
192.05340376346106,88481,234,294,10994,
192.06721332046902,88480,235,294,10994,
192.07145274676571,88480,234,295,10994,
192.07919429130325,88480,233,296,10994,
192.08008297801854,88480,232,297,10994,
192.086327738883,88479,233,297,10994,
192.09262927410603,88478,234,297,10994,
192.1132574327799,88477,235,297,10994,
192.11330529905445,88477,234,298,10994,
192.12066306095207,88477,234,297,10995,
192.1316268223566,88477,233,298,10995,
192.15349559056028,88477,232,299,10995,
192.16224140074254,88477,231,300,10995,
192.17178885912702,88477,231,299,10996,
192.1752708744827,88476,232,299,10996,
192.18230782056347,88475,233,299,10996,
192.19214524122157,88475,232,300,10996,
192.20425546904596,88475,231,301,10996,
192.21966673591805,88475,230,302,10996,
192.23400406617685,88475,229,303,10996,
192.23912184369578,88475,229,302,10997,
192.24091949164023,88475,229,301,10998,
192.24636042438297,88475,229,300,10999,
192.24803682312665,88475,229,299,11000,
192.25564893956906,88475,228,300,11000,
192.25646122044827,88474,229,300,11000,
192.2595035583559,88474,229,299,11001,
192.27222664610343,88474,229,298,11002,
192.2812533704037,88474,229,297,11003,
192.28249706311857,88474,229,296,11004,
192.28462914999656,88474,229,295,11005,
192.29332095720943,88473,230,295,11005,
192.2946719199522,88472,231,295,11005,
192.29642140340695,88472,230,296,11005,
192.30044175578706,88472,229,297,11005,
192.31073775478532,88471,230,297,11005,
192.32341472215066,88470,231,297,11005,
192.33606141896524,88470,230,298,11005,
192.33755042446546,88469,231,298,11005,
192.3462198076002,88469,230,299,11005,
192.3474816088903,88469,230,298,11006,
192.35038402950318,88468,231,298,11006,
192.35470716531296,88468,231,297,11007,
192.36354797152654,88467,232,297,11007,
192.3648957209465,88467,231,298,11007,
192.37671409024654,88466,232,298,11007,
192.37714771882955,88466,231,299,11007,
192.39321950879216,88465,232,299,11007,
192.39791968076526,88465,232,298,11008,
192.40808106827035,88465,232,297,11009,
192.4128963854825,88465,231,298,11009,
192.41469317160124,88464,232,298,11009,
192.41500028377754,88464,232,297,11010,
192.4224988724109,88463,233,297,11010,
192.428674273673,88463,233,296,11011,
192.43471217500857,88463,233,295,11012,
192.43702848903817,88463,233,294,11013,
192.4478390157741,88463,232,295,11013,
192.4599248048772,88463,231,296,11013,
192.4645897282664,88462,232,296,11013,
192.46561323443095,88461,233,296,11013,
192.496139598843,88460,234,296,11013,
192.50413701240348,88459,235,296,11013,
192.51797200693784,88459,234,297,11013,
192.518426062905,88459,233,298,11013,
192.5309388839989,88459,233,297,11014,
192.54040052197809,88458,234,297,11014,
192.54506148158734,88458,234,296,11015,
192.5470566504623,88458,233,297,11015,
192.54811970331917,88457,234,297,11015,
192.55262446030795,88457,234,296,11016,
192.5558951581907,88456,235,296,11016,
192.55875637512978,88456,235,295,11017,
192.5592019390905,88456,235,294,11018,
192.56392907121474,88455,236,294,11018,
192.57517214194536,88455,235,295,11018,
192.58305864799422,88455,235,294,11019,
192.5902477343667,88455,234,295,11019,
192.5904426242392,88455,233,296,11019,
192.59370232289382,88455,233,295,11020,
192.60629174261277,88454,234,295,11020,
192.61653278468532,88454,234,294,11021,
192.6209371252622,88453,235,294,11021,
192.62229471584874,88452,236,294,11021,
192.62285212443314,88452,236,293,11022,
192.62313797965572,88452,235,294,11022,
192.6442642164539,88451,236,294,11022,
192.64825334307795,88451,235,295,11022,
192.65075999407304,88451,235,294,11023,
192.660984127434,88450,236,294,11023,
192.66754544876622,88450,235,295,11023,
192.66880061753108,88450,235,294,11024,
192.67098508983457,88450,234,295,11024,
192.67391620312276,88450,234,294,11025,
192.68665833404208,88450,233,295,11025,
192.69317914487638,88449,234,295,11025,
192.70093558773556,88448,235,295,11025,
192.70349649959005,88448,234,296,11025,
192.707349291108,88447,235,296,11025,
192.71851958419558,88447,234,297,11025,
192.72201581024547,88446,235,297,11025,
192.7250259037354,88446,234,298,11025,
192.73095890952658,88445,235,298,11025,
192.75986164713294,88445,234,299,11025,
192.76984554116098,88445,234,298,11026,
192.77206119619177,88444,235,298,11026,
192.78682557422974,88443,236,298,11026,
192.78956394705722,88442,237,298,11026,
192.80682031170238,88442,236,299,11026,
192.80695639800425,88441,237,299,11026,
192.82005443352566,88440,238,299,11026,
192.82423034412903,88440,238,298,11027,
192.83649180831716,88439,239,298,11027,
192.83833093774896,88438,240,298,11027,
192.8509981285896,88438,240,297,11028,
192.85441103097787,88437,241,297,11028,
192.8601041833502,88436,242,297,11028,
192.87374103729002,88435,243,297,11028,
192.87479604099346,88434,244,297,11028,
192.87559947632064,88434,243,298,11028,
192.87577636274622,88434,242,299,11028,
192.88061467102273,88434,242,298,11029,
192.88287291163326,88434,242,297,11030,
192.892283056756,88434,242,296,11031,
192.90920569159604,88434,242,295,11032,
192.91360148007408,88433,243,295,11032,
192.92181263847579,88433,242,296,11032,
192.9312612575005,88433,241,297,11032,
192.9421862743862,88433,241,296,11033,
192.94853465153278,88433,240,297,11033,
192.95037797017335,88432,241,297,11033,
192.95078035379194,88432,240,298,11033,
192.95337688807646,88432,239,299,11033,
192.95814500582972,88432,238,300,11033,
192.95959149597417,88431,239,300,11033,
192.97657456918628,88430,240,300,11033,
192.98259072733669,88430,239,301,11033,
193.01146508877324,88430,239,300,11034,
193.01778922348308,88430,238,301,11034,
193.03214512851793,88430,238,300,11035,
193.0322961023178,88430,238,299,11036,
193.0509214864033,88429,239,299,11036,
193.05461983254796,88428,240,299,11036,
193.0573265646721,88428,240,298,11037,
193.05943135611062,88427,241,298,11037,
193.06081939049477,88427,241,297,11038,
193.06423524792154,88427,240,298,11038,
193.08290307157745,88426,241,298,11038,
193.08335557014607,88426,241,297,11039,
193.11709308511465,88426,240,298,11039,
193.12472945285515,88425,241,298,11039,
193.12922226609817,88425,240,299,11039,
193.1353023424516,88424,241,299,11039,
193.14236399338853,88423,242,299,11039,
193.14272217955786,88423,242,298,11040,
193.14689071386294,88423,241,299,11040,
193.15724410123497,88423,241,298,11041,
193.16249438095613,88422,242,298,11041,
193.1643008679457,88421,243,298,11041,
193.16444963975422,88420,244,298,11041,
193.16503457332604,88420,243,299,11041,
193.17115354806072,88419,244,299,11041,
193.17894927763533,88419,243,300,11041,
193.19063126976758,88419,243,299,11042,
193.19977113752586,88419,243,298,11043,
193.2258954925872,88419,242,299,11043,
193.22701927212205,88418,243,299,11043,
193.23012753663866,88418,242,300,11043,
193.2369516335213,88418,241,301,11043,
193.24705194235497,88417,242,301,11043,
193.25671198641726,88417,242,300,11044,
193.25706376252475,88417,242,299,11045,
193.26257838438733,88416,243,299,11045,
193.31873328661976,88415,244,299,11045,
193.33201073344097,88415,244,298,11046,
193.33566746811883,88414,245,298,11046,
193.3415829843335,88414,244,299,11046,
193.3454195767454,88414,244,298,11047,
193.34647153461242,88413,245,298,11047,
193.34862350706086,88413,244,299,11047,
193.35214449032028,88413,243,300,11047,
193.35754863060777,88412,244,300,11047,
193.36291939564887,88412,243,301,11047,
193.3733362638987,88411,244,301,11047,
193.37686074718113,88411,244,300,11048,
193.3892674210797,88410,245,300,11048,
193.40545695139596,88410,244,301,11048,
193.4102781260308,88410,244,300,11049,
193.4165915809775,88410,243,301,11049,
193.42107392744714,88409,244,301,11049,
193.4295350364274,88409,243,302,11049,
193.4303125197832,88409,243,301,11050,
193.4316383761238,88408,244,301,11050,
193.46035091182276,88408,243,302,11050,
193.47026681453275,88407,244,302,11050,
193.48213922911413,88407,243,303,11050,
193.4841617890766,88407,242,304,11050,
193.48636325383555,88407,242,303,11051,
193.48858298961184,88407,242,302,11052,
193.49236780012114,88407,241,303,11052,
193.50314910322822,88407,240,304,11052,
193.53066128896864,88407,240,303,11053,
193.53451834184546,88407,239,304,11053,
193.53644950283038,88407,239,303,11054,
193.53837264264791,88407,239,302,11055,
193.54580211708438,88406,240,302,11055,
193.54667586912703,88406,240,301,11056,
193.54808094735026,88405,241,301,11056,
193.54940350006154,88404,242,301,11056,
193.5570489730021,88404,242,300,11057,
193.5705365045957,88404,242,299,11058,
193.59110390145742,88404,241,300,11058,
193.60113826200808,88403,242,300,11058,
193.6049024243638,88403,241,301,11058,
193.61029943781227,88403,241,300,11059,
193.612844733325,88402,242,300,11059,
193.6176993966878,88401,243,300,11059,
193.6215933273468,88400,244,300,11059,
193.6285193385163,88400,243,301,11059,
193.63687377844667,88399,244,301,11059,
193.63907547386702,88399,243,302,11059,
193.65221518495244,88398,244,302,11059,
193.65250252473598,88397,245,302,11059,
193.66054239814014,88397,245,301,11060,
193.67397265794324,88397,245,300,11061,
193.6769817081737,88396,246,300,11061,
193.67740596958842,88396,245,301,11061,
193.68387406187418,88395,246,301,11061,
193.68979600816843,88395,245,302,11061,
193.69386245433836,88395,244,303,11061,
193.69442566389253,88395,243,304,11061,
193.70384173904617,88395,242,305,11061,
193.7102024284387,88394,243,305,11061,
193.7139672525883,88393,244,305,11061,
193.71628991327913,88393,243,306,11061,
193.71984312089168,88392,244,306,11061,
193.72045311985252,88391,245,306,11061,
193.7343173597329,88391,244,307,11061,
193.7358802363793,88390,245,307,11061,
193.75965909050907,88390,244,308,11061,
193.76118172053256,88390,244,307,11062,
193.76192581657412,88390,243,308,11062,
193.7699157096114,88389,244,308,11062,
193.78468559517546,88389,244,307,11063,
193.79897886915091,88389,243,308,11063,
193.80339680592573,88389,242,309,11063,
193.8266613650668,88389,242,308,11064,
193.83361335603482,88389,241,309,11064,
193.8337610096823,88389,240,310,11064,
193.8575530755383,88388,241,310,11064,
193.85821869473097,88388,240,311,11064,
193.8651186768516,88388,240,310,11065,
193.8657574445003,88387,241,310,11065,
193.86669699488525,88387,240,311,11065,
193.8723469095358,88387,240,310,11066,
193.88154777792292,88387,239,311,11066,
193.88606057672536,88387,238,312,11066,
193.89305413966036,88387,237,313,11066,
193.9035228656471,88386,238,313,11066,
193.90556533593843,88386,237,314,11066,
193.9063987067126,88386,236,315,11066,
193.9096877368484,88386,236,314,11067,
193.9163577860069,88385,237,314,11067,
193.92093286078355,88385,236,315,11067,
193.92305137006915,88384,237,315,11067,
193.94012108857925,88383,238,315,11067,
193.9457592510735,88383,237,316,11067,
193.9458563573718,88383,236,317,11067,
193.94994610713377,88382,237,317,11067,
193.97531933815998,88382,237,316,11068,
193.97709691192995,88381,238,316,11068,
193.9807409750151,88381,237,317,11068,
193.99435580217053,88381,236,318,11068,
193.9973009968159,88381,236,317,11069,
194.00293089264088,88381,236,316,11070,
194.00716058010335,88380,237,316,11070,
194.01275177098535,88379,238,316,11070,
194.0272439094568,88378,239,316,11070,
194.0503380931172,88378,238,317,11070,
194.0507258936447,88378,238,316,11071,
194.0605975142582,88378,238,315,11072,
194.0774602094902,88378,238,314,11073,
194.0779882562025,88378,238,313,11074,
194.0997751197668,88378,237,314,11074,
194.1084672533303,88378,236,315,11074,
194.1102966269081,88377,237,315,11074,
194.1222293562472,88377,237,314,11075,
194.12584116115082,88377,237,313,11076,
194.12949041370376,88377,237,312,11077,
194.13234352471966,88377,236,313,11077,
194.13418175801988,88376,237,313,11077,
194.14816228883643,88376,236,314,11077,
194.1496268170197,88375,237,314,11077,
194.15323059488554,88374,238,314,11077,
194.1564681394502,88373,239,314,11077,
194.16353957173268,88372,240,314,11077,
194.16392262430045,88372,239,315,11077,
194.17617846704724,88372,238,316,11077,
194.17634261547417,88371,239,316,11077,
194.18419812974423,88371,239,315,11078,
194.19159590795584,88370,240,315,11078,
194.196570970716,88370,239,316,11078,
194.19725004170397,88370,239,315,11079,
194.19922218569363,88370,239,314,11080,
194.201440124847,88370,239,313,11081,
194.20391703541586,88370,238,314,11081,
194.20471306374398,88370,237,315,11081,
194.2216160038656,88370,236,316,11081,
194.23366030511306,88369,237,316,11081,
194.23733105535624,88368,238,316,11081,
194.24016710160322,88367,239,316,11081,
194.2475214442095,88367,238,317,11081,
194.2577699468195,88366,239,317,11081,
194.2608286586868,88365,240,317,11081,
194.27205637533183,88364,241,317,11081,
194.27726406677783,88364,240,318,11081,
194.27785988471112,88363,241,318,11081,
194.27922569420303,88362,242,318,11081,
194.28777702031906,88361,243,318,11081,
194.28785266247212,88361,242,319,11081,
194.29235279438137,88361,242,318,11082,
194.30457370846642,88360,243,318,11082,
194.30563397341106,88360,242,319,11082,
194.30890117311412,88360,242,318,11083,
194.3102853031031,88359,243,318,11083,
194.31058170586022,88359,243,317,11084,
194.32417386658992,88358,244,317,11084,
194.33010086589206,88358,244,316,11085,
194.3354105853875,88358,244,315,11086,
194.34436976753108,88357,245,315,11086,
194.34534333324694,88356,246,315,11086,
194.34720167559723,88356,246,314,11087,
194.3502008454845,88356,245,315,11087,
194.35707107862376,88355,246,315,11087,
194.37571664739335,88355,245,316,11087,
194.38195620458757,88355,245,315,11088,
194.41074212814488,88355,244,316,11088,
194.41327464072762,88355,244,315,11089,
194.41483369781324,88355,243,316,11089,
194.42176273607802,88355,243,315,11090,
194.4309460326888,88354,244,315,11090,
194.43467630251632,88354,244,314,11091,
194.44933428831285,88354,243,315,11091,
194.46045414746897,88354,242,316,11091,
194.46932325927378,88354,241,317,11091,
194.48606081340267,88354,240,318,11091,
194.50145014797909,88353,241,318,11091,
194.50833152261353,88353,240,319,11091,
194.51172133887331,88353,240,318,11092,
194.52532818566226,88352,241,318,11092,
194.52970231134273,88351,242,318,11092,
194.5341694032213,88351,241,319,11092,
194.5370948910916,88350,242,319,11092,
194.54021742132934,88350,242,318,11093,
194.55997852003065,88350,241,319,11093,
194.56024618896643,88350,241,318,11094,
194.56104007601965,88350,241,317,11095,
194.56195764457587,88349,242,317,11095,
194.56344137105646,88349,241,318,11095,
194.56492557988514,88348,242,318,11095,
194.56557010400704,88347,243,318,11095,
194.57139946040576,88347,242,319,11095,
194.58158569170533,88346,243,319,11095,
194.58617956241434,88345,244,319,11095,
194.59329381788896,88345,244,318,11096,
194.59786157371448,88344,245,318,11096,
194.60965138535877,88344,244,319,11096,
194.61666088897795,88344,243,320,11096,
194.6351759607764,88344,242,321,11096,
194.6361211222139,88343,243,321,11096,
194.63798210863672,88342,244,321,11096,
194.64174948068256,88342,243,322,11096,
194.64214278602273,88342,243,321,11097,
194.6453321538548,88341,244,321,11097,
194.65303158229761,88341,243,322,11097,
194.65721366153844,88341,242,323,11097,
194.6610888776846,88340,243,323,11097,
194.6649573493736,88339,244,323,11097,
194.6719362016306,88338,245,323,11097,
194.67798320868545,88337,246,323,11097,
194.68516627058705,88337,245,324,11097,
194.6861170798738,88336,246,324,11097,
194.69325077074416,88336,245,325,11097,
194.69518471975246,88335,246,325,11097,
194.70164297473949,88335,246,324,11098,
194.71010175794174,88335,245,325,11098,
194.7126008575051,88335,244,326,11098,
194.72891010123342,88335,244,325,11099,
194.7349672078862,88335,244,324,11100,
194.73998727505366,88334,245,324,11100,
194.74574462932972,88333,246,324,11100,
194.75554710477002,88333,246,323,11101,
194.7580031269148,88333,245,324,11101,
194.76551448760375,88333,245,323,11102,
194.76867906812987,88332,246,323,11102,
194.77128539526998,88331,247,323,11102,
194.7791310905319,88331,246,324,11102,
194.78523668164,88331,246,323,11103,
194.7877501016827,88330,247,323,11103,
194.79065110074708,88330,246,324,11103,
194.79430432731405,88329,247,324,11103,
194.79535492878978,88329,246,325,11103,
194.79671818494802,88328,247,325,11103,
194.80757024870454,88327,248,325,11103,
194.810812249201,88326,249,325,11103,
194.82512127721589,88325,250,325,11103,
194.83804388277042,88324,251,325,11103,
194.8432130599739,88324,251,324,11104,
194.85360942771194,88324,250,325,11104,
194.85936273115288,88324,249,326,11104,
194.87458777839657,88324,248,327,11104,
194.88025901108918,88323,249,327,11104,
194.8908578370033,88323,249,326,11105,
194.91152073268586,88322,250,326,11105,
194.91176913278358,88322,249,327,11105,
194.91264606893182,88321,250,327,11105,
194.9167144451543,88321,249,328,11105,
194.92069668280226,88321,249,327,11106,
194.92512388460526,88321,248,328,11106,
194.92795724369324,88321,248,327,11107,
194.94133239627328,88321,247,328,11107,
194.94514370939174,88321,246,329,11107,
194.9560717869954,88321,245,330,11107,
194.95661423308852,88321,245,329,11108,
194.95878762028832,88321,244,330,11108,
194.96799515906477,88321,244,329,11109,
194.97093790427766,88321,243,330,11109,
194.98492075321377,88320,244,330,11109,
194.99888885085434,88319,245,330,11109,
195.005460623182,88319,244,331,11109,
195.0095752238356,88319,243,332,11109,
195.01119538750223,88319,242,333,11109,
195.0279609677211,88319,241,334,11109,
195.0454363288791,88319,241,333,11110,
195.0472879190019,88319,241,332,11111,
195.0598660347355,88319,240,333,11111,
195.0815521621339,88318,241,333,11111,
195.0825280675374,88318,241,332,11112,
195.0849643644221,88318,240,333,11112,
195.08601726663065,88317,241,333,11112,
195.0890383704257,88317,241,332,11113,
195.09094305314335,88316,242,332,11113,
195.11046920213406,88315,243,332,11113,
195.11874973654557,88314,244,332,11113,
195.1188793091465,88314,244,331,11114,
195.12450509073594,88314,244,330,11115,
195.12459716816068,88314,243,331,11115,
195.12493449890547,88314,242,332,11115,
195.13544516932862,88314,241,333,11115,
195.1400067307302,88313,242,333,11115,
195.152865555482,88313,241,334,11115,
195.1662368288975,88312,242,334,11115,
195.18237640524433,88312,242,333,11116,
195.18459116538097,88311,243,333,11116,
195.18649488594212,88310,244,333,11116,
195.19581419629196,88309,245,333,11116,
195.19769880265412,88309,245,332,11117,
195.20254764732707,88309,245,331,11118,
195.23440874686904,88309,244,332,11118,
195.23592249486734,88309,244,331,11119,
195.23625890394692,88309,243,332,11119,
195.23638043995408,88308,244,332,11119,
195.23922771581974,88308,243,333,11119,
195.2409060460636,88308,242,334,11119,
195.24858643161926,88308,241,335,11119,
195.26432398251717,88307,242,335,11119,
195.26460908685013,88307,242,334,11120,
195.27556988177273,88306,243,334,11120,
195.2794100383932,88306,242,335,11120,
195.30576483164623,88306,241,336,11120,
195.30757508218585,88305,242,336,11120,
195.3097200544304,88305,241,337,11120,
195.3115519118036,88305,240,338,11120,
195.31257848035625,88305,239,339,11120,
195.31291988625532,88305,239,338,11121,
195.31490637050229,88304,240,338,11121,
195.32120785013407,88304,240,337,11122,
195.32731983227518,88304,239,338,11122,
195.33382934736727,88304,238,339,11122,
195.33696120726333,88304,237,340,11122,
195.34008460731116,88303,238,340,11122,
195.36951909377385,88303,238,339,11123,
195.3701701729172,88302,239,339,11123,
195.37116024525787,88301,240,339,11123,
195.37239210018245,88301,239,340,11123,
195.37337898656824,88301,239,339,11124,
195.3867868040985,88301,239,338,11125,
195.3931128960863,88300,240,338,11125,
195.4015478852043,88299,241,338,11125,
195.4026957436983,88299,241,337,11126,
195.40440832947854,88299,240,338,11126,
195.4082751020955,88299,239,339,11126,
195.40876637287684,88299,238,340,11126,
195.42170487159257,88298,239,340,11126,
195.4416048983404,88297,240,340,11126,
195.44691653369088,88296,241,340,11126,
195.45399715219992,88296,240,341,11126,
195.45460554163935,88295,241,341,11126,
195.46175438083523,88295,240,342,11126,
195.46573801705338,88294,241,342,11126,
195.47723647430257,88294,240,343,11126,
195.47744099679852,88293,241,343,11126,
195.48508540352245,88292,242,343,11126,
195.48653236380392,88292,241,344,11126,
195.491324083941,88291,242,344,11126,
195.49363302377674,88291,242,343,11127,
195.49581019350654,88291,242,342,11128,
195.49979676042204,88291,242,341,11129,
195.5133994814194,88291,242,340,11130,
195.5143029133184,88291,241,341,11130,
195.526484332139,88290,242,341,11130,
195.53644604992206,88290,241,342,11130,
195.5366535502941,88290,241,341,11131,
195.5547484155602,88290,240,342,11131,
195.55960301389717,88290,239,343,11131,
195.56078643231982,88289,240,343,11131,
195.5619177517041,88289,239,344,11131,
195.56901574056332,88289,239,343,11132,
195.5742412608343,88289,238,344,11132,
195.6003425977157,88289,237,345,11132,
195.6016735936097,88289,236,346,11132,
195.62576125079713,88289,235,347,11132,
195.63140438759615,88289,234,348,11132,
195.67197301872847,88288,235,348,11132,
195.67810904706587,88287,236,348,11132,
195.6785763205077,88286,237,348,11132,
195.68440049262477,88286,237,347,11133,
195.6861074567512,88285,238,347,11133,
195.69567947658848,88284,239,347,11133,
195.69839521030045,88283,240,347,11133,
195.70270002343125,88282,241,347,11133,
195.70547931481508,88282,241,346,11134,
195.709485624893,88282,240,347,11134,
195.71895490147878,88281,241,347,11134,
195.72344314421315,88281,240,348,11134,
195.72358356739443,88281,240,347,11135,
195.72756427771554,88281,240,346,11136,
195.74150425518815,88280,241,346,11136,
195.74275211797712,88280,240,347,11136,
195.74520319551795,88279,241,347,11136,
195.7485866829361,88278,242,347,11136,
195.75567258703367,88277,243,347,11136,
195.76100412139903,88276,244,347,11136,
195.76389281372713,88276,244,346,11137,
195.77083547340388,88275,245,346,11137,
195.7721550670205,88275,245,345,11138,
195.78302156142368,88275,245,344,11139,
195.80488294232427,88274,246,344,11139,
195.81348836280145,88274,245,345,11139,
195.83406793099562,88274,245,344,11140,
195.8417138928973,88274,244,345,11140,
195.84322242679497,88274,244,344,11141,
195.84626044699291,88274,244,343,11142,
195.8590684337484,88274,243,344,11142,
195.85966864259643,88274,243,343,11143,
195.88285267095787,88274,243,342,11144,
195.8853251239778,88273,244,342,11144,
195.90311021416153,88273,244,341,11145,
195.9118298445865,88273,243,342,11145,
195.91375363859555,88272,244,342,11145,
195.91751925317655,88272,243,343,11145,
195.92000647986703,88271,244,343,11145,
195.92660696420418,88270,245,343,11145,
195.93127110873354,88269,246,343,11145,
195.93285064589477,88269,245,344,11145,
195.94012783107962,88268,246,344,11145,
195.9473990307215,88267,247,344,11145,
195.9537936940616,88266,248,344,11145,
195.95656911356605,88265,249,344,11145,
195.95860980176698,88264,250,344,11145,
195.9853479436061,88263,251,344,11145,
195.99202381047263,88262,252,344,11145,
195.99605011590492,88262,251,345,11145,
196.0023650373419,88262,250,346,11145,
196.010072720789,88262,249,347,11145,
196.01896383864838,88262,248,348,11145,
196.02139442096632,88261,249,348,11145,
196.03341483214845,88261,248,349,11145,
196.04455109017758,88261,248,348,11146,
196.04561435798075,88261,247,349,11146,
196.04963939206706,88261,247,348,11147,
196.0696803844047,88261,246,349,11147,
196.0744760694011,88260,247,349,11147,
196.08645010281742,88260,246,350,11147,
196.08669633233274,88260,246,349,11148,
196.08714147882392,88259,247,349,11148,
196.09096210661977,88258,248,349,11148,
196.09588956712298,88258,248,348,11149,
196.10186601630028,88257,249,348,11149,
196.10640690395766,88257,248,349,11149,
196.11164837063495,88256,249,349,11149,
196.1153722973621,88256,248,350,11149,
196.11974557962643,88256,247,351,11149,
196.13505288376786,88255,248,351,11149,
196.13808807955022,88255,247,352,11149,
196.143725575114,88254,248,352,11149,
196.15591160516843,88254,247,353,11149,
196.16150912308285,88253,248,353,11149,
196.18329039460406,88253,248,352,11150,
196.18481755272134,88253,248,351,11151,
196.18632499899832,88253,248,350,11152,
196.19038661014997,88253,247,351,11152,
196.19606911312712,88252,248,351,11152,
196.224321570177,88252,248,350,11153,
196.2329684029973,88252,247,351,11153,
196.23964256238378,88252,246,352,11153,
196.2567157452096,88252,245,353,11153,
196.25857423550227,88252,245,352,11154,
196.26333811232013,88251,246,352,11154,
196.26811044691584,88251,246,351,11155,
196.2783188987321,88250,247,351,11155,
196.29147672832514,88250,246,352,11155,
196.29457649035845,88249,247,352,11155,
196.31644731774313,88249,246,353,11155,
196.31771886899088,88249,246,352,11156,
196.31987033920421,88249,245,353,11156,
196.32255258188394,88248,246,353,11156,
196.32563618943743,88247,247,353,11156,
196.32854815884474,88246,248,353,11156,
196.35149302041543,88245,249,353,11156,
196.3700148686429,88245,248,354,11156,
196.38046206643816,88244,249,354,11156,
196.3815748041992,88243,250,354,11156,
196.40837794947694,88243,249,355,11156,
196.41360659440048,88243,248,356,11156,
196.41474890070546,88242,249,356,11156,
196.41831714358125,88242,248,357,11156,
196.4331002920723,88242,247,358,11156,
196.45988356634007,88241,248,358,11156,
196.4628393123844,88241,248,357,11157,
196.4712807030421,88241,248,356,11158,
196.47269844850743,88241,248,355,11159,
196.48383266568447,88240,249,355,11159,
196.50591966432637,88239,250,355,11159,
196.51176765892362,88239,250,354,11160,
196.51847968758034,88239,250,353,11161,
196.52622123234815,88239,250,352,11162,
196.5279290741174,88239,249,353,11162,
196.53675720207286,88238,250,353,11162,
196.54819057976502,88237,251,353,11162,
196.55067141819714,88237,251,352,11163,
196.55584011286052,88237,250,353,11163,
196.55853989753734,88237,249,354,11163,
196.55876973044673,88237,249,353,11164,
196.56517669502395,88236,250,353,11164,
196.5834952524769,88236,250,352,11165,
196.58772280052713,88236,249,353,11165,
196.59999134263353,88235,250,353,11165,
196.60147952500046,88235,250,352,11166,
196.60560290951386,88234,251,352,11166,
196.61282636882754,88233,252,352,11166,
196.62835522675783,88233,252,351,11167,
196.62908776189752,88233,252,350,11168,
196.63317381125464,88233,251,351,11168,
196.6332629512274,88232,252,351,11168,
196.63456479123266,88232,251,352,11168,
196.63736230945227,88232,251,351,11169,
196.64893441276166,88231,252,351,11169,
196.6510171644872,88231,252,350,11170,
196.67586145221097,88231,251,351,11170,
196.68317317274432,88230,252,351,11170,
196.68635078008097,88230,252,350,11171,
196.6931733009064,88229,253,350,11171,
196.69522019998948,88229,252,351,11171,
196.70839901364366,88229,252,350,11172,
196.71001775463472,88228,253,350,11172,
196.72105657516758,88227,254,350,11172,
196.72870907307765,88226,255,350,11172,
196.73313228723524,88226,254,351,11172,
196.7418840380194,88226,253,352,11172,
196.74779646234958,88225,254,352,11172,
196.7705155977081,88225,254,351,11173,
196.775752727475,88224,255,351,11173,
196.77689507559413,88224,254,352,11173,
196.79346980653116,88224,253,353,11173,
196.8020257498563,88224,253,352,11174,
196.80562382131552,88223,254,352,11174,
196.81549310140934,88223,254,351,11175,
196.8206994784296,88222,255,351,11175,
196.82630338618782,88221,256,351,11175,
196.83221924916876,88220,257,351,11175,
196.8342860937862,88219,258,351,11175,
196.8496439411772,88219,258,350,11176,
196.8508898239096,88219,258,349,11177,
196.85393709536575,88218,259,349,11177,
196.85849149146145,88217,260,349,11177,
196.86005659630624,88217,259,350,11177,
196.87008627065632,88217,259,349,11178,
196.87160816016072,88217,258,350,11178,
196.89499957185993,88217,257,351,11178,
196.8979188999209,88217,256,352,11178,
196.90026418319192,88216,257,352,11178,
196.90609877705452,88215,258,352,11178,
196.91737079574244,88215,257,353,11178,
196.9236247706367,88214,258,353,11178,
196.92708242726826,88214,258,352,11179,
196.94031607397102,88214,257,353,11179,
196.94215816786985,88214,256,354,11179,
196.9427711774267,88214,255,355,11179,
196.95428478980733,88214,255,354,11180,
196.96881928537124,88213,256,354,11180,
196.9796288649386,88213,256,353,11181,
196.9832266308644,88213,256,352,11182,
196.9857594541466,88212,257,352,11182,
196.99607872527196,88211,258,352,11182,
196.99831643332644,88211,258,351,11183,
197.02324555572412,88211,257,352,11183,
197.0364823624414,88210,258,352,11183,
197.036605713606,88209,259,352,11183,
197.04114191984547,88209,258,353,11183,
197.04420588106285,88209,257,354,11183,
197.0548980574218,88209,256,355,11183,
197.0556173421024,88209,256,354,11184,
197.05864368322324,88209,256,353,11185,
197.07571230077963,88209,255,354,11185,
197.07633813207553,88209,255,353,11186,
197.08378309152403,88209,255,352,11187,
197.08676295902086,88208,256,352,11187,
197.09617715542623,88208,255,353,11187,
197.09743989291908,88208,254,354,11187,
197.098208959819,88207,255,354,11187,
197.10811317285592,88207,254,355,11187,
197.1105758989919,88207,254,354,11188,
197.1134686288239,88206,255,354,11188,
197.12094224764232,88206,255,353,11189,
197.12713338621631,88206,254,354,11189,
197.13127631281398,88205,255,354,11189,
197.13546013083374,88205,255,353,11190,
197.16343520199283,88205,255,352,11191,
197.18265954068247,88205,255,351,11192,
197.18989365890997,88205,254,352,11192,
197.19041490263513,88205,253,353,11192,
197.1917139493312,88205,252,354,11192,
197.19598458358868,88204,253,354,11192,
197.20488533429204,88204,253,353,11193,
197.21350372761907,88204,252,354,11193,
197.21646703851846,88203,253,354,11193,
197.22387345387435,88203,253,353,11194,
197.22768560042584,88203,253,352,11195,
197.24384456619802,88203,252,353,11195,
197.25610014464763,88203,252,352,11196,
197.267238838331,88203,252,351,11197,
197.26756898921053,88203,251,352,11197,
197.27359591218146,88202,252,352,11197,
197.27657977129334,88202,252,351,11198,
197.28550573420475,88201,253,351,11198,
197.28757696609867,88201,252,352,11198,
197.2923381327094,88201,251,353,11198,
197.2933429097682,88200,252,353,11198,
197.3313496119553,88200,251,354,11198,
197.33784658618023,88200,250,355,11198,
197.34059820021344,88199,251,355,11198,
197.35327150811827,88198,252,355,11198,
197.36388409823996,88197,253,355,11198,
197.36954350806576,88197,253,354,11199,
197.37693677006448,88196,254,354,11199,
197.37927688694322,88196,253,355,11199,
197.3833144891331,88196,252,356,11199,
197.38407785291017,88195,253,356,11199,
197.40014583819374,88195,253,355,11200,
197.40255602410033,88195,252,356,11200,
197.41798261433004,88194,253,356,11200,
197.4207825144053,88193,254,356,11200,
197.42192213147274,88193,253,357,11200,
197.42365557008685,88193,253,356,11201,
197.42597781432949,88192,254,356,11201,
197.42617322703612,88191,255,356,11201,
197.44056699562324,88191,254,357,11201,
197.45235612117597,88191,253,358,11201,
197.4585382962907,88190,254,358,11201,
197.47232012950772,88190,253,359,11201,
197.47282963113813,88189,254,359,11201,
197.48101836359885,88188,255,359,11201,
197.48170173308384,88187,256,359,11201,
197.48903317698995,88187,256,358,11202,
197.48970113667963,88187,255,359,11202,
197.49312712960926,88187,254,360,11202,
197.49610687309416,88186,255,360,11202,
197.4964413310625,88186,254,361,11202,
197.50289952842203,88186,254,360,11203,
197.5101684963346,88186,254,359,11204,
197.51513714575657,88186,254,358,11205,
197.52006886674053,88186,253,359,11205,
197.5205145157099,88186,253,358,11206,
197.52237729455433,88186,252,359,11206,
197.5285373656042,88185,253,359,11206,
197.52963672434404,88185,253,358,11207,
197.5407650427002,88185,252,359,11207,
197.55955543761883,88185,252,358,11208,
197.58041312874096,88184,253,358,11208,
197.59782645014596,88184,253,357,11209,
197.61781347421197,88184,252,358,11209,
197.6184121234436,88184,252,357,11210,
197.61886546850855,88184,251,358,11210,
197.62010244312856,88184,251,357,11211,
197.62459407298994,88184,251,356,11212,
197.64894368728835,88184,250,357,11212,
197.65562265117532,88184,249,358,11212,
197.65931750381944,88184,248,359,11212,
197.66027558891926,88184,248,358,11213,
197.66230768733604,88183,249,358,11213,
197.66315901651325,88182,250,358,11213,
197.68970353489854,88182,249,359,11213,
197.69668644932838,88182,248,360,11213,
197.7021558745516,88181,249,360,11213,
197.70307997177736,88181,248,361,11213,
197.7072769362025,88181,248,360,11214,
197.72170109567952,88181,247,361,11214,
197.72497133222993,88181,246,362,11214,
197.73327071248727,88181,245,363,11214,
197.736910275971,88180,246,363,11214,
197.73696184418122,88179,247,363,11214,
197.7427788075763,88178,248,363,11214,
197.74335703226646,88177,249,363,11214,
197.75344897995762,88177,249,362,11215,
197.75488201730562,88177,248,363,11215,
197.75700931855192,88176,249,363,11215,
197.76266876023357,88176,249,362,11216,
197.76867204051655,88175,250,362,11216,
197.78490505209453,88175,250,361,11217,
197.78746845506598,88175,250,360,11218,
197.8035597913762,88175,249,361,11218,
197.81306865323333,88174,250,361,11218,
197.8146711577557,88174,250,360,11219,
197.82316284676202,88173,251,360,11219,
197.82410436318781,88173,250,361,11219,
197.83313855840757,88173,250,360,11220,
197.84324387301638,88172,251,360,11220,
197.8503138164613,88172,250,361,11220,
197.8526576258637,88172,250,360,11221,
197.8543315535244,88171,251,360,11221,
197.86393508216946,88170,252,360,11221,
197.8695329907892,88170,251,361,11221,
197.88243165776694,88170,250,362,11221,
197.8887628732804,88170,249,363,11221,
197.89983397208252,88170,248,364,11221,
197.90430946049028,88170,248,363,11222,
197.90489283569178,88170,247,364,11222,
197.909838834907,88170,246,365,11222,
197.91830612960376,88170,245,366,11222,
197.92297175784822,88169,246,366,11222,
197.9302722479362,88169,246,365,11223,
197.93083113181024,88168,247,365,11223,
197.93654870078205,88167,248,365,11223,
197.9443806775684,88166,249,365,11223,
197.94979653955045,88166,248,366,11223,
197.9550730799773,88165,249,366,11223,
197.9558695861003,88165,249,365,11224,
197.96517953619423,88164,250,365,11224,
197.9668869515497,88164,250,364,11225,
197.9681192904911,88164,250,363,11226,
198.0057573921156,88164,249,364,11226,
198.01459304283117,88163,250,364,11226,
198.02796288803307,88162,251,364,11226,
198.02948767627655,88161,252,364,11226,
198.04607644563026,88160,253,364,11226,
198.06390918884748,88159,254,364,11226,
198.0926057005729,88159,253,365,11226,
198.10492052150516,88159,252,366,11226,
198.10588369838985,88159,252,365,11227,
198.1074338306837,88159,251,366,11227,
198.11644572361814,88158,252,366,11227,
198.1203972989061,88158,252,365,11228,
198.1228576876507,88157,253,365,11228,
198.12294028823146,88157,253,364,11229,
198.15783137297223,88156,254,364,11229,
198.1650020795685,88155,255,364,11229,
198.16613732115115,88155,255,363,11230,
198.1751588587705,88154,256,363,11230,
198.18304871291014,88154,255,364,11230,
198.19267731806198,88154,254,365,11230,
198.19392929442407,88154,253,366,11230,
198.21338001378007,88154,253,365,11231,
198.2182948166977,88153,254,365,11231,
198.21848545413246,88153,254,364,11232,
198.21972914080268,88153,253,365,11232,
198.22084752446915,88153,253,364,11233,
198.23061936629165,88153,252,365,11233,
198.23824738098637,88153,251,366,11233,
198.2436516356722,88153,251,365,11234,
198.2487286065093,88152,252,365,11234,
198.26426827797962,88152,251,366,11234,
198.26916832330357,88152,251,365,11235,
198.26968238375835,88151,252,365,11235,
198.27592513483518,88151,252,364,11236,
198.28147447185322,88151,251,365,11236,
198.28168715984597,88151,250,366,11236,
198.2926655871521,88151,249,367,11236,
198.31037023965808,88151,249,366,11237,
198.3125133869294,88150,250,366,11237,
198.3196279792147,88150,250,365,11238,
198.31989434262897,88150,249,366,11238,
198.3286928539524,88150,248,367,11238,
198.33026555974627,88150,247,368,11238,
198.33521026134517,88150,246,369,11238,
198.3395318941675,88150,246,368,11239,
198.3470930688182,88150,246,367,11240,
198.3519228273811,88150,245,368,11240,
198.35221774635798,88150,244,369,11240,
198.36700753620536,88150,243,370,11240,
198.36978891199973,88149,244,370,11240,
198.37370278779503,88149,243,371,11240,
198.37532662227702,88149,242,372,11240,
198.4072354780716,88149,241,373,11240,
198.42793574715958,88148,242,373,11240,
198.43190438942275,88147,243,373,11240,
198.44423539502685,88147,243,372,11241,
198.44519714673723,88147,243,371,11242,
198.45340244044402,88147,243,370,11243,
198.4569167082516,88147,242,371,11243,
198.4818225633046,88147,241,372,11243,
198.48383429410654,88146,242,372,11243,
198.48394931211143,88145,243,372,11243,
198.48433682717092,88145,242,373,11243,
198.4882751514325,88144,243,373,11243,
198.4919723890562,88143,244,373,11243,
198.49588596139608,88143,243,374,11243,
198.50240144269839,88143,243,373,11244,
198.50408480402407,88143,242,374,11244,
198.5044080992896,88142,243,374,11244,
198.50592609815104,88142,242,375,11244,
198.51096321435892,88141,243,375,11244,
198.5138635631776,88140,244,375,11244,
198.51487420367957,88139,245,375,11244,
198.5244339026066,88139,244,376,11244,
198.53321410640592,88139,244,375,11245,
198.5347590761613,88138,245,375,11245,
198.53879876735147,88138,244,376,11245,
198.5456666961535,88138,243,377,11245,
198.5519869002833,88137,244,377,11245,
198.55562844684556,88137,244,376,11246,
198.55782027608822,88137,243,377,11246,
198.56926535588738,88137,242,378,11246,
198.57475874264412,88136,243,378,11246,
198.5827297728976,88136,242,379,11246,
198.58630297670277,88135,243,379,11246,
198.59536510096558,88135,242,380,11246,
198.59672984235675,88135,241,381,11246,
198.5974684101376,88135,241,380,11247,
198.59764265371604,88135,240,381,11247,
198.63048779737792,88134,241,381,11247,
198.63248477263906,88133,242,381,11247,
198.63779294419092,88132,243,381,11247,
198.64364017946602,88132,242,382,11247,
198.6517724207335,88132,241,383,11247,
198.65369193107597,88132,241,382,11248,
198.65730200382023,88132,240,383,11248,
198.66524288494452,88131,241,383,11248,
198.68024291893204,88131,241,382,11249,
198.69313956449565,88131,240,383,11249,
198.71098601599434,88131,240,382,11250,
198.7151699463719,88131,240,381,11251,
198.72859742143797,88131,240,380,11252,
198.73159911834503,88131,240,379,11253,
198.75035249327613,88131,239,380,11253,
198.75137561885788,88130,240,380,11253,
198.7564005508427,88129,241,380,11253,
198.75648340948138,88129,241,379,11254,
198.7574393964388,88129,240,380,11254,
198.76236131856584,88129,240,379,11255,
198.76355655330795,88129,240,378,11256,
198.77353175697166,88128,241,378,11256,
198.77361017577945,88128,240,379,11256,
198.7756639065492,88128,239,380,11256,
198.78546001188727,88127,240,380,11256,
198.79142958969754,88127,240,379,11257,
198.79370376652497,88126,241,379,11257,
198.8090213864568,88126,240,380,11257,
198.80971080112926,88126,240,379,11258,
198.81261086292,88126,240,378,11259,
198.81610593559756,88126,240,377,11260,
198.81981078202804,88126,239,378,11260,
198.8281734360657,88125,240,378,11260,
198.83549133335603,88124,241,378,11260,
198.8388955930664,88124,240,379,11260,
198.84045387230526,88124,240,378,11261,
198.8445002196532,88124,239,379,11261,
198.85444191444049,88124,238,380,11261,
198.86866655466923,88124,238,379,11262,
198.87898405245713,88123,239,379,11262,
198.88146439280632,88123,238,380,11262,
198.8818195512641,88123,237,381,11262,
198.88876429012632,88122,238,381,11262,
198.8924032778253,88122,238,380,11263,
198.9004166719249,88121,239,380,11263,
198.90076441446146,88120,240,380,11263,
198.90512564621434,88120,240,379,11264,
198.91139331212355,88119,241,379,11264,
198.91171182307647,88119,240,380,11264,
198.91470433284726,88119,240,379,11265,
198.91792759270777,88118,241,379,11265,
198.92193412444243,88118,240,380,11265,
198.92197286783093,88118,239,381,11265,
198.9437788544137,88118,239,380,11266,
198.94477577297894,88117,240,380,11266,
198.94608210785412,88116,241,380,11266,
198.94955081486248,88115,242,380,11266,
198.95135835721518,88114,243,380,11266,
198.9645623243343,88114,243,379,11267,
198.96761060815257,88114,242,380,11267,
198.9811081636874,88114,241,381,11267,
198.9969482156223,88114,240,382,11267,
199.0084730428576,88113,241,382,11267,
199.00977168000665,88113,240,383,11267,
199.02223209896982,88113,239,384,11267,
199.03162829569266,88113,239,383,11268,
199.04148150189388,88112,240,383,11268,
199.04474817020363,88112,240,382,11269,
199.04990401652793,88112,239,383,11269,
199.05095248022732,88111,240,383,11269,
199.05304664401666,88111,239,384,11269,
199.0551620530514,88111,238,385,11269,
199.05594138831128,88111,238,384,11270,
199.05597415594775,88110,239,384,11270,
199.0593379842077,88109,240,384,11270,
199.07020983226897,88108,241,384,11270,
199.07565722560156,88108,241,383,11271,
199.08907998579798,88108,240,384,11271,
199.08916578037994,88107,241,384,11271,
199.09515124043963,88106,242,384,11271,
199.09794456398862,88106,241,385,11271,
199.09828896174741,88106,241,384,11272,
199.1009772526096,88106,241,383,11273,
199.1033138929154,88106,240,384,11273,
199.1054752997378,88105,241,384,11273,
199.10734901546056,88104,242,384,11273,
199.112358333893,88104,241,385,11273,
199.11342400615746,88104,241,384,11274,
199.11795057082458,88104,241,383,11275,
199.11919352898815,88104,240,384,11275,
199.1236657702935,88104,239,385,11275,
199.12968586478422,88103,240,385,11275,
199.13497891608807,88102,241,385,11275,
199.13745992019616,88101,242,385,11275,
199.1397529766025,88101,242,384,11276,
199.1454316982743,88101,241,385,11276,
199.15087306018177,88101,241,384,11277,
199.15462609421013,88101,241,383,11278,
199.1653559216906,88100,242,383,11278,
199.1697381835656,88099,243,383,11278,
199.17143807153354,88099,243,382,11279,
199.18369831052325,88098,244,382,11279,
199.18614642489484,88098,244,381,11280,
199.1866420624112,88098,243,382,11280,
199.19136868541608,88097,244,382,11280,
199.19189389448417,88097,243,383,11280,
199.1970824858987,88096,244,383,11280,
199.1991141273399,88095,245,383,11280,
199.20290016423732,88095,245,382,11281,
199.20980606368784,88095,244,383,11281,
199.2123272020964,88095,243,384,11281,
199.21993738688548,88095,242,385,11281,
199.22245034351275,88095,242,384,11282,
199.23312149041357,88095,242,383,11283,
199.23677956838725,88095,242,382,11284,
199.23775855338272,88094,243,382,11284,
199.2464892272616,88094,243,381,11285,
199.24804835480768,88093,244,381,11285,
199.248441549976,88092,245,381,11285,
199.2499118029774,88092,244,382,11285,
199.25901124332165,88091,245,382,11285,
199.2608122841172,88090,246,382,11285,
199.26359488748443,88090,246,381,11286,
199.26639727500435,88090,246,380,11287,
199.2716554064395,88090,246,379,11288,
199.27228129740777,88090,245,380,11288,
199.2770584270036,88090,245,379,11289,
199.27797444888296,88089,246,379,11289,
199.29758750957558,88089,245,380,11289,
199.30265566788034,88088,246,380,11289,
199.31976147786045,88088,246,379,11290,
199.32334746434822,88087,247,379,11290,
199.3257264332791,88087,247,378,11291,
199.32892562000677,88087,246,379,11291,
199.34178535874713,88087,245,380,11291,
199.3513559159769,88087,245,379,11292,
199.35513617256458,88087,244,380,11292,
199.36742593478056,88087,243,381,11292,
199.36861065890713,88086,244,381,11292,
199.36986943590344,88086,243,382,11292,
199.37117405470482,88086,243,381,11293,
199.37733418406222,88086,242,382,11293,
199.38015923044682,88086,241,383,11293,
199.3850453396428,88086,241,382,11294,
199.39103836746995,88086,241,381,11295,
199.39243168917915,88085,242,381,11295,
199.4068897992453,88084,243,381,11295,
199.4230618970028,88084,242,382,11295,
199.42658284961536,88084,241,383,11295,
199.43245069971906,88083,242,383,11295,
199.5016045095468,88083,242,382,11296,
199.5047473021004,88083,242,381,11297,
199.50649067237154,88083,241,382,11297,
199.50691156880796,88083,241,381,11298,
199.5076666278338,88082,242,381,11298,
199.51112483021188,88081,243,381,11298,
199.51254720093917,88081,243,380,11299,
199.52244949351706,88081,243,379,11300,
199.5240947179785,88080,244,379,11300,
199.5305088743988,88080,244,378,11301,
199.5443830106178,88080,244,377,11302,
199.55172712825697,88080,243,378,11302,
199.55787721327042,88080,243,377,11303,
199.56155189405922,88080,243,376,11304,
199.57022473130877,88079,244,376,11304,
199.57128646828727,88078,245,376,11304,
199.57251421253122,88077,246,376,11304,
199.5758785103593,88076,247,376,11304,
199.5780085176652,88075,248,376,11304,
199.5860021050841,88074,249,376,11304,
199.5895153833129,88073,250,376,11304,
199.59657826074803,88072,251,376,11304,
199.60037763888724,88071,252,376,11304,
199.61366044173326,88070,253,376,11304,
199.61888472560196,88069,254,376,11304,
199.63472493561994,88069,254,375,11305,
199.63592531061877,88069,253,376,11305,
199.63772338994045,88069,253,375,11306,
199.63871879676466,88068,254,375,11306,
199.649168685601,88068,254,374,11307,
199.6500835813486,88067,255,374,11307,
199.66956010005782,88067,255,373,11308,
199.67865897860486,88066,256,373,11308,
199.68059050881797,88066,255,374,11308,
199.6824592696787,88066,254,375,11308,
199.68359732039528,88066,253,376,11308,
199.68696066476804,88066,253,375,11309,
199.68718189497952,88066,253,374,11310,
199.69371815926263,88066,253,373,11311,
199.71717723076634,88066,253,372,11312,
199.7461065337032,88066,252,373,11312,
199.74760728927743,88066,252,372,11313,
199.74813185894544,88066,252,371,11314,
199.75047891995698,88066,252,370,11315,
199.75157119950237,88066,251,371,11315,
199.75952358994996,88065,252,371,11315,
199.76215879659338,88065,251,372,11315,
199.76681855685038,88065,251,371,11316,
199.7670878115558,88065,251,370,11317,
199.78588145747636,88064,252,370,11317,
199.80877020677582,88064,251,371,11317,
199.80948157309518,88063,252,371,11317,
199.81231909667704,88063,252,370,11318,
199.8140279127225,88062,253,370,11318,
199.82093147036608,88062,253,369,11319,
199.8219439416521,88062,253,368,11320,
199.82555045487166,88061,254,368,11320,
199.8308287410217,88060,255,368,11320,
199.83534496970938,88059,256,368,11320,
199.83858337963684,88058,257,368,11320,
199.85526394933083,88057,258,368,11320,
199.8734775206141,88056,259,368,11320,
199.8786459725553,88055,260,368,11320,
199.8821148983955,88055,259,369,11320,
199.89385769083563,88055,259,368,11321,
199.8980446407149,88054,260,368,11321,
199.9030472453842,88054,260,367,11322,
199.90373414852712,88054,259,368,11322,
199.90828504078252,88054,258,369,11322,
199.9104181812442,88053,259,369,11322,
199.9130396857274,88052,260,369,11322,
199.9130514242916,88052,259,370,11322,
199.91338084702886,88052,258,371,11322,
199.9165771404564,88051,259,371,11322,
199.92182700454143,88051,258,372,11322,
199.92642449431762,88050,259,372,11322,
199.93076277054863,88049,260,372,11322,
199.93957977864832,88048,261,372,11322,
199.94099133830034,88048,260,373,11322,
199.94449288148607,88048,259,374,11322,
199.945696494545,88047,260,374,11322,
199.95504593315667,88047,259,375,11322,
199.96374911034712,88047,259,374,11323,
199.96433807756281,88047,259,373,11324,
199.96544206505544,88047,258,374,11324,
199.97357571230532,88047,258,373,11325,
199.97387236144294,88047,258,372,11326,
199.97965814782216,88047,257,373,11326,
199.9978447144128,88047,257,372,11327,
199.99921452866593,88047,256,373,11327,
200.0048610422308,88047,255,374,11327,
200.00713773190873,88046,256,374,11327,
200.0082476935996,88046,255,375,11327,
200.01875812900948,88046,255,374,11328,
200.01892556860565,88046,254,375,11328,
200.04445334650407,88046,254,374,11329,
200.04644470844056,88045,255,374,11329,
200.04910728824578,88044,256,374,11329,
200.04947572400755,88044,255,375,11329,
200.06168690345098,88043,256,375,11329,
200.07720892092894,88043,255,376,11329,
200.0801555715848,88043,255,375,11330,
200.08459253973908,88043,254,376,11330,
200.08611741516626,88042,255,376,11330,
200.09218683456845,88042,254,377,11330,
200.10293050296798,88041,255,377,11330,
200.12807057654496,88040,256,377,11330,
200.1307364960168,88039,257,377,11330,
200.14368889735962,88038,258,377,11330,
200.15094799334557,88038,257,378,11330,
200.1555682117111,88038,256,379,11330,
200.15604033724554,88038,256,378,11331,
200.17458940412186,88038,256,377,11332,
200.1808203792253,88038,256,376,11333,
200.18329474758923,88037,257,376,11333,
200.18329836869302,88037,257,375,11334,
200.18656996853395,88036,258,375,11334,
200.1943814893158,88036,257,376,11334,
200.19984665952646,88036,256,377,11334,
200.20765875842756,88035,257,377,11334,
200.21092363434374,88035,256,378,11334,
200.21516286752083,88034,257,378,11334,
200.2234723209,88033,258,378,11334,
200.22385070533048,88033,257,379,11334,
200.2256254791839,88033,256,380,11334,
200.23358948175223,88032,257,380,11334,
200.27004868626787,88031,258,380,11334,
200.27668269042653,88031,258,379,11335,
200.27675714574278,88030,259,379,11335,
200.27700807602304,88029,260,379,11335,
200.28103042601848,88028,261,379,11335,
200.2832345890654,88028,260,380,11335,
200.28892187601522,88028,260,379,11336,
200.30381142713253,88028,259,380,11336,
200.30591275705365,88028,259,379,11337,
200.3099726828754,88027,260,379,11337,
200.316442897884,88026,261,379,11337,
200.31646437398996,88025,262,379,11337,
200.32033499954645,88025,262,378,11338,
200.32847139034644,88024,263,378,11338,
200.33290182790068,88024,262,379,11338,
200.33324575469027,88023,263,379,11338,
200.34401536441027,88022,264,379,11338,
200.3502496316731,88022,263,380,11338,
200.35039896856617,88021,264,380,11338,
200.35295248779727,88021,263,381,11338,
200.35970517278722,88021,262,382,11338,
200.361567744288,88021,262,381,11339,
200.36685101433486,88020,263,381,11339,
200.36812655072467,88020,262,382,11339,
200.37148096853738,88020,261,383,11339,
200.3742544038408,88019,262,383,11339,
200.37559126778078,88019,261,384,11339,
200.38221396210844,88019,260,385,11339,
200.3999382411597,88019,260,384,11340,
200.4041342864416,88018,261,384,11340,
200.40867807764107,88017,262,384,11340,
200.41897325270463,88016,263,384,11340,
200.41998583137624,88015,264,384,11340,
200.4225025905391,88015,264,383,11341,
200.42259053813746,88014,265,383,11341,
200.42351913171746,88013,266,383,11341,
200.42596236930788,88012,267,383,11341,
200.43206066515287,88012,266,384,11341,
200.43949668897852,88011,267,384,11341,
200.44632138388022,88010,268,384,11341,
200.4509493820365,88009,269,384,11341,
200.45358198128983,88009,269,383,11342,
200.45903095298564,88009,268,384,11342,
200.47486635210552,88009,267,385,11342,
200.4752835863514,88009,267,384,11343,
200.48426638222878,88009,267,383,11344,
200.4874317683874,88009,266,384,11344,
200.50618465745418,88008,267,384,11344,
200.50988336751016,88007,268,384,11344,
200.51297442046956,88007,268,383,11345,
200.51422308132655,88007,267,384,11345,
200.5212455422582,88007,266,385,11345,
200.5219163579365,88006,267,385,11345,
200.52653778673505,88005,268,385,11345,
200.52909399744127,88004,269,385,11345,
200.53049170581082,88003,270,385,11345,
200.5496632739096,88002,271,385,11345,
200.55593709515364,88002,271,384,11346,
200.56133171913143,88002,270,385,11346,
200.5681080989582,88002,269,386,11346,
200.5758378635562,88001,270,386,11346,
200.57935220868842,88001,269,387,11346,
200.58170648399297,88001,269,386,11347,
200.58622124616613,88001,269,385,11348,
200.59862584687036,88001,269,384,11349,
200.60394371969096,88001,268,385,11349,
200.6132490976914,88000,269,385,11349,
200.61580759473787,88000,268,386,11349,
200.62160320544524,88000,268,385,11350,
200.62376756785542,88000,268,384,11351,
200.63127939250245,88000,268,383,11352,
200.63542032834988,87999,269,383,11352,
200.64334524736597,87999,269,382,11353,
200.64822413143693,87998,270,382,11353,
200.64865338927888,87997,271,382,11353,
200.65074586630828,87996,272,382,11353,
200.65183352158948,87996,272,381,11354,
200.6572055823716,87995,273,381,11354,
200.66277616560268,87995,273,380,11355,
200.6676525527556,87995,272,381,11355,
200.6745703024437,87994,273,381,11355,
200.68281641002602,87994,273,380,11356,
200.6831780798036,87994,273,379,11357,
200.68437797814204,87994,273,378,11358,
200.69783791263453,87994,272,379,11358,
200.7033208777187,87993,273,379,11358,
200.7079569233792,87993,272,380,11358,
200.71300886025958,87992,273,380,11358,
200.71728803634764,87992,272,381,11358,
200.7223417017596,87992,271,382,11358,
200.7377457567419,87992,271,381,11359,
200.74201949449017,87992,270,382,11359,
200.74547363551477,87991,271,382,11359,
200.74867442757525,87991,270,383,11359,
200.7562103399057,87991,270,382,11360,
200.7566371583841,87990,271,382,11360,
200.7601490305254,87990,271,381,11361,
200.76022166980457,87989,272,381,11361,
200.76488873828578,87988,273,381,11361,
200.7649236440636,87988,272,382,11361,
200.77065773404098,87988,272,381,11362,
200.78390863370163,87988,272,380,11363,
200.78792044022404,87988,271,381,11363,
200.79445533505995,87988,270,382,11363,
200.79473515975496,87988,270,381,11364,
200.7966597051307,87988,269,382,11364,
200.80522635728326,87988,269,381,11365,
200.80777939676867,87987,270,381,11365,
200.8136562346384,87986,271,381,11365,
200.82178983558595,87986,270,382,11365,
200.8223704873877,87986,270,381,11366,
200.82352211557586,87986,269,382,11366,
200.82643347955306,87985,270,382,11366,
200.84923136835727,87985,269,383,11366,
200.85840471066513,87985,269,382,11367,
200.85989035122415,87985,268,383,11367,
200.87388090563658,87985,268,382,11368,
200.87793772922555,87984,269,382,11368,
200.89033183947112,87984,269,381,11369,
200.89060205825047,87983,270,381,11369,
200.89961944161462,87982,271,381,11369,
200.90078662922932,87982,271,380,11370,
200.90328398292039,87982,271,379,11371,
200.90500425927357,87982,270,380,11371,
200.90891693736086,87982,269,381,11371,
200.91294671894443,87982,269,380,11372,
200.91509094352347,87981,270,380,11372,
200.91650458655747,87980,271,380,11372,
200.92423703606045,87979,272,380,11372,
200.93657429796332,87979,271,381,11372,
200.94453252390494,87979,271,380,11373,
200.94567725560552,87979,270,381,11373,
200.94663179399637,87979,270,380,11374,
200.96054720220087,87978,271,380,11374,
200.96175901326333,87977,272,380,11374,
200.96629233820016,87976,273,380,11374,
200.9724589489809,87976,272,381,11374,
200.97261429581386,87975,273,381,11374,
200.98397558926513,87975,272,382,11374,
200.98463045368385,87975,271,383,11374,
200.99328913806653,87975,271,382,11375,
201.00309844268736,87975,270,383,11375,
201.02017570179999,87975,269,384,11375,
201.02571075159287,87975,268,385,11375,
201.0384866434422,87975,268,384,11376,
201.04027791917025,87975,267,385,11376,
201.045306109886,87975,266,386,11376,
201.05312662049118,87975,265,387,11376,
201.05454568824376,87974,266,387,11376,
201.07619606545973,87974,266,386,11377,
201.0815266441949,87974,266,385,11378,
201.091399978903,87974,265,386,11378,
201.09177877281354,87974,265,385,11379,
201.09693827252872,87974,264,386,11379,
201.10637769645126,87973,265,386,11379,
201.12278678989583,87972,266,386,11379,
201.1277736199111,87971,267,386,11379,
201.13284701713334,87970,268,386,11379,
201.1341071125734,87969,269,386,11379,
201.14861501111974,87969,268,387,11379,
201.15214898398213,87969,268,386,11380,
201.16264206333807,87968,269,386,11380,
201.17143137558816,87968,268,387,11380,
201.17314574129145,87967,269,387,11380,
201.17471134957847,87966,270,387,11380,
201.17825924275098,87966,270,386,11381,
201.1824945346156,87965,271,386,11381,
201.18546608997693,87965,271,385,11382,
201.2005531321322,87965,270,386,11382,
201.20106819958846,87965,269,387,11382,
201.20396754473597,87965,268,388,11382,
201.22035365137785,87965,267,389,11382,
201.2220535900708,87965,267,388,11383,
201.2239083823572,87965,266,389,11383,
201.22881373896544,87965,265,390,11383,
201.23227825073388,87964,266,390,11383,
201.24326708737274,87963,267,390,11383,
201.2455018353828,87963,266,391,11383,
201.25352489592765,87963,265,392,11383,
201.26319848498636,87963,265,391,11384,
201.2647478653949,87963,264,392,11384,
201.26604750207508,87962,265,392,11384,
201.2715789123949,87961,266,392,11384,
201.27880365968468,87961,265,393,11384,
201.2823337143387,87961,264,394,11384,
201.30250912217414,87961,263,395,11384,
201.30372837287453,87960,264,395,11384,
201.30508575445634,87959,265,395,11384,
201.3052224130269,87958,266,395,11384,
201.30966016479493,87958,265,396,11384,
201.3217512992769,87957,266,396,11384,
201.32231976780145,87957,266,395,11385,
201.33148620249767,87956,267,395,11385,
201.33806478019963,87956,267,394,11386,
201.3407814403892,87955,268,394,11386,
201.34094828868055,87955,267,395,11386,
201.35794490066726,87955,266,396,11386,
201.35976316653918,87954,267,396,11386,
201.36197512657435,87953,268,396,11386,
201.36241240580344,87953,267,397,11386,
201.3624897729167,87953,267,396,11387,
201.367698753133,87952,268,396,11387,
201.37902427125982,87952,267,397,11387,
201.37949633399535,87951,268,397,11387,
201.38679909242228,87951,267,398,11387,
201.38883173035958,87951,267,397,11388,
201.3944956892712,87951,267,396,11389,
201.4090179423974,87950,268,396,11389,
201.40966782150443,87950,268,395,11390,
201.41820744521874,87950,267,396,11390,
201.4218548878268,87950,266,397,11390,
201.42207180902267,87950,265,398,11390,
201.43081545638125,87949,266,398,11390,
201.4328831105148,87948,267,398,11390,
201.44567656687693,87948,266,399,11390,
201.45090367037812,87948,266,398,11391,
201.4565001455416,87948,266,397,11392,
201.45817329410693,87947,267,397,11392,
201.4612814721627,87946,268,397,11392,
201.4616017960663,87946,268,396,11393,
201.46218015112382,87946,267,397,11393,
201.4649973546472,87946,267,396,11394,
201.46691307930155,87946,267,395,11395,
201.4682713156115,87945,268,395,11395,
201.47199874634813,87944,269,395,11395,
201.47911330294923,87944,269,394,11396,
201.47940220109842,87944,269,393,11397,
201.48029904968223,87944,268,394,11397,
201.48203560319197,87944,267,395,11397,
201.49120683273884,87943,268,395,11397,
201.49907435073445,87943,268,394,11398,
201.49944681568098,87943,268,393,11399,
201.51077918358465,87943,267,394,11399,
201.51968631977726,87943,266,395,11399,
201.52401836704374,87942,267,395,11399,
201.5294199143253,87941,268,395,11399,
201.5592095009321,87941,268,394,11400,
201.56617254028748,87941,267,395,11400,
201.57110625522319,87940,268,395,11400,
201.57265011373605,87939,269,395,11400,
201.5730783400091,87939,269,394,11401,
201.58397690052374,87939,268,395,11401,
201.59924987798723,87939,267,396,11401,
201.6009483878036,87939,267,395,11402,
201.61009172152148,87938,268,395,11402,
201.61359204086438,87938,268,394,11403,
201.61376752057464,87938,268,393,11404,
201.62144997424508,87938,268,392,11405,
201.62213382631919,87938,267,393,11405,
201.64537914168577,87937,268,393,11405,
201.65291572039155,87937,267,394,11405,
201.65419950616015,87936,268,394,11405,
201.66104567880302,87935,269,394,11405,
201.67872383572495,87935,269,393,11406,
201.6835053690054,87935,269,392,11407,
201.68421608184175,87935,268,393,11407,
201.68998153072798,87935,268,392,11408,
201.70437846605307,87935,267,393,11408,
201.71289961329776,87935,266,394,11408,
201.7237599696514,87935,266,393,11409,
201.7373541530896,87935,266,392,11410,
201.7455095776012,87935,265,393,11410,
201.75536761470175,87934,266,393,11410,
201.7594719629105,87934,266,392,11411,
201.76151299282535,87934,265,393,11411,
201.77020112343027,87934,264,394,11411,
201.77344856716,87934,263,395,11411,
201.77771394714898,87934,262,396,11411,
201.77823474040412,87934,262,395,11412,
201.78183434992496,87934,262,394,11413,
201.7861274871222,87934,262,393,11414,
201.78727936884385,87934,261,394,11414,
201.7889995375628,87933,262,394,11414,
201.7912660632387,87933,261,395,11414,
201.7915629263929,87933,260,396,11414,
201.7961789692728,87933,259,397,11414,
201.8010701250165,87933,259,396,11415,
201.80185652189812,87932,260,396,11415,
201.80481161851182,87931,261,396,11415,
201.8062715461146,87931,260,397,11415,
201.81097750161445,87931,260,396,11416,
201.81191132962925,87931,259,397,11416,
201.8184784550728,87931,259,396,11417,
201.8203999314848,87931,258,397,11417,
201.83799775599286,87931,258,396,11418,
201.8565143700062,87931,257,397,11418,
201.864328446282,87931,256,398,11418,
201.8755094016966,87931,255,399,11418,
201.88061708182292,87930,256,399,11418,
201.89043022021244,87930,256,398,11419,
201.90079340829527,87930,255,399,11419,
201.902501636704,87930,254,400,11419,
201.9091089274019,87929,255,400,11419,
201.91386917551426,87929,254,401,11419,
201.92189433965092,87928,255,401,11419,
201.9229444967505,87928,255,400,11420,
201.9298564038774,87928,255,399,11421,
201.9328650037459,87927,256,399,11421,
201.94088527818798,87927,256,398,11422,
201.94610509638613,87926,257,398,11422,
201.94940630320008,87926,256,399,11422,
201.96622642355763,87926,256,398,11423,
201.97047703077772,87926,256,397,11424,
201.97541169063308,87926,255,398,11424,
201.97800945630246,87925,256,398,11424,
201.97979910497187,87924,257,398,11424,
201.98126300025615,87924,257,397,11425,
201.98610496777255,87924,257,396,11426,
201.98950115006465,87924,257,395,11427,
201.99453913987918,87924,257,394,11428,
202.00742364288436,87924,256,395,11428,
202.0094863107173,87923,257,395,11428,
202.01125574485263,87923,256,396,11428,
202.03635147873027,87922,257,396,11428,
202.03967737633565,87921,258,396,11428,
202.06354331330175,87921,257,397,11428,
202.06677845935315,87921,256,398,11428,
202.06782196103768,87921,255,399,11428,
202.08212749193706,87921,254,400,11428,
202.08229913148216,87921,254,399,11429,
202.10440674029792,87920,255,399,11429,
202.11549015475816,87920,255,398,11430,
202.12719488216706,87920,255,397,11431,
202.1340174942939,87919,256,397,11431,
202.13982749202103,87919,255,398,11431,
202.14474213655757,87919,254,399,11431,
202.15259808435985,87919,254,398,11432,
202.15750711058382,87919,253,399,11432,
202.15918133155552,87918,254,399,11432,
202.16921462574928,87917,255,399,11432,
202.1758318181132,87916,256,399,11432,
202.17645569708318,87916,256,398,11433,
202.1786291837861,87915,257,398,11433,
202.1864573244283,87915,257,397,11434,
202.1909839072638,87915,256,398,11434,
202.19347166279854,87915,256,397,11435,
202.2035673917293,87914,257,397,11435,
202.20633568666236,87914,257,396,11436,
202.20756327031634,87914,256,397,11436,
202.21363424200655,87914,256,396,11437,
202.21475667596258,87913,257,396,11437,
202.21656237565662,87912,258,396,11437,
202.24791528196914,87911,259,396,11437,
202.25471011618305,87910,260,396,11437,
202.2625780128324,87909,261,396,11437,
202.27132147696858,87909,261,395,11438,
202.27302794474966,87909,260,396,11438,
202.27949206142483,87908,261,396,11438,
202.28008347860273,87908,260,397,11438,
202.2920971413283,87908,260,396,11439,
202.29382676616328,87908,259,397,11439,
202.30506662269838,87907,260,397,11439,
202.31097649257703,87906,261,397,11439,
202.3114827539551,87906,260,398,11439,
202.3198498311622,87906,260,397,11440,
202.3422714437643,87906,260,396,11441,
202.3497494467283,87905,261,396,11441,
202.35127333629396,87904,262,396,11441,
202.35599321210174,87903,263,396,11441,
202.36875287272522,87903,263,395,11442,
202.3703342119229,87902,264,395,11442,
202.38300746447726,87902,264,394,11443,
202.39555310935972,87902,263,395,11443,
202.39810128164112,87901,264,395,11443,
202.41455811501007,87900,265,395,11443,
202.4189950596562,87900,265,394,11444,
202.425818428929,87899,266,394,11444,
202.4323177217979,87899,266,393,11445,
202.43729299161538,87899,265,394,11445,
202.44107310275436,87898,266,394,11445,
202.4678144465996,87898,266,393,11446,
202.47395299351155,87898,266,392,11447,
202.47592528129678,87898,266,391,11448,
202.47711941983715,87898,265,392,11448,
202.48022351929322,87898,264,393,11448,
202.49476911437412,87898,264,392,11449,
202.5099498683516,87897,265,392,11449,
202.51184558821424,87897,264,393,11449,
202.51648808418955,87897,264,392,11450,
202.51738256045104,87896,265,392,11450,
202.5213035357259,87896,265,391,11451,
202.53465823737247,87896,264,392,11451,
202.53633959524745,87896,263,393,11451,
202.54361931750813,87895,264,393,11451,
202.5436663451462,87895,264,392,11452,
202.54418476507465,87895,263,393,11452,
202.5461391616646,87894,264,393,11452,
202.56146598593847,87894,263,394,11452,
202.56280394083726,87894,262,395,11452,
202.56427476418577,87893,263,395,11452,
202.56596295048928,87893,263,394,11453,
202.56793002972313,87893,263,393,11454,
202.59164812816698,87893,263,392,11455,
202.59827283872792,87892,264,392,11455,
202.60435943690914,87892,263,393,11455,
202.61256729936278,87891,264,393,11455,
202.62397826771277,87891,263,394,11455,
202.63014839327144,87890,264,394,11455,
202.64055388098276,87889,265,394,11455,
202.64214544735447,87888,266,394,11455,
202.64596442186507,87887,267,394,11455,
202.64661684354132,87887,266,395,11455,
202.65210685657487,87886,267,395,11455,
202.6543966475033,87885,268,395,11455,
202.65734412016062,87885,267,396,11455,
202.66212875268198,87884,268,396,11455,
202.6630691302489,87884,267,397,11455,
202.66596293831503,87883,268,397,11455,
202.67736854052333,87883,268,396,11456,
202.68247045563425,87883,268,395,11457,
202.6840680666855,87883,267,396,11457,
202.69034091169564,87883,267,395,11458,
202.69046342147865,87883,267,394,11459,
202.69197073535787,87882,268,394,11459,
202.6965820719367,87882,267,395,11459,
202.72055194577442,87881,268,395,11459,
202.72800218562344,87881,268,394,11460,
202.7286115656291,87881,267,395,11460,
202.73875400201467,87881,266,396,11460,
202.74695568270585,87881,266,395,11461,
202.74821696395557,87880,267,395,11461,
202.7485685174177,87879,268,395,11461,
202.7514041579798,87879,268,394,11462,
202.75188391596672,87879,268,393,11463,
202.75366150070914,87879,268,392,11464,
202.7559216190136,87879,267,393,11464,
202.7575388202059,87878,268,393,11464,
202.76301891703704,87878,267,394,11464,
202.76377355448324,87877,268,394,11464,
202.77374681048,87877,268,393,11465,
202.77682819624343,87876,269,393,11465,
202.79071644594447,87876,268,394,11465,
202.79235010855285,87875,269,394,11465,
202.7990016093835,87875,269,393,11466,
202.81937954548502,87875,268,394,11466,
202.82592556064924,87875,267,395,11466,
202.84062427611465,87875,266,396,11466,
202.84493597767602,87874,267,396,11466,
202.8501328098207,87874,266,397,11466,
202.85018668380545,87873,267,397,11466,
202.8603030158183,87873,266,398,11466,
202.8604414072396,87872,267,398,11466,
202.86353225035782,87871,268,398,11466,
202.8654143473688,87871,268,397,11467,
202.86723643778362,87871,268,396,11468,
202.87318642974694,87870,269,396,11468,
202.87738050692255,87870,269,395,11469,
202.88456487393654,87870,269,394,11470,
202.8892446062891,87870,269,393,11471,
202.89057911916981,87870,268,394,11471,
202.90235869565223,87869,269,394,11471,
202.90724195840104,87869,269,393,11472,
202.93382424875978,87868,270,393,11472,
202.93743063753215,87868,270,392,11473,
202.94260084986098,87868,269,393,11473,
202.95394826629786,87868,269,392,11474,
202.95479656303874,87868,269,391,11475,
202.95490496823595,87867,270,391,11475,
202.9567177342817,87866,271,391,11475,
202.96286945034058,87865,272,391,11475,
202.97040070938897,87865,271,392,11475,
202.9708689016314,87865,270,393,11475,
202.97918108117238,87865,269,394,11475,
202.98764807657088,87865,269,393,11476,
202.9983851871752,87864,270,393,11476,
203.00052826346783,87863,271,393,11476,
203.00634115914016,87863,271,392,11477,
203.01499659669904,87863,270,393,11477,
203.03247638834677,87862,271,393,11477,
203.0404044061728,87861,272,393,11477,
203.04504789166705,87860,273,393,11477,
203.04853199890965,87859,274,393,11477,
203.0493144912467,87859,274,392,11478,
203.05512736336962,87858,275,392,11478,
203.0578324149197,87857,276,392,11478,
203.05902351991935,87857,275,393,11478,
203.06342800497583,87857,274,394,11478,
203.06474299529245,87857,274,393,11479,
203.07159285299122,87857,273,394,11479,
203.0780092751631,87857,272,395,11479,
203.0877194301666,87857,271,396,11479,
203.0965671542913,87857,270,397,11479,
203.10671479351853,87857,269,398,11479,
203.10686481452646,87856,270,398,11479,
203.11524258374436,87856,270,397,11480,
203.12025403457488,87855,271,397,11480,
203.12104187110606,87854,272,397,11480,
203.1396878401597,87853,273,397,11480,
203.14864850054644,87852,274,397,11480,
203.16366075923222,87852,273,398,11480,
203.17761534757895,87852,272,399,11480,
203.17852601513377,87852,271,400,11480,
203.17975512122638,87851,272,400,11480,
203.18235224651744,87851,272,399,11481,
203.1834750239414,87851,272,398,11482,
203.19191538049438,87850,273,398,11482,
203.21040280693575,87850,272,399,11482,
203.21347056500852,87849,273,399,11482,
203.21352510707817,87848,274,399,11482,
203.22159550741526,87848,274,398,11483,
203.22196076858745,87848,274,397,11484,
203.23681899442175,87848,274,396,11485,
203.23834615290954,87848,273,397,11485,
203.2400442753134,87847,274,397,11485,
203.25064460942957,87846,275,397,11485,
203.26339958426507,87845,276,397,11485,
203.2659217287634,87845,275,398,11485,
203.26759663585727,87845,275,397,11486,
203.26842505502762,87845,275,396,11487,
203.26855722459723,87844,276,396,11487,
203.2722216049174,87844,275,397,11487,
203.27228837967021,87843,276,397,11487,
203.28454505325672,87842,277,397,11487,
203.28575093717916,87841,278,397,11487,
203.2858332999062,87840,279,397,11487,
203.2878619554694,87840,279,396,11488,
203.30315895245346,87840,278,397,11488,
203.32228936498552,87840,277,398,11488,
203.32498383745695,87840,277,397,11489,
203.32582211917753,87840,276,398,11489,
203.32733256727767,87839,277,398,11489,
203.33906579308308,87839,277,397,11490,
203.3425215184598,87839,276,398,11490,
203.35435292666256,87838,277,398,11490,
203.35820964799476,87838,277,397,11491,
203.36825526721205,87838,276,398,11491,
203.3693382441077,87838,276,397,11492,
203.37147280322066,87837,277,397,11492,
203.38010581261852,87837,276,398,11492,
203.3944494727622,87837,275,399,11492,
203.3995522382431,87836,276,399,11492,
203.4035332234533,87836,276,398,11493,
203.4037181481555,87835,277,398,11493,
203.41848579286977,87835,277,397,11494,
203.45748094459333,87834,278,397,11494,
203.4580752446235,87833,279,397,11494,
203.45998035233288,87833,278,398,11494,
203.46087349395833,87832,279,398,11494,
203.46436280386814,87832,278,399,11494,
203.46515999284932,87831,279,399,11494,
203.46737195484766,87831,279,398,11495,
203.46878557152067,87830,280,398,11495,
203.4857907395698,87830,280,397,11496,
203.49083322970208,87830,280,396,11497,
203.50428307383584,87830,279,397,11497,
203.51057415989507,87830,278,398,11497,
203.52025798946565,87830,277,399,11497,
203.52149321884528,87829,278,399,11497,
203.5216194964175,87828,279,399,11497,
203.52323296135017,87827,280,399,11497,
203.5243896668018,87827,280,398,11498,
203.52743766537162,87827,279,399,11498,
203.5343245058437,87826,280,399,11498,
203.5420207721426,87825,281,399,11498,
203.5452938362423,87824,282,399,11498,
203.54632978513212,87824,282,398,11499,
203.55223947610216,87823,283,398,11499,
203.5598544223508,87823,283,397,11500,
203.56105754455595,87822,284,397,11500,
203.5624697752545,87822,283,398,11500,
203.5719453427527,87822,283,397,11501,
203.58583616529913,87822,282,398,11501,
203.59353531086757,87822,282,397,11502,
203.60123830245405,87821,283,397,11502,
203.60658187931992,87820,284,397,11502,
203.6075707011311,87819,285,397,11502,
203.62653938298465,87819,285,396,11503,
203.63008332834863,87819,285,395,11504,
203.63009220575583,87818,286,395,11504,
203.63365986417926,87818,285,396,11504,
203.63567326811128,87818,284,397,11504,
203.6471952095205,87817,285,397,11504,
203.65166638387745,87817,284,398,11504,
203.67968873113486,87817,283,399,11504,
203.69184040968332,87816,284,399,11504,
203.69560679242198,87815,285,399,11504,
203.69581997727738,87814,286,399,11504,
203.7068874059845,87814,285,400,11504,
203.70888211424446,87813,286,400,11504,
203.72270657499337,87812,287,400,11504,
203.72302002516125,87811,288,400,11504,
203.73362869971024,87811,287,401,11504,
203.7358021040418,87811,286,402,11504,
203.73609734282866,87811,285,403,11504,
203.7376585836123,87810,286,403,11504,
203.7419794253456,87809,287,403,11504,
203.74363055036343,87808,288,403,11504,
203.74914152025985,87808,288,402,11505,
203.7511603281447,87807,289,402,11505,
203.7557938043485,87807,288,403,11505,
203.7604803189414,87806,289,403,11505,
203.76440334885305,87806,289,402,11506,
203.76814765331397,87805,290,402,11506,
203.76862399646896,87805,290,401,11507,
203.76866174754647,87804,291,401,11507,
203.77201942389152,87803,292,401,11507,
203.7767476106593,87802,293,401,11507,
203.78819551320967,87801,294,401,11507,
203.79202467605694,87801,293,402,11507,
203.79339257317966,87800,294,402,11507,
203.79345267568644,87799,295,402,11507,
203.79485244822544,87798,296,402,11507,
203.79588972397488,87797,297,402,11507,
203.80064111474343,87797,296,403,11507,
203.80405762804065,87796,297,403,11507,
203.81254232530733,87796,297,402,11508,
203.81973187546788,87796,296,403,11508,
203.82412763252003,87795,297,403,11508,
203.83144383899713,87794,298,403,11508,
203.83366743891702,87794,298,402,11509,
203.8401806218857,87793,299,402,11509,
203.84744650673574,87792,300,402,11509,
203.84913798095425,87791,301,402,11509,
203.85165732712332,87791,300,403,11509,
203.86216990483055,87791,300,402,11510,
203.86218101879115,87791,299,403,11510,
203.87135208565172,87791,298,404,11510,
203.87556561534606,87790,299,404,11510,
203.87680297626306,87790,298,405,11510,
203.88778587743187,87789,299,405,11510,
203.90221550792072,87788,300,405,11510,
203.9047069462011,87788,299,406,11510,
203.91707339630298,87788,299,405,11511,
203.927273422998,87787,300,405,11511,
203.92951106992203,87786,301,405,11511,
203.93243589181992,87786,300,406,11511,
203.93699725211175,87786,299,407,11511,
203.95651280054415,87786,298,408,11511,
203.96273941244422,87786,297,409,11511,
203.96332238427593,87786,297,408,11512,
203.9680007220308,87786,297,407,11513,
203.97050558654308,87786,296,408,11513,
203.97113658561562,87786,295,409,11513,
203.97157106360368,87785,296,409,11513,
203.97911692807952,87785,296,408,11514,
203.98011650673445,87784,297,408,11514,
203.99059654073162,87784,296,409,11514,
203.99181049139514,87784,296,408,11515,
203.99181522717012,87783,297,408,11515,
204.01057351124243,87782,298,408,11515,
204.01129131698764,87782,297,409,11515,
204.0134624156679,87781,298,409,11515,
204.03493875486245,87781,297,410,11515,
204.0419852668699,87781,296,411,11515,
204.04554894611255,87780,297,411,11515,
204.0548634067248,87780,297,410,11516,
204.0579483734216,87780,296,411,11516,
204.0608996330371,87779,297,411,11516,
204.07492314591707,87778,298,411,11516,
204.0819230986507,87777,299,411,11516,
204.08834007908655,87777,298,412,11516,
204.09029869642978,87777,298,411,11517,
204.0930712798235,87777,298,410,11518,
204.09529009693,87777,297,411,11518,
204.10774599023537,87776,298,411,11518,
204.10805392379913,87775,299,411,11518,
204.1083883327454,87775,299,410,11519,
204.108862232028,87774,300,410,11519,
204.1148743644127,87773,301,410,11519,
204.11573453635074,87773,300,411,11519,
204.12406749362142,87773,300,410,11520,
204.1246897535997,87773,299,411,11520,
204.1275825733502,87772,300,411,11520,
204.1312697376521,87771,301,411,11520,
204.13594664215915,87771,300,412,11520,
204.15044427302226,87771,300,411,11521,
204.15165714155683,87771,300,410,11522,
204.15228035007294,87770,301,410,11522,
204.1582397425128,87770,300,411,11522,
204.1632397078597,87770,300,410,11523,
204.1662667252496,87770,300,409,11524,
204.1740072952328,87769,301,409,11524,
204.17476059178537,87769,301,408,11525,
204.17921616702287,87769,301,407,11526,
204.18441234101698,87769,301,406,11527,
204.19205699049726,87769,301,405,11528,
204.19817545403242,87768,302,405,11528,
204.2011446342478,87768,302,404,11529,
204.2120507718337,87768,301,405,11529,
204.21380142666305,87768,300,406,11529,
204.21992215332912,87768,300,405,11530,
204.2235190948079,87768,300,404,11531,
204.22593002702615,87767,301,404,11531,
204.23270852684922,87767,300,405,11531,
204.2399413580811,87767,300,404,11532,
204.24320462464806,87767,300,403,11533,
204.2615392716688,87766,301,403,11533,
204.26708301278984,87765,302,403,11533,
204.27452961652045,87765,302,402,11534,
204.28652627856349,87764,303,402,11534,
204.2866124769011,87763,304,402,11534,
204.28835269894296,87762,305,402,11534,
204.2893514893818,87761,306,402,11534,
204.28995697670283,87761,306,401,11535,
204.29307310863686,87761,306,400,11536,
204.30766195673735,87760,307,400,11536,
204.3116861824817,87760,306,401,11536,
204.31333703191314,87760,305,402,11536,
204.31977651098012,87759,306,402,11536,
204.32646183604703,87758,307,402,11536,
204.32941854797875,87758,306,403,11536,
204.33054874682648,87758,306,402,11537,
204.33215494637102,87758,306,401,11538,
204.34619729863653,87758,306,400,11539,
204.34985610740893,87758,305,401,11539,
204.350924507993,87758,304,402,11539,
204.35653392260352,87757,305,402,11539,
204.36004944020596,87757,305,401,11540,
204.36900650824052,87756,306,401,11540,
204.36908745907243,87756,305,402,11540,
204.37153718244605,87755,306,402,11540,
204.3733664259322,87755,306,401,11541,
204.38260290186201,87754,307,401,11541,
204.38288894836992,87754,307,400,11542,
204.38774010366,87754,307,399,11543,
204.39124601053555,87753,308,399,11543,
204.39185021045324,87753,307,400,11543,
204.39385424260496,87752,308,400,11543,
204.39685389909107,87752,307,401,11543,
204.39944480314853,87752,307,400,11544,
204.40151797762442,87752,306,401,11544,
204.40553152249993,87752,305,402,11544,
204.40612025636986,87752,305,401,11545,
204.41231721123992,87752,305,400,11546,
204.41248173429898,87751,306,400,11546,
204.413190809404,87751,305,401,11546,
204.41764934756688,87751,304,402,11546,
204.41997675411673,87750,305,402,11546,
204.42321745835687,87750,304,403,11546,
204.42974382557577,87749,305,403,11546,
204.43654438541023,87748,306,403,11546,
204.4381843922652,87747,307,403,11546,
204.4421216545198,87747,307,402,11547,
204.46516679238738,87747,306,403,11547,
204.46603314625008,87746,307,403,11547,
204.4692689360557,87745,308,403,11547,
204.4737655265641,87745,307,404,11547,
204.47706386770932,87745,306,405,11547,
204.49503019782605,87744,307,405,11547,
204.50120233517558,87743,308,405,11547,
204.50998411555804,87743,307,406,11547,
204.51025416798785,87742,308,406,11547,
204.5139378986089,87741,309,406,11547,
204.5215992375362,87741,308,407,11547,
204.5230363173039,87740,309,407,11547,
204.52656265737642,87740,308,408,11547,
204.528538032366,87740,307,409,11547,
204.53054284091115,87740,306,410,11547,
204.53065836659297,87740,305,411,11547,
204.53209007294888,87740,305,410,11548,
204.53292062250986,87740,305,409,11549,
204.54689918673714,87740,304,410,11549,
204.5493945627961,87739,305,410,11549,
204.55811215630868,87738,306,410,11549,
204.5628851602164,87737,307,410,11549,
204.5873654131968,87737,306,411,11549,
204.59085826486074,87737,306,410,11550,
204.60148378328165,87737,306,409,11551,
204.6072381301745,87736,307,409,11551,
204.6088912873733,87736,306,410,11551,
204.60905040178034,87736,305,411,11551,
204.61646569928965,87735,306,411,11551,
204.62004893449796,87735,305,412,11551,
204.62153069836333,87735,305,411,11552,
204.62464733181662,87735,304,412,11552,
204.63833277405857,87735,304,411,11553,
204.640780105713,87735,303,412,11553,
204.64609510818335,87735,302,413,11553,
204.65000080649313,87734,303,413,11553,
204.65565255226807,87733,304,413,11553,
204.65586266896162,87732,305,413,11553,
204.65661827483987,87731,306,413,11553,
204.6596064101811,87730,307,413,11553,
204.66038178911552,87730,307,412,11554,
204.6656062674264,87730,306,413,11554,
204.66939594847878,87730,306,412,11555,
204.67476141548323,87730,305,413,11555,
204.6914218807238,87730,304,414,11555,
204.69220341789242,87729,305,414,11555,
204.6973451108455,87728,306,414,11555,
204.70367313847888,87728,306,413,11556,
204.70787990128767,87727,307,413,11556,
204.71464671933023,87726,308,413,11556,
204.7223657573682,87726,308,412,11557,
204.73637901295362,87725,309,412,11557,
204.74153507413422,87725,308,413,11557,
204.74762140362054,87724,309,413,11557,
204.76257263511224,87723,310,413,11557,
204.76279625052433,87722,311,413,11557,
204.7630874185376,87721,312,413,11557,
204.7659446524932,87721,312,412,11558,
204.77033998862953,87721,311,413,11558,
204.7710582454588,87721,311,412,11559,
204.77912076776798,87721,310,413,11559,
204.78776274745223,87720,311,413,11559,
204.80431924825848,87719,312,413,11559,
204.8049591539404,87718,313,413,11559,
204.82919302897085,87718,313,412,11560,
204.83103802962032,87717,314,412,11560,
204.8319220367607,87716,315,412,11560,
204.83634960517395,87716,314,413,11560,
204.84033841381503,87715,315,413,11560,
204.8445823015192,87714,316,413,11560,
204.85098450812228,87713,317,413,11560,
204.85870156317245,87712,318,413,11560,
204.86492326402893,87712,318,412,11561,
204.86792195961024,87712,318,411,11562,
204.87047131540797,87711,319,411,11562,
204.87741953172952,87711,318,412,11562,
204.88684094190666,87710,319,412,11562,
204.89358280135227,87710,319,411,11563,
204.89668222736844,87710,318,412,11563,
204.9000599530107,87710,318,411,11564,
204.90447886598534,87709,319,411,11564,
204.90993101625685,87708,320,411,11564,
204.9116516325862,87707,321,411,11564,
204.91745852769358,87707,320,412,11564,
204.9251914644466,87707,320,411,11565,
204.92539337035242,87707,320,410,11566,
204.92806247202037,87707,319,411,11566,
204.9338300434209,87707,318,412,11566,
204.93461617733237,87706,319,412,11566,
204.9415791166608,87705,320,412,11566,
204.9441174005608,87705,320,411,11567,
204.950786527059,87705,320,410,11568,
204.95404864740905,87705,320,409,11569,
204.954529469042,87705,320,408,11570,
204.96313374356944,87704,321,408,11570,
204.9705937596957,87703,322,408,11570,
204.9706178227877,87702,323,408,11570,
204.97098401268036,87701,324,408,11570,
204.9772079897963,87701,323,409,11570,
204.9866204992199,87701,323,408,11571,
204.9875993943425,87701,322,409,11571,
204.99184983076094,87700,323,409,11571,
204.99382102913071,87700,323,408,11572,
204.99483022479382,87700,323,407,11573,
205.00213582144914,87700,322,408,11573,
205.0084962368667,87700,322,407,11574,
205.01684425980173,87699,323,407,11574,
205.0251547936483,87699,322,408,11574,
205.027630757211,87698,323,408,11574,
205.03333557464907,87698,323,407,11575,
205.03657542684076,87697,324,407,11575,
205.041229221841,87697,323,408,11575,
205.0489816678402,87697,322,409,11575,
205.0643507371811,87697,321,410,11575,
205.07718773827594,87697,321,409,11576,
205.08581634510898,87696,322,409,11576,
205.09387282818878,87695,323,409,11576,
205.10505862754061,87695,322,410,11576,
205.10543795846132,87694,323,410,11576,
205.11265258883216,87693,324,410,11576,
205.12337725700107,87693,324,409,11577,
205.12406150653382,87692,325,409,11577,
205.12470026169007,87692,325,408,11578,
205.12501361601537,87691,326,408,11578,
205.13205103462138,87690,327,408,11578,
205.1415592816835,87690,327,407,11579,
205.14374187334758,87689,328,407,11579,
205.14563182179708,87689,327,408,11579,
205.146346419589,87689,327,407,11580,
205.15114799022697,87688,328,407,11580,
205.15489263374,87688,328,406,11581,
205.16211610735337,87688,328,405,11582,
205.16739135423438,87688,328,404,11583,
205.17448172074086,87688,327,405,11583,
205.178020048926,87688,326,406,11583,
205.18432252288943,87688,326,405,11584,
205.19140101619413,87688,326,404,11585,
205.19929725716136,87688,326,403,11586,
205.20171993297157,87688,325,404,11586,
205.2078312268007,87688,324,405,11586,
205.20795122648434,87687,325,405,11586,
205.208577471146,87687,324,406,11586,
205.2103608198288,87687,323,407,11586,
205.21639644935823,87686,324,407,11586,
205.24304372708127,87686,323,408,11586,
205.2471211280584,87686,323,407,11587,
205.24800013273247,87686,323,406,11588,
205.25817446300977,87686,322,407,11588,
205.25944079354377,87685,323,407,11588,
205.26661223450606,87685,323,406,11589,
205.26687076840463,87684,324,406,11589,
205.27118282591536,87684,324,405,11590,
205.27232608128136,87684,324,404,11591,
205.27794216129544,87684,323,405,11591,
205.2803895633948,87684,322,406,11591,
205.28166546619406,87684,321,407,11591,
205.28291578790873,87684,320,408,11591,
205.28903100809669,87683,321,408,11591,
205.30079789686081,87683,321,407,11592,
205.306520471565,87683,320,408,11592,
205.30922686352744,87683,319,409,11592,
205.31746037227552,87683,319,408,11593,
205.31879189930655,87683,318,409,11593,
205.32241430784325,87682,319,409,11593,
205.32933045179016,87681,320,409,11593,
205.33834534522813,87680,321,409,11593,
205.35804431823175,87679,322,409,11593,
205.3603742493084,87679,322,408,11594,
205.3921379426846,87679,321,409,11594,
205.39433154093,87679,320,410,11594,
205.40666368071447,87678,321,410,11594,
205.41098733521636,87677,322,410,11594,
205.42149260610867,87677,321,411,11594,
205.42608497931678,87677,321,410,11595,
205.43486561811716,87677,320,411,11595,
205.45798981771856,87676,321,411,11595,
205.47639491174837,87676,321,410,11596,
205.4845572607886,87676,320,411,11596,
205.487048132914,87676,320,410,11597,
205.5057220738203,87676,319,411,11597,
205.50774840204957,87676,319,410,11598,
205.51470069731246,87676,318,411,11598,
205.5147471490374,87676,318,410,11599,
205.5229332052849,87676,318,409,11600,
205.52381944960624,87675,319,409,11600,
205.5246520046484,87674,320,409,11600,
205.52588083839083,87674,319,410,11600,
205.52588769076664,87673,320,410,11600,
205.52687661944873,87672,321,410,11600,
205.5322848890055,87671,322,410,11600,
205.53562124902876,87671,321,411,11600,
205.53999573732187,87671,321,410,11601,
205.54993352387666,87670,322,410,11601,
205.55345180702076,87669,323,410,11601,
205.55437268388465,87668,324,410,11601,
205.55743788857168,87667,325,410,11601,
205.56475265908233,87667,325,409,11602,
205.56691997407975,87667,325,408,11603,
205.57018194881718,87667,325,407,11604,
205.57370457377735,87667,325,406,11605,
205.57656960716133,87667,325,405,11606,
205.57893492272933,87666,326,405,11606,
205.58041588777778,87666,325,406,11606,
205.5820928763597,87665,326,406,11606,
205.58688797090338,87664,327,406,11606,
205.59710879183274,87664,327,405,11607,
205.60574543669605,87664,326,406,11607,
205.61285837058426,87664,326,405,11608,
205.62750464396396,87663,327,405,11608,
205.63830126304924,87663,326,406,11608,
205.6628222822117,87663,325,407,11608,
205.6673088152365,87663,324,408,11608,
205.67204416399818,87662,325,408,11608,
205.67318065094923,87662,324,409,11608,
205.68659100296045,87661,325,409,11608,
205.69946469689313,87660,326,409,11608,
205.7091258257115,87660,325,410,11608,
205.71053708427326,87660,325,409,11609,
205.7117422733274,87660,324,410,11609,
205.71455749592315,87660,323,411,11609,
205.72163628792106,87660,323,410,11610,
205.72177602820997,87660,322,411,11610,
205.7221854552659,87659,323,411,11610,
205.7235183804533,87659,323,410,11611,
205.72399714078756,87658,324,410,11611,
205.73530378340558,87658,323,411,11611,
205.74377687097964,87658,323,410,11612,
205.74450031340305,87658,322,411,11612,
205.74525810715198,87658,322,410,11613,
205.74568039267803,87657,323,410,11613,
205.7626438665414,87656,324,410,11613,
205.78797418287093,87656,324,409,11614,
205.7896281138241,87656,323,410,11614,
205.79062373426166,87655,324,410,11614,
205.79124536601879,87655,323,411,11614,
205.79466257834872,87654,324,411,11614,
205.8048209296837,87654,324,410,11615,
205.8165446838492,87653,325,410,11615,
205.8243478272534,87653,325,409,11616,
205.82957247456787,87653,325,408,11617,
205.83268905400624,87653,325,407,11618,
205.83732464165203,87652,326,407,11618,
205.8421903003278,87652,325,408,11618,
205.8446408505087,87651,326,408,11618,
205.85053727356615,87651,326,407,11619,
205.85086743441715,87651,326,406,11620,
205.85388447857696,87651,326,405,11621,
205.86463034776472,87650,327,405,11621,
205.86696929286177,87650,327,404,11622,
205.86898550662346,87649,328,404,11622,
205.87543629792827,87648,329,404,11622,
205.87681306272015,87647,330,404,11622,
205.87867602068434,87646,331,404,11622,
205.8823881283397,87645,332,404,11622,
205.8834147284681,87644,333,404,11622,
205.90277239813489,87644,332,405,11622,
205.90428940268183,87644,331,406,11622,
205.91174293536008,87644,331,405,11623,
205.91620750473942,87643,332,405,11623,
205.9194132061196,87643,332,404,11624,
205.92969629411323,87642,333,404,11624,
205.93323934997562,87641,334,404,11624,
205.93709059475995,87641,334,403,11625,
205.94590405758706,87641,334,402,11626,
205.94808531813342,87641,333,403,11626,
205.95420897757612,87641,333,402,11627,
205.9617811507144,87641,332,403,11627,
205.97397447334876,87640,333,403,11627,
205.97434907912273,87640,332,404,11627,
205.98762319808185,87640,332,403,11628,
205.990066393627,87640,332,402,11629,
205.99395991877515,87640,331,403,11629,
205.99735650214666,87640,331,402,11630,
205.99885699554562,87640,331,401,11631,
206.00390786381652,87640,330,402,11631,
206.00533657285024,87640,329,403,11631,
206.00894229909457,87640,329,402,11632,
206.01038412245427,87639,330,402,11632,
206.01221418590902,87639,329,403,11632,
206.01491550882474,87639,328,404,11632,
206.01665507506988,87638,329,404,11632,
206.02232051551377,87638,329,403,11633,
206.02300668266952,87638,328,404,11633,
206.03128275194277,87637,329,404,11633,
206.03219615134591,87637,329,403,11634,
206.0372782663988,87637,328,404,11634,
206.03767166773505,87636,329,404,11634,
206.03813047179057,87635,330,404,11634,
206.03935308156997,87635,329,405,11634,
206.04394559426578,87635,328,406,11634,
206.04646199884428,87634,329,406,11634,
206.04998690468054,87634,329,405,11635,
206.0506936265907,87634,329,404,11636,
206.05103784454383,87634,328,405,11636,
206.06301158919288,87633,329,405,11636,
206.06755488438847,87633,328,406,11636,
206.06871192381595,87633,328,405,11637,
206.08087391512086,87633,328,404,11638,
206.08659667479805,87632,329,404,11638,
206.08753359522854,87632,329,403,11639,
206.0885106773389,87631,330,403,11639,
206.093562194454,87631,330,402,11640,
206.09380278828118,87631,329,403,11640,
206.09387832597196,87631,329,402,11641,
206.10045818507078,87630,330,402,11641,
206.10999609343187,87629,331,402,11641,
206.12170072554625,87629,330,403,11641,
206.1230546767854,87629,329,404,11641,
206.12746051114783,87629,328,405,11641,
206.1331652851769,87628,329,405,11641,
206.15065933230323,87627,330,405,11641,
206.15927613186517,87627,329,406,11641,
206.1707502892729,87627,328,407,11641,
206.17891963267343,87627,327,408,11641,
206.18454626558616,87626,328,408,11641,
206.18562925098104,87625,329,408,11641,
206.18623340909832,87625,329,407,11642,
206.1902602452437,87624,330,407,11642,
206.19072841056507,87623,331,407,11642,
206.19078345416457,87623,331,406,11643,
206.19192836253572,87623,330,407,11643,
206.19350256586523,87623,330,406,11644,
206.19407235640986,87623,330,405,11645,
206.19609404135372,87623,329,406,11645,
206.20725891493598,87623,328,407,11645,
206.20860337720933,87623,327,408,11645,
206.21187140001666,87623,326,409,11645,
206.2137637731019,87622,327,409,11645,
206.2143148269268,87621,328,409,11645,
206.21631235803898,87620,329,409,11645,
206.21751519122037,87620,328,410,11645,
206.2382986775084,87619,329,410,11645,
206.23902368777152,87618,330,410,11645,
206.2505747054856,87617,331,410,11645,
206.253071609882,87616,332,410,11645,
206.26998372937777,87615,333,410,11645,
206.27791787457878,87614,334,410,11645,
206.2782039595234,87614,334,409,11646,
206.30305066617433,87614,333,410,11646,
206.30423210824054,87614,332,411,11646,
206.3080100591519,87614,331,412,11646,
206.3081104474703,87614,331,411,11647,
206.3225889696253,87614,331,410,11648,
206.32940198438666,87614,330,411,11648,
206.3294163583748,87613,331,411,11648,
206.33962315768042,87613,330,412,11648,
206.33963798029404,87613,330,411,11649,
206.34114846446786,87613,329,412,11649,
206.34496307236893,87613,328,413,11649,
206.3520821139868,87613,327,414,11649,
206.3574848502655,87613,327,413,11650,
206.3632566321914,87613,327,412,11651,
206.3772102306392,87612,328,412,11651,
206.38316099180096,87612,328,411,11652,
206.38497685456193,87612,328,410,11653,
206.38863100534647,87612,327,411,11653,
206.39465780936024,87612,326,412,11653,
206.41974879019787,87611,327,412,11653,
206.4213953563649,87611,326,413,11653,
206.42457970263524,87610,327,413,11653,
206.43380438097336,87610,327,412,11654,
206.43548271595785,87610,326,413,11654,
206.44055083068622,87610,325,414,11654,
206.4496485593691,87609,326,414,11654,
206.4592986204675,87609,326,413,11655,
206.46363115489942,87609,325,414,11655,
206.46513118308334,87608,326,414,11655,
206.46619419382992,87608,325,415,11655,
206.46794777987154,87608,325,414,11656,
206.4750205218622,87607,326,414,11656,
206.4762299218827,87606,327,414,11656,
206.4762299218827,87606,327,414,11656,
206.47641841683318,87605,328,414,11656,
206.4790240723548,87605,328,413,11657,
206.48241377079611,87604,329,413,11657,
206.4825391078151,87604,328,414,11657,
206.48682505666437,87604,327,415,11657,
206.49379951611826,87603,328,415,11657,
206.50223590111978,87602,329,415,11657,
206.50247048825108,87601,330,415,11657,
206.505276177042,87600,331,415,11657,
206.50577514579925,87600,330,416,11657,
206.50654375673514,87599,331,416,11657,
206.50697365684516,87598,332,416,11657,
206.5073672675644,87598,331,417,11657,
206.50901222113237,87597,332,417,11657,
206.51029429393196,87597,331,418,11657,
206.5129575506679,87596,332,418,11657,
206.5167636413619,87596,332,417,11658,
206.51840122847366,87596,332,416,11659,
206.5340142920098,87596,331,417,11659,
206.54922867024777,87596,331,416,11660,
206.55906633069222,87595,332,416,11660,
206.56084795771565,87595,331,417,11660,
206.5625095626842,87595,330,418,11660,
206.56766489011343,87594,331,418,11660,
206.57185213464567,87593,332,418,11660,
206.57668896979482,87593,332,417,11661,
206.58201608676347,87592,333,417,11661,
206.58736826326182,87592,332,418,11661,
206.59126855852458,87591,333,418,11661,
206.59678994768439,87591,332,419,11661,
206.61000175993345,87591,331,420,11661,
206.61013656179358,87591,331,419,11662,
206.61100071257215,87590,332,419,11662,
206.616731030462,87589,333,419,11662,
206.61845692917822,87589,333,418,11663,
206.6293330579531,87588,334,418,11663,
206.62983138818103,87587,335,418,11663,
206.63098212737546,87586,336,418,11663,
206.63511152194556,87586,335,419,11663,
206.64301828901907,87586,334,420,11663,
206.64534688768617,87585,335,420,11663,
206.65477232646344,87585,335,419,11664,
206.66197442658134,87585,334,420,11664,
206.6622015070312,87585,334,419,11665,
206.67988177602155,87585,333,420,11665,
206.68177744252128,87585,333,419,11666,
206.6828138346429,87584,334,419,11666,
206.6832927740329,87584,334,418,11667,
206.6888511850749,87584,334,417,11668,
206.6920019776088,87584,333,418,11668,
206.69791832768126,87584,333,417,11669,
206.70137962128962,87584,332,418,11669,
206.70957375741997,87584,331,419,11669,
206.7261908416986,87583,332,419,11669,
206.73189659240236,87583,331,420,11669,
206.74026761468465,87582,332,420,11669,
206.74552057053452,87581,333,420,11669,
206.7464338041183,87581,332,421,11669,
206.75091283912377,87580,333,421,11669,
206.76476802238008,87580,332,422,11669,
206.76753389881213,87580,331,423,11669,
206.77459841607993,87579,332,423,11669,
206.7868124967669,87579,331,424,11669,
206.79106576348,87579,331,423,11670,
206.7959297932801,87579,330,424,11670,
206.8019410060549,87579,329,425,11670,
206.80463435417536,87579,329,424,11671,
206.8162738239532,87579,328,425,11671,
206.82446743339761,87579,327,426,11671,
206.82584545627813,87578,328,426,11671,
206.83046716376415,87578,328,425,11672,
206.83248680801043,87578,328,424,11673,
206.83278191341597,87577,329,424,11673,
206.8367500929094,87577,328,425,11673,
206.8382439247101,87576,329,425,11673,
206.84018372095437,87575,330,425,11673,
206.8415107391193,87574,331,425,11673,
206.8545985384523,87573,332,425,11673,
206.8561608715167,87573,331,426,11673,
206.86115764828364,87573,330,427,11673,
206.86511779220197,87573,329,428,11673,
206.86909767414886,87572,330,428,11673,
206.870806603834,87572,329,429,11673,
206.87412001705044,87571,330,429,11673,
206.87741517585314,87571,329,430,11673,
206.87944867814397,87571,329,429,11674,
206.88175868942648,87571,329,428,11675,
206.88356641765688,87571,328,429,11675,
206.8863276808398,87570,329,429,11675,
206.88969874181853,87569,330,429,11675,
206.90653432568934,87568,331,429,11675,
206.90824809680996,87568,330,430,11675,
206.90884558691832,87568,329,431,11675,
206.9228514856293,87568,328,432,11675,
206.9252409914753,87568,328,431,11676,
206.92719134649968,87568,328,430,11677,
206.9361337817994,87568,327,431,11677,
206.9375532503784,87568,327,430,11678,
206.94228445308704,87568,327,429,11679,
206.95203134322037,87567,328,429,11679,
206.95238211538006,87567,328,428,11680,
206.95464392916207,87567,328,427,11681,
206.95619075606012,87567,327,428,11681,
206.96375745374698,87567,327,427,11682,
206.9679460043351,87566,328,427,11682,
206.9715405485194,87565,329,427,11682,
206.9739063445442,87564,330,427,11682,
206.98548596560806,87563,331,427,11682,
206.987294513725,87563,330,428,11682,
206.9935083681344,87562,331,428,11682,
206.99952565808093,87562,330,429,11682,
207.00028112354036,87562,330,428,11683,
207.00559281304413,87562,329,429,11683,
207.01542999912857,87562,328,430,11683,
207.0172405177744,87561,329,430,11683,
207.0259490019874,87561,329,429,11684,
207.02958519631278,87561,329,428,11685,
207.03015491341588,87561,328,429,11685,
207.03018402533849,87560,329,429,11685,
207.03267511077726,87560,329,428,11686,
207.03726875850379,87560,328,429,11686,
207.0424742899347,87560,327,430,11686,
207.04558176246863,87560,327,429,11687,
207.04608247771762,87559,328,429,11687,
207.07405785076858,87558,329,429,11687,
207.0807189707279,87558,328,430,11687,
207.09373092595283,87557,329,430,11687,
207.10361206639504,87556,330,430,11687,
207.11293362330787,87555,331,430,11687,
207.1156058278326,87554,332,430,11687,
207.12499516283918,87553,333,430,11687,
207.12937986903918,87553,333,429,11688,
207.1328211047987,87553,333,428,11689,
207.1397960518884,87553,332,429,11689,
207.14224580869995,87552,333,429,11689,
207.15496131115668,87552,333,428,11690,
207.15683042320777,87551,334,428,11690,
207.1653061523701,87551,334,427,11691,
207.16907082839458,87551,334,426,11692,
207.17183285980462,87551,333,427,11692,
207.17550015861818,87551,332,428,11692,
207.17649653752238,87551,332,427,11693,
207.1831997786382,87551,331,428,11693,
207.1919785153027,87551,331,427,11694,
207.1956808730541,87550,332,427,11694,
207.19578901494668,87549,333,427,11694,
207.19863609493328,87549,333,426,11695,
207.201425569254,87549,333,425,11696,
207.2029044389992,87549,332,426,11696,
207.20457790249702,87549,331,427,11696,
207.20658225733314,87549,331,426,11697,
207.21199883782194,87549,330,427,11697,
207.2126580168695,87549,330,426,11698,
207.21962621487452,87549,329,427,11698,
207.23150137845053,87549,329,426,11699,
207.2325738583853,87549,329,425,11700,
207.2362282324139,87548,330,425,11700,
207.24798000526357,87548,330,424,11701,
207.24961689931595,87547,331,424,11701,
207.2507260063155,87546,332,424,11701,
207.25582112258357,87546,331,425,11701,
207.25936884841357,87546,330,426,11701,
207.264622889335,87545,331,426,11701,
207.27158524294697,87545,331,425,11702,
207.27754846859838,87545,330,426,11702,
207.2826812483046,87544,331,426,11702,
207.2935030065142,87543,332,426,11702,
207.2975301220547,87543,331,427,11702,
207.29984900400507,87543,330,428,11702,
207.30436685315792,87543,329,429,11702,
207.30635414802413,87543,329,428,11703,
207.31802724464038,87543,329,427,11704,
207.31921082289912,87542,330,427,11704,
207.32873494906076,87542,329,428,11704,
207.33013824118947,87542,328,429,11704,
207.3347138545059,87541,329,429,11704,
207.33790492964013,87541,328,430,11704,
207.3401156632339,87540,329,430,11704,
207.3402408068596,87540,328,431,11704,
207.34888398033755,87540,328,430,11705,
207.3509636356338,87539,329,430,11705,
207.35581105805917,87538,330,430,11705,
207.35730099968626,87537,331,430,11705,
207.35882301951213,87537,331,429,11706,
207.35958543569757,87537,330,430,11706,
207.36540172385995,87536,331,430,11706,
207.37154226521255,87536,330,431,11706,
207.37404953265462,87535,331,431,11706,
207.3741542788689,87534,332,431,11706,
207.3773591834449,87534,331,432,11706,
207.37939599878501,87533,332,432,11706,
207.38259471127668,87533,332,431,11707,
207.38395389653445,87533,332,430,11708,
207.3885633926895,87532,333,430,11708,
207.39161768695396,87532,333,429,11709,
207.39376487580336,87532,332,430,11709,
207.39404196713832,87532,332,429,11710,
207.4017139146273,87532,331,430,11710,
207.40704115775017,87531,332,430,11710,
207.40794282279404,87531,331,431,11710,
207.40836887126437,87531,330,432,11710,
207.4090619098877,87530,331,432,11710,
207.4213534412615,87529,332,432,11710,
207.4255109845199,87529,331,433,11710,
207.45920868414422,87529,331,432,11711,
207.4604588718281,87528,332,432,11711,
207.47057688885855,87528,332,431,11712,
207.47362586205102,87527,333,431,11712,
207.47363138696772,87527,332,432,11712,
207.47659517067666,87526,333,432,11712,
207.47815719102974,87526,332,433,11712,
207.47874311219962,87526,331,434,11712,
207.49451496067869,87526,330,435,11712,
207.51747928739255,87526,329,436,11712,
207.52216633558743,87526,329,435,11713,
207.52530458000896,87526,329,434,11714,
207.53034305653185,87526,329,433,11715,
207.53893670110904,87526,329,432,11716,
207.54175478656913,87526,328,433,11716,
207.55692197837817,87526,327,434,11716,
207.56666888621385,87526,327,433,11717,
207.5680524611831,87526,326,434,11717,
207.57166668338792,87525,327,434,11717,
207.5787079367849,87525,327,433,11718,
207.58747429740228,87525,326,434,11718,
207.58837877479425,87524,327,434,11718,
207.59618100308398,87524,327,433,11719,
207.5962941355059,87524,326,434,11719,
207.6053561884074,87524,326,433,11720,
207.60610193249903,87524,326,432,11721,
207.6074059958869,87524,325,433,11721,
207.6119789408332,87523,326,433,11721,
207.61637734529583,87523,326,432,11722,
207.63141914410073,87523,325,433,11722,
207.63155990608,87523,325,432,11723,
207.63431097020072,87522,326,432,11723,
207.64127804200496,87521,327,432,11723,
207.64365685571195,87521,327,431,11724,
207.6479917996226,87521,327,430,11725,
207.65177008038253,87520,328,430,11725,
207.65194925791945,87520,327,431,11725,
207.66594245145183,87519,328,431,11725,
207.66637673988834,87519,328,430,11726,
207.67076320329045,87519,327,431,11726,
207.68012495685883,87519,326,432,11726,
207.6833773608703,87519,325,433,11726,
207.6859079141168,87519,324,434,11726,
207.69737151305668,87518,325,434,11726,
207.69806441207075,87517,326,434,11726,
207.69878989208127,87517,326,433,11727,
207.70492333333627,87517,325,434,11727,
207.70631438435672,87517,324,435,11727,
207.70929599645004,87517,323,436,11727,
207.71897076852218,87516,324,436,11727,
207.72436117889765,87515,325,436,11727,
207.72602444533817,87515,324,437,11727,
207.7303795566824,87514,325,437,11727,
207.73369373152548,87514,324,438,11727,
207.74097710278284,87513,325,438,11727,
207.74938964723938,87513,325,437,11728,
207.7573924159127,87513,324,438,11728,
207.77425713213637,87512,325,438,11728,
207.7940980292284,87512,325,437,11729,
207.80359934976093,87511,326,437,11729,
207.8042891103499,87511,325,438,11729,
207.80472456359317,87510,326,438,11729,
207.80809209185045,87509,327,438,11729,
207.8245728698062,87508,328,438,11729,
207.82548808415424,87507,329,438,11729,
207.82575173936615,87507,329,437,11730,
207.82671975951348,87506,330,437,11730,
207.8286841671327,87506,329,438,11730,
207.82932436368588,87506,328,439,11730,
207.84030999716785,87506,327,440,11730,
207.84260927168543,87506,326,441,11730,
207.84765653568292,87506,325,442,11730,
207.84813732431752,87506,325,441,11731,
207.84820764079723,87505,326,441,11731,
207.84956258042035,87505,325,442,11731,
207.84981280034347,87504,326,442,11731,
207.85122831658614,87504,326,441,11732,
207.85521525162227,87504,326,440,11733,
207.8561373892713,87503,327,440,11733,
207.8605709873799,87503,326,441,11733,
207.86207433559355,87503,325,442,11733,
207.8653015389869,87503,324,443,11733,
207.8756672678773,87503,323,444,11733,
207.89112895481992,87503,323,443,11734,
207.89447281328896,87503,323,442,11735,
207.89824602064158,87503,322,443,11735,
207.89952757274546,87502,323,443,11735,
207.89978218736505,87502,323,442,11736,
207.904722522159,87501,324,442,11736,
207.9078069956693,87501,323,443,11736,
207.91354857166704,87501,323,442,11737,
207.91562945109936,87500,324,442,11737,
207.9191655056492,87500,324,441,11738,
207.92055516554598,87500,324,440,11739,
207.92414918084836,87500,324,439,11740,
207.93148477514137,87499,325,439,11740,
207.93541269994998,87499,324,440,11740,
207.9379105097756,87498,325,440,11740,
207.94725464056495,87497,326,440,11740,
207.95027396943124,87496,327,440,11740,
207.96138183826693,87496,327,439,11741,
207.9652755797337,87496,326,440,11741,
207.96584340151279,87496,326,439,11742,
207.97435446561352,87496,325,440,11742,
207.97799381417897,87496,324,441,11742,
207.98225170081795,87495,325,441,11742,
207.99572914751855,87494,326,441,11742,
207.99874085232057,87494,325,442,11742,
208.00436098816158,87494,324,443,11742,
208.00459515215374,87494,324,442,11743,
208.00549099651963,87494,323,443,11743,
208.00569264810957,87493,324,443,11743,
208.0083270779631,87493,323,444,11743,
208.01252346806214,87492,324,444,11743,
208.018689911243,87491,325,444,11743,
208.02516338916072,87491,324,445,11743,
208.02622548436946,87491,323,446,11743,
208.02652291249845,87490,324,446,11743,
208.0265404093153,87489,325,446,11743,
208.02656417538662,87489,325,445,11744,
208.0279807420578,87489,325,444,11745,
208.0310486105365,87489,325,443,11746,
208.03793397787078,87489,324,444,11746,
208.04676214792175,87489,323,445,11746,
208.049182928116,87488,324,445,11746,
208.0565500178615,87487,325,445,11746,
208.0590572691418,87486,326,445,11746,
208.0645438059322,87486,325,446,11746,
208.06488770170733,87486,324,447,11746,
208.06495844115514,87485,325,447,11746,
208.10178829514186,87485,325,446,11747,
208.103122436654,87485,325,445,11748,
208.1041490994247,87484,326,445,11748,
208.10567174256175,87484,326,444,11749,
208.11464477909345,87484,325,445,11749,
208.11897959873158,87484,324,446,11749,
208.12077256528812,87483,325,446,11749,
208.127085968225,87483,325,445,11750,
208.13922393347437,87483,324,446,11750,
208.14022778394906,87483,324,445,11751,
208.14063598314462,87482,325,445,11751,
208.14784516046606,87482,325,444,11752,
208.15359727882338,87482,324,445,11752,
208.1537533342301,87482,324,444,11753,
208.16838822411123,87482,324,443,11754,
208.17343114245318,87482,323,444,11754,
208.17847156547137,87481,324,444,11754,
208.18101788746887,87481,324,443,11755,
208.18416910437458,87480,325,443,11755,
208.18482134971478,87480,324,444,11755,
208.19360531161672,87480,323,445,11755,
208.20269814127232,87480,323,444,11756,
208.20987752969128,87480,322,445,11756,
208.21723450167318,87479,323,445,11756,
208.22166541201742,87478,324,445,11756,
208.22225830042746,87477,325,445,11756,
208.22461755523273,87476,326,445,11756,
208.2266271564893,87475,327,445,11756,
208.22921015916947,87475,326,446,11756,
208.24048832377042,87474,327,446,11756,
208.24049606457663,87473,328,446,11756,
208.24505302832085,87473,328,445,11757,
208.24632871010513,87473,328,444,11758,
208.26809122755503,87473,327,445,11758,
208.27648577812937,87473,327,444,11759,
208.28832747305043,87473,327,443,11760,
208.28916845562136,87472,328,443,11760,
208.29058605596276,87472,328,442,11761,
208.29080822160904,87472,327,443,11761,
208.30220485840098,87472,326,444,11761,
208.30429310820645,87471,327,444,11761,
208.3070417352655,87471,327,443,11762,
208.30779514968114,87471,327,442,11763,
208.3141909728133,87470,328,442,11763,
208.3188336654988,87470,327,443,11763,
208.3199411990562,87470,327,442,11764,
208.33863858901807,87470,327,441,11765,
208.35194817153507,87469,328,441,11765,
208.3543565202939,87468,329,441,11765,
208.35646667468308,87468,328,442,11765,
208.36117529374474,87467,329,442,11765,
208.37436700378302,87467,329,441,11766,
208.37606248208752,87467,329,440,11767,
208.38246579212938,87466,330,440,11767,
208.38253612368666,87465,331,440,11767,
208.38635888745907,87464,332,440,11767,
208.39627408297142,87464,331,441,11767,
208.39718463209664,87463,332,441,11767,
208.4361862107679,87463,331,442,11767,
208.45002270163295,87462,332,442,11767,
208.45344831519668,87462,332,441,11768,
208.45446690869025,87462,331,442,11768,
208.45634894839245,87462,330,443,11768,
208.46076221122647,87462,329,444,11768,
208.46832960372038,87462,328,445,11768,
208.4721289005326,87461,329,445,11768,
208.47338631722377,87461,328,446,11768,
208.47481160909211,87460,329,446,11768,
208.48251640740628,87460,329,445,11769,
208.48490350724398,87460,328,446,11769,
208.48494189440441,87459,329,446,11769,
208.5004300540831,87459,329,445,11770,
208.50782301817907,87459,328,446,11770,
208.5204865955491,87459,327,447,11770,
208.52378122258725,87458,328,447,11770,
208.525417056013,87458,328,446,11771,
208.5268685602276,87457,329,446,11771,
208.5366434501233,87457,329,445,11772,
208.53757909630068,87457,329,444,11773,
208.53961400643124,87457,329,443,11774,
208.5402913844432,87457,328,444,11774,
208.5446246840939,87457,327,445,11774,
208.55447890732333,87456,328,445,11774,
208.5667629489249,87456,328,444,11775,
208.56840439100858,87455,329,444,11775,
208.5754658954803,87454,330,444,11775,
208.57743707065924,87454,330,443,11776,
208.5805107402246,87454,329,444,11776,
208.5943306218048,87454,328,445,11776,
208.59776432771167,87453,329,445,11776,
208.60736856254675,87453,328,446,11776,
208.61349481046028,87452,329,446,11776,
208.62405555862773,87452,328,447,11776,
208.62945237293982,87452,327,448,11776,
208.63217439121556,87452,326,449,11776,
208.63368554862868,87451,327,449,11776,
208.63744673412086,87451,327,448,11777,
208.65420521367457,87450,328,448,11777,
208.6828412874567,87450,327,449,11777,
208.6880930797655,87450,327,448,11778,
208.688109506906,87449,328,448,11778,
208.69525223994805,87449,328,447,11779,
208.69991462844274,87449,327,448,11779,
208.70306177723356,87449,326,449,11779,
208.7176529169469,87449,325,450,11779,
208.73200385681787,87449,325,449,11780,
208.73276036494724,87449,325,448,11781,
208.7358753322087,87449,324,449,11781,
208.7403929230291,87449,324,448,11782,
208.7422823063882,87448,325,448,11782,
208.74316270480364,87448,324,449,11782,
208.75124221983168,87448,324,448,11783,
208.75394871683804,87447,325,448,11783,
208.7635852941909,87446,326,448,11783,
208.76420851150297,87446,325,449,11783,
208.77253014542535,87445,326,449,11783,
208.7815041961537,87444,327,449,11783,
208.7867217073867,87444,326,450,11783,
208.79098042068182,87444,325,451,11783,
208.80195762123668,87444,324,452,11783,
208.8025408109181,87443,325,452,11783,
208.811029143676,87443,324,453,11783,
208.81632729998915,87443,323,454,11783,
208.81868770402338,87443,322,455,11783,
208.82256960221787,87442,323,455,11783,
208.82365146807228,87442,323,454,11784,
208.8256338936138,87441,324,454,11784,
208.82916436094868,87441,323,455,11784,
208.84333996863032,87441,323,454,11785,
208.8469411838521,87441,323,453,11786,
208.85473773457673,87440,324,453,11786,
208.85476482991928,87439,325,453,11786,
208.86249565821046,87439,324,454,11786,
208.8705457152431,87438,325,454,11786,
208.8708921481214,87438,325,453,11787,
208.8731609981839,87438,324,454,11787,
208.87504002046603,87438,324,453,11788,
208.891006941394,87438,323,454,11788,
208.8986296261578,87438,322,455,11788,
208.90639750805374,87437,323,455,11788,
208.91696470048728,87436,324,455,11788,
208.91801123252614,87435,325,455,11788,
208.9205070001867,87434,326,455,11788,
208.92116002146778,87433,327,455,11788,
208.92517317740237,87433,327,454,11789,
208.93748945147064,87432,328,454,11789,
208.9383159811805,87431,329,454,11789,
208.95622466435873,87431,328,455,11789,
208.9631331869917,87431,328,454,11790,
208.96572571871036,87431,328,453,11791,
208.96882438995635,87430,329,453,11791,
208.97263387293265,87429,330,453,11791,
208.98053139743038,87429,329,454,11791,
208.98512473023385,87429,328,455,11791,
208.9977789068912,87428,329,455,11791,
208.99906110427173,87427,330,455,11791,
209.00561991682196,87427,330,454,11792,
209.01496477225868,87426,331,454,11792,
209.02491735786097,87425,332,454,11792,
209.0253520032044,87424,333,454,11792,
209.02581064115753,87424,332,455,11792,
209.03241741342035,87423,333,455,11792,
209.0346665289711,87423,332,456,11792,
209.06322890060403,87422,333,456,11792,
209.06698601325138,87422,332,457,11792,
209.06843966989177,87421,333,457,11792,
209.07392803887552,87421,332,458,11792,
209.08086031514398,87420,333,458,11792,
209.0819097523138,87419,334,458,11792,
209.08262296431454,87418,335,458,11792,
209.08275476083546,87417,336,458,11792,
209.09840073926296,87416,337,458,11792,
209.10612936633024,87415,338,458,11792,
209.11060099237716,87415,337,459,11792,
209.1106462087897,87415,336,460,11792,
209.11361874374737,87415,335,461,11792,
209.11859220049598,87415,334,462,11792,
209.11873280428802,87415,333,463,11792,
209.12593735337757,87414,334,463,11792,
209.1411520646927,87413,335,463,11792,
209.14397560165798,87413,334,464,11792,
209.15216116657143,87412,335,464,11792,
209.1640219824276,87411,336,464,11792,
209.16670614707525,87410,337,464,11792,
209.16831886453494,87410,336,465,11792,
209.16863462478335,87410,336,464,11793,
209.1725602247747,87409,337,464,11793,
209.17288668175402,87408,338,464,11793,
209.1817084588139,87408,338,463,11794,
209.19582707558868,87407,339,463,11794,
209.19991905870836,87406,340,463,11794,
209.20878467443353,87406,340,462,11795,
209.22308169535302,87406,340,461,11796,
209.22946724580973,87406,340,460,11797,
209.23025068918602,87405,341,460,11797,
209.23752133240754,87405,340,461,11797,
209.23824447778904,87405,340,460,11798,
209.24018053111854,87405,339,461,11798,
209.2406521284443,87405,339,460,11799,
209.24237409173963,87404,340,460,11799,
209.24516176505213,87403,341,460,11799,
209.24710125880614,87402,342,460,11799,
209.24886667503458,87402,341,461,11799,
209.25017352370992,87401,342,461,11799,
209.2510736380801,87400,343,461,11799,
209.2586434800885,87399,344,461,11799,
209.2682071630635,87398,345,461,11799,
209.2682701706582,87397,346,461,11799,
209.27765262850113,87397,345,462,11799,
209.2892456263973,87397,345,461,11800,
209.29623917912681,87396,346,461,11800,
209.3041982857236,87396,346,460,11801,
209.30973246028756,87396,345,461,11801,
209.30974272829627,87396,344,462,11801,
209.31134622915275,87396,343,463,11801,
209.3242358775892,87396,343,462,11802,
209.33230363949286,87395,344,462,11802,
209.336949750581,87395,344,461,11803,
209.35073353829972,87395,344,460,11804,
209.35843219880095,87395,343,461,11804,
209.36608620601268,87394,344,461,11804,
209.37163191895573,87394,344,460,11805,
209.38719368571597,87393,345,460,11805,
209.40137123230744,87393,344,461,11805,
209.4028428432687,87393,343,462,11805,
209.40681474327712,87393,343,461,11806,
209.40681603423224,87393,342,462,11806,
209.4102900234127,87393,341,463,11806,
209.42018908535738,87393,341,462,11807,
209.4301233833063,87392,342,462,11807,
209.4369404744654,87391,343,462,11807,
209.43871025683364,87391,343,461,11808,
209.45070630085678,87391,342,462,11808,
209.45760527763986,87390,343,462,11808,
209.46033502256043,87390,342,463,11808,
209.46873853028896,87389,343,463,11808,
209.46882686578672,87389,343,462,11809,
209.47599955059098,87389,342,463,11809,
209.48117632701795,87389,341,464,11809,
209.4845490320214,87388,342,464,11809,
209.48735419241189,87387,343,464,11809,
209.49976064431436,87387,343,463,11810,
209.50856694117692,87387,342,464,11810,
209.51395469559264,87386,343,464,11810,
209.51621982764993,87386,343,463,11811,
209.51818221285617,87386,343,462,11812,
209.52539233597403,87386,342,463,11812,
209.53542904750987,87385,343,463,11812,
209.5363241672525,87385,342,464,11812,
209.5413125111455,87384,343,464,11812,
209.549005371016,87383,344,464,11812,
209.5553665778127,87382,345,464,11812,
209.56017510453643,87382,344,465,11812,
209.56134655573788,87381,345,465,11812,
209.5621366923414,87381,344,466,11812,
209.5649799697407,87380,345,466,11812,
209.56600559996258,87379,346,466,11812,
209.57294415852024,87379,346,465,11813,
209.58617762530932,87379,345,466,11813,
209.5922544262689,87378,346,466,11813,
209.59354028541338,87378,346,465,11814,
209.59435254716234,87378,345,466,11814,
209.5993780578755,87377,346,466,11814,
209.60602799655035,87377,346,465,11815,
209.61775695754739,87377,345,466,11815,
209.62287465806176,87376,346,466,11815,
209.65150486243311,87376,345,467,11815,
209.65660706104495,87375,346,467,11815,
209.66194454259917,87375,346,466,11816,
209.66375486350537,87375,345,467,11816,
209.66398066793798,87375,344,468,11816,
209.66436494656878,87374,345,468,11816,
209.67536580747725,87374,344,469,11816,
209.68457546961798,87374,343,470,11816,
209.68742827394664,87374,343,469,11817,
209.69390870373277,87374,343,468,11818,
209.69761566042965,87373,344,468,11818,
209.70083429760817,87372,345,468,11818,
209.702840445552,87372,345,467,11819,
209.70628334853203,87372,345,466,11820,
209.71962074924392,87371,346,466,11820,
209.7236760286444,87371,345,467,11820,
209.7272151310852,87370,346,467,11820,
209.73838365525256,87369,347,467,11820,
209.7390219462305,87369,346,468,11820,
209.73976750814353,87369,346,467,11821,
209.74397954991608,87368,347,467,11821,
209.7460055800466,87368,346,468,11821,
209.74856102411306,87368,346,467,11822,
209.75748484735587,87368,346,466,11823,
209.7595309670865,87368,346,465,11824,
209.76097087765186,87368,345,466,11824,
209.7637762979803,87367,346,466,11824,
209.76577255459893,87366,347,466,11824,
209.77077921441804,87365,348,466,11824,
209.77781110109723,87365,348,465,11825,
209.77881719413153,87365,347,466,11825,
209.78714722732684,87365,346,467,11825,
209.7929105015685,87365,346,466,11826,
209.79552023893183,87365,346,465,11827,
209.79738758004257,87365,345,466,11827,
209.80373547918205,87364,346,466,11827,
209.80396365711368,87364,345,467,11827,
209.8053031749816,87363,346,467,11827,
209.82087123732265,87362,347,467,11827,
209.82429747598113,87361,348,467,11827,
209.83028401755823,87361,347,468,11827,
209.83109957361836,87360,348,468,11827,
209.83404504929823,87360,348,467,11828,
209.83493692251562,87359,349,467,11828,
209.84100249486312,87359,349,466,11829,
209.8451757313319,87358,350,466,11829,
209.86682962912394,87358,350,465,11830,
209.86874029951753,87358,350,464,11831,
209.86963471993255,87358,349,465,11831,
209.87504657221888,87357,350,465,11831,
209.87520347706004,87357,349,466,11831,
209.8769263904321,87357,349,465,11832,
209.88575431932387,87357,348,466,11832,
209.90638526633953,87357,347,467,11832,
209.91744727095025,87356,348,467,11832,
209.92383674084311,87355,349,467,11832,
209.93241011916862,87354,350,467,11832,
209.93527057793955,87353,351,467,11832,
209.94201711647793,87353,351,466,11833,
209.94455099440148,87353,350,467,11833,
209.94947065150836,87353,350,466,11834,
209.9550664916942,87353,350,465,11835,
209.9574570510021,87353,349,466,11835,
209.959382370651,87353,348,467,11835,
209.96052719687503,87352,349,467,11835,
209.96181327239725,87352,348,468,11835,
209.96349399182887,87352,347,469,11835,
209.9672106091278,87352,346,470,11835,
209.97127169814823,87352,345,471,11835,
209.9734054253343,87351,346,471,11835,
209.97927072815264,87351,346,470,11836,
209.9838170749723,87351,345,471,11836,
209.98628953336157,87350,346,471,11836,
209.98773244114702,87349,347,471,11836,
210.00312808216978,87349,346,472,11836,
210.0061605559154,87349,345,473,11836,
210.01663463220476,87349,344,474,11836,
210.01746381911454,87349,344,473,11837,
210.0203293145657,87349,343,474,11837,
210.0272788191279,87349,342,475,11837,
210.03584610147598,87348,343,475,11837,
210.0383622970931,87348,342,476,11837,
210.0396639003387,87347,343,476,11837,
210.04103043087318,87347,343,475,11838,
210.04204816292292,87346,344,475,11838,
210.04451028585385,87345,345,475,11838,
210.0490025560118,87345,345,474,11839,
210.0552280696991,87345,345,473,11840,
210.05667562315983,87345,345,472,11841,
210.06151369296646,87345,345,471,11842,
210.06679927615704,87344,346,471,11842,
210.0701643369264,87344,345,472,11842,
210.07172802352758,87344,344,473,11842,
210.07255988579055,87343,345,473,11842,
210.0748845119888,87342,346,473,11842,
210.08061699355406,87342,345,474,11842,
210.09614991709947,87341,346,474,11842,
210.10046472108087,87341,345,475,11842,
210.10328571782227,87341,344,476,11842,
210.10539797942633,87341,343,477,11842,
210.11139626152755,87340,344,477,11842,
210.12064077911214,87340,344,476,11843,
210.12743352822713,87339,345,476,11843,
210.13551780671932,87338,346,476,11843,
210.13604728565602,87337,347,476,11843,
210.13927211670708,87337,347,475,11844,
210.1401707112909,87336,348,475,11844,
210.14278990694353,87336,348,474,11845,
210.14580698030522,87335,349,474,11845,
210.14740859316737,87335,349,473,11846,
210.14979955652373,87334,350,473,11846,
210.15498536128155,87333,351,473,11846,
210.1617938461715,87333,350,474,11846,
210.16444924794664,87333,349,475,11846,
210.1652451977421,87332,350,475,11846,
210.17327617900003,87332,349,476,11846,
210.1801434908998,87331,350,476,11846,
210.18520915458842,87331,349,477,11846,
210.19137099508077,87330,350,477,11846,
210.20113919384727,87329,351,477,11846,
210.20426906631886,87329,350,478,11846,
210.20512944630354,87329,350,477,11847,
210.20976030858637,87328,351,477,11847,
210.21989623275323,87327,352,477,11847,
210.22146837685128,87326,353,477,11847,
210.22853902224202,87326,353,476,11848,
210.2335519633029,87325,354,476,11848,
210.2446300478243,87324,355,476,11848,
210.250293034098,87323,356,476,11848,
210.27072657684667,87323,355,477,11848,
210.27186100680345,87322,356,477,11848,
210.27335320157232,87322,356,476,11849,
210.2831732559345,87321,357,476,11849,
210.2846884760703,87320,358,476,11849,
210.28706439472137,87320,358,475,11850,
210.28721368911428,87320,357,476,11850,
210.2914553586011,87320,357,475,11851,
210.29927090404306,87320,356,476,11851,
210.30922229865607,87319,357,476,11851,
210.31010987098864,87319,357,475,11852,
210.31653682359197,87319,356,476,11852,
210.32059813982605,87319,356,475,11853,
210.32084498642598,87318,357,475,11853,
210.32364478830866,87318,356,476,11853,
210.32596947038684,87317,357,476,11853,
210.32607524760311,87317,356,477,11853,
210.33024403203288,87317,355,478,11853,
210.3303500404744,87317,355,477,11854,
210.33146019865404,87317,355,476,11855,
210.33153931212394,87317,354,477,11855,
210.34039517254473,87317,353,478,11855,
210.3406423676056,87316,354,478,11855,
210.34194832400271,87315,355,478,11855,
210.3465921160276,87315,355,477,11856,
210.35152725488084,87314,356,477,11856,
210.35174825559125,87313,357,477,11856,
210.35197319051164,87313,356,478,11856,
210.35251644273342,87313,355,479,11856,
210.36019657420525,87312,356,479,11856,
210.36331283251735,87311,357,479,11856,
210.36409512392697,87311,357,478,11857,
210.37016048929158,87311,356,479,11857,
210.38509584712085,87311,355,480,11857,
210.39460346982887,87310,356,480,11857,
210.39634233944406,87310,356,479,11858,
210.3979518590531,87310,355,480,11858,
210.39808179430005,87310,355,479,11859,
210.39851312758807,87309,356,479,11859,
210.4030230710361,87309,356,478,11860,
210.40321971252436,87309,355,479,11860,
210.40762880118,87309,354,480,11860,
210.4170289692294,87309,354,479,11861,
210.43521127433672,87309,353,480,11861,
210.44417758419604,87308,354,480,11861,
210.44832145301604,87308,353,481,11861,
210.45495959367537,87307,354,481,11861,
210.46558106932878,87307,353,482,11861,
210.4667170938964,87307,353,481,11862,
210.46857945005476,87306,354,481,11862,
210.479517233007,87305,355,481,11862,
210.4805596097326,87305,354,482,11862,
210.49045102428477,87305,353,483,11862,
210.4967164967282,87305,352,484,11862,
210.51228546151847,87305,351,485,11862,
210.51244972231834,87305,350,486,11862,
210.5169580751808,87304,351,486,11862,
210.52441064252974,87304,350,487,11862,
210.5252100142138,87303,351,487,11862,
210.5252349622395,87303,350,488,11862,
210.53155295765131,87303,349,489,11862,
210.53607478069375,87302,350,489,11862,
210.5391085110415,87301,351,489,11862,
210.54157543838264,87301,351,488,11863,
210.5518284445716,87300,352,488,11863,
210.56344368301043,87300,351,489,11863,
210.5685674565868,87299,352,489,11863,
210.5713486509556,87299,351,490,11863,
210.57529240480454,87299,351,489,11864,
210.5822697711796,87298,352,489,11864,
210.58605675468726,87298,351,490,11864,
210.58624023088643,87298,351,489,11865,
210.58690309954656,87297,352,489,11865,
210.58778959733297,87297,352,488,11866,
210.59031117575222,87297,352,487,11867,
210.59245865933892,87296,353,487,11867,
210.59513237490546,87296,353,486,11868,
210.59568874596278,87296,353,485,11869,
210.59716585856697,87295,354,485,11869,
210.60550029720545,87295,353,486,11869,
210.61496972413485,87295,353,485,11870,
210.61499153472047,87295,353,484,11871,
210.61796031094366,87295,353,483,11872,
210.61854097489442,87294,354,483,11872,
210.62508299797042,87294,353,484,11872,
210.63009361714342,87294,353,483,11873,
210.63380525954756,87294,352,484,11873,
210.6346516975062,87293,353,484,11873,
210.63685125546695,87292,354,484,11873,
210.64149462726536,87291,355,484,11873,
210.642719538864,87290,356,484,11873,
210.6454333131895,87290,355,485,11873,
210.6456185200477,87290,355,484,11874,
210.64710999221228,87290,354,485,11874,
210.6474097201168,87289,355,485,11874,
210.64867871946788,87289,355,484,11875,
210.65959956098814,87289,354,485,11875,
210.66311629916729,87288,355,485,11875,
210.67789116973913,87288,354,486,11875,
210.68441900522657,87287,355,486,11875,
210.69883692250994,87287,355,485,11876,
210.70005684853965,87287,354,486,11876,
210.70125415143323,87286,355,486,11876,
210.70253393201887,87285,356,486,11876,
210.70365058941098,87285,355,487,11876,
210.7061389179929,87284,356,487,11876,
210.71336854136038,87283,357,487,11876,
210.72432160037295,87282,358,487,11876,
210.72437562024342,87282,357,488,11876,
210.72468528045908,87281,358,488,11876,
210.72634803707888,87280,359,488,11876,
210.73461745291866,87279,360,488,11876,
210.73787160060925,87278,361,488,11876,
210.75194623166732,87277,362,488,11876,
210.75600026611897,87277,361,489,11876,
210.7603793784576,87277,360,490,11876,
210.7724236253254,87276,361,490,11876,
210.77584996952672,87275,362,490,11876,
210.7761592506077,87275,362,489,11877,
210.7766110741256,87275,361,490,11877,
210.7997036406221,87275,360,491,11877,
210.81602649805893,87275,359,492,11877,
210.8162986206083,87275,359,491,11878,
210.81720576370134,87274,360,491,11878,
210.81865366220484,87274,360,490,11879,
210.82253782299682,87273,361,490,11879,
210.82420279389513,87272,362,490,11879,
210.82678943134147,87271,363,490,11879,
210.82867634367054,87271,362,491,11879,
210.82897819519928,87271,361,492,11879,
210.8317048148032,87271,361,491,11880,
210.8349329782918,87271,360,492,11880,
210.83776289378227,87271,360,491,11881,
210.84636346404685,87271,359,492,11881,
210.84681581202204,87270,360,492,11881,
210.84956296699846,87270,359,493,11881,
210.85070509053557,87270,358,494,11881,
210.8521629818327,87269,359,494,11881,
210.86396885283304,87269,358,495,11881,
210.86614915840877,87268,359,495,11881,
210.87226665135907,87267,360,495,11881,
210.8733485090061,87267,360,494,11882,
210.87816780044477,87267,360,493,11883,
210.87878687842982,87267,359,494,11883,
210.8864695593829,87266,360,494,11883,
210.89605027231877,87265,361,494,11883,
210.89900528847824,87265,360,495,11883,
210.9018343781475,87264,361,495,11883,
210.90439605303504,87264,360,496,11883,
210.91609971834725,87263,361,496,11883,
210.92603825595907,87263,361,495,11884,
210.93124636328795,87263,361,494,11885,
210.93161626685497,87263,360,495,11885,
210.9325975932996,87263,359,496,11885,
210.93300917930245,87263,359,495,11886,
210.9436023481867,87262,360,495,11886,
210.94647240073147,87262,359,496,11886,
210.9567359065085,87261,360,496,11886,
210.97633641360972,87260,361,496,11886,
210.97841021605166,87259,362,496,11886,
210.98097929725736,87258,363,496,11886,
210.98136153322184,87258,363,495,11887,
210.98672889411952,87258,363,494,11888,
210.98834583290153,87258,362,495,11888,
210.99466556113902,87258,362,494,11889,
210.9975112917523,87258,361,495,11889,
210.99932918999684,87258,360,496,11889,
211.0000355652119,87257,361,496,11889,
211.00069546506634,87257,360,497,11889,
211.01107142115234,87256,361,497,11889,
211.014101618949,87256,360,498,11889,
211.020800956701,87255,361,498,11889,
211.02270744040575,87254,362,498,11889,
211.02319539758264,87253,363,498,11889,
211.02929806955223,87253,363,497,11890,
211.02941672147512,87253,362,498,11890,
211.03029980771748,87253,362,497,11891,
211.042516708574,87253,361,498,11891,
211.04615061968423,87252,362,498,11891,
211.05271631021756,87252,362,497,11892,
211.0592161901074,87251,363,497,11892,
211.06359956345977,87250,364,497,11892,
211.0656453359567,87249,365,497,11892,
211.0698037806763,87249,365,496,11893,
211.07131207578948,87248,366,496,11893,
211.074587754986,87247,367,496,11893,
211.09119697377486,87247,367,495,11894,
211.09326884613063,87247,367,494,11895,
211.10071122729858,87247,367,493,11896,
211.1030839200719,87246,368,493,11896,
211.10715979968603,87246,368,492,11897,
211.10778637290446,87246,368,491,11898,
211.10909437411104,87246,368,490,11899,
211.12279168584607,87245,369,490,11899,
211.13102110981143,87244,370,490,11899,
211.1340165504763,87243,371,490,11899,
211.13595262919983,87243,371,489,11900,
211.13993357627905,87243,370,490,11900,
211.14104672819536,87242,371,490,11900,
211.1424711252722,87242,370,491,11900,
211.1465044345672,87242,369,492,11900,
211.15544541561377,87242,369,491,11901,
211.15794121214583,87242,369,490,11902,
211.15917690021018,87242,368,491,11902,
211.16754921901816,87242,368,490,11903,
211.1710506780992,87242,367,491,11903,
211.17421412193028,87242,366,492,11903,
211.183430769781,87241,367,492,11903,
211.18492810253474,87241,367,491,11904,
211.19512637484064,87241,366,492,11904,
211.1954025290919,87240,367,492,11904,
211.2029601795131,87240,366,493,11904,
211.22833832967325,87240,365,494,11904,
211.22875223574016,87240,365,493,11905,
211.22984459140002,87239,366,493,11905,
211.2324830384007,87238,367,493,11905,
211.23319119025365,87238,367,492,11906,
211.23347124687345,87237,368,492,11906,
211.23544468894548,87237,368,491,11907,
211.2424469488439,87237,367,492,11907,
211.24333765668226,87236,368,492,11907,
211.24390380271558,87235,369,492,11907,
211.2495708139244,87235,369,491,11908,
211.2639077343568,87235,369,490,11909,
211.26412167018975,87235,368,491,11909,
211.26586186889216,87234,369,491,11909,
211.26885090270255,87234,369,490,11910,
211.27087103109233,87234,368,491,11910,
211.2854599125007,87233,369,491,11910,
211.28883755674525,87233,368,492,11910,
211.29397088367594,87233,367,493,11910,
211.29732975887194,87232,368,493,11910,
211.29943911801135,87232,367,494,11910,
211.3151643582498,87232,366,495,11910,
211.31530990416204,87231,367,495,11910,
211.3172062821963,87230,368,495,11910,
211.37022526156656,87229,369,495,11910,
211.3713763480657,87229,369,494,11911,
211.37289132053263,87229,368,495,11911,
211.38553028541816,87229,368,494,11912,
211.38764106061902,87229,367,495,11912,
211.39124785725815,87228,368,495,11912,
211.3964199699443,87227,369,495,11912,
211.39707342734593,87227,369,494,11913,
211.40835265095987,87227,369,493,11914,
211.40941597970775,87227,368,494,11914,
211.410906532365,87227,368,493,11915,
211.41401823946057,87227,367,494,11915,
211.4161268453288,87227,367,493,11916,
211.43001098046,87227,367,492,11917,
211.4371595525338,87227,366,493,11917,
211.44040178701533,87227,366,492,11918,
211.44471448719023,87226,367,492,11918,
211.4527496130439,87225,368,492,11918,
211.45309931388758,87225,367,493,11918,
211.45557327125502,87225,366,494,11918,
211.45660213624134,87225,366,493,11919,
211.45818880142824,87225,366,492,11920,
211.46317020124525,87224,367,492,11920,
211.46712269113823,87223,368,492,11920,
211.46756066300722,87223,367,493,11920,
211.47352552176451,87223,366,494,11920,
211.48489600569056,87222,367,494,11920,
211.48810812613678,87222,367,493,11921,
211.49096197696707,87221,368,493,11921,
211.49329244720326,87220,369,493,11921,
211.4941549071572,87220,368,494,11921,
211.49805153801563,87219,369,494,11921,
211.50617427274727,87219,368,495,11921,
211.5076894368161,87219,367,496,11921,
211.514126590393,87218,368,496,11921,
211.52013895986778,87217,369,496,11921,
211.5228405801323,87217,369,495,11922,
211.5260724131782,87216,370,495,11922,
211.53533919731134,87215,371,495,11922,
211.53862947416238,87214,372,495,11922,
211.54688866120205,87213,373,495,11922,
211.55813992352228,87212,374,495,11922,
211.55928349103448,87211,375,495,11922,
211.56531020396793,87210,376,495,11922,
211.58224110137147,87210,375,496,11922,
211.58357567877434,87209,376,496,11922,
211.58508988023067,87209,376,495,11923,
211.58965234745298,87208,377,495,11923,
211.59977244807777,87208,377,494,11924,
211.59988024904078,87208,376,495,11924,
211.60694405047775,87208,375,496,11924,
211.60915173769325,87208,374,497,11924,
211.62053149407143,87208,373,498,11924,
211.62065706102945,87208,372,499,11924,
211.62371385588145,87207,373,499,11924,
211.63020545266184,87206,374,499,11924,
211.63137992746405,87206,373,500,11924,
211.6387341199391,87206,373,499,11925,
211.64061657358454,87206,372,500,11925,
211.6485084993978,87205,373,500,11925,
211.6558841415516,87205,372,501,11925,
211.66445325939526,87204,373,501,11925,
211.66494884588727,87204,372,502,11925,
211.67986202734446,87204,372,501,11926,
211.6817713256537,87203,373,501,11926,
211.68383016942508,87203,373,500,11927,
211.684475021152,87202,374,500,11927,
211.69092749669974,87202,373,501,11927,
211.69215659921997,87202,372,502,11927,
211.70294197585966,87201,373,502,11927,
211.70746987638614,87200,374,502,11927,
211.70804822270927,87199,375,502,11927,
211.70831356530795,87198,376,502,11927,
211.71499130805526,87197,377,502,11927,
211.71809881751525,87197,377,501,11928,
211.72132400163986,87196,378,501,11928,
211.7255483098291,87195,379,501,11928,
211.72820962035357,87195,378,502,11928,
211.72989891507086,87195,378,501,11929,
211.7384503381044,87195,378,500,11930,
211.73943472433908,87194,379,500,11930,
211.74006109498993,87194,379,499,11931,
211.74009234375586,87194,378,500,11931,
211.74148230257225,87194,377,501,11931,
211.7567822983168,87194,377,500,11932,
211.7580489050846,87193,378,500,11932,
211.76287533120737,87193,378,499,11933,
211.76314662070055,87193,377,500,11933,
211.76788399528797,87193,376,501,11933,
211.76983444444247,87192,377,501,11933,
211.77215100192055,87192,376,502,11933,
211.77509129720605,87192,376,501,11934,
211.7778252739153,87192,375,502,11934,
211.7818349125329,87191,376,502,11934,
211.7835165270468,87190,377,502,11934,
211.78635108095563,87189,378,502,11934,
211.78910006280074,87189,378,501,11935,
211.7895781327373,87189,378,500,11936,
211.79355051916312,87188,379,500,11936,
211.806321188899,87188,378,501,11936,
211.8093167941963,87188,377,502,11936,
211.81065476276098,87188,377,501,11937,
211.81411634045082,87187,378,501,11937,
211.81935277357,87187,378,500,11938,
211.820425140011,87187,378,499,11939,
211.82331478377336,87187,378,498,11940,
211.83208449456254,87187,377,499,11940,
211.83820133574224,87187,376,500,11940,
211.83882118019125,87186,377,500,11940,
211.84178194079237,87186,377,499,11941,
211.84413243275537,87185,378,499,11941,
211.84902162184852,87185,378,498,11942,
211.854050483152,87185,378,497,11943,
211.86113832156968,87185,377,498,11943,
211.86469371240193,87185,376,499,11943,
211.86979548512625,87185,376,498,11944,
211.87841755462645,87185,375,499,11944,
211.88067316081316,87185,375,498,11945,
211.88198065478142,87185,374,499,11945,
211.88569385595346,87185,373,500,11945,
211.88972111123502,87185,372,501,11945,
211.89429755471775,87185,372,500,11946,
211.90251609890876,87184,373,500,11946,
211.9045730636043,87184,372,501,11946,
211.90562239187935,87184,372,500,11947,
211.91002885039296,87183,373,500,11947,
211.92160802209963,87182,374,500,11947,
211.92486532576967,87182,374,499,11948,
211.92783590527446,87181,375,499,11948,
211.93127470407862,87181,375,498,11949,
211.93137453809814,87180,376,498,11949,
211.93618122082628,87180,375,499,11949,
211.93654204435373,87179,376,499,11949,
211.93816071624641,87179,375,500,11949,
211.94307591033063,87178,376,500,11949,
211.9458672169657,87178,375,501,11949,
211.94686437566764,87177,376,501,11949,
211.94802399681072,87177,375,502,11949,
211.94823924634593,87176,376,502,11949,
211.95956183221085,87175,377,502,11949,
211.96038291931373,87175,376,503,11949,
211.96359265639927,87175,375,504,11949,
211.96470326385722,87175,375,503,11950,
211.9677844816192,87175,375,502,11951,
211.9843618116862,87175,375,501,11952,
211.98557598719125,87174,376,501,11952,
211.99013100929213,87174,375,502,11952,
211.99091455728592,87173,376,502,11952,
211.9940418742797,87172,377,502,11952,
211.99674024980868,87171,378,502,11952,
211.9978493787201,87170,379,502,11952,
211.99801721225424,87170,378,503,11952,
211.9994353810025,87170,377,504,11952,
212.00343740912882,87170,376,505,11952,
212.005314997784,87170,376,504,11953,
212.00719820045367,87169,377,504,11953,
212.0123145079926,87168,378,504,11953,
212.02046172405485,87168,378,503,11954,
212.02064026242363,87168,377,504,11954,
212.0252377829424,87168,377,503,11955,
212.03210615161237,87168,376,504,11955,
212.03220223014299,87168,376,503,11956,
212.03267542809118,87167,377,503,11956,
212.03329069651497,87166,378,503,11956,
212.0416214411938,87166,378,502,11957,
212.0503234700893,87166,378,501,11958,
212.05087424090732,87166,378,500,11959,
212.0555693409642,87165,379,500,11959,
212.05949727845794,87164,380,500,11959,
212.06128491398727,87164,379,501,11959,
212.06363286289388,87163,380,501,11959,
212.070167846975,87163,379,502,11959,
212.07073285259244,87162,380,502,11959,
212.07281438902487,87161,381,502,11959,
212.07665232346795,87161,380,503,11959,
212.0802580260977,87160,381,503,11959,
212.08075792451226,87160,381,502,11960,
212.0822971708166,87160,381,501,11961,
212.0829796544823,87160,381,500,11962,
212.08704970965726,87160,381,499,11963,
212.0915003654599,87160,380,500,11963,
212.09544305192983,87159,381,500,11963,
212.10016763854495,87158,382,500,11963,
212.1005392316306,87158,381,501,11963,
212.10453534840954,87158,380,502,11963,
212.1050228813148,87157,381,502,11963,
212.11662794336416,87156,382,502,11963,
212.1175780552876,87155,383,502,11963,
212.13213485157667,87154,384,502,11963,
212.14343034743217,87154,384,501,11964,
212.14768174259612,87153,385,501,11964,
212.1523711128121,87152,386,501,11964,
212.1536267831825,87152,386,500,11965,
212.15406414897342,87152,385,501,11965,
212.16166366642247,87151,386,501,11965,
212.1705881640553,87150,387,501,11965,
212.1757179719086,87149,388,501,11965,
212.17910403844266,87148,389,501,11965,
212.193939650046,87148,388,502,11965,
212.2002982883916,87148,387,503,11965,
212.20929774244968,87147,388,503,11965,
212.21849914408958,87147,387,504,11965,
212.22210638390493,87147,387,503,11966,
212.25246287315508,87147,387,502,11967,
212.25494473667234,87147,387,501,11968,
212.27271951974262,87147,387,500,11969,
212.28175267312798,87147,387,499,11970,
212.28327322179035,87147,386,500,11970,
212.2880001191971,87146,387,500,11970,
212.2980463271455,87146,387,499,11971,
212.31794495958397,87146,386,500,11971,
212.32345468564867,87146,385,501,11971,
212.3253551489084,87146,384,502,11971,
212.32666345153564,87145,385,502,11971,
212.34316111778233,87144,386,502,11971,
212.35351195637992,87144,386,501,11972,
212.3570064732808,87144,385,502,11972,
212.35993103514326,87144,385,501,11973,
212.36650398562108,87143,386,501,11973,
212.36692343988528,87143,386,500,11974,
212.37362270732888,87143,385,501,11974,
212.3874916127009,87142,386,501,11974,
212.38883134006142,87141,387,501,11974,
212.40183898505217,87141,386,502,11974,
212.40351512220423,87140,387,502,11974,
212.4042496715385,87140,386,503,11974,
212.40713576030006,87140,385,504,11974,
212.41048692546104,87139,386,504,11974,
212.42484015612314,87139,386,503,11975,
212.4283000621278,87138,387,503,11975,
212.4285386520767,87138,387,502,11976,
212.42891598126806,87137,388,502,11976,
212.43726831601717,87137,387,503,11976,
212.4378743855342,87137,387,502,11977,
212.43823095738446,87136,388,502,11977,
212.44094463960352,87136,388,501,11978,
212.44189515062757,87136,388,500,11979,
212.4427533314812,87135,389,500,11979,
212.44346882428172,87135,389,499,11980,
212.4451857148625,87135,388,500,11980,
212.44786648023586,87134,389,500,11980,
212.44905590428073,87134,389,499,11981,
212.44965096524365,87134,389,498,11982,
212.4535069797576,87133,390,498,11982,
212.4544358735427,87133,389,499,11982,
212.45510486841607,87133,389,498,11983,
212.46211165777646,87132,390,498,11983,
212.4624703287862,87131,391,498,11983,
212.47082312457863,87131,390,499,11983,
212.47507248303629,87130,391,499,11983,
212.47792958448628,87129,392,499,11983,
212.48799464376424,87128,393,499,11983,
212.49447454668172,87127,394,499,11983,
212.5119355143725,87126,395,499,11983,
212.51747534324429,87126,394,500,11983,
212.5308295522077,87125,395,500,11983,
212.53270564962932,87125,395,499,11984,
212.53678828410568,87125,394,500,11984,
212.538364948652,87124,395,500,11984,
212.54008174752605,87124,395,499,11985,
212.54360241186498,87124,395,498,11986,
212.54738489609593,87124,395,497,11987,
212.5508225902316,87123,396,497,11987,
212.55813767499555,87122,397,497,11987,
212.56441954594376,87122,396,498,11987,
212.5683316244488,87121,397,498,11987,
212.57529424665063,87120,398,498,11987,
212.57733827786603,87120,397,499,11987,
212.5827186317532,87119,398,499,11987,
212.58387390217655,87119,397,500,11987,
212.5867744725083,87119,396,501,11987,
212.61429448599011,87118,397,501,11987,
212.614857952018,87117,398,501,11987,
212.62035746449592,87117,398,500,11988,
212.6266714592246,87116,399,500,11988,
212.6283407124202,87115,400,500,11988,
212.63027504479956,87115,399,501,11988,
212.63340032561263,87115,398,502,11988,
212.6423102516663,87115,398,501,11989,
212.65557342474742,87115,398,500,11990,
212.65809430503637,87115,398,499,11991,
212.6590221743063,87115,397,500,11991,
212.6617876745336,87115,396,501,11991,
212.666861813716,87114,397,501,11991,
212.6847983064724,87113,398,501,11991,
212.69556619318234,87113,398,500,11992,
212.6956440937972,87113,397,501,11992,
212.70419425401263,87112,398,501,11992,
212.7054542885181,87112,397,502,11992,
212.72329257368577,87112,396,503,11992,
212.72378668514426,87112,396,502,11993,
212.73058569993967,87112,396,501,11994,
212.74492209110448,87112,396,500,11995,
212.75672891068902,87112,395,501,11995,
212.75890738911153,87112,394,502,11995,
212.76190176883057,87112,394,501,11996,
212.76765589723874,87112,394,500,11997,
212.77552130278443,87112,394,499,11998,
212.78009106134465,87112,394,498,11999,
212.78199586700987,87111,395,498,11999,
212.78488454244984,87110,396,498,11999,
212.7863524485904,87110,396,497,12000,
212.78651183044573,87109,397,497,12000,
212.79377442705405,87109,397,496,12001,
212.79493874651249,87109,396,497,12001,
212.79693410073227,87109,396,496,12002,
212.79748134095092,87109,395,497,12002,
212.79957106965927,87108,396,497,12002,
212.80206568999756,87107,397,497,12002,
212.80786798905842,87107,396,498,12002,
212.80902174785763,87107,396,497,12003,
212.81131249376895,87106,397,497,12003,
212.81823025682678,87106,396,498,12003,
212.81973323540853,87106,395,499,12003,
212.8240587833174,87106,394,500,12003,
212.82806360291684,87105,395,500,12003,
212.83526229646944,87104,396,500,12003,
212.84465722779854,87104,395,501,12003,
212.85296694252267,87104,394,502,12003,
212.85637635906895,87104,393,503,12003,
212.85713877187612,87104,392,504,12003,
212.85773892969448,87103,393,504,12003,
212.86037640091078,87103,392,505,12003,
212.86741264621136,87103,392,504,12004,
212.86947445173962,87103,392,503,12005,
212.87282253726534,87103,391,504,12005,
212.87550205080623,87102,392,504,12005,
212.87634399795783,87102,392,503,12006,
212.8952388823381,87101,393,503,12006,
212.89574817780252,87100,394,503,12006,
212.90178697769002,87100,393,504,12006,
212.90217232420693,87100,392,505,12006,
212.9071298654039,87100,391,506,12006,
212.91590203674937,87099,392,506,12006,
212.91861589567432,87099,392,505,12007,
212.92301819663504,87098,393,505,12007,
212.92533240621708,87098,392,506,12007,
212.92688929215316,87098,391,507,12007,
212.92974066937114,87098,390,508,12007,
212.93433663036683,87097,391,508,12007,
212.93826954124972,87097,390,509,12007,
212.9490394053485,87096,391,509,12007,
212.94949477739047,87096,390,510,12007,
212.95191442966174,87096,389,511,12007,
212.95494247216473,87095,390,511,12007,
212.95867366820852,87094,391,511,12007,
212.96138654993334,87094,390,512,12007,
212.96208106930067,87094,389,513,12007,
212.96305011325396,87094,389,512,12008,
212.96396753387396,87093,390,512,12008,
212.96622743777044,87092,391,512,12008,
212.97197063832348,87092,391,511,12009,
212.97227601828232,87091,392,511,12009,
212.98066457132919,87090,393,511,12009,
212.98217244302552,87090,392,512,12009,
212.98521131574725,87089,393,512,12009,
212.9854069870124,87089,393,511,12010,
212.98543962997533,87089,392,512,12010,
212.98824383811268,87089,392,511,12011,
212.99289728205522,87089,391,512,12011,
212.99454493827884,87088,392,512,12011,
212.99846676720756,87088,391,513,12011,
213.00169220665302,87087,392,513,12011,
213.0288869533848,87087,391,514,12011,
213.03184936857093,87086,392,514,12011,
213.03695410199512,87086,392,513,12012,
213.04040745756268,87086,391,514,12012,
213.05022311251545,87086,391,513,12013,
213.06914149283915,87085,392,513,12013,
213.07260558870286,87085,391,514,12013,
213.07301633464743,87085,390,515,12013,
213.07416159813778,87084,391,515,12013,
213.08601104311163,87084,390,516,12013,
213.08663790808927,87083,391,516,12013,
213.1023209102094,87082,392,516,12013,
213.10409461646375,87081,393,516,12013,
213.11658621581734,87081,392,517,12013,
213.12054497933696,87080,393,517,12013,
213.12703628029922,87080,393,516,12014,
213.12980825894994,87080,392,517,12014,
213.13872015778352,87079,393,517,12014,
213.1397811304081,87078,394,517,12014,
213.14574597266397,87078,393,518,12014,
213.14770193643332,87077,394,518,12014,
213.15833007552436,87077,394,517,12015,
213.15841977295554,87076,395,517,12015,
213.15983126399084,87075,396,517,12015,
213.174785376285,87075,396,516,12016,
213.18027810532678,87075,395,517,12016,
213.190688076194,87074,396,517,12016,
213.19609441578936,87074,395,518,12016,
213.2020862714563,87074,394,519,12016,
213.20614446792817,87073,395,519,12016,
213.21719516811058,87073,394,520,12016,
213.2173003240574,87073,394,519,12017,
213.22231146092787,87073,394,518,12018,
213.22878523990417,87073,393,519,12018,
213.23210058756456,87072,394,519,12018,
213.23549541562502,87072,394,518,12019,
213.24046101152507,87071,395,518,12019,
213.2499051560169,87070,396,518,12019,
213.25764896021647,87069,397,518,12019,
213.26360494450935,87068,398,518,12019,
213.27086154756978,87068,398,517,12020,
213.2755923402441,87068,397,518,12020,
213.27610872892694,87068,396,519,12020,
213.2761485373697,87068,396,518,12021,
213.27791286073855,87067,397,518,12021,
213.29198908917104,87066,398,518,12021,
213.2933428014939,87065,399,518,12021,
213.29971232091066,87064,400,518,12021,
213.30055424723218,87064,399,519,12021,
213.30073541395242,87064,399,518,12022,
213.30094565678758,87063,400,518,12022,
213.30267947142937,87062,401,518,12022,
213.3033859568661,87062,400,519,12022,
213.3050802884759,87061,401,519,12022,
213.3053811291161,87061,401,518,12023,
213.30874736742646,87061,401,517,12024,
213.30922930922918,87061,401,516,12025,
213.31522724885212,87060,402,516,12025,
213.32390636124873,87059,403,516,12025,
213.324061719399,87059,402,517,12025,
213.33714084105267,87059,401,518,12025,
213.33785633652317,87059,401,517,12026,
213.33820916428752,87059,400,518,12026,
213.34473326840515,87058,401,518,12026,
213.34698593037075,87058,400,519,12026,
213.35133553747843,87057,401,519,12026,
213.36031306189028,87056,402,519,12026,
213.36542290294545,87056,401,520,12026,
213.36783691500048,87055,402,520,12026,
213.36964599805154,87054,403,520,12026,
213.37159642576066,87054,402,521,12026,
213.38229406293868,87053,403,521,12026,
213.38509213,87053,403,520,12027,
213.3895826510055,87052,404,520,12027,
213.3898251950043,87051,405,520,12027,
213.39416199472507,87050,406,520,12027,
213.3956317927317,87049,407,520,12027,
213.3998722374652,87049,407,519,12028,
213.40136649390072,87048,408,519,12028,
213.4084192044716,87047,409,519,12028,
213.41458311452953,87046,410,519,12028,
213.4170732696126,87046,410,518,12029,
213.4188374759175,87046,409,519,12029,
213.41957278050722,87045,410,519,12029,
213.43727823056,87045,410,518,12030,
213.4382975606169,87045,409,519,12030,
213.4398951615989,87044,410,519,12030,
213.4420278725084,87044,409,520,12030,
213.44520486540466,87044,408,521,12030,
213.44671613697835,87044,407,522,12030,
213.44722907329543,87044,406,523,12030,
213.44781560011768,87043,407,523,12030,
213.4497858353123,87043,406,524,12030,
213.45075833554756,87043,406,523,12031,
213.45598393661012,87043,406,522,12032,
213.4602588533883,87042,407,522,12032,
213.46193013100745,87042,407,521,12033,
213.46331178272789,87042,406,522,12033,
213.4636359420262,87042,406,521,12034,
213.46677472471336,87041,407,521,12034,
213.47181776250528,87041,407,520,12035,
213.4738724825303,87041,407,519,12036,
213.48156408560305,87041,406,520,12036,
213.4876243427714,87041,406,519,12037,
213.4911099525062,87041,405,520,12037,
213.50351019507428,87041,404,521,12037,
213.51166910841684,87040,405,521,12037,
213.5154134141268,87039,406,521,12037,
213.51847577187522,87039,405,522,12037,
213.52100906747918,87039,404,523,12037,
213.52229070652317,87038,405,523,12037,
213.52293882979373,87037,406,523,12037,
213.5243195846904,87036,407,523,12037,
213.54321767830842,87036,407,522,12038,
213.54642370848188,87035,408,522,12038,
213.5467762135299,87035,407,523,12038,
213.55029388194097,87034,408,523,12038,
213.55676784995825,87034,408,522,12039,
213.56261230425028,87034,407,523,12039,
213.56683177855282,87034,406,524,12039,
213.57005293938582,87034,406,523,12040,
213.5740314168438,87033,407,523,12040,
213.57421328694383,87033,407,522,12041,
213.57496766193708,87033,407,521,12042,
213.57699411181164,87032,408,521,12042,
213.57898061701718,87031,409,521,12042,
213.57965075163207,87030,410,521,12042,
213.58016063745075,87030,410,520,12043,
213.58558875119277,87029,411,520,12043,
213.58806358345936,87029,410,521,12043,
213.58998870090517,87029,409,522,12043,
213.59139292715147,87029,409,521,12044,
213.59302104967878,87029,408,522,12044,
213.59645730341694,87029,407,523,12044,
213.60079798924457,87029,407,522,12045,
213.60193699855006,87028,408,522,12045,
213.60459819442985,87027,409,522,12045,
213.6067820852005,87026,410,522,12045,
213.60963039196542,87026,410,521,12046,
213.6103723313399,87025,411,521,12046,
213.61090159874456,87024,412,521,12046,
213.61317895511922,87024,412,520,12047,
213.62002719149285,87024,412,519,12048,
213.6233581069048,87024,411,520,12048,
213.62894965472788,87023,412,520,12048,
213.64086334847005,87022,413,520,12048,
213.6439834758458,87022,412,521,12048,
213.65387093978626,87022,411,522,12048,
213.66183955403034,87022,411,521,12049,
213.66251471194184,87021,412,521,12049,
213.66363460215356,87021,411,522,12049,
213.66416586004524,87021,410,523,12049,
213.6832118759979,87021,409,524,12049,
213.6837843177563,87021,409,523,12050,
213.6949199194889,87020,410,523,12050,
213.69774735407302,87020,410,522,12051,
213.7048121653229,87020,410,521,12052,
213.7051160151744,87019,411,521,12052,
213.70573097825385,87018,412,521,12052,
213.71557359574308,87017,413,521,12052,
213.71894265832185,87017,413,520,12053,
213.72414166876194,87017,412,521,12053,
213.73231980336243,87017,412,520,12054,
213.7369963826626,87017,411,521,12054,
213.73815157566108,87017,410,522,12054,
213.7404839644653,87017,409,523,12054,
213.7406621135997,87016,410,523,12054,
213.74213067667188,87016,410,522,12055,
213.7427088059517,87016,409,523,12055,
213.7489813989833,87016,409,522,12056,
213.74903501774443,87016,408,523,12056,
213.75443753587348,87016,408,522,12057,
213.75636535348116,87015,409,522,12057,
213.76877390743974,87014,410,522,12057,
213.7700409472486,87013,411,522,12057,
213.77185948926612,87013,410,523,12057,
213.77261045988905,87013,409,524,12057,
213.77909392091502,87013,409,523,12058,
213.77965562381036,87013,409,522,12059,
213.7818989768564,87013,408,523,12059,
213.78285144318528,87012,409,523,12059,
213.7862773300681,87012,408,524,12059,
213.79619680081908,87011,409,524,12059,
213.79813678885162,87011,408,525,12059,
213.80564890253498,87010,409,525,12059,
213.80748868701357,87010,409,524,12060,
213.81297282254707,87010,409,523,12061,
213.81344106247536,87010,409,522,12062,
213.82440382776326,87010,409,521,12063,
213.82668559626393,87009,410,521,12063,
213.83064199849142,87009,409,522,12063,
213.83145320507762,87009,408,523,12063,
213.83149253577594,87009,407,524,12063,
213.83370769541068,87008,408,524,12063,
213.84294660709222,87008,407,525,12063,
213.85344240832617,87008,407,524,12064,
213.8544848753116,87008,406,525,12064,
213.85692096749858,87007,407,525,12064,
213.85973460955142,87007,407,524,12065,
213.86777443671113,87006,408,524,12065,
213.8704073904784,87005,409,524,12065,
213.8844112163208,87004,410,524,12065,
213.8872001343498,87004,409,525,12065,
213.89503195408747,87004,408,526,12065,
213.91590965037162,87003,409,526,12065,
213.91755206954744,87003,409,525,12066,
213.92176935654635,87002,410,525,12066,
213.92345736457284,87002,410,524,12067,
213.92840806783232,87002,409,525,12067,
213.9324144244037,87002,408,526,12067,
213.93351043713335,87001,409,526,12067,
213.93390650108233,87000,410,526,12067,
213.93421039076838,87000,409,527,12067,
213.9367545813477,87000,408,528,12067,
213.9427880234177,86999,409,528,12067,
213.94449119046823,86998,410,528,12067,
213.9492298748681,86998,410,527,12068,
213.95568976955886,86998,410,526,12069,
213.95642816653194,86997,411,526,12069,
213.9580948079216,86996,412,526,12069,
213.96072672221527,86996,412,525,12070,
213.96127958405117,86995,413,525,12070,
213.96277088568237,86995,413,524,12071,
213.96742168162694,86994,414,524,12071,
213.9746535545448,86994,413,525,12071,
213.98896681172093,86994,413,524,12072,
213.99622618997117,86993,414,524,12072,
213.99982195458293,86993,413,525,12072,
214.00579887708597,86992,414,525,12072,
214.00957316927264,86992,414,524,12073,
214.0274304011011,86992,413,525,12073,
214.03251482934274,86992,413,524,12074,
214.04514631334627,86992,412,525,12074,
214.04924154298425,86991,413,525,12074,
214.06445029879714,86991,412,526,12074,
214.06651563990414,86991,411,527,12074,
214.07510671773386,86991,410,528,12074,
214.08095553676398,86991,409,529,12074,
214.08280473854734,86990,410,529,12074,
214.0991940223073,86989,411,529,12074,
214.10141734709578,86989,410,530,12074,
214.10963283757818,86989,409,531,12074,
214.11040606155564,86989,409,530,12075,
214.1111849833111,86989,409,529,12076,
214.11867506552036,86988,410,529,12076,
214.12858341618778,86987,411,529,12076,
214.1362520316969,86986,412,529,12076,
214.13916520542543,86985,413,529,12076,
214.1394507037587,86984,414,529,12076,
214.14195380003878,86983,415,529,12076,
214.14671705679118,86982,416,529,12076,
214.14926140270097,86981,417,529,12076,
214.14929790377522,86980,418,529,12076,
214.1501004638373,86980,417,530,12076,
214.15117569193737,86980,417,529,12077,
214.1565122568585,86979,418,529,12077,
214.16279506506785,86978,419,529,12077,
214.16643447533252,86977,420,529,12077,
214.16699413131974,86977,420,528,12078,
214.1745559707183,86976,421,528,12078,
214.18311223242034,86975,422,528,12078,
214.18564709686243,86974,423,528,12078,
214.19935974146347,86973,424,528,12078,
214.20105346686665,86973,424,527,12079,
214.20622590193426,86973,423,528,12079,
214.2114561525726,86973,422,529,12079,
214.21471089450552,86973,422,528,12080,
214.2160175278246,86972,423,528,12080,
214.22815932582708,86971,424,528,12080,
214.23414381083796,86971,424,527,12081,
214.2364459069664,86970,425,527,12081,
214.23663250156747,86970,425,526,12082,
214.23921853900563,86970,425,525,12083,
214.2399745427823,86970,425,524,12084,
214.2405949301131,86969,426,524,12084,
214.24342478322242,86969,426,523,12085,
214.24420131229846,86968,427,523,12085,
214.24677933996452,86967,428,523,12085,
214.24693576362895,86967,428,522,12086,
214.25001262436987,86966,429,522,12086,
214.25089143165147,86966,429,521,12087,
214.25236850754084,86966,429,520,12088,
214.25309055608443,86965,430,520,12088,
214.2557569907799,86964,431,520,12088,
214.26950822886315,86963,432,520,12088,
214.27244224774773,86962,433,520,12088,
214.27391197763,86962,432,521,12088,
214.27575364751155,86962,431,522,12088,
214.27608985375278,86961,432,522,12088,
214.27917391042885,86961,431,523,12088,
214.27982214974287,86961,431,522,12089,
214.28328309883565,86961,430,523,12089,
214.2837433984557,86961,429,524,12089,
214.2849324394423,86961,429,523,12090,
214.28870167544096,86961,428,524,12090,
214.302470273955,86960,429,524,12090,
214.30855935293997,86959,430,524,12090,
214.30994633703224,86959,429,525,12090,
214.31381921895417,86958,430,525,12090,
214.31911806946334,86957,431,525,12090,
214.3220529054546,86956,432,525,12090,
214.3291002159952,86956,431,526,12090,
214.3299230194883,86956,431,525,12091,
214.33042938184195,86955,432,525,12091,
214.3343336469046,86955,431,526,12091,
214.35129605054493,86954,432,526,12091,
214.36113595404075,86953,433,526,12091,
214.36637621453875,86953,432,527,12091,
214.36975707763446,86953,432,526,12092,
214.36987780061372,86953,432,525,12093,
214.37320668020283,86952,433,525,12093,
214.37767012100733,86952,432,526,12093,
214.38787527687415,86951,433,526,12093,
214.39699992183415,86950,434,526,12093,
214.40681853625276,86950,433,527,12093,
214.41320914932714,86950,432,528,12093,
214.4144571376717,86950,431,529,12093,
214.41522715708652,86949,432,529,12093,
214.41762487809018,86948,433,529,12093,
214.41970592122834,86948,433,528,12094,
214.42342945369595,86948,432,529,12094,
214.4264185219641,86948,432,528,12095,
214.4278779297971,86947,433,528,12095,
214.43297423143392,86947,432,529,12095,
214.4341809693265,86947,431,530,12095,
214.43572715231463,86947,430,531,12095,
214.44008472528168,86947,429,532,12095,
214.44414027678997,86946,430,532,12095,
214.44419037721403,86946,429,533,12095,
214.4447382704609,86945,430,533,12095,
214.44627506402924,86945,429,534,12095,
214.4465422969808,86944,430,534,12095,
214.44779153078986,86944,429,535,12095,
214.4553739820552,86943,430,535,12095,
214.4556337671383,86943,429,536,12095,
214.46039002376284,86943,429,535,12096,
214.46597539300072,86943,428,536,12096,
214.47081136468344,86943,427,537,12096,
214.4734861561268,86943,426,538,12096,
214.47435424471064,86942,427,538,12096,
214.47604498996446,86942,427,537,12097,
214.4763107897289,86941,428,537,12097,
214.4792149017806,86941,427,538,12097,
214.4847980531143,86941,426,539,12097,
214.4943993059739,86941,425,540,12097,
214.49843898211606,86941,424,541,12097,
214.50813465342262,86941,424,540,12098,
214.51221029450022,86941,424,539,12099,
214.51850479557652,86940,425,539,12099,
214.5189219057497,86939,426,539,12099,
214.51948062388846,86939,425,540,12099,
214.52208945010975,86939,424,541,12099,
214.52214298889595,86938,425,541,12099,
214.5258759368012,86938,424,542,12099,
214.53984303330944,86938,424,541,12100,
214.54310217911933,86938,423,542,12100,
214.54398227526985,86938,422,543,12100,
214.54796945179118,86937,423,543,12100,
214.55266991229547,86937,422,544,12100,
214.5572721291578,86937,422,543,12101,
214.5580831038445,86936,423,543,12101,
214.55902921059598,86936,423,542,12102,
214.56025313739116,86936,422,543,12102,
214.56101755884097,86936,421,544,12102,
214.578696362176,86935,422,544,12102,
214.59803487351118,86934,423,544,12102,
214.59903285836702,86934,422,545,12102,
214.60457837481948,86933,423,545,12102,
214.60515597842823,86933,423,544,12103,
214.60975203377205,86932,424,544,12103,
214.61307749734618,86931,425,544,12103,
214.62732433644243,86931,424,545,12103,
214.6316438085203,86930,425,545,12103,
214.63555891621453,86930,424,546,12103,
214.64067690816208,86930,424,545,12104,
214.6435110325931,86929,425,545,12104,
214.64718393918707,86928,426,545,12104,
214.65221835301804,86928,425,546,12104,
214.65261518604464,86928,425,545,12105,
214.660052663278,86928,425,544,12106,
214.66299131392378,86928,424,545,12106,
214.66723005358412,86928,423,546,12106,
214.67007787668413,86927,424,546,12106,
214.672459250624,86927,424,545,12107,
214.67425698293943,86927,423,546,12107,
214.68807194315,86926,424,546,12107,
214.68881073312616,86926,423,547,12107,
214.69198630363266,86925,424,547,12107,
214.69231246559553,86925,424,546,12108,
214.69488921792617,86924,425,546,12108,
214.69828251754933,86924,424,547,12108,
214.69989052565802,86924,423,548,12108,
214.7050264887997,86924,422,549,12108,
214.71215494935396,86923,423,549,12108,
214.71567092225035,86923,422,550,12108,
214.71752394628547,86923,422,549,12109,
214.72364768498417,86923,421,550,12109,
214.72742902599114,86923,420,551,12109,
214.73280579302622,86923,419,552,12109,
214.73553741034888,86922,420,552,12109,
214.73918474513846,86921,421,552,12109,
214.7403929546728,86921,421,551,12110,
214.74058927410724,86921,421,550,12111,
214.75649344327758,86921,421,549,12112,
214.75776867281465,86921,420,550,12112,
214.75988391555867,86921,420,549,12113,
214.76393987613366,86921,419,550,12113,
214.7650583654461,86920,420,550,12113,
214.77597055463627,86919,421,550,12113,
214.7806712042906,86918,422,550,12113,
214.7865624032605,86918,422,549,12114,
214.787764739232,86918,421,550,12114,
214.78945340157637,86918,420,551,12114,
214.79331169901474,86917,421,551,12114,
214.80368220148742,86917,420,552,12114,
214.80927868730632,86916,421,552,12114,
214.81425368539337,86915,422,552,12114,
214.81570371058675,86915,421,553,12114,
214.82267588943117,86915,421,552,12115,
214.82860892272305,86914,422,552,12115,
214.8434466940003,86914,421,553,12115,
214.84575246499713,86914,420,554,12115,
214.84689636009062,86914,419,555,12115,
214.84957565040025,86914,418,556,12115,
214.85655160756062,86914,418,555,12116,
214.8599040414424,86914,418,554,12117,
214.86019812104897,86914,417,555,12117,
214.8626148212837,86914,417,554,12118,
214.8677283615218,86914,416,555,12118,
214.87137861150012,86913,417,555,12118,
214.87504522576555,86912,418,555,12118,
214.88768408236743,86912,418,554,12119,
214.89289966894987,86912,418,553,12120,
214.90031003168275,86912,418,552,12121,
214.90893676413452,86912,418,551,12122,
214.91054938335012,86911,419,551,12122,
214.91162682700295,86910,420,551,12122,
214.91516185451647,86910,420,550,12123,
214.92400470937238,86910,420,549,12124,
214.9279792032661,86910,419,550,12124,
214.93061462958795,86910,419,549,12125,
214.9419401211686,86910,419,548,12126,
214.94327210620952,86910,418,549,12126,
214.9538777037534,86910,418,548,12127,
214.9542041956473,86910,418,547,12128,
214.9547316934414,86910,418,546,12129,
214.96218343469087,86910,417,547,12129,
214.96380952115703,86909,418,547,12129,
214.96921375539006,86908,419,547,12129,
214.97122559608894,86908,418,548,12129,
214.9753388557665,86907,419,548,12129,
214.97672600501605,86907,418,549,12129,
214.98143681187588,86907,417,550,12129,
214.98260031966024,86907,417,549,12130,
214.98563945018526,86907,416,550,12130,
214.9870789759217,86906,417,550,12130,
214.9883381371355,86906,416,551,12130,
214.99080730613147,86906,415,552,12130,
214.9976706187198,86906,414,553,12130,
215.00159730595396,86906,413,554,12130,
215.00219077664104,86906,412,555,12130,
215.00238267609996,86906,412,554,12131,
215.0094132625968,86906,412,553,12132,
215.01309693825576,86906,411,554,12132,
215.02168977518866,86906,410,555,12132,
215.02460253224365,86906,409,556,12132,
215.0349139314824,86906,409,555,12133,
215.0360679350876,86905,410,555,12133,
215.03731568701468,86905,409,556,12133,
215.04333459850227,86905,408,557,12133,
215.04642233253142,86904,409,557,12133,
215.04766925626097,86904,409,556,12134,
215.047784616864,86903,410,556,12134,
215.05404020522266,86903,409,557,12134,
215.0556851375085,86902,410,557,12134,
215.06232292504998,86902,409,558,12134,
215.063276117766,86901,410,558,12134,
215.06501687466087,86901,410,557,12135,
215.06939543316946,86901,410,556,12136,
215.07748680436134,86901,409,557,12136,
215.07926765484703,86901,408,558,12136,
215.09579864808254,86901,407,559,12136,
215.096691746844,86901,406,560,12136,
215.0974540065065,86901,405,561,12136,
215.09783725760263,86900,406,561,12136,
215.10216062963417,86899,407,561,12136,
215.10220781139319,86898,408,561,12136,
215.10426854470307,86898,407,562,12136,
215.1056011456996,86897,408,562,12136,
215.10708650965964,86897,407,563,12136,
215.10751920948468,86897,407,562,12137,
215.1120336965484,86896,408,562,12137,
215.11689610836245,86896,408,561,12138,
215.12261593627846,86895,409,561,12138,
215.12346765520732,86895,408,562,12138,
215.1275142302276,86894,409,562,12138,
215.1298295555276,86894,408,563,12138,
215.1507420019676,86893,409,563,12138,
215.1517643965774,86892,410,563,12138,
215.1572140567509,86892,410,562,12139,
215.15886529301295,86892,409,563,12139,
215.15960457733328,86892,409,562,12140,
215.17222901807713,86892,409,561,12141,
215.1749455153219,86891,410,561,12141,
215.1780475572911,86890,411,561,12141,
215.18080617558851,86890,411,560,12142,
215.18267947235233,86890,410,561,12142,
215.19072407283426,86890,410,560,12143,
215.1922896036738,86889,411,560,12143,
215.19467420504392,86888,412,560,12143,
215.1968148847593,86888,412,559,12144,
215.20051479186893,86888,411,560,12144,
215.20346333664506,86888,410,561,12144,
215.21079855429818,86888,409,562,12144,
215.21671288921394,86887,410,562,12144,
215.2179736409412,86886,411,562,12144,
215.22566347448273,86885,412,562,12144,
215.22637380006267,86884,413,562,12144,
215.23024625928983,86884,413,561,12145,
215.2312420657365,86883,414,561,12145,
215.23243034212442,86882,415,561,12145,
215.23472736771637,86881,416,561,12145,
215.23723106725274,86881,416,560,12146,
215.23833641225403,86881,416,559,12147,
215.2393048771595,86881,416,558,12148,
215.24388041669036,86881,416,557,12149,
215.25610916680648,86880,417,557,12149,
215.25657604906021,86879,418,557,12149,
215.26413717397082,86878,419,557,12149,
215.26543943948676,86878,418,558,12149,
215.2674330908493,86878,418,557,12150,
215.27278557884358,86878,417,558,12150,
215.27431879947127,86877,418,558,12150,
215.27453036863662,86876,419,558,12150,
215.27665714472687,86876,419,557,12151,
215.27742101551783,86876,418,558,12151,
215.27870966253604,86876,417,559,12151,
215.27939826537911,86875,418,559,12151,
215.28155045089554,86874,419,559,12151,
215.2886773061955,86873,420,559,12151,
215.29047775559573,86873,419,560,12151,
215.29169133937106,86873,419,559,12152,
215.29935946940546,86872,420,559,12152,
215.30386884427722,86872,419,560,12152,
215.30407620377025,86872,419,559,12153,
215.30835184399913,86872,419,558,12154,
215.30907591900348,86871,420,558,12154,
215.30915196678149,86871,419,559,12154,
215.3104486289799,86871,418,560,12154,
215.325445567153,86871,417,561,12154,
215.32681006675492,86870,418,561,12154,
215.3278783910967,86870,417,562,12154,
215.32912157896385,86869,418,562,12154,
215.34682951097545,86869,417,563,12154,
215.35122145935864,86868,418,563,12154,
215.35369200091583,86868,418,562,12155,
215.35417951552301,86867,419,562,12155,
215.3559735205367,86867,418,563,12155,
215.35638136732885,86866,419,563,12155,
215.36261843239424,86866,419,562,12156,
215.36858426750993,86866,419,561,12157,
215.3708622830475,86865,420,561,12157,
215.3739071244401,86865,419,562,12157,
215.378201798163,86864,420,562,12157,
215.3791640699265,86864,420,561,12158,
215.38046503716123,86864,419,562,12158,
215.38070742185363,86864,419,561,12159,
215.39223020927957,86864,419,560,12160,
215.39536582305442,86864,418,561,12160,
215.40974303838567,86864,418,560,12161,
215.41232968060373,86863,419,560,12161,
215.4160699092643,86863,419,559,12162,
215.41760122190044,86863,419,558,12163,
215.41869762178237,86863,419,557,12164,
215.4350006421176,86863,418,558,12164,
215.46657109072626,86862,419,558,12164,
215.46719865230264,86861,420,558,12164,
215.47278842476157,86861,419,559,12164,
215.47554987140296,86861,418,560,12164,
215.47949108664295,86861,417,561,12164,
215.47952583030116,86861,416,562,12164,
215.4798434190795,86861,416,561,12165,
215.48085609782197,86860,417,561,12165,
215.48422523013255,86860,416,562,12165,
215.48442976581453,86860,415,563,12165,
215.49344829738695,86860,415,562,12166,
215.49350073628233,86860,414,563,12166,
215.4950270174781,86859,415,563,12166,
215.49715627564515,86858,416,563,12166,
215.4993715080457,86858,416,562,12167,
215.5022522000751,86857,417,562,12167,
215.51056043337172,86857,416,563,12167,
215.51251583323867,86857,416,562,12168,
215.51531429051448,86857,415,563,12168,
215.51551796693155,86857,414,564,12168,
215.52133949371463,86857,414,563,12169,
215.52164731374344,86857,414,562,12170,
215.52208566734927,86856,415,562,12170,
215.5231054817918,86855,416,562,12170,
215.5240352612586,86854,417,562,12170,
215.52584345204406,86854,417,561,12171,
215.52851975596445,86854,417,560,12172,
215.52991020863595,86854,416,561,12172,
215.53084963051896,86854,415,562,12172,
215.53114707180097,86854,415,561,12173,
215.53197724433423,86854,414,562,12173,
215.53984977274558,86854,413,563,12173,
215.5404994375815,86854,412,564,12173,
215.54258858722838,86854,411,565,12173,
215.54684616114648,86854,410,566,12173,
215.54803832589621,86854,409,567,12173,
215.5668562488237,86853,410,567,12173,
215.56792176466718,86853,410,566,12174,
215.56816528965194,86853,409,567,12174,
215.57416203077204,86853,409,566,12175,
215.57833004110475,86853,408,567,12175,
215.5801348018344,86852,409,567,12175,
215.58338184328343,86852,408,568,12175,
215.58405244665522,86851,409,568,12175,
215.58681502802003,86851,408,569,12175,
215.5885122702678,86851,408,568,12176,
215.6096150816547,86850,409,568,12176,
215.6139846222214,86849,410,568,12176,
215.61498361116298,86849,410,567,12177,
215.62172627063077,86848,411,567,12177,
215.6236235011772,86847,412,567,12177,
215.62399246048184,86846,413,567,12177,
215.6243174942279,86845,414,567,12177,
215.6304781058414,86845,413,568,12177,
215.63693041653045,86844,414,568,12177,
215.64082053449906,86844,413,569,12177,
215.6418767018402,86843,414,569,12177,
215.643248003131,86842,415,569,12177,
215.64367411236213,86842,415,568,12178,
215.65056396824735,86842,414,569,12178,
215.65696267606813,86841,415,569,12178,
215.66400052193157,86841,415,568,12179,
215.66762072547658,86841,414,569,12179,
215.6677937371411,86841,414,568,12180,
215.67005381801857,86840,415,568,12180,
215.67226994680627,86840,415,567,12181,
215.67269499088798,86839,416,567,12181,
215.67898013299683,86839,415,568,12181,
215.67925690833073,86839,414,569,12181,
215.6848524424137,86839,413,570,12181,
215.68558816166671,86838,414,570,12181,
215.70295330010177,86837,415,570,12181,
215.7103610137391,86836,416,570,12181,
215.71148304286598,86836,416,569,12182,
215.72269902398767,86836,416,568,12183,
215.72273793262255,86835,417,568,12183,
215.72468112680568,86835,416,569,12183,
215.73227595139926,86835,415,570,12183,
215.7364756400931,86835,414,571,12183,
215.7470064811578,86835,413,572,12183,
215.76134677393517,86835,412,573,12183,
215.76240320615287,86834,413,573,12183,
215.77695844858982,86834,412,574,12183,
215.77964047371466,86834,412,573,12184,
215.78292825295767,86833,413,573,12184,
215.78445680552292,86833,413,572,12185,
215.78545409012298,86833,412,573,12185,
215.78643510656286,86833,412,572,12186,
215.78791063484124,86833,411,573,12186,
215.79102431437047,86833,410,574,12186,
215.7925089639601,86833,409,575,12186,
215.81042370278152,86832,410,575,12186,
215.8126109349313,86832,410,574,12187,
215.81388846094626,86832,409,575,12187,
215.81622748997722,86832,408,576,12187,
215.81936337137955,86832,407,577,12187,
215.82382190211598,86832,406,578,12187,
215.8245487319319,86831,407,578,12187,
215.8261013034533,86830,408,578,12187,
215.82680269147085,86830,407,579,12187,
215.828401973192,86830,407,578,12188,
215.83258916729886,86830,406,579,12188,
215.833958919996,86829,407,579,12188,
215.8429040196678,86829,407,578,12189,
215.8450091881178,86828,408,578,12189,
215.84572181648497,86828,408,577,12190,
215.8476835704422,86827,409,577,12190,
215.8484666666621,86827,409,576,12191,
215.84861663173513,86827,408,577,12191,
215.85088681276287,86826,409,577,12191,
215.85352601034828,86826,408,578,12191,
215.85788620693285,86826,408,577,12192,
215.86267522447133,86826,408,576,12193,
215.86697692800513,86825,409,576,12193,
215.86955529361038,86824,410,576,12193,
215.87067904714453,86824,410,575,12194,
215.87205476999554,86824,410,574,12195,
215.88833696077177,86823,411,574,12195,
215.89629476417323,86823,411,573,12196,
215.90193816199758,86822,412,573,12196,
215.90675649690604,86822,412,572,12197,
215.9156691215934,86822,411,573,12197,
215.92951581833228,86821,412,573,12197,
215.9318469847634,86820,413,573,12197,
215.93622040680398,86820,412,574,12197,
215.9366289526731,86820,411,575,12197,
215.93824099299417,86820,411,574,12198,
215.93904141774334,86819,412,574,12198,
215.94425205015966,86818,413,574,12198,
215.94655384379294,86818,413,573,12199,
215.95425032785263,86817,414,573,12199,
215.9590907939984,86816,415,573,12199,
215.96200711356755,86815,416,573,12199,
215.96764788460817,86814,417,573,12199,
215.9703249140949,86813,418,573,12199,
215.97083166646146,86813,418,572,12200,
215.97167429017688,86813,418,571,12201,
215.9766387714999,86812,419,571,12201,
215.97922431961584,86812,418,572,12201,
215.97956272314593,86811,419,572,12201,
215.98004221748994,86811,419,571,12202,
215.98273167098867,86811,419,570,12203,
215.995960893648,86811,419,569,12204,
216.00123966233568,86810,420,569,12204,
216.0055008786565,86809,421,569,12204,
216.00745545247918,86809,420,570,12204,
216.01109679503685,86808,421,570,12204,
216.01325337162356,86808,420,571,12204,
216.01606398304938,86808,419,572,12204,
216.01939834258303,86807,420,572,12204,
216.0276234499819,86806,421,572,12204,
216.03159484519946,86806,421,571,12205,
216.03202972664906,86805,422,571,12205,
216.03437420891544,86805,422,570,12206,
216.03690336468802,86805,421,571,12206,
216.03932780911657,86805,421,570,12207,
216.0457198399681,86805,420,571,12207,
216.0513192031622,86805,420,570,12208,
216.05381378749283,86804,421,570,12208,
216.05793528810872,86804,420,571,12208,
216.06100383552294,86804,419,572,12208,
216.06587012884356,86803,420,572,12208,
216.068766630867,86802,421,572,12208,
216.0694918198298,86801,422,572,12208,
216.07173428865377,86801,422,571,12209,
216.07178642743347,86800,423,571,12209,
216.07686925879133,86800,422,572,12209,
216.07742237600033,86799,423,572,12209,
216.08163025505144,86798,424,572,12209,
216.08219328735333,86797,425,572,12209,
216.08420893527887,86797,425,571,12210,
216.0846473943704,86796,426,571,12210,
216.08543937626948,86796,426,570,12211,
216.09588241103762,86796,426,569,12212,
216.1063531426484,86796,425,570,12212,
216.1068686554078,86796,424,571,12212,
216.11179768784598,86795,425,571,12212,
216.12345608400014,86794,426,571,12212,
216.1319236940621,86793,427,571,12212,
216.13270117810438,86793,426,572,12212,
216.132817056474,86792,427,572,12212,
216.1373414429167,86792,427,571,12213,
216.14123053862363,86792,426,572,12213,
216.15010560952211,86791,427,572,12213,
216.15244233742564,86791,427,571,12214,
216.1593088205103,86791,427,570,12215,
216.16050322255182,86790,428,570,12215,
216.16080096764216,86789,429,570,12215,
216.16231081159327,86789,429,569,12216,
216.16491975640685,86789,428,570,12216,
216.16695623001826,86789,428,569,12217,
216.1685287930777,86789,427,570,12217,
216.16994233056707,86789,427,569,12218,
216.17298651715225,86788,428,569,12218,
216.17418390380783,86788,428,568,12219,
216.1754780881638,86788,428,567,12220,
216.17685938507344,86787,429,567,12220,
216.1808669418616,86786,430,567,12220,
216.18150888995325,86786,429,568,12220,
216.18412730973043,86786,429,567,12221,
216.20659147570177,86786,428,568,12221,
216.20988691333957,86785,429,568,12221,
216.21439328297814,86784,430,568,12221,
216.21512421830857,86784,430,567,12222,
216.22059399683195,86783,431,567,12222,
216.22241281964102,86783,430,568,12222,
216.2268794626909,86782,431,568,12222,
216.22924439104278,86781,432,568,12222,
216.2383782855967,86781,432,567,12223,
216.243199295708,86780,433,567,12223,
216.24741878146511,86780,432,568,12223,
216.24765582453514,86779,433,568,12223,
216.25312625874815,86778,434,568,12223,
216.25387804228333,86778,434,567,12224,
216.25722017266636,86777,435,567,12224,
216.2572429661581,86777,434,568,12224,
216.2586183875197,86777,433,569,12224,
216.25924254079476,86776,434,569,12224,
216.2622342301282,86776,433,570,12224,
216.26519298714618,86776,432,571,12224,
216.26689541705926,86776,432,570,12225,
216.2697571730665,86775,433,570,12225,
216.2762303279908,86774,434,570,12225,
216.27646992591704,86774,434,569,12226,
216.27750257029123,86774,433,570,12226,
216.28053718557123,86773,434,570,12226,
216.29356965254212,86773,434,569,12227,
216.2946410266063,86773,433,570,12227,
216.29582580936142,86773,432,571,12227,
216.2982063774937,86773,432,570,12228,
216.30315088863594,86772,433,570,12228,
216.31384472331632,86772,432,571,12228,
216.31553000873598,86772,431,572,12228,
216.32416706154325,86771,432,572,12228,
216.3297976620078,86771,431,573,12228,
216.33103603741873,86771,431,572,12229,
216.34207631318068,86770,432,572,12229,
216.34483259681764,86770,432,571,12230,
216.3470076478702,86770,432,570,12231,
216.3522386458937,86770,431,571,12231,
216.3525965564639,86770,430,572,12231,
216.36647980672709,86770,429,573,12231,
216.37239785298368,86769,430,573,12231,
216.37427465300223,86769,429,574,12231,
216.38125730534102,86768,430,574,12231,
216.38172044180496,86768,430,573,12232,
216.38198971471246,86768,429,574,12232,
216.38831818525492,86768,428,575,12232,
216.3929183113501,86768,427,576,12232,
216.3958755681079,86767,428,576,12232,
216.3973897201913,86766,429,576,12232,
216.4011230403964,86766,429,575,12233,
216.40942899088384,86765,430,575,12233,
216.41462456255954,86765,429,576,12233,
216.4180278355232,86765,429,575,12234,
216.42175136273025,86765,428,576,12234,
216.42445577399397,86765,427,577,12234,
216.42455985542276,86764,428,577,12234,
216.42514873291162,86763,429,577,12234,
216.42985839839366,86762,430,577,12234,
216.4350098639519,86761,431,577,12234,
216.43831738253965,86760,432,577,12234,
216.4407455630426,86759,433,577,12234,
216.44188060841074,86758,434,577,12234,
216.4445039975992,86757,435,577,12234,
216.44671397236405,86757,435,576,12235,
216.45932478448626,86757,435,575,12236,
216.46065339279758,86756,436,575,12236,
216.46299926247457,86756,435,576,12236,
216.46315067231947,86755,436,576,12236,
216.47489023697725,86754,437,576,12236,
216.4780296021451,86754,437,575,12237,
216.48057074523268,86754,436,576,12237,
216.48206824900845,86753,437,576,12237,
216.48244692557932,86753,436,577,12237,
216.48618427208888,86752,437,577,12237,
216.48695221736168,86752,436,578,12237,
216.48747414412188,86752,436,577,12238,
216.49588923009668,86752,436,576,12239,
216.5017627367127,86751,437,576,12239,
216.5230050750146,86751,437,575,12240,
216.52336619933862,86751,437,574,12241,
216.53597632692242,86750,438,574,12241,
216.53620276799796,86750,437,575,12241,
216.53960511231085,86750,437,574,12242,
216.54134374171002,86749,438,574,12242,
216.5414657212147,86749,437,575,12242,
216.54154817176007,86748,438,575,12242,
216.54552089845058,86748,437,576,12242,
216.5487644535119,86748,436,577,12242,
216.55068715622596,86747,437,577,12242,
216.55121774105703,86747,437,576,12243,
216.5571313609871,86747,437,575,12244,
216.55978326443457,86746,438,575,12244,
216.56890673112218,86745,439,575,12244,
216.57764849457732,86744,440,575,12244,
216.58443626557633,86743,441,575,12244,
216.59090062478555,86742,442,575,12244,
216.59237877350293,86741,443,575,12244,
216.6092929574487,86741,442,576,12244,
216.61400119679195,86741,441,577,12244,
216.6159499326189,86740,442,577,12244,
216.61899986468268,86740,441,578,12244,
216.61977811838867,86740,441,577,12245,
216.62105816987525,86739,442,577,12245,
216.62207889135317,86738,443,577,12245,
216.63581048223833,86737,444,577,12245,
216.63628514512405,86737,443,578,12245,
216.63886176411714,86737,443,577,12246,
216.6429204552771,86737,442,578,12246,
216.6433058058222,86737,441,579,12246,
216.64386466752057,86737,441,578,12247,
216.64416751129272,86736,442,578,12247,
216.6511460171357,86735,443,578,12247,
216.65319873968483,86735,442,579,12247,
216.65533929137732,86735,441,580,12247,
216.66412691476526,86734,442,580,12247,
216.66647672504448,86734,442,579,12248,
216.67061656938057,86734,441,580,12248,
216.67115555578965,86734,441,579,12249,
216.6808809271057,86734,440,580,12249,
216.68601007486362,86734,439,581,12249,
216.68854111666684,86734,439,580,12250,
216.6933698808407,86734,439,579,12251,
216.6952023950273,86733,440,579,12251,
216.69664500584673,86733,439,580,12251,
216.6977646757046,86733,439,579,12252,
216.6990351387681,86732,440,579,12252,
216.70229263960417,86731,441,579,12252,
216.70291598208323,86731,440,580,12252,
216.70323124945364,86731,440,579,12253,
216.70509719901494,86730,441,579,12253,
216.7077895598042,86730,440,580,12253,
216.70819677993427,86730,439,581,12253,
216.71047483204325,86730,438,582,12253,
216.7113662845155,86729,439,582,12253,
216.71693048770643,86729,439,581,12254,
216.72184064301783,86728,440,581,12254,
216.72850045508608,86727,441,581,12254,
216.73435631754845,86727,441,580,12255,
216.74351311535904,86727,440,581,12255,
216.74496521532458,86726,441,581,12255,
216.74584942416485,86726,441,580,12256,
216.7464053459111,86726,440,581,12256,
216.75208373068725,86726,439,582,12256,
216.76347903827505,86725,440,582,12256,
216.76352972519263,86724,441,582,12256,
216.76663248047566,86723,442,582,12256,
216.76753372571122,86723,441,583,12256,
216.7677134866105,86723,440,584,12256,
216.76781955851004,86723,440,583,12257,
216.7679536755637,86722,441,583,12257,
216.77997814525133,86722,441,582,12258,
216.78061048983162,86722,441,581,12259,
216.78099092597063,86721,442,581,12259,
216.78971140795124,86720,443,581,12259,
216.7900478149711,86720,442,582,12259,
216.79714839279143,86719,443,582,12259,
216.8070408178525,86719,442,583,12259,
216.81466670364205,86718,443,583,12259,
216.81545898992516,86717,444,583,12259,
216.8175636582573,86716,445,583,12259,
216.8200597127466,86715,446,583,12259,
216.82079407141475,86715,446,582,12260,
216.82230873698052,86715,446,581,12261,
216.82740607289543,86715,446,580,12262,
216.83871932209217,86715,445,581,12262,
216.84190576690239,86714,446,581,12262,
216.8421678569276,86713,447,581,12262,
216.84563881085316,86713,446,582,12262,
216.84961255005257,86713,445,583,12262,
216.85142079790654,86712,446,583,12262,
216.8583295446327,86712,445,584,12262,
216.8607919274747,86711,446,584,12262,
216.8654972137185,86710,447,584,12262,
216.8655579563801,86710,447,583,12263,
216.8710715928208,86709,448,583,12263,
216.87516288572726,86708,449,583,12263,
216.87772874465418,86708,449,582,12264,
216.87789634537376,86707,450,582,12264,
216.8800851469549,86707,449,583,12264,
216.88019528846306,86707,448,584,12264,
216.8846894685226,86706,449,584,12264,
216.89435108278929,86705,450,584,12264,
216.90577014403362,86705,450,583,12265,
216.90667435583845,86705,449,584,12265,
216.9070400827096,86705,449,583,12266,
216.9101832806114,86704,450,583,12266,
216.9107814733937,86703,451,583,12266,
216.91308525699782,86702,452,583,12266,
216.934781025888,86701,453,583,12266,
216.93985738232607,86700,454,583,12266,
216.94664802433422,86699,455,583,12266,
216.95198516110864,86698,456,583,12266,
216.9522744826585,86698,456,582,12267,
216.9540135366565,86697,457,582,12267,
216.95621387216113,86696,458,582,12267,
216.95967370473699,86696,457,583,12267,
216.96503511602273,86696,457,582,12268,
216.96577622142343,86695,458,582,12268,
216.973719721424,86694,459,582,12268,
216.9771532717681,86694,459,581,12269,
216.9783858784569,86693,460,581,12269,
216.98506942386996,86693,459,582,12269,
216.99023831331,86692,460,582,12269,
216.99333371362462,86691,461,582,12269,
216.99910771894392,86691,460,583,12269,
217.0116140111271,86691,460,582,12270,
217.01302167385415,86690,461,582,12270,
217.01321863739602,86690,460,583,12270,
217.01338270119,86689,461,583,12270,
217.0214784024571,86689,461,582,12271,
217.02591498166632,86688,462,582,12271,
217.03110887672483,86687,463,582,12271,
217.03871516791548,86687,462,583,12271,
217.04945170595911,86687,462,582,12272,
217.05238011832273,86687,461,583,12272,
217.0545742968229,86687,460,584,12272,
217.06470775249295,86686,461,584,12272,
217.06787926354983,86686,461,583,12273,
217.06859250713612,86686,461,582,12274,
217.07325550921416,86686,461,581,12275,
217.08122838640588,86686,460,582,12275,
217.08436236923205,86686,459,583,12275,
217.08946677101287,86685,460,583,12275,
217.09742223951773,86684,461,583,12275,
217.09888171085646,86684,460,584,12275,
217.09920639120526,86683,461,584,12275,
217.10723796665297,86683,460,585,12275,
217.10797669239372,86683,460,584,12276,
217.11126517105032,86683,460,583,12277,
217.11945219423598,86682,461,583,12277,
217.12550566888078,86682,461,582,12278,
217.13188672386818,86681,462,582,12278,
217.1342008162443,86681,462,581,12279,
217.13429430133186,86680,463,581,12279,
217.13544520072608,86680,462,582,12279,
217.13683352495184,86680,461,583,12279,
217.13994906551545,86680,460,584,12279,
217.14172672051916,86679,461,584,12279,
217.14524771256427,86679,460,585,12279,
217.1522209963844,86679,459,586,12279,
217.15413311305576,86678,460,586,12279,
217.15798903821423,86677,461,586,12279,
217.1598602608422,86677,461,585,12280,
217.16734259012583,86677,460,586,12280,
217.1677324730234,86677,460,585,12281,
217.170869440404,86676,461,585,12281,
217.17250837515266,86675,462,585,12281,
217.17322483513243,86674,463,585,12281,
217.1745988217428,86674,462,586,12281,
217.17728613575417,86674,461,587,12281,
217.17992974990207,86674,460,588,12281,
217.1886092114456,86674,459,589,12281,
217.1894876956949,86674,459,588,12282,
217.19078889904236,86673,460,588,12282,
217.20449952936156,86672,461,588,12282,
217.20684367655969,86672,460,589,12282,
217.21130620115787,86671,461,589,12282,
217.21476543601685,86671,460,590,12282,
217.21938137891755,86670,461,590,12282,
217.21969569535096,86670,461,589,12283,
217.23134710434695,86670,460,590,12283,
217.23571048236855,86669,461,590,12283,
217.23708867619766,86669,461,589,12284,
217.23925494450077,86668,462,589,12284,
217.23966641374653,86668,462,588,12285,
217.24403106092257,86668,462,587,12286,
217.24614692396244,86668,462,586,12287,
217.2462928263919,86668,462,585,12288,
217.248808545735,86668,462,584,12289,
217.2493746806199,86667,463,584,12289,
217.25726584503,86666,464,584,12289,
217.2595638925711,86666,464,583,12290,
217.26323611720258,86666,463,584,12290,
217.26793311725606,86665,464,584,12290,
217.27080518927932,86665,463,585,12290,
217.27261734697495,86665,463,584,12291,
217.27665090489836,86664,464,584,12291,
217.27902494763927,86664,464,583,12292,
217.2925690745248,86664,464,582,12293,
217.29467583165163,86664,464,581,12294,
217.29487836500397,86664,464,580,12295,
217.3062215525705,86664,463,581,12295,
217.30681639882854,86663,464,581,12295,
217.30838077588942,86662,465,581,12295,
217.31303458546643,86662,465,580,12296,
217.3132686821242,86662,464,581,12296,
217.31406082745409,86662,463,582,12296,
217.3171644718918,86662,462,583,12296,
217.3199337916668,86661,463,583,12296,
217.3207470656292,86660,464,583,12296,
217.32893607013006,86660,463,584,12296,
217.33064652678536,86660,462,585,12296,
217.33073891161288,86659,463,585,12296,
217.33274257849314,86659,462,586,12296,
217.3572703033727,86659,461,587,12296,
217.35779554467024,86658,462,587,12296,
217.35823042546554,86657,463,587,12296,
217.35849909664523,86656,464,587,12296,
217.35932664855912,86656,463,588,12296,
217.36298416646562,86656,463,587,12297,
217.36357524142002,86656,462,588,12297,
217.36681870038524,86656,462,587,12298,
217.3745694303753,86655,463,587,12298,
217.37624883570928,86655,462,588,12298,
217.37704476112208,86655,461,589,12298,
217.38220490475024,86655,460,590,12298,
217.38239607133116,86654,461,590,12298,
217.38364321340688,86654,461,589,12299,
217.3880073820018,86653,462,589,12299,
217.39171725425277,86653,461,590,12299,
217.39353765381534,86652,462,590,12299,
217.39821936097442,86652,462,589,12300,
217.3988036473306,86651,463,589,12300,
217.40492327687326,86650,464,589,12300,
217.40571088033988,86650,464,588,12301,
217.41769930624972,86650,463,589,12301,
217.4221826798653,86650,463,588,12302,
217.43080737829098,86650,462,589,12302,
217.43221688424902,86649,463,589,12302,
217.43551949964672,86648,464,589,12302,
217.44086345048936,86648,464,588,12303,
217.44088217950838,86647,465,588,12303,
217.44095470987838,86646,466,588,12303,
217.44496353187452,86645,467,588,12303,
217.445565352064,86644,468,588,12303,
217.4457647272985,86644,468,587,12304,
217.44688322324845,86644,467,588,12304,
217.46286295822694,86644,466,589,12304,
217.46739107449923,86644,465,590,12304,
217.4705433438684,86644,464,591,12304,
217.4798154133895,86643,465,591,12304,
217.48204579585754,86643,464,592,12304,
217.48641043569603,86642,465,592,12304,
217.4869902885955,86641,466,592,12304,
217.4881680593429,86641,466,591,12305,
217.4887148839861,86641,466,590,12306,
217.490287725593,86640,467,590,12306,
217.49917584324314,86639,468,590,12306,
217.50030565880567,86638,469,590,12306,
217.50065558274835,86637,470,590,12306,
217.50126362674888,86636,471,590,12306,
217.50218782964592,86636,470,591,12306,
217.5030167559495,86636,469,592,12306,
217.52059490553853,86636,469,591,12307,
217.52341369951944,86636,469,590,12308,
217.52936467444502,86635,470,590,12308,
217.53137336356673,86635,469,591,12308,
217.5320870761022,86634,470,591,12308,
217.5354137533815,86633,471,591,12308,
217.5396492778166,86632,472,591,12308,
217.54237761580484,86632,472,590,12309,
217.54609242618938,86631,473,590,12309,
217.5477361500394,86631,473,589,12310,
217.56300219793357,86631,473,588,12311,
217.56804587173139,86631,472,589,12311,
217.5797995334161,86631,472,588,12312,
217.58611162683445,86631,471,589,12312,
217.59046395146058,86631,471,588,12313,
217.592649635996,86630,472,588,12313,
217.5947082589719,86629,473,588,12313,
217.59630564329365,86629,472,589,12313,
217.59860978212427,86628,473,589,12313,
217.59941982873704,86627,474,589,12313,
217.5999728855266,86627,474,588,12314,
217.6067737436522,86626,475,588,12314,
217.60912710076573,86625,476,588,12314,
217.60943701781716,86625,476,587,12315,
217.60952257035584,86625,476,586,12316,
217.61352125816632,86624,477,586,12316,
217.6272855327637,86624,477,585,12317,
217.6277607366768,86624,477,584,12318,
217.62903024047634,86624,476,585,12318,
217.63026172117824,86624,476,584,12319,
217.6310471436434,86623,477,584,12319,
217.63257264608808,86623,476,585,12319,
217.6355856192262,86623,476,584,12320,
217.63717695986307,86622,477,584,12320,
217.63812834863765,86621,478,584,12320,
217.6399789739161,86620,479,584,12320,
217.64103768809116,86620,478,585,12320,
217.64202172998682,86619,479,585,12320,
217.64407117683731,86619,478,586,12320,
217.64660219920134,86618,479,586,12320,
217.64726964146197,86618,479,585,12321,
217.65074941946983,86618,479,584,12322,
217.66726843247378,86617,480,584,12322,
217.66971313374225,86616,481,584,12322,
217.67409279940037,86616,481,583,12323,
217.67700293991743,86615,482,583,12323,
217.67754081673203,86614,483,583,12323,
217.6800432755597,86614,482,584,12323,
217.6824243276666,86614,482,583,12324,
217.68400913791643,86614,482,582,12325,
217.70778988324395,86614,482,581,12326,
217.70803510301909,86614,481,582,12326,
217.71093890269003,86613,482,582,12326,
217.7124552623305,86613,481,583,12326,
217.71373708306544,86613,480,584,12326,
217.71374572667526,86612,481,584,12326,
217.71519725213676,86612,481,583,12327,
217.72109905322446,86612,480,584,12327,
217.72776953247134,86612,480,583,12328,
217.73103919246122,86611,481,583,12328,
217.73774999160753,86611,481,582,12329,
217.74267722194554,86610,482,582,12329,
217.7435525233933,86610,481,583,12329,
217.7439543729075,86610,480,584,12329,
217.74702952950116,86610,480,583,12330,
217.7528955363546,86610,479,584,12330,
217.75938754907932,86610,479,583,12331,
217.76153103199667,86610,478,584,12331,
217.76634141871253,86609,479,584,12331,
217.76974309166673,86609,479,583,12332,
217.7715897876269,86609,479,582,12333,
217.77276062679167,86608,480,582,12333,
217.7729842368255,86608,479,583,12333,
217.7766286892037,86608,478,584,12333,
217.77818507888898,86607,479,584,12333,
217.78275484728016,86606,480,584,12333,
217.7837060235773,86606,479,585,12333,
217.78700077730372,86606,478,586,12333,
217.7914361813103,86606,477,587,12333,
217.79423241670906,86605,478,587,12333,
217.80298651136076,86605,477,588,12333,
217.806247405739,86605,476,589,12333,
217.80785839176397,86604,477,589,12333,
217.81125429912217,86603,478,589,12333,
217.8142524080248,86603,478,588,12334,
217.81537707910275,86602,479,588,12334,
217.81865717997854,86602,479,587,12335,
217.8208703329809,86601,480,587,12335,
217.8213507665653,86600,481,587,12335,
217.8231636927397,86600,480,588,12335,
217.82338414071708,86599,481,588,12335,
217.82914886478426,86599,481,587,12336,
217.83361305969294,86599,480,588,12336,
217.83452009490986,86599,480,587,12337,
217.83581651921176,86598,481,587,12337,
217.83902597859677,86598,480,588,12337,
217.84315238415627,86598,479,589,12337,
217.84721944384256,86597,480,589,12337,
217.8477767259413,86597,480,588,12338,
217.84896081599402,86597,480,587,12339,
217.8489863223628,86597,480,586,12340,
217.84976739140666,86597,479,587,12340,
217.85109964896404,86596,480,587,12340,
217.85399766985284,86596,479,588,12340,
217.85516714172599,86596,479,587,12341,
217.8566338175225,86596,478,588,12341,
217.8600971107977,86596,478,587,12342,
217.86116916673137,86595,479,587,12342,
217.86687052368876,86594,480,587,12342,
217.86792362372708,86593,481,587,12342,
217.88502110244505,86592,482,587,12342,
217.89950171091138,86591,483,587,12342,
217.90503144117125,86590,484,587,12342,
217.9112989772686,86589,485,587,12342,
217.91255186793032,86589,484,588,12342,
217.9131170601234,86589,483,589,12342,
217.914922041975,86589,482,590,12342,
217.91649854470936,86589,482,589,12343,
217.93515441324655,86589,482,588,12344,
217.93599778268012,86588,483,588,12344,
217.9360498934415,86588,482,589,12344,
217.93914261672913,86588,481,590,12344,
217.94187520628498,86588,480,591,12344,
217.94355791499882,86587,481,591,12344,
217.94418512202787,86587,480,592,12344,
217.94547237786105,86587,480,591,12345,
217.9475927935073,86587,480,590,12346,
217.95085834011326,86587,479,591,12346,
217.95092748343887,86587,478,592,12346,
217.95237577687865,86586,479,592,12346,
217.95237764041525,86586,478,593,12346,
217.96479112452198,86586,477,594,12346,
217.96795254858944,86586,477,593,12347,
217.9682898907946,86586,477,592,12348,
217.96999754609644,86586,477,591,12349,
217.97986573513606,86586,477,590,12350,
217.98167156486872,86586,477,589,12351,
217.9893559978554,86586,476,590,12351,
217.9904637511088,86586,475,591,12351,
217.9930245350429,86586,474,592,12351,
217.9970830355846,86585,475,592,12351,
218.00449637522095,86585,475,591,12352,
218.00720630890467,86585,474,592,12352,
218.0111694272748,86585,473,593,12352,
218.01144043254774,86585,473,592,12353,
218.02087454440147,86585,473,591,12354,
218.02260156633236,86585,473,590,12355,
218.02964200369976,86584,474,590,12355,
218.03037775905477,86584,474,589,12356,
218.0334982288539,86584,474,588,12357,
218.0358788923172,86583,475,588,12357,
218.04047487124922,86583,475,587,12358,
218.0496410415437,86582,476,587,12358,
218.0560982639741,86582,475,588,12358,
218.0615610439114,86581,476,588,12358,
218.06341403157776,86581,476,587,12359,
218.06473674835934,86580,477,587,12359,
218.08827141914915,86580,477,586,12360,
218.09637186907526,86579,478,586,12360,
218.1026104825938,86578,479,586,12360,
218.10351149584804,86578,479,585,12361,
218.10364051432694,86578,479,584,12362,
218.1172669467389,86578,479,583,12363,
218.1206736460944,86578,478,584,12363,
218.13141325864402,86578,478,583,12364,
218.13339962234508,86578,478,582,12365,
218.13491904160617,86578,477,583,12365,
218.14563479299025,86578,476,584,12365,
218.15890382028522,86577,477,584,12365,
218.16562573557485,86576,478,584,12365,
218.16759554190003,86576,478,583,12366,
218.1716135980441,86576,478,582,12367,
218.17851779496726,86576,477,583,12367,
218.1827859680032,86575,478,583,12367,
218.18872820366602,86575,478,582,12368,
218.19327098997167,86574,479,582,12368,
218.1944997967958,86573,480,582,12368,
218.19849841218476,86573,480,581,12369,
218.19922695345323,86572,481,581,12369,
218.20303550319136,86571,482,581,12369,
218.2040563765999,86570,483,581,12369,
218.20670076213068,86569,484,581,12369,
218.20723021370057,86568,485,581,12369,
218.2171815556486,86568,484,582,12369,
218.22364297309267,86568,483,583,12369,
218.22668085647558,86567,484,583,12369,
218.22992641406194,86567,483,584,12369,
218.2315159474365,86567,483,583,12370,
218.2327719146682,86567,483,582,12371,
218.23332581278297,86567,483,581,12372,
218.23907108782598,86567,483,580,12373,
218.2416395501962,86566,484,580,12373,
218.2416801911314,86566,483,581,12373,
218.24190929029973,86566,482,582,12373,
218.24236222459217,86565,483,582,12373,
218.24472232064528,86565,482,583,12373,
218.24549572903965,86564,483,583,12373,
218.24584684696035,86563,484,583,12373,
218.2480640546571,86562,485,583,12373,
218.24932411314262,86562,485,582,12374,
218.25783519146003,86562,485,581,12375,
218.25793083611705,86561,486,581,12375,
218.27372953206185,86561,486,580,12376,
218.27673332239107,86560,487,580,12376,
218.2834444573712,86560,487,579,12377,
218.284033725644,86559,488,579,12377,
218.2861365255886,86558,489,579,12377,
218.28659665382634,86558,488,580,12377,
218.29057440810885,86557,489,580,12377,
218.29167500581642,86556,490,580,12377,
218.29277398626562,86556,490,579,12378,
218.2965590394915,86555,491,579,12378,
218.3140568569553,86555,490,580,12378,
218.31653659740283,86555,489,581,12378,
218.32013866249784,86555,489,580,12379,
218.3270670987867,86555,489,579,12380,
218.33029685783072,86554,490,579,12380,
218.33164453731274,86554,490,578,12381,
218.33309384346757,86553,491,578,12381,
218.334001335328,86553,490,579,12381,
218.34055601128549,86553,489,580,12381,
218.34573974856409,86552,490,580,12381,
218.34842379184246,86551,491,580,12381,
218.35086224720126,86551,491,579,12382,
218.35111859805676,86550,492,579,12382,
218.35262595085882,86550,492,578,12383,
218.35731272631395,86549,493,578,12383,
218.36188138783217,86549,493,577,12384,
218.3641714294638,86549,492,578,12384,
218.36606899812494,86549,491,579,12384,
218.36740725859252,86549,491,578,12385,
218.3724121870999,86549,490,579,12385,
218.3751523327092,86549,489,580,12385,
218.3829641338483,86548,490,580,12385,
218.38482758252837,86548,490,579,12386,
218.38544405859074,86548,489,580,12386,
218.38900052734823,86548,488,581,12386,
218.39086663659367,86548,488,580,12387,
218.39711145380178,86548,487,581,12387,
218.39771359652437,86547,488,581,12387,
218.40359100900804,86547,487,582,12387,
218.41248396174402,86547,486,583,12387,
218.41702045191005,86546,487,583,12387,
218.4197731431567,86546,486,584,12387,
218.42122931594807,86545,487,584,12387,
218.4222554228177,86544,488,584,12387,
218.43157572580262,86544,487,585,12387,
218.4332957133921,86543,488,585,12387,
218.43492816105507,86542,489,585,12387,
218.44105306666123,86542,489,584,12388,
218.44609752932968,86542,489,583,12389,
218.4472955561743,86541,490,583,12389,
218.45148219116314,86541,490,582,12390,
218.4525355596255,86541,490,581,12391,
218.45484895233866,86541,490,580,12392,
218.45626175560193,86541,489,581,12392,
218.45775793920038,86541,489,580,12393,
218.4605373906872,86541,488,581,12393,
218.4651572471058,86540,489,581,12393,
218.46978925366824,86539,490,581,12393,
218.47121346314714,86538,491,581,12393,
218.48102440298308,86537,492,581,12393,
218.48146938386319,86536,493,581,12393,
218.48306568704805,86535,494,581,12393,
218.4850215755008,86534,495,581,12393,
218.49078461821443,86534,494,582,12393,
218.49652583007048,86534,493,583,12393,
218.4977711312403,86533,494,583,12393,
218.4986264004683,86533,493,584,12393,
218.4987222409706,86533,492,585,12393,
218.49972728222744,86532,493,585,12393,
218.50124594703286,86532,493,584,12394,
218.5058056965295,86532,493,583,12395,
218.51293378695297,86532,492,584,12395,
218.51881887306956,86531,493,584,12395,
218.52620785154394,86531,492,585,12395,
218.5283419898566,86531,492,584,12396,
218.5298985309488,86531,492,583,12397,
218.53784217635754,86531,491,584,12397,
218.539855355377,86531,490,585,12397,
218.55839721631978,86531,490,584,12398,
218.56015908233726,86530,491,584,12398,
218.56710345757284,86530,490,585,12398,
218.56980628941375,86529,491,585,12398,
218.57326930599257,86529,490,586,12398,
218.57586673526515,86528,491,586,12398,
218.57998459031438,86528,490,587,12398,
218.5818537995634,86528,490,586,12399,
218.5898195890399,86528,490,585,12400,
218.59004889232776,86527,491,585,12400,
218.59112831590525,86527,490,586,12400,
218.59395577911172,86527,489,587,12400,
218.59533476421888,86527,488,588,12400,
218.59648160901057,86527,487,589,12400,
218.59805848304885,86527,486,590,12400,
218.5999611094204,86527,485,591,12400,
218.6004652040409,86527,484,592,12400,
218.60619534105646,86526,485,592,12400,
218.60635408987685,86526,484,593,12400,
218.6121106826062,86526,484,592,12401,
218.61275157936342,86526,484,591,12402,
218.61517780318772,86526,483,592,12402,
218.61695509746912,86525,484,592,12402,
218.61792517997492,86525,484,591,12403,
218.61858500405359,86525,483,592,12403,
218.62001217043505,86524,484,592,12403,
218.62204086408983,86524,483,593,12403,
218.62327069347106,86523,484,593,12403,
218.62436529563615,86523,483,594,12403,
218.62600043630223,86523,482,595,12403,
218.63447312805928,86522,483,595,12403,
218.6383433916381,86521,484,595,12403,
218.64315248033358,86521,483,596,12403,
218.65098077200548,86520,484,596,12403,
218.65178524735364,86519,485,596,12403,
218.655346146292,86519,485,595,12404,
218.65750088209907,86519,484,596,12404,
218.66332764365143,86518,485,596,12404,
218.66702746827318,86517,486,596,12404,
218.67507962879031,86516,487,596,12404,
218.67619453912567,86515,488,596,12404,
218.67717645275144,86515,487,597,12404,
218.67917813675868,86515,486,598,12404,
218.6792552749448,86515,485,599,12404,
218.68254520711625,86515,484,600,12404,
218.68595176450117,86514,485,600,12404,
218.69034949834702,86514,484,601,12404,
218.6923168990139,86513,485,601,12404,
218.69792369349383,86512,486,601,12404,
218.70462354471007,86512,486,600,12405,
218.70624910901665,86512,486,599,12406,
218.70878260329943,86511,487,599,12406,
218.7099596971139,86510,488,599,12406,
218.71046892382483,86510,487,600,12406,
218.71871716124454,86509,488,600,12406,
218.7334983403715,86509,487,601,12406,
218.73444681560585,86509,487,600,12407,
218.73517032200218,86509,487,599,12408,
218.73599166798465,86509,486,600,12408,
218.7381652364316,86509,485,601,12408,
218.74093778769148,86509,484,602,12408,
218.74158544527725,86509,484,601,12409,
218.74992714835048,86509,483,602,12409,
218.75349256944162,86508,484,602,12409,
218.75433195774593,86508,484,601,12410,
218.7565419361108,86508,483,602,12410,
218.7589281342269,86508,483,601,12411,
218.75911181274657,86508,482,602,12411,
218.7714925938076,86508,481,603,12411,
218.77235277792911,86507,482,603,12411,
218.77741699781302,86506,483,603,12411,
218.78081223473347,86505,484,603,12411,
218.78575633425578,86504,485,603,12411,
218.79204585180133,86504,484,604,12411,
218.7954454705394,86504,484,603,12412,
218.79947707510962,86504,484,602,12413,
218.80605252943496,86503,485,602,12413,
218.81082733653568,86503,484,603,12413,
218.8126952989265,86503,484,602,12414,
218.8188194567706,86503,483,603,12414,
218.82304608401046,86503,483,602,12415,
218.82470675343188,86503,482,603,12415,
218.82764434269103,86502,483,603,12415,
218.830673573838,86502,483,602,12416,
218.83719480409567,86501,484,602,12416,
218.8396310821641,86501,484,601,12417,
218.84030568464635,86500,485,601,12417,
218.84144438617068,86499,486,601,12417,
218.84154476927506,86498,487,601,12417,
218.84444996743835,86498,487,600,12418,
218.84519071305746,86497,488,600,12418,
218.85355832643273,86496,489,600,12418,
218.86151233996915,86496,489,599,12419,
218.86462764823006,86496,489,598,12420,
218.8711007066156,86496,488,599,12420,
218.8723302258574,86496,487,600,12420,
218.87802675059382,86496,487,599,12421,
218.88034070733727,86495,488,599,12421,
218.88390439072876,86494,489,599,12421,
218.89008152738361,86494,488,600,12421,
218.89373223483852,86494,487,601,12421,
218.89431442200635,86493,488,601,12421,
218.89698581832437,86492,489,601,12421,
218.91060047406594,86492,489,600,12422,
218.91154449039118,86492,489,599,12423,
218.91334619492847,86492,489,598,12424,
218.9156933677477,86491,490,598,12424,
218.92825163240775,86491,490,597,12425,
218.9304112762574,86490,491,597,12425,
218.9337539592895,86490,491,596,12426,
218.94118628820496,86490,491,595,12427,
218.95185592356864,86489,492,595,12427,
218.9543986261381,86489,492,594,12428,
218.9580529466055,86488,493,594,12428,
218.9634605698553,86487,494,594,12428,
218.96873250406404,86487,493,595,12428,
218.97162090329095,86487,492,596,12428,
218.97213547148044,86487,492,595,12429,
218.97449921827152,86487,491,596,12429,
218.97749888494153,86487,491,595,12430,
218.97756350446932,86487,490,596,12430,
218.97811573727432,86487,489,597,12430,
218.9785590559299,86487,488,598,12430,
218.98140907252198,86486,489,598,12430,
218.9852583496548,86486,488,599,12430,
218.98878679801086,86485,489,599,12430,
218.98958135609826,86484,490,599,12430,
218.99836889417963,86484,490,598,12431,
219.00053862181653,86483,491,598,12431,
219.00351154224296,86482,492,598,12431,
219.0152604557846,86482,492,597,12432,
219.01589665314893,86482,492,596,12433,
219.01784640560507,86481,493,596,12433,
219.0180579321231,86481,493,595,12434,
219.01991587170232,86481,493,594,12435,
219.02180630841036,86481,492,595,12435,
219.02265196129997,86480,493,595,12435,
219.0291842416986,86480,492,596,12435,
219.03583974747207,86479,493,596,12435,
219.03600341099306,86478,494,596,12435,
219.03619892703722,86478,494,595,12436,
219.043566397314,86478,494,594,12437,
219.05097821090095,86477,495,594,12437,
219.05372031076055,86476,496,594,12437,
219.0592754643858,86476,495,595,12437,
219.06289533905402,86476,494,596,12437,
219.0643874767788,86475,495,596,12437,
219.0650545630552,86475,494,597,12437,
219.065616247862,86474,495,597,12437,
219.08374562736032,86474,494,598,12437,
219.08700833637445,86474,494,597,12438,
219.08907603951727,86473,495,597,12438,
219.09370312972857,86473,494,598,12438,
219.10114752536964,86473,493,599,12438,
219.10120850307646,86473,493,598,12439,
219.1031896895586,86473,493,597,12440,
219.10746145942437,86473,492,598,12440,
219.1109317835646,86473,492,597,12441,
219.11183402527615,86473,492,596,12442,
219.1129756420418,86473,491,597,12442,
219.12187114307096,86473,490,598,12442,
219.12636067388695,86472,491,598,12442,
219.12789347538146,86472,490,599,12442,
219.13020414487326,86472,490,598,12443,
219.13083272725927,86472,489,599,12443,
219.13264766950695,86472,489,598,12444,
219.13339646577657,86471,490,598,12444,
219.13445902820135,86470,491,598,12444,
219.13533660383433,86469,492,598,12444,
219.13769694569666,86468,493,598,12444,
219.14292853841317,86468,492,599,12444,
219.15019166518255,86468,491,600,12444,
219.16323560640174,86468,490,601,12444,
219.1637189476507,86467,491,601,12444,
219.16654908975428,86467,491,600,12445,
219.1688874370895,86466,492,600,12445,
219.1695653248818,86465,493,600,12445,
219.17338748310726,86464,494,600,12445,
219.17370570869915,86464,493,601,12445,
219.1777645348449,86464,493,600,12446,
219.17965550762096,86464,493,599,12447,
219.18192596589085,86464,493,598,12448,
219.18580139366307,86463,494,598,12448,
219.1987414739004,86462,495,598,12448,
219.199896264743,86462,494,599,12448,
219.2013182333952,86462,493,600,12448,
219.20624039837435,86461,494,600,12448,
219.20754052865587,86461,493,601,12448,
219.2152420172015,86461,492,602,12448,
219.21717104570143,86461,492,601,12449,
219.22471493930712,86460,493,601,12449,
219.22845830654617,86459,494,601,12449,
219.22905394070273,86459,494,600,12450,
219.23116709513096,86459,494,599,12451,
219.2316864524755,86459,494,598,12452,
219.245705936294,86459,493,599,12452,
219.24785321202486,86458,494,599,12452,
219.25130123833023,86457,495,599,12452,
219.25603497039074,86457,494,600,12452,
219.25634831513375,86456,495,600,12452,
219.26069608120574,86455,496,600,12452,
219.26749746092148,86455,495,601,12452,
219.28088955592426,86454,496,601,12452,
219.28295060408038,86454,496,600,12453,
219.2872624407879,86454,495,601,12453,
219.2917637893757,86453,496,601,12453,
219.29223846374842,86453,496,600,12454,
219.29810007304627,86453,495,601,12454,
219.3037051316994,86453,495,600,12455,
219.30373465613346,86453,495,599,12456,
219.3047944206349,86453,494,600,12456,
219.31038879240012,86453,493,601,12456,
219.3136586443314,86453,492,602,12456,
219.3136913424339,86453,491,603,12456,
219.31610373927887,86453,491,602,12457,
219.3233475455514,86453,490,603,12457,
219.3247388378286,86453,489,604,12457,
219.32879021548018,86452,490,604,12457,
219.3327861433695,86451,491,604,12457,
219.33591803151424,86451,490,605,12457,
219.33830036340134,86451,489,606,12457,
219.34380781483833,86451,488,607,12457,
219.34708989990204,86451,488,606,12458,
219.34872740795223,86451,488,605,12459,
219.35247463343183,86451,487,606,12459,
219.35799503882214,86450,488,606,12459,
219.36420570473675,86450,488,605,12460,
219.36681389016456,86450,487,606,12460,
219.36759553408575,86450,487,605,12461,
219.36857063520338,86450,486,606,12461,
219.36958907063232,86449,487,606,12461,
219.3741014817733,86449,487,605,12462,
219.37643154894823,86449,486,606,12462,
219.38174020517596,86449,485,607,12462,
219.38581736945252,86449,485,606,12463,
219.3962623366055,86448,486,606,12463,
219.39749945764254,86447,487,606,12463,
219.41176556082914,86446,488,606,12463,
219.41441240253215,86445,489,606,12463,
219.41955004097792,86445,489,605,12464,
219.4266623983315,86445,489,604,12465,
219.43152663038217,86444,490,604,12465,
219.43674809431192,86443,491,604,12465,
219.44055835102648,86442,492,604,12465,
219.4427357297802,86442,491,605,12465,
219.4466562031353,86442,490,606,12465,
219.44799998043527,86442,490,605,12466,
219.46004265892822,86441,491,605,12466,
219.46277266677302,86441,491,604,12467,
219.4642853730571,86440,492,604,12467,
219.4670357748756,86440,491,605,12467,
219.4678434455562,86439,492,605,12467,
219.4837838739853,86439,491,606,12467,
219.49695413109566,86438,492,606,12467,
219.4976655541902,86437,493,606,12467,
219.49986884698288,86437,492,607,12467,
219.50619077763128,86437,492,606,12468,
219.5079256056182,86437,492,605,12469,
219.51010795851354,86437,492,604,12470,
219.51058195283645,86437,491,605,12470,
219.51231729032668,86437,491,604,12471,
219.51551988650274,86437,490,605,12471,
219.515792232811,86436,491,605,12471,
219.51602061166932,86436,490,606,12471,
219.5300033377533,86436,489,607,12471,
219.5319373129106,86436,489,606,12472,
219.53281349818806,86436,489,605,12473,
219.53783710900802,86436,488,606,12473,
219.53987461764285,86435,489,606,12473,
219.54519561309246,86434,490,606,12473,
219.55367905431942,86433,491,606,12473,
219.55554477676827,86433,490,607,12473,
219.56523958259737,86432,491,607,12473,
219.57048778896925,86431,492,607,12473,
219.57809510928016,86431,492,606,12474,
219.58511616732045,86431,491,607,12474,
219.58632172712498,86431,491,606,12475,
219.59203989021543,86431,490,607,12475,
219.59321277975658,86431,490,606,12476,
219.59452303347442,86430,491,606,12476,
219.5958382871342,86430,490,607,12476,
219.5988619211888,86430,489,608,12476,
219.5992666647304,86430,488,609,12476,
219.60105437453745,86430,488,608,12477,
219.6128033440303,86429,489,608,12477,
219.6211318866283,86428,490,608,12477,
219.62120416417926,86428,489,609,12477,
219.62894870002802,86428,489,608,12478,
219.6348108494013,86427,490,608,12478,
219.63517684078266,86427,489,609,12478,
219.64011209062326,86427,488,610,12478,
219.6468273434812,86427,487,611,12478,
219.65304221993665,86426,488,611,12478,
219.65410807314888,86426,488,610,12479,
219.65842472566067,86426,488,609,12480,
219.66016660807148,86426,488,608,12481,
219.66076231170453,86425,489,608,12481,
219.6681031144645,86425,488,609,12481,
219.6771141954323,86425,487,610,12481,
219.68415292236043,86425,487,609,12482,
219.68453175668074,86424,488,609,12482,
219.68592349486482,86424,488,608,12483,
219.69068750780448,86424,487,609,12483,
219.69346559695094,86424,487,608,12484,
219.6972530668018,86424,487,607,12485,
219.698249196723,86423,488,607,12485,
219.71099988851225,86422,489,607,12485,
219.7136369939127,86422,488,608,12485,
219.72909454194203,86421,489,608,12485,
219.73548283886996,86421,489,607,12486,
219.74112884766265,86421,488,608,12486,
219.75213744821397,86421,487,609,12486,
219.7565573664044,86421,487,608,12487,
219.7571767590261,86421,487,607,12488,
219.7637093216292,86420,488,607,12488,
219.76597129313865,86420,488,606,12489,
219.76770545604708,86420,488,605,12490,
219.76966183391582,86419,489,605,12490,
219.78347558051397,86419,488,606,12490,
219.78518154303737,86419,487,607,12490,
219.7927123224338,86418,488,607,12490,
219.7928382058153,86418,487,608,12490,
219.79384015682217,86417,488,608,12490,
219.79468260945688,86416,489,608,12490,
219.79617804949146,86415,490,608,12490,
219.8022087677898,86414,491,608,12490,
219.81197957631795,86413,492,608,12490,
219.81250627218188,86412,493,608,12490,
219.81287173508738,86412,492,609,12490,
219.81983209019947,86411,493,609,12490,
219.83640443705693,86410,494,609,12490,
219.83922681054423,86410,494,608,12491,
219.84334129673857,86410,493,609,12491,
219.8466003019956,86410,493,608,12492,
219.8489607464365,86409,494,608,12492,
219.85984405413888,86409,493,609,12492,
219.8659341016626,86409,492,610,12492,
219.86850802056694,86409,492,609,12493,
219.8699338507076,86408,493,609,12493,
219.87187694590565,86408,493,608,12494,
219.87349061860937,86408,493,607,12495,
219.87947547979675,86408,493,606,12496,
219.88017067347096,86407,494,606,12496,
219.88119254977875,86407,494,605,12497,
219.88233935847583,86406,495,605,12497,
219.883203006929,86406,494,606,12497,
219.8868739512909,86405,495,606,12497,
219.8870738060553,86405,494,607,12497,
219.8891731260409,86405,493,608,12497,
219.89963533224335,86405,493,607,12498,
219.90086899744372,86405,493,606,12499,
219.9025838441583,86405,493,605,12500,
219.91155824256924,86404,494,605,12500,
219.91227409321866,86403,495,605,12500,
219.91295059906605,86402,496,605,12500,
219.92328438111122,86401,497,605,12500,
219.92387948376376,86401,496,606,12500,
219.92704871234722,86400,497,606,12500,
219.9301424401276,86400,496,607,12500,
219.9340804511576,86400,496,606,12501,
219.9468874153606,86400,496,605,12502,
219.94843692819225,86400,495,606,12502,
219.95167329342803,86400,494,607,12502,
219.95257661637652,86400,493,608,12502,
219.96126695260904,86400,493,607,12503,
219.9648145433639,86399,494,607,12503,
219.96759650730868,86398,495,607,12503,
219.97047982075898,86397,496,607,12503,
219.97338525696088,86396,497,607,12503,
219.97567729030092,86396,497,606,12504,
219.97881876049544,86396,497,605,12505,
219.9809668080422,86396,496,606,12505,
219.9817307649729,86395,497,606,12505,
219.99112373672025,86394,498,606,12505,
219.99420994360943,86394,497,607,12505,
219.99595135294052,86393,498,607,12505,
220.0048368135024,86393,498,606,12506,
220.01410054129428,86393,497,607,12506,
220.01496818437835,86392,498,607,12506,
220.01566871160722,86392,498,606,12507,
220.0233789578424,86392,497,607,12507,
220.02340895665634,86392,497,606,12508,
220.02725424361176,86392,496,607,12508,
220.03582830335856,86392,496,606,12509,
220.0364209261725,86391,497,606,12509,
220.04268096057044,86391,497,605,12510,
220.04532137005532,86390,498,605,12510,
220.0537143354157,86390,498,604,12511,
220.06600486392125,86389,499,604,12511,
220.06893405607218,86389,498,605,12511,
220.06938803563293,86388,499,605,12511,
220.0713723573337,86388,498,606,12511,
220.0734979609598,86388,498,605,12512,
220.07598520466289,86387,499,605,12512,
220.08111463122063,86386,500,605,12512,
220.08282755357112,86385,501,605,12512,
220.08431235723137,86384,502,605,12512,
220.08620684447715,86384,502,604,12513,
220.08656434949702,86384,501,605,12513,
220.08754867946644,86384,501,604,12514,
220.08892967474807,86384,500,605,12514,
220.0919967643981,86383,501,605,12514,
220.09680905517322,86382,502,605,12514,
220.10077381375402,86382,501,606,12514,
220.10314779197196,86381,502,606,12514,
220.10601384027936,86381,502,605,12515,
220.11176807480695,86381,501,606,12515,
220.11316979433363,86380,502,606,12515,
220.11405751632165,86380,501,607,12515,
220.11986834380951,86379,502,607,12515,
220.121964479052,86379,501,608,12515,
220.1261627982218,86379,500,609,12515,
220.1302233044532,86379,500,608,12516,
220.13312464870452,86379,499,609,12516,
220.1350857009978,86379,498,610,12516,
220.13583219704813,86378,499,610,12516,
220.13812650382602,86378,499,609,12517,
220.142182311023,86377,500,609,12517,
220.1447857012961,86376,501,609,12517,
220.14860804526032,86375,502,609,12517,
220.14925239686417,86375,501,610,12517,
220.15931173151856,86375,501,609,12518,
220.1599980744118,86375,501,608,12519,
220.16199041120004,86375,501,607,12520,
220.16691580763992,86374,502,607,12520,
220.17130773628833,86374,502,606,12521,
220.17269093253918,86374,501,607,12521,
220.17718521363753,86374,500,608,12521,
220.17738261329657,86374,499,609,12521,
220.1780494167266,86373,500,609,12521,
220.1788403593241,86373,500,608,12522,
220.18204532887304,86373,500,607,12523,
220.18362493797852,86372,501,607,12523,
220.18802821261846,86372,500,608,12523,
220.19163236461864,86372,499,609,12523,
220.1981351408747,86372,498,610,12523,
220.2097396326596,86372,498,609,12524,
220.21042085905373,86371,499,609,12524,
220.21292075993756,86371,498,610,12524,
220.21312955467116,86370,499,610,12524,
220.2168245914995,86369,500,610,12524,
220.2239859139708,86369,499,611,12524,
220.2275886820834,86368,500,611,12524,
220.22809446833637,86368,499,612,12524,
220.22963686081005,86368,498,613,12524,
220.23250205190377,86368,497,614,12524,
220.23489854089766,86368,496,615,12524,
220.23564755392385,86368,495,616,12524,
220.23741277663365,86368,494,617,12524,
220.24135668543963,86368,493,618,12524,
220.2416255174799,86368,492,619,12524,
220.24274142521273,86368,491,620,12524,
220.24849660497006,86368,490,621,12524,
220.2541444059325,86368,489,622,12524,
220.2593640357721,86367,490,622,12524,
220.25990188010093,86366,491,622,12524,
220.26221613675284,86366,490,623,12524,
220.26951039427644,86366,490,622,12525,
220.27564673088716,86366,489,623,12525,
220.2798345796271,86366,488,624,12525,
220.2809412745979,86365,489,624,12525,
220.28449583505505,86365,488,625,12525,
220.2847856785717,86365,488,624,12526,
220.28873651275725,86364,489,624,12526,
220.28979686561644,86364,488,625,12526,
220.2898077903737,86364,487,626,12526,
220.29544219008457,86363,488,626,12526,
220.29704042930084,86362,489,626,12526,
220.29785197434535,86362,488,627,12526,
220.29956446848905,86361,489,627,12526,
220.3088644146617,86360,490,627,12526,
220.31367553600927,86360,489,628,12526,
220.32156497912277,86360,489,627,12527,
220.32625567829803,86359,490,627,12527,
220.3305762301635,86359,490,626,12528,
220.3333203849201,86358,491,626,12528,
220.3361635914663,86357,492,626,12528,
220.33863361307482,86357,491,627,12528,
220.3419498049157,86357,490,628,12528,
220.3456754971529,86357,489,629,12528,
220.35374748308496,86357,488,630,12528,
220.3571705649256,86357,487,631,12528,
220.35904208810408,86356,488,631,12528,
220.36240741602856,86356,488,630,12529,
220.36276429812014,86355,489,630,12529,
220.38353077162782,86355,489,629,12530,
220.38741404181735,86355,489,628,12531,
220.389553646259,86355,489,627,12532,
220.3955302907563,86355,488,628,12532,
220.39939820706255,86354,489,628,12532,
220.40411485995546,86354,488,629,12532,
220.40434059077387,86353,489,629,12532,
220.41949134556054,86352,490,629,12532,
220.42184236929893,86352,489,630,12532,
220.43109540366763,86352,489,629,12533,
220.43230247361208,86351,490,629,12533,
220.43439897027437,86350,491,629,12533,
220.43670607510535,86350,491,628,12534,
220.44108013496108,86349,492,628,12534,
220.44318402704337,86348,493,628,12534,
220.4438247213397,86347,494,628,12534,
220.44692897316736,86346,495,628,12534,
220.4486753607106,86345,496,628,12534,
220.45044703100942,86344,497,628,12534,
220.45225221286424,86344,497,627,12535,
220.45647009186447,86343,498,627,12535,
220.45674030472628,86343,497,628,12535,
220.4580773232736,86343,496,629,12535,
220.4591441769677,86343,496,628,12536,
220.46074753459175,86343,496,627,12537,
220.46083879831846,86343,496,626,12538,
220.4612465688441,86343,495,627,12538,
220.46528516976588,86342,496,627,12538,
220.4675410056993,86342,495,628,12538,
220.4713662661386,86342,495,627,12539,
220.47364725767733,86342,494,628,12539,
220.48065510621996,86341,495,628,12539,
220.48124013398376,86341,495,627,12540,
220.48155844356907,86341,495,626,12541,
220.48599989121482,86341,494,627,12541,
220.48731304371938,86341,493,628,12541,
220.49972280652847,86341,493,627,12542,
220.5023798530066,86340,494,627,12542,
220.50950494621796,86340,494,626,12543,
220.5144235676277,86339,495,626,12543,
220.51597904317563,86338,496,626,12543,
220.52321569580806,86338,496,625,12544,
220.52834334745714,86337,497,625,12544,
220.53524321510204,86337,497,624,12545,
220.5383546088467,86337,496,625,12545,
220.54426930285396,86337,495,626,12545,
220.54437761752052,86337,494,627,12545,
220.5472533454269,86337,494,626,12546,
220.55305214910078,86336,495,626,12546,
220.55650745764697,86336,495,625,12547,
220.5612378010888,86335,496,625,12547,
220.568453051581,86335,496,624,12548,
220.57001441231967,86335,495,625,12548,
220.5709051206311,86334,496,625,12548,
220.5803068535202,86334,496,624,12549,
220.58152933910276,86334,495,625,12549,
220.59304883822608,86333,496,625,12549,
220.5977492192624,86333,495,626,12549,
220.60132235500558,86333,494,627,12549,
220.60763692677733,86333,494,626,12550,
220.60886076191807,86333,493,627,12550,
220.6095759986685,86333,492,628,12550,
220.61135467377804,86332,493,628,12550,
220.61843020571973,86331,494,628,12550,
220.6213906225939,86331,494,627,12551,
220.62597098465324,86330,495,627,12551,
220.6279511783425,86330,495,626,12552,
220.6301396281362,86330,495,625,12553,
220.6316981658319,86330,494,626,12553,
220.63799565192846,86329,495,626,12553,
220.64296939999642,86329,495,625,12554,
220.6473732622712,86328,496,625,12554,
220.6486096033202,86328,496,624,12555,
220.65013365320783,86327,497,624,12555,
220.6515023075037,86327,497,623,12556,
220.6519330460933,86326,498,623,12556,
220.65410877098356,86325,499,623,12556,
220.66112816585172,86325,498,624,12556,
220.6709052998816,86324,499,624,12556,
220.6731737406846,86324,498,625,12556,
220.67821943504563,86324,498,624,12557,
220.68851377947547,86324,497,625,12557,
220.69752636343043,86323,498,625,12557,
220.70199554248148,86323,497,626,12557,
220.70360144507856,86323,497,625,12558,
220.70400565122992,86323,497,624,12559,
220.71015373473963,86323,496,625,12559,
220.71075062530264,86323,496,624,12560,
220.71324882082098,86323,496,623,12561,
220.71384267475685,86323,495,624,12561,
220.72729057828832,86323,494,625,12561,
220.72791761445126,86322,495,625,12561,
220.72849477033742,86322,494,626,12561,
220.73093537757578,86322,494,625,12562,
220.73133027722332,86322,494,624,12563,
220.73227533907306,86321,495,624,12563,
220.73714661061825,86321,495,623,12564,
220.74109185535622,86321,494,624,12564,
220.74195351804002,86320,495,624,12564,
220.74422148632326,86320,495,623,12565,
220.74549850447596,86319,496,623,12565,
220.75123917644999,86319,495,624,12565,
220.75235106188194,86319,494,625,12565,
220.7538043820948,86318,495,625,12565,
220.75587922647236,86318,495,624,12566,
220.75702153833805,86318,495,623,12567,
220.76020043084682,86318,494,624,12567,
220.767636280319,86318,494,623,12568,
220.77109654622032,86317,495,623,12568,
220.77644900115507,86316,496,623,12568,
220.78079443488494,86316,495,624,12568,
220.78086236117008,86315,496,624,12568,
220.7857201467701,86315,496,623,12569,
220.7933516226154,86314,497,623,12569,
220.79986119046416,86314,497,622,12570,
220.80013436105818,86314,496,623,12570,
220.80090091644828,86314,495,624,12570,
220.8015248989372,86314,495,623,12571,
220.80795094976907,86313,496,623,12571,
220.8084520442481,86313,496,622,12572,
220.80864547332467,86312,497,622,12572,
220.80887553204624,86312,496,623,12572,
220.8100829051991,86311,497,623,12572,
220.8124342986755,86310,498,623,12572,
220.8167313790044,86310,497,624,12572,
220.8167347989471,86309,498,624,12572,
220.82290809257924,86309,498,623,12573,
220.82371185457686,86309,497,624,12573,
220.82524138952044,86309,496,625,12573,
220.82900329202457,86309,495,626,12573,
220.83421740432755,86308,496,626,12573,
220.83604092762513,86307,497,626,12573,
220.83788399808526,86307,497,625,12574,
220.8441529912617,86307,497,624,12575,
220.84520583479238,86307,496,625,12575,
220.846736690892,86307,495,626,12575,
220.84839597578073,86307,494,627,12575,
220.85288708967985,86307,493,628,12575,
220.8568505795438,86307,493,627,12576,
220.8576349710393,86307,492,628,12576,
220.85856917077825,86306,493,628,12576,
220.8636535800604,86305,494,628,12576,
220.86507598685378,86304,495,628,12576,
220.86746117673346,86304,494,629,12576,
220.86897091005946,86303,495,629,12576,
220.87410958015045,86303,494,630,12576,
220.87564293401132,86303,493,631,12576,
220.87633596647945,86303,493,630,12577,
220.88314092818123,86302,494,630,12577,
220.88857030377386,86301,495,630,12577,
220.88926686295807,86301,495,629,12578,
220.89085380002973,86301,495,628,12579,
220.89230466422197,86301,495,627,12580,
220.89792342955118,86301,494,628,12580,
220.8983817419924,86301,493,629,12580,
220.89936320999692,86301,493,628,12581,
220.899462265263,86300,494,628,12581,
220.90271263597137,86300,493,629,12581,
220.90841956487216,86300,492,630,12581,
220.912888800299,86300,491,631,12581,
220.91503045628446,86299,492,631,12581,
220.93243236563376,86298,493,631,12581,
220.93343574086194,86297,494,631,12581,
220.9403591746734,86297,493,632,12581,
220.94038940922516,86297,492,633,12581,
220.9438636730423,86297,491,634,12581,
220.94471377617054,86297,490,635,12581,
220.94495160698736,86297,489,636,12581,
220.95865501466733,86297,489,635,12582,
220.96132068297678,86296,490,635,12582,
220.9634521882317,86295,491,635,12582,
220.96680380323016,86294,492,635,12582,
220.97110197656164,86294,492,634,12583,
220.97467882119543,86294,491,635,12583,
220.9767675961992,86293,492,635,12583,
220.98714865916375,86292,493,635,12583,
220.9899551976311,86292,493,634,12584,
220.9900644233298,86291,494,634,12584,
220.99132100517997,86290,495,634,12584,
220.99663755517787,86289,496,634,12584,
221.00134040205745,86289,496,633,12585,
221.00380740049582,86288,497,633,12585,
221.0056072481205,86288,496,634,12585,
221.00714093893157,86288,495,635,12585,
221.01109476643984,86287,496,635,12585,
221.01397881023777,86286,497,635,12585,
221.0144812978484,86285,498,635,12585,
221.01786398782298,86284,499,635,12585,
221.02163451489574,86284,499,634,12586,
221.0217933002008,86284,499,633,12587,
221.0220952687901,86283,500,633,12587,
221.02660778695122,86282,501,633,12587,
221.03077855580509,86281,502,633,12587,
221.03093027124422,86281,501,634,12587,
221.03861762798164,86280,502,634,12587,
221.04044774901772,86280,501,635,12587,
221.04734778823288,86280,501,634,12588,
221.04795189492347,86279,502,634,12588,
221.0494736906591,86278,503,634,12588,
221.05421896511194,86278,503,633,12589,
221.05525570531452,86278,502,634,12589,
221.0652096223568,86278,501,635,12589,
221.0732980008896,86278,501,634,12590,
221.07571169351334,86277,502,634,12590,
221.0775843525724,86277,502,633,12591,
221.0786780349797,86277,502,632,12592,
221.08140823069888,86277,501,633,12592,
221.08592337230465,86276,502,633,12592,
221.08667424614632,86276,502,632,12593,
221.08792245175547,86275,503,632,12593,
221.0980816026415,86274,504,632,12593,
221.09878508341927,86273,505,632,12593,
221.0994804428649,86273,505,631,12594,
221.10133162058384,86273,504,632,12594,
221.11697608886303,86273,504,631,12595,
221.12509983484,86273,503,632,12595,
221.125822894299,86273,502,633,12595,
221.13204237287667,86272,503,633,12595,
221.13434143414688,86272,503,632,12596,
221.13464970190202,86272,502,633,12596,
221.1366568635843,86272,501,634,12596,
221.13757879464504,86271,502,634,12596,
221.14351520075164,86271,502,633,12597,
221.14570512938252,86270,503,633,12597,
221.14597686278836,86270,502,634,12597,
221.1511864141405,86270,501,635,12597,
221.15976130087182,86270,501,634,12598,
221.1625509704058,86270,501,633,12599,
221.1671467311294,86269,502,633,12599,
221.168428988499,86269,501,634,12599,
221.16941289241484,86269,500,635,12599,
221.1709533805482,86269,500,634,12600,
221.17319302972786,86268,501,634,12600,
221.17431988116678,86267,502,634,12600,
221.17507688974425,86267,502,633,12601,
221.17912440081054,86267,501,634,12601,
221.17934234630542,86267,501,633,12602,
221.18057388775475,86267,500,634,12602,
221.18271984334797,86267,499,635,12602,
221.18529830494396,86266,500,635,12602,
221.18836575798647,86266,500,634,12603,
221.1950803221726,86265,501,634,12603,
221.19568826382016,86265,501,633,12604,
221.1971172716126,86264,502,633,12604,
221.20117110982008,86263,503,633,12604,
221.20478476099757,86263,503,632,12605,
221.22460067433664,86262,504,632,12605,
221.22596265007715,86261,505,632,12605,
221.22903675546618,86260,506,632,12605,
221.23143555871934,86260,506,631,12606,
221.2357267438805,86260,506,630,12607,
221.236777912385,86260,506,629,12608,
221.23679662608868,86259,507,629,12608,
221.23885500621935,86258,508,629,12608,
221.24214631681156,86258,507,630,12608,
221.24225525211224,86258,506,631,12608,
221.2502616185003,86258,505,632,12608,
221.25371516545732,86258,504,633,12608,
221.25611865673142,86258,503,634,12608,
221.25820201884804,86257,504,634,12608,
221.27245955774868,86257,504,633,12609,
221.27730282622187,86257,503,634,12609,
221.28157988827996,86256,504,634,12609,
221.28280674970839,86255,505,634,12609,
221.28469730274097,86254,506,634,12609,
221.28486036586236,86254,506,633,12610,
221.29277254387685,86254,505,634,12610,
221.293865447225,86254,504,635,12610,
221.29468628146068,86254,503,636,12610,
221.29537523949517,86254,503,635,12611,
221.29848761970723,86254,502,636,12611,
221.299428381686,86254,501,637,12611,
221.3005513595869,86254,501,636,12612,
221.30547595325422,86253,502,636,12612,
221.3083274153048,86253,502,635,12613,
221.30999907290723,86253,502,634,12614,
221.32241306983246,86252,503,634,12614,
221.32703994549706,86252,503,633,12615,
221.32730753127706,86252,502,634,12615,
221.33449698262706,86252,501,635,12615,
221.34840605114192,86252,500,636,12615,
221.3521635999464,86251,501,636,12615,
221.35607351311617,86250,502,636,12615,
221.35725594056018,86250,501,637,12615,
221.36009195412643,86250,500,638,12615,
221.3614225610921,86249,501,638,12615,
221.36238976202725,86249,501,637,12616,
221.36560769273368,86249,501,636,12617,
221.37927031264357,86248,502,636,12617,
221.38307376789157,86248,501,637,12617,
221.3834390293193,86248,500,638,12617,
221.3840035345228,86248,499,639,12617,
221.38415047856202,86248,498,640,12617,
221.3846335569275,86248,498,639,12618,
221.38654331555074,86248,498,638,12619,
221.38931475534343,86247,499,638,12619,
221.39542161488043,86246,500,638,12619,
221.39635117177977,86246,500,637,12620,
221.40124367791796,86245,501,637,12620,
221.4024479493561,86245,500,638,12620,
221.4030892889543,86244,501,638,12620,
221.40344170295356,86243,502,638,12620,
221.409492866308,86242,503,638,12620,
221.41197419983922,86241,504,638,12620,
221.41633235947978,86241,503,639,12620,
221.42290560244564,86241,502,640,12620,
221.42942219184525,86241,502,639,12621,
221.43532051585788,86240,503,639,12621,
221.45335032468864,86240,503,638,12622,
221.45407132662135,86240,502,639,12622,
221.46109580177327,86239,503,639,12622,
221.46450474435517,86239,502,640,12622,
221.46846612097096,86239,501,641,12622,
221.46961700016715,86239,501,640,12623,
221.4742887533214,86239,500,641,12623,
221.4751297524293,86239,500,640,12624,
221.47671714200862,86238,501,640,12624,
221.47924410973363,86238,501,639,12625,
221.48057699075858,86238,500,640,12625,
221.48201844135787,86237,501,640,12625,
221.48500980670423,86237,501,639,12626,
221.48918616774435,86236,502,639,12626,
221.49512520211383,86236,501,640,12626,
221.51130443999992,86236,501,639,12627,
221.51165886953422,86235,502,639,12627,
221.51401608471696,86235,502,638,12628,
221.51442052381987,86234,503,638,12628,
221.51875707565827,86234,503,637,12629,
221.52439595053931,86234,503,636,12630,
221.52952452736395,86234,502,637,12630,
221.53088165519762,86234,501,638,12630,
221.53112342013233,86234,501,637,12631,
221.5336356370825,86233,502,637,12631,
221.53693247905403,86232,503,637,12631,
221.5426902530178,86232,502,638,12631,
221.54541502704626,86232,501,639,12631,
221.5456700742185,86232,500,640,12631,
221.55094370230972,86232,500,639,12632,
221.551848428659,86231,501,639,12632,
221.55192517800586,86231,500,640,12632,
221.5590713798712,86231,499,641,12632,
221.56115265192406,86231,499,640,12633,
221.565837376244,86231,499,639,12634,
221.57293656763773,86230,500,639,12634,
221.57445103571914,86230,500,638,12635,
221.57458945996797,86230,500,637,12636,
221.57552384620288,86230,499,638,12636,
221.57607424112243,86229,500,638,12636,
221.57618373144678,86228,501,638,12636,
221.58088243324818,86228,500,639,12636,
221.58116514352298,86228,500,638,12637,
221.58127484899572,86227,501,638,12637,
221.58821563246366,86226,502,638,12637,
221.59414646395186,86225,503,638,12637,
221.59470810479988,86225,502,639,12637,
221.60388037996606,86224,503,639,12637,
221.61418782296792,86224,503,638,12638,
221.62057929883795,86223,504,638,12638,
221.62299234544446,86222,505,638,12638,
221.6250403801487,86222,504,639,12638,
221.62986551189422,86221,505,639,12638,
221.63020453911295,86221,505,638,12639,
221.6315522970429,86220,506,638,12639,
221.6320719573209,86220,505,639,12639,
221.63278313018134,86219,506,639,12639,
221.63371625446746,86219,506,638,12640,
221.63765061610766,86218,507,638,12640,
221.64056064795165,86217,508,638,12640,
221.65138797883424,86217,508,637,12641,
221.65289977452852,86216,509,637,12641,
221.65396038673563,86215,510,637,12641,
221.65748198679051,86215,510,636,12642,
221.6590347490175,86215,509,637,12642,
221.66110596333527,86214,510,637,12642,
221.6643925319406,86213,511,637,12642,
221.6645280984395,86213,511,636,12643,
221.6660541984539,86212,512,636,12643,
221.67720317374065,86211,513,636,12643,
221.67742746410482,86211,512,637,12643,
221.67915909003176,86210,513,637,12643,
221.6886809021665,86210,512,638,12643,
221.69813993111498,86210,512,637,12644,
221.70173321933507,86210,512,636,12645,
221.70454719712598,86210,512,635,12646,
221.72441523249154,86209,513,635,12646,
221.726744657003,86208,514,635,12646,
221.72814267920913,86208,513,636,12646,
221.728349836387,86207,514,636,12646,
221.72847712958645,86207,514,635,12647,
221.72960869937089,86207,514,634,12648,
221.7371388253398,86207,514,633,12649,
221.73739621333644,86206,515,633,12649,
221.73807214000328,86205,516,633,12649,
221.74160582952968,86205,516,632,12650,
221.74520547222775,86205,515,633,12650,
221.75342937542212,86205,514,634,12650,
221.75563543322178,86205,513,635,12650,
221.76645209806435,86204,514,635,12650,
221.76881339817325,86204,513,636,12650,
221.77125372996264,86203,514,636,12650,
221.77404301627104,86203,514,635,12651,
221.77636828236513,86203,513,636,12651,
221.7795231134499,86203,512,637,12651,
221.77986225101236,86203,511,638,12651,
221.7803356594334,86203,510,639,12651,
221.78282680042264,86202,511,639,12651,
221.7886724345908,86202,510,640,12651,
221.7893448216251,86201,511,640,12651,
221.79001650286386,86201,510,641,12651,
221.79086264774264,86200,511,641,12651,
221.7921856824966,86200,510,642,12651,
221.79347797871063,86200,509,643,12651,
221.7955465693433,86199,510,643,12651,
221.79555003601024,86198,511,643,12651,
221.79666320147558,86198,511,642,12652,
221.801198014666,86198,511,641,12653,
221.80186237965904,86198,510,642,12653,
221.80218778358957,86198,509,643,12653,
221.80376711290998,86198,508,644,12653,
221.80612726251917,86197,509,644,12653,
221.8069645036933,86196,510,644,12653,
221.81351015209947,86195,511,644,12653,
221.81885983241844,86195,511,643,12654,
221.8190750333137,86195,510,644,12654,
221.82036389365936,86194,511,644,12654,
221.820778765914,86194,511,643,12655,
221.829495668035,86194,511,642,12656,
221.83023910658508,86193,512,642,12656,
221.83306207145804,86192,513,642,12656,
221.83627782077548,86191,514,642,12656,
221.83965933703712,86190,515,642,12656,
221.84375548055087,86190,514,643,12656,
221.84462204318964,86189,515,643,12656,
221.85267669108825,86188,516,643,12656,
221.85282491009718,86187,517,643,12656,
221.85286512557926,86186,518,643,12656,
221.85344112683785,86186,518,642,12657,
221.8569340279982,86186,517,643,12657,
221.85846677310866,86186,516,644,12657,
221.85894850101312,86186,515,645,12657,
221.87445605595533,86186,514,646,12657,
221.88011244818773,86186,513,647,12657,
221.88182066817015,86186,513,646,12658,
221.88780807903936,86186,512,647,12658,
221.88866291128608,86185,513,647,12658,
221.89973810293284,86184,514,647,12658,
221.90022323269494,86184,513,648,12658,
221.90095110854892,86184,512,649,12658,
221.9160925547377,86184,511,650,12658,
221.91762587051662,86184,510,651,12658,
221.91986648288136,86184,509,652,12658,
221.92015669373586,86184,508,653,12658,
221.92217538164746,86183,509,653,12658,
221.92405604345004,86182,510,653,12658,
221.93192690161737,86182,510,652,12659,
221.93350141978917,86182,509,653,12659,
221.93484603183884,86181,510,653,12659,
221.93508838904995,86181,510,652,12660,
221.93511411968797,86180,511,652,12660,
221.93735783054075,86180,511,651,12661,
221.94198839473907,86179,512,651,12661,
221.9446558025819,86179,511,652,12661,
221.94689303812174,86178,512,652,12661,
221.9510687967658,86177,513,652,12661,
221.95110990971307,86177,512,653,12661,
221.9522654825858,86177,511,654,12661,
221.95388533488904,86176,512,654,12661,
221.95561581021823,86176,511,655,12661,
221.96166468041446,86176,510,656,12661,
221.96607896300765,86175,511,656,12661,
221.9663199469152,86175,511,655,12662,
221.97834223004497,86175,511,654,12663,
221.97875422692417,86174,512,654,12663,
221.98313488273166,86174,511,655,12663,
221.98462159316972,86173,512,655,12663,
221.98584674937732,86172,513,655,12663,
221.98644701272787,86171,514,655,12663,
221.9981876221209,86171,514,654,12664,
222.00350764033357,86171,514,653,12665,
222.0048612825364,86170,515,653,12665,
222.00758520807975,86169,516,653,12665,
222.00819134331684,86169,515,654,12665,
222.01407313396822,86169,514,655,12665,
222.0172879044004,86168,515,655,12665,
222.0182230347474,86168,514,656,12665,
222.01976743055457,86167,515,656,12665,
222.02030305820864,86167,515,655,12666,
222.0226429030422,86167,514,656,12666,
222.02703350699545,86167,514,655,12667,
222.0270957347593,86167,513,656,12667,
222.03008482315616,86167,513,655,12668,
222.0356964668226,86167,512,656,12668,
222.03682806141111,86167,511,657,12668,
222.03826637020353,86167,510,658,12668,
222.03990048682232,86166,511,658,12668,
222.04103449691823,86165,512,658,12668,
222.0446061550008,86165,511,659,12668,
222.04837004155567,86165,511,658,12669,
222.04886239704055,86164,512,658,12669,
222.05015345326498,86164,511,659,12669,
222.05034727600489,86163,512,659,12669,
222.05104816074171,86163,511,660,12669,
222.05211488988314,86162,512,660,12669,
222.0548821977063,86162,511,661,12669,
222.05540365898426,86161,512,661,12669,
222.05702202055696,86161,511,662,12669,
222.0571589293676,86161,511,661,12670,
222.0573315711782,86160,512,661,12670,
222.05740641198747,86160,511,662,12670,
222.0586951003957,86160,510,663,12670,
222.06862930203926,86159,511,663,12670,
222.07370523310328,86159,511,662,12671,
222.07481750787136,86159,511,661,12672,
222.07613979300504,86158,512,661,12672,
222.07695671050283,86157,513,661,12672,
222.0772410477094,86157,513,660,12673,
222.07926943412716,86156,514,660,12673,
222.08441866091675,86156,513,661,12673,
222.0886429111448,86156,512,662,12673,
222.09395341498384,86156,512,661,12674,
222.09669359089665,86155,513,661,12674,
222.0974939965484,86155,512,662,12674,
222.09847380343922,86155,511,663,12674,
222.1046710982395,86154,512,663,12674,
222.10675317553302,86153,513,663,12674,
222.10740702888077,86153,513,662,12675,
222.1089639989836,86152,514,662,12675,
222.11274164804752,86151,515,662,12675,
222.12229442246291,86151,514,663,12675,
222.1267498865076,86151,514,662,12676,
222.1291095604627,86151,514,661,12677,
222.13363575166994,86151,513,662,12677,
222.1357323775695,86151,513,661,12678,
222.14040604271864,86151,513,660,12679,
222.1438643477814,86151,513,659,12680,
222.14476559350834,86151,513,658,12681,
222.15880149462578,86151,513,657,12682,
222.1606091081661,86150,514,657,12682,
222.16094146633117,86150,513,658,12682,
222.1677664486403,86150,512,659,12682,
222.16850786317474,86150,511,660,12682,
222.1750153508766,86150,511,659,12683,
222.1918404820119,86149,512,659,12683,
222.1922683521804,86149,511,660,12683,
222.19384839739607,86149,510,661,12683,
222.196481918234,86148,511,661,12683,
222.20692756216994,86147,512,661,12683,
222.21239205556543,86146,513,661,12683,
222.21473363004628,86146,512,662,12683,
222.2193335698706,86146,512,661,12684,
222.22050535305672,86146,511,662,12684,
222.2233418780765,86145,512,662,12684,
222.2245046768426,86144,513,662,12684,
222.22993365035313,86144,512,663,12684,
222.23411917453384,86144,511,664,12684,
222.24352082394282,86143,512,664,12684,
222.24548870462542,86143,511,665,12684,
222.2470059701838,86142,512,665,12684,
222.2483102934721,86142,512,664,12685,
222.250754533241,86142,512,663,12686,
222.25203762857436,86142,511,664,12686,
222.25341609255645,86141,512,664,12686,
222.25491790402785,86140,513,664,12686,
222.25753532727492,86140,512,665,12686,
222.26517611595534,86139,513,665,12686,
222.26526038787006,86139,512,666,12686,
222.26604412372407,86139,512,665,12687,
222.27506868785974,86139,511,666,12687,
222.28156755685058,86139,511,665,12688,
222.2816471881396,86139,510,666,12688,
222.28434876066143,86139,509,667,12688,
222.28497407807325,86138,510,667,12688,
222.29509085953404,86138,510,666,12689,
222.3057123714646,86138,509,667,12689,
222.31696975579902,86138,508,668,12689,
222.31875633598608,86138,507,669,12689,
222.31912241252863,86138,507,668,12690,
222.32003999663536,86138,506,669,12690,
222.32376477790066,86138,505,670,12690,
222.32650280696697,86138,505,669,12691,
222.32678228601378,86138,505,668,12692,
222.33506305825836,86138,504,669,12692,
222.34207439853046,86138,503,670,12692,
222.34553471682,86138,502,671,12692,
222.34770273222242,86137,503,671,12692,
222.35207373096313,86137,502,672,12692,
222.35295191451337,86137,502,671,12693,
222.35309931033322,86137,502,670,12694,
222.3535516173503,86137,501,671,12694,
222.35866525004818,86137,500,672,12694,
222.36486003432267,86137,499,673,12694,
222.36633964002505,86137,498,674,12694,
222.36974609000214,86136,499,674,12694,
222.37375327169127,86136,498,675,12694,
222.38247438335475,86136,497,676,12694,
222.38307203666727,86135,498,676,12694,
222.38711855441878,86134,499,676,12694,
222.39025135425763,86133,500,676,12694,
222.39143202823783,86132,501,676,12694,
222.392774192057,86132,501,675,12695,
222.39284680505097,86132,501,674,12696,
222.3938144301621,86132,500,675,12696,
222.40528536066995,86131,501,675,12696,
222.4053700245603,86131,500,676,12696,
222.40588191959532,86130,501,676,12696,
222.4085063980087,86130,501,675,12697,
222.4121421357934,86130,500,676,12697,
222.4138779087306,86129,501,676,12697,
222.42163646595705,86129,500,677,12697,
222.42682432400287,86128,501,677,12697,
222.42784388566494,86128,500,678,12697,
222.42808968639207,86127,501,678,12697,
222.43149022095398,86127,500,679,12697,
222.44254361359424,86126,501,679,12697,
222.44425957315093,86125,502,679,12697,
222.44570839573245,86124,503,679,12697,
222.45364873567544,86123,504,679,12697,
222.45582656340545,86123,503,680,12697,
222.4570991108847,86123,503,679,12698,
222.4684237981109,86123,503,678,12699,
222.47081291316022,86122,504,678,12699,
222.47105309233342,86122,504,677,12700,
222.47354120504056,86121,505,677,12700,
222.4810804184238,86121,504,678,12700,
222.4827614920176,86121,504,677,12701,
222.4883043637816,86120,505,677,12701,
222.4924669495697,86120,505,676,12702,
222.49548931539445,86120,504,677,12702,
222.4972349843677,86119,505,677,12702,
222.49934107290872,86119,505,676,12703,
222.50141817085915,86118,506,676,12703,
222.50742198140657,86118,506,675,12704,
222.50784344310313,86118,505,676,12704,
222.51540836173837,86118,504,677,12704,
222.51759016675388,86118,503,678,12704,
222.5203817981053,86118,502,679,12704,
222.52306276245918,86117,503,679,12704,
222.52313802315624,86116,504,679,12704,
222.52372976795232,86115,505,679,12704,
222.5255689322068,86114,506,679,12704,
222.52558250613106,86114,506,678,12705,
222.53309550847683,86114,505,679,12705,
222.5380587203286,86114,505,678,12706,
222.5398129897855,86114,505,677,12707,
222.54510913940902,86113,506,677,12707,
222.5476963597173,86112,507,677,12707,
222.55015944337327,86112,506,678,12707,
222.55217549293758,86112,505,679,12707,
222.55403360039918,86111,506,679,12707,
222.55729821365298,86111,506,678,12708,
222.55824753974568,86110,507,678,12708,
222.5588987128164,86110,506,679,12708,
222.55936843753307,86109,507,679,12708,
222.5608316273047,86109,507,678,12709,
222.5625018695923,86108,508,678,12709,
222.56452210826765,86107,509,678,12709,
222.56470363942873,86106,510,678,12709,
222.56479299658756,86105,511,678,12709,
222.5652320309594,86105,510,679,12709,
222.5719372411715,86104,511,679,12709,
222.5784679243454,86104,510,680,12709,
222.5822274973643,86104,509,681,12709,
222.58474665357298,86104,509,680,12710,
222.58890977897147,86104,508,681,12710,
222.59480139443664,86103,509,681,12710,
222.5965552154658,86102,510,681,12710,
222.60912530727975,86101,511,681,12710,
222.61195931876898,86101,510,682,12710,
222.61312982653394,86101,510,681,12711,
222.61501455572738,86101,509,682,12711,
222.6188860389744,86101,509,681,12712,
222.62320868602467,86101,509,680,12713,
222.62886211120224,86101,508,681,12713,
222.62895824578516,86101,507,682,12713,
222.63111052727004,86101,507,681,12714,
222.63298109439106,86101,506,682,12714,
222.63549173636827,86101,505,683,12714,
222.63586634003767,86101,505,682,12715,
222.63613348182653,86101,504,683,12715,
222.63822732711645,86101,503,684,12715,
222.64110036230042,86101,503,683,12716,
222.6524277426284,86101,502,684,12716,
222.65967435914922,86100,503,684,12716,
222.6649525930256,86100,503,683,12717,
222.67280854487052,86100,503,682,12718,
222.6835763805577,86099,504,682,12718,
222.68973447589,86098,505,682,12718,
222.69503527624636,86098,504,683,12718,
222.69655671167854,86097,505,683,12718,
222.70063733365424,86097,504,684,12718,
222.70956073034816,86096,505,684,12718,
222.71167224677941,86096,504,685,12718,
222.71185103857226,86096,504,684,12719,
222.7168029886024,86095,505,684,12719,
222.71724105499305,86094,506,684,12719,
222.72308387325324,86094,506,683,12720,
222.72877917409406,86093,507,683,12720,
222.73545659204385,86092,508,683,12720,
222.7381375471307,86091,509,683,12720,
222.74139894950224,86091,509,682,12721,
222.74884931187879,86090,510,682,12721,
222.75744714008172,86090,509,683,12721,
222.76026827991774,86090,508,684,12721,
222.76770827815534,86090,507,685,12721,
222.76797765592198,86090,506,686,12721,
222.77059787938572,86089,507,686,12721,
222.77517407541822,86089,506,687,12721,
222.78518468026064,86088,507,687,12721,
222.78672370344833,86088,507,686,12722,
222.79127090899334,86088,507,685,12723,
222.7926084204058,86087,508,685,12723,
222.79425586452624,86086,509,685,12723,
222.79670642270474,86086,508,686,12723,
222.7973154058362,86085,509,686,12723,
222.80382656517935,86084,510,686,12723,
222.80494101410892,86084,510,685,12724,
222.8113728504904,86083,511,685,12724,
222.81378064984523,86083,511,684,12725,
222.81508996707882,86083,511,683,12726,
222.8160641721453,86083,511,682,12727,
222.8240585008595,86082,512,682,12727,
222.82870461197237,86082,512,681,12728,
222.83768286419496,86081,513,681,12728,
222.8465275065012,86081,512,682,12728,
222.8494744085616,86081,511,683,12728,
222.85200240707067,86081,510,684,12728,
222.85404439925026,86080,511,684,12728,
222.86040420951443,86079,512,684,12728,
222.86112060539799,86079,511,685,12728,
222.8676106618707,86079,510,686,12728,
222.86928318931754,86079,510,685,12729,
222.87220610977067,86079,509,686,12729,
222.8723460394361,86079,508,687,12729,
222.87310492711907,86079,507,688,12729,
222.87741404450347,86079,507,687,12730,
222.87869581852786,86079,506,688,12730,
222.88918799126725,86078,507,688,12730,
222.89247990500817,86078,506,689,12730,
222.89801264248229,86078,505,690,12730,
222.90010220311908,86078,504,691,12730,
222.90083293593514,86077,505,691,12730,
222.90473514562018,86077,504,692,12730,
222.9050645176706,86077,503,693,12730,
222.90510110126368,86077,502,694,12730,
222.91134842864972,86077,502,693,12731,
222.91768765706823,86076,503,693,12731,
222.91825082359074,86076,503,692,12732,
222.91833408627303,86076,502,693,12732,
222.92031230604596,86076,501,694,12732,
222.9252124561318,86075,502,694,12732,
222.92928923293135,86074,503,694,12732,
222.9306936090532,86074,503,693,12733,
222.9319485532989,86073,504,693,12733,
222.9353056529316,86073,504,692,12734,
222.9394483705533,86073,503,693,12734,
222.94084612706547,86073,502,694,12734,
222.9421287913164,86073,501,695,12734,
222.95032877471886,86072,502,695,12734,
222.9568065888585,86072,502,694,12735,
222.9579056388535,86072,502,693,12736,
222.9611866043514,86072,502,692,12737,
222.9649804819616,86071,503,692,12737,
222.97892805130263,86070,504,692,12737,
222.9917165368153,86069,505,692,12737,
222.99199964312243,86069,505,691,12738,
223.00607386739296,86069,504,692,12738,
223.00877862003765,86069,503,693,12738,
223.009483385518,86069,503,692,12739,
223.01012052371155,86069,502,693,12739,
223.0115047731651,86069,501,694,12739,
223.0120418625561,86069,500,695,12739,
223.01848769410435,86069,500,694,12740,
223.01949533315954,86068,501,694,12740,
223.02686710393246,86067,502,694,12740,
223.02815637555722,86067,502,693,12741,
223.0292548568071,86067,501,694,12741,
223.02970976118436,86066,502,694,12741,
223.0347168279853,86066,501,695,12741,
223.03695041180097,86066,500,696,12741,
223.03713949645055,86066,499,697,12741,
223.03998021470554,86065,500,697,12741,
223.04283685163935,86065,500,696,12742,
223.0455453937164,86065,499,697,12742,
223.05168521199369,86064,500,697,12742,
223.05328396785032,86063,501,697,12742,
223.05717948787537,86063,500,698,12742,
223.0582848398455,86063,499,699,12742,
223.06047190128234,86063,499,698,12743,
223.06087209222915,86063,499,697,12744,
223.06129630681056,86062,500,697,12744,
223.06166281118783,86062,500,696,12745,
223.0644939047298,86062,499,697,12745,
223.06460070040725,86061,500,697,12745,
223.0729149773658,86060,501,697,12745,
223.07649501107127,86060,501,696,12746,
223.07944096392728,86059,502,696,12746,
223.0956340309251,86059,502,695,12747,
223.09650471897862,86058,503,695,12747,
223.11010861235076,86058,503,694,12748,
223.11647633456633,86058,503,693,12749,
223.1211089936981,86057,504,693,12749,
223.12524453138576,86056,505,693,12749,
223.12739663664726,86056,505,692,12750,
223.13430741543883,86056,504,693,12750,
223.13638105762004,86056,503,694,12750,
223.13698988219028,86055,504,694,12750,
223.13856961074276,86055,504,693,12751,
223.13886511696052,86055,503,694,12751,
223.1411152736299,86055,502,695,12751,
223.14145955244632,86055,502,694,12752,
223.14171619348352,86055,502,693,12753,
223.14355492125856,86055,502,692,12754,
223.1474552839828,86055,501,693,12754,
223.15006572260285,86055,500,694,12754,
223.15008564700415,86054,501,694,12754,
223.15542595155466,86054,501,693,12755,
223.16034003212647,86054,501,692,12756,
223.16964157390785,86054,500,693,12756,
223.17399883434823,86054,499,694,12756,
223.17879650032177,86054,498,695,12756,
223.17917791945234,86053,499,695,12756,
223.17971808468042,86052,500,695,12756,
223.18316860118907,86052,499,696,12756,
223.18323068173967,86052,499,695,12757,
223.18952026904284,86051,500,695,12757,
223.18972617767733,86051,500,694,12758,
223.1912289358602,86051,500,693,12759,
223.19482580639445,86050,501,693,12759,
223.1987448557713,86050,501,692,12760,
223.20805680710714,86050,501,691,12761,
223.21090815426498,86050,500,692,12761,
223.2327188556033,86050,499,693,12761,
223.2346774940131,86050,498,694,12761,
223.24599127671536,86050,498,693,12762,
223.2465239626024,86050,497,694,12762,
223.24788349329052,86050,497,693,12763,
223.2502327556977,86050,496,694,12763,
223.25263552311168,86050,496,693,12764,
223.2539460666691,86050,495,694,12764,
223.254690549309,86050,494,695,12764,
223.26887984358703,86050,494,694,12765,
223.27030822897368,86050,493,695,12765,
223.2710425573221,86050,493,694,12766,
223.2726155576568,86050,493,693,12767,
223.27678179050838,86049,494,693,12767,
223.2782429862212,86048,495,693,12767,
223.28068720192556,86047,496,693,12767,
223.28412384354027,86047,496,692,12768,
223.28514129415808,86047,495,693,12768,
223.29586664533835,86047,495,692,12769,
223.30199807800636,86047,494,693,12769,
223.30394924310178,86046,495,693,12769,
223.3113029626706,86045,496,693,12769,
223.3206391663578,86045,495,694,12769,
223.32154577105266,86045,494,695,12769,
223.32467193330913,86044,495,695,12769,
223.3254323220044,86043,496,695,12769,
223.325768100176,86042,497,695,12769,
223.33384575936444,86042,496,696,12769,
223.34718087554333,86042,496,695,12770,
223.34818719469362,86042,495,696,12770,
223.35249442998062,86041,496,696,12770,
223.3569409644608,86040,497,696,12770,
223.35940903168805,86039,498,696,12770,
223.3655218413425,86039,498,695,12771,
223.36609819081167,86038,499,695,12771,
223.3672385745673,86037,500,695,12771,
223.3795631255526,86037,499,696,12771,
223.3799367335487,86037,498,697,12771,
223.3843690726298,86036,499,697,12771,
223.38532146328257,86036,499,696,12772,
223.38817453581856,86036,499,695,12773,
223.39345425731818,86036,499,694,12774,
223.39473146432778,86036,498,695,12774,
223.3949106338843,86036,498,694,12775,
223.39535213082976,86035,499,694,12775,
223.40084507209187,86035,498,695,12775,
223.40317452149242,86034,499,695,12775,
223.40320366990156,86033,500,695,12775,
223.41196034448188,86033,500,694,12776,
223.41517107896345,86033,499,695,12776,
223.41558370297375,86033,499,694,12777,
223.4175089054277,86032,500,694,12777,
223.42201008196557,86031,501,694,12777,
223.42371365410372,86030,502,694,12777,
223.42385654874752,86030,502,693,12778,
223.42468985540572,86029,503,693,12778,
223.42799325759302,86028,504,693,12778,
223.42901525330433,86027,505,693,12778,
223.42937103822302,86027,504,694,12778,
223.44586172448754,86026,505,694,12778,
223.45421027468586,86026,504,695,12778,
223.45428192475174,86026,504,694,12779,
223.46051417200377,86026,503,695,12779,
223.46358932976082,86025,504,695,12779,
223.46896434717274,86024,505,695,12779,
223.47422390674834,86024,504,696,12779,
223.48509505415117,86024,504,695,12780,
223.48634005168526,86024,504,694,12781,
223.4940294067782,86024,504,693,12782,
223.49484723713212,86024,504,692,12783,
223.49541663348782,86024,503,693,12783,
223.49982307433828,86024,502,694,12783,
223.50956134925835,86024,502,693,12784,
223.5136165560854,86023,503,693,12784,
223.51449582900767,86022,504,693,12784,
223.51985531850687,86021,505,693,12784,
223.52097654533253,86021,504,694,12784,
223.52133491347286,86021,503,695,12784,
223.52829807106158,86021,502,696,12784,
223.53112975358607,86021,501,697,12784,
223.53707478190483,86020,502,697,12784,
223.54169947842425,86019,503,697,12784,
223.54537552257307,86019,502,698,12784,
223.54858112569346,86019,501,699,12784,
223.54980826354688,86019,501,698,12785,
223.55282856298246,86019,500,699,12785,
223.55412334876897,86019,499,700,12785,
223.5546753643781,86019,498,701,12785,
223.56128900769886,86019,497,702,12785,
223.56398684462133,86018,498,702,12785,
223.56648199441776,86018,497,703,12785,
223.56817861327383,86018,496,704,12785,
223.56982990114747,86017,497,704,12785,
223.5703382283346,86016,498,704,12785,
223.57824723207568,86016,498,703,12786,
223.5832805113136,86015,499,703,12786,
223.58389145831887,86015,498,704,12786,
223.58730275860614,86015,497,705,12786,
223.59008188641366,86015,497,704,12787,
223.59092992262424,86015,496,705,12787,
223.60111886140518,86014,497,705,12787,
223.6031253979609,86014,497,704,12788,
223.60417005621719,86014,496,705,12788,
223.60477796244567,86013,497,705,12788,
223.60553643961185,86013,496,706,12788,
223.61408893834667,86013,495,707,12788,
223.6174258105224,86013,495,706,12789,
223.63815922778736,86012,496,706,12789,
223.63831989506593,86012,496,705,12790,
223.64170855721144,86012,495,706,12790,
223.6483144936065,86012,495,705,12791,
223.6491840600414,86012,494,706,12791,
223.6519530966338,86011,495,706,12791,
223.6538927478175,86010,496,706,12791,
223.65610343318488,86010,496,705,12792,
223.65618531599193,86010,496,704,12793,
223.6630513037656,86009,497,704,12793,
223.66616504911357,86009,496,705,12793,
223.67630834527733,86009,496,704,12794,
223.67678187276144,86008,497,704,12794,
223.6777202375544,86008,496,705,12794,
223.68095629995,86007,497,705,12794,
223.68460666964708,86007,496,706,12794,
223.6885734372538,86006,497,706,12794,
223.68960006173415,86005,498,706,12794,
223.6911104476771,86005,497,707,12794,
223.69659938033107,86005,497,706,12795,
223.69777865629476,86005,496,707,12795,
223.69791215246408,86004,497,707,12795,
223.70440136881862,86004,496,708,12795,
223.70458665286006,86004,496,707,12796,
223.71291796095542,86004,496,706,12797,
223.71469090481165,86004,495,707,12797,
223.71668340091583,86004,494,708,12797,
223.71748593251812,86003,495,708,12797,
223.72054421790642,86002,496,708,12797,
223.72334512403302,86002,496,707,12798,
223.72364340215273,86002,495,708,12798,
223.7315792426365,86001,496,708,12798,
223.7324322946896,86000,497,708,12798,
223.7360775404341,86000,497,707,12799,
223.74835491030103,85999,498,707,12799,
223.75344875892833,85998,499,707,12799,
223.76062721041947,85997,500,707,12799,
223.7619493413612,85997,500,706,12800,
223.7636239592875,85996,501,706,12800,
223.76561530515988,85996,500,707,12800,
223.7674824477163,85996,500,706,12801,
223.7705876179889,85995,501,706,12801,
223.77079838284186,85994,502,706,12801,
223.77310177337804,85994,501,707,12801,
223.77877550668921,85994,501,706,12802,
223.77901750182255,85994,500,707,12802,
223.78001590534694,85994,500,706,12803,
223.78074288895846,85994,499,707,12803,
223.78148030588235,85994,498,708,12803,
223.78236527386593,85993,499,708,12803,
223.78464019312315,85993,498,709,12803,
223.7920621689102,85993,497,710,12803,
223.7966602940462,85992,498,710,12803,
223.79715939392915,85992,497,711,12803,
223.80150494503175,85992,497,710,12804,
223.8030307675464,85992,497,709,12805,
223.80739921985418,85992,497,708,12806,
223.81067351552124,85992,497,707,12807,
223.8174359218059,85991,498,707,12807,
223.81857085012103,85990,499,707,12807,
223.81901435729955,85990,499,706,12808,
223.82808991465168,85990,499,705,12809,
223.82998103426434,85989,500,705,12809,
223.83559420510383,85989,499,706,12809,
223.83827337012528,85988,500,706,12809,
223.8434082264164,85988,499,707,12809,
223.84669549942294,85988,499,706,12810,
223.8524259566653,85987,500,706,12810,
223.8536061564693,85987,500,705,12811,
223.85929010242714,85987,500,704,12812,
223.85973210612855,85987,500,703,12813,
223.86011830206513,85987,500,702,12814,
223.86058159066263,85987,500,701,12815,
223.8661382824933,85987,500,700,12816,
223.86674182822406,85986,501,700,12816,
223.87130137061794,85986,500,701,12816,
223.8777016841239,85985,501,701,12816,
223.8799815691752,85984,502,701,12816,
223.88195771797356,85984,502,700,12817,
223.88457517046658,85984,502,699,12818,
223.88704288541564,85984,501,700,12818,
223.88713844200888,85984,500,701,12818,
223.8882617282262,85984,499,702,12818,
223.89115682163003,85983,500,702,12818,
223.894927325687,85983,499,703,12818,
223.9011301029849,85983,499,702,12819,
223.90233297546874,85983,498,703,12819,
223.90629590869813,85983,497,704,12819,
223.9098609621422,85983,496,705,12819,
223.9148811322375,85982,497,705,12819,
223.91669147278347,85981,498,705,12819,
223.92238399044749,85981,497,706,12819,
223.92619429402927,85980,498,706,12819,
223.92802314629304,85979,499,706,12819,
223.93628421119635,85979,499,705,12820,
223.94994154779232,85979,499,704,12821,
223.9520692009748,85978,500,704,12821,
223.9530118126247,85977,501,704,12821,
223.95378893544648,85977,501,703,12822,
223.96008106813554,85977,500,704,12822,
223.9667173219184,85976,501,704,12822,
223.96905041470544,85975,502,704,12822,
223.9727873977165,85974,503,704,12822,
223.97329090789106,85973,504,704,12822,
223.9785016442062,85973,503,705,12822,
223.97956128257215,85972,504,705,12822,
223.98198394317194,85971,505,705,12822,
223.98212228949254,85970,506,705,12822,
223.98365231877625,85970,505,706,12822,
223.99921647908627,85969,506,706,12822,
224.0064957133109,85969,505,707,12822,
224.00771833929903,85969,504,708,12822,
224.01020756125666,85968,505,708,12822,
224.0106454427565,85968,504,709,12822,
224.01480541508465,85968,503,710,12822,
224.01817107622188,85968,502,711,12822,
224.02302455445857,85967,503,711,12822,
224.02494738831234,85966,504,711,12822,
224.0274403484547,85966,504,710,12823,
224.03160899773687,85966,503,711,12823,
224.03259259811432,85966,503,710,12824,
224.03276156810986,85965,504,710,12824,
224.03690908334138,85964,505,710,12824,
224.0428844031757,85964,504,711,12824,
224.04362000928074,85964,504,710,12825,
224.04473350592406,85963,505,710,12825,
224.0461493728714,85962,506,710,12825,
224.05026056616376,85961,507,710,12825,
224.06096015910092,85960,508,710,12825,
224.07035864560984,85959,509,710,12825,
224.07804318839203,85959,508,711,12825,
224.07861201570012,85958,509,711,12825,
224.07864392582636,85957,510,711,12825,
224.0787872607274,85956,511,711,12825,
224.07926305741057,85955,512,711,12825,
224.0847922994575,85955,512,710,12826,
224.09016689794927,85955,511,711,12826,
224.09053280208454,85955,511,710,12827,
224.09520727482828,85954,512,710,12827,
224.10347172547256,85954,512,709,12828,
224.10501585991952,85954,511,710,12828,
224.12085291599777,85953,512,710,12828,
224.12325965112808,85953,511,711,12828,
224.12611510545528,85952,512,711,12828,
224.12714545081832,85952,511,712,12828,
224.13077887624232,85952,511,711,12829,
224.13093698093076,85952,510,712,12829,
224.13490778587482,85951,511,712,12829,
224.13659875518553,85951,510,713,12829,
224.13749687084047,85951,510,712,12830,
224.13929924666468,85950,511,712,12830,
224.14051566071555,85949,512,712,12830,
224.14213292479,85949,511,713,12830,
224.14273545367482,85949,511,712,12831,
224.14494137551142,85949,511,711,12832,
224.14544721193903,85948,512,711,12832,
224.14690913088273,85947,513,711,12832,
224.14700025342125,85946,514,711,12832,
224.14858817997472,85945,515,711,12832,
224.14868098902744,85945,514,712,12832,
224.14930791208565,85945,513,713,12832,
224.1564422110596,85945,513,712,12833,
224.1620449743895,85944,514,712,12833,
224.16270837480562,85944,513,713,12833,
224.16542051292345,85944,512,714,12833,
224.168662708672,85943,513,714,12833,
224.17010244233435,85943,512,715,12833,
224.17218455940738,85943,511,716,12833,
224.17302904006857,85943,510,717,12833,
224.17560792495067,85943,510,716,12834,
224.17601042082813,85943,509,717,12834,
224.1767995262674,85942,510,717,12834,
224.18814659182198,85942,509,718,12834,
224.19981091965985,85942,509,717,12835,
224.20029557268847,85942,509,716,12836,
224.2027464556424,85942,509,715,12837,
224.2059234385701,85941,510,715,12837,
224.20995041222977,85941,510,714,12838,
224.21196436474926,85941,509,715,12838,
224.21345601220796,85941,508,716,12838,
224.2150984182174,85941,507,717,12838,
224.21959662782962,85940,508,717,12838,
224.22036711794456,85940,507,718,12838,
224.22297320677382,85940,507,717,12839,
224.2255051438595,85939,508,717,12839,
224.22910177801532,85938,509,717,12839,
224.22947603751493,85937,510,717,12839,
224.23699350938455,85936,511,717,12839,
224.2383038216694,85936,510,718,12839,
224.23872487763776,85935,511,718,12839,
224.2463443905573,85934,512,718,12839,
224.25041966577695,85934,512,717,12840,
224.25133842035217,85934,511,718,12840,
224.25787666145064,85933,512,718,12840,
224.26605297042153,85933,511,719,12840,
224.26864120327784,85932,512,719,12840,
224.27079213161582,85932,512,718,12841,
224.27181903796952,85931,513,718,12841,
224.2796490758559,85931,513,717,12842,
224.2799134890604,85931,512,718,12842,
224.2828467010848,85931,511,719,12842,
224.2870176708932,85930,512,719,12842,
224.29043812057085,85930,512,718,12843,
224.29241425160265,85929,513,718,12843,
224.2941683370853,85929,513,717,12844,
224.2943175504145,85929,512,718,12844,
224.29661000914103,85929,511,719,12844,
224.30004420278928,85929,511,718,12845,
224.30563474673482,85928,512,718,12845,
224.30618511358352,85928,511,719,12845,
224.30718414107605,85927,512,719,12845,
224.3102460950543,85927,512,718,12846,
224.31163227292686,85927,511,719,12846,
224.31726215658057,85926,512,719,12846,
224.32403093651033,85926,512,718,12847,
224.33763368608302,85926,511,719,12847,
224.33774037846308,85926,511,718,12848,
224.33820204575372,85925,512,718,12848,
224.33858138681327,85924,513,718,12848,
224.34247621852936,85923,514,718,12848,
224.34423630194408,85923,514,717,12849,
224.34772370822378,85923,514,716,12850,
224.35351883120086,85923,514,715,12851,
224.3546041003757,85923,514,714,12852,
224.3555069079699,85922,515,714,12852,
224.35583709250952,85922,514,715,12852,
224.35947361047465,85921,515,715,12852,
224.36101181738988,85921,514,716,12852,
224.36258584053203,85920,515,716,12852,
224.3659234758329,85919,516,716,12852,
224.36676075690744,85918,517,716,12852,
224.36677974445794,85918,517,715,12853,
224.36767226789263,85917,518,715,12853,
224.3705250430625,85916,519,715,12853,
224.37171036520553,85916,519,714,12854,
224.37673591687565,85916,519,713,12855,
224.3853837049924,85916,518,714,12855,
224.3897036570303,85916,518,713,12856,
224.3899713987409,85916,517,714,12856,
224.3931193072139,85916,517,713,12857,
224.393929745746,85915,518,713,12857,
224.39500766474984,85914,519,713,12857,
224.39597541037864,85914,519,712,12858,
224.39633681302067,85913,520,712,12858,
224.4002024395875,85913,520,711,12859,
224.40091677286043,85912,521,711,12859,
224.4016980400163,85912,520,712,12859,
224.4021216587538,85911,521,712,12859,
224.40280148569758,85911,520,713,12859,
224.40994249741922,85910,521,713,12859,
224.41135419227464,85910,520,714,12859,
224.4115341957014,85909,521,714,12859,
224.41397931213132,85908,522,714,12859,
224.41559129736046,85907,523,714,12859,
224.416446820426,85906,524,714,12859,
224.41740971130258,85905,525,714,12859,
224.42942118172815,85904,526,714,12859,
224.4320349245383,85904,526,713,12860,
224.43498079013227,85904,526,712,12861,
224.43530728039138,85904,526,711,12862,
224.43734169527667,85904,526,710,12863,
224.43869183934885,85903,527,710,12863,
224.44133746328103,85903,527,709,12864,
224.4461979087774,85903,526,710,12864,
224.45287770092372,85903,526,709,12865,
224.45751611754952,85903,526,708,12866,
224.46355749737597,85903,525,709,12866,
224.46767886617386,85902,526,709,12866,
224.46875165382633,85902,526,708,12867,
224.47279675751247,85901,527,708,12867,
224.48681804490712,85901,526,709,12867,
224.48738927488168,85901,525,710,12867,
224.4895998342252,85901,524,711,12867,
224.49340224338897,85901,523,712,12867,
224.4942979698959,85900,524,712,12867,
224.49479495032878,85900,524,711,12868,
224.499389843715,85899,525,711,12868,
224.49962925753383,85898,526,711,12868,
224.50103926064622,85898,525,712,12868,
224.50473374770493,85898,525,711,12869,
224.5084469944177,85897,526,711,12869,
224.50906410383396,85897,526,710,12870,
224.50963236275618,85897,526,709,12871,
224.51084937517908,85897,525,710,12871,
224.5166640171131,85897,524,711,12871,
224.52371183219833,85897,523,712,12871,
224.52624684819858,85897,522,713,12871,
224.5295860607086,85896,523,713,12871,
224.5321221137198,85896,523,712,12872,
224.53264973452093,85895,524,712,12872,
224.53463365517243,85894,525,712,12872,
224.54019211326994,85894,525,711,12873,
224.54664915271212,85894,525,710,12874,
224.5508976124691,85893,526,710,12874,
224.5608180988914,85892,527,710,12874,
224.56641937323138,85891,528,710,12874,
224.57046413868744,85891,527,711,12874,
224.57098714183695,85891,527,710,12875,
224.5826243928683,85890,528,710,12875,
224.5838959159998,85889,529,710,12875,
224.58470814164463,85889,528,711,12875,
224.58599577360633,85888,529,711,12875,
224.589674992323,85887,530,711,12875,
224.59410854599892,85887,529,712,12875,
224.59518933860855,85887,529,711,12876,
224.59768923297975,85887,529,710,12877,
224.60128511650686,85887,528,711,12877,
224.60143922849886,85887,527,712,12877,
224.60665751459004,85887,526,713,12877,
224.60685159907493,85887,525,714,12877,
224.6097060410067,85887,524,715,12877,
224.61199051265004,85887,523,716,12877,
224.6157734246446,85886,524,716,12877,
224.62062118925695,85885,525,716,12877,
224.62202451337993,85885,524,717,12877,
224.62536291113952,85884,525,717,12877,
224.6290452545707,85883,526,717,12877,
224.62942268786085,85883,526,716,12878,
224.63480972203902,85883,526,715,12879,
224.6351314578301,85882,527,715,12879,
224.638224706279,85882,527,714,12880,
224.63886042979104,85882,526,715,12880,
224.64031886095222,85882,525,716,12880,
224.64122923398494,85881,526,716,12880,
224.64724093831683,85881,525,717,12880,
224.64823305499087,85881,524,718,12880,
224.6506522942942,85881,523,719,12880,
224.65065464023576,85880,524,719,12880,
224.65168522714777,85880,523,720,12880,
224.65311831353083,85879,524,720,12880,
224.66550123643833,85879,524,719,12881,
224.67875032354112,85878,525,719,12881,
224.68170220483398,85878,524,720,12881,
224.68374749659904,85878,524,719,12882,
224.68479085935434,85877,525,719,12882,
224.6874345613281,85876,526,719,12882,
224.69425490734994,85875,527,719,12882,
224.69456231380323,85875,527,718,12883,
224.69736279451305,85875,526,719,12883,
224.7048255144662,85875,526,718,12884,
224.7056038439183,85874,527,718,12884,
224.70652255395208,85873,528,718,12884,
224.70671966197327,85873,528,717,12885,
224.70745006287373,85873,527,718,12885,
224.70811440088642,85873,526,719,12885,
224.70889704495124,85873,525,720,12885,
224.7089537893707,85873,525,719,12886,
224.71232749752613,85872,526,719,12886,
224.71270212158882,85871,527,719,12886,
224.71726187527872,85871,527,718,12887,
224.7199557280992,85871,527,717,12888,
224.72056339507748,85870,528,717,12888,
224.72111044260157,85869,529,717,12888,
224.72541723745502,85869,528,718,12888,
224.7270896030311,85869,527,719,12888,
224.72970468784774,85868,528,719,12888,
224.7307019543757,85867,529,719,12888,
224.73355394609575,85867,529,718,12889,
224.73543350652193,85867,528,719,12889,
224.73545786075508,85867,527,720,12889,
224.7356076426014,85867,526,721,12889,
224.73587883164845,85867,526,720,12890,
224.73589376229796,85867,525,721,12890,
224.74112894190264,85867,524,722,12890,
224.74309963357416,85867,524,721,12891,
224.7435515356195,85866,525,721,12891,
224.74393859145624,85866,524,722,12891,
224.74412018556694,85865,525,722,12891,
224.74418702750327,85865,524,723,12891,
224.74671172848957,85865,523,724,12891,
224.75477469357503,85865,523,723,12892,
224.76189825686342,85864,524,723,12892,
224.76351639073397,85863,525,723,12892,
224.76614175952483,85862,526,723,12892,
224.76650160970505,85861,527,723,12892,
224.7695930813187,85860,528,723,12892,
224.77146288330033,85860,528,722,12893,
224.77297468423902,85859,529,722,12893,
224.7772861776141,85859,528,723,12893,
224.77796146329004,85859,528,722,12894,
224.78034755591247,85858,529,722,12894,
224.79304027796988,85858,529,721,12895,
224.7958553666185,85857,530,721,12895,
224.79697687680274,85856,531,721,12895,
224.79814652410448,85856,531,720,12896,
224.80219853922992,85856,531,719,12897,
224.80564980805386,85856,531,718,12898,
224.8142568003459,85856,531,717,12899,
224.81693685382083,85856,531,716,12900,
224.82718665810205,85855,532,716,12900,
224.83394310304908,85855,531,717,12900,
224.84222805821196,85855,531,716,12901,
224.85530529002577,85855,531,715,12902,
224.86083196831626,85855,530,716,12902,
224.8621910982514,85854,531,716,12902,
224.86602814992895,85854,531,715,12903,
224.87578095334015,85853,532,715,12903,
224.88157418701078,85853,532,714,12904,
224.8865431645879,85853,532,713,12905,
224.88757382163286,85853,532,712,12906,
224.89132238604063,85853,532,711,12907,
224.90765199211705,85853,531,712,12907,
224.91682965676142,85852,532,712,12907,
224.92784856195158,85851,533,712,12907,
224.93119550275077,85850,534,712,12907,
224.93358755298462,85849,535,712,12907,
224.93659444231048,85849,534,713,12907,
224.95668336172318,85849,534,712,12908,
224.96046263004374,85848,535,712,12908,
224.96279730114827,85848,535,711,12909,
224.96618255576234,85848,534,712,12909,
224.97550620309016,85848,534,711,12910,
224.97627642145682,85848,533,712,12910,
224.9763178057164,85848,533,711,12911,
224.97783846659917,85848,532,712,12911,
224.98128925698185,85847,533,712,12911,
224.98241167114523,85847,533,711,12912,
224.98977522320106,85847,532,712,12912,
224.99064950163836,85847,531,713,12912,
224.99103710403654,85846,532,713,12912,
224.99273040811636,85846,531,714,12912,
224.99350014146972,85846,530,715,12912,
224.9971371018234,85846,529,716,12912,
225.00051218476884,85845,530,716,12912,
225.00765089907077,85845,530,715,12913,
225.00794313259246,85845,529,716,12913,
225.01043115803984,85844,530,716,12913,
225.0139623617335,85844,530,715,12914,
225.01699079271285,85844,530,714,12915,
225.0179532224847,85844,529,715,12915,
225.01833844796903,85844,529,714,12916,
225.01905145379365,85843,530,714,12916,
225.0205375477399,85843,530,713,12917,
225.02256718191728,85843,530,712,12918,
225.0262991184171,85842,531,712,12918,
225.03188253167167,85841,532,712,12918,
225.03198662636814,85841,531,713,12918,
225.0333062314656,85841,531,712,12919,
225.03600142372972,85840,532,712,12919,
225.03611720746852,85840,532,711,12920,
225.03612930433655,85840,531,712,12920,
225.04281912427942,85840,531,711,12921,
225.04349710963885,85840,531,710,12922,
225.06169759981648,85840,531,709,12923,
225.06439818932543,85840,531,708,12924,
225.06941149277424,85840,530,709,12924,
225.08402277630165,85839,531,709,12924,
225.08782214153143,85838,532,709,12924,
225.08916150486635,85837,533,709,12924,
225.0908949644953,85836,534,709,12924,
225.0978161961661,85836,533,710,12924,
225.09888684099178,85836,533,709,12925,
225.10219887289276,85836,532,710,12925,
225.10581303561054,85835,533,710,12925,
225.1077861765358,85835,532,711,12925,
225.11669377232369,85835,532,710,12926,
225.1173872572754,85835,532,709,12927,
225.1207452805923,85835,531,710,12927,
225.12279995989275,85834,532,710,12927,
225.12598719358863,85833,533,710,12927,
225.13326698152278,85833,532,711,12927,
225.13475960287224,85833,531,712,12927,
225.13724937576524,85833,530,713,12927,
225.13918278237358,85833,530,712,12928,
225.1398055628362,85833,529,713,12928,
225.14129112963653,85833,528,714,12928,
225.14674308992548,85832,529,714,12928,
225.1474791471416,85832,528,715,12928,
225.15271026164461,85832,527,716,12928,
225.15830714734642,85832,527,715,12929,
225.16823929086004,85832,526,716,12929,
225.16839297726315,85832,526,715,12930,
225.17063181655183,85832,526,714,12931,
225.17879724449583,85832,525,715,12931,
225.180929768876,85831,526,715,12931,
225.18240878780387,85831,525,716,12931,
225.18304143846862,85830,526,716,12931,
225.19281928862762,85829,527,716,12931,
225.1931929770912,85829,527,715,12932,
225.19385194831756,85828,528,715,12932,
225.19406578862794,85827,529,715,12932,
225.20092511635315,85826,530,715,12932,
225.2013439909169,85825,531,715,12932,
225.20404720046483,85824,532,715,12932,
225.20858346567263,85824,531,716,12932,
225.21408504796312,85824,531,715,12933,
225.21931633672614,85824,531,714,12934,
225.2242413514794,85824,531,713,12935,
225.23067251300603,85824,531,712,12936,
225.23752432473253,85823,532,712,12936,
225.23840243623687,85823,531,713,12936,
225.2393731021975,85822,532,713,12936,
225.242139981177,85822,532,712,12937,
225.24285019291221,85822,531,713,12937,
225.24983059254765,85822,531,712,12938,
225.2499095466499,85822,530,713,12938,
225.25260403428575,85821,531,713,12938,
225.2548616691945,85821,530,714,12938,
225.2550240291516,85821,530,713,12939,
225.25645223207655,85820,531,713,12939,
225.25781771668446,85820,531,712,12940,
225.26374095981842,85820,530,713,12940,
225.2645543824513,85819,531,713,12940,
225.26524268478153,85818,532,713,12940,
225.2688210303809,85818,531,714,12940,
225.26900642220295,85818,531,713,12941,
225.27433589325472,85817,532,713,12941,
225.27823602467072,85816,533,713,12941,
225.279154734252,85816,532,714,12941,
225.2796725842037,85815,533,714,12941,
225.2807015502904,85815,533,713,12942,
225.28114804107304,85815,532,714,12942,
225.28138975743883,85814,533,714,12942,
225.2818632007786,85814,532,715,12942,
225.28428876927,85813,533,715,12942,
225.2890254138296,85812,534,715,12942,
225.2890584252232,85812,533,716,12942,
225.29360161034717,85812,533,715,12943,
225.29668492497788,85812,533,714,12944,
225.30086474731507,85812,532,715,12944,
225.31157257438016,85811,533,715,12944,
225.31641532748444,85810,534,715,12944,
225.31968812848103,85810,534,714,12945,
225.3211548325406,85810,534,713,12946,
225.3231066624154,85809,535,713,12946,
225.32358838938106,85808,536,713,12946,
225.32364170613863,85808,535,714,12946,
225.32735109780987,85808,534,715,12946,
225.3302830297085,85808,534,714,12947,
225.33860826162277,85808,534,713,12948,
225.3420929516641,85807,535,713,12948,
225.3424703039985,85806,536,713,12948,
225.35300456697507,85806,535,714,12948,
225.3560000572998,85806,535,713,12949,
225.35683271874348,85805,536,713,12949,
225.35756659631477,85805,535,714,12949,
225.3616901144408,85805,535,713,12950,
225.37228646531432,85804,536,713,12950,
225.3738810012424,85804,535,714,12950,
225.37643350823734,85804,534,715,12950,
225.37785360098837,85804,533,716,12950,
225.37988590032904,85804,532,717,12950,
225.3816164058509,85804,532,716,12951,
225.3816535842454,85804,531,717,12951,
225.38185152658897,85804,530,718,12951,
225.38334206052173,85804,529,719,12951,
225.3843217479842,85803,530,719,12951,
225.3857919912511,85803,529,720,12951,
225.38602390172306,85802,530,720,12951,
225.39547973129174,85802,530,719,12952,
225.39975073873296,85801,531,719,12952,
225.40076187976518,85801,531,718,12953,
225.40122431816172,85800,532,718,12953,
225.40968894063798,85800,531,719,12953,
225.41737479582866,85799,532,719,12953,
225.42141578654056,85798,533,719,12953,
225.433688927345,85797,534,719,12953,
225.4341846844585,85796,535,719,12953,
225.43939211392325,85796,534,720,12953,
225.43939846546795,85795,535,720,12953,
225.44019798243218,85794,536,720,12953,
225.440497537229,85794,536,719,12954,
225.44142591303068,85794,535,720,12954,
225.44265108334034,85794,534,721,12954,
225.44282236808826,85793,535,721,12954,
225.4450773721889,85793,534,722,12954,
225.44946949048628,85792,535,722,12954,
225.4509187388032,85791,536,722,12954,
225.45361194638116,85790,537,722,12954,
225.4596233746455,85789,538,722,12954,
225.46243202033193,85789,537,723,12954,
225.4640475259396,85788,538,723,12954,
225.4707818084257,85787,539,723,12954,
225.47482654599412,85786,540,723,12954,
225.47683400802586,85785,541,723,12954,
225.47769642058108,85785,540,724,12954,
225.48222271682735,85784,541,724,12954,
225.48483501507104,85784,540,725,12954,
225.48881558892265,85784,539,726,12954,
225.4918773586687,85784,538,727,12954,
225.49212851781925,85784,537,728,12954,
225.49325164473635,85783,538,728,12954,
225.49427951128624,85783,537,729,12954,
225.49497945758182,85782,538,729,12954,
225.4967703071022,85782,538,728,12955,
225.49956137196943,85781,539,728,12955,
225.50362778917295,85780,540,728,12955,
225.50387448521798,85779,541,728,12955,
225.50410565543396,85779,541,727,12956,
225.5042160476507,85779,540,728,12956,
225.50567802075847,85779,540,727,12957,
225.5171661316375,85778,541,727,12957,
225.52103842999662,85778,541,726,12958,
225.52162203734744,85778,541,725,12959,
225.52374460498143,85778,540,726,12959,
225.5263876119351,85778,539,727,12959,
225.53017401801355,85778,539,726,12960,
225.53747562037654,85777,540,726,12960,
225.5382445035848,85776,541,726,12960,
225.54600445441395,85775,542,726,12960,
225.54609987115253,85774,543,726,12960,
225.54795670748422,85773,544,726,12960,
225.5480224835069,85773,543,727,12960,
225.55081144811052,85772,544,727,12960,
225.55293648358366,85771,545,727,12960,
225.55554761808105,85771,545,726,12961,
225.55618194410988,85770,546,726,12961,
225.5602650730253,85769,547,726,12961,
225.56044834710764,85769,546,727,12961,
225.5661950535508,85769,546,726,12962,
225.56828650219305,85769,545,727,12962,
225.57473395125723,85769,544,728,12962,
225.58005398613338,85768,545,728,12962,
225.58127218054062,85768,545,727,12963,
225.58403364592354,85768,545,726,12964,
225.58556570029194,85768,545,725,12965,
225.59148765932986,85768,544,726,12965,
225.59369764776704,85767,545,726,12965,
225.59446165752465,85767,545,725,12966,
225.59796609853544,85767,545,724,12967,
225.6005359503254,85766,546,724,12967,
225.60090494102423,85766,545,725,12967,
225.60355718252498,85765,546,725,12967,
225.60484707913386,85764,547,725,12967,
225.60563434431543,85764,547,724,12968,
225.61096712587562,85763,548,724,12968,
225.6111975940192,85762,549,724,12968,
225.61969556328262,85761,550,724,12968,
225.62242043166913,85761,550,723,12969,
225.62319212447386,85761,549,724,12969,
225.62497042554085,85761,549,723,12970,
225.62682307027606,85760,550,723,12970,
225.62721297186408,85760,550,722,12971,
225.63361561149904,85760,549,723,12971,
225.6437612504319,85760,548,724,12971,
225.64870152592135,85760,548,723,12972,
225.65184089499695,85760,547,724,12972,
225.65650604416714,85760,546,725,12972,
225.6577874096717,85760,545,726,12972,
225.65888571719321,85760,544,727,12972,
225.6632173120491,85760,544,726,12973,
225.66403071498075,85760,544,725,12974,
225.66596353336806,85760,543,726,12974,
225.67184043912548,85760,542,727,12974,
225.67833891575276,85760,542,726,12975,
225.67882105185654,85760,542,725,12976,
225.68323539256582,85759,543,725,12976,
225.68338483334367,85759,543,724,12977,
225.68376313304796,85759,543,723,12978,
225.6843960928602,85759,542,724,12978,
225.68624439876004,85758,543,724,12978,
225.68894543759512,85758,542,725,12978,
225.6905486806004,85758,541,726,12978,
225.70120845009956,85758,540,727,12978,
225.7029179149395,85757,541,727,12978,
225.70607246956627,85756,542,727,12978,
225.70975148400254,85756,541,728,12978,
225.71027766925053,85755,542,728,12978,
225.71089866775156,85755,542,727,12979,
225.7146506764796,85755,542,726,12980,
225.7147525172364,85755,542,725,12981,
225.71643542778403,85755,541,726,12981,
225.72011752313125,85755,541,725,12982,
225.7232098870459,85755,541,724,12983,
225.7247541404899,85755,541,723,12984,
225.7253819149997,85754,542,723,12984,
225.73001305078853,85754,542,722,12985,
225.7310434509313,85754,541,723,12985,
225.7355044279349,85754,540,724,12985,
225.74203744083215,85754,539,725,12985,
225.74620639384563,85753,540,725,12985,
225.74652054160225,85753,540,724,12986,
225.75242165419155,85753,540,723,12987,
225.75337280873939,85753,539,724,12987,
225.75457194309882,85752,540,724,12987,
225.76185393033128,85752,540,723,12988,
225.76882097786412,85752,540,722,12989,
225.77623986283766,85752,539,723,12989,
225.77718803957353,85752,538,724,12989,
225.78595226550462,85752,538,723,12990,
225.7934150383855,85751,539,723,12990,
225.79586001601118,85751,538,724,12990,
225.7959084785494,85750,539,724,12990,
225.79669125583143,85750,538,725,12990,
225.79737246865372,85749,539,725,12990,
225.80697815989805,85748,540,725,12990,
225.80862353205086,85747,541,725,12990,
225.8114036084053,85746,542,725,12990,
225.81196233971494,85746,542,724,12991,
225.81335458225968,85746,541,725,12991,
225.81406290502866,85746,541,724,12992,
225.81586901104254,85745,542,724,12992,
225.81922979890604,85745,541,725,12992,
225.8193839015893,85745,540,726,12992,
225.82191908620197,85745,539,727,12992,
225.82771323008737,85744,540,727,12992,
225.82996847118528,85744,540,726,12993,
225.8320924770836,85744,540,725,12994,
225.83449960009182,85743,541,725,12994,
225.83510676258453,85742,542,725,12994,
225.83562245213776,85742,541,726,12994,
225.83941847745453,85742,541,725,12995,
225.84393611683313,85742,540,726,12995,
225.84515538372557,85742,539,727,12995,
225.8469180389225,85742,538,728,12995,
225.85100869741026,85741,539,728,12995,
225.8590622612335,85741,539,727,12996,
225.86549386968284,85741,538,728,12996,
225.8774856217984,85741,537,729,12996,
225.88091783716388,85740,538,729,12996,
225.88163291749575,85740,537,730,12996,
225.88165889164245,85739,538,730,12996,
225.8898222704616,85739,538,729,12997,
225.8898989980343,85739,538,728,12998,
225.89167746163116,85739,537,729,12998,
225.89265741844162,85739,537,728,12999,
225.90037319265326,85739,536,729,12999,
225.90548471081917,85739,536,728,13000,
225.90548593692003,85739,535,729,13000,
225.9116131095824,85739,534,730,13000,
225.91317684197352,85738,535,730,13000,
225.9299330529682,85738,535,729,13001,
225.9318799444835,85737,536,729,13001,
225.93247810213546,85736,537,729,13001,
225.93254615979873,85736,536,730,13001,
225.933662685981,85736,536,729,13002,
225.9345629207466,85736,535,730,13002,
225.93560882177576,85736,534,731,13002,
225.93635994195694,85736,533,732,13002,
225.93756149559468,85736,533,731,13003,
225.94276263563486,85736,532,732,13003,
225.94381270129801,85736,532,731,13004,
225.94387005061787,85735,533,731,13004,
225.94757400154833,85734,534,731,13004,
225.9535499890894,85734,533,732,13004,
225.95673673361978,85734,532,733,13004,
225.96011181806358,85733,533,733,13004,
225.96372165230167,85733,533,732,13005,
225.9647873930718,85733,532,733,13005,
225.9668060285062,85733,531,734,13005,
225.96892211529803,85733,531,733,13006,
225.97811649083422,85733,531,732,13007,
225.9855679613347,85733,531,731,13008,
225.98673884795204,85733,530,732,13008,
225.98877233798362,85732,531,732,13008,
225.98881453649116,85732,531,731,13009,
225.9954971718715,85732,531,730,13010,
225.99577803804016,85732,530,731,13010,
225.99709959621595,85732,529,732,13010,
225.99756932862869,85731,530,732,13010,
225.99913201688668,85731,530,731,13011,
226.00488743709633,85730,531,731,13011,
226.0073373736512,85729,532,731,13011,
226.01086462247238,85729,532,730,13012,
226.0131583988768,85729,531,731,13012,
226.02641537463217,85729,531,730,13013,
226.03656914812467,85729,530,731,13013,
226.03779400461187,85728,531,731,13013,
226.0386386278654,85728,530,732,13013,
226.04005946861608,85728,529,733,13013,
226.0411129586137,85728,528,734,13013,
226.04222012417895,85728,528,733,13014,
226.04943865986857,85728,528,732,13015,
226.05084078906955,85727,529,732,13015,
226.05444459994118,85726,530,732,13015,
226.0558665024251,85726,530,731,13016,
226.05820048702893,85726,530,730,13017,
226.0589479298114,85725,531,730,13017,
226.05939133675864,85725,531,729,13018,
226.06892275392957,85724,532,729,13018,
226.06907559673982,85723,533,729,13018,
226.07605502930454,85723,532,730,13018,
226.0817535369332,85723,531,731,13018,
226.08315209103074,85722,532,731,13018,
226.08442309048274,85722,532,730,13019,
226.08754247299228,85722,531,731,13019,
226.09031696559984,85722,530,732,13019,
226.09334970380647,85722,529,733,13019,
226.09541824132822,85721,530,733,13019,
226.1004682017098,85720,531,733,13019,
226.10314253756627,85719,532,733,13019,
226.10428510114997,85719,531,734,13019,
226.10841346109726,85718,532,734,13019,
226.10853864369162,85717,533,734,13019,
226.1091628130636,85716,534,734,13019,
226.11009601466787,85716,534,733,13020,
226.1173663347639,85715,535,733,13020,
226.11806767581854,85715,535,732,13021,
226.1192217809329,85715,534,733,13021,
226.12286145692278,85715,534,732,13022,
226.1319610811029,85714,535,732,13022,
226.13353887283031,85713,536,732,13022,
226.13391823895685,85712,537,732,13022,
226.13678358940805,85712,536,733,13022,
226.14029969204657,85712,535,734,13022,
226.14366190461115,85711,536,734,13022,
226.14821248565775,85711,535,735,13022,
226.14879880906582,85711,535,734,13023,
226.1551766181199,85711,534,735,13023,
226.15574413072136,85710,535,735,13023,
226.1606556204161,85710,534,736,13023,
226.16081268260902,85710,534,735,13024,
226.16311927011998,85710,533,736,13024,
226.16537558342532,85709,534,736,13024,
226.16694442402996,85708,535,736,13024,
226.16772390345207,85708,535,735,13025,
226.17293757689083,85707,536,735,13025,
226.17349722291428,85706,537,735,13025,
226.1746094461663,85706,537,734,13026,
226.17582790114807,85706,536,735,13026,
226.1813412345856,85705,537,735,13026,
226.18134501273965,85704,538,735,13026,
226.18240783054745,85704,537,736,13026,
226.18325277337706,85704,536,737,13026,
226.18505521994302,85703,537,737,13026,
226.18626457933675,85703,537,736,13027,
226.1864081156729,85703,536,737,13027,
226.1897734545794,85703,536,736,13028,
226.19933883215037,85702,537,736,13028,
226.20101143257313,85701,538,736,13028,
226.20231955589145,85700,539,736,13028,
226.20257757573359,85700,539,735,13029,
226.20400412782567,85699,540,735,13029,
226.20411596741744,85698,541,735,13029,
226.2097192786531,85698,541,734,13030,
226.21122506078754,85698,541,733,13031,
226.21337167219454,85697,542,733,13031,
226.2136606048665,85697,542,732,13032,
226.21914433414526,85697,541,733,13032,
226.22135188665408,85696,542,733,13032,
226.2350321607982,85696,541,734,13032,
226.24295866500267,85696,541,733,13033,
226.24376231213074,85695,542,733,13033,
226.244295595267,85694,543,733,13033,
226.24552443192292,85694,542,734,13033,
226.24648056239533,85694,541,735,13033,
226.24698074812514,85694,540,736,13033,
226.25027763834493,85694,539,737,13033,
226.2541649876709,85694,538,738,13033,
226.2544641552349,85694,537,739,13033,
226.25894755111108,85693,538,739,13033,
226.2706680868928,85693,538,738,13034,
226.27454536841174,85693,537,739,13034,
226.27741849017212,85693,537,738,13035,
226.27923624905463,85693,537,737,13036,
226.281671760513,85693,537,736,13037,
226.2853943851197,85692,538,736,13037,
226.28922001087375,85691,539,736,13037,
226.2896237953516,85691,538,737,13037,
226.29101869016984,85691,538,736,13038,
226.29159320735863,85691,537,737,13038,
226.29465450396327,85691,536,738,13038,
226.29788571511563,85691,536,737,13039,
226.30913074260087,85691,536,736,13040,
226.30921007371632,85691,536,735,13041,
226.3126475566124,85690,537,735,13041,
226.31381115270295,85690,536,736,13041,
226.31541227807068,85690,536,735,13042,
226.3175867146804,85689,537,735,13042,
226.31864747537455,85689,536,736,13042,
226.321421326921,85688,537,736,13042,
226.32807973676128,85688,537,735,13043,
226.32848077632738,85688,536,736,13043,
226.32979013063456,85688,536,735,13044,
226.33404729225285,85687,537,735,13044,
226.33659929550103,85687,537,734,13045,
226.33801226933787,85687,537,733,13046,
226.33903732840292,85686,538,733,13046,
226.3399110923497,85685,539,733,13046,
226.34628914688338,85685,538,734,13046,
226.3506909912252,85685,538,733,13047,
226.353146195116,85685,538,732,13048,
226.35377469006016,85685,537,733,13048,
226.35814797098863,85684,538,733,13048,
226.36176889404982,85684,537,734,13048,
226.36705026709245,85684,536,735,13048,
226.3731908789399,85684,536,734,13049,
226.37703555686454,85684,535,735,13049,
226.37962427822848,85683,536,735,13049,
226.38300275213481,85683,535,736,13049,
226.38762808718354,85682,536,736,13049,
226.3886144912166,85681,537,736,13049,
226.39379780188278,85680,538,736,13049,
226.39461940627564,85679,539,736,13049,
226.4044502114728,85679,539,735,13050,
226.4047908377832,85679,538,736,13050,
226.4062451832281,85678,539,736,13050,
226.41017044915645,85678,539,735,13051,
226.41334619903944,85678,538,736,13051,
226.41536926449908,85677,539,736,13051,
226.4166987515067,85677,539,735,13052,
226.41955427172962,85677,538,736,13052,
226.42359052254082,85677,537,737,13052,
226.42786588340562,85677,536,738,13052,
226.43167972526845,85677,535,739,13052,
226.43282171546343,85677,535,738,13053,
226.43402526087027,85677,534,739,13053,
226.44101466378908,85677,533,740,13053,
226.44116119666091,85677,532,741,13053,
226.44171594992915,85676,533,741,13053,
226.44340358937507,85676,532,742,13053,
226.44537542968175,85676,532,741,13054,
226.4487345317909,85676,531,742,13054,
226.45161653323197,85675,532,742,13054,
226.45421620102724,85674,533,742,13054,
226.45837545429308,85674,532,743,13054,
226.46116838910274,85674,531,744,13054,
226.46158704198706,85674,531,743,13055,
226.4624700867792,85673,532,743,13055,
226.4707619924993,85673,531,744,13055,
226.47362730569637,85672,532,744,13055,
226.47725876372417,85671,533,744,13055,
226.47780787270142,85671,533,743,13056,
226.47937453336644,85671,533,742,13057,
226.48552055344092,85671,532,743,13057,
226.4855639975087,85671,531,744,13057,
226.4882212465133,85670,532,744,13057,
226.4975329791048,85669,533,744,13057,
226.50008479432194,85668,534,744,13057,
226.5036342562705,85668,533,745,13057,
226.5049324947495,85667,534,745,13057,
226.50846177028055,85666,535,745,13057,
226.51280959120785,85665,536,745,13057,
226.51774418418893,85664,537,745,13057,
226.52569848990055,85663,538,745,13057,
226.52685679388162,85663,537,746,13057,
226.52853735574712,85662,538,746,13057,
226.5349612307083,85661,539,746,13057,
226.53540525543687,85661,538,747,13057,
226.53847077864324,85660,539,747,13057,
226.54254753501633,85659,540,747,13057,
226.5445399546849,85659,540,746,13058,
226.54644043533682,85658,541,746,13058,
226.5482587195803,85658,541,745,13059,
226.56258173836005,85658,540,746,13059,
226.56273821174156,85658,539,747,13059,
226.56314658797612,85657,540,747,13059,
226.56593844541163,85657,540,746,13060,
226.5679958578855,85656,541,746,13060,
226.57540944191206,85655,542,746,13060,
226.57708230305283,85655,542,745,13061,
226.57903595961344,85655,541,746,13061,
226.58212537535053,85654,542,746,13061,
226.58570511526176,85654,542,745,13062,
226.5869180675941,85653,543,745,13062,
226.5889565637164,85653,543,744,13063,
226.59088733785924,85653,542,745,13063,
226.59132531218418,85653,542,744,13064,
226.59457219290658,85653,541,745,13064,
226.6025538646186,85653,541,744,13065,
226.60535352935835,85653,540,745,13065,
226.62086990064168,85653,540,744,13066,
226.62350805567291,85653,539,745,13066,
226.6357015488326,85653,538,746,13066,
226.6366889076423,85653,537,747,13066,
226.64203516333077,85652,538,747,13066,
226.64914730586017,85652,537,748,13066,
226.6518544953688,85652,536,749,13066,
226.65234902034493,85652,536,748,13067,
226.65602301368037,85651,537,748,13067,
226.65729290308326,85651,537,747,13068,
226.66805600123064,85651,536,748,13068,
226.67004541061897,85651,536,747,13069,
226.6704472163726,85651,536,746,13070,
226.6728281764003,85650,537,746,13070,
226.67502264442504,85650,536,747,13070,
226.67520368166342,85650,535,748,13070,
226.6752138872667,85650,534,749,13070,
226.67609494916005,85650,533,750,13070,
226.67635636256864,85649,534,750,13070,
226.67720906451262,85649,533,751,13070,
226.6780403401947,85649,533,750,13071,
226.68260326685302,85648,534,750,13071,
226.68699469159816,85648,534,749,13072,
226.68896659332358,85648,534,748,13073,
226.69057165660297,85648,533,749,13073,
226.6965807724936,85648,533,748,13074,
226.6972346529129,85648,533,747,13075,
226.69907489905765,85648,533,746,13076,
226.70062226544346,85648,532,747,13076,
226.700984455921,85648,532,746,13077,
226.70787333530927,85648,531,747,13077,
226.71001197427688,85648,531,746,13078,
226.7100246196951,85648,530,747,13078,
226.7123698758914,85648,530,746,13079,
226.71628924449814,85648,530,745,13080,
226.72246665809604,85648,529,746,13080,
226.72249917630663,85648,528,747,13080,
226.72478238076422,85647,529,747,13080,
226.72767332116433,85646,530,747,13080,
226.72965647432846,85646,529,748,13080,
226.7356701231485,85646,529,747,13081,
226.7417678291514,85646,529,746,13082,
226.7444455655653,85646,529,745,13083,
226.74638595793616,85645,530,745,13083,
226.75036820216494,85645,530,744,13084,
226.75613919298462,85644,531,744,13084,
226.76449080857924,85643,532,744,13084,
226.76681836347348,85642,533,744,13084,
226.7671835713072,85642,533,743,13085,
226.7684742963788,85641,534,743,13085,
226.77100871573083,85641,534,742,13086,
226.77230475264392,85641,534,741,13087,
226.7726897188008,85641,534,740,13088,
226.7729117944658,85641,534,739,13089,
226.77517642582595,85640,535,739,13089,
226.77564131145,85640,535,738,13090,
226.77818409777126,85639,536,738,13090,
226.78992291794515,85638,537,738,13090,
226.79074270466174,85638,537,737,13091,
226.79102070499312,85638,536,738,13091,
226.7920986458273,85637,537,738,13091,
226.79802138279547,85637,536,739,13091,
226.802683462011,85637,536,738,13092,
226.8061361227084,85636,537,738,13092,
226.80947470849986,85636,537,737,13093,
226.81323070682288,85635,538,737,13093,
226.81359726678266,85635,537,738,13093,
226.8158111293202,85635,536,739,13093,
226.81665272941135,85635,535,740,13093,
226.8219865043546,85635,535,739,13094,
226.8269005477568,85634,536,739,13094,
226.82798644723627,85633,537,739,13094,
226.82957930200607,85632,538,739,13094,
226.8308935391511,85631,539,739,13094,
226.83224768919797,85631,539,738,13095,
226.83361960063377,85631,538,739,13095,
226.8340085688641,85631,537,740,13095,
226.8349806001408,85631,536,741,13095,
226.84890837566397,85631,536,740,13096,
226.85403199885135,85631,536,739,13097,
226.85528166983212,85630,537,739,13097,
226.8563888241757,85630,536,740,13097,
226.86448921610645,85630,535,741,13097,
226.86578801572233,85629,536,741,13097,
226.87031560337925,85628,537,741,13097,
226.87082270489913,85627,538,741,13097,
226.87122713080618,85626,539,741,13097,
226.88708528803693,85625,540,741,13097,
226.88914324290485,85624,541,741,13097,
226.89080159302026,85624,541,740,13098,
226.8917161476439,85624,541,739,13099,
226.89685964091782,85624,540,740,13099,
226.90796627647435,85624,540,739,13100,
226.90858275378363,85624,540,738,13101,
226.91300019377468,85623,541,738,13101,
226.91443978351714,85623,541,737,13102,
226.9178993165632,85622,542,737,13102,
226.91922469601613,85622,542,736,13103,
226.9219610792962,85621,543,736,13103,
226.92523628838018,85621,543,735,13104,
226.92684803177693,85621,543,734,13105,
226.9270467177493,85621,543,733,13106,
226.93161071467367,85621,542,734,13106,
226.9342353770928,85620,543,734,13106,
226.9388426101979,85620,543,733,13107,
226.95562898666128,85620,543,732,13108,
226.95734030488615,85620,543,731,13109,
226.95795105614573,85620,543,730,13110,
226.95879130457408,85619,544,730,13110,
226.96460341653585,85619,543,731,13110,
226.96675712103672,85619,543,730,13111,
226.96725086828025,85618,544,730,13111,
226.97086296213428,85618,543,731,13111,
226.97274980862295,85618,542,732,13111,
226.97361605796283,85618,542,731,13112,
226.9752740783282,85618,542,730,13113,
226.98114475356772,85617,543,730,13113,
226.98131490253894,85617,543,729,13114,
226.98628970490134,85617,542,730,13114,
226.98775563583246,85617,541,731,13114,
226.99537867764042,85617,540,732,13114,
227.0003137836496,85617,539,733,13114,
227.00639909592005,85617,538,734,13114,
227.00845618909182,85617,538,733,13115,
227.01882081716798,85617,537,734,13115,
227.0212147626465,85617,536,735,13115,
227.02204368326608,85616,537,735,13115,
227.02613640197427,85615,538,735,13115,
227.0281072890334,85615,537,736,13115,
227.0341956416078,85615,536,737,13115,
227.03757243393082,85614,537,737,13115,
227.04152674311152,85613,538,737,13115,
227.0427599305717,85612,539,737,13115,
227.04993078775573,85612,538,738,13115,
227.05256825961476,85612,537,739,13115,
227.05550973601535,85612,536,740,13115,
227.05605079304792,85612,535,741,13115,
227.05697381725332,85612,535,740,13116,
227.06190669824906,85611,536,740,13116,
227.06528112047164,85611,536,739,13117,
227.06744254228124,85611,536,738,13118,
227.0674808273447,85611,536,737,13119,
227.0687365295961,85611,536,736,13120,
227.07045493129488,85611,536,735,13121,
227.07365043452856,85610,537,735,13121,
227.07592213763277,85609,538,735,13121,
227.0795412137954,85609,537,736,13121,
227.0818466329559,85608,538,736,13121,
227.08543158050733,85608,538,735,13122,
227.08874024950757,85607,539,735,13122,
227.08969798459134,85607,538,736,13122,
227.09602481252287,85606,539,736,13122,
227.09739504833647,85605,540,736,13122,
227.0975218249804,85604,541,736,13122,
227.09808352213796,85604,540,737,13122,
227.10051418383338,85604,539,738,13122,
227.10145980505845,85604,538,739,13122,
227.1084413739577,85603,539,739,13122,
227.10965431833986,85602,540,739,13122,
227.11591576359214,85601,541,739,13122,
227.11782977048054,85601,541,738,13123,
227.1238171448267,85600,542,738,13123,
227.12664060981277,85600,542,737,13124,
227.13219561231534,85599,543,737,13124,
227.1332478326911,85599,543,736,13125,
227.13415555069432,85598,544,736,13125,
227.1350480912587,85598,544,735,13126,
227.1356527855271,85598,543,736,13126,
227.13617886490698,85597,544,736,13126,
227.138027620368,85597,544,735,13127,
227.14404828417742,85597,543,736,13127,
227.14706728895817,85596,544,736,13127,
227.14988954489283,85595,545,736,13127,
227.15474527496482,85594,546,736,13127,
227.15955577712725,85593,547,736,13127,
227.15992735322808,85593,546,737,13127,
227.1637583404639,85592,547,737,13127,
227.1652417806448,85591,548,737,13127,
227.16870759714556,85591,547,738,13127,
227.1703560018278,85591,547,737,13128,
227.17256087987505,85591,546,738,13128,
227.17557790640888,85591,546,737,13129,
227.17632807853263,85591,545,738,13129,
227.18256522182523,85591,544,739,13129,
227.1832418863247,85590,545,739,13129,
227.18565112353403,85590,545,738,13130,
227.1858270151103,85590,545,737,13131,
227.18912757466754,85590,544,738,13131,
227.1914798761402,85589,545,738,13131,
227.19158808457755,85588,546,738,13131,
227.19595621969955,85588,545,739,13131,
227.19891407963578,85588,545,738,13132,
227.1997472634454,85588,545,737,13133,
227.20425770736867,85588,545,736,13134,
227.20959661320882,85587,546,736,13134,
227.21151628823964,85587,546,735,13135,
227.21195983540142,85586,547,735,13135,
227.2130218626071,85586,547,734,13136,
227.2186959527011,85586,546,735,13136,
227.22004814079514,85586,546,734,13137,
227.22237138866836,85585,547,734,13137,
227.22473665632694,85585,547,733,13138,
227.2319183143483,85585,546,734,13138,
227.23488036519052,85585,546,733,13139,
227.23608554647387,85585,545,734,13139,
227.24353299975434,85585,545,733,13140,
227.24812685066502,85585,544,734,13140,
227.25406997578244,85585,543,735,13140,
227.27069580281542,85584,544,735,13140,
227.2846716292658,85583,545,735,13140,
227.28614240463043,85583,544,736,13140,
227.2907881202681,85582,545,736,13140,
227.29178364343062,85581,546,736,13140,
227.29480765710687,85581,546,735,13141,
227.2954079770682,85581,545,736,13141,
227.30396519165453,85580,546,736,13141,
227.30693688662217,85580,545,737,13141,
227.31506415590857,85579,546,737,13141,
227.31869128466622,85579,545,738,13141,
227.31982206128757,85579,544,739,13141,
227.32674664755393,85578,545,739,13141,
227.33100907827662,85578,544,740,13141,
227.33163815626185,85578,543,741,13141,
227.3364915811199,85577,544,741,13141,
227.34013480607862,85577,544,740,13142,
227.34586904979608,85577,544,739,13143,
227.348297909963,85576,545,739,13143,
227.34835084461957,85576,544,740,13143,
227.34910855974556,85576,543,741,13143,
227.35894885295136,85575,544,741,13143,
227.36070078455273,85575,543,742,13143,
227.3617148407966,85575,543,741,13144,
227.36223384239682,85574,544,741,13144,
227.3675376051562,85573,545,741,13144,
227.3677962922895,85573,544,742,13144,
227.36869105705014,85573,544,741,13145,
227.36897184273445,85573,543,742,13145,
227.3760105541396,85573,542,743,13145,
227.37757293628394,85573,541,744,13145,
227.3797386490897,85573,540,745,13145,
227.38006934048943,85572,541,745,13145,
227.3832762891901,85571,542,745,13145,
227.38431982098524,85571,542,744,13146,
227.38593379848984,85570,543,744,13146,
227.39017350316348,85570,542,745,13146,
227.39084861189102,85570,541,746,13146,
227.3935131483762,85570,541,745,13147,
227.39576797089612,85570,541,744,13148,
227.39674856831567,85570,540,745,13148,
227.40320465028086,85570,539,746,13148,
227.4047331607217,85569,540,746,13148,
227.40538963822536,85568,541,746,13148,
227.40723164997246,85567,542,746,13148,
227.41207237281827,85566,543,746,13148,
227.4139905575161,85565,544,746,13148,
227.4169344540273,85564,545,746,13148,
227.4180095085341,85563,546,746,13148,
227.42358443656005,85562,547,746,13148,
227.43098823059185,85562,547,745,13149,
227.43123221329614,85561,548,745,13149,
227.4347426140186,85561,547,746,13149,
227.435972237273,85561,546,747,13149,
227.4428050490879,85561,546,746,13150,
227.44881623555656,85560,547,746,13150,
227.45015279835968,85560,547,745,13151,
227.45501223817772,85560,546,746,13151,
227.4580881287759,85559,547,746,13151,
227.46342317326517,85559,546,747,13151,
227.46776658503208,85559,545,748,13151,
227.46960056144025,85559,545,747,13152,
227.47020523050293,85559,544,748,13152,
227.47233903372708,85558,545,748,13152,
227.47350207437097,85558,545,747,13153,
227.47472934466296,85557,546,747,13153,
227.4770287297494,85557,545,748,13153,
227.47992400597974,85557,545,747,13154,
227.48821372649405,85556,546,747,13154,
227.4896645158212,85556,545,748,13154,
227.49046784404308,85556,544,749,13154,
227.4909190504644,85556,544,748,13155,
227.49173199385947,85555,545,748,13155,
227.49183994088946,85555,544,749,13155,
227.4936959522024,85554,545,749,13155,
227.4953016491915,85553,546,749,13155,
227.49939966390144,85553,545,750,13155,
227.50188935828098,85553,544,751,13155,
227.50421166534406,85553,544,750,13156,
227.50812089333357,85553,544,749,13157,
227.50924138070178,85552,545,749,13157,
227.51127975083782,85552,545,748,13158,
227.51861735922475,85551,546,748,13158,
227.51910503720964,85551,546,747,13159,
227.520205262243,85551,545,748,13159,
227.53821235651586,85550,546,748,13159,
227.54294346147577,85550,545,749,13159,
227.54468971451064,85550,544,750,13159,
227.54575274632867,85549,545,750,13159,
227.54586425159553,85548,546,750,13159,
227.54769200057603,85547,547,750,13159,
227.55001700504002,85547,547,749,13160,
227.5509173322896,85546,548,749,13160,
227.5524338002504,85546,548,748,13161,
227.55585362302278,85545,549,748,13161,
227.55599628555623,85545,549,747,13162,
227.55797511847618,85544,550,747,13162,
227.56156026997246,85544,550,746,13163,
227.58260194816359,85543,551,746,13163,
227.5858989285935,85542,552,746,13163,
227.5874665613731,85541,553,746,13163,
227.58922017152753,85540,554,746,13163,
227.59208808242641,85540,553,747,13163,
227.5922881875572,85540,552,748,13163,
227.5950610393814,85539,553,748,13163,
227.60706650937937,85539,552,749,13163,
227.60929737480012,85539,552,748,13164,
227.61157203435633,85539,552,747,13165,
227.616523556064,85539,552,746,13166,
227.61840427918867,85538,553,746,13166,
227.62204175947178,85537,554,746,13166,
227.6246812358056,85537,554,745,13167,
227.63151477693592,85536,555,745,13167,
227.63551891011787,85536,555,744,13168,
227.6383654051116,85536,554,745,13168,
227.6403431425551,85536,553,746,13168,
227.6420632362111,85536,552,747,13168,
227.64235510224051,85536,552,746,13169,
227.64320153834177,85536,551,747,13169,
227.64371962644924,85535,552,747,13169,
227.64640622883604,85534,553,747,13169,
227.64752141721326,85534,552,748,13169,
227.66654377418476,85534,551,749,13169,
227.67068381220008,85533,552,749,13169,
227.67715161442578,85533,552,748,13170,
227.67754618339663,85533,552,747,13171,
227.6794834715173,85533,551,748,13171,
227.68169429317274,85533,550,749,13171,
227.6866260020908,85532,551,749,13171,
227.68814403944887,85532,551,748,13172,
227.6908421538363,85532,550,749,13172,
227.69686037846054,85532,550,748,13173,
227.69788224197518,85532,549,749,13173,
227.70240181534464,85531,550,749,13173,
227.70269256793102,85531,549,750,13173,
227.7047221653156,85531,549,749,13174,
227.70486538032068,85531,549,748,13175,
227.70561842167405,85531,548,749,13175,
227.70991953628166,85531,547,750,13175,
227.71117895995081,85530,548,750,13175,
227.7118169304811,85530,547,751,13175,
227.7148481765186,85529,548,751,13175,
227.71778374873128,85529,548,750,13176,
227.71989948647675,85529,547,751,13176,
227.72135291000436,85529,547,750,13177,
227.72203594493897,85529,546,751,13177,
227.7336397358304,85529,545,752,13177,
227.73886277259837,85529,545,751,13178,
227.74069003082244,85528,546,751,13178,
227.7496258850881,85528,545,752,13178,
227.7524106976182,85527,546,752,13178,
227.75322229400598,85527,546,751,13179,
227.75333421098406,85526,547,751,13179,
227.7552227967253,85525,548,751,13179,
227.7555267467052,85525,548,750,13180,
227.75788624419488,85524,549,750,13180,
227.758995083499,85524,549,749,13181,
227.76109780458657,85523,550,749,13181,
227.7611032992237,85523,550,748,13182,
227.76327800441425,85523,549,749,13182,
227.77067602620076,85523,549,748,13183,
227.77164547224766,85523,549,747,13184,
227.77748622948576,85523,549,746,13185,
227.77864232746657,85523,549,745,13186,
227.77883726149804,85523,549,744,13187,
227.78245607741079,85522,550,744,13187,
227.78373528603746,85522,549,745,13187,
227.78628855473406,85522,548,746,13187,
227.7951357250756,85521,549,746,13187,
227.79633674605617,85521,548,747,13187,
227.79804205671843,85521,548,746,13188,
227.79994943946414,85520,549,746,13188,
227.81098851700082,85520,549,745,13189,
227.811363607506,85519,550,745,13189,
227.81335694933708,85519,549,746,13189,
227.8141216172339,85518,550,746,13189,
227.81803065356564,85518,549,747,13189,
227.81998625676516,85517,550,747,13189,
227.8225861678698,85517,549,748,13189,
227.8276022112476,85517,548,749,13189,
227.82787249852538,85517,548,748,13190,
227.82898799665017,85517,547,749,13190,
227.82950708175125,85517,547,748,13191,
227.83189117961757,85516,548,748,13191,
227.83380493706088,85515,549,748,13191,
227.83862386389382,85514,550,748,13191,
227.84409745581112,85514,549,749,13191,
227.8443243122683,85514,549,748,13192,
227.84862616614356,85514,548,749,13192,
227.85087751609834,85513,549,749,13192,
227.85314775610254,85512,550,749,13192,
227.85527756633277,85512,549,750,13192,
227.85776539470262,85511,550,750,13192,
227.86639614138267,85510,551,750,13192,
227.86762795311208,85510,551,749,13193,
227.8696929182066,85509,552,749,13193,
227.87014763941806,85508,553,749,13193,
227.8723227778043,85508,553,748,13194,
227.87433880922427,85508,553,747,13195,
227.87591738919406,85508,552,748,13195,
227.87696187004207,85507,553,748,13195,
227.8802687486253,85506,554,748,13195,
227.88198601776853,85506,554,747,13196,
227.88215754288376,85506,553,748,13196,
227.89463770235508,85506,553,747,13197,
227.8959657365572,85505,554,747,13197,
227.89840830768264,85504,555,747,13197,
227.89848552331767,85504,554,748,13197,
227.8994108862066,85504,554,747,13198,
227.90106753782817,85504,553,748,13198,
227.90206442926177,85503,554,748,13198,
227.90300833205015,85503,554,747,13199,
227.9110887176655,85503,553,748,13199,
227.91614386402634,85502,554,748,13199,
227.9218586875435,85502,554,747,13200,
227.9229521050734,85501,555,747,13200,
227.92301133735944,85501,555,746,13201,
227.9244460915534,85501,555,745,13202,
227.9255418053387,85501,554,746,13202,
227.92594407784176,85500,555,746,13202,
227.92965523437869,85499,556,746,13202,
227.93106740963222,85498,557,746,13202,
227.93663564657592,85498,557,745,13203,
227.937721520904,85498,556,746,13203,
227.9432165805454,85498,555,747,13203,
227.94685821997746,85498,554,748,13203,
227.9637597614937,85497,555,748,13203,
227.96559992471418,85497,555,747,13204,
227.9691014606713,85496,556,747,13204,
227.97136732799245,85496,555,748,13204,
227.97329344049223,85496,554,749,13204,
227.97674799215582,85496,554,748,13205,
227.98314788977007,85496,553,749,13205,
227.9910228039791,85496,552,750,13205,
227.99353850166494,85495,553,750,13205,
227.99831452573744,85495,553,749,13206,
227.99853324974234,85495,553,748,13207,
228.00016050710553,85495,553,747,13208,
228.00183738566938,85495,552,748,13208,
228.00261224122724,85495,552,747,13209,
228.00651933831216,85495,551,748,13209,
228.0066279486051,85495,550,749,13209,
228.01249126911222,85494,551,749,13209,
228.01308088370078,85494,551,748,13210,
228.0151701254635,85493,552,748,13210,
228.01688089047875,85493,551,749,13210,
228.01713558798767,85492,552,749,13210,
228.020537232523,85491,553,749,13210,
228.02480388271636,85491,552,750,13210,
228.02785043320873,85490,553,750,13210,
228.027884187453,85489,554,750,13210,
228.02932701765127,85489,553,751,13210,
228.02989984122908,85489,552,752,13210,
228.03905458028447,85489,551,753,13210,
228.04037344433567,85489,550,754,13210,
228.0442106562978,85489,549,755,13210,
228.04643700122563,85489,548,756,13210,
228.0473018434704,85488,549,756,13210,
228.05397718996582,85488,549,755,13211,
228.05713493199977,85487,550,755,13211,
228.05847889563785,85487,549,756,13211,
228.06112504394122,85486,550,756,13211,
228.06633678049718,85485,551,756,13211,
228.07004592562862,85485,551,755,13212,
228.0737706014578,85484,552,755,13212,
228.0757317800901,85484,552,754,13213,
228.0757900298423,85484,552,753,13214,
228.07580799047824,85483,553,753,13214,
228.07580895386286,85483,552,754,13214,
228.08288263193904,85482,553,754,13214,
228.08499434247437,85482,552,755,13214,
228.08759412105022,85481,553,755,13214,
228.08821066485913,85481,552,756,13214,
228.0935595596641,85481,551,757,13214,
228.0941857197545,85481,550,758,13214,
228.09533903463557,85481,550,757,13215,
228.0993782097587,85481,549,758,13215,
228.10055388678805,85480,550,758,13215,
228.10266032554142,85480,550,757,13216,
228.1032624452527,85480,549,758,13216,
228.10985876971975,85480,548,759,13216,
228.1159603462604,85479,549,759,13216,
228.1184847990709,85478,550,759,13216,
228.12146605936735,85477,551,759,13216,
228.12257242744968,85476,552,759,13216,
228.12425109815806,85475,553,759,13216,
228.12489194869704,85474,554,759,13216,
228.12705105706667,85473,555,759,13216,
228.13496997204103,85472,556,759,13216,
228.13769313104228,85472,556,758,13217,
228.13891644731484,85472,555,759,13217,
228.14034144607697,85472,554,760,13217,
228.15121642473935,85472,553,761,13217,
228.15569523158928,85471,554,761,13217,
228.15799351526482,85470,555,761,13217,
228.16134710952787,85470,554,762,13217,
228.16150632306636,85470,553,763,13217,
228.17067330317445,85470,552,764,13217,
228.17120282696175,85470,551,765,13217,
228.1718524615369,85470,551,764,13218,
228.17191590117008,85470,551,763,13219,
228.1719995904807,85470,551,762,13220,
228.17329532404247,85470,551,761,13221,
228.1775398000274,85470,551,760,13222,
228.1788723531096,85470,550,761,13222,
228.18150469634102,85469,551,761,13222,
228.18150527419033,85468,552,761,13222,
228.18253329418891,85468,551,762,13222,
228.18384878853666,85468,551,761,13223,
228.18648819884794,85468,551,760,13224,
228.18682200593955,85468,551,759,13225,
228.2024635056149,85467,552,759,13225,
228.20371054248187,85466,553,759,13225,
228.2109940089908,85466,552,760,13225,
228.2138397865936,85466,551,761,13225,
228.21768549835244,85466,550,762,13225,
228.21929074996456,85466,550,761,13226,
228.22621743855092,85465,551,761,13226,
228.2264483615683,85465,550,762,13226,
228.22811225908805,85464,551,762,13226,
228.22888965842387,85464,550,763,13226,
228.23308071031988,85464,550,762,13227,
228.23387709560868,85463,551,762,13227,
228.2348662189362,85462,552,762,13227,
228.23576599681803,85462,551,763,13227,
228.24364335650438,85462,551,762,13228,
228.24725919929483,85462,550,763,13228,
228.25168291323118,85462,549,764,13228,
228.25277543136716,85462,548,765,13228,
228.253470823844,85462,547,766,13228,
228.25374128461354,85462,546,767,13228,
228.25631011316517,85461,547,767,13228,
228.25746249529175,85461,546,768,13228,
228.25801837677852,85461,546,767,13229,
228.26026550378867,85460,547,767,13229,
228.26062697331946,85459,548,767,13229,
228.2606750104085,85458,549,767,13229,
228.2625254951817,85458,549,766,13230,
228.26456378394803,85458,549,765,13231,
228.26743410519555,85458,548,766,13231,
228.26774123646544,85458,548,765,13232,
228.26875984021734,85457,549,765,13232,
228.27100118817592,85457,549,764,13233,
228.27776242488923,85456,550,764,13233,
228.28039507116367,85456,549,765,13233,
228.28456314702495,85455,550,765,13233,
228.28572983096683,85455,550,764,13234,
228.29150961607365,85454,551,764,13234,
228.29339117564814,85453,552,764,13234,
228.29720003927264,85452,553,764,13234,
228.29727042011461,85452,552,765,13234,
228.29777404128734,85452,551,766,13234,
228.29862283400797,85452,550,767,13234,
228.30125255863695,85452,550,766,13235,
228.30308346724985,85452,550,765,13236,
228.3039210469472,85452,549,766,13236,
228.3144846588655,85452,549,765,13237,
228.3172613901131,85451,550,765,13237,
228.31915460890437,85450,551,765,13237,
228.33164160762988,85450,551,764,13238,
228.3471767158182,85450,551,763,13239,
228.34954716399474,85450,551,762,13240,
228.3508172605677,85450,550,763,13240,
228.35447097142062,85450,549,764,13240,
228.35561962275057,85450,549,763,13241,
228.35649817167138,85450,548,764,13241,
228.36263722839604,85450,548,763,13242,
228.3656310885188,85449,549,763,13242,
228.36802319919303,85448,550,763,13242,
228.37675884555782,85448,549,764,13242,
228.37884252967135,85448,548,765,13242,
228.38108851376458,85447,549,765,13242,
228.38194885615263,85446,550,765,13242,
228.38575448564058,85446,550,764,13243,
228.38990840429386,85445,551,764,13243,
228.39409013667375,85445,550,765,13243,
228.3957312550738,85444,551,765,13243,
228.39970927588627,85444,550,766,13243,
228.4034851345661,85443,551,766,13243,
228.4042303890143,85443,551,765,13244,
228.40726134152467,85443,550,766,13244,
228.4098299184205,85442,551,766,13244,
228.41271124073765,85442,550,767,13244,
228.4139520636919,85442,549,768,13244,
228.41740318136112,85442,548,769,13244,
228.42135728626002,85441,549,769,13244,
228.42215192971395,85440,550,769,13244,
228.42810967563565,85440,549,770,13244,
228.42839387281438,85440,549,769,13245,
228.42945695286875,85439,550,769,13245,
228.43280291021006,85438,551,769,13245,
228.43291735865662,85437,552,769,13245,
228.4355644415407,85437,552,768,13246,
228.44126298295336,85436,553,768,13246,
228.4430536025016,85436,553,767,13247,
228.44403937237394,85435,554,767,13247,
228.44825337942817,85434,555,767,13247,
228.4498712657542,85434,554,768,13247,
228.45214006501487,85434,554,767,13248,
228.4551626851187,85434,553,768,13248,
228.45580340393565,85434,553,767,13249,
228.45693103568675,85434,552,768,13249,
228.4610122191477,85434,552,767,13250,
228.46140146947775,85433,553,767,13250,
228.46227642523274,85432,554,767,13250,
228.46360160531137,85432,554,766,13251,
228.4657055978194,85431,555,766,13251,
228.47056752496783,85430,556,766,13251,
228.47374131269723,85429,557,766,13251,
228.47471641610377,85429,557,765,13252,
228.47859566942824,85428,558,765,13252,
228.4796586970296,85428,558,764,13253,
228.48443297326054,85427,559,764,13253,
228.48838792548787,85426,560,764,13253,
228.49025968404055,85426,560,763,13254,
228.49512635243238,85426,559,764,13254,
228.4954407878159,85426,559,763,13255,
228.4971386528539,85426,559,762,13256,
228.49953295354476,85426,559,761,13257,
228.5008014918535,85426,559,760,13258,
228.50182825566287,85426,559,759,13259,
228.50356391375334,85425,560,759,13259,
228.5044525551662,85425,559,760,13259,
228.51243929795757,85425,559,759,13260,
228.512680636041,85424,560,759,13260,
228.5147873519804,85424,559,760,13260,
228.5190039624228,85424,558,761,13260,
228.52169613392562,85424,558,760,13261,
228.52472591799935,85423,559,760,13261,
228.54111348718112,85422,560,760,13261,
228.54590772457124,85422,559,761,13261,
228.54595143155626,85422,558,762,13261,
228.55052002658715,85421,559,762,13261,
228.5510372486992,85421,558,763,13261,
228.5583311100435,85421,557,764,13261,
228.56047668691065,85421,556,765,13261,
228.56537764466214,85420,557,765,13261,
228.56539978138477,85420,556,766,13261,
228.57474316154804,85419,557,766,13261,
228.58270445712563,85418,558,766,13261,
228.5849149374466,85418,558,765,13262,
228.58646245616245,85417,559,765,13262,
228.59101677781103,85417,559,764,13263,
228.596425994527,85416,560,764,13263,
228.5979267015965,85416,559,765,13263,
228.60194990360515,85416,559,764,13264,
228.6027639907669,85415,560,764,13264,
228.61262726722,85415,559,765,13264,
228.6128879005015,85415,559,764,13265,
228.6194770939004,85415,558,765,13265,
228.62034918557322,85415,558,764,13266,
228.6234953846137,85414,559,764,13266,
228.62956029904558,85413,560,764,13266,
228.63241223009598,85412,561,764,13266,
228.63594198980903,85412,561,763,13267,
228.63616807744955,85411,562,763,13267,
228.64926824580465,85411,562,762,13268,
228.65647445532542,85411,561,763,13268,
228.65766026454182,85410,562,763,13268,
228.66211242670715,85410,562,762,13269,
228.6642671083027,85409,563,762,13269,
228.67200195806782,85408,564,762,13269,
228.67228731557117,85408,563,763,13269,
228.67365484452012,85407,564,763,13269,
228.67792962911815,85406,565,763,13269,
228.6804151322357,85405,566,763,13269,
228.68049745320556,85405,565,764,13269,
228.68488618519422,85404,566,764,13269,
228.6897335093182,85404,565,765,13269,
228.69269692994612,85404,565,764,13270,
228.69605853101942,85403,566,764,13270,
228.70463638550257,85402,567,764,13270,
228.70654373805806,85401,568,764,13270,
228.7142905551985,85400,569,764,13270,
228.72065393191966,85399,570,764,13270,
228.73158422917908,85399,569,765,13270,
228.73296838505405,85399,569,764,13271,
228.7407482054197,85398,570,764,13271,
228.74209608430533,85398,569,765,13271,
228.7444739551972,85398,568,766,13271,
228.74817304900384,85398,567,767,13271,
228.75119559929504,85398,566,768,13271,
228.75271951338704,85398,565,769,13271,
228.75338466680682,85397,566,769,13271,
228.7562955167761,85397,565,770,13271,
228.76149269276868,85397,565,769,13272,
228.76591043887169,85397,564,770,13272,
228.76724911248795,85397,564,769,13273,
228.77192673210192,85397,563,770,13273,
228.77197468093013,85396,564,770,13273,
228.77389818855417,85396,564,769,13274,
228.77570470875978,85396,563,770,13274,
228.7842049097447,85395,564,770,13274,
228.78566366660507,85394,565,770,13274,
228.78596842900092,85394,565,769,13275,
228.79005014629945,85394,565,768,13276,
228.79132877757434,85393,566,768,13276,
228.79529804713957,85393,565,769,13276,
228.79877364060118,85392,566,769,13276,
228.79916529195438,85392,565,770,13276,
228.8041670430804,85391,566,770,13276,
228.80944534246345,85390,567,770,13276,
228.81153090100585,85389,568,770,13276,
228.82546700494302,85388,569,770,13276,
228.8262172081786,85387,570,770,13276,
228.8328756837923,85386,571,770,13276,
228.84069073568398,85385,572,770,13276,
228.84259087648377,85384,573,770,13276,
228.8437507143795,85383,574,770,13276,
228.8481101563785,85382,575,770,13276,
228.85473603322478,85382,574,771,13276,
228.85855294427284,85381,575,771,13276,
228.85961251687112,85381,575,770,13277,
228.86083550071683,85381,574,771,13277,
228.86170680240636,85381,574,770,13278,
228.86411389443296,85381,573,771,13278,
228.87966401365216,85380,574,771,13278,
228.8855993295674,85380,573,772,13278,
228.88655648158735,85379,574,772,13278,
228.88790803280128,85379,574,771,13279,
228.89077630612738,85378,575,771,13279,
228.8934722301529,85378,575,770,13280,
228.89426386113584,85377,576,770,13280,
228.89852131839498,85376,577,770,13280,
228.89986406691645,85375,578,770,13280,
228.90354551192144,85375,578,769,13281,
228.90998527443384,85375,577,770,13281,
228.91148825397852,85374,578,770,13281,
228.91458902871784,85373,579,770,13281,
228.9153593754824,85372,580,770,13281,
228.91969835403873,85371,581,770,13281,
228.92020055923498,85371,580,771,13281,
228.9229279867614,85371,579,772,13281,
228.9255641396555,85371,579,771,13282,
228.92606991882514,85370,580,771,13282,
228.93704989590282,85370,580,770,13283,
228.94328358283653,85370,580,769,13284,
228.94512749074437,85370,579,770,13284,
228.95246298798386,85369,580,770,13284,
228.95295855098556,85369,579,771,13284,
228.96213369765943,85368,580,771,13284,
228.96243660847102,85367,581,771,13284,
228.96923747948932,85367,580,772,13284,
228.9708368841319,85366,581,772,13284,
228.9711338996923,85366,580,773,13284,
228.97391511681604,85365,581,773,13284,
228.9751726877575,85364,582,773,13284,
228.9816663674593,85363,583,773,13284,
228.99344267313685,85363,582,774,13284,
228.99390076749953,85362,583,774,13284,
228.99411813385964,85362,583,773,13285,
229.00024330021793,85362,582,774,13285,
229.0010287617002,85361,583,774,13285,
229.00184315153493,85361,583,773,13286,
229.00709518693836,85361,583,772,13287,
229.01776162639823,85360,584,772,13287,
229.01912779645514,85360,583,773,13287,
229.0200832423499,85360,583,772,13288,
229.02622745134664,85359,584,772,13288,
229.02940532542533,85358,585,772,13288,
229.03924024202303,85358,585,771,13289,
229.04080423281636,85358,584,772,13289,
229.0420317161235,85358,583,773,13289,
229.04264102169262,85358,582,774,13289,
229.04409696168918,85357,583,774,13289,
229.05077057433414,85356,584,774,13289,
229.05123211109083,85356,584,773,13290,
229.05327810155438,85355,585,773,13290,
229.06617956310103,85354,586,773,13290,
229.07519313479125,85353,587,773,13290,
229.07944741600994,85353,587,772,13291,
229.08187534595163,85352,588,772,13291,
229.08299533834537,85352,588,771,13292,
229.0963292976687,85352,588,770,13293,
229.09924717923317,85352,587,771,13293,
229.10042979549888,85351,588,771,13293,
229.10144696497903,85351,588,770,13294,
229.10445396949552,85351,588,769,13295,
229.10612734646472,85351,587,770,13295,
229.10749115128047,85351,587,769,13296,
229.11654847076483,85350,588,769,13296,
229.1213932028403,85349,589,769,13296,
229.1228247200219,85349,588,770,13296,
229.13046070592765,85348,589,770,13296,
229.13546121466663,85347,590,770,13296,
229.13726058900608,85346,591,770,13296,
229.13999495207645,85346,590,771,13296,
229.14584167106455,85345,591,771,13296,
229.1460634972073,85344,592,771,13296,
229.1481647770379,85343,593,771,13296,
229.15327982464856,85343,593,770,13297,
229.15521600933474,85342,594,770,13297,
229.16523164030767,85341,595,770,13297,
229.16758265394432,85341,595,769,13298,
229.16791879477003,85341,595,768,13299,
229.1774915478834,85341,595,767,13300,
229.17902001413034,85340,596,767,13300,
229.18130389975798,85339,597,767,13300,
229.18283844237902,85339,596,768,13300,
229.1853235289941,85339,595,769,13300,
229.1858458436961,85339,594,770,13300,
229.18597819818842,85339,594,769,13301,
229.18655334056933,85338,595,769,13301,
229.18878928615766,85338,595,768,13302,
229.18883762118776,85338,594,769,13302,
229.19288129580258,85337,595,769,13302,
229.19342193775896,85336,596,769,13302,
229.19399382572604,85335,597,769,13302,
229.1944681948068,85335,596,770,13302,
229.1963562728851,85334,597,770,13302,
229.19969237827968,85333,598,770,13302,
229.2021922413884,85333,597,771,13302,
229.20877569351788,85333,597,770,13303,
229.20878014908362,85333,597,769,13304,
229.21007182256835,85333,597,768,13305,
229.2160739017819,85332,598,768,13305,
229.21822379968626,85331,599,768,13305,
229.21973337741684,85331,598,769,13305,
229.22434096952605,85331,597,770,13305,
229.22436607107758,85331,597,769,13306,
229.22587481770077,85330,598,769,13306,
229.2261958244602,85329,599,769,13306,
229.22826212513428,85329,599,768,13307,
229.23370841641184,85328,600,768,13307,
229.23501529587458,85327,601,768,13307,
229.2362289812341,85327,601,767,13308,
229.2388340851577,85327,600,768,13308,
229.24053762848936,85326,601,768,13308,
229.24798163579985,85326,600,769,13308,
229.25905880576292,85326,599,770,13308,
229.26148668283682,85326,598,771,13308,
229.26749772780053,85326,597,772,13308,
229.26977606393024,85325,598,772,13308,
229.27476533494442,85325,597,773,13308,
229.2754264522236,85324,598,773,13308,
229.27857119561077,85324,598,772,13309,
229.27926834522862,85324,597,773,13309,
229.27977751692023,85324,596,774,13309,
229.28326579721448,85324,596,773,13310,
229.28469079307644,85324,595,774,13310,
229.28528292062987,85324,594,775,13310,
229.28641745427996,85324,593,776,13310,
229.28909648348926,85324,593,775,13311,
229.28949163513263,85324,592,776,13311,
229.29012078347563,85324,592,775,13312,
229.29188163269615,85324,591,776,13312,
229.29694016696166,85323,592,776,13312,
229.29695472870446,85323,591,777,13312,
229.30067400592216,85323,591,776,13313,
229.3046024125927,85323,591,775,13314,
229.31107362328322,85322,592,775,13314,
229.3126673605719,85321,593,775,13314,
229.31330972749396,85321,593,774,13315,
229.31606786586562,85321,593,773,13316,
229.31970072706508,85320,594,773,13316,
229.3219530573425,85320,594,772,13317,
229.32780327793836,85319,595,772,13317,
229.33317283120041,85319,594,773,13317,
229.33375380895495,85319,593,774,13317,
229.3419611050197,85318,594,774,13317,
229.34466627648015,85318,594,773,13318,
229.34502006942304,85318,593,774,13318,
229.35141998714946,85318,592,775,13318,
229.35246449732796,85317,593,775,13318,
229.3528388101622,85316,594,775,13318,
229.35348241011218,85316,593,776,13318,
229.3567477548468,85315,594,776,13318,
229.35927861168986,85315,594,775,13319,
229.36018743393748,85315,593,776,13319,
229.36552119944471,85314,594,776,13319,
229.36783763554723,85313,595,776,13319,
229.37012967267984,85312,596,776,13319,
229.3753679219823,85312,595,777,13319,
229.3779441112504,85312,595,776,13320,
229.37800893159218,85312,594,777,13320,
229.37995628644143,85312,593,778,13320,
229.3804715168511,85311,594,778,13320,
229.38409954126067,85311,594,777,13321,
229.3858699940063,85310,595,777,13321,
229.39171177754156,85309,596,777,13321,
229.39245030855093,85309,596,776,13322,
229.39437823867024,85308,597,776,13322,
229.39892166250544,85308,596,777,13322,
229.40015783889015,85307,597,777,13322,
229.40409916441797,85307,596,778,13322,
229.40625495620088,85307,595,779,13322,
229.40723058598763,85307,594,780,13322,
229.4085905201435,85307,594,779,13323,
229.4116328491765,85307,593,780,13323,
229.41193742512843,85307,592,781,13323,
229.41222727324177,85307,592,780,13324,
229.41236044037146,85306,593,780,13324,
229.41300990556138,85306,592,781,13324,
229.41385359427488,85306,591,782,13324,
229.4199496163345,85305,592,782,13324,
229.4207764521661,85305,592,781,13325,
229.4220975414362,85305,591,782,13325,
229.42216323595903,85305,591,781,13326,
229.42444555389065,85304,592,781,13326,
229.42719307613868,85304,591,782,13326,
229.43055290571832,85303,592,782,13326,
229.4324131888175,85302,593,782,13326,
229.43916609433705,85301,594,782,13326,
229.44263107609765,85301,594,781,13327,
229.44376307585821,85301,593,782,13327,
229.4445467868051,85301,592,783,13327,
229.4455160447236,85300,593,783,13327,
229.44665216033047,85300,593,782,13328,
229.44817322718606,85300,592,783,13328,
229.45283306556436,85300,592,782,13329,
229.45554009475703,85299,593,782,13329,
229.46274787695333,85299,592,783,13329,
229.4635259554828,85299,591,784,13329,
229.46414647960984,85299,590,785,13329,
229.46950460628574,85299,589,786,13329,
229.47524900025127,85299,588,787,13329,
229.4752922481955,85299,587,788,13329,
229.4761297157606,85299,587,787,13330,
229.4796684811478,85298,588,787,13330,
229.48015041624151,85298,588,786,13331,
229.48530322127823,85297,589,786,13331,
229.4886743500344,85296,590,786,13331,
229.49187701043434,85296,589,787,13331,
229.4926088048024,85295,590,787,13331,
229.49282204208194,85295,589,788,13331,
229.49365655769148,85294,590,788,13331,
229.49439399815842,85293,591,788,13331,
229.49442494938845,85292,592,788,13331,
229.49834842526332,85291,593,788,13331,
229.49913217768085,85291,592,789,13331,
229.50021523284198,85291,591,790,13331,
229.50152846798636,85290,592,790,13331,
229.50204367286852,85289,593,790,13331,
229.50568443312196,85288,594,790,13331,
229.5085411936222,85288,593,791,13331,
229.51167654729605,85288,592,792,13331,
229.51591008861064,85288,591,793,13331,
229.51686771062992,85288,590,794,13331,
229.51770564884794,85288,589,795,13331,
229.51789092465373,85287,590,795,13331,
229.52236587442923,85287,589,796,13331,
229.52320065899943,85286,590,796,13331,
229.5276776008537,85285,591,796,13331,
229.52786438017887,85285,591,795,13332,
229.5347888545334,85284,592,795,13332,
229.5397592092677,85284,592,794,13333,
229.54153969905252,85284,592,793,13334,
229.5431269815411,85284,592,792,13335,
229.54620877509495,85284,591,793,13335,
229.54623600612308,85284,590,794,13335,
229.54955212125668,85284,589,795,13335,
229.55074228710137,85283,590,795,13335,
229.55512091175638,85283,589,796,13335,
229.55798927565496,85283,589,795,13336,
229.5602537963846,85283,589,794,13337,
229.560883571717,85283,588,795,13337,
229.56822743075284,85283,587,796,13337,
229.5701846192826,85283,587,795,13338,
229.57290506054363,85283,586,796,13338,
229.57468608011305,85283,586,795,13339,
229.58337790387105,85283,586,794,13340,
229.58366587782487,85282,587,794,13340,
229.58455078408429,85282,587,793,13341,
229.58590968607174,85281,588,793,13341,
229.58607351652535,85281,588,792,13342,
229.58681050227426,85281,588,791,13343,
229.59565584028294,85281,587,792,13343,
229.6104088751473,85281,587,791,13344,
229.61816707402852,85281,587,790,13345,
229.62100662999597,85281,587,789,13346,
229.62383218769796,85281,586,790,13346,
229.62483826353986,85281,586,789,13347,
229.62489237823826,85281,586,788,13348,
229.62648468665932,85281,585,789,13348,
229.62846602347113,85281,585,788,13349,
229.6298284526941,85280,586,788,13349,
229.6343779392972,85280,585,789,13349,
229.63929984691055,85280,584,790,13349,
229.6436709759,85280,584,789,13350,
229.6462092038054,85280,583,790,13350,
229.64886711481054,85280,582,791,13350,
229.65852368004113,85280,581,792,13350,
229.662263699559,85279,582,792,13350,
229.66419517555306,85278,583,792,13350,
229.6651688277893,85278,582,793,13350,
229.6660057882182,85278,582,792,13351,
229.67439797941353,85278,581,793,13351,
229.68142575826647,85278,581,792,13352,
229.68298454429674,85277,582,792,13352,
229.68529013339688,85277,581,793,13352,
229.68589400313624,85276,582,793,13352,
229.6889345476793,85276,582,792,13353,
229.6903724597026,85275,583,792,13353,
229.6940527947961,85274,584,792,13353,
229.6985085907793,85273,585,792,13353,
229.70173996103068,85273,584,793,13353,
229.70387571158545,85272,585,793,13353,
229.70766613530284,85271,586,793,13353,
229.70813314351335,85271,585,794,13353,
229.70905291013298,85270,586,794,13353,
229.71047966302933,85270,585,795,13353,
229.7124481223566,85270,584,796,13353,
229.71438066493334,85270,584,795,13354,
229.71755513040185,85270,583,796,13354,
229.7177828862091,85269,584,796,13354,
229.7236126021161,85268,585,796,13354,
229.72686426329057,85268,585,795,13355,
229.72992062287463,85268,585,794,13356,
229.7371224656151,85268,584,795,13356,
229.73785569790314,85268,583,796,13356,
229.73851894342178,85268,582,797,13356,
229.73873518561817,85268,582,796,13357,
229.7451493961801,85267,583,796,13357,
229.7525559673709,85267,582,797,13357,
229.75833108350466,85266,583,797,13357,
229.75982819962897,85266,583,796,13358,
229.76498873972005,85265,584,796,13358,
229.767511513719,85264,585,796,13358,
229.77123894958433,85264,585,795,13359,
229.77221032003933,85264,585,794,13360,
229.77368839305007,85263,586,794,13360,
229.776392227991,85262,587,794,13360,
229.7885604287132,85261,588,794,13360,
229.79010637338507,85261,587,795,13360,
229.79083939853936,85260,588,795,13360,
229.79278540095515,85259,589,795,13360,
229.7931512137728,85258,590,795,13360,
229.79342501981984,85258,589,796,13360,
229.79361100119507,85257,590,796,13360,
229.79451259031006,85257,589,797,13360,
229.79574851917044,85257,589,796,13361,
229.79584929011628,85256,590,796,13361,
229.7959899753234,85256,589,797,13361,
229.79956627824902,85255,590,797,13361,
229.8012896652312,85254,591,797,13361,
229.80540733250757,85254,590,798,13361,
229.80967125378993,85253,591,798,13361,
229.81442574077914,85253,591,797,13362,
229.81727567425162,85253,590,798,13362,
229.81999016962612,85253,589,799,13362,
229.82177611864336,85252,590,799,13362,
229.8251819744972,85251,591,799,13362,
229.82727163884712,85251,590,800,13362,
229.82729702631121,85251,589,801,13362,
229.82853875384075,85251,589,800,13363,
229.82855035016684,85251,588,801,13363,
229.82985601476165,85250,589,801,13363,
229.83217165451543,85249,590,801,13363,
229.83337885384861,85249,590,800,13364,
229.83651907801578,85249,590,799,13365,
229.8433407915989,85248,591,799,13365,
229.849789399189,85248,591,798,13366,
229.85098664504704,85248,591,797,13367,
229.85135334622396,85247,592,797,13367,
229.8574850881447,85246,593,797,13367,
229.8694983545592,85245,594,797,13367,
229.87340213719557,85244,595,797,13367,
229.87527123867554,85244,594,798,13367,
229.87581396098665,85244,594,797,13368,
229.88159640670318,85244,594,796,13369,
229.88211065473575,85243,595,796,13369,
229.88457205707198,85243,594,797,13369,
229.88483441850653,85243,594,796,13370,
229.90569077806322,85243,594,795,13371,
229.9150859864711,85243,593,796,13371,
229.91997463379244,85243,592,797,13371,
229.9213241765254,85243,592,796,13372,
229.92286329216444,85243,592,795,13373,
229.93087552866342,85243,592,794,13374,
229.9319370927433,85242,593,794,13374,
229.93342564149543,85241,594,794,13374,
229.9424957893046,85240,595,794,13374,
229.94534036629892,85239,596,794,13374,
229.94630023543905,85239,595,795,13374,
229.9489254502975,85239,595,794,13375,
229.95088554784263,85239,594,795,13375,
229.9610845198338,85239,593,796,13375,
229.96361771005607,85239,593,795,13376,
229.96648681046162,85239,593,794,13377,
229.96731452937206,85239,592,795,13377,
229.96774543575077,85238,593,795,13377,
229.97076631190455,85237,594,795,13377,
229.97223018476151,85237,594,794,13378,
229.97504512771536,85237,593,795,13378,
229.97533699907086,85237,592,796,13378,
229.97863677083168,85236,593,796,13378,
229.98026449824513,85236,592,797,13378,
229.98334966674113,85236,592,796,13379,
229.98869706347497,85236,592,795,13380,
229.9894372057847,85235,593,795,13380,
230.00245369044268,85234,594,795,13380,
230.00273332160455,85233,595,795,13380,
230.0035763192696,85233,594,796,13380,
230.00391602577645,85233,594,795,13381,
230.0077716896838,85232,595,795,13381,
230.01174070633388,85232,595,794,13382,
230.01674737460903,85232,595,793,13383,
230.01796095014245,85231,596,793,13383,
230.02222365197005,85230,597,793,13383,
230.02294961070274,85229,598,793,13383,
230.0251790896132,85228,599,793,13383,
230.0260302278813,85228,599,792,13384,
230.03240255322257,85228,598,793,13384,
230.03637245315483,85227,599,793,13384,
230.04184416051956,85227,598,794,13384,
230.0421434352334,85226,599,794,13384,
230.04547686514562,85226,598,795,13384,
230.04780444375436,85226,598,794,13385,
230.0567237050979,85226,598,793,13386,
230.06045231111054,85226,597,794,13386,
230.06281845121416,85225,598,794,13386,
230.06715119479864,85225,597,795,13386,
230.06923879788593,85225,597,794,13387,
230.06942807857382,85224,598,794,13387,
230.06998862729088,85224,598,793,13388,
230.0702576102898,85224,597,794,13388,
230.07172274041838,85223,598,794,13388,
230.07224578790562,85222,599,794,13388,
230.07591170119548,85221,600,794,13388,
230.07795747894133,85220,601,794,13388,
230.0792388982736,85220,601,793,13389,
230.08360872712223,85219,602,793,13389,
230.08378249998276,85219,601,794,13389,
230.08602076382076,85219,601,793,13390,
230.09093195185287,85218,602,793,13390,
230.09175416305686,85218,601,794,13390,
230.10759022695092,85218,600,795,13390,
230.1077712793071,85218,600,794,13391,
230.1152910514132,85218,599,795,13391,
230.1162257737734,85217,600,795,13391,
230.11986473934928,85217,600,794,13392,
230.12131545378847,85217,600,793,13393,
230.13912525977304,85216,601,793,13393,
230.14286285861604,85216,600,794,13393,
230.14460422824206,85216,599,795,13393,
230.1481834825722,85216,599,794,13394,
230.1493000799747,85215,600,794,13394,
230.14937220296636,85215,599,795,13394,
230.14945103675632,85215,598,796,13394,
230.15589292367287,85215,598,795,13395,
230.15600866007145,85214,599,795,13395,
230.16010185626013,85214,599,794,13396,
230.16071702890878,85214,598,795,13396,
230.16163940031964,85213,599,795,13396,
230.16223319114863,85213,599,794,13397,
230.16377692239553,85213,598,795,13397,
230.16623247338052,85212,599,795,13397,
230.17624810257706,85211,600,795,13397,
230.1777723582357,85211,599,796,13397,
230.18472772479097,85211,599,795,13398,
230.18522551080946,85211,598,796,13398,
230.18545821553067,85210,599,796,13398,
230.1857013643928,85210,599,795,13399,
230.18597418185027,85210,598,796,13399,
230.18838604595578,85210,598,795,13400,
230.19261387015013,85210,597,796,13400,
230.20011201256753,85210,597,795,13401,
230.20272192675168,85210,596,796,13401,
230.20402876462123,85210,595,797,13401,
230.20925795390292,85209,596,797,13401,
230.21540053334712,85208,597,797,13401,
230.21786940835574,85208,596,798,13401,
230.22174348791626,85208,595,799,13401,
230.22182384953013,85207,596,799,13401,
230.22392260553005,85207,595,800,13401,
230.22673739853656,85207,594,801,13401,
230.23010606585632,85206,595,801,13401,
230.23161749385153,85206,594,802,13401,
230.234210711907,85206,593,803,13401,
230.23512109673285,85205,594,803,13401,
230.2357767862311,85205,594,802,13402,
230.24036495447456,85205,594,801,13403,
230.24101899353937,85204,595,801,13403,
230.24399106427114,85203,596,801,13403,
230.2445883710976,85203,595,802,13403,
230.2468388762744,85202,596,802,13403,
230.2494320152298,85202,595,803,13403,
230.2530566567286,85202,594,804,13403,
230.26268189321465,85202,594,803,13404,
230.26378035272427,85202,593,804,13404,
230.26645828060657,85201,594,804,13404,
230.2668074428131,85200,595,804,13404,
230.2679080313779,85200,594,805,13404,
230.27418859634344,85199,595,805,13404,
230.2769545244612,85198,596,805,13404,
230.27722900821936,85197,597,805,13404,
230.2855742356487,85197,596,806,13404,
230.29402290395498,85197,595,807,13404,
230.29450899002748,85197,595,806,13405,
230.29732828356242,85197,594,807,13405,
230.29855639563243,85197,593,808,13405,
230.29857860210254,85197,592,809,13405,
230.29875160116967,85197,591,810,13405,
230.30739352242313,85197,590,811,13405,
230.3117887550316,85197,590,810,13406,
230.3128471502071,85196,591,810,13406,
230.3132817651662,85195,592,810,13406,
230.31574673385242,85195,592,809,13407,
230.32192983449704,85194,593,809,13407,
230.32898105456817,85194,593,808,13408,
230.33149921795024,85194,593,807,13409,
230.33248384562643,85194,592,808,13409,
230.33375206666932,85193,593,808,13409,
230.33499937399506,85192,594,808,13409,
230.33529318852146,85192,594,807,13410,
230.3388272124572,85191,595,807,13410,
230.34322584340362,85191,594,808,13410,
230.3447916818182,85190,595,808,13410,
230.3452978423745,85190,594,809,13410,
230.35188367976255,85190,594,808,13411,
230.3534925268187,85189,595,808,13411,
230.35557867469845,85189,594,809,13411,
230.35621709221877,85188,595,809,13411,
230.35732392768358,85188,594,810,13411,
230.3574830848114,85187,595,810,13411,
230.3600657373752,85186,596,810,13411,
230.36320925371524,85185,597,810,13411,
230.3635762227618,85185,597,809,13412,
230.3638853517615,85185,597,808,13413,
230.3645408565139,85185,596,809,13413,
230.36556302201842,85185,595,810,13413,
230.36875601006267,85184,596,810,13413,
230.37271863780248,85184,595,811,13413,
230.37622808280545,85184,594,812,13413,
230.3763818253093,85184,593,813,13413,
230.37727953643994,85184,592,814,13413,
230.38524592166107,85183,593,814,13413,
230.38898406009187,85182,594,814,13413,
230.39553473079295,85181,595,814,13413,
230.39604829023074,85181,595,813,13414,
230.39880758706371,85181,595,812,13415,
230.4009306746239,85181,595,811,13416,
230.40344703323896,85181,594,812,13416,
230.40526772631625,85181,593,813,13416,
230.41050101677916,85181,592,814,13416,
230.41308828122598,85180,593,814,13416,
230.4134322558889,85180,592,815,13416,
230.41397481645464,85180,591,816,13416,
230.4161892369964,85180,591,815,13417,
230.41705665348323,85180,590,816,13417,
230.41967324632463,85180,589,817,13417,
230.42436709360672,85180,589,816,13418,
230.43355278156577,85180,589,815,13419,
230.44205616856624,85180,588,816,13419,
230.44765384020116,85180,588,815,13420,
230.45608633139298,85180,587,816,13420,
230.45649350578657,85179,588,816,13420,
230.45710110259242,85179,588,815,13421,
230.45822638383532,85179,587,816,13421,
230.45847421642935,85179,586,817,13421,
230.46493010251447,85179,585,818,13421,
230.46628454993166,85178,586,818,13421,
230.46644403010166,85177,587,818,13421,
230.4677058568304,85177,586,819,13421,
230.47182589460996,85176,587,819,13421,
230.4732306281872,85176,586,820,13421,
230.47377271248803,85176,586,819,13422,
230.47564381761404,85176,585,820,13422,
230.48385632604024,85176,584,821,13422,
230.48543509271278,85176,583,822,13422,
230.4858013773523,85176,582,823,13422,
230.4870477806562,85175,583,823,13422,
230.48733110692737,85175,583,822,13423,
230.4898312722505,85175,582,823,13423,
230.49327527372307,85174,583,823,13423,
230.4933740990669,85174,583,822,13424,
230.49856883540576,85174,582,823,13424,
230.49955744720293,85173,583,823,13424,
230.50213952552528,85173,582,824,13424,
230.502683479067,85173,582,823,13425,
230.50282123269628,85172,583,823,13425,
230.50384646601236,85172,583,822,13426,
230.51957464195615,85171,584,822,13426,
230.51989401159466,85170,585,822,13426,
230.52132622535038,85170,585,821,13427,
230.52989509884975,85169,586,821,13427,
230.53254988540294,85168,587,821,13427,
230.54314578733718,85168,586,822,13427,
230.54339301919595,85168,585,823,13427,
230.54956826293915,85168,585,822,13428,
230.55157184944397,85168,584,823,13428,
230.5523292799756,85168,583,824,13428,
230.55416663067336,85167,584,824,13428,
230.55425975217298,85167,583,825,13428,
230.5575690963818,85166,584,825,13428,
230.55887779540367,85165,585,825,13428,
230.5607793958713,85165,584,826,13428,
230.5702420071237,85164,585,826,13428,
230.57649086213738,85164,584,827,13428,
230.57691379802026,85164,583,828,13428,
230.5774861095893,85164,582,829,13428,
230.57777106302018,85164,582,828,13429,
230.57794483794495,85163,583,828,13429,
230.5805493264602,85162,584,828,13429,
230.58226618024437,85162,584,827,13430,
230.58487689391941,85162,584,826,13431,
230.58933181528715,85161,585,826,13431,
230.59068308105566,85160,586,826,13431,
230.5921929567726,85160,585,827,13431,
230.59350241038422,85160,584,828,13431,
230.6021924649889,85160,583,829,13431,
230.60592970494412,85160,583,828,13432,
230.60945284333482,85159,584,828,13432,
230.6119434130674,85158,585,828,13432,
230.61307910545912,85157,586,828,13432,
230.61614270452807,85157,585,829,13432,
230.61952176115074,85157,584,830,13432,
230.62166860413694,85157,583,831,13432,
230.62593339138886,85156,584,831,13432,
230.62995095955432,85155,585,831,13432,
230.6319484577763,85154,586,831,13432,
230.63345167423807,85154,585,832,13432,
230.63420503501052,85153,586,832,13432,
230.63789635169508,85153,586,831,13433,
230.64529389931792,85153,586,830,13434,
230.64539703901517,85153,586,829,13435,
230.64596868386053,85153,585,830,13435,
230.6492340339221,85152,586,830,13435,
230.67014140810417,85151,587,830,13435,
230.67044654588148,85150,588,830,13435,
230.6710004044273,85150,588,829,13436,
230.67333787065792,85150,587,830,13436,
230.6749936665681,85150,587,829,13437,
230.6757670462821,85150,587,828,13438,
230.68097562484132,85150,586,829,13438,
230.68399553495024,85149,587,829,13438,
230.69026618654541,85148,588,829,13438,
230.6906483467761,85148,587,830,13438,
230.69147675508466,85148,586,831,13438,
230.69592654847486,85147,587,831,13438,
230.69663983073585,85146,588,831,13438,
230.69808335324103,85145,589,831,13438,
230.6994430473967,85144,590,831,13438,
230.69960398704455,85144,590,830,13439,
230.70186699419352,85144,589,831,13439,
230.70316260666348,85144,588,832,13439,
230.70691059298753,85143,589,832,13439,
230.7115230376847,85142,590,832,13439,
230.71926789468975,85141,591,832,13439,
230.72129661956723,85140,592,832,13439,
230.72327815455634,85140,591,833,13439,
230.72631369089035,85139,592,833,13439,
230.7272833554998,85139,591,834,13439,
230.7313443419689,85139,590,835,13439,
230.73313884080014,85139,589,836,13439,
230.73586559682286,85138,590,836,13439,
230.7379958559993,85137,591,836,13439,
230.73861660931928,85136,592,836,13439,
230.74110861591973,85136,592,835,13440,
230.7449272872754,85135,593,835,13440,
230.7449859699759,85134,594,835,13440,
230.74642900894673,85134,593,836,13440,
230.7467612300148,85134,592,837,13440,
230.74759156382316,85134,591,838,13440,
230.75091982361863,85134,591,837,13441,
230.75190974754355,85133,592,837,13441,
230.75475396211536,85132,593,837,13441,
230.75625097066435,85132,593,836,13442,
230.75691741436995,85131,594,836,13442,
230.7642806425886,85130,595,836,13442,
230.7656871160113,85129,596,836,13442,
230.7658804860643,85129,595,837,13442,
230.76858986601798,85129,595,836,13443,
230.77024316541068,85128,596,836,13443,
230.77408737639476,85128,596,835,13444,
230.77863080201797,85128,596,834,13445,
230.77969929481523,85127,597,834,13445,
230.78279153791343,85126,598,834,13445,
230.78285752245637,85126,598,833,13446,
230.79365480872195,85125,599,833,13446,
230.79417084011854,85125,599,832,13447,
230.79590077622896,85125,598,833,13447,
230.79710517439202,85125,597,834,13447,
230.802705425146,85124,598,834,13447,
230.806654428621,85123,599,834,13447,
230.8144904327434,85122,600,834,13447,
230.81558478901985,85121,601,834,13447,
230.82298588927142,85120,602,834,13447,
230.82537534545733,85119,603,834,13447,
230.82773188825885,85118,604,834,13447,
230.83115301736717,85118,604,833,13448,
230.83125642133248,85117,605,833,13448,
230.83706598809988,85116,606,833,13448,
230.83814998282287,85115,607,833,13448,
230.84249551415158,85115,606,834,13448,
230.84446939118905,85115,606,833,13449,
230.84830102629638,85115,605,834,13449,
230.8499381878766,85115,604,835,13449,
230.85229843950597,85115,604,834,13450,
230.85547810911783,85115,603,835,13450,
230.8589822851672,85114,604,835,13450,
230.86005226485327,85114,603,836,13450,
230.86057972680192,85114,603,835,13451,
230.8630360778926,85114,602,836,13451,
230.86815216470833,85114,601,837,13451,
230.8685591523107,85113,602,837,13451,
230.86971816672383,85113,602,836,13452,
230.87631519994184,85113,601,837,13452,
230.8768418329259,85113,601,836,13453,
230.8847899073653,85113,601,835,13454,
230.88613496358926,85112,602,835,13454,
230.88816352822448,85112,602,834,13455,
230.89075707999734,85112,601,835,13455,
230.8963316518674,85111,602,835,13455,
230.8985655882401,85110,603,835,13455,
230.89994651801973,85110,603,834,13456,
230.90035123164387,85110,602,835,13456,
230.9054038347441,85109,603,835,13456,
230.90846677364834,85109,603,834,13457,
230.90991229335998,85108,604,834,13457,
230.91241317104976,85108,603,835,13457,
230.9146253468634,85108,602,836,13457,
230.91481841028514,85108,601,837,13457,
230.91574963109656,85107,602,837,13457,
230.91632823247053,85107,601,838,13457,
230.9172322111281,85106,602,838,13457,
230.91843577051705,85106,601,839,13457,
230.92050270513184,85106,601,838,13458,
230.92324144653992,85106,600,839,13458,
230.9240380188762,85106,600,838,13459,
230.92456958372952,85106,600,837,13460,
230.93162313101686,85105,601,837,13460,
230.93496939982356,85105,600,838,13460,
230.93565996521704,85104,601,838,13460,
230.94040144548748,85104,601,837,13461,
230.94223770211525,85104,601,836,13462,
230.9427621700067,85103,602,836,13462,
230.95459409960006,85102,603,836,13462,
230.9556592358723,85101,604,836,13462,
230.95584909808076,85101,604,835,13463,
230.95613486574598,85101,603,836,13463,
230.95898378553636,85101,602,837,13463,
230.9595389106465,85100,603,837,13463,
230.96129262970484,85099,604,837,13463,
230.96659673309023,85098,605,837,13463,
230.9670434309497,85097,606,837,13463,
230.9700881876754,85096,607,837,13463,
230.9835944060077,85095,608,837,13463,
230.984291579954,85094,609,837,13463,
230.98800910516985,85094,608,838,13463,
230.99025595427702,85094,608,837,13464,
230.9909152633436,85094,608,836,13465,
230.99234724444648,85093,609,836,13465,
230.9945948244773,85092,610,836,13465,
231.0014888424248,85091,611,836,13465,
231.00149084023712,85091,610,837,13465,
231.0016860450937,85090,611,837,13465,
231.01906604228986,85089,612,837,13465,
231.02348413180732,85089,612,836,13466,
231.0240256771564,85088,613,836,13466,
231.0256119614452,85087,614,836,13466,
231.02651380592044,85087,613,837,13466,
231.02862769437772,85086,614,837,13466,
231.03044087630087,85085,615,837,13466,
231.03344939716993,85085,615,836,13467,
231.0349566597514,85084,616,836,13467,
231.03907211937454,85083,617,836,13467,
231.03947789267121,85083,616,837,13467,
231.03985719240018,85083,615,838,13467,
231.04063658650563,85083,615,837,13468,
231.04084596488607,85082,616,837,13468,
231.04138444614426,85081,617,837,13468,
231.04144467613244,85080,618,837,13468,
231.05363321623565,85080,617,838,13468,
231.05438892125915,85080,616,839,13468,
231.05448782803825,85080,616,838,13469,
231.0618631827992,85079,617,838,13469,
231.06377855148583,85079,616,839,13469,
231.07021662272786,85078,617,839,13469,
231.0730530492973,85078,617,838,13470,
231.07700878207214,85078,616,839,13470,
231.08002822263558,85078,616,838,13471,
231.0821606212104,85078,615,839,13471,
231.08442372844263,85077,616,839,13471,
231.08635599049944,85077,615,840,13471,
231.0873562465203,85076,616,840,13471,
231.08846242038737,85076,616,839,13472,
231.08865162981667,85075,617,839,13472,
231.0907374664323,85074,618,839,13472,
231.09346730750022,85073,619,839,13472,
231.1025122781527,85073,618,840,13472,
231.1065425443609,85073,617,841,13472,
231.1095206830658,85072,618,841,13472,
231.11838066919478,85071,619,841,13472,
231.1187637444142,85071,619,840,13473,
231.1190805805675,85070,620,840,13473,
231.11952049802005,85070,619,841,13473,
231.11974950923852,85070,618,842,13473,
231.12359870951875,85070,618,841,13474,
231.1250661633615,85070,617,842,13474,
231.12510050450717,85070,616,843,13474,
231.12578217536117,85070,616,842,13475,
231.12598740817018,85070,615,843,13475,
231.1263392755699,85070,615,842,13476,
231.13091340992682,85070,614,843,13476,
231.1322626221439,85069,615,843,13476,
231.13434964692297,85069,614,844,13476,
231.13549950426614,85068,615,844,13476,
231.13749821584685,85068,615,843,13477,
231.14533895868277,85067,616,843,13477,
231.14621438854846,85067,615,844,13477,
231.15106570051023,85066,616,844,13477,
231.15257486770997,85066,616,843,13478,
231.15439611513366,85066,615,844,13478,
231.15465531767245,85065,616,844,13478,
231.15592358620358,85064,617,844,13478,
231.15690802133614,85064,617,843,13479,
231.15862692115843,85063,618,843,13479,
231.15993158177648,85063,618,842,13480,
231.16064063509035,85063,618,841,13481,
231.16241073441455,85063,618,840,13482,
231.16515858944936,85063,618,839,13483,
231.16900494363458,85062,619,839,13483,
231.17021613935634,85062,619,838,13484,
231.17149151013925,85061,620,838,13484,
231.17715538090405,85061,620,837,13485,
231.1775748595143,85060,621,837,13485,
231.18430284189066,85060,620,838,13485,
231.1859798763591,85060,619,839,13485,
231.1870186028629,85059,620,839,13485,
231.18933393790408,85058,621,839,13485,
231.19012911064704,85058,620,840,13485,
231.1908672100856,85057,621,840,13485,
231.19241575982133,85056,622,840,13485,
231.1953941928276,85056,621,841,13485,
231.19866201986525,85056,621,840,13486,
231.1987053465282,85055,622,840,13486,
231.20454788540388,85055,621,841,13486,
231.21502051973314,85054,622,841,13486,
231.2153487816203,85054,622,840,13487,
231.22090601784055,85054,621,841,13487,
231.2210277158421,85053,622,841,13487,
231.23046964507276,85053,621,842,13487,
231.2321511463507,85053,620,843,13487,
231.2330123078383,85053,619,844,13487,
231.23350140816203,85052,620,844,13487,
231.23635552308417,85052,619,845,13487,
231.23745626653263,85052,618,846,13487,
231.23805703930427,85051,619,846,13487,
231.24005346473962,85050,620,846,13487,
231.240878784069,85049,621,846,13487,
231.2417729613331,85048,622,846,13487,
231.24179297453915,85047,623,846,13487,
231.24578484902912,85047,622,847,13487,
231.2532269975034,85046,623,847,13487,
231.2534991844749,85045,624,847,13487,
231.25389024870833,85044,625,847,13487,
231.2637996697491,85044,625,846,13488,
231.26460199402803,85043,626,846,13488,
231.264923557646,85043,626,845,13489,
231.27299687834346,85043,626,844,13490,
231.2743841866074,85042,627,844,13490,
231.2745135744769,85042,626,845,13490,
231.27479359312574,85042,625,846,13490,
231.27657604050916,85041,626,846,13490,
231.27777668992232,85041,625,847,13490,
231.28111540126284,85041,625,846,13491,
231.28185703568317,85041,625,845,13492,
231.28852570881074,85040,626,845,13492,
231.28968004463775,85039,627,845,13492,
231.30223149903873,85039,626,846,13492,
231.3032811969052,85039,626,845,13493,
231.31170672662938,85038,627,845,13493,
231.3124100307822,85038,626,846,13493,
231.3148505548987,85037,627,846,13493,
231.31599472913348,85037,627,845,13494,
231.31952529552538,85036,628,845,13494,
231.31966398514618,85036,627,846,13494,
231.32038536700517,85036,627,845,13495,
231.32089432239542,85036,626,846,13495,
231.32566632402444,85035,627,846,13495,
231.32954116989737,85035,626,847,13495,
231.33143715426792,85035,626,846,13496,
231.33184112404058,85035,626,845,13497,
231.33537310713825,85034,627,845,13497,
231.33959605363017,85034,627,844,13498,
231.3426026191616,85033,628,844,13498,
231.3483122663453,85033,627,845,13498,
231.34987206098566,85033,626,846,13498,
231.3506779671633,85033,626,845,13499,
231.36238115188897,85033,626,844,13500,
231.36314433022494,85033,626,843,13501,
231.3725416809203,85033,625,844,13501,
231.3763041451765,85033,624,845,13501,
231.37863520044135,85033,623,846,13501,
231.38407014153591,85033,622,847,13501,
231.38758352428732,85032,623,847,13501,
231.38765769288239,85032,622,848,13501,
231.38850605110235,85032,621,849,13501,
231.38934825377635,85032,620,850,13501,
231.39302668826937,85032,620,849,13502,
231.3953885767368,85032,620,848,13503,
231.39699681183632,85031,621,848,13503,
231.3984397706559,85031,620,849,13503,
231.3993876974974,85031,620,848,13504,
231.40010566582666,85030,621,848,13504,
231.40235875892856,85029,622,848,13504,
231.40279105530144,85029,621,849,13504,
231.40323966516453,85029,620,850,13504,
231.40466740179235,85028,621,850,13504,
231.40493487270237,85028,621,849,13505,
231.40569684206613,85028,621,848,13506,
231.40765432569833,85027,622,848,13506,
231.40935437492772,85026,623,848,13506,
231.41847063155927,85026,622,849,13506,
231.4231863945998,85025,623,849,13506,
231.42531641404744,85025,622,850,13506,
231.42644840938522,85024,623,850,13506,
231.42769304190492,85023,624,850,13506,
231.43207726970635,85022,625,850,13506,
231.43594775334074,85021,626,850,13506,
231.4384712243918,85021,625,851,13506,
231.43852279797272,85021,625,850,13507,
231.43923276494115,85021,625,849,13508,
231.43938453526013,85021,624,850,13508,
231.4566934150598,85021,623,851,13508,
231.4584966402467,85021,623,850,13509,
231.471515007813,85021,622,851,13509,
231.47391211976816,85020,623,851,13509,
231.47596171591505,85020,622,852,13509,
231.48935685340388,85020,621,853,13509,
231.49271377848092,85020,621,852,13510,
231.4941077461904,85020,621,851,13511,
231.49417618042696,85019,622,851,13511,
231.4958325578652,85018,623,851,13511,
231.49593846848433,85017,624,851,13511,
231.4980892370406,85017,624,850,13512,
231.49831399667517,85017,624,849,13513,
231.50943559835224,85016,625,849,13513,
231.5117583720587,85016,625,848,13514,
231.51282690854805,85016,624,849,13514,
231.51807378939876,85016,623,850,13514,
231.52408577870278,85016,623,849,13515,
231.52414847471925,85016,622,850,13515,
231.5312295254831,85016,621,851,13515,
231.5360773166013,85016,620,852,13515,
231.53643787776082,85016,619,853,13515,
231.5414689092638,85015,620,853,13515,
231.54199441877995,85014,621,853,13515,
231.54428066753678,85014,620,854,13515,
231.54498923193935,85014,620,853,13516,
231.54685258401443,85014,620,852,13517,
231.54724933476592,85014,619,853,13517,
231.55092797156274,85013,620,853,13517,
231.55137308346184,85013,620,852,13518,
231.5522297352022,85013,620,851,13519,
231.55754575158227,85013,620,850,13520,
231.55871643656036,85013,620,849,13521,
231.55986944398566,85013,620,848,13522,
231.5607523039857,85012,621,848,13522,
231.5622530636934,85011,622,848,13522,
231.57286810989007,85010,623,848,13522,
231.57678570076598,85010,622,849,13522,
231.5781068438562,85009,623,849,13522,
231.5833585343822,85009,623,848,13523,
231.58417136630752,85009,623,847,13524,
231.58539652774175,85009,623,846,13525,
231.58851761898958,85008,624,846,13525,
231.58957989024356,85008,623,847,13525,
231.59176041248298,85008,623,846,13526,
231.5924261176867,85007,624,846,13526,
231.59322529492408,85006,625,846,13526,
231.59408655179305,85005,626,846,13526,
231.6007894284437,85004,627,846,13526,
231.60079997933502,85004,627,845,13527,
231.60153481057785,85004,627,844,13528,
231.60264381870016,85004,626,845,13528,
231.60554494460894,85004,626,844,13529,
231.60790091905125,85003,627,844,13529,
231.60794173564193,85002,628,844,13529,
231.62979120687356,85001,629,844,13529,
231.63866836851886,85001,628,845,13529,
231.6444159562538,85001,628,844,13530,
231.64891605807748,85000,629,844,13530,
231.65515071233142,84999,630,844,13530,
231.65791000406867,84998,631,844,13530,
231.66002168058654,84997,632,844,13530,
231.66453636548326,84996,633,844,13530,
231.66529444580988,84996,632,845,13530,
231.6656771613883,84996,631,846,13530,
231.66588914082828,84996,631,845,13531,
231.66609369495387,84996,630,846,13531,
231.66697996526608,84995,631,846,13531,
231.66938293891758,84994,632,846,13531,
231.66983961126752,84994,631,847,13531,
231.6698425123468,84994,631,846,13532,
231.67025150708102,84994,630,847,13532,
231.67879214351396,84994,629,848,13532,
231.68000027079273,84994,629,847,13533,
231.6846634164756,84993,630,847,13533,
231.68748245799313,84992,631,847,13533,
231.69058408650602,84992,630,848,13533,
231.69187940265226,84991,631,848,13533,
231.69359973747984,84991,631,847,13534,
231.69361850580412,84991,631,846,13535,
231.69380542301622,84991,630,847,13535,
231.6966086372051,84991,629,848,13535,
231.705726960793,84991,628,849,13535,
231.71034988041737,84991,627,850,13535,
231.7145043913513,84990,628,850,13535,
231.7189558200194,84989,629,850,13535,
231.722925869944,84989,628,851,13535,
231.72367838811226,84988,629,851,13535,
231.72592857382807,84987,630,851,13535,
231.72647506853608,84986,631,851,13535,
231.72746959381828,84986,630,852,13535,
231.73649434753065,84986,629,853,13535,
231.74684235322644,84986,629,852,13536,
231.75075847332255,84986,628,853,13536,
231.75086750408548,84985,629,853,13536,
231.76005415465664,84985,629,852,13537,
231.76774738936967,84984,630,852,13537,
231.76812002400396,84984,629,853,13537,
231.76852607090942,84983,630,853,13537,
231.76870365032178,84983,629,854,13537,
231.76871362526427,84983,629,853,13538,
231.77181301438677,84982,630,853,13538,
231.7853767152396,84982,630,852,13539,
231.79240367609108,84981,631,852,13539,
231.79518518864109,84980,632,852,13539,
231.7989342619382,84980,632,851,13540,
231.80087685474479,84979,633,851,13540,
231.80599788224222,84979,632,852,13540,
231.80772976227848,84979,631,853,13540,
231.80776608352159,84979,630,854,13540,
231.8086545058265,84979,630,853,13541,
231.81523503420723,84979,630,852,13542,
231.8159383468599,84979,630,851,13543,
231.8181279327297,84979,629,852,13543,
231.8183828483692,84978,630,852,13543,
231.82067345893427,84977,631,852,13543,
231.82275530238988,84977,631,851,13544,
231.82482149190895,84977,630,852,13544,
231.8282639803281,84977,630,851,13545,
231.83522440219105,84977,630,850,13546,
231.8363107365127,84977,630,849,13547,
231.83725096239178,84977,630,848,13548,
231.83859544485725,84977,629,849,13548,
231.8387249778774,84976,630,849,13548,
231.8446936478807,84975,631,849,13548,
231.84986893557908,84975,630,850,13548,
231.85000653446338,84975,629,851,13548,
231.85281192275895,84975,628,852,13548,
231.8593637223993,84975,628,851,13549,
231.86661686760962,84974,629,851,13549,
231.86721488595742,84974,628,852,13549,
231.87063147056838,84974,627,853,13549,
231.8750410481469,84974,627,852,13550,
231.87518530965534,84974,626,853,13550,
231.87780064015138,84974,625,854,13550,
231.87900040140687,84973,626,854,13550,
231.88145696448237,84972,627,854,13550,
231.88155986253113,84971,628,854,13550,
231.88181098520835,84971,628,853,13551,
231.88537852200665,84971,627,854,13551,
231.88611140332816,84971,627,853,13552,
231.88718873574157,84971,626,854,13552,
231.8886202838464,84971,626,853,13553,
231.88917408232098,84970,627,853,13553,
231.8904804989241,84969,628,853,13553,
231.8953113486099,84969,627,854,13553,
231.89613169110942,84969,626,855,13553,
231.89714988247152,84969,625,856,13553,
231.90622444573737,84969,624,857,13553,
231.91739196995405,84968,625,857,13553,
231.9229522832478,84967,626,857,13553,
231.92334429293854,84966,627,857,13553,
231.92363753795414,84966,627,856,13554,
231.92440037235826,84966,626,857,13554,
231.93087103109818,84966,625,858,13554,
231.9396782777574,84966,624,859,13554,
231.94332827183356,84966,623,860,13554,
231.94407372615572,84966,623,859,13555,
231.94452906236606,84966,622,860,13555,
231.94635251764132,84965,623,860,13555,
231.94950420176912,84965,622,861,13555,
231.95034575014023,84964,623,861,13555,
231.9520951620129,84964,623,860,13556,
231.9543877249306,84964,623,859,13557,
231.95545305056075,84964,622,860,13557,
231.95940397893116,84964,622,859,13558,
231.9602118032466,84964,621,860,13558,
231.96181909045924,84964,621,859,13559,
231.96630986307562,84964,620,860,13559,
231.96879337343324,84964,619,861,13559,
231.97634475808167,84963,620,861,13559,
231.97748010256726,84963,619,862,13559,
231.98174683801065,84962,620,862,13559,
231.9832740434687,84962,620,861,13560,
231.98342492580332,84961,621,861,13560,
231.98404653693402,84960,622,861,13560,
231.98654114804762,84960,621,862,13560,
231.9897053667502,84960,620,863,13560,
231.9898011913481,84960,620,862,13561,
231.99032689198748,84959,621,862,13561,
231.99118143798825,84958,622,862,13561,
231.9984374552436,84957,623,862,13561,
231.999849413416,84957,623,861,13562,
232.00341478371723,84956,624,861,13562,
232.00401810317965,84956,624,860,13563,
232.01016738446617,84956,624,859,13564,
232.0110885870717,84955,625,859,13564,
232.0166805959942,84955,624,860,13564,
232.01765700657637,84955,623,861,13564,
232.01935057622146,84955,622,862,13564,
232.0213450832035,84955,622,861,13565,
232.02483484606614,84955,621,862,13565,
232.0318165591367,84954,622,862,13565,
232.03202087356763,84954,622,861,13566,
232.03732192786148,84954,622,860,13567,
232.03932491965273,84953,623,860,13567,
232.043065153511,84953,622,861,13567,
232.0458997615263,84953,622,860,13568,
232.0539719521197,84952,623,860,13568,
232.0555173750153,84952,622,861,13568,
232.05923408841736,84952,621,862,13568,
232.06724116828386,84951,622,862,13568,
232.06841954122928,84951,621,863,13568,
232.0701828252081,84950,622,863,13568,
232.08053925860705,84950,621,864,13568,
232.08895223573074,84949,622,864,13568,
232.09094039351166,84949,622,863,13569,
232.09125820356124,84948,623,863,13569,
232.09585855081906,84947,624,863,13569,
232.09726427743556,84947,623,864,13569,
232.09949310104662,84947,622,865,13569,
232.10003927387888,84947,622,864,13570,
232.10043104269278,84947,621,865,13570,
232.1014922949283,84946,622,865,13570,
232.10331169494748,84946,622,864,13571,
232.10365349029348,84945,623,864,13571,
232.10393900711907,84945,623,863,13572,
232.10762482232326,84945,622,864,13572,
232.10831728903455,84945,622,863,13573,
232.1096586704097,84944,623,863,13573,
232.11307511068736,84944,623,862,13574,
232.11461462206873,84944,623,861,13575,
232.11506054393783,84944,623,860,13576,
232.1184032298715,84944,623,859,13577,
232.11884207760616,84943,624,859,13577,
232.12037622638067,84943,623,860,13577,
232.1209938878822,84943,622,861,13577,
232.1229163065163,84943,622,860,13578,
232.123584240231,84942,623,860,13578,
232.1258118952497,84942,623,859,13579,
232.12848938559384,84942,622,860,13579,
232.13118243257966,84941,623,860,13579,
232.13346960309323,84941,623,859,13580,
232.1377848560573,84941,622,860,13580,
232.1455998231161,84941,622,859,13581,
232.14769802302783,84940,623,859,13581,
232.15481333787213,84939,624,859,13581,
232.15589718072448,84938,625,859,13581,
232.15750156339922,84938,624,860,13581,
232.1645776739044,84938,624,859,13582,
232.16556058705206,84938,623,860,13582,
232.16628690964635,84938,623,859,13583,
232.16833475789034,84937,624,859,13583,
232.17221105170407,84936,625,859,13583,
232.17239865838894,84935,626,859,13583,
232.17969552964234,84935,625,860,13583,
232.18633612459683,84935,624,861,13583,
232.19342969484876,84934,625,861,13583,
232.19412779652353,84933,626,861,13583,
232.19985458084514,84933,626,860,13584,
232.20181744044177,84933,625,861,13584,
232.2025290378518,84933,624,862,13584,
232.20710547340417,84932,625,862,13584,
232.21048253266528,84931,626,862,13584,
232.21364041649363,84931,626,861,13585,
232.21866135796657,84931,626,860,13586,
232.22008608090624,84931,626,859,13587,
232.22650551185149,84931,625,860,13587,
232.23116695527662,84930,626,860,13587,
232.23421937399905,84930,625,861,13587,
232.2363153658247,84930,624,862,13587,
232.23663558001672,84930,623,863,13587,
232.23697050958256,84930,622,864,13587,
232.24498262629905,84929,623,864,13587,
232.24644788060675,84929,623,863,13588,
232.24656133748488,84928,624,863,13588,
232.251974535298,84928,623,864,13588,
232.25244368821046,84928,623,863,13589,
232.25687586000709,84928,622,864,13589,
232.2570102112752,84927,623,864,13589,
232.2580927545641,84926,624,864,13589,
232.2638152326839,84926,624,863,13590,
232.2673874667687,84926,623,864,13590,
232.26969054886132,84926,622,865,13590,
232.27007515255224,84925,623,865,13590,
232.27443939311047,84924,624,865,13590,
232.27452753734713,84924,623,866,13590,
232.27816997483473,84924,623,865,13591,
232.2862763309359,84923,624,865,13591,
232.28717066451657,84923,623,866,13591,
232.2904477490685,84923,622,867,13591,
232.29284623779142,84922,623,867,13591,
232.2930531125506,84922,623,866,13592,
232.29590662442138,84922,623,865,13593,
232.2961186923475,84922,623,864,13594,
232.30051979027755,84922,623,863,13595,
232.30331919414184,84922,622,864,13595,
232.3036098153762,84922,621,865,13595,
232.30819996634048,84922,621,864,13596,
232.3085621506425,84921,622,864,13596,
232.30875829946353,84921,622,863,13597,
232.3104891488416,84921,622,862,13598,
232.316058397015,84920,623,862,13598,
232.31693321264927,84920,622,863,13598,
232.32209508797638,84919,623,863,13598,
232.32600054167895,84918,624,863,13598,
232.3288013376235,84918,623,864,13598,
232.32979294027592,84917,624,864,13598,
232.33039776565766,84917,623,865,13598,
232.33170497498998,84916,624,865,13598,
232.33998384589307,84915,625,865,13598,
232.3400538965523,84915,625,864,13599,
232.34480889329825,84915,625,863,13600,
232.3478754902986,84915,624,864,13600,
232.34924751986077,84915,624,863,13601,
232.35244109832524,84914,625,863,13601,
232.35694782709515,84914,624,864,13601,
232.3605151573178,84914,624,863,13602,
232.36263876362676,84913,625,863,13602,
232.36510138871628,84913,625,862,13603,
232.365153610082,84913,624,863,13603,
232.36524573051926,84913,624,862,13604,
232.36586084957665,84913,624,861,13605,
232.36669513475812,84913,624,860,13606,
232.3674753236785,84913,623,861,13606,
232.36850623096174,84912,624,861,13606,
232.37030285355962,84911,625,861,13606,
232.37257261426015,84910,626,861,13606,
232.37269227230854,84910,625,862,13606,
232.37477549696754,84910,625,861,13607,
232.3758182654398,84909,626,861,13607,
232.37878902660083,84909,625,862,13607,
232.37938989396827,84908,626,862,13607,
232.38194253376943,84908,626,861,13608,
232.3831192149831,84908,626,860,13609,
232.3839788196933,84907,627,860,13609,
232.38879441736225,84907,626,861,13609,
232.39065433034958,84907,626,860,13610,
232.39778228283743,84907,625,861,13610,
232.40072517551985,84906,626,861,13610,
232.40222156962523,84906,625,862,13610,
232.40267974433638,84905,626,862,13610,
232.404215316918,84904,627,862,13610,
232.40534867316305,84904,626,863,13610,
232.407570153299,84904,625,864,13610,
232.41518021059596,84903,626,864,13610,
232.41705363217338,84903,626,863,13611,
232.41870652038068,84902,627,863,13611,
232.4206067584902,84902,626,864,13611,
232.42147489395566,84902,626,863,13612,
232.42253733515858,84901,627,863,13612,
232.4229048155867,84901,627,862,13613,
232.42387857701047,84901,627,861,13614,
232.4302728709864,84901,626,862,13614,
232.43086363555173,84901,626,861,13615,
232.4343429681822,84901,625,862,13615,
232.43574853569635,84901,624,863,13615,
232.4358484273682,84901,624,862,13616,
232.4386140869916,84901,624,861,13617,
232.44576090968707,84900,625,861,13617,
232.44596072984004,84900,624,862,13617,
232.44714009416577,84899,625,862,13617,
232.4472643754911,84898,626,862,13617,
232.4496383891233,84897,627,862,13617,
232.45337708944737,84897,627,861,13618,
232.45467877763198,84896,628,861,13618,
232.45668758602363,84896,628,860,13619,
232.46433610367578,84896,628,859,13620,
232.46537073947658,84895,629,859,13620,
232.46679994358564,84895,628,860,13620,
232.47024800621872,84895,628,859,13621,
232.47222745528586,84895,627,860,13621,
232.47536169949282,84895,626,861,13621,
232.47750883835576,84894,627,861,13621,
232.4795260855021,84893,628,861,13621,
232.47981236941084,84893,627,862,13621,
232.48255676843047,84892,628,862,13621,
232.48704003100016,84891,629,862,13621,
232.48737736274168,84890,630,862,13621,
232.49037980371787,84889,631,862,13621,
232.49063941765928,84889,631,861,13622,
232.49113305625,84889,631,860,13623,
232.49649344112854,84889,631,859,13624,
232.49667437853262,84889,631,858,13625,
232.496882309651,84889,630,859,13625,
232.49848149743787,84889,629,860,13625,
232.50145074750458,84889,628,861,13625,
232.50231726976924,84888,629,861,13625,
232.5027188623052,84888,629,860,13626,
232.50758735889465,84888,629,859,13627,
232.50759043832804,84888,628,860,13627,
232.51132368571058,84888,628,859,13628,
232.51484895232062,84887,629,859,13628,
232.51633976563863,84886,630,859,13628,
232.5170992503264,84886,630,858,13629,
232.51863977017067,84886,630,857,13630,
232.5199798834613,84886,630,856,13631,
232.52001988928225,84886,630,855,13632,
232.5210714217141,84886,630,854,13633,
232.52223448101114,84885,631,854,13633,
232.52236463378165,84885,630,855,13633,
232.52259009933442,84885,630,854,13634,
232.5291317920264,84885,629,855,13634,
232.53131394866358,84884,630,855,13634,
232.5328433962099,84884,630,854,13635,
232.5328860588277,84883,631,854,13635,
232.53394515308963,84883,631,853,13636,
232.5364408937716,84883,630,854,13636,
232.5417348835606,84882,631,854,13636,
232.5420348498022,84882,631,853,13637,
232.54205476665703,84882,630,854,13637,
232.54499716242864,84882,629,855,13637,
232.54646269157678,84882,628,856,13637,
232.5470934692258,84882,628,855,13638,
232.54972927902327,84882,627,856,13638,
232.55138389783633,84881,628,856,13638,
232.5564221204109,84880,629,856,13638,
232.5591156930014,84879,630,856,13638,
232.55956770814598,84879,630,855,13639,
232.56557846287467,84878,631,855,13639,
232.56754962776546,84878,631,854,13640,
232.57056852762705,84877,632,854,13640,
232.58029964315887,84876,633,854,13640,
232.58378315370334,84875,634,854,13640,
232.587015576919,84875,634,853,13641,
232.59116588475663,84875,634,852,13642,
232.59143064900906,84875,633,853,13642,
232.59447102740526,84875,632,854,13642,
232.59750057196624,84875,632,853,13643,
232.59929715054483,84874,633,853,13643,
232.60793098658093,84873,634,853,13643,
232.60920432532902,84873,634,852,13644,
232.61042811891474,84872,635,852,13644,
232.61772495797823,84872,634,853,13644,
232.61990199778455,84872,633,854,13644,
232.62229539133475,84872,632,855,13644,
232.6243370784227,84872,631,856,13644,
232.6277843253646,84871,632,856,13644,
232.63284746816288,84871,631,857,13644,
232.63567948422693,84871,631,856,13645,
232.64149669885907,84870,632,856,13645,
232.64632879658643,84869,633,856,13645,
232.6492852459202,84869,632,857,13645,
232.65213187532618,84868,633,857,13645,
232.65306914680255,84868,632,858,13645,
232.65717497647464,84868,632,857,13646,
232.6595582085864,84868,631,858,13646,
232.66251592485145,84868,631,857,13647,
232.6628814028511,84868,630,858,13647,
232.66649433791324,84868,630,857,13648,
232.66978981022544,84867,631,857,13648,
232.6703976766833,84867,630,858,13648,
232.6706013871953,84866,631,858,13648,
232.67226323022035,84865,632,858,13648,
232.6744754016138,84865,631,859,13648,
232.67639642589478,84865,631,858,13649,
232.6784768373633,84865,630,859,13649,
232.6808387925752,84864,631,859,13649,
232.6832983712472,84864,631,858,13650,
232.68523490522952,84863,632,858,13650,
232.68690450543374,84862,633,858,13650,
232.6873045352671,84862,632,859,13650,
232.6882788139805,84861,633,859,13650,
232.69004055296713,84860,634,859,13650,
232.69994147529238,84860,634,858,13651,
232.69996276439102,84859,635,858,13651,
232.70344173538328,84859,635,857,13652,
232.70593587755576,84858,636,857,13652,
232.70620630871284,84857,637,857,13652,
232.70644375345097,84856,638,857,13652,
232.70763227430282,84856,637,858,13652,
232.71221135283628,84855,638,858,13652,
232.7130321202116,84854,639,858,13652,
232.71729000992292,84854,638,859,13652,
232.72407162697556,84853,639,859,13652,
232.72417180323262,84853,639,858,13653,
232.72671271249112,84852,640,858,13653,
232.72906847869058,84852,639,859,13653,
232.7301350547599,84852,639,858,13654,
232.73281362266087,84852,639,857,13655,
232.73553455176872,84852,638,858,13655,
232.73698562940814,84852,638,857,13656,
232.74134803492163,84852,638,856,13657,
232.74562845916762,84852,638,855,13658,
232.7478870067001,84852,638,854,13659,
232.75409780684237,84851,639,854,13659,
232.75461060634504,84851,638,855,13659,
232.75701950566935,84850,639,855,13659,
232.75731495193986,84849,640,855,13659,
232.76837633123503,84848,641,855,13659,
232.77460973381082,84847,642,855,13659,
232.77835767068234,84847,642,854,13660,
232.7799222349566,84847,642,853,13661,
232.78234093915165,84846,643,853,13661,
232.78414014804918,84846,643,852,13662,
232.7889374837021,84846,642,853,13662,
232.7895861705326,84845,643,853,13662,
232.79121589124625,84844,644,853,13662,
232.79447619130082,84844,644,852,13663,
232.7945425460031,84844,643,853,13663,
232.7988378066001,84844,642,854,13663,
232.8077096464555,84844,641,855,13663,
232.8088283968039,84843,642,855,13663,
232.80966703601587,84843,641,856,13663,
232.8117636388788,84842,642,856,13663,
232.81954240776344,84841,643,856,13663,
232.8297127018191,84841,643,855,13664,
232.83128802244312,84841,643,854,13665,
232.83258382418404,84841,643,853,13666,
232.83378697097126,84841,642,854,13666,
232.83452097687336,84841,642,853,13667,
232.83607690717912,84841,642,852,13668,
232.8373395462263,84840,643,852,13668,
232.83804376099454,84839,644,852,13668,
232.8396155778305,84839,643,853,13668,
232.8402438328501,84838,644,853,13668,
232.84449364407678,84838,643,854,13668,
232.84717679617287,84837,644,854,13668,
232.84822082290643,84837,644,853,13669,
232.8547892242475,84836,645,853,13669,
232.85572761870603,84836,645,852,13670,
232.8560845510225,84836,645,851,13671,
232.8563813189283,84836,645,850,13672,
232.8640237644018,84836,645,849,13673,
232.864333887013,84835,646,849,13673,
232.86484478788873,84835,646,848,13674,
232.8651161858631,84835,645,849,13674,
232.86771588778592,84835,644,850,13674,
232.8709313160528,84834,645,850,13674,
232.8725150308667,84834,645,849,13675,
232.87564255815317,84833,646,849,13675,
232.87590971759016,84833,646,848,13676,
232.87593349010388,84833,645,849,13676,
232.876017974065,84833,644,850,13676,
232.87666344631398,84833,643,851,13676,
232.88121267509857,84832,644,851,13676,
232.8824626857445,84832,644,850,13677,
232.8868536670983,84832,644,849,13678,
232.88751722767273,84832,643,850,13678,
232.8896406808526,84832,643,849,13679,
232.89022871851267,84832,642,850,13679,
232.89064805466936,84832,641,851,13679,
232.894024292141,84832,641,850,13680,
232.89470135578304,84831,642,850,13680,
232.8960864182981,84830,643,850,13680,
232.89977571513168,84830,642,851,13680,
232.90101253552746,84830,642,850,13681,
232.904091701654,84830,641,851,13681,
232.90497444470148,84830,640,852,13681,
232.90817760945126,84830,639,853,13681,
232.90950929185473,84830,638,854,13681,
232.9137975407095,84829,639,854,13681,
232.91859810042752,84828,640,854,13681,
232.91882020849198,84827,641,854,13681,
232.9203234803404,84827,640,855,13681,
232.92414783638625,84827,640,854,13682,
232.92683192589809,84826,641,854,13682,
232.92683924890642,84826,640,855,13682,
232.92766851828418,84825,641,855,13682,
232.92832082633606,84825,640,856,13682,
232.93028333339817,84825,640,855,13683,
232.9350809590497,84825,640,854,13684,
232.93508348144175,84825,639,855,13684,
232.93885980838695,84824,640,855,13684,
232.93960846356458,84824,639,856,13684,
232.94085206590364,84824,639,855,13685,
232.9543456146948,84824,638,856,13685,
232.95812612273585,84824,638,855,13686,
232.95847034985235,84824,637,856,13686,
232.95999848860293,84824,636,857,13686,
232.9610786458082,84824,636,856,13687,
232.96243826477675,84824,635,857,13687,
232.96265739818287,84824,634,858,13687,
232.96629490842932,84823,635,858,13687,
232.97084614776443,84823,634,859,13687,
232.97092099122943,84823,634,858,13688,
232.97705200866542,84822,635,858,13688,
232.9774398106787,84822,635,857,13689,
232.9794905541536,84821,636,857,13689,
232.989721513739,84820,637,857,13689,
232.98978406007953,84819,638,857,13689,
232.99240042235832,84819,638,856,13690,
232.9924063574769,84819,637,857,13690,
232.99374950655385,84818,638,857,13690,
232.99527467931415,84818,637,858,13690,
233.00240342951437,84818,637,857,13691,
233.00892354491197,84817,638,857,13691,
233.01421705794363,84816,639,857,13691,
233.0144360140694,84816,639,856,13692,
233.01625333117624,84816,638,857,13692,
233.02024124231082,84816,637,858,13692,
233.0205653069486,84816,637,857,13693,
233.02138485393925,84816,637,856,13694,
233.021734815558,84816,637,855,13695,
233.02311487434594,84816,636,856,13695,
233.02340520118344,84816,635,857,13695,
233.0322665473488,84816,635,856,13696,
233.04538689830366,84816,634,857,13696,
233.04689155667185,84816,633,858,13696,
233.0480408448367,84816,633,857,13697,
233.05046310285275,84816,632,858,13697,
233.0515777415031,84816,631,859,13697,
233.05483306143378,84815,632,859,13697,
233.0559336706154,84815,632,858,13698,
233.05709963085206,84814,633,858,13698,
233.05729132671055,84814,633,857,13699,
233.05940778782264,84813,634,857,13699,
233.0627632164214,84812,635,857,13699,
233.0630065565461,84812,635,856,13700,
233.06366838307977,84812,635,855,13701,
233.07415862268664,84811,636,855,13701,
233.0745470475686,84810,637,855,13701,
233.07488308790877,84809,638,855,13701,
233.07647107501265,84809,637,856,13701,
233.07656007061357,84808,638,856,13701,
233.0827414247874,84808,637,857,13701,
233.08446814472072,84807,638,857,13701,
233.08545534224197,84807,638,856,13702,
233.0872394745609,84807,638,855,13703,
233.08811926483094,84807,638,854,13704,
233.08998652925817,84807,637,855,13704,
233.09030810688924,84806,638,855,13704,
233.10041074351847,84806,638,854,13705,
233.1040753327386,84806,637,855,13705,
233.1059862043046,84806,636,856,13705,
233.1065615513253,84806,635,857,13705,
233.10710858970378,84805,636,857,13705,
233.10816713292107,84805,635,858,13705,
233.1150214211393,84804,636,858,13705,
233.11595997292503,84803,637,858,13705,
233.11834567315105,84802,638,858,13705,
233.11939515199325,84802,638,857,13706,
233.12583460805888,84802,637,858,13706,
233.1271578448459,84801,638,858,13706,
233.12781106236076,84800,639,858,13706,
233.1322087678413,84800,639,857,13707,
233.13464641739102,84800,638,858,13707,
233.13527748168886,84800,638,857,13708,
233.13582070742098,84800,637,858,13708,
233.13790216213255,84800,636,859,13708,
233.14049173411462,84800,635,860,13708,
233.14484443518964,84799,636,860,13708,
233.14874011222747,84799,636,859,13709,
233.1497550702445,84798,637,859,13709,
233.15864416610574,84797,638,859,13709,
233.1607499918407,84797,637,860,13709,
233.16145557220705,84797,636,861,13709,
233.16489543694001,84796,637,861,13709,
233.17218258657704,84795,638,861,13709,
233.17317472559714,84795,638,860,13710,
233.17813222075856,84795,637,861,13710,
233.18157748211271,84795,636,862,13710,
233.1836966234032,84795,635,863,13710,
233.18561987629624,84795,635,862,13711,
233.18596201454292,84794,636,862,13711,
233.19955747475822,84794,635,863,13711,
233.20286979423065,84794,635,862,13712,
233.2080156768052,84794,634,863,13712,
233.2197993539075,84794,633,864,13712,
233.22303371413395,84793,634,864,13712,
233.22587486909347,84792,635,864,13712,
233.22911971869058,84791,636,864,13712,
233.23306429857936,84790,637,864,13712,
233.24401526907604,84790,637,863,13713,
233.2492859305887,84789,638,863,13713,
233.25160402315308,84788,639,863,13713,
233.2526502625088,84788,639,862,13714,
233.25776316542635,84788,638,863,13714,
233.2628596493765,84788,637,864,13714,
233.2638697081241,84787,638,864,13714,
233.26409860281038,84786,639,864,13714,
233.2658145722626,84786,638,865,13714,
233.26654788007517,84786,637,866,13714,
233.26695357006142,84785,638,866,13714,
233.26866700112862,84785,637,867,13714,
233.26915414229714,84784,638,867,13714,
233.2695414273741,84784,637,868,13714,
233.27087341078254,84784,636,869,13714,
233.2758515756591,84784,635,870,13714,
233.2800946427018,84783,636,870,13714,
233.28115977910696,84783,636,869,13715,
233.28337968345647,84783,636,868,13716,
233.28433750938575,84783,636,867,13717,
233.28674587699075,84783,636,866,13718,
233.28763591150187,84783,636,865,13719,
233.29140039087696,84783,636,864,13720,
233.29543152366392,84782,637,864,13720,
233.30630596299528,84782,636,865,13720,
233.3067889733984,84782,636,864,13721,
233.3081013893013,84782,635,865,13721,
233.30923114834567,84781,636,865,13721,
233.31209834926955,84780,637,865,13721,
233.31937522134706,84780,637,864,13722,
233.31995321626675,84780,637,863,13723,
233.32131725720922,84779,638,863,13723,
233.32731104806678,84778,639,863,13723,
233.32775411146167,84778,639,862,13724,
233.33072499532082,84778,639,861,13725,
233.33528537080724,84778,639,860,13726,
233.33614096103074,84778,638,861,13726,
233.33674496716154,84777,639,861,13726,
233.33854374650846,84777,638,862,13726,
233.3400935891122,84777,637,863,13726,
233.34263636144652,84776,638,863,13726,
233.34487578006562,84776,638,862,13727,
233.34520393423907,84775,639,862,13727,
233.34673842650398,84774,640,862,13727,
233.35151273552674,84774,639,863,13727,
233.35618162074962,84774,638,864,13727,
233.35734832899826,84774,638,863,13728,
233.35883824374685,84773,639,863,13728,
233.36934541180662,84773,639,862,13729,
233.37269067966554,84773,639,861,13730,
233.37565043183002,84773,639,860,13731,
233.37652967859788,84773,638,861,13731,
233.37719648765383,84772,639,861,13731,
233.38047751008696,84772,638,862,13731,
233.3809010451459,84771,639,862,13731,
233.38184068307635,84771,638,863,13731,
233.38945604774779,84770,639,863,13731,
233.3902839996215,84769,640,863,13731,
233.39049046584154,84769,640,862,13732,
233.39278141645008,84769,640,861,13733,
233.39304520472393,84769,639,862,13733,
233.39874701929617,84769,638,863,13733,
233.3995079969422,84769,637,864,13733,
233.39954214322972,84769,636,865,13733,
233.40532490470852,84769,636,864,13734,
233.4074968131758,84769,635,865,13734,
233.40772409644092,84769,634,866,13734,
233.41070125923923,84769,634,865,13735,
233.4138343632401,84769,633,866,13735,
233.42324999073662,84769,633,865,13736,
233.42571071338267,84768,634,865,13736,
233.426648622398,84767,635,865,13736,
233.4295615278827,84766,636,865,13736,
233.43008846904962,84766,636,864,13737,
233.43220312452817,84765,637,864,13737,
233.4346654928101,84764,638,864,13737,
233.43956216803116,84763,639,864,13737,
233.44206321663464,84762,640,864,13737,
233.44237153517412,84762,639,865,13737,
233.44660072889894,84761,640,865,13737,
233.44741829752323,84760,641,865,13737,
233.4499067155085,84760,641,864,13738,
233.45068787615511,84760,641,863,13739,
233.45090576080094,84760,640,864,13739,
233.45481676580528,84759,641,864,13739,
233.45712551718967,84758,642,864,13739,
233.46190436482823,84758,641,865,13739,
233.47179147363883,84758,640,866,13739,
233.47234090199206,84757,641,866,13739,
233.4742518976019,84756,642,866,13739,
233.47432883366469,84756,642,865,13740,
233.47960420109573,84755,643,865,13740,
233.48288711368087,84755,642,866,13740,
233.48297633647528,84755,642,865,13741,
233.48451941396144,84754,643,865,13741,
233.4846588321689,84754,642,866,13741,
233.4893939688181,84754,641,867,13741,
233.50263044361606,84754,641,866,13742,
233.50397763116652,84753,642,866,13742,
233.50544892416343,84752,643,866,13742,
233.5139034821034,84752,643,865,13743,
233.51532298916285,84752,643,864,13744,
233.52004179468605,84752,643,863,13745,
233.5212725156307,84752,643,862,13746,
233.52150487000665,84751,644,862,13746,
233.5215252275855,84750,645,862,13746,
233.52357651267235,84750,645,861,13747,
233.53101300991563,84750,645,860,13748,
233.53159206226837,84749,646,860,13748,
233.5347408508286,84749,645,861,13748,
233.53491958898238,84748,646,861,13748,
233.53520990643142,84747,647,861,13748,
233.5382640117062,84747,646,862,13748,
233.53946801008604,84747,646,861,13749,
233.54103735517697,84746,647,861,13749,
233.54167626870364,84746,647,860,13750,
233.54403697136678,84745,648,860,13750,
233.54648513326111,84744,649,860,13750,
233.55416005780927,84743,650,860,13750,
233.55562940380537,84743,649,861,13750,
233.55618086838663,84743,648,862,13750,
233.5568736359123,84742,649,862,13750,
233.55917187699626,84741,650,862,13750,
233.5616321304875,84741,649,863,13750,
233.56475356151435,84741,648,864,13750,
233.56605674844164,84741,647,865,13750,
233.56815798969643,84740,648,865,13750,
233.568935905056,84739,649,865,13750,
233.57165258395804,84739,648,866,13750,
233.57301852840575,84738,649,866,13750,
233.5740258745222,84738,648,867,13750,
233.57475260527497,84738,648,866,13751,
233.58533321090005,84738,648,865,13752,
233.58566764415042,84737,649,865,13752,
233.58635635949,84737,648,866,13752,
233.58705685236458,84737,648,865,13753,
233.59089878527888,84737,647,866,13753,
233.59350216003523,84737,647,865,13754,
233.5972897923113,84736,648,865,13754,
233.59848874875956,84736,648,864,13755,
233.59890778947025,84736,648,863,13756,
233.60524807281104,84735,649,863,13756,
233.60791751496285,84735,648,864,13756,
233.60945748412712,84735,648,863,13757,
233.61158199418915,84734,649,863,13757,
233.61332014306004,84734,648,864,13757,
233.6177539201451,84734,647,865,13757,
233.62153405216773,84733,648,865,13757,
233.62188477841852,84733,648,864,13758,
233.62562101466253,84732,649,864,13758,
233.6282024286065,84731,650,864,13758,
233.63145200688058,84731,650,863,13759,
233.6353831907386,84731,649,864,13759,
233.6366397031756,84730,650,864,13759,
233.6374031504956,84730,650,863,13760,
233.64015737780784,84730,649,864,13760,
233.65045067755833,84730,649,863,13761,
233.65095548097796,84730,649,862,13762,
233.65180969865037,84729,650,862,13762,
233.65403707322292,84729,649,863,13762,
233.6563482695607,84729,649,862,13763,
233.65779284505916,84728,650,862,13763,
233.6618477504755,84728,649,863,13763,
233.66395825156326,84728,649,862,13764,
233.6743162760761,84727,650,862,13764,
233.67490237564343,84727,650,861,13765,
233.67773226838023,84727,649,862,13765,
233.68004106194644,84727,648,863,13765,
233.6806282639001,84727,647,864,13765,
233.68097866521717,84726,648,864,13765,
233.68417780532224,84726,647,865,13765,
233.6846781980189,84726,646,866,13765,
233.6863065525255,84726,646,865,13766,
233.69092403530078,84726,646,864,13767,
233.69309267289245,84726,645,865,13767,
233.69352002316708,84725,646,865,13767,
233.69545481904353,84725,645,866,13767,
233.69769362813966,84725,644,867,13767,
233.700449629019,84725,643,868,13767,
233.70261664883432,84725,643,867,13768,
233.70273438605244,84724,644,867,13768,
233.70290752416554,84723,645,867,13768,
233.70292677635993,84723,644,868,13768,
233.70313143846718,84723,644,867,13769,
233.70790245326498,84723,644,866,13770,
233.71056488297523,84722,645,866,13770,
233.7111358587082,84721,646,866,13770,
233.71708212121226,84721,645,867,13770,
233.72223827539182,84721,644,868,13770,
233.722392437382,84721,643,869,13770,
233.72496129360383,84721,643,868,13771,
233.72605736882116,84721,643,867,13772,
233.72714330089323,84721,643,866,13773,
233.7299542835159,84720,644,866,13773,
233.73290504751725,84720,643,867,13773,
233.73398388938588,84720,643,866,13774,
233.73762624722553,84719,644,866,13774,
233.73932648183137,84719,643,867,13774,
233.74080302034136,84718,644,867,13774,
233.74605169972716,84717,645,867,13774,
233.74860430019478,84717,645,866,13775,
233.74969365690865,84717,644,867,13775,
233.75301879685463,84716,645,867,13775,
233.75380528894,84716,645,866,13776,
233.75615837625324,84715,646,866,13776,
233.7574887844124,84715,645,867,13776,
233.75753783557087,84714,646,867,13776,
233.75814176420212,84714,645,868,13776,
233.75820041898427,84713,646,868,13776,
233.76062229436354,84712,647,868,13776,
233.7618984342338,84712,647,867,13777,
233.76259597243967,84712,646,868,13777,
233.7691218912661,84711,647,868,13777,
233.77174201252492,84710,648,868,13777,
233.77253901778167,84710,648,867,13778,
233.77913824347297,84709,649,867,13778,
233.77983353048114,84709,648,868,13778,
233.7799509650065,84708,649,868,13778,
233.7801774894521,84708,649,867,13779,
233.78208059994708,84708,649,866,13780,
233.7859360507385,84707,650,866,13780,
233.78619774613267,84706,651,866,13780,
233.78880367696613,84705,652,866,13780,
233.79413687740367,84705,652,865,13781,
233.79470187123601,84705,651,866,13781,
233.79544838375853,84705,650,867,13781,
233.79875245520773,84705,649,868,13781,
233.80252857595883,84705,649,867,13782,
233.8048626350283,84704,650,867,13782,
233.8077315346477,84704,650,866,13783,
233.811945578249,84704,650,865,13784,
233.812354330961,84704,649,866,13784,
233.81355980416396,84704,648,867,13784,
233.81525106275825,84704,648,866,13785,
233.81586623539826,84704,648,865,13786,
233.81719267724674,84704,648,864,13787,
233.8177667590624,84703,649,864,13787,
233.81808096166478,84703,648,865,13787,
233.82355026847097,84703,647,866,13787,
233.82355891674248,84703,647,865,13788,
233.83093687816162,84703,646,866,13788,
233.84187965264513,84703,646,865,13789,
233.84580958459043,84703,645,866,13789,
233.84656425574082,84703,645,865,13790,
233.849666503719,84703,644,866,13790,
233.85211130317055,84703,644,865,13791,
233.85369385699948,84703,644,864,13792,
233.85393352349416,84703,644,863,13793,
233.8572196159004,84703,644,862,13794,
233.85848622620927,84702,645,862,13794,
233.8653291641759,84702,645,861,13795,
233.87029387517936,84702,645,860,13796,
233.8709217817286,84702,645,859,13797,
233.8733699450926,84702,644,860,13797,
233.87585769193186,84701,645,860,13797,
233.87905087951464,84700,646,860,13797,
233.87922657482292,84700,645,861,13797,
233.88011189398821,84700,644,862,13797,
233.8814655769208,84700,643,863,13797,
233.88635019804576,84699,644,863,13797,
233.8888159171112,84699,643,864,13797,
233.89081912317414,84699,642,865,13797,
233.89354532920606,84699,641,866,13797,
233.89375982819925,84699,640,867,13797,
233.89696575390326,84698,641,867,13797,
233.89813687229463,84697,642,867,13797,
233.9001564256951,84697,641,868,13797,
233.90036863289237,84697,640,869,13797,
233.90275410457068,84696,641,869,13797,
233.90487195496803,84695,642,869,13797,
233.9080588652594,84695,641,870,13797,
233.91022491414725,84695,640,871,13797,
233.91042847640222,84694,641,871,13797,
233.91233293462687,84694,640,872,13797,
233.91373314205856,84694,640,871,13798,
233.91537925962015,84693,641,871,13798,
233.92704728965157,84692,642,871,13798,
233.93433711821476,84692,642,870,13799,
233.93868006920286,84692,642,869,13800,
233.93880345637467,84691,643,869,13800,
233.94117712204041,84691,642,870,13800,
233.9414326728923,84690,643,870,13800,
233.94334812542027,84690,643,869,13801,
233.94537564834587,84689,644,869,13801,
233.95003980116954,84688,645,869,13801,
233.95043198812348,84688,644,870,13801,
233.9582214946929,84688,643,871,13801,
233.9605834569694,84688,643,870,13802,
233.96239386725838,84688,642,871,13802,
233.96426036044764,84687,643,871,13802,
233.96743913468143,84687,643,870,13803,
233.967926815776,84687,642,871,13803,
233.9699791392736,84687,641,872,13803,
233.97580355646127,84686,642,872,13803,
233.97790786739495,84685,643,872,13803,
233.9787426431165,84684,644,872,13803,
233.98016392593934,84683,645,872,13803,
233.9811126466005,84683,645,871,13804,
233.98301986823083,84683,645,870,13805,
233.9865747087692,84683,644,871,13805,
233.99222205103894,84683,643,872,13805,
233.9940267498292,84683,642,873,13805,
233.9992095584608,84682,643,873,13805,
233.99929542372416,84682,642,874,13805,
234.0009296363651,84682,641,875,13805,
234.00296250430983,84682,641,874,13806,
234.004335821043,84681,642,874,13806,
234.0045791279338,84681,641,875,13806,
234.008652962617,84680,642,875,13806,
234.0107499269038,84679,643,875,13806,
234.01621608098375,84679,642,876,13806,
234.01685416485077,84679,641,877,13806,
234.01797347542572,84679,641,876,13807,
234.01828839049617,84678,642,876,13807,
234.0217719369983,84677,643,876,13807,
234.0218969047053,84677,643,875,13808,
234.03018533120945,84676,644,875,13808,
234.03121234588568,84675,645,875,13808,
234.0324927940742,84675,644,876,13808,
234.0327928712045,84675,644,875,13809,
234.03371400010622,84675,643,876,13809,
234.03886391524858,84675,642,877,13809,
234.04741255303867,84675,641,878,13809,
234.04857675509203,84675,641,877,13810,
234.04887099557868,84674,642,877,13810,
234.04932301315006,84674,642,876,13811,
234.0505714608302,84673,643,876,13811,
234.0511782818047,84672,644,876,13811,
234.05154698626976,84672,643,877,13811,
234.05534058057452,84671,644,877,13811,
234.05553655880726,84671,643,878,13811,
234.06020171547453,84670,644,878,13811,
234.0624031953479,84669,645,878,13811,
234.06251824404134,84668,646,878,13811,
234.06286630499318,84668,646,877,13812,
234.06351404874937,84668,646,876,13813,
234.06895365302626,84667,647,876,13813,
234.0746557775146,84666,648,876,13813,
234.07634362333604,84665,649,876,13813,
234.08005962836467,84664,650,876,13813,
234.0819478179654,84664,649,877,13813,
234.08841491293632,84664,649,876,13814,
234.08928576893513,84663,650,876,13814,
234.08998566919462,84663,649,877,13814,
234.09021437352726,84663,648,878,13814,
234.09764899084223,84663,648,877,13815,
234.10109246758418,84662,649,877,13815,
234.10286768360123,84662,648,878,13815,
234.1031434076129,84662,647,879,13815,
234.10405724694135,84662,646,880,13815,
234.1053184664138,84661,647,880,13815,
234.10609122864938,84661,647,879,13816,
234.1074052306764,84661,647,878,13817,
234.1107241699665,84661,646,879,13817,
234.11589399011203,84660,647,879,13817,
234.1223282773448,84660,647,878,13818,
234.12788271053688,84660,646,879,13818,
234.12884160946066,84660,646,878,13819,
234.12943612299625,84660,645,879,13819,
234.13101950900509,84660,644,880,13819,
234.13527415128064,84660,643,881,13819,
234.14176305738508,84659,644,881,13819,
234.14210710601623,84658,645,881,13819,
234.14303900919657,84658,645,880,13820,
234.14553494180552,84657,646,880,13820,
234.14747961215446,84657,646,879,13821,
234.14784108982482,84657,646,878,13822,
234.15931670086874,84657,645,879,13822,
234.16011753696023,84656,646,879,13822,
234.16095334493605,84656,646,878,13823,
234.17172433780814,84655,647,878,13823,
234.17571538447692,84655,647,877,13824,
234.181806603892,84655,646,878,13824,
234.18662952485042,84655,646,877,13825,
234.1881842051835,84655,645,878,13825,
234.1925270687281,84655,644,879,13825,
234.19493323617667,84655,643,880,13825,
234.1956075728566,84655,643,879,13826,
234.20229013285973,84655,643,878,13827,
234.2046010895139,84654,644,878,13827,
234.2089141134948,84654,643,879,13827,
234.2109175472768,84654,642,880,13827,
234.21215290265522,84654,641,881,13827,
234.2127085460921,84654,640,882,13827,
234.21385483388906,84653,641,882,13827,
234.21584091560342,84652,642,882,13827,
234.21651030726503,84651,643,882,13827,
234.22968384294683,84651,642,883,13827,
234.23042592138967,84651,642,882,13828,
234.23324425257408,84650,643,882,13828,
234.2345942588321,84649,644,882,13828,
234.24073217313213,84649,644,881,13829,
234.2414139041963,84649,643,882,13829,
234.24176328990805,84648,644,882,13829,
234.24394079305188,84648,643,883,13829,
234.24783956375134,84648,642,884,13829,
234.2484422554707,84648,641,885,13829,
234.24857152399667,84647,642,885,13829,
234.25126991590955,84647,641,886,13829,
234.25484027194398,84647,640,887,13829,
234.2585985959578,84646,641,887,13829,
234.25872240621413,84646,640,888,13829,
234.25933608305226,84646,639,889,13829,
234.26484841512806,84646,638,890,13829,
234.26815938532496,84645,639,890,13829,
234.26874037957396,84645,638,891,13829,
234.27146199316795,84645,637,892,13829,
234.27289028385826,84645,636,893,13829,
234.28274602511215,84645,636,892,13830,
234.28308325947046,84644,637,892,13830,
234.28312860014614,84643,638,892,13830,
234.28721187663027,84643,637,893,13830,
234.2872858094396,84643,636,894,13830,
234.28986691772928,84643,635,895,13830,
234.29164364826525,84643,635,894,13831,
234.29268598138782,84642,636,894,13831,
234.29380130614857,84642,636,893,13832,
234.2971992180183,84642,635,894,13832,
234.29946623496613,84642,634,895,13832,
234.30320020483802,84642,634,894,13833,
234.30603030053592,84642,633,895,13833,
234.30976870804145,84641,634,895,13833,
234.31125505210878,84640,635,895,13833,
234.3115263879788,84640,634,896,13833,
234.31367578114708,84640,634,895,13834,
234.31598865241952,84640,634,894,13835,
234.31766736445428,84640,633,895,13835,
234.32290727367968,84639,634,895,13835,
234.32440728845745,84638,635,895,13835,
234.32463471553154,84638,635,894,13836,
234.33107259666843,84638,635,893,13837,
234.34026331047517,84638,635,892,13838,
234.3407832092761,84638,635,891,13839,
234.34171134920624,84637,636,891,13839,
234.3425852283557,84637,636,890,13840,
234.34508422794258,84637,636,889,13841,
234.34509783634113,84637,635,890,13841,
234.3489297863253,84636,636,890,13841,
234.34909894003476,84636,635,891,13841,
234.34956106954178,84636,634,892,13841,
234.36226741925944,84636,633,893,13841,
234.36368763576905,84636,633,892,13842,
234.36751534232755,84635,634,892,13842,
234.36769726582128,84635,634,891,13843,
234.3684320378402,84634,635,891,13843,
234.37193786665898,84634,635,890,13844,
234.37360633556366,84633,636,890,13844,
234.37431094849967,84632,637,890,13844,
234.38137509462803,84632,636,891,13844,
234.38683570822383,84632,635,892,13844,
234.39048658494517,84632,634,893,13844,
234.39261837678072,84632,633,894,13844,
234.3930222770021,84632,633,893,13845,
234.39916072800207,84632,632,894,13845,
234.4035091139703,84632,632,893,13846,
234.4075511656841,84632,632,892,13847,
234.41021340708966,84632,632,891,13848,
234.41530932139617,84631,633,891,13848,
234.41842410443087,84631,633,890,13849,
234.4206538521915,84631,632,891,13849,
234.4208785055526,84631,631,892,13849,
234.42194966032187,84630,632,892,13849,
234.4234644039318,84630,631,893,13849,
234.42734520462048,84629,632,893,13849,
234.4275265126592,84629,631,894,13849,
234.42852880157818,84629,630,895,13849,
234.4326060077075,84629,629,896,13849,
234.43440514804507,84628,630,896,13849,
234.43544626026983,84627,631,896,13849,
234.43606404472507,84627,630,897,13849,
234.43862303731697,84626,631,897,13849,
234.4389276712839,84626,631,896,13850,
234.44014714042441,84625,632,896,13850,
234.4446400625025,84625,631,897,13850,
234.44466874398654,84625,631,896,13851,
234.4465919219264,84624,632,896,13851,
234.45230038138226,84623,633,896,13851,
234.45784310117614,84622,634,896,13851,
234.46067482982252,84622,634,895,13852,
234.46287811964072,84621,635,895,13852,
234.46535486676305,84620,636,895,13852,
234.4675923217173,84619,637,895,13852,
234.47208662862676,84619,636,896,13852,
234.47824658022142,84618,637,896,13852,
234.4829959766208,84617,638,896,13852,
234.48841544029185,84617,637,897,13852,
234.4919679140544,84617,636,898,13852,
234.49396432965278,84617,636,897,13853,
234.49400587201615,84617,635,898,13853,
234.49525911500484,84616,636,898,13853,
234.4962233361715,84616,635,899,13853,
234.4973828441378,84616,634,900,13853,
234.49832161496025,84615,635,900,13853,
234.49942759975812,84615,635,899,13854,
234.50034188593798,84614,636,899,13854,
234.50147681337032,84614,635,900,13854,
234.50385159166203,84614,634,901,13854,
234.50879290121247,84613,635,901,13854,
234.50897669757487,84613,635,900,13855,
234.50917013977093,84612,636,900,13855,
234.5113191850964,84612,635,901,13855,
234.5114553638009,84611,636,901,13855,
234.51474987734548,84611,636,900,13856,
234.51593764258737,84610,637,900,13856,
234.5175523364709,84610,637,899,13857,
234.51791535273534,84610,637,898,13858,
234.5197351512732,84609,638,898,13858,
234.5203799924121,84609,637,899,13858,
234.521006449958,84609,637,898,13859,
234.5221359686343,84608,638,898,13859,
234.52268375134094,84608,638,897,13860,
234.5240850593559,84608,638,896,13861,
234.5246594829372,84607,639,896,13861,
234.5251707342065,84607,638,897,13861,
234.5295253328517,84607,637,898,13861,
234.5302228511788,84606,638,898,13861,
234.53564870798283,84605,639,898,13861,
234.5366471403424,84604,640,898,13861,
234.5369478096818,84603,641,898,13861,
234.5423235772376,84603,641,897,13862,
234.5439481793067,84603,640,898,13862,
234.54496690211334,84602,641,898,13862,
234.54670810372545,84602,641,897,13863,
234.54888233488,84601,642,897,13863,
234.55476521833663,84600,643,897,13863,
234.55522548380807,84600,643,896,13864,
234.5558650636695,84599,644,896,13864,
234.56210913119426,84598,645,896,13864,
234.56686857650786,84597,646,896,13864,
234.56695334795748,84597,645,897,13864,
234.5670186203011,84596,646,897,13864,
234.5717815045254,84595,647,897,13864,
234.58527010183514,84594,648,897,13864,
234.58539859642013,84594,647,898,13864,
234.59233357893947,84594,646,899,13864,
234.59505571956515,84594,645,900,13864,
234.59614354910045,84594,644,901,13864,
234.60004234905588,84593,645,901,13864,
234.602095668531,84592,646,901,13864,
234.60380355181906,84592,646,900,13865,
234.60436151908738,84592,645,901,13865,
234.60571618872055,84591,646,901,13865,
234.60688201511286,84591,645,902,13865,
234.60743990881085,84591,644,903,13865,
234.6091840020802,84591,644,902,13866,
234.61136221362418,84591,644,901,13867,
234.61727323519136,84591,643,902,13867,
234.61974915336924,84591,643,901,13868,
234.62235646770458,84591,643,900,13869,
234.62411318115707,84591,643,899,13870,
234.62594474423972,84590,644,899,13870,
234.62910506733732,84590,643,900,13870,
234.62936233205437,84590,642,901,13870,
234.62985369629922,84590,642,900,13871,
234.63079662487002,84590,641,901,13871,
234.63303302971644,84590,640,902,13871,
234.63348163716202,84590,639,903,13871,
234.63422589237697,84590,638,904,13871,
234.63729350228493,84590,637,905,13871,
234.63782900033496,84590,636,906,13871,
234.63850790875154,84590,635,907,13871,
234.640692443138,84590,634,908,13871,
234.64418465145715,84589,635,908,13871,
234.64726906146416,84589,634,909,13871,
234.64994815510573,84588,635,909,13871,
234.65127309254694,84588,634,910,13871,
234.66005969301455,84587,635,910,13871,
234.6616406162841,84587,635,909,13872,
234.6651956266378,84586,636,909,13872,
234.66818494624764,84585,637,909,13872,
234.6723876223662,84584,638,909,13872,
234.67389729927584,84584,637,910,13872,
234.67715332168999,84584,636,911,13872,
234.67926450452606,84583,637,911,13872,
234.68088709744433,84583,636,912,13872,
234.68235900917995,84583,636,911,13873,
234.6830146730553,84583,636,910,13874,
234.6838209348121,84583,636,909,13875,
234.6841357573839,84583,636,908,13876,
234.68453345750342,84583,635,909,13876,
234.69350501981032,84582,636,909,13876,
234.70032857625526,84581,637,909,13876,
234.7035233590874,84581,636,910,13876,
234.7035465686629,84581,636,909,13877,
234.70483992774462,84581,635,910,13877,
234.71183553956345,84581,634,911,13877,
234.71986282677645,84581,633,912,13877,
234.71989721046344,84581,633,911,13878,
234.72264374194253,84581,632,912,13878,
234.72413656196585,84581,631,913,13878,
234.7243957384305,84581,631,912,13879,
234.72549895432175,84581,630,913,13879,
234.72740691951498,84580,631,913,13879,
234.73059816311988,84580,631,912,13880,
234.7376942205516,84580,630,913,13880,
234.73946052115542,84580,629,914,13880,
234.74209563855567,84580,629,913,13881,
234.74426553456786,84580,629,912,13882,
234.75767736217625,84579,630,912,13882,
234.76095488151987,84579,629,913,13882,
234.76137516520066,84578,630,913,13882,
234.76643041019747,84578,629,914,13882,
234.76682487474437,84577,630,914,13882,
234.7707700174491,84577,629,915,13882,
234.77198718472437,84576,630,915,13882,
234.7812674185301,84576,630,914,13883,
234.7822872252764,84576,630,913,13884,
234.78330196469483,84576,630,912,13885,
234.7874739205649,84575,631,912,13885,
234.7911669541868,84575,630,913,13885,
234.7964004361252,84575,629,914,13885,
234.79742920150778,84574,630,914,13885,
234.8058296049976,84574,630,913,13886,
234.81460152600798,84574,629,914,13886,
234.8153500641351,84573,630,914,13886,
234.81809052780363,84572,631,914,13886,
234.81916642343316,84572,631,913,13887,
234.82006503050627,84571,632,913,13887,
234.82037141206473,84571,631,914,13887,
234.82228200345753,84570,632,914,13887,
234.82265138256926,84569,633,914,13887,
234.83099938559155,84568,634,914,13887,
234.83535844619047,84567,635,914,13887,
234.835594889139,84566,636,914,13887,
234.84577352479903,84565,637,914,13887,
234.8464845271364,84564,638,914,13887,
234.85042726453744,84564,638,913,13888,
234.85096972357806,84564,637,914,13888,
234.86103017586,84564,637,913,13889,
234.86151004594885,84564,636,914,13889,
234.8622088550379,84564,636,913,13890,
234.86252096049702,84564,635,914,13890,
234.86291368554367,84563,636,914,13890,
234.86302399117815,84563,636,913,13891,
234.87353829817525,84562,637,913,13891,
234.87483443551935,84562,637,912,13892,
234.88218977832875,84562,637,911,13893,
234.88335446614815,84561,638,911,13893,
234.88380313635565,84561,638,910,13894,
234.88444137832136,84561,637,911,13894,
234.88510973729842,84561,636,912,13894,
234.89282270028346,84561,636,911,13895,
234.89319254576884,84561,635,912,13895,
234.89716918089826,84560,636,912,13895,
234.89779459991655,84560,636,911,13896,
234.8981515273519,84560,636,910,13897,
234.90205164809672,84560,635,911,13897,
234.90796871700994,84559,636,911,13897,
234.91314935323243,84559,636,910,13898,
234.91998831488436,84559,636,909,13899,
234.92028876153466,84559,635,910,13899,
234.92150651805497,84558,636,910,13899,
234.92215416324132,84557,637,910,13899,
234.92321953622687,84556,638,910,13899,
234.92636420083838,84556,638,909,13900,
234.93098693199582,84555,639,909,13900,
234.9346108660876,84555,638,910,13900,
234.93715018257393,84555,637,911,13900,
234.93918546386067,84554,638,911,13900,
234.94362874983995,84554,637,912,13900,
234.94562414817477,84554,636,913,13900,
234.9491722085063,84554,636,912,13901,
234.95185111137997,84553,637,912,13901,
234.95203741302012,84553,636,913,13901,
234.95349253084365,84553,635,914,13901,
234.95746433387225,84553,634,915,13901,
234.96069703197443,84553,634,914,13902,
234.9631390211984,84553,634,913,13903,
234.97503244761268,84552,635,913,13903,
234.98581221258064,84551,636,913,13903,
234.98916826313518,84551,635,914,13903,
234.9892000011961,84551,634,915,13903,
234.98953807699579,84551,633,916,13903,
234.99322883807247,84551,633,915,13904,
234.9942427814949,84551,632,916,13904,
234.99567247282434,84551,631,917,13904,
234.99635714243544,84551,631,916,13905,
234.99688113496708,84550,632,916,13905,
234.99894102759382,84550,632,915,13906,
235.00412291111647,84550,632,914,13907,
235.0108574424163,84550,631,915,13907,
235.01092216425616,84550,630,916,13907,
235.01123711652735,84550,629,917,13907,
235.01157163118762,84549,630,917,13907,
235.01441009659493,84549,629,918,13907,
235.01584025011093,84549,629,917,13908,
235.01893539689266,84549,628,918,13908,
235.02241798602626,84549,627,919,13908,
235.02378194128661,84549,626,920,13908,
235.02412443412157,84549,625,921,13908,
235.02744861608863,84549,625,920,13909,
235.0280387305846,84548,626,920,13909,
235.03213130818506,84547,627,920,13909,
235.0336632294409,84547,627,919,13910,
235.0346662179431,84547,626,920,13910,
235.03892610976024,84546,627,920,13910,
235.04575193453684,84546,626,921,13910,
235.0498026889421,84546,626,920,13911,
235.05068654021292,84545,627,920,13911,
235.05206544971608,84544,628,920,13911,
235.0527294735151,84543,629,920,13911,
235.05568401441033,84543,628,921,13911,
235.06493604361063,84543,627,922,13911,
235.07226074331405,84542,628,922,13911,
235.07630410979513,84542,628,921,13912,
235.0768673950926,84542,627,922,13912,
235.07917069595936,84541,628,922,13912,
235.08008806059124,84541,628,921,13913,
235.08349902358142,84541,627,922,13913,
235.08716402007445,84540,628,922,13913,
235.0894043508028,84540,628,921,13914,
235.0894973124322,84540,627,922,13914,
235.09027434749459,84540,627,921,13915,
235.09668746991198,84540,627,920,13916,
235.0975047217839,84540,626,921,13916,
235.10014515233306,84539,627,921,13916,
235.10190693756024,84539,626,922,13916,
235.10268640400946,84539,626,921,13917,
235.10347874310978,84539,626,920,13918,
235.1039491346768,84539,626,919,13919,
235.10662164820425,84539,626,918,13920,
235.10707742217778,84539,626,917,13921,
235.10714642111,84538,627,917,13921,
235.1088039176285,84538,627,916,13922,
235.10971378836098,84537,628,916,13922,
235.10993733129428,84537,627,917,13922,
235.11024726746118,84537,626,918,13922,
235.11079787761085,84536,627,918,13922,
235.1154119956206,84536,626,919,13922,
235.1184305915029,84536,625,920,13922,
235.1195411742825,84536,625,919,13923,
235.11986261775104,84535,626,919,13923,
235.12027885313398,84535,625,920,13923,
235.12711114084988,84534,626,920,13923,
235.12951692336702,84534,626,919,13924,
235.13080714025227,84534,626,918,13925,
235.1330459256996,84533,627,918,13925,
235.13469098296946,84533,626,919,13925,
235.1398772861564,84532,627,919,13925,
235.1425418256644,84531,628,919,13925,
235.14824924357956,84530,629,919,13925,
235.14849561440894,84530,628,920,13925,
235.15386095770162,84530,627,921,13925,
235.1549574313214,84529,628,921,13925,
235.1578646768243,84529,627,922,13925,
235.16183213431606,84529,626,923,13925,
235.16764546802094,84529,625,924,13925,
235.16771786330418,84529,625,923,13926,
235.16829990095252,84529,624,924,13926,
235.17055511720815,84528,625,924,13926,
235.17204169938103,84528,624,925,13926,
235.1747643196154,84528,624,924,13927,
235.1756878891877,84528,624,923,13928,
235.18732417459717,84528,624,922,13929,
235.1933931890008,84528,624,921,13930,
235.19505277879003,84528,623,922,13930,
235.19568938071012,84527,624,922,13930,
235.19754290371148,84527,623,923,13930,
235.20151046334053,84527,622,924,13930,
235.20887710992255,84527,622,923,13931,
235.21278798144118,84526,623,923,13931,
235.21625967924822,84525,624,923,13931,
235.2180795118348,84525,624,922,13932,
235.21830979389745,84524,625,922,13932,
235.2210888696725,84524,625,921,13933,
235.22517223845023,84523,626,921,13933,
235.22598424011855,84522,627,921,13933,
235.228893589638,84521,628,921,13933,
235.22893045582833,84521,627,922,13933,
235.23105118601052,84520,628,922,13933,
235.23114825492448,84520,627,923,13933,
235.2317524686998,84520,626,924,13933,
235.2336127306647,84520,625,925,13933,
235.2360017303707,84520,625,924,13934,
235.23638405861482,84519,626,924,13934,
235.23846436588775,84518,627,924,13934,
235.24054493821697,84517,628,924,13934,
235.24342240607632,84516,629,924,13934,
235.2454925204178,84515,630,924,13934,
235.2475379413415,84515,629,925,13934,
235.24861838694733,84515,628,926,13934,
235.24999188931545,84514,629,926,13934,
235.25040194956335,84514,628,927,13934,
235.25095791921717,84513,629,927,13934,
235.25457537264978,84513,628,928,13934,
235.25903712468764,84513,628,927,13935,
235.2698887572654,84513,628,926,13936,
235.27453954996383,84513,628,925,13937,
235.27486997944334,84512,629,925,13937,
235.27857804013598,84512,629,924,13938,
235.27905155858744,84511,630,924,13938,
235.27954021034935,84510,631,924,13938,
235.28445145694002,84510,630,925,13938,
235.29095400803973,84510,629,926,13938,
235.2919079492113,84510,628,927,13938,
235.2919336460927,84510,628,926,13939,
235.2941460457646,84510,628,925,13940,
235.29478619493878,84509,629,925,13940,
235.29954778248896,84508,630,925,13940,
235.3162807101652,84508,629,926,13940,
235.3181524793392,84508,628,927,13940,
235.3196695585732,84508,627,928,13940,
235.32070984722571,84507,628,928,13940,
235.32317637875676,84507,628,927,13941,
235.32368457697805,84507,627,928,13941,
235.3243019570276,84507,627,927,13942,
235.32799921980322,84507,627,926,13943,
235.3323785857172,84507,626,927,13943,
235.33448547132915,84507,626,926,13944,
235.3401294007371,84507,625,927,13944,
235.34045092361984,84507,624,928,13944,
235.3446816441893,84506,625,928,13944,
235.34493823477897,84505,626,928,13944,
235.34584521689195,84504,627,928,13944,
235.35044947225825,84503,628,928,13944,
235.35052631746828,84503,627,929,13944,
235.36395516355552,84502,628,929,13944,
235.36708569378217,84502,627,930,13944,
235.3704459406617,84501,628,930,13944,
235.37180574676785,84501,627,931,13944,
235.37855591033878,84501,627,930,13945,
235.38245180720756,84501,626,931,13945,
235.38695221748867,84501,625,932,13945,
235.39793146410724,84501,625,931,13946,
235.39967840294707,84500,626,931,13946,
235.4047309395391,84499,627,931,13946,
235.4047712898946,84498,628,931,13946,
235.40781583814947,84498,628,930,13947,
235.40801563072748,84497,629,930,13947,
235.40898811988168,84497,629,929,13948,
235.41409976405552,84496,630,929,13948,
235.41702912564156,84496,630,928,13949,
235.41815897692786,84495,631,928,13949,
235.42151755146773,84494,632,928,13949,
235.4251795935067,84494,631,929,13949,
235.4307250592328,84493,632,929,13949,
235.43371788862225,84493,631,930,13949,
235.43549780041795,84493,631,929,13950,
235.43790864578656,84492,632,929,13950,
235.44101658929247,84491,633,929,13950,
235.442030263619,84490,634,929,13950,
235.44432190757993,84489,635,929,13950,
235.44896363834744,84488,636,929,13950,
235.45611252839498,84488,636,928,13951,
235.46279463405267,84488,636,927,13952,
235.4653596863515,84487,637,927,13952,
235.4680548735605,84486,638,927,13952,
235.47096592092987,84486,638,926,13953,
235.47118867413346,84485,639,926,13953,
235.4717109262583,84484,640,926,13953,
235.47322383814958,84483,641,926,13953,
235.475010325593,84483,640,927,13953,
235.47824770762892,84483,639,928,13953,
235.48487658662987,84482,640,928,13953,
235.48641179134393,84482,639,929,13953,
235.49167883507647,84482,638,930,13953,
235.49197695500905,84482,637,931,13953,
235.494983987011,84481,638,931,13953,
235.49826064669702,84480,639,931,13953,
235.49973372812457,84480,639,930,13954,
235.50073456075827,84480,638,931,13954,
235.5014926611563,84480,638,930,13955,
235.5045743301238,84480,637,931,13955,
235.50647566101185,84480,637,930,13956,
235.50903803201743,84480,636,931,13956,
235.50950297403813,84480,636,930,13957,
235.50952243160307,84480,635,931,13957,
235.51198681198557,84479,636,931,13957,
235.51208021873646,84478,637,931,13957,
235.51265639955628,84478,636,932,13957,
235.51804679684363,84478,636,931,13958,
235.52202730438924,84477,637,931,13958,
235.52244080053495,84477,637,930,13959,
235.52437838752792,84477,637,929,13960,
235.5248923834595,84477,636,930,13960,
235.5256062407634,84476,637,930,13960,
235.52611062536613,84475,638,930,13960,
235.52672020378466,84475,638,929,13961,
235.53012205844863,84474,639,929,13961,
235.53220637083496,84473,640,929,13961,
235.53227255259858,84473,639,930,13961,
235.53432098365315,84473,638,931,13961,
235.53458712574226,84472,639,931,13961,
235.5349839370569,84472,638,932,13961,
235.54177560276926,84471,639,932,13961,
235.5433665903939,84471,638,933,13961,
235.54862574200072,84471,638,932,13962,
235.54918768987767,84471,637,933,13962,
235.5492642158047,84471,636,934,13962,
235.54946676078774,84471,636,933,13963,
235.55016053649814,84471,636,932,13964,
235.5515170394003,84471,635,933,13964,
235.55599195799158,84471,634,934,13964,
235.55633795980026,84471,634,933,13965,
235.5564892948451,84471,634,932,13966,
235.5580602832257,84471,633,933,13966,
235.55834080095485,84471,633,932,13967,
235.56310988084135,84470,634,932,13967,
235.56329590209666,84469,635,932,13967,
235.56383707751382,84469,634,933,13967,
235.5648621410556,84468,635,933,13967,
235.56489481046012,84468,635,932,13968,
235.56712009006952,84468,635,931,13969,
235.5702348729713,84467,636,931,13969,
235.57152331418885,84466,637,931,13969,
235.57239399077199,84466,637,930,13970,
235.57350550827076,84465,638,930,13970,
235.57510322862655,84464,639,930,13970,
235.57636799841944,84464,639,929,13971,
235.57711247230569,84464,639,928,13972,
235.57741522080897,84464,639,927,13973,
235.58476657508442,84464,638,928,13973,
235.58478756075792,84464,637,929,13973,
235.58602860527884,84464,637,928,13974,
235.58846820690258,84463,638,928,13974,
235.59490779697757,84462,639,928,13974,
235.6059354099397,84462,639,927,13975,
235.60856329335013,84462,639,926,13976,
235.6110876780681,84462,638,927,13976,
235.6127388344162,84462,638,926,13977,
235.61362262347387,84461,639,926,13977,
235.61435333863983,84461,639,925,13978,
235.61477410454992,84460,640,925,13978,
235.6276845481764,84459,641,925,13978,
235.633175494506,84459,641,924,13979,
235.63474531654592,84458,642,924,13979,
235.63566577042414,84457,643,924,13979,
235.64151323067514,84457,642,925,13979,
235.64253899869445,84456,643,925,13979,
235.6448330196938,84456,642,926,13979,
235.6473425880406,84456,642,925,13980,
235.64834421109163,84456,641,926,13980,
235.64949684246434,84455,642,926,13980,
235.6504374893624,84454,643,926,13980,
235.6506095716664,84454,642,927,13980,
235.6527908390228,84453,643,927,13980,
235.65774382188027,84452,644,927,13980,
235.66550861845388,84451,645,927,13980,
235.6662086871458,84450,646,927,13980,
235.66641748640794,84450,645,928,13980,
235.67503230903344,84449,646,928,13980,
235.67913713678305,84449,645,929,13980,
235.67986827248944,84448,646,929,13980,
235.68069298362605,84447,647,929,13980,
235.68480352453105,84447,647,928,13981,
235.68633673775074,84446,648,928,13981,
235.6900204235857,84445,649,928,13981,
235.6915551829118,84444,650,928,13981,
235.6945161347789,84444,649,929,13981,
235.69664648749543,84443,650,929,13981,
235.69829136519718,84442,651,929,13981,
235.7009912708217,84442,650,930,13981,
235.7020155068389,84442,650,929,13982,
235.70454968731747,84441,651,929,13982,
235.70579225773335,84440,652,929,13982,
235.70611011476348,84440,651,930,13982,
235.70963168400542,84439,652,930,13982,
235.71675157357035,84439,652,929,13983,
235.7187207366718,84438,653,929,13983,
235.72000025565237,84438,653,928,13984,
235.72014731423343,84437,654,928,13984,
235.7227547591198,84437,654,927,13985,
235.72514818648364,84436,655,927,13985,
235.72671643322587,84436,655,926,13986,
235.72774078380107,84436,654,927,13986,
235.73022010700717,84436,653,928,13986,
235.73086418739234,84436,653,927,13987,
235.73174505141998,84436,653,926,13988,
235.73277519731036,84436,653,925,13989,
235.73907647731764,84436,652,926,13989,
235.74600056756478,84436,651,927,13989,
235.7463047570944,84435,652,927,13989,
235.74815190798185,84435,651,928,13989,
235.7513719317401,84435,651,927,13990,
235.7575977648521,84434,652,927,13990,
235.76150776361283,84434,651,928,13990,
235.7643889017686,84433,652,928,13990,
235.7657340852186,84432,653,928,13990,
235.76629460940566,84431,654,928,13990,
235.76828477061815,84430,655,928,13990,
235.76869589327123,84429,656,928,13990,
235.7703479011995,84428,657,928,13990,
235.77279222115385,84428,657,927,13991,
235.7799856916214,84427,658,927,13991,
235.78088715405673,84426,659,927,13991,
235.78089273347416,84425,660,927,13991,
235.7832811014664,84425,659,928,13991,
235.79108922735608,84425,659,927,13992,
235.79379865308275,84425,659,926,13993,
235.79500396537455,84425,658,927,13993,
235.7959047988899,84424,659,927,13993,
235.79594130160118,84424,658,928,13993,
235.79632736070695,84424,657,929,13993,
235.79702483355925,84423,658,929,13993,
235.79940330564813,84422,659,929,13993,
235.8015515328278,84422,659,928,13994,
235.80675927091923,84422,659,927,13995,
235.80763688056547,84421,660,927,13995,
235.81304754176261,84421,659,928,13995,
235.81320887775138,84421,659,927,13996,
235.8168297934859,84421,658,928,13996,
235.81883582058703,84421,657,929,13996,
235.8193503718399,84420,658,929,13996,
235.82018856886944,84419,659,929,13996,
235.82474159248295,84419,659,928,13997,
235.82550848398523,84419,659,927,13998,
235.82592656729,84418,660,927,13998,
235.8260263943293,84417,661,927,13998,
235.83010959289913,84417,660,928,13998,
235.83343682667362,84416,661,928,13998,
235.8369245974267,84416,660,929,13998,
235.84854152507927,84416,660,928,13999,
235.85307436832147,84415,661,928,13999,
235.85563549996402,84415,661,927,14000,
235.85581229217775,84415,660,928,14000,
235.85638214325337,84414,661,928,14000,
235.85997754264574,84414,661,927,14001,
235.86080143198174,84414,661,926,14002,
235.86361519731582,84414,660,927,14002,
235.86412646034222,84413,661,927,14002,
235.87498353495,84412,662,927,14002,
235.87585495281175,84411,663,927,14002,
235.88011158224992,84411,662,928,14002,
235.88455229257593,84411,661,929,14002,
235.88512793086744,84410,662,929,14002,
235.89124465650602,84410,662,928,14003,
235.90807706024978,84410,662,927,14004,
235.9100087962172,84409,663,927,14004,
235.91722303016638,84408,664,927,14004,
235.91739411551484,84407,665,927,14004,
235.91759779764854,84407,665,926,14005,
235.92463915195182,84407,665,925,14006,
235.9314749275903,84407,664,926,14006,
235.93307060488877,84407,663,927,14006,
235.93351734924573,84407,662,928,14006,
235.9375771005517,84406,663,928,14006,
235.93951678095826,84406,663,927,14007,
235.9410463195345,84405,664,927,14007,
235.94188613133926,84404,665,927,14007,
235.9450641195691,84404,664,928,14007,
235.9466312707037,84404,664,927,14008,
235.9471357254048,84404,664,926,14009,
235.94850467230657,84403,665,926,14009,
235.94859982088863,84402,666,926,14009,
235.95472179727145,84402,665,927,14009,
235.95763313837963,84402,664,928,14009,
235.96087954582418,84402,664,927,14010,
235.9669899412096,84402,663,928,14010,
235.97159597629448,84402,662,929,14010,
235.97501453441973,84402,662,928,14011,
235.98026203882196,84402,661,929,14011,
235.98571578683533,84401,662,929,14011,
235.99261713427398,84401,661,930,14011,
236.0048467338536,84401,660,931,14011,
236.00706049717323,84400,661,931,14011,
236.00966062947535,84400,661,930,14012,
236.01274617058482,84399,662,930,14012,
236.01971277870928,84399,661,931,14012,
236.02228331365427,84398,662,931,14012,
236.0241944766028,84398,662,930,14013,
236.02609534721066,84398,662,929,14014,
236.0268090369105,84397,663,929,14014,
236.02738553402804,84396,664,929,14014,
236.0341940408682,84396,664,928,14015,
236.03712237095402,84396,664,927,14016,
236.03868641209533,84396,664,926,14017,
236.04117031458668,84395,665,926,14017,
236.0489612020231,84394,666,926,14017,
236.05538507750686,84394,666,925,14018,
236.05773044943788,84394,665,926,14018,
236.060261235147,84393,666,926,14018,
236.0637292314668,84393,666,925,14019,
236.0647047486791,84393,666,924,14020,
236.06494045010328,84393,666,923,14021,
236.0677489170904,84393,665,924,14021,
236.0693407216371,84393,665,923,14022,
236.0744366758719,84393,664,924,14022,
236.07465638038778,84392,665,924,14022,
236.0756183509559,84392,665,923,14023,
236.07711047385425,84392,664,924,14023,
236.07780332657023,84391,665,924,14023,
236.0789865304082,84391,664,925,14023,
236.07937019752072,84390,665,925,14023,
236.0831596937041,84390,664,926,14023,
236.08579149474713,84389,665,926,14023,
236.08603067051564,84389,665,925,14024,
236.0861735490116,84389,664,926,14024,
236.09077659211223,84388,665,926,14024,
236.0926437454156,84388,664,927,14024,
236.09357060312914,84388,664,926,14025,
236.0965089795848,84388,664,925,14026,
236.09973362433908,84388,663,926,14026,
236.10009539144323,84388,662,927,14026,
236.1001132601942,84387,663,927,14026,
236.10121068219058,84387,663,926,14027,
236.10216949540418,84387,663,925,14028,
236.1057711814962,84386,664,925,14028,
236.10619299961576,84386,663,926,14028,
236.10855928310409,84385,664,926,14028,
236.11546091449776,84385,663,927,14028,
236.1183343411861,84385,663,926,14029,
236.1187039374177,84384,664,926,14029,
236.12407215715965,84384,663,927,14029,
236.12689450808458,84384,662,928,14029,
236.13227594998355,84384,661,929,14029,
236.13288460474803,84383,662,929,14029,
236.13399213750222,84382,663,929,14029,
236.13432426542508,84382,662,930,14029,
236.13561238671952,84382,662,929,14030,
236.13688620120806,84382,662,928,14031,
236.1372148034132,84382,661,929,14031,
236.13834168584071,84382,661,928,14032,
236.1427002585527,84381,662,928,14032,
236.14545400096077,84381,661,929,14032,
236.14569698926525,84380,662,929,14032,
236.14655370926295,84379,663,929,14032,
236.14697818438273,84378,664,929,14032,
236.1484330686712,84378,664,928,14033,
236.14901199597267,84377,665,928,14033,
236.14974284935374,84377,664,929,14033,
236.15087099270437,84377,663,930,14033,
236.1518515750201,84377,662,931,14033,
236.15206840872395,84377,662,930,14034,
236.1566335399454,84377,661,931,14034,
236.16333274605637,84376,662,931,14034,
236.1698931564486,84375,663,931,14034,
236.1718221687696,84374,664,931,14034,
236.17462818797577,84374,664,930,14035,
236.17787090995387,84373,665,930,14035,
236.1785503594495,84373,664,931,14035,
236.17900889068264,84372,665,931,14035,
236.18062135757,84372,664,932,14035,
236.18393123038783,84372,663,933,14035,
236.18861091193244,84372,662,934,14035,
236.1896011704224,84372,662,933,14036,
236.19642219257508,84371,663,933,14036,
236.1974089620408,84371,663,932,14037,
236.1976322580099,84370,664,932,14037,
236.20502564521004,84370,663,933,14037,
236.2054877089674,84370,662,934,14037,
236.2085024105463,84370,662,933,14038,
236.21272561827936,84370,662,932,14039,
236.21740967341103,84370,661,933,14039,
236.22649101505812,84370,660,934,14039,
236.23225172843613,84369,661,934,14039,
236.2352920862929,84368,662,934,14039,
236.23596632061373,84368,661,935,14039,
236.23730925177804,84368,660,936,14039,
236.23909748380146,84368,659,937,14039,
236.24250104642522,84367,660,937,14039,
236.24816531301065,84367,659,938,14039,
236.24847108748102,84367,659,937,14040,
236.25060139321533,84367,658,938,14040,
236.25188231484188,84366,659,938,14040,
236.25353384423295,84366,658,939,14040,
236.255921374962,84366,658,938,14041,
236.25601411790194,84365,659,938,14041,
236.26157936898525,84365,658,939,14041,
236.26513038858735,84365,657,940,14041,
236.27430207497082,84365,657,939,14042,
236.27672830490482,84364,658,939,14042,
236.27905577099625,84363,659,939,14042,
236.27925771171508,84363,658,940,14042,
236.2828569808181,84363,658,939,14043,
236.28433653207392,84362,659,939,14043,
236.29090323162976,84361,660,939,14043,
236.29386133569693,84360,661,939,14043,
236.2946866344515,84360,660,940,14043,
236.2947330659459,84359,661,940,14043,
236.29515759875915,84358,662,940,14043,
236.30385511143623,84358,661,941,14043,
236.3044361941012,84358,661,940,14044,
236.30627591148865,84357,662,940,14044,
236.30867693974054,84356,663,940,14044,
236.31065218852137,84356,662,941,14044,
236.31267092581922,84356,661,942,14044,
236.3131050085301,84355,662,942,14044,
236.31387977459775,84355,662,941,14045,
236.3144424600404,84355,661,942,14045,
236.3189401134366,84355,660,943,14045,
236.3204376099773,84354,661,943,14045,
236.32297421553955,84353,662,943,14045,
236.32473597995977,84352,663,943,14045,
236.32500181016604,84352,663,942,14046,
236.32623027628821,84351,664,942,14046,
236.32753189411608,84351,663,943,14046,
236.33479904417572,84351,663,942,14047,
236.33622506047828,84351,662,943,14047,
236.33878828989978,84350,663,943,14047,
236.3399325956368,84350,663,942,14048,
236.34520892918312,84350,662,943,14048,
236.34565016068285,84349,663,943,14048,
236.3493948693968,84349,662,944,14048,
236.352797801178,84349,661,945,14048,
236.3536848878632,84349,660,946,14048,
236.35416395389,84348,661,946,14048,
236.35755733251764,84348,660,947,14048,
236.35848457736367,84348,660,946,14049,
236.35869712899986,84347,661,946,14049,
236.3595081458627,84347,660,947,14049,
236.36816462515498,84347,660,946,14050,
236.3689729843795,84347,660,945,14051,
236.36897480857374,84347,660,944,14052,
236.37059819778875,84346,661,944,14052,
236.37446487139383,84346,661,943,14053,
236.37524879389665,84346,660,944,14053,
236.37718823683247,84346,659,945,14053,
236.38090097149862,84346,658,946,14053,
236.3817691017927,84346,657,947,14053,
236.38295619283718,84346,656,948,14053,
236.38335342362114,84345,657,948,14053,
236.38480846040835,84344,658,948,14053,
236.3895553078496,84344,658,947,14054,
236.3970269121205,84343,659,947,14054,
236.39943658757616,84343,659,946,14055,
236.40161782566332,84343,659,945,14056,
236.4036023009956,84343,659,944,14057,
236.40862545206195,84342,660,944,14057,
236.40903714107364,84341,661,944,14057,
236.40935007642528,84341,661,943,14058,
236.40948342159695,84341,661,942,14059,
236.410268417594,84340,662,942,14059,
236.41823152346586,84339,663,942,14059,
236.42279811353106,84339,663,941,14060,
236.42359425373073,84338,664,941,14060,
236.4240712452581,84338,663,942,14060,
236.42621708926654,84338,662,943,14060,
236.42983143573647,84337,663,943,14060,
236.43181018791097,84336,664,943,14060,
236.4323075449666,84336,663,944,14060,
236.4367254801121,84336,662,945,14060,
236.43800879877514,84335,663,945,14060,
236.43911696215645,84334,664,945,14060,
236.44330625873337,84334,664,944,14061,
236.44530343462347,84333,665,944,14061,
236.4533148145475,84333,665,943,14062,
236.46695215930964,84332,666,943,14062,
236.46747704926537,84331,667,943,14062,
236.46780948645366,84330,668,943,14062,
236.47126665754217,84330,668,942,14063,
236.4723239483195,84329,669,942,14063,
236.47465508922951,84328,670,942,14063,
236.47465508922951,84328,670,942,14063,
236.4749030660071,84328,669,943,14063,
236.4753965370773,84328,668,944,14063,
236.48123461551705,84328,668,943,14064,
236.49202430358991,84328,668,942,14065,
236.49527803453302,84327,669,942,14065,
236.49653472234547,84327,668,943,14065,
236.49831412540985,84326,669,943,14065,
236.50032101973918,84326,669,942,14066,
236.50229327676797,84325,670,942,14066,
236.50488018270445,84325,670,941,14067,
236.50758584697627,84324,671,941,14067,
236.5092222330483,84323,672,941,14067,
236.51021671456937,84323,672,940,14068,
236.5106952840085,84323,671,941,14068,
236.5120061406064,84322,672,941,14068,
236.51226594195703,84321,673,941,14068,
236.5144459208358,84320,674,941,14068,
236.51521085053903,84320,674,940,14069,
236.51581870930892,84319,675,940,14069,
236.5170250414256,84319,675,939,14070,
236.518497182799,84319,675,938,14071,
236.51956082090734,84319,675,937,14072,
236.5216249442322,84319,674,938,14072,
236.52333897692426,84319,673,939,14072,
236.52589432845448,84318,674,939,14072,
236.53204780278207,84318,674,938,14073,
236.53310969273568,84317,675,938,14073,
236.53422379076858,84317,675,937,14074,
236.5369508813001,84317,675,936,14075,
236.5399277066362,84316,676,936,14075,
236.5408654234257,84316,676,935,14076,
236.54284495722777,84315,677,935,14076,
236.54475162922813,84315,676,936,14076,
236.54661860354003,84315,676,935,14077,
236.55108532563193,84314,677,935,14077,
236.55461167047986,84313,678,935,14077,
236.55576775935225,84313,677,936,14077,
236.56177988013528,84313,677,935,14078,
236.56203124771235,84312,678,935,14078,
236.56264280806826,84311,679,935,14078,
236.56448883188108,84311,679,934,14079,
236.57013952270742,84310,680,934,14079,
236.57156318976965,84310,680,933,14080,
236.57267521368487,84310,680,932,14081,
236.57412267073587,84310,679,933,14081,
236.57686790607107,84309,680,933,14081,
236.5774304473526,84309,680,932,14082,
236.57877339931412,84308,681,932,14082,
236.57938021718965,84308,681,931,14083,
236.58111590687037,84307,682,931,14083,
236.58176625769272,84307,682,930,14084,
236.58307611815678,84307,682,929,14085,
236.58969042333393,84307,681,930,14085,
236.59102972456677,84307,681,929,14086,
236.59181484101308,84307,681,928,14087,
236.59580574544646,84306,682,928,14087,
236.59589608455525,84305,683,928,14087,
236.5973130513839,84305,682,929,14087,
236.5981102619397,84304,683,929,14087,
236.59944568489186,84303,684,929,14087,
236.6035110831002,84303,683,930,14087,
236.61159595650298,84302,684,930,14087,
236.6148253447651,84302,683,931,14087,
236.61711214958066,84301,684,931,14087,
236.6180457475681,84301,683,932,14087,
236.61870321301964,84301,682,933,14087,
236.6189525472576,84301,682,932,14088,
236.61962778888474,84301,682,931,14089,
236.6210627090704,84301,682,930,14090,
236.62241497455244,84301,682,929,14091,
236.62681581041213,84301,682,928,14092,
236.62714223844745,84301,682,927,14093,
236.62821178012476,84301,681,928,14093,
236.63186225641158,84301,680,929,14093,
236.6373837970064,84301,680,928,14094,
236.63933037528582,84301,680,927,14095,
236.64079471294548,84300,681,927,14095,
236.644799706539,84299,682,927,14095,
236.6457776348204,84298,683,927,14095,
236.64992621510203,84297,684,927,14095,
236.65007811160822,84297,684,926,14096,
236.65187001735978,84297,684,925,14097,
236.6580648746464,84296,685,925,14097,
236.65830307371067,84296,685,924,14098,
236.662974387912,84296,684,925,14098,
236.66547207142315,84295,685,925,14098,
236.6655046958096,84295,684,926,14098,
236.6662519939204,84294,685,926,14098,
236.6673155200793,84294,685,925,14099,
236.66744594646232,84293,686,925,14099,
236.66890441177355,84293,686,924,14100,
236.67342843760935,84293,685,925,14100,
236.67506669228507,84293,685,924,14101,
236.68048741424326,84293,684,925,14101,
236.68086201651033,84293,684,924,14102,
236.6846754275233,84293,683,925,14102,
236.69779190015808,84292,684,925,14102,
236.70075306664864,84291,685,925,14102,
236.70232108981122,84291,684,926,14102,
236.70437275112786,84290,685,926,14102,
236.7059005594815,84290,685,925,14103,
236.7087842195069,84290,685,924,14104,
236.71263150214452,84290,684,925,14104,
236.71413682808094,84289,685,925,14104,
236.71675156071785,84288,686,925,14104,
236.7172702315489,84288,686,924,14105,
236.71861674468124,84288,686,923,14106,
236.72192910794192,84288,686,922,14107,
236.72605409739592,84288,686,921,14108,
236.7274385695367,84288,685,922,14108,
236.72961933356407,84287,686,922,14108,
236.73108103182565,84287,686,921,14109,
236.7343952656843,84286,687,921,14109,
236.73808941788917,84286,686,922,14109,
236.74627285298428,84286,685,923,14109,
236.7502193057299,84286,684,924,14109,
236.7517650579615,84285,685,924,14109,
236.75257559617424,84285,684,925,14109,
236.7543403647599,84285,683,926,14109,
236.75811270248482,84285,683,925,14110,
236.75868085712568,84285,682,926,14110,
236.75985180396017,84284,683,926,14110,
236.75990505653522,84284,682,927,14110,
236.76126681393976,84284,682,926,14111,
236.7623262241297,84284,681,927,14111,
236.767077682045,84284,680,928,14111,
236.7707405778674,84283,681,928,14111,
236.77214488451136,84282,682,928,14111,
236.77366291454203,84282,681,929,14111,
236.77611784053246,84282,681,928,14112,
236.7762081630322,84282,680,929,14112,
236.77769624255876,84282,679,930,14112,
236.78081414078014,84282,678,931,14112,
236.78112229832905,84282,677,932,14112,
236.7824649383746,84281,678,932,14112,
236.78598527043604,84281,677,933,14112,
236.7864955111181,84280,678,933,14112,
236.78738437006308,84280,677,934,14112,
236.79095006647424,84280,677,933,14113,
236.79096590376122,84280,677,932,14114,
236.79669133474263,84280,677,931,14115,
236.798926448522,84279,678,931,14115,
236.79912056787612,84279,678,930,14116,
236.80425879908904,84279,678,929,14117,
236.8043132257455,84279,677,930,14117,
236.804630904217,84279,676,931,14117,
236.8099972994557,84279,676,930,14118,
236.81664654101712,84279,675,931,14118,
236.8169726957361,84278,676,931,14118,
236.81727470936403,84278,675,932,14118,
236.81818493135407,84278,674,933,14118,
236.82281908914166,84278,673,934,14118,
236.82385197509393,84278,672,935,14118,
236.8250469872215,84277,673,935,14118,
236.82929520219375,84276,674,935,14118,
236.83007517943668,84276,674,934,14119,
236.8307753487025,84276,674,933,14120,
236.83085557062185,84275,675,933,14120,
236.83596602370542,84275,674,934,14120,
236.83731300284165,84275,673,935,14120,
236.84760904905656,84275,673,934,14121,
236.8497391648963,84275,672,935,14121,
236.8527902376778,84274,673,935,14121,
236.85425303486815,84273,674,935,14121,
236.85494917387913,84272,675,935,14121,
236.8557650606349,84271,676,935,14121,
236.86249459029963,84271,675,936,14121,
236.8686331651842,84270,676,936,14121,
236.86941335437226,84270,675,937,14121,
236.87278724146003,84270,674,938,14121,
236.87492910494123,84270,673,939,14121,
236.87523628730065,84270,672,940,14121,
236.87877373819322,84270,671,941,14121,
236.87908295047689,84270,671,940,14122,
236.87983191041403,84269,672,940,14122,
236.88170781835365,84269,672,939,14123,
236.8844127196828,84268,673,939,14123,
236.88542728824805,84267,674,939,14123,
236.8869433063599,84266,675,939,14123,
236.8985160275871,84266,675,938,14124,
236.8988696678744,84266,675,937,14125,
236.89980533907192,84266,675,936,14126,
236.90358501295577,84265,676,936,14126,
236.90693073471368,84264,677,936,14126,
236.90837244837624,84264,676,937,14126,
236.90874050780067,84264,675,938,14126,
236.91040544079456,84264,674,939,14126,
236.9208720378317,84264,673,940,14126,
236.92260783987402,84264,672,941,14126,
236.92388386208785,84263,673,941,14126,
236.92483534332356,84263,673,940,14127,
236.92751288801438,84262,674,940,14127,
236.9281938794252,84261,675,940,14127,
236.92947478747453,84261,675,939,14128,
236.93730273094874,84261,675,938,14129,
236.93830052932313,84260,676,938,14129,
236.94056970042342,84260,676,937,14130,
236.94085905489993,84260,675,938,14130,
236.94280938309066,84259,676,938,14130,
236.94566232367816,84258,677,938,14130,
236.9463598570344,84258,677,937,14131,
236.94895004310516,84257,678,937,14131,
236.95186523357273,84257,678,936,14132,
236.9592096398984,84257,678,935,14133,
236.96494445840545,84257,677,936,14133,
236.96691703041947,84257,677,935,14134,
236.96728630392394,84256,678,935,14134,
236.97290856865817,84256,678,934,14135,
236.98050467425668,84256,677,935,14135,
236.98252162939377,84256,676,936,14135,
236.99145952011946,84256,676,935,14136,
236.99282040754932,84256,675,936,14136,
236.99288693290052,84256,674,937,14136,
236.9930042945577,84255,675,937,14136,
236.99364874799684,84255,675,936,14137,
236.99380737955002,84254,676,936,14137,
236.99936351000267,84253,677,936,14137,
237.00467299257372,84253,676,937,14137,
237.0047814735901,84253,676,936,14138,
237.00532362356367,84252,677,936,14138,
237.0055879540285,84251,678,936,14138,
237.00633517099325,84250,679,936,14138,
237.00744065642283,84250,678,937,14138,
237.00816930920138,84250,677,938,14138,
237.00958658468818,84249,678,938,14138,
237.01035615309536,84249,677,939,14138,
237.01358238621836,84249,676,940,14138,
237.01912192941066,84249,676,939,14139,
237.02041823372159,84249,675,940,14139,
237.02724762939448,84248,676,940,14139,
237.02984701272416,84247,677,940,14139,
237.03364755370788,84247,676,941,14139,
237.0355409994196,84247,676,940,14140,
237.03783916896458,84246,677,940,14140,
237.0426494223728,84245,678,940,14140,
237.04849366594325,84244,679,940,14140,
237.05150845456484,84243,680,940,14140,
237.0518769816886,84243,680,939,14141,
237.0519557701873,84243,680,938,14142,
237.05457521558492,84242,681,938,14142,
237.06228266930842,84242,680,939,14142,
237.06269278281377,84242,680,938,14143,
237.06899806017594,84242,679,939,14143,
237.07306217756258,84242,679,938,14144,
237.0745919783524,84242,678,939,14144,
237.07489345470876,84242,677,940,14144,
237.08029119737247,84241,678,940,14144,
237.08698941130632,84240,679,940,14144,
237.08790852894143,84240,678,941,14144,
237.08891615856317,84240,677,942,14144,
237.09052192463645,84240,677,941,14145,
237.09260919203598,84240,677,940,14146,
237.09467794713925,84239,678,940,14146,
237.09495759298622,84238,679,940,14146,
237.0992662777251,84238,678,941,14146,
237.10107191091518,84237,679,941,14146,
237.10315654961065,84237,679,940,14147,
237.10652742806658,84237,679,939,14148,
237.10953250632275,84237,678,940,14148,
237.11096003367058,84237,678,939,14149,
237.11493336561813,84236,679,939,14149,
237.11837276043448,84235,680,939,14149,
237.11928910198787,84235,680,938,14150,
237.12275987389637,84234,681,938,14150,
237.12422637140108,84233,682,938,14150,
237.1279611062657,84233,681,939,14150,
237.12797706480012,84232,682,939,14150,
237.13056279913465,84231,683,939,14150,
237.13060497582256,84231,683,938,14151,
237.13185765055624,84231,683,937,14152,
237.13663077860392,84230,684,937,14152,
237.13765953886136,84229,685,937,14152,
237.1381938455738,84229,684,938,14152,
237.14017741668783,84228,685,938,14152,
237.1410420464665,84228,685,937,14153,
237.14232559898184,84228,684,938,14153,
237.14472774671526,84228,683,939,14153,
237.14824748032086,84228,682,940,14153,
237.15344913261592,84228,682,939,14154,
237.15744790702257,84228,681,940,14154,
237.16473815712274,84228,680,941,14154,
237.1656638853944,84228,680,940,14155,
237.16596461480736,84227,681,940,14155,
237.17493947628626,84227,680,941,14155,
237.17724237038706,84227,679,942,14155,
237.1834400202933,84227,678,943,14155,
237.1883399756343,84226,679,943,14155,
237.1957440429348,84225,680,943,14155,
237.19903654957403,84225,680,942,14156,
237.20175252243504,84224,681,942,14156,
237.20346051792612,84223,682,942,14156,
237.20408422554664,84223,681,943,14156,
237.20845875062923,84223,681,942,14157,
237.21481194213882,84223,681,941,14158,
237.2169853758658,84222,682,941,14158,
237.22103716014743,84221,683,941,14158,
237.22133256586702,84221,682,942,14158,
237.2216597083219,84221,681,943,14158,
237.22299592724883,84221,680,944,14158,
237.22816130254006,84220,681,944,14158,
237.23319846419528,84220,680,945,14158,
237.23360140905055,84220,680,944,14159,
237.23408981987407,84220,680,943,14160,
237.23923406405387,84220,679,944,14160,
237.2430003987256,84220,679,943,14161,
237.24384657283952,84220,679,942,14162,
237.24467695094188,84219,680,942,14162,
237.24659183446732,84219,679,943,14162,
237.24903275111544,84218,680,943,14162,
237.24953704242813,84217,681,943,14162,
237.2529147758187,84216,682,943,14162,
237.25575004641385,84216,682,942,14163,
237.25703926405131,84215,683,942,14163,
237.25789501007486,84215,683,941,14164,
237.25834119262797,84215,682,942,14164,
237.26984132807866,84215,681,943,14164,
237.27246063974266,84214,682,943,14164,
237.27942181430342,84213,683,943,14164,
237.2819360036987,84212,684,943,14164,
237.291669581868,84212,684,942,14165,
237.29312883632193,84212,683,943,14165,
237.29342623298263,84212,683,942,14166,
237.29379156307365,84212,682,943,14166,
237.29646088149147,84211,683,943,14166,
237.29921878231062,84211,683,942,14167,
237.3014289675015,84211,683,941,14168,
237.30578319044736,84211,682,942,14168,
237.30754673723803,84211,681,943,14168,
237.31378603602744,84211,681,942,14169,
237.31872222177049,84211,680,943,14169,
237.31975248767995,84211,680,942,14170,
237.32177512851976,84211,679,943,14170,
237.3231139336223,84211,678,944,14170,
237.3296447508869,84211,678,943,14171,
237.32966046058115,84211,678,942,14172,
237.33129241765633,84210,679,942,14172,
237.33165606536974,84209,680,942,14172,
237.33698492394464,84208,681,942,14172,
237.3422400358776,84207,682,942,14172,
237.34440194335758,84207,681,943,14172,
237.3461242393994,84206,682,943,14172,
237.34623405574803,84206,682,942,14173,
237.34885383303026,84206,682,941,14174,
237.35141219259552,84206,682,940,14175,
237.353146150886,84206,682,939,14176,
237.3608794905218,84206,681,940,14176,
237.36287469841645,84205,682,940,14176,
237.36502428962848,84205,682,939,14177,
237.36662515694653,84205,681,940,14177,
237.36672400989684,84204,682,940,14177,
237.3687410826464,84203,683,940,14177,
237.3705729498621,84202,684,940,14177,
237.37270893614797,84201,685,940,14177,
237.37542557211407,84201,684,941,14177,
237.3791694582273,84201,683,942,14177,
237.38055624467404,84201,683,941,14178,
237.38179198800424,84201,682,942,14178,
237.38268844858948,84200,683,942,14178,
237.3830359142543,84199,684,942,14178,
237.38816099907055,84198,685,942,14178,
237.3884442254898,84198,684,943,14178,
237.388938254375,84197,685,943,14178,
237.3890939425067,84197,684,944,14178,
237.3892689720801,84197,683,945,14178,
237.39042280941882,84197,683,944,14179,
237.39178884893528,84197,682,945,14179,
237.39329944730633,84197,682,944,14180,
237.393316143248,84196,683,944,14180,
237.39427146772803,84195,684,944,14180,
237.39609093088137,84195,683,945,14180,
237.39617840620699,84194,684,945,14180,
237.3994749536764,84194,684,944,14181,
237.40258670161995,84193,685,944,14181,
237.40418600583712,84193,684,945,14181,
237.40530306898108,84193,683,946,14181,
237.4116430501255,84193,682,947,14181,
237.41542046870563,84193,682,946,14182,
237.41752742580698,84193,681,947,14182,
237.41873943485575,84193,680,948,14182,
237.42089455145995,84193,680,947,14183,
237.4209198506245,84193,679,948,14183,
237.42177061773413,84193,679,947,14184,
237.42672138661973,84192,680,947,14184,
237.43131558110687,84192,680,946,14185,
237.4318696027477,84192,679,947,14185,
237.43556881226266,84192,678,948,14185,
237.43692649326508,84192,678,947,14186,
237.44306897667244,84192,678,946,14187,
237.4441210223926,84192,677,947,14187,
237.44531310303051,84192,676,948,14187,
237.44532069186738,84192,676,947,14188,
237.44711995823772,84192,675,948,14188,
237.45106942254424,84192,675,947,14189,
237.45183863334833,84192,674,948,14189,
237.45526201292583,84192,673,949,14189,
237.45744464005537,84192,672,950,14189,
237.4589463564899,84192,672,949,14190,
237.459426254174,84192,672,948,14191,
237.4662734230628,84191,673,948,14191,
237.46628655819416,84190,674,948,14191,
237.46790294581328,84189,675,948,14191,
237.4682108844268,84188,676,948,14191,
237.47386516087965,84188,675,949,14191,
237.47456510101364,84188,674,950,14191,
237.47699164782605,84188,673,951,14191,
237.48044024289732,84188,673,950,14192,
237.48547729322425,84188,672,951,14192,
237.48628634603799,84187,673,951,14192,
237.48700223638616,84187,673,950,14193,
237.49271711126846,84187,672,951,14193,
237.49315644250802,84187,672,950,14194,
237.4944852160162,84187,672,949,14195,
237.49559791168866,84187,672,948,14196,
237.49689391598386,84186,673,948,14196,
237.49770231719728,84185,674,948,14196,
237.49859063533538,84185,673,949,14196,
237.5040374356082,84184,674,949,14196,
237.50416062569437,84184,674,948,14197,
237.50571498649333,84184,674,947,14198,
237.50701166297281,84184,674,946,14199,
237.5112416226619,84184,673,947,14199,
237.5141054180386,84184,672,948,14199,
237.5145207895675,84183,673,948,14199,
237.5183647536776,84183,673,947,14200,
237.5193620610498,84183,672,948,14200,
237.52205553065133,84182,673,948,14200,
237.52209015084506,84182,672,949,14200,
237.52717560645877,84182,671,950,14200,
237.52841677053522,84182,671,949,14201,
237.530218187041,84182,670,950,14201,
237.53281350049932,84182,669,951,14201,
237.5365496583836,84182,668,952,14201,
237.5389377213474,84181,669,952,14201,
237.53956210817518,84180,670,952,14201,
237.54399761309006,84179,671,952,14201,
237.55360849350632,84179,670,953,14201,
237.5549908544689,84179,669,954,14201,
237.55607035407127,84179,668,955,14201,
237.56151406464613,84179,668,954,14202,
237.56500325634647,84179,667,955,14202,
237.56558387888157,84178,668,955,14202,
237.5657703834565,84177,669,955,14202,
237.57053706003862,84176,670,955,14202,
237.57566227099306,84176,670,954,14203,
237.57731949267657,84175,671,954,14203,
237.57771753651016,84174,672,954,14203,
237.5789614782251,84174,671,955,14203,
237.58122150492653,84174,670,956,14203,
237.58357555619318,84174,670,955,14204,
237.5891138700249,84174,669,956,14204,
237.59094977982758,84173,670,956,14204,
237.59489750889426,84172,671,956,14204,
237.59712969235417,84171,672,956,14204,
237.59939834232011,84170,673,956,14204,
237.60174163266922,84169,674,956,14204,
237.60356364495553,84169,673,957,14204,
237.60420269958155,84168,674,957,14204,
237.60825570667652,84167,675,957,14204,
237.6122588971682,84167,675,956,14205,
237.6125508664413,84167,674,957,14205,
237.6176043907177,84167,673,958,14205,
237.61814576243546,84167,672,959,14205,
237.61863132389797,84167,671,960,14205,
237.62049418044322,84166,672,960,14205,
237.6259965586054,84166,671,961,14205,
237.62658706499215,84166,671,960,14206,
237.62742838159244,84165,672,960,14206,
237.62762054571013,84164,673,960,14206,
237.63021828879792,84164,673,959,14207,
237.63119311396272,84163,674,959,14207,
237.63467215236207,84163,673,960,14207,
237.64365577077922,84162,674,960,14207,
237.64623354543446,84162,674,959,14208,
237.64942392190397,84162,673,960,14208,
237.64992167116773,84161,674,960,14208,
237.65413934006702,84161,674,959,14209,
237.65496503068334,84161,674,958,14210,
237.65538324215208,84161,673,959,14210,
237.6581795213314,84160,674,959,14210,
237.6643790595824,84160,673,960,14210,
237.66541612782942,84159,674,960,14210,
237.66683056713154,84159,673,961,14210,
237.67101312106678,84158,674,961,14210,
237.67193604998124,84158,673,962,14210,
237.6790308371901,84158,673,961,14211,
237.68066221072178,84158,672,962,14211,
237.68263724257656,84158,671,963,14211,
237.68552014477171,84157,672,963,14211,
237.69073301817366,84157,671,964,14211,
237.6916470078214,84157,670,965,14211,
237.69209719348382,84157,669,966,14211,
237.69585026612017,84157,668,967,14211,
237.69882667892094,84156,669,967,14211,
237.6991085189469,84156,668,968,14211,
237.69942542873113,84155,669,968,14211,
237.7040173156552,84155,668,969,14211,
237.7107475795378,84154,669,969,14211,
237.71616259464255,84154,669,968,14212,
237.7162311323328,84154,669,967,14213,
237.71735992078288,84154,668,968,14213,
237.71748744362222,84154,667,969,14213,
237.71774000134428,84153,668,969,14213,
237.71825330069709,84153,667,970,14213,
237.71839389383103,84152,668,970,14213,
237.72333311978008,84151,669,970,14213,
237.7286792945266,84150,670,970,14213,
237.72878501889855,84149,671,970,14213,
237.7368669373476,84148,672,970,14213,
237.7402368292347,84147,673,970,14213,
237.7415752085494,84146,674,970,14213,
237.74404533147091,84146,673,971,14213,
237.74411526625332,84146,672,972,14213,
237.74586045511657,84146,671,973,14213,
237.74675182028184,84146,670,974,14213,
237.74706152952007,84146,670,973,14214,
237.7497283084757,84146,669,974,14214,
237.75127472013673,84145,670,974,14214,
237.7517314264249,84145,669,975,14214,
237.7521576364832,84144,670,975,14214,
237.7523614413212,84144,670,974,14215,
237.7539418771016,84144,669,975,14215,
237.75396299910992,84143,670,975,14215,
237.75849463849443,84142,671,975,14215,
237.75862868536962,84142,671,974,14216,
237.7684605399652,84141,672,974,14216,
237.77228791018123,84140,673,974,14216,
237.7781947028925,84139,674,974,14216,
237.7826974849275,84139,673,975,14216,
237.78614465115072,84139,672,976,14216,
237.790607451578,84139,672,975,14217,
237.79065677346554,84139,672,974,14218,
237.7961220239896,84138,673,974,14218,
237.79853134201934,84138,672,975,14218,
237.8026308407509,84138,672,974,14219,
237.80425644983677,84137,673,974,14219,
237.80745317875756,84137,673,973,14220,
237.80760873645988,84136,674,973,14220,
237.80804768881808,84136,673,974,14220,
237.81044010272169,84135,674,974,14220,
237.81694752292015,84134,675,974,14220,
237.8183927770149,84134,674,975,14220,
237.81962647587878,84134,674,974,14221,
237.82010736233926,84134,674,973,14222,
237.82164989719632,84134,674,972,14223,
237.82397867731333,84133,675,972,14223,
237.8274050393543,84133,675,971,14224,
237.8285156300686,84133,674,972,14224,
237.8304399420566,84133,674,971,14225,
237.83103390778155,84133,673,972,14225,
237.83671201081614,84132,674,972,14225,
237.83768354250256,84132,673,973,14225,
237.84101408257865,84131,674,973,14225,
237.84204826803418,84130,675,973,14225,
237.8427103561446,84129,676,973,14225,
237.8435873013309,84129,676,972,14226,
237.8447071999842,84129,675,973,14226,
237.84507333469566,84128,676,973,14226,
237.8454150071915,84128,676,972,14227,
237.84908265143918,84127,677,972,14227,
237.8541107031742,84127,677,971,14228,
237.85716844429507,84126,678,971,14228,
237.85781941192377,84126,678,970,14229,
237.85837500897193,84126,678,969,14230,
237.86327416248338,84126,677,970,14230,
237.86391825206675,84125,678,970,14230,
237.8671118402836,84125,677,971,14230,
237.86869366759498,84124,678,971,14230,
237.88025957533367,84123,679,971,14230,
237.88572465925822,84123,679,970,14231,
237.8866184853277,84123,679,969,14232,
237.88924774935677,84122,680,969,14232,
237.88953837399845,84122,679,970,14232,
237.8916956593596,84122,678,971,14232,
237.8924496451593,84122,677,972,14232,
237.89935400239247,84121,678,972,14232,
237.90081241536785,84120,679,972,14232,
237.90329340639525,84119,680,972,14232,
237.9073398476095,84118,681,972,14232,
237.90908876964522,84118,680,973,14232,
237.91016518294668,84117,681,973,14232,
237.91157494036233,84117,681,972,14233,
237.9133611228527,84116,682,972,14233,
237.9137421217771,84116,681,973,14233,
237.9142794729115,84116,680,974,14233,
237.91461566211575,84115,681,974,14233,
237.91543467047237,84114,682,974,14233,
237.91658935918838,84114,682,973,14234,
237.91775815182595,84113,683,973,14234,
237.92058835960358,84113,683,972,14235,
237.92687631317892,84113,682,973,14235,
237.9293558280584,84112,683,973,14235,
237.93117709033996,84112,683,972,14236,
237.93240854274973,84112,682,973,14236,
237.93481900814396,84112,682,972,14237,
237.93546731067292,84111,683,972,14237,
237.93616639884158,84111,683,971,14238,
237.94537891874114,84111,682,972,14238,
237.9455587551486,84111,682,971,14239,
237.9503957391244,84110,683,971,14239,
237.95232085954254,84109,684,971,14239,
237.95293399675478,84108,685,971,14239,
237.9535402728484,84108,685,970,14240,
237.95360406370483,84108,684,971,14240,
237.9556498579847,84108,684,970,14241,
237.96179258880315,84107,685,970,14241,
237.96812647076283,84107,684,971,14241,
237.97252897112983,84107,683,972,14241,
237.97758335393698,84106,684,972,14241,
237.9821159102801,84106,683,973,14241,
237.9821922607093,84105,684,973,14241,
237.98281042286442,84105,684,972,14242,
237.98578810675357,84105,683,973,14242,
237.9871723708016,84104,684,973,14242,
237.99005126408986,84103,685,973,14242,
237.99320273688787,84103,684,974,14242,
237.99463383014876,84103,684,973,14243,
237.99824306756292,84102,685,973,14243,
237.99831772340053,84102,684,974,14243,
238.00000492064967,84101,685,974,14243,
238.00093830514547,84100,686,974,14243,
238.0044299949206,84099,687,974,14243,
238.01063820373676,84099,686,975,14243,
238.01217513542463,84099,685,976,14243,
238.01254452362505,84098,686,976,14243,
238.01338806254057,84098,686,975,14244,
238.01415491871825,84097,687,975,14244,
238.01487400338885,84096,688,975,14244,
238.01649986109504,84095,689,975,14244,
238.02639443906244,84095,688,976,14244,
238.02988155563912,84094,689,976,14244,
238.03297276342622,84094,688,977,14244,
238.0349260239974,84093,689,977,14244,
238.03647502133086,84093,688,978,14244,
238.03846090791043,84093,688,977,14245,
238.04110851170694,84093,688,976,14246,
238.0452766554844,84092,689,976,14246,
238.04757048921832,84092,689,975,14247,
238.04928727223492,84092,688,976,14247,
238.04959860704602,84092,688,975,14248,
238.05296994325437,84092,688,974,14249,
238.05541916559343,84092,688,973,14250,
238.05613885499858,84091,689,973,14250,
238.0567876887474,84090,690,973,14250,
238.05748429939132,84089,691,973,14250,
238.05903515578984,84089,691,972,14251,
238.06085104948212,84088,692,972,14251,
238.06313444332653,84087,693,972,14251,
238.06787150418464,84087,692,973,14251,
238.07030921117803,84087,692,972,14252,
238.07193262453845,84086,693,972,14252,
238.07580269852846,84085,694,972,14252,
238.08117753160104,84085,693,973,14252,
238.0813016841652,84085,692,974,14252,
238.08650284324318,84085,691,975,14252,
238.08704047939193,84085,691,974,14253,
238.08743964928314,84085,690,975,14253,
238.08889036195055,84085,690,974,14254,
238.09056311935933,84084,691,974,14254,
238.0923585829164,84083,692,974,14254,
238.09740671938343,84082,693,974,14254,
238.09844735455175,84081,694,974,14254,
238.10406020485397,84080,695,974,14254,
238.10542483402074,84079,696,974,14254,
238.10820941728224,84079,695,975,14254,
238.108353570087,84079,695,974,14255,
238.11329727708664,84078,696,974,14255,
238.11534617834224,84078,696,973,14256,
238.11800422848216,84078,695,974,14256,
238.12288754629776,84077,696,974,14256,
238.12640355639323,84076,697,974,14256,
238.13046616537693,84075,698,974,14256,
238.13509179020065,84075,697,975,14256,
238.13632910119352,84075,696,976,14256,
238.1445016325231,84075,695,977,14256,
238.14601473958538,84075,694,978,14256,
238.14827033960512,84075,694,977,14257,
238.1483678643634,84074,695,977,14257,
238.1507559856271,84074,695,976,14258,
238.15472780920132,84073,696,976,14258,
238.15633905627163,84073,696,975,14259,
238.15782820258013,84073,696,974,14260,
238.16363861779323,84073,696,973,14261,
238.1645498305231,84073,696,972,14262,
238.16523950460805,84073,695,973,14262,
238.16571858422657,84073,694,974,14262,
238.16625014010714,84073,694,973,14263,
238.17066048662716,84073,694,972,14264,
238.17089431964436,84072,695,972,14264,
238.17099951780148,84072,694,973,14264,
238.17328420737758,84072,693,974,14264,
238.17578823514089,84072,692,975,14264,
238.17721373416967,84072,692,974,14265,
238.18611090088973,84071,693,974,14265,
238.191671036597,84070,694,974,14265,
238.19532793839178,84070,694,973,14266,
238.1969813776338,84070,694,972,14267,
238.20192741913493,84069,695,972,14267,
238.2068057951627,84069,694,973,14267,
238.21131118914536,84068,695,973,14267,
238.21458349684985,84068,695,972,14268,
238.21608439176836,84067,696,972,14268,
238.2162759321694,84066,697,972,14268,
238.2181436446929,84065,698,972,14268,
238.220290869079,84065,698,971,14269,
238.22304022528087,84065,697,972,14269,
238.22748773671577,84065,696,973,14269,
238.23032626919314,84065,695,974,14269,
238.23335907107838,84064,696,974,14269,
238.23609412861455,84064,696,973,14270,
238.23670684586148,84064,696,972,14271,
238.23737290370698,84064,695,973,14271,
238.23929144523197,84064,694,974,14271,
238.24124682754646,84063,695,974,14271,
238.24226702622147,84063,694,975,14271,
238.24260897013002,84062,695,975,14271,
238.2464394963149,84062,694,976,14271,
238.2465135668705,84061,695,976,14271,
238.24931508508593,84061,694,977,14271,
238.2509511399404,84061,694,976,14272,
238.2580853352423,84061,694,975,14273,
238.26189927351007,84061,693,976,14273,
238.26316162447523,84060,694,976,14273,
238.26718166655854,84059,695,976,14273,
238.26732265958537,84059,695,975,14274,
238.2709531759692,84058,696,975,14274,
238.27216221685774,84057,697,975,14274,
238.27362682690702,84057,697,974,14275,
238.27430778000567,84057,697,973,14276,
238.2785398978152,84057,696,974,14276,
238.28068569705326,84056,697,974,14276,
238.2819598274279,84056,697,973,14277,
238.28225348759264,84056,696,974,14277,
238.28636354054757,84055,697,974,14277,
238.2888904321106,84055,696,975,14277,
238.29208867581386,84055,696,974,14278,
238.29663543451505,84054,697,974,14278,
238.2993101926612,84053,698,974,14278,
238.3014262323336,84052,699,974,14278,
238.3043916757817,84051,700,974,14278,
238.3047035695776,84051,699,975,14278,
238.3099883117184,84051,699,974,14279,
238.3140454066547,84051,699,973,14280,
238.31431128523633,84051,698,974,14280,
238.31481292447566,84051,697,975,14280,
238.3168582408356,84051,696,976,14280,
238.3170439922111,84051,696,975,14281,
238.3174228131448,84050,697,975,14281,
238.31822468865846,84050,697,974,14282,
238.31932247643158,84050,696,975,14282,
238.32094136579207,84049,697,975,14282,
238.3241523660833,84049,696,976,14282,
238.324384977542,84048,697,976,14282,
238.32514576085777,84048,696,977,14282,
238.32516621434098,84048,695,978,14282,
238.3257831935256,84047,696,978,14282,
238.32660077534723,84047,696,977,14283,
238.33195403292342,84047,696,976,14284,
238.3323054270989,84046,697,976,14284,
238.3329668179242,84046,696,977,14284,
238.3343739185553,84046,695,978,14284,
238.3350109347675,84045,696,978,14284,
238.3372220756186,84045,695,979,14284,
238.33824071977685,84045,694,980,14284,
238.33849102320144,84045,694,979,14285,
238.3417852468321,84044,695,979,14285,
238.34239962388884,84043,696,979,14285,
238.3497305890883,84042,697,979,14285,
238.35205665737936,84042,697,978,14286,
238.35217552431521,84041,698,978,14286,
238.35261827038826,84040,699,978,14286,
238.35272777342612,84039,700,978,14286,
238.35391148664738,84038,701,978,14286,
238.35505139391591,84038,701,977,14287,
238.3558838526184,84038,700,978,14287,
238.357032537194,84037,701,978,14287,
238.3588680378763,84036,702,978,14287,
238.36018330705417,84036,702,977,14288,
238.3631381496407,84035,703,977,14288,
238.36392143067084,84035,702,978,14288,
238.36427873397017,84035,701,979,14288,
238.36610858749123,84035,700,980,14288,
238.3683188611856,84034,701,980,14288,
238.37079477822692,84034,701,979,14289,
238.3751664255742,84033,702,979,14289,
238.378446178275,84032,703,979,14289,
238.37863258233625,84032,702,980,14289,
238.3788898385055,84032,701,981,14289,
238.38050365908308,84032,701,980,14290,
238.3860397445074,84032,700,981,14290,
238.38779024505578,84031,701,981,14290,
238.39019468968155,84031,700,982,14290,
238.39373858497825,84031,700,981,14291,
238.40579652705037,84031,700,980,14292,
238.40592601389508,84030,701,980,14292,
238.41121091086774,84030,701,979,14293,
238.41268415096923,84030,700,980,14293,
238.41862514020298,84030,700,979,14294,
238.42143072771796,84030,699,980,14294,
238.42412068725605,84029,700,980,14294,
238.42792255704953,84028,701,980,14294,
238.4287661134496,84027,702,980,14294,
238.42975076340582,84027,701,981,14294,
238.43024625893,84027,701,980,14295,
238.43273388145863,84027,701,979,14296,
238.4353094320963,84026,702,979,14296,
238.43579150796094,84025,703,979,14296,
238.4377077120591,84025,702,980,14296,
238.43959216174656,84024,703,980,14296,
238.44241500460225,84024,703,979,14297,
238.4427208453022,84024,702,980,14297,
238.44638620967163,84024,702,979,14298,
238.448782743756,84024,701,980,14298,
238.4546186423893,84023,702,980,14298,
238.45862419048464,84023,701,981,14298,
238.4593799217264,84022,702,981,14298,
238.459660870048,84021,703,981,14298,
238.46218337743474,84021,702,982,14298,
238.46342942941752,84021,701,983,14298,
238.46990583432708,84020,702,983,14298,
238.4763863303411,84019,703,983,14298,
238.48096218872945,84018,704,983,14298,
238.48350405216186,84017,705,983,14298,
238.48914132989154,84016,706,983,14298,
238.48969190672562,84015,707,983,14298,
238.4917469410714,84015,706,984,14298,
238.4920388329231,84015,705,985,14298,
238.4932598795368,84015,705,984,14299,
238.4953701891926,84014,706,984,14299,
238.4979629573932,84014,706,983,14300,
238.49936061589295,84013,707,983,14300,
238.50004078257527,84013,706,984,14300,
238.50510104317718,84013,706,983,14301,
238.50832437250656,84013,705,984,14301,
238.5089326084931,84012,706,984,14301,
238.50923807002323,84011,707,984,14301,
238.52177354329035,84011,706,985,14301,
238.5218728544699,84011,706,984,14302,
238.5233283704567,84010,707,984,14302,
238.52736133997132,84009,708,984,14302,
238.52748291480026,84008,709,984,14302,
238.5288554734468,84008,709,983,14303,
238.52988336712937,84008,708,984,14303,
238.52992379135648,84007,709,984,14303,
238.53430973996228,84006,710,984,14303,
238.53481143254828,84006,710,983,14304,
238.53653889670102,84005,711,983,14304,
238.54004182130927,84005,710,984,14304,
238.5410830921018,84005,710,983,14305,
238.54677536666344,84005,710,982,14306,
238.5482528035539,84004,711,982,14306,
238.55263516159857,84004,710,983,14306,
238.55557628165528,84003,711,983,14306,
238.55734129770002,84003,711,982,14307,
238.5580366454924,84003,711,981,14308,
238.55813437795996,84002,712,981,14308,
238.5594528044821,84002,711,982,14308,
238.55976792648622,84001,712,982,14308,
238.562983018784,84001,712,981,14309,
238.5635999902684,84000,713,981,14309,
238.5691069515676,84000,713,980,14310,
238.57833744607908,84000,713,979,14311,
238.58010259151342,83999,714,979,14311,
238.58724966214695,83998,715,979,14311,
238.58746563133903,83997,716,979,14311,
238.5895583271477,83996,717,979,14311,
238.58967131500964,83996,716,980,14311,
238.59132898090806,83996,716,979,14312,
238.59202419425836,83996,715,980,14312,
238.5933756445907,83996,714,981,14312,
238.5938889648167,83996,714,980,14313,
238.59534778184468,83996,713,981,14313,
238.59815129310672,83995,714,981,14313,
238.60274107888375,83995,713,982,14313,
238.6031451265273,83994,714,982,14313,
238.6128706364616,83994,714,981,14314,
238.6136265292186,83993,715,981,14314,
238.6155425662147,83992,716,981,14314,
238.6176285023218,83992,716,980,14315,
238.61790677550923,83992,716,979,14316,
238.61900690381864,83991,717,979,14316,
238.62244890238114,83991,716,980,14316,
238.62741337321708,83991,715,981,14316,
238.62896817018805,83991,715,980,14317,
238.63226087929394,83991,715,979,14318,
238.63229354384345,83991,715,978,14319,
238.63261406100108,83991,714,979,14319,
238.63445473277966,83990,715,979,14319,
238.63510596391842,83990,715,978,14320,
238.6356271637488,83990,714,979,14320,
238.63781844105105,83990,713,980,14320,
238.63983353096566,83990,712,981,14320,
238.6416053356388,83989,713,981,14320,
238.64295026397843,83988,714,981,14320,
238.6433107836404,83988,713,982,14320,
238.64362723697806,83987,714,982,14320,
238.64503291541575,83987,714,981,14321,
238.64510461400948,83986,715,981,14321,
238.64929895240638,83986,715,980,14322,
238.65875565652075,83986,714,981,14322,
238.66305822339,83986,713,982,14322,
238.66429930692152,83985,714,982,14322,
238.66689790314416,83984,715,982,14322,
238.66705539579624,83984,715,981,14323,
238.66915432822597,83984,714,982,14323,
238.67134932300155,83984,713,983,14323,
238.671848230645,83984,712,984,14323,
238.67648142379545,83983,713,984,14323,
238.68149447690146,83983,712,985,14323,
238.68540878191703,83983,711,986,14323,
238.68951258967766,83983,711,985,14324,
238.6966332419034,83982,712,985,14324,
238.69692658156916,83982,711,986,14324,
238.69832156357043,83981,712,986,14324,
238.6997640137385,83980,713,986,14324,
238.70207144653193,83979,714,986,14324,
238.70738084389524,83978,715,986,14324,
238.7081487955818,83978,714,987,14324,
238.7157282219841,83977,715,987,14324,
238.7173751496778,83976,716,987,14324,
238.71800712465583,83976,715,988,14324,
238.72029896236268,83976,715,987,14325,
238.7240341631245,83976,715,986,14326,
238.72777807433062,83976,714,987,14326,
238.73307511544752,83976,714,986,14327,
238.73325891542717,83976,713,987,14327,
238.74178712887806,83975,714,987,14327,
238.7466883712146,83975,713,988,14327,
238.7467315435414,83974,714,988,14327,
238.74733788478568,83974,714,987,14328,
238.74784522299663,83973,715,987,14328,
238.75814917589366,83973,715,986,14329,
238.7593720994106,83973,714,987,14329,
238.76381846307282,83972,715,987,14329,
238.76520984235634,83972,714,988,14329,
238.7661188359467,83972,714,987,14330,
238.77797237963773,83971,715,987,14330,
238.77841613644165,83970,716,987,14330,
238.78247097519775,83970,716,986,14331,
238.78254035088418,83969,717,986,14331,
238.78295266035485,83969,716,987,14331,
238.7842045105088,83969,716,986,14332,
238.78458828282237,83969,715,987,14332,
238.7855807015764,83968,716,987,14332,
238.79399909578342,83967,717,987,14332,
238.79481501384987,83966,718,987,14332,
238.79845551053023,83966,718,986,14333,
238.79983407159673,83966,717,987,14333,
238.803943983737,83965,718,987,14333,
238.80467412569269,83964,719,987,14333,
238.8054426402978,83963,720,987,14333,
238.8065102517787,83962,721,987,14333,
238.80755292193132,83961,722,987,14333,
238.80794283038367,83960,723,987,14333,
238.80906881446717,83960,722,988,14333,
238.80994159662438,83959,723,988,14333,
238.81134318783688,83959,723,987,14334,
238.81710758961052,83958,724,987,14334,
238.81967555020344,83958,724,986,14335,
238.81995387200345,83957,725,986,14335,
238.8226248299168,83957,725,985,14336,
238.82350984579014,83957,725,984,14337,
238.82942806420664,83956,726,984,14337,
238.8326025390143,83956,725,985,14337,
238.83660784662382,83956,724,986,14337,
238.84151133491534,83955,725,986,14337,
238.8474918144029,83954,726,986,14337,
238.8479673976163,83953,727,986,14337,
238.8488079695821,83952,728,986,14337,
238.84911275047813,83952,727,987,14337,
238.85159472822315,83952,726,988,14337,
238.8532765855925,83952,726,987,14338,
238.85395585781737,83952,726,986,14339,
238.85427780217103,83952,725,987,14339,
238.85871893935277,83951,726,987,14339,
238.85952275999094,83950,727,987,14339,
238.86019882859233,83950,726,988,14339,
238.86050538039797,83949,727,988,14339,
238.86152008099958,83949,727,987,14340,
238.8618333974332,83949,726,988,14340,
238.86342667046964,83948,727,988,14340,
238.86362962676137,83947,728,988,14340,
238.86391026317452,83946,729,988,14340,
238.87061061607182,83946,728,989,14340,
238.87075283493812,83946,728,988,14341,
238.87501128978874,83946,727,989,14341,
238.87684404754586,83946,726,990,14341,
238.87908138057892,83946,725,991,14341,
238.87999745656865,83946,724,992,14341,
238.88071996942062,83945,725,992,14341,
238.8831704534788,83944,726,992,14341,
238.8858183524643,83944,725,993,14341,
238.88720816224156,83944,725,992,14342,
238.88940929638864,83943,726,992,14342,
238.89158130630142,83943,726,991,14343,
238.90782050084195,83942,727,991,14343,
238.90857674564396,83941,728,991,14343,
238.91041817106458,83941,727,992,14343,
238.9106516567836,83940,728,992,14343,
238.91214271007834,83940,728,991,14344,
238.9137202595573,83940,728,990,14345,
238.91572725107218,83939,729,990,14345,
238.9173288655627,83938,730,990,14345,
238.9183202120061,83937,731,990,14345,
238.92101615710058,83937,731,989,14346,
238.92231835377646,83937,730,990,14346,
238.92234717039858,83936,731,990,14346,
238.92396000615958,83936,730,991,14346,
238.9243632710852,83936,730,990,14347,
238.9271949646554,83935,731,990,14347,
238.92878115601454,83935,730,991,14347,
238.93883117821906,83935,729,992,14347,
238.94165060729546,83934,730,992,14347,
238.94226672107214,83934,729,993,14347,
238.9435478765806,83934,728,994,14347,
238.94425883360012,83933,729,994,14347,
238.94722457207672,83933,728,995,14347,
238.94787075623813,83933,727,996,14347,
238.952013137526,83932,728,996,14347,
238.95276057986942,83932,728,995,14348,
238.95527888368667,83932,727,996,14348,
238.96365898441658,83932,727,995,14349,
238.96815521945462,83932,727,994,14350,
238.97227755914273,83932,727,993,14351,
238.97363352699887,83932,727,992,14352,
238.97618108749816,83931,728,992,14352,
238.9774813576973,83931,728,991,14353,
238.97857869174993,83930,729,991,14353,
238.98077220298143,83930,728,992,14353,
238.98077751937157,83929,729,992,14353,
238.98206098281912,83928,730,992,14353,
238.98264269535795,83927,731,992,14353,
238.98763706252322,83927,730,993,14353,
238.9933028522675,83926,731,993,14353,
238.99459108590514,83926,731,992,14354,
238.99598306733407,83926,731,991,14355,
239.0001553698181,83926,731,990,14356,
239.00182924209318,83926,730,991,14356,
239.00189439572756,83925,731,991,14356,
239.00559199124396,83925,730,992,14356,
239.01088510040128,83925,730,991,14357,
239.01598446081522,83925,730,990,14358,
239.01798452881505,83925,730,989,14359,
239.01931713173576,83925,730,988,14360,
239.02073971617804,83924,731,988,14360,
239.02124126061585,83924,731,987,14361,
239.02182340651183,83923,732,987,14361,
239.02196780180148,83923,731,988,14361,
239.0249056190689,83922,732,988,14361,
239.02644574629625,83921,733,988,14361,
239.02675293328025,83921,733,987,14362,
239.0276690824649,83920,734,987,14362,
239.0299246865292,83919,735,987,14362,
239.03087591484064,83919,734,988,14362,
239.03714712545792,83919,734,987,14363,
239.04076568013733,83919,733,988,14363,
239.04194448500067,83919,732,989,14363,
239.04503753465,83918,733,989,14363,
239.04586701682157,83918,732,990,14363,
239.0461667886426,83918,731,991,14363,
239.04883282419289,83918,730,992,14363,
239.04943383582048,83917,731,992,14363,
239.05175014938746,83916,732,992,14363,
239.05298054313957,83916,732,991,14364,
239.05393508870168,83916,731,992,14364,
239.05638682351383,83916,731,991,14365,
239.05780340951097,83916,731,990,14366,
239.0580831066014,83916,730,991,14366,
239.05835455026812,83915,731,991,14366,
239.0600038113409,83915,730,992,14366,
239.06169730984448,83914,731,992,14366,
239.06292660038469,83914,730,993,14366,
239.06519062788834,83914,730,992,14367,
239.0684240815355,83914,730,991,14368,
239.06913124814247,83913,731,991,14368,
239.0701336437904,83912,732,991,14368,
239.07107100804723,83912,732,990,14369,
239.07132774718391,83912,732,989,14370,
239.07270033858634,83912,732,988,14371,
239.0729286158961,83911,733,988,14371,
239.07499278341507,83911,733,987,14372,
239.07506051871886,83911,732,988,14372,
239.07571733639207,83910,733,988,14372,
239.08050494742915,83910,733,987,14373,
239.08226307575234,83909,734,987,14373,
239.08271439537248,83908,735,987,14373,
239.0827161389555,83908,734,988,14373,
239.0828957849632,83908,733,989,14373,
239.0834091648723,83908,733,988,14374,
239.08471668790594,83908,732,989,14374,
239.0870947896408,83907,733,989,14374,
239.0877422264404,83906,734,989,14374,
239.09072609019137,83906,734,988,14375,
239.09227951151198,83906,734,987,14376,
239.09378657163873,83906,733,988,14376,
239.09515897251674,83905,734,988,14376,
239.1058745778206,83905,733,989,14376,
239.10629888112297,83905,732,990,14376,
239.10801446838275,83905,732,989,14377,
239.111181049857,83904,733,989,14377,
239.1114651757258,83903,734,989,14377,
239.1190585156935,83903,733,990,14377,
239.12195668400784,83903,732,991,14377,
239.1225944599008,83903,731,992,14377,
239.12533701723422,83903,731,991,14378,
239.12762308810903,83903,731,990,14379,
239.12803223395994,83902,732,990,14379,
239.130881339977,83902,732,989,14380,
239.1312857956543,83902,731,990,14380,
239.13218267298686,83902,730,991,14380,
239.13392001972633,83902,729,992,14380,
239.1339605828723,83901,730,992,14380,
239.13562490778386,83901,729,993,14380,
239.13586508355354,83901,729,992,14381,
239.1389906734084,83900,730,992,14381,
239.14246855117833,83900,730,991,14382,
239.14617200958324,83900,730,990,14383,
239.15059402195226,83900,729,991,14383,
239.15074450286062,83900,729,990,14384,
239.15112697698197,83900,728,991,14384,
239.155142991682,83899,729,991,14384,
239.1569741310619,83898,730,991,14384,
239.1576091589043,83897,731,991,14384,
239.15842344824665,83897,731,990,14385,
239.15904521163245,83897,730,991,14385,
239.15953550916305,83896,731,991,14385,
239.16606680131545,83895,732,991,14385,
239.17242250145787,83894,733,991,14385,
239.17421084037954,83894,732,992,14385,
239.18155577717047,83894,731,993,14385,
239.1858807489896,83894,731,992,14386,
239.19722868183925,83893,732,992,14386,
239.19771548398612,83892,733,992,14386,
239.19838276451762,83891,734,992,14386,
239.19983684849205,83890,735,992,14386,
239.1999994473197,83890,735,991,14387,
239.20265781973367,83890,734,992,14387,
239.20956693132123,83890,734,991,14388,
239.21135996925642,83889,735,991,14388,
239.21155916028175,83888,736,991,14388,
239.21459710998008,83887,737,991,14388,
239.2171775512602,83886,738,991,14388,
239.21875135042313,83886,738,990,14389,
239.2245554009043,83886,737,991,14389,
239.22583296652883,83886,736,992,14389,
239.22745702275435,83886,735,993,14389,
239.22824627402454,83886,734,994,14389,
239.2298381732228,83886,733,995,14389,
239.23310200196295,83886,733,994,14390,
239.23338591128123,83886,733,993,14391,
239.2336617867459,83886,733,992,14392,
239.23951973718655,83886,733,991,14393,
239.2417327052723,83885,734,991,14393,
239.24191704872695,83885,734,990,14394,
239.24467556909252,83885,734,989,14395,
239.247759778121,83884,735,989,14395,
239.25353438255985,83884,734,990,14395,
239.25717044078502,83884,734,989,14396,
239.26111905123418,83883,735,989,14396,
239.26292920664852,83882,736,989,14396,
239.26441392745,83881,737,989,14396,
239.2645122689003,83881,736,990,14396,
239.2693306234754,83880,737,990,14396,
239.2696658650547,83880,736,991,14396,
239.27101727688319,83879,737,991,14396,
239.27113315953946,83879,737,990,14397,
239.2716597549131,83878,738,990,14397,
239.27170071417174,83878,737,991,14397,
239.27290011390437,83877,738,991,14397,
239.2791841962328,83876,739,991,14397,
239.27958951809532,83876,739,990,14398,
239.27977811506236,83875,740,990,14398,
239.27991046690005,83874,741,990,14398,
239.28768227320114,83874,741,989,14399,
239.28811121696242,83873,742,989,14399,
239.2895313666966,83873,742,988,14400,
239.28988937847117,83873,741,989,14400,
239.29189223717304,83872,742,989,14400,
239.29213632131246,83872,741,990,14400,
239.29231498329924,83871,742,990,14400,
239.2928108740179,83871,741,991,14400,
239.31058814887967,83870,742,991,14400,
239.31142075977692,83870,741,992,14400,
239.31216901205588,83870,740,993,14400,
239.31396294081662,83870,739,994,14400,
239.31935334422081,83870,738,995,14400,
239.3209143011546,83870,738,994,14401,
239.3232934529858,83870,737,995,14401,
239.32520684557144,83870,736,996,14401,
239.32563324771922,83870,735,997,14401,
239.32600774194694,83870,735,996,14402,
239.32676234641002,83869,736,996,14402,
239.32694872117688,83868,737,996,14402,
239.3277296772957,83868,737,995,14403,
239.33020026437785,83868,736,996,14403,
239.3342523843936,83868,736,995,14404,
239.33427145905503,83868,735,996,14404,
239.3348534204988,83867,736,996,14404,
239.33913818724562,83867,735,997,14404,
239.34637609697535,83867,735,996,14405,
239.35359342649366,83866,736,996,14405,
239.35526212469662,83866,736,995,14406,
239.35601392563188,83865,737,995,14406,
239.35663221334318,83865,737,994,14407,
239.35763447482475,83864,738,994,14407,
239.3602892015663,83864,737,995,14407,
239.3639815192403,83863,738,995,14407,
239.3640122556977,83863,738,994,14408,
239.3658223970352,83863,737,995,14408,
239.37672532331786,83862,738,995,14408,
239.3772316471805,83862,738,994,14409,
239.37793604909416,83861,739,994,14409,
239.3807753929045,83861,739,993,14410,
239.38110991928866,83861,739,992,14411,
239.384047841888,83860,740,992,14411,
239.38532275153563,83859,741,992,14411,
239.38544814804706,83859,740,993,14411,
239.3874759611419,83858,741,993,14411,
239.39180310132795,83858,741,992,14412,
239.39276566822272,83857,742,992,14412,
239.39293660636616,83856,743,992,14412,
239.39514782475698,83856,743,991,14413,
239.39716527595056,83855,744,991,14413,
239.39910415344372,83855,744,990,14414,
239.40196850458878,83855,744,989,14415,
239.40235045966543,83854,745,989,14415,
239.407190127399,83853,746,989,14415,
239.41650603720132,83853,746,988,14416,
239.41945848892613,83852,747,988,14416,
239.42062152005815,83851,748,988,14416,
239.42111688371912,83851,747,989,14416,
239.4266170842572,83851,747,988,14417,
239.4289973281619,83851,747,987,14418,
239.42923336875822,83851,746,988,14418,
239.43102972708022,83851,746,987,14419,
239.43190668982027,83851,746,986,14420,
239.43263960198163,83851,746,985,14421,
239.43310175386677,83850,747,985,14421,
239.43312313687426,83850,746,986,14421,
239.43533237941304,83850,745,987,14421,
239.44097510803223,83850,745,986,14422,
239.44387464835333,83850,745,985,14423,
239.44415367993662,83850,745,984,14424,
239.4445867271158,83850,745,983,14425,
239.4463665385689,83850,745,982,14426,
239.44793996564061,83850,745,981,14427,
239.45266304211836,83850,745,980,14428,
239.4538676843011,83850,744,981,14428,
239.4545270654251,83850,744,980,14429,
239.4564739857662,83850,743,981,14429,
239.45723494530503,83850,742,982,14429,
239.4574397917275,83850,741,983,14429,
239.45787339071956,83849,742,983,14429,
239.45914711081204,83849,742,982,14430,
239.46215516914023,83849,741,983,14430,
239.46221018373183,83849,740,984,14430,
239.46233338050487,83849,740,983,14431,
239.46272376568243,83848,741,983,14431,
239.46845351144347,83847,742,983,14431,
239.47237309070695,83847,741,984,14431,
239.47528946664593,83846,742,984,14431,
239.4766437744183,83846,742,983,14432,
239.47878829739355,83845,743,983,14432,
239.48041813421676,83844,744,983,14432,
239.48128552219978,83844,744,982,14433,
239.48195786021276,83843,745,982,14433,
239.48625601666004,83843,745,981,14434,
239.4865205757631,83843,745,980,14435,
239.48670192939326,83843,744,981,14435,
239.49045738107682,83843,744,980,14436,
239.49124373284107,83843,743,981,14436,
239.49159392445162,83842,744,981,14436,
239.49235351714373,83842,743,982,14436,
239.49324688598048,83841,744,982,14436,
239.49636411578356,83841,743,983,14436,
239.50086877918702,83840,744,983,14436,
239.50277282059685,83839,745,983,14436,
239.50401368649963,83839,745,982,14437,
239.50482931200048,83839,745,981,14438,
239.50521256830416,83838,746,981,14438,
239.5060225930178,83837,747,981,14438,
239.50611442023174,83836,748,981,14438,
239.50751217081472,83835,749,981,14438,
239.50857990039253,83834,750,981,14438,
239.50925785164247,83834,749,982,14438,
239.51658380813478,83833,750,982,14438,
239.51775104214605,83832,751,982,14438,
239.51854723309262,83831,752,982,14438,
239.5196162805646,83830,753,982,14438,
239.5198988899161,83830,753,981,14439,
239.52042620889722,83829,754,981,14439,
239.52226643133523,83829,754,980,14440,
239.52685237550133,83829,753,981,14440,
239.52769055974346,83829,752,982,14440,
239.52839599875128,83829,752,981,14441,
239.53003204341718,83828,753,981,14441,
239.5312352630202,83828,753,980,14442,
239.5326737437455,83827,754,980,14442,
239.53359174035987,83826,755,980,14442,
239.53388831888506,83825,756,980,14442,
239.53429202098272,83825,756,979,14443,
239.535670912488,83824,757,979,14443,
239.53728239925758,83824,756,980,14443,
239.53758423987526,83823,757,980,14443,
239.54239829237434,83823,756,981,14443,
239.54373082153626,83822,757,981,14443,
239.54466731189515,83822,756,982,14443,
239.54709416743722,83822,755,983,14443,
239.54799517237512,83822,754,984,14443,
239.54881287711987,83821,755,984,14443,
239.54898903096895,83821,755,983,14444,
239.5493641243882,83821,754,984,14444,
239.5503151813274,83821,754,983,14445,
239.55586543446574,83821,753,984,14445,
239.56573744027472,83821,753,983,14446,
239.57618778037317,83821,752,984,14446,
239.57696627802432,83820,753,984,14446,
239.5784792972565,83819,754,984,14446,
239.5810772601139,83819,754,983,14447,
239.58211320178506,83819,754,982,14448,
239.58238619841043,83818,755,982,14448,
239.58246892194614,83818,754,983,14448,
239.5831890040319,83818,754,982,14449,
239.58335488907312,83817,755,982,14449,
239.58337227002056,83816,756,982,14449,
239.58399032861436,83815,757,982,14449,
239.5843262922169,83814,758,982,14449,
239.58530712630525,83814,758,981,14450,
239.58596283905965,83813,759,981,14450,
239.5895138852429,83812,760,981,14450,
239.59078204301056,83812,760,980,14451,
239.5935040399274,83811,761,980,14451,
239.59350483420988,83810,762,980,14451,
239.59381112708368,83810,761,981,14451,
239.59450465226826,83810,761,980,14452,
239.60055351825744,83809,762,980,14452,
239.60063293764208,83808,763,980,14452,
239.6014041915688,83807,764,980,14452,
239.6023291214657,83806,765,980,14452,
239.60327082377475,83806,765,979,14453,
239.60523301313123,83805,766,979,14453,
239.6097916361718,83805,766,978,14454,
239.613658240173,83804,767,978,14454,
239.61883892721124,83803,768,978,14454,
239.62081896638816,83802,769,978,14454,
239.62222815001041,83801,770,978,14454,
239.62280186466595,83801,770,977,14455,
239.62526452367638,83800,771,977,14455,
239.62634878160884,83799,772,977,14455,
239.6284769835834,83798,773,977,14455,
239.62979688983563,83797,774,977,14455,
239.63038863307858,83797,774,976,14456,
239.63063413921887,83797,774,975,14457,
239.63078026608702,83796,775,975,14457,
239.6338375800028,83796,775,974,14458,
239.64311623669855,83796,774,975,14458,
239.64548221284528,83795,775,975,14458,
239.64566402476825,83794,776,975,14458,
239.64649594323436,83794,776,974,14459,
239.65182837038665,83794,776,973,14460,
239.6556193135115,83794,775,974,14460,
239.66263547535766,83793,776,974,14460,
239.66385283626397,83792,777,974,14460,
239.6662276081032,83792,777,973,14461,
239.66737869279794,83792,777,972,14462,
239.66854640090236,83792,776,973,14462,
239.67055026662482,83792,775,974,14462,
239.6753853629622,83791,776,974,14462,
239.67764338651347,83791,775,975,14462,
239.6812504050569,83791,775,974,14463,
239.68185012058817,83791,775,973,14464,
239.6834996421701,83791,775,972,14465,
239.6839262907015,83791,774,973,14465,
239.68401241398922,83791,774,972,14466,
239.68614512972982,83791,774,971,14467,
239.6902636013765,83790,775,971,14467,
239.69047805813744,83789,776,971,14467,
239.69048593648813,83789,775,972,14467,
239.69110189555775,83789,774,973,14467,
239.69277407551274,83788,775,973,14467,
239.7019846106632,83788,774,974,14467,
239.7049710812418,83788,774,973,14468,
239.70497520279167,83788,774,972,14469,
239.70618848662932,83787,775,972,14469,
239.7133255346982,83787,774,973,14469,
239.7179957084494,83787,773,974,14469,
239.71908312794298,83787,772,975,14469,
239.72121449758896,83787,771,976,14469,
239.72154647669848,83787,771,975,14470,
239.7218161222446,83787,770,976,14470,
239.72198294434543,83786,771,976,14470,
239.72225702364764,83786,770,977,14470,
239.72278343157458,83786,769,978,14470,
239.72516819970554,83785,770,978,14470,
239.7251986671025,83785,769,979,14470,
239.72661956374228,83784,770,979,14470,
239.73078584507957,83784,769,980,14470,
239.73186903023938,83784,768,981,14470,
239.7323275477673,83784,767,982,14470,
239.73499860608754,83783,768,982,14470,
239.73839487778764,83782,769,982,14470,
239.7427334465516,83781,770,982,14470,
239.7430888543371,83781,769,983,14470,
239.74339611309136,83781,768,984,14470,
239.74541761108856,83781,767,985,14470,
239.74662867827476,83781,767,984,14471,
239.74726275900227,83781,766,985,14471,
239.74882629009022,83781,766,984,14472,
239.74907710399174,83781,765,985,14472,
239.7493474195768,83781,765,984,14473,
239.75345907065224,83781,764,985,14473,
239.7541925232226,83780,765,985,14473,
239.75692973041035,83779,766,985,14473,
239.75718127646857,83779,766,984,14474,
239.75790744954566,83778,767,984,14474,
239.76023358836002,83778,766,985,14474,
239.7632364059423,83778,765,986,14474,
239.76343840893895,83778,764,987,14474,
239.7634580369225,83778,763,988,14474,
239.7635660721835,83777,764,988,14474,
239.76605762957516,83777,764,987,14475,
239.76841942140317,83776,765,987,14475,
239.76934990750297,83775,766,987,14475,
239.77031841018487,83774,767,987,14475,
239.77152064283501,83773,768,987,14475,
239.7719812123134,83773,768,986,14476,
239.77498415103528,83772,769,986,14476,
239.77618494883905,83772,768,987,14476,
239.7777379276806,83771,769,987,14476,
239.77782513406413,83771,768,988,14476,
239.78101584793987,83770,769,988,14476,
239.78137381825283,83770,768,989,14476,
239.78259762502614,83769,769,989,14476,
239.78498861287085,83768,770,989,14476,
239.7854546599327,83768,769,990,14476,
239.78588476627237,83768,769,989,14477,
239.78656053985478,83768,768,990,14477,
239.78776367331233,83767,769,990,14477,
239.7882159510086,83767,768,991,14477,
239.78947672536836,83767,768,990,14478,
239.7905360734913,83767,767,991,14478,
239.79136466806747,83767,767,990,14479,
239.7930803714939,83766,768,990,14479,
239.79727338177304,83766,767,991,14479,
239.80021315658166,83766,767,990,14480,
239.80275878378353,83765,768,990,14480,
239.80493833248678,83764,769,990,14480,
239.80549041252075,83764,769,989,14481,
239.80588908845388,83764,768,990,14481,
239.80817663915008,83764,767,991,14481,
239.8100602885748,83763,768,991,14481,
239.8126329410985,83763,768,990,14482,
239.8139074119816,83763,768,989,14483,
239.82113455223276,83762,769,989,14483,
239.82407774672146,83762,769,988,14484,
239.8254553678148,83762,768,989,14484,
239.82849565895341,83762,767,990,14484,
239.8327588343814,83762,766,991,14484,
239.83315969134176,83762,765,992,14484,
239.8344858717065,83761,766,992,14484,
239.83616858578998,83760,767,992,14484,
239.83781248711324,83759,768,992,14484,
239.84176349346254,83759,768,991,14485,
239.8430814409557,83759,767,992,14485,
239.8437387958857,83759,767,991,14486,
239.84402239043675,83759,767,990,14487,
239.84479703252043,83759,766,991,14487,
239.84510711274868,83759,766,990,14488,
239.846355272756,83758,767,990,14488,
239.84759940994184,83758,767,989,14489,
239.8478966432825,83758,767,988,14490,
239.84889244773194,83758,766,989,14490,
239.84940959749272,83757,767,989,14490,
239.85026777299055,83756,768,989,14490,
239.8507065117186,83756,768,988,14491,
239.8603839642421,83756,767,989,14491,
239.86613079970542,83755,768,989,14491,
239.86699681684826,83754,769,989,14491,
239.8691945704525,83754,768,990,14491,
239.87053511592705,83754,768,989,14492,
239.87494641132088,83754,767,990,14492,
239.87522497392237,83754,766,991,14492,
239.88107520239052,83753,767,991,14492,
239.88402240700944,83753,766,992,14492,
239.88982869752667,83752,767,992,14492,
239.89159631666664,83751,768,992,14492,
239.8924152878488,83751,768,991,14493,
239.89537676576637,83751,767,992,14493,
239.8990251502985,83751,766,993,14493,
239.89940251565028,83750,767,993,14493,
239.8997510841614,83749,768,993,14493,
239.90122706220492,83749,767,994,14493,
239.9065902358528,83748,768,994,14493,
239.90791037532443,83748,768,993,14494,
239.90862159023135,83748,768,992,14495,
239.91218149044377,83747,769,992,14495,
239.91726446398525,83746,770,992,14495,
239.91737618815594,83746,769,993,14495,
239.91780284659498,83746,768,994,14495,
239.9252507403677,83745,769,994,14495,
239.9261883801089,83744,770,994,14495,
239.92671817215526,83743,771,994,14495,
239.9283651982761,83743,771,993,14496,
239.92888316661478,83743,771,992,14497,
239.92965250715878,83743,770,993,14497,
239.93149286575178,83743,769,994,14497,
239.93292231476866,83742,770,994,14497,
239.93463950601372,83741,771,994,14497,
239.94066193376815,83740,772,994,14497,
239.9435103476584,83739,773,994,14497,
239.94807944762002,83739,772,995,14497,
239.94973393762567,83739,771,996,14497,
239.95369652497357,83739,771,995,14498,
239.95725794125454,83739,770,996,14498,
239.96039652941838,83739,769,997,14498,
239.9616022060725,83738,770,997,14498,
239.96427626705545,83738,769,998,14498,
239.9693256639645,83737,770,998,14498,
239.97007964652622,83736,771,998,14498,
239.9712578225837,83736,770,999,14498,
239.9755048425135,83735,771,999,14498,
239.97708674401082,83735,771,998,14499,
239.9806605574921,83734,772,998,14499,
239.98619959316758,83733,773,998,14499,
239.9864894108773,83733,773,997,14500,
239.98667756485682,83732,774,997,14500,
239.9872856476364,83731,775,997,14500,
239.9896526103,83731,774,998,14500,
239.990013765752,83730,775,998,14500,
239.99465628440305,83730,775,997,14501,
239.995604802025,83729,776,997,14501,
239.99581914127492,83729,775,998,14501,
239.99748913442772,83729,774,999,14501,
239.998365309869,83729,774,998,14502,
240.0004718787616,83729,774,997,14503,
240.00186308255883,83729,773,998,14503,
240.00991042883254,83728,774,998,14503,
240.01328751249272,83728,773,999,14503,
240.01592050915258,83728,773,998,14504,
240.01815837591656,83727,774,998,14504,
240.01933239563667,83726,775,998,14504,
240.01959240984752,83726,774,999,14504,
240.02507247198213,83725,775,999,14504,
240.02569511427507,83725,775,998,14505,
240.0339660347117,83725,774,999,14505,
240.0342444621542,83724,775,999,14505,
240.03452653233285,83723,776,999,14505,
240.03488431623435,83723,776,998,14506,
240.03489357220664,83722,777,998,14506,
240.03677118794712,83722,776,999,14506,
240.03961767096519,83722,775,1000,14506,
240.04307404186017,83721,776,1000,14506,
240.04314528829892,83721,775,1001,14506,
240.04320310905106,83721,774,1002,14506,
240.04539279240817,83721,773,1003,14506,
240.04593536035546,83720,774,1003,14506,
240.04721618283045,83720,773,1004,14506,
240.049456143081,83720,773,1003,14507,
240.05160486019682,83720,772,1004,14507,
240.05344120901472,83720,772,1003,14508,
240.05463445254756,83719,773,1003,14508,
240.06303591637888,83719,772,1004,14508,
240.06432515440667,83719,772,1003,14509,
240.06480628020094,83718,773,1003,14509,
240.06668700522562,83718,772,1004,14509,
240.06896919728771,83718,771,1005,14509,
240.06902981386818,83717,772,1005,14509,
240.06982304499533,83717,772,1004,14510,
240.07044307316022,83716,773,1004,14510,
240.07667000058976,83716,772,1005,14510,
240.07881776824382,83716,772,1004,14511,
240.08278283533278,83716,771,1005,14511,
240.08742283990568,83716,771,1004,14512,
240.0882121621133,83716,770,1005,14512,
240.08960463434738,83716,770,1004,14513,
240.09345642056684,83716,770,1003,14514,
240.0995607364883,83716,769,1004,14514,
240.1005801914741,83716,769,1003,14515,
240.10087732685048,83716,768,1004,14515,
240.10481554772159,83715,769,1004,14515,
240.1048784970952,83714,770,1004,14515,
240.1057778746908,83713,771,1004,14515,
240.1094556225902,83713,771,1003,14516,
240.11128524207842,83713,771,1002,14517,
240.11241514468608,83713,770,1003,14517,
240.11243504580227,83712,771,1003,14517,
240.11354892994308,83712,770,1004,14517,
240.11365753390785,83712,769,1005,14517,
240.11534331739296,83711,770,1005,14517,
240.11667895365352,83711,770,1004,14518,
240.1169354482774,83711,769,1005,14518,
240.12011745936314,83710,770,1005,14518,
240.1219853160425,83710,769,1006,14518,
240.1223905024753,83710,769,1005,14519,
240.1249143200016,83709,770,1005,14519,
240.12734613779122,83708,771,1005,14519,
240.12781847738694,83708,770,1006,14519,
240.13214730123258,83708,770,1005,14520,
240.1322474834796,83707,771,1005,14520,
240.13688179839215,83707,771,1004,14521,
240.138653875329,83707,771,1003,14522,
240.13894477110514,83706,772,1003,14522,
240.14699229415652,83706,771,1004,14522,
240.15064096713436,83706,771,1003,14523,
240.15129511440801,83706,770,1004,14523,
240.15276857222918,83706,770,1003,14524,
240.15477761873086,83706,769,1004,14524,
240.1559419113239,83706,769,1003,14525,
240.15930487553211,83705,770,1003,14525,
240.16775328079987,83705,769,1004,14525,
240.16840661421685,83704,770,1004,14525,
240.16862496192147,83703,771,1004,14525,
240.17090778510408,83702,772,1004,14525,
240.17556424214675,83701,773,1004,14525,
240.17609900742133,83700,774,1004,14525,
240.1772997551986,83700,773,1005,14525,
240.1804704783083,83699,774,1005,14525,
240.1811378227029,83698,775,1005,14525,
240.1835589100113,83697,776,1005,14525,
240.18522558390092,83697,775,1006,14525,
240.18540528350607,83697,775,1005,14526,
240.18718420033466,83696,776,1005,14526,
240.19059767432722,83696,776,1004,14527,
240.1914552929919,83696,775,1005,14527,
240.19418714134423,83696,774,1006,14527,
240.19671024252304,83696,773,1007,14527,
240.199637164989,83696,772,1008,14527,
240.1997698841005,83695,773,1008,14527,
240.20123044517314,83694,774,1008,14527,
240.2047881851312,83694,773,1009,14527,
240.20631827286869,83693,774,1009,14527,
240.20726098971434,83693,773,1010,14527,
240.20773476848174,83693,772,1011,14527,
240.2092807517451,83692,773,1011,14527,
240.21103299039527,83692,773,1010,14528,
240.2136361621798,83692,772,1011,14528,
240.21702259056337,83692,772,1010,14529,
240.2214726232895,83692,771,1011,14529,
240.22248646410608,83692,770,1012,14529,
240.2241008153735,83692,770,1011,14530,
240.22562833868622,83691,771,1011,14530,
240.22612021918334,83691,771,1010,14531,
240.22716475624554,83691,770,1011,14531,
240.2286997843684,83691,770,1010,14532,
240.23180047127704,83690,771,1010,14532,
240.2326181717676,83690,770,1011,14532,
240.2344821153776,83690,769,1012,14532,
240.2346677307513,83690,768,1013,14532,
240.2356057424031,83690,768,1012,14533,
240.24048824443378,83690,768,1011,14534,
240.24289994883125,83690,768,1010,14535,
240.2448421270914,83690,767,1011,14535,
240.24998599850454,83690,766,1012,14535,
240.25234354695257,83689,767,1012,14535,
240.25460702556393,83689,767,1011,14536,
240.25540196204588,83688,768,1011,14536,
240.25579537426756,83687,769,1011,14536,
240.25726174552656,83687,769,1010,14537,
240.258269777987,83687,768,1011,14537,
240.2587803349676,83686,769,1011,14537,
240.26191763101951,83686,768,1012,14537,
240.26287327316578,83686,767,1013,14537,
240.26317841969885,83685,768,1013,14537,
240.26494996090932,83685,768,1012,14538,
240.2661704853795,83685,767,1013,14538,
240.26626147104253,83684,768,1013,14538,
240.26667338450548,83683,769,1013,14538,
240.2736747207277,83683,769,1012,14539,
240.2747335776575,83682,770,1012,14539,
240.27675860336055,83682,769,1013,14539,
240.27844840365802,83682,768,1014,14539,
240.27916472438255,83682,768,1013,14540,
240.27962619971305,83682,767,1014,14540,
240.2817596143718,83682,767,1013,14541,
240.28228220449313,83682,766,1014,14541,
240.2862014899865,83682,766,1013,14542,
240.28639671968588,83682,765,1014,14542,
240.28774412315138,83681,766,1014,14542,
240.29604006833563,83680,767,1014,14542,
240.2977026296192,83680,767,1013,14543,
240.29859344625584,83679,768,1013,14543,
240.2986098417014,83678,769,1013,14543,
240.30234937574545,83677,770,1013,14543,
240.30248808100856,83676,771,1013,14543,
240.30526993854357,83675,772,1013,14543,
240.30727853473445,83675,771,1014,14543,
240.30801964956382,83675,771,1013,14544,
240.31931767780486,83675,770,1014,14544,
240.3240958503918,83675,770,1013,14545,
240.32414707786157,83674,771,1013,14545,
240.32534498191427,83674,770,1014,14545,
240.32656280383023,83674,770,1013,14546,
240.32837848040538,83674,770,1012,14547,
240.32988291379547,83673,771,1012,14547,
240.33244083479272,83672,772,1012,14547,
240.3424188353046,83672,771,1013,14547,
240.34395759057708,83672,770,1014,14547,
240.3442550829741,83672,770,1013,14548,
240.34461857870718,83672,770,1012,14549,
240.34802300295084,83672,769,1013,14549,
240.3521782650491,83671,770,1013,14549,
240.3582754611048,83671,769,1014,14549,
240.35847045427965,83671,768,1015,14549,
240.35912953598523,83671,767,1016,14549,
240.36144649378798,83671,767,1015,14550,
240.3627368185523,83671,767,1014,14551,
240.36399322707368,83670,768,1014,14551,
240.36441788377041,83670,767,1015,14551,
240.3730081875908,83669,768,1015,14551,
240.37814229958056,83668,769,1015,14551,
240.38158545727126,83668,768,1016,14551,
240.38178639646375,83667,769,1016,14551,
240.38473953411957,83667,769,1015,14552,
240.38478839173945,83667,768,1016,14552,
240.38527753441795,83667,767,1017,14552,
240.38549521341898,83667,766,1018,14552,
240.38679690141177,83667,765,1019,14552,
240.38888029181012,83667,764,1020,14552,
240.39125706606998,83667,764,1019,14553,
240.39575372926492,83667,764,1018,14554,
240.3965125445036,83667,764,1017,14555,
240.39856625339726,83666,765,1017,14555,
240.40009140976153,83666,764,1018,14555,
240.40206234640274,83665,765,1018,14555,
240.4033529634939,83665,765,1017,14556,
240.40515494351467,83665,765,1016,14557,
240.406727183697,83665,765,1015,14558,
240.40687369286772,83664,766,1015,14558,
240.40872771248348,83663,767,1015,14558,
240.40913944438356,83663,767,1014,14559,
240.4108637781927,83663,767,1013,14560,
240.41217702444018,83663,767,1012,14561,
240.41608536711865,83663,767,1011,14562,
240.42254017735704,83663,767,1010,14563,
240.42335269841138,83663,766,1011,14563,
240.42845642267818,83662,767,1011,14563,
240.43140157373077,83662,767,1010,14564,
240.43340178723483,83661,768,1010,14564,
240.4339851905097,83660,769,1010,14564,
240.43468862274992,83660,769,1009,14565,
240.43694374994305,83659,770,1009,14565,
240.43797559721455,83659,770,1008,14566,
240.43950438216197,83658,771,1008,14566,
240.44026590425068,83658,771,1007,14567,
240.44304258795694,83657,772,1007,14567,
240.44620733236408,83657,772,1006,14568,
240.44933597487687,83657,771,1007,14568,
240.4499895635345,83657,771,1006,14569,
240.4510754839733,83656,772,1006,14569,
240.45170665794979,83656,771,1007,14569,
240.454494486429,83656,771,1006,14570,
240.45538574544378,83656,771,1005,14571,
240.4634745648261,83656,770,1006,14571,
240.4644674033772,83655,771,1006,14571,
240.46537474689842,83655,771,1005,14572,
240.46554221820767,83655,771,1004,14573,
240.47256504112337,83654,772,1004,14573,
240.47582128561334,83653,773,1004,14573,
240.47816756816778,83652,774,1004,14573,
240.48437289600932,83651,775,1004,14573,
240.48495323679126,83650,776,1004,14573,
240.4866266197348,83649,777,1004,14573,
240.48745592326296,83649,776,1005,14573,
240.48797726999294,83648,777,1005,14573,
240.48858906758446,83648,776,1006,14573,
240.49133551768634,83648,776,1005,14574,
240.49190732376584,83648,775,1006,14574,
240.4970885892581,83648,775,1005,14575,
240.49752373575612,83648,774,1006,14575,
240.501915442637,83648,773,1007,14575,
240.50525421244893,83648,773,1006,14576,
240.50675166175955,83647,774,1006,14576,
240.50683733347518,83646,775,1006,14576,
240.5071608418355,83646,774,1007,14576,
240.5129277953236,83645,775,1007,14576,
240.5140973300122,83645,774,1008,14576,
240.51798036720092,83644,775,1008,14576,
240.51897936073465,83643,776,1008,14576,
240.523579896871,83643,775,1009,14576,
240.52456719186176,83642,776,1009,14576,
240.52621555800022,83641,777,1009,14576,
240.52696899174055,83641,776,1010,14576,
240.52958974930252,83641,775,1011,14576,
240.53158903989367,83640,776,1011,14576,
240.5327797432288,83639,777,1011,14576,
240.53547262418192,83639,777,1010,14577,
240.53916037687088,83638,778,1010,14577,
240.5406037605136,83638,778,1009,14578,
240.54063725207567,83638,777,1010,14578,
240.5416518008851,83638,776,1011,14578,
240.54172088604494,83638,775,1012,14578,
240.54331298518088,83637,776,1012,14578,
240.54363117672287,83637,776,1011,14579,
240.54367905523492,83636,777,1011,14579,
240.54404924098898,83635,778,1011,14579,
240.54615612517821,83634,779,1011,14579,
240.5470137104061,83633,780,1011,14579,
240.5472843257846,83633,780,1010,14580,
240.55064676941964,83633,780,1009,14581,
240.55102644755564,83633,780,1008,14582,
240.5538103072451,83633,779,1009,14582,
240.554048264706,83633,778,1010,14582,
240.5558479632386,83633,777,1011,14582,
240.55636641281097,83633,777,1010,14583,
240.55794784114005,83632,778,1010,14583,
240.55966364967458,83631,779,1010,14583,
240.56395843418886,83631,779,1009,14584,
240.56521705593755,83631,779,1008,14585,
240.56814547020397,83630,780,1008,14585,
240.57138188331012,83629,781,1008,14585,
240.571471116045,83629,781,1007,14586,
240.57301159482867,83629,780,1008,14586,
240.57496591735028,83628,781,1008,14586,
240.57585465727976,83627,782,1008,14586,
240.57759826139605,83627,782,1007,14587,
240.5782594600762,83627,782,1006,14588,
240.58109501546247,83627,781,1007,14588,
240.58302438099636,83627,780,1008,14588,
240.58327890490304,83626,781,1008,14588,
240.58426158934105,83625,782,1008,14588,
240.58515030140197,83625,782,1007,14589,
240.5859919288072,83625,782,1006,14590,
240.588661723096,83625,781,1007,14590,
240.59571968860416,83625,780,1008,14590,
240.59577215231764,83625,779,1009,14590,
240.5978721310387,83624,780,1009,14590,
240.60437887075554,83624,779,1010,14590,
240.60462046970767,83623,780,1010,14590,
240.60578448933015,83623,780,1009,14591,
240.60635014623384,83623,780,1008,14592,
240.60768731594015,83623,780,1007,14593,
240.61071708967248,83623,780,1006,14594,
240.61088181731213,83623,780,1005,14595,
240.61092394910997,83622,781,1005,14595,
240.61401744264538,83621,782,1005,14595,
240.61542445417342,83621,781,1006,14595,
240.61728264528577,83620,782,1006,14595,
240.62008730390815,83620,782,1005,14596,
240.6207991036138,83620,781,1006,14596,
240.62080681631022,83620,780,1007,14596,
240.6262617227878,83619,781,1007,14596,
240.62887693910707,83619,780,1008,14596,
240.63070297507295,83619,779,1009,14596,
240.6317559864056,83619,779,1008,14597,
240.63373738512493,83619,779,1007,14598,
240.63577674813757,83619,778,1008,14598,
240.63680968487947,83619,778,1007,14599,
240.6369263897998,83619,777,1008,14599,
240.63806865507956,83619,777,1007,14600,
240.6389583400417,83619,776,1008,14600,
240.6393846645716,83619,776,1007,14601,
240.6465480978741,83619,776,1006,14602,
240.64780169159252,83619,776,1005,14603,
240.64909020399728,83618,777,1005,14603,
240.6503240569568,83618,776,1006,14603,
240.65251830464206,83617,777,1006,14603,
240.65261715590995,83617,776,1007,14603,
240.6526415214311,83617,775,1008,14603,
240.65476777211612,83617,774,1009,14603,
240.65496814156242,83617,773,1010,14603,
240.65509502446787,83616,774,1010,14603,
240.65736817967237,83616,773,1011,14603,
240.6597830905038,83616,772,1012,14603,
240.66267363156845,83616,771,1013,14603,
240.6684126965794,83615,772,1013,14603,
240.67491443118138,83615,771,1014,14603,
240.6754556452138,83614,772,1014,14603,
240.68224385935397,83614,771,1015,14603,
240.68432373065954,83614,770,1016,14603,
240.68452091812864,83614,769,1017,14603,
240.68484454909859,83614,768,1018,14603,
240.68730353390777,83614,767,1019,14603,
240.68974153769778,83613,768,1019,14603,
240.6900611712387,83613,767,1020,14603,
240.6911996949579,83613,767,1019,14604,
240.69140141422236,83612,768,1019,14604,
240.6922378643536,83612,767,1020,14604,
240.6995086591909,83612,767,1019,14605,
240.6997379275155,83612,767,1018,14606,
240.702223839431,83612,767,1017,14607,
240.70258225281202,83612,766,1018,14607,
240.703607712115,83612,765,1019,14607,
240.70371855179255,83611,766,1019,14607,
240.70434631453622,83610,767,1019,14607,
240.70663616298398,83609,768,1019,14607,
240.70733506472436,83609,768,1018,14608,
240.70849836017356,83609,768,1017,14609,
240.71313650410326,83608,769,1017,14609,
240.71728095272775,83608,769,1016,14610,
240.72055855216792,83607,770,1016,14610,
240.72285235087625,83607,770,1015,14611,
240.72357100618214,83607,769,1016,14611,
240.72423465450552,83607,768,1017,14611,
240.7246973119382,83607,767,1018,14611,
240.72675356346608,83607,767,1017,14612,
240.73086783603037,83606,768,1017,14612,
240.7327165261201,83606,767,1018,14612,
240.73445574993337,83606,767,1017,14613,
240.73569867472972,83606,766,1018,14613,
240.73913247615687,83606,765,1019,14613,
240.74167396039633,83606,765,1018,14614,
240.75205275466263,83606,764,1019,14614,
240.75416058744176,83605,765,1019,14614,
240.75524763513727,83605,764,1020,14614,
240.7559570652614,83605,764,1019,14615,
240.75882373572404,83604,765,1019,14615,
240.75901309634,83604,765,1018,14616,
240.76027128805055,83604,764,1019,14616,
240.7619979942117,83604,763,1020,14616,
240.76261270600065,83603,764,1020,14616,
240.76377969103635,83602,765,1020,14616,
240.7720789627216,83602,765,1019,14617,
240.77401991456108,83602,764,1020,14617,
240.7787147711408,83601,765,1020,14617,
240.7790791722926,83600,766,1020,14617,
240.7816456227255,83599,767,1020,14617,
240.782208340045,83599,767,1019,14618,
240.78334232987663,83598,768,1019,14618,
240.7839605518813,83598,767,1020,14618,
240.78435623437716,83598,766,1021,14618,
240.78557230994505,83598,765,1022,14618,
240.7890570294352,83598,765,1021,14619,
240.79081977753992,83597,766,1021,14619,
240.79327374909067,83597,766,1020,14620,
240.79389451628873,83597,765,1021,14620,
240.80000612960814,83596,766,1021,14620,
240.8006150081478,83596,766,1020,14621,
240.801272022638,83596,766,1019,14622,
240.80604609195626,83596,766,1018,14623,
240.80633728330048,83595,767,1018,14623,
240.81025650476073,83594,768,1018,14623,
240.81111593004835,83594,767,1019,14623,
240.81158784924048,83594,766,1020,14623,
240.81167880483738,83593,767,1020,14623,
240.81946764904356,83592,768,1020,14623,
240.82144252684319,83591,769,1020,14623,
240.822383946447,83590,770,1020,14623,
240.82460922415015,83590,769,1021,14623,
240.82684338331435,83590,769,1020,14624,
240.82705157634774,83589,770,1020,14624,
240.83072678123705,83588,771,1020,14624,
240.83138303473598,83587,772,1020,14624,
240.8331362003479,83587,772,1019,14625,
240.84304719843,83587,771,1020,14625,
240.8433106302674,83587,770,1021,14625,
240.84973788447044,83586,771,1021,14625,
240.85150311963773,83586,771,1020,14626,
240.8516966877553,83585,772,1020,14626,
240.85252158776134,83584,773,1020,14626,
240.85356662961954,83584,773,1019,14627,
240.8539954805416,83584,773,1018,14628,
240.8550652205944,83584,772,1019,14628,
240.8568838401819,83583,773,1019,14628,
240.86586970777563,83582,774,1019,14628,
240.8677826920925,83582,773,1020,14628,
240.87376086580394,83581,774,1020,14628,
240.8770482147103,83580,775,1020,14628,
240.8806148348973,83580,775,1019,14629,
240.8807270298867,83580,775,1018,14630,
240.88216243728127,83580,775,1017,14631,
240.88484504072986,83579,776,1017,14631,
240.8857088824948,83578,777,1017,14631,
240.88681753795308,83577,778,1017,14631,
240.8877813205371,83576,779,1017,14631,
240.89007848132078,83576,778,1018,14631,
240.8908286788364,83576,777,1019,14631,
240.9006865058118,83576,776,1020,14631,
240.90234921148348,83575,777,1020,14631,
240.90455067043567,83575,777,1019,14632,
240.90601723668627,83574,778,1019,14632,
240.91054319733135,83573,779,1019,14632,
240.91997655565933,83572,780,1019,14632,
240.92053598173345,83571,781,1019,14632,
240.92101890540027,83571,780,1020,14632,
240.926722223044,83571,780,1019,14633,
240.92802555303098,83570,781,1019,14633,
240.9288808137525,83569,782,1019,14633,
240.93102223625516,83568,783,1019,14633,
240.9319005115855,83568,782,1020,14633,
240.93603409746666,83567,783,1020,14633,
240.9400445550765,83566,784,1020,14633,
240.94035946472135,83566,783,1021,14633,
240.94194626992706,83566,782,1022,14633,
240.94279458329314,83566,781,1023,14633,
240.9433525932133,83565,782,1023,14633,
240.94372597846242,83565,781,1024,14633,
240.9512293520285,83565,780,1025,14633,
240.9537648593767,83565,779,1026,14633,
240.95413609512576,83565,778,1027,14633,
240.95706978670245,83565,778,1026,14634,
240.95943307131037,83565,777,1027,14634,
240.9599719593834,83565,776,1028,14634,
240.96102462521273,83564,777,1028,14634,
240.9626799720919,83563,778,1028,14634,
240.96363645793,83563,777,1029,14634,
240.96489942458257,83563,776,1030,14634,
240.96695303244533,83563,775,1031,14634,
240.96977790964834,83563,775,1030,14635,
240.972835460365,83563,775,1029,14636,
240.97471079181895,83562,776,1029,14636,
240.97586373257107,83562,776,1028,14637,
240.9825566061148,83561,777,1028,14637,
240.98257893429638,83561,777,1027,14638,
240.98608349129,83561,777,1026,14639,
240.9891283795783,83561,777,1025,14640,
240.98941284690673,83561,776,1026,14640,
240.9954985283608,83560,777,1026,14640,
240.9961200344264,83560,776,1027,14640,
240.99942720265454,83560,775,1028,14640,
240.9995489477385,83560,774,1029,14640,
241.00013791646174,83559,775,1029,14640,
241.0012809145755,83559,775,1028,14641,
241.00177311819021,83558,776,1028,14641,
241.00522255299566,83558,775,1029,14641,
241.0054577543661,83558,775,1028,14642,
241.00614794709043,83557,776,1028,14642,
241.00669335581705,83557,775,1029,14642,
241.0073328113897,83556,776,1029,14642,
241.00922146079182,83556,775,1030,14642,
241.01051146582705,83555,776,1030,14642,
241.0183965833736,83555,776,1029,14643,
241.01962242827526,83555,775,1030,14643,
241.02018366113413,83554,776,1030,14643,
241.022329304871,83554,776,1029,14644,
241.02774546651585,83554,776,1028,14645,
241.0284179225698,83553,777,1028,14645,
241.0326945274904,83553,777,1027,14646,
241.03403283860837,83553,776,1028,14646,
241.03596492866615,83553,775,1029,14646,
241.04362595508644,83553,775,1028,14647,
241.04454541692772,83552,776,1028,14647,
241.04474544864243,83552,775,1029,14647,
241.0460426817227,83551,776,1029,14647,
241.04635662227622,83551,776,1028,14648,
241.0471590475532,83551,775,1029,14648,
241.04796864322168,83551,775,1028,14649,
241.05212299449704,83551,775,1027,14650,
241.05524659942006,83551,775,1026,14651,
241.05600868358562,83550,776,1026,14651,
241.05749306345172,83550,775,1027,14651,
241.06235952968822,83550,774,1028,14651,
241.06531843977388,83549,775,1028,14651,
241.0681609447233,83548,776,1028,14651,
241.072829828347,83547,777,1028,14651,
241.07284032851152,83547,777,1027,14652,
241.07576541072922,83546,778,1027,14652,
241.07724580623199,83546,777,1028,14652,
241.07999603045533,83546,777,1027,14653,
241.08195805171738,83545,778,1027,14653,
241.08332773115407,83545,777,1028,14653,
241.08731374119643,83544,778,1028,14653,
241.08750188869925,83544,778,1027,14654,
241.08751014844123,83543,779,1027,14654,
241.08786743361915,83543,778,1028,14654,
241.0880439000888,83542,779,1028,14654,
241.08894487638594,83542,779,1027,14655,
241.0898987452708,83542,778,1028,14655,
241.0902376069604,83541,779,1028,14655,
241.09126784052916,83541,778,1029,14655,
241.09425717536286,83541,778,1028,14656,
241.09975483614636,83540,779,1028,14656,
241.1011425157729,83540,778,1029,14656,
241.10350196378704,83539,779,1029,14656,
241.10488202152766,83539,778,1030,14656,
241.1058610802644,83538,779,1030,14656,
241.11068490209396,83538,778,1031,14656,
241.11541714665813,83537,779,1031,14656,
241.1188955259834,83537,779,1030,14657,
241.12004993884253,83537,778,1031,14657,
241.12291898686658,83536,779,1031,14657,
241.12489688378554,83536,778,1032,14657,
241.1262574116654,83536,778,1031,14658,
241.12831712369194,83535,779,1031,14658,
241.13398288909823,83535,779,1030,14659,
241.13533285038764,83535,778,1031,14659,
241.13618016499342,83534,779,1031,14659,
241.13939089479547,83534,778,1032,14659,
241.14130432464614,83534,777,1033,14659,
241.14588278740356,83534,776,1034,14659,
241.1487010751824,83534,775,1035,14659,
241.15437846003712,83534,774,1036,14659,
241.15446446056237,83534,773,1037,14659,
241.1606927421997,83534,773,1036,14660,
241.16670320349942,83533,774,1036,14660,
241.17243060208935,83533,773,1037,14660,
241.17571657599106,83533,772,1038,14660,
241.17598188072958,83533,772,1037,14661,
241.17693862551764,83532,773,1037,14661,
241.18118369661266,83532,772,1038,14661,
241.18553571621055,83532,771,1039,14661,
241.18592474717323,83532,770,1040,14661,
241.18631389741475,83532,769,1041,14661,
241.18816017280884,83532,769,1040,14662,
241.19282435682314,83532,769,1039,14663,
241.19282520647977,83532,769,1038,14664,
241.19468984336365,83531,770,1038,14664,
241.19852593534904,83531,770,1037,14665,
241.2016631992722,83530,771,1037,14665,
241.20412969305704,83530,771,1036,14666,
241.20836753721082,83529,772,1036,14666,
241.20941856382598,83529,771,1037,14666,
241.2150994117832,83528,772,1037,14666,
241.21616691646204,83528,772,1036,14667,
241.21823040880767,83528,771,1037,14667,
241.21859159218724,83528,771,1036,14668,
241.21918482862236,83528,771,1035,14669,
241.21962577339897,83527,772,1035,14669,
241.22234480580752,83527,772,1034,14670,
241.2226551267654,83526,773,1034,14670,
241.22516921986505,83526,772,1035,14670,
241.2269496309478,83525,773,1035,14670,
241.2277679870269,83525,772,1036,14670,
241.22784104504615,83525,772,1035,14671,
241.2303045251035,83525,772,1034,14672,
241.23137785687072,83524,773,1034,14672,
241.23171379623585,83524,773,1033,14673,
241.2348073574032,83524,773,1032,14674,
241.23511033821072,83524,773,1031,14675,
241.2363287601319,83524,773,1030,14676,
241.2363976828183,83524,773,1029,14677,
241.23660561705393,83523,774,1029,14677,
241.2403275151898,83522,775,1029,14677,
241.24222803436086,83522,775,1028,14678,
241.24452142329307,83521,776,1028,14678,
241.2463537227891,83521,775,1029,14678,
241.24644041916096,83521,774,1030,14678,
241.24789704205773,83520,775,1030,14678,
241.25661069953702,83519,776,1030,14678,
241.25899869619835,83518,777,1030,14678,
241.26140912829717,83517,778,1030,14678,
241.26243353635294,83517,778,1029,14679,
241.26483507493856,83516,779,1029,14679,
241.27042935993802,83515,780,1029,14679,
241.2710871391989,83515,780,1028,14680,
241.27230890865005,83514,781,1028,14680,
241.27369523292046,83513,782,1028,14680,
241.2739171771708,83513,782,1027,14681,
241.2769570476826,83513,782,1026,14682,
241.27704975361985,83513,782,1025,14683,
241.28464723781758,83512,783,1025,14683,
241.2848359434523,83512,782,1026,14683,
241.28754865517945,83511,783,1026,14683,
241.2898366989708,83510,784,1026,14683,
241.29393567615222,83510,784,1025,14684,
241.29539603082432,83509,785,1025,14684,
241.29600807989368,83509,785,1024,14685,
241.29831058012286,83509,784,1025,14685,
241.30294088186045,83509,784,1024,14686,
241.3030866940064,83508,785,1024,14686,
241.3078094706945,83507,786,1024,14686,
241.30880600148572,83507,785,1025,14686,
241.3102650717564,83506,786,1025,14686,
241.31074865822524,83506,786,1024,14687,
241.3108437776262,83505,787,1024,14687,
241.31140570579836,83505,786,1025,14687,
241.31268209873468,83504,787,1025,14687,
241.31549026093526,83504,787,1024,14688,
241.31601008071624,83504,786,1025,14688,
241.31725386109582,83504,785,1026,14688,
241.3177175856454,83504,785,1025,14689,
241.31908095774693,83504,784,1026,14689,
241.31922238566108,83504,783,1027,14689,
241.3194722413008,83504,782,1028,14689,
241.32123535469194,83504,782,1027,14690,
241.3262062711562,83503,783,1027,14690,
241.32989251372257,83502,784,1027,14690,
241.33220444941787,83502,783,1028,14690,
241.33483543569074,83502,782,1029,14690,
241.33555942621527,83502,781,1030,14690,
241.33578256448666,83502,780,1031,14690,
241.34065179516898,83502,780,1030,14691,
241.34090002347216,83501,781,1030,14691,
241.34142813504013,83501,780,1031,14691,
241.3425426967494,83500,781,1031,14691,
241.3494823927545,83500,780,1032,14691,
241.34983708044408,83499,781,1032,14691,
241.3506498948362,83499,781,1031,14692,
241.35305296041375,83499,780,1032,14692,
241.35334660293177,83499,779,1033,14692,
241.35587896300885,83498,780,1033,14692,
241.35843975006054,83498,779,1034,14692,
241.3605825484298,83497,780,1034,14692,
241.36249681345865,83496,781,1034,14692,
241.36485294606138,83496,781,1033,14693,
241.36725410281937,83496,780,1034,14693,
241.37015153065897,83495,781,1034,14693,
241.37825607157706,83495,781,1033,14694,
241.3784712135984,83494,782,1033,14694,
241.3817021898716,83494,781,1034,14694,
241.3848018389818,83494,780,1035,14694,
241.39254662687992,83494,779,1036,14694,
241.395686760537,83493,780,1036,14694,
241.3959230780244,83493,779,1037,14694,
241.40345410061585,83492,780,1037,14694,
241.41007612242004,83492,779,1038,14694,
241.41691338437474,83491,780,1038,14694,
241.4184638338155,83490,781,1038,14694,
241.41950081728913,83490,781,1037,14695,
241.4207086851958,83490,780,1038,14695,
241.4247342114856,83490,779,1039,14695,
241.425849953587,83490,778,1040,14695,
241.4292946625284,83489,779,1040,14695,
241.43161791022712,83489,778,1041,14695,
241.43302004944454,83489,777,1042,14695,
241.43442052325452,83489,776,1043,14695,
241.43668753942123,83489,776,1042,14696,
241.44187584464274,83489,776,1041,14697,
241.44288120940357,83488,777,1041,14697,
241.443293155758,83488,776,1042,14697,
241.44553294981114,83488,775,1043,14697,
241.4505653071342,83487,776,1043,14697,
241.45327464848575,83487,775,1044,14697,
241.45900181900262,83486,776,1044,14697,
241.46022513946522,83486,776,1043,14698,
241.4607377184136,83486,776,1042,14699,
241.4622180510763,83486,775,1043,14699,
241.4636884936487,83486,774,1044,14699,
241.46455497948256,83486,773,1045,14699,
241.46512633663446,83485,774,1045,14699,
241.46544376694214,83485,774,1044,14700,
241.46617753122672,83485,773,1045,14700,
241.46714077032445,83484,774,1045,14700,
241.46770811442948,83483,775,1045,14700,
241.4678994572875,83482,776,1045,14700,
241.4748683155514,83481,777,1045,14700,
241.47976227507957,83481,777,1044,14701,
241.48442840903752,83481,776,1045,14701,
241.485290368604,83481,776,1044,14702,
241.48883493799485,83481,776,1043,14703,
241.48944439806272,83480,777,1043,14703,
241.48948474096701,83479,778,1043,14703,
241.49513377724745,83479,777,1044,14703,
241.5009684269891,83478,778,1044,14703,
241.50726588279827,83478,778,1043,14704,
241.50739772899541,83477,779,1043,14704,
241.50923724801962,83477,779,1042,14705,
241.51064672810742,83476,780,1042,14705,
241.51752043530246,83475,781,1042,14705,
241.5180964537598,83474,782,1042,14705,
241.51895568426536,83473,783,1042,14705,
241.5209577410059,83473,783,1041,14706,
241.52537528246597,83473,783,1040,14707,
241.5255404452132,83472,784,1040,14707,
241.52647121685922,83472,783,1041,14707,
241.53124720528183,83472,783,1040,14708,
241.53144118425692,83472,783,1039,14709,
241.53450666150022,83472,783,1038,14710,
241.53804650088043,83471,784,1038,14710,
241.54242651525684,83470,785,1038,14710,
241.54379182081703,83470,785,1037,14711,
241.5444208419628,83470,785,1036,14712,
241.5504273360013,83469,786,1036,14712,
241.5510249633946,83468,787,1036,14712,
241.55165147543437,83468,786,1037,14712,
241.55293289045656,83467,787,1037,14712,
241.5543082347979,83467,786,1038,14712,
241.55460126000102,83467,786,1037,14713,
241.55470281149186,83466,787,1037,14713,
241.55653382730694,83466,787,1036,14714,
241.56107689833271,83465,788,1036,14714,
241.56274130766883,83464,789,1036,14714,
241.5695739652826,83463,790,1036,14714,
241.57121299293746,83462,791,1036,14714,
241.57374833608137,83461,792,1036,14714,
241.5740945715184,83461,792,1035,14715,
241.574771392345,83461,791,1036,14715,
241.5759586008435,83461,790,1037,14715,
241.58326742841354,83461,790,1036,14716,
241.58402227535512,83461,789,1037,14716,
241.5859653693052,83461,788,1038,14716,
241.5862908246629,83461,787,1039,14716,
241.5903027227012,83460,788,1039,14716,
241.59436020385857,83459,789,1039,14716,
241.59676747039734,83459,788,1040,14716,
241.59926394218283,83458,789,1040,14716,
241.60037715776016,83458,788,1041,14716,
241.60068113997514,83458,788,1040,14717,
241.60115219192926,83457,789,1040,14717,
241.60179342751,83456,790,1040,14717,
241.60246884803155,83455,791,1040,14717,
241.60406522318584,83455,791,1039,14718,
241.60484663316063,83454,792,1039,14718,
241.60887305163655,83454,791,1040,14718,
241.60966557078703,83454,790,1041,14718,
241.61593270665227,83454,789,1042,14718,
241.61865838388613,83454,789,1041,14719,
241.6198051171487,83454,788,1042,14719,
241.62465550837672,83454,787,1043,14719,
241.6263037831973,83454,786,1044,14719,
241.63251831070312,83454,786,1043,14720,
241.64138996383605,83454,786,1042,14721,
241.6449118943406,83454,786,1041,14722,
241.6470982625113,83454,785,1042,14722,
241.64723075057523,83453,786,1042,14722,
241.64724373999692,83453,785,1043,14722,
241.65053433923546,83453,784,1044,14722,
241.65081241308172,83453,784,1043,14723,
241.6512849245931,83453,784,1042,14724,
241.65415853966454,83452,785,1042,14724,
241.65482909349538,83451,786,1042,14724,
241.6551231800409,83451,785,1043,14724,
241.66134294999873,83451,784,1044,14724,
241.66146180059783,83451,784,1043,14725,
241.66310287574908,83450,785,1043,14725,
241.66439264075441,83450,784,1044,14725,
241.66520479981682,83450,783,1045,14725,
241.66572450630153,83450,782,1046,14725,
241.6672744048937,83450,782,1045,14726,
241.6707769179643,83450,781,1046,14726,
241.67144109875014,83450,780,1047,14726,
241.67231934202152,83449,781,1047,14726,
241.67265497465624,83449,780,1048,14726,
241.67336719591228,83448,781,1048,14726,
241.6817596229815,83447,782,1048,14726,
241.68227476700412,83447,781,1049,14726,
241.6832028955715,83447,780,1050,14726,
241.68464485529148,83447,780,1049,14727,
241.68657694863415,83446,781,1049,14727,
241.6875703875147,83446,780,1050,14727,
241.68771703999886,83445,781,1050,14727,
241.69088640790562,83444,782,1050,14727,
241.6924364123914,83444,781,1051,14727,
241.69401226446647,83444,781,1050,14728,
241.69786348575747,83444,780,1051,14728,
241.6988094402089,83444,780,1050,14729,
241.70060890443375,83444,779,1051,14729,
241.70421196520658,83444,779,1050,14730,
241.7047951055352,83444,778,1051,14730,
241.70566570280317,83444,778,1050,14731,
241.70679890805428,83444,778,1049,14732,
241.7096418671518,83444,777,1050,14732,
241.71175220014888,83444,777,1049,14733,
241.71498235146188,83444,776,1050,14733,
241.7184630936566,83443,777,1050,14733,
241.71951932728666,83442,778,1050,14733,
241.72068208853014,83441,779,1050,14733,
241.72250416162146,83441,779,1049,14734,
241.72556481397078,83440,780,1049,14734,
241.72634814355308,83440,779,1050,14734,
241.72751879247537,83440,779,1049,14735,
241.7282659915744,83439,780,1049,14735,
241.7299757233328,83439,780,1048,14736,
241.73031953556765,83439,780,1047,14737,
241.73736098406403,83439,779,1048,14737,
241.7406060517936,83439,779,1047,14738,
241.74075515051263,83438,780,1047,14738,
241.74179039950317,83437,781,1047,14738,
241.74446845882883,83437,780,1048,14738,
241.74515740214215,83437,779,1049,14738,
241.74538117560218,83437,779,1048,14739,
241.7465481244647,83437,778,1049,14739,
241.7562017686853,83436,779,1049,14739,
241.75645535033817,83436,778,1050,14739,
241.75912184295132,83436,778,1049,14740,
241.75992150273777,83436,778,1048,14741,
241.76084015997628,83436,777,1049,14741,
241.76269758153398,83436,777,1048,14742,
241.76374757113038,83435,778,1048,14742,
241.7655102838056,83435,777,1049,14742,
241.7657594051221,83435,776,1050,14742,
241.76677951304353,83435,775,1051,14742,
241.76713544255483,83434,776,1051,14742,
241.76834061141912,83433,777,1051,14742,
241.7700416672771,83433,777,1050,14743,
241.7701626098876,83433,777,1049,14744,
241.77350419435712,83432,778,1049,14744,
241.77520431444327,83432,777,1050,14744,
241.7774672120458,83431,778,1050,14744,
241.78119305418014,83431,777,1051,14744,
241.78732105000282,83430,778,1051,14744,
241.7951018721004,83430,778,1050,14745,
241.7981133389868,83430,778,1049,14746,
241.79822202821248,83429,779,1049,14746,
241.80155468671146,83429,779,1048,14747,
241.80155882057724,83428,780,1048,14747,
241.80581683263432,83427,781,1048,14747,
241.80824402323046,83427,780,1049,14747,
241.81006983044145,83427,779,1050,14747,
241.81008552010596,83427,778,1051,14747,
241.8119431927427,83426,779,1051,14747,
241.8141909304441,83426,779,1050,14748,
241.81838831592495,83426,779,1049,14749,
241.81902309806662,83426,778,1050,14749,
241.82123099895753,83425,779,1050,14749,
241.82370448363855,83424,780,1050,14749,
241.8273606358754,83424,779,1051,14749,
241.82743352365947,83423,780,1051,14749,
241.83051846817744,83423,780,1050,14750,
241.83265619155594,83423,780,1049,14751,
241.8355492400948,83423,779,1050,14751,
241.83632763077452,83423,778,1051,14751,
241.8376928280363,83423,778,1050,14752,
241.8382128239265,83423,778,1049,14753,
241.8387007903699,83422,779,1049,14753,
241.84587917016862,83422,779,1048,14754,
241.84686695994748,83421,780,1048,14754,
241.84884247636072,83420,781,1048,14754,
241.84964083688698,83419,782,1048,14754,
241.8496633953894,83418,783,1048,14754,
241.8501086219598,83418,783,1047,14755,
241.85449885006102,83418,782,1048,14755,
241.85700626110858,83417,783,1048,14755,
241.86043049986873,83417,782,1049,14755,
241.86246193966352,83417,781,1050,14755,
241.86504205041078,83417,780,1051,14755,
241.86631554208637,83417,780,1050,14756,
241.86694168693143,83417,779,1051,14756,
241.86748137947342,83417,778,1052,14756,
241.86815584229814,83417,777,1053,14756,
241.86826697420534,83417,776,1054,14756,
241.8723678037038,83417,776,1053,14757,
241.87314822915272,83417,776,1052,14758,
241.87668710564535,83416,777,1052,14758,
241.87829004652332,83416,776,1053,14758,
241.88052123222903,83415,777,1053,14758,
241.8808161518128,83415,776,1054,14758,
241.88339811833995,83415,775,1055,14758,
241.88625898517216,83414,776,1055,14758,
241.88736646088768,83414,775,1056,14758,
241.8886424527669,83414,774,1057,14758,
241.88872382237037,83413,775,1057,14758,
241.88915009210996,83413,774,1058,14758,
241.8915662255967,83412,775,1058,14758,
241.8928257428013,83412,774,1059,14758,
241.90165936119152,83412,773,1060,14758,
241.9035447809119,83412,772,1061,14758,
241.90568061387592,83412,772,1060,14759,
241.90916207819058,83412,772,1059,14760,
241.91076510732344,83412,772,1058,14761,
241.91328338351593,83411,773,1058,14761,
241.91825908778213,83411,773,1057,14762,
241.91934927308262,83411,773,1056,14763,
241.9198670102889,83411,773,1055,14764,
241.9199633947693,83411,773,1054,14765,
241.92066277982835,83410,774,1054,14765,
241.9210697186147,83410,774,1053,14766,
241.92109939891927,83409,775,1053,14766,
241.92118657885774,83408,776,1053,14766,
241.92305884731363,83408,775,1054,14766,
241.9238452418072,83408,775,1053,14767,
241.92399759252547,83408,774,1054,14767,
241.92430797149296,83408,773,1055,14767,
241.92678400529914,83408,773,1054,14768,
241.9274296353029,83408,772,1055,14768,
241.92760369780814,83408,772,1054,14769,
241.92957060539948,83408,772,1053,14770,
241.93371033405091,83408,772,1052,14771,
241.9376061936478,83408,771,1053,14771,
241.94017709663032,83407,772,1053,14771,
241.94399961324572,83406,773,1053,14771,
241.94524336728324,83405,774,1053,14771,
241.94984668138682,83405,773,1054,14771,
241.95012007204886,83405,773,1053,14772,
241.95063121861517,83405,773,1052,14773,
241.95698876272303,83405,772,1053,14773,
241.95819716565316,83405,771,1054,14773,
241.96083341821296,83405,771,1053,14774,
241.96631473628545,83405,771,1052,14775,
241.96660789784647,83405,771,1051,14776,
241.96726586248332,83405,770,1052,14776,
241.9711021503762,83404,771,1052,14776,
241.97152900066666,83403,772,1052,14776,
241.97208410923892,83402,773,1052,14776,
241.97300802028545,83402,773,1051,14777,
241.97452692312555,83402,773,1050,14778,
241.97854901448423,83402,772,1051,14778,
241.97892681131458,83402,771,1052,14778,
241.97934206887302,83402,771,1051,14779,
241.98116139218968,83401,772,1051,14779,
241.98300953987427,83400,773,1051,14779,
241.98565282922442,83399,774,1051,14779,
241.98682527097063,83398,775,1051,14779,
241.99129424698708,83398,775,1050,14780,
241.9924069664301,83398,774,1051,14780,
241.99439361192614,83398,773,1052,14780,
241.99870968702209,83398,772,1053,14780,
242.00000624822016,83398,772,1052,14781,
242.00169877469753,83398,771,1053,14781,
242.00199650585148,83398,771,1052,14782,
242.00543467498622,83398,770,1053,14782,
242.0058714330125,83398,770,1052,14783,
242.00603100563436,83397,771,1052,14783,
242.00613426147322,83397,771,1051,14784,
242.016489517229,83397,771,1050,14785,
242.01918835232047,83397,770,1051,14785,
242.01967724562175,83397,769,1052,14785,
242.02251471497516,83397,769,1051,14786,
242.02326158506045,83396,770,1051,14786,
242.02397003109672,83396,769,1052,14786,
242.0243177031442,83395,770,1052,14786,
242.026081047566,83395,770,1051,14787,
242.02668124451495,83395,770,1050,14788,
242.02848881888914,83394,771,1050,14788,
242.03178493933288,83394,770,1051,14788,
242.03921260551013,83394,770,1050,14789,
242.04128043337644,83394,769,1051,14789,
242.04150917945765,83394,769,1050,14790,
242.05033608127644,83393,770,1050,14790,
242.05236926031895,83392,771,1050,14790,
242.05748512989658,83391,772,1050,14790,
242.05792041566062,83391,771,1051,14790,
242.0580223395759,83391,771,1050,14791,
242.05951748103928,83390,772,1050,14791,
242.06087552167776,83390,771,1051,14791,
242.0624750610239,83389,772,1051,14791,
242.06305493474724,83389,772,1050,14792,
242.06436451317202,83389,772,1049,14793,
242.06755586400212,83389,772,1048,14794,
242.06913541142447,83388,773,1048,14794,
242.06924785235503,83388,772,1049,14794,
242.07320574802026,83388,772,1048,14795,
242.07601401600553,83388,771,1049,14795,
242.07601868250242,83387,772,1049,14795,
242.07626592165252,83387,772,1048,14796,
242.0765529512391,83387,772,1047,14797,
242.08089488648358,83386,773,1047,14797,
242.080971566388,83385,774,1047,14797,
242.08508213488105,83385,773,1048,14797,
242.08511091181197,83385,772,1049,14797,
242.0875193374229,83385,771,1050,14797,
242.09000646092213,83385,771,1049,14798,
242.09329890349207,83385,771,1048,14799,
242.09733008672987,83385,771,1047,14800,
242.09733239207907,83384,772,1047,14800,
242.0978571502145,83383,773,1047,14800,
242.09885409524492,83382,774,1047,14800,
242.10065933318128,83382,773,1048,14800,
242.10218331449994,83382,772,1049,14800,
242.10431187955612,83381,773,1049,14800,
242.10789846588878,83380,774,1049,14800,
242.10969292824308,83380,774,1048,14801,
242.11073885285444,83380,774,1047,14802,
242.11180205217693,83380,774,1046,14803,
242.11336287782248,83380,774,1045,14804,
242.11587440257276,83379,775,1045,14804,
242.11692124152015,83378,776,1045,14804,
242.1201266746792,83378,775,1046,14804,
242.1210051787345,83377,776,1046,14804,
242.1269172832943,83377,775,1047,14804,
242.1316821642328,83377,774,1048,14804,
242.13272659832515,83377,774,1047,14805,
242.13457174202213,83376,775,1047,14805,
242.13614159242402,83376,775,1046,14806,
242.13617479127274,83376,774,1047,14806,
242.13822880485455,83376,773,1048,14806,
242.14634101733503,83376,773,1047,14807,
242.14739490586268,83375,774,1047,14807,
242.1493618383071,83375,773,1048,14807,
242.15476493817792,83374,774,1048,14807,
242.15696453714688,83373,775,1048,14807,
242.15749758009318,83373,774,1049,14807,
242.163129465754,83373,774,1048,14808,
242.16372462223524,83373,774,1047,14809,
242.16606350635857,83373,774,1046,14810,
242.16621849677924,83373,774,1045,14811,
242.1672284982246,83373,774,1044,14812,
242.16791350569034,83372,775,1044,14812,
242.1695975794622,83371,776,1044,14812,
242.1701098416407,83371,775,1045,14812,
242.1722522678823,83371,774,1046,14812,
242.17236119837037,83370,775,1046,14812,
242.17554409038777,83369,776,1046,14812,
242.1766650705007,83368,777,1046,14812,
242.178362347797,83367,778,1046,14812,
242.17979255084694,83367,778,1045,14813,
242.1808550723543,83366,779,1045,14813,
242.18104226203212,83366,779,1044,14814,
242.18468101393492,83366,779,1043,14815,
242.18514120002945,83366,778,1044,14815,
242.18588881043303,83366,777,1045,14815,
242.18661331898696,83365,778,1045,14815,
242.18732035119723,83364,779,1045,14815,
242.19086854623356,83364,779,1044,14816,
242.1920996680058,83364,778,1045,14816,
242.19243892124496,83363,779,1045,14816,
242.19667328077355,83363,778,1046,14816,
242.19859369323035,83363,777,1047,14816,
242.19979044277127,83362,778,1047,14816,
242.2030392018064,83361,779,1047,14816,
242.2033578200799,83360,780,1047,14816,
242.2044435102984,83360,780,1046,14817,
242.2079610226852,83360,780,1045,14818,
242.21475296916404,83359,781,1045,14818,
242.2176640792121,83359,781,1044,14819,
242.22292528079694,83359,781,1043,14820,
242.22293399979844,83359,781,1042,14821,
242.22424123261186,83358,782,1042,14821,
242.22639833850144,83357,783,1042,14821,
242.2271244869465,83357,782,1043,14821,
242.22745471487758,83356,783,1043,14821,
242.2316399851862,83355,784,1043,14821,
242.2347349222498,83354,785,1043,14821,
242.23542138758953,83353,786,1043,14821,
242.2364152068211,83353,785,1044,14821,
242.23670543143794,83353,785,1043,14822,
242.2382037592734,83352,786,1043,14822,
242.24006907677165,83352,785,1044,14822,
242.24225539444623,83352,784,1045,14822,
242.24711612085,83352,783,1046,14822,
242.2476102473995,83351,784,1046,14822,
242.25064154991247,83351,784,1045,14823,
242.25158262617978,83350,785,1045,14823,
242.25764756526985,83350,784,1046,14823,
242.25768216062866,83349,785,1046,14823,
242.26488909132573,83349,784,1047,14823,
242.26692699508135,83349,784,1046,14824,
242.2694739278944,83348,785,1046,14824,
242.27048840813066,83348,784,1047,14824,
242.27064477539747,83347,785,1047,14824,
242.27385779905688,83346,786,1047,14824,
242.2747507111121,83346,785,1048,14824,
242.27729838985255,83346,785,1047,14825,
242.27731779126495,83346,784,1048,14825,
242.27899452709926,83346,783,1049,14825,
242.27912845671082,83346,783,1048,14826,
242.2797399542714,83345,784,1048,14826,
242.28080000415898,83345,784,1047,14827,
242.28233837644802,83344,785,1047,14827,
242.2842877933968,83344,784,1048,14827,
242.2864735624097,83344,784,1047,14828,
242.28911658381526,83344,784,1046,14829,
242.28996410772965,83344,783,1047,14829,
242.29027827953243,83343,784,1047,14829,
242.29721741509647,83343,784,1046,14830,
242.30109944369244,83343,784,1045,14831,
242.3011833062743,83343,784,1044,14832,
242.3034699279215,83343,784,1043,14833,
242.30743076445486,83343,783,1044,14833,
242.30752365945384,83343,783,1043,14834,
242.3107487715112,83343,782,1044,14834,
242.31088335450048,83342,783,1044,14834,
242.31244422433818,83341,784,1044,14834,
242.31307195866773,83341,783,1045,14834,
242.3132054547635,83340,784,1045,14834,
242.31344011490717,83340,783,1046,14834,
242.31403669779206,83339,784,1046,14834,
242.31560091569398,83339,784,1045,14835,
242.31868898483776,83338,785,1045,14835,
242.32303459534955,83337,786,1045,14835,
242.3245621513174,83337,786,1044,14836,
242.32536155442983,83336,787,1044,14836,
242.32583109058908,83335,788,1044,14836,
242.32870985064687,83335,787,1045,14836,
242.3288254126917,83335,786,1046,14836,
242.33575656066276,83334,787,1046,14836,
242.33590432961296,83334,786,1047,14836,
242.3384511677393,83333,787,1047,14836,
242.34053665249309,83333,786,1048,14836,
242.3408292698164,83333,785,1049,14836,
242.34532059313946,83332,786,1049,14836,
242.34712451656802,83332,785,1050,14836,
242.35335441084723,83331,786,1050,14836,
242.35550607504865,83331,786,1049,14837,
242.3577444484797,83330,787,1049,14837,
242.36129454588712,83330,787,1048,14838,
242.36257977355433,83329,788,1048,14838,
242.36404870948334,83328,789,1048,14838,
242.36588184193414,83327,790,1048,14838,
242.3662706984124,83327,789,1049,14838,
242.3706223681506,83327,788,1050,14838,
242.37222206075054,83326,789,1050,14838,
242.37950137116343,83325,790,1050,14838,
242.38068309025175,83325,790,1049,14839,
242.38281608210377,83324,791,1049,14839,
242.38336126024382,83323,792,1049,14839,
242.3855657079514,83322,793,1049,14839,
242.3894701570821,83321,794,1049,14839,
242.39416243672102,83320,795,1049,14839,
242.39525690819738,83320,795,1048,14840,
242.39679086523466,83320,795,1047,14841,
242.3986169688567,83320,794,1048,14841,
242.40360023589946,83319,795,1048,14841,
242.40642917540242,83318,796,1048,14841,
242.4116060515834,83318,795,1049,14841,
242.41289436466494,83318,795,1048,14842,
242.41896823157649,83318,794,1049,14842,
242.42254773576636,83317,795,1049,14842,
242.4233910895827,83317,794,1050,14842,
242.43017635348593,83316,795,1050,14842,
242.4325104786466,83316,795,1049,14843,
242.4339957172508,83316,794,1050,14843,
242.43797797154298,83316,794,1049,14844,
242.4383521296387,83315,795,1049,14844,
242.43985603134968,83314,796,1049,14844,
242.4406646754777,83313,797,1049,14844,
242.4499236438247,83312,798,1049,14844,
242.4525650721471,83312,798,1048,14845,
242.4540819686572,83312,798,1047,14846,
242.4566359204231,83312,797,1048,14846,
242.45728139009293,83312,797,1047,14847,
242.46007790307553,83311,798,1047,14847,
242.46359881468825,83310,799,1047,14847,
242.46973820184607,83310,799,1046,14848,
242.46979515716637,83310,798,1047,14848,
242.47201214838483,83310,798,1046,14849,
242.47355684815932,83309,799,1046,14849,
242.47377332944086,83309,798,1047,14849,
242.47404178434527,83308,799,1047,14849,
242.48125179050382,83308,799,1046,14850,
242.4814683029456,83308,798,1047,14850,
242.48154914974046,83307,799,1047,14850,
242.48642774795195,83306,800,1047,14850,
242.4889929822853,83305,801,1047,14850,
242.49032736345788,83304,802,1047,14850,
242.49212181149983,83303,803,1047,14850,
242.49296655072717,83302,804,1047,14850,
242.4946228637424,83301,805,1047,14850,
242.50004387940572,83300,806,1047,14850,
242.50430714157162,83300,805,1048,14850,
242.50589476009338,83300,804,1049,14850,
242.50763420211558,83299,805,1049,14850,
242.51189834609227,83298,806,1049,14850,
242.5165576156496,83298,805,1050,14850,
242.51658394555224,83297,806,1050,14850,
242.51671048251825,83297,805,1051,14850,
242.51816655293914,83296,806,1051,14850,
242.51879079591802,83296,805,1052,14850,
242.51983231632974,83296,804,1053,14850,
242.52011916885957,83296,804,1052,14851,
242.52215548996173,83296,804,1051,14852,
242.52448770941928,83296,804,1050,14853,
242.52554813462768,83296,803,1051,14853,
242.52589100601128,83296,802,1052,14853,
242.529570778554,83296,801,1053,14853,
242.5297468222274,83296,801,1052,14854,
242.53366955098363,83296,801,1051,14855,
242.53645373231342,83296,801,1050,14856,
242.54181955070152,83296,801,1049,14857,
242.5468462576709,83296,801,1048,14858,
242.55145456952198,83295,802,1048,14858,
242.5518616556347,83295,801,1049,14858,
242.55230255740585,83294,802,1049,14858,
242.55318832917254,83294,802,1048,14859,
242.55381365563738,83294,801,1049,14859,
242.55564728239708,83294,800,1050,14859,
242.56768593959293,83293,801,1050,14859,
242.56772815955554,83293,800,1051,14859,
242.56934330031834,83292,801,1051,14859,
242.57233554189833,83291,802,1051,14859,
242.57259925297572,83290,803,1051,14859,
242.57506456679695,83290,803,1050,14860,
242.57534515278402,83290,802,1051,14860,
242.57775838284982,83290,802,1050,14861,
242.57803727030588,83289,803,1050,14861,
242.58365230302454,83288,804,1050,14861,
242.5859993007305,83288,803,1051,14861,
242.60187757672873,83287,804,1051,14861,
242.60441856118433,83287,804,1050,14862,
242.6066084300527,83286,805,1050,14862,
242.60842262171772,83285,806,1050,14862,
242.61120718133836,83284,807,1050,14862,
242.61228543640476,83284,807,1049,14863,
242.61393878850473,83284,806,1050,14863,
242.62754573942124,83284,805,1051,14863,
242.6296367190444,83284,804,1052,14863,
242.63432177252935,83284,803,1053,14863,
242.63626703200754,83284,803,1052,14864,
242.63671754415637,83284,803,1051,14865,
242.63847923570646,83283,804,1051,14865,
242.64216604984,83283,803,1052,14865,
242.64284328874777,83283,803,1051,14866,
242.64973019134916,83283,803,1050,14867,
242.65215314181418,83283,803,1049,14868,
242.65505123680276,83283,803,1048,14869,
242.65582220054287,83283,803,1047,14870,
242.65724664546704,83283,803,1046,14871,
242.66432094118548,83282,804,1046,14871,
242.6650674505021,83282,803,1047,14871,
242.66685914714273,83281,804,1047,14871,
242.66923391959028,83281,803,1048,14871,
242.67269358404297,83280,804,1048,14871,
242.67623991333545,83280,803,1049,14871,
242.68103665904653,83279,804,1049,14871,
242.68675458055355,83279,804,1048,14872,
242.68685739906755,83278,805,1048,14872,
242.6875126947015,83277,806,1048,14872,
242.68867745647987,83276,807,1048,14872,
242.6890114152789,83276,807,1047,14873,
242.69126960238992,83276,806,1048,14873,
242.69142302261818,83275,807,1048,14873,
242.69325619934688,83275,806,1049,14873,
242.69679444271642,83274,807,1049,14873,
242.69834744715365,83273,808,1049,14873,
242.70225252115065,83273,807,1050,14873,
242.70271194022104,83272,808,1050,14873,
242.70305522801024,83272,807,1051,14873,
242.7034256565506,83271,808,1051,14873,
242.70489455524918,83271,807,1052,14873,
242.70595370160567,83271,806,1053,14873,
242.70720574404322,83270,807,1053,14873,
242.7077795018802,83269,808,1053,14873,
242.7180445203057,83268,809,1053,14873,
242.72063523149643,83267,810,1053,14873,
242.72093665712757,83266,811,1053,14873,
242.724765647523,83265,812,1053,14873,
242.72673899149007,83265,811,1054,14873,
242.7358597310005,83265,810,1055,14873,
242.73678794399268,83265,809,1056,14873,
242.73767907748396,83265,808,1057,14873,
242.73929118243782,83264,809,1057,14873,
242.74343786446633,83263,810,1057,14873,
242.7438085284762,83263,810,1056,14874,
242.7458608552519,83263,809,1057,14874,
242.7464425414148,83262,810,1057,14874,
242.74750123212064,83261,811,1057,14874,
242.74985300241582,83260,812,1057,14874,
242.75935908646812,83259,813,1057,14874,
242.76391107341527,83258,814,1057,14874,
242.76391482415795,83257,815,1057,14874,
242.76504593202202,83257,815,1056,14875,
242.76718608079523,83257,815,1055,14876,
242.77478832861237,83257,815,1054,14877,
242.77618287099608,83257,815,1053,14878,
242.7776536578659,83257,815,1052,14879,
242.7797422796677,83257,815,1051,14880,
242.7809170746036,83257,815,1050,14881,
242.7826933845656,83257,814,1051,14881,
242.78321589617562,83257,813,1052,14881,
242.78343132921523,83257,812,1053,14881,
242.7849347583803,83256,813,1053,14881,
242.78649175242836,83256,813,1052,14882,
242.79053970869845,83255,814,1052,14882,
242.79511569930673,83255,813,1053,14882,
242.79998248652993,83254,814,1053,14882,
242.80167488648047,83254,813,1054,14882,
242.80175968940986,83254,813,1053,14883,
242.8033408545267,83253,814,1053,14883,
242.8034686201411,83253,814,1052,14884,
242.81000277055765,83253,814,1051,14885,
242.81254949307043,83253,814,1050,14886,
242.8134187873755,83253,814,1049,14887,
242.81587397306555,83252,815,1049,14887,
242.8177692865219,83251,816,1049,14887,
242.8188566107901,83251,815,1050,14887,
242.8195246518967,83250,816,1050,14887,
242.8202050749505,83249,817,1050,14887,
242.8223445403377,83248,818,1050,14887,
242.82371103645397,83247,819,1050,14887,
242.82712878370228,83247,818,1051,14887,
242.83193621274376,83246,819,1051,14887,
242.83272670675615,83246,818,1052,14887,
242.83554622719623,83245,819,1052,14887,
242.84121625918235,83245,818,1053,14887,
242.84905127901018,83244,819,1053,14887,
242.84945446635294,83243,820,1053,14887,
242.8554601139861,83242,821,1053,14887,
242.85656178980358,83242,820,1054,14887,
242.85838988011074,83242,819,1055,14887,
242.85877853150345,83241,820,1055,14887,
242.85945403782736,83241,820,1054,14888,
242.8620149421038,83241,819,1055,14888,
242.86246262034985,83241,819,1054,14889,
242.8626071705108,83240,820,1054,14889,
242.86295092795544,83240,819,1055,14889,
242.8630479154821,83240,818,1056,14889,
242.8666577508572,83240,817,1057,14889,
242.86694418043808,83239,818,1057,14889,
242.8669938797698,83238,819,1057,14889,
242.86815681833343,83237,820,1057,14889,
242.86875174000815,83236,821,1057,14889,
242.86927485105804,83236,821,1056,14890,
242.87180043033277,83236,821,1055,14891,
242.87603847783424,83236,821,1054,14892,
242.87940590109434,83235,822,1054,14892,
242.87975548114974,83235,821,1055,14892,
242.88188617704813,83234,822,1055,14892,
242.88218889156298,83234,821,1056,14892,
242.8834998522558,83233,822,1056,14892,
242.88350324780944,83232,823,1056,14892,
242.89217520856198,83232,823,1055,14893,
242.90377857755664,83232,823,1054,14894,
242.9039679953933,83232,823,1053,14895,
242.9056109808201,83232,823,1052,14896,
242.9145888036596,83232,822,1053,14896,
242.92064092806083,83232,822,1052,14897,
242.92202458108935,83232,821,1053,14897,
242.92345997619975,83232,821,1052,14898,
242.92998750291045,83232,820,1053,14898,
242.93004526135277,83232,820,1052,14899,
242.93113555953636,83231,821,1052,14899,
242.9330824822425,83231,820,1053,14899,
242.93693926958332,83230,821,1053,14899,
242.9427014832208,83229,822,1053,14899,
242.94753527279215,83229,821,1054,14899,
242.94803241999193,83228,822,1054,14899,
242.954221050335,83228,821,1055,14899,
242.95477028700918,83228,820,1056,14899,
242.95577998385392,83227,821,1056,14899,
242.95864162033334,83227,820,1057,14899,
242.9627243142923,83226,821,1057,14899,
242.9636371856885,83226,820,1058,14899,
242.96899334978352,83226,820,1057,14900,
242.97300775096429,83226,819,1058,14900,
242.9774859358135,83226,819,1057,14901,
242.97829561034814,83225,820,1057,14901,
242.97999246019532,83224,821,1057,14901,
242.9809459756465,83224,821,1056,14902,
242.9844902598916,83224,821,1055,14903,
242.98649725330014,83224,820,1056,14903,
242.98673730090994,83224,820,1055,14904,
242.98921214540496,83224,819,1056,14904,
242.99257496606327,83224,818,1057,14904,
242.99879786247172,83224,818,1056,14905,
243.00004494704405,83224,817,1057,14905,
243.00254761146147,83224,817,1056,14906,
243.00905170695214,83224,816,1057,14906,
243.01041023718295,83224,816,1056,14907,
243.01496665576485,83223,817,1056,14907,
243.0190181194502,83223,817,1055,14908,
243.01962867973648,83223,816,1056,14908,
243.02075236649813,83222,817,1056,14908,
243.0246157370937,83221,818,1056,14908,
243.02502561462114,83220,819,1056,14908,
243.02553638707403,83220,819,1055,14909,
243.03241969124886,83220,819,1054,14910,
243.03509995047506,83220,818,1055,14910,
243.0351924771769,83220,818,1054,14911,
243.03536993821635,83220,817,1055,14911,
243.03541997490387,83219,818,1055,14911,
243.03690598135566,83219,818,1054,14912,
243.0371548816766,83219,818,1053,14913,
243.03922361320232,83219,818,1052,14914,
243.04103508327438,83219,818,1051,14915,
243.0424009637814,83218,819,1051,14915,
243.04585730377283,83218,819,1050,14916,
243.04675470394034,83218,819,1049,14917,
243.04998308068795,83218,818,1050,14917,
243.05209808343716,83217,819,1050,14917,
243.05774127458272,83217,819,1049,14918,
243.05941193146103,83216,820,1049,14918,
243.0601444756406,83215,821,1049,14918,
243.0646873296693,83214,822,1049,14918,
243.06669785344766,83214,822,1048,14919,
243.06684615822138,83214,821,1049,14919,
243.07113374658104,83214,820,1050,14919,
243.07121693336543,83213,821,1050,14919,
243.0822534882021,83213,820,1051,14919,
243.08671319096624,83212,821,1051,14919,
243.08796688746455,83212,820,1052,14919,
243.09462357807968,83211,821,1052,14919,
243.09501190438255,83210,822,1052,14919,
243.09794823512343,83210,821,1053,14919,
243.10060782721658,83209,822,1053,14919,
243.10073721503252,83208,823,1053,14919,
243.1038285544714,83207,824,1053,14919,
243.10393885026022,83207,823,1054,14919,
243.1052305880092,83206,824,1054,14919,
243.106743148957,83206,823,1055,14919,
243.10879409044645,83206,822,1056,14919,
243.1094595866414,83205,823,1056,14919,
243.1142599727205,83204,824,1056,14919,
243.11599392759481,83203,825,1056,14919,
243.11615100077464,83203,825,1055,14920,
243.12138074077393,83203,825,1054,14921,
243.1223787088064,83202,826,1054,14921,
243.12487854480685,83202,826,1053,14922,
243.12755447811713,83202,825,1054,14922,
243.1278267395041,83202,824,1055,14922,
243.1280203207386,83201,825,1055,14922,
243.1345898960207,83201,825,1054,14923,
243.13857003100745,83200,826,1054,14923,
243.13866166733104,83200,825,1055,14923,
243.14137001870694,83199,826,1055,14923,
243.1454108523385,83199,825,1056,14923,
243.14651274168074,83199,825,1055,14924,
243.15316573540818,83199,825,1054,14925,
243.1583411124575,83199,825,1053,14926,
243.1607648276291,83199,825,1052,14927,
243.16254060442682,83199,825,1051,14928,
243.164645757341,83198,826,1051,14928,
243.16959289432245,83197,827,1051,14928,
243.17033357323714,83197,826,1052,14928,
243.17181293954772,83197,825,1053,14928,
243.1726697749211,83196,826,1053,14928,
243.1732656510691,83195,827,1053,14928,
243.17674203526784,83195,826,1054,14928,
243.17965342851923,83195,825,1055,14928,
243.18279338783347,83195,825,1054,14929,
243.1881051645341,83195,825,1053,14930,
243.18832422331664,83194,826,1053,14930,
243.19101244421753,83194,825,1054,14930,
243.19344284171282,83194,824,1055,14930,
243.19387282629856,83194,824,1054,14931,
243.20092436695285,83194,823,1055,14931,
243.2024200966631,83194,823,1054,14932,
243.20258606844823,83194,823,1053,14933,
243.20522975124922,83194,822,1054,14933,
243.20873580175618,83193,823,1054,14933,
243.21378006278738,83192,824,1054,14933,
243.21456894957322,83192,823,1055,14933,
243.2192326736408,83192,822,1056,14933,
243.22008790680957,83192,822,1055,14934,
243.22373006373485,83191,823,1055,14934,
243.22605813854554,83190,824,1055,14934,
243.22800003825176,83190,824,1054,14935,
243.2302496711122,83190,824,1053,14936,
243.23083734277427,83190,824,1052,14937,
243.23104628004683,83190,824,1051,14938,
243.2323516097692,83190,823,1052,14938,
243.23510006218066,83190,822,1053,14938,
243.23735150714194,83190,821,1054,14938,
243.24265060618717,83189,822,1054,14938,
243.24326953707603,83188,823,1054,14938,
243.24602628210536,83187,824,1054,14938,
243.24716476950238,83187,824,1053,14939,
243.24886809780165,83187,823,1054,14939,
243.2499024262008,83187,822,1055,14939,
243.25358965754234,83187,821,1056,14939,
243.2537305544586,83187,820,1057,14939,
243.2596403967119,83186,821,1057,14939,
243.26446591322332,83186,821,1056,14940,
243.27221569588124,83186,821,1055,14941,
243.27793236224258,83185,822,1055,14941,
243.27955999523044,83185,821,1056,14941,
243.28129517958106,83185,820,1057,14941,
243.28222075973306,83184,821,1057,14941,
243.2828248038548,83184,821,1056,14942,
243.28549533278047,83183,822,1056,14942,
243.28557235683164,83183,822,1055,14943,
243.2859438884733,83182,823,1055,14943,
243.29187076712563,83181,824,1055,14943,
243.2930707479232,83180,825,1055,14943,
243.29331300971378,83179,826,1055,14943,
243.2969815328099,83179,825,1056,14943,
243.2996361460863,83178,826,1056,14943,
243.30064500473415,83178,826,1055,14944,
243.3035849898363,83178,825,1056,14944,
243.3053193610858,83178,824,1057,14944,
243.30748199229583,83178,824,1056,14945,
243.30828740444085,83177,825,1056,14945,
243.30895299010118,83177,825,1055,14946,
243.31345243546093,83177,825,1054,14947,
243.3145390023248,83176,826,1054,14947,
243.31668721811386,83175,827,1054,14947,
243.31674701291624,83175,826,1055,14947,
243.31998342692125,83174,827,1055,14947,
243.32027537290028,83174,827,1054,14948,
243.32101662284919,83173,828,1054,14948,
243.32834516896625,83173,828,1053,14949,
243.32961457125836,83173,828,1052,14950,
243.32983940841888,83172,829,1052,14950,
243.33106874060218,83171,830,1052,14950,
243.33137133904674,83171,829,1053,14950,
243.335720587449,83170,830,1053,14950,
243.33805626616302,83169,831,1053,14950,
243.34399721181478,83168,832,1053,14950,
243.3451015307169,83168,832,1052,14951,
243.3462942824979,83167,833,1052,14951,
243.34871194901083,83166,834,1052,14951,
243.3501707722384,83166,834,1051,14952,
243.35034580932077,83165,835,1051,14952,
243.35056026798185,83164,836,1051,14952,
243.3509813501419,83163,837,1051,14952,
243.35138992226254,83163,836,1052,14952,
243.3529331303957,83162,837,1052,14952,
243.35363215304207,83162,837,1051,14953,
243.35670505492632,83161,838,1051,14953,
243.3577298717048,83160,839,1051,14953,
243.36196824359078,83160,839,1050,14954,
243.36276704371153,83160,839,1049,14955,
243.36431686455782,83159,840,1049,14955,
243.3690697714811,83159,839,1050,14955,
243.3712732389552,83159,839,1049,14956,
243.3726627704835,83159,838,1050,14956,
243.37287270889004,83159,837,1051,14956,
243.37310295200922,83158,838,1051,14956,
243.37331063121806,83158,837,1052,14956,
243.37408699925754,83157,838,1052,14956,
243.37863508841292,83157,837,1053,14956,
243.38137857065536,83156,838,1053,14956,
243.3849030932907,83156,837,1054,14956,
243.38804415667337,83155,838,1054,14956,
243.38969147824972,83155,838,1053,14957,
243.39056897983426,83155,837,1054,14957,
243.39681025590846,83155,837,1053,14958,
243.39834813913177,83155,837,1052,14959,
243.40573233625716,83155,837,1051,14960,
243.4076282699338,83155,836,1052,14960,
243.41000065096523,83155,836,1051,14961,
243.4109149978195,83155,836,1050,14962,
243.4113891083656,83155,836,1049,14963,
243.41286461592662,83155,835,1050,14963,
243.41354926248982,83155,834,1051,14963,
243.4146622499826,83155,834,1050,14964,
243.4181511428659,83155,833,1051,14964,
243.42175384659402,83155,832,1052,14964,
243.4231779606264,83154,833,1052,14964,
243.4257477061037,83153,834,1052,14964,
243.42614229111786,83152,835,1052,14964,
243.4270805295796,83152,834,1053,14964,
243.43101002984645,83151,835,1053,14964,
243.43222056224113,83151,835,1052,14965,
243.4399546798406,83151,835,1051,14966,
243.4419837681409,83151,834,1052,14966,
243.44370427284372,83151,834,1051,14967,
243.4522684759266,83151,833,1052,14967,
243.45693034444835,83151,832,1053,14967,
243.45746259433594,83151,831,1054,14967,
243.45885768868735,83150,832,1054,14967,
243.46060441570916,83150,831,1055,14967,
243.46080211544572,83150,831,1054,14968,
243.46115185593283,83150,830,1055,14968,
243.46157333430693,83149,831,1055,14968,
243.46176361667568,83148,832,1055,14968,
243.46410181036805,83148,831,1056,14968,
243.46616413781283,83148,831,1055,14969,
243.4692885520992,83148,830,1056,14969,
243.4746225943991,83148,830,1055,14970,
243.47481536379706,83148,829,1056,14970,
243.47592161470072,83148,828,1057,14970,
243.47989698445025,83148,827,1058,14970,
243.48023312912136,83148,826,1059,14970,
243.48027934252306,83147,827,1059,14970,
243.4818548893239,83147,827,1058,14971,
243.48369073641487,83147,826,1059,14971,
243.48863989419254,83146,827,1059,14971,
243.4891264847975,83146,827,1058,14972,
243.49581474259043,83145,828,1058,14972,
243.49838361138944,83145,828,1057,14973,
243.49921054591988,83145,827,1058,14973,
243.5040344243683,83145,827,1057,14974,
243.5049722010328,83144,828,1057,14974,
243.5087247915927,83143,829,1057,14974,
243.51173160673858,83143,829,1056,14975,
243.512027297363,83143,828,1057,14975,
243.51244865342045,83143,827,1058,14975,
243.51352927540597,83143,826,1059,14975,
243.5156588704303,83143,826,1058,14976,
243.51845136607676,83143,825,1059,14976,
243.519102680072,83143,824,1060,14976,
243.5200337358116,83142,825,1060,14976,
243.52089893941007,83142,824,1061,14976,
243.52145988503682,83142,823,1062,14976,
243.5216763455225,83142,822,1063,14976,
243.5243336760618,83142,821,1064,14976,
243.5263942341447,83142,820,1065,14976,
243.52651318162359,83141,821,1065,14976,
243.52978387113885,83141,820,1066,14976,
243.53025903726703,83141,820,1065,14977,
243.53281760803426,83140,821,1065,14977,
243.53404991764592,83140,820,1066,14977,
243.53405351287694,83140,819,1067,14977,
243.53584663516978,83139,820,1067,14977,
243.53798816846643,83138,821,1067,14977,
243.544759199976,83138,821,1066,14978,
243.54756635821178,83138,820,1067,14978,
243.55311204036374,83137,821,1067,14978,
243.55485553866535,83137,821,1066,14979,
243.55703621973595,83137,820,1067,14979,
243.55836907887553,83136,821,1067,14979,
243.55859201388583,83135,822,1067,14979,
243.55939925393918,83135,822,1066,14980,
243.55980788304785,83135,822,1065,14981,
243.56102762472736,83135,822,1064,14982,
243.56172249589656,83134,823,1064,14982,
243.5655237829505,83134,822,1065,14982,
243.56561495345616,83133,823,1065,14982,
243.56691671520346,83133,823,1064,14983,
243.567454574389,83133,822,1065,14983,
243.57331818695297,83133,821,1066,14983,
243.57445838821036,83133,820,1067,14983,
243.5772980951281,83132,821,1067,14983,
243.5777105077702,83131,822,1067,14983,
243.57940284220837,83130,823,1067,14983,
243.5851765608891,83130,823,1066,14984,
243.59075921795957,83130,823,1065,14985,
243.5927971504818,83130,823,1064,14986,
243.59581619803538,83130,822,1065,14986,
243.59612141821202,83129,823,1065,14986,
243.59828087127937,83129,822,1066,14986,
243.60399105566609,83128,823,1066,14986,
243.6040852374406,83128,823,1065,14987,
243.60594695972392,83127,824,1065,14987,
243.60594882883797,83126,825,1065,14987,
243.6061943949013,83126,824,1066,14987,
243.60964054168085,83126,823,1067,14987,
243.60979099485502,83125,824,1067,14987,
243.61138434545816,83125,823,1068,14987,
243.61188199384205,83125,822,1069,14987,
243.61366988011548,83125,821,1070,14987,
243.61912152766882,83125,820,1071,14987,
243.6193012558511,83124,821,1071,14987,
243.6194013621727,83124,820,1072,14987,
243.61975626903381,83124,820,1071,14988,
243.6231788643683,83123,821,1071,14988,
243.6236991807085,83123,821,1070,14989,
243.62781689083792,83123,820,1071,14989,
243.6288619363609,83122,821,1071,14989,
243.6294748617723,83121,822,1071,14989,
243.63101980809486,83121,822,1070,14990,
243.6314695931319,83120,823,1070,14990,
243.63226163310455,83120,822,1071,14990,
243.63506424170657,83119,823,1071,14990,
243.637941923096,83119,823,1070,14991,
243.6380562984773,83118,824,1070,14991,
243.64557863518286,83117,825,1070,14991,
243.64647155319147,83117,824,1071,14991,
243.64897633829253,83116,825,1071,14991,
243.6490704136208,83116,825,1070,14992,
243.64939328176175,83116,824,1071,14992,
243.65245404110843,83116,823,1072,14992,
243.65355378846903,83115,824,1072,14992,
243.6572540282556,83115,823,1073,14992,
243.65781197118503,83115,822,1074,14992,
243.6593234456601,83114,823,1074,14992,
243.6660769736157,83114,822,1075,14992,
243.67422624943987,83114,822,1074,14993,
243.67656330957402,83113,823,1074,14993,
243.67789338838477,83113,822,1075,14993,
243.6848332151995,83113,821,1076,14993,
243.68661434313944,83113,820,1077,14993,
243.68720999484103,83113,819,1078,14993,
243.69315456308047,83112,820,1078,14993,
243.69411487187173,83112,819,1079,14993,
243.70406791361614,83111,820,1079,14993,
243.70474283984794,83110,821,1079,14993,
243.70518563702376,83110,821,1078,14994,
243.70519763340945,83109,822,1078,14994,
243.70575534205602,83109,821,1079,14994,
243.70594076838628,83108,822,1079,14994,
243.70749850683333,83107,823,1079,14994,
243.70899574992524,83107,823,1078,14995,
243.7108213742672,83106,824,1078,14995,
243.7112354353384,83106,823,1079,14995,
243.71128591432128,83106,822,1080,14995,
243.71422954807838,83106,822,1079,14996,
243.71864651623562,83106,822,1078,14997,
243.72065005779368,83106,821,1079,14997,
243.72106957716397,83105,822,1079,14997,
243.7236162842006,83104,823,1079,14997,
243.7264186356246,83103,824,1079,14997,
243.72767910053295,83102,825,1079,14997,
243.72847158407123,83102,824,1080,14997,
243.7292943934431,83102,824,1079,14998,
243.7370120865318,83101,825,1079,14998,
243.74251863949053,83101,824,1080,14998,
243.74300956436298,83101,823,1081,14998,
243.74414241262548,83101,823,1080,14999,
243.74578281187127,83101,822,1081,14999,
243.75016262689417,83101,821,1082,14999,
243.75157135931536,83101,820,1083,14999,
243.75442176853764,83101,820,1082,15000,
243.755919358705,83100,821,1082,15000,
243.75908166564503,83100,820,1083,15000,
243.76436335998005,83100,820,1082,15001,
243.76784945837736,83099,821,1082,15001,
243.76970178829316,83099,821,1081,15002,
243.77069609425385,83099,821,1080,15003,
243.77095615708646,83099,820,1081,15003,
243.77117784341874,83099,819,1082,15003,
243.77185461404866,83099,819,1081,15004,
243.77195954445054,83098,820,1081,15004,
243.77352323467042,83097,821,1081,15004,
243.7740093406875,83096,822,1081,15004,
243.77487555597756,83095,823,1081,15004,
243.77612975932502,83094,824,1081,15004,
243.77948071287895,83093,825,1081,15004,
243.77972694425424,83093,825,1080,15005,
243.78117379339182,83093,825,1079,15006,
243.78358641145542,83093,824,1080,15006,
243.78949873190572,83093,824,1079,15007,
243.7948149131027,83093,824,1078,15008,
243.7956367274342,83093,824,1077,15009,
243.79674935796325,83092,825,1077,15009,
243.80106734897797,83092,825,1076,15010,
243.8035431072037,83092,825,1075,15011,
243.80413411897774,83092,824,1076,15011,
243.80475933608966,83092,823,1077,15011,
243.80628718750762,83091,824,1077,15011,
243.80630413098817,83090,825,1077,15011,
243.80882407280185,83089,826,1077,15011,
243.80913240582964,83089,826,1076,15012,
243.8121509834698,83088,827,1076,15012,
243.81234036175198,83088,827,1075,15013,
243.81347912139026,83087,828,1075,15013,
243.81442020329638,83087,827,1076,15013,
243.8248169841352,83087,827,1075,15014,
243.82765246391867,83087,826,1076,15014,
243.82974878933845,83087,826,1075,15015,
243.8302647512489,83086,827,1075,15015,
243.8341823891446,83085,828,1075,15015,
243.83614795139943,83084,829,1075,15015,
243.83739579686562,83084,829,1074,15016,
243.84068286482068,83084,828,1075,15016,
243.8432604680547,83083,829,1075,15016,
243.84882117839936,83083,829,1074,15017,
243.8513540544765,83082,830,1074,15017,
243.85695505190492,83081,831,1074,15017,
243.85804607227547,83080,832,1074,15017,
243.85947401279495,83080,831,1075,15017,
243.866178109464,83080,831,1074,15018,
243.8679072804027,83080,831,1073,15019,
243.86937041311532,83080,831,1072,15020,
243.87097982208442,83080,830,1073,15020,
243.88182383084035,83080,830,1072,15021,
243.8831936979267,83080,829,1073,15021,
243.88331011347682,83080,829,1072,15022,
243.8855660577471,83079,830,1072,15022,
243.88746207128148,83079,830,1071,15023,
243.88751497685232,83079,829,1072,15023,
243.8905790595567,83079,828,1073,15023,
243.89293616937894,83079,827,1074,15023,
243.8939681023391,83079,826,1075,15023,
243.89781008068707,83078,827,1075,15023,
243.90178713789038,83078,826,1076,15023,
243.90748191031685,83077,827,1076,15023,
243.90949669717358,83076,828,1076,15023,
243.9129077092454,83076,828,1075,15024,
243.9140895198596,83076,827,1076,15024,
243.91737100406144,83076,826,1077,15024,
243.9177556540886,83076,825,1078,15024,
243.91984802869771,83076,824,1079,15024,
243.9200199674421,83075,825,1079,15024,
243.92012823995307,83075,824,1080,15024,
243.92141202987312,83075,824,1079,15025,
243.9216239474173,83075,824,1078,15026,
243.92302378362098,83075,823,1079,15026,
243.9235694831281,83075,822,1080,15026,
243.92515866629853,83075,822,1079,15027,
243.92697343913525,83074,823,1079,15027,
243.928629342351,83073,824,1079,15027,
243.92905826813086,83073,824,1078,15028,
243.93979837492728,83073,823,1079,15028,
243.9401777768207,83073,822,1080,15028,
243.94126245244888,83073,821,1081,15028,
243.9459234945718,83072,822,1081,15028,
243.94662880638603,83071,823,1081,15028,
243.94710122206803,83071,823,1080,15029,
243.9514860518804,83071,823,1079,15030,
243.9545454376456,83071,822,1080,15030,
243.95495337392077,83071,821,1081,15030,
243.95528078040564,83071,820,1082,15030,
243.9573972965549,83070,821,1082,15030,
243.96337347989447,83070,820,1083,15030,
243.96630727638168,83069,821,1083,15030,
243.96751846637937,83068,822,1083,15030,
243.9694342043786,83068,822,1082,15031,
243.97064321618865,83068,821,1083,15031,
243.97254233094768,83068,820,1084,15031,
243.97490299609797,83067,821,1084,15031,
243.97720217199242,83066,822,1084,15031,
243.97782031016598,83065,823,1084,15031,
243.98052637061105,83064,824,1084,15031,
243.98476672872226,83063,825,1084,15031,
243.98707073589992,83063,825,1083,15032,
243.9888640490303,83063,824,1084,15032,
243.99188458021996,83063,823,1085,15032,
243.99290981820997,83063,822,1086,15032,
243.99323510297359,83062,823,1086,15032,
243.99983256376964,83062,823,1085,15033,
244.0015080425998,83062,823,1084,15034,
244.00282407437362,83062,823,1083,15035,
244.00343322913542,83062,823,1082,15036,
244.00403356622022,83062,822,1083,15036,
244.00457295889368,83061,823,1083,15036,
244.00503777772622,83061,822,1084,15036,
244.00796840398948,83061,821,1085,15036,
244.00888029516412,83060,822,1085,15036,
244.01199773327983,83059,823,1085,15036,
244.01249273859128,83059,822,1086,15036,
244.0135504623603,83059,822,1085,15037,
244.01658266106037,83059,822,1084,15038,
244.0183013163624,83058,823,1084,15038,
244.01832273923384,83057,824,1084,15038,
244.0200736355889,83057,824,1083,15039,
244.022479271008,83056,825,1083,15039,
244.0253224920077,83056,824,1084,15039,
244.02565283326445,83056,824,1083,15040,
244.02739054169308,83055,825,1083,15040,
244.02947602809357,83055,825,1082,15041,
244.03191945314194,83055,825,1081,15042,
244.03379776117748,83055,825,1080,15043,
244.035620934592,83055,824,1081,15043,
244.03767188262626,83055,823,1082,15043,
244.03863641491424,83055,822,1083,15043,
244.0478334904948,83055,822,1082,15044,
244.04860706427095,83055,821,1083,15044,
244.0492510770057,83054,822,1083,15044,
244.04943909734814,83054,822,1082,15045,
244.0517816599252,83054,822,1081,15046,
244.05478716761277,83053,823,1081,15046,
244.05480821801865,83053,823,1080,15047,
244.05651045007124,83052,824,1080,15047,
244.05786687026227,83052,824,1079,15048,
244.05866751972945,83051,825,1079,15048,
244.06208119731747,83051,825,1078,15049,
244.0626515986912,83050,826,1078,15049,
244.0642951670193,83049,827,1078,15049,
244.06618367237482,83048,828,1078,15049,
244.06623772689883,83048,828,1077,15050,
244.06952592147,83048,827,1078,15050,
244.07115188300693,83048,826,1079,15050,
244.0712487570627,83047,827,1079,15050,
244.07146455163803,83047,826,1080,15050,
244.0727110757898,83047,825,1081,15050,
244.07323207340426,83047,825,1080,15051,
244.07572266031252,83047,824,1081,15051,
244.07699563716304,83047,823,1082,15051,
244.07836792367868,83046,824,1082,15051,
244.0819565725111,83046,823,1083,15051,
244.08322218643278,83046,822,1084,15051,
244.09084762193368,83045,823,1084,15051,
244.09154772034415,83044,824,1084,15051,
244.0932947232996,83044,823,1085,15051,
244.09414686561166,83044,822,1086,15051,
244.09494324132143,83043,823,1086,15051,
244.1023236454259,83043,823,1085,15052,
244.10294754035937,83043,823,1084,15053,
244.1075129231784,83043,823,1083,15054,
244.1090095578436,83043,823,1082,15055,
244.10951604470586,83043,823,1081,15056,
244.1132735414416,83042,824,1081,15056,
244.11394536866644,83041,825,1081,15056,
244.11766650973144,83041,824,1082,15056,
244.11804345305475,83041,824,1081,15057,
244.12093686759889,83040,825,1081,15057,
244.12118742169275,83040,824,1082,15057,
244.1213190422497,83039,825,1082,15057,
244.12194410249253,83039,824,1083,15057,
244.12665017440588,83038,825,1083,15057,
244.12690272856918,83038,824,1084,15057,
244.13094864066088,83037,825,1084,15057,
244.13124247775283,83036,826,1084,15057,
244.13161621581455,83036,825,1085,15057,
244.1325528690942,83036,824,1086,15057,
244.13324695381908,83035,825,1086,15057,
244.1369825163502,83035,825,1085,15058,
244.13804227654245,83035,824,1086,15058,
244.14587345599165,83034,825,1086,15058,
244.14771666121362,83034,825,1085,15059,
244.1499471862558,83033,826,1085,15059,
244.15425528841223,83033,825,1086,15059,
244.1584969413282,83033,824,1087,15059,
244.16080494751475,83033,823,1088,15059,
244.1670182768643,83033,823,1087,15060,
244.16731027325181,83033,822,1088,15060,
244.16863393587204,83033,821,1089,15060,
244.16985843707732,83033,820,1090,15060,
244.17212982892093,83032,821,1090,15060,
244.1721649848826,83031,822,1090,15060,
244.17605832703921,83031,821,1091,15060,
244.1771030583605,83030,822,1091,15060,
244.1807250603109,83030,821,1092,15060,
244.180974814432,83030,820,1093,15060,
244.18469847112584,83029,821,1093,15060,
244.18888639410108,83028,822,1093,15060,
244.19028825028064,83028,822,1092,15061,
244.19096799530695,83028,821,1093,15061,
244.1910215303014,83028,820,1094,15061,
244.1943503056819,83027,821,1094,15061,
244.19884745441718,83027,821,1093,15062,
244.2006411093456,83026,822,1093,15062,
244.20322160099926,83026,821,1094,15062,
244.20360894141788,83026,821,1093,15063,
244.20591624966488,83026,821,1092,15064,
244.2107380159673,83025,822,1092,15064,
244.210940707291,83025,821,1093,15064,
244.212028197117,83025,820,1094,15064,
244.21238723081703,83025,820,1093,15065,
244.21330281210416,83024,821,1093,15065,
244.21512000815574,83024,820,1094,15065,
244.21525839837173,83023,821,1094,15065,
244.21571586210698,83022,822,1094,15065,
244.21686843049272,83022,821,1095,15065,
244.22110060567786,83021,822,1095,15065,
244.22265916875347,83021,821,1096,15065,
244.2248449970132,83020,822,1096,15065,
244.2251771347856,83020,822,1095,15066,
244.22963294576226,83019,823,1095,15066,
244.23073786122131,83019,822,1096,15066,
244.23212675515833,83019,822,1095,15067,
244.23240670007726,83019,821,1096,15067,
244.23300094012444,83018,822,1096,15067,
244.2332438291051,83018,822,1095,15068,
244.2341352509601,83017,823,1095,15068,
244.23576916284082,83016,824,1095,15068,
244.24328288103433,83016,824,1094,15069,
244.24371940263018,83015,825,1094,15069,
244.24450881084172,83015,825,1093,15070,
244.2450211525532,83015,824,1094,15070,
244.24616170810214,83015,823,1095,15070,
244.24936798407117,83014,824,1095,15070,
244.25182183572454,83014,823,1096,15070,
244.25477912843428,83014,823,1095,15071,
244.25479794958792,83014,822,1096,15071,
244.25563186365483,83014,822,1095,15072,
244.25600544016396,83014,822,1094,15073,
244.25634658168357,83014,821,1095,15073,
244.25932673609915,83014,820,1096,15073,
244.2608243844745,83013,821,1096,15073,
244.2610090834635,83013,821,1095,15074,
244.2621402415203,83013,821,1094,15075,
244.26233617022132,83013,820,1095,15075,
244.26398693407504,83013,820,1094,15076,
244.26748478837627,83012,821,1094,15076,
244.26891925135743,83012,820,1095,15076,
244.27156047055186,83012,820,1094,15077,
244.27178040128007,83011,821,1094,15077,
244.27263345187993,83010,822,1094,15077,
244.2728976519817,83009,823,1094,15077,
244.27435959060676,83008,824,1094,15077,
244.28192900919032,83008,823,1095,15077,
244.28436254805504,83008,823,1094,15078,
244.28845112347656,83007,824,1094,15078,
244.28877515736338,83007,823,1095,15078,
244.29134262058088,83007,822,1096,15078,
244.29286904761108,83007,822,1095,15079,
244.293239655592,83007,821,1096,15079,
244.2976012581204,83006,822,1096,15079,
244.29979046896725,83006,821,1097,15079,
244.3000512720515,83005,822,1097,15079,
244.3005443906993,83004,823,1097,15079,
244.30130038948354,83003,824,1097,15079,
244.30167628417257,83002,825,1097,15079,
244.3021880187815,83001,826,1097,15079,
244.30221041797765,83000,827,1097,15079,
244.30537915666832,83000,826,1098,15079,
244.3053803853771,83000,826,1097,15080,
244.3063996336508,83000,825,1098,15080,
244.3066516159398,83000,825,1097,15081,
244.3073209923363,83000,824,1098,15081,
244.3076366013869,83000,824,1097,15082,
244.31034087767742,83000,824,1096,15083,
244.31130624080805,83000,823,1097,15083,
244.3121920759067,83000,822,1098,15083,
244.3164790906868,83000,822,1097,15084,
244.31743516838318,83000,822,1096,15085,
244.31925748606002,83000,821,1097,15085,
244.32107657164235,83000,820,1098,15085,
244.3211508548321,83000,819,1099,15085,
244.3270755293522,83000,818,1100,15085,
244.33139433622625,83000,818,1099,15086,
244.33185571015113,83000,818,1098,15087,
244.33415786185546,82999,819,1098,15087,
244.34731518992174,82999,818,1099,15087,
244.3479441343503,82999,817,1100,15087,
244.35015078362986,82999,816,1101,15087,
244.351163988004,82998,817,1101,15087,
244.36401184907572,82998,817,1100,15088,
244.364982905659,82998,817,1099,15089,
244.36675937978634,82998,817,1098,15090,
244.36881275037504,82998,817,1097,15091,
244.36940400446358,82998,816,1098,15091,
244.3731435531234,82997,817,1098,15091,
244.37425924017256,82997,816,1099,15091,
244.37565680824423,82997,816,1098,15092,
244.37998541430824,82997,816,1097,15093,
244.38105788702717,82996,817,1097,15093,
244.38239699520508,82995,818,1097,15093,
244.38259926558905,82995,818,1096,15094,
244.38274791571135,82994,819,1096,15094,
244.38590538235482,82994,818,1097,15094,
244.38628489984603,82994,817,1098,15094,
244.38888316284263,82994,816,1099,15094,
244.39007856457522,82993,817,1099,15094,
244.39166562324854,82993,816,1100,15094,
244.3916852868286,82993,816,1099,15095,
244.39504005734662,82993,815,1100,15095,
244.39563617782343,82993,814,1101,15095,
244.39920889201963,82992,815,1101,15095,
244.40310849883105,82991,816,1101,15095,
244.405149654627,82991,816,1100,15096,
244.40837682104774,82991,816,1099,15097,
244.4084538468312,82990,817,1099,15097,
244.4097214498193,82990,817,1098,15098,
244.41507216530763,82989,818,1098,15098,
244.41637260110062,82989,817,1099,15098,
244.41782576002282,82989,817,1098,15099,
244.41807400337296,82988,818,1098,15099,
244.421547815481,82988,817,1099,15099,
244.42542144748137,82987,818,1099,15099,
244.4268186277984,82986,819,1099,15099,
244.43399052142036,82986,819,1098,15100,
244.4343768109522,82986,818,1099,15100,
244.43634967615404,82986,817,1100,15100,
244.43839162630786,82986,817,1099,15101,
244.44401608852112,82986,816,1100,15101,
244.4453835949521,82985,817,1100,15101,
244.4461491811792,82985,816,1101,15101,
244.44735736434137,82984,817,1101,15101,
244.44835698692725,82983,818,1101,15101,
244.44921928740487,82982,819,1101,15101,
244.45009527297998,82982,818,1102,15101,
244.45094894419748,82982,817,1103,15101,
244.4512817659582,82982,816,1104,15101,
244.4516450334132,82982,815,1105,15101,
244.4567504522483,82981,816,1105,15101,
244.45758520308607,82981,815,1106,15101,
244.45804582248792,82980,816,1106,15101,
244.45858044177848,82979,817,1106,15101,
244.46084856962705,82978,818,1106,15101,
244.4615792150361,82977,819,1106,15101,
244.46323843138546,82977,819,1105,15102,
244.46353733751224,82976,820,1105,15102,
244.4679283100787,82976,820,1104,15103,
244.47274799093987,82976,820,1103,15104,
244.47574168422202,82976,819,1104,15104,
244.47664119601626,82976,818,1105,15104,
244.47756903122783,82976,818,1104,15105,
244.48119780314562,82975,819,1104,15105,
244.48210284977134,82975,819,1103,15106,
244.48272657165245,82975,819,1102,15107,
244.48333396282786,82975,818,1103,15107,
244.4834712656997,82975,817,1104,15107,
244.48596790645908,82975,816,1105,15107,
244.48645041534732,82974,817,1105,15107,
244.49301563864444,82974,817,1104,15108,
244.4958159529657,82974,817,1103,15109,
244.4969863762284,82973,818,1103,15109,
244.50019546841997,82973,817,1104,15109,
244.50040619663807,82972,818,1104,15109,
244.5015842196647,82972,817,1105,15109,
244.50311355294113,82971,818,1105,15109,
244.50537873954516,82970,819,1105,15109,
244.5064988526443,82970,819,1104,15110,
244.50736199180713,82970,819,1103,15111,
244.50786585604266,82970,818,1104,15111,
244.51036639027862,82969,819,1104,15111,
244.5114787464397,82969,818,1105,15111,
244.51282148494903,82969,817,1106,15111,
244.5163473399486,82968,818,1106,15111,
244.51682847758588,82968,818,1105,15112,
244.517589787649,82968,817,1106,15112,
244.5194037467908,82968,816,1107,15112,
244.52298785673764,82968,816,1106,15113,
244.5243565737827,82967,817,1106,15113,
244.5252300480468,82967,816,1107,15113,
244.52856752767954,82967,816,1106,15114,
244.53300490450704,82967,815,1107,15114,
244.53727849785002,82967,815,1106,15115,
244.53772432550213,82966,816,1106,15115,
244.54417677862955,82965,817,1106,15115,
244.54448938712778,82965,817,1105,15116,
244.54623070897506,82964,818,1105,15116,
244.54635480477305,82964,818,1104,15117,
244.54691830305242,82964,817,1105,15117,
244.54867266000593,82963,818,1105,15117,
244.5531497787934,82963,817,1106,15117,
244.55569026934683,82962,818,1106,15117,
244.55654552145964,82961,819,1106,15117,
244.55654735562254,82961,818,1107,15117,
244.55665891834272,82961,818,1106,15118,
244.55828310282212,82961,818,1105,15119,
244.5584102473935,82960,819,1105,15119,
244.56056273965464,82959,820,1105,15119,
244.56114703387698,82959,819,1106,15119,
244.56311110953706,82958,820,1106,15119,
244.56403385425776,82958,819,1107,15119,
244.5645769557096,82957,820,1107,15119,
244.56643107084307,82957,819,1108,15119,
244.5678546134149,82957,818,1109,15119,
244.56970052208447,82956,819,1109,15119,
244.5729696605184,82955,820,1109,15119,
244.57650627878934,82955,819,1110,15119,
244.57654681848416,82955,818,1111,15119,
244.5781852896967,82954,819,1111,15119,
244.58000110283731,82954,819,1110,15120,
244.58020121073042,82953,820,1110,15120,
244.5864211375302,82953,820,1109,15121,
244.58721188095842,82952,821,1109,15121,
244.58943324013705,82952,821,1108,15122,
244.59673253591848,82952,821,1107,15123,
244.60098724511343,82952,820,1108,15123,
244.60159111203455,82951,821,1108,15123,
244.6041518848603,82951,820,1109,15123,
244.60654449966015,82950,821,1109,15123,
244.61097441187695,82949,822,1109,15123,
244.61321555024207,82949,821,1110,15123,
244.61389529668762,82948,822,1110,15123,
244.61708263785562,82948,822,1109,15124,
244.62145971370018,82948,821,1110,15124,
244.62615923464406,82948,820,1111,15124,
244.63011224168463,82948,819,1112,15124,
244.6326332500905,82947,820,1112,15124,
244.63381716957693,82947,819,1113,15124,
244.63499914781625,82947,819,1112,15125,
244.6354145250012,82947,818,1113,15125,
244.64178330837717,82946,819,1113,15125,
244.64207363817644,82946,818,1114,15125,
244.6426277983917,82946,818,1113,15126,
244.64854449382455,82945,819,1113,15126,
244.65079029209008,82944,820,1113,15126,
244.65693442701277,82944,819,1114,15126,
244.65733692175615,82944,818,1115,15126,
244.6573502605005,82943,819,1115,15126,
244.65862050686752,82943,818,1116,15126,
244.66032510418793,82942,819,1116,15126,
244.6623294717951,82942,819,1115,15127,
244.66379281533756,82942,819,1114,15128,
244.66477525032292,82942,819,1113,15129,
244.66801927260883,82941,820,1113,15129,
244.67146443960036,82941,820,1112,15130,
244.67229659413758,82940,821,1112,15130,
244.67457417422727,82939,822,1112,15130,
244.67474375549205,82939,821,1113,15130,
244.67650420524137,82939,820,1114,15130,
244.68060689725579,82939,820,1113,15131,
244.68078468158032,82939,820,1112,15132,
244.68709025988355,82939,820,1111,15133,
244.6918631829829,82939,820,1110,15134,
244.69348706471854,82938,821,1110,15134,
244.69523731450332,82937,822,1110,15134,
244.6959802873247,82937,822,1109,15135,
244.69756412315945,82937,822,1108,15136,
244.69894395238805,82937,821,1109,15136,
244.69900175253454,82937,820,1110,15136,
244.70352859226293,82936,821,1110,15136,
244.7058648516219,82936,821,1109,15137,
244.70782885170786,82936,820,1110,15137,
244.70875073825445,82936,820,1109,15138,
244.71013522362097,82936,819,1110,15138,
244.71814561799602,82936,818,1111,15138,
244.72270296474625,82935,819,1111,15138,
244.72313095893784,82934,820,1111,15138,
244.72395497560578,82934,819,1112,15138,
244.72790159459842,82933,820,1112,15138,
244.72834990734148,82933,820,1111,15139,
244.73026983153616,82933,820,1110,15140,
244.73132892767407,82932,821,1110,15140,
244.7327594201164,82931,822,1110,15140,
244.73498802600668,82931,822,1109,15141,
244.73985339825904,82931,821,1110,15141,
244.74278680022502,82931,821,1109,15142,
244.74319456626606,82931,821,1108,15143,
244.7464883468309,82931,820,1109,15143,
244.74696677667933,82931,819,1110,15143,
244.74735637715418,82931,819,1109,15144,
244.74842322386755,82930,820,1109,15144,
244.75187933158213,82930,819,1110,15144,
244.75395516653296,82930,818,1111,15144,
244.75501442034346,82930,818,1110,15145,
244.7574984200837,82929,819,1110,15145,
244.7580422427813,82929,818,1111,15145,
244.76218142922045,82928,819,1111,15145,
244.76652350760548,82927,820,1111,15145,
244.76794613290855,82927,819,1112,15145,
244.76834602758018,82926,820,1112,15145,
244.7791823363088,82925,821,1112,15145,
244.78028779037766,82924,822,1112,15145,
244.78068638766274,82923,823,1112,15145,
244.78177454356322,82923,823,1111,15146,
244.78219541243422,82922,824,1111,15146,
244.78228771270042,82922,823,1112,15146,
244.78484542583354,82922,823,1111,15147,
244.78739554484358,82922,822,1112,15147,
244.78870875493593,82921,823,1112,15147,
244.78896972868355,82920,824,1112,15147,
244.79233397031462,82920,823,1113,15147,
244.79244792995584,82920,823,1112,15148,
244.7945234698657,82919,824,1112,15148,
244.7954397837886,82918,825,1112,15148,
244.7976054014623,82918,825,1111,15149,
244.80386121929854,82918,825,1110,15150,
244.80537553258497,82918,824,1111,15150,
244.81185534655987,82917,825,1111,15150,
244.81322944149903,82916,826,1111,15150,
244.8197420726373,82916,825,1112,15150,
244.8233416328008,82916,825,1111,15151,
244.8276925834832,82916,824,1112,15151,
244.8294912842551,82916,823,1113,15151,
244.82976433804467,82916,822,1114,15151,
244.83122652489064,82916,821,1115,15151,
244.83185388179496,82916,820,1116,15151,
244.83395578323658,82916,820,1115,15152,
244.83534956061405,82915,821,1115,15152,
244.83878213062414,82915,821,1114,15153,
244.83893722077318,82915,820,1115,15153,
244.83955033405616,82914,821,1115,15153,
244.84464974772743,82914,820,1116,15153,
244.84699856352626,82913,821,1116,15153,
244.8476045648962,82912,822,1116,15153,
244.84933193358873,82912,822,1115,15154,
244.85268932755383,82912,821,1116,15154,
244.85618517743453,82912,821,1115,15155,
244.86012648737457,82912,821,1114,15156,
244.86083947151428,82912,821,1113,15157,
244.86333199965293,82912,820,1114,15157,
244.86579932920608,82912,819,1115,15157,
244.86597154705734,82912,819,1114,15158,
244.86611888330026,82911,820,1114,15158,
244.87604366242056,82911,820,1113,15159,
244.8783462613601,82911,819,1114,15159,
244.87923579290435,82911,818,1115,15159,
244.88264601491568,82911,817,1116,15159,
244.8837835406487,82911,817,1115,15160,
244.88769499597734,82911,817,1114,15161,
244.88796956501628,82910,818,1114,15161,
244.8906775614519,82909,819,1114,15161,
244.89087323872724,82908,820,1114,15161,
244.89123871369634,82907,821,1114,15161,
244.89522431472264,82907,821,1113,15162,
244.89575211682632,82907,821,1112,15163,
244.89827626646007,82906,822,1112,15163,
244.90127393258868,82906,822,1111,15164,
244.90310203129977,82906,822,1110,15165,
244.90730105462978,82905,823,1110,15165,
244.90806906991241,82904,824,1110,15165,
244.90855257270724,82903,825,1110,15165,
244.90996746288604,82902,826,1110,15165,
244.91492236232978,82902,826,1109,15166,
244.9179998257955,82902,826,1108,15167,
244.91937450507368,82901,827,1108,15167,
244.92277405396038,82901,827,1107,15168,
244.92320589238966,82900,828,1107,15168,
244.92529344211206,82899,829,1107,15168,
244.92593769322548,82898,830,1107,15168,
244.931442164361,82898,830,1106,15169,
244.9345426068096,82898,829,1107,15169,
244.93551524846265,82898,828,1108,15169,
244.93560696997508,82898,828,1107,15170,
244.93567037250483,82898,828,1106,15171,
244.93938481466125,82897,829,1106,15171,
244.94005198440374,82897,828,1107,15171,
244.94022370462346,82896,829,1107,15171,
244.94237239970397,82896,829,1106,15172,
244.95014372834305,82896,828,1107,15172,
244.95143460092206,82896,828,1106,15173,
244.95298648433987,82896,827,1107,15173,
244.9532254365758,82895,828,1107,15173,
244.95865340910882,82894,829,1107,15173,
244.9589578108217,82894,828,1108,15173,
244.96059930492137,82894,827,1109,15173,
244.9640670800578,82894,826,1110,15173,
244.966414087792,82894,826,1109,15174,
244.96769151694892,82894,825,1110,15174,
244.97037101169084,82894,824,1111,15174,
244.97162565078636,82894,824,1110,15175,
244.9734636522982,82893,825,1110,15175,
244.97395596879673,82892,826,1110,15175,
244.97411209913815,82892,825,1111,15175,
244.97422367419435,82892,825,1110,15176,
244.9798953093453,82891,826,1110,15176,
244.98068303090616,82890,827,1110,15176,
244.9832284885936,82890,827,1109,15177,
244.98496624137442,82889,828,1109,15177,
244.98734303604206,82888,829,1109,15177,
244.9892935543324,82887,830,1109,15177,
244.98981099499613,82887,829,1110,15177,
244.99188625546526,82887,828,1111,15177,
244.99323459395157,82887,828,1110,15178,
244.9938848738074,82887,827,1111,15178,
244.9965688270478,82887,826,1112,15178,
244.99899139139032,82887,825,1113,15178,
245.0007917710786,82887,825,1112,15179,
245.00574401443106,82887,825,1111,15180,
245.00736549567847,82886,826,1111,15180,
245.00932410469414,82886,825,1112,15180,
245.01169735971052,82885,826,1112,15180,
245.01542067071824,82884,827,1112,15180,
245.0163421368666,82884,826,1113,15180,
245.01667864708548,82883,827,1113,15180,
245.02119078943392,82882,828,1113,15180,
245.02451608107285,82882,828,1112,15181,
245.02607162482775,82882,828,1111,15182,
245.03310403289456,82882,827,1112,15182,
245.03465245975607,82881,828,1112,15182,
245.03541899584968,82881,827,1113,15182,
245.03659286580736,82880,828,1113,15182,
245.037524907101,82879,829,1113,15182,
245.03788816130407,82879,828,1114,15182,
245.03937774661966,82879,828,1113,15183,
245.0410729548349,82878,829,1113,15183,
245.04283970609478,82878,828,1114,15183,
245.04287107995432,82877,829,1114,15183,
245.0428881412978,82877,828,1115,15183,
245.04591047347606,82876,829,1115,15183,
245.05137334200802,82876,829,1114,15184,
245.05201827996822,82875,830,1114,15184,
245.05429371777535,82875,830,1113,15185,
245.0550315546423,82875,829,1114,15185,
245.05842467534066,82875,828,1115,15185,
245.0594116172067,82875,827,1116,15185,
245.06373012086374,82874,828,1116,15185,
245.06830494214935,82874,827,1117,15185,
245.07041696327613,82874,826,1118,15185,
245.07914400879142,82873,827,1118,15185,
245.0826242187378,82872,828,1118,15185,
245.08970469292743,82872,827,1119,15185,
245.09246059950814,82872,827,1118,15186,
245.09286646478228,82872,827,1117,15187,
245.09356830261672,82871,828,1117,15187,
245.09575468740528,82871,828,1116,15188,
245.09738774288337,82870,829,1116,15188,
245.1017295522751,82870,829,1115,15189,
245.10255938442714,82870,829,1114,15190,
245.106591130273,82869,830,1114,15190,
245.10750182585522,82868,831,1114,15190,
245.11211748832514,82868,831,1113,15191,
245.11466643874445,82867,832,1113,15191,
245.11754487276292,82867,831,1114,15191,
245.11801064058497,82866,832,1114,15191,
245.12004285330804,82865,833,1114,15191,
245.12080450260865,82864,834,1114,15191,
245.12316380175355,82864,833,1115,15191,
245.13353316361466,82863,834,1115,15191,
245.13589211790935,82863,833,1116,15191,
245.13742135665984,82863,833,1115,15192,
245.1399232799722,82863,833,1114,15193,
245.14895503966616,82863,832,1115,15193,
245.15059244030027,82863,832,1114,15194,
245.1545518777158,82863,832,1113,15195,
245.15728035504466,82862,833,1113,15195,
245.15762631681915,82862,832,1114,15195,
245.16145006466024,82862,832,1113,15196,
245.16686726922046,82862,832,1112,15197,
245.16920436922496,82862,831,1113,15197,
245.17122121697128,82862,830,1114,15197,
245.1715659198657,82862,829,1115,15197,
245.17472041577162,82861,830,1115,15197,
245.17902231125197,82861,829,1116,15197,
245.17917975268816,82861,828,1117,15197,
245.1792914308934,82860,829,1117,15197,
245.1805334896219,82860,828,1118,15197,
245.180898432166,82860,827,1119,15197,
245.18211988953234,82860,826,1120,15197,
245.18222813497528,82859,827,1120,15197,
245.18242418005843,82858,828,1120,15197,
245.1852619038701,82858,828,1119,15198,
245.18555243674234,82858,828,1118,15199,
245.18597521821485,82858,828,1117,15200,
245.1867181006742,82857,829,1117,15200,
245.1945346218228,82857,828,1118,15200,
245.19660748429953,82856,829,1118,15200,
245.19672403724906,82855,830,1118,15200,
245.1985558209238,82854,831,1118,15200,
245.20196851336408,82854,831,1117,15201,
245.20519557580604,82854,831,1116,15202,
245.20618167343036,82853,832,1116,15202,
245.20779539388047,82853,832,1115,15203,
245.21437546711175,82853,831,1116,15203,
245.21670550442457,82852,832,1116,15203,
245.2187625474988,82852,832,1115,15204,
245.22378203825954,82852,832,1114,15205,
245.22558405899647,82852,832,1113,15206,
245.22594457228382,82851,833,1113,15206,
245.22645757842136,82850,834,1113,15206,
245.22705940565913,82850,833,1114,15206,
245.22749126399208,82850,832,1115,15206,
245.2279923039154,82850,832,1114,15207,
245.22846170198295,82850,831,1115,15207,
245.230470729442,82849,832,1115,15207,
245.2304824644522,82849,832,1114,15208,
245.23246400299328,82848,833,1114,15208,
245.23621569779934,82848,832,1115,15208,
245.23826975346697,82848,832,1114,15209,
245.24201665442877,82847,833,1114,15209,
245.24309821642657,82846,834,1114,15209,
245.25004269927436,82845,835,1114,15209,
245.2500827453135,82844,836,1114,15209,
245.2510801226103,82843,837,1114,15209,
245.2516317138335,82842,838,1114,15209,
245.25840177783408,82841,839,1114,15209,
245.2611909283421,82841,838,1115,15209,
245.26409863215562,82841,837,1116,15209,
245.2646769531344,82841,836,1117,15209,
245.26703962648276,82841,836,1116,15210,
245.27028560808665,82840,837,1116,15210,
245.27458423299404,82839,838,1116,15210,
245.27492800379025,82838,839,1116,15210,
245.27620106204904,82838,838,1117,15210,
245.27639614026674,82837,839,1117,15210,
245.27730609828038,82836,840,1117,15210,
245.28276679946217,82835,841,1117,15210,
245.2829121717958,82835,841,1116,15211,
245.28302430912407,82835,841,1115,15212,
245.28668648684817,82834,842,1115,15212,
245.29091554372576,82834,842,1114,15213,
245.29444822886225,82833,843,1114,15213,
245.29473830620023,82832,844,1114,15213,
245.2956072452461,82832,844,1113,15214,
245.29706935195605,82832,844,1112,15215,
245.29924176666958,82832,843,1113,15215,
245.30175587208797,82832,843,1112,15216,
245.3033470412772,82831,844,1112,15216,
245.30418184733227,82830,845,1112,15216,
245.30866473556844,82830,844,1113,15216,
245.31147608817489,82830,844,1112,15217,
245.31169447337484,82830,844,1111,15218,
245.31204023142385,82829,845,1111,15218,
245.3149448569036,82828,846,1111,15218,
245.31663384288407,82827,847,1111,15218,
245.31898415419292,82826,848,1111,15218,
245.32131037521756,82826,848,1110,15219,
245.3233340180851,82825,849,1110,15219,
245.32498462688199,82825,848,1111,15219,
245.32734886530332,82825,847,1112,15219,
245.32910172821636,82824,848,1112,15219,
245.33001923200064,82824,848,1111,15220,
245.33171781173294,82823,849,1111,15220,
245.33317466789657,82823,848,1112,15220,
245.33595461577775,82823,847,1113,15220,
245.33991720650408,82822,848,1113,15220,
245.34373215061274,82822,847,1114,15220,
245.34678501359508,82821,848,1114,15220,
245.34979148397093,82821,847,1115,15220,
245.35120325426635,82820,848,1115,15220,
245.352036148555,82820,847,1116,15220,
245.35315892491812,82820,846,1117,15220,
245.35446191045133,82820,846,1116,15221,
245.35711899833177,82820,846,1115,15222,
245.3581152074285,82819,847,1115,15222,
245.358454050932,82819,847,1114,15223,
245.36235596390569,82819,846,1115,15223,
245.3645708608664,82818,847,1115,15223,
245.3675684718006,82818,846,1116,15223,
245.36794372685316,82818,845,1117,15223,
245.36796782090792,82818,844,1118,15223,
245.3726019143648,82818,843,1119,15223,
245.37658992424534,82817,844,1119,15223,
245.37717899680567,82817,843,1120,15223,
245.37856647674417,82816,844,1120,15223,
245.37953687516952,82815,845,1120,15223,
245.38043790908415,82814,846,1120,15223,
245.38135916888515,82813,847,1120,15223,
245.38529443439975,82813,846,1121,15223,
245.38796036109798,82813,846,1120,15224,
245.39206183205607,82813,846,1119,15225,
245.39340936613658,82813,845,1120,15225,
245.3935573805135,82812,846,1120,15225,
245.3940717765903,82812,845,1121,15225,
245.39764781659665,82812,844,1122,15225,
245.39819106090636,82811,845,1122,15225,
245.39985248481042,82811,844,1123,15225,
245.40161398711504,82811,843,1124,15225,
245.40469015378244,82810,844,1124,15225,
245.4064648112077,82809,845,1124,15225,
245.40962974608965,82809,845,1123,15226,
245.40997802167212,82808,846,1123,15226,
245.41157977167188,82807,847,1123,15226,
245.41493967967358,82807,846,1124,15226,
245.4152097323135,82807,846,1123,15227,
245.41656001760614,82806,847,1123,15227,
245.4179768169,82806,847,1122,15228,
245.41919199855283,82805,848,1122,15228,
245.4222726441885,82804,849,1122,15228,
245.43025066332874,82803,850,1122,15228,
245.43059846089,82803,849,1123,15228,
245.43217019422812,82803,848,1124,15228,
245.43244447145815,82802,849,1124,15228,
245.43304595307927,82802,848,1125,15228,
245.433210847987,82802,848,1124,15229,
245.43974408139167,82802,847,1125,15229,
245.44449229413945,82802,846,1126,15229,
245.4456665149958,82802,846,1125,15230,
245.44598695650075,82802,845,1126,15230,
245.44785988668625,82802,845,1125,15231,
245.4497103080295,82802,845,1124,15232,
245.44972370064443,82801,846,1124,15232,
245.4501547015865,82801,845,1125,15232,
245.45132659988857,82800,846,1125,15232,
245.4513389892843,82799,847,1125,15232,
245.45216709558954,82799,847,1124,15233,
245.45326199178422,82799,846,1125,15233,
245.45473118798273,82799,845,1126,15233,
245.45624173977166,82799,845,1125,15234,
245.45631307598066,82798,846,1125,15234,
245.4569265244197,82798,845,1126,15234,
245.4583505281877,82798,844,1127,15234,
245.46306263437822,82798,844,1126,15235,
245.4638011928332,82797,845,1126,15235,
245.4643806755585,82796,846,1126,15235,
245.46459327325084,82795,847,1126,15235,
245.46783984653044,82795,846,1127,15235,
245.4680099423325,82794,847,1127,15235,
245.4727168305659,82793,848,1127,15235,
245.47833261748085,82793,847,1128,15235,
245.48074725791213,82792,848,1128,15235,
245.48237825198353,82792,847,1129,15235,
245.4842724353041,82792,846,1130,15235,
245.48767436201877,82791,847,1130,15235,
245.49038447874287,82791,846,1131,15235,
245.4916824800813,82791,846,1130,15236,
245.49174469064565,82791,846,1129,15237,
245.49174856876513,82790,847,1129,15237,
245.49399809365096,82790,846,1130,15237,
245.49407144028882,82790,845,1131,15237,
245.49449079191507,82790,844,1132,15237,
245.49587944538948,82790,844,1131,15238,
245.49703173286133,82789,845,1131,15238,
245.4978193612045,82789,844,1132,15238,
245.499271566387,82789,843,1133,15238,
245.5034733593381,82789,843,1132,15239,
245.50373342597388,82789,843,1131,15240,
245.50605192575708,82788,844,1131,15240,
245.50905320004375,82787,845,1131,15240,
245.50976757561673,82787,844,1132,15240,
245.51280137865248,82786,845,1132,15240,
245.51501708829625,82785,846,1132,15240,
245.51615946535088,82785,846,1131,15241,
245.51690181513533,82784,847,1131,15241,
245.51787979205966,82783,848,1131,15241,
245.519489178645,82783,847,1132,15241,
245.52152221032574,82783,846,1133,15241,
245.52177099962302,82783,846,1132,15242,
245.52377027812216,82782,847,1132,15242,
245.52404844435264,82782,846,1133,15242,
245.52459361103956,82782,845,1134,15242,
245.52469438068553,82782,845,1133,15243,
245.52825836374456,82782,844,1134,15243,
245.52987110533957,82781,845,1134,15243,
245.53340297609387,82780,846,1134,15243,
245.53525740022454,82780,846,1133,15244,
245.53968630308208,82779,847,1133,15244,
245.54263288183304,82779,847,1132,15245,
245.54626303976355,82779,846,1133,15245,
245.5479777785302,82778,847,1133,15245,
245.54872283922822,82777,848,1133,15245,
245.55189816900952,82776,849,1133,15245,
245.55436307699753,82776,848,1134,15245,
245.5550179347363,82776,848,1133,15246,
245.55675271643236,82776,847,1134,15246,
245.5569399097587,82775,848,1134,15246,
245.5573093582327,82775,847,1135,15246,
245.55938937391846,82775,847,1134,15247,
245.561921727793,82774,848,1134,15247,
245.56283323103446,82774,847,1135,15247,
245.56489340573867,82774,846,1136,15247,
245.56650566503748,82773,847,1136,15247,
245.56920788215993,82773,846,1137,15247,
245.57237487716,82772,847,1137,15247,
245.5734296077768,82771,848,1137,15247,
245.57606679061914,82770,849,1137,15247,
245.5768673145034,82770,849,1136,15248,
245.5770695262429,82769,850,1136,15248,
245.57713699636065,82769,850,1135,15249,
245.57974859005574,82769,849,1136,15249,
245.5825026327922,82769,849,1135,15250,
245.58266837992673,82769,848,1136,15250,
245.58460063467237,82768,849,1136,15250,
245.58702734544653,82768,848,1137,15250,
245.5899673689636,82768,848,1136,15251,
245.5902240153741,82767,849,1136,15251,
245.5910170627271,82767,849,1135,15252,
245.59378396752726,82767,849,1134,15253,
245.59444987555295,82767,848,1135,15253,
245.59535520107568,82767,848,1134,15254,
245.59820071497325,82766,849,1134,15254,
245.60121970062778,82765,850,1134,15254,
245.60172087238976,82765,850,1133,15255,
245.60270474584934,82765,849,1134,15255,
245.6050358894048,82765,848,1135,15255,
245.6098579611586,82765,847,1136,15255,
245.61053984785258,82764,848,1136,15255,
245.61295322724885,82764,848,1135,15256,
245.61624778723873,82764,848,1134,15257,
245.6173097810388,82764,847,1135,15257,
245.6194597258648,82764,847,1134,15258,
245.62054737857318,82764,847,1133,15259,
245.62134237068682,82764,846,1134,15259,
245.62140864931277,82764,845,1135,15259,
245.62745051363808,82764,844,1136,15259,
245.6277473922976,82763,845,1136,15259,
245.6313263924946,82762,846,1136,15259,
245.63164129878493,82761,847,1136,15259,
245.6317692143412,82761,846,1137,15259,
245.63217658492604,82760,847,1137,15259,
245.63314499913045,82760,847,1136,15260,
245.6386205119548,82760,846,1137,15260,
245.6393536304887,82760,845,1138,15260,
245.6441442651288,82759,846,1138,15260,
245.64810741898168,82759,845,1139,15260,
245.64916067407677,82759,844,1140,15260,
245.64972076665185,82759,843,1141,15260,
245.65919346858144,82759,842,1142,15260,
245.66010978907065,82759,841,1143,15260,
245.66235552801817,82759,841,1142,15261,
245.66286841939908,82759,840,1143,15261,
245.66459158752357,82759,839,1144,15261,
245.66698186752672,82759,838,1145,15261,
245.67021811715932,82759,838,1144,15262,
245.67027205107283,82759,837,1145,15262,
245.67495997730205,82759,837,1144,15263,
245.67572623172464,82759,837,1143,15264,
245.68050102140683,82759,837,1142,15265,
245.68103022862834,82759,836,1143,15265,
245.68335318473117,82759,836,1142,15266,
245.68406700490624,82759,835,1143,15266,
245.68799452282136,82759,834,1144,15266,
245.68817539090418,82759,833,1145,15266,
245.69222617157112,82759,833,1144,15267,
245.69237510019235,82759,832,1145,15267,
245.6957683735803,82759,832,1144,15268,
245.6998369393036,82758,833,1144,15268,
245.70315655234734,82758,832,1145,15268,
245.70600259250878,82758,831,1146,15268,
245.7075181745055,82757,832,1146,15268,
245.71156010142863,82756,833,1146,15268,
245.7137255910783,82755,834,1146,15268,
245.7142459636416,82755,833,1147,15268,
245.71598531267614,82754,834,1147,15268,
245.71656865904887,82754,833,1148,15268,
245.71687089868607,82753,834,1148,15268,
245.71803112923254,82753,834,1147,15269,
245.72155041925262,82753,833,1148,15269,
245.7216802862946,82753,833,1147,15270,
245.72463510656092,82753,832,1148,15270,
245.72577294034406,82753,832,1147,15271,
245.7275141798764,82753,832,1146,15272,
245.7306253796341,82753,831,1147,15272,
245.7309455365339,82753,830,1148,15272,
245.73171425130565,82753,830,1147,15273,
245.7320633482389,82753,829,1148,15273,
245.73290048066056,82753,828,1149,15273,
245.7333259223476,82753,827,1150,15273,
245.73726906874532,82752,828,1150,15273,
245.73917301611922,82751,829,1150,15273,
245.7401029768399,82751,828,1151,15273,
245.742905414117,82751,828,1150,15274,
245.748634991399,82750,829,1150,15274,
245.7497489809504,82750,828,1151,15274,
245.7546115797646,82749,829,1151,15274,
245.75547956945346,82749,829,1150,15275,
245.75829158674284,82749,828,1151,15275,
245.76160730388904,82749,827,1152,15275,
245.76250227433303,82748,828,1152,15275,
245.76310598646944,82747,829,1152,15275,
245.76732445000977,82747,828,1153,15275,
245.7706900058192,82747,828,1152,15276,
245.7765498373241,82747,827,1153,15276,
245.77784206956557,82746,828,1153,15276,
245.78064825323693,82746,828,1152,15277,
245.78150693960217,82746,827,1153,15277,
245.78296145543897,82745,828,1153,15277,
245.7835319735186,82744,829,1153,15277,
245.783534566883,82743,830,1153,15277,
245.78858318984499,82742,831,1153,15277,
245.78894837867432,82741,832,1153,15277,
245.78997975450716,82741,832,1152,15278,
245.79454722148088,82740,833,1152,15278,
245.79469271948957,82739,834,1152,15278,
245.79762405161694,82739,833,1153,15278,
245.79787009385703,82739,832,1154,15278,
245.80216405943804,82738,833,1154,15278,
245.80685851654215,82738,833,1153,15279,
245.80728612222305,82738,832,1154,15279,
245.81042711234974,82737,833,1154,15279,
245.81048153371628,82736,834,1154,15279,
245.81613782176876,82736,834,1153,15280,
245.81795918894304,82735,835,1153,15280,
245.82049722060782,82734,836,1153,15280,
245.82168065199997,82734,836,1152,15281,
245.82197914400396,82734,835,1153,15281,
245.82228995361535,82734,834,1154,15281,
245.8223231617798,82734,834,1153,15282,
245.82241476110718,82733,835,1153,15282,
245.8225303197366,82732,836,1153,15282,
245.82423870585103,82732,836,1152,15283,
245.82583332974355,82732,835,1153,15283,
245.82674973048321,82732,835,1152,15284,
245.82760554396808,82732,834,1153,15284,
245.82912230944825,82732,833,1154,15284,
245.83022537292814,82731,834,1154,15284,
245.83354736020559,82730,835,1154,15284,
245.83612343131333,82730,834,1155,15284,
245.83747812932452,82730,833,1156,15284,
245.84343861908246,82729,834,1156,15284,
245.84561669805922,82729,834,1155,15285,
245.84622104077056,82729,833,1156,15285,
245.84687434585325,82729,833,1155,15286,
245.851445209069,82729,833,1154,15287,
245.85151275409956,82728,834,1154,15287,
245.85268198762407,82727,835,1154,15287,
245.85361784034026,82726,836,1154,15287,
245.8544979805597,82726,835,1155,15287,
245.85500646641844,82725,836,1155,15287,
245.85552721171072,82724,837,1155,15287,
245.85558320198876,82723,838,1155,15287,
245.85798755535836,82723,837,1156,15287,
245.85935197369025,82723,837,1155,15288,
245.85958959525698,82723,836,1156,15288,
245.86104580162734,82722,837,1156,15288,
245.86181241599945,82722,837,1155,15289,
245.8629525963894,82722,836,1156,15289,
245.86438944159988,82722,835,1157,15289,
245.86621666416767,82721,836,1157,15289,
245.87115593805504,82720,837,1157,15289,
245.8731677831067,82720,836,1158,15289,
245.87392125102824,82720,835,1159,15289,
245.87466620895066,82720,834,1160,15289,
245.87852969282514,82719,835,1160,15289,
245.88044472777443,82718,836,1160,15289,
245.88099066189773,82718,835,1161,15289,
245.88284054404963,82718,834,1162,15289,
245.8837369378923,82718,833,1163,15289,
245.88392801767412,82717,834,1163,15289,
245.88439548409127,82717,834,1162,15290,
245.88642031438894,82716,835,1162,15290,
245.888976417543,82716,835,1161,15291,
245.88996894423633,82715,836,1161,15291,
245.89162786819892,82715,835,1162,15291,
245.8918924434138,82714,836,1162,15291,
245.89208600962277,82714,835,1163,15291,
245.8937157040603,82714,835,1162,15292,
245.89708876320276,82713,836,1162,15292,
245.89734002674854,82712,837,1162,15292,
245.89954435652893,82711,838,1162,15292,
245.89982431378718,82711,838,1161,15293,
245.9014180796034,82711,838,1160,15294,
245.90249060404562,82711,838,1159,15295,
245.90927347421226,82711,838,1158,15296,
245.91155592744482,82711,838,1157,15297,
245.91665371197055,82710,839,1157,15297,
245.9180559841028,82709,840,1157,15297,
245.92017587887992,82708,841,1157,15297,
245.9296992363418,82707,842,1157,15297,
245.9325917357716,82707,842,1156,15298,
245.93323234724357,82707,841,1157,15298,
245.93674171938883,82707,840,1158,15298,
245.93746421109512,82706,841,1158,15298,
245.93927074657472,82706,840,1159,15298,
245.93975224783716,82705,841,1159,15298,
245.9414728065698,82705,841,1158,15299,
245.94203907485704,82704,842,1158,15299,
245.9463698138687,82703,843,1158,15299,
245.95057443462395,82703,843,1157,15300,
245.95095095914812,82703,842,1158,15300,
245.95268363579487,82703,841,1159,15300,
245.96032214251525,82703,840,1160,15300,
245.96387333003656,82702,841,1160,15300,
245.96444660627705,82701,842,1160,15300,
245.96810084500342,82701,842,1159,15301,
245.97151506270774,82701,842,1158,15302,
245.9727046941383,82701,842,1157,15303,
245.9739403284666,82701,842,1156,15304,
245.97429767830414,82700,843,1156,15304,
245.97675304793913,82699,844,1156,15304,
245.97712967914845,82699,843,1157,15304,
245.97795441906763,82699,842,1158,15304,
245.98223101308176,82699,841,1159,15304,
245.98451671723848,82698,842,1159,15304,
245.98527007802392,82697,843,1159,15304,
245.99153341757864,82697,842,1160,15304,
245.99219234773764,82696,843,1160,15304,
245.9977020827825,82696,843,1159,15305,
246.0001447635248,82696,843,1158,15306,
246.00218294268575,82695,844,1158,15306,
246.00627888811613,82695,844,1157,15307,
246.00679466576705,82694,845,1157,15307,
246.0084663629453,82694,844,1158,15307,
246.0086054189362,82693,845,1158,15307,
246.00934057104433,82693,844,1159,15307,
246.01082607536927,82693,843,1160,15307,
246.01123310559055,82693,842,1161,15307,
246.0114208773472,82693,842,1160,15308,
246.01311151963336,82693,842,1159,15309,
246.013561695092,82693,841,1160,15309,
246.01718054388076,82693,840,1161,15309,
246.01924769897713,82693,839,1162,15309,
246.02099507011974,82693,838,1163,15309,
246.02155420521774,82693,838,1162,15310,
246.0227059975141,82692,839,1162,15310,
246.02597953265484,82691,840,1162,15310,
246.02672996482588,82691,839,1163,15310,
246.02719281687067,82691,838,1164,15310,
246.02820846172813,82691,837,1165,15310,
246.03052602270085,82691,837,1164,15311,
246.03084792568902,82691,837,1163,15312,
246.0309229152814,82691,836,1164,15312,
246.03329974031772,82690,837,1164,15312,
246.03504111760736,82689,838,1164,15312,
246.0358627484747,82688,839,1164,15312,
246.0368789267296,82687,840,1164,15312,
246.03828798362463,82687,840,1163,15313,
246.03876405797806,82687,840,1162,15314,
246.03898661957052,82686,841,1162,15314,
246.0396879032178,82685,842,1162,15314,
246.03989355181227,82685,841,1163,15314,
246.04028188055864,82684,842,1163,15314,
246.04312498948167,82684,841,1164,15314,
246.0451579026346,82683,842,1164,15314,
246.04534433674672,82682,843,1164,15314,
246.04559632305717,82682,842,1165,15314,
246.04773051683821,82682,842,1164,15315,
246.05020782269497,82681,843,1164,15315,
246.05175239411938,82681,842,1165,15315,
246.0540177061033,82681,842,1164,15316,
246.05511214182033,82680,843,1164,15316,
246.0586584925798,82680,843,1163,15317,
246.06019489705028,82680,842,1164,15317,
246.06081693715973,82680,841,1165,15317,
246.06141286896312,82679,842,1165,15317,
246.06335830080127,82678,843,1165,15317,
246.06740797410498,82678,842,1166,15317,
246.06861908165507,82677,843,1166,15317,
246.0689306825114,82676,844,1166,15317,
246.06901164410695,82675,845,1166,15317,
246.07029698914542,82675,845,1165,15318,
246.07099551092202,82675,844,1166,15318,
246.07138934666028,82674,845,1166,15318,
246.07329189614566,82674,845,1165,15319,
246.07440089236525,82673,846,1165,15319,
246.08008853425085,82673,846,1164,15320,
246.08051170682506,82673,845,1165,15320,
246.08221380381903,82673,844,1166,15320,
246.08235042320044,82673,844,1165,15321,
246.0832776999194,82672,845,1165,15321,
246.08381429639573,82672,844,1166,15321,
246.08749478545073,82672,843,1167,15321,
246.0877608653439,82672,842,1168,15321,
246.09085489748912,82671,843,1168,15321,
246.09298613321212,82671,842,1169,15321,
246.0948273122057,82671,842,1168,15322,
246.09526114443955,82670,843,1168,15322,
246.0980497261091,82669,844,1168,15322,
246.0989316286549,82669,843,1169,15322,
246.10072835323564,82669,842,1170,15322,
246.10227329082338,82669,841,1171,15322,
246.10346257535844,82668,842,1171,15322,
246.10920784338145,82668,841,1172,15322,
246.11078882628485,82667,842,1172,15322,
246.11189077517713,82666,843,1172,15322,
246.11278020512074,82665,844,1172,15322,
246.11384790314676,82665,844,1171,15323,
246.11559565041287,82665,844,1170,15324,
246.11836823435002,82665,844,1169,15325,
246.12015258177897,82665,843,1170,15325,
246.12241217648443,82664,844,1170,15325,
246.12491779088265,82663,845,1170,15325,
246.12662240966432,82663,845,1169,15326,
246.1309175473965,82663,844,1170,15326,
246.13202167508243,82663,844,1169,15327,
246.13395390715482,82662,845,1169,15327,
246.13524547889742,82662,844,1170,15327,
246.13675011621837,82662,843,1171,15327,
246.13683194591232,82662,842,1172,15327,
246.13737910332003,82661,843,1172,15327,
246.13777138788106,82661,843,1171,15328,
246.13874174320586,82660,844,1171,15328,
246.13875262577827,82659,845,1171,15328,
246.14185540369326,82659,845,1170,15329,
246.14859265770139,82659,844,1171,15329,
246.1487106014917,82658,845,1171,15329,
246.1523319803837,82658,844,1172,15329,
246.15272408621098,82658,843,1173,15329,
246.15388901698788,82657,844,1173,15329,
246.15579628837088,82657,843,1174,15329,
246.1562763758314,82656,844,1174,15329,
246.15900253580284,82656,843,1175,15329,
246.16140500584996,82656,842,1176,15329,
246.1614572322626,82656,841,1177,15329,
246.1626851995633,82655,842,1177,15329,
246.16368838957646,82654,843,1177,15329,
246.16865358704084,82654,842,1178,15329,
246.17253183091597,82654,842,1177,15330,
246.17787958912294,82653,843,1177,15330,
246.1800219166487,82653,843,1176,15331,
246.1802065750404,82653,842,1177,15331,
246.180349891696,82652,843,1177,15331,
246.1826753542597,82651,844,1177,15331,
246.18633378952424,82651,843,1178,15331,
246.18674988819112,82650,844,1178,15331,
246.18825615490078,82649,845,1178,15331,
246.19189997015783,82649,844,1179,15331,
246.19337999562663,82648,845,1179,15331,
246.1939346384579,82647,846,1179,15331,
246.2029344249582,82647,845,1180,15331,
246.20615514513122,82647,844,1181,15331,
246.20844000852622,82646,845,1181,15331,
246.21100241971055,82645,846,1181,15331,
246.2120545923596,82645,846,1180,15332,
246.21225510804751,82645,846,1179,15333,
246.21624672079295,82645,845,1180,15333,
246.21732470909535,82644,846,1180,15333,
246.22121570093074,82644,845,1181,15333,
246.22266543685964,82644,844,1182,15333,
246.22271881206763,82644,843,1183,15333,
246.22774136322428,82644,843,1182,15334,
246.22966742763552,82644,843,1181,15335,
246.22991781571466,82644,842,1182,15335,
246.23099075773277,82644,841,1183,15335,
246.23099481253178,82644,840,1184,15335,
246.23344684189868,82644,839,1185,15335,
246.24156352029047,82644,838,1186,15335,
246.24215744639585,82643,839,1186,15335,
246.2423088995205,82643,838,1187,15335,
246.24679947575817,82643,837,1188,15335,
246.24768082548377,82643,837,1187,15336,
246.24910126162038,82643,837,1186,15337,
246.25117681248338,82643,836,1187,15337,
246.25135181606768,82643,836,1186,15338,
246.2525644280666,82643,836,1185,15339,
246.2535639018349,82643,836,1184,15340,
246.25492484875483,82642,837,1184,15340,
246.25764524108672,82642,837,1183,15341,
246.26093356252943,82642,837,1182,15342,
246.2654992143401,82641,838,1182,15342,
246.26729634315433,82641,837,1183,15342,
246.26749835838356,82640,838,1183,15342,
246.27232584644554,82640,837,1184,15342,
246.27246432539974,82639,838,1184,15342,
246.27619900055103,82638,839,1184,15342,
246.27637524677337,82637,840,1184,15342,
246.27764922075326,82637,840,1183,15343,
246.278955046341,82637,839,1184,15343,
246.28272565014353,82637,838,1185,15343,
246.28304819577434,82636,839,1185,15343,
246.28566791366757,82635,840,1185,15343,
246.28580339378013,82634,841,1185,15343,
246.28739276143213,82634,840,1186,15343,
246.28816532435803,82633,841,1186,15343,
246.28928560828282,82632,842,1186,15343,
246.28967663762916,82632,841,1187,15343,
246.2994319787826,82631,842,1187,15343,
246.3025625144036,82631,841,1188,15343,
246.30394215023426,82631,841,1187,15344,
246.30528196778167,82631,841,1186,15345,
246.30638505861873,82630,842,1186,15345,
246.31122542035436,82630,841,1187,15345,
246.3117129961518,82629,842,1187,15345,
246.32093144582606,82629,842,1186,15346,
246.3232681826715,82629,842,1185,15347,
246.32441029628544,82628,843,1185,15347,
246.32749095986082,82628,843,1184,15348,
246.32787791132924,82627,844,1184,15348,
246.32822802385127,82627,844,1183,15349,
246.32972015847162,82627,843,1184,15349,
246.33042868861355,82626,844,1184,15349,
246.33188472427906,82626,843,1185,15349,
246.33354638407621,82626,843,1184,15350,
246.33406721004425,82625,844,1184,15350,
246.33572192314395,82625,844,1183,15351,
246.3359324359809,82625,844,1182,15352,
246.34004537212357,82624,845,1182,15352,
246.3400707498762,82624,845,1181,15353,
246.34067497490378,82623,846,1181,15353,
246.34367028348217,82623,845,1182,15353,
246.34495080848063,82622,846,1182,15353,
246.34551343587705,82621,847,1182,15353,
246.34754357070236,82620,848,1182,15353,
246.35224534868843,82619,849,1182,15353,
246.35492830438827,82619,849,1181,15354,
246.3567031817898,82618,850,1181,15354,
246.35736403755598,82617,851,1181,15354,
246.35810690758422,82616,852,1181,15354,
246.35871021047808,82616,851,1182,15354,
246.36052355124588,82616,851,1181,15355,
246.3607040344084,82616,850,1182,15355,
246.36273576816953,82616,849,1183,15355,
246.36402806812535,82615,850,1183,15355,
246.36407093134227,82614,851,1183,15355,
246.36860933382866,82613,852,1183,15355,
246.3730795794093,82612,853,1183,15355,
246.3777496799664,82611,854,1183,15355,
246.378499029744,82611,853,1184,15355,
246.38158356977956,82611,853,1183,15356,
246.3831875851864,82611,853,1182,15357,
246.38646529688833,82611,852,1183,15357,
246.38686056277245,82610,853,1183,15357,
246.387891155086,82610,852,1184,15357,
246.3900555107067,82610,852,1183,15358,
246.3949014889966,82609,853,1183,15358,
246.3961493144162,82608,854,1183,15358,
246.4029542924678,82608,854,1182,15359,
246.40351657409394,82607,855,1182,15359,
246.4039280093404,82606,856,1182,15359,
246.40412658255408,82606,856,1181,15360,
246.40587747292133,82606,856,1180,15361,
246.41232843144,82606,855,1181,15361,
246.41436456661296,82605,856,1181,15361,
246.41468198962198,82605,855,1182,15361,
246.41553371768316,82605,855,1181,15362,
246.41564694354565,82605,855,1180,15363,
246.41882307830647,82604,856,1180,15363,
246.4188541147733,82604,856,1179,15364,
246.42146729847767,82604,855,1180,15364,
246.42930082781447,82604,854,1181,15364,
246.43024393307675,82604,854,1180,15365,
246.43293086639545,82604,853,1181,15365,
246.43476404022346,82604,852,1182,15365,
246.44067122599077,82603,853,1182,15365,
246.44069454289786,82602,854,1182,15365,
246.4428247598551,82601,855,1182,15365,
246.4433327548678,82600,856,1182,15365,
246.4464723504327,82600,855,1183,15365,
246.44733951471957,82599,856,1183,15365,
246.45280437078458,82598,857,1183,15365,
246.4537294570123,82598,856,1184,15365,
246.4546782476289,82598,855,1185,15365,
246.45487078193636,82598,855,1184,15366,
246.45497324795517,82598,855,1183,15367,
246.45538675955837,82598,854,1184,15367,
246.45791749300804,82597,855,1184,15367,
246.45880971214433,82597,854,1185,15367,
246.45914354047625,82597,854,1184,15368,
246.46091457591436,82596,855,1184,15368,
246.46588539208764,82595,856,1184,15368,
246.46732328977808,82594,857,1184,15368,
246.46862399810394,82594,856,1185,15368,
246.47013337124062,82594,856,1184,15369,
246.47397341725136,82594,856,1183,15370,
246.47410827649728,82593,857,1183,15370,
246.48047261225057,82593,856,1184,15370,
246.48728473003226,82593,856,1183,15371,
246.48897274370634,82592,857,1183,15371,
246.48938278555633,82592,856,1184,15371,
246.49110400317477,82591,857,1184,15371,
246.49297837866757,82591,856,1185,15371,
246.49321913678853,82590,857,1185,15371,
246.4957458804596,82590,857,1184,15372,
246.49634934127556,82589,858,1184,15372,
246.49714078363237,82589,857,1185,15372,
246.49874879876037,82589,857,1184,15373,
246.50160221147473,82589,856,1185,15373,
246.50193456227058,82588,857,1185,15373,
246.50393297323163,82588,856,1186,15373,
246.50406973805644,82588,855,1187,15373,
246.50879092523368,82588,854,1188,15373,
246.510708061975,82587,855,1188,15373,
246.5118243634501,82586,856,1188,15373,
246.51285232482917,82585,857,1188,15373,
246.51452160093638,82584,858,1188,15373,
246.5159974824122,82583,859,1188,15373,
246.5202042391083,82582,860,1188,15373,
246.52194686568518,82581,861,1188,15373,
246.52284633045463,82580,862,1188,15373,
246.52625548788595,82580,861,1189,15373,
246.52645121996673,82579,862,1189,15373,
246.52711679411826,82578,863,1189,15373,
246.5296169138317,82578,863,1188,15374,
246.53005894771545,82577,864,1188,15374,
246.5314956854699,82577,863,1189,15374,
246.5323075909009,82577,863,1188,15375,
246.53462732906144,82577,862,1189,15375,
246.53824432638464,82576,863,1189,15375,
246.53828381810007,82576,863,1188,15376,
246.53913841771683,82576,862,1189,15376,
246.5402969008884,82576,861,1190,15376,
246.54092637183936,82576,861,1189,15377,
246.54199687209044,82576,860,1190,15377,
246.54230696993147,82576,859,1191,15377,
246.5465956508432,82576,858,1192,15377,
246.54745174121337,82576,858,1191,15378,
246.5490441485379,82576,857,1192,15378,
246.55496459609105,82576,856,1193,15378,
246.55995207473225,82576,855,1194,15378,
246.56320076886138,82576,855,1193,15379,
246.56639324467463,82576,855,1192,15380,
246.57083040604797,82576,854,1193,15380,
246.5715416627475,82576,854,1192,15381,
246.57477280465866,82575,855,1192,15381,
246.57477800969053,82575,855,1191,15382,
246.5751346772519,82574,856,1191,15382,
246.58010689485596,82573,857,1191,15382,
246.5803148984932,82572,858,1191,15382,
246.58118995643684,82571,859,1191,15382,
246.58479672573532,82571,858,1192,15382,
246.58571468216417,82571,858,1191,15383,
246.58836303272454,82571,857,1192,15383,
246.59471517819293,82571,857,1191,15384,
246.59634750373954,82571,856,1192,15384,
246.59764850300294,82570,857,1192,15384,
246.5994813075689,82570,857,1191,15385,
246.60033285501524,82570,856,1192,15385,
246.60150618069224,82569,857,1192,15385,
246.60338900640056,82569,857,1191,15386,
246.6058564276234,82569,856,1192,15386,
246.6072988925318,82569,856,1191,15387,
246.60824100463557,82568,857,1191,15387,
246.610952233089,82567,858,1191,15387,
246.61291196787894,82567,857,1192,15387,
246.6161237562148,82566,858,1192,15387,
246.61616042454403,82566,858,1191,15388,
246.6186033622307,82566,858,1190,15389,
246.61946952443589,82566,858,1189,15390,
246.62102404165344,82565,859,1189,15390,
246.62596027389128,82565,859,1188,15391,
246.62986257857312,82564,860,1188,15391,
246.63223113010935,82564,859,1189,15391,
246.63328575949805,82564,859,1188,15392,
246.63871411404747,82563,860,1188,15392,
246.64255084554816,82563,859,1189,15392,
246.64287042678197,82563,859,1188,15393,
246.64354310380455,82563,858,1189,15393,
246.65305592932722,82563,858,1188,15394,
246.65305850405218,82563,857,1189,15394,
246.65433647619733,82563,856,1190,15394,
246.65468400150982,82563,855,1191,15394,
246.65586787600037,82563,855,1190,15395,
246.6565108074785,82563,855,1189,15396,
246.65889351228236,82562,856,1189,15396,
246.6621095386968,82561,857,1189,15396,
246.66559391072786,82560,858,1189,15396,
246.66592555107118,82559,859,1189,15396,
246.6666147184857,82559,858,1190,15396,
246.66789202712607,82558,859,1190,15396,
246.6684821119064,82558,859,1189,15397,
246.6697255827288,82558,859,1188,15398,
246.67032057843326,82557,860,1188,15398,
246.6738258433145,82557,859,1189,15398,
246.67428057168217,82557,859,1188,15399,
246.67517266206008,82557,858,1189,15399,
246.67903688028665,82557,857,1190,15399,
246.6793343519156,82556,858,1190,15399,
246.68096249434507,82555,859,1190,15399,
246.68568524767034,82554,860,1190,15399,
246.68616786313973,82554,859,1191,15399,
246.69175772951772,82554,858,1192,15399,
246.69332058583564,82554,857,1193,15399,
246.69519281818538,82554,857,1192,15400,
246.69735136217875,82554,857,1191,15401,
246.69944975599907,82554,856,1192,15401,
246.7022369675514,82554,855,1193,15401,
246.70245742509962,82554,855,1192,15402,
246.70669724758872,82553,856,1192,15402,
246.7069129316,82553,855,1193,15402,
246.71075774867364,82553,854,1194,15402,
246.71172369396177,82553,854,1193,15403,
246.71265777515563,82552,855,1193,15403,
246.7139420346236,82552,854,1194,15403,
246.71828217153478,82551,855,1194,15403,
246.71849890381424,82550,856,1194,15403,
246.72030647980796,82550,856,1193,15404,
246.7259501911864,82549,857,1193,15404,
246.72665867569205,82548,858,1193,15404,
246.72836977182862,82547,859,1193,15404,
246.72879312509514,82547,859,1192,15405,
246.72882530641908,82546,860,1192,15405,
246.73118923588794,82545,861,1192,15405,
246.7311980666474,82545,861,1191,15406,
246.73243377297152,82545,861,1190,15407,
246.73260751255114,82545,861,1189,15408,
246.73743090940928,82544,862,1189,15408,
246.7385324689921,82544,862,1188,15409,
246.7414162543731,82544,861,1189,15409,
246.74344060889234,82544,861,1188,15410,
246.74384997383981,82543,862,1188,15410,
246.74396700455506,82543,862,1187,15411,
246.74633978628808,82543,862,1186,15412,
246.74699726538418,82543,861,1187,15412,
246.7492661089705,82543,861,1186,15413,
246.75126189545674,82543,860,1187,15413,
246.7546128640144,82542,861,1187,15413,
246.75539891295648,82542,860,1188,15413,
246.75597072689897,82541,861,1188,15413,
246.7599395320552,82541,861,1187,15414,
246.76354909563247,82541,860,1188,15414,
246.76408649255507,82541,860,1187,15415,
246.7647637316386,82540,861,1187,15415,
246.7656745902879,82539,862,1187,15415,
246.76658908066628,82539,862,1186,15416,
246.76951306300788,82538,863,1186,15416,
246.77022622108115,82538,863,1185,15417,
246.77099023299843,82538,863,1184,15418,
246.7789162584556,82538,862,1185,15418,
246.77943451609602,82537,863,1185,15418,
246.77962386545306,82536,864,1185,15418,
246.78053472657535,82536,863,1186,15418,
246.7811625712651,82536,863,1185,15419,
246.78517393758207,82536,862,1186,15419,
246.78734434967168,82536,861,1187,15419,
246.79030420246534,82536,860,1188,15419,
246.8006822943912,82536,860,1187,15420,
246.80106354869224,82535,861,1187,15420,
246.80200782942956,82535,860,1188,15420,
246.80281207857885,82534,861,1188,15420,
246.80367116000272,82533,862,1188,15420,
246.80398111103776,82533,862,1187,15421,
246.8049991556478,82533,861,1188,15421,
246.80842433654738,82533,861,1187,15422,
246.80946013237383,82532,862,1187,15422,
246.8128415126415,82531,863,1187,15422,
246.81819293798407,82531,863,1186,15423,
246.82379798833995,82531,863,1185,15424,
246.8239673386879,82531,862,1186,15424,
246.82402448429812,82531,862,1185,15425,
246.82458211920402,82530,863,1185,15425,
246.82471935867588,82530,862,1186,15425,
246.8249647328596,82530,861,1187,15425,
246.82639228675237,82529,862,1187,15425,
246.83123736359798,82528,863,1187,15425,
246.8347708191956,82528,863,1186,15426,
246.83515234230387,82528,862,1187,15426,
246.8369454586019,82528,862,1186,15427,
246.83990956573552,82527,863,1186,15427,
246.83999188673621,82527,863,1185,15428,
246.84965226641262,82526,864,1185,15428,
246.85621006856988,82525,865,1185,15428,
246.85994634327488,82525,864,1186,15428,
246.86019585334614,82524,865,1186,15428,
246.86050489275806,82524,865,1185,15429,
246.86132172003227,82524,865,1184,15430,
246.8614522775738,82524,865,1183,15431,
246.86244006044447,82524,865,1182,15432,
246.86430329647303,82524,864,1183,15432,
246.86798401752225,82524,863,1184,15432,
246.870738988641,82524,862,1185,15432,
246.87192394791626,82524,862,1184,15433,
246.87197100844907,82523,863,1184,15433,
246.8743974489597,82522,864,1184,15433,
246.876765083693,82522,863,1185,15433,
246.88006268225863,82522,862,1186,15433,
246.88009067993227,82522,861,1187,15433,
246.88366105745402,82522,861,1186,15434,
246.88562565787487,82522,861,1185,15435,
246.88564368450275,82521,862,1185,15435,
246.88716337715056,82520,863,1185,15435,
246.88922380073546,82520,862,1186,15435,
246.88999806730027,82520,862,1185,15436,
246.89221506821954,82519,863,1185,15436,
246.8928440019973,82518,864,1185,15436,
246.89373366317577,82518,863,1186,15436,
246.8963868499965,82517,864,1186,15436,
246.89863472887245,82517,863,1187,15436,
246.8993977752458,82517,862,1188,15436,
246.90695770383064,82516,863,1188,15436,
246.90834585866497,82515,864,1188,15436,
246.91109401289827,82514,865,1188,15436,
246.91250951358688,82514,864,1189,15436,
246.91713294533645,82514,864,1188,15437,
246.91726230828644,82514,863,1189,15437,
246.91865861889593,82513,864,1189,15437,
246.92019886300463,82512,865,1189,15437,
246.92035349725597,82511,866,1189,15437,
246.92037251483316,82511,866,1188,15438,
246.92178784787438,82511,866,1187,15439,
246.92391946901117,82510,867,1187,15439,
246.9251076486028,82509,868,1187,15439,
246.9263905087212,82508,869,1187,15439,
246.92736211995435,82507,870,1187,15439,
246.92739966166397,82507,869,1188,15439,
246.92804647533015,82507,868,1189,15439,
246.93094548108425,82507,868,1188,15440,
246.93532111150532,82507,868,1187,15441,
246.93736396527828,82506,869,1187,15441,
246.93789029129022,82506,869,1186,15442,
246.93840149484174,82506,868,1187,15442,
246.93843238138754,82506,867,1188,15442,
246.94020092218167,82506,866,1189,15442,
246.9407210983469,82505,867,1189,15442,
246.94279834719583,82505,867,1188,15443,
246.9440918079396,82504,868,1188,15443,
246.94436612120904,82504,868,1187,15444,
246.94463581412776,82503,869,1187,15444,
246.9467802531099,82502,870,1187,15444,
246.9487495111161,82502,870,1186,15445,
246.94937668171193,82502,869,1187,15445,
246.94998061553773,82502,868,1188,15445,
246.95021049066108,82502,868,1187,15446,
246.9502747218833,82502,868,1186,15447,
246.95191831718296,82502,868,1185,15448,
246.95427778448968,82501,869,1185,15448,
246.95543358583853,82501,869,1184,15449,
246.9618516153825,82501,868,1185,15449,
246.96189809688457,82501,867,1186,15449,
246.96478365096127,82501,866,1187,15449,
246.96552380403418,82501,866,1186,15450,
246.9671945022401,82500,867,1186,15450,
246.96984930088345,82500,866,1187,15450,
246.9711700682093,82499,867,1187,15450,
246.97229736285934,82499,867,1186,15451,
246.9733314775005,82498,868,1186,15451,
246.9763344057413,82498,867,1187,15451,
246.98384178568352,82498,866,1188,15451,
246.98594173527184,82498,865,1189,15451,
246.9899232475312,82498,864,1190,15451,
246.9908878892699,82497,865,1190,15451,
246.99162013068982,82496,866,1190,15451,
246.99196428511317,82495,867,1190,15451,
246.99292346608087,82495,867,1189,15452,
247.0001331481029,82495,866,1190,15452,
247.00130446358514,82495,866,1189,15453,
247.00223758806837,82495,865,1190,15453,
247.0025116825904,82494,866,1190,15453,
247.00335077009106,82494,865,1191,15453,
247.0072319070783,82494,864,1192,15453,
247.01018849158146,82494,864,1191,15454,
247.01200649648266,82494,864,1190,15455,
247.0121257682878,82493,865,1190,15455,
247.0152410951151,82493,864,1191,15455,
247.01626520771893,82493,864,1190,15456,
247.01932273387663,82493,863,1191,15456,
247.02039202136805,82492,864,1191,15456,
247.02092946042728,82491,865,1191,15456,
247.02321630765852,82491,864,1192,15456,
247.0245681803962,82490,865,1192,15456,
247.02931711993676,82490,865,1191,15457,
247.03264689763756,82490,865,1190,15458,
247.034516951566,82490,864,1191,15458,
247.0381503400074,82490,863,1192,15458,
247.0391400259178,82490,863,1191,15459,
247.0395819439625,82489,864,1191,15459,
247.04124237965968,82489,864,1190,15460,
247.04230786653557,82489,863,1191,15460,
247.04283078215119,82489,862,1192,15460,
247.04329799741606,82489,861,1193,15460,
247.04603346007232,82488,862,1193,15460,
247.04666183244285,82487,863,1193,15460,
247.047420925597,82487,862,1194,15460,
247.0476643440993,82486,863,1194,15460,
247.04808143697431,82485,864,1194,15460,
247.04891905095704,82485,864,1193,15461,
247.05226984962576,82485,863,1194,15461,
247.0545200116804,82484,864,1194,15461,
247.0580904325823,82483,865,1194,15461,
247.06007016463636,82483,864,1195,15461,
247.06047062910997,82483,864,1194,15462,
247.06064640149984,82483,864,1193,15463,
247.0610412071396,82483,863,1194,15463,
247.06421137826854,82483,862,1195,15463,
247.06503548539357,82483,862,1194,15464,
247.06543798406253,82482,863,1194,15464,
247.066335511071,82481,864,1194,15464,
247.0694597341154,82480,865,1194,15464,
247.0742787651907,82479,866,1194,15464,
247.074372773278,82478,867,1194,15464,
247.0773785429916,82478,866,1195,15464,
247.08501996433912,82477,867,1195,15464,
247.0876205906473,82476,868,1195,15464,
247.08827424987322,82475,869,1195,15464,
247.08834663892108,82474,870,1195,15464,
247.09054172501192,82473,871,1195,15464,
247.09106586047167,82472,872,1195,15464,
247.0934040543562,82472,872,1194,15465,
247.0936590798994,82472,872,1193,15466,
247.09507336253643,82472,871,1194,15466,
247.09517225847455,82472,870,1195,15466,
247.09615130308404,82472,870,1194,15467,
247.1011996697623,82471,871,1194,15467,
247.10175424604674,82470,872,1194,15467,
247.10244299814127,82470,871,1195,15467,
247.10467991803768,82470,870,1196,15467,
247.1092133747601,82470,869,1197,15467,
247.10958314407625,82470,869,1196,15468,
247.1109148961017,82470,868,1197,15468,
247.1109173086218,82469,869,1197,15468,
247.11520748983702,82468,870,1197,15468,
247.1178388342374,82468,869,1198,15468,
247.11827861788652,82468,869,1197,15469,
247.1224710091421,82468,869,1196,15470,
247.12427307739935,82467,870,1196,15470,
247.12880443709645,82467,869,1197,15470,
247.13090658914845,82467,868,1198,15470,
247.13175023489978,82467,868,1197,15471,
247.13231562071795,82467,867,1198,15471,
247.13265920835224,82467,867,1197,15472,
247.13439980437673,82467,866,1198,15472,
247.13578047335193,82466,867,1198,15472,
247.1373039545436,82466,866,1199,15472,
247.13742136081487,82465,867,1199,15472,
247.13814362343268,82464,868,1199,15472,
247.1384585130408,82463,869,1199,15472,
247.14545147470207,82463,869,1198,15473,
247.1463814201631,82463,868,1199,15473,
247.15237265904446,82463,867,1200,15473,
247.1526730247259,82463,866,1201,15473,
247.15268838795325,82463,865,1202,15473,
247.15279200540218,82462,866,1202,15473,
247.15391380061766,82461,867,1202,15473,
247.1542584634653,82461,866,1203,15473,
247.1607659724893,82461,865,1204,15473,
247.16130650519756,82460,866,1204,15473,
247.16197813772567,82460,866,1203,15474,
247.16339030547232,82460,865,1204,15474,
247.1646263085482,82460,865,1203,15475,
247.16564681816192,82460,865,1202,15476,
247.16713485129384,82459,866,1202,15476,
247.16797158662584,82459,866,1201,15477,
247.16821333793473,82459,865,1202,15477,
247.17008785161974,82459,864,1203,15477,
247.17082844505654,82458,865,1203,15477,
247.17383624941573,82457,866,1203,15477,
247.1759304761636,82456,867,1203,15477,
247.17776489952095,82456,866,1204,15477,
247.1787666748688,82455,867,1204,15477,
247.17944267972888,82455,866,1205,15477,
247.18323051124656,82455,865,1206,15477,
247.18808008194569,82455,865,1205,15478,
247.1885351580188,82455,864,1206,15478,
247.193210583739,82454,865,1206,15478,
247.19407800897415,82454,864,1207,15478,
247.19501612221197,82454,864,1206,15479,
247.195335268644,82454,864,1205,15480,
247.1973194627355,82454,864,1204,15481,
247.19899791761028,82454,863,1205,15481,
247.19905911559806,82453,864,1205,15481,
247.20091849769057,82453,863,1206,15481,
247.20204725349242,82452,864,1206,15481,
247.20248088236116,82452,864,1205,15482,
247.20601379396905,82451,865,1205,15482,
247.20696044330114,82450,866,1205,15482,
247.2090478107139,82449,867,1205,15482,
247.21088931766403,82448,868,1205,15482,
247.2110594475155,82447,869,1205,15482,
247.21628233396635,82447,869,1204,15483,
247.21681580272187,82447,868,1205,15483,
247.2213192969965,82447,868,1204,15484,
247.2278382803932,82446,869,1204,15484,
247.2348310908273,82445,870,1204,15484,
247.23695501381667,82445,869,1205,15484,
247.24013251922815,82445,868,1206,15484,
247.24038859642482,82444,869,1206,15484,
247.24056009389832,82443,870,1206,15484,
247.24183625798082,82442,871,1206,15484,
247.24207860350666,82442,871,1205,15485,
247.24309432033914,82442,870,1206,15485,
247.24708213953033,82441,871,1206,15485,
247.2489988226352,82440,872,1206,15485,
247.25227995731373,82440,871,1207,15485,
247.2607848159608,82440,870,1208,15485,
247.2654404705676,82440,870,1207,15486,
247.2654827017227,82440,869,1208,15486,
247.2712124615907,82440,869,1207,15487,
247.2740101625235,82439,870,1207,15487,
247.274116905457,82439,869,1208,15487,
247.2774473187893,82438,870,1208,15487,
247.2793505842862,82438,869,1209,15487,
247.2860490326724,82438,868,1210,15487,
247.28813673308628,82437,869,1210,15487,
247.29004077817504,82436,870,1210,15487,
247.29402745772222,82436,869,1211,15487,
247.29747713459514,82436,868,1212,15487,
247.300890674797,82435,869,1212,15487,
247.30279322590323,82435,869,1211,15488,
247.30365639439648,82434,870,1211,15488,
247.3069594853716,82433,871,1211,15488,
247.31287238263937,82433,870,1212,15488,
247.31441993548862,82432,871,1212,15488,
247.3185661665587,82431,872,1212,15488,
247.3204074121829,82430,873,1212,15488,
247.32287078137296,82430,873,1211,15489,
247.32724209026435,82430,873,1210,15490,
247.32759238139585,82429,874,1210,15490,
247.3292959570304,82429,874,1209,15491,
247.33230168333563,82428,875,1209,15491,
247.33273690817245,82428,874,1210,15491,
247.33572230695918,82428,873,1211,15491,
247.33592788140575,82427,874,1211,15491,
247.3396108852902,82427,873,1212,15491,
247.3402633142978,82426,874,1212,15491,
247.34119261809477,82425,875,1212,15491,
247.34538665343456,82425,874,1213,15491,
247.3466701585527,82425,874,1212,15492,
247.34755673268756,82425,873,1213,15492,
247.35125358447218,82425,873,1212,15493,
247.35430002348323,82424,874,1212,15493,
247.35545547418434,82424,874,1211,15494,
247.3555994258785,82424,873,1212,15494,
247.35577371016421,82424,873,1211,15495,
247.35579425367064,82424,873,1210,15496,
247.35617087455833,82424,872,1211,15496,
247.35733112496774,82424,872,1210,15497,
247.3597836192448,82424,871,1211,15497,
247.36271714696886,82424,871,1210,15498,
247.36304406245904,82424,871,1209,15499,
247.3645698420224,82424,871,1208,15500,
247.36531176625834,82424,870,1209,15500,
247.36801175091892,82423,871,1209,15500,
247.37159106210532,82423,870,1210,15500,
247.37366191631395,82422,871,1210,15500,
247.37648501637761,82422,871,1209,15501,
247.3773858824421,82422,871,1208,15502,
247.38140302038582,82422,870,1209,15502,
247.38323358264887,82421,871,1209,15502,
247.38383010718616,82421,870,1210,15502,
247.38542524055288,82421,869,1211,15502,
247.38803011581527,82421,868,1212,15502,
247.3885235099582,82420,869,1212,15502,
247.39135820565852,82420,868,1213,15502,
247.39232111644097,82420,868,1212,15503,
247.3924927239991,82420,868,1211,15504,
247.39278553027935,82420,867,1212,15504,
247.39683997206032,82419,868,1212,15504,
247.39873977583744,82419,867,1213,15504,
247.40126821359186,82418,868,1213,15504,
247.40411720198153,82417,869,1213,15504,
247.40493499228177,82417,868,1214,15504,
247.4060356061566,82417,868,1213,15505,
247.40836734429283,82417,867,1214,15505,
247.40888367215376,82417,866,1215,15505,
247.4096629190411,82416,867,1215,15505,
247.4108223257233,82416,866,1216,15505,
247.41662170014837,82415,867,1216,15505,
247.4191534692468,82415,866,1217,15505,
247.42205861013693,82414,867,1217,15505,
247.422485707925,82413,868,1217,15505,
247.42354426959037,82413,868,1216,15506,
247.4245992294778,82413,868,1215,15507,
247.42555168651816,82413,867,1216,15507,
247.42582884610485,82412,868,1216,15507,
247.42589154813555,82412,868,1215,15508,
247.42790511675028,82412,867,1216,15508,
247.42924511515298,82412,866,1217,15508,
247.42951864918606,82411,867,1217,15508,
247.43019116560203,82411,866,1218,15508,
247.43069163228674,82411,865,1219,15508,
247.43224107245427,82410,866,1219,15508,
247.4340121737828,82409,867,1219,15508,
247.4340819171993,82409,867,1218,15509,
247.43555461716977,82409,866,1219,15509,
247.43632196386108,82409,866,1218,15510,
247.4367655923863,82409,865,1219,15510,
247.43778311845142,82409,864,1220,15510,
247.4395922465636,82409,864,1219,15511,
247.4411719997716,82408,865,1219,15511,
247.4464320676785,82407,866,1219,15511,
247.44705194100925,82407,865,1220,15511,
247.44926196663116,82407,865,1219,15512,
247.45236620701132,82407,865,1218,15513,
247.45322781747626,82407,864,1219,15513,
247.4534834732398,82406,865,1219,15513,
247.45352342980962,82405,866,1219,15513,
247.454040643499,82404,867,1219,15513,
247.4543603724112,82404,867,1218,15514,
247.4618600863996,82403,868,1218,15514,
247.4641036002422,82403,867,1219,15514,
247.46505854928617,82402,868,1219,15514,
247.4661860031886,82401,869,1219,15514,
247.46874086851525,82401,869,1218,15515,
247.46917414523395,82401,868,1219,15515,
247.47031041392444,82400,869,1219,15515,
247.47325745121736,82400,868,1220,15515,
247.47357835045673,82400,867,1221,15515,
247.47433101689208,82399,868,1221,15515,
247.47488109308333,82398,869,1221,15515,
247.4768206345231,82397,870,1221,15515,
247.4789116061109,82397,870,1220,15516,
247.47918544361946,82397,869,1221,15516,
247.4794744602357,82397,868,1222,15516,
247.48299784225858,82397,867,1223,15516,
247.4866631226614,82396,868,1223,15516,
247.48784296279567,82395,869,1223,15516,
247.49188173706307,82394,870,1223,15516,
247.49468353923456,82393,871,1223,15516,
247.4979658921334,82392,872,1223,15516,
247.49951000275038,82392,871,1224,15516,
247.5003230992596,82392,870,1225,15516,
247.5023281885353,82392,870,1224,15517,
247.5063085741094,82391,871,1224,15517,
247.50738164172552,82390,872,1224,15517,
247.50750159939807,82390,871,1225,15517,
247.50850818007893,82390,870,1226,15517,
247.51014687369326,82390,870,1225,15518,
247.51026260946006,82389,871,1225,15518,
247.51154199883325,82389,870,1226,15518,
247.51324836061903,82388,871,1226,15518,
247.5133631653307,82387,872,1226,15518,
247.5150442979553,82386,873,1226,15518,
247.51509854530804,82385,874,1226,15518,
247.516058463562,82385,874,1225,15519,
247.51625132357603,82385,874,1224,15520,
247.52125712558342,82384,875,1224,15520,
247.52147879665418,82383,876,1224,15520,
247.52212112390268,82382,877,1224,15520,
247.52462811600043,82382,876,1225,15520,
247.52520236149078,82381,877,1225,15520,
247.52867759284283,82381,877,1224,15521,
247.52926755252068,82381,876,1225,15521,
247.53049364566567,82381,875,1226,15521,
247.53099499186612,82381,874,1227,15521,
247.53200222242245,82381,874,1226,15522,
247.53269492579741,82380,875,1226,15522,
247.5341043828858,82380,875,1225,15523,
247.538977073344,82380,875,1224,15524,
247.5412168410595,82380,874,1225,15524,
247.5419223905916,82379,875,1225,15524,
247.5441792056629,82379,875,1224,15525,
247.55234684698544,82379,875,1223,15526,
247.55333098799798,82378,876,1223,15526,
247.55334464910553,82378,875,1224,15526,
247.55651731545433,82378,874,1225,15526,
247.55757778298621,82377,875,1225,15526,
247.55852984574042,82377,874,1226,15526,
247.5619167971256,82376,875,1226,15526,
247.56390857995126,82376,874,1227,15526,
247.56518048380858,82375,875,1227,15526,
247.56716594327094,82375,875,1226,15527,
247.56740582874156,82374,876,1226,15527,
247.56791635611145,82374,876,1225,15528,
247.56827770176739,82374,875,1226,15528,
247.56852495734458,82374,875,1225,15529,
247.5702141355061,82373,876,1225,15529,
247.57078272595825,82373,875,1226,15529,
247.57085918904656,82372,876,1226,15529,
247.57168940742162,82371,877,1226,15529,
247.5732804361255,82370,878,1226,15529,
247.5750898062202,82370,877,1227,15529,
247.57565352438345,82370,876,1228,15529,
247.57925129192344,82370,876,1227,15530,
247.57966131996028,82370,875,1228,15530,
247.57975119129193,82370,875,1227,15531,
247.58228823516336,82369,876,1227,15531,
247.5833200164916,82369,875,1228,15531,
247.58333366878142,82368,876,1228,15531,
247.58572340937215,82367,877,1228,15531,
247.58624552192632,82367,876,1229,15531,
247.5913084647697,82367,875,1230,15531,
247.59171307203135,82367,874,1231,15531,
247.59202518613634,82367,873,1232,15531,
247.59478606468798,82366,874,1232,15531,
247.59634338192708,82366,873,1233,15531,
247.59722213413397,82366,873,1232,15532,
247.59927741345925,82366,872,1233,15532,
247.60237957401776,82366,872,1232,15533,
247.6056787339529,82366,871,1233,15533,
247.60770176897296,82366,870,1234,15533,
247.60869739793722,82366,869,1235,15533,
247.6106439265424,82366,869,1234,15534,
247.6116832255261,82366,869,1233,15535,
247.61364015614882,82365,870,1233,15535,
247.61525829123843,82364,871,1233,15535,
247.61549395286704,82364,870,1234,15535,
247.61669045933343,82363,871,1234,15535,
247.6170041784952,82362,872,1234,15535,
247.61834832784723,82361,873,1234,15535,
247.6201531791278,82361,873,1233,15536,
247.62248211220708,82360,874,1233,15536,
247.62303530237136,82360,873,1234,15536,
247.62385485420094,82360,872,1235,15536,
247.62475006690326,82360,872,1234,15537,
247.62586874167107,82360,872,1233,15538,
247.63243141219772,82360,872,1232,15539,
247.6338877158497,82360,872,1231,15540,
247.63409566770434,82359,873,1231,15540,
247.63475767152124,82359,873,1230,15541,
247.63596817890638,82358,874,1230,15541,
247.63699774981825,82358,873,1231,15541,
247.63700676885273,82357,874,1231,15541,
247.63850130635637,82357,873,1232,15541,
247.641110617816,82356,874,1232,15541,
247.64975375583882,82355,875,1232,15541,
247.65613424286397,82355,874,1233,15541,
247.6571200407931,82355,873,1234,15541,
247.658633364245,82354,874,1234,15541,
247.66029221268158,82353,875,1234,15541,
247.6607968937563,82353,875,1233,15542,
247.6618148227214,82353,874,1234,15542,
247.6640342189955,82353,873,1235,15542,
247.66448130613486,82352,874,1235,15542,
247.66753028542684,82352,873,1236,15542,
247.66959712487875,82351,874,1236,15542,
247.67198818503468,82351,873,1237,15542,
247.67255280910805,82351,872,1238,15542,
247.6755831071189,82351,872,1237,15543,
247.67602605863587,82350,873,1237,15543,
247.6796313359811,82350,873,1236,15544,
247.67988228305725,82350,873,1235,15545,
247.68088217351914,82350,872,1236,15545,
247.6823672547048,82349,873,1236,15545,
247.68458860548182,82349,872,1237,15545,
247.6874090403828,82348,873,1237,15545,
247.69373801618337,82347,874,1237,15545,
247.6971120264169,82347,873,1238,15545,
247.69826698692714,82346,874,1238,15545,
247.69965087149438,82345,875,1238,15545,
247.70271719410925,82345,875,1237,15546,
247.7034749820036,82345,874,1238,15546,
247.70493768723256,82344,875,1238,15546,
247.7054167277691,82343,876,1238,15546,
247.7071487831546,82342,877,1238,15546,
247.7082484187414,82342,877,1237,15547,
247.7092694192214,82342,877,1236,15548,
247.7105087783328,82342,876,1237,15548,
247.7111626096576,82341,877,1237,15548,
247.71178413166382,82341,876,1238,15548,
247.7135645160127,82340,877,1238,15548,
247.7275646097417,82340,877,1237,15549,
247.7286090821534,82339,878,1237,15549,
247.72936170519162,82339,878,1236,15550,
247.738298512621,82339,877,1237,15550,
247.7385691852124,82339,877,1236,15551,
247.74108861529936,82338,878,1236,15551,
247.75190012047008,82338,877,1237,15551,
247.7527860805187,82337,878,1237,15551,
247.7538064801388,82337,878,1236,15552,
247.7661350684564,82336,879,1236,15552,
247.76748684052814,82336,878,1237,15552,
247.76787082781146,82336,877,1238,15552,
247.76876944950527,82335,878,1238,15552,
247.77113413398357,82335,877,1239,15552,
247.77430184686526,82335,877,1238,15553,
247.7748214822903,82334,878,1238,15553,
247.7754059371293,82333,879,1238,15553,
247.77582101216876,82333,878,1239,15553,
247.7787104244228,82333,878,1238,15554,
247.7793185040103,82333,878,1237,15555,
247.77993427345132,82332,879,1237,15555,
247.7817602232166,82331,880,1237,15555,
247.78620351552644,82330,881,1237,15555,
247.78721036897684,82329,882,1237,15555,
247.79077711191815,82328,883,1237,15555,
247.79409006219015,82327,884,1237,15555,
247.7942404289966,82326,885,1237,15555,
247.7955772943063,82325,886,1237,15555,
247.79580332108708,82325,885,1238,15555,
247.79830841009223,82325,884,1239,15555,
247.79946021983127,82325,884,1238,15556,
247.80081605194349,82324,885,1238,15556,
247.8008697370558,82323,886,1238,15556,
247.80637236223063,82322,887,1238,15556,
247.80986252141133,82321,888,1238,15556,
247.81060247590386,82321,887,1239,15556,
247.81441242214828,82320,888,1239,15556,
247.8158708698028,82320,888,1238,15557,
247.81681400601485,82320,888,1237,15558,
247.81749044550043,82319,889,1237,15558,
247.8203366323517,82319,888,1238,15558,
247.82158259267567,82319,887,1239,15558,
247.82306001984642,82318,888,1239,15558,
247.82327845789422,82318,888,1238,15559,
247.82360435465495,82318,887,1239,15559,
247.823787211279,82318,887,1238,15560,
247.82592611137062,82318,887,1237,15561,
247.8322532025836,82317,888,1237,15561,
247.83225946411554,82317,887,1238,15561,
247.8327431168788,82317,887,1237,15562,
247.83427069177836,82317,886,1238,15562,
247.8345053523426,82317,886,1237,15563,
247.83470461264068,82317,885,1238,15563,
247.8371771786447,82317,884,1239,15563,
247.83791489822792,82316,885,1239,15563,
247.84002898214789,82316,884,1240,15563,
247.84203741247137,82316,884,1239,15564,
247.84354275129778,82316,883,1240,15564,
247.84477441223305,82316,883,1239,15565,
247.8448256581721,82316,882,1240,15565,
247.8469438119533,82316,882,1239,15566,
247.85076549617463,82315,883,1239,15566,
247.85435946039357,82315,882,1240,15566,
247.85580721512815,82314,883,1240,15566,
247.8575524776027,82314,883,1239,15567,
247.85829762058916,82313,884,1239,15567,
247.86250466975014,82313,883,1240,15567,
247.8657781268875,82312,884,1240,15567,
247.86591825123287,82312,884,1239,15568,
247.86816499435628,82312,884,1238,15569,
247.86967930318025,82312,883,1239,15569,
247.8697043410946,82311,884,1239,15569,
247.8704414501548,82311,884,1238,15570,
247.8707715029053,82311,884,1237,15571,
247.87272079705144,82310,885,1237,15571,
247.8755491409446,82310,885,1236,15572,
247.87627544641492,82310,884,1237,15572,
247.87650181720917,82310,884,1236,15573,
247.87900100623045,82309,885,1236,15573,
247.8817032591138,82309,885,1235,15574,
247.88435604499355,82309,884,1236,15574,
247.88528537966013,82308,885,1236,15574,
247.88782269371347,82308,884,1237,15574,
247.89153815064935,82307,885,1237,15574,
247.89237101923905,82307,885,1236,15575,
247.8970869456292,82307,885,1235,15576,
247.8979815401191,82307,884,1236,15576,
247.89875828821437,82307,884,1235,15577,
247.90256116345714,82307,883,1236,15577,
247.90257555514927,82306,884,1236,15577,
247.9058879461953,82305,885,1236,15577,
247.91089804065408,82304,886,1236,15577,
247.91478014662488,82303,887,1236,15577,
247.91508813243237,82302,888,1236,15577,
247.92161609753842,82301,889,1236,15577,
247.92360011991087,82301,888,1237,15577,
247.92366184700396,82300,889,1237,15577,
247.92592423652525,82300,888,1238,15577,
247.92938197540428,82300,887,1239,15577,
247.9311645729733,82300,887,1238,15578,
247.93536945819883,82299,888,1238,15578,
247.93733779394822,82299,888,1237,15579,
247.9374543867697,82299,887,1238,15579,
247.93782853320727,82299,887,1237,15580,
247.94531251048096,82299,887,1236,15581,
247.94562730386895,82299,887,1235,15582,
247.94579376891937,82298,888,1235,15582,
247.94883721645996,82298,888,1234,15583,
247.94925164743245,82298,887,1235,15583,
247.95009804882042,82298,886,1236,15583,
247.952062350063,82298,885,1237,15583,
247.95388215363874,82298,885,1236,15584,
247.95732420156014,82298,885,1235,15585,
247.95885342511872,82297,886,1235,15585,
247.96132282224133,82296,887,1235,15585,
247.96700534576905,82296,886,1236,15585,
247.9671660806702,82296,886,1235,15586,
247.96918893357713,82295,887,1235,15586,
247.97344350772985,82295,887,1234,15587,
247.97646759800432,82295,886,1235,15587,
247.97846596669555,82294,887,1235,15587,
247.97902647135226,82294,886,1236,15587,
247.98116672440884,82293,887,1236,15587,
247.98199427028877,82293,887,1235,15588,
247.98389008523375,82293,886,1236,15588,
247.98554978361702,82293,885,1237,15588,
247.98615331522066,82293,884,1238,15588,
247.9872456167459,82293,884,1237,15589,
247.98739723992844,82293,883,1238,15589,
247.9885222548874,82293,882,1239,15589,
247.98954771494783,82293,881,1240,15589,
247.99030452130884,82293,880,1241,15589,
247.99088156169506,82292,881,1241,15589,
247.99133854646115,82291,882,1241,15589,
247.99386352130273,82290,883,1241,15589,
248.00029610339774,82290,883,1240,15590,
248.00544273059893,82290,882,1241,15590,
248.00577955486975,82290,881,1242,15590,
248.00941232010103,82290,881,1241,15591,
248.0147816472634,82290,881,1240,15592,
248.01489270624978,82289,882,1240,15592,
248.0153127901626,82289,881,1241,15592,
248.016056110489,82288,882,1241,15592,
248.01717014722212,82287,883,1241,15592,
248.01878387433263,82287,883,1240,15593,
248.0190211627904,82287,883,1239,15594,
248.02385849153436,82286,884,1239,15594,
248.02424682708426,82285,885,1239,15594,
248.0250908602994,82285,885,1238,15595,
248.02680953376824,82285,885,1237,15596,
248.02850520243905,82285,884,1238,15596,
248.03134288993806,82285,884,1237,15597,
248.03190402814477,82285,883,1238,15597,
248.0324495171798,82284,884,1238,15597,
248.0354292227628,82284,883,1239,15597,
248.03815449024435,82284,882,1240,15597,
248.0409999009247,82283,883,1240,15597,
248.0413962809407,82283,883,1239,15598,
248.04307122990963,82282,884,1239,15598,
248.0436059746891,82282,884,1238,15599,
248.04641565143635,82282,883,1239,15599,
248.04706156552226,82282,883,1238,15600,
248.04750747997696,82282,883,1237,15601,
248.04872691937086,82281,884,1237,15601,
248.04938039361832,82281,884,1236,15602,
248.04993862543435,82280,885,1236,15602,
248.05398164946803,82279,886,1236,15602,
248.05610914907948,82279,885,1237,15602,
248.05748920045602,82279,885,1236,15603,
248.0600316484353,82278,886,1236,15603,
248.0608021381831,82278,886,1235,15604,
248.06393864264166,82277,887,1235,15604,
248.06472288981604,82277,887,1234,15605,
248.0647891443368,82276,888,1234,15605,
248.0670146277788,82276,888,1233,15606,
248.06838582810678,82275,889,1233,15606,
248.07094600091847,82275,889,1232,15607,
248.07220583873246,82275,888,1233,15607,
248.07271180111744,82274,889,1233,15607,
248.0750215597614,82273,890,1233,15607,
248.0762092141183,82272,891,1233,15607,
248.07690170472887,82272,890,1234,15607,
248.07830621671144,82272,889,1235,15607,
248.07894227847805,82271,890,1235,15607,
248.07972235016445,82271,890,1234,15608,
248.08079021758252,82271,890,1233,15609,
248.0809588911374,82270,891,1233,15609,
248.08206353430788,82270,890,1234,15609,
248.08580376060112,82270,890,1233,15610,
248.08713459537103,82270,889,1234,15610,
248.08839482077482,82269,890,1234,15610,
248.08891611351248,82268,891,1234,15610,
248.0905158770341,82268,891,1233,15611,
248.09137693121065,82268,891,1232,15612,
248.09223140205356,82268,890,1233,15612,
248.09640568544722,82268,889,1234,15612,
248.09971828660068,82268,888,1235,15612,
248.10195595527142,82268,888,1234,15613,
248.1026502738215,82268,887,1235,15613,
248.10639109495597,82268,886,1236,15613,
248.10836536056516,82268,886,1235,15614,
248.10861785939355,82268,886,1234,15615,
248.11321330831854,82268,886,1233,15616,
248.1168181214453,82268,885,1234,15616,
248.1189666740525,82267,886,1234,15616,
248.11917747041787,82266,887,1234,15616,
248.12489168046756,82266,886,1235,15616,
248.12557212880432,82265,887,1235,15616,
248.12725391979825,82264,888,1235,15616,
248.13423070269678,82264,887,1236,15616,
248.13679686229273,82264,887,1235,15617,
248.138821663961,82264,886,1236,15617,
248.1420614180138,82264,885,1237,15617,
248.14313894984443,82264,885,1236,15618,
248.14388043167787,82263,886,1236,15618,
248.1443880669121,82263,886,1235,15619,
248.14596896899397,82263,885,1236,15619,
248.14641112128382,82263,885,1235,15620,
248.14783966439632,82263,885,1234,15621,
248.14793578746549,82262,886,1234,15621,
248.15056361454106,82262,885,1235,15621,
248.15253910970546,82261,886,1235,15621,
248.15692741384828,82261,886,1234,15622,
248.1691714799898,82261,885,1235,15622,
248.169944220726,82261,884,1236,15622,
248.17119092095365,82260,885,1236,15622,
248.17236809958214,82259,886,1236,15622,
248.17326722561782,82259,886,1235,15623,
248.17525684588895,82258,887,1235,15623,
248.17731101944355,82258,887,1234,15624,
248.18158988565006,82257,888,1234,15624,
248.1839279041247,82257,887,1235,15624,
248.18508804387625,82256,888,1235,15624,
248.18541628510215,82256,887,1236,15624,
248.18552693111593,82255,888,1236,15624,
248.19079616163782,82254,889,1236,15624,
248.1912188991915,82254,889,1235,15625,
248.1965175703704,82254,889,1234,15626,
248.19889386824877,82254,888,1235,15626,
248.2002618881622,82254,888,1234,15627,
248.201148280263,82254,887,1235,15627,
248.20517258309278,82254,886,1236,15627,
248.20772091195607,82253,887,1236,15627,
248.21350356202848,82253,887,1235,15628,
248.21392546727765,82252,888,1235,15628,
248.2140948113901,82251,889,1235,15628,
248.21512828241822,82251,888,1236,15628,
248.22119311061698,82250,889,1236,15628,
248.22134392464054,82250,889,1235,15629,
248.22153628410263,82249,890,1235,15629,
248.2222544918995,82249,889,1236,15629,
248.22396231750807,82248,890,1236,15629,
248.2274050702413,82248,889,1237,15629,
248.22943559726886,82247,890,1237,15629,
248.23295248225787,82246,891,1237,15629,
248.23612805236638,82246,890,1238,15629,
248.23642811782142,82246,890,1237,15630,
248.23887842365104,82245,891,1237,15630,
248.24091891349644,82245,890,1238,15630,
248.24254539043457,82245,889,1239,15630,
248.2446426301508,82245,888,1240,15630,
248.24640756025838,82244,889,1240,15630,
248.24732824851012,82244,889,1239,15631,
248.25278901018967,82244,888,1240,15631,
248.254399397566,82244,887,1241,15631,
248.27172023921426,82243,888,1241,15631,
248.27186807951145,82243,887,1242,15631,
248.27210211040904,82243,886,1243,15631,
248.27330967321396,82243,886,1242,15632,
248.2733633706657,82243,885,1243,15632,
248.27525504777677,82243,885,1242,15633,
248.2753816256369,82242,886,1242,15633,
248.27663628795432,82242,885,1243,15633,
248.28081579338613,82242,885,1242,15634,
248.28565283747275,82242,885,1241,15635,
248.28664824543048,82242,885,1240,15636,
248.28889227152752,82242,884,1241,15636,
248.28917277622807,82242,883,1242,15636,
248.2928558584193,82242,883,1241,15637,
248.2937862912173,82242,882,1242,15637,
248.29491603694572,82242,881,1243,15637,
248.29975157385664,82242,881,1242,15638,
248.30237553399908,82242,881,1241,15639,
248.3026927250073,82242,880,1242,15639,
248.30353402296475,82242,880,1241,15640,
248.30561854987192,82242,880,1240,15641,
248.3074197510259,82242,879,1241,15641,
248.30826498355134,82242,878,1242,15641,
248.30889694923547,82242,877,1243,15641,
248.31790195831917,82241,878,1243,15641,
248.31927238055803,82241,878,1242,15642,
248.32504978319056,82240,879,1242,15642,
248.32895267219575,82239,880,1242,15642,
248.32912616910124,82239,879,1243,15642,
248.3308392570437,82239,879,1242,15643,
248.3320914035282,82239,879,1241,15644,
248.336224993121,82238,880,1241,15644,
248.33778199607303,82237,881,1241,15644,
248.3388578602267,82237,881,1240,15645,
248.3415262473447,82236,882,1240,15645,
248.34186214241672,82235,883,1240,15645,
248.3422658094458,82235,883,1239,15646,
248.34245321969857,82235,882,1240,15646,
248.34295296811467,82234,883,1240,15646,
248.34389485555099,82233,884,1240,15646,
248.34500456018247,82232,885,1240,15646,
248.34549648976392,82231,886,1240,15646,
248.3455340675795,82230,887,1240,15646,
248.34620835363918,82230,887,1239,15647,
248.3484523447651,82230,887,1238,15648,
248.3575390187478,82230,887,1237,15649,
248.35931677516803,82230,886,1238,15649,
248.3593778463905,82229,887,1238,15649,
248.3598687342469,82229,886,1239,15649,
248.3603340057972,82229,885,1240,15649,
248.36166560667542,82229,885,1239,15650,
248.36418097350523,82229,884,1240,15650,
248.36787792846218,82229,883,1241,15650,
248.368496205465,82229,882,1242,15650,
248.37479959086988,82229,881,1243,15650,
248.37483915211723,82229,880,1244,15650,
248.3776782697757,82229,880,1243,15651,
248.38056708970885,82228,881,1243,15651,
248.38083676109233,82227,882,1243,15651,
248.38114239145793,82226,883,1243,15651,
248.38168038732996,82226,882,1244,15651,
248.38291198545556,82226,882,1243,15652,
248.3830558958035,82226,882,1242,15653,
248.38402644104707,82226,881,1243,15653,
248.38462238960514,82226,880,1244,15653,
248.3895514033208,82225,881,1244,15653,
248.38990438391983,82225,880,1245,15653,
248.39467056433134,82225,879,1246,15653,
248.3999042673465,82224,880,1246,15653,
248.40004190286515,82224,879,1247,15653,
248.40108431877835,82223,880,1247,15653,
248.40403526279198,82223,880,1246,15654,
248.40426876115038,82223,880,1245,15655,
248.406113079792,82223,880,1244,15656,
248.40650720088504,82222,881,1244,15656,
248.40684204064584,82221,882,1244,15656,
248.40691767972277,82221,882,1243,15657,
248.4139442290604,82221,882,1242,15658,
248.4187695377563,82221,882,1241,15659,
248.41898871181974,82220,883,1241,15659,
248.42071181714877,82220,882,1242,15659,
248.42118795013002,82220,881,1243,15659,
248.4212411951501,82219,882,1243,15659,
248.42249530199538,82219,882,1242,15660,
248.43052055904909,82219,881,1243,15660,
248.43094765418434,82219,880,1244,15660,
248.4315214113928,82218,881,1244,15660,
248.43308042414526,82217,882,1244,15660,
248.43527400503257,82216,883,1244,15660,
248.43567953720066,82215,884,1244,15660,
248.43638221192666,82215,884,1243,15661,
248.43685442977846,82215,883,1244,15661,
248.44139395301372,82214,884,1244,15661,
248.44170794840258,82213,885,1244,15661,
248.44311541413214,82213,884,1245,15661,
248.4436098976288,82213,883,1246,15661,
248.4442027067369,82213,883,1245,15662,
248.45028036332988,82213,883,1244,15663,
248.45114202079247,82213,882,1245,15663,
248.4556675865252,82213,881,1246,15663,
248.4612412614312,82213,880,1247,15663,
248.463243738524,82213,880,1246,15664,
248.46325735999207,82213,879,1247,15664,
248.46386705428054,82213,878,1248,15664,
248.46807466757727,82213,877,1249,15664,
248.4699905148729,82213,876,1250,15664,
248.47045665942397,82213,876,1249,15665,
248.47115816335435,82213,876,1248,15666,
248.47579561001015,82213,875,1249,15666,
248.47619028829288,82212,876,1249,15666,
248.48070908314517,82212,875,1250,15666,
248.48133643882903,82212,875,1249,15667,
248.48319107293216,82211,876,1249,15667,
248.48361498808208,82211,876,1248,15668,
248.4857066128432,82211,875,1249,15668,
248.49027513784114,82211,875,1248,15669,
248.49694364815124,82210,876,1248,15669,
248.49759130035915,82210,876,1247,15670,
248.49907637038723,82210,876,1246,15671,
248.49915443346262,82209,877,1246,15671,
248.50008575772347,82209,877,1245,15672,
248.5002394780351,82209,876,1246,15672,
248.50097080213382,82209,875,1247,15672,
248.5026562623323,82208,876,1247,15672,
248.5040999420868,82208,875,1248,15672,
248.50519797772893,82208,875,1247,15673,
248.50739667724898,82207,876,1247,15673,
248.51136429946212,82207,876,1246,15674,
248.5128814747411,82207,876,1245,15675,
248.5141980596294,82206,877,1245,15675,
248.5152404161631,82206,876,1246,15675,
248.51785383341348,82205,877,1246,15675,
248.51985682442307,82204,878,1246,15675,
248.52183881237778,82203,879,1246,15675,
248.5262792636976,82202,880,1246,15675,
248.5265632309762,82202,879,1247,15675,
248.52698507352477,82201,880,1247,15675,
248.52744148868055,82201,879,1248,15675,
248.53161804417934,82201,878,1249,15675,
248.5377721528626,82201,877,1250,15675,
248.54075234693656,82201,876,1251,15675,
248.5436466138941,82201,875,1252,15675,
248.54558185107945,82201,874,1253,15675,
248.54583946076522,82201,874,1252,15676,
248.5474039815854,82201,874,1251,15677,
248.54768394310094,82201,874,1250,15678,
248.54935772645896,82201,874,1249,15679,
248.552033964228,82200,875,1249,15679,
248.55445436405964,82199,876,1249,15679,
248.5577150991224,82199,876,1248,15680,
248.559401881423,82199,875,1249,15680,
248.56000256384846,82199,875,1248,15681,
248.56028827039376,82199,875,1247,15682,
248.56356916929587,82199,874,1248,15682,
248.56558002766005,82198,875,1248,15682,
248.56605111207546,82198,875,1247,15683,
248.56660912406798,82197,876,1247,15683,
248.56891434703167,82196,877,1247,15683,
248.57489324608505,82195,878,1247,15683,
248.5760663792694,82195,878,1246,15684,
248.57949646534118,82195,877,1247,15684,
248.58145414758718,82195,877,1246,15685,
248.58256766093248,82194,878,1246,15685,
248.58730063440305,82194,878,1245,15686,
248.5889775443862,82193,879,1245,15686,
248.59118437637704,82193,879,1244,15687,
248.593705878411,82192,880,1244,15687,
248.59743390780875,82192,880,1243,15688,
248.6019290428406,82192,880,1242,15689,
248.60416499344325,82192,880,1241,15690,
248.60434500837448,82191,881,1241,15690,
248.60518622084084,82191,880,1242,15690,
248.6052404901983,82191,880,1241,15691,
248.60629119413326,82191,880,1240,15692,
248.6134962504562,82190,881,1240,15692,
248.61464917623047,82189,882,1240,15692,
248.61665277238893,82188,883,1240,15692,
248.6184511457047,82188,882,1241,15692,
248.62018631313256,82187,883,1241,15692,
248.62211170501098,82187,882,1242,15692,
248.62790445786942,82187,882,1241,15693,
248.62847183991778,82187,881,1242,15693,
248.63497177801625,82187,880,1243,15693,
248.63794855748785,82187,879,1244,15693,
248.64072620098844,82187,878,1245,15693,
248.64101168694873,82187,878,1244,15694,
248.6420302251236,82187,878,1243,15695,
248.64872981275238,82186,879,1243,15695,
248.6518379740347,82185,880,1243,15695,
248.65402101046826,82185,879,1244,15695,
248.65454149814616,82185,878,1245,15695,
248.65598412186807,82185,878,1244,15696,
248.65954670957183,82185,877,1245,15696,
248.66538419084043,82185,876,1246,15696,
248.66837183408936,82185,875,1247,15696,
248.66873690948432,82185,875,1246,15697,
248.6736699914795,82185,874,1247,15697,
248.67397212917774,82185,873,1248,15697,
248.6743131420261,82185,872,1249,15697,
248.67445546618038,82185,871,1250,15697,
248.67702050182982,82185,871,1249,15698,
248.68075975073504,82185,871,1248,15699,
248.68144367509288,82184,872,1248,15699,
248.68256608620302,82183,873,1248,15699,
248.68309914675572,82183,873,1247,15700,
248.68312441890868,82183,873,1246,15701,
248.684014038761,82183,872,1247,15701,
248.6856247674169,82182,873,1247,15701,
248.6860731208463,82182,873,1246,15702,
248.68893538649374,82182,872,1247,15702,
248.69365428603794,82182,871,1248,15702,
248.69602474417047,82181,872,1248,15702,
248.70522811006506,82180,873,1248,15702,
248.70674055860889,82180,873,1247,15703,
248.70717787899858,82180,873,1246,15704,
248.70722880295256,82180,872,1247,15704,
248.70802979392295,82179,873,1247,15704,
248.71035902347444,82179,873,1246,15705,
248.71052984792377,82179,873,1245,15706,
248.7122857763808,82178,874,1245,15706,
248.7127641378354,82178,873,1246,15706,
248.71290251658195,82178,872,1247,15706,
248.71391052570158,82177,873,1247,15706,
248.71408536021238,82177,872,1248,15706,
248.7171181960812,82177,872,1247,15707,
248.7180476880037,82177,871,1248,15707,
248.7184562496533,82177,870,1249,15707,
248.72045706055152,82177,870,1248,15708,
248.72053271368532,82177,870,1247,15709,
248.72145617981622,82176,871,1247,15709,
248.72744865053298,82175,872,1247,15709,
248.72750932222996,82174,873,1247,15709,
248.7283527357341,82174,872,1248,15709,
248.72884493211205,82173,873,1248,15709,
248.72996324792308,82173,873,1247,15710,
248.73561687466764,82172,874,1247,15710,
248.73722666392644,82171,875,1247,15710,
248.7394386907353,82171,875,1246,15711,
248.74084780830205,82170,876,1246,15711,
248.74311587048274,82169,877,1246,15711,
248.74377207217097,82169,877,1245,15712,
248.74428987767175,82168,878,1245,15712,
248.74439976515225,82167,879,1245,15712,
248.7525377628345,82167,879,1244,15713,
248.75339215167304,82167,879,1243,15714,
248.75925441532314,82167,878,1244,15714,
248.7617258798927,82166,879,1244,15714,
248.7700885100747,82166,879,1243,15715,
248.7700978283945,82166,879,1242,15716,
248.77067200147238,82166,878,1243,15716,
248.7768259072177,82165,879,1243,15716,
248.7771815127575,82165,879,1242,15717,
248.77725770636792,82165,879,1241,15718,
248.7779073079548,82165,878,1242,15718,
248.7781708636651,82165,878,1241,15719,
248.77869272329903,82165,877,1242,15719,
248.77875598563452,82164,878,1242,15719,
248.78175184718805,82163,879,1242,15719,
248.78460459843006,82163,878,1243,15719,
248.78821315444566,82163,878,1242,15720,
248.79184383375005,82163,878,1241,15721,
248.79189888037334,82163,878,1240,15722,
248.7941291887914,82163,877,1241,15722,
248.79458510248145,82163,877,1240,15723,
248.79624297029054,82163,877,1239,15724,
248.79670249770496,82163,877,1238,15725,
248.80054930037159,82162,878,1238,15725,
248.80218933016087,82162,877,1239,15725,
248.80501655214067,82162,876,1240,15725,
248.8093648007414,82161,877,1240,15725,
248.81084701633614,82161,877,1239,15726,
248.81241870037644,82161,876,1240,15726,
248.81245312977137,82161,875,1241,15726,
248.81670175283259,82161,874,1242,15726,
248.82543760417227,82161,874,1241,15727,
248.82546997807884,82161,874,1240,15728,
248.82590387939652,82160,875,1240,15728,
248.82666177440188,82160,874,1241,15728,
248.8268994985775,82160,873,1242,15728,
248.82899900687772,82159,874,1242,15728,
248.83024872099287,82159,873,1243,15728,
248.83183396626546,82159,872,1244,15728,
248.83218192700323,82158,873,1244,15728,
248.83658153584406,82158,872,1245,15728,
248.84724953065665,82157,873,1245,15728,
248.84801726036318,82157,873,1244,15729,
248.8490724904736,82157,873,1243,15730,
248.8506789454889,82156,874,1243,15730,
248.85111649229367,82155,875,1243,15730,
248.85232648477688,82155,874,1244,15730,
248.85667386556872,82154,875,1244,15730,
248.8571379754828,82153,876,1244,15730,
248.8599193787354,82153,876,1243,15731,
248.8611642081899,82153,875,1244,15731,
248.86449115052855,82153,874,1245,15731,
248.86454585663986,82153,874,1244,15732,
248.865442036781,82152,875,1244,15732,
248.86559528772824,82152,875,1243,15733,
248.87350680029564,82151,876,1243,15733,
248.8744577286041,82150,877,1243,15733,
248.87488591613516,82149,878,1243,15733,
248.87524986234274,82148,879,1243,15733,
248.87627798847876,82148,879,1242,15734,
248.87629069301107,82148,878,1243,15734,
248.8791371728582,82148,877,1244,15734,
248.8791996466424,82147,878,1244,15734,
248.88242902193,82146,879,1244,15734,
248.883233064139,82145,880,1244,15734,
248.8838023041771,82145,880,1243,15735,
248.88521081778538,82145,880,1242,15736,
248.88609911267076,82144,881,1242,15736,
248.889587697711,82144,880,1243,15736,
248.88963443871475,82143,881,1243,15736,
248.89200024636406,82143,880,1244,15736,
248.8933917165178,82143,879,1245,15736,
248.8966112698042,82142,880,1245,15736,
248.89704392477654,82142,880,1244,15737,
248.90029352545398,82142,879,1245,15737,
248.90258739283047,82142,878,1246,15737,
248.9029602958612,82142,877,1247,15737,
248.90544697125924,82141,878,1247,15737,
248.90545421013138,82141,878,1246,15738,
248.91063645959957,82141,877,1247,15738,
248.91268250604264,82141,877,1246,15739,
248.91609991609093,82141,877,1245,15740,
248.9218699506748,82140,878,1245,15740,
248.92288751436212,82139,879,1245,15740,
248.9230033379772,82138,880,1245,15740,
248.92484565548347,82138,879,1246,15740,
248.92561238135053,82137,880,1246,15740,
248.93624523106135,82137,880,1245,15741,
248.93749821317655,82136,881,1245,15741,
248.9378316261306,82135,882,1245,15741,
248.94088756664166,82135,881,1246,15741,
248.94108633279652,82135,881,1245,15742,
248.94660637986973,82134,882,1245,15742,
248.94661679919523,82134,882,1244,15743,
248.94786915029664,82134,881,1245,15743,
248.9501949621914,82134,880,1246,15743,
248.95331836163913,82134,879,1247,15743,
248.95701385656395,82134,878,1248,15743,
248.9665666475011,82134,878,1247,15744,
248.96760082768594,82134,877,1248,15744,
248.9686470853062,82134,877,1247,15745,
248.97202522730362,82134,876,1248,15745,
248.97468068988587,82133,877,1248,15745,
248.97746673482243,82133,877,1247,15746,
248.97753493683996,82133,877,1246,15747,
248.97819336514968,82132,878,1246,15747,
248.97835703703979,82132,878,1245,15748,
248.97916114136405,82132,878,1244,15749,
248.98073179188788,82132,877,1245,15749,
248.98340722748776,82131,878,1245,15749,
248.9864886112661,82131,877,1246,15749,
248.9872075159683,82131,877,1245,15750,
248.98925239522174,82130,878,1245,15750,
248.99137207891792,82130,878,1244,15751,
248.99386212496285,82129,879,1244,15751,
248.9953192506095,82128,880,1244,15751,
248.9993172575614,82128,880,1243,15752,
248.99937758715538,82127,881,1243,15752,
249.00352334129101,82127,881,1242,15753,
249.0058239783201,82126,882,1242,15753,
249.01021914874948,82125,883,1242,15753,
249.01319893010006,82124,884,1242,15753,
249.01341604311995,82124,884,1241,15754,
249.01374000300123,82124,884,1240,15755,
249.0156694789193,82123,885,1240,15755,
249.01885922283464,82122,886,1240,15755,
249.01974478407897,82122,886,1239,15756,
249.01979354411193,82122,885,1240,15756,
249.0245918664272,82121,886,1240,15756,
249.02521435991565,82121,886,1239,15757,
249.026242634418,82120,887,1239,15757,
249.02681702770997,82119,888,1239,15757,
249.02862477926664,82119,888,1238,15758,
249.02920241323181,82118,889,1238,15758,
249.03086133690326,82118,889,1237,15759,
249.03184209602077,82118,889,1236,15760,
249.0339630749003,82117,890,1236,15760,
249.03716261858128,82117,889,1237,15760,
249.03873548916695,82117,889,1236,15761,
249.04228506012254,82117,888,1237,15761,
249.04262436810507,82117,887,1238,15761,
249.04333717044065,82116,888,1238,15761,
249.04408456534162,82116,888,1237,15762,
249.0488763268207,82116,887,1238,15762,
249.04926847140655,82116,887,1237,15763,
249.05063949932406,82116,887,1236,15764,
249.05083792271176,82116,886,1237,15764,
249.05372468090846,82116,885,1238,15764,
249.05394538525192,82115,886,1238,15764,
249.05813355204018,82115,885,1239,15764,
249.0586557704715,82115,884,1240,15764,
249.0589701875258,82115,883,1241,15764,
249.06035068888067,82114,884,1241,15764,
249.06416644382807,82113,885,1241,15764,
249.06524637391703,82113,884,1242,15764,
249.06976303457375,82113,883,1243,15764,
249.07417988480844,82113,883,1242,15765,
249.08327165902287,82113,882,1243,15765,
249.0839661148057,82112,883,1243,15765,
249.08490325584805,82112,883,1242,15766,
249.0849105772929,82112,882,1243,15766,
249.0874794027671,82112,882,1242,15767,
249.08787501831765,82111,883,1242,15767,
249.0917260461638,82110,884,1242,15767,
249.09780399318342,82110,883,1243,15767,
249.0999091640114,82110,882,1244,15767,
249.1014251140068,82109,883,1244,15767,
249.10229842913773,82109,882,1245,15767,
249.1034405580902,82109,881,1246,15767,
249.10382896681722,82109,880,1247,15767,
249.106284215932,82109,879,1248,15767,
249.10641300078385,82108,880,1248,15767,
249.1114113217192,82107,881,1248,15767,
249.11171584430085,82107,880,1249,15767,
249.11176856005645,82107,879,1250,15767,
249.11627672099274,82107,878,1251,15767,
249.11656388035604,82106,879,1251,15767,
249.12194537877932,82105,880,1251,15767,
249.12237212041742,82105,880,1250,15768,
249.12306508665415,82105,880,1249,15769,
249.1234122561974,82104,881,1249,15769,
249.1267724823139,82104,880,1250,15769,
249.1333872046338,82104,879,1251,15769,
249.134155308255,82104,878,1252,15769,
249.13890718942739,82103,879,1252,15769,
249.13997068096725,82103,878,1253,15769,
249.14279473463392,82103,877,1254,15769,
249.1445152268096,82102,878,1254,15769,
249.14797573152345,82101,879,1254,15769,
249.1506745819269,82101,879,1253,15770,
249.15269160415332,82101,878,1254,15770,
249.15429789820138,82100,879,1254,15770,
249.1611706904833,82100,878,1255,15770,
249.1618967728125,82100,877,1256,15770,
249.1679463028869,82099,878,1256,15770,
249.16884139029986,82098,879,1256,15770,
249.17462696409115,82098,878,1257,15770,
249.17464147951435,82098,877,1258,15770,
249.17562338794994,82097,878,1258,15770,
249.17671694567034,82097,878,1257,15771,
249.1772492076345,82096,879,1257,15771,
249.17741679404378,82096,879,1256,15772,
249.17914290589405,82096,878,1257,15772,
249.18400458480312,82095,879,1257,15772,
249.1858472225595,82094,880,1257,15772,
249.18710167641365,82094,879,1258,15772,
249.18731692303848,82094,879,1257,15773,
249.18922557687318,82094,879,1256,15774,
249.18959977948774,82094,878,1257,15774,
249.19142123496513,82093,879,1257,15774,
249.19191553396303,82093,878,1258,15774,
249.1919757569458,82093,877,1259,15774,
249.1919801890527,82092,878,1259,15774,
249.19261955759367,82092,878,1258,15775,
249.19409020720144,82091,879,1258,15775,
249.19482116011653,82091,879,1257,15776,
249.19873309339968,82091,879,1256,15777,
249.20057542742842,82091,878,1257,15777,
249.2014883993476,82091,878,1256,15778,
249.20293711293064,82090,879,1256,15778,
249.20407426753306,82090,879,1255,15779,
249.20492438475446,82090,879,1254,15780,
249.20585257172993,82089,880,1254,15780,
249.2065692581675,82089,880,1253,15781,
249.2075453635112,82089,880,1252,15782,
249.2092326788603,82089,880,1251,15783,
249.21025244882182,82088,881,1251,15783,
249.21111260387775,82088,880,1252,15783,
249.2165466224081,82087,881,1252,15783,
249.21835767723638,82087,881,1251,15784,
249.2224811312795,82086,882,1251,15784,
249.22368253689058,82086,882,1250,15785,
249.22411457974954,82086,881,1251,15785,
249.2254810101321,82086,881,1250,15786,
249.2269454370744,82086,880,1251,15786,
249.22754597146968,82086,880,1250,15787,
249.22776831635335,82086,880,1249,15788,
249.2290483454955,82085,881,1249,15788,
249.23017173689604,82085,880,1250,15788,
249.2310370399754,82084,881,1250,15788,
249.2312358374027,82083,882,1250,15788,
249.2331344255417,82083,881,1251,15788,
249.23358034626804,82083,880,1252,15788,
249.23387428025097,82083,879,1253,15788,
249.23417719325255,82082,880,1253,15788,
249.23678722486113,82082,879,1254,15788,
249.2388457102887,82081,880,1254,15788,
249.24065154837146,82081,880,1253,15789,
249.2452869755467,82080,881,1253,15789,
249.24529251094683,82079,882,1253,15789,
249.24579107661935,82079,882,1252,15790,
249.24592504492426,82079,882,1251,15791,
249.2481586072477,82079,882,1250,15792,
249.2501433566645,82078,883,1250,15792,
249.25131234162882,82078,882,1251,15792,
249.25244967517796,82077,883,1251,15792,
249.2584355642837,82077,883,1250,15793,
249.2589428599869,82077,882,1251,15793,
249.25917997133158,82077,882,1250,15794,
249.25953532317772,82077,881,1251,15794,
249.26281083084666,82076,882,1251,15794,
249.2699072419261,82076,882,1250,15795,
249.27381613508214,82076,882,1249,15796,
249.27392012889635,82076,882,1248,15797,
249.2757323884695,82075,883,1248,15797,
249.27738202918854,82075,883,1247,15798,
249.279715471917,82074,884,1247,15798,
249.28481766090138,82074,884,1246,15799,
249.28522553511237,82073,885,1246,15799,
249.285575372967,82073,885,1245,15800,
249.28990760185354,82073,884,1246,15800,
249.290191911129,82073,884,1245,15801,
249.29842301211275,82073,883,1246,15801,
249.29910496679852,82073,882,1247,15801,
249.30273800419923,82072,883,1247,15801,
249.3027540591034,82072,883,1246,15802,
249.3037729503713,82072,883,1245,15803,
249.30573332465136,82072,883,1244,15804,
249.30581635614104,82071,884,1244,15804,
249.30614312998745,82070,885,1244,15804,
249.30628591474334,82070,884,1245,15804,
249.30704693128072,82069,885,1245,15804,
249.30734610896417,82069,884,1246,15804,
249.30957123323296,82069,883,1247,15804,
249.3131620515608,82069,883,1246,15805,
249.31483906031093,82068,884,1246,15805,
249.31514243025802,82067,885,1246,15805,
249.31585911557158,82066,886,1246,15805,
249.31599539012413,82065,887,1246,15805,
249.31704135388236,82064,888,1246,15805,
249.32035920727375,82063,889,1246,15805,
249.32234909689387,82063,889,1245,15806,
249.32270785494887,82063,888,1246,15806,
249.32358127430146,82063,888,1245,15807,
249.32718685486694,82063,888,1244,15808,
249.3294751297058,82063,888,1243,15809,
249.33347730537793,82062,889,1243,15809,
249.3365734773577,82062,888,1244,15809,
249.34208080669015,82061,889,1244,15809,
249.34315235060924,82061,889,1243,15810,
249.34381207324628,82061,888,1244,15810,
249.34776551691215,82060,889,1244,15810,
249.34981377957737,82059,890,1244,15810,
249.34981703078265,82058,891,1244,15810,
249.35011126488007,82058,890,1245,15810,
249.35013244633944,82058,889,1246,15810,
249.35040235738694,82058,889,1245,15811,
249.35050027498917,82057,890,1245,15811,
249.3535225945145,82057,889,1246,15811,
249.35472337021915,82057,888,1247,15811,
249.35518808628493,82056,889,1247,15811,
249.3569859117953,82055,890,1247,15811,
249.35758364191963,82055,890,1246,15812,
249.35847175337926,82055,889,1247,15812,
249.365408231972,82054,890,1247,15812,
249.366374029337,82054,890,1246,15813,
249.3666590618786,82054,889,1247,15813,
249.3673466153534,82054,888,1248,15813,
249.367357230227,82053,889,1248,15813,
249.3682994832428,82053,889,1247,15814,
249.37009368192827,82053,888,1248,15814,
249.3707819890709,82053,887,1249,15814,
249.37413895601986,82053,886,1250,15814,
249.37461480548654,82053,885,1251,15814,
249.37642419242314,82053,884,1252,15814,
249.376801379242,82053,883,1253,15814,
249.37744207092126,82053,882,1254,15814,
249.3780865215319,82053,882,1253,15815,
249.37896659897933,82052,883,1253,15815,
249.38473288451442,82051,884,1253,15815,
249.38873315974377,82051,883,1254,15815,
249.3917956572147,82050,884,1254,15815,
249.39333718502942,82050,883,1255,15815,
249.39414800776828,82049,884,1255,15815,
249.39440434819085,82049,883,1256,15815,
249.39476665561602,82048,884,1256,15815,
249.3953923437072,82047,885,1256,15815,
249.3957314962387,82047,885,1255,15816,
249.3958787220848,82047,885,1254,15817,
249.3985861796062,82047,885,1253,15818,
249.40004610689925,82047,884,1254,15818,
249.4003175847321,82046,885,1254,15818,
249.4007980520978,82046,884,1255,15818,
249.40643808370052,82046,884,1254,15819,
249.41148129660309,82045,885,1254,15819,
249.41158250258405,82044,886,1254,15819,
249.4118977273006,82043,887,1254,15819,
249.41255436306707,82043,887,1253,15820,
249.41509255256724,82043,886,1254,15820,
249.42011793064407,82043,885,1255,15820,
249.4212020152121,82042,886,1255,15820,
249.42214454219578,82042,886,1254,15821,
249.425086331989,82041,887,1254,15821,
249.426941561127,82040,888,1254,15821,
249.42922054580504,82040,887,1255,15821,
249.43243259623696,82039,888,1255,15821,
249.43499489887444,82038,889,1255,15821,
249.44065626223457,82038,888,1256,15821,
249.44380241394464,82038,888,1255,15822,
249.44519539597104,82037,889,1255,15822,
249.44584143570324,82037,888,1256,15822,
249.45050540646866,82036,889,1256,15822,
249.45056828186733,82035,890,1256,15822,
249.45288521407812,82035,890,1255,15823,
249.45716032814082,82035,890,1254,15824,
249.45893574306524,82034,891,1254,15824,
249.4593402847148,82034,891,1253,15825,
249.46128874774507,82034,890,1254,15825,
249.46144010522005,82034,890,1253,15826,
249.46151230712232,82034,889,1254,15826,
249.46327586742913,82034,889,1253,15827,
249.46576061274462,82034,888,1254,15827,
249.47091748207907,82033,889,1254,15827,
249.47137609248446,82033,889,1253,15828,
249.47154655998844,82033,889,1252,15829,
249.471794438615,82033,888,1253,15829,
249.47291198263605,82032,889,1253,15829,
249.47470210799352,82031,890,1253,15829,
249.4768374711497,82030,891,1253,15829,
249.48010933223293,82030,890,1254,15829,
249.48286581527907,82029,891,1254,15829,
249.48541231443312,82029,891,1253,15830,
249.48967882568826,82029,890,1254,15830,
249.4911888192709,82029,890,1253,15831,
249.49218452110637,82029,890,1252,15832,
249.49249793464674,82029,889,1253,15832,
249.49419558378426,82028,890,1253,15832,
249.49541081742655,82028,890,1252,15833,
249.5002967722412,82028,889,1253,15833,
249.5012659415352,82028,888,1254,15833,
249.50180894025496,82028,887,1255,15833,
249.50499221224567,82027,888,1255,15833,
249.50532425321194,82027,888,1254,15834,
249.50674211208306,82026,889,1254,15834,
249.51063102102867,82026,888,1255,15834,
249.51611413794916,82026,888,1254,15835,
249.51823735538758,82025,889,1254,15835,
249.52631131569586,82025,888,1255,15835,
249.52893616227524,82025,887,1256,15835,
249.53054451412783,82025,886,1257,15835,
249.53138328307512,82024,887,1257,15835,
249.53169228857797,82024,887,1256,15836,
249.53249709987753,82023,888,1256,15836,
249.53646626739462,82022,889,1256,15836,
249.53835459976793,82022,888,1257,15836,
249.5394693766063,82021,889,1257,15836,
249.54219272679288,82020,890,1257,15836,
249.5444683508449,82019,891,1257,15836,
249.54556636869444,82018,892,1257,15836,
249.54570407920724,82018,892,1256,15837,
249.54733699861276,82018,892,1255,15838,
249.54743334130407,82018,891,1256,15838,
249.54768958745083,82018,890,1257,15838,
249.55402580856693,82017,891,1257,15838,
249.55473077997786,82017,890,1258,15838,
249.55488829626074,82017,890,1257,15839,
249.55522693473483,82016,891,1257,15839,
249.55925120997344,82015,892,1257,15839,
249.55949010967637,82015,892,1256,15840,
249.5595551279219,82015,891,1257,15840,
249.5632882975866,82014,892,1257,15840,
249.5651237930104,82014,891,1258,15840,
249.56762444359092,82014,890,1259,15840,
249.56820823254174,82014,890,1258,15841,
249.5683476793013,82013,891,1258,15841,
249.57141211797926,82013,891,1257,15842,
249.5723054820249,82013,890,1258,15842,
249.572812979681,82012,891,1258,15842,
249.57329485117899,82012,891,1257,15843,
249.57549979235978,82011,892,1257,15843,
249.5819748716641,82011,892,1256,15844,
249.58617203703014,82010,893,1256,15844,
249.58775757295808,82010,892,1257,15844,
249.59082919057164,82009,893,1257,15844,
249.59119443181163,82008,894,1257,15844,
249.59355383829393,82008,894,1256,15845,
249.59414329021826,82008,893,1257,15845,
249.59451834119204,82008,893,1256,15846,
249.59720473446217,82008,892,1257,15846,
249.5977142608485,82008,891,1258,15846,
249.59835526368883,82007,892,1258,15846,
249.59995619182976,82007,891,1259,15846,
249.60012786807354,82007,891,1258,15847,
249.60029976888117,82006,892,1258,15847,
249.6005117672144,82006,892,1257,15848,
249.60339089276934,82005,893,1257,15848,
249.60503861476974,82004,894,1257,15848,
249.6059978556175,82003,895,1257,15848,
249.60673868161558,82003,894,1258,15848,
249.60784163304427,82003,893,1259,15848,
249.60808650034954,82002,894,1259,15848,
249.61336061595665,82002,893,1260,15848,
249.61603414231587,82002,892,1261,15848,
249.61665680795318,82001,893,1261,15848,
249.61836215457922,82001,892,1262,15848,
249.61912553442184,82001,891,1263,15848,
249.6191320737969,82000,892,1263,15848,
249.6202258506591,82000,891,1264,15848,
249.62213165629402,82000,891,1263,15849,
249.62243958955113,82000,891,1262,15850,
249.62356132737315,81999,892,1262,15850,
249.6258608509535,81998,893,1262,15850,
249.62650899677982,81998,892,1263,15850,
249.62968983868126,81998,891,1264,15850,
249.63241954895406,81998,891,1263,15851,
249.6352033229883,81998,891,1262,15852,
249.63628617062676,81998,890,1263,15852,
249.64305641355907,81997,891,1263,15852,
249.64674874707606,81997,891,1262,15853,
249.6471388098837,81996,892,1262,15853,
249.64758714211953,81996,891,1263,15853,
249.65167053472913,81996,891,1262,15854,
249.65285201522977,81996,890,1263,15854,
249.65310000579478,81996,889,1264,15854,
249.65350575146115,81996,888,1265,15854,
249.65438198861946,81996,887,1266,15854,
249.6577157248656,81996,887,1265,15855,
249.658551958637,81996,886,1266,15855,
249.6598471296901,81996,885,1267,15855,
249.6610785574318,81996,885,1266,15856,
249.66126727983016,81995,886,1266,15856,
249.6612844601296,81995,885,1267,15856,
249.66200043926185,81994,886,1267,15856,
249.66247976243883,81994,886,1266,15857,
249.66961626541712,81994,886,1265,15858,
249.6738312158939,81994,885,1266,15858,
249.67583187177306,81994,884,1267,15858,
249.6770970168398,81994,883,1268,15858,
249.67843924236544,81994,883,1267,15859,
249.69166692686943,81993,884,1267,15859,
249.69230418135407,81993,883,1268,15859,
249.692845664762,81992,884,1268,15859,
249.69315583631501,81992,883,1269,15859,
249.6943975046678,81992,882,1270,15859,
249.69495829005064,81991,883,1270,15859,
249.69660535617345,81990,884,1270,15859,
249.69671374590206,81990,883,1271,15859,
249.70233063255125,81989,884,1271,15859,
249.70904055671778,81989,883,1272,15859,
249.70948680372743,81989,883,1271,15860,
249.70968095600728,81989,883,1270,15861,
249.71216806329733,81989,882,1271,15861,
249.71315537763843,81989,881,1272,15861,
249.71325117455444,81989,880,1273,15861,
249.72137683802399,81989,880,1272,15862,
249.72202388643595,81989,880,1271,15863,
249.72517271432736,81988,881,1271,15863,
249.72748212183387,81987,882,1271,15863,
249.7294284452887,81987,881,1272,15863,
249.73618411735032,81987,881,1271,15864,
249.73669121308026,81986,882,1271,15864,
249.73670519718206,81986,881,1272,15864,
249.7373479266744,81985,882,1272,15864,
249.73942459198545,81985,882,1271,15865,
249.73963359449283,81985,882,1270,15866,
249.74729711535832,81984,883,1270,15866,
249.74962467896455,81984,883,1269,15867,
249.75138311568833,81983,884,1269,15867,
249.7515899846006,81983,883,1270,15867,
249.75471880740653,81983,883,1269,15868,
249.7608516192653,81982,884,1269,15868,
249.76196253315908,81982,884,1268,15869,
249.76293427627638,81982,884,1267,15870,
249.76409847346093,81981,885,1267,15870,
249.76488468848146,81981,884,1268,15870,
249.76561784450934,81981,883,1269,15870,
249.76563974940103,81981,882,1270,15870,
249.7689295820631,81981,882,1269,15871,
249.7697856204764,81981,881,1270,15871,
249.76986154839503,81981,880,1271,15871,
249.7711090627693,81981,880,1270,15872,
249.7728793034038,81981,879,1271,15872,
249.77386351333152,81980,880,1271,15872,
249.77398713485775,81980,880,1270,15873,
249.77757389358604,81979,881,1270,15873,
249.77860580208292,81979,880,1271,15873,
249.78168733256106,81979,880,1270,15874,
249.7848532255637,81979,879,1271,15874,
249.7862653656855,81979,878,1272,15874,
249.78657017971688,81979,877,1273,15874,
249.7904841145635,81979,876,1274,15874,
249.79099518881645,81979,876,1273,15875,
249.7959239737919,81979,875,1274,15875,
249.79686258575347,81979,874,1275,15875,
249.79733024564334,81979,874,1274,15876,
249.79812108015415,81979,873,1275,15876,
249.80437923500784,81979,872,1276,15876,
249.80678866733965,81979,872,1275,15877,
249.80705846687414,81978,873,1275,15877,
249.8075986883896,81978,873,1274,15878,
249.81111705215065,81977,874,1274,15878,
249.81306045067174,81977,874,1273,15879,
249.81364832695095,81976,875,1273,15879,
249.81425819907787,81975,876,1273,15879,
249.81570508987903,81975,875,1274,15879,
249.81756247745858,81974,876,1274,15879,
249.81788206017202,81974,876,1273,15880,
249.8191682065864,81973,877,1273,15880,
249.82081385011594,81973,876,1274,15880,
249.82181559661348,81972,877,1274,15880,
249.8232497190586,81972,877,1273,15881,
249.82575699984724,81972,877,1272,15882,
249.82655761713616,81971,878,1272,15882,
249.82763060870883,81971,877,1273,15882,
249.82869320225612,81971,877,1272,15883,
249.83281336376777,81970,878,1272,15883,
249.84178146897997,81969,879,1272,15883,
249.84268544318772,81969,879,1271,15884,
249.8454629127211,81968,880,1271,15884,
249.84799306363652,81968,880,1270,15885,
249.84805823274783,81968,879,1271,15885,
249.84892983422216,81968,878,1272,15885,
249.8510159957649,81967,879,1272,15885,
249.8511305365928,81967,879,1271,15886,
249.85592156040818,81967,879,1270,15887,
249.85608029988776,81967,879,1269,15888,
249.85625879262747,81967,878,1270,15888,
249.85681616887896,81966,879,1270,15888,
249.857245572066,81966,879,1269,15889,
249.85789566024982,81965,880,1269,15889,
249.85790653102742,81964,881,1269,15889,
249.85935693812596,81964,880,1270,15889,
249.8609421568251,81964,880,1269,15890,
249.86292391088202,81963,881,1269,15890,
249.86364312532365,81963,880,1270,15890,
249.86613576361734,81962,881,1270,15890,
249.8672563905916,81961,882,1270,15890,
249.86955176948382,81961,882,1269,15891,
249.87166532867448,81961,881,1270,15891,
249.8721825444351,81960,882,1270,15891,
249.8733298802324,81960,882,1269,15892,
249.87353960146982,81959,883,1269,15892,
249.87579425161925,81958,884,1269,15892,
249.87584315328112,81958,883,1270,15892,
249.8772720650454,81957,884,1270,15892,
249.87729742440757,81957,883,1271,15892,
249.8773793422935,81956,884,1271,15892,
249.877735734273,81955,885,1271,15892,
249.87884292530643,81955,884,1272,15892,
249.87922573408963,81954,885,1272,15892,
249.88602465669626,81954,885,1271,15893,
249.8871544698783,81953,886,1271,15893,
249.88861750636377,81953,885,1272,15893,
249.8900802407573,81952,886,1272,15893,
249.89061914350313,81952,885,1273,15893,
249.89248465908886,81952,884,1274,15893,
249.89342167441785,81951,885,1274,15893,
249.89750366452213,81950,886,1274,15893,
249.90200410991133,81949,887,1274,15893,
249.9026002034019,81948,888,1274,15893,
249.90549718374075,81948,888,1273,15894,
249.90651693689847,81948,887,1274,15894,
249.9065232696457,81947,888,1274,15894,
249.91134473283796,81947,887,1275,15894,
249.9137249787816,81946,888,1275,15894,
249.91519214436778,81946,887,1276,15894,
249.91535831262416,81945,888,1276,15894,
249.91670081715947,81944,889,1276,15894,
249.91949595317564,81944,889,1275,15895,
249.92152545966653,81944,888,1276,15895,
249.92220780292436,81944,887,1277,15895,
249.92295225020263,81943,888,1277,15895,
249.9238004190276,81943,887,1278,15895,
249.9252617018779,81943,886,1279,15895,
249.92627960903772,81942,887,1279,15895,
249.92658102428592,81942,886,1280,15895,
249.92722938682013,81941,887,1280,15895,
249.93158081762212,81941,886,1281,15895,
249.93168480715192,81941,886,1280,15896,
249.93297199962748,81941,886,1279,15897,
249.93313488617775,81940,887,1279,15897,
249.93359959002353,81940,886,1280,15897,
249.93439966603097,81940,886,1279,15898,
249.9356532504422,81940,886,1278,15899,
249.9375337480162,81940,885,1279,15899,
249.94264331489677,81939,886,1279,15899,
249.9441579393116,81939,885,1280,15899,
249.94461778499172,81939,884,1281,15899,
249.94567934272587,81938,885,1281,15899,
249.94703802566187,81937,886,1281,15899,
249.94949297273936,81936,887,1281,15899,
249.9506273469728,81935,888,1281,15899,
249.95597906335044,81934,889,1281,15899,
249.95633710458532,81934,888,1282,15899,
249.95721378279202,81933,889,1282,15899,
249.95800441960495,81933,889,1281,15900,
249.958897767422,81933,889,1280,15901,
249.959259430794,81933,889,1279,15902,
249.96037215899565,81932,890,1279,15902,
249.96043824680513,81932,889,1280,15902,
249.96169307972008,81932,889,1279,15903,
249.96666055625522,81932,889,1278,15904,
249.97299466392528,81931,890,1278,15904,
249.97414364054438,81931,889,1279,15904,
249.97508989189245,81931,888,1280,15904,
249.97535338275526,81931,888,1279,15905,
249.97948353355093,81931,887,1280,15905,
249.99106624256086,81930,888,1280,15905,
249.99132436173196,81930,888,1279,15906,
249.99476392722664,81929,889,1279,15906,
249.99861451407057,81929,889,1278,15907,
249.9990687656875,81929,888,1279,15907,
249.9998981180375,81928,889,1279,15907,
250.0004146598744,81928,889,1278,15908,
250.00142164226008,81927,890,1278,15908,
250.01165523209283,81926,891,1278,15908,
250.01352488415588,81926,890,1279,15908,
250.01478198299117,81926,889,1280,15908,
250.0161066360874,81925,890,1280,15908,
250.0170510119601,81924,891,1280,15908,
250.02057664840447,81923,892,1280,15908,
250.02269918909383,81922,893,1280,15908,
250.02345008442506,81922,893,1279,15909,
250.0239654074142,81922,892,1280,15909,
250.0242825179628,81921,893,1280,15909,
250.02533388530057,81921,892,1281,15909,
250.02625863172233,81920,893,1281,15909,
250.02660087509065,81920,892,1282,15909,
250.029197888904,81920,891,1283,15909,
250.02977597052995,81919,892,1283,15909,
250.02989182676347,81918,893,1283,15909,
250.03083889930616,81918,893,1282,15910,
250.03457419493614,81917,894,1282,15910,
250.03538266690765,81916,895,1282,15910,
250.03617858039422,81916,894,1283,15910,
250.03792770792188,81916,894,1282,15911,
250.0394368153856,81916,893,1283,15911,
250.0404717925987,81916,893,1282,15912,
250.0418511565783,81916,893,1281,15913,
250.04432055573656,81916,892,1282,15913,
250.04625638962779,81915,893,1282,15913,
250.04795135173418,81915,892,1283,15913,
250.0503299078709,81915,892,1282,15914,
250.0509896282062,81915,892,1281,15915,
250.05446661144958,81915,891,1282,15915,
250.05474443893482,81915,891,1281,15916,
250.05731986617133,81915,891,1280,15917,
250.06071136807392,81914,892,1280,15917,
250.06245917350256,81914,891,1281,15917,
250.0646482769548,81914,891,1280,15918,
250.0662752083941,81913,892,1280,15918,
250.0676193425356,81913,892,1279,15919,
250.06811525277467,81913,891,1280,15919,
250.0694968794143,81913,891,1279,15920,
250.06981125208534,81913,891,1278,15921,
250.0730375729874,81913,890,1279,15921,
250.07307166372001,81913,889,1280,15921,
250.0740287541012,81913,889,1279,15922,
250.0743078227373,81912,890,1279,15922,
250.07609388987044,81912,889,1280,15922,
250.07666623907656,81912,889,1279,15923,
250.0807461093451,81911,890,1279,15923,
250.08101109854462,81911,890,1278,15924,
250.0887614521773,81910,891,1278,15924,
250.08946963290688,81909,892,1278,15924,
250.08954181695105,81909,891,1279,15924,
250.09472024486394,81909,890,1280,15924,
250.09720446057727,81909,890,1279,15925,
250.100587404873,81908,891,1279,15925,
250.10653823408902,81908,890,1280,15925,
250.10885242964275,81907,891,1280,15925,
250.10988066102357,81906,892,1280,15925,
250.11362656119255,81905,893,1280,15925,
250.1159553348558,81905,892,1281,15925,
250.11953118949444,81905,891,1282,15925,
250.11954370968516,81905,890,1283,15925,
250.12171360382558,81905,889,1284,15925,
250.12306482259092,81904,890,1284,15925,
250.12319471082873,81904,889,1285,15925,
250.1250063279639,81903,890,1285,15925,
250.1272909596729,81902,891,1285,15925,
250.12838030883336,81901,892,1285,15925,
250.12912319399595,81900,893,1285,15925,
250.12967950364637,81899,894,1285,15925,
250.12985743017924,81899,894,1284,15926,
250.13042322440643,81899,894,1283,15927,
250.13091527371785,81898,895,1283,15927,
250.1310893301621,81898,895,1282,15928,
250.1321793645923,81897,896,1282,15928,
250.13387179542352,81896,897,1282,15928,
250.14099149806367,81896,896,1283,15928,
250.1420131806747,81896,895,1284,15928,
250.14211920805658,81896,895,1283,15929,
250.14445552950235,81895,896,1283,15929,
250.14740274875643,81895,895,1284,15929,
250.15158152417857,81894,896,1284,15929,
250.15731709741425,81894,895,1285,15929,
250.16012205131486,81894,894,1286,15929,
250.16634397062214,81893,895,1286,15929,
250.16683627658531,81892,896,1286,15929,
250.17038987586693,81892,895,1287,15929,
250.17179102594733,81891,896,1287,15929,
250.17324720333517,81890,897,1287,15929,
250.17733222866886,81890,897,1286,15930,
250.17810780970925,81889,898,1286,15930,
250.1781796134782,81888,899,1286,15930,
250.17835821100527,81888,898,1287,15930,
250.17894750140113,81888,897,1288,15930,
250.1837454132035,81888,896,1289,15930,
250.1891048419903,81888,895,1290,15930,
250.1943933741986,81887,896,1290,15930,
250.1951004731387,81887,896,1289,15931,
250.1951139425907,81887,895,1290,15931,
250.19525744920583,81886,896,1290,15931,
250.19540454024838,81886,896,1289,15932,
250.19574108385598,81885,897,1289,15932,
250.19602808774025,81885,897,1288,15933,
250.19765933512627,81884,898,1288,15933,
250.19883328034908,81884,897,1289,15933,
250.20107478611052,81884,897,1288,15934,
250.20325368925106,81883,898,1288,15934,
250.20703559004008,81883,898,1287,15935,
250.20966417890855,81883,897,1288,15935,
250.21142251818588,81883,897,1287,15936,
250.21442551590505,81883,896,1288,15936,
250.21638226091093,81882,897,1288,15936,
250.21645295957643,81881,898,1288,15936,
250.21748194265868,81880,899,1288,15936,
250.21856524063926,81879,900,1288,15936,
250.22461553139084,81879,899,1289,15936,
250.22615055343817,81879,899,1288,15937,
250.2265373591638,81878,900,1288,15937,
250.22861184096814,81878,899,1289,15937,
250.22939132142392,81878,898,1290,15937,
250.2334567849749,81878,897,1291,15937,
250.2340679711584,81877,898,1291,15937,
250.23422647266824,81877,897,1292,15937,
250.23859365797114,81877,897,1291,15938,
250.24838368566364,81877,897,1290,15939,
250.24866739379712,81877,897,1289,15940,
250.25161504943148,81876,898,1289,15940,
250.2526244197485,81876,897,1290,15940,
250.25875266581863,81875,898,1290,15940,
250.25935592394728,81875,897,1291,15940,
250.259585900235,81874,898,1291,15940,
250.26457518881884,81873,899,1291,15940,
250.26542980990402,81873,898,1292,15940,
250.26572614194427,81873,897,1293,15940,
250.26932300640385,81873,897,1292,15941,
250.26957638617725,81872,898,1292,15941,
250.269697581459,81872,898,1291,15942,
250.27925542936387,81871,899,1291,15942,
250.28477148669245,81871,899,1290,15943,
250.2865228830718,81870,900,1290,15943,
250.28792714082073,81869,901,1290,15943,
250.29261693256467,81868,902,1290,15943,
250.29360860659236,81868,902,1289,15944,
250.2943488708804,81867,903,1289,15944,
250.29469991831812,81867,903,1288,15945,
250.296169961917,81866,904,1288,15945,
250.2962680626616,81866,903,1289,15945,
250.29824887737112,81865,904,1289,15945,
250.298760246771,81865,904,1288,15946,
250.30066021959425,81865,904,1287,15947,
250.3014239948495,81865,903,1288,15947,
250.30170801475774,81865,903,1287,15948,
250.3022422535313,81865,903,1286,15949,
250.30268532084995,81864,904,1286,15949,
250.30286177940556,81863,905,1286,15949,
250.3031193423261,81863,905,1285,15950,
250.3039009650875,81863,904,1286,15950,
250.30735426592312,81863,903,1287,15950,
250.31087681476941,81863,903,1286,15951,
250.31192539031034,81863,902,1287,15951,
250.31342050869722,81863,901,1288,15951,
250.3137319947545,81863,900,1289,15951,
250.31768060150262,81863,899,1290,15951,
250.31775390525212,81863,898,1291,15951,
250.31802089900185,81863,897,1292,15951,
250.31802229804796,81862,898,1292,15951,
250.31812817295375,81861,899,1292,15951,
250.31868583158035,81861,899,1291,15952,
250.31931472028873,81860,900,1291,15952,
250.31947143645607,81859,901,1291,15952,
250.31994188013655,81858,902,1291,15952,
250.3223165856465,81858,902,1290,15953,
250.3238441052551,81858,901,1291,15953,
250.32650618109415,81857,902,1291,15953,
250.32799120882257,81856,903,1291,15953,
250.32979066245258,81855,904,1291,15953,
250.33056876900037,81855,904,1290,15954,
250.33156406257115,81855,903,1291,15954,
250.33389821991582,81855,902,1292,15954,
250.33448405188153,81854,903,1292,15954,
250.33698620153564,81854,903,1291,15955,
250.3379097240773,81854,902,1292,15955,
250.3397690279336,81854,902,1291,15956,
250.34065734202068,81854,902,1290,15957,
250.34553407924682,81853,903,1290,15957,
250.34907280436227,81852,904,1290,15957,
250.35008871248925,81851,905,1290,15957,
250.35109503553122,81851,905,1289,15958,
250.35418601934015,81851,905,1288,15959,
250.35696782166286,81850,906,1288,15959,
250.3603169997369,81850,906,1287,15960,
250.36042854824024,81850,905,1288,15960,
250.36270539161924,81849,906,1288,15960,
250.36576310849628,81849,906,1287,15961,
250.3681623578454,81848,907,1287,15961,
250.36973657338862,81847,908,1287,15961,
250.3739356516594,81847,907,1288,15961,
250.37709838303763,81846,908,1288,15961,
250.37775365071658,81846,907,1289,15961,
250.37867106600754,81846,906,1290,15961,
250.37971978597236,81845,907,1290,15961,
250.38650734807712,81844,908,1290,15961,
250.3889275532287,81844,908,1289,15962,
250.39183910295023,81843,909,1289,15962,
250.39583777863433,81842,910,1289,15962,
250.39658701083545,81842,910,1288,15963,
250.4005277075818,81842,910,1287,15964,
250.4021592731995,81841,911,1287,15964,
250.40723817060683,81841,910,1288,15964,
250.4081647954385,81841,909,1289,15964,
250.4082321773011,81841,909,1288,15965,
250.4083590863477,81841,908,1289,15965,
250.40897382773596,81840,909,1289,15965,
250.40906655451792,81840,909,1288,15966,
250.4093036443359,81839,910,1288,15966,
250.41203658996585,81839,910,1287,15967,
250.415398392663,81839,909,1288,15967,
250.4167347627965,81838,910,1288,15967,
250.4173799716712,81838,910,1287,15968,
250.41877555408118,81837,911,1287,15968,
250.42315118420012,81837,911,1286,15969,
250.423654234394,81837,910,1287,15969,
250.42723048686153,81837,910,1286,15970,
250.43013883023409,81836,911,1286,15970,
250.43061882485063,81836,910,1287,15970,
250.4318449702366,81836,909,1288,15970,
250.43279144320024,81835,910,1288,15970,
250.43327937796644,81835,909,1289,15970,
250.43397748077606,81834,910,1289,15970,
250.43447596802912,81833,911,1289,15970,
250.43464587725623,81832,912,1289,15970,
250.4376038847852,81832,911,1290,15970,
250.4401145079694,81832,910,1291,15970,
250.4439616461758,81832,909,1292,15970,
250.44401635957894,81831,910,1292,15970,
250.4446195476595,81830,911,1292,15970,
250.44524104214997,81830,911,1291,15971,
250.4460064296263,81830,910,1292,15971,
250.44753867752686,81830,909,1293,15971,
250.45026702566696,81830,909,1292,15972,
250.4525822914708,81829,910,1292,15972,
250.45282779021227,81829,910,1291,15973,
250.454123949989,81829,910,1290,15974,
250.45558917839742,81829,910,1289,15975,
250.4661138038614,81828,911,1289,15975,
250.46650992070877,81828,911,1288,15976,
250.4697843907898,81828,910,1289,15976,
250.47090312102526,81827,911,1289,15976,
250.4709076304005,81827,910,1290,15976,
250.47301079846432,81826,911,1290,15976,
250.47386107064926,81826,910,1291,15976,
250.47591625618017,81826,909,1292,15976,
250.47922719276343,81826,909,1291,15977,
250.47977751709888,81826,908,1292,15977,
250.48051866219214,81826,907,1293,15977,
250.48215506608764,81826,907,1292,15978,
250.48445054105977,81826,907,1291,15979,
250.48450110453507,81825,908,1291,15979,
250.4864486926246,81824,909,1291,15979,
250.4918955397363,81824,908,1292,15979,
250.49525665273427,81824,908,1291,15980,
250.4995914200698,81823,909,1291,15980,
250.50031234927778,81823,909,1290,15981,
250.5004965501325,81823,909,1289,15982,
250.50330117698917,81823,908,1290,15982,
250.50352160882272,81823,907,1291,15982,
250.50748384200946,81823,907,1290,15983,
250.51094123997308,81823,906,1291,15983,
250.51411697876637,81823,906,1290,15984,
250.51415709739356,81823,906,1289,15985,
250.5147813487888,81823,906,1288,15986,
250.51623141145785,81822,907,1288,15986,
250.5213903436563,81821,908,1288,15986,
250.52576563925084,81821,908,1287,15987,
250.5348221271512,81821,908,1286,15988,
250.53686310504773,81820,909,1286,15988,
250.53729502801102,81820,909,1285,15989,
250.54093813536602,81819,910,1285,15989,
250.5409842455578,81819,910,1284,15990,
250.5429024148383,81819,910,1283,15991,
250.54501616526372,81819,910,1282,15992,
250.54680883602464,81819,910,1281,15993,
250.54781811645185,81818,911,1281,15993,
250.55602813933035,81817,912,1281,15993,
250.55768165264723,81817,911,1282,15993,
250.5606171072991,81817,911,1281,15994,
250.56077591381052,81816,912,1281,15994,
250.56172410112407,81815,913,1281,15994,
250.562035606101,81815,913,1280,15995,
250.56583341297545,81815,912,1281,15995,
250.56685144069365,81815,912,1280,15996,
250.56753718750159,81815,911,1281,15996,
250.5697159790929,81814,912,1281,15996,
250.57244870368615,81814,911,1282,15996,
250.57301578766993,81814,910,1283,15996,
250.57359146526522,81814,909,1284,15996,
250.5736976964721,81814,909,1283,15997,
250.5769598564298,81814,908,1284,15997,
250.57966810901166,81814,908,1283,15998,
250.58300381922544,81814,907,1284,15998,
250.58367192618547,81814,906,1285,15998,
250.58442480477697,81814,905,1286,15998,
250.5848185797335,81813,906,1286,15998,
250.58674718111314,81813,905,1287,15998,
250.58702939609205,81813,905,1286,15999,
250.5893461656991,81812,906,1286,15999,
250.5895481479688,81811,907,1286,15999,
250.5911335491826,81811,907,1285,16000,
250.5914741545083,81810,908,1285,16000,
250.59154830075298,81809,909,1285,16000,
250.59475200079405,81808,910,1285,16000,
250.59713666817655,81808,909,1286,16000,
250.59733069032447,81807,910,1286,16000,
250.5977437175131,81806,911,1286,16000,
250.60198330089858,81806,911,1285,16001,
250.60275101097926,81806,910,1286,16001,
250.60518782343925,81805,911,1286,16001,
250.60651240029506,81805,911,1285,16002,
250.60745505227885,81805,911,1284,16003,
250.60827884051207,81805,910,1285,16003,
250.61022312828777,81805,909,1286,16003,
250.61086590630194,81805,908,1287,16003,
250.6130286729227,81805,908,1286,16004,
250.61760692692317,81804,909,1286,16004,
250.6186870674139,81803,910,1286,16004,
250.61936127476733,81803,909,1287,16004,
250.6206803246762,81803,908,1288,16004,
250.6213665447626,81803,908,1287,16005,
250.62290359924205,81802,909,1287,16005,
250.623140273097,81801,910,1287,16005,
250.6248819384388,81801,910,1286,16006,
250.6250633157777,81800,911,1286,16006,
250.62681135897725,81800,910,1287,16006,
250.62760286061672,81800,910,1286,16007,
250.62800978271324,81800,910,1285,16008,
250.62891653192418,81800,910,1284,16009,
250.63433925387704,81800,910,1283,16010,
250.6350050259741,81799,911,1283,16010,
250.63834076636928,81798,912,1283,16010,
250.6438342629233,81798,911,1284,16010,
250.6469211394127,81797,912,1284,16010,
250.6471642262868,81796,913,1284,16010,
250.64789064115726,81796,913,1283,16011,
250.64981713287432,81795,914,1283,16011,
250.65130928799593,81795,913,1284,16011,
250.6513801251482,81794,914,1284,16011,
250.65154578259416,81793,915,1284,16011,
250.652218031983,81793,915,1283,16012,
250.65242942296462,81792,916,1283,16012,
250.6557981443203,81792,916,1282,16013,
250.655921503569,81792,915,1283,16013,
250.65633275721586,81792,915,1282,16014,
250.65941210090241,81791,916,1282,16014,
250.66552882446757,81791,915,1283,16014,
250.66641892817537,81791,915,1282,16015,
250.67136913831106,81790,916,1282,16015,
250.67179636512105,81789,917,1282,16015,
250.67230145844036,81789,916,1283,16015,
250.6737982123816,81788,917,1283,16015,
250.6747166928446,81788,916,1284,16015,
250.6768757608836,81788,915,1285,16015,
250.677189576883,81787,916,1285,16015,
250.6812925883002,81787,916,1284,16016,
250.682847063309,81787,915,1285,16016,
250.68353150038612,81787,914,1286,16016,
250.68570305870762,81786,915,1286,16016,
250.69055984951493,81786,914,1287,16016,
250.69196998740523,81786,914,1286,16017,
250.69535289008115,81785,915,1286,16017,
250.6966623828449,81785,914,1287,16017,
250.69732696929222,81784,915,1287,16017,
250.69796046858573,81784,915,1286,16018,
250.6984276564987,81784,914,1287,16018,
250.70183666601412,81784,914,1286,16019,
250.70207196230595,81784,914,1285,16020,
250.70741224200725,81783,915,1285,16020,
250.71293923954636,81783,915,1284,16021,
250.71334725141926,81782,916,1284,16021,
250.713810087737,81782,915,1285,16021,
250.7144540501027,81781,916,1285,16021,
250.71601019684437,81781,916,1284,16022,
250.71663455557652,81781,916,1283,16023,
250.71840496236794,81781,915,1284,16023,
250.71965919532354,81780,916,1284,16023,
250.71986386775018,81779,917,1284,16023,
250.72109096202922,81779,917,1283,16024,
250.7243492573537,81778,918,1283,16024,
250.72502975259036,81778,917,1284,16024,
250.7253441636438,81777,918,1284,16024,
250.72845237552457,81777,917,1285,16024,
250.7309517020505,81777,916,1286,16024,
250.7357513137962,81777,916,1285,16025,
250.73704756122964,81777,915,1286,16025,
250.74109405800877,81777,915,1285,16026,
250.74652194327365,81776,916,1285,16026,
250.7465664589134,81776,915,1286,16026,
250.74745891775828,81776,915,1285,16027,
250.74984144331123,81775,916,1285,16027,
250.7526817814095,81775,916,1284,16028,
250.76802591235753,81775,915,1285,16028,
250.7718875576471,81775,915,1284,16029,
250.7725616656005,81775,914,1285,16029,
250.77743979821716,81775,914,1284,16030,
250.77760964313026,81775,913,1285,16030,
250.77825432423643,81774,914,1285,16030,
250.77961935201938,81774,913,1286,16030,
250.77972389168428,81774,912,1287,16030,
250.77997403457127,81774,911,1288,16030,
250.78345345089065,81774,911,1287,16031,
250.78448486041742,81774,911,1286,16032,
250.78748432944155,81774,911,1285,16033,
250.7879799625242,81773,912,1285,16033,
250.79028683775314,81772,913,1285,16033,
250.79424332855618,81772,912,1286,16033,
250.7948635366674,81772,911,1287,16033,
250.7984605728779,81772,911,1286,16034,
250.79931892443912,81771,912,1286,16034,
250.80081737808734,81771,912,1285,16035,
250.80510781997694,81771,911,1286,16035,
250.80612633248785,81771,910,1287,16035,
250.80980471749947,81770,911,1287,16035,
250.81002934791675,81769,912,1287,16035,
250.81135845669223,81768,913,1287,16035,
250.81478460907496,81767,914,1287,16035,
250.81488071668912,81767,914,1286,16036,
250.81552854959205,81767,913,1287,16036,
250.8168989876725,81766,914,1287,16036,
250.82148240291409,81766,914,1286,16037,
250.82355388429875,81765,915,1286,16037,
250.82475324808692,81764,916,1286,16037,
250.82888243495515,81763,917,1286,16037,
250.82984314420258,81763,916,1287,16037,
250.83076458590236,81762,917,1287,16037,
250.83322534343603,81762,917,1286,16038,
250.83447879587217,81761,918,1286,16038,
250.8347696929667,81761,917,1287,16038,
250.83939542199445,81761,916,1288,16038,
250.84516349006606,81760,917,1288,16038,
250.8457686136121,81760,916,1289,16038,
250.85115437860782,81760,916,1288,16039,
250.85448174192183,81760,915,1289,16039,
250.8545328760123,81760,915,1288,16040,
250.86446309692073,81760,914,1289,16040,
250.86490771548475,81759,915,1289,16040,
250.86601866879639,81759,915,1288,16041,
250.8681262551488,81758,916,1288,16041,
250.86937219268933,81758,916,1287,16042,
250.87017460265432,81758,916,1286,16043,
250.87112278748683,81758,915,1287,16043,
250.8764793879948,81757,916,1287,16043,
250.8790658008275,81757,916,1286,16044,
250.88186577961375,81757,915,1287,16044,
250.88861147527754,81756,916,1287,16044,
250.88977313093375,81756,916,1286,16045,
250.8924438462452,81756,915,1287,16045,
250.89274199334818,81755,916,1287,16045,
250.8927497390484,81755,915,1288,16045,
250.89619875310018,81755,914,1289,16045,
250.8964301918237,81754,915,1289,16045,
250.89995722186353,81754,914,1290,16045,
250.90246844647987,81754,913,1291,16045,
250.90276467794826,81754,913,1290,16046,
250.90457499294232,81754,912,1291,16046,
250.9046950379546,81753,913,1291,16046,
250.9073020001578,81752,914,1291,16046,
250.90923532435949,81752,914,1290,16047,
250.91073209340647,81751,915,1290,16047,
250.9163136360586,81751,914,1291,16047,
250.91763224962742,81750,915,1291,16047,
250.92111664242424,81750,915,1290,16048,
250.92382403846088,81750,914,1291,16048,
250.9260833263247,81749,915,1291,16048,
250.93173317156604,81749,915,1290,16049,
250.9352630173404,81749,915,1289,16050,
250.9375931856801,81749,915,1288,16051,
250.93887254927702,81749,914,1289,16051,
250.94049130332337,81748,915,1289,16051,
250.94055120292836,81748,914,1290,16051,
250.94660497813558,81747,915,1290,16051,
250.95144619321897,81747,914,1291,16051,
250.95342054699276,81747,913,1292,16051,
250.954820149029,81747,913,1291,16052,
250.95593797161885,81747,912,1292,16052,
250.95831332594145,81746,913,1292,16052,
250.9601040210319,81746,913,1291,16053,
250.9611549053342,81746,913,1290,16054,
250.9615665469603,81746,912,1291,16054,
250.96218386855725,81746,911,1292,16054,
250.96322688568966,81745,912,1292,16054,
250.96670806627765,81745,912,1291,16055,
250.96893791850613,81745,911,1292,16055,
250.96957515098222,81744,912,1292,16055,
250.9716757749062,81744,911,1293,16055,
250.9728036013619,81744,911,1292,16056,
250.97494021681203,81744,911,1291,16057,
250.97634703070307,81744,910,1292,16057,
250.97807327271073,81744,910,1291,16058,
250.979669487931,81743,911,1291,16058,
250.97998814307545,81743,911,1290,16059,
250.98117876737598,81742,912,1290,16059,
250.9847814014793,81742,912,1289,16060,
250.9908297453773,81742,911,1290,16060,
250.99177406072954,81741,912,1290,16060,
250.99318357616352,81741,911,1291,16060,
250.99418002362407,81740,912,1291,16060,
250.99477528236494,81739,913,1291,16060,
250.99481000239632,81739,912,1292,16060,
250.99571169274014,81739,912,1291,16061,
250.99976181957487,81739,911,1292,16061,
251.00256715553738,81739,910,1293,16061,
251.0056789523868,81739,910,1292,16062,
251.00755140466765,81738,911,1292,16062,
251.0080034928814,81738,911,1291,16063,
251.0080749300381,81738,911,1290,16064,
251.0153484504803,81738,911,1289,16065,
251.01631041937287,81738,911,1288,16066,
251.01660878543322,81737,912,1288,16066,
251.01710860798477,81736,913,1288,16066,
251.01839567250693,81736,913,1287,16067,
251.0207564828968,81736,913,1286,16068,
251.02179895465423,81736,912,1287,16068,
251.02298844261554,81736,911,1288,16068,
251.02379173882795,81735,912,1288,16068,
251.02381848043083,81734,913,1288,16068,
251.024261955006,81733,914,1288,16068,
251.02435462976183,81733,914,1287,16069,
251.02674134264822,81733,913,1288,16069,
251.02763663214762,81733,913,1287,16070,
251.02859510758702,81733,912,1288,16070,
251.02946132631388,81733,912,1287,16071,
251.02992289408874,81733,911,1288,16071,
251.03085257128615,81733,911,1287,16072,
251.03150247638524,81733,910,1288,16072,
251.03264809100688,81733,909,1289,16072,
251.034062056169,81733,908,1290,16072,
251.03515833209897,81732,909,1290,16072,
251.035450198346,81731,910,1290,16072,
251.03606632475007,81731,909,1291,16072,
251.03726580964147,81730,910,1291,16072,
251.0407818564475,81729,911,1291,16072,
251.04617455540904,81729,910,1292,16072,
251.0466979612847,81728,911,1292,16072,
251.05361504287,81727,912,1292,16072,
251.0562066247251,81726,913,1292,16072,
251.06002635439307,81725,914,1292,16072,
251.06154201167175,81724,915,1292,16072,
251.06476958008312,81723,916,1292,16072,
251.06485365786995,81722,917,1292,16072,
251.0649005975247,81722,916,1293,16072,
251.06505798456806,81722,915,1294,16072,
251.07102535328906,81722,914,1295,16072,
251.07590616067148,81721,915,1295,16072,
251.07624569694588,81720,916,1295,16072,
251.0762613787327,81720,915,1296,16072,
251.0808175101807,81720,914,1297,16072,
251.0818396027601,81720,913,1298,16072,
251.08367402998516,81720,913,1297,16073,
251.08385739562883,81719,914,1297,16073,
251.08386491827912,81719,913,1298,16073,
251.08447176331205,81719,912,1299,16073,
251.08587781727005,81719,912,1298,16074,
251.08817980557566,81719,911,1299,16074,
251.0921235890517,81719,910,1300,16074,
251.09336714526242,81718,911,1300,16074,
251.0968954195713,81718,910,1301,16074,
251.10085683197497,81717,911,1301,16074,
251.10177806194633,81717,910,1302,16074,
251.1018620298021,81717,910,1301,16075,
251.10187311399793,81717,909,1302,16075,
251.10344858562826,81717,908,1303,16075,
251.10385375376623,81716,909,1303,16075,
251.10396376649445,81716,908,1304,16075,
251.10425495826442,81716,907,1305,16075,
251.11039270705368,81716,907,1304,16076,
251.11239446722044,81716,907,1303,16077,
251.11300127278355,81716,906,1304,16077,
251.11385802167172,81716,905,1305,16077,
251.11444920916747,81716,904,1306,16077,
251.11527032868509,81716,904,1305,16078,
251.1164104002066,81716,903,1306,16078,
251.11782800274526,81716,903,1305,16079,
251.11873975852782,81715,904,1305,16079,
251.11926676290057,81714,905,1305,16079,
251.12141468594413,81714,904,1306,16079,
251.1286534676113,81713,905,1306,16079,
251.12890074181297,81712,906,1306,16079,
251.12988434317543,81711,907,1306,16079,
251.13192711377815,81711,907,1305,16080,
251.1355613845647,81710,908,1305,16080,
251.13650056271817,81710,907,1306,16080,
251.1405299488213,81710,906,1307,16080,
251.1410982026206,81710,905,1308,16080,
251.14148282310714,81709,906,1308,16080,
251.1419969363745,81708,907,1308,16080,
251.14237815521298,81708,907,1307,16081,
251.14462364019934,81707,908,1307,16081,
251.14671584040354,81707,908,1306,16082,
251.14715517850183,81706,909,1306,16082,
251.14728983192649,81706,909,1305,16083,
251.14747275654273,81706,909,1304,16084,
251.1478299028858,81706,908,1305,16084,
251.14809793527914,81705,909,1305,16084,
251.14810689522702,81705,909,1304,16085,
251.1518585172339,81705,908,1305,16085,
251.15201057967963,81704,909,1305,16085,
251.15312330978756,81703,910,1305,16085,
251.1546722010261,81702,911,1305,16085,
251.15585835369006,81701,912,1305,16085,
251.15642432211573,81701,911,1306,16085,
251.15959352614257,81700,912,1306,16085,
251.16049224694552,81699,913,1306,16085,
251.1606966371179,81698,914,1306,16085,
251.16163737401087,81698,913,1307,16085,
251.1647181168122,81698,913,1306,16086,
251.1653636735856,81697,914,1306,16086,
251.16778778525523,81697,914,1305,16087,
251.17063407634774,81697,913,1306,16087,
251.17148702486128,81696,914,1306,16087,
251.1750219315661,81696,913,1307,16087,
251.17589154211393,81695,914,1307,16087,
251.17621006834753,81694,915,1307,16087,
251.17636830080525,81694,914,1308,16087,
251.18059418094884,81693,915,1308,16087,
251.18223865732705,81693,915,1307,16088,
251.18413857585693,81693,914,1308,16088,
251.18519671729908,81693,914,1307,16089,
251.1853360386296,81693,913,1308,16089,
251.18622035921987,81693,913,1307,16090,
251.186503807504,81692,914,1307,16090,
251.18786596415197,81692,913,1308,16090,
251.1887440526558,81692,913,1307,16091,
251.19263443531872,81691,914,1307,16091,
251.1936974576439,81691,913,1308,16091,
251.1940939270986,81691,912,1309,16091,
251.19533764919953,81691,911,1310,16091,
251.19582784586183,81691,911,1309,16092,
251.19633303664568,81691,910,1310,16092,
251.19641091521416,81691,909,1311,16092,
251.1964723906119,81691,908,1312,16092,
251.19776147896707,81690,909,1312,16092,
251.20426236026225,81690,908,1313,16092,
251.2102694935281,81689,909,1313,16092,
251.21038431947966,81689,909,1312,16093,
251.2107879276553,81688,910,1312,16093,
251.21588708363706,81687,911,1312,16093,
251.21677175311336,81686,912,1312,16093,
251.22082643132842,81686,912,1311,16094,
251.2214117573181,81686,912,1310,16095,
251.22258848885326,81685,913,1310,16095,
251.2229806879114,81685,913,1309,16096,
251.2238571064603,81685,912,1310,16096,
251.22493480295972,81684,913,1310,16096,
251.22718245988835,81684,912,1311,16096,
251.22878290371418,81684,911,1312,16096,
251.22908082733565,81683,912,1312,16096,
251.23076874718976,81683,911,1313,16096,
251.2325781667377,81683,910,1314,16096,
251.2339527131714,81683,909,1315,16096,
251.2352606131743,81683,908,1316,16096,
251.2393585794285,81682,909,1316,16096,
251.24060033540414,81681,910,1316,16096,
251.2410921593023,81681,909,1317,16096,
251.241395666084,81681,909,1316,16097,
251.24649102295515,81681,909,1315,16098,
251.25025696838892,81680,910,1315,16098,
251.25101200275057,81679,911,1315,16098,
251.25142209702122,81679,911,1314,16099,
251.25203812164537,81679,910,1315,16099,
251.25588853313496,81678,911,1315,16099,
251.25589615537126,81678,911,1314,16100,
251.2585473134312,81678,911,1313,16101,
251.26102970072557,81678,911,1312,16102,
251.2646774544005,81678,911,1311,16103,
251.26580492965647,81677,912,1311,16103,
251.26665132970066,81677,911,1312,16103,
251.26733253876304,81677,911,1311,16104,
251.26860854273446,81676,912,1311,16104,
251.26865717435112,81676,912,1310,16105,
251.26907687308346,81676,911,1311,16105,
251.27139651944898,81675,912,1311,16105,
251.2719221714009,81674,913,1311,16105,
251.27850845166034,81674,912,1312,16105,
251.27853148531239,81673,913,1312,16105,
251.27917992818192,81673,913,1311,16106,
251.2795383988427,81673,913,1310,16107,
251.28120926889784,81673,912,1311,16107,
251.2834201042639,81672,913,1311,16107,
251.28344962932033,81671,914,1311,16107,
251.28606301180727,81671,913,1312,16107,
251.28751033911965,81671,912,1313,16107,
251.28847179542768,81670,913,1313,16107,
251.28917919803857,81669,914,1313,16107,
251.29057988459863,81669,913,1314,16107,
251.2927454266706,81669,913,1313,16108,
251.29327740348495,81668,914,1313,16108,
251.29908725520207,81668,914,1312,16109,
251.29919117168794,81668,914,1311,16110,
251.3060298270166,81667,915,1311,16110,
251.3143743862865,81667,915,1310,16111,
251.31482931450677,81667,914,1311,16111,
251.31697820069263,81667,913,1312,16111,
251.31717268878887,81666,914,1312,16111,
251.31747684540954,81666,913,1313,16111,
251.31902465562806,81666,913,1312,16112,
251.31988410281653,81666,912,1313,16112,
251.32637934795738,81666,911,1314,16112,
251.3277105575465,81666,910,1315,16112,
251.32952461217528,81666,910,1314,16113,
251.3315930267941,81666,910,1313,16114,
251.33205868860526,81666,910,1312,16115,
251.33478883996554,81665,911,1312,16115,
251.33631455507282,81665,910,1313,16115,
251.34258656845964,81665,909,1314,16115,
251.3436627256279,81665,908,1315,16115,
251.34605044163024,81665,907,1316,16115,
251.34752979153697,81665,906,1317,16115,
251.34762053445013,81664,907,1317,16115,
251.34885466971681,81664,906,1318,16115,
251.35143089935102,81664,905,1319,16115,
251.3535308155129,81664,904,1320,16115,
251.35469387461868,81664,903,1321,16115,
251.3563382363318,81664,902,1322,16115,
251.36187721448096,81664,901,1323,16115,
251.36270781700694,81663,902,1323,16115,
251.36659278324464,81663,901,1324,16115,
251.3676026455012,81663,901,1323,16116,
251.36968481430867,81662,902,1323,16116,
251.37082711264014,81662,901,1324,16116,
251.37322020407268,81661,902,1324,16116,
251.37423658259337,81660,903,1324,16116,
251.37520737485318,81660,902,1325,16116,
251.376872554387,81660,901,1326,16116,
251.37845499936,81660,901,1325,16117,
251.3880668826352,81660,900,1326,16117,
251.38878055595123,81660,899,1327,16117,
251.38991204167726,81659,900,1327,16117,
251.39304687503918,81658,901,1327,16117,
251.39712595971795,81657,902,1327,16117,
251.3988329074994,81657,902,1326,16118,
251.40196723352773,81657,901,1327,16118,
251.4052193498227,81656,902,1327,16118,
251.4057056583399,81655,903,1327,16118,
251.40585426836432,81655,903,1326,16119,
251.4068701416719,81655,903,1325,16120,
251.409917414932,81654,904,1325,16120,
251.41051875968924,81654,904,1324,16121,
251.41440437942336,81653,905,1324,16121,
251.41593482699426,81653,904,1325,16121,
251.4163294699114,81653,903,1326,16121,
251.41685246156717,81652,904,1326,16121,
251.41998240069023,81652,904,1325,16122,
251.4208614951096,81651,905,1325,16122,
251.42231466733463,81650,906,1325,16122,
251.42649393803646,81649,907,1325,16122,
251.4270559777191,81648,908,1325,16122,
251.42711158099615,81647,909,1325,16122,
251.42755599418174,81647,908,1326,16122,
251.42806618480384,81646,909,1326,16122,
251.4301605163299,81646,909,1325,16123,
251.4313007524441,81646,908,1326,16123,
251.4340156721383,81646,907,1327,16123,
251.44150520267436,81646,907,1326,16124,
251.44162998372022,81645,908,1326,16124,
251.44555828517895,81645,907,1327,16124,
251.44616407656753,81645,906,1328,16124,
251.45164132483688,81644,907,1328,16124,
251.45422391898023,81644,906,1329,16124,
251.45441831982183,81643,907,1329,16124,
251.4552547394718,81643,906,1330,16124,
251.46203859478493,81643,905,1331,16124,
251.4629824634094,81642,906,1331,16124,
251.4637041843,81642,906,1330,16125,
251.46458278478804,81642,905,1331,16125,
251.4651214227113,81642,905,1330,16126,
251.46651414132845,81642,905,1329,16127,
251.46661815615036,81641,906,1329,16127,
251.4681846986607,81640,907,1329,16127,
251.46932459450127,81640,907,1328,16128,
251.47131570236698,81640,906,1329,16128,
251.4738135915037,81640,906,1328,16129,
251.4756743164746,81640,905,1329,16129,
251.4760105796173,81640,905,1328,16130,
251.4771933563295,81640,905,1327,16131,
251.4777896418735,81640,905,1326,16132,
251.4825508217676,81640,904,1327,16132,
251.4828265136966,81640,903,1328,16132,
251.48311079349446,81639,904,1328,16132,
251.48816038439315,81639,904,1327,16133,
251.48816528917627,81639,903,1328,16133,
251.49025053861817,81639,902,1329,16133,
251.4923471571361,81639,902,1328,16134,
251.49412934297828,81639,901,1329,16134,
251.49419739325555,81638,902,1329,16134,
251.49420749784946,81638,902,1328,16135,
251.49514328146267,81638,902,1327,16136,
251.49769586027384,81638,901,1328,16136,
251.49971416798084,81638,901,1327,16137,
251.50104098236406,81638,900,1328,16137,
251.50358557758318,81638,899,1329,16137,
251.50397915373222,81638,899,1328,16138,
251.5049351922864,81638,899,1327,16139,
251.50692674207679,81638,898,1328,16139,
251.50909496798803,81637,899,1328,16139,
251.50948778668305,81637,898,1329,16139,
251.51115568040777,81636,899,1329,16139,
251.51300584737365,81635,900,1329,16139,
251.51437080136006,81634,901,1329,16139,
251.51817404185277,81633,902,1329,16139,
251.51959841872306,81633,902,1328,16140,
251.51973916255605,81633,901,1329,16140,
251.52037017535,81632,902,1329,16140,
251.5221764036829,81631,903,1329,16140,
251.52228940256114,81630,904,1329,16140,
251.52245953459453,81630,904,1328,16141,
251.52405669938108,81629,905,1328,16141,
251.52703966594257,81629,904,1329,16141,
251.52710475101938,81629,904,1328,16142,
251.52749413137408,81628,905,1328,16142,
251.52876561518752,81627,906,1328,16142,
251.5289382912277,81626,907,1328,16142,
251.53039635473186,81626,906,1329,16142,
251.53072198849847,81626,905,1330,16142,
251.53188442419656,81626,905,1329,16143,
251.5325919335478,81626,905,1328,16144,
251.53381026216962,81626,905,1327,16145,
251.5353558019347,81626,904,1328,16145,
251.53608120690552,81625,905,1328,16145,
251.53900810907228,81624,906,1328,16145,
251.5403743035831,81624,905,1329,16145,
251.54286148841487,81624,905,1328,16146,
251.54376943079814,81624,904,1329,16146,
251.54381306385605,81624,904,1328,16147,
251.54487997923732,81623,905,1328,16147,
251.54899045386787,81623,905,1327,16148,
251.54931065394632,81623,904,1328,16148,
251.56041349680893,81623,904,1327,16149,
251.562201910246,81623,904,1326,16150,
251.56273083475844,81623,903,1327,16150,
251.56353604736208,81623,902,1328,16150,
251.56428097810456,81622,903,1328,16150,
251.56456642531498,81621,904,1328,16150,
251.56474841748212,81620,905,1328,16150,
251.56573495027382,81620,905,1327,16151,
251.56623382291036,81620,904,1328,16151,
251.56668256365387,81619,905,1328,16151,
251.56883924773518,81618,906,1328,16151,
251.56908457190718,81617,907,1328,16151,
251.56990967402123,81616,908,1328,16151,
251.57309695294927,81616,907,1329,16151,
251.57414840876555,81615,908,1329,16151,
251.5774496571705,81615,907,1330,16151,
251.57868900169424,81615,907,1329,16152,
251.57896243270665,81615,906,1330,16152,
251.57928722837948,81615,906,1329,16153,
251.5808185941052,81615,906,1328,16154,
251.58098927130106,81615,905,1329,16154,
251.5811662736175,81615,905,1328,16155,
251.58247348628802,81615,905,1327,16156,
251.58274440900985,81615,904,1328,16156,
251.58368841154245,81615,903,1329,16156,
251.58683841987687,81615,903,1328,16157,
251.58749861494363,81615,903,1327,16158,
251.58775564820093,81614,904,1327,16158,
251.5879592474884,81614,903,1328,16158,
251.58955007649337,81614,902,1329,16158,
251.59072563049583,81614,901,1330,16158,
251.59283403101176,81614,901,1329,16159,
251.59299939094,81614,900,1330,16159,
251.59361254699766,81614,899,1331,16159,
251.5949212077679,81614,898,1332,16159,
251.59500222338698,81614,898,1331,16160,
251.59512234923977,81614,898,1330,16161,
251.59814526840793,81614,898,1329,16162,
251.5982114099574,81614,898,1328,16163,
251.59902746947265,81614,898,1327,16164,
251.599847245004,81614,897,1328,16164,
251.60050546544815,81614,896,1329,16164,
251.60144669300726,81613,897,1329,16164,
251.60159898182252,81613,897,1328,16165,
251.60248453338053,81612,898,1328,16165,
251.6057345823265,81611,899,1328,16165,
251.60658085649834,81611,899,1327,16166,
251.609940677155,81611,898,1328,16166,
251.6108393880256,81611,897,1329,16166,
251.61180179245278,81610,898,1329,16166,
251.62076937656335,81610,898,1328,16167,
251.62479379489912,81610,898,1327,16168,
251.62539972392523,81610,897,1328,16168,
251.62918761407235,81610,897,1327,16169,
251.63321096276556,81609,898,1327,16169,
251.63400391786476,81609,897,1328,16169,
251.63809430203548,81609,896,1329,16169,
251.63895595227598,81609,895,1330,16169,
251.63909748453318,81609,894,1331,16169,
251.64331067481825,81609,893,1332,16169,
251.6457747015721,81608,894,1332,16169,
251.64603392454552,81607,895,1332,16169,
251.6482282995694,81606,896,1332,16169,
251.6498967481794,81606,895,1333,16169,
251.6525561262598,81606,895,1332,16170,
251.6547251821588,81605,896,1332,16170,
251.654801553097,81604,897,1332,16170,
251.65603787863142,81603,898,1332,16170,
251.65634674398316,81603,897,1333,16170,
251.65640653794563,81602,898,1333,16170,
251.65869664557025,81602,897,1334,16170,
251.66079795153027,81602,897,1333,16171,
251.66243185038485,81601,898,1333,16171,
251.66329863058203,81601,898,1332,16172,
251.66377602413587,81601,898,1331,16173,
251.66516741682037,81600,899,1331,16173,
251.66774522077432,81600,899,1330,16174,
251.6696836278753,81600,899,1329,16175,
251.67070101114132,81600,898,1330,16175,
251.67637419643145,81599,899,1330,16175,
251.67745266510045,81599,898,1331,16175,
251.68039023727007,81599,897,1332,16175,
251.68495651940256,81599,897,1331,16176,
251.68631051634412,81599,897,1330,16177,
251.68710967738622,81599,896,1331,16177,
251.68740460169732,81598,897,1331,16177,
251.6897722738265,81598,897,1330,16178,
251.69249303983466,81597,898,1330,16178,
251.69250944657315,81596,899,1330,16178,
251.69328988835744,81596,898,1331,16178,
251.69638949081514,81595,899,1331,16178,
251.69685848695775,81595,899,1330,16179,
251.70390041692954,81595,899,1329,16180,
251.70391613334618,81595,898,1330,16180,
251.70496859354535,81594,899,1330,16180,
251.7051972037077,81594,898,1331,16180,
251.70542212569356,81594,897,1332,16180,
251.70621339483165,81593,898,1332,16180,
251.70675867131342,81593,898,1331,16181,
251.70732700870917,81592,899,1331,16181,
251.71526206816674,81592,899,1330,16182,
251.71906130453777,81591,900,1330,16182,
251.7216707622082,81591,899,1331,16182,
251.7242224077697,81591,899,1330,16183,
251.72545275954013,81591,899,1329,16184,
251.7256172147276,81590,900,1329,16184,
251.7297884701772,81590,899,1330,16184,
251.73088912600937,81590,899,1329,16185,
251.73118190972195,81589,900,1329,16185,
251.73258111579992,81589,900,1328,16186,
251.73276596924657,81589,899,1329,16186,
251.73537990001554,81588,900,1329,16186,
251.73613129124334,81588,900,1328,16187,
251.73753902974062,81587,901,1328,16187,
251.73878419551457,81586,902,1328,16187,
251.73970968110285,81586,902,1327,16188,
251.7422442162274,81586,902,1326,16189,
251.74783532478727,81586,902,1325,16190,
251.74853509930688,81585,903,1325,16190,
251.7514275470792,81585,902,1326,16190,
251.75255050031205,81585,902,1325,16191,
251.75464783653206,81584,903,1325,16191,
251.75541097667332,81584,902,1326,16191,
251.75591302442342,81583,903,1326,16191,
251.75664091006078,81582,904,1326,16191,
251.75732977147143,81581,905,1326,16191,
251.75786049133768,81581,904,1327,16191,
251.7635764346532,81581,903,1328,16191,
251.7675384963994,81581,903,1327,16192,
251.7683017196383,81580,904,1327,16192,
251.7690753023993,81580,903,1328,16192,
251.77161076883684,81579,904,1328,16192,
251.772198166367,81579,903,1329,16192,
251.77443675828096,81579,902,1330,16192,
251.77543465654196,81579,901,1331,16192,
251.77693091540146,81578,902,1331,16192,
251.7777151741782,81578,901,1332,16192,
251.77842652210143,81578,900,1333,16192,
251.78191337547474,81578,899,1334,16192,
251.78645799176627,81577,900,1334,16192,
251.78949999599874,81576,901,1334,16192,
251.7923634381965,81575,902,1334,16192,
251.7939764995996,81575,902,1333,16193,
251.79653477179698,81575,901,1334,16193,
251.797063283048,81575,900,1335,16193,
251.79729314722542,81574,901,1335,16193,
251.80071586990016,81573,902,1335,16193,
251.8047361934695,81573,901,1336,16193,
251.8085251714059,81572,902,1336,16193,
251.81023924138466,81572,901,1337,16193,
251.81094925424526,81571,902,1337,16193,
251.81544829031935,81571,902,1336,16194,
251.81640004400685,81570,903,1336,16194,
251.81640479661147,81570,902,1337,16194,
251.81926795591534,81570,901,1338,16194,
251.82021421763113,81569,902,1338,16194,
251.82148423997194,81569,901,1339,16194,
251.82573249420267,81569,900,1340,16194,
251.82964695780055,81569,900,1339,16195,
251.83189270745788,81568,901,1339,16195,
251.8339118407916,81567,902,1339,16195,
251.83489475876374,81567,901,1340,16195,
251.83532878344974,81566,902,1340,16195,
251.83538156163985,81566,901,1341,16195,
251.83611834111585,81566,901,1340,16196,
251.83684057551542,81566,900,1341,16196,
251.8368892801202,81565,901,1341,16196,
251.83766120129323,81565,900,1342,16196,
251.8380454629863,81564,901,1342,16196,
251.8382492924196,81563,902,1342,16196,
251.8392667730175,81562,903,1342,16196,
251.8419227211857,81562,902,1343,16196,
251.84368193993768,81561,903,1343,16196,
251.84562466027737,81560,904,1343,16196,
251.84564888955725,81560,903,1344,16196,
251.85011271314386,81559,904,1344,16196,
251.85028224044768,81558,905,1344,16196,
251.85632789357953,81558,904,1345,16196,
251.8564889774244,81557,905,1345,16196,
251.85680149834667,81556,906,1345,16196,
251.85784007341647,81555,907,1345,16196,
251.85884638489787,81554,908,1345,16196,
251.85997991444302,81554,907,1346,16196,
251.861079355432,81554,907,1345,16197,
251.86334750603277,81553,908,1345,16197,
251.8681124219228,81553,908,1344,16198,
251.86927192250772,81552,909,1344,16198,
251.86930403398424,81551,910,1344,16198,
251.8701441025444,81551,910,1343,16199,
251.87131223646878,81550,911,1343,16199,
251.87204581856025,81550,910,1344,16199,
251.87226170334682,81550,910,1343,16200,
251.87264668545748,81549,911,1343,16200,
251.87544793479452,81548,912,1343,16200,
251.8760384784369,81547,913,1343,16200,
251.87910871960528,81547,912,1344,16200,
251.87912960304692,81546,913,1344,16200,
251.88023600393757,81545,914,1344,16200,
251.88613039860695,81545,914,1343,16201,
251.88670928629114,81545,914,1342,16202,
251.88954662896938,81544,915,1342,16202,
251.89005757720886,81544,914,1343,16202,
251.89090925084628,81544,913,1344,16202,
251.89879473878523,81544,912,1345,16202,
251.90051798951924,81543,913,1345,16202,
251.9099091475678,81543,912,1346,16202,
251.91099506486333,81543,911,1347,16202,
251.91118593869908,81542,912,1347,16202,
251.91302487446453,81541,913,1347,16202,
251.91540585203253,81540,914,1347,16202,
251.9181388096676,81540,913,1348,16202,
251.9202307520315,81540,912,1349,16202,
251.92030499741918,81539,913,1349,16202,
251.92813698131752,81539,912,1350,16202,
251.93028182253613,81538,913,1350,16202,
251.93233483451053,81538,913,1349,16203,
251.93836877863004,81538,912,1350,16203,
251.93854722041937,81538,912,1349,16204,
251.93860720231623,81537,913,1349,16204,
251.93916708187427,81537,913,1348,16205,
251.93946749627102,81537,912,1349,16205,
251.93970238399373,81537,911,1350,16205,
251.93978983035268,81536,912,1350,16205,
251.94029564987227,81535,913,1350,16205,
251.9453558176827,81535,912,1351,16205,
251.95132071694118,81535,912,1350,16206,
251.95259549635114,81534,913,1350,16206,
251.95276245742588,81533,914,1350,16206,
251.9533983752155,81532,915,1350,16206,
251.9542294855259,81532,914,1351,16206,
251.95545274548576,81531,915,1351,16206,
251.95552907761794,81530,916,1351,16206,
251.9587606201468,81529,917,1351,16206,
251.9595438389115,81528,918,1351,16206,
251.96010759533,81527,919,1351,16206,
251.96245066466437,81526,920,1351,16206,
251.96503678155273,81526,920,1350,16207,
251.96526711903482,81526,919,1351,16207,
251.9686650051782,81526,918,1352,16207,
251.969634541494,81526,918,1351,16208,
251.97182832371828,81526,917,1352,16208,
251.97659914984203,81525,918,1352,16208,
251.97979636816925,81524,919,1352,16208,
251.9806139109734,81524,918,1353,16208,
251.98117794570308,81524,918,1352,16209,
251.98213946270258,81524,918,1351,16210,
251.9829441485509,81524,917,1352,16210,
251.9856335018653,81523,918,1352,16210,
251.9860592244411,81523,918,1351,16211,
251.98760162242436,81523,917,1352,16211,
251.98769924139359,81523,916,1353,16211,
251.98784673001413,81523,915,1354,16211,
251.98813459290201,81522,916,1354,16211,
251.98837898560447,81522,916,1353,16212,
251.99216166048387,81521,917,1353,16212,
251.99416512955324,81521,917,1352,16213,
251.9961531291628,81520,918,1352,16213,
251.9989430963619,81520,917,1353,16213,
252.00083400825048,81520,916,1354,16213,
252.00540756225703,81520,916,1353,16214,
252.00596959818242,81520,915,1354,16214,
252.00665866039583,81520,914,1355,16214,
252.00678520752118,81520,914,1354,16215,
252.00727619376866,81519,915,1354,16215,
252.00728080242715,81518,916,1354,16215,
252.00864700784268,81517,917,1354,16215,
252.0092799562532,81517,916,1355,16215,
252.01307791320392,81517,915,1356,16215,
252.01402133996638,81517,915,1355,16216,
252.01494920705758,81517,915,1354,16217,
252.01536399659844,81516,916,1354,16217,
252.01609960551622,81515,917,1354,16217,
252.01611409978625,81515,917,1353,16218,
252.016259218292,81514,918,1353,16218,
252.01666794779078,81514,918,1352,16219,
252.01709728021325,81513,919,1352,16219,
252.0174895875411,81513,918,1353,16219,
252.01949803797095,81513,917,1354,16219,
252.02432954001551,81513,917,1353,16220,
252.02441797097944,81513,916,1354,16220,
252.02776500788332,81513,915,1355,16220,
252.02870293471076,81512,916,1355,16220,
252.03001984730295,81512,915,1356,16220,
252.03013123285237,81512,914,1357,16220,
252.0312199771823,81512,913,1358,16220,
252.03131803030192,81512,912,1359,16220,
252.0319124756568,81512,911,1360,16220,
252.03268679512496,81511,912,1360,16220,
252.0341631809761,81511,912,1359,16221,
252.0341707600807,81510,913,1359,16221,
252.03691098298322,81510,912,1360,16221,
252.0371019696042,81509,913,1360,16221,
252.03788679922005,81508,914,1360,16221,
252.03851820305394,81508,914,1359,16222,
252.04153479931566,81508,913,1360,16222,
252.04500282519118,81507,914,1360,16222,
252.04986818297516,81506,915,1360,16222,
252.0532445635569,81505,916,1360,16222,
252.05362978531912,81505,915,1361,16222,
252.05604304558054,81504,916,1361,16222,
252.05661558030351,81504,916,1360,16223,
252.05686953335595,81503,917,1360,16223,
252.05851916234968,81503,917,1359,16224,
252.0595752735512,81502,918,1359,16224,
252.0634141538402,81502,918,1358,16225,
252.06369194744994,81502,917,1359,16225,
252.06580427320452,81502,917,1358,16226,
252.0669965591921,81502,916,1359,16226,
252.06804875637354,81502,916,1358,16227,
252.0683016611066,81501,917,1358,16227,
252.0695680317137,81501,917,1357,16228,
252.0701644235508,81501,916,1358,16228,
252.0713570462936,81501,915,1359,16228,
252.07525930746777,81501,915,1358,16229,
252.081622281216,81501,914,1359,16229,
252.0845575607945,81501,913,1360,16229,
252.08837841505087,81501,913,1359,16230,
252.08843335066993,81501,913,1358,16231,
252.08965019780598,81500,914,1358,16231,
252.0897027520459,81499,915,1358,16231,
252.0910538711953,81499,915,1357,16232,
252.09344512993576,81499,914,1358,16232,
252.0935737348446,81499,913,1359,16232,
252.09507580833878,81498,914,1359,16232,
252.09703539162666,81498,913,1360,16232,
252.10291573704964,81497,914,1360,16232,
252.10685258394955,81497,913,1361,16232,
252.1088404691468,81497,912,1362,16232,
252.11130754200457,81496,913,1362,16232,
252.11143224134798,81496,913,1361,16233,
252.11146943887786,81496,912,1362,16233,
252.1140497769293,81495,913,1362,16233,
252.11481827280085,81494,914,1362,16233,
252.11494317936183,81494,914,1361,16234,
252.1151743519806,81493,915,1361,16234,
252.1165355119469,81492,916,1361,16234,
252.1177376730956,81492,916,1360,16235,
252.11888506463765,81491,917,1360,16235,
252.11960364566679,81491,916,1361,16235,
252.11994964193622,81491,916,1360,16236,
252.12262951785792,81491,915,1361,16236,
252.1244606909146,81490,916,1361,16236,
252.12512507344306,81490,915,1362,16236,
252.13083141318486,81489,916,1362,16236,
252.13362809273292,81488,917,1362,16236,
252.13363399999406,81487,918,1362,16236,
252.13417864171365,81487,917,1363,16236,
252.13677992881594,81486,918,1363,16236,
252.13902886405828,81485,919,1363,16236,
252.14238937387526,81485,918,1364,16236,
252.14250311378356,81484,919,1364,16236,
252.1434270370427,81483,920,1364,16236,
252.14491645155158,81482,921,1364,16236,
252.14753521067541,81482,921,1363,16237,
252.14825002005165,81481,922,1363,16237,
252.14984774606162,81480,923,1363,16237,
252.1532128809537,81479,924,1363,16237,
252.15928932593272,81479,924,1362,16238,
252.15956644156574,81479,923,1363,16238,
252.1608647445536,81478,924,1363,16238,
252.16142601190757,81478,923,1364,16238,
252.1615131953758,81478,922,1365,16238,
252.1618614592834,81478,922,1364,16239,
252.16242539042528,81478,922,1363,16240,
252.16338700177192,81478,921,1364,16240,
252.1640170556256,81478,920,1365,16240,
252.1652370713648,81477,921,1365,16240,
252.16590951049045,81476,922,1365,16240,
252.16801805919746,81476,922,1364,16241,
252.16828993916468,81476,921,1365,16241,
252.16883541727228,81476,921,1364,16242,
252.1699773848439,81475,922,1364,16242,
252.17258531460863,81475,921,1365,16242,
252.1769641155984,81475,920,1366,16242,
252.1785398808112,81475,919,1367,16242,
252.18319067158973,81475,918,1368,16242,
252.18490091179635,81475,918,1367,16243,
252.1866690367379,81475,917,1368,16243,
252.189384638123,81474,918,1368,16243,
252.19099503750925,81473,919,1368,16243,
252.19151378320814,81473,918,1369,16243,
252.1927408455997,81473,917,1370,16243,
252.19391174582282,81473,916,1371,16243,
252.1966660210204,81473,915,1372,16243,
252.19820724537638,81473,915,1371,16244,
252.19901816086306,81473,914,1372,16244,
252.2000570479623,81473,914,1371,16245,
252.20049833904793,81473,914,1370,16246,
252.20143710491,81473,914,1369,16247,
252.2041458956671,81472,915,1369,16247,
252.20525684441412,81471,916,1369,16247,
252.20685953027964,81470,917,1369,16247,
252.207476494216,81469,918,1369,16247,
252.2085444300521,81469,918,1368,16248,
252.20903018943284,81468,919,1368,16248,
252.21090125775035,81468,918,1369,16248,
252.21106230598625,81467,919,1369,16248,
252.2114359878022,81467,919,1368,16249,
252.22104489018773,81466,920,1368,16249,
252.23064674362905,81465,921,1368,16249,
252.23093768453137,81465,920,1369,16249,
252.23171735387186,81465,920,1368,16250,
252.23691192698683,81465,920,1367,16251,
252.24332189970764,81465,920,1366,16252,
252.244177664293,81465,919,1367,16252,
252.24610280547705,81465,918,1368,16252,
252.2464654439104,81464,919,1368,16252,
252.24733916157507,81464,919,1367,16253,
252.24954999725136,81463,920,1367,16253,
252.2497396553373,81463,919,1368,16253,
252.25037389166346,81463,918,1369,16253,
252.26365390516014,81463,917,1370,16253,
252.26469374738537,81463,916,1371,16253,
252.2647746779887,81463,915,1372,16253,
252.26533534729347,81462,916,1372,16253,
252.2656647084501,81461,917,1372,16253,
252.2660684959607,81461,917,1371,16254,
252.26627172620366,81461,916,1372,16254,
252.26689933113042,81461,916,1371,16255,
252.27229004187282,81460,917,1371,16255,
252.27666440605248,81460,916,1372,16255,
252.27820125881138,81460,916,1371,16256,
252.278370224907,81459,917,1371,16256,
252.28097758833712,81459,916,1372,16256,
252.28373205910526,81458,917,1372,16256,
252.28672588915487,81458,917,1371,16257,
252.28775215740313,81458,917,1370,16258,
252.29003062268947,81458,916,1371,16258,
252.29169282293554,81458,916,1370,16259,
252.29353295119083,81457,917,1370,16259,
252.29629130380005,81456,918,1370,16259,
252.29799747649474,81456,918,1369,16260,
252.29998611051047,81456,917,1370,16260,
252.30251456886847,81456,916,1371,16260,
252.30480659400047,81456,915,1372,16260,
252.30817110718536,81456,914,1373,16260,
252.30846355598945,81456,913,1374,16260,
252.3086510105665,81455,914,1374,16260,
252.31217379895418,81454,915,1374,16260,
252.3135758073874,81454,914,1375,16260,
252.31426516509782,81454,914,1374,16261,
252.31786881741235,81454,914,1373,16262,
252.319590944911,81453,915,1373,16262,
252.32031408263046,81452,916,1373,16262,
252.32154988008543,81452,915,1374,16262,
252.32198181445983,81452,915,1373,16263,
252.3225270276842,81451,916,1373,16263,
252.32650754202797,81451,915,1374,16263,
252.32993244649154,81451,914,1375,16263,
252.3311262323103,81450,915,1375,16263,
252.33140218233623,81450,915,1374,16264,
252.3331503689,81450,914,1375,16264,
252.33421923545728,81449,915,1375,16264,
252.335345653637,81449,915,1374,16265,
252.33669252819843,81449,915,1373,16266,
252.34272797283427,81448,916,1373,16266,
252.3451544395443,81448,916,1372,16267,
252.34617364600038,81448,915,1373,16267,
252.34635871967356,81447,916,1373,16267,
252.34707894976353,81447,916,1372,16268,
252.34772204620975,81446,917,1372,16268,
252.35060987443975,81446,917,1371,16269,
252.3510737312189,81446,916,1372,16269,
252.35530009736416,81445,917,1372,16269,
252.35558322025273,81444,918,1372,16269,
252.3558769499995,81443,919,1372,16269,
252.35742504641158,81443,919,1371,16270,
252.35804452868314,81443,918,1372,16270,
252.3605261399034,81442,919,1372,16270,
252.36090642439726,81442,918,1373,16270,
252.36172748910246,81442,918,1372,16271,
252.36258157702454,81442,917,1373,16271,
252.3652251943019,81442,916,1374,16271,
252.36714646379278,81441,917,1374,16271,
252.3693205384988,81441,916,1375,16271,
252.37437911744232,81441,915,1376,16271,
252.37533158443927,81440,916,1376,16271,
252.3772174416824,81440,915,1377,16271,
252.37744599366803,81440,914,1378,16271,
252.38182384298335,81439,915,1378,16271,
252.38374527321807,81438,916,1378,16271,
252.38789078305004,81438,915,1379,16271,
252.38857597418644,81438,914,1380,16271,
252.3910329031863,81438,914,1379,16272,
252.39443042608553,81437,915,1379,16272,
252.39546847531574,81437,914,1380,16272,
252.39743801258962,81437,913,1381,16272,
252.39803840940502,81436,914,1381,16272,
252.39904205110506,81435,915,1381,16272,
252.39943911480424,81434,916,1381,16272,
252.40009643121067,81434,916,1380,16273,
252.4040240947375,81434,915,1381,16273,
252.40441754780628,81434,915,1380,16274,
252.40581200616415,81433,916,1380,16274,
252.406074967146,81433,915,1381,16274,
252.4105936551128,81433,915,1380,16275,
252.41161544387015,81433,915,1379,16276,
252.41506766172049,81433,914,1380,16276,
252.41532335706526,81432,915,1380,16276,
252.42042039306958,81432,914,1381,16276,
252.42431234468407,81432,914,1380,16277,
252.42452208493035,81432,914,1379,16278,
252.42769375925857,81432,913,1380,16278,
252.43030518288015,81432,912,1381,16278,
252.4313774671464,81432,911,1382,16278,
252.43187059918523,81432,911,1381,16279,
252.43189732405824,81432,910,1382,16279,
252.43204069171594,81432,910,1381,16280,
252.43316978406156,81432,910,1380,16281,
252.433239471726,81431,911,1380,16281,
252.433849759078,81430,912,1380,16281,
252.4344187357536,81429,913,1380,16281,
252.4344778896744,81429,913,1379,16282,
252.4345737855453,81429,912,1380,16282,
252.43587877505027,81429,911,1381,16282,
252.43639597957633,81428,912,1381,16282,
252.44043442019924,81427,913,1381,16282,
252.44077714414453,81426,914,1381,16282,
252.44384498185207,81425,915,1381,16282,
252.44675784582773,81424,916,1381,16282,
252.44740328687652,81423,917,1381,16282,
252.44861514251642,81422,918,1381,16282,
252.45204791586372,81422,917,1382,16282,
252.45456063402196,81422,917,1381,16283,
252.45818888694856,81422,917,1380,16284,
252.46204355444104,81422,917,1379,16285,
252.4654261798158,81422,916,1380,16285,
252.46641059779685,81422,915,1381,16285,
252.4668928577829,81421,916,1381,16285,
252.46845910512155,81421,915,1382,16285,
252.47474889475686,81421,915,1381,16286,
252.47536405176106,81420,916,1381,16286,
252.47911687633632,81420,915,1382,16286,
252.47986966712472,81419,916,1382,16286,
252.4808638807583,81419,916,1381,16287,
252.48201336109435,81419,916,1380,16288,
252.48228659072004,81419,916,1379,16289,
252.48524562429793,81418,917,1379,16289,
252.48552069561566,81417,918,1379,16289,
252.4856772620481,81417,918,1378,16290,
252.48822774848074,81417,917,1379,16290,
252.48829630411905,81416,918,1379,16290,
252.49201739248824,81416,917,1380,16290,
252.4930316753163,81415,918,1380,16290,
252.49536364075746,81415,917,1381,16290,
252.49593511931022,81415,917,1380,16291,
252.49668584609782,81415,916,1381,16291,
252.49736694736958,81415,915,1382,16291,
252.50153233820834,81415,914,1383,16291,
252.50505696820082,81415,914,1382,16292,
252.5154878620328,81414,915,1382,16292,
252.51594700074563,81414,915,1381,16293,
252.51948045989892,81413,916,1381,16293,
252.5196491034974,81413,916,1380,16294,
252.52127977664466,81413,916,1379,16295,
252.52564295152956,81413,915,1380,16295,
252.52788233900486,81413,914,1381,16295,
252.52898349211557,81413,913,1382,16295,
252.53039890319621,81413,912,1383,16295,
252.530584772653,81413,912,1382,16296,
252.53479271646367,81413,911,1383,16296,
252.5388395827523,81413,910,1384,16296,
252.54045338581068,81412,911,1384,16296,
252.54498441006928,81411,912,1384,16296,
252.54532632651856,81411,911,1385,16296,
252.5454776920284,81411,911,1384,16297,
252.54605237515366,81410,912,1384,16297,
252.54681062478681,81410,912,1383,16298,
252.54728259833908,81410,912,1382,16299,
252.54751460321177,81410,912,1381,16300,
252.54808646120313,81410,911,1382,16300,
252.5486675064604,81410,910,1383,16300,
252.55133230538763,81409,911,1383,16300,
252.55193971641458,81409,911,1382,16301,
252.5551202492989,81409,910,1383,16301,
252.55731531784508,81408,911,1383,16301,
252.5595853643751,81407,912,1383,16301,
252.55977840151644,81407,912,1382,16302,
252.56298502298077,81407,911,1383,16302,
252.5637878798204,81407,911,1382,16303,
252.56470466902897,81407,910,1383,16303,
252.565457999081,81407,909,1384,16303,
252.56566795722182,81406,910,1384,16303,
252.56675055734087,81406,910,1383,16304,
252.5674594789474,81405,911,1383,16304,
252.56920469294926,81404,912,1383,16304,
252.57064609096975,81403,913,1383,16304,
252.57131587745863,81402,914,1383,16304,
252.57272552926054,81402,913,1384,16304,
252.5731661544604,81401,914,1384,16304,
252.57995876967615,81401,913,1385,16304,
252.5864268807469,81401,912,1386,16304,
252.58711937092076,81401,912,1385,16305,
252.5873352241454,81401,912,1384,16306,
252.59162528407475,81401,912,1383,16307,
252.5918062195097,81401,912,1382,16308,
252.59304295345487,81401,912,1381,16309,
252.59369492180596,81401,912,1380,16310,
252.59566775039215,81400,913,1380,16310,
252.59679476631672,81400,913,1379,16311,
252.6000962685516,81400,912,1380,16311,
252.604360136595,81399,913,1380,16311,
252.60623871787408,81398,914,1380,16311,
252.60689279543405,81398,913,1381,16311,
252.61076538690858,81398,913,1380,16312,
252.6116165259066,81397,914,1380,16312,
252.61242443180384,81397,914,1379,16313,
252.61294176493794,81397,913,1380,16313,
252.61411384067912,81397,912,1381,16313,
252.61437383990233,81397,911,1382,16313,
252.6154439368888,81397,911,1381,16314,
252.6161614097056,81397,911,1380,16315,
252.62433709161914,81397,911,1379,16316,
252.62643649594497,81397,911,1378,16317,
252.62705483505698,81397,910,1379,16317,
252.6313143245774,81397,909,1380,16317,
252.63191199959618,81396,910,1380,16317,
252.63205504476602,81396,910,1379,16318,
252.63401345781125,81396,909,1380,16318,
252.63482916482207,81395,910,1380,16318,
252.6353581670437,81395,909,1381,16318,
252.63816101723162,81395,909,1380,16319,
252.63992990661865,81395,909,1379,16320,
252.64437826149853,81395,908,1380,16320,
252.64811028657874,81394,909,1380,16320,
252.6495065001603,81393,910,1380,16320,
252.6500912283762,81392,911,1380,16320,
252.65122919090507,81392,911,1379,16321,
252.6545649973136,81391,912,1379,16321,
252.6573109574219,81391,911,1380,16321,
252.66159233697098,81391,911,1379,16322,
252.66308123046295,81391,911,1378,16323,
252.66310773183147,81390,912,1378,16323,
252.66958315813497,81390,911,1379,16323,
252.67142967643014,81389,912,1379,16323,
252.67239988420016,81388,913,1379,16323,
252.67380597144094,81388,912,1380,16323,
252.67540014975816,81387,913,1380,16323,
252.67541771581605,81386,914,1380,16323,
252.67729993216943,81386,914,1379,16324,
252.677546336791,81386,914,1378,16325,
252.67987469075135,81386,914,1377,16326,
252.68285601884622,81386,914,1376,16327,
252.68450856732076,81385,915,1376,16327,
252.6859466887081,81384,916,1376,16327,
252.6864666324265,81383,917,1376,16327,
252.69384499876102,81383,917,1375,16328,
252.6942132352493,81382,918,1375,16328,
252.69491131386275,81382,917,1376,16328,
252.69528907016945,81381,918,1376,16328,
252.69599058922978,81381,917,1377,16328,
252.69818027103616,81381,916,1378,16328,
252.698858022777,81380,917,1378,16328,
252.70043077510576,81379,918,1378,16328,
252.7020047859854,81379,917,1379,16328,
252.70405445582477,81378,918,1379,16328,
252.70565570978977,81378,917,1380,16328,
252.70661219100856,81377,918,1380,16328,
252.70755750551933,81377,917,1381,16328,
252.7096345795167,81376,918,1381,16328,
252.71016128903355,81376,917,1382,16328,
252.71249289601093,81376,917,1381,16329,
252.7148937457571,81376,917,1380,16330,
252.7149406422234,81376,916,1381,16330,
252.715405571795,81376,916,1380,16331,
252.71840341527096,81376,915,1381,16331,
252.72014002714238,81376,914,1382,16331,
252.72060556786406,81375,915,1382,16331,
252.72271859156055,81374,916,1382,16331,
252.72401114927436,81374,915,1383,16331,
252.7259349990005,81374,914,1384,16331,
252.727355063098,81374,914,1383,16332,
252.73189587712318,81374,914,1382,16333,
252.7320124343203,81374,914,1381,16334,
252.73452811825976,81374,914,1380,16335,
252.73598574964788,81374,914,1379,16336,
252.73880529278668,81374,914,1378,16337,
252.74000876238378,81374,914,1377,16338,
252.74110834013752,81373,915,1377,16338,
252.74138020032024,81372,916,1377,16338,
252.74254924962972,81372,916,1376,16339,
252.74468925078435,81372,915,1377,16339,
252.7498931105964,81372,915,1376,16340,
252.7529942636539,81372,914,1377,16340,
252.75302204706102,81372,914,1376,16341,
252.75304854709066,81371,915,1376,16341,
252.7531038026892,81371,914,1377,16341,
252.75543197487085,81371,914,1376,16342,
252.75761282986863,81371,914,1375,16343,
252.75888187957622,81370,915,1375,16343,
252.76052867720762,81370,915,1374,16344,
252.76140834811918,81370,914,1375,16344,
252.7623492354694,81370,913,1376,16344,
252.7633726321668,81370,912,1377,16344,
252.76356881404124,81370,912,1376,16345,
252.7711546379926,81370,912,1375,16346,
252.77286695687678,81370,911,1376,16346,
252.7759419961957,81370,910,1377,16346,
252.77689174580996,81370,910,1376,16347,
252.77797046762007,81369,911,1376,16347,
252.78247773250487,81369,910,1377,16347,
252.784468663104,81369,909,1378,16347,
252.7880991240428,81369,908,1379,16347,
252.79023046820654,81368,909,1379,16347,
252.79926431153567,81368,909,1378,16348,
252.80095919920646,81368,909,1377,16349,
252.80547124267213,81368,909,1376,16350,
252.80975652503483,81368,908,1377,16350,
252.81030987740573,81368,907,1378,16350,
252.81176434420325,81367,908,1378,16350,
252.815039551954,81366,909,1378,16350,
252.81798758128437,81365,910,1378,16350,
252.81833051947308,81364,911,1378,16350,
252.81838465950824,81364,910,1379,16350,
252.8201840664721,81364,910,1378,16351,
252.8269022446338,81364,910,1377,16352,
252.82832517327304,81364,910,1376,16353,
252.82866435728428,81364,909,1377,16353,
252.82895624502873,81364,908,1378,16353,
252.83019683398996,81364,908,1377,16354,
252.83062112917102,81364,908,1376,16355,
252.8335413965457,81364,908,1375,16356,
252.83460855893077,81364,907,1376,16356,
252.8359116257712,81363,908,1376,16356,
252.8390409106387,81363,907,1377,16356,
252.84034893530136,81363,906,1378,16356,
252.84117311153602,81363,906,1377,16357,
252.84838093975713,81362,907,1377,16357,
252.8487063342845,81362,906,1378,16357,
252.85016345911075,81362,905,1379,16357,
252.8523375611216,81362,904,1380,16357,
252.85304374255674,81362,903,1381,16357,
252.8553732518591,81362,903,1380,16358,
252.8558870927271,81362,903,1379,16359,
252.85695611332346,81362,903,1378,16360,
252.85770785968845,81361,904,1378,16360,
252.86217621999995,81361,903,1379,16360,
252.86546335489723,81361,902,1380,16360,
252.8682859283797,81361,901,1381,16360,
252.86950746867444,81361,900,1382,16360,
252.874114174852,81361,900,1381,16361,
252.87585475380544,81360,901,1381,16361,
252.88095185353617,81360,900,1382,16361,
252.88191485654244,81360,900,1381,16362,
252.8844999885242,81359,901,1381,16362,
252.8877530820307,81358,902,1381,16362,
252.88885324054237,81358,902,1380,16363,
252.8908796452863,81357,903,1380,16363,
252.89113636814204,81357,903,1379,16364,
252.893102155975,81356,904,1379,16364,
252.8935248715198,81356,903,1380,16364,
252.89371696202198,81356,903,1379,16365,
252.89373065097345,81356,902,1380,16365,
252.89905929339687,81356,902,1379,16366,
252.90248027576078,81355,903,1379,16366,
252.90556672429176,81355,902,1380,16366,
252.90714446879366,81354,903,1380,16366,
252.9093306834608,81353,904,1380,16366,
252.9111511572553,81353,903,1381,16366,
252.9147872851685,81352,904,1381,16366,
252.914900772194,81352,904,1380,16367,
252.91654590301778,81352,903,1381,16367,
252.9166165886596,81351,904,1381,16367,
252.9171493370072,81351,904,1380,16368,
252.9208150596794,81351,903,1381,16368,
252.92482484993542,81351,902,1382,16368,
252.92573444587424,81351,902,1381,16369,
252.92723674097786,81351,901,1382,16369,
252.9289978521404,81351,901,1381,16370,
252.92900735616053,81351,901,1380,16371,
252.93283045583036,81350,902,1380,16371,
252.9331571836411,81349,903,1380,16371,
252.9336083596251,81348,904,1380,16371,
252.9348462503594,81348,904,1379,16372,
252.93716716808603,81348,903,1380,16372,
252.93719350283243,81347,904,1380,16372,
252.93944226630276,81347,903,1381,16372,
252.93944261089956,81346,904,1381,16372,
252.94040748297064,81346,903,1382,16372,
252.94150424135213,81346,902,1383,16372,
252.94507849809403,81346,901,1384,16372,
252.94922105271553,81346,901,1383,16373,
252.94989144566887,81346,901,1382,16374,
252.95394322164995,81345,902,1382,16374,
252.9539550878163,81344,903,1382,16374,
252.95585389675134,81343,904,1382,16374,
252.95945228244454,81342,905,1382,16374,
252.95956241508532,81341,906,1382,16374,
252.95996684706412,81340,907,1382,16374,
252.96090189498133,81340,907,1381,16375,
252.96322313939018,81340,906,1382,16375,
252.96389502258273,81340,906,1381,16376,
252.96696480285115,81340,905,1382,16376,
252.96830246954212,81339,906,1382,16376,
252.96884039940988,81339,905,1383,16376,
252.96887517335895,81339,905,1382,16377,
252.972833997299,81339,904,1383,16377,
252.9737243174721,81339,903,1384,16377,
252.974439209306,81339,903,1383,16378,
252.97819727959194,81338,904,1383,16378,
252.97885105530486,81338,903,1384,16378,
252.97955465307066,81338,902,1385,16378,
252.98434349209998,81337,903,1385,16378,
252.98780213942246,81337,902,1386,16378,
252.98799636533928,81337,902,1385,16379,
252.99185070462397,81337,901,1386,16379,
252.99428224415493,81336,902,1386,16379,
252.99494481867166,81336,902,1385,16380,
252.99635384625003,81336,902,1384,16381,
252.99749937336807,81336,901,1385,16381,
252.9995933791546,81336,900,1386,16381,
253.0017236510081,81336,900,1385,16382,
253.003560776815,81336,900,1384,16383,
253.00568422961265,81336,900,1383,16384,
253.0075958508302,81336,900,1382,16385,
253.00761480194373,81336,900,1381,16386,
253.00785000776472,81335,901,1381,16386,
253.01031450764305,81335,900,1382,16386,
253.01609972383508,81334,901,1382,16386,
253.0177643953213,81334,900,1383,16386,
253.01862351653267,81334,900,1382,16387,
253.02204885148768,81333,901,1382,16387,
253.02328049443878,81333,900,1383,16387,
253.02428279064944,81332,901,1383,16387,
253.02485895826598,81332,901,1382,16388,
253.02495394318092,81332,900,1383,16388,
253.02779389239845,81331,901,1383,16388,
253.02909399698368,81331,900,1384,16388,
253.0301290684119,81331,899,1385,16388,
253.03183178301344,81331,898,1386,16388,
253.0324512063138,81331,897,1387,16388,
253.03268596715756,81331,897,1386,16389,
253.03487550870435,81331,897,1385,16390,
253.0351454770813,81331,896,1386,16390,
253.039202639185,81330,897,1386,16390,
253.0438268547415,81329,898,1386,16390,
253.04471674482934,81329,898,1385,16391,
253.0474777438358,81329,897,1386,16391,
253.04768130965266,81329,897,1385,16392,
253.048291301576,81328,898,1385,16392,
253.05126634873437,81328,897,1386,16392,
253.05179174387368,81328,897,1385,16393,
253.05247601859807,81328,896,1386,16393,
253.05315149903547,81327,897,1386,16393,
253.05362098913884,81327,897,1385,16394,
253.05437130846525,81327,896,1386,16394,
253.05721582414873,81327,896,1385,16395,
253.05782008610117,81327,895,1386,16395,
253.05802583766808,81327,895,1385,16396,
253.05821000327944,81326,896,1385,16396,
253.05867683414448,81326,895,1386,16396,
253.05995914586808,81326,895,1385,16397,
253.06079559989823,81326,895,1384,16398,
253.06147099917666,81325,896,1384,16398,
253.06377016205735,81325,895,1385,16398,
253.0640747955205,81324,896,1385,16398,
253.06466582616545,81324,895,1386,16398,
253.06570187743284,81324,894,1387,16398,
253.06623262841768,81324,893,1388,16398,
253.06814270407338,81324,893,1387,16399,
253.0697885194298,81324,892,1388,16399,
253.07033057558326,81324,891,1389,16399,
253.07114239057267,81323,892,1389,16399,
253.0740516977326,81323,891,1390,16399,
253.0740584124154,81323,891,1389,16400,
253.07502030154188,81323,891,1388,16401,
253.07502696327703,81323,890,1389,16401,
253.07762867707424,81323,889,1390,16401,
253.07907054643684,81323,888,1391,16401,
253.07982754009294,81323,887,1392,16401,
253.08573516007365,81322,888,1392,16401,
253.08842917590766,81321,889,1392,16401,
253.08978446628288,81321,889,1391,16402,
253.09289188812852,81321,889,1390,16403,
253.09551673173488,81320,890,1390,16403,
253.099869953756,81319,891,1390,16403,
253.10353988432894,81318,892,1390,16403,
253.10458817679614,81317,893,1390,16403,
253.10596472680947,81317,892,1391,16403,
253.10748656831538,81317,891,1392,16403,
253.1111522017885,81317,891,1391,16404,
253.11120132000048,81317,891,1390,16405,
253.112376808366,81317,890,1391,16405,
253.11273617073425,81317,889,1392,16405,
253.11277258418852,81317,888,1393,16405,
253.11285130682913,81317,887,1394,16405,
253.11300480897683,81317,887,1393,16406,
253.1145801212334,81317,886,1394,16406,
253.11467773095825,81317,886,1393,16407,
253.11599955630228,81317,886,1392,16408,
253.11777392089027,81317,885,1393,16408,
253.11781819179987,81316,886,1393,16408,
253.12099220037646,81316,885,1394,16408,
253.1266261153952,81315,886,1394,16408,
253.12945635328342,81314,887,1394,16408,
253.1305830194522,81314,887,1393,16409,
253.13131564606488,81313,888,1393,16409,
253.13183809847277,81312,889,1393,16409,
253.14084599706328,81312,888,1394,16409,
253.14424490138774,81312,887,1395,16409,
253.14554820524893,81311,888,1395,16409,
253.15388154907367,81310,889,1395,16409,
253.15701617375927,81310,888,1396,16409,
253.1573056225137,81310,888,1395,16410,
253.15776444796768,81309,889,1395,16410,
253.15818526161905,81308,890,1395,16410,
253.15882057111494,81307,891,1395,16410,
253.15929890824884,81307,891,1394,16411,
253.16041254015278,81306,892,1394,16411,
253.16328712924053,81305,893,1394,16411,
253.1644738111438,81304,894,1394,16411,
253.1661212105251,81303,895,1394,16411,
253.1681633158095,81303,895,1393,16412,
253.16894446479148,81302,896,1393,16412,
253.1695013844161,81302,895,1394,16412,
253.17055393916579,81301,896,1394,16412,
253.17094143339014,81300,897,1394,16412,
253.17145392176857,81299,898,1394,16412,
253.17457952446262,81298,899,1394,16412,
253.17515061897151,81298,899,1393,16413,
253.1764787627463,81298,898,1394,16413,
253.17805361014607,81298,897,1395,16413,
253.18072431127825,81298,897,1394,16414,
253.1848639966347,81297,898,1394,16414,
253.1863917494513,81297,898,1393,16415,
253.18851228459016,81297,897,1394,16415,
253.19741431351557,81297,897,1393,16416,
253.19789411157623,81297,896,1394,16416,
253.198189628121,81297,896,1393,16417,
253.19960273204612,81297,895,1394,16417,
253.2022320927056,81296,896,1394,16417,
253.2029620631941,81296,895,1395,16417,
253.20348707312644,81296,895,1394,16418,
253.20349880336147,81296,895,1393,16419,
253.20494304923864,81296,895,1392,16420,
253.2054423208362,81295,896,1392,16420,
253.20704945773852,81294,897,1392,16420,
253.2096495030468,81294,896,1393,16420,
253.20980650020857,81294,895,1394,16420,
253.2103160626611,81294,895,1393,16421,
253.21128165017518,81293,896,1393,16421,
253.21387197774624,81293,896,1392,16422,
253.21447313630156,81293,896,1391,16423,
253.21473235532306,81293,895,1392,16423,
253.21633770278763,81292,896,1392,16423,
253.21878129954274,81291,897,1392,16423,
253.21974066236072,81291,896,1393,16423,
253.2227984305331,81291,895,1394,16423,
253.22528412335498,81291,895,1393,16424,
253.22810738427336,81291,894,1394,16424,
253.22823185938773,81290,895,1394,16424,
253.2305584322734,81290,895,1393,16425,
253.23180389567236,81290,894,1394,16425,
253.23253587353207,81289,895,1394,16425,
253.23401481441877,81289,894,1395,16425,
253.23490206446172,81289,893,1396,16425,
253.23558842044753,81288,894,1396,16425,
253.2367228149864,81287,895,1396,16425,
253.24030158422357,81287,895,1395,16426,
253.24038327576528,81287,895,1394,16427,
253.24462485571667,81287,894,1395,16427,
253.24493853854455,81287,894,1394,16428,
253.24676148482467,81287,893,1395,16428,
253.2512158205121,81286,894,1395,16428,
253.2514601014345,81285,895,1395,16428,
253.2537311241211,81284,896,1395,16428,
253.25516646518957,81283,897,1395,16428,
253.25688201525003,81283,897,1394,16429,
253.25748598160908,81283,897,1393,16430,
253.25897090719374,81282,898,1393,16430,
253.26564049017608,81282,898,1392,16431,
253.26575862292609,81281,899,1392,16431,
253.26661427104682,81281,898,1393,16431,
253.27222181821983,81280,899,1393,16431,
253.27231522752237,81279,900,1393,16431,
253.2726263649957,81278,901,1393,16431,
253.27463784976845,81277,902,1393,16431,
253.27576630637606,81276,903,1393,16431,
253.2766225687737,81276,902,1394,16431,
253.27711621635243,81276,902,1393,16432,
253.27900701027005,81275,903,1393,16432,
253.28217860255336,81275,903,1392,16433,
253.2834804591464,81274,904,1392,16433,
253.28631138447116,81274,904,1391,16434,
253.28662080035312,81274,904,1390,16435,
253.28782665947148,81273,905,1390,16435,
253.2909298319976,81272,906,1390,16435,
253.29115608647606,81271,907,1390,16435,
253.29137377780447,81271,906,1391,16435,
253.29282277547344,81271,905,1392,16435,
253.29769498932941,81271,904,1393,16435,
253.2997711072952,81271,903,1394,16435,
253.30275797657362,81270,904,1394,16435,
253.30432924549626,81269,905,1394,16435,
253.30950441920146,81269,904,1395,16435,
253.3114568693102,81269,903,1396,16435,
253.31358778008865,81268,904,1396,16435,
253.3136362625308,81267,905,1396,16435,
253.31398040158788,81266,906,1396,16435,
253.31501301031273,81266,906,1395,16436,
253.31579510584453,81266,905,1396,16436,
253.31640058260868,81265,906,1396,16436,
253.31672646782684,81265,905,1397,16436,
253.32151949737533,81265,904,1398,16436,
253.32186126553873,81265,904,1397,16437,
253.32347573182864,81265,904,1396,16438,
253.32409847541365,81264,905,1396,16438,
253.32644323257068,81264,905,1395,16439,
253.32719652735727,81264,904,1396,16439,
253.33329799210983,81264,904,1395,16440,
253.33344399478997,81264,903,1396,16440,
253.33645342078236,81264,902,1397,16440,
253.33815111705263,81264,901,1398,16440,
253.33913099116458,81264,901,1397,16441,
253.34033062444604,81263,902,1397,16441,
253.34094562234455,81263,902,1396,16442,
253.34150193134798,81263,902,1395,16443,
253.34177524048812,81263,901,1396,16443,
253.34460427021997,81263,900,1397,16443,
253.34591406798327,81263,900,1396,16444,
253.34879822109022,81263,899,1397,16444,
253.352239727313,81263,898,1398,16444,
253.35346642368614,81263,897,1399,16444,
253.35722926934528,81263,896,1400,16444,
253.36051020185144,81262,897,1400,16444,
253.36065795201915,81262,896,1401,16444,
253.36544261911675,81261,897,1401,16444,
253.36644190501357,81260,898,1401,16444,
253.36736273425987,81259,899,1401,16444,
253.3705491779935,81259,899,1400,16445,
253.372046226674,81259,898,1401,16445,
253.37567069149264,81259,897,1402,16445,
253.37928858628513,81259,896,1403,16445,
253.38449670534638,81259,895,1404,16445,
253.38507511702815,81258,896,1404,16445,
253.38650177095394,81258,896,1403,16446,
253.38667328854245,81257,897,1403,16446,
253.386975194309,81256,898,1403,16446,
253.39166840110235,81255,899,1403,16446,
253.39321776303922,81254,900,1403,16446,
253.39343632734966,81254,899,1404,16446,
253.39660652770723,81253,900,1404,16446,
253.3966196849009,81253,900,1403,16447,
253.3969976185706,81253,899,1404,16447,
253.40356156567424,81253,899,1403,16448,
253.40423341305828,81253,898,1404,16448,
253.40485652564098,81253,898,1403,16449,
253.40584836125342,81252,899,1403,16449,
253.4069190889924,81251,900,1403,16449,
253.4075823122863,81251,900,1402,16450,
253.40780590754565,81251,899,1403,16450,
253.40844936584037,81251,898,1404,16450,
253.4103223317,81250,899,1404,16450,
253.4120563050966,81249,900,1404,16450,
253.4127593478865,81249,900,1403,16451,
253.4142569594281,81249,899,1404,16451,
253.41494674033692,81248,900,1404,16451,
253.41936897531997,81248,900,1403,16452,
253.4211498890087,81247,901,1403,16452,
253.42118979855732,81247,901,1402,16453,
253.4283421897912,81247,900,1403,16453,
253.4303069037113,81247,899,1404,16453,
253.43115767390424,81246,900,1404,16453,
253.43309140932917,81246,900,1403,16454,
253.4358068889861,81245,901,1403,16454,
253.43726902659492,81245,900,1404,16454,
253.43811570702366,81245,899,1405,16454,
253.43916579226052,81244,900,1405,16454,
253.44126344572527,81244,900,1404,16455,
253.44145109876325,81244,899,1405,16455,
253.44225961149928,81243,900,1405,16455,
253.442441052817,81242,901,1405,16455,
253.4427057255928,81241,902,1405,16455,
253.44496452517927,81241,901,1406,16455,
253.44614988949237,81241,900,1407,16455,
253.44660341241914,81241,899,1408,16455,
253.44893885455812,81241,899,1407,16456,
253.44897561859287,81240,900,1407,16456,
253.45063064626868,81240,900,1406,16457,
253.4516169172354,81240,899,1407,16457,
253.4570224220126,81240,899,1406,16458,
253.46153745594958,81239,900,1406,16458,
253.46156753859518,81239,899,1407,16458,
253.46192444344408,81239,898,1408,16458,
253.46302717617297,81239,897,1409,16458,
253.4632687376311,81239,897,1408,16459,
253.46328510996344,81239,897,1407,16460,
253.46424989472382,81239,896,1408,16460,
253.4644356070668,81239,895,1409,16460,
253.46857606936058,81239,895,1408,16461,
253.46860057244493,81238,896,1408,16461,
253.46902563252746,81238,895,1409,16461,
253.46925510645653,81237,896,1409,16461,
253.47499334793804,81236,897,1409,16461,
253.47653268371315,81236,896,1410,16461,
253.47857415759466,81236,896,1409,16462,
253.47955061016833,81235,897,1409,16462,
253.4833010144713,81234,898,1409,16462,
253.48356434141218,81233,899,1409,16462,
253.48372058955144,81232,900,1409,16462,
253.48657008354758,81231,901,1409,16462,
253.48975848529244,81231,901,1408,16463,
253.4912432868776,81231,900,1409,16463,
253.49193731230082,81231,899,1410,16463,
253.49372531845745,81230,900,1410,16463,
253.49437690807943,81230,900,1409,16464,
253.49696001944014,81229,901,1409,16464,
253.49765234378705,81229,901,1408,16465,
253.49810668254204,81228,902,1408,16465,
253.50184956480436,81227,903,1408,16465,
253.50265848876654,81226,904,1408,16465,
253.5040521641928,81225,905,1408,16465,
253.50676863364052,81225,904,1409,16465,
253.50770764181297,81225,903,1410,16465,
253.5156084146116,81225,902,1411,16465,
253.5166202214536,81224,903,1411,16465,
253.51820911355907,81224,903,1410,16466,
253.51897549054348,81224,902,1411,16466,
253.51901499815676,81223,903,1411,16466,
253.52107787259942,81222,904,1411,16466,
253.5226483416313,81222,904,1410,16467,
253.52349209950108,81221,905,1410,16467,
253.52350416658078,81220,906,1410,16467,
253.5238770944946,81220,906,1409,16468,
253.5250473513927,81220,906,1408,16469,
253.5285122639535,81220,906,1407,16470,
253.53215635559627,81219,907,1407,16470,
253.53343168203796,81219,906,1408,16470,
253.53355471656164,81219,905,1409,16470,
253.53494112088612,81219,904,1410,16470,
253.53597366530587,81218,905,1410,16470,
253.53657460836885,81218,904,1411,16470,
253.5442474930475,81218,903,1412,16470,
253.5456752784199,81218,902,1413,16470,
253.5464448967328,81217,903,1413,16470,
253.54760104568066,81217,903,1412,16471,
253.55876887718708,81216,904,1412,16471,
253.56085631287408,81216,904,1411,16472,
253.56124913405935,81215,905,1411,16472,
253.5618513649486,81214,906,1411,16472,
253.56259702545515,81214,906,1410,16473,
253.56791706523512,81214,906,1409,16474,
253.56887043063603,81214,906,1408,16475,
253.57011735854977,81214,906,1407,16476,
253.57020836296326,81214,906,1406,16477,
253.5709648514309,81214,905,1407,16477,
253.5719768028876,81214,905,1406,16478,
253.58020343633905,81214,904,1407,16478,
253.58048330492846,81213,905,1407,16478,
253.58451665041392,81212,906,1407,16478,
253.5866770524127,81212,905,1408,16478,
253.59070259580741,81212,905,1407,16479,
253.59125598848811,81211,906,1407,16479,
253.59145522352154,81210,907,1407,16479,
253.59423615148188,81209,908,1407,16479,
253.59481187473622,81208,909,1407,16479,
253.59532610902474,81208,908,1408,16479,
253.59730855313717,81208,907,1409,16479,
253.59949832840178,81208,907,1408,16480,
253.6009416673993,81208,907,1407,16481,
253.60097060355213,81208,907,1406,16482,
253.60417378793466,81207,908,1406,16482,
253.60423345378535,81207,907,1407,16482,
253.604236479169,81206,908,1407,16482,
253.61003970443863,81205,909,1407,16482,
253.61158667788106,81204,910,1407,16482,
253.61243117695238,81204,910,1406,16483,
253.61290343690175,81204,909,1407,16483,
253.61499579219998,81203,910,1407,16483,
253.61535479949447,81203,910,1406,16484,
253.6156383895682,81202,911,1406,16484,
253.61707103991267,81202,911,1405,16485,
253.6230672767362,81201,912,1405,16485,
253.6269034860989,81200,913,1405,16485,
253.6276178675892,81199,914,1405,16485,
253.62952095271265,81199,914,1404,16486,
253.6297161650562,81199,914,1403,16487,
253.63056206476014,81198,915,1403,16487,
253.63147026968696,81197,916,1403,16487,
253.63256438561262,81196,917,1403,16487,
253.63508637173965,81196,916,1404,16487,
253.63539726832167,81195,917,1404,16487,
253.63663255892232,81194,918,1404,16487,
253.6375802714726,81193,919,1404,16487,
253.6379713730181,81193,919,1403,16488,
253.6392259257873,81193,919,1402,16489,
253.63945535831303,81193,919,1401,16490,
253.64414757583583,81193,919,1400,16491,
253.64777622728147,81192,920,1400,16491,
253.6482451320733,81192,919,1401,16491,
253.65092333493152,81191,920,1401,16491,
253.65105440044903,81191,920,1400,16492,
253.6522255691391,81190,921,1400,16492,
253.6534181724853,81190,921,1399,16493,
253.65522787210125,81190,920,1400,16493,
253.65541524712614,81189,921,1400,16493,
253.65738771865745,81189,920,1401,16493,
253.66236823959485,81188,921,1401,16493,
253.66309177345795,81187,922,1401,16493,
253.66445032310855,81186,923,1401,16493,
253.66515400880314,81186,922,1402,16493,
253.66987183635842,81185,923,1402,16493,
253.67147528415998,81185,922,1403,16493,
253.6728935239805,81185,922,1402,16494,
253.67521089561058,81184,923,1402,16494,
253.67781021589715,81184,922,1403,16494,
253.68470028335514,81183,923,1403,16494,
253.68473963085296,81183,923,1402,16495,
253.6865840508832,81183,922,1403,16495,
253.6870259823627,81183,921,1404,16495,
253.69031933591438,81182,922,1404,16495,
253.6921509330191,81182,921,1405,16495,
253.6924876947349,81182,921,1404,16496,
253.6929569030549,81181,922,1404,16496,
253.69298985457814,81180,923,1404,16496,
253.69676153001862,81180,922,1405,16496,
253.70133730539698,81180,922,1404,16497,
253.7036572882565,81179,923,1404,16497,
253.70377412500136,81178,924,1404,16497,
253.70637398819758,81177,925,1404,16497,
253.70639382696385,81177,924,1405,16497,
253.70980713728036,81177,924,1404,16498,
253.71077384546518,81177,923,1405,16498,
253.71214404792624,81176,924,1405,16498,
253.71377835904082,81176,924,1404,16499,
253.71443624613624,81176,924,1403,16500,
253.71599842045507,81176,923,1404,16500,
253.7172243287392,81176,923,1403,16501,
253.7188124148979,81175,924,1403,16501,
253.7198246078854,81175,924,1402,16502,
253.72158554019472,81175,924,1401,16503,
253.72254647691398,81174,925,1401,16503,
253.72408529736683,81174,925,1400,16504,
253.72444100478592,81173,926,1400,16504,
253.72501801019908,81173,926,1399,16505,
253.72574055969878,81173,925,1400,16505,
253.72606546876625,81173,924,1401,16505,
253.72662966871263,81173,924,1400,16506,
253.7287498418016,81173,923,1401,16506,
253.7294273020408,81172,924,1401,16506,
253.73091918137948,81171,925,1401,16506,
253.73445553357658,81170,926,1401,16506,
253.7358942449764,81170,926,1400,16507,
253.73774895075957,81170,925,1401,16507,
253.742501681792,81169,926,1401,16507,
253.74737013768336,81168,927,1401,16507,
253.7479030122112,81168,926,1402,16507,
253.74863885925464,81168,925,1403,16507,
253.7529203560321,81168,924,1404,16507,
253.75323998099296,81168,923,1405,16507,
253.75482833168354,81168,923,1404,16508,
253.75589610226223,81167,924,1404,16508,
253.75626801289945,81167,923,1405,16508,
253.75633238963718,81167,923,1404,16509,
253.76025811847052,81167,923,1403,16510,
253.76210212528355,81167,923,1402,16511,
253.77020396318508,81167,923,1401,16512,
253.77315843461386,81166,924,1401,16512,
253.7805841755275,81166,924,1400,16513,
253.78180291987115,81166,923,1401,16513,
253.7818136751282,81165,924,1401,16513,
253.78408976876796,81165,924,1400,16514,
253.78436682720172,81165,923,1401,16514,
253.78458100976212,81164,924,1401,16514,
253.7851145398583,81164,924,1400,16515,
253.78572042117122,81164,923,1401,16515,
253.78677231207482,81164,922,1402,16515,
253.7881988384242,81163,923,1402,16515,
253.78894720283833,81163,923,1401,16516,
253.78971337328207,81162,924,1401,16516,
253.79257276772933,81161,925,1401,16516,
253.79500153290172,81160,926,1401,16516,
253.79618056578295,81160,925,1402,16516,
253.79960636933663,81160,924,1403,16516,
253.8003293164404,81160,923,1404,16516,
253.8011684644374,81160,922,1405,16516,
253.8029695046283,81159,923,1405,16516,
253.80342199836144,81158,924,1405,16516,
253.80373110586606,81157,925,1405,16516,
253.80394840246288,81157,924,1406,16516,
253.81240189061907,81156,925,1406,16516,
253.81370851719967,81156,924,1407,16516,
253.8143795891624,81156,923,1408,16516,
253.81884465836814,81155,924,1408,16516,
253.82128738827657,81154,925,1408,16516,
253.82339015380316,81153,926,1408,16516,
253.82343752998668,81153,926,1407,16517,
253.82378948755536,81153,925,1408,16517,
253.82397291878308,81153,924,1409,16517,
253.82436227882923,81153,923,1410,16517,
253.82626803681205,81153,922,1411,16517,
253.8281700703949,81152,923,1411,16517,
253.82861876880565,81152,923,1410,16518,
253.82975061890147,81152,923,1409,16519,
253.83141117474347,81152,922,1410,16519,
253.83225591026195,81152,921,1411,16519,
253.83437722459996,81151,922,1411,16519,
253.83622046059358,81150,923,1411,16519,
253.8379466458835,81150,923,1410,16520,
253.8383053681353,81150,923,1409,16521,
253.84112155707803,81150,923,1408,16522,
253.8438606319216,81149,924,1408,16522,
253.8453779954621,81148,925,1408,16522,
253.8480315447951,81147,926,1408,16522,
253.85148702842315,81146,927,1408,16522,
253.8538683970367,81145,928,1408,16522,
253.85405135239398,81144,929,1408,16522,
253.86352831026184,81144,928,1409,16522,
253.86390479101263,81144,928,1408,16523,
253.87074602212667,81143,929,1408,16523,
253.87105735265226,81142,930,1408,16523,
253.8734626081191,81141,931,1408,16523,
253.87395513389612,81141,930,1409,16523,
253.87419576723246,81141,929,1410,16523,
253.8797500956518,81141,928,1411,16523,
253.88143962821593,81141,927,1412,16523,
253.88221876337167,81140,928,1412,16523,
253.88637232505053,81139,929,1412,16523,
253.88841954483883,81138,930,1412,16523,
253.88944226339015,81138,929,1413,16523,
253.89033474805842,81137,930,1413,16523,
253.89228234256956,81137,929,1414,16523,
253.89300412082238,81137,928,1415,16523,
253.89545577556666,81136,929,1415,16523,
253.89584899388075,81135,930,1415,16523,
253.8977081354216,81135,929,1416,16523,
253.89893672310257,81135,929,1415,16524,
253.90676216940258,81135,928,1416,16524,
253.90781210860433,81134,929,1416,16524,
253.9108612808801,81133,930,1416,16524,
253.91096020774202,81132,931,1416,16524,
253.9120243466677,81131,932,1416,16524,
253.91747435310424,81131,931,1417,16524,
253.9183702694802,81130,932,1417,16524,
253.91920149675417,81130,932,1416,16525,
253.92279894023036,81130,932,1415,16526,
253.92390055797884,81130,932,1414,16527,
253.92476630969009,81129,933,1414,16527,
253.92623598774077,81128,934,1414,16527,
253.92696714017796,81127,935,1414,16527,
253.9275117106842,81127,934,1415,16527,
253.93447325147645,81127,934,1414,16528,
253.9379189316862,81126,935,1414,16528,
253.94146402256703,81125,936,1414,16528,
253.9434152857703,81124,937,1414,16528,
253.94358829540585,81123,938,1414,16528,
253.94388608160594,81123,937,1415,16528,
253.94456734712656,81123,937,1414,16529,
253.946272579127,81123,936,1415,16529,
253.9491604844486,81122,937,1415,16529,
253.9522034415058,81121,938,1415,16529,
253.9594545537842,81120,939,1415,16529,
253.96325108303645,81120,938,1416,16529,
253.9641045363511,81120,937,1417,16529,
253.96461040827234,81120,937,1416,16530,
253.96589121773184,81119,938,1416,16530,
253.96779464192792,81118,939,1416,16530,
253.96789100945315,81118,938,1417,16530,
253.96816393812895,81117,939,1417,16530,
253.9683973757129,81116,940,1417,16530,
253.9685842358714,81115,941,1417,16530,
253.9702219569418,81115,940,1418,16530,
253.97234788105968,81114,941,1418,16530,
253.97335633564148,81113,942,1418,16530,
253.97478812925382,81113,942,1417,16531,
253.98065395945858,81113,942,1416,16532,
253.98258492421567,81112,943,1416,16532,
253.98331446156453,81111,944,1416,16532,
253.98430191938067,81110,945,1416,16532,
253.99177013757554,81110,944,1417,16532,
253.9947835495868,81110,943,1418,16532,
253.9989941798825,81110,942,1419,16532,
254.00092404293025,81109,943,1419,16532,
254.00196700930988,81109,943,1418,16533,
254.00687541377425,81108,944,1418,16533,
254.00827049312994,81108,944,1417,16534,
254.01017647061943,81107,945,1417,16534,
254.01083331242776,81106,946,1417,16534,
254.01536364977093,81106,946,1416,16535,
254.0166986199102,81106,945,1417,16535,
254.0168112701411,81106,945,1416,16536,
254.01692722923062,81106,944,1417,16536,
254.01693718762726,81105,945,1417,16536,
254.01707645808733,81105,944,1418,16536,
254.01743805059044,81105,944,1417,16537,
254.0243869515653,81105,944,1416,16538,
254.02556181800506,81105,943,1417,16538,
254.02832249660582,81105,942,1418,16538,
254.0298544325208,81105,942,1417,16539,
254.03618573168302,81104,943,1417,16539,
254.03860948186724,81104,943,1416,16540,
254.04069056814106,81103,944,1416,16540,
254.04080265455178,81102,945,1416,16540,
254.0416565288614,81102,944,1417,16540,
254.04197936218128,81102,944,1416,16541,
254.0428159801882,81102,943,1417,16541,
254.0430276549568,81102,943,1416,16542,
254.0443085227707,81101,944,1416,16542,
254.04455185075113,81100,945,1416,16542,
254.05012225982685,81099,946,1416,16542,
254.05317066746727,81099,946,1415,16543,
254.0539669086492,81099,946,1414,16544,
254.054275380757,81099,946,1413,16545,
254.05744582577498,81099,946,1412,16546,
254.05921232707416,81099,946,1411,16547,
254.0599646581374,81098,947,1411,16547,
254.0599934134557,81097,948,1411,16547,
254.06139147438364,81097,948,1410,16548,
254.0628153787497,81096,949,1410,16548,
254.0659494886747,81096,949,1409,16549,
254.06769059057936,81096,948,1410,16549,
254.07179158513023,81095,949,1410,16549,
254.0728243000683,81095,948,1411,16549,
254.07344658114525,81095,947,1412,16549,
254.07856699444278,81095,947,1411,16550,
254.08100387669555,81095,946,1412,16550,
254.0818151484172,81095,945,1413,16550,
254.08252414505017,81095,944,1414,16550,
254.08376340766827,81095,944,1413,16551,
254.08797610730744,81095,943,1414,16551,
254.08864638536605,81095,943,1413,16552,
254.08947801520338,81095,943,1412,16553,
254.0898762913258,81095,943,1411,16554,
254.09073773938528,81095,942,1412,16554,
254.09110469926568,81094,943,1412,16554,
254.09764756513476,81094,943,1411,16555,
254.09877195442837,81093,944,1411,16555,
254.1001146511942,81093,943,1412,16555,
254.10170875114616,81092,944,1412,16555,
254.11094413696426,81091,945,1412,16555,
254.11303810940285,81091,944,1413,16555,
254.11567951928083,81090,945,1413,16555,
254.11642291218942,81090,944,1414,16555,
254.11702096223763,81089,945,1414,16555,
254.11777412551126,81088,946,1414,16555,
254.1188371870049,81088,945,1415,16555,
254.12445125786468,81087,946,1415,16555,
254.12481681550986,81086,947,1415,16555,
254.13027701452586,81085,948,1415,16555,
254.1305782448103,81085,947,1416,16555,
254.13140224059552,81085,947,1415,16556,
254.13898622055655,81085,947,1414,16557,
254.14300215587133,81084,948,1414,16557,
254.14338716757828,81083,949,1414,16557,
254.14359251014335,81083,949,1413,16558,
254.14712809831164,81083,948,1414,16558,
254.14964217791157,81082,949,1414,16558,
254.15029484869982,81082,948,1415,16558,
254.15134173186948,81081,949,1415,16558,
254.1537573247009,81081,948,1416,16558,
254.1541034024358,81080,949,1416,16558,
254.15986179558718,81080,948,1417,16558,
254.1626400989362,81080,948,1416,16559,
254.16382054997797,81080,947,1417,16559,
254.1642488453456,81080,946,1418,16559,
254.16445114472637,81080,945,1419,16559,
254.16505965298063,81080,945,1418,16560,
254.16688338199447,81079,946,1418,16560,
254.1674924572736,81078,947,1418,16560,
254.16961994867876,81078,947,1417,16561,
254.1701769100218,81078,946,1418,16561,
254.1735204089573,81078,946,1417,16562,
254.17360830350418,81078,945,1418,16562,
254.17378785574135,81077,946,1418,16562,
254.1738700992113,81077,945,1419,16562,
254.17566423969748,81077,944,1420,16562,
254.17979969397692,81076,945,1420,16562,
254.1808753811674,81075,946,1420,16562,
254.18100132896376,81075,946,1419,16563,
254.1817071615814,81074,947,1419,16563,
254.18392977557056,81074,946,1420,16563,
254.18842530272414,81074,945,1421,16563,
254.19122841395512,81074,945,1420,16564,
254.19194069352145,81074,945,1419,16565,
254.19245078877293,81073,946,1419,16565,
254.19377607014783,81073,946,1418,16566,
254.2009961477204,81072,947,1418,16566,
254.2020624807044,81072,946,1419,16566,
254.20482028060715,81071,947,1419,16566,
254.2052897149202,81070,948,1419,16566,
254.2090387777385,81070,948,1418,16567,
254.21203780853924,81070,947,1419,16567,
254.2125053179994,81069,948,1419,16567,
254.21467035390197,81068,949,1419,16567,
254.2146991564376,81068,948,1420,16567,
254.215244084038,81067,949,1420,16567,
254.2193140919149,81066,950,1420,16567,
254.21941508543338,81065,951,1420,16567,
254.2238831349479,81064,952,1420,16567,
254.22591285869444,81063,953,1420,16567,
254.2297380633158,81063,952,1421,16567,
254.23117708314496,81063,952,1420,16568,
254.23263100948154,81063,951,1421,16568,
254.23322108249744,81063,951,1420,16569,
254.2344530559234,81063,951,1419,16570,
254.2356872981384,81063,950,1420,16570,
254.23630484758445,81062,951,1420,16570,
254.2392890890762,81062,950,1421,16570,
254.24082497511876,81062,950,1420,16571,
254.24305803109635,81062,950,1419,16572,
254.24652718999866,81061,951,1419,16572,
254.24685178131216,81061,951,1418,16573,
254.24820159141032,81060,952,1418,16573,
254.25036321550732,81060,951,1419,16573,
254.25659718953204,81060,950,1420,16573,
254.25662663168887,81059,951,1420,16573,
254.25880803166925,81059,951,1419,16574,
254.25883131139966,81059,950,1420,16574,
254.2624841923506,81058,951,1420,16574,
254.2630454893959,81057,952,1420,16574,
254.26800669821571,81057,951,1421,16574,
254.26912854595184,81056,952,1421,16574,
254.26912858276762,81056,951,1422,16574,
254.26913305010444,81056,951,1421,16575,
254.27342324868255,81056,950,1422,16575,
254.27558077622788,81056,949,1423,16575,
254.27695793882276,81056,949,1422,16576,
254.2769717194954,81056,949,1421,16577,
254.2773619944613,81056,949,1420,16578,
254.27754805821064,81055,950,1420,16578,
254.27760611537755,81055,950,1419,16579,
254.2797915797577,81055,949,1420,16579,
254.28688327554718,81054,950,1420,16579,
254.28769088165046,81053,951,1420,16579,
254.28807532512687,81053,950,1421,16579,
254.28920535738678,81052,951,1421,16579,
254.28971327872245,81052,950,1422,16579,
254.2927766182131,81052,950,1421,16580,
254.2938137393527,81052,949,1422,16580,
254.29503865792756,81052,948,1423,16580,
254.29532305297232,81051,949,1423,16580,
254.30586339019916,81051,948,1424,16580,
254.3089330531806,81051,948,1423,16581,
254.3092904783317,81051,947,1424,16581,
254.3112598846323,81051,946,1425,16581,
254.31173451815286,81051,945,1426,16581,
254.3119053435273,81050,946,1426,16581,
254.3143205696383,81050,945,1427,16581,
254.3157416473118,81050,945,1426,16582,
254.3168558615723,81049,946,1426,16582,
254.31958603254972,81049,945,1427,16582,
254.31964098008254,81049,945,1426,16583,
254.32858068400378,81048,946,1426,16583,
254.32990281022578,81048,945,1427,16583,
254.33172269673204,81048,945,1426,16584,
254.33292198916064,81048,945,1425,16585,
254.33580831726857,81047,946,1425,16585,
254.33734980728298,81046,947,1425,16585,
254.33888657102233,81045,948,1425,16585,
254.34062904821747,81044,949,1425,16585,
254.3410944534323,81044,949,1424,16586,
254.34339150002705,81043,950,1424,16586,
254.3441902347512,81043,949,1425,16586,
254.3460457862644,81042,950,1425,16586,
254.3467426619667,81042,950,1424,16587,
254.34783910680534,81041,951,1424,16587,
254.34896803567378,81041,950,1425,16587,
254.34953111800127,81040,951,1425,16587,
254.35255456609934,81039,952,1425,16587,
254.35264081648248,81038,953,1425,16587,
254.3529334191135,81038,952,1426,16587,
254.35391089084789,81037,953,1426,16587,
254.35614577562322,81037,952,1427,16587,
254.35631180243047,81036,953,1427,16587,
254.3615345358412,81036,953,1426,16588,
254.36485466857826,81036,952,1427,16588,
254.3745317844639,81036,952,1426,16589,
254.37772620017242,81035,953,1426,16589,
254.37800157858362,81035,952,1427,16589,
254.37942219992522,81034,953,1427,16589,
254.38026263123464,81034,952,1428,16589,
254.3808511674242,81033,953,1428,16589,
254.38475519959218,81033,952,1429,16589,
254.38973432320688,81032,953,1429,16589,
254.39168947626573,81032,952,1430,16589,
254.39257880585333,81032,951,1431,16589,
254.39540112189374,81032,951,1430,16590,
254.397659797484,81032,950,1431,16590,
254.39799035621982,81031,951,1431,16590,
254.4040030153333,81031,950,1432,16590,
254.4051205858276,81030,951,1432,16590,
254.40552171935823,81029,952,1432,16590,
254.4121299970633,81029,951,1433,16590,
254.41251503163664,81029,951,1432,16591,
254.41392810042365,81029,951,1431,16592,
254.4139723326291,81029,950,1432,16592,
254.4141912418843,81029,950,1431,16593,
254.42110793972614,81028,951,1431,16593,
254.42635169069277,81028,950,1432,16593,
254.4264812323792,81028,950,1431,16594,
254.42799291840842,81028,950,1430,16595,
254.4292839087243,81028,949,1431,16595,
254.43049881136656,81028,948,1432,16595,
254.43252154817966,81028,947,1433,16595,
254.43287338644288,81028,947,1432,16596,
254.43590039272212,81028,947,1431,16597,
254.43691676915697,81027,948,1431,16597,
254.43705794437741,81026,949,1431,16597,
254.44118690658578,81025,950,1431,16597,
254.4419817196226,81024,951,1431,16597,
254.44408038581273,81024,950,1432,16597,
254.44424818617375,81023,951,1432,16597,
254.44473009308166,81023,950,1433,16597,
254.44503099220077,81023,949,1434,16597,
254.44889554677928,81022,950,1434,16597,
254.45149561230565,81022,949,1435,16597,
254.45311820068,81022,949,1434,16598,
254.45324664094085,81021,950,1434,16598,
254.4533719461714,81021,949,1435,16598,
254.45482410779488,81021,949,1434,16599,
254.46163187205616,81020,950,1434,16599,
254.46168159809622,81020,949,1435,16599,
254.46270674903025,81019,950,1435,16599,
254.4649649763447,81018,951,1435,16599,
254.46640007224644,81018,950,1436,16599,
254.46754350613412,81017,951,1436,16599,
254.4689234139574,81016,952,1436,16599,
254.47121646077937,81015,953,1436,16599,
254.47267710401684,81014,954,1436,16599,
254.473492206645,81014,954,1435,16600,
254.47485477058913,81013,955,1435,16600,
254.47796799543028,81012,956,1435,16600,
254.48055309919965,81012,956,1434,16601,
254.48253186871787,81011,957,1434,16601,
254.48542935252715,81011,957,1433,16602,
254.48798721175032,81011,957,1432,16603,
254.4888512366221,81011,956,1433,16603,
254.49672541600916,81010,957,1433,16603,
254.49728230153582,81009,958,1433,16603,
254.49864500797705,81008,959,1433,16603,
254.4989747197497,81008,958,1434,16603,
254.49969403956587,81007,959,1434,16603,
254.50923781098382,81006,960,1434,16603,
254.51425566571146,81006,959,1435,16603,
254.51501410854414,81006,958,1436,16603,
254.51586837930574,81006,958,1435,16604,
254.5165239900934,81005,959,1435,16604,
254.5169669181208,81004,960,1435,16604,
254.5205837774462,81003,961,1435,16604,
254.52207346277618,81002,962,1435,16604,
254.52498058581043,81002,962,1434,16605,
254.52792030732252,81001,963,1434,16605,
254.52832939968292,81001,963,1433,16606,
254.53020182410404,81000,964,1433,16606,
254.5308157194124,81000,963,1434,16606,
254.53122084875088,81000,962,1435,16606,
254.53307730079092,80999,963,1435,16606,
254.5353173413852,80998,964,1435,16606,
254.54111112931855,80998,963,1436,16606,
254.54303838946421,80997,964,1436,16606,
254.5452271717815,80997,963,1437,16606,
254.545569125522,80997,963,1436,16607,
254.5487510955723,80997,962,1437,16607,
254.54892061406719,80996,963,1437,16607,
254.5519880198255,80996,962,1438,16607,
254.55351852836938,80995,963,1438,16607,
254.55560223315112,80995,963,1437,16608,
254.55638060156951,80995,963,1436,16609,
254.5567848308551,80994,964,1436,16609,
254.5610270181299,80994,964,1435,16610,
254.56183421625752,80993,965,1435,16610,
254.5639995142814,80993,965,1434,16611,
254.5666300831508,80992,966,1434,16611,
254.5678606727721,80991,967,1434,16611,
254.56831727356425,80990,968,1434,16611,
254.56845339108708,80989,969,1434,16611,
254.56963835847003,80989,969,1433,16612,
254.57047625197805,80989,968,1434,16612,
254.57373498527727,80988,969,1434,16612,
254.57421545995058,80988,968,1435,16612,
254.57495227525314,80988,968,1434,16613,
254.58142550569272,80988,967,1435,16613,
254.5832350663042,80988,966,1436,16613,
254.5835580992223,80988,965,1437,16613,
254.58674251596244,80988,965,1436,16614,
254.5896442988718,80988,964,1437,16614,
254.59035188871002,80988,964,1436,16615,
254.59172629084287,80988,964,1435,16616,
254.59336146939168,80987,965,1435,16616,
254.59348898036205,80986,966,1435,16616,
254.5943874270971,80986,965,1436,16616,
254.59953726614322,80986,965,1435,16617,
254.6000048071838,80986,964,1436,16617,
254.60019613277407,80986,964,1435,16618,
254.60113860406526,80986,964,1434,16619,
254.6065620294509,80985,965,1434,16619,
254.60678600657974,80984,966,1434,16619,
254.6067910983564,80984,966,1433,16620,
254.60796422053554,80983,967,1433,16620,
254.60808185592424,80983,967,1432,16621,
254.6082463829747,80983,967,1431,16622,
254.60906040828493,80983,967,1430,16623,
254.60996448089574,80983,966,1431,16623,
254.6103490666681,80983,965,1432,16623,
254.61151603660045,80983,965,1431,16624,
254.61165066568714,80982,966,1431,16624,
254.61181584023004,80982,966,1430,16625,
254.61281002242083,80981,967,1430,16625,
254.61361383083187,80981,967,1429,16626,
254.61515837153414,80981,966,1430,16626,
254.6195848033885,80981,966,1429,16627,
254.6197342642014,80981,966,1428,16628,
254.62145663771028,80980,967,1428,16628,
254.6252614621747,80980,967,1427,16629,
254.62612669112292,80979,968,1427,16629,
254.6263056880896,80978,969,1427,16629,
254.62643350084812,80977,970,1427,16629,
254.626452018633,80976,971,1427,16629,
254.6266977712763,80976,970,1428,16629,
254.62697296921536,80976,970,1427,16630,
254.62699488697743,80975,971,1427,16630,
254.62767679769527,80975,970,1428,16630,
254.62939498864714,80974,971,1428,16630,
254.62967973148162,80973,972,1428,16630,
254.63082829700457,80972,973,1428,16630,
254.637147269761,80972,973,1427,16631,
254.63923273088452,80972,973,1426,16632,
254.64728668438283,80971,974,1426,16632,
254.64983045033011,80971,973,1427,16632,
254.65040175322173,80970,974,1427,16632,
254.6526874799657,80970,973,1428,16632,
254.6530832713146,80970,972,1429,16632,
254.65430943843512,80970,972,1428,16633,
254.6568141435694,80970,972,1427,16634,
254.66095521400322,80970,971,1428,16634,
254.6617723536603,80970,971,1427,16635,
254.66507439884788,80969,972,1427,16635,
254.66905191894963,80968,973,1427,16635,
254.66925534827985,80967,974,1427,16635,
254.6734964791495,80967,973,1428,16635,
254.67369466467275,80967,972,1429,16635,
254.67395408125145,80967,971,1430,16635,
254.67425327430485,80967,970,1431,16635,
254.6798542983871,80967,969,1432,16635,
254.6825076655559,80967,968,1433,16635,
254.68332751325644,80967,967,1434,16635,
254.68837770676453,80967,966,1435,16635,
254.69029006868598,80967,966,1434,16636,
254.69058393536392,80967,966,1433,16637,
254.6924402010949,80967,965,1434,16637,
254.6935564571624,80967,965,1433,16638,
254.69486772633041,80966,966,1433,16638,
254.69620390464826,80965,967,1433,16638,
254.69814786503542,80965,967,1432,16639,
254.7006234284881,80964,968,1432,16639,
254.70223032439907,80963,969,1432,16639,
254.70751037875863,80962,970,1432,16639,
254.70834408023185,80961,971,1432,16639,
254.71139208252904,80961,970,1433,16639,
254.71551871249488,80960,971,1433,16639,
254.71717160903643,80960,971,1432,16640,
254.72331001929925,80960,971,1431,16641,
254.7238559628949,80960,971,1430,16642,
254.7243538451397,80959,972,1430,16642,
254.72620866308208,80959,972,1429,16643,
254.72665050309814,80958,973,1429,16643,
254.72835975499711,80958,972,1430,16643,
254.72878156097798,80958,972,1429,16644,
254.7302534814771,80958,972,1428,16645,
254.7362117197403,80958,972,1427,16646,
254.7380632314401,80958,972,1426,16647,
254.7392105491982,80958,971,1427,16647,
254.74095404154147,80958,971,1426,16648,
254.7413525493082,80958,971,1425,16649,
254.7422796930698,80958,971,1424,16650,
254.74346883295598,80958,971,1423,16651,
254.74448527826684,80958,971,1422,16652,
254.74638311555378,80958,970,1423,16652,
254.74657679322488,80958,970,1422,16653,
254.7469871289924,80958,969,1423,16653,
254.7480518758028,80958,969,1422,16654,
254.75204257975923,80958,969,1421,16655,
254.75295179379236,80958,968,1422,16655,
254.75425157325193,80958,967,1423,16655,
254.75751403380255,80958,966,1424,16655,
254.7586515930476,80958,965,1425,16655,
254.75886720259527,80957,966,1425,16655,
254.76006691295066,80957,966,1424,16656,
254.76335518533546,80957,965,1425,16656,
254.7640320832205,80957,965,1424,16657,
254.76405738053916,80957,965,1423,16658,
254.76679925672602,80957,964,1424,16658,
254.7710281422847,80957,963,1425,16658,
254.771582221045,80957,962,1426,16658,
254.77468495432745,80956,963,1426,16658,
254.77668337742165,80955,964,1426,16658,
254.77788180380492,80954,965,1426,16658,
254.7791289644493,80954,964,1427,16658,
254.7801974220564,80953,965,1427,16658,
254.78106041084496,80953,964,1428,16658,
254.78158224838324,80953,963,1429,16658,
254.78209130664592,80953,963,1428,16659,
254.78485902245262,80953,962,1429,16659,
254.7858725804401,80953,962,1428,16660,
254.78632643463277,80952,963,1428,16660,
254.7891529532002,80952,963,1427,16661,
254.79075845965508,80952,962,1428,16661,
254.7912462141929,80952,961,1429,16661,
254.79206935707458,80951,962,1429,16661,
254.7923956676586,80951,962,1428,16662,
254.79253697559938,80950,963,1428,16662,
254.79582492656635,80950,963,1427,16663,
254.79763423365796,80949,964,1427,16663,
254.79903530531828,80949,963,1428,16663,
254.80237333107937,80948,964,1428,16663,
254.80298634146595,80948,964,1427,16664,
254.80394984235494,80947,965,1427,16664,
254.80439903134257,80947,965,1426,16665,
254.80678894692124,80947,965,1425,16666,
254.80798705786648,80947,965,1424,16667,
254.8094840406251,80946,966,1424,16667,
254.80999825127228,80946,966,1423,16668,
254.81341525357152,80945,967,1423,16668,
254.81540647485008,80945,966,1424,16668,
254.815570962879,80945,966,1423,16669,
254.81879739576195,80945,965,1424,16669,
254.81908777201355,80945,965,1423,16670,
254.8198396402445,80945,964,1424,16670,
254.82231476496722,80945,964,1423,16671,
254.82261661922698,80945,964,1422,16672,
254.82541691238765,80945,963,1423,16672,
254.82564197858437,80945,962,1424,16672,
254.82862910778505,80945,962,1423,16673,
254.8317478919153,80944,963,1423,16673,
254.83379969274696,80943,964,1423,16673,
254.83676972084936,80942,965,1423,16673,
254.83799199987047,80942,965,1422,16674,
254.839460521754,80942,964,1423,16674,
254.83964391204051,80941,965,1423,16674,
254.8412823612579,80941,964,1424,16674,
254.8431528138852,80941,963,1425,16674,
254.84366358003766,80940,964,1425,16674,
254.847231508284,80940,964,1424,16675,
254.8514189363062,80939,965,1424,16675,
254.85437025025874,80939,965,1423,16676,
254.85496351075324,80939,964,1424,16676,
254.85516769391728,80939,964,1423,16677,
254.85586576478607,80939,963,1424,16677,
254.85648962565782,80938,964,1424,16677,
254.85886780678698,80938,964,1423,16678,
254.86310628522625,80938,964,1422,16679,
254.86576233898512,80938,964,1421,16680,
254.8660469390816,80937,965,1421,16680,
254.86861715645043,80937,964,1422,16680,
254.86932336601788,80937,964,1421,16681,
254.8711910745974,80936,965,1421,16681,
254.871405536194,80935,966,1421,16681,
254.8719182079981,80935,966,1420,16682,
254.87306837312423,80935,965,1421,16682,
254.8731247355505,80934,966,1421,16682,
254.8768521305116,80934,966,1420,16683,
254.87783601434722,80934,965,1421,16683,
254.87945361959243,80934,964,1422,16683,
254.88133070788638,80934,963,1423,16683,
254.8822181434426,80934,962,1424,16683,
254.88974142636962,80933,963,1424,16683,
254.89109847494927,80933,962,1425,16683,
254.89437867826751,80933,962,1424,16684,
254.894972534693,80932,963,1424,16684,
254.899638028389,80931,964,1424,16684,
254.90042234874812,80930,965,1424,16684,
254.9009382942179,80930,964,1425,16684,
254.90196793070947,80930,964,1424,16685,
254.9027613720178,80929,965,1424,16685,
254.9078796068619,80929,965,1423,16686,
254.91102676764936,80929,965,1422,16687,
254.91323763371304,80929,964,1423,16687,
254.9136319027278,80928,965,1423,16687,
254.9143005847119,80928,964,1424,16687,
254.9151157450392,80928,963,1425,16687,
254.91566142407115,80927,964,1425,16687,
254.91944004927964,80927,963,1426,16687,
254.92403763963833,80927,962,1427,16687,
254.92925663993222,80927,961,1428,16687,
254.92932233610424,80927,961,1427,16688,
254.93503373929045,80927,960,1428,16688,
254.93586255559606,80926,961,1428,16688,
254.93988063179262,80926,960,1429,16688,
254.94263861550687,80926,959,1430,16688,
254.9427909382709,80925,960,1430,16688,
254.9442653968114,80925,959,1431,16688,
254.94500885639465,80925,958,1432,16688,
254.94547590185675,80924,959,1432,16688,
254.94557091783648,80924,959,1431,16689,
254.94855627212823,80924,958,1432,16689,
254.94943778678555,80924,958,1431,16690,
254.95155253195824,80923,959,1431,16690,
254.95455488094908,80922,960,1431,16690,
254.95966161929317,80922,959,1432,16690,
254.96282937758494,80921,960,1432,16690,
254.9636483110053,80921,959,1433,16690,
254.9641854402107,80921,958,1434,16690,
254.9656301305353,80921,957,1435,16690,
254.96616157122605,80921,957,1434,16691,
254.9666029032391,80920,958,1434,16691,
254.9674153473797,80920,958,1433,16692,
254.967784092819,80920,958,1432,16693,
254.96882681924683,80920,957,1433,16693,
254.96971092692758,80919,958,1433,16693,
254.9703157219339,80919,958,1432,16694,
254.9703693934283,80919,958,1431,16695,
254.97308755549074,80918,959,1431,16695,
254.97325564828768,80918,959,1430,16696,
254.97329345952272,80918,958,1431,16696,
254.97732984205436,80917,959,1431,16696,
254.97752255134534,80917,959,1430,16697,
254.98118920314982,80917,958,1431,16697,
254.98133049035843,80916,959,1431,16697,
254.98186845375318,80916,959,1430,16698,
254.9846275034115,80916,959,1429,16699,
254.98535601621177,80915,960,1429,16699,
254.98698562555583,80915,959,1430,16699,
254.98948639394746,80915,959,1429,16700,
254.9904544211418,80914,960,1429,16700,
254.9923997661572,80914,960,1428,16701,
254.9942547278928,80914,960,1427,16702,
254.99583296185193,80914,959,1428,16702,
254.99722261447425,80913,960,1428,16702,
254.99877728791364,80912,961,1428,16702,
254.99957387841417,80912,960,1429,16702,
255.0004208557883,80912,959,1430,16702,
255.00045999010945,80911,960,1430,16702,
255.00082909889824,80911,960,1429,16703,
255.00167955930576,80911,960,1428,16704,
255.00278852260786,80910,961,1428,16704,
255.0030034696655,80909,962,1428,16704,
255.00500048579767,80908,963,1428,16704,
255.00567060252527,80907,964,1428,16704,
255.0064381433554,80907,963,1429,16704,
255.01143794732494,80906,964,1429,16704,
255.01337276032416,80905,965,1429,16704,
255.01722304059106,80904,966,1429,16704,
255.02005037000478,80904,966,1428,16705,
255.02081182192643,80904,965,1429,16705,
255.02392947759165,80903,966,1429,16705,
255.02546327173502,80903,965,1430,16705,
255.02650053056107,80903,964,1431,16705,
255.02671035744874,80903,964,1430,16706,
255.0274008091356,80902,965,1430,16706,
255.0281210977264,80902,965,1429,16707,
255.0288881782235,80902,964,1430,16707,
255.0313489777,80902,963,1431,16707,
255.03150529606705,80901,964,1431,16707,
255.03299197800683,80901,964,1430,16708,
255.0338628581509,80901,963,1431,16708,
255.0394820778905,80900,964,1431,16708,
255.0398995226701,80900,963,1432,16708,
255.04014940955466,80900,963,1431,16709,
255.04179626202657,80900,962,1432,16709,
255.04371287584243,80899,963,1432,16709,
255.04480068422356,80898,964,1432,16709,
255.0476814195372,80897,965,1432,16709,
255.05470004019236,80897,964,1433,16709,
255.05646830849088,80896,965,1433,16709,
255.0564688653904,80896,965,1432,16710,
255.05868152982612,80896,965,1431,16711,
255.06152343264705,80896,964,1432,16711,
255.06304254700595,80896,963,1433,16711,
255.06442205679303,80896,963,1432,16712,
255.0732802935823,80896,962,1433,16712,
255.074584792691,80896,961,1434,16712,
255.07504468870712,80896,960,1435,16712,
255.0752859186212,80895,961,1435,16712,
255.07852270891854,80895,960,1436,16712,
255.07981304181044,80895,960,1435,16713,
255.08159967398942,80895,959,1436,16713,
255.0861123213192,80895,958,1437,16713,
255.0867601777166,80895,957,1438,16713,
255.08704758608553,80894,958,1438,16713,
255.09149727362058,80894,958,1437,16714,
255.09311737850655,80894,957,1438,16714,
255.09521654217497,80894,957,1437,16715,
255.0968061170609,80894,957,1436,16716,
255.10208268226307,80893,958,1436,16716,
255.10353737559177,80893,957,1437,16716,
255.10619598513767,80892,958,1437,16716,
255.10883430713295,80892,957,1438,16716,
255.11085869638845,80891,958,1438,16716,
255.11178064612665,80891,958,1437,16717,
255.11399052941897,80891,957,1438,16717,
255.11614513972094,80890,958,1438,16717,
255.11707070923754,80889,959,1438,16717,
255.11839407125586,80889,958,1439,16717,
255.12057457146327,80889,958,1438,16718,
255.12062109658686,80889,957,1439,16718,
255.12173951564296,80889,956,1440,16718,
255.12393707738806,80889,955,1441,16718,
255.12439337739437,80889,955,1440,16719,
255.12488478417174,80888,956,1440,16719,
255.12491578091374,80888,956,1439,16720,
255.12508427876855,80888,956,1438,16721,
255.13056191324262,80888,956,1437,16722,
255.13074304696093,80887,957,1437,16722,
255.13340640674727,80887,957,1436,16723,
255.13608717312803,80887,956,1437,16723,
255.13846444269063,80887,956,1436,16724,
255.14041182612146,80886,957,1436,16724,
255.140488423499,80886,956,1437,16724,
255.14109399096122,80886,956,1436,16725,
255.14248904380156,80886,955,1437,16725,
255.14305618261383,80886,955,1436,16726,
255.1435303565811,80886,954,1437,16726,
255.14615369135024,80885,955,1437,16726,
255.14691666285256,80884,956,1437,16726,
255.14913540651884,80884,955,1438,16726,
255.1500084023196,80883,956,1438,16726,
255.15020444094333,80882,957,1438,16726,
255.1531933305776,80881,958,1438,16726,
255.15550557730307,80880,959,1438,16726,
255.15569138107927,80879,960,1438,16726,
255.15847296383674,80878,961,1438,16726,
255.15950787742807,80878,960,1439,16726,
255.16234547655722,80877,961,1439,16726,
255.16344000392576,80876,962,1439,16726,
255.16381695406483,80876,962,1438,16727,
255.16809044572685,80876,961,1439,16727,
255.17167714941786,80876,960,1440,16727,
255.17207118688253,80876,960,1439,16728,
255.1772561493053,80876,960,1438,16729,
255.17761069829922,80876,960,1437,16730,
255.17764110592682,80876,959,1438,16730,
255.17873849560027,80875,960,1438,16730,
255.1808070249825,80875,959,1439,16730,
255.18271859799717,80875,959,1438,16731,
255.184250132972,80875,959,1437,16732,
255.1865498940405,80875,959,1436,16733,
255.18891233758583,80874,960,1436,16733,
255.1896523770351,80874,960,1435,16734,
255.19009179337206,80873,961,1435,16734,
255.19072002992152,80873,960,1436,16734,
255.19150130554192,80873,960,1435,16735,
255.19903896453388,80873,959,1436,16735,
255.2010372647031,80872,960,1436,16735,
255.2021654703937,80872,960,1435,16736,
255.20216829984685,80872,960,1434,16737,
255.20310903704947,80872,960,1433,16738,
255.20589058470424,80871,961,1433,16738,
255.2076586911234,80870,962,1433,16738,
255.20778497849153,80869,963,1433,16738,
255.21007332702527,80868,964,1433,16738,
255.21127979335088,80868,964,1432,16739,
255.21269584882614,80868,963,1433,16739,
255.2133791098051,80868,963,1432,16740,
255.21688440356462,80867,964,1432,16740,
255.21873604757525,80866,965,1432,16740,
255.21955555197167,80865,966,1432,16740,
255.2210071641859,80865,966,1431,16741,
255.2221896669194,80865,966,1430,16742,
255.22281793965647,80865,966,1429,16743,
255.23036511471398,80865,965,1430,16743,
255.23288987628212,80865,965,1429,16744,
255.2330656825619,80864,966,1429,16744,
255.2354904461228,80864,965,1430,16744,
255.23561078278414,80863,966,1430,16744,
255.23746209468385,80863,965,1431,16744,
255.2404578294987,80863,965,1430,16745,
255.24297700886515,80863,965,1429,16746,
255.2451107539077,80863,964,1430,16746,
255.24794790104622,80863,963,1431,16746,
255.2484258943124,80863,962,1432,16746,
255.2526088594366,80863,961,1433,16746,
255.25417150152185,80863,960,1434,16746,
255.25421100345113,80863,960,1433,16747,
255.25524143383427,80862,961,1433,16747,
255.25586823171133,80861,962,1433,16747,
255.25640165565625,80861,961,1434,16747,
255.2590951897153,80861,960,1435,16747,
255.2612695075233,80860,961,1435,16747,
255.2620898507014,80860,961,1434,16748,
255.26310488579756,80860,960,1435,16748,
255.26798626126796,80860,959,1436,16748,
255.2688653689773,80859,960,1436,16748,
255.27028682990266,80859,960,1435,16749,
255.27159773202752,80858,961,1435,16749,
255.27201860100723,80858,960,1436,16749,
255.27213719726498,80857,961,1436,16749,
255.2727388894035,80856,962,1436,16749,
255.2745985520867,80855,963,1436,16749,
255.28162536391136,80854,964,1436,16749,
255.28208133682006,80854,964,1435,16750,
255.28492176672404,80854,963,1436,16750,
255.28601933362793,80853,964,1436,16750,
255.28728382422196,80853,964,1435,16751,
255.2874909337243,80853,964,1434,16752,
255.28790850060895,80853,963,1435,16752,
255.28832930356697,80852,964,1435,16752,
255.29102774438073,80852,963,1436,16752,
255.29248822971874,80852,963,1435,16753,
255.29368574855474,80852,963,1434,16754,
255.29488562002874,80852,963,1433,16755,
255.29517562108947,80852,963,1432,16756,
255.29635035371174,80852,963,1431,16757,
255.29641635724903,80851,964,1431,16757,
255.29867335221238,80851,964,1430,16758,
255.3005350050104,80851,964,1429,16759,
255.30256121049794,80851,964,1428,16760,
255.30321087831862,80851,963,1429,16760,
255.30330669934426,80851,962,1430,16760,
255.30473047194886,80850,963,1430,16760,
255.30821772267728,80850,962,1431,16760,
255.30872031920916,80849,963,1431,16760,
255.31254088803666,80848,964,1431,16760,
255.31575284458012,80848,963,1432,16760,
255.31797546406216,80847,964,1432,16760,
255.3181611243896,80846,965,1432,16760,
255.3193879834221,80845,966,1432,16760,
255.32011453910658,80844,967,1432,16760,
255.32027581930674,80843,968,1432,16760,
255.3225411274525,80842,969,1432,16760,
255.32266567565225,80841,970,1432,16760,
255.32370649462206,80840,971,1432,16760,
255.32440552614605,80840,970,1433,16760,
255.32442021895702,80839,971,1433,16760,
255.32461434057194,80838,972,1433,16760,
255.3259414756478,80838,971,1434,16760,
255.32601479478592,80837,972,1434,16760,
255.32606830499222,80837,972,1433,16761,
255.32650577349204,80837,971,1434,16761,
255.3280306103594,80837,970,1435,16761,
255.3315706318394,80836,971,1435,16761,
255.335072356205,80836,971,1434,16762,
255.34174368158833,80836,970,1435,16762,
255.34241089696593,80835,971,1435,16762,
255.3451832814307,80834,972,1435,16762,
255.34600515825892,80834,972,1434,16763,
255.34807550376723,80834,971,1435,16763,
255.34809013615697,80834,971,1434,16764,
255.35066147648678,80833,972,1434,16764,
255.3556223793694,80832,973,1434,16764,
255.35612837962935,80832,972,1435,16764,
255.36113348788442,80832,972,1434,16765,
255.36486034484673,80831,973,1434,16765,
255.36722968577305,80830,974,1434,16765,
255.37426752503865,80830,973,1435,16765,
255.3746062455579,80830,972,1436,16765,
255.3760356910293,80829,973,1436,16765,
255.3803900614052,80829,973,1435,16766,
255.38194496582454,80828,974,1435,16766,
255.38471732671744,80828,974,1434,16767,
255.38556788272876,80827,975,1434,16767,
255.38891114207925,80826,976,1434,16767,
255.39085998650285,80826,975,1435,16767,
255.39136139731085,80825,976,1435,16767,
255.39137782302163,80824,977,1435,16767,
255.39909130303676,80824,976,1436,16767,
255.39990015541497,80823,977,1436,16767,
255.39992554300693,80823,977,1435,16768,
255.41338642743185,80822,978,1435,16768,
255.4150206656757,80822,978,1434,16769,
255.41550991585333,80821,979,1434,16769,
255.41587180827386,80821,979,1433,16770,
255.41753783704436,80821,979,1432,16771,
255.41840915120193,80821,978,1433,16771,
255.42116697728756,80820,979,1433,16771,
255.4225958432784,80820,978,1434,16771,
255.4226142006297,80820,977,1435,16771,
255.43097496556828,80820,976,1436,16771,
255.4326046306804,80820,975,1437,16771,
255.4326201996405,80820,974,1438,16771,
255.43288634565593,80820,973,1439,16771,
255.43604609116574,80819,974,1439,16771,
255.43788893518402,80819,974,1438,16772,
255.44138248886543,80819,974,1437,16773,
255.44287138115558,80818,975,1437,16773,
255.44381534863876,80818,974,1438,16773,
255.4463574968662,80817,975,1438,16773,
255.44745252568538,80816,976,1438,16773,
255.45030775340447,80816,975,1439,16773,
255.45264844170572,80815,976,1439,16773,
255.4539549558657,80815,976,1438,16774,
255.45429078887634,80815,976,1437,16775,
255.4547289099126,80814,977,1437,16775,
255.45477360573312,80813,978,1437,16775,
255.45686206546557,80813,978,1436,16776,
255.45977353835374,80812,979,1436,16776,
255.46018256217187,80812,978,1437,16776,
255.46140309276296,80812,978,1436,16777,
255.46215644951496,80811,979,1436,16777,
255.46231464267632,80810,980,1436,16777,
255.4711553970601,80809,981,1436,16777,
255.4726620081741,80809,981,1435,16778,
255.4730086593505,80809,980,1436,16778,
255.4733332913415,80809,980,1435,16779,
255.47482375359652,80808,981,1435,16779,
255.4773686910693,80808,980,1436,16779,
255.47789083602333,80808,979,1437,16779,
255.47897619950615,80808,978,1438,16779,
255.47995591788114,80808,977,1439,16779,
255.4838899010025,80807,978,1439,16779,
255.4860719969576,80806,979,1439,16779,
255.4861205271891,80806,979,1438,16780,
255.48636937913335,80806,979,1437,16781,
255.48873536287465,80806,978,1438,16781,
255.49164400297013,80806,978,1437,16782,
255.492583258469,80806,977,1438,16782,
255.49282282666206,80806,977,1437,16783,
255.49383261972122,80806,977,1436,16784,
255.49475647859805,80805,978,1436,16784,
255.49708583689122,80805,978,1435,16785,
255.49934593301873,80804,979,1435,16785,
255.49944574704665,80803,980,1435,16785,
255.5014592819027,80802,981,1435,16785,
255.50346242939753,80801,982,1435,16785,
255.50379331328935,80801,981,1436,16785,
255.5079320747533,80800,982,1436,16785,
255.5097624309986,80800,981,1437,16785,
255.51030807155377,80800,980,1438,16785,
255.5106404211126,80800,980,1437,16786,
255.51135950069602,80799,981,1437,16786,
255.51790754573082,80798,982,1437,16786,
255.51837261600167,80797,983,1437,16786,
255.51917119396694,80797,983,1436,16787,
255.5191763865088,80797,983,1435,16788,
255.52010254966146,80797,983,1434,16789,
255.52340829945695,80797,983,1433,16790,
255.52506379052082,80796,984,1433,16790,
255.52708334176856,80796,984,1432,16791,
255.52710615353132,80796,984,1431,16792,
255.52858812675183,80795,985,1431,16792,
255.5294600877573,80795,985,1430,16793,
255.53003181718967,80795,984,1431,16793,
255.5325590097485,80794,985,1431,16793,
255.53259619001147,80793,986,1431,16793,
255.53297100468419,80793,985,1432,16793,
255.53350862196152,80792,986,1432,16793,
255.53394412362675,80792,985,1433,16793,
255.53683476017193,80792,984,1434,16793,
255.54148859961015,80792,984,1433,16794,
255.54340864853668,80792,983,1434,16794,
255.54341316952616,80792,983,1433,16795,
255.54342072970863,80791,984,1433,16795,
255.54519178313637,80791,983,1434,16795,
255.54564447467047,80791,982,1435,16795,
255.5476462544135,80791,981,1436,16795,
255.54881029840533,80790,982,1436,16795,
255.5495676099548,80790,981,1437,16795,
255.553288815292,80790,981,1436,16796,
255.55518911623435,80790,980,1437,16796,
255.55724580910584,80790,979,1438,16796,
255.55938363383345,80790,979,1437,16797,
255.56356873229902,80790,978,1438,16797,
255.56750970969716,80790,978,1437,16798,
255.56781266201784,80790,977,1438,16798,
255.56785821353895,80789,978,1438,16798,
255.56862832807076,80789,978,1437,16799,
255.56918416861197,80789,978,1436,16800,
255.57252047701468,80789,977,1437,16800,
255.57375007743437,80789,977,1436,16801,
255.57453264108366,80788,978,1436,16801,
255.57476346391405,80787,979,1436,16801,
255.57589946107456,80786,980,1436,16801,
255.57666693235092,80786,979,1437,16801,
255.57704309666147,80786,978,1438,16801,
255.5774676748021,80786,977,1439,16801,
255.5798532677004,80785,978,1439,16801,
255.5815102979098,80785,977,1440,16801,
255.58153001607423,80785,977,1439,16802,
255.58702834357905,80784,978,1439,16802,
255.58807372550717,80784,977,1440,16802,
255.59023792241067,80784,977,1439,16803,
255.59346721082156,80784,976,1440,16803,
255.59360885452003,80784,976,1439,16804,
255.59392438121216,80784,975,1440,16804,
255.5967208869029,80783,976,1440,16804,
255.59732376358855,80783,975,1441,16804,
255.59960773792963,80782,976,1441,16804,
255.60072751203322,80782,976,1440,16805,
255.60283104703788,80782,976,1439,16806,
255.6047834914826,80782,976,1438,16807,
255.60563590823293,80782,976,1437,16808,
255.60571967686215,80781,977,1437,16808,
255.60741915439712,80780,978,1437,16808,
255.6117227230752,80780,977,1438,16808,
255.61286430878386,80780,976,1439,16808,
255.61551499330702,80780,975,1440,16808,
255.61588305014882,80779,976,1440,16808,
255.6169131250582,80779,976,1439,16809,
255.61716253239825,80779,976,1438,16810,
255.6237306866483,80779,975,1439,16810,
255.623842951584,80779,974,1440,16810,
255.6283728775574,80779,974,1439,16811,
255.62946829555207,80778,975,1439,16811,
255.6305008410364,80778,975,1438,16812,
255.63059580701105,80778,975,1437,16813,
255.63242139985067,80777,976,1437,16813,
255.63258578489172,80777,976,1436,16814,
255.6337622563011,80776,977,1436,16814,
255.63953589201608,80776,976,1437,16814,
255.6441250384409,80776,975,1438,16814,
255.64451845780223,80776,975,1437,16815,
255.64507552135095,80776,975,1436,16816,
255.64588217200918,80775,976,1436,16816,
255.648808155749,80775,976,1435,16817,
255.65002437019768,80775,976,1434,16818,
255.655810484471,80775,975,1435,16818,
255.65610416384786,80775,975,1434,16819,
255.65736780051097,80774,976,1434,16819,
255.6574382904882,80774,975,1435,16819,
255.6574802902857,80773,976,1435,16819,
255.6583245013766,80772,977,1435,16819,
255.65976336959307,80772,976,1436,16819,
255.66042088860036,80771,977,1436,16819,
255.6625535728863,80771,976,1437,16819,
255.66302010383413,80770,977,1437,16819,
255.6637175162597,80769,978,1437,16819,
255.6647704054356,80769,977,1438,16819,
255.66617568112997,80768,978,1438,16819,
255.667238939794,80768,977,1439,16819,
255.67004520408557,80767,978,1439,16819,
255.67362300034148,80767,977,1440,16819,
255.67398182223124,80767,976,1441,16819,
255.67720332038908,80767,976,1440,16820,
255.67881073425752,80766,977,1440,16820,
255.67883532780556,80766,976,1441,16820,
255.67898491092728,80766,976,1440,16821,
255.68447413974297,80766,975,1441,16821,
255.68547127513162,80766,974,1442,16821,
255.68550972242625,80765,975,1442,16821,
255.6897996201131,80765,974,1443,16821,
255.69038604931654,80765,974,1442,16822,
255.6925953326233,80764,975,1442,16822,
255.6947247260175,80763,976,1442,16822,
255.69637766149648,80763,976,1441,16823,
255.6975141831253,80762,977,1441,16823,
255.69927731488482,80762,977,1440,16824,
255.70206974282559,80761,978,1440,16824,
255.70252760459238,80761,978,1439,16825,
255.71068019995877,80760,979,1439,16825,
255.7109204955517,80760,978,1440,16825,
255.71198589528063,80759,979,1440,16825,
255.71321100044605,80759,978,1441,16825,
255.7137839185582,80759,978,1440,16826,
255.71671263439552,80759,977,1441,16826,
255.71862924985112,80758,978,1441,16826,
255.71873728919167,80758,978,1440,16827,
255.71878247010352,80757,979,1440,16827,
255.71904190820993,80757,978,1441,16827,
255.72060946226378,80756,979,1441,16827,
255.7206415430485,80755,980,1441,16827,
255.72160555281872,80755,979,1442,16827,
255.72356175406193,80755,979,1441,16828,
255.72481323996544,80754,980,1441,16828,
255.7255167130077,80754,980,1440,16829,
255.7255984076878,80754,980,1439,16830,
255.7263983635339,80754,980,1438,16831,
255.72676567845488,80754,980,1437,16832,
255.72962837443043,80753,981,1437,16832,
255.72981701528,80753,981,1436,16833,
255.73240142044784,80752,982,1436,16833,
255.73410255094075,80752,982,1435,16834,
255.73497927597018,80752,982,1434,16835,
255.7354209688335,80752,981,1435,16835,
255.73873079922868,80752,980,1436,16835,
255.74108919173943,80751,981,1436,16835,
255.74548789530047,80750,982,1436,16835,
255.7458103353361,80749,983,1436,16835,
255.74707333297573,80749,983,1435,16836,
255.7524767440111,80749,983,1434,16837,
255.75249158034964,80749,983,1433,16838,
255.7544762651951,80749,982,1434,16838,
255.75554705698704,80748,983,1434,16838,
255.75601639483705,80747,984,1434,16838,
255.75734807966734,80747,984,1433,16839,
255.76089014754572,80746,985,1433,16839,
255.7631134855794,80746,984,1434,16839,
255.76480450944194,80746,983,1435,16839,
255.76600826636653,80745,984,1435,16839,
255.76675396921883,80745,983,1436,16839,
255.76707538734456,80745,983,1435,16840,
255.76724049237328,80745,982,1436,16840,
255.76907253210706,80744,983,1436,16840,
255.77075060331958,80744,982,1437,16840,
255.77120689431743,80744,982,1436,16841,
255.77254356878208,80744,982,1435,16842,
255.773753697514,80744,981,1436,16842,
255.77401633307025,80743,982,1436,16842,
255.7740351443636,80742,983,1436,16842,
255.7760998369326,80742,982,1437,16842,
255.77646672946534,80742,982,1436,16843,
255.77943975872915,80741,983,1436,16843,
255.77946130617622,80741,983,1435,16844,
255.78093236152466,80740,984,1435,16844,
255.78128832413807,80740,983,1436,16844,
255.78164860239852,80739,984,1436,16844,
255.7829169470853,80739,983,1437,16844,
255.78327663556936,80739,982,1438,16844,
255.78578419672075,80739,981,1439,16844,
255.7859522431617,80738,982,1439,16844,
255.7860860839892,80738,981,1440,16844,
255.7886745277625,80738,980,1441,16844,
255.78917467800133,80738,980,1440,16845,
255.78948207228188,80738,979,1441,16845,
255.78960140699874,80737,980,1441,16845,
255.79352701561456,80737,979,1442,16845,
255.79625158477418,80737,979,1441,16846,
255.79793309643938,80737,978,1442,16846,
255.80114817284368,80737,977,1443,16846,
255.80311058324926,80737,977,1442,16847,
255.8080213695309,80737,976,1443,16847,
255.80897052856614,80736,977,1443,16847,
255.81145312886127,80735,978,1443,16847,
255.81171001187502,80735,977,1444,16847,
255.8122733352209,80735,976,1445,16847,
255.81249605733328,80735,976,1444,16848,
255.81271778305367,80735,975,1445,16848,
255.81451172923687,80734,976,1445,16848,
255.81465639560028,80733,977,1445,16848,
255.81592424328943,80733,976,1446,16848,
255.81948357238676,80733,976,1445,16849,
255.81951388602187,80732,977,1445,16849,
255.82248811650848,80731,978,1445,16849,
255.82290932906923,80731,977,1446,16849,
255.82459485386553,80731,976,1447,16849,
255.8287406993587,80730,977,1447,16849,
255.8295107688961,80730,977,1446,16850,
255.83048196688756,80730,976,1447,16850,
255.83460098243864,80730,975,1448,16850,
255.83593041946952,80730,974,1449,16850,
255.8360736403964,80730,973,1450,16850,
255.83748017954036,80729,974,1450,16850,
255.8382034020824,80729,974,1449,16851,
255.83907539802365,80728,975,1449,16851,
255.84113435730225,80728,975,1448,16852,
255.84246017394818,80727,976,1448,16852,
255.8425567121037,80726,977,1448,16852,
255.8440674858349,80726,977,1447,16853,
255.84518841819647,80725,978,1447,16853,
255.84555552549708,80725,978,1446,16854,
255.84646137606143,80725,977,1447,16854,
255.8507249698509,80724,978,1447,16854,
255.85178202726934,80724,977,1448,16854,
255.85231222622707,80724,977,1447,16855,
255.8540432318613,80723,978,1447,16855,
255.85545754745098,80723,978,1446,16856,
255.85561078783996,80722,979,1446,16856,
255.8562361091175,80722,978,1447,16856,
255.85688803749468,80722,977,1448,16856,
255.85903829265675,80722,977,1447,16857,
255.8594847691336,80722,976,1448,16857,
255.85969636055265,80721,977,1448,16857,
255.8602686202343,80721,976,1449,16857,
255.86039945588513,80721,975,1450,16857,
255.86041729289266,80721,974,1451,16857,
255.8649839091131,80720,975,1451,16857,
255.8649911301291,80719,976,1451,16857,
255.8666086037734,80718,977,1451,16857,
255.86722938152803,80718,977,1450,16858,
255.87001581189293,80718,977,1449,16859,
255.87126160677812,80718,977,1448,16860,
255.8731879891938,80718,976,1449,16860,
255.87722717352585,80718,975,1450,16860,
255.8784403087685,80717,976,1450,16860,
255.88053907425893,80717,975,1451,16860,
255.88422674385743,80717,975,1450,16861,
255.8862072872424,80717,975,1449,16862,
255.8876285577402,80717,974,1450,16862,
255.88915134524882,80716,975,1450,16862,
255.89074791770307,80716,974,1451,16862,
255.89221469665534,80716,974,1450,16863,
255.8945073830191,80716,973,1451,16863,
255.89536441629292,80716,973,1450,16864,
255.89684525419275,80716,972,1451,16864,
255.89982781996798,80716,971,1452,16864,
255.90225727873815,80716,970,1453,16864,
255.90498215911333,80716,969,1454,16864,
255.90827557546226,80716,969,1453,16865,
255.90867392947635,80715,970,1453,16865,
255.9128632000815,80715,970,1452,16866,
255.9169993399095,80715,970,1451,16867,
255.9215645200897,80714,971,1451,16867,
255.9224803680771,80713,972,1451,16867,
255.9226956390271,80712,973,1451,16867,
255.9228627043338,80711,974,1451,16867,
255.92669730585482,80710,975,1451,16867,
255.92714451192955,80710,975,1450,16868,
255.9284153161759,80710,975,1449,16869,
255.93078447092063,80710,975,1448,16870,
255.93321587963095,80710,975,1447,16871,
255.93575009265837,80709,976,1447,16871,
255.93725104541232,80708,977,1447,16871,
255.94855575340208,80708,977,1446,16872,
255.94919339242344,80708,976,1447,16872,
255.94934362506478,80708,975,1448,16872,
255.95050174278285,80708,975,1447,16873,
255.95248971116135,80708,975,1446,16874,
255.95293744964184,80707,976,1446,16874,
255.95450330383255,80706,977,1446,16874,
255.96122153340775,80705,978,1446,16874,
255.96151506585733,80705,977,1447,16874,
255.96189582149034,80704,978,1447,16874,
255.96273937064342,80703,979,1447,16874,
255.9636791744099,80703,978,1448,16874,
255.96770188443853,80702,979,1448,16874,
255.9694080097232,80702,979,1447,16875,
255.9694206318427,80702,978,1448,16875,
255.9728116056668,80701,979,1448,16875,
255.97290029726216,80701,979,1447,16876,
255.9746017554853,80700,980,1447,16876,
255.97549529825403,80699,981,1447,16876,
255.9800402670195,80699,981,1446,16877,
255.9802422581704,80699,981,1445,16878,
255.98106651838285,80699,981,1444,16879,
255.98171532234338,80698,982,1444,16879,
255.98495796987123,80698,981,1445,16879,
255.98582531584353,80698,981,1444,16880,
255.98594816554626,80697,982,1444,16880,
255.98728982226874,80697,982,1443,16881,
255.98784719435227,80696,983,1443,16881,
255.99331116251733,80695,984,1443,16881,
255.9939922923878,80694,985,1443,16881,
255.99660468833048,80693,986,1443,16881,
255.99767793004776,80693,986,1442,16882,
255.9985704432947,80693,985,1443,16882,
256.0015979688461,80692,986,1443,16882,
256.00376749987464,80692,986,1442,16883,
256.00482543395583,80691,987,1442,16883,
256.00802659155255,80691,987,1441,16884,
256.0084444722915,80690,988,1441,16884,
256.00968514654124,80689,989,1441,16884,
256.01062551131514,80689,989,1440,16885,
256.01172047897353,80689,989,1439,16886,
256.01234935616816,80688,990,1439,16886,
256.02192162765857,80688,990,1438,16887,
256.02286568860325,80688,989,1439,16887,
256.02340581837205,80688,989,1438,16888,
256.0239855378014,80688,989,1437,16889,
256.0242472448179,80688,988,1438,16889,
256.0253136891865,80688,987,1439,16889,
256.02649573694606,80688,987,1438,16890,
256.0275733051262,80688,987,1437,16891,
256.0285868176206,80688,986,1438,16891,
256.0291531984653,80688,986,1437,16892,
256.0329621095433,80687,987,1437,16892,
256.03340851796554,80686,988,1437,16892,
256.0353093550335,80685,989,1437,16892,
256.0368553061383,80685,988,1438,16892,
256.0371519298396,80685,988,1437,16893,
256.0442669671986,80685,988,1436,16894,
256.04857811283057,80685,987,1437,16894,
256.0515778358002,80685,987,1436,16895,
256.0525758840365,80685,986,1437,16895,
256.0546429717358,80685,985,1438,16895,
256.05568321639606,80684,986,1438,16895,
256.0561793303479,80683,987,1438,16895,
256.0570331492497,80683,986,1439,16895,
256.0607135490193,80682,987,1439,16895,
256.06188957851134,80682,986,1440,16895,
256.0640164678891,80682,985,1441,16895,
256.06479539771675,80682,985,1440,16896,
256.06498877544124,80682,984,1441,16896,
256.0654950549872,80682,984,1440,16897,
256.0697447735443,80682,984,1439,16898,
256.06983925772806,80682,983,1440,16898,
256.0706686107084,80682,982,1441,16898,
256.07668882627775,80681,983,1441,16898,
256.0787855780555,80681,983,1440,16899,
256.0810380652401,80681,982,1441,16899,
256.0816218368365,80681,982,1440,16900,
256.0839873660219,80681,982,1439,16901,
256.085783874429,80681,982,1438,16902,
256.08630613946536,80680,983,1438,16902,
256.08650943623104,80680,983,1437,16903,
256.08655358679795,80680,983,1436,16904,
256.0865571732737,80679,984,1436,16904,
256.0897509602165,80679,984,1435,16905,
256.09016095917855,80679,983,1436,16905,
256.09022209040944,80679,982,1437,16905,
256.09033203244684,80678,983,1437,16905,
256.0992406345261,80677,984,1437,16905,
256.10272964643735,80676,985,1437,16905,
256.1033839895154,80676,985,1436,16906,
256.1042268160962,80676,984,1437,16906,
256.1042503772589,80676,984,1436,16907,
256.10452518384477,80676,984,1435,16908,
256.1065069999713,80676,984,1434,16909,
256.1084270883684,80675,985,1434,16909,
256.10948782827813,80674,986,1434,16909,
256.11087055397286,80674,985,1435,16909,
256.11087782004813,80673,986,1435,16909,
256.1127481231857,80672,987,1435,16909,
256.112975261482,80671,988,1435,16909,
256.113807642427,80671,987,1436,16909,
256.11734064369114,80671,987,1435,16910,
256.11970522814016,80671,986,1436,16910,
256.12022957882255,80670,987,1436,16910,
256.12093874778424,80670,986,1437,16910,
256.12194529319027,80669,987,1437,16910,
256.1266222219953,80668,988,1437,16910,
256.127932302368,80668,987,1438,16910,
256.128448634491,80668,986,1439,16910,
256.12936152947265,80668,985,1440,16910,
256.13110821433816,80668,985,1439,16911,
256.1322598734966,80668,984,1440,16911,
256.1336323987774,80667,985,1440,16911,
256.1346321007427,80667,984,1441,16911,
256.1351515648085,80667,983,1442,16911,
256.1368090071775,80666,984,1442,16911,
256.1372133842367,80665,985,1442,16911,
256.13970038807855,80665,985,1441,16912,
256.1398175367355,80664,986,1441,16912,
256.141239564887,80664,985,1442,16912,
256.1431629455278,80663,986,1442,16912,
256.14368634379537,80663,985,1443,16912,
256.144271553374,80663,985,1442,16913,
256.1446013020903,80662,986,1442,16913,
256.14502337943173,80662,986,1441,16914,
256.1463873620534,80661,987,1441,16914,
256.1465434269285,80661,987,1440,16915,
256.14858185797493,80660,988,1440,16915,
256.152104886978,80660,987,1441,16915,
256.1531219270366,80659,988,1441,16915,
256.1533031522657,80659,988,1440,16916,
256.1555678033555,80659,987,1441,16916,
256.157767697613,80659,986,1442,16916,
256.1614857163583,80659,986,1441,16917,
256.1652999356519,80659,985,1442,16917,
256.16720615554476,80658,986,1442,16917,
256.1687440203103,80658,986,1441,16918,
256.16931985702826,80658,985,1442,16918,
256.16942143551194,80657,986,1442,16918,
256.17946972788866,80657,985,1443,16918,
256.1797105843451,80657,985,1442,16919,
256.1812512132865,80657,984,1443,16919,
256.1812708378706,80656,985,1443,16919,
256.18160688915316,80656,985,1442,16920,
256.1830848984375,80655,986,1442,16920,
256.18779668590764,80655,986,1441,16921,
256.1887542790275,80655,985,1442,16921,
256.19160346039297,80655,985,1441,16922,
256.1923428391215,80655,985,1440,16923,
256.19280807915663,80655,985,1439,16924,
256.19393848105426,80655,985,1438,16925,
256.19579201739793,80655,984,1439,16925,
256.1972225831963,80655,983,1440,16925,
256.19748897682103,80655,983,1439,16926,
256.20078198673446,80655,982,1440,16926,
256.2016700277223,80655,981,1441,16926,
256.2018677788259,80655,980,1442,16926,
256.20186866936507,80654,981,1442,16926,
256.20519395962293,80653,982,1442,16926,
256.205421569364,80653,981,1443,16926,
256.2055464667334,80652,982,1443,16926,
256.21132361193406,80652,982,1442,16927,
256.2121209415538,80652,982,1441,16928,
256.2136586887376,80652,981,1442,16928,
256.2146249046969,80652,981,1441,16929,
256.2170143928619,80652,980,1442,16929,
256.21713924015967,80652,980,1441,16930,
256.22336176528904,80652,980,1440,16931,
256.2243897866295,80652,979,1441,16931,
256.22454733180973,80651,980,1441,16931,
256.22498178192404,80651,979,1442,16931,
256.22619709508143,80651,979,1441,16932,
256.2271002819517,80651,978,1442,16932,
256.2271709136694,80651,978,1441,16933,
256.22745870163044,80651,977,1442,16933,
256.22825490600786,80650,978,1442,16933,
256.2284217759311,80650,977,1443,16933,
256.2333037812632,80649,978,1443,16933,
256.2349079016811,80648,979,1443,16933,
256.2356052590771,80647,980,1443,16933,
256.2381663240688,80647,980,1442,16934,
256.2416724286711,80647,979,1443,16934,
256.24659445049605,80647,978,1444,16934,
256.2479774276989,80647,978,1443,16935,
256.24808455407504,80647,977,1444,16935,
256.2481207418133,80647,977,1443,16936,
256.24856843477903,80646,978,1443,16936,
256.2506706131469,80646,977,1444,16936,
256.25273636508643,80646,977,1443,16937,
256.2533208862029,80646,976,1444,16937,
256.254615260438,80645,977,1444,16937,
256.25501685194223,80645,977,1443,16938,
256.2571566231362,80644,978,1443,16938,
256.2576996199361,80644,977,1444,16938,
256.25950185153044,80643,978,1444,16938,
256.2608189893054,80642,979,1444,16938,
256.26235883356867,80642,978,1445,16938,
256.26253504953496,80641,979,1445,16938,
256.26292674772145,80641,978,1446,16938,
256.2633485310089,80641,978,1445,16939,
256.26509481148764,80641,977,1446,16939,
256.2661483182572,80640,978,1446,16939,
256.26692282873285,80639,979,1446,16939,
256.26904437251994,80639,979,1445,16940,
256.2735156576888,80638,980,1445,16940,
256.27495904748196,80637,981,1445,16940,
256.2789154517063,80637,981,1444,16941,
256.2806593932755,80637,980,1445,16941,
256.28558154418283,80637,979,1446,16941,
256.2875100205057,80637,979,1445,16942,
256.2893497013489,80636,980,1445,16942,
256.2902906094029,80636,980,1444,16943,
256.2923335403482,80636,979,1445,16943,
256.2923407887518,80636,978,1446,16943,
256.2925853439492,80635,979,1446,16943,
256.29267883030457,80634,980,1446,16943,
256.2961813182155,80634,980,1445,16944,
256.29649259359724,80633,981,1445,16944,
256.2981384485485,80633,980,1446,16944,
256.30010515775086,80632,981,1446,16944,
256.3032259813299,80631,982,1446,16944,
256.30415813560325,80631,981,1447,16944,
256.30641189655313,80631,980,1448,16944,
256.30817568975317,80630,981,1448,16944,
256.308253664824,80630,980,1449,16944,
256.31188172525896,80630,979,1450,16944,
256.3128719088204,80630,979,1449,16945,
256.3137383639171,80630,978,1450,16945,
256.31473838997573,80629,979,1450,16945,
256.31570510252556,80628,980,1450,16945,
256.3158009508343,80628,980,1449,16946,
256.3162142566554,80628,980,1448,16947,
256.31661447297427,80627,981,1448,16947,
256.32075242379165,80627,981,1447,16948,
256.3213994434291,80626,982,1447,16948,
256.32543680619693,80626,981,1448,16948,
256.3288458625866,80625,982,1448,16948,
256.32924307930284,80625,982,1447,16949,
256.3292658992733,80625,981,1448,16949,
256.3306535397918,80625,980,1449,16949,
256.33354542298497,80624,981,1449,16949,
256.3343337034226,80624,980,1450,16949,
256.3348146043424,80624,980,1449,16950,
256.33648109047584,80623,981,1449,16950,
256.33674811060195,80622,982,1449,16950,
256.3381627910114,80622,982,1448,16951,
256.33905338767136,80622,981,1449,16951,
256.33966563183975,80621,982,1449,16951,
256.34115469958795,80621,981,1450,16951,
256.34411449121654,80620,982,1450,16951,
256.346005620353,80620,981,1451,16951,
256.34638670902734,80620,980,1452,16951,
256.3474581266226,80619,981,1452,16951,
256.34754326802357,80619,981,1451,16952,
256.3487205926568,80619,980,1452,16952,
256.3491395583034,80618,981,1452,16952,
256.35191963671963,80617,982,1452,16952,
256.3520275674255,80616,983,1452,16952,
256.3530088049515,80616,982,1453,16952,
256.3557658289524,80615,983,1453,16952,
256.359105416586,80615,982,1454,16952,
256.36151785085355,80615,981,1455,16952,
256.36444807254793,80615,981,1454,16953,
256.36505892511764,80615,980,1455,16953,
256.3665594380678,80615,979,1456,16953,
256.36664052240866,80615,979,1455,16954,
256.367824496089,80615,979,1454,16955,
256.3691092580569,80615,979,1453,16956,
256.37074179161556,80615,979,1452,16957,
256.3713565815456,80615,979,1451,16958,
256.3732489787043,80614,980,1451,16958,
256.375125250782,80613,981,1451,16958,
256.37513817580265,80612,982,1451,16958,
256.37786464813485,80612,982,1450,16959,
256.37940619348956,80612,982,1449,16960,
256.38020295492896,80612,982,1448,16961,
256.3808391412997,80612,981,1449,16961,
256.3822446314715,80611,982,1449,16961,
256.3850731879379,80611,982,1448,16962,
256.38576663988334,80611,982,1447,16963,
256.38614763650685,80611,981,1448,16963,
256.3905047253332,80610,982,1448,16963,
256.39242078996296,80609,983,1448,16963,
256.3932289882427,80608,984,1448,16963,
256.39849734277766,80607,985,1448,16963,
256.39896879229923,80607,984,1449,16963,
256.40061474559116,80607,984,1448,16964,
256.4032082540111,80607,983,1449,16964,
256.4055609708428,80607,982,1450,16964,
256.40731186970277,80606,983,1450,16964,
256.4074111741077,80606,982,1451,16964,
256.4080703950458,80605,983,1451,16964,
256.40857453325964,80605,983,1450,16965,
256.41055207961045,80604,984,1450,16965,
256.4125855477196,80604,983,1451,16965,
256.4186217602551,80604,983,1450,16966,
256.41950335124966,80604,982,1451,16966,
256.42238051573906,80604,981,1452,16966,
256.4227470585747,80604,980,1453,16966,
256.4258431527041,80604,980,1452,16967,
256.4259679624322,80604,979,1453,16967,
256.4291207291027,80604,978,1454,16967,
256.43122019715975,80604,977,1455,16967,
256.4319266546041,80603,978,1455,16967,
256.4328685861254,80602,979,1455,16967,
256.4333154930879,80601,980,1455,16967,
256.43447473878973,80601,980,1454,16968,
256.43627956075846,80601,980,1453,16969,
256.436936648299,80600,981,1453,16969,
256.4400323482713,80600,980,1454,16969,
256.4413070695913,80599,981,1454,16969,
256.44227518461315,80598,982,1454,16969,
256.44235266772574,80597,983,1454,16969,
256.44346303776604,80597,982,1455,16969,
256.4444256416913,80596,983,1455,16969,
256.44535885498794,80595,984,1455,16969,
256.446026544566,80595,983,1456,16969,
256.4474296237139,80595,982,1457,16969,
256.45002700833487,80594,983,1457,16969,
256.4514488792388,80593,984,1457,16969,
256.45189512163313,80593,984,1456,16970,
256.45401947962154,80592,985,1456,16970,
256.45597297536716,80591,986,1456,16970,
256.4561729682094,80590,987,1456,16970,
256.45770296919636,80590,986,1457,16970,
256.4579487642816,80589,987,1457,16970,
256.46101583991685,80589,987,1456,16971,
256.4615639870297,80589,986,1457,16971,
256.4638782682011,80589,986,1456,16972,
256.4657005307836,80589,985,1457,16972,
256.47144048062114,80589,984,1458,16972,
256.4720174223721,80589,983,1459,16972,
256.47412395369054,80589,982,1460,16972,
256.4746107328187,80589,982,1459,16973,
256.4782484002614,80589,981,1460,16973,
256.48500077151795,80589,981,1459,16974,
256.486239836923,80588,982,1459,16974,
256.48690582440327,80588,982,1458,16975,
256.48694125941114,80588,982,1457,16976,
256.4869873008145,80588,981,1458,16976,
256.48816197615326,80587,982,1458,16976,
256.4921006475858,80587,981,1459,16976,
256.49295762194333,80587,981,1458,16977,
256.49305843329165,80587,981,1457,16978,
256.493731249274,80587,980,1458,16978,
256.49386130158365,80586,981,1458,16978,
256.49565252556215,80585,982,1458,16978,
256.4970790861264,80584,983,1458,16978,
256.49735446395124,80583,984,1458,16978,
256.4974661005187,80582,985,1458,16978,
256.4998049735107,80582,984,1459,16978,
256.5004681575342,80582,983,1460,16978,
256.5023206578974,80582,982,1461,16978,
256.50383595248036,80582,981,1462,16978,
256.5044840007519,80582,981,1461,16979,
256.50492765252375,80582,981,1460,16980,
256.50743790519954,80582,980,1461,16980,
256.5082520953307,80582,979,1462,16980,
256.51073095967956,80581,980,1462,16980,
256.51297001797974,80581,980,1461,16981,
256.5138924657632,80580,981,1461,16981,
256.5140628822097,80579,982,1461,16981,
256.5152220577572,80578,983,1461,16981,
256.51582471280665,80577,984,1461,16981,
256.516106875218,80577,984,1460,16982,
256.51617284751643,80577,984,1459,16983,
256.5198898122802,80576,985,1459,16983,
256.5233930959436,80576,985,1458,16984,
256.5282191090051,80576,984,1459,16984,
256.530622152662,80576,984,1458,16985,
256.532362730568,80576,984,1457,16986,
256.5328610286608,80576,983,1458,16986,
256.53492164608025,80576,983,1457,16987,
256.53584172316897,80575,984,1457,16987,
256.5422135143542,80574,985,1457,16987,
256.54588818067384,80574,985,1456,16988,
256.5484085063913,80573,986,1456,16988,
256.5496601872873,80572,987,1456,16988,
256.5522105294446,80571,988,1456,16988,
256.5527856642554,80571,988,1455,16989,
256.5545779617762,80571,987,1456,16989,
256.55490547798223,80571,987,1455,16990,
256.55549674526975,80570,988,1455,16990,
256.5580587318815,80570,988,1454,16991,
256.562475497715,80569,989,1454,16991,
256.5629285518918,80569,988,1455,16991,
256.5638344204979,80568,989,1455,16991,
256.56478710562635,80568,989,1454,16992,
256.5683827088198,80568,988,1455,16992,
256.56876512266496,80567,989,1455,16992,
256.5735815837902,80567,988,1456,16992,
256.5750153609847,80567,988,1455,16993,
256.57535282740776,80567,988,1454,16994,
256.57902072256917,80567,987,1455,16994,
256.5802229447165,80567,986,1456,16994,
256.58055500553195,80567,985,1457,16994,
256.58301324489605,80566,986,1457,16994,
256.5841137387283,80566,985,1458,16994,
256.58469646486947,80566,985,1457,16995,
256.5856220263837,80566,985,1456,16996,
256.5874165696898,80565,986,1456,16996,
256.5874636907547,80565,986,1455,16997,
256.5877673784798,80564,987,1455,16997,
256.5880598814445,80564,987,1454,16998,
256.59066401542196,80563,988,1454,16998,
256.59275985168864,80562,989,1454,16998,
256.5927899506397,80561,990,1454,16998,
256.59386383689514,80561,990,1453,16999,
256.59480620809467,80560,991,1453,16999,
256.5958804471517,80560,991,1452,17000,
256.5960516497728,80560,990,1453,17000,
256.5966660132449,80559,991,1453,17000,
256.59733628020535,80558,992,1453,17000,
256.60444898501083,80557,993,1453,17000,
256.6052740426,80556,994,1453,17000,
256.60581024356003,80556,993,1454,17000,
256.6059901094921,80556,992,1455,17000,
256.6070368022851,80555,993,1455,17000,
256.6081511650172,80554,994,1455,17000,
256.6084921431291,80554,994,1454,17001,
256.61061281658914,80553,995,1454,17001,
256.6128557289714,80553,995,1453,17002,
256.61479579688023,80552,996,1453,17002,
256.6148275347781,80552,996,1452,17003,
256.61667736687696,80551,997,1452,17003,
256.61765671274475,80551,997,1451,17004,
256.618227274527,80551,997,1450,17005,
256.61836945941434,80550,998,1450,17005,
256.61843280865764,80550,997,1451,17005,
256.61927175534385,80550,997,1450,17006,
256.6233177099853,80549,998,1450,17006,
256.62833211752854,80549,997,1451,17006,
256.63193829810524,80548,998,1451,17006,
256.6321231026942,80547,999,1451,17006,
256.6330512448865,80547,998,1452,17006,
256.63355943973164,80547,998,1451,17007,
256.6398310872871,80547,997,1452,17007,
256.6405845124141,80547,997,1451,17008,
256.640831836414,80547,996,1452,17008,
256.64719490487954,80547,995,1453,17008,
256.6474789900264,80547,995,1452,17009,
256.6475675454182,80547,995,1451,17010,
256.6475938995882,80547,994,1452,17010,
256.64950114783477,80546,995,1452,17010,
256.6522197709133,80546,994,1453,17010,
256.6536538956144,80546,994,1452,17011,
256.65577262846386,80546,994,1451,17012,
256.65583438186746,80546,994,1450,17013,
256.65593845741006,80545,995,1450,17013,
256.65694797042335,80544,996,1450,17013,
256.65873340241785,80544,996,1449,17014,
256.6592570100778,80544,995,1450,17014,
256.65980661690384,80544,995,1449,17015,
256.66030789066247,80544,994,1450,17015,
256.6609673085395,80544,993,1451,17015,
256.6634423697249,80544,993,1450,17016,
256.66623675392134,80543,994,1450,17016,
256.6670293203816,80542,995,1450,17016,
256.668714324911,80542,995,1449,17017,
256.67223894920323,80541,996,1449,17017,
256.67316167361435,80541,995,1450,17017,
256.6733526167252,80540,996,1450,17017,
256.6751104260006,80539,997,1450,17017,
256.67603857647526,80539,997,1449,17018,
256.67928354837755,80539,996,1450,17018,
256.67973717615416,80539,995,1451,17018,
256.683639568094,80539,994,1452,17018,
256.68458232068514,80539,993,1453,17018,
256.68872855180484,80539,992,1454,17018,
256.6896540357448,80539,991,1455,17018,
256.691692777834,80539,990,1456,17018,
256.6943252078992,80539,989,1457,17018,
256.69433497479145,80538,990,1457,17018,
256.6945092217975,80538,990,1456,17019,
256.6976480554392,80538,990,1455,17020,
256.69968828871646,80537,991,1455,17020,
256.705220560289,80536,992,1455,17020,
256.70542509572647,80536,991,1456,17020,
256.7058891995981,80536,990,1457,17020,
256.70695858220836,80535,991,1457,17020,
256.7113091584044,80535,990,1458,17020,
256.7127764421709,80535,989,1459,17020,
256.71651552959395,80534,990,1459,17020,
256.7222075343797,80534,990,1458,17021,
256.72377907734045,80533,991,1458,17021,
256.7246900477059,80532,992,1458,17021,
256.7274075458445,80532,991,1459,17021,
256.72885094467233,80532,990,1460,17021,
256.73080484335543,80531,991,1460,17021,
256.7351607396312,80531,990,1461,17021,
256.73789282005936,80531,989,1462,17021,
256.7379717050765,80530,990,1462,17021,
256.73808096915207,80530,989,1463,17021,
256.7392122592232,80530,988,1464,17021,
256.7412816734233,80530,987,1465,17021,
256.74210405051525,80529,988,1465,17021,
256.7442151302628,80529,988,1464,17022,
256.7448761030901,80528,989,1464,17022,
256.7456996469249,80528,988,1465,17022,
256.74956386107755,80528,987,1466,17022,
256.7504879970687,80528,987,1465,17023,
256.75343244205527,80527,988,1465,17023,
256.75479570776537,80527,988,1464,17024,
256.7549535654149,80526,989,1464,17024,
256.7585818933912,80526,989,1463,17025,
256.75884130230054,80525,990,1463,17025,
256.75980806563484,80525,989,1464,17025,
256.7603808170381,80525,988,1465,17025,
256.7605048389575,80524,989,1465,17025,
256.76091430974805,80524,989,1464,17026,
256.76127534804795,80523,990,1464,17026,
256.7659981004916,80523,989,1465,17026,
256.766651248294,80522,990,1465,17026,
256.7667479756158,80522,990,1464,17027,
256.7759136755711,80521,991,1464,17027,
256.7792697806921,80521,990,1465,17027,
256.7804183699956,80521,990,1464,17028,
256.78101234271503,80520,991,1464,17028,
256.7834021297869,80519,992,1464,17028,
256.7837497352772,80519,991,1465,17028,
256.78449252331825,80519,990,1466,17028,
256.78680059690066,80519,990,1465,17029,
256.7871395424343,80518,991,1465,17029,
256.7878779526566,80517,992,1465,17029,
256.7893104949361,80517,992,1464,17030,
256.79097700852367,80517,992,1463,17031,
256.7915202151297,80516,993,1463,17031,
256.79281253976706,80515,994,1463,17031,
256.7951092013953,80515,993,1464,17031,
256.7954961651469,80515,993,1463,17032,
256.79589228733323,80515,992,1464,17032,
256.79649659678535,80514,993,1464,17032,
256.797230155833,80514,992,1465,17032,
256.7984418931499,80514,991,1466,17032,
256.80093654307694,80514,990,1467,17032,
256.8021223980869,80514,989,1468,17032,
256.80385683733556,80513,990,1468,17032,
256.80791664149353,80512,991,1468,17032,
256.80848169778847,80512,990,1469,17032,
256.8084916903998,80511,991,1469,17032,
256.8086082832157,80511,990,1470,17032,
256.81024624682044,80510,991,1470,17032,
256.8144332145013,80509,992,1470,17032,
256.8186659942624,80508,993,1470,17032,
256.81978049832895,80508,992,1471,17032,
256.8224822033563,80507,993,1471,17032,
256.8228293529643,80506,994,1471,17032,
256.823105136752,80506,994,1470,17033,
256.82334992398233,80506,993,1471,17033,
256.82406504959636,80506,993,1470,17034,
256.8250159598657,80506,993,1469,17035,
256.825823051414,80506,992,1470,17035,
256.8304660123045,80506,992,1469,17036,
256.832457293442,80506,992,1468,17037,
256.8350575944888,80506,992,1467,17038,
256.8357121232697,80506,991,1468,17038,
256.83720710887474,80505,992,1468,17038,
256.8387916305942,80505,992,1467,17039,
256.8420283030242,80504,993,1467,17039,
256.8430365928886,80504,992,1468,17039,
256.84527369344227,80503,993,1468,17039,
256.84533818861496,80503,992,1469,17039,
256.8459242328651,80502,993,1469,17039,
256.8472068883425,80501,994,1469,17039,
256.8499960055996,80501,994,1468,17040,
256.85274431650157,80501,993,1469,17040,
256.85316115511927,80501,992,1470,17040,
256.8563628171522,80500,993,1470,17040,
256.8582355603538,80500,993,1469,17041,
256.85835146359983,80500,992,1470,17041,
256.8605913933655,80500,991,1471,17041,
256.86352484710113,80500,991,1470,17042,
256.86483849507255,80500,990,1471,17042,
256.86504377575557,80499,991,1471,17042,
256.86664088859135,80499,991,1470,17043,
256.86687396964817,80498,992,1470,17043,
256.86826878353327,80498,991,1471,17043,
256.87042850157843,80498,991,1470,17044,
256.87094680880966,80498,990,1471,17044,
256.8728673453892,80498,989,1472,17044,
256.8733811694362,80497,990,1472,17044,
256.873485958958,80497,989,1473,17044,
256.8744898400659,80496,990,1473,17044,
256.8771393904775,80496,990,1472,17045,
256.8837476726291,80495,991,1472,17045,
256.8847433744412,80495,991,1471,17046,
256.88690888196317,80494,992,1471,17046,
256.8870526965831,80494,992,1470,17047,
256.890182405428,80494,991,1471,17047,
256.89166418529294,80494,990,1472,17047,
256.8932127338716,80494,990,1471,17048,
256.8935259200306,80494,990,1470,17049,
256.89481241243715,80494,989,1471,17049,
256.89496458895576,80494,988,1472,17049,
256.89574526038876,80494,988,1471,17050,
256.8996817780228,80494,987,1472,17050,
256.9009442273067,80493,988,1472,17050,
256.9013557233267,80493,988,1471,17051,
256.9044053781992,80493,988,1470,17052,
256.907694101631,80493,987,1471,17052,
256.9078933914202,80492,988,1471,17052,
256.9096148218125,80492,987,1472,17052,
256.91256542655924,80492,987,1471,17053,
256.9134551352082,80491,988,1471,17053,
256.91377791171874,80491,987,1472,17053,
256.9144494318656,80491,987,1471,17054,
256.91523187073295,80490,988,1471,17054,
256.9157532640572,80489,989,1471,17054,
256.9162669923998,80488,990,1471,17054,
256.91724409841896,80487,991,1471,17054,
256.9196011571341,80487,991,1470,17055,
256.9218363411849,80486,992,1470,17055,
256.9242046312061,80485,993,1470,17055,
256.9249477530235,80485,993,1469,17056,
256.9250755942845,80485,992,1470,17056,
256.9258209796871,80484,993,1470,17056,
256.9277306758811,80483,994,1470,17056,
256.93278916739996,80483,993,1471,17056,
256.9338576480737,80482,994,1471,17056,
256.9340792534821,80482,993,1472,17056,
256.93457597380194,80482,992,1473,17056,
256.9351606513112,80482,992,1472,17057,
256.935692140695,80482,991,1473,17057,
256.93754374610967,80482,990,1474,17057,
256.93759008168325,80482,989,1475,17057,
256.9437936607112,80482,989,1474,17058,
256.94507403251623,80481,990,1474,17058,
256.9453212644958,80480,991,1474,17058,
256.9491128803079,80479,992,1474,17058,
256.9534885500873,80478,993,1474,17058,
256.95793474237365,80478,993,1473,17059,
256.9592399902085,80477,994,1473,17059,
256.965804627451,80477,993,1474,17059,
256.965872259967,80477,992,1475,17059,
256.96871732997556,80476,993,1475,17059,
256.9692109322581,80475,994,1475,17059,
256.9703342114674,80474,995,1475,17059,
256.97220400162223,80474,994,1476,17059,
256.9730416867646,80474,993,1477,17059,
256.97420050644666,80473,994,1477,17059,
256.9754598887418,80473,993,1478,17059,
256.97670743292366,80473,992,1479,17059,
256.98269034182647,80472,993,1479,17059,
256.98342555380987,80471,994,1479,17059,
256.98420928680275,80471,994,1478,17060,
256.9846334270142,80471,993,1479,17060,
256.9847200611457,80470,994,1479,17060,
256.99107764412724,80469,995,1479,17060,
256.9923343727096,80469,994,1480,17060,
256.99434573695106,80469,993,1481,17060,
256.9966937467166,80468,994,1481,17060,
256.9978737973775,80468,993,1482,17060,
256.9983852096491,80468,993,1481,17061,
256.99872568837543,80468,992,1482,17061,
256.999698423776,80468,991,1483,17061,
256.9999439907259,80468,991,1482,17062,
257.00025588476706,80467,992,1482,17062,
257.0015560867364,80467,992,1481,17063,
257.00229700946215,80466,993,1481,17063,
257.0032485473318,80466,993,1480,17064,
257.00473803590035,80466,992,1481,17064,
257.0051260866274,80465,993,1481,17064,
257.00840280026506,80464,994,1481,17064,
257.0085007223995,80463,995,1481,17064,
257.00862334793203,80462,996,1481,17064,
257.0095712734171,80461,997,1481,17064,
257.00960743274135,80461,996,1482,17064,
257.01012609585905,80461,995,1483,17064,
257.01195927241736,80461,994,1484,17064,
257.0138057902692,80460,995,1484,17064,
257.0145754250492,80460,994,1485,17064,
257.01676028764876,80460,994,1484,17065,
257.0168833015884,80459,995,1484,17065,
257.01723062652627,80458,996,1484,17065,
257.01734057492746,80458,996,1483,17066,
257.017976465419,80458,995,1484,17066,
257.01979527325665,80458,994,1485,17066,
257.0229013898651,80457,995,1485,17066,
257.02291181349517,80457,995,1484,17067,
257.0238084148178,80457,995,1483,17068,
257.0299586224956,80457,995,1482,17069,
257.03074160022084,80457,994,1483,17069,
257.03302184201095,80456,995,1483,17069,
257.03822110226565,80456,994,1484,17069,
257.0386657571565,80456,993,1485,17069,
257.03872712559877,80456,992,1486,17069,
257.0390838160078,80455,993,1486,17069,
257.0446647557505,80454,994,1486,17069,
257.0503639382236,80453,995,1486,17069,
257.0504721288712,80452,996,1486,17069,
257.05339423625077,80452,996,1485,17070,
257.0534167351652,80451,997,1485,17070,
257.055066286865,80451,996,1486,17070,
257.05677445353234,80451,995,1487,17070,
257.05694587358937,80451,994,1488,17070,
257.05807124961945,80450,995,1488,17070,
257.05885358756484,80450,994,1489,17070,
257.0593231827291,80449,995,1489,17070,
257.0610617166636,80449,994,1490,17070,
257.06246106002976,80449,993,1491,17070,
257.0642331145433,80448,994,1491,17070,
257.06828444032965,80448,994,1490,17071,
257.07151929212955,80448,994,1489,17072,
257.0733392127105,80447,995,1489,17072,
257.08033019419145,80446,996,1489,17072,
257.0828386651265,80446,995,1490,17072,
257.0835440064349,80446,995,1489,17073,
257.08512397284983,80446,994,1490,17073,
257.0867547501669,80445,995,1490,17073,
257.08685831148887,80445,995,1489,17074,
257.0938674123564,80445,995,1488,17075,
257.0964873203608,80445,995,1487,17076,
257.097915218612,80445,995,1486,17077,
257.1002567188851,80445,995,1485,17078,
257.1002600277373,80445,995,1484,17079,
257.1005184651385,80444,996,1484,17079,
257.1024278023019,80443,997,1484,17079,
257.1026618885676,80443,997,1483,17080,
257.1041218584937,80443,996,1484,17080,
257.10552119233336,80443,995,1485,17080,
257.1056952160655,80443,994,1486,17080,
257.1071982438701,80443,993,1487,17080,
257.1088486658928,80442,994,1487,17080,
257.1091538010168,80442,993,1488,17080,
257.10984515780194,80441,994,1488,17080,
257.1124688273798,80441,994,1487,17081,
257.11465390590644,80441,994,1486,17082,
257.114785618588,80441,993,1487,17082,
257.1159751696867,80441,992,1488,17082,
257.12266846185236,80441,992,1487,17083,
257.12277126424107,80440,993,1487,17083,
257.1245284808738,80439,994,1487,17083,
257.12663953998805,80438,995,1487,17083,
257.1274467922273,80437,996,1487,17083,
257.134494553964,80437,996,1486,17084,
257.13475133606244,80436,997,1486,17084,
257.1389461152198,80435,998,1486,17084,
257.1398254748404,80435,997,1487,17084,
257.14338913558464,80434,998,1487,17084,
257.14379437262824,80433,999,1487,17084,
257.1487169529484,80432,1000,1487,17084,
257.1510006305524,80432,1000,1486,17085,
257.15286994409803,80432,999,1487,17085,
257.1549172759979,80432,998,1488,17085,
257.1558714870279,80431,999,1488,17085,
257.15636676802814,80431,999,1487,17086,
257.15705545462004,80431,999,1486,17087,
257.1584907398644,80430,1000,1486,17087,
257.1590649824804,80430,1000,1485,17088,
257.1596408496182,80430,999,1486,17088,
257.16664605018053,80430,998,1487,17088,
257.16783457008995,80430,997,1488,17088,
257.17047523503504,80430,997,1487,17089,
257.1705754638314,80429,998,1487,17089,
257.17072454633865,80429,998,1486,17090,
257.1727907540432,80428,999,1486,17090,
257.1760603322826,80428,999,1485,17091,
257.17876193691575,80428,999,1484,17092,
257.17926170891127,80428,998,1485,17092,
257.1813055633171,80428,997,1486,17092,
257.1819998689351,80428,997,1485,17093,
257.1820845824758,80428,996,1486,17093,
257.1824548794897,80428,995,1487,17093,
257.18273968542184,80428,994,1488,17093,
257.1837177397581,80427,995,1488,17093,
257.18435813955165,80427,995,1487,17094,
257.1852673579696,80427,994,1488,17094,
257.18634586834645,80426,995,1488,17094,
257.1887279010773,80426,995,1487,17095,
257.1963957138659,80426,995,1486,17096,
257.196798523832,80425,996,1486,17096,
257.19685675928775,80424,997,1486,17096,
257.19835956035735,80424,996,1487,17096,
257.1986307404622,80424,995,1488,17096,
257.20068619543815,80424,995,1487,17097,
257.202326710862,80424,995,1486,17098,
257.20946200036445,80424,994,1487,17098,
257.21028523946336,80424,993,1488,17098,
257.21198942535244,80424,992,1489,17098,
257.2157190429122,80423,993,1489,17098,
257.2157760691645,80422,994,1489,17098,
257.222026793243,80422,994,1488,17099,
257.223355894496,80421,995,1488,17099,
257.22427848872053,80420,996,1488,17099,
257.22710238099387,80420,996,1487,17100,
257.22875726862395,80419,997,1487,17100,
257.2297761986115,80418,998,1487,17100,
257.23111235201577,80418,998,1486,17101,
257.2326196737775,80418,998,1485,17102,
257.2331990875863,80417,999,1485,17102,
257.23431104078384,80417,999,1484,17103,
257.2360704952677,80417,999,1483,17104,
257.2363854487545,80417,999,1482,17105,
257.2365634551614,80417,998,1483,17105,
257.23670292274403,80417,997,1484,17105,
257.2409892669166,80417,997,1483,17106,
257.2422284921301,80417,996,1484,17106,
257.2430206264857,80416,997,1484,17106,
257.2433677143151,80416,996,1485,17106,
257.24362739681175,80416,996,1484,17107,
257.24598883903667,80416,996,1483,17108,
257.24702658617366,80416,996,1482,17109,
257.2471112072465,80416,996,1481,17110,
257.2472483122046,80416,995,1482,17110,
257.2489854069813,80415,996,1482,17110,
257.24995232424817,80415,996,1481,17111,
257.2513529460523,80415,995,1482,17111,
257.2531293821418,80415,995,1481,17112,
257.25438481135814,80414,996,1481,17112,
257.25742346053283,80414,996,1480,17113,
257.2577307295191,80413,997,1480,17113,
257.2586625740102,80412,998,1480,17113,
257.25961367427004,80411,999,1480,17113,
257.2602098767604,80410,1000,1480,17113,
257.2693208705858,80410,999,1481,17113,
257.2723493418923,80409,1000,1481,17113,
257.2743057668044,80409,1000,1480,17114,
257.27466065381464,80409,1000,1479,17115,
257.27649746598036,80409,1000,1478,17116,
257.2814635981515,80409,999,1479,17116,
257.28315829229047,80408,1000,1479,17116,
257.28485019882214,80408,999,1480,17116,
257.2853952293232,80408,998,1481,17116,
257.28555383727183,80407,999,1481,17116,
257.2856615961483,80406,1000,1481,17116,
257.28843151827914,80406,1000,1480,17117,
257.2910191748782,80405,1001,1480,17117,
257.29144891867367,80404,1002,1480,17117,
257.2929596177545,80404,1002,1479,17118,
257.2931302941841,80404,1002,1478,17119,
257.2938083748518,80404,1002,1477,17120,
257.29505489266626,80403,1003,1477,17120,
257.298250286265,80403,1003,1476,17121,
257.3009583187943,80402,1004,1476,17121,
257.30260132444147,80402,1003,1477,17121,
257.3062704643708,80402,1003,1476,17122,
257.3138429813276,80402,1002,1477,17122,
257.31621879048345,80401,1003,1477,17122,
257.31763447072433,80401,1002,1478,17122,
257.3194675826063,80400,1003,1478,17122,
257.3202786151735,80400,1003,1477,17123,
257.32302251473243,80400,1002,1478,17123,
257.3243071119929,80399,1003,1478,17123,
257.32555453572616,80399,1002,1479,17123,
257.32599459036896,80399,1002,1478,17124,
257.3269191178342,80399,1001,1479,17124,
257.33296682603816,80398,1002,1479,17124,
257.33298611655357,80397,1003,1479,17124,
257.33361371734486,80396,1004,1479,17124,
257.3348499819865,80395,1005,1479,17124,
257.3352293752569,80395,1005,1478,17125,
257.3362693590075,80395,1005,1477,17126,
257.3377021719597,80395,1004,1478,17126,
257.33836439221955,80394,1005,1478,17126,
257.33924543941924,80393,1006,1478,17126,
257.34032985943793,80393,1006,1477,17127,
257.3410921776232,80393,1005,1478,17127,
257.3413993687925,80393,1004,1479,17127,
257.3416383140147,80392,1005,1479,17127,
257.3430819681793,80392,1004,1480,17127,
257.34493927004,80391,1005,1480,17127,
257.3458506470656,80390,1006,1480,17127,
257.34692028483676,80390,1006,1479,17128,
257.34868134652277,80390,1005,1480,17128,
257.3492330788907,80390,1004,1481,17128,
257.3515301120437,80390,1004,1480,17129,
257.3524144791,80390,1004,1479,17130,
257.35499479137127,80389,1005,1479,17130,
257.3555633290951,80388,1006,1479,17130,
257.3558784547619,80388,1005,1480,17130,
257.3581225454696,80387,1006,1480,17130,
257.35840175668613,80387,1005,1481,17130,
257.3616853779499,80386,1006,1481,17130,
257.3642092156046,80386,1006,1480,17131,
257.3642792175179,80385,1007,1480,17131,
257.3678643614258,80385,1007,1479,17132,
257.3680699056394,80384,1008,1479,17132,
257.3721234853471,80384,1008,1478,17133,
257.3738741467183,80384,1008,1477,17134,
257.37519026290755,80384,1008,1476,17135,
257.3755766551681,80383,1009,1476,17135,
257.37568423635287,80382,1010,1476,17135,
257.3766207151721,80382,1010,1475,17136,
257.3772159944354,80382,1010,1474,17137,
257.3793078784157,80382,1009,1475,17137,
257.37972727679835,80382,1009,1474,17138,
257.38144497550724,80382,1009,1473,17139,
257.381725830282,80382,1009,1472,17140,
257.3817385027518,80381,1010,1472,17140,
257.38304630948403,80381,1010,1471,17141,
257.3831665343564,80381,1010,1470,17142,
257.3841492725991,80380,1011,1470,17142,
257.38475076871515,80379,1012,1470,17142,
257.3921942285804,80379,1012,1469,17143,
257.3962097687739,80379,1011,1470,17143,
257.3964675267558,80379,1011,1469,17144,
257.3967540716606,80378,1012,1469,17144,
257.3982251553098,80378,1011,1470,17144,
257.3983658491861,80377,1012,1470,17144,
257.39876690743233,80376,1013,1470,17144,
257.3990225667234,80375,1014,1470,17144,
257.40035113213474,80375,1013,1471,17144,
257.40204437212316,80375,1013,1470,17145,
257.40213821299415,80374,1014,1470,17145,
257.40513385096693,80374,1014,1469,17146,
257.41036723213494,80374,1013,1470,17146,
257.41110005975884,80374,1012,1471,17146,
257.4139265388903,80373,1013,1471,17146,
257.41594371815614,80372,1014,1471,17146,
257.4191537862004,80371,1015,1471,17146,
257.42179665606795,80370,1016,1471,17146,
257.4221209098119,80370,1015,1472,17146,
257.423289385389,80369,1016,1472,17146,
257.42331687823395,80368,1017,1472,17146,
257.4240164288051,80367,1018,1472,17146,
257.4268444469221,80367,1017,1473,17146,
257.429838518029,80366,1018,1473,17146,
257.43001968010293,80365,1019,1473,17146,
257.4322259633197,80365,1018,1474,17146,
257.43265535619213,80364,1019,1474,17146,
257.43606039391375,80364,1018,1475,17146,
257.43689383037474,80364,1018,1474,17147,
257.4382527722293,80364,1017,1475,17147,
257.4387466751851,80363,1018,1475,17147,
257.43947337438783,80362,1019,1475,17147,
257.4416913852628,80361,1020,1475,17147,
257.44192127016146,80361,1019,1476,17147,
257.44242711041835,80361,1019,1475,17148,
257.4424335987136,80361,1018,1476,17148,
257.4441590241995,80361,1017,1477,17148,
257.4446638105439,80361,1016,1478,17148,
257.445315394324,80360,1017,1478,17148,
257.44543600695704,80359,1018,1478,17148,
257.44662448258214,80359,1018,1477,17149,
257.4490925034117,80358,1019,1477,17149,
257.4515921044061,80357,1020,1477,17149,
257.45805481339704,80356,1021,1477,17149,
257.45813321914096,80355,1022,1477,17149,
257.45826757306355,80355,1022,1476,17150,
257.4592595488306,80355,1021,1477,17150,
257.4604961721682,80355,1021,1476,17151,
257.4612063164323,80354,1022,1476,17151,
257.4618853563371,80354,1021,1477,17151,
257.4623829813243,80354,1020,1478,17151,
257.4647698511436,80354,1020,1477,17152,
257.4701590562439,80354,1019,1478,17152,
257.47184800239916,80354,1018,1479,17152,
257.4720368362571,80354,1017,1480,17152,
257.4739156819716,80353,1018,1480,17152,
257.4745043386515,80352,1019,1480,17152,
257.47482294497456,80352,1018,1481,17152,
257.4748343280461,80351,1019,1481,17152,
257.4760468731113,80350,1020,1481,17152,
257.47614206013634,80350,1020,1480,17153,
257.4796468215275,80349,1021,1480,17153,
257.48279489740577,80349,1021,1479,17154,
257.48626753365517,80348,1022,1479,17154,
257.4868418299153,80347,1023,1479,17154,
257.48863981530116,80346,1024,1479,17154,
257.4908042230859,80346,1024,1478,17155,
257.4930990566248,80346,1023,1479,17155,
257.49444656691475,80345,1024,1479,17155,
257.4969503623504,80345,1023,1480,17155,
257.4991188756007,80344,1024,1480,17155,
257.4995972085684,80344,1024,1479,17156,
257.50022584668164,80343,1025,1479,17156,
257.5025348962981,80343,1024,1480,17156,
257.5027179600453,80343,1023,1481,17156,
257.504579898325,80342,1024,1481,17156,
257.5054055024534,80341,1025,1481,17156,
257.50625797284135,80340,1026,1481,17156,
257.50742654928115,80339,1027,1481,17156,
257.5076781984621,80339,1027,1480,17157,
257.50882705935857,80339,1026,1481,17157,
257.5093215037572,80339,1026,1480,17158,
257.51089009874494,80339,1025,1481,17158,
257.51109143668356,80338,1026,1481,17158,
257.51292631379846,80338,1025,1482,17158,
257.51410122297494,80338,1025,1481,17159,
257.5181285896209,80338,1024,1482,17159,
257.5202453854397,80337,1025,1482,17159,
257.5234818424011,80337,1024,1483,17159,
257.52501495994085,80337,1024,1482,17160,
257.5261838427174,80337,1024,1481,17161,
257.529590701082,80336,1025,1481,17161,
257.52976325587537,80335,1026,1481,17161,
257.5317790193743,80334,1027,1481,17161,
257.532663063796,80334,1027,1480,17162,
257.5372894686149,80334,1026,1481,17162,
257.53923830025326,80334,1026,1480,17163,
257.53964428326685,80334,1025,1481,17163,
257.5428934064332,80333,1026,1481,17163,
257.5446112652456,80332,1027,1481,17163,
257.5540259213083,80332,1027,1480,17164,
257.55513497077493,80332,1027,1479,17165,
257.556358194191,80332,1026,1480,17165,
257.557461173613,80332,1026,1479,17166,
257.5587053462494,80332,1025,1480,17166,
257.55876732129315,80332,1024,1481,17166,
257.55929696309,80332,1023,1482,17166,
257.561078289739,80332,1023,1481,17167,
257.561512692981,80332,1022,1482,17167,
257.56465258400095,80332,1021,1483,17167,
257.56796896568454,80332,1021,1482,17168,
257.56871483698365,80332,1020,1483,17168,
257.57026123373106,80332,1019,1484,17168,
257.5714034686616,80331,1020,1484,17168,
257.57288239464066,80331,1019,1485,17168,
257.5734822745768,80331,1018,1486,17168,
257.5734860295994,80331,1017,1487,17168,
257.5789541050781,80331,1016,1488,17168,
257.5797496814734,80331,1016,1487,17169,
257.58209727407257,80331,1015,1488,17169,
257.5830321608429,80331,1015,1487,17170,
257.5841036244887,80331,1014,1488,17170,
257.58570660506103,80330,1015,1488,17170,
257.58963808039744,80330,1014,1489,17170,
257.59102207936564,80329,1015,1489,17170,
257.5955387800615,80329,1014,1490,17170,
257.5955676267376,80329,1013,1491,17170,
257.59762680564944,80329,1012,1492,17170,
257.59954169823754,80329,1011,1493,17170,
257.6013100314719,80328,1012,1493,17170,
257.60459119912656,80327,1013,1493,17170,
257.60842685656957,80327,1012,1494,17170,
257.60971560499183,80327,1011,1495,17170,
257.61480969382507,80327,1011,1494,17171,
257.61638499283833,80326,1012,1494,17171,
257.6176142485492,80326,1012,1493,17172,
257.61772550823713,80326,1011,1494,17172,
257.61786060747045,80326,1010,1495,17172,
257.61910669771214,80325,1011,1495,17172,
257.6201840931515,80324,1012,1495,17172,
257.6219007820872,80323,1013,1495,17172,
257.6284889111741,80323,1012,1496,17172,
257.62912684454056,80323,1012,1495,17173,
257.63283369600805,80323,1012,1494,17174,
257.63310784808465,80323,1012,1493,17175,
257.63562785028955,80323,1011,1494,17175,
257.63630037676,80323,1010,1495,17175,
257.6396544623347,80322,1011,1495,17175,
257.6403731929016,80322,1010,1496,17175,
257.6408527220268,80322,1009,1497,17175,
257.6410987292827,80322,1008,1498,17175,
257.6426657342188,80321,1009,1498,17175,
257.64365767194465,80321,1009,1497,17176,
257.6453472759006,80321,1008,1498,17176,
257.64559283380817,80321,1008,1497,17177,
257.64827993334825,80320,1009,1497,17177,
257.6501078325227,80319,1010,1497,17177,
257.65074942182133,80319,1009,1498,17177,
257.6548652861942,80319,1009,1497,17178,
257.65541852060494,80319,1008,1498,17178,
257.6555086278488,80318,1009,1498,17178,
257.65711069422383,80318,1009,1497,17179,
257.6576523435135,80317,1010,1497,17179,
257.6578935468401,80317,1010,1496,17180,
257.6633593074483,80316,1011,1496,17180,
257.66419035996944,80316,1010,1497,17180,
257.66475900286406,80316,1010,1496,17181,
257.6658577457886,80316,1010,1495,17182,
257.6663781165112,80315,1011,1495,17182,
257.66995263804455,80315,1010,1496,17182,
257.6709215008344,80314,1011,1496,17182,
257.676323823933,80313,1012,1496,17182,
257.67660924216574,80312,1013,1496,17182,
257.6789751038835,80312,1012,1497,17182,
257.6794901874466,80312,1012,1496,17183,
257.6831463359707,80312,1012,1495,17184,
257.68404348001474,80312,1012,1494,17185,
257.6854805931555,80312,1012,1493,17186,
257.6871095720636,80311,1013,1493,17186,
257.6875496410278,80311,1013,1492,17187,
257.69123231224665,80311,1012,1493,17187,
257.6943931720412,80311,1012,1492,17188,
257.69512255935257,80310,1013,1492,17188,
257.69715838447985,80309,1014,1492,17188,
257.6986888639158,80308,1015,1492,17188,
257.6996073837496,80308,1015,1491,17189,
257.69961628872096,80308,1014,1492,17189,
257.69983277453304,80308,1013,1493,17189,
257.7037356084827,80308,1013,1492,17190,
257.70688631837487,80308,1013,1491,17191,
257.7089180563618,80308,1012,1492,17191,
257.7089509505823,80308,1011,1493,17191,
257.7093374623107,80308,1011,1492,17192,
257.7174451337279,80308,1011,1491,17193,
257.71782435046237,80308,1010,1492,17193,
257.720952691899,80308,1010,1491,17194,
257.721275481301,80308,1009,1492,17194,
257.72177143042535,80308,1008,1493,17194,
257.72229330488364,80308,1007,1494,17194,
257.7237701343283,80308,1007,1493,17195,
257.7239118270177,80307,1008,1493,17195,
257.72628908592054,80306,1009,1493,17195,
257.72978890505306,80305,1010,1493,17195,
257.7323739146095,80305,1009,1494,17195,
257.7324765409123,80305,1008,1495,17195,
257.73354171546686,80305,1007,1496,17195,
257.73454428209266,80305,1006,1497,17195,
257.7355254481501,80304,1007,1497,17195,
257.73718340315804,80304,1007,1496,17196,
257.73720182673605,80304,1006,1497,17196,
257.737683231997,80303,1007,1497,17196,
257.73910364211457,80302,1008,1497,17196,
257.74000896586466,80302,1008,1496,17197,
257.74157712931947,80302,1007,1497,17197,
257.74176266184793,80301,1008,1497,17197,
257.7428447349374,80301,1007,1498,17197,
257.74325672723864,80301,1006,1499,17197,
257.7438505660401,80301,1005,1500,17197,
257.7468625376803,80300,1006,1500,17197,
257.74764309501677,80299,1007,1500,17197,
257.7481557841509,80299,1006,1501,17197,
257.7484404861343,80298,1007,1501,17197,
257.74916927602453,80297,1008,1501,17197,
257.75096673809765,80297,1007,1502,17197,
257.7528868321197,80296,1008,1502,17197,
257.75489042551015,80295,1009,1502,17197,
257.75755059885415,80295,1009,1501,17198,
257.7579978517061,80294,1010,1501,17198,
257.76576095121834,80294,1010,1500,17199,
257.76596251866323,80294,1009,1501,17199,
257.76683900265454,80293,1010,1501,17199,
257.77078380659634,80293,1009,1502,17199,
257.77083897663937,80292,1010,1502,17199,
257.7709683828269,80291,1011,1502,17199,
257.7714478159198,80290,1012,1502,17199,
257.7737517775502,80289,1013,1502,17199,
257.7758286508371,80289,1013,1501,17200,
257.77674539495797,80288,1014,1501,17200,
257.77870719932764,80288,1014,1500,17201,
257.7799511689045,80287,1015,1500,17201,
257.780807943727,80287,1014,1501,17201,
257.7828096405002,80287,1013,1502,17201,
257.7860601541438,80287,1013,1501,17202,
257.7892000674624,80287,1012,1502,17202,
257.7918319391838,80287,1012,1501,17203,
257.7930498294018,80286,1013,1501,17203,
257.7933114331131,80286,1013,1500,17204,
257.793523227847,80286,1012,1501,17204,
257.7942895790843,80285,1013,1501,17204,
257.7955366903614,80284,1014,1501,17204,
257.79572906639527,80284,1014,1500,17205,
257.7971336196335,80283,1015,1500,17205,
257.8008175586698,80283,1015,1499,17206,
257.80692108476245,80282,1016,1499,17206,
257.8087128508913,80282,1015,1500,17206,
257.8108915562181,80281,1016,1500,17206,
257.8109120867836,80281,1016,1499,17207,
257.8156786949225,80280,1017,1499,17207,
257.81790882917846,80279,1018,1499,17207,
257.82019727179033,80279,1017,1500,17207,
257.8212933356711,80279,1017,1499,17208,
257.82315133179213,80279,1016,1500,17208,
257.823370854534,80278,1017,1500,17208,
257.82390126188386,80277,1018,1500,17208,
257.8240533363775,80276,1019,1500,17208,
257.8252688047813,80275,1020,1500,17208,
257.82536538804817,80275,1020,1499,17209,
257.8277558572953,80274,1021,1499,17209,
257.8317479520585,80274,1020,1500,17209,
257.8321340694973,80273,1021,1500,17209,
257.83349508895554,80272,1022,1500,17209,
257.83442210728214,80271,1023,1500,17209,
257.8351444434001,80270,1024,1500,17209,
257.83523400027866,80269,1025,1500,17209,
257.83805763584076,80269,1025,1499,17210,
257.8382810457434,80268,1026,1499,17210,
257.8387311789533,80267,1027,1499,17210,
257.83887262730394,80266,1028,1499,17210,
257.8416699941924,80265,1029,1499,17210,
257.842738292005,80264,1030,1499,17210,
257.8428088371861,80264,1029,1500,17210,
257.84292238311497,80263,1030,1500,17210,
257.84356498691375,80263,1029,1501,17210,
257.84495031215533,80263,1029,1500,17211,
257.84565299688865,80262,1030,1500,17211,
257.8459560124362,80261,1031,1500,17211,
257.8500194652952,80260,1032,1500,17211,
257.85127084835347,80260,1031,1501,17211,
257.85129657122565,80260,1030,1502,17211,
257.8557005153177,80260,1029,1503,17211,
257.8566132578575,80259,1030,1503,17211,
257.85809813711745,80259,1030,1502,17212,
257.86022960729076,80258,1031,1502,17212,
257.8638884220282,80257,1032,1502,17212,
257.86755968014165,80257,1031,1503,17212,
257.8677120023755,80256,1032,1503,17212,
257.8681896031666,80256,1032,1502,17213,
257.86843929213916,80256,1031,1503,17213,
257.8686506051031,80255,1032,1503,17213,
257.8687795585212,80255,1031,1504,17213,
257.8693273599051,80254,1032,1504,17213,
257.8701981563592,80254,1032,1503,17214,
257.8765294664296,80253,1033,1503,17214,
257.87695455107223,80253,1033,1502,17215,
257.8775080943265,80252,1034,1502,17215,
257.8781373575524,80251,1035,1502,17215,
257.8808143868894,80250,1036,1502,17215,
257.8815686481825,80250,1035,1503,17215,
257.88446563870605,80250,1035,1502,17216,
257.8877286590913,80250,1035,1501,17217,
257.8888788719909,80249,1036,1501,17217,
257.8909848106535,80248,1037,1501,17217,
257.89112004841706,80248,1036,1502,17217,
257.8919033253392,80248,1036,1501,17218,
257.8935003476707,80248,1035,1502,17218,
257.8947948471076,80248,1034,1503,17218,
257.89565221887966,80247,1035,1503,17218,
257.8968634223264,80246,1036,1503,17218,
257.89796009649183,80245,1037,1503,17218,
257.9014611138996,80244,1038,1503,17218,
257.9015723646776,80244,1037,1504,17218,
257.90695144664323,80244,1037,1503,17219,
257.9081160960994,80244,1036,1504,17219,
257.9134577651794,80243,1037,1504,17219,
257.91424052448207,80243,1036,1505,17219,
257.9170036563371,80242,1037,1505,17219,
257.9195083814419,80242,1037,1504,17220,
257.92126623953976,80242,1037,1503,17221,
257.9216228023901,80242,1036,1504,17221,
257.922420183781,80241,1037,1504,17221,
257.925175059617,80241,1036,1505,17221,
257.9292149187422,80241,1035,1506,17221,
257.9328550319511,80240,1036,1506,17221,
257.93297395605885,80240,1035,1507,17221,
257.93371369954184,80240,1034,1508,17221,
257.9344234052436,80239,1035,1508,17221,
257.93536764003625,80239,1035,1507,17222,
257.93656444148246,80238,1036,1507,17222,
257.94106549686694,80238,1035,1508,17222,
257.94293959076793,80238,1035,1507,17223,
257.94461546904347,80238,1035,1506,17224,
257.94515162182137,80237,1036,1506,17224,
257.9455168563355,80237,1036,1505,17225,
257.94632358291426,80237,1036,1504,17226,
257.9477538674209,80237,1035,1505,17226,
257.95174087009724,80236,1036,1505,17226,
257.9519882329329,80236,1035,1506,17226,
257.9532021140826,80235,1036,1506,17226,
257.96115316135837,80234,1037,1506,17226,
257.9628025450452,80233,1038,1506,17226,
257.965077209263,80233,1037,1507,17226,
257.9653559623419,80232,1038,1507,17226,
257.96857319187427,80232,1037,1508,17226,
257.97181764991444,80232,1036,1509,17226,
257.97202225947314,80232,1036,1508,17227,
257.9781403020908,80231,1037,1508,17227,
257.9806532791014,80230,1038,1508,17227,
257.9807194739777,80230,1038,1507,17228,
257.9813829077385,80230,1037,1508,17228,
257.9844464058479,80229,1038,1508,17228,
257.9847250661127,80228,1039,1508,17228,
257.9900181903025,80228,1039,1507,17229,
257.9901333149781,80227,1040,1507,17229,
257.99162983424196,80227,1039,1508,17229,
257.9936399020748,80226,1040,1508,17229,
257.99371909408006,80226,1039,1509,17229,
257.99434114543436,80225,1040,1509,17229,
257.9952646988205,80225,1040,1508,17230,
257.9958451925551,80224,1041,1508,17230,
257.9974186582278,80224,1041,1507,17231,
257.9993079901313,80224,1041,1506,17232,
258.00228274500915,80223,1042,1506,17232,
258.0040754062156,80222,1043,1506,17232,
258.0043715763296,80222,1042,1507,17232,
258.00467309018615,80222,1041,1508,17232,
258.0060888629848,80221,1042,1508,17232,
258.0075237822555,80220,1043,1508,17232,
258.0106022659611,80220,1042,1509,17232,
258.0143373316261,80220,1041,1510,17232,
258.01731239809743,80219,1042,1510,17232,
258.01925273402554,80219,1041,1511,17232,
258.01926465826784,80219,1040,1512,17232,
258.02098715126704,80218,1041,1512,17232,
258.02165755340894,80217,1042,1512,17232,
258.0248209486397,80216,1043,1512,17232,
258.02821022582646,80215,1044,1512,17232,
258.03099847882885,80215,1044,1511,17233,
258.03470500142015,80215,1043,1512,17233,
258.03684660016387,80215,1042,1513,17233,
258.0377851650684,80215,1042,1512,17234,
258.03905467452836,80214,1043,1512,17234,
258.0395601527054,80214,1043,1511,17235,
258.04170133820884,80214,1043,1510,17236,
258.04243265295764,80213,1044,1510,17236,
258.0430958510469,80212,1045,1510,17236,
258.04643435066305,80212,1044,1511,17236,
258.0477319934443,80211,1045,1511,17236,
258.05022828068354,80210,1046,1511,17236,
258.05045169693574,80210,1045,1512,17236,
258.05056350867017,80210,1044,1513,17236,
258.05400860284607,80209,1045,1513,17236,
258.05443107189984,80208,1046,1513,17236,
258.0565239564052,80208,1046,1512,17237,
258.0575859641949,80208,1045,1513,17237,
258.0581630004722,80208,1045,1512,17238,
258.06254911967034,80208,1045,1511,17239,
258.06660760821137,80208,1045,1510,17240,
258.069819934226,80207,1046,1510,17240,
258.07009245212225,80207,1045,1511,17240,
258.07037716888556,80206,1046,1511,17240,
258.0743681318654,80205,1047,1511,17240,
258.0760932110898,80205,1047,1510,17241,
258.07901824137076,80204,1048,1510,17241,
258.08120114160386,80204,1048,1509,17242,
258.08359375483434,80203,1049,1509,17242,
258.0837923897543,80203,1049,1508,17243,
258.08599166920646,80203,1049,1507,17244,
258.08764880884166,80203,1048,1508,17244,
258.08855304006494,80202,1049,1508,17244,
258.08880143154187,80201,1050,1508,17244,
258.08905909205987,80201,1050,1507,17245,
258.0912289695751,80201,1050,1506,17246,
258.0919370253701,80201,1050,1505,17247,
258.09438332022904,80201,1049,1506,17247,
258.09943073502376,80201,1048,1507,17247,
258.09953985922607,80200,1049,1507,17247,
258.1044729962025,80200,1049,1506,17248,
258.1045319857573,80199,1050,1506,17248,
258.1093354120864,80199,1050,1505,17249,
258.11564928606225,80198,1051,1505,17249,
258.11770184170035,80198,1051,1504,17250,
258.11857832983605,80198,1050,1505,17250,
258.1186887309475,80198,1049,1506,17250,
258.12096292811253,80198,1049,1505,17251,
258.1234584858145,80198,1048,1506,17251,
258.127158808212,80198,1048,1505,17252,
258.12915370197584,80198,1048,1504,17253,
258.12925413618467,80197,1049,1504,17253,
258.1301109293179,80197,1048,1505,17253,
258.1303575785166,80196,1049,1505,17253,
258.1305038745833,80196,1048,1506,17253,
258.1307581453385,80196,1047,1507,17253,
258.1320752708921,80195,1048,1507,17253,
258.13412787209535,80194,1049,1507,17253,
258.13518432576114,80194,1048,1508,17253,
258.1356094098942,80194,1048,1507,17254,
258.13820265448686,80194,1048,1506,17255,
258.1392674157038,80194,1047,1507,17255,
258.14122834061504,80194,1047,1506,17256,
258.1428990108258,80194,1046,1507,17256,
258.14338921029207,80193,1047,1507,17256,
258.14857591163104,80193,1046,1508,17256,
258.14877374139394,80193,1045,1509,17256,
258.1492595392703,80192,1046,1509,17256,
258.1517897305388,80192,1046,1508,17257,
258.1549025697441,80191,1047,1508,17257,
258.1569277611334,80190,1048,1508,17257,
258.1569638395152,80190,1048,1507,17258,
258.1580747686304,80189,1049,1507,17258,
258.15877260443386,80189,1048,1508,17258,
258.160606764037,80188,1049,1508,17258,
258.16319631183563,80188,1048,1509,17258,
258.1687677553509,80188,1048,1508,17259,
258.1705746692153,80188,1047,1509,17259,
258.17366330176884,80187,1048,1509,17259,
258.1759879724562,80187,1047,1510,17259,
258.1763626317907,80186,1048,1510,17259,
258.1770123120837,80185,1049,1510,17259,
258.1775722545396,80185,1049,1509,17260,
258.1784651913718,80184,1050,1509,17260,
258.17893628745236,80184,1049,1510,17260,
258.1834939601589,80183,1050,1510,17260,
258.18416492445704,80183,1049,1511,17260,
258.18416719873323,80182,1050,1511,17260,
258.184191056601,80182,1049,1512,17260,
258.1851877660177,80181,1050,1512,17260,
258.1860599114635,80181,1049,1513,17260,
258.1891557188476,80181,1049,1512,17261,
258.19195537436354,80181,1048,1513,17261,
258.19616771856994,80180,1049,1513,17261,
258.19748888336784,80179,1050,1513,17261,
258.19761869071505,80179,1050,1512,17262,
258.19780198217,80178,1051,1512,17262,
258.19939773430866,80177,1052,1512,17262,
258.20004364489193,80177,1052,1511,17263,
258.20056416843886,80176,1053,1511,17263,
258.2026600111799,80176,1053,1510,17264,
258.2043419126641,80175,1054,1510,17264,
258.2045306455539,80175,1054,1509,17265,
258.20573083299286,80174,1055,1509,17265,
258.2061149558298,80174,1055,1508,17266,
258.20809367235523,80174,1055,1507,17267,
258.20825746995223,80174,1055,1506,17268,
258.2091005664727,80173,1056,1506,17268,
258.2101744313021,80173,1055,1507,17268,
258.21411750704857,80173,1055,1506,17269,
258.21506010586927,80173,1055,1505,17270,
258.2153243564281,80172,1056,1505,17270,
258.21601204680644,80171,1057,1505,17270,
258.22116117826045,80171,1056,1506,17270,
258.2226059240229,80171,1056,1505,17271,
258.22527885924626,80171,1056,1504,17272,
258.2281696706799,80170,1057,1504,17272,
258.2284799861907,80169,1058,1504,17272,
258.23271683427174,80169,1057,1505,17272,
258.2388253425095,80169,1056,1506,17272,
258.24119138537156,80169,1055,1507,17272,
258.24320497365966,80169,1055,1506,17273,
258.2458822189715,80168,1056,1506,17273,
258.24622257160854,80168,1055,1507,17273,
258.24648031138656,80168,1054,1508,17273,
258.24784322305175,80168,1053,1509,17273,
258.24791085991365,80168,1052,1510,17273,
258.2480466011393,80167,1053,1510,17273,
258.2547534100324,80167,1052,1511,17273,
258.255265281094,80167,1051,1512,17273,
258.2571001782643,80167,1050,1513,17273,
258.25831503645225,80166,1051,1513,17273,
258.26070700635125,80166,1050,1514,17273,
258.2616683482123,80165,1051,1514,17273,
258.2651099464345,80164,1052,1514,17273,
258.2664796325615,80164,1052,1513,17274,
258.26699893135316,80164,1052,1512,17275,
258.26839776810164,80164,1051,1513,17275,
258.2692745673277,80164,1050,1514,17275,
258.2719356849482,80164,1050,1513,17276,
258.27277905695945,80164,1049,1514,17276,
258.2752984982712,80163,1050,1514,17276,
258.27540712700164,80163,1050,1513,17277,
258.2781392881915,80163,1050,1512,17278,
258.2792240241009,80163,1050,1511,17279,
258.2796134847674,80162,1051,1511,17279,
258.28375851135905,80161,1052,1511,17279,
258.2878482110252,80160,1053,1511,17279,
258.2882259290826,80160,1053,1510,17280,
258.289011572833,80160,1053,1509,17281,
258.29566644319925,80160,1052,1510,17281,
258.29646804300666,80159,1053,1510,17281,
258.2974399674389,80159,1052,1511,17281,
258.29879017422104,80159,1051,1512,17281,
258.29968802047466,80159,1051,1511,17282,
258.3023389042885,80159,1050,1512,17282,
258.3028930438488,80158,1051,1512,17282,
258.30308412855453,80158,1051,1511,17283,
258.30600913203534,80158,1050,1512,17283,
258.3065498365885,80157,1051,1512,17283,
258.3075613263026,80156,1052,1512,17283,
258.308237034704,80156,1051,1513,17283,
258.3083709578841,80156,1050,1514,17283,
258.3125728888382,80155,1051,1514,17283,
258.3134388185826,80155,1051,1513,17284,
258.31361503897836,80155,1050,1514,17284,
258.31434597117254,80155,1049,1515,17284,
258.31877421714887,80155,1049,1514,17285,
258.3194071655106,80154,1050,1514,17285,
258.3211755438116,80154,1050,1513,17286,
258.32255795815297,80153,1051,1513,17286,
258.32278637527793,80153,1051,1512,17287,
258.32287858806603,80153,1051,1511,17288,
258.323944263714,80153,1050,1512,17288,
258.3292176481242,80153,1050,1511,17289,
258.32973524768676,80153,1049,1512,17289,
258.33037185316533,80153,1048,1513,17289,
258.3310393777768,80153,1047,1514,17289,
258.3319554676706,80152,1048,1514,17289,
258.33197924577627,80152,1048,1513,17290,
258.3354472847601,80151,1049,1513,17290,
258.33864215205404,80150,1050,1513,17290,
258.33928806956175,80150,1049,1514,17290,
258.3397473126791,80150,1049,1513,17291,
258.3400715077028,80150,1048,1514,17291,
258.34223887425037,80150,1047,1515,17291,
258.3459285904418,80150,1046,1516,17291,
258.3480981698547,80149,1047,1516,17291,
258.352877792344,80149,1046,1517,17291,
258.3541979769601,80148,1047,1517,17291,
258.35688225938384,80147,1048,1517,17291,
258.35712354833436,80147,1047,1518,17291,
258.3573169401972,80147,1046,1519,17291,
258.35866232698817,80146,1047,1519,17291,
258.3603075827015,80145,1048,1519,17291,
258.36501352019604,80145,1048,1518,17292,
258.3655267510199,80144,1049,1518,17292,
258.36555399614394,80143,1050,1518,17292,
258.36576005495493,80142,1051,1518,17292,
258.3677843914267,80142,1051,1517,17293,
258.3683492860336,80141,1052,1517,17293,
258.3684149000382,80140,1053,1517,17293,
258.3688107560722,80140,1052,1518,17293,
258.3715479696736,80139,1053,1518,17293,
258.3727190249312,80139,1052,1519,17293,
258.37341589172064,80139,1052,1518,17294,
258.3735582498212,80139,1051,1519,17294,
258.37475142492514,80139,1051,1518,17295,
258.37569534255584,80139,1050,1519,17295,
258.3788650518361,80139,1049,1520,17295,
258.37893198594924,80139,1048,1521,17295,
258.38474322494096,80139,1048,1520,17296,
258.3868795979831,80138,1049,1520,17296,
258.38839519311665,80138,1049,1519,17297,
258.3898516030249,80138,1048,1520,17297,
258.3909662138607,80138,1047,1521,17297,
258.3922724799143,80137,1048,1521,17297,
258.39391586918765,80137,1047,1522,17297,
258.39474111539505,80137,1046,1523,17297,
258.39564050469517,80137,1045,1524,17297,
258.3960381449501,80137,1044,1525,17297,
258.3968065815964,80136,1045,1525,17297,
258.3969869661598,80136,1045,1524,17298,
258.399210974686,80135,1046,1524,17298,
258.4021788650962,80135,1045,1525,17298,
258.40229462486747,80135,1045,1524,17299,
258.40309911627327,80135,1044,1525,17299,
258.4037731940548,80135,1043,1526,17299,
258.4091613449961,80135,1042,1527,17299,
258.41041596605606,80135,1042,1526,17300,
258.4128718659182,80135,1042,1525,17301,
258.4155156300386,80135,1041,1526,17301,
258.4155953128175,80135,1040,1527,17301,
258.41585493255303,80135,1039,1528,17301,
258.4173387795602,80134,1040,1528,17301,
258.4175417965532,80134,1039,1529,17301,
258.41828434947865,80134,1038,1530,17301,
258.418534660206,80134,1037,1531,17301,
258.4217019787153,80134,1037,1530,17302,
258.4225790776064,80134,1036,1531,17302,
258.4244150889453,80134,1035,1532,17302,
258.4244260628034,80133,1036,1532,17302,
258.4276127308906,80133,1035,1533,17302,
258.4277830230074,80133,1035,1532,17303,
258.4294244608743,80132,1036,1532,17303,
258.4309561114066,80132,1035,1533,17303,
258.4319360379309,80131,1036,1533,17303,
258.4328298058265,80130,1037,1533,17303,
258.4341641986472,80130,1037,1532,17304,
258.43525755367875,80130,1037,1531,17305,
258.43588070421265,80130,1037,1530,17306,
258.43621120176294,80129,1038,1530,17306,
258.4372249964029,80128,1039,1530,17306,
258.44030314698455,80127,1040,1530,17306,
258.44098812130136,80127,1039,1531,17306,
258.44148940507046,80127,1038,1532,17306,
258.44155486477536,80127,1038,1531,17307,
258.4454162881735,80127,1037,1532,17307,
258.4458305474506,80126,1038,1532,17307,
258.4465333980572,80126,1038,1531,17308,
258.44656184595357,80125,1039,1531,17308,
258.44719941369016,80125,1038,1532,17308,
258.4479897710087,80125,1038,1531,17309,
258.45354543884997,80125,1038,1530,17310,
258.4546503859756,80125,1038,1529,17311,
258.4566148006601,80125,1037,1530,17311,
258.45770646837775,80125,1037,1529,17312,
258.4589390772537,80125,1036,1530,17312,
258.4601957355289,80125,1036,1529,17313,
258.46028491879963,80125,1036,1528,17314,
258.4603017040878,80125,1035,1529,17314,
258.46059551651416,80125,1034,1530,17314,
258.4631355082029,80124,1035,1530,17314,
258.46674910841125,80124,1034,1531,17314,
258.46708804133243,80124,1033,1532,17314,
258.4676930235275,80123,1034,1532,17314,
258.4679426906605,80122,1035,1532,17314,
258.4717647098912,80122,1035,1531,17315,
258.47201253814086,80122,1035,1530,17316,
258.47217537517497,80121,1036,1530,17316,
258.4749608030536,80121,1036,1529,17317,
258.4752707663811,80120,1037,1529,17317,
258.4754781456813,80120,1036,1530,17317,
258.47874568513555,80120,1036,1529,17318,
258.48418512078797,80120,1036,1528,17319,
258.4852131084036,80120,1035,1529,17319,
258.4877522853204,80119,1036,1529,17319,
258.4910051466046,80118,1037,1529,17319,
258.4915596886832,80117,1038,1529,17319,
258.49251971178484,80116,1039,1529,17319,
258.49448106159446,80116,1039,1528,17320,
258.49731752435343,80116,1038,1529,17320,
258.4981574423412,80116,1037,1530,17320,
258.4988775418854,80115,1038,1530,17320,
258.5018261494731,80114,1039,1530,17320,
258.5022060144282,80113,1040,1530,17320,
258.50552392477783,80112,1041,1530,17320,
258.50834453426813,80112,1040,1531,17320,
258.51254270296846,80112,1039,1532,17320,
258.51288631404515,80112,1039,1531,17321,
258.51501325234443,80112,1038,1532,17321,
258.5188945989182,80112,1037,1533,17321,
258.5216103821041,80112,1037,1532,17322,
258.5217198468777,80111,1038,1532,17322,
258.5238954377472,80110,1039,1532,17322,
258.5241099654163,80109,1040,1532,17322,
258.5250699369739,80109,1040,1531,17323,
258.5252129905901,80109,1039,1532,17323,
258.527345597556,80109,1039,1531,17324,
258.5277144317049,80109,1039,1530,17325,
258.52798457685674,80109,1038,1531,17325,
258.52864196413157,80109,1037,1532,17325,
258.5302011135959,80109,1037,1531,17326,
258.53048790350255,80109,1037,1530,17327,
258.5341632436599,80109,1036,1531,17327,
258.5363702660799,80109,1036,1530,17328,
258.5369181413492,80109,1035,1531,17328,
258.53742038558954,80108,1036,1531,17328,
258.5377282478667,80108,1035,1532,17328,
258.53898923792116,80108,1035,1531,17329,
258.5390578290695,80108,1034,1532,17329,
258.5400095806794,80108,1034,1531,17330,
258.5417109281497,80107,1035,1531,17330,
258.5449037249368,80106,1036,1531,17330,
258.5462989943705,80106,1036,1530,17331,
258.5469371388364,80106,1035,1531,17331,
258.5470341738396,80105,1036,1531,17331,
258.5483033784915,80105,1036,1530,17332,
258.54940785423355,80105,1036,1529,17333,
258.5506388609308,80104,1037,1529,17333,
258.5514733044033,80104,1037,1528,17334,
258.55179825550044,80104,1037,1527,17335,
258.5526702071933,80103,1038,1527,17335,
258.554413436299,80103,1037,1528,17335,
258.55463019175147,80103,1036,1529,17335,
258.5557018006646,80103,1036,1528,17336,
258.55578369084895,80102,1037,1528,17336,
258.55851949964,80102,1037,1527,17337,
258.5591585778829,80102,1036,1528,17337,
258.5595464670184,80102,1035,1529,17337,
258.5602161236005,80102,1035,1528,17338,
258.561013861737,80101,1036,1528,17338,
258.5621001631859,80101,1035,1529,17338,
258.5643467956967,80101,1034,1530,17338,
258.5660917145786,80100,1035,1530,17338,
258.56841612305044,80100,1034,1531,17338,
258.5694471789092,80100,1033,1532,17338,
258.5694913497852,80100,1032,1533,17338,
258.56986003492557,80100,1031,1534,17338,
258.57229141570957,80099,1032,1534,17338,
258.5727459769834,80099,1032,1533,17339,
258.5733398759719,80099,1032,1532,17340,
258.57458626086986,80098,1033,1532,17340,
258.5752028610876,80097,1034,1532,17340,
258.5774257494635,80096,1035,1532,17340,
258.57805115568397,80096,1034,1533,17340,
258.57955917532945,80096,1034,1532,17341,
258.58014966127297,80096,1033,1533,17341,
258.5819596391587,80096,1033,1532,17342,
258.58370635020884,80095,1034,1532,17342,
258.58788618826804,80095,1033,1533,17342,
258.58814304441177,80094,1034,1533,17342,
258.58989991538624,80093,1035,1533,17342,
258.59233876619277,80092,1036,1533,17342,
258.60082288667763,80091,1037,1533,17342,
258.6011870978573,80090,1038,1533,17342,
258.6057604018418,80089,1039,1533,17342,
258.60604939833274,80089,1039,1532,17343,
258.6065409985221,80089,1039,1531,17344,
258.6090160904448,80089,1038,1532,17344,
258.60961880023075,80088,1039,1532,17344,
258.6130409391061,80088,1039,1531,17345,
258.6154316648388,80088,1039,1530,17346,
258.61573375926605,80088,1039,1529,17347,
258.6203863789038,80088,1038,1530,17347,
258.62188504877685,80088,1037,1531,17347,
258.6223100119875,80088,1036,1532,17347,
258.62269699757405,80087,1037,1532,17347,
258.6234069626624,80087,1037,1531,17348,
258.6261271113332,80086,1038,1531,17348,
258.62613488440485,80085,1039,1531,17348,
258.62683448743076,80085,1038,1532,17348,
258.6295432656113,80085,1037,1533,17348,
258.63047265466514,80084,1038,1533,17348,
258.6331894271685,80084,1038,1532,17349,
258.63326459806024,80084,1037,1533,17349,
258.63338619941277,80084,1037,1532,17350,
258.63950428701764,80083,1038,1532,17350,
258.64146943663656,80082,1039,1532,17350,
258.64156230403216,80082,1039,1531,17351,
258.6422415205881,80082,1039,1530,17352,
258.64896975783796,80082,1038,1531,17352,
258.65096004628873,80082,1038,1530,17353,
258.65247006525715,80081,1039,1530,17353,
258.6540456475839,80081,1039,1529,17354,
258.65533043018036,80081,1039,1528,17355,
258.6556808091886,80080,1040,1528,17355,
258.6579135916859,80080,1039,1529,17355,
258.65936275910946,80080,1038,1530,17355,
258.659690778021,80080,1037,1531,17355,
258.66054862356975,80079,1038,1531,17355,
258.66427362734476,80078,1039,1531,17355,
258.66528076680703,80078,1038,1532,17355,
258.66535452942145,80078,1038,1531,17356,
258.66613730652824,80078,1037,1532,17356,
258.66896593526235,80078,1036,1533,17356,
258.6696673635805,80077,1037,1533,17356,
258.6711335119951,80077,1037,1532,17357,
258.6760783511177,80077,1036,1533,17357,
258.6786834852491,80076,1037,1533,17357,
258.68257624070236,80076,1037,1532,17358,
258.6847363543068,80075,1038,1532,17358,
258.685741435157,80074,1039,1532,17358,
258.69247256764197,80074,1039,1531,17359,
258.69607523182447,80074,1038,1532,17359,
258.6976677307554,80074,1038,1531,17360,
258.69810366492794,80074,1037,1532,17360,
258.69832856883005,80074,1036,1533,17360,
258.7057743864698,80073,1037,1533,17360,
258.70736983440275,80073,1037,1532,17361,
258.7087888388845,80072,1038,1532,17361,
258.70957992032896,80072,1037,1533,17361,
258.7101405688632,80071,1038,1533,17361,
258.71144242589867,80071,1037,1534,17361,
258.71347287426255,80071,1036,1535,17361,
258.71349449607476,80071,1035,1536,17361,
258.7153482760655,80071,1034,1537,17361,
258.7165866360605,80070,1035,1537,17361,
258.72029178814176,80070,1035,1536,17362,
258.7212735382564,80070,1035,1535,17363,
258.7225280156983,80069,1036,1535,17363,
258.7256124323648,80068,1037,1535,17363,
258.7277024076643,80068,1036,1536,17363,
258.7292178023038,80068,1035,1537,17363,
258.73227984783307,80068,1035,1536,17364,
258.73286781364095,80067,1036,1536,17364,
258.7333808820547,80066,1037,1536,17364,
258.73356244235487,80066,1036,1537,17364,
258.7342189173537,80066,1036,1536,17365,
258.7345529161711,80065,1037,1536,17365,
258.73466448369885,80065,1037,1535,17366,
258.736194342351,80065,1036,1536,17366,
258.7363876082334,80065,1035,1537,17366,
258.7373605639862,80065,1035,1536,17367,
258.73781365472735,80065,1035,1535,17368,
258.7395795574066,80065,1034,1536,17368,
258.7416057970797,80065,1034,1535,17369,
258.74331243111493,80065,1033,1536,17369,
258.7434306186412,80065,1033,1535,17370,
258.7451796932381,80065,1032,1536,17370,
258.7479184021502,80065,1032,1535,17371,
258.74825551534633,80064,1033,1535,17371,
258.7489666206409,80064,1033,1534,17372,
258.7501383226665,80064,1032,1535,17372,
258.750682055524,80063,1033,1535,17372,
258.751381233754,80063,1033,1534,17373,
258.75751121222345,80063,1032,1535,17373,
258.75937593910646,80062,1033,1535,17373,
258.75960827388155,80061,1034,1535,17373,
258.7598634463871,80061,1034,1534,17374,
258.7628108151169,80061,1033,1535,17374,
258.76361251291064,80060,1034,1535,17374,
258.7651721146256,80059,1035,1535,17374,
258.7680175056183,80059,1035,1534,17375,
258.76807688607505,80059,1035,1533,17376,
258.7731787632876,80058,1036,1533,17376,
258.77558359504803,80057,1037,1533,17376,
258.7759436161188,80056,1038,1533,17376,
258.7770040846073,80055,1039,1533,17376,
258.7777848260001,80055,1038,1534,17376,
258.7799280774772,80055,1038,1533,17377,
258.78055314803754,80054,1039,1533,17377,
258.7845585689255,80054,1038,1534,17377,
258.785438978196,80054,1038,1533,17378,
258.78662393666957,80054,1038,1532,17379,
258.7890710136227,80054,1038,1531,17380,
258.78929141536406,80053,1039,1531,17380,
258.795149189128,80053,1038,1532,17380,
258.7954686503009,80053,1038,1531,17381,
258.7960262781279,80053,1037,1532,17381,
258.8009433748923,80053,1036,1533,17381,
258.81156149915057,80053,1035,1534,17381,
258.8142422919597,80053,1034,1535,17381,
258.8155466113118,80052,1035,1535,17381,
258.8165100230476,80052,1035,1534,17382,
258.8247124991948,80052,1035,1533,17383,
258.8249065372237,80052,1034,1534,17383,
258.8257215787081,80051,1035,1534,17383,
258.8269282135929,80050,1036,1534,17383,
258.8274974254619,80049,1037,1534,17383,
258.83012051715787,80049,1037,1533,17384,
258.83383134888743,80048,1038,1533,17384,
258.83477529081244,80048,1037,1534,17384,
258.8355716001561,80047,1038,1534,17384,
258.8397950073381,80046,1039,1534,17384,
258.8404317431137,80046,1039,1533,17385,
258.8430683242731,80045,1040,1533,17385,
258.84570544662637,80045,1040,1532,17386,
258.8474365684289,80044,1041,1532,17386,
258.8482494782665,80044,1040,1533,17386,
258.85142917979346,80044,1040,1532,17387,
258.8519937783392,80044,1039,1533,17387,
258.8531835098952,80043,1040,1533,17387,
258.85372652402606,80042,1041,1533,17387,
258.8589166920667,80042,1041,1532,17388,
258.8594230252074,80042,1040,1533,17388,
258.8599511407869,80041,1041,1533,17388,
258.8605836497713,80041,1040,1534,17388,
258.86228650642556,80041,1039,1535,17388,
258.8645828081939,80040,1040,1535,17388,
258.86515768819294,80040,1039,1536,17388,
258.8656846303868,80040,1039,1535,17389,
258.8679096961553,80040,1038,1536,17389,
258.86823088857267,80039,1039,1536,17389,
258.87036794092535,80038,1040,1536,17389,
258.8758122890847,80038,1039,1537,17389,
258.87747478794756,80038,1038,1538,17389,
258.87823377982227,80037,1039,1538,17389,
258.87841488431457,80037,1038,1539,17389,
258.8805930733735,80036,1039,1539,17389,
258.8809864340546,80035,1040,1539,17389,
258.88142096551064,80035,1040,1538,17390,
258.88216374947115,80035,1040,1537,17391,
258.88453529516704,80034,1041,1537,17391,
258.88557689518746,80034,1040,1538,17391,
258.88724273299994,80034,1039,1539,17391,
258.88796952845803,80034,1038,1540,17391,
258.8903184508511,80034,1038,1539,17392,
258.8908934915504,80034,1038,1538,17393,
258.89206195629026,80033,1039,1538,17393,
258.89631991089044,80033,1039,1537,17394,
258.8978403298515,80033,1039,1536,17395,
258.8988546599229,80032,1040,1536,17395,
258.89927899870287,80032,1039,1537,17395,
258.8994404854926,80032,1039,1536,17396,
258.9011618768149,80031,1040,1536,17396,
258.90132587072316,80031,1039,1537,17396,
258.9019776694401,80030,1040,1537,17396,
258.9019916978509,80030,1040,1536,17397,
258.90416931215697,80029,1041,1536,17397,
258.9050227570053,80029,1041,1535,17398,
258.90976213001767,80029,1040,1536,17398,
258.9118534639314,80029,1040,1535,17399,
258.9121320074948,80028,1041,1535,17399,
258.91386841971143,80028,1041,1534,17400,
258.9169713267252,80027,1042,1534,17400,
258.9211904078984,80026,1043,1534,17400,
258.9237298972843,80026,1043,1533,17401,
258.92979771727585,80026,1043,1532,17402,
258.9322951937839,80025,1044,1532,17402,
258.9338014167893,80024,1045,1532,17402,
258.9340852514574,80024,1045,1531,17403,
258.9367923024441,80023,1046,1531,17403,
258.93755922290967,80022,1047,1531,17403,
258.93990168170194,80021,1048,1531,17403,
258.94314031701236,80020,1049,1531,17403,
258.94415785207684,80020,1049,1530,17404,
258.9445947428042,80019,1050,1530,17404,
258.94812936872984,80019,1050,1529,17405,
258.9486649024818,80018,1051,1529,17405,
258.9502085551129,80018,1050,1530,17405,
258.95073172164297,80018,1049,1531,17405,
258.95990934862465,80017,1050,1531,17405,
258.96241928717586,80016,1051,1531,17405,
258.9624840527834,80015,1052,1531,17405,
258.96340372233755,80015,1052,1530,17406,
258.96403985714704,80014,1053,1530,17406,
258.9660704055193,80014,1053,1529,17407,
258.9694462556943,80014,1053,1528,17408,
258.9727283090895,80013,1054,1528,17408,
258.9750238211661,80013,1054,1527,17409,
258.97604055347523,80013,1054,1526,17410,
258.9780672191684,80013,1054,1525,17411,
258.97892335780085,80012,1055,1525,17411,
258.9800500843774,80011,1056,1525,17411,
258.9808166312507,80011,1056,1524,17412,
258.9810688842667,80010,1057,1524,17412,
258.9812352454952,80010,1056,1525,17412,
258.9813442673107,80009,1057,1525,17412,
258.9816070411899,80008,1058,1525,17412,
258.9817811566967,80008,1057,1526,17412,
258.985487510543,80008,1056,1527,17412,
258.9912863537112,80007,1057,1527,17412,
258.9914810321697,80007,1057,1526,17413,
258.99248419637917,80007,1056,1527,17413,
258.9935116699335,80006,1057,1527,17413,
258.9976536383552,80005,1058,1527,17413,
259.00000958840116,80004,1059,1527,17413,
259.00091953676105,80004,1058,1528,17413,
259.00115420790996,80003,1059,1528,17413,
259.0013484966551,80002,1060,1528,17413,
259.00309064438744,80002,1059,1529,17413,
259.00887951405883,80002,1059,1528,17414,
259.0097641560455,80001,1060,1528,17414,
259.01187797497437,80001,1060,1527,17415,
259.0119774503111,80001,1060,1526,17416,
259.01408538882777,80001,1059,1527,17416,
259.01520587297625,80001,1058,1528,17416,
259.01896421421026,80001,1058,1527,17417,
259.01990115118457,80001,1058,1526,17418,
259.0210769694103,80001,1057,1527,17418,
259.02281512307087,80000,1058,1527,17418,
259.0237164305672,79999,1059,1527,17418,
259.02598332473275,79998,1060,1527,17418,
259.0277879846452,79997,1061,1527,17418,
259.029609194253,79997,1060,1528,17418,
259.0316071752672,79997,1060,1527,17419,
259.0322628907524,79997,1059,1528,17419,
259.0360157873058,79997,1058,1529,17419,
259.03730199065615,79997,1058,1528,17420,
259.04016075001147,79997,1057,1529,17420,
259.04159660363104,79997,1057,1528,17421,
259.04199458175356,79997,1057,1527,17422,
259.0431266904247,79997,1057,1526,17423,
259.0437937323371,79996,1058,1526,17423,
259.04675536167616,79996,1057,1527,17423,
259.0486356826461,79996,1056,1528,17423,
259.0501897450122,79995,1057,1528,17423,
259.0571074314623,79994,1058,1528,17423,
259.05914158823515,79994,1057,1529,17423,
259.0607531412124,79993,1058,1529,17423,
259.0628046203395,79993,1057,1530,17423,
259.0645526900319,79992,1058,1530,17423,
259.06613348063524,79991,1059,1530,17423,
259.0663635696503,79991,1058,1531,17423,
259.071773218027,79990,1059,1531,17423,
259.0753201025163,79989,1060,1531,17423,
259.0755085218285,79989,1059,1532,17423,
259.07642937044506,79988,1060,1532,17423,
259.07687053024176,79988,1059,1533,17423,
259.0776207751738,79988,1058,1534,17423,
259.07832353444854,79988,1058,1533,17424,
259.07841768427636,79988,1057,1534,17424,
259.0792340310571,79987,1058,1534,17424,
259.0806525794476,79987,1057,1535,17424,
259.0817913151817,79987,1057,1534,17425,
259.08304193503636,79987,1057,1533,17426,
259.0832854564916,79986,1058,1533,17426,
259.08564460127013,79985,1059,1533,17426,
259.08848890875043,79985,1059,1532,17427,
259.09045138544207,79985,1058,1533,17427,
259.0904902178564,79984,1059,1533,17427,
259.0907894577041,79983,1060,1533,17427,
259.0947670677106,79983,1059,1534,17427,
259.0955367795317,79983,1058,1535,17427,
259.10135569744347,79983,1057,1536,17427,
259.1030948692474,79983,1057,1535,17428,
259.1041624456576,79983,1057,1534,17429,
259.1046649911596,79983,1057,1533,17430,
259.10486969527506,79983,1057,1532,17431,
259.10573754087466,79982,1058,1532,17431,
259.10829494003895,79982,1058,1531,17432,
259.10870695574624,79982,1058,1530,17433,
259.11000042532015,79982,1057,1531,17433,
259.1123452336424,79981,1058,1531,17433,
259.1125651043031,79981,1057,1532,17433,
259.1161125116649,79981,1056,1533,17433,
259.12151616678807,79981,1055,1534,17433,
259.1221200290317,79981,1054,1535,17433,
259.1239371999531,79981,1053,1536,17433,
259.12492582522947,79981,1053,1535,17434,
259.12507522030455,79981,1052,1536,17434,
259.125197770276,79981,1051,1537,17434,
259.12591241027906,79981,1050,1538,17434,
259.1289653684371,79981,1050,1537,17435,
259.1296424268283,79981,1050,1536,17436,
259.1299880656024,79981,1050,1535,17437,
259.13505029442615,79980,1051,1535,17437,
259.13513147881093,79979,1052,1535,17437,
259.1359277518957,79979,1052,1534,17438,
259.13663218774286,79979,1051,1535,17438,
259.1380860291228,79979,1051,1534,17439,
259.13849769895216,79978,1052,1534,17439,
259.1418416619239,79978,1051,1535,17439,
259.14299257601044,79977,1052,1535,17439,
259.1471633576237,79977,1052,1534,17440,
259.14802597738026,79977,1051,1535,17440,
259.14901378344575,79977,1051,1534,17441,
259.1497687526491,79976,1052,1534,17441,
259.1514386755582,79976,1052,1533,17442,
259.152953082223,79976,1051,1534,17442,
259.15476852528,79976,1051,1533,17443,
259.15553370134677,79975,1052,1533,17443,
259.1571884805597,79975,1051,1534,17443,
259.1573256214554,79975,1050,1535,17443,
259.1580606364402,79975,1049,1536,17443,
259.1613112371293,79975,1049,1535,17444,
259.163433996367,79975,1049,1534,17445,
259.16463782368004,79975,1048,1535,17445,
259.1656590212946,79975,1048,1534,17446,
259.1662009541624,79975,1048,1533,17447,
259.16666847507304,79974,1049,1533,17447,
259.1698422889187,79974,1048,1534,17447,
259.1699350589047,79973,1049,1534,17447,
259.1704385374202,79973,1048,1535,17447,
259.17084194622174,79973,1047,1536,17447,
259.1711317972479,79973,1047,1535,17448,
259.1715321231293,79973,1047,1534,17449,
259.1718245993508,79973,1047,1533,17450,
259.1724203149653,79973,1046,1534,17450,
259.1733577002074,79973,1046,1533,17451,
259.1739156478104,79972,1047,1533,17451,
259.17540305201646,79971,1048,1533,17451,
259.1764412567112,79971,1048,1532,17452,
259.1831086214974,79971,1047,1533,17452,
259.18341475834956,79970,1048,1533,17452,
259.1842127826742,79969,1049,1533,17452,
259.18623121342335,79968,1050,1533,17452,
259.1869732089912,79968,1049,1534,17452,
259.1881723979585,79968,1049,1533,17453,
259.1905878192937,79967,1050,1533,17453,
259.1916112277467,79966,1051,1533,17453,
259.1932136887981,79965,1052,1533,17453,
259.1952925951944,79965,1052,1532,17454,
259.19644507099616,79965,1052,1531,17455,
259.1970875062883,79964,1053,1531,17455,
259.1984032872312,79964,1053,1530,17456,
259.1998059911791,79964,1053,1529,17457,
259.20133003750936,79963,1054,1529,17457,
259.2041246392151,79963,1053,1530,17457,
259.2110750715482,79963,1052,1531,17457,
259.2118356809417,79963,1052,1530,17458,
259.2126240074542,79962,1053,1530,17458,
259.2147466629076,79961,1054,1530,17458,
259.2166443708437,79961,1053,1531,17458,
259.21770938134773,79961,1053,1530,17459,
259.2177097070211,79961,1052,1531,17459,
259.2189629408921,79960,1053,1531,17459,
259.22068963545007,79960,1052,1532,17459,
259.2222988518133,79959,1053,1532,17459,
259.22251217622284,79959,1052,1533,17459,
259.22777527706126,79958,1053,1533,17459,
259.2293356968712,79958,1052,1534,17459,
259.2297793467388,79957,1053,1534,17459,
259.2303718587589,79956,1054,1534,17459,
259.23047219898433,79956,1053,1535,17459,
259.2323759231757,79956,1052,1536,17459,
259.232877511253,79956,1051,1537,17459,
259.23321787769817,79956,1050,1538,17459,
259.23365340094944,79955,1051,1538,17459,
259.23421337890017,79954,1052,1538,17459,
259.23454678298305,79954,1051,1539,17459,
259.234736295561,79954,1050,1540,17459,
259.23534022446097,79954,1049,1541,17459,
259.2360407289267,79953,1050,1541,17459,
259.23890667847985,79952,1051,1541,17459,
259.2402203858754,79952,1051,1540,17460,
259.2425539335949,79951,1052,1540,17460,
259.24508212456664,79950,1053,1540,17460,
259.2454462570487,79949,1054,1540,17460,
259.24608357396727,79948,1055,1540,17460,
259.24619695864016,79948,1054,1541,17460,
259.2463472184792,79948,1054,1540,17461,
259.24747666678917,79947,1055,1540,17461,
259.2492732174172,79947,1054,1541,17461,
259.2502688202953,79947,1054,1540,17462,
259.25442773221613,79947,1053,1541,17462,
259.25665048458495,79946,1054,1541,17462,
259.257231034452,79946,1053,1542,17462,
259.2578228038367,79946,1053,1541,17463,
259.25804377927545,79946,1053,1540,17464,
259.26041300525395,79945,1054,1540,17464,
259.26185008642153,79945,1053,1541,17464,
259.262439534763,79945,1053,1540,17465,
259.2643452182271,79944,1054,1540,17465,
259.26638880205047,79943,1055,1540,17465,
259.2677290163021,79942,1056,1540,17465,
259.26952412993916,79942,1055,1541,17465,
259.2704289687716,79941,1056,1541,17465,
259.2716598700177,79941,1056,1540,17466,
259.2719735810421,79941,1056,1539,17467,
259.2726492911675,79940,1057,1539,17467,
259.2814372590739,79940,1056,1540,17467,
259.28264213879476,79939,1057,1540,17467,
259.2828839109769,79938,1058,1540,17467,
259.2837987875399,79937,1059,1540,17467,
259.2906730431754,79936,1060,1540,17467,
259.29123376390623,79935,1061,1540,17467,
259.2913029922575,79935,1060,1541,17467,
259.29470663762015,79935,1059,1542,17467,
259.2948557544002,79935,1059,1541,17468,
259.2955584225645,79934,1060,1541,17468,
259.29664781044363,79934,1059,1542,17468,
259.29814424033475,79933,1060,1542,17468,
259.29926744422966,79933,1060,1541,17469,
259.29962089260414,79933,1059,1542,17469,
259.3010756599531,79933,1058,1543,17469,
259.3023455109089,79932,1059,1543,17469,
259.30567076969083,79932,1058,1544,17469,
259.30825209291186,79931,1059,1544,17469,
259.31025284591743,79930,1060,1544,17469,
259.31487883674527,79930,1059,1545,17469,
259.31625892055644,79929,1060,1545,17469,
259.3178904182756,79929,1059,1546,17469,
259.3179966518914,79929,1058,1547,17469,
259.31883660864264,79929,1057,1548,17469,
259.31964120596325,79929,1056,1549,17469,
259.3226220614905,79928,1057,1549,17469,
259.3292575819901,79928,1056,1550,17469,
259.3299020969774,79927,1057,1550,17469,
259.3307440393483,79926,1058,1550,17469,
259.3325665243325,79925,1059,1550,17469,
259.33374697225634,79925,1059,1549,17470,
259.3342079089462,79924,1060,1549,17470,
259.3357758251358,79923,1061,1549,17470,
259.3370716278081,79923,1061,1548,17471,
259.3429085031049,79922,1062,1548,17471,
259.3455809213083,79922,1062,1547,17472,
259.34893270799734,79921,1063,1547,17472,
259.35014188782276,79920,1064,1547,17472,
259.35169573883934,79920,1064,1546,17473,
259.3532506404109,79920,1064,1545,17474,
259.3546451507706,79919,1065,1545,17474,
259.35510047799283,79918,1066,1545,17474,
259.3552001550422,79917,1067,1545,17474,
259.3552300409136,79917,1066,1546,17474,
259.3552631957717,79917,1065,1547,17474,
259.35699149096837,79916,1066,1547,17474,
259.35876643221894,79915,1067,1547,17474,
259.3608126384418,79915,1067,1546,17475,
259.36185601943134,79915,1066,1547,17475,
259.36260135699104,79915,1065,1548,17475,
259.3654386902248,79915,1064,1549,17475,
259.36862691806175,79914,1065,1549,17475,
259.37034254337885,79914,1064,1550,17475,
259.3709281482823,79913,1065,1550,17475,
259.37649339086903,79913,1065,1549,17476,
259.38138071506796,79913,1064,1550,17476,
259.3817090499907,79912,1065,1550,17476,
259.38336824389444,79912,1064,1551,17476,
259.38343786880057,79912,1063,1552,17476,
259.3835381640992,79912,1062,1553,17476,
259.38393028306336,79912,1061,1554,17476,
259.3844865434016,79911,1062,1554,17476,
259.384567842679,79911,1062,1553,17477,
259.3889613730909,79910,1063,1553,17477,
259.39051317240165,79909,1064,1553,17477,
259.39304404174305,79909,1064,1552,17478,
259.393101354231,79909,1063,1553,17478,
259.39315213559547,79908,1064,1553,17478,
259.3931811656872,79908,1064,1552,17479,
259.3938580505737,79908,1063,1553,17479,
259.39421583145435,79907,1064,1553,17479,
259.3948493326128,79906,1065,1553,17479,
259.3969086552822,79906,1065,1552,17480,
259.39893094255683,79906,1065,1551,17481,
259.4024627829952,79905,1066,1551,17481,
259.40379970107745,79905,1065,1552,17481,
259.40495385048894,79905,1065,1551,17482,
259.4062144807925,79905,1064,1552,17482,
259.4070240173952,79904,1065,1552,17482,
259.409955275479,79904,1064,1553,17482,
259.4115323166051,79904,1063,1554,17482,
259.4119654495846,79904,1062,1555,17482,
259.4153630619717,79904,1061,1556,17482,
259.41736331725826,79904,1060,1557,17482,
259.4180840332115,79904,1060,1556,17483,
259.42503426189063,79904,1060,1555,17484,
259.42799482426443,79904,1060,1554,17485,
259.42890731586675,79904,1059,1555,17485,
259.42969625190005,79903,1060,1555,17485,
259.43017814845354,79902,1061,1555,17485,
259.4315429993371,79901,1062,1555,17485,
259.4325587383313,79901,1062,1554,17486,
259.43288020815874,79901,1061,1555,17486,
259.4339122517098,79900,1062,1555,17486,
259.43556421958124,79900,1062,1554,17487,
259.43577093502955,79900,1061,1555,17487,
259.43697154028257,79899,1062,1555,17487,
259.43712046453913,79899,1061,1556,17487,
259.4391305535683,79899,1061,1555,17488,
259.43940884157587,79899,1061,1554,17489,
259.439718595797,79899,1060,1555,17489,
259.4398848763648,79899,1060,1554,17490,
259.43999201368774,79899,1059,1555,17490,
259.4473074710993,79898,1060,1555,17490,
259.44866218427416,79897,1061,1555,17490,
259.4487998953398,79897,1060,1556,17490,
259.44902638554015,79897,1060,1555,17491,
259.4501030750996,79896,1061,1555,17491,
259.45493130526955,79896,1061,1554,17492,
259.45509280250815,79895,1062,1554,17492,
259.4566511788844,79894,1063,1554,17492,
259.45918209275027,79894,1063,1553,17493,
259.4621486390769,79894,1062,1554,17493,
259.4628254309397,79893,1063,1554,17493,
259.46389521105317,79892,1064,1554,17493,
259.466525487805,79892,1064,1553,17494,
259.4669302242119,79891,1065,1553,17494,
259.4690089966196,79890,1066,1553,17494,
259.471854818636,79890,1065,1554,17494,
259.47210528555894,79890,1065,1553,17495,
259.47294922355627,79889,1066,1553,17495,
259.47306343566675,79888,1067,1553,17495,
259.4733910825077,79887,1068,1553,17495,
259.47703569251786,79887,1067,1554,17495,
259.4773534381517,79887,1067,1553,17496,
259.4778192323237,79886,1068,1553,17496,
259.47797007488595,79885,1069,1553,17496,
259.47906168076656,79885,1068,1554,17496,
259.4798515358494,79884,1069,1554,17496,
259.47986049029043,79884,1068,1555,17496,
259.48000040161656,79884,1067,1556,17496,
259.48150761675186,79884,1066,1557,17496,
259.4834828867878,79883,1067,1557,17496,
259.48430035664546,79882,1068,1557,17496,
259.4875920870235,79881,1069,1557,17496,
259.48979101422236,79880,1070,1557,17496,
259.4938971088186,79880,1069,1558,17496,
259.49534411539855,79880,1068,1559,17496,
259.4959719257429,79880,1067,1560,17496,
259.4969060743339,79880,1067,1559,17497,
259.49711693360234,79880,1067,1558,17498,
259.4974740267685,79879,1068,1558,17498,
259.4979610310626,79878,1069,1558,17498,
259.4991728989887,79877,1070,1558,17498,
259.5018408934184,79877,1069,1559,17498,
259.50448351897654,79876,1070,1559,17498,
259.50457826271975,79876,1069,1560,17498,
259.5071878918135,79875,1070,1560,17498,
259.5113600268704,79875,1069,1561,17498,
259.51283839991345,79875,1069,1560,17499,
259.51494052543995,79875,1068,1561,17499,
259.5151784012986,79874,1069,1561,17499,
259.51643918098404,79874,1069,1560,17500,
259.51811948068564,79874,1068,1561,17500,
259.51922758062284,79874,1067,1562,17500,
259.5213013113622,79873,1068,1562,17500,
259.521936259133,79873,1068,1561,17501,
259.5230002752695,79873,1068,1560,17502,
259.52342255116366,79873,1068,1559,17503,
259.5243281726128,79873,1067,1560,17503,
259.5243969586754,79873,1066,1561,17503,
259.5245426608086,79873,1066,1560,17504,
259.52535876062814,79872,1067,1560,17504,
259.52655951708255,79872,1066,1561,17504,
259.52684609826673,79872,1066,1560,17505,
259.52751244802084,79872,1066,1559,17506,
259.5297149196357,79872,1066,1558,17507,
259.52995809483707,79871,1067,1558,17507,
259.5367411878215,79871,1067,1557,17508,
259.5369183750529,79871,1067,1556,17509,
259.53701431164484,79870,1068,1556,17509,
259.53812873332447,79870,1067,1557,17509,
259.54158147646217,79869,1068,1557,17509,
259.54337349514276,79868,1069,1557,17509,
259.5452518048331,79868,1069,1556,17510,
259.54613064869613,79868,1068,1557,17510,
259.54720694391835,79868,1067,1558,17510,
259.5486475970745,79868,1066,1559,17510,
259.5495978586589,79868,1066,1558,17511,
259.550502808693,79867,1067,1558,17511,
259.5509766297277,79867,1067,1557,17512,
259.55342322019646,79867,1067,1556,17513,
259.5541943083558,79866,1068,1556,17513,
259.55826466561,79865,1069,1556,17513,
259.55856176310954,79864,1070,1556,17513,
259.5589943646804,79863,1071,1556,17513,
259.5601187171017,79863,1070,1557,17513,
259.5629212610705,79862,1071,1557,17513,
259.56414085920085,79862,1070,1558,17513,
259.56454240539426,79862,1070,1557,17514,
259.56491624320194,79862,1069,1558,17514,
259.5660438768296,79861,1070,1558,17514,
259.56702944749924,79860,1071,1558,17514,
259.56857560638275,79860,1071,1557,17515,
259.568628194783,79860,1071,1556,17516,
259.56904227402396,79860,1070,1557,17516,
259.5715132117903,79860,1069,1558,17516,
259.5719462946821,79860,1068,1559,17516,
259.57307248445807,79860,1068,1558,17517,
259.57368939487174,79860,1067,1559,17517,
259.57568391701534,79860,1066,1560,17517,
259.5762724436959,79860,1065,1561,17517,
259.5770166109537,79859,1066,1561,17517,
259.5770770131267,79859,1065,1562,17517,
259.57937135069295,79859,1064,1563,17517,
259.580790194384,79858,1065,1563,17517,
259.5819006980236,79857,1066,1563,17517,
259.58220728609854,79857,1066,1562,17518,
259.5825467281034,79857,1065,1563,17518,
259.5846226617473,79856,1066,1563,17518,
259.5888104163009,79856,1065,1564,17518,
259.5915131572165,79855,1066,1564,17518,
259.59190565065785,79855,1065,1565,17518,
259.59272575411103,79855,1064,1566,17518,
259.59402121873467,79855,1063,1567,17518,
259.59586387288283,79855,1062,1568,17518,
259.59775362921135,79855,1061,1569,17518,
259.5997663062792,79855,1060,1570,17518,
259.60128343774574,79855,1059,1571,17518,
259.6030454620521,79854,1060,1571,17518,
259.6057001496488,79854,1060,1570,17519,
259.60579050216467,79854,1060,1569,17520,
259.60845907655187,79854,1059,1570,17520,
259.60874042267943,79853,1060,1570,17520,
259.6131751887213,79853,1060,1569,17521,
259.61385308127154,79853,1060,1568,17522,
259.6179359121745,79853,1060,1567,17523,
259.6193075509883,79852,1061,1567,17523,
259.62331956834555,79852,1060,1568,17523,
259.6243570055728,79851,1061,1568,17523,
259.6261488272816,79850,1062,1568,17523,
259.6262054762078,79849,1063,1568,17523,
259.62630130776716,79848,1064,1568,17523,
259.6270906361685,79848,1064,1567,17524,
259.62766833438286,79848,1063,1568,17524,
259.62844248624197,79847,1064,1568,17524,
259.6285328223621,79847,1064,1567,17525,
259.62882933120005,79846,1065,1567,17525,
259.6292494339334,79846,1064,1568,17525,
259.6296325148901,79846,1063,1569,17525,
259.6305118431211,79845,1064,1569,17525,
259.6325235310274,79845,1063,1570,17525,
259.633160113636,79845,1063,1569,17526,
259.63342650770204,79845,1062,1570,17526,
259.63359159395253,79845,1061,1571,17526,
259.6358521330237,79845,1060,1572,17526,
259.63631696816697,79845,1059,1573,17526,
259.63791873260476,79845,1059,1572,17527,
259.638208696316,79845,1058,1573,17527,
259.63851662947525,79845,1057,1574,17527,
259.64087898959303,79845,1056,1575,17527,
259.64151773166805,79844,1057,1575,17527,
259.6417773587067,79844,1057,1574,17528,
259.64197336224515,79843,1058,1574,17528,
259.6420899330462,79843,1057,1575,17528,
259.6425023976156,79843,1057,1574,17529,
259.64397461629306,79843,1056,1575,17529,
259.6457901865321,79842,1057,1575,17529,
259.6465203336381,79842,1057,1574,17530,
259.6474942618383,79842,1057,1573,17531,
259.6491147702969,79842,1056,1574,17531,
259.6493479580654,79842,1056,1573,17532,
259.6495895921488,79842,1056,1572,17533,
259.6497813621179,79842,1055,1573,17533,
259.6498409597894,79842,1055,1572,17534,
259.65004098816945,79842,1055,1571,17535,
259.65207961458816,79842,1055,1570,17536,
259.6535967680593,79842,1055,1569,17537,
259.6581215936863,79842,1054,1570,17537,
259.6587519885523,79841,1055,1570,17537,
259.65905089539666,79841,1054,1571,17537,
259.6593171702984,79841,1053,1572,17537,
259.65978001686784,79841,1053,1571,17538,
259.6600537999028,79841,1053,1570,17539,
259.66046658677317,79840,1054,1570,17539,
259.6610419630883,79839,1055,1570,17539,
259.66312340587064,79839,1055,1569,17540,
259.66797165188336,79838,1056,1569,17540,
259.6726017880674,79837,1057,1569,17540,
259.67434253296716,79836,1058,1569,17540,
259.6768855159671,79836,1057,1570,17540,
259.67692644731324,79835,1058,1570,17540,
259.6774493949784,79834,1059,1570,17540,
259.6788254281909,79834,1058,1571,17540,
259.6795486667673,79834,1058,1570,17541,
259.67983471282895,79833,1059,1570,17541,
259.6819596112756,79832,1060,1570,17541,
259.68307642761533,79832,1060,1569,17542,
259.68635002346196,79832,1060,1568,17543,
259.691737987674,79832,1059,1569,17543,
259.69304413667487,79832,1058,1570,17543,
259.6935563472068,79832,1057,1571,17543,
259.69477932476536,79832,1056,1572,17543,
259.6957221589571,79832,1055,1573,17543,
259.6959470821976,79832,1054,1574,17543,
259.69893806274007,79832,1053,1575,17543,
259.6995450156812,79831,1054,1575,17543,
259.700175539294,79830,1055,1575,17543,
259.7005576529571,79830,1054,1576,17543,
259.70109370024943,79829,1055,1576,17543,
259.7013815896875,79829,1055,1575,17544,
259.7021737029799,79829,1054,1576,17544,
259.7024760771234,79828,1055,1576,17544,
259.70336224172735,79828,1055,1575,17545,
259.7078871002068,79828,1054,1576,17545,
259.71036810530705,79827,1055,1576,17545,
259.71067949939584,79827,1054,1577,17545,
259.71257172392046,79827,1054,1576,17546,
259.7127575572455,79827,1053,1577,17546,
259.71300708897405,79827,1053,1576,17547,
259.713106010995,79826,1054,1576,17547,
259.71560614885385,79825,1055,1576,17547,
259.7157875171875,79824,1056,1576,17547,
259.7161025478479,79823,1057,1576,17547,
259.7166462869745,79822,1058,1576,17547,
259.7170699389874,79822,1058,1575,17548,
259.7179380297745,79822,1057,1576,17548,
259.71822257922076,79821,1058,1576,17548,
259.72193397703643,79820,1059,1576,17548,
259.7229980541168,79820,1059,1575,17549,
259.7238031821517,79820,1058,1576,17549,
259.72700169551706,79820,1058,1575,17550,
259.73163619828114,79820,1058,1574,17551,
259.7339483633693,79820,1057,1575,17551,
259.736658149595,79820,1057,1574,17552,
259.73707849666107,79820,1056,1575,17552,
259.7377759940134,79820,1055,1576,17552,
259.73859604068303,79820,1054,1577,17552,
259.7390448591202,79820,1053,1578,17552,
259.73940546338974,79819,1054,1578,17552,
259.7394175798439,79819,1053,1579,17552,
259.739867907165,79818,1054,1579,17552,
259.7407952983918,79818,1054,1578,17553,
259.7411575016937,79818,1054,1577,17554,
259.74123847555796,79818,1054,1576,17555,
259.7444448765435,79818,1053,1577,17555,
259.74711780352294,79817,1054,1577,17555,
259.748737869464,79816,1055,1577,17555,
259.7491400883463,79816,1055,1576,17556,
259.7509524302641,79816,1054,1577,17556,
259.7518147182508,79815,1055,1577,17556,
259.75289945039947,79814,1056,1577,17556,
259.7534763385897,79813,1057,1577,17556,
259.75431891961483,79812,1058,1577,17556,
259.7562658428506,79812,1058,1576,17557,
259.75677102016834,79811,1059,1576,17557,
259.75704877133046,79811,1059,1575,17558,
259.7574102139162,79811,1059,1574,17559,
259.7606687747103,79811,1058,1575,17559,
259.7625224174216,79811,1058,1574,17560,
259.76268734845235,79811,1057,1575,17560,
259.7648666804571,79811,1057,1574,17561,
259.7653258501856,79810,1058,1574,17561,
259.76568183200106,79809,1059,1574,17561,
259.7657767125569,79809,1059,1573,17562,
259.7674379957744,79809,1059,1572,17563,
259.77022078996055,79809,1059,1571,17564,
259.7747516746498,79808,1060,1571,17564,
259.7753038475776,79807,1061,1571,17564,
259.7779231926023,79806,1062,1571,17564,
259.7797179036503,79806,1062,1570,17565,
259.7814538354467,79806,1061,1571,17565,
259.7818866056428,79806,1061,1570,17566,
259.7821484944062,79805,1062,1570,17566,
259.783864833485,79805,1061,1571,17566,
259.78399383226974,79804,1062,1571,17566,
259.7843256963967,79804,1062,1570,17567,
259.7843344701408,79804,1061,1571,17567,
259.78627512337727,79803,1062,1571,17567,
259.7870587802107,79802,1063,1571,17567,
259.78867137592215,79802,1062,1572,17567,
259.7899718405892,79802,1061,1573,17567,
259.790287027012,79802,1060,1574,17567,
259.79317357303466,79801,1061,1574,17567,
259.79474492090867,79801,1061,1573,17568,
259.79817091717825,79800,1062,1573,17568,
259.79846161991617,79799,1063,1573,17568,
259.8000985789521,79798,1064,1573,17568,
259.80400565526276,79797,1065,1573,17568,
259.8046249081888,79796,1066,1573,17568,
259.80642811448877,79796,1066,1572,17569,
259.8070083990493,79796,1065,1573,17569,
259.8075721511001,79796,1065,1572,17570,
259.8131932757054,79796,1065,1571,17571,
259.8133262045722,79796,1065,1570,17572,
259.8136181851828,79796,1065,1569,17573,
259.8142395539406,79796,1064,1570,17573,
259.81670765111875,79796,1063,1571,17573,
259.8205896046458,79796,1063,1570,17574,
259.828170724262,79795,1064,1570,17574,
259.82934092809984,79794,1065,1570,17574,
259.82960662562147,79793,1066,1570,17574,
259.8311357679745,79792,1067,1570,17574,
259.83135730329815,79792,1066,1571,17574,
259.83200270218657,79792,1065,1572,17574,
259.8327967294523,79792,1064,1573,17574,
259.8341304725107,79791,1065,1573,17574,
259.83600998797465,79790,1066,1573,17574,
259.8382218905306,79789,1067,1573,17574,
259.83914971169855,79788,1068,1573,17574,
259.8412775328983,79787,1069,1573,17574,
259.84138940262915,79786,1070,1573,17574,
259.84146979242996,79785,1071,1573,17574,
259.8468545188228,79784,1072,1573,17574,
259.85145831659594,79783,1073,1573,17574,
259.85240838802986,79783,1072,1574,17574,
259.85313152659677,79783,1072,1573,17575,
259.8533318457752,79783,1072,1572,17576,
259.8535192775151,79782,1073,1572,17576,
259.85522498971926,79782,1073,1571,17577,
259.85599437282957,79782,1072,1572,17577,
259.85636778243475,79781,1073,1572,17577,
259.85672056461493,79780,1074,1572,17577,
259.8620176025167,79779,1075,1572,17577,
259.8649251975053,79779,1074,1573,17577,
259.86566367934677,79778,1075,1573,17577,
259.8665444508322,79778,1074,1574,17577,
259.8693479402156,79778,1074,1573,17578,
259.86939562657403,79778,1073,1574,17578,
259.87198115875316,79777,1074,1574,17578,
259.87228105214507,79777,1074,1573,17579,
259.87279290849096,79777,1074,1572,17580,
259.8742767839726,79777,1074,1571,17581,
259.87584028329104,79777,1073,1572,17581,
259.8761899585382,79777,1072,1573,17581,
259.8791558696283,79777,1071,1574,17581,
259.8797170522922,79777,1070,1575,17581,
259.88062935457896,79777,1069,1576,17581,
259.8816012072035,79777,1068,1577,17581,
259.88214993146045,79776,1069,1577,17581,
259.88237950485535,79775,1070,1577,17581,
259.8830517706463,79775,1069,1578,17581,
259.88386701710846,79775,1069,1577,17582,
259.8838927522342,79774,1070,1577,17582,
259.8839869187,79774,1070,1576,17583,
259.8840524088788,79774,1069,1577,17583,
259.893464308366,79773,1070,1577,17583,
259.89366234580643,79773,1069,1578,17583,
259.89374072214645,79773,1068,1579,17583,
259.8941730365822,79773,1068,1578,17584,
259.8947024202366,79773,1067,1579,17584,
259.8951655656524,79772,1068,1579,17584,
259.8952866122277,79772,1068,1578,17585,
259.8970973402494,79772,1068,1577,17586,
259.89726395401436,79771,1069,1577,17586,
259.89910461071736,79771,1068,1578,17586,
259.90109212721666,79770,1069,1578,17586,
259.901620476559,79770,1069,1577,17587,
259.9035624258996,79769,1070,1577,17587,
259.90407071118074,79769,1069,1578,17587,
259.905718715313,79768,1070,1578,17587,
259.90692737521067,79768,1070,1577,17588,
259.9078820179361,79767,1071,1577,17588,
259.9097467854027,79766,1072,1577,17588,
259.9098344378722,79766,1072,1576,17589,
259.9131983266978,79766,1072,1575,17590,
259.91343331827943,79765,1073,1575,17590,
259.9137817445122,79765,1073,1574,17591,
259.9170380020128,79764,1074,1574,17591,
259.9206587361695,79764,1074,1573,17592,
259.9207007605062,79763,1075,1573,17592,
259.9214048605811,79763,1075,1572,17593,
259.9229176179789,79762,1076,1572,17593,
259.92400753716237,79762,1075,1573,17593,
259.9251421169185,79762,1074,1574,17593,
259.93188482468906,79762,1074,1573,17594,
259.9333188011688,79762,1073,1574,17594,
259.9349909660777,79761,1074,1574,17594,
259.9368855697556,79761,1073,1575,17594,
259.93692841920046,79761,1073,1574,17595,
259.9374314664179,79761,1072,1575,17595,
259.9414496196439,79761,1072,1574,17596,
259.94198439445654,79761,1071,1575,17596,
259.9440053626422,79760,1072,1575,17596,
259.94613558493114,79759,1073,1575,17596,
259.94696364372066,79759,1072,1576,17596,
259.9508956992968,79759,1072,1575,17597,
259.95201983399244,79759,1072,1574,17598,
259.95239427874225,79758,1073,1574,17598,
259.95305780861963,79758,1072,1575,17598,
259.9567340873059,79758,1071,1576,17598,
259.95685165132807,79758,1070,1577,17598,
259.96419880292797,79758,1070,1576,17599,
259.9656416282457,79757,1071,1576,17599,
259.9667154560917,79757,1071,1575,17600,
259.96701485387155,79757,1071,1574,17601,
259.96934765615134,79757,1070,1575,17601,
259.97062355435617,79757,1069,1576,17601,
259.97245192553544,79757,1068,1577,17601,
259.973546175623,79757,1068,1576,17602,
259.97392672553747,79756,1069,1576,17602,
259.97580001091677,79756,1069,1575,17603,
259.97613505693994,79755,1070,1575,17603,
259.9762188014664,79755,1070,1574,17604,
259.9769547042638,79754,1071,1574,17604,
259.98047422232605,79754,1070,1575,17604,
259.9808817290575,79754,1070,1574,17605,
259.9812838403329,79754,1069,1575,17605,
259.98146026411285,79753,1070,1575,17605,
259.98668218223986,79753,1069,1576,17605,
259.987790643344,79753,1068,1577,17605,
259.98795522404885,79753,1067,1578,17605,
259.98972754758074,79753,1066,1579,17605,
259.9919831487598,79753,1066,1578,17606,
259.99346113502025,79753,1065,1579,17606,
259.99346953847754,79753,1065,1578,17607,
259.995796429603,79752,1066,1578,17607,
259.99670748764106,79752,1065,1579,17607,
259.9986782381018,79751,1066,1579,17607,
259.9998061557526,79750,1067,1579,17607,
259.9999128578947,79750,1067,1578,17608,
260.00163728979544,79750,1067,1577,17609,
260.0073733444446,79750,1067,1576,17610,
260.01182873723565,79750,1067,1575,17611,
260.01227887329554,79749,1068,1575,17611,
260.0125828073757,79748,1069,1575,17611,
260.01260397864695,79748,1068,1576,17611,
260.01267021884917,79748,1067,1577,17611,
260.01366172500246,79748,1066,1578,17611,
260.0160601297365,79748,1066,1577,17612,
260.01653217583043,79748,1066,1576,17613,
260.0169665012637,79748,1065,1577,17613,
260.01785967796167,79748,1065,1576,17614,
260.0246240328599,79747,1066,1576,17614,
260.0277048710132,79746,1067,1576,17614,
260.0294589604488,79746,1067,1575,17615,
260.03018656361127,79746,1066,1576,17615,
260.03081619660037,79746,1065,1577,17615,
260.03208600980844,79746,1065,1576,17616,
260.03460321722963,79745,1066,1576,17616,
260.038016812158,79745,1066,1575,17617,
260.03879087669355,79745,1066,1574,17618,
260.03891521445485,79745,1066,1573,17619,
260.0405588843915,79744,1067,1573,17619,
260.04156929516665,79743,1068,1573,17619,
260.04263959848424,79743,1068,1572,17620,
260.0453524901127,79743,1067,1573,17620,
260.04975561446963,79742,1068,1573,17620,
260.0515749207824,79741,1069,1573,17620,
260.0530514634204,79740,1070,1573,17620,
260.0532896894264,79740,1070,1572,17621,
260.0550575890363,79740,1069,1573,17621,
260.05622404756707,79739,1070,1573,17621,
260.0568113898551,79738,1071,1573,17621,
260.0570467758659,79738,1070,1574,17621,
260.05749311738464,79737,1071,1574,17621,
260.0580087156597,79737,1070,1575,17621,
260.05841495166527,79737,1069,1576,17621,
260.06125557294,79737,1068,1577,17621,
260.06240365058477,79737,1067,1578,17621,
260.0640210599084,79737,1067,1577,17622,
260.0645068237048,79737,1066,1578,17622,
260.06469747265186,79737,1066,1577,17623,
260.066631406971,79736,1067,1577,17623,
260.06850540906936,79735,1068,1577,17623,
260.07089073282316,79734,1069,1577,17623,
260.07146254363255,79734,1068,1578,17623,
260.0725112765762,79734,1067,1579,17623,
260.07256083669097,79734,1067,1578,17624,
260.07358839643,79734,1067,1577,17625,
260.0770316521716,79734,1067,1576,17626,
260.07847442410514,79733,1068,1576,17626,
260.07922595400896,79733,1068,1575,17627,
260.07926037755556,79732,1069,1575,17627,
260.0823941410862,79732,1068,1576,17627,
260.083306360969,79731,1069,1576,17627,
260.0834475163092,79730,1070,1576,17627,
260.0839470815797,79729,1071,1576,17627,
260.0843729895072,79729,1070,1577,17627,
260.08659417394165,79728,1071,1577,17627,
260.08676942359693,79727,1072,1577,17627,
260.0869168789722,79727,1072,1576,17628,
260.0884236253943,79726,1073,1576,17628,
260.09298201214926,79725,1074,1576,17628,
260.0938246580924,79724,1075,1576,17628,
260.0939390149608,79724,1075,1575,17629,
260.094713345493,79723,1076,1575,17629,
260.0956853484537,79722,1077,1575,17629,
260.0965105980088,79722,1076,1576,17629,
260.09704923033803,79722,1076,1575,17630,
260.09745666888796,79722,1076,1574,17631,
260.0975501502165,79722,1076,1573,17632,
260.09755167787165,79722,1075,1574,17632,
260.09791892850103,79722,1075,1573,17633,
260.0999087456332,79722,1075,1572,17634,
260.1014399280055,79722,1075,1571,17635,
260.1035070497283,79722,1075,1570,17636,
260.10408267696846,79722,1074,1571,17636,
260.1043154010171,79722,1074,1570,17637,
260.10439733324057,79722,1073,1571,17637,
260.10458162407383,79722,1072,1572,17637,
260.10614390594856,79721,1073,1572,17637,
260.1067204154388,79720,1074,1572,17637,
260.10760455065775,79720,1073,1573,17637,
260.1172411815924,79720,1073,1572,17638,
260.11919430503673,79719,1074,1572,17638,
260.12138288180614,79719,1073,1573,17638,
260.1224754056045,79719,1072,1574,17638,
260.1252732910074,79718,1073,1574,17638,
260.12663884504343,79718,1072,1575,17638,
260.1282156016293,79717,1073,1575,17638,
260.12855199679285,79716,1074,1575,17638,
260.1294162806053,79716,1074,1574,17639,
260.12966088408285,79716,1073,1575,17639,
260.1301532996885,79716,1073,1574,17640,
260.13151310090944,79716,1073,1573,17641,
260.131936175171,79716,1073,1572,17642,
260.13293470309515,79716,1072,1573,17642,
260.1337354900126,79715,1073,1573,17642,
260.13422393093174,79714,1074,1573,17642,
260.1359939489835,79714,1073,1574,17642,
260.13758125954655,79714,1072,1575,17642,
260.1385483410251,79714,1071,1576,17642,
260.13855112918924,79713,1072,1576,17642,
260.14064588370206,79713,1072,1575,17643,
260.1415180297979,79713,1072,1574,17644,
260.1417662662941,79712,1073,1574,17644,
260.14204852821894,79712,1073,1573,17645,
260.14364974447597,79712,1073,1572,17646,
260.1442912952951,79711,1074,1572,17646,
260.14804542629423,79710,1075,1572,17646,
260.14826682346296,79710,1074,1573,17646,
260.15005790197273,79710,1073,1574,17646,
260.15168492306935,79710,1072,1575,17646,
260.15244152562747,79709,1073,1575,17646,
260.1559694792311,79709,1073,1574,17647,
260.15690239911146,79708,1074,1574,17647,
260.1576338374559,79707,1075,1574,17647,
260.1585757882605,79707,1075,1573,17648,
260.1595489700905,79707,1074,1574,17648,
260.16069061550627,79707,1074,1573,17649,
260.160862962495,79707,1073,1574,17649,
260.1636135628625,79706,1074,1574,17649,
260.16373307299807,79706,1073,1575,17649,
260.1648881666749,79706,1073,1574,17650,
260.16540946884976,79706,1072,1575,17650,
260.1659443915948,79706,1071,1576,17650,
260.1678352362555,79706,1071,1575,17651,
260.1690263316047,79706,1070,1576,17651,
260.16920673814235,79706,1069,1577,17651,
260.1696381225536,79706,1068,1578,17651,
260.1699637638362,79706,1067,1579,17651,
260.1702718510751,79706,1067,1578,17652,
260.1703993338226,79706,1066,1579,17652,
260.17577555549417,79706,1066,1578,17653,
260.17626980761327,79705,1067,1578,17653,
260.1770512008365,79704,1068,1578,17653,
260.17778052390423,79704,1068,1577,17654,
260.17793964603914,79703,1069,1577,17654,
260.1809805642896,79702,1070,1577,17654,
260.1817264081308,79701,1071,1577,17654,
260.1826263927377,79701,1071,1576,17655,
260.18511827081596,79701,1070,1577,17655,
260.18613427745527,79701,1070,1576,17656,
260.18731845495194,79701,1069,1577,17656,
260.1879282708432,79700,1070,1577,17656,
260.1879301757459,79700,1069,1578,17656,
260.1909539712617,79699,1070,1578,17656,
260.1919985523067,79698,1071,1578,17656,
260.1923608906015,79697,1072,1578,17656,
260.1951418977075,79697,1072,1577,17657,
260.1957109691747,79696,1073,1577,17657,
260.1966255822153,79696,1072,1578,17657,
260.1997057290173,79696,1072,1577,17658,
260.20634107427577,79696,1072,1576,17659,
260.21237532609905,79696,1071,1577,17659,
260.2123888551466,79695,1072,1577,17659,
260.21264232321664,79695,1071,1578,17659,
260.2136141907504,79695,1071,1577,17660,
260.21519719290995,79695,1071,1576,17661,
260.2163417789166,79695,1070,1577,17661,
260.2170430195968,79695,1070,1576,17662,
260.2192614870353,79694,1071,1576,17662,
260.2196282390641,79694,1070,1577,17662,
260.22050767046926,79693,1071,1577,17662,
260.22587197209145,79693,1071,1576,17663,
260.22661285375585,79692,1072,1576,17663,
260.22686827370944,79692,1071,1577,17663,
260.22918086900444,79692,1070,1578,17663,
260.2294735896404,79692,1069,1579,17663,
260.22987511906257,79692,1068,1580,17663,
260.23262275071096,79692,1068,1579,17664,
260.24011765038944,79692,1068,1578,17665,
260.2421566088667,79692,1068,1577,17666,
260.2439446092151,79691,1069,1577,17666,
260.2445456529132,79691,1069,1576,17667,
260.2479923170529,79691,1069,1575,17668,
260.2492677052046,79691,1068,1576,17668,
260.25048524343816,79691,1067,1577,17668,
260.25229877053926,79690,1068,1577,17668,
260.2537078346843,79690,1067,1578,17668,
260.2541643744758,79689,1068,1578,17668,
260.25717584051154,79689,1067,1579,17668,
260.2595998721725,79689,1067,1578,17669,
260.2610700323438,79688,1068,1578,17669,
260.26580083324365,79688,1068,1577,17670,
260.270244607591,79687,1069,1577,17670,
260.27156780651086,79686,1070,1577,17670,
260.2720816039303,79685,1071,1577,17670,
260.2783951352675,79685,1071,1576,17671,
260.2807331002422,79684,1072,1576,17671,
260.2824406037446,79683,1073,1576,17671,
260.28578741089336,79682,1074,1576,17671,
260.2860146804487,79682,1074,1575,17672,
260.2864395401868,79682,1073,1576,17672,
260.28754375909443,79681,1074,1576,17672,
260.2924707182681,79681,1074,1575,17673,
260.2974774859462,79681,1073,1576,17673,
260.2985521566831,79680,1074,1576,17673,
260.2995027160695,79680,1074,1575,17674,
260.3003000521784,79680,1073,1576,17674,
260.30271764819787,79680,1073,1575,17675,
260.3038784942807,79680,1072,1576,17675,
260.3043520982243,79680,1071,1577,17675,
260.304968155411,79680,1070,1578,17675,
260.3049686839636,79679,1071,1578,17675,
260.30653841963874,79679,1071,1577,17676,
260.30895550511326,79679,1070,1578,17676,
260.30994411509164,79679,1070,1577,17677,
260.3100783925467,79679,1070,1576,17678,
260.31539439367685,79678,1071,1576,17678,
260.316791575728,79677,1072,1576,17678,
260.31749254966456,79676,1073,1576,17678,
260.31758609947445,79676,1072,1577,17678,
260.3191828861014,79676,1071,1578,17678,
260.3196446737533,79676,1070,1579,17678,
260.32192517496117,79676,1069,1580,17678,
260.3223798764674,79676,1069,1579,17679,
260.32831233243826,79676,1068,1580,17679,
260.3307456385429,79676,1067,1581,17679,
260.33124880402266,79675,1068,1581,17679,
260.3321119256015,79675,1068,1580,17680,
260.33249505600236,79674,1069,1580,17680,
260.3346207757149,79674,1069,1579,17681,
260.336366158907,79674,1068,1580,17681,
260.33726453181015,79673,1069,1580,17681,
260.3393135399407,79673,1069,1579,17682,
260.3413924403032,79673,1068,1580,17682,
260.34415140034776,79673,1067,1581,17682,
260.3449653809412,79673,1067,1580,17683,
260.34543617717367,79673,1066,1581,17683,
260.34657515597394,79672,1067,1581,17683,
260.34684625131996,79672,1066,1582,17683,
260.3470630691407,79671,1067,1582,17683,
260.34753099529246,79670,1068,1582,17683,
260.34894786154706,79669,1069,1582,17683,
260.3494549570287,79669,1068,1583,17683,
260.3500979784246,79669,1067,1584,17683,
260.35092378127644,79669,1066,1585,17683,
260.3515319019763,79669,1066,1584,17684,
260.35181980316685,79668,1067,1584,17684,
260.3532955832949,79668,1067,1583,17685,
260.35619955495685,79668,1067,1582,17686,
260.36134052740897,79667,1068,1582,17686,
260.3613659762601,79667,1068,1581,17687,
260.36169037022273,79666,1069,1581,17687,
260.36246689010864,79666,1069,1580,17688,
260.3638168212371,79666,1069,1579,17689,
260.36716464134935,79665,1070,1579,17689,
260.36806201129025,79664,1071,1579,17689,
260.369645115599,79664,1071,1578,17690,
260.36991930122554,79664,1071,1577,17691,
260.37139259444336,79664,1071,1576,17692,
260.37550003342056,79664,1071,1575,17693,
260.37552930529654,79664,1070,1576,17693,
260.3759971266543,79663,1071,1576,17693,
260.3781998555804,79663,1070,1577,17693,
260.3812291659895,79662,1071,1577,17693,
260.3843302061149,79662,1071,1576,17694,
260.38584684164067,79661,1072,1576,17694,
260.3865906618199,79661,1071,1577,17694,
260.38998418381004,79661,1070,1578,17694,
260.3911349934383,79661,1070,1577,17695,
260.3923177254753,79661,1070,1576,17696,
260.3935861731695,79661,1069,1577,17696,
260.3949941006844,79661,1069,1576,17697,
260.39882094419295,79661,1068,1577,17697,
260.3993023008023,79661,1068,1576,17698,
260.4001946606986,79661,1067,1577,17698,
260.40261599185663,79661,1066,1578,17698,
260.4035386303878,79660,1067,1578,17698,
260.40443285446133,79660,1067,1577,17699,
260.40488445051005,79660,1066,1578,17699,
260.40665309213216,79660,1066,1577,17700,
260.4094767878903,79659,1067,1577,17700,
260.410856535693,79659,1067,1576,17701,
260.411610487123,79658,1068,1576,17701,
260.4129261185454,79657,1069,1576,17701,
260.414609196246,79656,1070,1576,17701,
260.4174918849004,79655,1071,1576,17701,
260.4175624327879,79654,1072,1576,17701,
260.42053495640346,79654,1071,1577,17701,
260.4209621301993,79653,1072,1577,17701,
260.4217917916048,79653,1072,1576,17702,
260.42281371984757,79653,1072,1575,17703,
260.4246973188711,79653,1072,1574,17704,
260.42768606173394,79652,1073,1574,17704,
260.42821366006285,79652,1073,1573,17705,
260.4298968058688,79651,1074,1573,17705,
260.4312370883838,79651,1074,1572,17706,
260.43185021060526,79651,1074,1571,17707,
260.43685584022506,79651,1073,1572,17707,
260.4385419661009,79650,1074,1572,17707,
260.4400230399155,79649,1075,1572,17707,
260.44011124966977,79649,1074,1573,17707,
260.44241813118015,79649,1073,1574,17707,
260.442602135121,79649,1072,1575,17707,
260.44262742655206,79648,1073,1575,17707,
260.4513510889266,79648,1073,1574,17708,
260.45190792475074,79647,1074,1574,17708,
260.4539741933658,79646,1075,1574,17708,
260.45646369120334,79646,1074,1575,17708,
260.45718545982953,79645,1075,1575,17708,
260.45885678688353,79645,1075,1574,17709,
260.4592502332764,79645,1074,1575,17709,
260.46281182718076,79645,1073,1576,17709,
260.4651644203153,79645,1073,1575,17710,
260.4651944947321,79645,1072,1576,17710,
260.4671920214506,79644,1073,1576,17710,
260.46760574077155,79644,1072,1577,17710,
260.4683591755321,79644,1072,1576,17711,
260.4685759141599,79643,1073,1576,17711,
260.47196930565406,79643,1073,1575,17712,
260.47672145843364,79642,1074,1575,17712,
260.4768048922056,79641,1075,1575,17712,
260.4776295380767,79641,1074,1576,17712,
260.4788296032996,79641,1073,1577,17712,
260.48088179920705,79641,1073,1576,17713,
260.48112064406456,79641,1072,1577,17713,
260.48126033383664,79641,1071,1578,17713,
260.48134208758074,79640,1072,1578,17713,
260.4824762221987,79640,1072,1577,17714,
260.48368105907224,79640,1071,1578,17714,
260.48452397893675,79640,1070,1579,17714,
260.48805708130476,79639,1071,1579,17714,
260.48891240610675,79639,1071,1578,17715,
260.4901340478842,79638,1072,1578,17715,
260.4915191262704,79638,1071,1579,17715,
260.4915510185207,79638,1070,1580,17715,
260.493277709374,79638,1070,1579,17716,
260.49396380205496,79638,1069,1580,17716,
260.4941655386935,79637,1070,1580,17716,
260.4958121449094,79637,1069,1581,17716,
260.4980511975522,79637,1069,1580,17717,
260.49843028460674,79636,1070,1580,17717,
260.4985280164577,79636,1069,1581,17717,
260.4988774207568,79636,1069,1580,17718,
260.4989311586928,79636,1069,1579,17719,
260.5003205493012,79636,1069,1578,17720,
260.50042027947325,79636,1069,1577,17721,
260.503089318374,79636,1069,1576,17722,
260.50658683884654,79636,1069,1575,17723,
260.5075036748998,79636,1069,1574,17724,
260.50912887218686,79636,1068,1575,17724,
260.51040995485454,79636,1068,1574,17725,
260.51067650881555,79636,1068,1573,17726,
260.5109553370343,79636,1067,1574,17726,
260.5126650331856,79636,1067,1573,17727,
260.51601170643477,79635,1068,1573,17727,
260.5166145065566,79635,1067,1574,17727,
260.51739535869564,79634,1068,1574,17727,
260.51777730575117,79633,1069,1574,17727,
260.5194396919467,79633,1068,1575,17727,
260.51959811105473,79632,1069,1575,17727,
260.5217762696775,79632,1068,1576,17727,
260.5223829466721,79631,1069,1576,17727,
260.5225820412275,79631,1068,1577,17727,
260.5236983741324,79631,1068,1576,17728,
260.52441887444155,79631,1067,1577,17728,
260.52465816448415,79630,1068,1577,17728,
260.5254988294924,79629,1069,1577,17728,
260.5262823403491,79629,1068,1578,17728,
260.52685861600776,79629,1067,1579,17728,
260.5274189202393,79629,1067,1578,17729,
260.5278186180274,79629,1067,1577,17730,
260.5280293852538,79628,1068,1577,17730,
260.5281498690755,79627,1069,1577,17730,
260.53166248568846,79627,1068,1578,17730,
260.5334813702951,79627,1067,1579,17730,
260.534323140064,79627,1066,1580,17730,
260.53451336389446,79627,1066,1579,17731,
260.5347193392936,79626,1067,1579,17731,
260.5354221404848,79626,1067,1578,17732,
260.5368189655324,79626,1066,1579,17732,
260.541934054687,79626,1066,1578,17733,
260.54364064334874,79626,1066,1577,17734,
260.5439684496596,79626,1066,1576,17735,
260.5444308901371,79625,1067,1576,17735,
260.54529568707807,79625,1066,1577,17735,
260.5486902813646,79625,1066,1576,17736,
260.55222509512896,79625,1066,1575,17737,
260.55245879937195,79625,1065,1576,17737,
260.55299883383674,79624,1066,1576,17737,
260.5559765600248,79624,1066,1575,17738,
260.5573012012636,79624,1066,1574,17739,
260.5602038549573,79624,1065,1575,17739,
260.5620695037269,79624,1065,1574,17740,
260.5626310358428,79623,1066,1574,17740,
260.56398662829724,79622,1067,1574,17740,
260.56416286652,79622,1067,1573,17741,
260.5717002433181,79622,1066,1574,17741,
260.5735091936998,79622,1065,1575,17741,
260.5739498587725,79622,1065,1574,17742,
260.57530031093904,79621,1066,1574,17742,
260.57610030374457,79621,1066,1573,17743,
260.57712896159615,79620,1067,1573,17743,
260.5778944802107,79619,1068,1573,17743,
260.57886792408243,79619,1067,1574,17743,
260.57984120015385,79619,1066,1575,17743,
260.5805617851002,79619,1066,1574,17744,
260.5827496883173,79618,1067,1574,17744,
260.58372772283326,79618,1067,1573,17745,
260.58460494044067,79618,1067,1572,17746,
260.5847805677971,79617,1068,1572,17746,
260.5850314287573,79617,1067,1573,17746,
260.5854885674751,79617,1067,1572,17747,
260.5860044627595,79617,1066,1573,17747,
260.5875145812973,79616,1067,1573,17747,
260.5930454417393,79615,1068,1573,17747,
260.5978626653165,79615,1068,1572,17748,
260.5993711793516,79615,1068,1571,17749,
260.59965389779364,79615,1068,1570,17750,
260.6004281376514,79615,1067,1571,17750,
260.60189678546436,79615,1067,1570,17751,
260.60232858153154,79615,1067,1569,17752,
260.60283544598485,79615,1066,1570,17752,
260.60284564734405,79615,1066,1569,17753,
260.60363496412623,79615,1065,1570,17753,
260.60369506676864,79614,1066,1570,17753,
260.6041376561722,79613,1067,1570,17753,
260.60622248044376,79613,1066,1571,17753,
260.60678047137833,79613,1065,1572,17753,
260.6086234905615,79613,1065,1571,17754,
260.6114791771724,79612,1066,1571,17754,
260.6133987641144,79612,1066,1570,17755,
260.61395874015017,79612,1065,1571,17755,
260.614132633198,79611,1066,1571,17755,
260.6148137743126,79611,1066,1570,17756,
260.6155973087272,79611,1066,1569,17757,
260.6190132491283,79611,1066,1568,17758,
260.61916689767867,79611,1065,1569,17758,
260.6197497458666,79610,1066,1569,17758,
260.6207503428635,79610,1065,1570,17758,
260.6230614954473,79610,1064,1571,17758,
260.6237866282803,79610,1064,1570,17759,
260.623821661614,79609,1065,1570,17759,
260.6239738355457,79608,1066,1570,17759,
260.62409235894086,79608,1066,1569,17760,
260.6252344136764,79608,1066,1568,17761,
260.6253994280084,79608,1066,1567,17762,
260.6266309899931,79608,1065,1568,17762,
260.62770599941405,79608,1065,1567,17763,
260.62771177163586,79608,1064,1568,17763,
260.62790771265367,79607,1065,1568,17763,
260.62807425863787,79606,1066,1568,17763,
260.6293291439524,79606,1066,1567,17764,
260.6306079908805,79606,1065,1568,17764,
260.63304568442607,79606,1064,1569,17764,
260.63454356710633,79605,1065,1569,17764,
260.6347417393158,79605,1064,1570,17764,
260.6369295727907,79605,1063,1571,17764,
260.6376112523877,79604,1064,1571,17764,
260.6378236330454,79604,1063,1572,17764,
260.6398513632032,79604,1062,1573,17764,
260.6413339417418,79604,1062,1572,17765,
260.64316777498067,79604,1062,1571,17766,
260.64646950687757,79604,1062,1570,17767,
260.64783200431526,79603,1063,1570,17767,
260.6491720928096,79602,1064,1570,17767,
260.6497213140097,79601,1065,1570,17767,
260.65276788115165,79601,1064,1571,17767,
260.65643476427584,79601,1063,1572,17767,
260.65653584910075,79601,1063,1571,17768,
260.6575179754317,79600,1064,1571,17768,
260.6599171124649,79599,1065,1571,17768,
260.66017496964656,79599,1064,1572,17768,
260.6627756389696,79599,1063,1573,17768,
260.6656081855986,79598,1064,1573,17768,
260.6693259129923,79598,1063,1574,17768,
260.66959941092824,79598,1062,1575,17768,
260.6702082750651,79598,1061,1576,17768,
260.6711247288276,79598,1060,1577,17768,
260.6726814978589,79598,1059,1578,17768,
260.6734530601325,79597,1060,1578,17768,
260.6742814195789,79596,1061,1578,17768,
260.67705907716106,79595,1062,1578,17768,
260.67764701215174,79595,1061,1579,17768,
260.67799072725603,79595,1060,1580,17768,
260.68034386864775,79595,1060,1579,17769,
260.6825074739792,79595,1060,1578,17770,
260.68377579175166,79594,1061,1578,17770,
260.68650079191207,79593,1062,1578,17770,
260.6876794755276,79593,1061,1579,17770,
260.68798748968436,79593,1061,1578,17771,
260.6880025907403,79593,1061,1577,17772,
260.69336173723434,79593,1060,1578,17772,
260.69388512772105,79592,1061,1578,17772,
260.69569793785297,79592,1061,1577,17773,
260.6984201813742,79591,1062,1577,17773,
260.7070392926575,79591,1062,1576,17774,
260.70844946584657,79591,1062,1575,17775,
260.70870775504454,79591,1062,1574,17776,
260.7098197590911,79590,1063,1574,17776,
260.71110605304733,79589,1064,1574,17776,
260.71141400636054,79589,1063,1575,17776,
260.7123986492071,79589,1063,1574,17777,
260.71308174379686,79589,1063,1573,17778,
260.71376865897895,79589,1062,1574,17778,
260.71691135585706,79589,1062,1573,17779,
260.7185388684433,79589,1061,1574,17779,
260.7186219820358,79588,1062,1574,17779,
260.7203202263714,79588,1061,1575,17779,
260.7207591966954,79588,1061,1574,17780,
260.7241455831562,79587,1062,1574,17780,
260.73070703623586,79586,1063,1574,17780,
260.7328185150614,79585,1064,1574,17780,
260.7347490504255,79585,1063,1575,17780,
260.7361525404239,79585,1063,1574,17781,
260.739048676808,79585,1062,1575,17781,
260.74379166741943,79585,1061,1576,17781,
260.744205156949,79584,1062,1576,17781,
260.74493394012825,79584,1062,1575,17782,
260.7452639880104,79583,1063,1575,17782,
260.74616958878033,79583,1062,1576,17782,
260.74720917968534,79582,1063,1576,17782,
260.74867194052496,79581,1064,1576,17782,
260.74890832749855,79581,1064,1575,17783,
260.74903850998874,79580,1065,1575,17783,
260.75102175229654,79580,1065,1574,17784,
260.75211794029036,79580,1064,1575,17784,
260.7560886814171,79580,1063,1576,17784,
260.7565711481515,79580,1062,1577,17784,
260.757747317733,79579,1063,1577,17784,
260.7577632501674,79579,1062,1578,17784,
260.7629505747666,79578,1063,1578,17784,
260.76310368531415,79578,1063,1577,17785,
260.76480570622067,79578,1062,1578,17785,
260.7655792804977,79577,1063,1578,17785,
260.7659132843923,79576,1064,1578,17785,
260.76603905918773,79576,1064,1577,17786,
260.76619863109835,79575,1065,1577,17786,
260.7669172924862,79575,1065,1576,17787,
260.76712352939103,79575,1065,1575,17788,
260.76763051397336,79575,1065,1574,17789,
260.76834732485617,79574,1066,1574,17789,
260.769649994317,79574,1065,1575,17789,
260.7735027477426,79573,1066,1575,17789,
260.77434789371785,79572,1067,1575,17789,
260.77817218623125,79571,1068,1575,17789,
260.7794522138735,79571,1068,1574,17790,
260.78211640391817,79571,1068,1573,17791,
260.7829728935205,79570,1069,1573,17791,
260.78450951377624,79570,1069,1572,17792,
260.7895824494916,79570,1069,1571,17793,
260.7917075134216,79569,1070,1571,17793,
260.7943731112539,79569,1069,1572,17793,
260.7945855174074,79568,1070,1572,17793,
260.797139773098,79568,1070,1571,17794,
260.79780027101265,79568,1070,1570,17795,
260.80268989190745,79568,1069,1571,17795,
260.80546716957366,79568,1068,1572,17795,
260.80749539382117,79567,1069,1572,17795,
260.8075430563114,79566,1070,1572,17795,
260.8081060246355,79566,1069,1573,17795,
260.80826937080656,79566,1068,1574,17795,
260.8093283278114,79566,1068,1573,17796,
260.81075097593066,79566,1067,1574,17796,
260.8123617535197,79566,1066,1575,17796,
260.8124883834772,79566,1065,1576,17796,
260.81362801759116,79565,1066,1576,17796,
260.81496980681743,79564,1067,1576,17796,
260.8159236703706,79564,1066,1577,17796,
260.8170139387473,79563,1067,1577,17796,
260.8203537502535,79563,1066,1578,17796,
260.8247534061881,79562,1067,1578,17796,
260.82743513430006,79562,1066,1579,17796,
260.8281749060882,79561,1067,1579,17796,
260.8329397182026,79561,1066,1580,17796,
260.83682692417665,79560,1067,1580,17796,
260.84275552837363,79560,1066,1581,17796,
260.8429667756297,79560,1065,1582,17796,
260.845316424499,79559,1066,1582,17796,
260.84581183135487,79559,1066,1581,17797,
260.8463229620497,79558,1067,1581,17797,
260.85318652485313,79558,1066,1582,17797,
260.85320491654545,79558,1066,1581,17798,
260.8532261182143,79558,1066,1580,17799,
260.85360372980057,79557,1067,1580,17799,
260.85448803865273,79557,1066,1581,17799,
260.8580260774619,79556,1067,1581,17799,
260.86165546979873,79556,1067,1580,17800,
260.86223607940394,79556,1066,1581,17800,
260.8640886048449,79556,1065,1582,17800,
260.8661000456429,79556,1064,1583,17800,
260.86622071183945,79555,1065,1583,17800,
260.86804584172177,79555,1065,1582,17801,
260.8720845386614,79555,1065,1581,17802,
260.87305333963343,79555,1064,1582,17802,
260.8737055220141,79554,1065,1582,17802,
260.8746332911877,79553,1066,1582,17802,
260.8753114672681,79553,1066,1581,17803,
260.87709690164235,79552,1067,1581,17803,
260.87728124248594,79551,1068,1581,17803,
260.8850681397268,79550,1069,1581,17803,
260.8863504666356,79549,1070,1581,17803,
260.8863659652591,79548,1071,1581,17803,
260.88830630821366,79547,1072,1581,17803,
260.8885339254671,79546,1073,1581,17803,
260.88883568469276,79546,1073,1580,17804,
260.889098974871,79545,1074,1580,17804,
260.8898451416853,79545,1074,1579,17805,
260.89101572015477,79545,1073,1580,17805,
260.8913231423983,79545,1072,1581,17805,
260.8915782503103,79545,1072,1580,17806,
260.891794147088,79545,1071,1581,17806,
260.8925963535769,79545,1071,1580,17807,
260.8950989257958,79544,1072,1580,17807,
260.9003833877548,79544,1072,1579,17808,
260.90379700049044,79543,1073,1579,17808,
260.9044690215522,79543,1073,1578,17809,
260.907347745519,79543,1073,1577,17810,
260.90989518564646,79543,1073,1576,17811,
260.9134182156516,79543,1073,1575,17812,
260.91570807846733,79543,1073,1574,17813,
260.9159995676108,79543,1073,1573,17814,
260.92296496243904,79542,1074,1573,17814,
260.92317553144005,79542,1074,1572,17815,
260.9248062471354,79542,1073,1573,17815,
260.9251628751655,79542,1072,1574,17815,
260.9283414492954,79541,1073,1574,17815,
260.9320788074491,79540,1074,1574,17815,
260.93437345908717,79540,1074,1573,17816,
260.9345448822053,79539,1075,1573,17816,
260.935713391989,79538,1076,1573,17816,
260.93636317097565,79537,1077,1573,17816,
260.9373378734293,79537,1077,1572,17817,
260.9378794669404,79537,1076,1573,17817,
260.93802690971967,79537,1076,1572,17818,
260.9397580408341,79537,1075,1573,17818,
260.94624602276065,79536,1076,1573,17818,
260.9476790708782,79535,1077,1573,17818,
260.948106828223,79534,1078,1573,17818,
260.95009589469663,79534,1078,1572,17819,
260.9516925797492,79534,1077,1573,17819,
260.9532952921515,79534,1077,1572,17820,
260.95341558069003,79534,1077,1571,17821,
260.95489032451184,79534,1077,1570,17822,
260.95550088037743,79534,1076,1571,17822,
260.9582662545456,79533,1077,1571,17822,
260.9585942837999,79532,1078,1571,17822,
260.96472652426814,79532,1077,1572,17822,
260.9660825940101,79531,1078,1572,17822,
260.96851773670176,79530,1079,1572,17822,
260.97067305241853,79530,1079,1571,17823,
260.97134582478503,79530,1078,1572,17823,
260.97222477256327,79529,1079,1572,17823,
260.9745843166094,79528,1080,1572,17823,
260.9747012287148,79527,1081,1572,17823,
260.97600748300886,79527,1080,1573,17823,
260.97916349044465,79526,1081,1573,17823,
260.97988603530405,79526,1080,1574,17823,
260.98587049381814,79526,1079,1575,17823,
260.99013259092686,79526,1078,1576,17823,
260.99065952689085,79526,1078,1575,17824,
260.9909178063065,79525,1079,1575,17824,
260.9910505596519,79525,1079,1574,17825,
260.99288012474125,79525,1078,1575,17825,
260.99420513569765,79525,1078,1574,17826,
260.99425998598156,79525,1078,1573,17827,
260.9972410443281,79524,1079,1573,17827,
260.99952965104416,79523,1080,1573,17827,
261.0008475278074,79522,1081,1573,17827,
261.00538874516826,79522,1080,1574,17827,
261.0057135342888,79522,1080,1573,17828,
261.01043614466874,79522,1080,1572,17829,
261.0113524599367,79521,1081,1572,17829,
261.01424815031396,79520,1082,1572,17829,
261.01780944342437,79520,1081,1573,17829,
261.0180875122983,79520,1081,1572,17830,
261.0182930215561,79520,1080,1573,17830,
261.0234553581257,79520,1079,1574,17830,
261.02412740518855,79520,1078,1575,17830,
261.0246224860053,79520,1078,1574,17831,
261.02618605701645,79520,1078,1573,17832,
261.0264771086605,79520,1078,1572,17833,
261.0271703732194,79519,1079,1572,17833,
261.0281099746477,79519,1079,1571,17834,
261.02905211775146,79519,1078,1572,17834,
261.0294373175143,79519,1078,1571,17835,
261.0301383936059,79519,1078,1570,17836,
261.0314730021992,79519,1077,1571,17836,
261.03300751738436,79518,1078,1571,17836,
261.03436336431173,79518,1078,1570,17837,
261.03535466435375,79518,1077,1571,17837,
261.0386079909505,79518,1076,1572,17837,
261.04139624648406,79517,1077,1572,17837,
261.04181122533186,79517,1076,1573,17837,
261.04237813558086,79516,1077,1573,17837,
261.04430716862095,79516,1076,1574,17837,
261.0444570464796,79515,1077,1574,17837,
261.0460912200468,79514,1078,1574,17837,
261.0470235717558,79514,1078,1573,17838,
261.0475708940889,79513,1079,1573,17838,
261.0492068294083,79513,1079,1572,17839,
261.04967110474746,79513,1079,1571,17840,
261.0496839728418,79513,1078,1572,17840,
261.04982046234795,79513,1077,1573,17840,
261.05264986910737,79513,1076,1574,17840,
261.05356300015205,79513,1075,1575,17840,
261.05465425657997,79513,1075,1574,17841,
261.0566436658527,79512,1076,1574,17841,
261.0598100624511,79512,1076,1573,17842,
261.0600953433867,79512,1075,1574,17842,
261.064595568619,79512,1074,1575,17842,
261.06790349892924,79512,1073,1576,17842,
261.0686038899681,79512,1073,1575,17843,
261.06904548004957,79512,1073,1574,17844,
261.0690798365982,79511,1074,1574,17844,
261.07016472522946,79511,1074,1573,17845,
261.07111494790684,79511,1073,1574,17845,
261.0723738557331,79510,1074,1574,17845,
261.07341360701264,79510,1074,1573,17846,
261.07437471418876,79509,1075,1573,17846,
261.07487081671394,79508,1076,1573,17846,
261.0755552458087,79507,1077,1573,17846,
261.0779944122302,79507,1076,1574,17846,
261.07909715123276,79507,1075,1575,17846,
261.0800160733553,79507,1075,1574,17847,
261.082207984084,79506,1076,1574,17847,
261.08279534059307,79505,1077,1574,17847,
261.084047435634,79504,1078,1574,17847,
261.08533790480186,79504,1077,1575,17847,
261.08638195356724,79504,1076,1576,17847,
261.0872591693443,79504,1075,1577,17847,
261.08883255843335,79503,1076,1577,17847,
261.0928254407392,79503,1075,1578,17847,
261.0928314458118,79503,1074,1579,17847,
261.09338623601434,79502,1075,1579,17847,
261.09341919164837,79502,1075,1578,17848,
261.09359242900007,79501,1076,1578,17848,
261.0960587210244,79501,1075,1579,17848,
261.09645059329324,79501,1074,1580,17848,
261.0976364117566,79501,1073,1581,17848,
261.0992182454399,79500,1074,1581,17848,
261.10013863448086,79500,1073,1582,17848,
261.1012278056907,79500,1072,1583,17848,
261.1023543369644,79499,1073,1583,17848,
261.10585875350444,79499,1072,1584,17848,
261.10884122406685,79499,1071,1585,17848,
261.11077718927106,79499,1071,1584,17849,
261.1135285895442,79499,1070,1585,17849,
261.1148682730631,79499,1069,1586,17849,
261.11503529731493,79499,1069,1585,17850,
261.1153150138995,79499,1068,1586,17850,
261.1168888580473,79498,1069,1586,17850,
261.11899443577863,79498,1068,1587,17850,
261.1190652430356,79497,1069,1587,17850,
261.12615336073867,79497,1069,1586,17851,
261.12760226489416,79496,1070,1586,17851,
261.1278094221973,79496,1069,1587,17851,
261.1293407069586,79495,1070,1587,17851,
261.1299956805425,79495,1069,1588,17851,
261.13223170530466,79494,1070,1588,17851,
261.1349640914788,79493,1071,1588,17851,
261.1362277781783,79492,1072,1588,17851,
261.1368505304455,79492,1071,1589,17851,
261.13706680886713,79492,1070,1590,17851,
261.13707326206014,79491,1071,1590,17851,
261.1380117871405,79490,1072,1590,17851,
261.1393382109102,79489,1073,1590,17851,
261.1395154354425,79489,1073,1589,17852,
261.13965365427595,79489,1072,1590,17852,
261.14065403561557,79489,1072,1589,17853,
261.145137400462,79488,1073,1589,17853,
261.1466884522793,79488,1073,1588,17854,
261.14676662008935,79487,1074,1588,17854,
261.1475815449347,79487,1074,1587,17855,
261.1501216666733,79487,1074,1586,17856,
261.15046731681264,79487,1074,1585,17857,
261.152546412296,79486,1075,1585,17857,
261.1554773567805,79485,1076,1585,17857,
261.15605780828366,79484,1077,1585,17857,
261.16186507200194,79483,1078,1585,17857,
261.1644901487615,79483,1078,1584,17858,
261.1655642554645,79483,1077,1585,17858,
261.16676887917623,79483,1076,1586,17858,
261.16725244471195,79482,1077,1586,17858,
261.1686604569496,79481,1078,1586,17858,
261.170775181136,79480,1079,1586,17858,
261.1708281158473,79479,1080,1586,17858,
261.17157957933074,79479,1080,1585,17859,
261.1741935307134,79478,1081,1585,17859,
261.17514561877044,79477,1082,1585,17859,
261.17736927414495,79477,1081,1586,17859,
261.17817757846757,79476,1082,1586,17859,
261.180497335886,79476,1081,1587,17859,
261.18499065555363,79475,1082,1587,17859,
261.1869977246166,79475,1081,1588,17859,
261.1878920855106,79474,1082,1588,17859,
261.1881439867069,79474,1082,1587,17860,
261.19024420429787,79474,1081,1588,17860,
261.190345986085,79474,1080,1589,17860,
261.1909739013877,79474,1079,1590,17860,
261.1961935450694,79473,1080,1590,17860,
261.1962340767316,79473,1079,1591,17860,
261.1965821912968,79472,1080,1591,17860,
261.19844505778565,79472,1079,1592,17860,
261.19849648486036,79472,1079,1591,17861,
261.1987542310969,79472,1079,1590,17862,
261.1994270800339,79472,1078,1591,17862,
261.20012851225084,79472,1077,1592,17862,
261.2013283075431,79472,1076,1593,17862,
261.2076475677659,79471,1077,1593,17862,
261.2118592819986,79470,1078,1593,17862,
261.21274972048565,79470,1078,1592,17863,
261.2131422719306,79469,1079,1592,17863,
261.2136539918627,79468,1080,1592,17863,
261.21384827543017,79467,1081,1592,17863,
261.21419565243025,79467,1081,1591,17864,
261.21500420234884,79466,1082,1591,17864,
261.2202129354171,79466,1082,1590,17865,
261.22163899639736,79466,1081,1591,17865,
261.2217429663795,79466,1080,1592,17865,
261.2263115765977,79466,1079,1593,17865,
261.2284232757188,79466,1078,1594,17865,
261.2284990218566,79466,1078,1593,17866,
261.2292201632358,79466,1078,1592,17867,
261.2306294997353,79466,1077,1593,17867,
261.2312606830971,79466,1076,1594,17867,
261.2315043357045,79466,1075,1595,17867,
261.23195499033835,79466,1074,1596,17867,
261.23208526557323,79465,1075,1596,17867,
261.23208729277906,79465,1074,1597,17867,
261.23294773862597,79464,1075,1597,17867,
261.2334550035176,79464,1075,1596,17868,
261.2339581122535,79464,1074,1597,17868,
261.2342688132727,79464,1074,1596,17869,
261.2342946686571,79464,1073,1597,17869,
261.23495276625243,79464,1073,1596,17870,
261.23504364383547,79464,1072,1597,17870,
261.23578517366366,79463,1073,1597,17870,
261.23773927215467,79462,1074,1597,17870,
261.23856139095045,79462,1074,1596,17871,
261.238915625575,79462,1073,1597,17871,
261.24243343331506,79461,1074,1597,17871,
261.24263803177644,79460,1075,1597,17871,
261.24616530657386,79460,1074,1598,17871,
261.2516963921793,79459,1075,1598,17871,
261.25334550500935,79459,1075,1597,17872,
261.25351364206756,79458,1076,1597,17872,
261.25639013526995,79458,1075,1598,17872,
261.2588035670923,79457,1076,1598,17872,
261.25963022961304,79457,1076,1597,17873,
261.2601583247509,79456,1077,1597,17873,
261.26114117085706,79455,1078,1597,17873,
261.2611817183793,79455,1077,1598,17873,
261.26158116876775,79454,1078,1598,17873,
261.262173178971,79453,1079,1598,17873,
261.26519045005074,79453,1079,1597,17874,
261.26699775170255,79452,1080,1597,17874,
261.27107460566515,79452,1079,1598,17874,
261.27198584522307,79452,1079,1597,17875,
261.2784994797769,79452,1079,1596,17876,
261.2791106907822,79452,1078,1597,17876,
261.2798192337701,79452,1077,1598,17876,
261.28196369916634,79452,1076,1599,17876,
261.28196495173233,79451,1077,1599,17876,
261.28304304818226,79451,1076,1600,17876,
261.2861294343595,79450,1077,1600,17876,
261.2892055918283,79450,1076,1601,17876,
261.29295618856395,79450,1075,1602,17876,
261.29368243235217,79449,1076,1602,17876,
261.295524875757,79449,1076,1601,17877,
261.29555105559893,79449,1075,1602,17877,
261.29596779992926,79449,1075,1601,17878,
261.2980186834096,79449,1074,1602,17878,
261.2984531874156,79449,1074,1601,17879,
261.2991075644964,79448,1075,1601,17879,
261.3028235907942,79448,1074,1602,17879,
261.3037750201257,79448,1074,1601,17880,
261.3044189014034,79448,1074,1600,17881,
261.31215825542387,79447,1075,1600,17881,
261.3128069719655,79446,1076,1600,17881,
261.31349507814315,79446,1075,1601,17881,
261.3152658635623,79446,1075,1600,17882,
261.3169204465686,79446,1074,1601,17882,
261.3215991108116,79446,1073,1602,17882,
261.3216025438783,79445,1074,1602,17882,
261.3223037192321,79445,1074,1601,17883,
261.3226762165387,79445,1073,1602,17883,
261.3260801495451,79445,1073,1601,17884,
261.32675911658913,79445,1072,1602,17884,
261.3268237394624,79445,1072,1601,17885,
261.3279100605024,79445,1071,1602,17885,
261.32804314232925,79444,1072,1602,17885,
261.330558720546,79444,1071,1603,17885,
261.33176589700867,79444,1070,1604,17885,
261.33220256142835,79444,1070,1603,17886,
261.3329449076429,79444,1070,1602,17887,
261.3330851974505,79444,1070,1601,17888,
261.3333375441127,79443,1071,1601,17888,
261.33471682670194,79443,1070,1602,17888,
261.3351929446718,79442,1071,1602,17888,
261.3382103555643,79441,1072,1602,17888,
261.3410718326101,79441,1072,1601,17889,
261.34415611070375,79440,1073,1601,17889,
261.34504385089315,79439,1074,1601,17889,
261.34580308043707,79439,1074,1600,17890,
261.3467297071494,79438,1075,1600,17890,
261.3470402870935,79438,1075,1599,17891,
261.3473046089519,79437,1076,1599,17891,
261.34831863521816,79437,1076,1598,17892,
261.35161254730565,79437,1075,1599,17892,
261.35276529385675,79436,1076,1599,17892,
261.35394235291795,79435,1077,1599,17892,
261.35632195415485,79435,1077,1598,17893,
261.3583239808259,79434,1078,1598,17893,
261.3645175491785,79433,1079,1598,17893,
261.3646073095269,79432,1080,1598,17893,
261.3652352982815,79432,1080,1597,17894,
261.3678441504836,79432,1080,1596,17895,
261.3688395006653,79432,1080,1595,17896,
261.3725026637384,79431,1081,1595,17896,
261.37282948193393,79431,1081,1594,17897,
261.3730478829868,79431,1081,1593,17898,
261.37413556366994,79431,1081,1592,17899,
261.37537802964664,79431,1081,1591,17900,
261.3753872377109,79430,1082,1591,17900,
261.37642977124045,79430,1081,1592,17900,
261.3776394991161,79430,1080,1593,17900,
261.3821344267356,79430,1079,1594,17900,
261.38719301680055,79430,1079,1593,17901,
261.38787413468555,79430,1079,1592,17902,
261.3886711185189,79429,1080,1592,17902,
261.38919464198625,79428,1081,1592,17902,
261.391089707767,79427,1082,1592,17902,
261.3992620652603,79427,1082,1591,17903,
261.4006840292842,79426,1083,1591,17903,
261.4008188823449,79425,1084,1591,17903,
261.400839638594,79425,1083,1592,17903,
261.4012635369335,79425,1083,1591,17904,
261.4029807295947,79424,1084,1591,17904,
261.40352496435037,79423,1085,1591,17904,
261.40393745327384,79423,1085,1590,17905,
261.4045301056997,79423,1085,1589,17906,
261.4050533655483,79422,1086,1589,17906,
261.40752292075473,79422,1085,1590,17906,
261.4077348039406,79421,1086,1590,17906,
261.4082179914597,79421,1086,1589,17907,
261.41474899514117,79421,1085,1590,17907,
261.41673261071924,79421,1084,1591,17907,
261.42017877391623,79421,1084,1590,17908,
261.42063683239286,79421,1084,1589,17909,
261.42257250518696,79420,1085,1589,17909,
261.42275057835184,79420,1084,1590,17909,
261.4286201562393,79419,1085,1590,17909,
261.43025370766685,79419,1085,1589,17910,
261.4302813070467,79419,1084,1590,17910,
261.43032843053766,79419,1084,1589,17911,
261.4310424428748,79419,1083,1590,17911,
261.432703276118,79419,1082,1591,17911,
261.4341682270703,79419,1081,1592,17911,
261.435906919791,79419,1080,1593,17911,
261.4371633164462,79419,1079,1594,17911,
261.43768223387224,79419,1079,1593,17912,
261.439146978206,79418,1080,1593,17912,
261.4394820247567,79418,1080,1592,17913,
261.4422857577153,79418,1079,1593,17913,
261.4430643248713,79417,1080,1593,17913,
261.44325969615966,79417,1079,1594,17913,
261.4452869973747,79417,1079,1593,17914,
261.4454546020048,79417,1078,1594,17914,
261.4482096668143,79417,1078,1593,17915,
261.4499142031831,79416,1079,1593,17915,
261.451537740978,79415,1080,1593,17915,
261.4526165651225,79415,1079,1594,17915,
261.45606206876846,79414,1080,1594,17915,
261.45820980409326,79413,1081,1594,17915,
261.45852596939096,79413,1080,1595,17915,
261.45879554132216,79412,1081,1595,17915,
261.46082517933417,79412,1081,1594,17916,
261.4620533565125,79412,1081,1593,17917,
261.46484996233823,79411,1082,1593,17917,
261.4654028272857,79411,1081,1594,17917,
261.4655461210961,79410,1082,1594,17917,
261.465905228005,79410,1081,1595,17917,
261.4686254839325,79410,1080,1596,17917,
261.4702161340845,79410,1079,1597,17917,
261.472766496467,79409,1080,1597,17917,
261.4739333552807,79409,1079,1598,17917,
261.47685233595274,79408,1080,1598,17917,
261.4802603854181,79407,1081,1598,17917,
261.4807668480131,79407,1080,1599,17917,
261.48225927529853,79407,1079,1600,17917,
261.48245250024746,79407,1078,1601,17917,
261.4850434188775,79407,1078,1600,17918,
261.48808286144833,79406,1079,1600,17918,
261.48836561118935,79405,1080,1600,17918,
261.4917614342436,79405,1080,1599,17919,
261.4926108846581,79405,1080,1598,17920,
261.4936619931192,79405,1079,1599,17920,
261.4942704030084,79405,1079,1598,17921,
261.49487265939564,79405,1079,1597,17922,
261.4957462044611,79404,1080,1597,17922,
261.49668538489067,79404,1079,1598,17922,
261.49736337734817,79404,1078,1599,17922,
261.497774710876,79403,1079,1599,17922,
261.5004236242466,79402,1080,1599,17922,
261.50402029059387,79402,1080,1598,17923,
261.5053052711049,79401,1081,1598,17923,
261.50591310501045,79400,1082,1598,17923,
261.5071213052845,79400,1082,1597,17924,
261.5093001671307,79400,1082,1596,17925,
261.50943783246646,79400,1082,1595,17926,
261.50978501557466,79399,1083,1595,17926,
261.51102457295184,79399,1082,1596,17926,
261.5145903501594,79398,1083,1596,17926,
261.51459063700423,79398,1083,1595,17927,
261.51478103753465,79398,1082,1596,17927,
261.5151713581624,79398,1081,1597,17927,
261.5152071471964,79397,1082,1597,17927,
261.51732544142425,79396,1083,1597,17927,
261.5177117367924,79396,1083,1596,17928,
261.5191121212666,79396,1083,1595,17929,
261.5207166105854,79395,1084,1595,17929,
261.5213519144567,79394,1085,1595,17929,
261.5254292231664,79394,1084,1596,17929,
261.5279136616303,79394,1083,1597,17929,
261.5295765398449,79393,1084,1597,17929,
261.52993897798,79392,1085,1597,17929,
261.5347052711264,79392,1084,1598,17929,
261.5351361618941,79392,1084,1597,17930,
261.5353650215736,79391,1085,1597,17930,
261.5356019732632,79391,1084,1598,17930,
261.53633010101606,79390,1085,1598,17930,
261.53639480760256,79390,1085,1597,17931,
261.53661601060764,79389,1086,1597,17931,
261.5375047024328,79388,1087,1597,17931,
261.5413981536806,79388,1087,1596,17932,
261.5454395213426,79388,1087,1595,17933,
261.54858843383425,79388,1086,1596,17933,
261.5510785199061,79388,1086,1595,17934,
261.5540402208206,79388,1086,1594,17935,
261.5544899119232,79387,1087,1594,17935,
261.5552113736504,79386,1088,1594,17935,
261.5590224860003,79386,1087,1595,17935,
261.55946339169463,79386,1087,1594,17936,
261.55951588254254,79385,1088,1594,17936,
261.5596656762477,79384,1089,1594,17936,
261.5620838100797,79384,1088,1595,17936,
261.5623001012615,79383,1089,1595,17936,
261.56352469828187,79383,1089,1594,17937,
261.56430178147036,79383,1089,1593,17938,
261.5647680827189,79383,1088,1594,17938,
261.5660445019964,79383,1087,1595,17938,
261.56746160506964,79383,1086,1596,17938,
261.5676614050268,79382,1087,1596,17938,
261.5682129211396,79382,1086,1597,17938,
261.5682666215557,79381,1087,1597,17938,
261.56925675448,79381,1087,1596,17939,
261.57050764998775,79380,1088,1596,17939,
261.57141593450353,79380,1087,1597,17939,
261.57142621368973,79379,1088,1597,17939,
261.57309843421615,79379,1088,1596,17940,
261.57343701983075,79378,1089,1596,17940,
261.57411348339525,79378,1089,1595,17941,
261.57834263129484,79378,1089,1594,17942,
261.5800292297035,79378,1089,1593,17943,
261.58258949841513,79378,1088,1594,17943,
261.5844550275781,79377,1089,1594,17943,
261.584893208951,79377,1089,1593,17944,
261.5865275139344,79377,1089,1592,17945,
261.5865320213936,79377,1089,1591,17946,
261.5889077149358,79376,1090,1591,17946,
261.5901845515545,79376,1089,1592,17946,
261.59077103037436,79376,1089,1591,17947,
261.5920784584749,79376,1089,1590,17948,
261.59420616756296,79376,1089,1589,17949,
261.5944485667995,79375,1090,1589,17949,
261.59567017222315,79374,1091,1589,17949,
261.59942619610297,79373,1092,1589,17949,
261.6004459658671,79373,1092,1588,17950,
261.6022813253697,79373,1091,1589,17950,
261.60323011507904,79373,1091,1588,17951,
261.60347981285145,79373,1090,1589,17951,
261.6061909741736,79372,1091,1589,17951,
261.60887271438105,79371,1092,1589,17951,
261.60949248843326,79370,1093,1589,17951,
261.6107982749274,79370,1093,1588,17952,
261.6124501684309,79369,1094,1588,17952,
261.6153908120366,79369,1093,1589,17952,
261.61640283600525,79369,1092,1590,17952,
261.6165070827645,79369,1091,1591,17952,
261.61817090776066,79368,1092,1591,17952,
261.6253017454474,79368,1091,1592,17952,
261.6257534767927,79368,1090,1593,17952,
261.6261157730178,79367,1091,1593,17952,
261.6286678202159,79367,1090,1594,17952,
261.62955930186047,79367,1089,1595,17952,
261.6307061282478,79366,1090,1595,17952,
261.6319868945949,79366,1090,1594,17953,
261.6321143981462,79365,1091,1594,17953,
261.6321877222907,79364,1092,1594,17953,
261.6351340893135,79364,1091,1595,17953,
261.63562454664384,79363,1092,1595,17953,
261.6392266049694,79363,1092,1594,17954,
261.6414730558175,79363,1091,1595,17954,
261.64160965654884,79363,1090,1596,17954,
261.643104296834,79362,1091,1596,17954,
261.6452053818245,79361,1092,1596,17954,
261.6539864667,79361,1091,1597,17954,
261.6583943604793,79361,1091,1596,17955,
261.6592884829147,79360,1092,1596,17955,
261.65958494517366,79359,1093,1596,17955,
261.6597580520356,79358,1094,1596,17955,
261.66017597417385,79358,1093,1597,17955,
261.6603313837558,79358,1093,1596,17956,
261.6612328517449,79358,1092,1597,17956,
261.66234721153904,79357,1093,1597,17956,
261.6635582724465,79357,1093,1596,17957,
261.6636038856909,79356,1094,1596,17957,
261.66395038419057,79356,1093,1597,17957,
261.6650229290208,79355,1094,1597,17957,
261.6663243202772,79355,1093,1598,17957,
261.66909520967494,79354,1094,1598,17957,
261.6710455168847,79354,1094,1597,17958,
261.67526865289517,79354,1093,1598,17958,
261.67564506586916,79354,1093,1597,17959,
261.6763353097568,79354,1092,1598,17959,
261.67744807703014,79354,1092,1597,17960,
261.6779070175466,79353,1093,1597,17960,
261.68165075741797,79352,1094,1597,17960,
261.68166222409025,79351,1095,1597,17960,
261.6821747091386,79350,1096,1597,17960,
261.683205555958,79350,1095,1598,17960,
261.6840603558578,79350,1094,1599,17960,
261.68475196969223,79349,1095,1599,17960,
261.6852437327328,79349,1095,1598,17961,
261.6858003803035,79348,1096,1598,17961,
261.6871831830671,79347,1097,1598,17961,
261.69182182308936,79347,1097,1597,17962,
261.6947333900947,79347,1097,1596,17963,
261.6972403733362,79346,1098,1596,17963,
261.69733674428215,79345,1099,1596,17963,
261.69889095743997,79345,1099,1595,17964,
261.7007580707228,79345,1098,1596,17964,
261.7010144253407,79344,1099,1596,17964,
261.70260435590046,79344,1099,1595,17965,
261.70273100601963,79343,1100,1595,17965,
261.7036397169133,79342,1101,1595,17965,
261.70368432192055,79341,1102,1595,17965,
261.7041569056315,79341,1101,1596,17965,
261.70438557575466,79341,1101,1595,17966,
261.70537092984614,79340,1102,1595,17966,
261.70593571842676,79340,1101,1596,17966,
261.70665720863724,79340,1100,1597,17966,
261.70731702241756,79340,1099,1598,17966,
261.70732899138966,79339,1100,1598,17966,
261.7096588686293,79339,1099,1599,17966,
261.71279316217334,79339,1098,1600,17966,
261.71356338641846,79338,1099,1600,17966,
261.7161886655877,79338,1099,1599,17967,
261.7171463013883,79337,1100,1599,17967,
261.7188439015633,79337,1100,1598,17968,
261.71988986013946,79336,1101,1598,17968,
261.7217916502418,79336,1101,1597,17969,
261.72687121349276,79335,1102,1597,17969,
261.7282910454386,79334,1103,1597,17969,
261.72832524532686,79333,1104,1597,17969,
261.72895170418826,79332,1105,1597,17969,
261.73058537314165,79332,1104,1598,17969,
261.7336554352995,79332,1103,1599,17969,
261.7339700093203,79331,1104,1599,17969,
261.7391709243159,79331,1104,1598,17970,
261.7398574868177,79331,1104,1597,17971,
261.74004201800886,79331,1104,1596,17972,
261.7411242349078,79330,1105,1596,17972,
261.74187254712024,79330,1105,1595,17973,
261.7425123565154,79329,1106,1595,17973,
261.74345803698793,79329,1105,1596,17973,
261.7443801879103,79328,1106,1596,17973,
261.74529673925616,79327,1107,1596,17973,
261.74567134813975,79326,1108,1596,17973,
261.7478792695962,79325,1109,1596,17973,
261.75030090495216,79325,1108,1597,17973,
261.75195380354984,79325,1108,1596,17974,
261.7524060643743,79324,1109,1596,17974,
261.7525487305498,79323,1110,1596,17974,
261.7541289798174,79322,1111,1596,17974,
261.75517697304167,79321,1112,1596,17974,
261.75752442384163,79321,1111,1597,17974,
261.75818772716434,79321,1111,1596,17975,
261.76039706683633,79320,1112,1596,17975,
261.7613078140348,79320,1111,1597,17975,
261.7657966858361,79319,1112,1597,17975,
261.766457345375,79319,1112,1596,17976,
261.7682862100532,79319,1112,1595,17977,
261.7691251198005,79319,1111,1596,17977,
261.77037224033285,79318,1112,1596,17977,
261.77333827930585,79318,1111,1597,17977,
261.7741842870494,79318,1111,1596,17978,
261.77514926465994,79317,1112,1596,17978,
261.77705952242667,79316,1113,1596,17978,
261.7796556639695,79316,1113,1595,17979,
261.7830218668491,79316,1112,1596,17979,
261.78423962274366,79316,1111,1597,17979,
261.78449989938395,79316,1111,1596,17980,
261.7852005403398,79315,1112,1596,17980,
261.7875802269683,79315,1112,1595,17981,
261.79143681920135,79314,1113,1595,17981,
261.79184096678387,79313,1114,1595,17981,
261.7939292860857,79313,1114,1594,17982,
261.79445122065863,79313,1114,1593,17983,
261.79588283753515,79313,1114,1592,17984,
261.79658185174725,79313,1114,1591,17985,
261.7968713676394,79312,1115,1591,17985,
261.7976906684876,79312,1114,1592,17985,
261.7983670194576,79311,1115,1592,17985,
261.79976646641586,79311,1115,1591,17986,
261.8006245746843,79311,1114,1592,17986,
261.8014338967857,79310,1115,1592,17986,
261.8057726052438,79309,1116,1592,17986,
261.8079015939721,79309,1115,1593,17986,
261.81170318324195,79308,1116,1593,17986,
261.81262669455515,79308,1116,1592,17987,
261.8130304259076,79308,1116,1591,17988,
261.8137745087667,79307,1117,1591,17988,
261.8139126352877,79306,1118,1591,17988,
261.8147625851253,79305,1119,1591,17988,
261.81524687485665,79305,1119,1590,17989,
261.81584390040996,79305,1118,1591,17989,
261.81731603681885,79305,1117,1592,17989,
261.8177539369361,79305,1117,1591,17990,
261.81963831642287,79305,1117,1590,17991,
261.82138466962596,79305,1116,1591,17991,
261.8234048777622,79304,1117,1591,17991,
261.83156117187053,79303,1118,1591,17991,
261.83194650812675,79303,1118,1590,17992,
261.83490326590845,79303,1118,1589,17993,
261.83784587938425,79303,1117,1590,17993,
261.8407817284058,79303,1116,1591,17993,
261.8423721677543,79302,1117,1591,17993,
261.8435709744296,79301,1118,1591,17993,
261.84536218651687,79301,1118,1590,17994,
261.84555917100937,79301,1117,1591,17994,
261.8466253002818,79301,1116,1592,17994,
261.847141396079,79301,1115,1593,17994,
261.8477915766648,79300,1116,1593,17994,
261.8568558187447,79300,1115,1594,17994,
261.8573831234554,79300,1115,1593,17995,
261.8587791029464,79300,1115,1592,17996,
261.8602013015308,79300,1114,1593,17996,
261.86126232130175,79299,1115,1593,17996,
261.8634906499141,79298,1116,1593,17996,
261.865028972168,79298,1115,1594,17996,
261.8661433304218,79297,1116,1594,17996,
261.8698603666981,79297,1115,1595,17996,
261.8702356052231,79297,1115,1594,17997,
261.87550890149123,79296,1116,1594,17997,
261.8788315452713,79296,1115,1595,17997,
261.8792731354215,79296,1114,1596,17997,
261.87980532025574,79296,1113,1597,17997,
261.88021781622405,79296,1112,1598,17997,
261.88096915079325,79296,1111,1599,17997,
261.88216886935635,79295,1112,1599,17997,
261.883429278991,79295,1112,1598,17998,
261.88633384738745,79295,1111,1599,17998,
261.8871664852974,79295,1110,1600,17998,
261.8876285445181,79295,1110,1599,17999,
261.8877071148769,79294,1111,1599,17999,
261.8900585800769,79294,1111,1598,18000,
261.89266593007943,79294,1111,1597,18001,
261.8938448441284,79294,1111,1596,18002,
261.89452523481293,79293,1112,1596,18002,
261.8948659370839,79293,1111,1597,18002,
261.8958081488198,79293,1110,1598,18002,
261.8971344113658,79292,1111,1598,18002,
261.89820365667697,79292,1110,1599,18002,
261.8993538514797,79292,1109,1600,18002,
261.9037231874135,79292,1108,1601,18002,
261.9041691118277,79292,1108,1600,18003,
261.9076336371382,79292,1107,1601,18003,
261.90770794497536,79292,1106,1602,18003,
261.9085313746006,79292,1105,1603,18003,
261.9094823008438,79292,1105,1602,18004,
261.91178483447095,79291,1106,1602,18004,
261.91189361764276,79291,1105,1603,18004,
261.91375045651796,79290,1106,1603,18004,
261.91572010894026,79289,1107,1603,18004,
261.9177630553337,79288,1108,1603,18004,
261.9206808777864,79288,1107,1604,18004,
261.92149803287555,79288,1107,1603,18005,
261.9237945692389,79287,1108,1603,18005,
261.9248630744795,79287,1107,1604,18005,
261.92567445373885,79287,1106,1605,18005,
261.9300218819162,79287,1106,1604,18006,
261.930330408833,79286,1107,1604,18006,
261.93270018156386,79285,1108,1604,18006,
261.932868080448,79284,1109,1604,18006,
261.93377806240653,79284,1108,1605,18006,
261.93834214792224,79283,1109,1605,18006,
261.9387014472411,79283,1109,1604,18007,
261.9404641671561,79282,1110,1604,18007,
261.9454217898345,79282,1109,1605,18007,
261.947728833882,79281,1110,1605,18007,
261.94972670090067,79281,1110,1604,18008,
261.9531034736886,79281,1110,1603,18009,
261.95462256191155,79281,1109,1604,18009,
261.9547747233709,79280,1110,1604,18009,
261.9567661596188,79279,1111,1604,18009,
261.9568329966164,79279,1111,1603,18010,
261.9598006104366,79279,1111,1602,18011,
261.9602716277797,79279,1111,1601,18012,
261.96053524942397,79279,1110,1602,18012,
261.9629197856963,79279,1109,1603,18012,
261.96357061426403,79279,1108,1604,18012,
261.9653776411328,79278,1109,1604,18012,
261.9659404328821,79278,1109,1603,18013,
261.96696302104834,79278,1108,1604,18013,
261.9684882388723,79278,1107,1605,18013,
261.9690272799044,79278,1106,1606,18013,
261.97471241547646,79278,1105,1607,18013,
261.9749448308851,79278,1105,1606,18014,
261.9765584012538,79278,1105,1605,18015,
261.9770848618288,79278,1104,1606,18015,
261.9823466426928,79278,1104,1605,18016,
261.98301230661866,79278,1104,1604,18017,
261.98426771636343,79277,1105,1604,18017,
261.98496067470325,79277,1104,1605,18017,
261.9858407861999,79276,1105,1605,18017,
261.987109403496,79276,1105,1604,18018,
261.98866020053856,79276,1104,1605,18018,
261.99444421367684,79275,1105,1605,18018,
261.99584673116476,79275,1104,1606,18018,
261.9960757556506,79275,1103,1607,18018,
261.9970492899499,79275,1102,1608,18018,
261.9970579674636,79274,1103,1608,18018,
261.99743682867285,79274,1103,1607,18019,
261.9980177587033,79274,1102,1608,18019,
262.00066276098454,79273,1103,1608,18019,
262.00280561096616,79273,1103,1607,18020,
262.0043951621852,79273,1103,1606,18021,
262.00448376255423,79273,1103,1605,18022,
262.0057340927559,79272,1104,1605,18022,
262.0062056989578,79272,1103,1606,18022,
262.006470162524,79272,1102,1607,18022,
262.0119095236714,79272,1101,1608,18022,
262.0130067856123,79272,1100,1609,18022,
262.01358541517595,79271,1101,1609,18022,
262.01370395961163,79270,1102,1609,18022,
262.0146974913911,79270,1102,1608,18023,
262.01841135647607,79270,1101,1609,18023,
262.02136799603755,79269,1102,1609,18023,
262.02323011147973,79269,1102,1608,18024,
262.0233703459518,79269,1101,1609,18024,
262.02543072737336,79268,1102,1609,18024,
262.0257247296093,79268,1101,1610,18024,
262.02608265472895,79268,1101,1609,18025,
262.0263633240423,79268,1101,1608,18026,
262.0272941245227,79268,1101,1607,18027,
262.0276492323952,79267,1102,1607,18027,
262.02959569167297,79266,1103,1607,18027,
262.02991304017917,79266,1103,1606,18028,
262.03037343521294,79265,1104,1606,18028,
262.03192604044824,79264,1105,1606,18028,
262.0319636118092,79264,1104,1607,18028,
262.0355489400353,79264,1104,1606,18029,
262.0368123791821,79263,1105,1606,18029,
262.03739308574575,79263,1105,1605,18030,
262.03961934761764,79263,1104,1606,18030,
262.0414303839323,79263,1104,1605,18031,
262.0434519105483,79262,1105,1605,18031,
262.0442413604069,79261,1106,1605,18031,
262.04572962658347,79260,1107,1605,18031,
262.04980645194735,79259,1108,1605,18031,
262.0516868818931,79259,1107,1606,18031,
262.05827496690904,79258,1108,1606,18031,
262.06231067279646,79257,1109,1606,18031,
262.0647638617799,79256,1110,1606,18031,
262.066808660888,79255,1111,1606,18031,
262.06813681243887,79255,1110,1607,18031,
262.06824077006956,79254,1111,1607,18031,
262.06907146462424,79254,1111,1606,18032,
262.07501637168974,79254,1111,1605,18033,
262.0760069319008,79253,1112,1605,18033,
262.07714117091484,79252,1113,1605,18033,
262.07735491714567,79251,1114,1605,18033,
262.07926875937306,79250,1115,1605,18033,
262.07995328510066,79250,1115,1604,18034,
262.0801599872731,79250,1115,1603,18035,
262.0839994842187,79250,1115,1602,18036,
262.0872457128296,79250,1114,1603,18036,
262.0905412165418,79249,1115,1603,18036,
262.0919590527225,79248,1116,1603,18036,
262.09224630075045,79247,1117,1603,18036,
262.09347919923437,79247,1117,1602,18037,
262.0958323304413,79246,1118,1602,18037,
262.0992832368497,79246,1118,1601,18038,
262.0993872874651,79245,1119,1601,18038,
262.1006293303012,79245,1119,1600,18039,
262.10148742122624,79245,1119,1599,18040,
262.1031262181341,79244,1120,1599,18040,
262.10429908266445,79244,1119,1600,18040,
262.1045142803895,79244,1119,1599,18041,
262.11008575712077,79244,1118,1600,18041,
262.1107696972031,79243,1119,1600,18041,
262.11332377107414,79242,1120,1600,18041,
262.1166374386404,79241,1121,1600,18041,
262.11822890107567,79241,1121,1599,18042,
262.1207125605096,79241,1120,1600,18042,
262.122841988991,79240,1121,1600,18042,
262.12483224750605,79239,1122,1600,18042,
262.12771883400944,79238,1123,1600,18042,
262.12940391016946,79238,1122,1601,18042,
262.1329218553318,79237,1123,1601,18042,
262.1368776028443,79237,1123,1600,18043,
262.13800469882216,79237,1123,1599,18044,
262.14025910499913,79237,1122,1600,18044,
262.1406494883918,79237,1121,1601,18044,
262.14459123583407,79237,1121,1600,18045,
262.1456159985919,79237,1120,1601,18045,
262.1475223614868,79237,1120,1600,18046,
262.1476194436236,79237,1119,1601,18046,
262.14766785159964,79236,1120,1601,18046,
262.15518671225306,79236,1120,1600,18047,
262.15538352670285,79236,1119,1601,18047,
262.1555174242813,79236,1119,1600,18048,
262.15564406546736,79236,1118,1601,18048,
262.16152700621586,79236,1118,1600,18049,
262.16744353619754,79235,1119,1600,18049,
262.16786037748017,79235,1119,1599,18050,
262.16808218346733,79234,1120,1599,18050,
262.1687817238367,79234,1119,1600,18050,
262.1719670968763,79234,1119,1599,18051,
262.17529188364,79234,1118,1600,18051,
262.17765113086284,79234,1118,1599,18052,
262.1778372635295,79233,1119,1599,18052,
262.18104246241546,79233,1118,1600,18052,
262.181921306431,79232,1119,1600,18052,
262.1823821477864,79232,1119,1599,18053,
262.18436618922186,79232,1119,1598,18054,
262.18458976262787,79232,1119,1597,18055,
262.18943391329583,79231,1120,1597,18055,
262.1899079648182,79230,1121,1597,18055,
262.19107061940014,79230,1121,1596,18056,
262.1919626952965,79230,1121,1595,18057,
262.1952694270166,79230,1121,1594,18058,
262.19681654593427,79229,1122,1594,18058,
262.1974003808021,79229,1121,1595,18058,
262.1984432501837,79229,1121,1594,18059,
262.19870028208004,79228,1122,1594,18059,
262.19983159363045,79228,1121,1595,18059,
262.20094851363007,79228,1120,1596,18059,
262.2012845521525,79227,1121,1596,18059,
262.2028117086243,79226,1122,1596,18059,
262.2043894915225,79225,1123,1596,18059,
262.2055214805164,79224,1124,1596,18059,
262.20680127539754,79224,1123,1597,18059,
262.2073310466959,79224,1123,1596,18060,
262.20787979267817,79223,1124,1596,18060,
262.20933734064414,79223,1123,1597,18060,
262.2100476634954,79223,1123,1596,18061,
262.2101346584286,79222,1124,1596,18061,
262.21408019331346,79222,1123,1597,18061,
262.21442165075933,79222,1122,1598,18061,
262.21462104508214,79222,1121,1599,18061,
262.21590622413754,79222,1120,1600,18061,
262.2175255416511,79222,1120,1599,18062,
262.21810155834606,79222,1119,1600,18062,
262.21836824875436,79221,1120,1600,18062,
262.21885833670854,79221,1119,1601,18062,
262.2205435247648,79221,1119,1600,18063,
262.2211124786211,79221,1119,1599,18064,
262.2222898060175,79220,1120,1599,18064,
262.223461657748,79219,1121,1599,18064,
262.2284851491717,79219,1120,1600,18064,
262.2302264121619,79218,1121,1600,18064,
262.2315843716559,79217,1122,1600,18064,
262.2335846968532,79217,1121,1601,18064,
262.2358265814839,79217,1120,1602,18064,
262.2365647887541,79217,1120,1601,18065,
262.23760138977946,79216,1121,1601,18065,
262.23973452952157,79216,1121,1600,18066,
262.24356909053375,79216,1121,1599,18067,
262.24816403580314,79215,1122,1599,18067,
262.2484845040918,79215,1122,1598,18068,
262.2505498569087,79214,1123,1598,18068,
262.2517974374467,79214,1122,1599,18068,
262.2523948592766,79214,1122,1598,18069,
262.25580039469924,79213,1123,1598,18069,
262.2588088167834,79212,1124,1598,18069,
262.25934766013756,79212,1124,1597,18070,
262.2594088045824,79212,1123,1598,18070,
262.263555311484,79212,1122,1599,18070,
262.2635739400047,79212,1121,1600,18070,
262.26373449127783,79211,1122,1600,18070,
262.26428641303534,79211,1121,1601,18070,
262.26561145304674,79211,1121,1600,18071,
262.26744702558017,79211,1120,1601,18071,
262.2677978583882,79211,1119,1602,18071,
262.26790535405354,79211,1119,1601,18072,
262.2686612263651,79211,1118,1602,18072,
262.26906038848676,79211,1117,1603,18072,
262.27230911906304,79211,1116,1604,18072,
262.2728503216417,79211,1115,1605,18072,
262.2738249157765,79210,1116,1605,18072,
262.2738946633419,79210,1115,1606,18072,
262.2753550003202,79209,1116,1606,18072,
262.27694572781786,79208,1117,1606,18072,
262.27832018546604,79207,1118,1606,18072,
262.27971179830627,79207,1118,1605,18073,
262.2814655674373,79207,1118,1604,18074,
262.2825292415846,79207,1117,1605,18074,
262.28320734807886,79207,1116,1606,18074,
262.28344671698414,79207,1115,1607,18074,
262.28463577052,79206,1116,1607,18074,
262.28585016284967,79206,1115,1608,18074,
262.28630870795894,79206,1114,1609,18074,
262.2874427058693,79205,1115,1609,18074,
262.2892371848521,79205,1114,1610,18074,
262.2901933891965,79205,1113,1611,18074,
262.2902827462515,79204,1114,1611,18074,
262.2913583945431,79204,1113,1612,18074,
262.29160798506985,79204,1113,1611,18075,
262.2936281420099,79204,1112,1612,18075,
262.29547895449303,79204,1111,1613,18075,
262.2958252533426,79203,1112,1613,18075,
262.2967315744585,79202,1113,1613,18075,
262.29777578043326,79201,1114,1613,18075,
262.2984959292743,79201,1114,1612,18076,
262.2986436923876,79201,1113,1613,18076,
262.2997327640917,79201,1113,1612,18077,
262.30046959118755,79201,1112,1613,18077,
262.30052754635113,79200,1113,1613,18077,
262.3007625379028,79200,1113,1612,18078,
262.30193654169983,79200,1112,1613,18078,
262.30433711984875,79200,1112,1612,18079,
262.3058289934859,79200,1111,1613,18079,
262.3089565343257,79200,1110,1614,18079,
262.3095702698835,79200,1110,1613,18080,
262.3101003070287,79199,1111,1613,18080,
262.3124852155138,79198,1112,1613,18080,
262.31987914091303,79197,1113,1613,18080,
262.3214045148756,79197,1112,1614,18080,
262.3229014044085,79197,1111,1615,18080,
262.32296308845116,79196,1112,1615,18080,
262.3258669050653,79196,1111,1616,18080,
262.3260871739273,79195,1112,1616,18080,
262.32651468159025,79194,1113,1616,18080,
262.3274278756493,79194,1112,1617,18080,
262.3283237303447,79194,1111,1618,18080,
262.32906031928934,79193,1112,1618,18080,
262.33266873967074,79193,1111,1619,18080,
262.3354621259209,79193,1111,1618,18081,
262.33578139921735,79193,1110,1619,18081,
262.3370619074483,79193,1110,1618,18082,
262.33730075943737,79193,1110,1617,18083,
262.3419071172409,79193,1110,1616,18084,
262.3425886970308,79193,1109,1617,18084,
262.3431149377797,79193,1108,1618,18084,
262.34461497302607,79192,1109,1618,18084,
262.3449514588904,79192,1108,1619,18084,
262.3454688207637,79192,1108,1618,18085,
262.3487602724898,79192,1108,1617,18086,
262.35009315494733,79192,1107,1618,18086,
262.35430608924696,79192,1106,1619,18086,
262.3544557253537,79191,1107,1619,18086,
262.3554088334447,79191,1107,1618,18087,
262.35552626010684,79190,1108,1618,18087,
262.35884082172583,79190,1108,1617,18088,
262.3594214775375,79190,1107,1618,18088,
262.3613859739778,79190,1107,1617,18089,
262.36298125432677,79190,1107,1616,18090,
262.3634898721597,79190,1106,1617,18090,
262.3644993210423,79189,1107,1617,18090,
262.36475370624555,79189,1107,1616,18091,
262.3651630556097,79188,1108,1616,18091,
262.36542374285443,79187,1109,1616,18091,
262.3654320855239,79187,1108,1617,18091,
262.3660899653556,79187,1108,1616,18092,
262.3707360430131,79187,1108,1615,18093,
262.37092502705866,79186,1109,1615,18093,
262.3719358138322,79186,1108,1616,18093,
262.3720739076067,79185,1109,1616,18093,
262.37365100416906,79184,1110,1616,18093,
262.37424392670596,79184,1110,1615,18094,
262.37541702108365,79183,1111,1615,18094,
262.3760178756155,79182,1112,1615,18094,
262.3763403836199,79181,1113,1615,18094,
262.37688197666614,79180,1114,1615,18094,
262.3790178075907,79179,1115,1615,18094,
262.37954838017265,79179,1115,1614,18095,
262.37962749346156,79179,1114,1615,18095,
262.38053562210524,79179,1114,1614,18096,
262.38105489575895,79179,1113,1615,18096,
262.3819655293859,79179,1112,1616,18096,
262.38215666015674,79179,1112,1615,18097,
262.3850357350824,79178,1113,1615,18097,
262.38689526759254,79177,1114,1615,18097,
262.3869334727525,79177,1113,1616,18097,
262.3873854584353,79176,1114,1616,18097,
262.3913484621856,79176,1114,1615,18098,
262.3926525066405,79176,1113,1616,18098,
262.3940490389465,79175,1114,1616,18098,
262.39469163345416,79175,1113,1617,18098,
262.3950554726038,79174,1114,1617,18098,
262.3971759379891,79173,1115,1617,18098,
262.39784221158726,79172,1116,1617,18098,
262.398983360288,79171,1117,1617,18098,
262.39934306300916,79171,1116,1618,18098,
262.4014682369896,79171,1115,1619,18098,
262.40150470537964,79170,1116,1619,18098,
262.40324790135634,79170,1116,1618,18099,
262.40490447636165,79169,1117,1618,18099,
262.4049445585727,79169,1116,1619,18099,
262.40901820049595,79169,1115,1620,18099,
262.4107853530342,79169,1114,1621,18099,
262.4170181246999,79169,1113,1622,18099,
262.4183513830885,79169,1113,1621,18100,
262.4192765237904,79168,1114,1621,18100,
262.4297288595739,79168,1113,1622,18100,
262.43114517355116,79167,1114,1622,18100,
262.43429267067967,79166,1115,1622,18100,
262.4346307198,79166,1115,1621,18101,
262.43718292769864,79166,1114,1622,18101,
262.43899443180527,79166,1114,1621,18102,
262.43911268839,79166,1114,1620,18103,
262.4393725554079,79165,1115,1620,18103,
262.4421390628198,79164,1116,1620,18103,
262.4456920536034,79164,1116,1619,18104,
262.44664522067325,79164,1115,1620,18104,
262.44677040341276,79164,1114,1621,18104,
262.4477021733577,79163,1115,1621,18104,
262.44872180288337,79163,1115,1620,18105,
262.4488646067034,79163,1115,1619,18106,
262.44907907836256,79162,1116,1619,18106,
262.4492803129471,79162,1115,1620,18106,
262.4496404069968,79162,1115,1619,18107,
262.45063921007505,79162,1114,1620,18107,
262.4510481078105,79162,1114,1619,18108,
262.4544028471168,79162,1114,1618,18109,
262.4593717864595,79162,1114,1617,18110,
262.4605849556207,79162,1113,1618,18110,
262.46106024108326,79162,1112,1619,18110,
262.4666848014362,79161,1113,1619,18110,
262.4695218013547,79160,1114,1619,18110,
262.4701511361743,79160,1114,1618,18111,
262.4705907521202,79160,1113,1619,18111,
262.47180245943497,79159,1114,1619,18111,
262.47216987120146,79159,1113,1620,18111,
262.4746226542039,79159,1112,1621,18111,
262.4768439976376,79158,1113,1621,18111,
262.476886218505,79158,1112,1622,18111,
262.4770657340226,79158,1111,1623,18111,
262.4770913138637,79158,1111,1622,18112,
262.481077581307,79157,1112,1622,18112,
262.4814476476318,79157,1111,1623,18112,
262.48446852642735,79157,1111,1622,18113,
262.4897890017776,79157,1110,1623,18113,
262.4966425510167,79156,1111,1623,18113,
262.49772514925013,79156,1111,1622,18114,
262.49800418296394,79156,1111,1621,18115,
262.4986207060477,79155,1112,1621,18115,
262.5042387564781,79154,1113,1621,18115,
262.5043181479416,79153,1114,1621,18115,
262.5045385789838,79153,1114,1620,18116,
262.5045846242555,79153,1113,1621,18116,
262.5078794454761,79153,1112,1622,18116,
262.508395871284,79153,1111,1623,18116,
262.5085409565514,79153,1111,1622,18117,
262.5090230122843,79153,1110,1623,18117,
262.51414775102364,79153,1109,1624,18117,
262.51415258086803,79153,1108,1625,18117,
262.51661973800043,79153,1108,1624,18118,
262.51743138724464,79153,1107,1625,18118,
262.51761623063885,79153,1106,1626,18118,
262.5183006138887,79152,1107,1626,18118,
262.5191779375599,79152,1106,1627,18118,
262.51941102047226,79152,1105,1628,18118,
262.5207946325964,79152,1105,1627,18119,
262.52143322599954,79152,1104,1628,18119,
262.52158445191657,79152,1104,1627,18120,
262.52425436707364,79152,1103,1628,18120,
262.5304611021454,79151,1104,1628,18120,
262.53361703401845,79151,1104,1627,18121,
262.5336259881757,79151,1103,1628,18121,
262.5361494758681,79151,1103,1627,18122,
262.53901825185415,79151,1103,1626,18123,
262.54287607977966,79150,1104,1626,18123,
262.54462883359355,79150,1103,1627,18123,
262.5473130688053,79149,1104,1627,18123,
262.5490479084999,79148,1105,1627,18123,
262.55490071618624,79148,1104,1628,18123,
262.5570183919166,79148,1103,1629,18123,
262.557391828519,79148,1102,1630,18123,
262.56420443700927,79148,1101,1631,18123,
262.5667735100787,79148,1101,1630,18124,
262.56767768973555,79147,1102,1630,18124,
262.5717791396991,79147,1101,1631,18124,
262.57198788424097,79147,1101,1630,18125,
262.5737076485122,79147,1101,1629,18126,
262.57372389770524,79147,1101,1628,18127,
262.574444904969,79146,1102,1628,18127,
262.5749033567114,79146,1101,1629,18127,
262.5782205780457,79146,1101,1628,18128,
262.57836064198546,79146,1100,1629,18128,
262.5821116605212,79146,1099,1630,18128,
262.5834360384572,79145,1100,1630,18128,
262.58351294814713,79144,1101,1630,18128,
262.5853500100268,79144,1100,1631,18128,
262.5859742232635,79144,1099,1632,18128,
262.59170029791403,79143,1100,1632,18128,
262.5917362592869,79143,1099,1633,18128,
262.59407714691446,79143,1099,1632,18129,
262.5941886631045,79143,1099,1631,18130,
262.59480521901787,79142,1100,1631,18130,
262.59651362188146,79142,1099,1632,18130,
262.5966831182081,79142,1099,1631,18131,
262.59760680978457,79142,1099,1630,18132,
262.59977324206113,79141,1100,1630,18132,
262.6013006531356,79141,1099,1631,18132,
262.6013819652539,79140,1100,1631,18132,
262.6017301748404,79139,1101,1631,18132,
262.602050346898,79139,1100,1632,18132,
262.6020544909249,79139,1100,1631,18133,
262.60231010872405,79139,1099,1632,18133,
262.60521246148323,79139,1098,1633,18133,
262.60532962083056,79138,1099,1633,18133,
262.60560495895174,79138,1098,1634,18133,
262.6064913135002,79138,1097,1635,18133,
262.6077233523082,79137,1098,1635,18133,
262.6079059442198,79137,1098,1634,18134,
262.60960200166437,79136,1099,1634,18134,
262.60972144085247,79136,1099,1633,18135,
262.61072667638456,79136,1098,1634,18135,
262.6120451375916,79136,1097,1635,18135,
262.61209405419413,79136,1097,1634,18136,
262.6129112715398,79136,1097,1633,18137,
262.61568915662656,79136,1096,1634,18137,
262.61572186609743,79136,1096,1633,18138,
262.61589473503483,79136,1096,1632,18139,
262.6174660500278,79136,1096,1631,18140,
262.6189512370493,79136,1096,1630,18141,
262.62004180888334,79135,1097,1630,18141,
262.6235553327407,79135,1097,1629,18142,
262.62440354490946,79135,1096,1630,18142,
262.6272678756909,79134,1097,1630,18142,
262.62781812739865,79134,1096,1631,18142,
262.6324051042404,79134,1095,1632,18142,
262.6339556044824,79134,1095,1631,18143,
262.6351724522093,79134,1094,1632,18143,
262.6353876580684,79134,1093,1633,18143,
262.6361151486045,79133,1094,1633,18143,
262.6376944970616,79133,1094,1632,18144,
262.63915072408275,79133,1093,1633,18144,
262.64847329380603,79133,1093,1632,18145,
262.6492149582921,79133,1093,1631,18146,
262.64941224034436,79132,1094,1631,18146,
262.65051478950284,79131,1095,1631,18146,
262.6529410839144,79131,1094,1632,18146,
262.6535004018446,79131,1093,1633,18146,
262.6568560846131,79131,1092,1634,18146,
262.6583168973162,79131,1091,1635,18146,
262.66333531517546,79131,1090,1636,18146,
262.66378133609334,79130,1091,1636,18146,
262.6643602619365,79130,1091,1635,18147,
262.664390923842,79130,1091,1634,18148,
262.66488170628054,79129,1092,1634,18148,
262.66756917783204,79128,1093,1634,18148,
262.667871495963,79128,1093,1633,18149,
262.67022900802834,79127,1094,1633,18149,
262.6714256608787,79127,1094,1632,18150,
262.67166342433785,79127,1093,1633,18150,
262.67210978344565,79126,1094,1633,18150,
262.6760742625632,79125,1095,1633,18150,
262.67776749809354,79125,1094,1634,18150,
262.68023924396323,79125,1094,1633,18151,
262.68172464899214,79124,1095,1633,18151,
262.6842632814911,79124,1094,1634,18151,
262.6967345871994,79124,1093,1635,18151,
262.6982613263326,79123,1094,1635,18151,
262.6987125561407,79122,1095,1635,18151,
262.698914919961,79122,1095,1634,18152,
262.6995170854585,79121,1096,1634,18152,
262.70024918404823,79120,1097,1634,18152,
262.7024180276265,79120,1097,1633,18153,
262.7036068808335,79120,1097,1632,18154,
262.70394532772383,79119,1098,1632,18154,
262.7041970751201,79118,1099,1632,18154,
262.7065059227243,79118,1098,1633,18154,
262.7091186593955,79117,1099,1633,18154,
262.7098972298547,79117,1099,1632,18155,
262.7104497328678,79117,1098,1633,18155,
262.71114609184485,79116,1099,1633,18155,
262.71206834477664,79116,1098,1634,18155,
262.71592942138597,79116,1098,1633,18156,
262.7196824737368,79116,1098,1632,18157,
262.72360746709217,79116,1097,1633,18157,
262.7237539537468,79116,1097,1632,18158,
262.7249885793309,79116,1096,1633,18158,
262.7250391874994,79116,1096,1632,18159,
262.7283281547076,79115,1097,1632,18159,
262.73132838777866,79114,1098,1632,18159,
262.7356508315156,79114,1097,1633,18159,
262.7361786779889,79113,1098,1633,18159,
262.7383102476338,79113,1097,1634,18159,
262.74013237602907,79113,1097,1633,18160,
262.7414276876532,79113,1096,1634,18160,
262.7420265001444,79112,1097,1634,18160,
262.7421191060803,79112,1097,1633,18161,
262.7455448732455,79111,1098,1633,18161,
262.7467907503712,79110,1099,1633,18161,
262.7473212696185,79109,1100,1633,18161,
262.74830766132584,79109,1099,1634,18161,
262.75175157360155,79109,1099,1633,18162,
262.75219859029914,79109,1099,1632,18163,
262.7531619352835,79109,1098,1633,18163,
262.7540153792153,79109,1098,1632,18164,
262.75439211025406,79109,1097,1633,18164,
262.7551400530974,79108,1098,1633,18164,
262.7554078006904,79108,1097,1634,18164,
262.7561470047096,79108,1096,1635,18164,
262.75710285074047,79107,1097,1635,18164,
262.7601646411527,79107,1097,1634,18165,
262.76057355646526,79107,1096,1635,18165,
262.76063511722606,79107,1096,1634,18166,
262.76164575163637,79107,1096,1633,18167,
262.76191190913295,79106,1097,1633,18167,
262.7637361836503,79105,1098,1633,18167,
262.766419421763,79105,1097,1634,18167,
262.7665756842731,79104,1098,1634,18167,
262.76833644495895,79104,1097,1635,18167,
262.76886123884566,79104,1097,1634,18168,
262.7706038670246,79103,1098,1634,18168,
262.7715138868454,79103,1098,1633,18169,
262.7716820243416,79103,1098,1632,18170,
262.7749656185721,79103,1097,1633,18170,
262.77512221083634,79103,1096,1634,18170,
262.77656708643855,79103,1096,1633,18171,
262.776844707403,79103,1096,1632,18172,
262.77737843466304,79102,1097,1632,18172,
262.7785873589354,79102,1097,1631,18173,
262.77911862668657,79102,1097,1630,18174,
262.78187677015416,79102,1096,1631,18174,
262.7840307272895,79102,1095,1632,18174,
262.7860846540039,79101,1096,1632,18174,
262.7871634281065,79101,1095,1633,18174,
262.7871980226033,79101,1095,1632,18175,
262.7885507464626,79101,1095,1631,18176,
262.7892403409055,79101,1094,1632,18176,
262.7925342142045,79101,1094,1631,18177,
262.7950238377639,79100,1095,1631,18177,
262.7974710251338,79100,1095,1630,18178,
262.79879972007916,79100,1094,1631,18178,
262.79939169850286,79099,1095,1631,18178,
262.8067067053763,79098,1096,1631,18178,
262.807235554037,79098,1095,1632,18178,
262.81215776628,79098,1094,1633,18178,
262.81659775371884,79097,1095,1633,18178,
262.81763145296065,79097,1095,1632,18179,
262.82428595370334,79097,1095,1631,18180,
262.8266244871238,79097,1094,1632,18180,
262.8290647284703,79097,1094,1631,18181,
262.8300581829748,79097,1094,1630,18182,
262.83128324541013,79097,1093,1631,18182,
262.8323033572361,79097,1093,1630,18183,
262.83863914358614,79097,1093,1629,18184,
262.8406582815093,79096,1094,1629,18184,
262.84096684684243,79096,1094,1628,18185,
262.8410650144265,79095,1095,1628,18185,
262.8447586544367,79095,1095,1627,18186,
262.8478414952201,79095,1094,1628,18186,
262.8506815577005,79095,1093,1629,18186,
262.8547169845323,79095,1093,1628,18187,
262.856233083469,79095,1092,1629,18187,
262.85749762553434,79095,1091,1630,18187,
262.8576113378842,79095,1090,1631,18187,
262.86054931657264,79095,1090,1630,18188,
262.8633749278514,79094,1091,1630,18188,
262.86477778122287,79094,1090,1631,18188,
262.86630038759785,79094,1089,1632,18188,
262.8673593969187,79093,1090,1632,18188,
262.8676522289862,79093,1089,1633,18188,
262.87447637934736,79093,1088,1634,18188,
262.8766702395812,79092,1089,1634,18188,
262.87835560009404,79092,1089,1633,18189,
262.88282817123826,79091,1090,1633,18189,
262.88368407925606,79091,1090,1632,18190,
262.8843345002456,79091,1090,1631,18191,
262.8843921541492,79090,1091,1631,18191,
262.8855909868586,79089,1092,1631,18191,
262.8857434630854,79089,1092,1630,18192,
262.88600471090933,79089,1091,1631,18192,
262.88708344692196,79089,1090,1632,18192,
262.8875583051996,79089,1089,1633,18192,
262.89007910416115,79089,1088,1634,18192,
262.8904595968306,79088,1089,1634,18192,
262.89077611926615,79088,1089,1633,18193,
262.89135792591037,79088,1089,1632,18194,
262.89140679029794,79088,1088,1633,18194,
262.89192402511725,79088,1088,1632,18195,
262.8922927145206,79088,1087,1633,18195,
262.89543953179526,79088,1086,1634,18195,
262.8961089525042,79088,1085,1635,18195,
262.8973086024235,79087,1086,1635,18195,
262.8989262791796,79086,1087,1635,18195,
262.8994251766073,79085,1088,1635,18195,
262.9019076319004,79085,1087,1636,18195,
262.9038864668711,79085,1086,1637,18195,
262.9083818498503,79085,1085,1638,18195,
262.9102067664037,79085,1085,1637,18196,
262.91509977470014,79085,1084,1638,18196,
262.91559598678685,79085,1084,1637,18197,
262.9160373066179,79085,1084,1636,18198,
262.91919279681036,79085,1084,1635,18199,
262.9193738092232,79085,1084,1634,18200,
262.91970681398794,79084,1085,1634,18200,
262.92044804257563,79084,1084,1635,18200,
262.9232942545228,79084,1083,1636,18200,
262.9249894348563,79084,1082,1637,18200,
262.9259375358582,79083,1083,1637,18200,
262.9280233633069,79083,1082,1638,18200,
262.9282081316549,79083,1082,1637,18201,
262.92848894681237,79082,1083,1637,18201,
262.9288385794842,79082,1082,1638,18201,
262.92935106043467,79081,1083,1638,18201,
262.93122806151223,79081,1083,1637,18202,
262.93385868777904,79080,1084,1637,18202,
262.93561233963794,79080,1084,1636,18203,
262.93575855816533,79079,1085,1636,18203,
262.9357844841304,79078,1086,1636,18203,
262.9381194146401,79077,1087,1636,18203,
262.94163051705317,79077,1087,1635,18204,
262.94215838717844,79077,1086,1636,18204,
262.9451376598007,79076,1087,1636,18204,
262.945357178866,79076,1086,1637,18204,
262.94827979793627,79076,1085,1638,18204,
262.9499905199546,79076,1084,1639,18204,
262.95104413837686,79076,1083,1640,18204,
262.95224199696486,79076,1083,1639,18205,
262.953414133223,79076,1083,1638,18206,
262.95343146201844,79075,1084,1638,18206,
262.9545423695389,79074,1085,1638,18206,
262.9581569297578,79074,1084,1639,18206,
262.9590388326831,79074,1083,1640,18206,
262.9595833782315,79073,1084,1640,18206,
262.96193116173373,79073,1084,1639,18207,
262.9622816926089,79073,1083,1640,18207,
262.9650633915568,79073,1082,1641,18207,
262.9676696136065,79073,1081,1642,18207,
262.96772250621524,79072,1082,1642,18207,
262.96975834918834,79072,1081,1643,18207,
262.9700573741199,79072,1081,1642,18208,
262.97104847035087,79072,1081,1641,18209,
262.9724456363447,79072,1081,1640,18210,
262.9761155288778,79071,1082,1640,18210,
262.97649727633785,79071,1082,1639,18211,
262.9793933129062,79070,1083,1639,18211,
262.9815788889663,79070,1083,1638,18212,
262.9821847724453,79069,1084,1638,18212,
262.98253246539736,79069,1084,1637,18213,
262.98294025550695,79069,1083,1638,18213,
262.9835265404856,79068,1084,1638,18213,
262.9841412540759,79068,1083,1639,18213,
262.9846299478542,79068,1083,1638,18214,
262.985705579642,79068,1082,1639,18214,
262.9880572163868,79067,1083,1639,18214,
262.988327467596,79066,1084,1639,18214,
262.98968705842464,79066,1084,1638,18215,
262.991086268923,79066,1083,1639,18215,
262.9919000254089,79065,1084,1639,18215,
262.99784334130425,79065,1084,1638,18216,
263.00046535220343,79065,1084,1637,18217,
263.0015906888203,79065,1083,1638,18217,
263.0028658576735,79065,1083,1637,18218,
263.00372673731914,79064,1084,1637,18218,
263.0060411986487,79063,1085,1637,18218,
263.0061433302025,79063,1084,1638,18218,
263.01031960634685,79063,1083,1639,18218,
263.01125870759665,79063,1082,1640,18218,
263.01219925807294,79063,1082,1639,18219,
263.01281848611717,79063,1082,1638,18220,
263.01577993334064,79063,1081,1639,18220,
263.0170013996519,79063,1081,1638,18221,
263.0177302605041,79063,1080,1639,18221,
263.0183977541101,79062,1081,1639,18221,
263.0185904745436,79061,1082,1639,18221,
263.0189602664498,79061,1082,1638,18222,
263.02215060045233,79060,1083,1638,18222,
263.02343926537924,79060,1083,1637,18223,
263.0235613450277,79060,1082,1638,18223,
263.023807327282,79060,1081,1639,18223,
263.0244412155454,79060,1081,1638,18224,
263.0270367026845,79059,1082,1638,18224,
263.02938698584194,79059,1082,1637,18225,
263.0303675546281,79058,1083,1637,18225,
263.03041598428365,79058,1082,1638,18225,
263.0323264740669,79057,1083,1638,18225,
263.03695090237636,79057,1083,1637,18226,
263.0385231315496,79056,1084,1637,18226,
263.04240704592803,79056,1084,1636,18227,
263.04350525363486,79056,1084,1635,18228,
263.04607653542,79056,1083,1636,18228,
263.04863059908365,79056,1083,1635,18229,
263.05111853246257,79056,1083,1634,18230,
263.0543589782092,79055,1084,1634,18230,
263.0564548679706,79055,1084,1633,18231,
263.05833466850197,79055,1084,1632,18232,
263.05942824809296,79055,1084,1631,18233,
263.06038567844445,79055,1083,1632,18233,
263.06380389705134,79054,1084,1632,18233,
263.06416255568814,79053,1085,1632,18233,
263.06784587087776,79052,1086,1632,18233,
263.07024338094726,79051,1087,1632,18233,
263.0720124127298,79051,1086,1633,18233,
263.07243996982163,79050,1087,1633,18233,
263.0733661803272,79050,1087,1632,18234,
263.0745755806329,79049,1088,1632,18234,
263.0759656586262,79049,1087,1633,18234,
263.0783373416207,79048,1088,1633,18234,
263.0814668228311,79047,1089,1633,18234,
263.08152248337115,79046,1090,1633,18234,
263.0815616278567,79045,1091,1633,18234,
263.08267747508273,79045,1090,1634,18234,
263.085248273896,79045,1089,1635,18234,
263.0874826886328,79045,1088,1636,18234,
263.0905336898777,79044,1089,1636,18234,
263.09292776526536,79044,1089,1635,18235,
263.0975889539774,79043,1090,1635,18235,
263.1012657046384,79042,1091,1635,18235,
263.1028882519332,79041,1092,1635,18235,
263.10485264284785,79040,1093,1635,18235,
263.1052551804463,79040,1092,1636,18235,
263.10589385870395,79040,1091,1637,18235,
263.1078236317511,79040,1090,1638,18235,
263.1084186797053,79040,1090,1637,18236,
263.10850210664336,79040,1090,1636,18237,
263.10993668202065,79039,1091,1636,18237,
263.1122661651325,79038,1092,1636,18237,
263.11330852844594,79037,1093,1636,18237,
263.1163134519011,79037,1093,1635,18238,
263.1176138040924,79036,1094,1635,18238,
263.1206540428755,79036,1093,1636,18238,
263.1211522629725,79035,1094,1636,18238,
263.1233171478054,79035,1094,1635,18239,
263.1259526529193,79035,1094,1634,18240,
263.12818886580374,79034,1095,1634,18240,
263.13005988534997,79034,1095,1633,18241,
263.1355607935283,79034,1095,1632,18242,
263.1357200859173,79034,1095,1631,18243,
263.1362871196906,79034,1095,1630,18244,
263.13652450374934,79034,1094,1631,18244,
263.136719528629,79034,1093,1632,18244,
263.13787754005267,79034,1093,1631,18245,
263.1426921258188,79034,1092,1632,18245,
263.1446147537098,79034,1092,1631,18246,
263.1462149225381,79034,1091,1632,18246,
263.1509686185401,79034,1090,1633,18246,
263.151377764871,79033,1091,1633,18246,
263.1521548544956,79033,1091,1632,18247,
263.17002845807406,79033,1091,1631,18248,
263.17064897776316,79032,1092,1631,18248,
263.1707444492019,79032,1091,1632,18248,
263.171380079062,79031,1092,1632,18248,
263.1719845964633,79030,1093,1632,18248,
263.175575345354,79030,1093,1631,18249,
263.1765324678968,79030,1093,1630,18250,
263.17785725869265,79030,1093,1629,18251,
263.17822999114986,79030,1092,1630,18251,
263.17931179671695,79030,1091,1631,18251,
263.1818715446671,79030,1090,1632,18251,
263.1829589568655,79029,1091,1632,18251,
263.18311628674286,79028,1092,1632,18251,
263.1866696682689,79027,1093,1632,18251,
263.18697446734154,79026,1094,1632,18251,
263.18710015077846,79026,1093,1633,18251,
263.19177344193645,79026,1093,1632,18252,
263.19309515382497,79026,1092,1633,18252,
263.19327648823,79026,1091,1634,18252,
263.1939684063124,79026,1090,1635,18252,
263.1952391256849,79026,1089,1636,18252,
263.196346750559,79025,1090,1636,18252,
263.1965867136142,79025,1090,1635,18253,
263.198587034575,79025,1089,1636,18253,
263.1986901725061,79025,1088,1637,18253,
263.1987910419879,79024,1089,1637,18253,
263.201138925345,79023,1090,1637,18253,
263.2027901359911,79023,1090,1636,18254,
263.2073843300868,79023,1090,1635,18255,
263.2079411832368,79023,1089,1636,18255,
263.20802558433434,79023,1088,1637,18255,
263.2105194815483,79023,1087,1638,18255,
263.2110410435721,79023,1087,1637,18256,
263.2120964074403,79023,1086,1638,18256,
263.21314827532876,79023,1086,1637,18257,
263.214474613539,79023,1085,1638,18257,
263.2149902348676,79023,1085,1637,18258,
263.2166882812674,79023,1084,1638,18258,
263.2182182830197,79023,1084,1637,18259,
263.21838222117583,79023,1083,1638,18259,
263.2211864650231,79023,1082,1639,18259,
263.2226836706704,79022,1083,1639,18259,
263.2236910274019,79022,1082,1640,18259,
263.2239186176483,79022,1082,1639,18260,
263.22633706998835,79021,1083,1639,18260,
263.2276539605044,79020,1084,1639,18260,
263.22934619245956,79019,1085,1639,18260,
263.2318942114066,79018,1086,1639,18260,
263.2345129519328,79018,1086,1638,18261,
263.2371377793084,79017,1087,1638,18261,
263.237747098999,79016,1088,1638,18261,
263.24006257122994,79016,1087,1639,18261,
263.24592491876905,79016,1087,1638,18262,
263.2477886260931,79015,1088,1638,18262,
263.25207160846946,79015,1087,1639,18262,
263.2536979175763,79015,1087,1638,18263,
263.25513386603626,79015,1086,1639,18263,
263.2569950115226,79015,1085,1640,18263,
263.25950622666187,79014,1086,1640,18263,
263.2611455344018,79013,1087,1640,18263,
263.2621035117319,79013,1086,1641,18263,
263.26211154332054,79013,1085,1642,18263,
263.26368373639156,79013,1085,1641,18264,
263.2642768566739,79013,1085,1640,18265,
263.2669800534494,79013,1085,1639,18266,
263.26718955507624,79012,1086,1639,18266,
263.26759104975196,79011,1087,1639,18266,
263.26866439823806,79010,1088,1639,18266,
263.2699799987445,79010,1087,1640,18266,
263.27154081702395,79010,1087,1639,18267,
263.27293222411686,79009,1088,1639,18267,
263.27585125577343,79008,1089,1639,18267,
263.27641011121233,79007,1090,1639,18267,
263.2773230290884,79006,1091,1639,18267,
263.2782511706684,79006,1091,1638,18268,
263.2817404829947,79005,1092,1638,18268,
263.2830155581405,79004,1093,1638,18268,
263.2836026574636,79003,1094,1638,18268,
263.2836982398986,79003,1094,1637,18269,
263.2855891701728,79003,1093,1638,18269,
263.2872398141408,79003,1093,1637,18270,
263.28989260785744,79002,1094,1637,18270,
263.29242847989343,79002,1094,1636,18271,
263.29487044011,79002,1094,1635,18272,
263.2952001467054,79002,1094,1634,18273,
263.2961518861599,79002,1093,1635,18273,
263.2963848520539,79002,1092,1636,18273,
263.2981156760038,79001,1093,1636,18273,
263.2981976810723,79001,1093,1635,18274,
263.2991961960682,79000,1094,1635,18274,
263.30046420391733,79000,1093,1636,18274,
263.3009458836803,78999,1094,1636,18274,
263.30496566269517,78999,1094,1635,18275,
263.31032301996675,78998,1095,1635,18275,
263.3120520939635,78998,1094,1636,18275,
263.312113352558,78998,1094,1635,18276,
263.3126680706769,78998,1093,1636,18276,
263.3132077303166,78998,1093,1635,18277,
263.31387029607964,78997,1094,1635,18277,
263.31466765488716,78997,1093,1636,18277,
263.31476547303646,78997,1092,1637,18277,
263.31560165944296,78997,1091,1638,18277,
263.31761074467096,78997,1090,1639,18277,
263.31808676961106,78997,1090,1638,18278,
263.3187713281751,78997,1089,1639,18278,
263.3191576114628,78997,1088,1640,18278,
263.31946458852804,78997,1088,1639,18279,
263.31970473064126,78997,1087,1640,18279,
263.3202734806718,78996,1088,1640,18279,
263.32393305334745,78996,1088,1639,18280,
263.3246097893372,78996,1088,1638,18281,
263.32468880500454,78995,1089,1638,18281,
263.3248751827195,78994,1090,1638,18281,
263.3264946607517,78994,1090,1637,18282,
263.32733305985397,78994,1089,1638,18282,
263.32734036278487,78994,1088,1639,18282,
263.329537356152,78993,1089,1639,18282,
263.330799001378,78993,1089,1638,18283,
263.33110053119026,78993,1089,1637,18284,
263.33470390340676,78993,1088,1638,18284,
263.33874012571323,78993,1087,1639,18284,
263.339422260867,78992,1088,1639,18284,
263.3420653338921,78991,1089,1639,18284,
263.3429846331041,78990,1090,1639,18284,
263.3437226343299,78989,1091,1639,18284,
263.3445611985957,78989,1090,1640,18284,
263.3448840348038,78988,1091,1640,18284,
263.34775448220006,78988,1090,1641,18284,
263.34932719010794,78987,1091,1641,18284,
263.3510357575646,78987,1091,1640,18285,
263.35159954024056,78987,1091,1639,18286,
263.35160765045714,78987,1090,1640,18286,
263.35168010830483,78987,1089,1641,18286,
263.352787843044,78986,1090,1641,18286,
263.35827708852014,78986,1090,1640,18287,
263.3586624624399,78985,1091,1640,18287,
263.36620529272557,78984,1092,1640,18287,
263.3664430123586,78984,1092,1639,18288,
263.3674392936721,78984,1091,1640,18288,
263.36755713007716,78984,1090,1641,18288,
263.3681288598556,78984,1090,1640,18289,
263.3683844807668,78984,1089,1641,18289,
263.3698239337166,78983,1090,1641,18289,
263.3700039518392,78982,1091,1641,18289,
263.3716192739719,78982,1091,1640,18290,
263.37216412062105,78982,1091,1639,18291,
263.3732079284307,78981,1092,1639,18291,
263.374416889344,78980,1093,1639,18291,
263.37615243031246,78980,1092,1640,18291,
263.3785798741484,78980,1091,1641,18291,
263.3805069071364,78979,1092,1641,18291,
263.3828746110423,78979,1091,1642,18291,
263.38311581733626,78979,1091,1641,18292,
263.38374205874766,78978,1092,1641,18292,
263.38725426483006,78978,1091,1642,18292,
263.3876436963021,78978,1090,1643,18292,
263.390453337516,78977,1091,1643,18292,
263.3905221583722,78977,1090,1644,18292,
263.3909936472425,78976,1091,1644,18292,
263.3916391840202,78975,1092,1644,18292,
263.3924459268061,78975,1091,1645,18292,
263.39356437978904,78974,1092,1645,18292,
263.3943923115124,78973,1093,1645,18292,
263.3963896262661,78972,1094,1645,18292,
263.3974919224377,78972,1093,1646,18292,
263.39790061658465,78972,1093,1645,18293,
263.40090451022115,78971,1094,1645,18293,
263.4019525096767,78970,1095,1645,18293,
263.40599548714914,78970,1094,1646,18293,
263.40916048035336,78970,1094,1645,18294,
263.41156404943064,78970,1094,1644,18295,
263.41446057395353,78969,1095,1644,18295,
263.4168922477495,78969,1095,1643,18296,
263.41747504398245,78968,1096,1643,18296,
263.418103380757,78968,1096,1642,18297,
263.4185258143005,78967,1097,1642,18297,
263.41916053717955,78966,1098,1642,18297,
263.4199516132495,78966,1098,1641,18298,
263.4202800675804,78966,1098,1640,18299,
263.42028069942984,78966,1097,1641,18299,
263.42252457597897,78966,1097,1640,18300,
263.42378715134464,78966,1097,1639,18301,
263.4244819012914,78965,1098,1639,18301,
263.42693659932195,78964,1099,1639,18301,
263.4270487496865,78963,1100,1639,18301,
263.42767590843044,78963,1100,1638,18302,
263.42802432288886,78963,1099,1639,18302,
263.42977438945616,78962,1100,1639,18302,
263.43185757827774,78962,1100,1638,18303,
263.4332544420603,78962,1100,1637,18304,
263.4333553214701,78961,1101,1637,18304,
263.43825373567427,78961,1100,1638,18304,
263.44427125663344,78961,1100,1637,18305,
263.4483279007169,78961,1099,1638,18305,
263.4500021883885,78960,1100,1638,18305,
263.4504506002316,78960,1100,1637,18306,
263.4505594457107,78960,1099,1638,18306,
263.45236424635755,78960,1099,1637,18307,
263.45259123255084,78959,1100,1637,18307,
263.4528495081418,78959,1099,1638,18307,
263.45366099321745,78958,1100,1638,18307,
263.4538494159137,78958,1099,1639,18307,
263.4586089033675,78957,1100,1639,18307,
263.4588630961336,78957,1099,1640,18307,
263.4589596059791,78956,1100,1640,18307,
263.45940701205825,78956,1099,1641,18307,
263.46494917468607,78956,1098,1642,18307,
263.4653014516346,78955,1099,1642,18307,
263.4674277995907,78954,1100,1642,18307,
263.4687708598554,78954,1099,1643,18307,
263.47337440959177,78953,1100,1643,18307,
263.47373784461496,78952,1101,1643,18307,
263.47465811052643,78951,1102,1643,18307,
263.4750353926029,78950,1103,1643,18307,
263.4754602054336,78950,1103,1642,18308,
263.47803463876335,78949,1104,1642,18308,
263.4785187629812,78948,1105,1642,18308,
263.4786659723397,78948,1104,1643,18308,
263.48025532949606,78948,1103,1644,18308,
263.4823917213648,78948,1102,1645,18308,
263.48353794498144,78947,1103,1645,18308,
263.4836840978151,78947,1103,1644,18309,
263.48436224049607,78947,1102,1645,18309,
263.4902337015066,78947,1102,1644,18310,
263.49830313543345,78946,1103,1644,18310,
263.50117262005665,78945,1104,1644,18310,
263.50121219289906,78944,1105,1644,18310,
263.5019497207567,78944,1105,1643,18311,
263.5020455535848,78943,1106,1643,18311,
263.50364751646697,78943,1105,1644,18311,
263.50410857116736,78943,1104,1645,18311,
263.505064081655,78942,1105,1645,18311,
263.5074023476427,78942,1105,1644,18312,
263.5168577920105,78942,1104,1645,18312,
263.5179169211893,78942,1104,1644,18313,
263.51807518167413,78941,1105,1644,18313,
263.518961211444,78941,1105,1643,18314,
263.5202575421684,78941,1104,1644,18314,
263.5219507583167,78940,1105,1644,18314,
263.5252821134292,78939,1106,1644,18314,
263.52592358952563,78939,1106,1643,18315,
263.5289424114454,78938,1107,1643,18315,
263.5292474828602,78937,1108,1643,18315,
263.52959390209674,78937,1108,1642,18316,
263.52965700359243,78937,1108,1641,18317,
263.5305627712122,78937,1108,1640,18318,
263.5332025150789,78936,1109,1640,18318,
263.53330172075016,78936,1109,1639,18319,
263.53959333016724,78936,1109,1638,18320,
263.5399580567078,78936,1109,1637,18321,
263.5407867736848,78936,1109,1636,18322,
263.5416543786258,78936,1108,1637,18322,
263.5434730085776,78936,1108,1636,18323,
263.54500296914136,78936,1108,1635,18324,
263.54620634214405,78936,1107,1636,18324,
263.5471482156515,78935,1108,1636,18324,
263.5523886054491,78935,1107,1637,18324,
263.55574328130865,78935,1106,1638,18324,
263.5572024645835,78935,1105,1639,18324,
263.559862776975,78934,1106,1639,18324,
263.561192366831,78934,1105,1640,18324,
263.56335296953114,78934,1105,1639,18325,
263.56366766894666,78933,1106,1639,18325,
263.56558237674574,78933,1105,1640,18325,
263.5657538058138,78933,1104,1641,18325,
263.56634488789797,78933,1104,1640,18326,
263.56699196507856,78932,1105,1640,18326,
263.56699522419916,78931,1106,1640,18326,
263.5674624392821,78930,1107,1640,18326,
263.57009183863954,78930,1106,1641,18326,
263.57021499134316,78930,1106,1640,18327,
263.5704024776187,78929,1107,1640,18327,
263.5718052209576,78929,1107,1639,18328,
263.57421234001635,78928,1108,1639,18328,
263.5749023145065,78928,1108,1638,18329,
263.57537511620376,78928,1107,1639,18329,
263.5782244348621,78927,1108,1639,18329,
263.5784215316923,78926,1109,1639,18329,
263.58235184544736,78926,1108,1640,18329,
263.5838389773825,78926,1108,1639,18330,
263.58538507609745,78926,1108,1638,18331,
263.58582755638946,78926,1107,1639,18331,
263.58944877839826,78926,1106,1640,18331,
263.59259479346736,78925,1107,1640,18331,
263.59541291413,78925,1107,1639,18332,
263.595783956767,78925,1106,1640,18332,
263.5965515041196,78925,1106,1639,18333,
263.59679227626714,78925,1105,1640,18333,
263.6016932876317,78925,1105,1639,18334,
263.6022431493195,78925,1105,1638,18335,
263.6080952633242,78925,1104,1639,18335,
263.6099137212013,78925,1104,1638,18336,
263.6103171749335,78924,1105,1638,18336,
263.61141833147155,78924,1105,1637,18337,
263.61236640196444,78923,1106,1637,18337,
263.6165735671831,78922,1107,1637,18337,
263.6187878727979,78921,1108,1637,18337,
263.61960837658546,78921,1107,1638,18337,
263.62003869676255,78921,1106,1639,18337,
263.6202410607592,78921,1106,1638,18338,
263.62251876881635,78920,1107,1638,18338,
263.6233351800373,78919,1108,1638,18338,
263.6234131312285,78918,1109,1638,18338,
263.62385097444997,78917,1110,1638,18338,
263.62483581131744,78917,1109,1639,18338,
263.6273053894428,78917,1109,1638,18339,
263.6279427233431,78917,1108,1639,18339,
263.6306417827773,78917,1107,1640,18339,
263.631016032016,78917,1106,1641,18339,
263.63102862659895,78916,1107,1641,18339,
263.631713423716,78916,1107,1640,18340,
263.632245243576,78916,1107,1639,18341,
263.63503446596445,78916,1106,1640,18341,
263.63536552464785,78915,1107,1640,18341,
263.63567618411594,78915,1106,1641,18341,
263.63612378922295,78915,1105,1642,18341,
263.6370693249117,78915,1105,1641,18342,
263.63901449435275,78915,1105,1640,18343,
263.63911387378397,78914,1106,1640,18343,
263.6395101286896,78914,1106,1639,18344,
263.64038012508377,78913,1107,1639,18344,
263.64106047232605,78912,1108,1639,18344,
263.6414054556411,78912,1107,1640,18344,
263.6414632638002,78912,1106,1641,18344,
263.6420127129655,78912,1106,1640,18345,
263.6421655500041,78911,1107,1640,18345,
263.6431990175833,78910,1108,1640,18345,
263.6436255994394,78910,1108,1639,18346,
263.64518850937026,78909,1109,1639,18346,
263.645677289238,78908,1110,1639,18346,
263.6457653763592,78908,1110,1638,18347,
263.6460965909876,78908,1109,1639,18347,
263.6461036948623,78908,1108,1640,18347,
263.65401952384224,78908,1107,1641,18347,
263.6543393959837,78908,1106,1642,18347,
263.654639593503,78907,1107,1642,18347,
263.6547510041764,78907,1106,1643,18347,
263.65506858651884,78906,1107,1643,18347,
263.6597492299847,78905,1108,1643,18347,
263.6607803114243,78904,1109,1643,18347,
263.66085469458136,78904,1108,1644,18347,
263.6623005679969,78904,1107,1645,18347,
263.6625205846395,78904,1106,1646,18347,
263.6631639031354,78903,1107,1646,18347,
263.6681500824648,78903,1107,1645,18348,
263.66908625491726,78903,1106,1646,18348,
263.6691083369663,78902,1107,1646,18348,
263.6704601996446,78901,1108,1646,18348,
263.67081676836824,78901,1108,1645,18349,
263.67432838566424,78900,1109,1645,18349,
263.67532888891526,78900,1109,1644,18350,
263.67832765945894,78900,1109,1643,18351,
263.6788177136707,78900,1109,1642,18352,
263.6793336631845,78900,1108,1643,18352,
263.6813358615112,78900,1107,1644,18352,
263.68269948409153,78900,1106,1645,18352,
263.68372187987546,78900,1106,1644,18353,
263.68457674624307,78899,1107,1644,18353,
263.68493559361127,78898,1108,1644,18353,
263.68742160923324,78897,1109,1644,18353,
263.6877336784965,78896,1110,1644,18353,
263.69037323996196,78895,1111,1644,18353,
263.6906357966673,78895,1110,1645,18353,
263.6921126324095,78894,1111,1645,18353,
263.69332090344903,78894,1110,1646,18353,
263.6963485301296,78894,1109,1647,18353,
263.6985365062552,78893,1110,1647,18353,
263.7011331335009,78893,1110,1646,18354,
263.702128932439,78893,1110,1645,18355,
263.70581687241156,78892,1111,1645,18355,
263.7058356060906,78891,1112,1645,18355,
263.7081195991186,78891,1112,1644,18356,
263.7082433444293,78890,1113,1644,18356,
263.7085090380922,78890,1112,1645,18356,
263.7101370209175,78890,1112,1644,18357,
263.71092821668003,78890,1111,1645,18357,
263.7135745285,78889,1112,1645,18357,
263.7161429235481,78889,1111,1646,18357,
263.71756867642523,78889,1111,1645,18358,
263.72130098808015,78889,1111,1644,18359,
263.723071014278,78888,1112,1644,18359,
263.7232575630893,78888,1112,1643,18360,
263.7245796425029,78888,1111,1644,18360,
263.72715067373935,78888,1111,1643,18361,
263.72980647331383,78887,1112,1643,18361,
263.73164485744286,78887,1112,1642,18362,
263.7338851844467,78887,1111,1643,18362,
263.7345745564627,78887,1111,1642,18363,
263.73574297954366,78887,1111,1641,18364,
263.7382900273523,78887,1111,1640,18365,
263.7384999441567,78887,1110,1641,18365,
263.73867388592123,78887,1109,1642,18365,
263.7387877309473,78887,1108,1643,18365,
263.74026302197257,78887,1108,1642,18366,
263.74061248487993,78887,1107,1643,18366,
263.7407050677824,78887,1107,1642,18367,
263.74296738034593,78887,1106,1643,18367,
263.7434954891964,78886,1107,1643,18367,
263.74509294805415,78885,1108,1643,18367,
263.747409912161,78885,1107,1644,18367,
263.74750965095683,78885,1106,1645,18367,
263.7475605803723,78885,1106,1644,18368,
263.7501230058584,78885,1106,1643,18369,
263.7523532677733,78885,1106,1642,18370,
263.75462929375954,78884,1107,1642,18370,
263.75585078598647,78884,1107,1641,18371,
263.7559385232812,78884,1107,1640,18372,
263.7560118638517,78884,1107,1639,18373,
263.7612951830463,78884,1107,1638,18374,
263.7617699619072,78884,1106,1639,18374,
263.7647341055062,78884,1106,1638,18375,
263.7678468438118,78883,1107,1638,18375,
263.76798588324584,78882,1108,1638,18375,
263.7686643825018,78882,1108,1637,18376,
263.77010030641304,78882,1108,1636,18377,
263.7706064954316,78882,1107,1637,18377,
263.7707169803147,78882,1107,1636,18378,
263.77158972665785,78881,1108,1636,18378,
263.77296162067046,78881,1108,1635,18379,
263.7748093426003,78881,1107,1636,18379,
263.7749935983876,78880,1108,1636,18379,
263.77529029615243,78879,1109,1636,18379,
263.77590851277847,78879,1108,1637,18379,
263.77842612810923,78878,1109,1637,18379,
263.7812655280899,78878,1108,1638,18379,
263.78991527342725,78878,1107,1639,18379,
263.7922748780688,78878,1107,1638,18380,
263.79258806718394,78878,1106,1639,18380,
263.7928885415087,78877,1107,1639,18380,
263.7934152076109,78877,1107,1638,18381,
263.79440150348114,78876,1108,1638,18381,
263.7945124316372,78876,1108,1637,18382,
263.7951662253806,78876,1108,1636,18383,
263.79601686995704,78875,1109,1636,18383,
263.7978727232563,78875,1108,1637,18383,
263.79914429536393,78874,1109,1637,18383,
263.79937202334145,78874,1109,1636,18384,
263.80108082922555,78874,1108,1637,18384,
263.8011412888945,78873,1109,1637,18384,
263.8012871713923,78872,1110,1637,18384,
263.80518493298354,78872,1110,1636,18385,
263.80719143896204,78872,1109,1637,18385,
263.80879898705604,78871,1110,1637,18385,
263.80897267649294,78870,1111,1637,18385,
263.8095780667664,78870,1111,1636,18386,
263.8106552219846,78870,1111,1635,18387,
263.8135090364407,78870,1110,1636,18387,
263.8151177276164,78870,1110,1635,18388,
263.8156039414641,78869,1111,1635,18388,
263.816858492105,78868,1112,1635,18388,
263.82077557890585,78868,1112,1634,18389,
263.8222826599869,78868,1111,1635,18389,
263.8266781189215,78868,1110,1636,18389,
263.83046081850387,78868,1110,1635,18390,
263.8310716570301,78867,1111,1635,18390,
263.8323503300047,78867,1111,1634,18391,
263.83639087420585,78867,1111,1633,18392,
263.837552335212,78867,1111,1632,18393,
263.83761760014875,78866,1112,1632,18393,
263.83951799799775,78866,1112,1631,18394,
263.840257634819,78866,1111,1632,18394,
263.8445151813962,78866,1111,1631,18395,
263.8456735030753,78866,1111,1630,18396,
263.8478151561238,78866,1111,1629,18397,
263.8478489228821,78865,1112,1629,18397,
263.848976913587,78865,1112,1628,18398,
263.8497465556645,78865,1111,1629,18398,
263.8499109382597,78865,1110,1630,18398,
263.8507377773271,78865,1110,1629,18399,
263.8518450820361,78865,1110,1628,18400,
263.85693456341846,78865,1109,1629,18400,
263.8570873178093,78865,1108,1630,18400,
263.8584674438636,78865,1107,1631,18400,
263.86024915859,78864,1108,1631,18400,
263.8607112622011,78864,1108,1630,18401,
263.86293281517385,78863,1109,1630,18401,
263.86359387580757,78862,1110,1630,18401,
263.863630952532,78861,1111,1630,18401,
263.8674777332666,78861,1111,1629,18402,
263.8678672151872,78860,1112,1629,18402,
263.8706458363981,78860,1112,1628,18403,
263.8730718269129,78860,1112,1627,18404,
263.8748756995372,78860,1112,1626,18405,
263.87499977221177,78860,1111,1627,18405,
263.8750827105878,78860,1111,1626,18406,
263.87569717790973,78860,1110,1627,18406,
263.87672043609655,78860,1109,1628,18406,
263.8773498034471,78860,1109,1627,18407,
263.8784140117516,78859,1110,1627,18407,
263.87889766490014,78858,1111,1627,18407,
263.8806209605612,78858,1110,1628,18407,
263.88071250459126,78858,1109,1629,18407,
263.88103043963457,78858,1108,1630,18407,
263.88209980297745,78858,1108,1629,18408,
263.8826418255247,78857,1109,1629,18408,
263.8832638048446,78856,1110,1629,18408,
263.8861899021704,78856,1109,1630,18408,
263.8871213469739,78855,1110,1630,18408,
263.88726124505257,78854,1111,1630,18408,
263.8872663519313,78854,1111,1629,18409,
263.88848689615156,78854,1110,1630,18409,
263.89013976579514,78854,1110,1629,18410,
263.8917954034375,78853,1111,1629,18410,
263.8932153181485,78853,1110,1630,18410,
263.89560440354546,78852,1111,1630,18410,
263.89850222366596,78852,1110,1631,18410,
263.90142311514956,78852,1110,1630,18411,
263.9028868335843,78852,1109,1631,18411,
263.9050514734828,78852,1108,1632,18411,
263.90611936009617,78852,1108,1631,18412,
263.90635042573734,78852,1108,1630,18413,
263.9067253526026,78852,1107,1631,18413,
263.90696035692054,78851,1108,1631,18413,
263.9073750447262,78850,1109,1631,18413,
263.90815850502975,78849,1110,1631,18413,
263.9087248854045,78848,1111,1631,18413,
263.9093200169573,78847,1112,1631,18413,
263.9161745583708,78847,1112,1630,18414,
263.9171695599349,78847,1111,1631,18414,
263.9175567458937,78846,1112,1631,18414,
263.918243147603,78846,1111,1632,18414,
263.9188126231066,78845,1112,1632,18414,
263.92035185394377,78845,1111,1633,18414,
263.9220996936009,78844,1112,1633,18414,
263.9225025825048,78843,1113,1633,18414,
263.9256561093516,78843,1113,1632,18415,
263.93056007599614,78843,1113,1631,18416,
263.93097733128644,78843,1112,1632,18416,
263.93644360941346,78842,1113,1632,18416,
263.9367258453365,78842,1113,1631,18417,
263.9388315295037,78842,1112,1632,18417,
263.9405301282245,78841,1113,1632,18417,
263.9413086448569,78840,1114,1632,18417,
263.94205537113305,78840,1114,1631,18418,
263.9443559164831,78839,1115,1631,18418,
263.94459067320435,78839,1114,1632,18418,
263.9452250189226,78839,1113,1633,18418,
263.9453011572536,78839,1113,1632,18419,
263.94566066718505,78839,1113,1631,18420,
263.94591988410923,78839,1112,1632,18420,
263.9479626457712,78839,1112,1631,18421,
263.9493203014848,78839,1111,1632,18421,
263.9508864916084,78839,1110,1633,18421,
263.95128482912514,78838,1111,1633,18421,
263.95159707382817,78838,1111,1632,18422,
263.95301029494016,78838,1111,1631,18423,
263.95370947198285,78838,1110,1632,18423,
263.9586194968021,78838,1110,1631,18424,
263.9595801526123,78838,1109,1632,18424,
263.9596592539179,78838,1108,1633,18424,
263.9608938147971,78837,1109,1633,18424,
263.96096495661743,78837,1108,1634,18424,
263.9628702535385,78836,1109,1634,18424,
263.9654334774253,78835,1110,1634,18424,
263.9654886464752,78835,1109,1635,18424,
263.966467567425,78835,1108,1636,18424,
263.96680296943487,78834,1109,1636,18424,
263.9690161603122,78833,1110,1636,18424,
263.9707100289892,78833,1109,1637,18424,
263.9727970273205,78833,1108,1638,18424,
263.97315557928044,78832,1109,1638,18424,
263.9741766827148,78832,1109,1637,18425,
263.9743415344264,78832,1109,1636,18426,
263.9753159794437,78832,1109,1635,18427,
263.97609081337544,78832,1109,1634,18428,
263.9796424736241,78831,1110,1634,18428,
263.9798785097404,78830,1111,1634,18428,
263.980203689687,78830,1111,1633,18429,
263.9807206971429,78829,1112,1633,18429,
263.98252658930295,78829,1111,1634,18429,
263.9851423725177,78828,1112,1634,18429,
263.9853644493878,78827,1113,1634,18429,
263.9868438926775,78827,1113,1633,18430,
263.9869793515409,78826,1114,1633,18430,
263.9873701690508,78826,1113,1634,18430,
263.9879063689075,78825,1114,1634,18430,
263.98885119289804,78824,1115,1634,18430,
263.98963817589924,78823,1116,1634,18430,
263.99010690218483,78823,1115,1635,18430,
263.99558432624923,78823,1115,1634,18431,
263.9963185622854,78823,1115,1633,18432,
263.99795539603883,78823,1114,1634,18432,
264.0002594149533,78823,1113,1635,18432,
264.00105396198376,78823,1112,1636,18432,
264.00372211570635,78823,1112,1635,18433,
264.00415509191873,78823,1112,1634,18434,
264.0041610309507,78823,1112,1633,18435,
264.004830029461,78822,1113,1633,18435,
264.0053708237445,78822,1113,1632,18436,
264.0096661697637,78822,1113,1631,18437,
264.0104870503198,78821,1114,1631,18437,
264.0112744703382,78820,1115,1631,18437,
264.01397574687024,78819,1116,1631,18437,
264.01522525587615,78818,1117,1631,18437,
264.0189308623157,78817,1118,1631,18437,
264.02089278441326,78817,1117,1632,18437,
264.0212848795197,78817,1116,1633,18437,
264.0219253980255,78816,1117,1633,18437,
264.0232582862831,78816,1116,1634,18437,
264.02381237426965,78816,1115,1635,18437,
264.029085539927,78816,1114,1636,18437,
264.0308255484112,78816,1114,1635,18438,
264.0310674468336,78816,1113,1636,18438,
264.0317601197446,78816,1113,1635,18439,
264.03420442462016,78815,1114,1635,18439,
264.03427122495935,78815,1114,1634,18440,
264.0355347130968,78815,1113,1635,18440,
264.0385737058737,78815,1113,1634,18441,
264.04017061791006,78814,1114,1634,18441,
264.0461874069529,78814,1114,1633,18442,
264.0474505234372,78814,1114,1632,18443,
264.0482805311872,78814,1113,1633,18443,
264.0497120685558,78813,1114,1633,18443,
264.0501940173616,78812,1115,1633,18443,
264.0506200145092,78811,1116,1633,18443,
264.05084839210144,78811,1115,1634,18443,
264.05103074975955,78810,1116,1634,18443,
264.05358943743323,78809,1117,1634,18443,
264.05370421369514,78809,1117,1633,18444,
264.0544439689847,78809,1116,1634,18444,
264.0555598875019,78809,1116,1633,18445,
264.05648817296486,78808,1117,1633,18445,
264.05699571676354,78808,1116,1634,18445,
264.0573740649483,78807,1117,1634,18445,
264.05779941661564,78807,1116,1635,18445,
264.0595189509281,78807,1115,1636,18445,
264.06102697490763,78807,1115,1635,18446,
264.0623205322946,78806,1116,1635,18446,
264.0626046759632,78806,1115,1636,18446,
264.064449886313,78806,1114,1637,18446,
264.06805438288774,78806,1114,1636,18447,
264.07235878290277,78806,1114,1635,18448,
264.0734299701958,78806,1113,1636,18448,
264.07462192140173,78806,1113,1635,18449,
264.0754006032202,78806,1113,1634,18450,
264.0771339736407,78806,1113,1633,18451,
264.0773006970048,78805,1114,1633,18451,
264.07867913738266,78805,1113,1634,18451,
264.07924509271544,78805,1113,1633,18452,
264.0794316708484,78805,1113,1632,18453,
264.084731393929,78805,1112,1633,18453,
264.08590063216485,78804,1113,1633,18453,
264.0860030794152,78804,1113,1632,18454,
264.0864859668915,78803,1114,1632,18454,
264.0890047672354,78803,1113,1633,18454,
264.09093943295306,78802,1114,1633,18454,
264.0916238447228,78802,1114,1632,18455,
264.0936905822605,78802,1113,1633,18455,
264.0944227012928,78802,1113,1632,18456,
264.09551215833994,78802,1112,1633,18456,
264.096585596584,78802,1112,1632,18457,
264.0999352384913,78801,1113,1632,18457,
264.1039065276374,78800,1114,1632,18457,
264.1044831189626,78800,1113,1633,18457,
264.1048003557362,78800,1112,1634,18457,
264.1055145952114,78800,1111,1635,18457,
264.106436507693,78800,1111,1634,18458,
264.10740024691256,78800,1110,1635,18458,
264.10803163850295,78800,1109,1636,18458,
264.1086443111252,78800,1109,1635,18459,
264.11027856752474,78800,1109,1634,18460,
264.11142046886204,78799,1110,1634,18460,
264.11296787246755,78798,1111,1634,18460,
264.113081037431,78797,1112,1634,18460,
264.1137881594328,78796,1113,1634,18460,
264.1138003547468,78796,1113,1633,18461,
264.115018540412,78796,1113,1632,18462,
264.1158721540602,78796,1112,1633,18462,
264.1165302322893,78795,1113,1633,18462,
264.1174794466746,78794,1114,1633,18462,
264.1183401903611,78793,1115,1633,18462,
264.11968470304174,78792,1116,1633,18462,
264.1198085762969,78791,1117,1633,18462,
264.1203956012465,78791,1117,1632,18463,
264.12268057976473,78791,1117,1631,18464,
264.12273432461603,78791,1116,1632,18464,
264.1236155252115,78790,1117,1632,18464,
264.12394245607805,78790,1117,1631,18465,
264.1275844837546,78789,1118,1631,18465,
264.1290632102926,78788,1119,1631,18465,
264.1326966900806,78788,1119,1630,18466,
264.13404395046183,78788,1118,1631,18466,
264.13502748134164,78788,1118,1630,18467,
264.13729027101215,78787,1119,1630,18467,
264.13809160569133,78787,1118,1631,18467,
264.13859238037185,78787,1117,1632,18467,
264.1403333148841,78786,1118,1632,18467,
264.14048236272095,78786,1118,1631,18468,
264.14203593508034,78786,1118,1630,18469,
264.1421073691044,78785,1119,1630,18469,
264.14214664866887,78784,1120,1630,18469,
264.1452640593782,78783,1121,1630,18469,
264.1456890239447,78783,1121,1629,18470,
264.1457173466483,78783,1121,1628,18471,
264.14882937534344,78783,1120,1629,18471,
264.14926728283024,78782,1121,1629,18471,
264.1499166340522,78782,1120,1630,18471,
264.1535709436156,78782,1120,1629,18472,
264.1537115543233,78782,1120,1628,18473,
264.1581975360962,78781,1121,1628,18473,
264.1581980163453,78781,1121,1627,18474,
264.1583417293419,78780,1122,1627,18474,
264.15907823002783,78780,1122,1626,18475,
264.1609087311211,78780,1121,1627,18475,
264.16223205195996,78780,1120,1628,18475,
264.1623150268665,78779,1121,1628,18475,
264.1640902733777,78779,1120,1629,18475,
264.1678269959764,78779,1119,1630,18475,
264.16935684237063,78778,1120,1630,18475,
264.1693635072882,78778,1120,1629,18476,
264.1695034196176,78778,1120,1628,18477,
264.1715749964356,78778,1119,1629,18477,
264.17180950958686,78778,1119,1628,18478,
264.1730119039126,78777,1120,1628,18478,
264.17724736410037,78776,1121,1628,18478,
264.18192618309723,78775,1122,1628,18478,
264.18282019233845,78774,1123,1628,18478,
264.1840299838443,78773,1124,1628,18478,
264.1840713446716,78772,1125,1628,18478,
264.18555814264676,78771,1126,1628,18478,
264.1866639521587,78771,1125,1629,18478,
264.1873043718464,78770,1126,1629,18478,
264.18801967650217,78770,1126,1628,18479,
264.18826563626834,78770,1125,1629,18479,
264.1894135662433,78770,1125,1628,18480,
264.1899211612486,78769,1126,1628,18480,
264.1905454489371,78768,1127,1628,18480,
264.19125475000556,78767,1128,1628,18480,
264.1919985430276,78767,1128,1627,18481,
264.19211702663017,78766,1129,1627,18481,
264.19252829593273,78766,1129,1626,18482,
264.1933072359899,78766,1128,1627,18482,
264.1971913785176,78765,1129,1627,18482,
264.1974552011247,78765,1128,1628,18482,
264.2001140852795,78765,1127,1629,18482,
264.2013482703209,78765,1127,1628,18483,
264.2026503595121,78765,1126,1629,18483,
264.2059594862914,78765,1126,1628,18484,
264.2059845037592,78764,1127,1628,18484,
264.20840123630023,78764,1127,1627,18485,
264.2091794114572,78764,1127,1626,18486,
264.2101832854522,78764,1127,1625,18487,
264.2126532193828,78763,1128,1625,18487,
264.21418121624055,78762,1129,1625,18487,
264.21565455938276,78762,1129,1624,18488,
264.2182679436849,78762,1129,1623,18489,
264.2189249839802,78762,1128,1624,18489,
264.2190335542833,78761,1129,1624,18489,
264.22317486059734,78760,1130,1624,18489,
264.2267655312134,78759,1131,1624,18489,
264.2267942538871,78759,1130,1625,18489,
264.22978919500525,78759,1129,1626,18489,
264.22993861309254,78759,1129,1625,18490,
264.2334332820721,78758,1130,1625,18490,
264.2341084938043,78757,1131,1625,18490,
264.2352534713322,78757,1130,1626,18490,
264.2370421295407,78756,1131,1626,18490,
264.2372769633344,78756,1130,1627,18490,
264.23865171455316,78755,1131,1627,18490,
264.2448412988333,78754,1132,1627,18490,
264.2482981062537,78753,1133,1627,18490,
264.2494719279523,78752,1134,1627,18490,
264.2496004738444,78752,1133,1628,18490,
264.2504557518107,78752,1133,1627,18491,
264.2509328506345,78752,1132,1628,18491,
264.2536766288482,78752,1132,1627,18492,
264.25409794789806,78752,1132,1626,18493,
264.2543281881333,78752,1131,1627,18493,
264.255104722887,78752,1130,1628,18493,
264.2555868492002,78752,1130,1627,18494,
264.2567545792308,78752,1130,1626,18495,
264.256976279746,78752,1129,1627,18495,
264.25723713314335,78752,1128,1628,18495,
264.25776300833223,78752,1128,1627,18496,
264.2594631518823,78751,1129,1627,18496,
264.26145764619474,78751,1128,1628,18496,
264.2626191004305,78751,1128,1627,18497,
264.26310780739647,78750,1129,1627,18497,
264.26464733671986,78750,1128,1628,18497,
264.2670951783899,78750,1127,1629,18497,
264.26730747566967,78749,1128,1629,18497,
264.271038319744,78749,1127,1630,18497,
264.2717358433054,78748,1128,1630,18497,
264.2721077674257,78748,1128,1629,18498,
264.2728569470152,78747,1129,1629,18498,
264.2783045343069,78747,1129,1628,18499,
264.2807598075158,78747,1129,1627,18500,
264.28134760308694,78747,1128,1628,18500,
264.2818233448572,78747,1127,1629,18500,
264.28527706854464,78747,1127,1628,18501,
264.2857031594067,78746,1128,1628,18501,
264.28581716631373,78746,1127,1629,18501,
264.28674687693325,78745,1128,1629,18501,
264.28731888593495,78745,1128,1628,18502,
264.2877025470257,78745,1128,1627,18503,
264.2899208193278,78745,1128,1626,18504,
264.2899309561236,78745,1128,1625,18505,
264.2904409383147,78745,1128,1624,18506,
264.2906434900046,78744,1129,1624,18506,
264.2941347976698,78744,1129,1623,18507,
264.2943116625863,78743,1130,1623,18507,
264.2948972743491,78743,1130,1622,18508,
264.2957917322903,78742,1131,1622,18508,
264.2983598338213,78742,1131,1621,18509,
264.2991200787573,78742,1130,1622,18509,
264.30597347469666,78742,1129,1623,18509,
264.30697745756487,78742,1129,1622,18510,
264.3080649982059,78742,1128,1623,18510,
264.3100143871432,78742,1127,1624,18510,
264.310412685554,78742,1126,1625,18510,
264.3121921664976,78742,1125,1626,18510,
264.31287107800756,78742,1124,1627,18510,
264.31351340983304,78742,1123,1628,18510,
264.3142886742605,78741,1124,1628,18510,
264.31460606631316,78741,1124,1627,18511,
264.31590563468376,78740,1125,1627,18511,
264.31614219326843,78739,1126,1627,18511,
264.3164656351758,78739,1126,1626,18512,
264.31676826158355,78738,1127,1626,18512,
264.31749699878833,78738,1126,1627,18512,
264.31753686319803,78738,1125,1628,18512,
264.31770928669783,78738,1125,1627,18513,
264.3183368580547,78737,1126,1627,18513,
264.3206889711449,78737,1126,1626,18514,
264.3220084427963,78737,1126,1625,18515,
264.32515656478535,78737,1125,1626,18515,
264.3252030579555,78736,1126,1626,18515,
264.32687400593295,78736,1126,1625,18516,
264.3295385458452,78735,1127,1625,18516,
264.33160326692274,78734,1128,1625,18516,
264.33281120907833,78733,1129,1625,18516,
264.33357135130655,78732,1130,1625,18516,
264.334295047751,78731,1131,1625,18516,
264.3355315445904,78731,1131,1624,18517,
264.3357978937928,78731,1131,1623,18518,
264.3361517273422,78730,1132,1623,18518,
264.33781762010034,78730,1132,1622,18519,
264.33980440442156,78729,1133,1622,18519,
264.34037921445224,78728,1134,1622,18519,
264.34433640917183,78727,1135,1622,18519,
264.34740616600345,78727,1134,1623,18519,
264.3523605932868,78727,1133,1624,18519,
264.3551485287998,78727,1132,1625,18519,
264.3556336727198,78727,1131,1626,18519,
264.35569732002506,78727,1130,1627,18519,
264.3563844273882,78726,1131,1627,18519,
264.3569619526559,78726,1131,1626,18520,
264.3575440344607,78726,1130,1627,18520,
264.35961557878625,78726,1130,1626,18521,
264.3607179769814,78726,1129,1627,18521,
264.3623176737721,78726,1129,1626,18522,
264.36424439951963,78726,1128,1627,18522,
264.3644496670763,78726,1128,1626,18523,
264.3647506336294,78726,1127,1627,18523,
264.36497722278983,78726,1127,1626,18524,
264.3651029382378,78726,1126,1627,18524,
264.36561976174903,78726,1125,1628,18524,
264.36588695013404,78725,1126,1628,18524,
264.36615888882346,78725,1125,1629,18524,
264.36837806283097,78725,1125,1628,18525,
264.36932182629647,78725,1124,1629,18525,
264.3705883739834,78725,1123,1630,18525,
264.37276215773,78724,1124,1630,18525,
264.3728677571378,78724,1123,1631,18525,
264.37614808630303,78724,1122,1632,18525,
264.37628728282624,78724,1121,1633,18525,
264.37693100636295,78724,1120,1634,18525,
264.3775767712115,78724,1120,1633,18526,
264.38018303709714,78723,1121,1633,18526,
264.38079284875954,78723,1120,1634,18526,
264.38249775283,78723,1120,1633,18527,
264.3831531892829,78722,1121,1633,18527,
264.38875910739864,78722,1121,1632,18528,
264.39253101352614,78722,1120,1633,18528,
264.3955878184748,78722,1120,1632,18529,
264.3977371548751,78721,1121,1632,18529,
264.39785256371044,78721,1121,1631,18530,
264.3985713242207,78721,1121,1630,18531,
264.40040026560337,78721,1121,1629,18532,
264.40208597179105,78720,1122,1629,18532,
264.4023756403425,78719,1123,1629,18532,
264.40581662915616,78718,1124,1629,18532,
264.4065014312637,78717,1125,1629,18532,
264.4092095647888,78716,1126,1629,18532,
264.4117357037167,78716,1125,1630,18532,
264.413794929841,78716,1125,1629,18533,
264.41399941045665,78716,1125,1628,18534,
264.41449881113004,78715,1126,1628,18534,
264.41456420278894,78715,1126,1627,18535,
264.4151889149519,78715,1126,1626,18536,
264.4196896654641,78714,1127,1626,18536,
264.41979781431456,78714,1126,1627,18536,
264.4203116792198,78714,1126,1626,18537,
264.4212572885029,78714,1125,1627,18537,
264.42301121993506,78714,1124,1628,18537,
264.42391883725014,78714,1124,1627,18538,
264.4243726039481,78713,1125,1627,18538,
264.4265623544913,78712,1126,1627,18538,
264.4269256558631,78712,1126,1626,18539,
264.4289381409005,78712,1125,1627,18539,
264.42915524775185,78712,1124,1628,18539,
264.4307631854936,78712,1123,1629,18539,
264.43120800996525,78711,1124,1629,18539,
264.4316711118913,78711,1123,1630,18539,
264.43253354613324,78711,1123,1629,18540,
264.43378983005914,78711,1122,1630,18540,
264.43380918338556,78711,1122,1629,18541,
264.4349555337741,78711,1122,1628,18542,
264.43601658537943,78710,1123,1628,18542,
264.44169535510594,78710,1122,1629,18542,
264.4424865372378,78710,1122,1628,18543,
264.4434121377536,78710,1121,1629,18543,
264.4443146747345,78710,1120,1630,18543,
264.445821443996,78710,1120,1629,18544,
264.44876776737925,78710,1120,1628,18545,
264.4500163745595,78709,1121,1628,18545,
264.45161268253605,78708,1122,1628,18545,
264.45189206374204,78708,1122,1627,18546,
264.45248253431043,78708,1121,1628,18546,
264.4537128034592,78707,1122,1628,18546,
264.4556462343856,78706,1123,1628,18546,
264.45939313630737,78706,1122,1629,18546,
264.4615433973687,78706,1122,1628,18547,
264.4641062152796,78706,1122,1627,18548,
264.4645607365256,78706,1122,1626,18549,
264.4684715416234,78706,1121,1627,18549,
264.4686629238398,78706,1121,1626,18550,
264.4724765604146,78706,1120,1627,18550,
264.47355043145495,78706,1120,1626,18551,
264.47400438228624,78706,1120,1625,18552,
264.4766131238169,78705,1121,1625,18552,
264.48288389374585,78704,1122,1625,18552,
264.4832462533908,78704,1121,1626,18552,
264.48493037587144,78703,1122,1626,18552,
264.4877988631786,78703,1121,1627,18552,
264.48857114991335,78703,1120,1628,18552,
264.4933963770796,78703,1119,1629,18552,
264.4936455798188,78703,1118,1630,18552,
264.4954865882553,78703,1117,1631,18552,
264.4968264853763,78702,1118,1631,18552,
264.4986819521412,78702,1118,1630,18553,
264.49942343877797,78701,1119,1630,18553,
264.4996062883216,78701,1118,1631,18553,
264.5041019519612,78701,1117,1632,18553,
264.506903823117,78700,1118,1632,18553,
264.5080366204591,78699,1119,1632,18553,
264.5137156411206,78698,1120,1632,18553,
264.5139255331275,78698,1119,1633,18553,
264.51416610491646,78698,1118,1634,18553,
264.51619519038593,78698,1118,1633,18554,
264.5163763404566,78698,1118,1632,18555,
264.52074943472064,78698,1118,1631,18556,
264.5221841122421,78698,1117,1632,18556,
264.5228825026939,78698,1117,1631,18557,
264.52426178650165,78698,1117,1630,18558,
264.52823045638434,78698,1116,1631,18558,
264.5283058350938,78698,1116,1630,18559,
264.53263321049377,78698,1116,1629,18560,
264.53264650411086,78697,1117,1629,18560,
264.5339975919532,78696,1118,1629,18560,
264.53404944290196,78696,1118,1628,18561,
264.53424511683414,78696,1117,1629,18561,
264.5343031234435,78696,1117,1628,18562,
264.5346047279418,78696,1116,1629,18562,
264.5350129214218,78696,1116,1628,18563,
264.53838680484523,78696,1116,1627,18564,
264.539655252557,78696,1115,1628,18564,
264.54436549601127,78696,1114,1629,18564,
264.54594057919167,78695,1115,1629,18564,
264.5461814424013,78694,1116,1629,18564,
264.54696015524337,78693,1117,1629,18564,
264.5530065814218,78692,1118,1629,18564,
264.5555931683292,78692,1117,1630,18564,
264.5560657470191,78691,1118,1630,18564,
264.5611234862473,78690,1119,1630,18564,
264.56121322498217,78690,1119,1629,18565,
264.56399229930224,78690,1119,1628,18566,
264.56489252582446,78690,1119,1627,18567,
264.5661282835443,78690,1119,1626,18568,
264.5666645002346,78689,1120,1626,18568,
264.5702054296171,78689,1120,1625,18569,
264.5709316225889,78688,1121,1625,18569,
264.5714101953101,78687,1122,1625,18569,
264.5734447801308,78687,1121,1626,18569,
264.57423229250816,78686,1122,1626,18569,
264.5754512492899,78686,1122,1625,18570,
264.57939329567915,78685,1123,1625,18570,
264.57965208674483,78685,1123,1624,18571,
264.58047272725037,78684,1124,1624,18571,
264.58064405419645,78684,1124,1623,18572,
264.5832930148942,78683,1125,1623,18572,
264.5866134726089,78683,1124,1624,18572,
264.5873623538205,78682,1125,1624,18572,
264.5882960245928,78682,1125,1623,18573,
264.59050068307505,78681,1126,1623,18573,
264.5917043438884,78680,1127,1623,18573,
264.59581211162265,78680,1127,1622,18574,
264.59737454455586,78679,1128,1622,18574,
264.59764499142494,78679,1127,1623,18574,
264.59827708152335,78679,1127,1622,18575,
264.5983068902958,78679,1126,1623,18575,
264.59886837384624,78679,1125,1624,18575,
264.5992719416648,78678,1126,1624,18575,
264.6000767356164,78678,1125,1625,18575,
264.60058734339174,78678,1125,1624,18576,
264.60196241088,78678,1125,1623,18577,
264.6036462478382,78677,1126,1623,18577,
264.60432412812065,78677,1125,1624,18577,
264.60555318320223,78676,1126,1624,18577,
264.6059057009709,78676,1126,1623,18578,
264.6066402499253,78675,1127,1623,18578,
264.6067889716049,78675,1127,1622,18579,
264.607871664934,78674,1128,1622,18579,
264.60890975309434,78673,1129,1622,18579,
264.61041385385624,78673,1129,1621,18580,
264.61276027626525,78673,1128,1622,18580,
264.6139056267565,78672,1129,1622,18580,
264.61391554514785,78672,1128,1623,18580,
264.6147818577706,78672,1127,1624,18580,
264.61587336230565,78672,1127,1623,18581,
264.61590275120795,78671,1128,1623,18581,
264.6185105419874,78671,1127,1624,18581,
264.61890122335876,78670,1128,1624,18581,
264.6205527042565,78670,1128,1623,18582,
264.6234968054179,78670,1128,1622,18583,
264.6248336068469,78670,1128,1621,18584,
264.6249455716396,78670,1128,1620,18585,
264.62786878409486,78670,1128,1619,18586,
264.6311922982046,78670,1128,1618,18587,
264.6331028367942,78670,1128,1617,18588,
264.63490096652424,78670,1128,1616,18589,
264.6360851254156,78670,1127,1617,18589,
264.63910924892906,78670,1126,1618,18589,
264.63996593968307,78670,1125,1619,18589,
264.64150522111464,78670,1124,1620,18589,
264.64231150579093,78669,1125,1620,18589,
264.6425503111084,78669,1125,1619,18590,
264.6431785085434,78669,1124,1620,18590,
264.64336459405143,78668,1125,1620,18590,
264.6436397776382,78668,1125,1619,18591,
264.6440581456247,78667,1126,1619,18591,
264.6460467627778,78666,1127,1619,18591,
264.6483465159129,78665,1128,1619,18591,
264.6505959342581,78665,1128,1618,18592,
264.6510910907169,78665,1128,1617,18593,
264.65243570386934,78665,1127,1618,18593,
264.6543835925872,78665,1127,1617,18594,
264.6585852188217,78665,1127,1616,18595,
264.66154191044114,78665,1126,1617,18595,
264.66168103090234,78665,1125,1618,18595,
264.6620940646667,78665,1125,1617,18596,
264.6627735029488,78665,1124,1618,18596,
264.6629102848444,78665,1123,1619,18596,
264.6629480501514,78664,1124,1619,18596,
264.6642271399833,78664,1123,1620,18596,
264.6655007120468,78663,1124,1620,18596,
264.6672354855466,78663,1124,1619,18597,
264.66883778426154,78663,1124,1618,18598,
264.6701279342161,78662,1125,1618,18598,
264.67343802951734,78662,1125,1617,18599,
264.67382450511286,78662,1124,1618,18599,
264.6775460994679,78661,1125,1618,18599,
264.6779081494957,78660,1126,1618,18599,
264.679329950236,78659,1127,1618,18599,
264.6802387791558,78659,1126,1619,18599,
264.6808825113905,78659,1126,1618,18600,
264.6851502234816,78659,1126,1617,18601,
264.68755302578626,78658,1127,1617,18601,
264.68773731332743,78657,1128,1617,18601,
264.6881346698862,78657,1127,1618,18601,
264.6922209950539,78656,1128,1618,18601,
264.6926081296591,78656,1127,1619,18601,
264.69421534150763,78656,1127,1618,18602,
264.69683446694927,78655,1128,1618,18602,
264.7019232490644,78654,1129,1618,18602,
264.7051557506256,78654,1128,1619,18602,
264.7059588434018,78654,1128,1618,18603,
264.7081028057814,78653,1129,1618,18603,
264.7085068164574,78653,1128,1619,18603,
264.7099079549617,78653,1128,1618,18604,
264.7108518014656,78653,1127,1619,18604,
264.71296568526895,78653,1126,1620,18604,
264.71358499597943,78652,1127,1620,18604,
264.7177825972978,78652,1126,1621,18604,
264.71875168376977,78651,1127,1621,18604,
264.71964263764556,78651,1127,1620,18605,
264.7206025619443,78651,1127,1619,18606,
264.72128045101937,78651,1126,1620,18606,
264.7216357849241,78651,1126,1619,18607,
264.72197971917063,78651,1125,1620,18607,
264.72221147745364,78650,1126,1620,18607,
264.72523842664896,78649,1127,1620,18607,
264.7255566723058,78649,1126,1621,18607,
264.72561446002044,78649,1125,1622,18607,
264.7258610026686,78648,1126,1622,18607,
264.7265940969748,78648,1125,1623,18607,
264.72971424462014,78647,1126,1623,18607,
264.73028811489434,78647,1125,1624,18607,
264.7304119449445,78646,1126,1624,18607,
264.73235679341667,78646,1125,1625,18607,
264.73519654900065,78646,1124,1626,18607,
264.7352585880332,78645,1125,1626,18607,
264.73572396730987,78644,1126,1626,18607,
264.7370375414343,78643,1127,1626,18607,
264.7381410847588,78642,1128,1626,18607,
264.73894984986373,78642,1127,1627,18607,
264.74033599526103,78642,1127,1626,18608,
264.7409199359251,78642,1126,1627,18608,
264.74225924336616,78641,1127,1627,18608,
264.7422632294619,78641,1126,1628,18608,
264.7424276465665,78641,1126,1627,18609,
264.74288819046643,78641,1125,1628,18609,
264.74308439249853,78641,1124,1629,18609,
264.74343385536423,78641,1123,1630,18609,
264.7450876875287,78641,1123,1629,18610,
264.7459980437051,78640,1124,1629,18610,
264.7486812546959,78639,1125,1629,18610,
264.7556197212102,78638,1126,1629,18610,
264.75764631913233,78637,1127,1629,18610,
264.75818681139276,78636,1128,1629,18610,
264.7583687758869,78635,1129,1629,18610,
264.7594962765346,78635,1129,1628,18611,
264.760365232802,78635,1128,1629,18611,
264.76199138239207,78635,1128,1628,18612,
264.762595772476,78635,1128,1627,18613,
264.76426373204833,78635,1128,1626,18614,
264.7650236047928,78634,1129,1626,18614,
264.76849200750644,78634,1128,1627,18614,
264.76922176275946,78633,1129,1627,18614,
264.769564006904,78633,1128,1628,18614,
264.77137436711,78633,1128,1627,18615,
264.7730625820068,78632,1129,1627,18615,
264.77369679867576,78632,1128,1628,18615,
264.7742778729446,78632,1127,1629,18615,
264.77593779724344,78631,1128,1629,18615,
264.7815166569342,78631,1128,1628,18616,
264.7847585343146,78631,1128,1627,18617,
264.78585068809844,78631,1127,1628,18617,
264.7866948750194,78631,1126,1629,18617,
264.7870033503072,78630,1127,1629,18617,
264.7882192505919,78630,1127,1628,18618,
264.78959353334614,78629,1128,1628,18618,
264.7905847545922,78629,1128,1627,18619,
264.7929286299808,78629,1127,1628,18619,
264.7938509064452,78628,1128,1628,18619,
264.7970596989884,78628,1127,1629,18619,
264.7972411636972,78627,1128,1629,18619,
264.79832504950593,78626,1129,1629,18619,
264.8004888092462,78626,1129,1628,18620,
264.8018718840912,78625,1130,1628,18620,
264.8020322330572,78624,1131,1628,18620,
264.80229660754657,78623,1132,1628,18620,
264.80375031892396,78622,1133,1628,18620,
264.8051401260476,78621,1134,1628,18620,
264.8062169097519,78620,1135,1628,18620,
264.8068746638952,78620,1134,1629,18620,
264.8097570674358,78620,1134,1628,18621,
264.81227716856165,78619,1135,1628,18621,
264.8124536596041,78618,1136,1628,18621,
264.8128524798242,78618,1135,1629,18621,
264.8133022842393,78618,1135,1628,18622,
264.8138069257658,78617,1136,1628,18622,
264.81454128384473,78616,1137,1628,18622,
264.816836961067,78616,1136,1629,18622,
264.8172229597469,78616,1136,1628,18623,
264.81841461624845,78616,1135,1629,18623,
264.8217677544362,78615,1136,1629,18623,
264.82211664272245,78614,1137,1629,18623,
264.82253338047724,78614,1137,1628,18624,
264.82351308885706,78614,1136,1629,18624,
264.82610679604124,78614,1136,1628,18625,
264.82893949941337,78614,1136,1627,18626,
264.8290279655904,78614,1136,1626,18627,
264.83095262902856,78614,1136,1625,18628,
264.83605636873017,78614,1135,1626,18628,
264.8363651447635,78614,1134,1627,18628,
264.8384282776111,78614,1134,1626,18629,
264.8385081147258,78614,1133,1627,18629,
264.8389675258924,78613,1134,1627,18629,
264.8392559851059,78613,1134,1626,18630,
264.8394681429065,78612,1135,1626,18630,
264.84142852853677,78612,1135,1625,18631,
264.8424236135983,78611,1136,1625,18631,
264.8461644644559,78610,1137,1625,18631,
264.8487713271347,78609,1138,1625,18631,
264.8513814711979,78609,1137,1626,18631,
264.85268593858564,78609,1136,1627,18631,
264.8546270607619,78608,1137,1627,18631,
264.85757274997036,78608,1137,1626,18632,
264.8584463346076,78608,1136,1627,18632,
264.858871092774,78607,1137,1627,18632,
264.86090359554146,78607,1136,1628,18632,
264.8643127956728,78606,1137,1628,18632,
264.8654074051739,78605,1138,1628,18632,
264.86674850533933,78605,1138,1627,18633,
264.8671419175304,78605,1137,1628,18633,
264.86899518285253,78605,1137,1627,18634,
264.87138491428516,78604,1138,1627,18634,
264.8717148495365,78604,1138,1626,18635,
264.8721277667899,78604,1138,1625,18636,
264.8730854276764,78604,1137,1626,18636,
264.8737450214702,78603,1138,1626,18636,
264.8748238976235,78602,1139,1626,18636,
264.87522135680274,78602,1138,1627,18636,
264.87590730157046,78602,1137,1628,18636,
264.8793360292289,78602,1137,1627,18637,
264.88057037991024,78601,1138,1627,18637,
264.88139259767973,78601,1138,1626,18638,
264.8837307059575,78600,1139,1626,18638,
264.88752446148993,78599,1140,1626,18638,
264.88876654491196,78599,1139,1627,18638,
264.8888164640822,78598,1140,1627,18638,
264.89274230712,78597,1141,1627,18638,
264.89285250465576,78597,1140,1628,18638,
264.8969769327475,78596,1141,1628,18638,
264.8984363644905,78595,1142,1628,18638,
264.90114569413896,78594,1143,1628,18638,
264.9013743068292,78594,1143,1627,18639,
264.9016525512574,78593,1144,1627,18639,
264.9018238942789,78593,1144,1626,18640,
264.9025167109918,78592,1145,1626,18640,
264.90300754590623,78591,1146,1626,18640,
264.9040418596036,78591,1145,1627,18640,
264.9046569443622,78591,1144,1628,18640,
264.9053624333105,78590,1145,1628,18640,
264.9068447638052,78589,1146,1628,18640,
264.90748706229766,78589,1146,1627,18641,
264.9082378937677,78588,1147,1627,18641,
264.90913398483815,78588,1146,1628,18641,
264.90952811517985,78588,1146,1627,18642,
264.9103145396459,78587,1147,1627,18642,
264.91542149166736,78587,1146,1628,18642,
264.91688774995316,78587,1145,1629,18642,
264.9183087116378,78586,1146,1629,18642,
264.9224220756758,78586,1146,1628,18643,
264.9229032232548,78586,1146,1627,18644,
264.9244841099791,78586,1145,1628,18644,
264.9259866536713,78586,1145,1627,18645,
264.9266425511684,78586,1144,1628,18645,
264.9292058979624,78585,1145,1628,18645,
264.92931330265566,78584,1146,1628,18645,
264.9293913013125,78584,1145,1629,18645,
264.93082088873473,78583,1146,1629,18645,
264.93364713150595,78582,1147,1629,18645,
264.93656665074826,78581,1148,1629,18645,
264.9367757815208,78581,1147,1630,18645,
264.93777470315507,78580,1148,1630,18645,
264.9389492782094,78579,1149,1630,18645,
264.942502707646,78578,1150,1630,18645,
264.94543339005116,78577,1151,1630,18645,
264.94615832755215,78577,1150,1631,18645,
264.94624751909726,78576,1151,1631,18645,
264.946649832743,78575,1152,1631,18645,
264.94693362517404,78574,1153,1631,18645,
264.95255433949364,78574,1152,1632,18645,
264.95562841261227,78573,1153,1632,18645,
264.95571861541646,78573,1152,1633,18645,
264.95605382956086,78573,1151,1634,18645,
264.9560613537167,78573,1151,1633,18646,
264.95783653057623,78573,1151,1632,18647,
264.9590454450767,78572,1152,1632,18647,
264.95972553402464,78572,1152,1631,18648,
264.95989787859486,78572,1152,1630,18649,
264.96062688745104,78572,1152,1629,18650,
264.9607303508232,78572,1152,1628,18651,
264.96098800275576,78571,1153,1628,18651,
264.96180080371903,78570,1154,1628,18651,
264.96200340140143,78570,1153,1629,18651,
264.9622890537666,78570,1152,1630,18651,
264.96475897522816,78570,1151,1631,18651,
264.9651142742249,78570,1150,1632,18651,
264.9653213870784,78570,1149,1633,18651,
264.96583925347267,78570,1149,1632,18652,
264.9681079908289,78570,1148,1633,18652,
264.96898692337635,78569,1149,1633,18652,
264.9704705047149,78569,1149,1632,18653,
264.9746650298947,78569,1148,1633,18653,
264.97969048552716,78568,1149,1633,18653,
264.9832301678252,78568,1148,1634,18653,
264.98475045812137,78568,1148,1633,18654,
264.9850673339582,78568,1147,1634,18654,
264.98516285121053,78568,1146,1635,18654,
264.98634181501,78567,1147,1635,18654,
264.9868787182216,78566,1148,1635,18654,
264.9872105885425,78565,1149,1635,18654,
264.9882699749823,78565,1148,1636,18654,
264.9890060150636,78565,1148,1635,18655,
264.9906765521237,78565,1147,1636,18655,
264.99297463719967,78564,1148,1636,18655,
264.9935160977147,78563,1149,1636,18655,
264.99359827477053,78563,1148,1637,18655,
264.99411287931457,78563,1148,1636,18656,
264.99619478287264,78563,1148,1635,18657,
264.99745116809794,78562,1149,1635,18657,
264.99801653677775,78562,1149,1634,18658,
264.99875275079796,78561,1150,1634,18658,
265.0008612141862,78560,1151,1634,18658,
265.0024959003399,78560,1150,1635,18658,
265.0028342172076,78559,1151,1635,18658,
265.003611948873,78559,1151,1634,18659,
265.00996751624285,78558,1152,1634,18659,
265.0100072989105,78558,1152,1633,18660,
265.0108639218019,78558,1151,1634,18660,
265.01254459454333,78557,1152,1634,18660,
265.0130003766328,78556,1153,1634,18660,
265.0152145589876,78556,1152,1635,18660,
265.01563997359204,78556,1152,1634,18661,
265.01580409893353,78556,1151,1635,18661,
265.01799025420246,78555,1152,1635,18661,
265.01858772555937,78555,1152,1634,18662,
265.0192775265867,78555,1151,1635,18662,
265.0203662876941,78555,1150,1636,18662,
265.0236377438147,78555,1149,1637,18662,
265.0253550323565,78555,1148,1638,18662,
265.0285062958288,78555,1148,1637,18663,
265.0289015003609,78554,1149,1637,18663,
265.0301840946785,78554,1149,1636,18664,
265.03068800352355,78553,1150,1636,18664,
265.0321761513048,78553,1150,1635,18665,
265.0341100495106,78552,1151,1635,18665,
265.03754412406533,78552,1150,1636,18665,
265.0375769980051,78552,1150,1635,18666,
265.03896048396916,78552,1149,1636,18666,
265.03906468698415,78552,1149,1635,18667,
265.03923254184997,78552,1148,1636,18667,
265.04056913835973,78551,1149,1636,18667,
265.040943740984,78551,1149,1635,18668,
265.0416091878894,78551,1149,1634,18669,
265.0428818905435,78551,1148,1635,18669,
265.0436103682247,78551,1148,1634,18670,
265.0454525466549,78551,1148,1633,18671,
265.0454838611873,78551,1147,1634,18671,
265.04564342815195,78551,1147,1633,18672,
265.0473081200415,78551,1147,1632,18673,
265.0473753733602,78551,1147,1631,18674,
265.0474239718341,78551,1147,1630,18675,
265.0476003608668,78551,1147,1629,18676,
265.0483694726865,78550,1148,1629,18676,
265.04906843159534,78550,1147,1630,18676,
265.0518812811341,78550,1147,1629,18677,
265.0524654211896,78549,1148,1629,18677,
265.05362144794475,78549,1148,1628,18678,
265.0558228045309,78549,1148,1627,18679,
265.0565906520268,78549,1147,1628,18679,
265.057489201349,78548,1148,1628,18679,
265.0606469138946,78548,1147,1629,18679,
265.0607996634443,78547,1148,1629,18679,
265.06137077901553,78546,1149,1629,18679,
265.0619932427986,78545,1150,1629,18679,
265.06283876227644,78544,1151,1629,18679,
265.0654570389709,78544,1150,1630,18679,
265.07347464521104,78544,1149,1631,18679,
265.07393370623777,78543,1150,1631,18679,
265.0784484227794,78543,1150,1630,18680,
265.07881134058056,78543,1149,1631,18680,
265.07882023037786,78542,1150,1631,18680,
265.0788768985675,78542,1150,1630,18681,
265.07946301376944,78542,1149,1631,18681,
265.0798456811651,78541,1150,1631,18681,
265.0801207946788,78540,1151,1631,18681,
265.0803759433727,78540,1150,1632,18681,
265.0811192391853,78540,1149,1633,18681,
265.0840521822456,78540,1149,1632,18682,
265.08613261634275,78540,1149,1631,18683,
265.08663050405045,78539,1150,1631,18683,
265.0900036405966,78538,1151,1631,18683,
265.0937941907552,78537,1152,1631,18683,
265.09387558989636,78537,1151,1632,18683,
265.0961464820623,78537,1151,1631,18684,
265.0965331378438,78537,1150,1632,18684,
265.0974072681322,78537,1150,1631,18685,
265.09796068808805,78537,1149,1632,18685,
265.0986532250609,78537,1148,1633,18685,
265.0986985440592,78536,1149,1633,18685,
265.0987464854311,78535,1150,1633,18685,
265.09913499973914,78534,1151,1633,18685,
265.1005741628036,78533,1152,1633,18685,
265.10585463424735,78533,1151,1634,18685,
265.1071978754719,78533,1150,1635,18685,
265.1071998779866,78532,1151,1635,18685,
265.11359111439697,78531,1152,1635,18685,
265.11723003751825,78531,1152,1634,18686,
265.1183389190798,78531,1152,1633,18687,
265.1199780834137,78531,1151,1634,18687,
265.1221268849905,78530,1152,1634,18687,
265.1233049906653,78530,1151,1635,18687,
265.12518141628146,78529,1152,1635,18687,
265.1259877586635,78529,1151,1636,18687,
265.12666965799815,78528,1152,1636,18687,
265.127028072157,78527,1153,1636,18687,
265.1271567808941,78527,1153,1635,18688,
265.12722491803447,78527,1152,1636,18688,
265.12933289146406,78526,1153,1636,18688,
265.1303513228529,78526,1152,1637,18688,
265.132264268845,78526,1151,1638,18688,
265.1323033031414,78525,1152,1638,18688,
265.1333169573214,78525,1151,1639,18688,
265.1336178680517,78525,1151,1638,18689,
265.1347770021202,78525,1150,1639,18689,
265.1349543625364,78524,1151,1639,18689,
265.1350720388376,78524,1150,1640,18689,
265.1362140746259,78523,1151,1640,18689,
265.1406199331895,78523,1150,1641,18689,
265.1417907772461,78522,1151,1641,18689,
265.14490860823776,78522,1150,1642,18689,
265.14510221709963,78522,1149,1643,18689,
265.1456991612217,78522,1148,1644,18689,
265.1463466405152,78522,1147,1645,18689,
265.1464404506618,78522,1146,1646,18689,
265.14746109184387,78521,1147,1646,18689,
265.14918798030754,78521,1146,1647,18689,
265.1493194909651,78521,1146,1646,18690,
265.1501003824557,78520,1147,1646,18690,
265.1508242252289,78520,1147,1645,18691,
265.1524615495838,78520,1147,1644,18692,
265.15254096939327,78519,1148,1644,18692,
265.1558311244773,78519,1147,1645,18692,
265.15616071422687,78518,1148,1645,18692,
265.15627664285273,78518,1147,1646,18692,
265.1574123767832,78518,1147,1645,18693,
265.16007096303764,78518,1146,1646,18693,
265.16122227836536,78518,1145,1647,18693,
265.1612270461415,78518,1145,1646,18694,
265.16915147840956,78517,1146,1646,18694,
265.1709355538328,78517,1145,1647,18694,
265.17106330761516,78516,1146,1647,18694,
265.17150179898374,78516,1146,1646,18695,
265.1801594346801,78515,1147,1646,18695,
265.1803032850429,78514,1148,1646,18695,
265.1815595538728,78513,1149,1646,18695,
265.18231380687257,78513,1149,1645,18696,
265.18344649573294,78513,1149,1644,18697,
265.18467017356534,78513,1148,1645,18697,
265.18584809649076,78513,1148,1644,18698,
265.1895934246953,78513,1147,1645,18698,
265.19069153011617,78513,1147,1644,18699,
265.19305967283697,78512,1148,1644,18699,
265.19461542462227,78512,1148,1643,18700,
265.1984412489078,78511,1149,1643,18700,
265.19915925587384,78511,1149,1642,18701,
265.19931448613863,78511,1149,1641,18702,
265.2022806548861,78511,1149,1640,18703,
265.2052357244341,78510,1150,1640,18703,
265.20574292828337,78510,1150,1639,18704,
265.2085831532691,78510,1150,1638,18705,
265.2141101592568,78510,1150,1637,18706,
265.2147140403845,78509,1151,1637,18706,
265.2161085730345,78509,1151,1636,18707,
265.2171567384776,78509,1150,1637,18707,
265.2180709540393,78509,1150,1636,18708,
265.2181505325383,78509,1150,1635,18709,
265.21901370604036,78508,1151,1635,18709,
265.2192692696191,78507,1152,1635,18709,
265.2211423060234,78507,1151,1636,18709,
265.22680189845846,78506,1152,1636,18709,
265.22730771642944,78506,1151,1637,18709,
265.2283449843827,78505,1152,1637,18709,
265.23303637007604,78504,1153,1637,18709,
265.2330437336924,78504,1152,1638,18709,
265.2341145360348,78504,1151,1639,18709,
265.2345593742456,78504,1150,1640,18709,
265.2359114826039,78503,1151,1640,18709,
265.23593087958494,78503,1150,1641,18709,
265.23879419887123,78502,1151,1641,18709,
265.2407065847145,78502,1151,1640,18710,
265.2415013515031,78502,1150,1641,18710,
265.24493362903206,78502,1149,1642,18710,
265.24493986442616,78501,1150,1642,18710,
265.2450577524174,78501,1150,1641,18711,
265.24540913729015,78501,1150,1640,18712,
265.24547200253045,78500,1151,1640,18712,
265.25295773296415,78499,1152,1640,18712,
265.25328256306506,78499,1151,1641,18712,
265.2537901775231,78498,1152,1641,18712,
265.25703010449064,78497,1153,1641,18712,
265.25825139915025,78497,1152,1642,18712,
265.25854782409704,78496,1153,1642,18712,
265.26107540183887,78496,1153,1641,18713,
265.26392730095864,78495,1154,1641,18713,
265.26613437069705,78495,1154,1640,18714,
265.26674781614827,78494,1155,1640,18714,
265.26676920619764,78494,1154,1641,18714,
265.27066079191445,78494,1154,1640,18715,
265.2708448768232,78494,1154,1639,18716,
265.2711787450109,78493,1155,1639,18716,
265.27273696181214,78492,1156,1639,18716,
265.27345150744003,78492,1156,1638,18717,
265.27715822227196,78492,1156,1637,18718,
265.2788704099419,78491,1157,1637,18718,
265.2802717079683,78491,1156,1638,18718,
265.2832202449336,78491,1155,1639,18718,
265.28330915290536,78490,1156,1639,18718,
265.2851101690454,78490,1156,1638,18719,
265.29178890682016,78490,1155,1639,18719,
265.29299536372395,78489,1156,1639,18719,
265.29704246469936,78489,1155,1640,18719,
265.2973289103443,78488,1156,1640,18719,
265.29737360160675,78487,1157,1640,18719,
265.2980038598995,78487,1156,1641,18719,
265.3005115554477,78486,1157,1641,18719,
265.3009479613754,78485,1158,1641,18719,
265.3019731760827,78484,1159,1641,18719,
265.30534031593635,78483,1160,1641,18719,
265.3061880454203,78482,1161,1641,18719,
265.3066554266221,78482,1160,1642,18719,
265.3100777787602,78481,1161,1642,18719,
265.3110085879904,78481,1160,1643,18719,
265.31397127387504,78481,1159,1644,18719,
265.3162556901482,78480,1160,1644,18719,
265.3163774404185,78480,1160,1643,18720,
265.3168554939941,78479,1161,1643,18720,
265.31731102184546,78479,1160,1644,18720,
265.3180841533423,78479,1159,1645,18720,
265.3197287512324,78479,1158,1646,18720,
265.3245907248515,78479,1157,1647,18720,
265.3260081788152,78479,1157,1646,18721,
265.32798920400984,78478,1158,1646,18721,
265.32921645938666,78477,1159,1646,18721,
265.3296501166989,78477,1158,1647,18721,
265.32985052691686,78476,1159,1647,18721,
265.3300346893179,78475,1160,1647,18721,
265.330624975513,78475,1160,1646,18722,
265.33067967385836,78474,1161,1646,18722,
265.3356238829867,78474,1160,1647,18722,
265.33645276942923,78473,1161,1647,18722,
265.33652401163897,78472,1162,1647,18722,
265.3368082932885,78471,1163,1647,18722,
265.3369535427824,78470,1164,1647,18722,
265.3376816240815,78470,1163,1648,18722,
265.3425352018422,78469,1164,1648,18722,
265.34276538286304,78468,1165,1648,18722,
265.3427895633368,78467,1166,1648,18722,
265.3445601608691,78467,1165,1649,18722,
265.3449586266902,78467,1165,1648,18723,
265.34536465692094,78467,1164,1649,18723,
265.3529804822834,78467,1163,1650,18723,
265.3544225336747,78467,1162,1651,18723,
265.3544779306337,78467,1161,1652,18723,
265.3560881575542,78466,1162,1652,18723,
265.3562055730934,78465,1163,1652,18723,
265.3583234369425,78465,1163,1651,18724,
265.35885432512174,78464,1164,1651,18724,
265.3590866978807,78463,1165,1651,18724,
265.3620876886427,78462,1166,1651,18724,
265.36339858723716,78462,1166,1650,18725,
265.3640685560583,78462,1165,1651,18725,
265.36430699663885,78462,1164,1652,18725,
265.3644698994444,78462,1163,1653,18725,
265.3650937929781,78461,1164,1653,18725,
265.3655378057576,78461,1164,1652,18726,
265.36714512795,78460,1165,1652,18726,
265.3680876699187,78460,1164,1653,18726,
265.36836822550373,78460,1163,1654,18726,
265.36997453517097,78460,1162,1655,18726,
265.370005099124,78459,1163,1655,18726,
265.3706185078984,78459,1163,1654,18727,
265.372536296702,78459,1163,1653,18728,
265.3750945428218,78458,1164,1653,18728,
265.3770393411402,78457,1165,1653,18728,
265.37933443607466,78456,1166,1653,18728,
265.38039618458345,78456,1166,1652,18729,
265.38432770197005,78456,1165,1653,18729,
265.3851739509293,78456,1164,1654,18729,
265.3878866002956,78456,1163,1655,18729,
265.39063872990107,78455,1164,1655,18729,
265.3943395661909,78455,1163,1656,18729,
265.3953924846032,78455,1163,1655,18730,
265.39980222243594,78454,1164,1655,18730,
265.3998519925978,78453,1165,1655,18730,
265.4008892884591,78453,1164,1656,18730,
265.4016402466461,78452,1165,1656,18730,
265.40217911367,78452,1165,1655,18731,
265.4025982864431,78452,1165,1654,18732,
265.40310728313915,78452,1164,1655,18732,
265.40436052574233,78452,1164,1654,18733,
265.40478826335135,78452,1163,1655,18733,
265.40581245874887,78452,1163,1654,18734,
265.40614956968227,78451,1164,1654,18734,
265.40776993283987,78450,1165,1654,18734,
265.40882165508185,78450,1165,1653,18735,
265.40951613332203,78450,1164,1654,18735,
265.4095202380544,78449,1165,1654,18735,
265.40966496947146,78448,1166,1654,18735,
265.41002882874614,78447,1167,1654,18735,
265.41351586823424,78447,1167,1653,18736,
265.4145218802662,78446,1168,1653,18736,
265.4147974417864,78445,1169,1653,18736,
265.4167109755369,78444,1170,1653,18736,
265.41776269947826,78443,1171,1653,18736,
265.4227065930021,78443,1170,1654,18736,
265.4268439483355,78442,1171,1654,18736,
265.42919707828463,78441,1172,1654,18736,
265.43502539678735,78441,1171,1655,18736,
265.4356561824931,78441,1171,1654,18737,
265.4365501039508,78441,1170,1655,18737,
265.4385187880911,78440,1171,1655,18737,
265.4390908394274,78440,1170,1656,18737,
265.43991316148595,78440,1170,1655,18738,
265.4399232050265,78439,1171,1655,18738,
265.4421681869265,78438,1172,1655,18738,
265.44359584171775,78438,1171,1656,18738,
265.4492903922402,78437,1172,1656,18738,
265.449669738701,78437,1171,1657,18738,
265.44994847562555,78436,1172,1657,18738,
265.4502888457679,78435,1173,1657,18738,
265.45231570383663,78435,1173,1656,18739,
265.4525483448979,78434,1174,1656,18739,
265.4530474703774,78434,1173,1657,18739,
265.454211239816,78433,1174,1657,18739,
265.4571342750348,78433,1174,1656,18740,
265.45729776829705,78432,1175,1656,18740,
265.4602823888234,78431,1176,1656,18740,
265.4614324343417,78430,1177,1656,18740,
265.4625428592802,78429,1178,1656,18740,
265.4636489944378,78429,1177,1657,18740,
265.46367976404827,78429,1177,1656,18741,
265.46472560227915,78428,1178,1656,18741,
265.4653243601764,78428,1178,1655,18742,
265.4666967517993,78427,1179,1655,18742,
265.4682052594069,78426,1180,1655,18742,
265.47027972500956,78425,1181,1655,18742,
265.47232898325836,78425,1180,1656,18742,
265.47346788852167,78425,1179,1657,18742,
265.4735262992858,78425,1179,1656,18743,
265.47406676113036,78425,1178,1657,18743,
265.4748332255752,78425,1178,1656,18744,
265.4781619532067,78425,1177,1657,18744,
265.4829770083644,78425,1176,1658,18744,
265.48308981835044,78425,1175,1659,18744,
265.48379990042577,78424,1176,1659,18744,
265.48448946276864,78423,1177,1659,18744,
265.48606251572113,78422,1178,1659,18744,
265.48638784190797,78422,1178,1658,18745,
265.48702595189224,78422,1178,1657,18746,
265.4882708604314,78422,1178,1656,18747,
265.48900893273395,78421,1179,1656,18747,
265.49577549423907,78421,1179,1655,18748,
265.49609276384933,78421,1178,1656,18748,
265.49640974643154,78421,1178,1655,18749,
265.5002548399118,78420,1179,1655,18749,
265.50298050439375,78420,1179,1654,18750,
265.50540890755633,78420,1178,1655,18750,
265.50690236240456,78420,1177,1656,18750,
265.50715682102026,78420,1177,1655,18751,
265.50792117921975,78420,1176,1656,18751,
265.5097002831201,78420,1176,1655,18752,
265.51021336942296,78420,1176,1654,18753,
265.5103249535298,78419,1177,1654,18753,
265.5114239730822,78419,1176,1655,18753,
265.51273354256745,78418,1177,1655,18753,
265.51435240047005,78418,1177,1654,18754,
265.5172811529067,78418,1177,1653,18755,
265.52007618220466,78418,1177,1652,18756,
265.5209554127491,78418,1177,1651,18757,
265.52118528634105,78418,1176,1652,18757,
265.5231222735902,78417,1177,1652,18757,
265.5254169071898,78417,1177,1651,18758,
265.5263237989701,78417,1176,1652,18758,
265.52780544467134,78417,1176,1651,18759,
265.52931697889727,78417,1175,1652,18759,
265.5320740571509,78417,1175,1651,18760,
265.5324354631278,78417,1175,1650,18761,
265.53326559779566,78416,1176,1650,18761,
265.5347439782455,78415,1177,1650,18761,
265.53576726335854,78415,1176,1651,18761,
265.5382272879989,78415,1175,1652,18761,
265.54036923793035,78414,1176,1652,18761,
265.54141467139215,78414,1176,1651,18762,
265.5422381415172,78413,1177,1651,18762,
265.5426471986068,78413,1177,1650,18763,
265.5442308809294,78413,1177,1649,18764,
265.54524080226514,78413,1176,1650,18764,
265.5458253465969,78413,1175,1651,18764,
265.5470179532418,78412,1176,1651,18764,
265.5472744452832,78412,1175,1652,18764,
265.5497983104911,78412,1175,1651,18765,
265.5499544673658,78412,1175,1650,18766,
265.55228960016694,78412,1174,1651,18766,
265.5527781444857,78412,1173,1652,18766,
265.55406433111426,78412,1173,1651,18767,
265.5548081628,78412,1173,1650,18768,
265.55650968333816,78411,1174,1650,18768,
265.5582617947304,78410,1175,1650,18768,
265.55903880664465,78409,1176,1650,18768,
265.5595001985124,78409,1175,1651,18768,
265.56001106295935,78409,1174,1652,18768,
265.5603703067586,78409,1174,1651,18769,
265.5607626068321,78409,1173,1652,18769,
265.56134196990746,78408,1174,1652,18769,
265.56267179413896,78408,1174,1651,18770,
265.56283039565096,78408,1173,1652,18770,
265.5646322411403,78408,1173,1651,18771,
265.5659210086352,78407,1174,1651,18771,
265.5662442171578,78407,1173,1652,18771,
265.5665753408464,78407,1172,1653,18771,
265.56689125577947,78407,1171,1654,18771,
265.5675097864792,78406,1172,1654,18771,
265.57302708798704,78405,1173,1654,18771,
265.5733566952138,78405,1173,1653,18772,
265.57658590876383,78404,1174,1653,18772,
265.5766552503975,78404,1173,1654,18772,
265.5771273772522,78403,1174,1654,18772,
265.57785896053014,78403,1174,1653,18773,
265.57890179770163,78403,1174,1652,18774,
265.58078064463956,78402,1175,1652,18774,
265.5817272683399,78402,1174,1653,18774,
265.5818949035137,78402,1173,1654,18774,
265.5842317883252,78401,1174,1654,18774,
265.5856531134077,78400,1175,1654,18774,
265.58577641569843,78400,1175,1653,18775,
265.5868789868626,78399,1176,1653,18775,
265.5878630639453,78398,1177,1653,18775,
265.588414174293,78398,1177,1652,18776,
265.5896152538074,78398,1176,1653,18776,
265.59183320257847,78397,1177,1653,18776,
265.591919293259,78396,1178,1653,18776,
265.5925377122705,78396,1177,1654,18776,
265.5925738033967,78396,1177,1653,18777,
265.5943020106659,78396,1177,1652,18778,
265.5953289068737,78396,1176,1653,18778,
265.59735165587597,78395,1177,1653,18778,
265.5977657766752,78395,1176,1654,18778,
265.6020419840925,78394,1177,1654,18778,
265.6059337961673,78394,1177,1653,18779,
265.6070393597357,78394,1176,1654,18779,
265.60825423676437,78394,1176,1653,18780,
265.6104304149111,78394,1176,1652,18781,
265.6108219547267,78394,1176,1651,18782,
265.61133546311765,78394,1175,1652,18782,
265.61259164788066,78394,1175,1651,18783,
265.6144157058806,78394,1175,1650,18784,
265.62037693140155,78394,1175,1649,18785,
265.62321616750506,78394,1175,1648,18786,
265.62632959698817,78393,1176,1648,18786,
265.62713621929186,78393,1175,1649,18786,
265.6283606208885,78393,1174,1650,18786,
265.63216673009657,78393,1174,1649,18787,
265.63315839790124,78393,1173,1650,18787,
265.63692440227055,78392,1174,1650,18787,
265.637882425756,78392,1173,1651,18787,
265.6399506525801,78392,1172,1652,18787,
265.640828087521,78392,1171,1653,18787,
265.64293004086636,78391,1172,1653,18787,
265.6432366028632,78390,1173,1653,18787,
265.6438970320955,78389,1174,1653,18787,
265.6450968136663,78389,1174,1652,18788,
265.6469194864803,78389,1173,1653,18788,
265.6483931100991,78389,1173,1652,18789,
265.64891685011565,78389,1172,1653,18789,
265.64984608204253,78388,1173,1653,18789,
265.6500886668409,78387,1174,1653,18789,
265.6510383543903,78386,1175,1653,18789,
265.65131004304703,78385,1176,1653,18789,
265.65522686249557,78385,1176,1652,18790,
265.65527114558625,78385,1175,1653,18790,
265.65551660182206,78385,1174,1654,18790,
265.65609227701435,78384,1175,1654,18790,
265.6563107460157,78384,1174,1655,18790,
265.65751396328614,78384,1174,1654,18791,
265.65848798672863,78383,1175,1654,18791,
265.658690075267,78383,1174,1655,18791,
265.66080678209323,78382,1175,1655,18791,
265.6613430352518,78381,1176,1655,18791,
265.6615353490731,78380,1177,1655,18791,
265.66156378765237,78380,1176,1656,18791,
265.66352709097714,78380,1176,1655,18792,
265.66367406213124,78380,1176,1654,18793,
265.664266737007,78380,1175,1655,18793,
265.6669453467948,78380,1174,1656,18793,
265.66700395546445,78380,1174,1655,18794,
265.66876636990577,78380,1174,1654,18795,
265.6736682427902,78380,1174,1653,18796,
265.6752124173753,78380,1174,1652,18797,
265.6756320879495,78380,1174,1651,18798,
265.67605990299853,78380,1173,1652,18798,
265.6770092279961,78379,1174,1652,18798,
265.6773710838856,78378,1175,1652,18798,
265.678067341657,78378,1174,1653,18798,
265.6787876458231,78378,1174,1652,18799,
265.6804664076955,78378,1174,1651,18800,
265.6820403680826,78377,1175,1651,18800,
265.6827949109352,78376,1176,1651,18800,
265.68290475764616,78375,1177,1651,18800,
265.68351821457406,78375,1177,1650,18801,
265.68462458113567,78375,1177,1649,18802,
265.68510292691207,78375,1176,1650,18802,
265.68610502844336,78375,1176,1649,18803,
265.6863005251865,78374,1177,1649,18803,
265.6900429704699,78374,1176,1650,18803,
265.69213107792075,78374,1175,1651,18803,
265.69218209702547,78374,1175,1650,18804,
265.6923785575446,78373,1176,1650,18804,
265.69254456244374,78372,1177,1650,18804,
265.692715900556,78372,1176,1651,18804,
265.69273367403196,78371,1177,1651,18804,
265.69404971362354,78371,1177,1650,18805,
265.69465880290176,78370,1178,1650,18805,
265.6950015489128,78370,1177,1651,18805,
265.69695997308276,78370,1176,1652,18805,
265.69929146551135,78370,1176,1651,18806,
265.699721120295,78370,1175,1652,18806,
265.7010341221644,78370,1175,1651,18807,
265.70318171179775,78370,1174,1652,18807,
265.7032786924434,78369,1175,1652,18807,
265.70393614928764,78369,1175,1651,18808,
265.70586021663087,78369,1175,1650,18809,
265.7067939992997,78368,1176,1650,18809,
265.7109589433485,78368,1176,1649,18810,
265.7114590991207,78368,1175,1650,18810,
265.71182737898965,78367,1176,1650,18810,
265.7145164490322,78367,1175,1651,18810,
265.7166315872795,78367,1174,1652,18810,
265.72005161102754,78366,1175,1652,18810,
265.7220177624562,78366,1174,1653,18810,
265.722348431909,78366,1174,1652,18811,
265.72536180087116,78365,1175,1652,18811,
265.73380135909986,78364,1176,1652,18811,
265.7342339758074,78364,1176,1651,18812,
265.7348103638358,78364,1175,1652,18812,
265.74152101426466,78363,1176,1652,18812,
265.74241270323506,78362,1177,1652,18812,
265.74273899016157,78361,1178,1652,18812,
265.7461776077236,78361,1178,1651,18813,
265.7474026960519,78361,1178,1650,18814,
265.7513791818762,78361,1177,1651,18814,
265.7534288283839,78361,1176,1652,18814,
265.7540738272508,78361,1176,1651,18815,
265.75414269256066,78361,1175,1652,18815,
265.75588328431763,78361,1175,1651,18816,
265.7573040911989,78360,1176,1651,18816,
265.7621301351597,78360,1175,1652,18816,
265.76283377369003,78360,1175,1651,18817,
265.7646453565855,78360,1174,1652,18817,
265.76552551666344,78360,1174,1651,18818,
265.76725116032236,78360,1174,1650,18819,
265.770173234006,78360,1174,1649,18820,
265.77081307378614,78360,1173,1650,18820,
265.77081339370113,78359,1174,1650,18820,
265.7729438090365,78359,1173,1651,18820,
265.77661148705045,78359,1173,1650,18821,
265.77723484720394,78359,1173,1649,18822,
265.78026786220624,78359,1172,1650,18822,
265.781171834611,78359,1172,1649,18823,
265.78208094144844,78359,1172,1648,18824,
265.7828005869494,78358,1173,1648,18824,
265.7836266121828,78357,1174,1648,18824,
265.79002787051184,78357,1173,1649,18824,
265.79092138089504,78357,1172,1650,18824,
265.79108658949826,78356,1173,1650,18824,
265.7912793277231,78355,1174,1650,18824,
265.7952649014658,78354,1175,1650,18824,
265.7959646372259,78354,1174,1651,18824,
265.7973819898658,78353,1175,1651,18824,
265.8002350656927,78353,1174,1652,18824,
265.8015400467089,78352,1175,1652,18824,
265.8016281989995,78352,1175,1651,18825,
265.80189267198705,78352,1174,1652,18825,
265.80584176243224,78351,1175,1652,18825,
265.80728145813316,78350,1176,1652,18825,
265.8106029273675,78350,1176,1651,18826,
265.81172417551335,78349,1177,1651,18826,
265.8118885106956,78349,1176,1652,18826,
265.81249106637284,78349,1175,1653,18826,
265.8130519601774,78349,1174,1654,18826,
265.8166341102988,78349,1174,1653,18827,
265.81860060589275,78349,1173,1654,18827,
265.8236785610138,78349,1172,1655,18827,
265.8240601354348,78349,1171,1656,18827,
265.82448626219264,78348,1172,1656,18827,
265.82543000973743,78348,1171,1657,18827,
265.82750027027936,78348,1170,1658,18827,
265.82806645037476,78347,1171,1658,18827,
265.82856366912756,78347,1170,1659,18827,
265.82902062106984,78347,1170,1658,18828,
265.82902570322676,78347,1170,1657,18829,
265.8291831982937,78347,1169,1658,18829,
265.8311345994858,78346,1170,1658,18829,
265.8323371834795,78346,1170,1657,18830,
265.83560523214334,78346,1170,1656,18831,
265.83768680986856,78345,1171,1656,18831,
265.8391512786784,78344,1172,1656,18831,
265.84211024541713,78344,1172,1655,18832,
265.84246194470205,78344,1171,1656,18832,
265.84357191641936,78343,1172,1656,18832,
265.8488734064438,78343,1172,1655,18833,
265.85192537325224,78343,1171,1656,18833,
265.8527623756068,78342,1172,1656,18833,
265.85318409839533,78342,1171,1657,18833,
265.85401372229745,78341,1172,1657,18833,
265.8580842536661,78341,1172,1656,18834,
265.85845192105296,78341,1172,1655,18835,
265.8600082963595,78340,1173,1655,18835,
265.8623737710026,78339,1174,1655,18835,
265.86246104538225,78339,1173,1656,18835,
265.86265233620526,78339,1172,1657,18835,
265.8635306421075,78339,1171,1658,18835,
265.8636222871277,78338,1172,1658,18835,
265.863793546651,78337,1173,1658,18835,
265.86578859412674,78336,1174,1658,18835,
265.8684034416316,78336,1174,1657,18836,
265.8688660791299,78336,1173,1658,18836,
265.8738515217565,78336,1172,1659,18836,
265.8772161363318,78335,1173,1659,18836,
265.8776840979479,78335,1172,1660,18836,
265.87966405144755,78335,1172,1659,18837,
265.884434463289,78335,1172,1658,18838,
265.8845554179089,78335,1171,1659,18838,
265.88535040829595,78334,1172,1659,18838,
265.8856647885206,78333,1173,1659,18838,
265.8864598597632,78332,1174,1659,18838,
265.88762258009825,78332,1173,1660,18838,
265.89159139840183,78332,1173,1659,18839,
265.8919618774775,78331,1174,1659,18839,
265.89244298224,78330,1175,1659,18839,
265.89305736997875,78329,1176,1659,18839,
265.8946741052884,78329,1176,1658,18840,
265.8954435579341,78329,1176,1657,18841,
265.8956180774125,78329,1176,1656,18842,
265.8986687574619,78329,1176,1655,18843,
265.89897118283795,78329,1175,1656,18843,
265.9001728633938,78329,1175,1655,18844,
265.9106282804647,78329,1174,1656,18844,
265.91190655739797,78328,1175,1656,18844,
265.91412691223195,78328,1174,1657,18844,
265.91517851993217,78328,1174,1656,18845,
265.91534956846994,78328,1174,1655,18846,
265.9158932099934,78328,1173,1656,18846,
265.9170516099361,78327,1174,1656,18846,
265.9178462822168,78327,1173,1657,18846,
265.9183153489182,78326,1174,1657,18846,
265.91872078280886,78325,1175,1657,18846,
265.9194549912865,78324,1176,1657,18846,
265.926745293732,78324,1175,1658,18846,
265.92806540872505,78324,1174,1659,18846,
265.92833856291327,78323,1175,1659,18846,
265.9312918003354,78323,1175,1658,18847,
265.9399467415295,78323,1174,1659,18847,
265.94064098457744,78322,1175,1659,18847,
265.94066794000025,78321,1176,1659,18847,
265.94075812642524,78321,1175,1660,18847,
265.941087184786,78321,1175,1659,18848,
265.9422354894478,78320,1176,1659,18848,
265.94336191874623,78320,1176,1658,18849,
265.9489839144531,78319,1177,1658,18849,
265.95164753276913,78319,1177,1657,18850,
265.95191798652104,78318,1178,1657,18850,
265.9533306147165,78317,1179,1657,18850,
265.95369489639603,78317,1178,1658,18850,
265.9543945220493,78317,1178,1657,18851,
265.9557314678638,78316,1179,1657,18851,
265.9574472660303,78316,1179,1656,18852,
265.9575036637367,78315,1180,1656,18852,
265.9577304710583,78315,1179,1657,18852,
265.9578629428633,78315,1178,1658,18852,
265.9579481118601,78315,1178,1657,18853,
265.96022285120296,78315,1177,1658,18853,
265.963136964548,78315,1176,1659,18853,
265.9637848415004,78315,1176,1658,18854,
265.9645125411383,78315,1176,1657,18855,
265.964712012117,78315,1175,1658,18855,
265.96873473572197,78314,1176,1658,18855,
265.97102699322295,78314,1176,1657,18856,
265.9711645189174,78314,1175,1658,18856,
265.97313046099714,78313,1176,1658,18856,
265.97386660649545,78312,1177,1658,18856,
265.9742405011858,78312,1176,1659,18856,
265.97533507731725,78311,1177,1659,18856,
265.9757689860401,78311,1177,1658,18857,
265.9771425407428,78311,1177,1657,18858,
265.97756949407994,78311,1177,1656,18859,
265.97852651202976,78311,1177,1655,18860,
265.9818411282074,78311,1177,1654,18861,
265.9832986148097,78311,1176,1655,18861,
265.9850150050877,78311,1175,1656,18861,
265.98598523778884,78311,1174,1657,18861,
265.9864480178793,78311,1173,1658,18861,
265.9877720110089,78310,1174,1658,18861,
265.9889109298019,78310,1174,1657,18862,
265.99009485757847,78309,1175,1657,18862,
265.99091592235385,78308,1176,1657,18862,
265.9915921745335,78308,1176,1656,18863,
265.99230513530586,78308,1176,1655,18864,
265.9932197169298,78308,1176,1654,18865,
265.99479438864773,78307,1177,1654,18865,
265.9952582498162,78307,1176,1655,18865,
265.9975420656795,78307,1175,1656,18865,
266.0023340122386,78306,1176,1656,18865,
266.0043276391979,78305,1177,1656,18865,
266.0064413367524,78304,1178,1656,18865,
266.00906098231644,78304,1178,1655,18866,
266.0097344263906,78303,1179,1655,18866,
266.0100616754645,78303,1179,1654,18867,
266.0118399990448,78303,1178,1655,18867,
266.01193718416806,78303,1178,1654,18868,
266.01470928852854,78303,1177,1655,18868,
266.0173192285938,78303,1177,1654,18869,
266.02425772048264,78302,1178,1654,18869,
266.0249958188218,78301,1179,1654,18869,
266.0267663960502,78301,1179,1653,18870,
266.0279066114898,78300,1180,1653,18870,
266.0283700961317,78300,1180,1652,18871,
266.03165513120825,78300,1180,1651,18872,
266.03369530789723,78299,1181,1651,18872,
266.03387557233714,78299,1180,1652,18872,
266.0345137884769,78298,1181,1652,18872,
266.0349662229428,78298,1180,1653,18872,
266.03601329210716,78298,1179,1654,18872,
266.03722788158086,78298,1178,1655,18872,
266.03833883873847,78297,1179,1655,18872,
266.0391717816685,78297,1178,1656,18872,
266.0442956883685,78297,1178,1655,18873,
266.0459589405063,78296,1179,1655,18873,
266.0460371618759,78296,1178,1656,18873,
266.0472298105311,78296,1178,1655,18874,
266.0505714597777,78296,1177,1656,18874,
266.0519014400489,78296,1176,1657,18874,
266.0526204792922,78296,1176,1656,18875,
266.0533574647301,78295,1177,1656,18875,
266.0547010467581,78295,1177,1655,18876,
266.0549520701186,78294,1178,1655,18876,
266.05821544467085,78294,1177,1656,18876,
266.05840868211226,78293,1178,1656,18876,
266.0601937892195,78293,1177,1657,18876,
266.0613925046021,78293,1177,1656,18877,
266.06608192888916,78293,1177,1655,18878,
266.06713022243815,78293,1177,1654,18879,
266.0673707662359,78293,1176,1655,18879,
266.0681653602712,78292,1177,1655,18879,
266.068341865373,78292,1176,1656,18879,
266.06902841485737,78291,1177,1656,18879,
266.0691448916566,78290,1178,1656,18879,
266.0711903857611,78290,1177,1657,18879,
266.07760225948107,78290,1177,1656,18880,
266.07785760918307,78290,1176,1657,18880,
266.07799453983284,78290,1176,1656,18881,
266.078184894002,78290,1176,1655,18882,
266.0782886581993,78289,1177,1655,18882,
266.08049341976294,78289,1177,1654,18883,
266.0811790038614,78289,1176,1655,18883,
266.08139670878734,78289,1175,1656,18883,
266.0838673615559,78288,1176,1656,18883,
266.0841754894657,78288,1175,1657,18883,
266.08430591759975,78288,1174,1658,18883,
266.0851770536546,78287,1175,1658,18883,
266.08567289272827,78287,1174,1659,18883,
266.0867818421781,78287,1173,1660,18883,
266.08884182141463,78287,1173,1659,18884,
266.0900539916326,78287,1173,1658,18885,
266.0903430682146,78286,1174,1658,18885,
266.09118715538534,78286,1173,1659,18885,
266.0936080634211,78286,1172,1660,18885,
266.0938257462521,78286,1172,1659,18886,
266.0943574742453,78286,1172,1658,18887,
266.09548065662466,78285,1173,1658,18887,
266.0962320958351,78285,1172,1659,18887,
266.097354283744,78285,1171,1660,18887,
266.0981866208025,78284,1172,1660,18887,
266.1015448715666,78284,1171,1661,18887,
266.1017843122827,78284,1170,1662,18887,
266.1029073547324,78284,1170,1661,18888,
266.1074665820267,78284,1170,1660,18889,
266.10827488298065,78283,1171,1660,18889,
266.10979549314845,78283,1171,1659,18890,
266.1134876735907,78282,1172,1659,18890,
266.1146936118595,78281,1173,1659,18890,
266.1157279529012,78281,1173,1658,18891,
266.117002222835,78281,1173,1657,18892,
266.1186909384475,78281,1172,1658,18892,
266.1196180002763,78281,1172,1657,18893,
266.11978137350604,78280,1173,1657,18893,
266.1205132599623,78280,1172,1658,18893,
266.12250455166827,78280,1172,1657,18894,
266.12386551745294,78280,1171,1658,18894,
266.1240761774166,78280,1171,1657,18895,
266.1250370153086,78280,1171,1656,18896,
266.1252402804912,78280,1171,1655,18897,
266.12524806225093,78280,1171,1654,18898,
266.1262688156267,78280,1171,1653,18899,
266.1270578608469,78280,1171,1652,18900,
266.1282640224939,78280,1171,1651,18901,
266.12868753467075,78279,1172,1651,18901,
266.1291090403469,78278,1173,1651,18901,
266.1305413946074,78278,1173,1650,18902,
266.1315384932765,78278,1172,1651,18902,
266.1329123565494,78278,1172,1650,18903,
266.13329048258873,78277,1173,1650,18903,
266.13406808027077,78277,1172,1651,18903,
266.13653259171866,78277,1172,1650,18904,
266.13696499601883,78276,1173,1650,18904,
266.13869890476656,78276,1172,1651,18904,
266.13909576091095,78275,1173,1651,18904,
266.13995104501055,78275,1173,1650,18905,
266.14027554404845,78275,1173,1649,18906,
266.1419852500577,78275,1173,1648,18907,
266.14350527944964,78274,1174,1648,18907,
266.1445050901656,78273,1175,1648,18907,
266.14556466388655,78273,1174,1649,18907,
266.145622437648,78273,1174,1648,18908,
266.14742877130766,78273,1174,1647,18909,
266.14788938131414,78273,1174,1646,18910,
266.1507551823254,78273,1173,1647,18910,
266.15139035386096,78272,1174,1647,18910,
266.1516378374812,78272,1173,1648,18910,
266.151881155525,78272,1173,1647,18911,
266.15290559261615,78272,1173,1646,18912,
266.1535669274218,78272,1173,1645,18913,
266.15494645100057,78272,1172,1646,18913,
266.15582674300805,78271,1173,1646,18913,
266.1567810905982,78271,1172,1647,18913,
266.1571772148169,78271,1171,1648,18913,
266.1580869021839,78271,1170,1649,18913,
266.158218493017,78271,1169,1650,18913,
266.15910467400687,78271,1168,1651,18913,
266.16194174095915,78271,1167,1652,18913,
266.16225947774115,78271,1166,1653,18913,
266.16448635902185,78271,1166,1652,18914,
266.1670689742635,78271,1166,1651,18915,
266.1679616914369,78270,1167,1651,18915,
266.17476013307004,78270,1167,1650,18916,
266.17987482669986,78269,1168,1650,18916,
266.1816017609214,78269,1168,1649,18917,
266.1831134576955,78268,1169,1649,18917,
266.18348444993296,78267,1170,1649,18917,
266.18557753851695,78267,1169,1650,18917,
266.1883511755542,78266,1170,1650,18917,
266.1903507461103,78266,1169,1651,18917,
266.190411521404,78266,1169,1650,18918,
266.19122324765914,78266,1169,1649,18919,
266.19157517686483,78266,1168,1650,18919,
266.19176000041847,78266,1167,1651,18919,
266.1928071224835,78266,1166,1652,18919,
266.19286861835974,78266,1165,1653,18919,
266.1943230182836,78265,1166,1653,18919,
266.1955312140649,78265,1166,1652,18920,
266.196932527802,78264,1167,1652,18920,
266.19830432447293,78264,1167,1651,18921,
266.1990172456372,78263,1168,1651,18921,
266.20027822147296,78263,1168,1650,18922,
266.20045997337394,78262,1169,1650,18922,
266.2037180984134,78262,1168,1651,18922,
266.20452992325903,78262,1168,1650,18923,
266.20513629250144,78262,1168,1649,18924,
266.20551424210015,78262,1168,1648,18925,
266.20724278808075,78262,1167,1649,18925,
266.2079824313157,78261,1168,1649,18925,
266.21136510838977,78261,1167,1650,18925,
266.2157511179781,78261,1167,1649,18926,
266.2162882945686,78261,1166,1650,18926,
266.21969358799356,78261,1165,1651,18926,
266.2197638234871,78261,1164,1652,18926,
266.2211129790255,78261,1164,1651,18927,
266.2229063792756,78261,1164,1650,18928,
266.2233645634815,78261,1163,1651,18928,
266.226068358985,78261,1162,1652,18928,
266.2266459908522,78261,1162,1651,18929,
266.22701593257074,78260,1163,1651,18929,
266.22817398218837,78260,1163,1650,18930,
266.22824913559987,78260,1162,1651,18930,
266.22918382589313,78260,1162,1650,18931,
266.22972066716744,78260,1161,1651,18931,
266.2301759800564,78259,1162,1651,18931,
266.2310073127399,78259,1162,1650,18932,
266.2315324170251,78258,1163,1650,18932,
266.23189177693695,78258,1162,1651,18932,
266.23370967152556,78257,1163,1651,18932,
266.23394434990746,78257,1162,1652,18932,
266.2339816063531,78257,1161,1653,18932,
266.23400864281746,78256,1162,1653,18932,
266.23420594034303,78256,1161,1654,18932,
266.23526547105234,78255,1162,1654,18932,
266.2411294344607,78255,1162,1653,18933,
266.24461055254824,78255,1161,1654,18933,
266.24583185207985,78254,1162,1654,18933,
266.2459338064246,78254,1162,1653,18934,
266.2479003770352,78254,1162,1652,18935,
266.2519249700068,78254,1162,1651,18936,
266.2522533311457,78254,1162,1650,18937,
266.2524236051962,78253,1163,1650,18937,
266.25783554250154,78253,1162,1651,18937,
266.2584885658227,78253,1162,1650,18938,
266.2591081148558,78253,1162,1649,18939,
266.2668426005044,78252,1163,1649,18939,
266.26929699505956,78252,1163,1648,18940,
266.26983644089404,78252,1163,1647,18941,
266.27142337528267,78252,1163,1646,18942,
266.2758769908276,78251,1164,1646,18942,
266.2766541614594,78251,1164,1645,18943,
266.2788757955995,78251,1163,1646,18943,
266.2798832291385,78251,1162,1647,18943,
266.28010635486123,78251,1161,1648,18943,
266.2813279443448,78251,1160,1649,18943,
266.28229480731636,78250,1161,1649,18943,
266.2835477907001,78250,1161,1648,18944,
266.2839055024218,78249,1162,1648,18944,
266.2842593642563,78249,1162,1647,18945,
266.2858464387438,78249,1162,1646,18946,
266.28617044018995,78248,1163,1646,18946,
266.2868887164138,78247,1164,1646,18946,
266.2873439213593,78247,1164,1645,18947,
266.28884489974786,78247,1163,1646,18947,
266.28991246377535,78246,1164,1646,18947,
266.2940394764672,78246,1164,1645,18948,
266.2941095499016,78246,1164,1644,18949,
266.2947703601029,78246,1164,1643,18950,
266.29480262610394,78246,1164,1642,18951,
266.2966771706507,78245,1165,1642,18951,
266.29775915402723,78245,1164,1643,18951,
266.29898521577223,78245,1163,1644,18951,
266.30270079818183,78245,1162,1645,18951,
266.30365332476083,78245,1161,1646,18951,
266.30516438979856,78245,1161,1645,18952,
266.30687214512835,78245,1160,1646,18952,
266.30821010775793,78244,1161,1646,18952,
266.31414270819647,78243,1162,1646,18952,
266.3159812644459,78243,1161,1647,18952,
266.3209414663378,78243,1160,1648,18952,
266.32131344753634,78242,1161,1648,18952,
266.32144833767,78242,1161,1647,18953,
266.3245600436647,78241,1162,1647,18953,
266.3252613225277,78241,1161,1648,18953,
266.32548824612695,78241,1161,1647,18954,
266.32636203878354,78241,1160,1648,18954,
266.32703980414317,78241,1160,1647,18955,
266.3273879199227,78241,1159,1648,18955,
266.3275146231212,78240,1160,1648,18955,
266.32772706767724,78239,1161,1648,18955,
266.329312119245,78238,1162,1648,18955,
266.33176413276055,78238,1161,1649,18955,
266.3318818290731,78238,1160,1650,18955,
266.3325871753041,78238,1159,1651,18955,
266.3334367013762,78238,1158,1652,18955,
266.335378335554,78238,1157,1653,18955,
266.33619259474244,78237,1158,1653,18955,
266.33623150524727,78236,1159,1653,18955,
266.3391285081573,78236,1158,1654,18955,
266.33949329955124,78236,1158,1653,18956,
266.34144964989724,78236,1158,1652,18957,
266.3423486082366,78236,1157,1653,18957,
266.3433375727612,78236,1157,1652,18958,
266.3456854595406,78236,1157,1651,18959,
266.34571932825776,78236,1156,1652,18959,
266.3484602720702,78236,1156,1651,18960,
266.3497415858053,78236,1156,1650,18961,
266.3511741986564,78236,1156,1649,18962,
266.3519539348266,78236,1155,1650,18962,
266.3546692071981,78236,1155,1649,18963,
266.3560272741788,78236,1155,1648,18964,
266.35689957879066,78236,1155,1647,18965,
266.3577513605881,78236,1155,1646,18966,
266.3628182124038,78236,1155,1645,18967,
266.36289831521833,78236,1155,1644,18968,
266.36452603454273,78236,1154,1645,18968,
266.36560901550274,78235,1155,1645,18968,
266.3659895828485,78235,1155,1644,18969,
266.3681493915029,78234,1156,1644,18969,
266.36947673420383,78234,1156,1643,18970,
266.3730075871579,78234,1156,1642,18971,
266.3812040454658,78233,1157,1642,18971,
266.38174232308904,78233,1156,1643,18971,
266.38255133959285,78233,1155,1644,18971,
266.3829116174762,78233,1155,1643,18972,
266.38664963522905,78233,1154,1644,18972,
266.38848639987253,78233,1153,1645,18972,
266.38962967836096,78232,1154,1645,18972,
266.39318719997857,78232,1153,1646,18972,
266.3931983598367,78232,1152,1647,18972,
266.3932614686678,78231,1153,1647,18972,
266.3970843472523,78231,1152,1648,18972,
266.3986190843915,78230,1153,1648,18972,
266.4003142190077,78229,1154,1648,18972,
266.4011516283824,78228,1155,1648,18972,
266.4015859517876,78227,1156,1648,18972,
266.4016340415861,78226,1157,1648,18972,
266.4021971603488,78225,1158,1648,18972,
266.4047515985858,78224,1159,1648,18972,
266.40650446861093,78224,1159,1647,18973,
266.4073816555007,78224,1158,1648,18973,
266.4088080132013,78223,1159,1648,18973,
266.4093215351485,78223,1158,1649,18973,
266.4136357374808,78223,1157,1650,18973,
266.41788741227765,78223,1156,1651,18973,
266.4192003188274,78223,1155,1652,18973,
266.4193208863467,78223,1155,1651,18974,
266.41938183564093,78223,1154,1652,18974,
266.4196366299413,78223,1153,1653,18974,
266.42196947903864,78223,1152,1654,18974,
266.4256449704843,78222,1153,1654,18974,
266.42655466377664,78222,1152,1655,18974,
266.42794845989397,78221,1153,1655,18974,
266.4280899572166,78221,1153,1654,18975,
266.4283496436532,78221,1152,1655,18975,
266.4286093751257,78221,1151,1656,18975,
266.42920721101797,78220,1152,1656,18975,
266.42926934649677,78220,1151,1657,18975,
266.42940196379095,78219,1152,1657,18975,
266.43290126667307,78219,1151,1658,18975,
266.4332827393161,78218,1152,1658,18975,
266.43524906169057,78217,1153,1658,18975,
266.4364934857801,78216,1154,1658,18975,
266.4380029832773,78216,1154,1657,18976,
266.43848831782964,78216,1153,1658,18976,
266.4385317576935,78216,1153,1657,18977,
266.4390207957505,78216,1152,1658,18977,
266.4403907025886,78216,1151,1659,18977,
266.4421563630258,78216,1150,1660,18977,
266.44299485635037,78216,1149,1661,18977,
266.4471304409996,78216,1149,1660,18978,
266.4475226297008,78215,1150,1660,18978,
266.447842707428,78214,1151,1660,18978,
266.4486863252469,78214,1151,1659,18979,
266.4492236022849,78214,1151,1658,18980,
266.44999913797267,78214,1150,1659,18980,
266.4547012881833,78214,1149,1660,18980,
266.455351800858,78214,1148,1661,18980,
266.45727237440536,78213,1149,1661,18980,
266.4575930356043,78212,1150,1661,18980,
266.465180796072,78212,1150,1660,18981,
266.46827206929424,78212,1149,1661,18981,
266.473241960783,78212,1148,1662,18981,
266.4732836214412,78212,1148,1661,18982,
266.4741391308921,78212,1148,1660,18983,
266.4747672115548,78212,1147,1661,18983,
266.4780395919161,78212,1147,1660,18984,
266.4796107862947,78211,1148,1660,18984,
266.47987817949524,78211,1148,1659,18985,
266.4807784595047,78211,1147,1660,18985,
266.48332831158035,78210,1148,1660,18985,
266.48668586414203,78209,1149,1660,18985,
266.4870805405322,78208,1150,1660,18985,
266.4878552000964,78208,1150,1659,18986,
266.487860373549,78208,1149,1660,18986,
266.48817002948493,78207,1150,1660,18986,
266.4892478327369,78207,1149,1661,18986,
266.4910161188089,78206,1150,1661,18986,
266.49199344496685,78206,1150,1660,18987,
266.4928867782594,78206,1149,1661,18987,
266.49361470785976,78206,1148,1662,18987,
266.4950239483499,78206,1148,1661,18988,
266.4953085449133,78206,1148,1660,18989,
266.49870811836723,78206,1147,1661,18989,
266.49924282712027,78206,1146,1662,18989,
266.5000816945823,78206,1146,1661,18990,
266.50240094904166,78206,1146,1660,18991,
266.5035823087413,78205,1147,1660,18991,
266.503815270803,78205,1146,1661,18991,
266.5040178757987,78205,1146,1660,18992,
266.50771283797445,78205,1146,1659,18993,
266.50813590205195,78204,1147,1659,18993,
266.509047559396,78203,1148,1659,18993,
266.51233124872266,78203,1147,1660,18993,
266.5144620740478,78203,1147,1659,18994,
266.5151850177448,78203,1147,1658,18995,
266.5159681658773,78203,1146,1659,18995,
266.51679989144395,78203,1145,1660,18995,
266.51685020347037,78202,1146,1660,18995,
266.52214831919764,78202,1145,1661,18995,
266.52264463282506,78202,1144,1662,18995,
266.52303705973685,78201,1145,1662,18995,
266.52484821793126,78201,1144,1663,18995,
266.52521305537675,78200,1145,1663,18995,
266.52563685693656,78200,1144,1664,18995,
266.52912020364687,78199,1145,1664,18995,
266.5326436512834,78199,1144,1665,18995,
266.5332587373152,78199,1144,1664,18996,
266.5340337582047,78198,1145,1664,18996,
266.53482947180754,78198,1144,1665,18996,
266.53625456291024,78198,1144,1664,18997,
266.5382246316113,78198,1143,1665,18997,
266.5435496505439,78198,1143,1664,18998,
266.54465941120554,78198,1143,1663,18999,
266.54564153003713,78197,1144,1663,18999,
266.5492275093358,78196,1145,1663,18999,
266.55032146656293,78195,1146,1663,18999,
266.55140887194636,78195,1145,1664,18999,
266.55299758057345,78195,1144,1665,18999,
266.5565521249159,78195,1144,1664,19000,
266.55831536379304,78195,1143,1665,19000,
266.55841947249377,78195,1143,1664,19001,
266.55971066974837,78195,1142,1665,19001,
266.5600357225337,78195,1141,1666,19001,
266.5634657961684,78195,1141,1665,19002,
266.5637311224566,78195,1141,1664,19003,
266.5666315777046,78195,1141,1663,19004,
266.5670452305919,78195,1141,1662,19005,
266.5670881615712,78195,1140,1663,19005,
266.57056492121626,78195,1139,1664,19005,
266.5714181921397,78195,1139,1663,19006,
266.57206136100757,78194,1140,1663,19006,
266.5770379767101,78193,1141,1663,19006,
266.5796686804777,78193,1140,1664,19006,
266.58290731481316,78193,1139,1665,19006,
266.5836830037716,78193,1138,1666,19006,
266.5836868896647,78193,1138,1665,19007,
266.58510690851017,78193,1138,1664,19008,
266.5851898317201,78193,1138,1663,19009,
266.586413518093,78193,1137,1664,19009,
266.58759874012554,78192,1138,1664,19009,
266.5909032292399,78192,1137,1665,19009,
266.5923532846875,78191,1138,1665,19009,
266.59290273724224,78191,1138,1664,19010,
266.5933513027142,78190,1139,1664,19010,
266.59615482563845,78189,1140,1664,19010,
266.5986911633247,78189,1140,1663,19011,
266.6018476072924,78188,1141,1663,19011,
266.6024557293474,78187,1142,1663,19011,
266.6035474983584,78187,1142,1662,19012,
266.60506053732263,78187,1142,1661,19013,
266.6051416388408,78186,1143,1661,19013,
266.60742681395004,78185,1144,1661,19013,
266.6079893216065,78185,1143,1662,19013,
266.60905746644715,78185,1143,1661,19014,
266.60924804542094,78185,1143,1660,19015,
266.61001167420693,78185,1143,1659,19016,
266.6139830682777,78185,1142,1660,19016,
266.61403897691355,78184,1143,1660,19016,
266.61476633056236,78184,1142,1661,19016,
266.61686551395394,78183,1143,1661,19016,
266.6170161153194,78182,1144,1661,19016,
266.61783377716546,78182,1143,1662,19016,
266.6199697969793,78182,1143,1661,19017,
266.6209342714509,78181,1144,1661,19017,
266.6209477240839,78180,1145,1661,19017,
266.62153071023647,78179,1146,1661,19017,
266.62223336817055,78179,1146,1660,19018,
266.622398872854,78179,1146,1659,19019,
266.62397489438524,78178,1147,1659,19019,
266.62687234933196,78178,1147,1658,19020,
266.62907136949286,78177,1148,1658,19020,
266.6292885052553,78177,1148,1657,19021,
266.63212797384347,78177,1147,1658,19021,
266.6361288545364,78177,1146,1659,19021,
266.6361325890472,78177,1146,1658,19022,
266.63824810268926,78176,1147,1658,19022,
266.63936883848504,78175,1148,1658,19022,
266.64210526735906,78175,1148,1657,19023,
266.6431523474813,78175,1148,1656,19024,
266.64324873590493,78174,1149,1656,19024,
266.6435523099642,78173,1150,1656,19024,
266.64382589055447,78173,1149,1657,19024,
266.6463796722473,78173,1149,1656,19025,
266.6479860888459,78172,1150,1656,19025,
266.64852438189945,78172,1149,1657,19025,
266.651950946898,78172,1149,1656,19026,
266.6523287824541,78172,1148,1657,19026,
266.6545689254167,78172,1148,1656,19027,
266.6563184976337,78172,1148,1655,19028,
266.6572849815342,78172,1147,1656,19028,
266.65972459318573,78171,1148,1656,19028,
266.66076940331607,78170,1149,1656,19028,
266.6618082153228,78169,1150,1656,19028,
266.6627015118416,78169,1149,1657,19028,
266.6633536641575,78168,1150,1657,19028,
266.66350795959346,78168,1149,1658,19028,
266.66550747429574,78168,1148,1659,19028,
266.66579855089174,78167,1149,1659,19028,
266.66913693064896,78166,1150,1659,19028,
266.6696857468188,78166,1149,1660,19028,
266.67092335109,78165,1150,1660,19028,
266.6725850740633,78165,1150,1659,19029,
266.6754618249333,78164,1151,1659,19029,
266.67759261235375,78163,1152,1659,19029,
266.67763554290696,78163,1151,1660,19029,
266.6798077097729,78163,1151,1659,19030,
266.6806436859401,78163,1151,1658,19031,
266.6812145443472,78163,1150,1659,19031,
266.68276212439235,78163,1150,1658,19032,
266.68335667396667,78163,1150,1657,19033,
266.6847288213977,78162,1151,1657,19033,
266.6848159813015,78162,1151,1656,19034,
266.68529981506236,78162,1150,1657,19034,
266.6859468752809,78162,1150,1656,19035,
266.68596492847996,78161,1151,1656,19035,
266.68903445285065,78161,1151,1655,19036,
266.69058659757883,78161,1151,1654,19037,
266.69079539048687,78161,1150,1655,19037,
266.69152162713107,78161,1150,1654,19038,
266.69226244650724,78160,1151,1654,19038,
266.6942385382481,78159,1152,1654,19038,
266.69443919435895,78158,1153,1654,19038,
266.69563181555554,78158,1152,1655,19038,
266.69589811843116,78158,1152,1654,19039,
266.69646789009096,78158,1151,1655,19039,
266.69705407555495,78157,1152,1655,19039,
266.69764151042983,78157,1152,1654,19040,
266.69768034655664,78157,1151,1655,19040,
266.6996602740259,78157,1151,1654,19041,
266.70119851474436,78156,1152,1654,19041,
266.7030146567138,78155,1153,1654,19041,
266.7040183659004,78154,1154,1654,19041,
266.705275303532,78154,1154,1653,19042,
266.70923441789404,78154,1153,1654,19042,
266.7103886724788,78154,1152,1655,19042,
266.7107200853493,78153,1153,1655,19042,
266.7128286372813,78153,1152,1656,19042,
266.71412300669056,78153,1152,1655,19043,
266.7145758505401,78152,1153,1655,19043,
266.71574290674135,78151,1154,1655,19043,
266.718531221219,78151,1153,1656,19043,
266.7202247266024,78151,1153,1655,19044,
266.72190148246136,78151,1152,1656,19044,
266.72239676156323,78150,1153,1656,19044,
266.7247496996531,78150,1153,1655,19045,
266.72709104957517,78150,1153,1654,19046,
266.7284539996242,78150,1153,1653,19047,
266.72847736492884,78149,1154,1653,19047,
266.72967808244954,78149,1153,1654,19047,
266.73065562734956,78148,1154,1654,19047,
266.7340351058608,78148,1153,1655,19047,
266.7366740981183,78148,1153,1654,19048,
266.7381112618119,78148,1152,1655,19048,
266.7412073122069,78147,1153,1655,19048,
266.7420004630226,78147,1152,1656,19048,
266.74316444964137,78146,1153,1656,19048,
266.7479063226867,78145,1154,1656,19048,
266.74928256691373,78144,1155,1656,19048,
266.74990044705163,78144,1154,1657,19048,
266.7522562011689,78143,1155,1657,19048,
266.75772681490827,78143,1155,1656,19049,
266.76069596418574,78143,1155,1655,19050,
266.7628144100656,78142,1156,1655,19050,
266.76369023391743,78142,1155,1656,19050,
266.76391757590534,78142,1154,1657,19050,
266.7668333677132,78141,1155,1657,19050,
266.7674921853535,78141,1155,1656,19051,
266.76767723351986,78141,1155,1655,19052,
266.7681913006677,78141,1154,1656,19052,
266.76929450529684,78140,1155,1656,19052,
266.77145236954084,78140,1155,1655,19053,
266.77481170681625,78139,1156,1655,19053,
266.77511807038786,78139,1155,1656,19053,
266.7776063386224,78139,1155,1655,19054,
266.78071689625375,78139,1154,1656,19054,
266.78247844459906,78139,1154,1655,19055,
266.7827158878012,78138,1155,1655,19055,
266.7861073911479,78138,1155,1654,19056,
266.7866834082598,78138,1155,1653,19057,
266.79149917582293,78137,1156,1653,19057,
266.79309982585744,78136,1157,1653,19057,
266.79321311162084,78136,1156,1654,19057,
266.7966106276645,78135,1157,1654,19057,
266.7968575888847,78135,1157,1653,19058,
266.7977051833131,78135,1157,1652,19059,
266.7992186471991,78135,1157,1651,19060,
266.79922471678714,78134,1158,1651,19060,
266.8020514031733,78134,1157,1652,19060,
266.80232362128316,78133,1158,1652,19060,
266.8027867700191,78132,1159,1652,19060,
266.80459333689885,78132,1158,1653,19060,
266.80505294047117,78131,1159,1653,19060,
266.8051934507097,78130,1160,1653,19060,
266.8064091400629,78130,1160,1652,19061,
266.8068978639635,78130,1159,1653,19061,
266.8101283245782,78129,1160,1653,19061,
266.81093509603073,78128,1161,1653,19061,
266.81250080341067,78128,1161,1652,19062,
266.81519421184186,78128,1160,1653,19062,
266.8153255773778,78127,1161,1653,19062,
266.8176320200367,78126,1162,1653,19062,
266.81960712819483,78126,1162,1652,19063,
266.82052771564855,78126,1161,1653,19063,
266.8222404866441,78125,1162,1653,19063,
266.8253130332618,78125,1161,1654,19063,
266.82600289956144,78124,1162,1654,19063,
266.82661053633893,78124,1162,1653,19064,
266.82714725627693,78124,1162,1652,19065,
266.83296634407344,78124,1162,1651,19066,
266.83298446915705,78124,1162,1650,19067,
266.83417843260486,78124,1161,1651,19067,
266.83509295344453,78124,1161,1650,19068,
266.8386303340379,78124,1161,1649,19069,
266.84087624342857,78124,1161,1648,19070,
266.84143860840607,78124,1161,1647,19071,
266.8449706368904,78124,1161,1646,19072,
266.84760856714934,78123,1162,1646,19072,
266.8502574673588,78122,1163,1646,19072,
266.85034886489274,78121,1164,1646,19072,
266.8508327649701,78120,1165,1646,19072,
266.8547753724785,78120,1164,1647,19072,
266.8561080528147,78120,1164,1646,19073,
266.856517656371,78119,1165,1646,19073,
266.85687630803693,78119,1164,1647,19073,
266.8584471304341,78118,1165,1647,19073,
266.86684804607694,78117,1166,1647,19073,
266.86965458921986,78116,1167,1647,19073,
266.8709930853158,78115,1168,1647,19073,
266.874317921692,78115,1167,1648,19073,
266.8797381606803,78115,1167,1647,19074,
266.8801533888721,78114,1168,1647,19074,
266.8813580606517,78114,1167,1648,19074,
266.8854407502777,78114,1166,1649,19074,
266.8857669151704,78113,1167,1649,19074,
266.88639764365234,78112,1168,1649,19074,
266.8880473209324,78111,1169,1649,19074,
266.8925372141733,78111,1169,1648,19075,
266.893547123344,78110,1170,1648,19075,
266.8940612683177,78110,1169,1649,19075,
266.8958379228786,78110,1169,1648,19076,
266.89854273571007,78110,1169,1647,19077,
266.8986469616435,78110,1168,1648,19077,
266.89966923703724,78110,1167,1649,19077,
266.9006970594977,78110,1167,1648,19078,
266.9012726123531,78110,1167,1647,19079,
266.9028612446335,78110,1166,1648,19079,
266.90288991575096,78109,1167,1648,19079,
266.9035501893279,78109,1167,1647,19080,
266.9046907561806,78109,1166,1648,19080,
266.904985883128,78109,1165,1649,19080,
266.9054786475846,78108,1166,1649,19080,
266.9061327992996,78108,1165,1650,19080,
266.90698498385973,78107,1166,1650,19080,
266.91065439045303,78107,1166,1649,19081,
266.9112981951745,78107,1166,1648,19082,
266.91334204320754,78107,1166,1647,19083,
266.9140949113695,78107,1166,1646,19084,
266.9153161734188,78106,1167,1646,19084,
266.91570196268765,78105,1168,1646,19084,
266.91997432214816,78105,1168,1645,19085,
266.9215155203776,78105,1168,1644,19086,
266.92360548302656,78105,1168,1643,19087,
266.9239185900268,78105,1167,1644,19087,
266.92419391302246,78105,1167,1643,19088,
266.92466679461506,78105,1167,1642,19089,
266.93191972329197,78104,1168,1642,19089,
266.9328204272331,78104,1168,1641,19090,
266.9329921576831,78104,1167,1642,19090,
266.9334202898827,78103,1168,1642,19090,
266.93493094913896,78103,1167,1643,19090,
266.9354860963718,78103,1167,1642,19091,
266.93674509694785,78102,1168,1642,19091,
266.93730575680235,78102,1168,1641,19092,
266.9398191020552,78102,1167,1642,19092,
266.94085729678926,78102,1166,1643,19092,
266.9417216319911,78102,1166,1642,19093,
266.9440123680911,78102,1165,1643,19093,
266.9450839308972,78102,1164,1644,19093,
266.94518641277585,78101,1165,1644,19093,
266.9459196018447,78101,1165,1643,19094,
266.94616221282513,78100,1166,1643,19094,
266.9466370869237,78099,1167,1643,19094,
266.94947380495057,78099,1167,1642,19095,
266.9504201662751,78099,1167,1641,19096,
266.951555226083,78098,1168,1641,19096,
266.9558102976067,78097,1169,1641,19096,
266.95647362245904,78097,1168,1642,19096,
266.95648037864675,78096,1169,1642,19096,
266.9566976285092,78096,1169,1641,19097,
266.95716902476966,78096,1168,1642,19097,
266.9575957794819,78096,1168,1641,19098,
266.9584299117,78096,1168,1640,19099,
266.95953584614216,78095,1169,1640,19099,
266.96120449201595,78095,1168,1641,19099,
266.9615581992357,78095,1167,1642,19099,
266.961954627471,78095,1166,1643,19099,
266.96395213155915,78094,1167,1643,19099,
266.96561247650504,78093,1168,1643,19099,
266.9671962293697,78092,1169,1643,19099,
266.9708141865288,78092,1168,1644,19099,
266.9724232384899,78092,1168,1643,19100,
266.9731693012506,78091,1169,1643,19100,
266.97399063428827,78090,1170,1643,19100,
266.9760561397869,78089,1171,1643,19100,
266.9793794776625,78089,1171,1642,19101,
266.98234184261355,78089,1170,1643,19101,
266.9831730528881,78089,1170,1642,19102,
266.98385942153317,78089,1170,1641,19103,
266.98489774716217,78089,1169,1642,19103,
266.9856247940143,78088,1170,1642,19103,
266.98564660917873,78087,1171,1642,19103,
266.9869595392872,78087,1171,1641,19104,
266.98734721959363,78087,1170,1642,19104,
266.98885402412645,78087,1169,1643,19104,
266.99024149429545,78087,1168,1644,19104,
266.9906235672073,78087,1167,1645,19104,
266.9906845677066,78087,1166,1646,19104,
266.9925605655442,78087,1165,1647,19104,
266.99277252697476,78087,1164,1648,19104,
266.9931299472196,78087,1164,1647,19105,
266.9939438251141,78087,1163,1648,19105,
266.9947784002773,78087,1162,1649,19105,
267.00079853875656,78087,1162,1648,19106,
267.0056232756046,78086,1163,1648,19106,
267.00582088949517,78085,1164,1648,19106,
267.0058538366099,78085,1164,1647,19107,
267.00656837611723,78085,1163,1648,19107,
267.01346406539807,78085,1162,1649,19107,
267.0160327380731,78085,1162,1648,19108,
267.0163155087282,78084,1163,1648,19108,
267.01663436712414,78083,1164,1648,19108,
267.01753400779165,78083,1164,1647,19109,
267.0178650972056,78083,1163,1648,19109,
267.02011515446316,78083,1162,1649,19109,
267.02059959938885,78083,1162,1648,19110,
267.0210631389213,78083,1161,1649,19110,
267.0221493685041,78083,1160,1650,19110,
267.0222878655953,78082,1161,1650,19110,
267.02235175390945,78082,1160,1651,19110,
267.0223644661704,78081,1161,1651,19110,
267.0224542011955,78081,1160,1652,19110,
267.02360895791344,78081,1159,1653,19110,
267.0273267642099,78080,1160,1653,19110,
267.02845826096774,78079,1161,1653,19110,
267.03201743949035,78078,1162,1653,19110,
267.03204471588424,78077,1163,1653,19110,
267.03479195867874,78077,1162,1654,19110,
267.0372877181798,78076,1163,1654,19110,
267.0399407065428,78075,1164,1654,19110,
267.04135490804134,78075,1163,1655,19110,
267.0440289967184,78075,1163,1654,19111,
267.0475214694562,78074,1164,1654,19111,
267.0497219015757,78074,1164,1653,19112,
267.0501409156372,78074,1163,1654,19112,
267.0532255441908,78073,1164,1654,19112,
267.0603666399354,78073,1164,1653,19113,
267.061123040028,78073,1163,1654,19113,
267.06165853868663,78073,1162,1655,19113,
267.0650395773372,78072,1163,1655,19113,
267.06692007374,78072,1162,1656,19113,
267.0669625400037,78071,1163,1656,19113,
267.0682474401292,78071,1163,1655,19114,
267.0686226247092,78070,1164,1655,19114,
267.06931949125953,78070,1164,1654,19115,
267.0698262848477,78069,1165,1654,19115,
267.0700626964934,78068,1166,1654,19115,
267.07050126363447,78068,1166,1653,19116,
267.0737023524475,78067,1167,1653,19116,
267.07537496898544,78067,1167,1652,19117,
267.07585648835635,78066,1168,1652,19117,
267.07849171853707,78066,1167,1653,19117,
267.0842615725815,78065,1168,1653,19117,
267.08533401371676,78065,1168,1652,19118,
267.08549727186374,78065,1167,1653,19118,
267.0860035866512,78065,1166,1654,19118,
267.08629613107144,78065,1165,1655,19118,
267.08774681567087,78064,1166,1655,19118,
267.0898304438482,78064,1165,1656,19118,
267.09081548375343,78064,1164,1657,19118,
267.09166664180043,78064,1164,1656,19119,
267.0920678570141,78064,1164,1655,19120,
267.0925588680751,78064,1163,1656,19120,
267.092696634856,78064,1162,1657,19120,
267.0943058703375,78064,1161,1658,19120,
267.09780660535097,78064,1161,1657,19121,
267.10722388296205,78063,1162,1657,19121,
267.1077506211896,78062,1163,1657,19121,
267.10801762476933,78062,1163,1656,19122,
267.10940640929675,78062,1162,1657,19122,
267.11060880685636,78062,1162,1656,19123,
267.1118365094406,78062,1161,1657,19123,
267.1126466458136,78062,1161,1656,19124,
267.11530558768044,78061,1162,1656,19124,
267.1164543388083,78060,1163,1656,19124,
267.11715616039135,78060,1162,1657,19124,
267.11929563465395,78060,1162,1656,19125,
267.1220943538624,78059,1163,1656,19125,
267.1227641511174,78058,1164,1656,19125,
267.12310995170793,78057,1165,1656,19125,
267.12338122732695,78056,1166,1656,19125,
267.12394202763596,78056,1165,1657,19125,
267.1246703477598,78056,1164,1658,19125,
267.1250573796552,78056,1164,1657,19126,
267.12527639576615,78056,1163,1658,19126,
267.1264127500331,78055,1164,1658,19126,
267.12983845574973,78055,1164,1657,19127,
267.1309863521574,78054,1165,1657,19127,
267.13146561728746,78053,1166,1657,19127,
267.1318050160119,78053,1166,1656,19128,
267.13472025355304,78053,1166,1655,19129,
267.135997763275,78053,1166,1654,19130,
267.13639907457343,78053,1165,1655,19130,
267.1394128155571,78053,1165,1654,19131,
267.1407169410004,78053,1165,1653,19132,
267.14090684230285,78052,1166,1653,19132,
267.1410004451912,78051,1167,1653,19132,
267.1413121240742,78051,1167,1652,19133,
267.1437362020208,78051,1166,1653,19133,
267.1441202454466,78051,1166,1652,19134,
267.1482432521383,78051,1166,1651,19135,
267.149559704398,78051,1165,1652,19135,
267.1517844354124,78051,1165,1651,19136,
267.15297113967455,78051,1165,1650,19137,
267.1538769465822,78050,1166,1650,19137,
267.15599717113463,78050,1165,1651,19137,
267.15675091587957,78050,1165,1650,19138,
267.1571782413646,78049,1166,1650,19138,
267.1572828447384,78049,1166,1649,19139,
267.15812354166735,78049,1166,1648,19140,
267.1644731724319,78048,1167,1648,19140,
267.1657679632582,78048,1167,1647,19141,
267.1657797640351,78047,1168,1647,19141,
267.1661412074544,78047,1168,1646,19142,
267.16651755748615,78046,1169,1646,19142,
267.16989956088526,78046,1168,1647,19142,
267.1720986258351,78046,1167,1648,19142,
267.1731480673325,78046,1167,1647,19143,
267.17342311378303,78046,1166,1648,19143,
267.1742195897947,78045,1167,1648,19143,
267.1750153905171,78045,1166,1649,19143,
267.17526532895226,78045,1165,1650,19143,
267.1785691558339,78045,1164,1651,19143,
267.1793622756945,78045,1164,1650,19144,
267.1808083215397,78045,1164,1649,19145,
267.1839910190887,78044,1165,1649,19145,
267.18553640320897,78044,1165,1648,19146,
267.1896170486352,78044,1165,1647,19147,
267.1906549950165,78044,1164,1648,19147,
267.19253282658724,78044,1163,1649,19147,
267.19350688117174,78044,1162,1650,19147,
267.1978190203505,78044,1162,1649,19148,
267.1987077615232,78044,1161,1650,19148,
267.19923556785983,78044,1160,1651,19148,
267.2014146598945,78044,1159,1652,19148,
267.20641336864594,78044,1158,1653,19148,
267.20760740213603,78043,1159,1653,19148,
267.20791542249765,78043,1159,1652,19149,
267.20918637852395,78043,1159,1651,19150,
267.210250199373,78043,1159,1650,19151,
267.21183662948806,78043,1159,1649,19152,
267.2143805138814,78043,1159,1648,19153,
267.2148587995776,78042,1160,1648,19153,
267.21487392651943,78041,1161,1648,19153,
267.2153620104583,78041,1160,1649,19153,
267.21573543060447,78041,1159,1650,19153,
267.2161233648103,78040,1160,1650,19153,
267.2169054908494,78039,1161,1650,19153,
267.2183567230577,78038,1162,1650,19153,
267.219041325211,78038,1161,1651,19153,
267.2191525387393,78037,1162,1651,19153,
267.2205632150054,78037,1161,1652,19153,
267.2211546142713,78037,1160,1653,19153,
267.22193482894716,78037,1160,1652,19154,
267.22265036709416,78037,1160,1651,19155,
267.22377435803395,78036,1161,1651,19155,
267.22517922367336,78036,1160,1652,19155,
267.2282478300203,78036,1159,1653,19155,
267.2301335134686,78036,1158,1654,19155,
267.23041753856415,78036,1157,1655,19155,
267.23225472861185,78036,1156,1656,19155,
267.23694836607416,78036,1156,1655,19156,
267.23722368313224,78035,1157,1655,19156,
267.2392923604529,78035,1156,1656,19156,
267.2402281875563,78034,1157,1656,19156,
267.2417359211921,78033,1158,1656,19156,
267.2435043261668,78033,1158,1655,19157,
267.24375389493326,78032,1159,1655,19157,
267.2492339711746,78032,1159,1654,19158,
267.249468702955,78031,1160,1654,19158,
267.2513888668966,78031,1159,1655,19158,
267.25339725796624,78030,1160,1655,19158,
267.25593528199977,78030,1159,1656,19158,
267.25878092594394,78030,1158,1657,19158,
267.2594007252816,78030,1158,1656,19159,
267.25958621110715,78030,1158,1655,19160,
267.2616115771277,78030,1158,1654,19161,
267.261953459976,78030,1157,1655,19161,
267.26260522771736,78030,1156,1656,19161,
267.26360680367486,78029,1157,1656,19161,
267.26413340218414,78029,1157,1655,19162,
267.2643344094448,78029,1157,1654,19163,
267.2658055096009,78029,1157,1653,19164,
267.26834202518296,78028,1158,1653,19164,
267.26865534901657,78027,1159,1653,19164,
267.26967085644327,78027,1159,1652,19165,
267.27054314543864,78027,1159,1651,19166,
267.2707624945815,78027,1158,1652,19166,
267.2708820865051,78027,1157,1653,19166,
267.27092564152537,78026,1158,1653,19166,
267.27142006016186,78025,1159,1653,19166,
267.27166976314027,78025,1159,1652,19167,
267.2718625762282,78025,1159,1651,19168,
267.2724710169177,78024,1160,1651,19168,
267.2725170324125,78024,1160,1650,19169,
267.2725424728881,78023,1161,1650,19169,
267.2741372848815,78022,1162,1650,19169,
267.27511909136,78021,1163,1650,19169,
267.27573842675565,78020,1164,1650,19169,
267.2769221331275,78019,1165,1650,19169,
267.2773432493655,78019,1165,1649,19170,
267.2778945256275,78019,1164,1650,19170,
267.27798447249626,78019,1163,1651,19170,
267.2805970798644,78019,1163,1650,19171,
267.2820862870866,78019,1162,1651,19171,
267.2844372514967,78019,1162,1650,19172,
267.28568764655887,78019,1161,1651,19172,
267.2899889991745,78018,1162,1651,19172,
267.2910754816245,78018,1162,1650,19173,
267.29183584314217,78018,1162,1649,19174,
267.2938252922843,78018,1161,1650,19174,
267.29824468303997,78018,1161,1649,19175,
267.2985494922764,78018,1160,1650,19175,
267.3057210853848,78018,1159,1651,19175,
267.30626076108405,78017,1160,1651,19175,
267.3088324352697,78017,1160,1650,19176,
267.3103668736637,78017,1159,1651,19176,
267.3103913393852,78017,1159,1650,19177,
267.3108814060653,78016,1160,1650,19177,
267.3116761772879,78015,1161,1650,19177,
267.31288729858403,78014,1162,1650,19177,
267.3130311509453,78014,1161,1651,19177,
267.31350229247,78013,1162,1651,19177,
267.3139177407425,78012,1163,1651,19177,
267.31675052687166,78011,1164,1651,19177,
267.3204375283697,78011,1163,1652,19177,
267.32065934467266,78010,1164,1652,19177,
267.32464802448163,78010,1164,1651,19178,
267.32800674771283,78010,1163,1652,19178,
267.3284429993035,78010,1163,1651,19179,
267.3291024979445,78009,1164,1651,19179,
267.32982576934273,78009,1163,1652,19179,
267.3318697299648,78009,1163,1651,19180,
267.3360469075501,78008,1164,1651,19180,
267.33919948894305,78008,1163,1652,19180,
267.3395774173191,78007,1164,1652,19180,
267.3484054543939,78007,1164,1651,19181,
267.34963888709245,78007,1163,1652,19181,
267.35012458906687,78006,1164,1652,19181,
267.3516119493488,78006,1163,1653,19181,
267.35333485690313,78005,1164,1653,19181,
267.3533463415849,78005,1163,1654,19181,
267.3544502557752,78004,1164,1654,19181,
267.358331603104,78003,1165,1654,19181,
267.35834613529045,78003,1165,1653,19182,
267.3600779076336,78003,1164,1654,19182,
267.3623864021326,78003,1164,1653,19183,
267.3738821064572,78003,1163,1654,19183,
267.3740159578888,78003,1163,1653,19184,
267.375208904113,78003,1162,1654,19184,
267.37535377502735,78003,1162,1653,19185,
267.37550185080147,78002,1163,1653,19185,
267.376775361409,78002,1162,1654,19185,
267.37708052665704,78001,1163,1654,19185,
267.3778246765683,78000,1164,1654,19185,
267.37807494743294,78000,1164,1653,19186,
267.379279212959,78000,1164,1652,19187,
267.3802093511041,77999,1165,1652,19187,
267.3808816006146,77998,1166,1652,19187,
267.3819848129665,77998,1166,1651,19188,
267.38200179409574,77998,1165,1652,19188,
267.3820607968159,77998,1164,1653,19188,
267.38230690110584,77998,1163,1654,19188,
267.38489505704104,77998,1162,1655,19188,
267.3876697450598,77998,1161,1656,19188,
267.38945363351974,77997,1162,1656,19188,
267.39154354546474,77997,1162,1655,19189,
267.3954620734654,77997,1162,1654,19190,
267.3958100877935,77996,1163,1654,19190,
267.3973411074899,77995,1164,1654,19190,
267.39773911157107,77995,1163,1655,19190,
267.3987278292205,77994,1164,1655,19190,
267.3998289319001,77994,1164,1654,19191,
267.3998863514097,77994,1163,1655,19191,
267.4000903793977,77994,1162,1656,19191,
267.40401790558906,77994,1162,1655,19192,
267.4051305532481,77994,1161,1656,19192,
267.4054983584442,77994,1161,1655,19193,
267.4116213163366,77994,1160,1656,19193,
267.41206406741065,77993,1161,1656,19193,
267.4144326473456,77993,1161,1655,19194,
267.4155746111583,77992,1162,1655,19194,
267.4159885123783,77992,1162,1654,19195,
267.4189802983951,77992,1161,1655,19195,
267.41906175647307,77992,1160,1656,19195,
267.41936560750844,77992,1160,1655,19196,
267.41938439095276,77992,1159,1656,19196,
267.4194228075009,77991,1160,1656,19196,
267.42212758537863,77990,1161,1656,19196,
267.42317353068455,77990,1160,1657,19196,
267.4249877701311,77989,1161,1657,19196,
267.4261812282367,77988,1162,1657,19196,
267.42674935010257,77988,1161,1658,19196,
267.4289709947379,77987,1162,1658,19196,
267.43148321062705,77987,1162,1657,19197,
267.43167815529785,77986,1163,1657,19197,
267.43332873103685,77985,1164,1657,19197,
267.43476843806235,77985,1163,1658,19197,
267.4351375802165,77985,1162,1659,19197,
267.43607166088526,77985,1162,1658,19198,
267.43699559014595,77985,1162,1657,19199,
267.43705887565505,77985,1162,1656,19200,
267.43711075570303,77985,1161,1657,19200,
267.43787740299905,77985,1160,1658,19200,
267.4389118920427,77985,1160,1657,19201,
267.4439942945387,77985,1159,1658,19201,
267.44473752198155,77984,1160,1658,19201,
267.4460788508116,77983,1161,1658,19201,
267.44811730706,77982,1162,1658,19201,
267.448558297823,77982,1161,1659,19201,
267.45064837207894,77981,1162,1659,19201,
267.4559190720483,77981,1162,1658,19202,
267.45623562767753,77981,1162,1657,19203,
267.4564654376914,77981,1161,1658,19203,
267.45934333255775,77980,1162,1658,19203,
267.4593644697754,77979,1163,1658,19203,
267.4612088272348,77979,1162,1659,19203,
267.46399175473846,77979,1161,1660,19203,
267.46464401999344,77979,1161,1659,19204,
267.4686314660219,77979,1161,1658,19205,
267.4688901667381,77979,1161,1657,19206,
267.47083640417566,77979,1161,1656,19207,
267.4709788266333,77979,1160,1657,19207,
267.47142716189006,77979,1160,1656,19208,
267.4721882396581,77978,1161,1656,19208,
267.4742298695165,77978,1160,1657,19208,
267.4742298695165,77978,1160,1657,19208,
267.47521127359556,77978,1159,1658,19208,
267.47985953785167,77977,1160,1658,19208,
267.4833986654006,77977,1159,1659,19208,
267.48379941793206,77977,1158,1660,19208,
267.4840663773358,77977,1158,1659,19209,
267.48622599052754,77976,1159,1659,19209,
267.48702968404916,77975,1160,1659,19209,
267.48852238264806,77974,1161,1659,19209,
267.49209719486106,77973,1162,1659,19209,
267.49426847258974,77973,1162,1658,19210,
267.4974986139348,77973,1161,1659,19210,
267.4985384123525,77973,1160,1660,19210,
267.50098243150575,77973,1160,1659,19211,
267.50473122991735,77973,1159,1660,19211,
267.5049655649476,77973,1159,1659,19212,
267.50497787026165,77973,1158,1660,19212,
267.5050954365021,77973,1157,1661,19212,
267.507404672811,77972,1158,1661,19212,
267.5081065078398,77971,1159,1661,19212,
267.5094022851202,77971,1158,1662,19212,
267.5105855523355,77971,1158,1661,19213,
267.51155915295533,77971,1158,1660,19214,
267.5122827091508,77971,1157,1661,19214,
267.51265083157085,77971,1156,1662,19214,
267.51468728330764,77971,1155,1663,19214,
267.51757876677704,77971,1155,1662,19215,
267.5212416685407,77971,1155,1661,19216,
267.52225620535904,77971,1155,1660,19217,
267.522311828806,77971,1154,1661,19217,
267.52328531909757,77970,1155,1661,19217,
267.524642231539,77970,1154,1662,19217,
267.52706343964843,77969,1155,1662,19217,
267.5297059063645,77969,1154,1663,19217,
267.5321789124252,77969,1153,1664,19217,
267.53304839605653,77969,1153,1663,19218,
267.53589617434284,77969,1153,1662,19219,
267.5405662246699,77969,1153,1661,19220,
267.5411796281051,77968,1154,1661,19220,
267.5413292914106,77968,1153,1662,19220,
267.5465569249425,77968,1153,1661,19221,
267.5488322208707,77968,1152,1662,19221,
267.55007890723687,77967,1153,1662,19221,
267.55050794516137,77967,1153,1661,19222,
267.55070231731116,77966,1154,1661,19222,
267.5516955620728,77966,1153,1662,19222,
267.5517872319701,77966,1153,1661,19223,
267.5519167722896,77966,1152,1662,19223,
267.5524543666598,77966,1152,1661,19224,
267.55486956759324,77966,1151,1662,19224,
267.5577830033204,77965,1152,1662,19224,
267.5592524681611,77965,1152,1661,19225,
267.5599582406937,77965,1152,1660,19226,
267.5612919779286,77965,1152,1659,19227,
267.56306465646276,77965,1151,1660,19227,
267.5632349995815,77964,1152,1660,19227,
267.56484958459936,77964,1151,1661,19227,
267.5649166594118,77963,1152,1661,19227,
267.5656235982506,77963,1152,1660,19228,
267.5663351233597,77962,1153,1660,19228,
267.5675304370057,77962,1152,1661,19228,
267.56973436514266,77962,1151,1662,19228,
267.5699509771039,77961,1152,1662,19228,
267.570261020792,77961,1152,1661,19229,
267.5718450881108,77961,1152,1660,19230,
267.5774152764757,77961,1152,1659,19231,
267.57862101060977,77961,1152,1658,19232,
267.5786819504827,77961,1152,1657,19233,
267.5789455199416,77961,1152,1656,19234,
267.5803752848398,77960,1153,1656,19234,
267.58603623448363,77959,1154,1656,19234,
267.59136905966034,77959,1153,1657,19234,
267.5915072332402,77959,1152,1658,19234,
267.5919863423979,77959,1152,1657,19235,
267.59265988896715,77959,1152,1656,19236,
267.5927619236027,77958,1153,1656,19236,
267.59372437166195,77958,1153,1655,19237,
267.5967756005527,77958,1153,1654,19238,
267.59745430948834,77957,1154,1654,19238,
267.59838657473097,77956,1155,1654,19238,
267.6001288071965,77956,1155,1653,19239,
267.6011037510132,77956,1154,1654,19239,
267.60650374672844,77956,1154,1653,19240,
267.6065556309999,77956,1153,1654,19240,
267.6079250528479,77956,1153,1653,19241,
267.6101315053777,77955,1154,1653,19241,
267.612299127321,77955,1154,1652,19242,
267.6133392617331,77955,1154,1651,19243,
267.6158317359071,77955,1153,1652,19243,
267.6163547172283,77954,1154,1652,19243,
267.61652591146844,77954,1154,1651,19244,
267.61912944774105,77954,1153,1652,19244,
267.6195435073756,77954,1153,1651,19245,
267.62008180154004,77954,1152,1652,19245,
267.62188807431227,77953,1153,1652,19245,
267.6220830834577,77952,1154,1652,19245,
267.62563088190416,77951,1155,1652,19245,
267.62647995642413,77951,1154,1653,19245,
267.6270610056341,77950,1155,1653,19245,
267.6278691576443,77949,1156,1653,19245,
267.6376776037491,77949,1155,1654,19245,
267.6394373923238,77948,1156,1654,19245,
267.63994498092603,77948,1156,1653,19246,
267.6409935517613,77947,1157,1653,19246,
267.64270812741313,77947,1157,1652,19247,
267.64539324718123,77947,1157,1651,19248,
267.64642855744887,77947,1156,1652,19248,
267.64755456076085,77947,1155,1653,19248,
267.65090071064003,77946,1156,1653,19248,
267.65099339904015,77946,1155,1654,19248,
267.65290856200295,77946,1154,1655,19248,
267.6549970162663,77946,1153,1656,19248,
267.6566247819835,77946,1152,1657,19248,
267.6601864961284,77946,1152,1656,19249,
267.6628931570183,77945,1153,1656,19249,
267.6648129271658,77945,1152,1657,19249,
267.66482073855263,77945,1151,1658,19249,
267.66502670212606,77944,1152,1658,19249,
267.6662685266936,77944,1151,1659,19249,
267.6662820638932,77944,1150,1660,19249,
267.66685533372976,77944,1150,1659,19250,
267.6678777014548,77944,1150,1658,19251,
267.67283331369345,77944,1150,1657,19252,
267.6734612972264,77943,1151,1657,19252,
267.6753387339603,77942,1152,1657,19252,
267.67908555019795,77942,1152,1656,19253,
267.68008177163165,77942,1152,1655,19254,
267.68079906223977,77942,1152,1654,19255,
267.6809114618751,77942,1151,1655,19255,
267.6810831406273,77941,1152,1655,19255,
267.6824071053401,77941,1151,1656,19255,
267.6826135835593,77941,1150,1657,19255,
267.6836838356132,77941,1149,1658,19255,
267.6838270553839,77941,1149,1657,19256,
267.68797167950464,77941,1149,1656,19257,
267.6900123113425,77941,1149,1655,19258,
267.6911929746386,77940,1150,1655,19258,
267.6918045726966,77940,1150,1654,19259,
267.69292811175865,77939,1151,1654,19259,
267.6930030768575,77938,1152,1654,19259,
267.69343687728826,77937,1153,1654,19259,
267.69515156159275,77937,1153,1653,19260,
267.6967601721049,77937,1152,1654,19260,
267.697225820545,77937,1152,1653,19261,
267.6984737160712,77936,1153,1653,19261,
267.6997016729776,77936,1152,1654,19261,
267.7008761633434,77936,1151,1655,19261,
267.7009521391491,77935,1152,1655,19261,
267.7009657528377,77935,1151,1656,19261,
267.7034930188586,77935,1151,1655,19262,
267.7053097707433,77934,1152,1655,19262,
267.7094443862945,77934,1152,1654,19263,
267.7106927572366,77933,1153,1654,19263,
267.71096375153803,77933,1153,1653,19264,
267.7123253155649,77933,1152,1654,19264,
267.7174806904533,77933,1151,1655,19264,
267.71801713948906,77933,1150,1656,19264,
267.71972826957443,77933,1149,1657,19264,
267.71980059050554,77933,1148,1658,19264,
267.71986675078546,77932,1149,1658,19264,
267.72019584338574,77932,1148,1659,19264,
267.72280411658494,77932,1147,1660,19264,
267.72647665040625,77931,1148,1660,19264,
267.72814846478644,77931,1147,1661,19264,
267.73053682789083,77931,1147,1660,19265,
267.7306520686816,77931,1147,1659,19266,
267.73139686540543,77931,1147,1658,19267,
267.73269967232835,77931,1147,1657,19268,
267.7378090394626,77931,1146,1658,19268,
267.7378918445508,77931,1145,1659,19268,
267.7381583141742,77931,1144,1660,19268,
267.73837615128133,77931,1144,1659,19269,
267.73928130620214,77931,1143,1660,19269,
267.7395418017811,77931,1142,1661,19269,
267.7408009911396,77931,1141,1662,19269,
267.74087376427104,77931,1140,1663,19269,
267.7421075680156,77931,1139,1664,19269,
267.7440758518279,77930,1140,1664,19269,
267.7477019335023,77930,1140,1663,19270,
267.7481684709637,77930,1140,1662,19271,
267.7493032545737,77929,1141,1662,19271,
267.7498224098798,77929,1141,1661,19272,
267.7513290321464,77929,1141,1660,19273,
267.7513722337949,77929,1140,1661,19273,
267.7514014776825,77928,1141,1661,19273,
267.7520527850335,77928,1141,1660,19274,
267.75534452053256,77928,1140,1661,19274,
267.7561590175722,77928,1139,1662,19274,
267.76489625581064,77928,1139,1661,19275,
267.7649717232427,77928,1138,1662,19275,
267.76503207043163,77927,1139,1662,19275,
267.76755985164203,77926,1140,1662,19275,
267.7712914747499,77926,1139,1663,19275,
267.77142390411433,77925,1140,1663,19275,
267.7720918333079,77925,1139,1664,19275,
267.7735258958269,77925,1138,1665,19275,
267.77397834288513,77925,1137,1666,19275,
267.7783153805327,77924,1138,1666,19275,
267.7803617477011,77924,1138,1665,19276,
267.78218872708976,77924,1138,1664,19277,
267.78392777692466,77923,1139,1664,19277,
267.78469017159404,77922,1140,1664,19277,
267.7852687403431,77922,1139,1665,19277,
267.7859886487393,77922,1139,1664,19278,
267.7888794280182,77922,1138,1665,19278,
267.7917044596163,77922,1137,1666,19278,
267.7970623952755,77921,1138,1666,19278,
267.79724430432356,77921,1138,1665,19279,
267.79796446977963,77920,1139,1665,19279,
267.79806077470744,77919,1140,1665,19279,
267.7992328605516,77918,1141,1665,19279,
267.79932231528994,77918,1140,1666,19279,
267.8015998757594,77918,1140,1665,19280,
267.80222243444155,77918,1140,1664,19281,
267.8054178372518,77917,1141,1664,19281,
267.8057032600272,77916,1142,1664,19281,
267.8058225616586,77915,1143,1664,19281,
267.80676887282704,77915,1143,1663,19282,
267.80775498977334,77914,1144,1663,19282,
267.81149672299273,77914,1143,1664,19282,
267.81558435498033,77913,1144,1664,19282,
267.8168257373068,77912,1145,1664,19282,
267.8180789593637,77911,1146,1664,19282,
267.8181456834029,77911,1145,1665,19282,
267.81935410289515,77911,1144,1666,19282,
267.8200068240017,77911,1143,1667,19282,
267.82308313231516,77911,1143,1666,19283,
267.82335125555926,77911,1143,1665,19284,
267.82428161030447,77910,1144,1665,19284,
267.8247758914523,77910,1143,1666,19284,
267.8259356621281,77910,1143,1665,19285,
267.82639716237964,77909,1144,1665,19285,
267.8317183362918,77909,1144,1664,19286,
267.83192773041276,77909,1144,1663,19287,
267.8337718820201,77908,1145,1663,19287,
267.8392382162317,77908,1145,1662,19288,
267.8410978298849,77908,1145,1661,19289,
267.8411571308014,77907,1146,1661,19289,
267.8415276076911,77907,1146,1660,19290,
267.8421021553599,77907,1145,1661,19290,
267.84232416009655,77907,1144,1662,19290,
267.84442064461484,77906,1145,1662,19290,
267.84503143391817,77906,1145,1661,19291,
267.8458091271507,77905,1146,1661,19291,
267.84627373414133,77904,1147,1661,19291,
267.8474326880348,77904,1146,1662,19291,
267.84880267651573,77903,1147,1662,19291,
267.8534746851115,77902,1148,1662,19291,
267.8544353642773,77901,1149,1662,19291,
267.8567542342849,77900,1150,1662,19291,
267.85955819933616,77900,1149,1663,19291,
267.861733799474,77899,1150,1663,19291,
267.8626134700512,77899,1150,1662,19292,
267.8626363751993,77899,1150,1661,19293,
267.8647188149683,77899,1150,1660,19294,
267.86598677948155,77899,1150,1659,19295,
267.866694694873,77899,1150,1658,19296,
267.86749186525566,77898,1151,1658,19296,
267.8682335635127,77898,1150,1659,19296,
267.868664208314,77898,1150,1658,19297,
267.8702877115094,77898,1150,1657,19298,
267.87330533708007,77898,1150,1656,19299,
267.87550309141074,77898,1150,1655,19300,
267.8755217584674,77898,1149,1656,19300,
267.87574920721175,77897,1150,1656,19300,
267.8768362455514,77897,1149,1657,19300,
267.87704174715935,77897,1148,1658,19300,
267.8800579547254,77897,1148,1657,19301,
267.8806529624035,77896,1149,1657,19301,
267.8808095385326,77896,1148,1658,19301,
267.883190632858,77896,1147,1659,19301,
267.8846337058032,77895,1148,1659,19301,
267.88520681076557,77895,1147,1660,19301,
267.88548283517093,77895,1146,1661,19301,
267.8872079912025,77895,1146,1660,19302,
267.88791610687923,77894,1147,1660,19302,
267.8879551468066,77893,1148,1660,19302,
267.8960106753515,77893,1148,1659,19303,
267.89711377826984,77892,1149,1659,19303,
267.898376769169,77892,1148,1660,19303,
267.89847942220564,77892,1147,1661,19303,
267.89980054174254,77892,1146,1662,19303,
267.90616376310606,77892,1145,1663,19303,
267.90718666821715,77891,1146,1663,19303,
267.9092749925779,77891,1145,1664,19303,
267.9113474204692,77891,1144,1665,19303,
267.9122817487907,77890,1145,1665,19303,
267.91232824561655,77890,1144,1666,19303,
267.9165930940217,77890,1143,1667,19303,
267.9180912146984,77890,1142,1668,19303,
267.92132094804526,77889,1143,1668,19303,
267.92181228632285,77889,1143,1667,19304,
267.9231538140597,77888,1144,1667,19304,
267.9234048735438,77887,1145,1667,19304,
267.9266770803301,77887,1144,1668,19304,
267.9295946204613,77887,1143,1669,19304,
267.9298946669096,77887,1142,1670,19304,
267.9335370852466,77887,1141,1671,19304,
267.93358766585743,77887,1141,1670,19305,
267.93495753903545,77887,1141,1669,19306,
267.93640587102317,77887,1140,1670,19306,
267.936552527608,77886,1141,1670,19306,
267.93842417327767,77886,1141,1669,19307,
267.9413826718592,77885,1142,1669,19307,
267.94333494715204,77885,1142,1668,19308,
267.94511713916165,77885,1141,1669,19308,
267.94590986443745,77884,1142,1669,19308,
267.9469887120989,77884,1141,1670,19308,
267.9484746401274,77884,1141,1669,19309,
267.9507931390783,77884,1141,1668,19310,
267.95177655952233,77883,1142,1668,19310,
267.95390367291213,77883,1141,1669,19310,
267.95504063436204,77883,1140,1670,19310,
267.95592484806986,77883,1139,1671,19310,
267.9561795345815,77883,1139,1670,19311,
267.9594123691289,77882,1140,1670,19311,
267.96292974726185,77882,1139,1671,19311,
267.9656043193455,77882,1138,1672,19311,
267.9663068759255,77881,1139,1672,19311,
267.9669449638453,77881,1138,1673,19311,
267.96922568372287,77881,1137,1674,19311,
267.97003348470304,77881,1136,1675,19311,
267.97023841850654,77881,1136,1674,19312,
267.9719430366587,77881,1135,1675,19312,
267.9722546095947,77880,1136,1675,19312,
267.9731256224385,77880,1136,1674,19313,
267.9734139420333,77880,1136,1673,19314,
267.97431633608375,77880,1135,1674,19314,
267.9743924016673,77880,1135,1673,19315,
267.9765680909777,77880,1134,1674,19315,
267.97794777784986,77880,1134,1673,19316,
267.9790996042448,77879,1135,1673,19316,
267.97933888682803,77878,1136,1673,19316,
267.9796552586545,77878,1136,1672,19317,
267.9809377804349,77878,1136,1671,19318,
267.98216283927354,77878,1135,1672,19318,
267.9837040556784,77878,1134,1673,19318,
267.98377017072244,77877,1135,1673,19318,
267.9849643572984,77877,1135,1672,19319,
267.98559148729765,77876,1136,1672,19319,
267.9861348495398,77876,1135,1673,19319,
267.9861957992115,77876,1134,1674,19319,
267.98661177839676,77876,1133,1675,19319,
267.98760919635475,77875,1134,1675,19319,
267.988000489118,77875,1133,1676,19319,
267.9929583975906,77874,1134,1676,19319,
267.99439242017377,77874,1133,1677,19319,
267.994785986294,77874,1133,1676,19320,
267.99655310427784,77874,1133,1675,19321,
267.9976102655093,77874,1133,1674,19322,
267.99829915250893,77874,1132,1675,19322,
267.99840816043405,77874,1131,1676,19322,
267.99920025654404,77873,1132,1676,19322,
268.00053452047825,77872,1133,1676,19322,
268.0016908652245,77872,1132,1677,19322,
268.00208658616157,77872,1132,1676,19323,
268.0038874762889,77872,1131,1677,19323,
268.00646122114654,77872,1130,1678,19323,
268.0079508735147,77871,1131,1678,19323,
268.00799215603377,77870,1132,1678,19323,
268.00998418781995,77870,1131,1679,19323,
268.01177064262595,77870,1131,1678,19324,
268.01479631617144,77870,1131,1677,19325,
268.01820259577744,77870,1131,1676,19326,
268.0188631920403,77870,1130,1677,19326,
268.0191977072569,77870,1129,1678,19326,
268.0194816933229,77870,1129,1677,19327,
268.0221406964318,77869,1130,1677,19327,
268.02217766179217,77869,1130,1676,19328,
268.0266558294378,77868,1131,1676,19328,
268.03106215903654,77867,1132,1676,19328,
268.0318559890585,77866,1133,1676,19328,
268.03254348894893,77866,1132,1677,19328,
268.0328238404843,77866,1131,1678,19328,
268.03950563157036,77866,1130,1679,19328,
268.03997758869724,77865,1131,1679,19328,
268.04022980019954,77865,1131,1678,19329,
268.0403896263229,77864,1132,1678,19329,
268.0411151090841,77863,1133,1678,19329,
268.04143823801513,77862,1134,1678,19329,
268.0430220134626,77862,1133,1679,19329,
268.04442664471634,77862,1132,1680,19329,
268.0462697737882,77861,1133,1680,19329,
268.0463157172778,77860,1134,1680,19329,
268.0491715360421,77859,1135,1680,19329,
268.04953365903737,77859,1135,1679,19330,
268.05271148485144,77859,1135,1678,19331,
268.0555849273828,77859,1134,1679,19331,
268.0567976184729,77859,1133,1680,19331,
268.0568871396572,77858,1134,1680,19331,
268.05761105691187,77858,1133,1681,19331,
268.0607870403448,77857,1134,1681,19331,
268.0611014833254,77857,1133,1682,19331,
268.0611311766248,77856,1134,1682,19331,
268.06241960137686,77856,1134,1681,19332,
268.0639426834965,77856,1133,1682,19332,
268.0697514449587,77855,1134,1682,19332,
268.07071301621505,77854,1135,1682,19332,
268.07701889450675,77853,1136,1682,19332,
268.0779322958481,77853,1136,1681,19333,
268.07921651388085,77853,1136,1680,19334,
268.0812240326401,77853,1136,1679,19335,
268.08165462107036,77853,1135,1680,19335,
268.08227931479905,77853,1134,1681,19335,
268.0845826290977,77853,1134,1680,19336,
268.0876251994111,77853,1134,1679,19337,
268.0903383490311,77853,1134,1678,19338,
268.0923604174377,77852,1135,1678,19338,
268.09386481727336,77851,1136,1678,19338,
268.0982118286955,77851,1136,1677,19339,
268.0997869537278,77850,1137,1677,19339,
268.1000960480668,77850,1136,1678,19339,
268.1024286251129,77850,1136,1677,19340,
268.10301823090043,77850,1136,1676,19341,
268.1045212918011,77849,1137,1676,19341,
268.1047735721849,77849,1136,1677,19341,
268.10505581498893,77848,1137,1677,19341,
268.1051011449315,77848,1136,1678,19341,
268.10850152855767,77848,1135,1679,19341,
268.1129406283647,77848,1135,1678,19342,
268.1166055419563,77848,1134,1679,19342,
268.1167950496565,77848,1133,1680,19342,
268.1173750172481,77848,1133,1679,19343,
268.1174152217242,77848,1133,1678,19344,
268.11825359292516,77847,1134,1678,19344,
268.11833787008027,77846,1135,1678,19344,
268.11851785451023,77846,1135,1677,19345,
268.11877746697786,77846,1135,1676,19346,
268.1209362662548,77846,1135,1675,19347,
268.12262410502785,77846,1135,1674,19348,
268.12416183291174,77846,1135,1673,19349,
268.1250021469997,77845,1136,1673,19349,
268.1260381023464,77845,1136,1672,19350,
268.1260945778907,77844,1137,1672,19350,
268.1266056078469,77844,1136,1673,19350,
268.12737623660234,77844,1135,1674,19350,
268.1276676060885,77844,1134,1675,19350,
268.12835874270144,77844,1134,1674,19351,
268.1312266515053,77843,1135,1674,19351,
268.13169837729123,77843,1134,1675,19351,
268.13316152477506,77843,1133,1676,19351,
268.1347866603897,77843,1133,1675,19352,
268.1350523919999,77843,1133,1674,19353,
268.1359671439863,77843,1132,1675,19353,
268.13641730516036,77842,1133,1675,19353,
268.1366981794711,77841,1134,1675,19353,
268.13768074631355,77841,1133,1676,19353,
268.1414100021692,77841,1132,1677,19353,
268.14305269346886,77841,1131,1678,19353,
268.1454085365092,77840,1132,1678,19353,
268.14562220771325,77839,1133,1678,19353,
268.1467957321177,77839,1133,1677,19354,
268.14705430219175,77838,1134,1677,19354,
268.1497516805851,77838,1134,1676,19355,
268.1519833228152,77838,1133,1677,19355,
268.15324957283343,77838,1133,1676,19356,
268.1536282079165,77837,1134,1676,19356,
268.1572380530486,77837,1134,1675,19357,
268.1598041013312,77837,1134,1674,19358,
268.1599169643278,77837,1133,1675,19358,
268.16082032356815,77837,1132,1676,19358,
268.1625486337653,77837,1132,1675,19359,
268.16413516021186,77837,1131,1676,19359,
268.1646600995215,77836,1132,1676,19359,
268.1650627538409,77836,1132,1675,19360,
268.1662292629382,77836,1132,1674,19361,
268.1694867971721,77835,1133,1674,19361,
268.17017124012483,77835,1132,1675,19361,
268.1713844117921,77835,1132,1674,19362,
268.1719890274084,77834,1133,1674,19362,
268.1723814068714,77833,1134,1674,19362,
268.1725093837505,77833,1134,1673,19363,
268.1735821514033,77833,1133,1674,19363,
268.1742647253661,77833,1133,1673,19364,
268.1756715094897,77833,1133,1672,19365,
268.17791387074436,77832,1134,1672,19365,
268.17819043922844,77831,1135,1672,19365,
268.18132049742985,77830,1136,1672,19365,
268.1832129774823,77830,1135,1673,19365,
268.1856080123894,77829,1136,1673,19365,
268.18771119253944,77829,1135,1674,19365,
268.1891503606948,77829,1134,1675,19365,
268.1900482613534,77829,1134,1674,19366,
268.190821321326,77829,1134,1673,19367,
268.1921167245354,77828,1135,1673,19367,
268.1923764696081,77828,1134,1674,19367,
268.19442877569895,77828,1133,1675,19367,
268.19569253002857,77828,1133,1674,19368,
268.1959406627423,77827,1134,1674,19368,
268.19602087818026,77827,1134,1673,19369,
268.1984938258822,77827,1134,1672,19370,
268.1990821091136,77827,1134,1671,19371,
268.20129662150015,77827,1133,1672,19371,
268.2025824376223,77827,1132,1673,19371,
268.2034879400569,77826,1133,1673,19371,
268.20524229414025,77826,1132,1674,19371,
268.2053587562749,77825,1133,1674,19371,
268.2084798324587,77825,1132,1675,19371,
268.2084836590109,77825,1131,1676,19371,
268.20869377545534,77825,1131,1675,19372,
268.20871960019116,77825,1131,1674,19373,
268.20946628202864,77825,1130,1675,19373,
268.20970853005247,77824,1131,1675,19373,
268.21098676249545,77823,1132,1675,19373,
268.21218685727814,77823,1131,1676,19373,
268.2122284429335,77823,1130,1677,19373,
268.21253024082733,77822,1131,1677,19373,
268.2125669469525,77822,1131,1676,19374,
268.214909787643,77822,1131,1675,19375,
268.2150214702751,77821,1132,1675,19375,
268.21548625057164,77821,1131,1676,19375,
268.21673066368885,77821,1130,1677,19375,
268.2196404624355,77821,1130,1676,19376,
268.22276631162583,77821,1129,1677,19376,
268.22734566293406,77821,1129,1676,19377,
268.2276891554931,77821,1128,1677,19377,
268.2277599066426,77821,1127,1678,19377,
268.23365268039623,77821,1126,1679,19377,
268.2376632404758,77821,1126,1678,19378,
268.23801226943726,77821,1125,1679,19378,
268.2388070620259,77821,1124,1680,19378,
268.2393700693012,77821,1124,1679,19379,
268.2394823913257,77821,1123,1680,19379,
268.24062628667417,77821,1123,1679,19380,
268.24107383513063,77821,1123,1678,19381,
268.243563381097,77821,1122,1679,19381,
268.24519296469435,77820,1123,1679,19381,
268.245226165405,77820,1122,1680,19381,
268.2466581056254,77820,1121,1681,19381,
268.2512720508269,77820,1120,1682,19381,
268.25142478126855,77819,1121,1682,19381,
268.25168692924666,77819,1120,1683,19381,
268.25346084018554,77818,1121,1683,19381,
268.2546533979658,77818,1121,1682,19382,
268.25527048520877,77817,1122,1682,19382,
268.2574432710698,77817,1121,1683,19382,
268.25914079941595,77817,1120,1684,19382,
268.25942026005646,77816,1121,1684,19382,
268.2651697590542,77815,1122,1684,19382,
268.26757821106384,77814,1123,1684,19382,
268.26871552100226,77814,1122,1685,19382,
268.2696098856218,77813,1123,1685,19382,
268.2714530552841,77813,1122,1686,19382,
268.2721850042359,77813,1122,1685,19383,
268.2727738169156,77813,1122,1684,19384,
268.2731669410096,77812,1123,1684,19384,
268.2742924676939,77812,1122,1685,19384,
268.2746386525647,77812,1122,1684,19385,
268.27561176063176,77812,1122,1683,19386,
268.27819063725985,77811,1123,1683,19386,
268.2811680295895,77811,1122,1684,19386,
268.28276543852945,77811,1121,1685,19386,
268.28846588687975,77810,1122,1685,19386,
268.2891761567029,77809,1123,1685,19386,
268.2893526716805,77808,1124,1685,19386,
268.29089804214846,77808,1124,1684,19387,
268.2923564557232,77808,1124,1683,19388,
268.29429102879726,77808,1124,1682,19389,
268.29809477167186,77807,1125,1682,19389,
268.3020147017876,77806,1126,1682,19389,
268.30212561727683,77806,1125,1683,19389,
268.3041099412588,77805,1126,1683,19389,
268.30518614718795,77804,1127,1683,19389,
268.3056590106909,77804,1126,1684,19389,
268.30584310784576,77804,1126,1683,19390,
268.30752765448824,77804,1126,1682,19391,
268.3075657271196,77804,1126,1681,19392,
268.30912972981287,77804,1126,1680,19393,
268.3106593047831,77804,1125,1681,19393,
268.3112885894427,77803,1126,1681,19393,
268.31256664555366,77803,1126,1680,19394,
268.3162666859265,77802,1127,1680,19394,
268.31722755202156,77802,1127,1679,19395,
268.3185898807827,77801,1128,1679,19395,
268.31933292238546,77801,1127,1680,19395,
268.32059065887773,77801,1127,1679,19396,
268.32073333632303,77801,1126,1680,19396,
268.32093135691736,77801,1126,1679,19397,
268.3218622082951,77801,1126,1678,19398,
268.323781989161,77801,1125,1679,19398,
268.3239121814319,77801,1124,1680,19398,
268.3243038266776,77801,1123,1681,19398,
268.326036095947,77800,1124,1681,19398,
268.32673155743765,77800,1124,1680,19399,
268.32678971023523,77800,1123,1681,19399,
268.328921742918,77799,1124,1681,19399,
268.32893841786046,77799,1124,1680,19400,
268.32936056789225,77799,1124,1679,19401,
268.32972238860106,77798,1125,1679,19401,
268.33058362741156,77798,1125,1678,19402,
268.3308247770565,77798,1125,1677,19403,
268.3350381195806,77798,1124,1678,19403,
268.3359272933207,77797,1125,1678,19403,
268.3372670035044,77796,1126,1678,19403,
268.3375720031216,77795,1127,1678,19403,
268.33827208961594,77795,1126,1679,19403,
268.3388951106554,77794,1127,1679,19403,
268.342214537569,77794,1126,1680,19403,
268.3425920005933,77793,1127,1680,19403,
268.34323121194194,77792,1128,1680,19403,
268.3451854464079,77792,1127,1681,19403,
268.3484743911764,77792,1126,1682,19403,
268.3487016787916,77792,1126,1681,19404,
268.3505491134812,77791,1127,1681,19404,
268.35417603679366,77790,1128,1681,19404,
268.3564261536928,77790,1128,1680,19405,
268.3589551981615,77789,1129,1680,19405,
268.36245394272146,77789,1129,1679,19406,
268.363497015585,77789,1129,1678,19407,
268.36519603835865,77788,1130,1678,19407,
268.36540057856274,77788,1129,1679,19407,
268.36612761832396,77787,1130,1679,19407,
268.3691398353767,77787,1130,1678,19408,
268.36918674818867,77787,1129,1679,19408,
268.37002910309144,77787,1129,1678,19409,
268.3721475619003,77786,1130,1678,19409,
268.3765498114544,77786,1130,1677,19410,
268.37941198482076,77786,1130,1676,19411,
268.38085788276175,77786,1130,1675,19412,
268.3816393971651,77786,1129,1676,19412,
268.38307969011504,77786,1128,1677,19412,
268.38357869885476,77786,1128,1676,19413,
268.3872438049655,77786,1128,1675,19414,
268.3874632846479,77786,1128,1674,19415,
268.3878191689726,77786,1127,1675,19415,
268.38901936179815,77786,1127,1674,19416,
268.38991763020533,77786,1126,1675,19416,
268.3951794225163,77786,1126,1674,19417,
268.3960893897425,77786,1126,1673,19418,
268.39667146273945,77786,1126,1672,19419,
268.39703061941304,77785,1127,1672,19419,
268.39833624339144,77785,1127,1671,19420,
268.4008872478727,77785,1126,1672,19420,
268.4015918596226,77784,1127,1672,19420,
268.4029158479076,77784,1127,1671,19421,
268.40590582190174,77784,1126,1672,19421,
268.40856196729044,77784,1126,1671,19422,
268.4131929989775,77784,1126,1670,19423,
268.4176515770992,77784,1126,1669,19424,
268.4198181276516,77783,1127,1669,19424,
268.41996238266785,77783,1126,1670,19424,
268.42265470505646,77783,1126,1669,19425,
268.4242413925689,77782,1127,1669,19425,
268.42487390243906,77781,1128,1669,19425,
268.4254055983739,77781,1127,1670,19425,
268.42582551999425,77780,1128,1670,19425,
268.4261571038229,77780,1128,1669,19426,
268.4263503319382,77780,1128,1668,19427,
268.42649998279694,77780,1127,1669,19427,
268.42879935221,77779,1128,1669,19427,
268.4305751741363,77779,1128,1668,19428,
268.4315026533214,77779,1127,1669,19428,
268.43465812226435,77779,1126,1670,19428,
268.44122401855833,77779,1125,1671,19428,
268.44140593091697,77778,1126,1671,19428,
268.4415555716327,77777,1127,1671,19428,
268.44206905205215,77776,1128,1671,19428,
268.4443704775914,77775,1129,1671,19428,
268.4447848434856,77774,1130,1671,19428,
268.44514115949113,77774,1129,1672,19428,
268.44516270616947,77773,1130,1672,19428,
268.4456046190032,77773,1130,1671,19429,
268.4461878442276,77773,1130,1670,19430,
268.44690775645734,77772,1131,1670,19430,
268.4475998712448,77772,1131,1669,19431,
268.45024076988454,77771,1132,1669,19431,
268.4510177058158,77771,1132,1668,19432,
268.45350511028903,77771,1131,1669,19432,
268.45394131218956,77770,1132,1669,19432,
268.4542451158041,77770,1132,1668,19433,
268.4543111916129,77769,1133,1668,19433,
268.45636039035884,77769,1133,1667,19434,
268.4564986275826,77769,1132,1668,19434,
268.4566040152471,77768,1133,1668,19434,
268.45723354943163,77768,1133,1667,19435,
268.45745051745456,77768,1132,1668,19435,
268.45794548538873,77768,1131,1669,19435,
268.45846308558674,77767,1132,1669,19435,
268.45857970890046,77766,1133,1669,19435,
268.4590778985941,77765,1134,1669,19435,
268.45955733701834,77765,1133,1670,19435,
268.46271447324773,77765,1132,1671,19435,
268.46528409077695,77765,1131,1672,19435,
268.4653691075483,77765,1131,1671,19436,
268.46772972204775,77765,1131,1670,19437,
268.47300869831827,77765,1130,1671,19437,
268.47566883520994,77765,1130,1670,19438,
268.4789643504474,77765,1130,1669,19439,
268.4794169555259,77765,1129,1670,19439,
268.4820549728157,77764,1130,1670,19439,
268.4826404381382,77764,1129,1671,19439,
268.4846604881834,77764,1129,1670,19440,
268.4851077217947,77764,1129,1669,19441,
268.4882907054752,77764,1128,1670,19441,
268.4895377066769,77764,1128,1669,19442,
268.49323799250567,77764,1127,1670,19442,
268.4949217548474,77764,1127,1669,19443,
268.4956112216781,77764,1126,1670,19443,
268.4983024953895,77764,1125,1671,19443,
268.49971732242165,77763,1126,1671,19443,
268.5010505757221,77762,1127,1671,19443,
268.50185553521453,77761,1128,1671,19443,
268.5033151212804,77761,1128,1670,19444,
268.5040061437208,77760,1129,1670,19444,
268.5052354942922,77760,1128,1671,19444,
268.5111809597197,77760,1127,1672,19444,
268.5128614615988,77760,1126,1673,19444,
268.51592300739406,77760,1126,1672,19445,
268.517118274629,77760,1126,1671,19446,
268.5260894023977,77760,1125,1672,19446,
268.5268053103562,77759,1126,1672,19446,
268.5284868694912,77758,1127,1672,19446,
268.52879264736873,77758,1127,1671,19447,
268.5317123401984,77758,1126,1672,19447,
268.5318047604001,77758,1126,1671,19448,
268.5337210295004,77758,1126,1670,19449,
268.54047159488334,77758,1125,1671,19449,
268.54075334393985,77758,1125,1670,19450,
268.5426885284114,77758,1124,1671,19450,
268.54340483965547,77757,1125,1671,19450,
268.5453150270401,77757,1125,1670,19451,
268.5505203363098,77757,1124,1671,19451,
268.55096356116894,77757,1123,1672,19451,
268.5553931543712,77756,1124,1672,19451,
268.55612796344127,77756,1123,1673,19451,
268.5582613309282,77756,1123,1672,19452,
268.56069260373573,77755,1124,1672,19452,
268.5609054173281,77755,1123,1673,19452,
268.561071356321,77755,1122,1674,19452,
268.5612079752243,77754,1123,1674,19452,
268.56289015377575,77754,1122,1675,19452,
268.56292487554543,77754,1122,1674,19453,
268.5641868166637,77754,1121,1675,19453,
268.56472421124806,77754,1120,1676,19453,
268.5654833012043,77753,1121,1676,19453,
268.56759144398694,77753,1121,1675,19454,
268.5690982426416,77753,1120,1676,19454,
268.57154991135945,77753,1120,1675,19455,
268.5807569277471,77753,1119,1676,19455,
268.58191664138604,77752,1120,1676,19455,
268.5851044751493,77752,1120,1675,19456,
268.5861784093571,77752,1119,1676,19456,
268.5878784102313,77751,1120,1676,19456,
268.5881717899461,77750,1121,1676,19456,
268.5904966387587,77750,1121,1675,19457,
268.5906137701832,77749,1122,1675,19457,
268.59180324437096,77749,1121,1676,19457,
268.5922995647049,77749,1120,1677,19457,
268.59507990508183,77748,1121,1677,19457,
268.5974943883974,77748,1120,1678,19457,
268.59848715851615,77748,1120,1677,19458,
268.59867377020515,77748,1119,1678,19458,
268.6010849334563,77747,1120,1678,19458,
268.6011193090467,77747,1120,1677,19459,
268.60417106736816,77747,1120,1676,19460,
268.6056456103104,77747,1120,1675,19461,
268.6057113395076,77747,1120,1674,19462,
268.6059140177791,77747,1119,1675,19462,
268.60663708996384,77747,1118,1676,19462,
268.6067964986433,77746,1119,1676,19462,
268.607334506137,77746,1119,1675,19463,
268.607506781754,77746,1119,1674,19464,
268.6077809304419,77745,1120,1674,19464,
268.6078353069476,77745,1119,1675,19464,
268.6085010557344,77745,1118,1676,19464,
268.6095218759782,77745,1118,1675,19465,
268.6140604569412,77745,1117,1676,19465,
268.61619017890337,77745,1117,1675,19466,
268.61666535777755,77745,1116,1676,19466,
268.62457214744705,77745,1115,1677,19466,
268.62571085141946,77745,1115,1676,19467,
268.6261462343757,77745,1114,1677,19467,
268.6273869344379,77744,1115,1677,19467,
268.62795579201077,77744,1115,1676,19468,
268.6294523494337,77743,1116,1676,19468,
268.63010116292463,77743,1116,1675,19469,
268.63175697878444,77743,1115,1676,19469,
268.6319298350162,77743,1114,1677,19469,
268.6334174934213,77742,1115,1677,19469,
268.63379102380975,77742,1114,1678,19469,
268.6375158941343,77742,1113,1679,19469,
268.63980384557266,77741,1114,1679,19469,
268.64010805597763,77740,1115,1679,19469,
268.6410613555246,77739,1116,1679,19469,
268.6416651955285,77739,1115,1680,19469,
268.64178990751554,77739,1114,1681,19469,
268.643656553341,77739,1114,1680,19470,
268.64467207743945,77739,1113,1681,19470,
268.6475016876592,77738,1114,1681,19470,
268.6482980113147,77738,1114,1680,19471,
268.653443568792,77738,1113,1681,19471,
268.6534939233485,77737,1114,1681,19471,
268.6555344333662,77737,1113,1682,19471,
268.65564703151534,77737,1113,1681,19472,
268.65606152761376,77737,1113,1680,19473,
268.6571849643884,77736,1114,1680,19473,
268.65724117133317,77735,1115,1680,19473,
268.6583579024497,77735,1114,1681,19473,
268.66097458899594,77735,1114,1680,19474,
268.66160182542905,77735,1114,1679,19475,
268.6655004509442,77735,1113,1680,19475,
268.6662675071205,77735,1112,1681,19475,
268.6670449611442,77735,1112,1680,19476,
268.6714332618351,77735,1111,1681,19476,
268.6727313712775,77735,1110,1682,19476,
268.6773713551704,77734,1111,1682,19476,
268.6794353618248,77734,1110,1683,19476,
268.68600830051224,77734,1109,1684,19476,
268.68937346562336,77734,1108,1685,19476,
268.68987743777,77733,1109,1685,19476,
268.69241805396206,77733,1109,1684,19477,
268.6925502261966,77733,1109,1683,19478,
268.69265242609964,77733,1109,1682,19479,
268.6971812006595,77733,1109,1681,19480,
268.70314257451184,77733,1109,1680,19481,
268.70466301426205,77733,1108,1681,19481,
268.7060600013102,77733,1107,1682,19481,
268.7079123882394,77732,1108,1682,19481,
268.7126752687334,77732,1107,1683,19481,
268.713803483803,77732,1107,1682,19482,
268.7142594914691,77732,1107,1681,19483,
268.71784994814686,77732,1106,1682,19483,
268.7192951464539,77731,1107,1682,19483,
268.72041868271424,77731,1107,1681,19484,
268.7239513025253,77731,1107,1680,19485,
268.7244922700767,77731,1107,1679,19486,
268.7245205966494,77731,1106,1680,19486,
268.7253090904667,77731,1105,1681,19486,
268.72635562430827,77731,1105,1680,19487,
268.7264340949153,77731,1104,1681,19487,
268.7264729356644,77731,1103,1682,19487,
268.73382197771565,77731,1103,1681,19488,
268.7349020245082,77730,1104,1681,19488,
268.74017757475866,77730,1103,1682,19488,
268.7436898368128,77729,1104,1682,19488,
268.7437399539251,77728,1105,1682,19488,
268.74499632376506,77727,1106,1682,19488,
268.7523151489775,77726,1107,1682,19488,
268.7561943010062,77726,1107,1681,19489,
268.75682151129416,77726,1107,1680,19490,
268.7595452074633,77725,1108,1680,19490,
268.76079444112133,77724,1109,1680,19490,
268.76104894341773,77723,1110,1680,19490,
268.761649380018,77722,1111,1680,19490,
268.7647672246391,77722,1111,1679,19491,
268.76561439456293,77722,1111,1678,19492,
268.7688260376947,77722,1110,1679,19492,
268.7695095725815,77721,1111,1679,19492,
268.7695960152551,77720,1112,1679,19492,
268.7699291837689,77720,1112,1678,19493,
268.771348309004,77720,1112,1677,19494,
268.77174010139623,77719,1113,1677,19494,
268.7725221263762,77719,1113,1676,19495,
268.77462337724734,77718,1114,1676,19495,
268.77533027803327,77718,1114,1675,19496,
268.7778293381818,77718,1113,1676,19496,
268.77907993976874,77717,1114,1676,19496,
268.780341505185,77717,1113,1677,19496,
268.78041899227725,77717,1112,1678,19496,
268.78054569316055,77717,1111,1679,19496,
268.7841771865914,77716,1112,1679,19496,
268.7843959041465,77716,1111,1680,19496,
268.7849977601462,77716,1110,1681,19496,
268.786606962804,77716,1109,1682,19496,
268.7918866083033,77716,1108,1683,19496,
268.79246839422564,77716,1108,1682,19497,
268.7936367145847,77716,1107,1683,19497,
268.7981772704307,77715,1108,1683,19497,
268.7997858318634,77714,1109,1683,19497,
268.80213923616157,77714,1109,1682,19498,
268.80325797526586,77713,1110,1682,19498,
268.8040869657302,77713,1109,1683,19498,
268.80518982720855,77713,1108,1684,19498,
268.80527423309894,77712,1109,1684,19498,
268.8060570994436,77711,1110,1684,19498,
268.8074595190254,77711,1109,1685,19498,
268.80910756945406,77711,1108,1686,19498,
268.8091868627155,77711,1108,1685,19499,
268.8094826868106,77710,1109,1685,19499,
268.8096496560986,77709,1110,1685,19499,
268.8127906149551,77709,1109,1686,19499,
268.8132716720666,77708,1110,1686,19499,
268.81702365419926,77707,1111,1686,19499,
268.8180840490278,77707,1111,1685,19500,
268.8184356253882,77707,1110,1686,19500,
268.8207973643226,77706,1111,1686,19500,
268.82121731183344,77705,1112,1686,19500,
268.8245811064508,77705,1112,1685,19501,
268.825003473475,77705,1112,1684,19502,
268.82997356639095,77705,1111,1685,19502,
268.83032837606316,77705,1110,1686,19502,
268.83134234503916,77705,1110,1685,19503,
268.8322576567447,77705,1109,1686,19503,
268.8350168200677,77705,1109,1685,19504,
268.8352618559899,77705,1109,1684,19505,
268.83644500138433,77705,1109,1683,19506,
268.8376091689198,77705,1108,1684,19506,
268.8399978698878,77705,1108,1683,19507,
268.8401359787694,77704,1109,1683,19507,
268.8409917274047,77704,1109,1682,19508,
268.8429190777311,77704,1108,1683,19508,
268.8463342702366,77703,1109,1683,19508,
268.8469305467558,77703,1109,1682,19509,
268.84998290871334,77702,1110,1682,19509,
268.8552999043401,77702,1110,1681,19510,
268.8562600066817,77702,1109,1682,19510,
268.8572832874904,77701,1110,1682,19510,
268.8574784554628,77701,1110,1681,19511,
268.86082919632673,77701,1110,1680,19512,
268.86170125424366,77700,1111,1680,19512,
268.8622520559013,77699,1112,1680,19512,
268.8646066221351,77699,1111,1681,19512,
268.8667708017071,77698,1112,1681,19512,
268.86880538796254,77698,1111,1682,19512,
268.869603670074,77698,1111,1681,19513,
268.87235079477716,77698,1110,1682,19513,
268.8723535438072,77698,1109,1683,19513,
268.8754036203509,77698,1109,1682,19514,
268.8770282159247,77698,1109,1681,19515,
268.8776629847982,77698,1108,1682,19515,
268.88063171836745,77698,1108,1681,19516,
268.88334484267256,77698,1107,1682,19516,
268.8840547284099,77697,1108,1682,19516,
268.8861459738272,77697,1108,1681,19517,
268.8903642999259,77697,1108,1680,19518,
268.89039633523583,77697,1107,1681,19518,
268.89468950753377,77696,1108,1681,19518,
268.8948715423271,77695,1109,1681,19518,
268.89523692530577,77695,1108,1682,19518,
268.8956898861382,77694,1109,1682,19518,
268.89619196768945,77694,1109,1681,19519,
268.89782853696556,77693,1110,1681,19519,
268.8983218243297,77693,1109,1682,19519,
268.9037557386476,77693,1109,1681,19520,
268.9046353190247,77693,1108,1682,19520,
268.90626914772974,77692,1109,1682,19520,
268.90650841262186,77692,1108,1683,19520,
268.9065473674863,77692,1108,1682,19521,
268.90711711222923,77692,1107,1683,19521,
268.90826481595434,77692,1106,1684,19521,
268.90854603887493,77692,1105,1685,19521,
268.90888321501865,77691,1106,1685,19521,
268.91452332422347,77691,1106,1684,19522,
268.9181429137858,77691,1105,1685,19522,
268.9193688353614,77691,1104,1686,19522,
268.9213668382476,77691,1103,1687,19522,
268.9240612622815,77691,1102,1688,19522,
268.9252779207607,77690,1103,1688,19522,
268.93162610043515,77690,1103,1687,19523,
268.9325493951071,77690,1102,1688,19523,
268.9330384590747,77690,1101,1689,19523,
268.93452782061405,77690,1100,1690,19523,
268.93457128910484,77689,1101,1690,19523,
268.9347079137309,77688,1102,1690,19523,
268.9356316391822,77687,1103,1690,19523,
268.9356846950178,77686,1104,1690,19523,
268.93710691378305,77686,1104,1689,19524,
268.93918319921846,77686,1104,1688,19525,
268.9413871865675,77686,1104,1687,19526,
268.9433023738316,77686,1103,1688,19526,
268.94360217997644,77686,1102,1689,19526,
268.94907649838296,77686,1102,1688,19527,
268.95173989237105,77685,1103,1688,19527,
268.95583646880846,77684,1104,1688,19527,
268.95642145214913,77683,1105,1688,19527,
268.9579899262821,77682,1106,1688,19527,
268.96109905590777,77681,1107,1688,19527,
268.96442043733794,77681,1107,1687,19528,
268.9655328414878,77681,1106,1688,19528,
268.96650312885316,77681,1105,1689,19528,
268.96674896608243,77681,1105,1688,19529,
268.9671106206994,77680,1106,1688,19529,
268.9682321857193,77680,1106,1687,19530,
268.96855913075063,77680,1105,1688,19530,
268.9709842290761,77679,1106,1688,19530,
268.9711163716548,77679,1106,1687,19531,
268.9747381433658,77679,1105,1688,19531,
268.97599771654933,77679,1105,1687,19532,
268.97658611735267,77679,1104,1688,19532,
268.9783614611006,77679,1104,1687,19533,
268.98482886108474,77679,1104,1686,19534,
268.9873644003562,77679,1104,1685,19535,
268.98822479873337,77679,1104,1684,19536,
268.9891826360059,77679,1103,1685,19536,
268.9892987662102,77679,1102,1686,19536,
268.99032800418115,77678,1103,1686,19536,
268.99036510580396,77678,1103,1685,19537,
268.9912661390013,77677,1104,1685,19537,
268.9927264963258,77676,1105,1685,19537,
268.9950360668697,77676,1104,1686,19537,
268.9966605682301,77676,1104,1685,19538,
268.9989755304526,77676,1104,1684,19539,
268.99924960116846,77675,1105,1684,19539,
269.00083141996646,77675,1105,1683,19540,
269.000929110103,77675,1105,1682,19541,
269.0010216140464,77674,1106,1682,19541,
269.0043354458268,77674,1105,1683,19541,
269.0047713527562,77674,1104,1684,19541,
269.0054044792861,77674,1103,1685,19541,
269.00692274035725,77674,1103,1684,19542,
269.0070306264772,77673,1104,1684,19542,
269.0110648186156,77672,1105,1684,19542,
269.0120551632147,77672,1105,1683,19543,
269.01538315701725,77671,1106,1683,19543,
269.01556753709235,77670,1107,1683,19543,
269.0163472268769,77670,1106,1684,19543,
269.0169849570927,77669,1107,1684,19543,
269.01856054233104,77669,1106,1685,19543,
269.02039917898924,77669,1105,1686,19543,
269.0208008192942,77669,1105,1685,19544,
269.02108996917775,77668,1106,1685,19544,
269.0229597040963,77668,1105,1686,19544,
269.0236459863146,77667,1106,1686,19544,
269.026419766253,77667,1105,1687,19544,
269.0264469716615,77666,1106,1687,19544,
269.02933584478774,77666,1105,1688,19544,
269.0345946630809,77666,1105,1687,19545,
269.0350257123102,77666,1104,1688,19545,
269.0382712404917,77665,1105,1688,19545,
269.0401013274489,77665,1105,1687,19546,
269.0401609121667,77665,1104,1688,19546,
269.04047752893604,77664,1105,1688,19546,
269.0448538215409,77663,1106,1688,19546,
269.04520482341024,77663,1106,1687,19547,
269.05011963557706,77663,1105,1688,19547,
269.0502355392625,77662,1106,1688,19547,
269.05102568625824,77662,1105,1689,19547,
269.0515531940993,77661,1106,1689,19547,
269.0523369419503,77661,1106,1688,19548,
269.05305689732194,77661,1105,1689,19548,
269.05374437375235,77660,1106,1689,19548,
269.0557187175416,77660,1106,1688,19549,
269.05714463142624,77660,1105,1689,19549,
269.0592414951985,77660,1105,1688,19550,
269.05939367943654,77660,1105,1687,19551,
269.06002969142446,77660,1105,1686,19552,
269.06135909105427,77659,1106,1686,19552,
269.06513977305116,77658,1107,1686,19552,
269.0695530891151,77657,1108,1686,19552,
269.0729862742091,77657,1107,1687,19552,
269.07372593198323,77657,1106,1688,19552,
269.0745560800268,77657,1106,1687,19553,
269.0753987754925,77656,1107,1687,19553,
269.0760225864861,77656,1107,1686,19554,
269.07607811504056,77656,1106,1687,19554,
269.0763084741075,77656,1105,1688,19554,
269.07742385068525,77655,1106,1688,19554,
269.0803235057837,77655,1105,1689,19554,
269.0832331383303,77654,1106,1689,19554,
269.0842487568448,77653,1107,1689,19554,
269.0852564825314,77653,1107,1688,19555,
269.0857618502861,77653,1106,1689,19555,
269.08641087426355,77653,1105,1690,19555,
269.08833139540627,77652,1106,1690,19555,
269.09185443745037,77652,1106,1689,19556,
269.0938399956996,77652,1106,1688,19557,
269.09571763154577,77651,1107,1688,19557,
269.09847604785085,77650,1108,1688,19557,
269.10089387313957,77650,1107,1689,19557,
269.10096879098694,77649,1108,1689,19557,
269.10625957253393,77649,1108,1688,19558,
269.1099708734939,77649,1108,1687,19559,
269.114040228795,77648,1109,1687,19559,
269.1181044379688,77648,1108,1688,19559,
269.12039889308426,77648,1108,1687,19560,
269.12153882006055,77647,1109,1687,19560,
269.12265573716854,77647,1109,1686,19561,
269.12595258983737,77647,1108,1687,19561,
269.1262618039606,77647,1108,1686,19562,
269.1286511015976,77647,1108,1685,19563,
269.13032845271357,77647,1107,1686,19563,
269.1307229424917,77647,1106,1687,19563,
269.13159397917656,77646,1107,1687,19563,
269.13353175841445,77645,1108,1687,19563,
269.1368101633422,77645,1107,1688,19563,
269.1380393217488,77644,1108,1688,19563,
269.1396240117482,77643,1109,1688,19563,
269.1419157668214,77643,1108,1689,19563,
269.1454851135123,77642,1109,1689,19563,
269.14704513636684,77641,1110,1689,19563,
269.1474430532074,77640,1111,1689,19563,
269.14903064033297,77639,1112,1689,19563,
269.1491490545405,77639,1111,1690,19563,
269.15259515381456,77639,1110,1691,19563,
269.15263392316325,77638,1111,1691,19563,
269.1533718300362,77638,1111,1690,19564,
269.15472479661054,77637,1112,1690,19564,
269.155854090515,77636,1113,1690,19564,
269.15854641725355,77635,1114,1690,19564,
269.15953752565224,77634,1115,1690,19564,
269.1609445793344,77634,1114,1691,19564,
269.1612926118883,77634,1113,1692,19564,
269.16168697031287,77633,1114,1692,19564,
269.1630955544111,77632,1115,1692,19564,
269.1632458633871,77632,1115,1691,19565,
269.16717560254597,77632,1115,1690,19566,
269.16769443979274,77632,1114,1691,19566,
269.1678322144988,77632,1114,1690,19567,
269.1703389128167,77632,1114,1689,19568,
269.1714711074209,77632,1114,1688,19569,
269.17243810058346,77632,1114,1687,19570,
269.17521081331563,77632,1113,1688,19570,
269.1759395662718,77631,1114,1688,19570,
269.17682910668145,77631,1114,1687,19571,
269.1799269347346,77630,1115,1687,19571,
269.18066236993616,77629,1116,1687,19571,
269.18153078483164,77629,1116,1686,19572,
269.1872531099163,77628,1117,1686,19572,
269.1883938763165,77628,1116,1687,19572,
269.18854180656064,77627,1117,1687,19572,
269.1896524508665,77627,1116,1688,19572,
269.1897665895319,77626,1117,1688,19572,
269.1944316837283,77626,1116,1689,19572,
269.1986908038457,77625,1117,1689,19572,
269.2026409994545,77624,1118,1689,19572,
269.2050296012068,77624,1118,1688,19573,
269.20770586598815,77623,1119,1688,19573,
269.2086839681732,77623,1118,1689,19573,
269.2090464560365,77622,1119,1689,19573,
269.20914313842087,77622,1118,1690,19573,
269.21074572655203,77622,1117,1691,19573,
269.21234664754456,77622,1116,1692,19573,
269.2143984277027,77622,1115,1693,19573,
269.21572780230196,77622,1114,1694,19573,
269.2199243493626,77622,1114,1693,19574,
269.22093688892596,77622,1114,1692,19575,
269.22096635036206,77622,1113,1693,19575,
269.22300784479927,77621,1114,1693,19575,
269.22649178434415,77621,1113,1694,19575,
269.22655691827,77621,1112,1695,19575,
269.2293889611556,77620,1113,1695,19575,
269.230019099176,77619,1114,1695,19575,
269.23068762425083,77619,1114,1694,19576,
269.23315361803014,77618,1115,1694,19576,
269.23378356812043,77618,1115,1693,19577,
269.2350602598137,77617,1116,1693,19577,
269.2377223894026,77616,1117,1693,19577,
269.23853947167896,77615,1118,1693,19577,
269.23987572522464,77615,1117,1694,19577,
269.2399032716018,77614,1118,1694,19577,
269.2418415989701,77613,1119,1694,19577,
269.2425739808145,77613,1119,1693,19578,
269.2431216322299,77613,1119,1692,19579,
269.24391008014,77613,1119,1691,19580,
269.2444965744275,77612,1120,1691,19580,
269.2446706437909,77611,1121,1691,19580,
269.2450976111781,77611,1121,1690,19581,
269.2456179002873,77611,1120,1691,19581,
269.2487805779881,77611,1119,1692,19581,
269.25037404287804,77611,1119,1691,19582,
269.25078543394045,77611,1118,1692,19582,
269.2515893441444,77611,1117,1693,19582,
269.253921784801,77611,1116,1694,19582,
269.2547797060466,77610,1117,1694,19582,
269.25580315445904,77609,1118,1694,19582,
269.25678545818323,77608,1119,1694,19582,
269.25797075347646,77608,1119,1693,19583,
269.25852630891984,77608,1119,1692,19584,
269.2609803318587,77608,1118,1693,19584,
269.26226405837525,77608,1118,1692,19585,
269.2676214644572,77608,1117,1693,19585,
269.2686631058882,77608,1116,1694,19585,
269.26948132518584,77608,1115,1695,19585,
269.2696788881729,77608,1115,1694,19586,
269.2702285062642,77608,1114,1695,19586,
269.2712262619694,77608,1113,1696,19586,
269.2718909400965,77608,1113,1695,19587,
269.27405394102925,77608,1113,1694,19588,
269.2753698393286,77608,1112,1695,19588,
269.2756243099868,77608,1112,1694,19589,
269.27590243839194,77608,1112,1693,19590,
269.2764983147874,77608,1112,1692,19591,
269.2767047405188,77608,1111,1693,19591,
269.2805903535932,77608,1110,1694,19591,
269.28107028509834,77608,1110,1693,19592,
269.28305489171896,77608,1109,1694,19592,
269.2837466295472,77607,1110,1694,19592,
269.289456481441,77607,1110,1693,19593,
269.29298984998616,77607,1110,1692,19594,
269.29334073571243,77607,1109,1693,19594,
269.2999760340841,77607,1108,1694,19594,
269.3011070660777,77606,1109,1694,19594,
269.30296173831914,77605,1110,1694,19594,
269.3036037565672,77604,1111,1694,19594,
269.30429267029444,77604,1110,1695,19594,
269.30669096392353,77603,1111,1695,19594,
269.310958305452,77603,1111,1694,19595,
269.31107378281865,77603,1111,1693,19596,
269.31157167787364,77603,1111,1692,19597,
269.31593206943256,77602,1112,1692,19597,
269.31692146482237,77602,1112,1691,19598,
269.31935424466405,77601,1113,1691,19598,
269.32139887270796,77600,1114,1691,19598,
269.3258039309995,77599,1115,1691,19598,
269.3284732537945,77599,1115,1690,19599,
269.3288138705098,77598,1116,1690,19599,
269.33359806081063,77598,1116,1689,19600,
269.3336713557917,77597,1117,1689,19600,
269.3351007571253,77597,1116,1690,19600,
269.3415951007149,77597,1116,1689,19601,
269.3417440463543,77596,1117,1689,19601,
269.34251089840694,77596,1116,1690,19601,
269.34291102776365,77595,1117,1690,19601,
269.34341505496604,77595,1117,1689,19602,
269.3454247376471,77595,1117,1688,19603,
269.34731042361585,77595,1116,1689,19603,
269.34758466249383,77594,1117,1689,19603,
269.35058488212934,77594,1117,1688,19604,
269.35199300094575,77593,1118,1688,19604,
269.35210814084905,77592,1119,1688,19604,
269.352176956556,77591,1120,1688,19604,
269.35623393013464,77591,1119,1689,19604,
269.35771088624944,77590,1120,1689,19604,
269.3612588323089,77589,1121,1689,19604,
269.3709842270477,77589,1120,1690,19604,
269.372011584309,77589,1120,1689,19605,
269.3742668558348,77589,1119,1690,19605,
269.37782968007093,77588,1120,1690,19605,
269.3790802845657,77588,1120,1689,19606,
269.3804884246336,77588,1119,1690,19606,
269.3808434930709,77588,1118,1691,19606,
269.38111180620376,77587,1119,1691,19606,
269.38330558266125,77587,1119,1690,19607,
269.3842185981309,77587,1119,1689,19608,
269.3862530541881,77587,1119,1688,19609,
269.3872572109225,77587,1118,1689,19609,
269.3920207568984,77586,1119,1689,19609,
269.395476553459,77586,1119,1688,19610,
269.39799359182837,77586,1118,1689,19610,
269.39934495504815,77585,1119,1689,19610,
269.39960490697314,77585,1119,1688,19611,
269.40197735455774,77584,1120,1688,19611,
269.4027747098273,77584,1119,1689,19611,
269.40472417899144,77583,1120,1689,19611,
269.4048704634838,77582,1121,1689,19611,
269.40759783602624,77582,1121,1688,19612,
269.40819069528914,77582,1120,1689,19612,
269.40985675132725,77581,1121,1689,19612,
269.41042264227934,77580,1122,1689,19612,
269.4123924634225,77580,1121,1690,19612,
269.4156464740008,77579,1122,1690,19612,
269.4172677895693,77578,1123,1690,19612,
269.41883366006493,77578,1122,1691,19612,
269.4215974158074,77578,1122,1690,19613,
269.4238139999875,77577,1123,1690,19613,
269.4288020105495,77577,1123,1689,19614,
269.4302956874336,77576,1124,1689,19614,
269.43612027445954,77576,1124,1688,19615,
269.4385878620971,77576,1124,1687,19616,
269.4390241846345,77576,1123,1688,19616,
269.439333864376,77575,1124,1688,19616,
269.4403787062804,77575,1124,1687,19617,
269.4409638954413,77574,1125,1687,19617,
269.4429659187905,77574,1125,1686,19618,
269.44544149406113,77574,1125,1685,19619,
269.4465063933943,77574,1124,1686,19619,
269.44745677063133,77574,1124,1685,19620,
269.4493820465448,77573,1125,1685,19620,
269.4498406580993,77573,1124,1686,19620,
269.4499206585661,77572,1125,1686,19620,
269.45071557929606,77572,1124,1687,19620,
269.456043829007,77572,1123,1688,19620,
269.4571846569113,77572,1122,1689,19620,
269.45783984639337,77572,1121,1690,19620,
269.45798139916593,77572,1120,1691,19620,
269.4595010130612,77572,1120,1690,19621,
269.4595029182615,77572,1120,1689,19622,
269.4612459442682,77571,1121,1689,19622,
269.4638477227374,77571,1120,1690,19622,
269.46721511164156,77570,1121,1690,19622,
269.47064520396157,77570,1121,1689,19623,
269.47070410975016,77569,1122,1689,19623,
269.474750736768,77568,1123,1689,19623,
269.4750233347216,77568,1123,1688,19624,
269.4750524904526,77568,1122,1689,19624,
269.48050881209076,77568,1121,1690,19624,
269.48211519960455,77567,1122,1690,19624,
269.48275840865233,77567,1122,1689,19625,
269.4841678150355,77566,1123,1689,19625,
269.4847972320403,77565,1124,1689,19625,
269.4863138583815,77565,1123,1690,19625,
269.48763329562905,77565,1123,1689,19626,
269.4889728751363,77565,1123,1688,19627,
269.49161965993386,77565,1122,1689,19627,
269.49245697880605,77565,1121,1690,19627,
269.49317482435436,77565,1121,1689,19628,
269.49445571259315,77565,1120,1690,19628,
269.4981616542133,77565,1120,1689,19629,
269.4999910601415,77565,1120,1688,19630,
269.5003725451312,77564,1121,1688,19630,
269.5028840899509,77564,1121,1687,19631,
269.5039987092102,77564,1121,1686,19632,
269.5044122484926,77564,1121,1685,19633,
269.5084963384721,77564,1120,1686,19633,
269.512842042488,77564,1119,1687,19633,
269.51444877412507,77564,1118,1688,19633,
269.515111096445,77564,1117,1689,19633,
269.5162788004681,77564,1116,1690,19633,
269.5173339717266,77564,1116,1689,19634,
269.5177945509606,77564,1115,1690,19634,
269.5180172930153,77564,1114,1691,19634,
269.5190330112195,77564,1114,1690,19635,
269.5200769390326,77563,1115,1690,19635,
269.5203293497341,77562,1116,1690,19635,
269.5234953239174,77562,1115,1691,19635,
269.5238200510352,77562,1114,1692,19635,
269.5263980915321,77562,1114,1691,19636,
269.5280597113268,77562,1114,1690,19637,
269.52941789261894,77562,1114,1689,19638,
269.5305337990102,77562,1113,1690,19638,
269.5306696852066,77561,1114,1690,19638,
269.5312506710986,77561,1113,1691,19638,
269.5324779795502,77560,1114,1691,19638,
269.5334033257416,77559,1115,1691,19638,
269.53590696858066,77559,1115,1690,19639,
269.53652715547923,77559,1115,1689,19640,
269.53841207598185,77559,1114,1690,19640,
269.5389577728187,77558,1115,1690,19640,
269.54622443511016,77557,1116,1690,19640,
269.54670571272396,77557,1116,1689,19641,
269.54870712614706,77557,1116,1688,19642,
269.54887886878765,77557,1115,1689,19642,
269.5492657427253,77557,1115,1688,19643,
269.54988914508584,77557,1114,1689,19643,
269.5530690724064,77556,1115,1689,19643,
269.55336951726474,77556,1114,1690,19643,
269.559892263547,77555,1115,1690,19643,
269.56047550829487,77554,1116,1690,19643,
269.56050877592514,77553,1117,1690,19643,
269.5621764928859,77553,1116,1691,19643,
269.5630744157157,77553,1116,1690,19644,
269.5638455420166,77553,1116,1689,19645,
269.565017763525,77553,1115,1690,19645,
269.5656034691307,77553,1115,1689,19646,
269.5693464235199,77553,1115,1688,19647,
269.5693510955628,77553,1114,1689,19647,
269.5695669970399,77552,1115,1689,19647,
269.5701409636901,77551,1116,1689,19647,
269.57233080604294,77551,1115,1690,19647,
269.572613805612,77551,1115,1689,19648,
269.5763075371824,77551,1114,1690,19648,
269.57777214743743,77551,1114,1689,19649,
269.5778290702884,77551,1113,1690,19649,
269.5781248235408,77551,1113,1689,19650,
269.57857278349746,77551,1112,1690,19650,
269.58056246814243,77551,1111,1691,19650,
269.58471762007633,77551,1111,1690,19651,
269.5892144481778,77551,1110,1691,19651,
269.59143058409546,77551,1110,1690,19652,
269.5940324138832,77551,1110,1689,19653,
269.59572178007,77550,1111,1689,19653,
269.5974910418758,77550,1111,1688,19654,
269.600065171645,77550,1110,1689,19654,
269.60150735740217,77550,1109,1690,19654,
269.60170542619176,77549,1110,1690,19654,
269.6042202522741,77548,1111,1690,19654,
269.6047383379798,77548,1110,1691,19654,
269.60533490442515,77548,1109,1692,19654,
269.60786150838396,77548,1108,1693,19654,
269.6084232492401,77548,1108,1692,19655,
269.60888809516786,77548,1107,1693,19655,
269.61203846113506,77548,1106,1694,19655,
269.61505514931986,77547,1107,1694,19655,
269.6155053725231,77546,1108,1694,19655,
269.6159376421273,77546,1108,1693,19656,
269.61752448423465,77546,1107,1694,19656,
269.6236434683784,77546,1106,1695,19656,
269.6236795380583,77546,1105,1696,19656,
269.62484670636945,77545,1106,1696,19656,
269.62510619665545,77544,1107,1696,19656,
269.62551248158934,77544,1107,1695,19657,
269.6257111512983,77544,1106,1696,19657,
269.626123682582,77544,1105,1697,19657,
269.6268370074774,77544,1104,1698,19657,
269.62856293710723,77544,1104,1697,19658,
269.6290058582142,77544,1104,1696,19659,
269.6309523953404,77543,1105,1696,19659,
269.6355390309997,77542,1106,1696,19659,
269.6398074078005,77541,1107,1696,19659,
269.64118460097774,77541,1107,1695,19660,
269.64288754816585,77541,1106,1696,19660,
269.6455003051803,77541,1105,1697,19660,
269.646211410239,77540,1106,1697,19660,
269.648992653165,77539,1107,1697,19660,
269.64930584579355,77538,1108,1697,19660,
269.650210457573,77537,1109,1697,19660,
269.65200317741477,77536,1110,1697,19660,
269.65480503282043,77535,1111,1697,19660,
269.6573073011339,77535,1111,1696,19661,
269.6578028869471,77535,1111,1695,19662,
269.65881448821904,77535,1111,1694,19663,
269.6616161921927,77535,1111,1693,19664,
269.66362759459764,77534,1112,1693,19664,
269.6722345265727,77534,1111,1694,19664,
269.676941251586,77533,1112,1694,19664,
269.67813886391855,77532,1113,1694,19664,
269.678885480916,77532,1113,1693,19665,
269.6789149206793,77531,1114,1693,19665,
269.683409576805,77531,1113,1694,19665,
269.68377286081426,77531,1113,1693,19666,
269.68510121927153,77531,1113,1692,19667,
269.68513434432407,77531,1113,1691,19668,
269.68778842745104,77531,1112,1692,19668,
269.6878240526347,77531,1112,1691,19669,
269.6892840807476,77530,1113,1691,19669,
269.69141277033793,77530,1113,1690,19670,
269.6959138832852,77530,1112,1691,19670,
269.697756505714,77530,1111,1692,19670,
269.70073097724134,77530,1111,1691,19671,
269.7020104300337,77530,1111,1690,19672,
269.7022703519942,77530,1110,1691,19672,
269.7037091140813,77530,1109,1692,19672,
269.70474327169006,77529,1110,1692,19672,
269.70798560462976,77528,1111,1692,19672,
269.70984436995354,77528,1111,1691,19673,
269.71123751691806,77528,1111,1690,19674,
269.71221050100775,77528,1111,1689,19675,
269.7143301002529,77528,1110,1690,19675,
269.7163708226926,77528,1109,1691,19675,
269.7173586598218,77528,1109,1690,19676,
269.7194920423487,77528,1109,1689,19677,
269.72103919570037,77527,1110,1689,19677,
269.7211804109106,77527,1110,1688,19678,
269.72301708651247,77527,1109,1689,19678,
269.72588431523315,77527,1109,1688,19679,
269.7267161206223,77527,1108,1689,19679,
269.7279826308172,77526,1109,1689,19679,
269.72949786776644,77526,1109,1688,19680,
269.72997396110077,77526,1109,1687,19681,
269.73053336469513,77525,1110,1687,19681,
269.7307277565034,77525,1109,1688,19681,
269.7307428826481,77524,1110,1688,19681,
269.7338526421876,77523,1111,1688,19681,
269.73743111473726,77523,1110,1689,19681,
269.7381046622397,77523,1109,1690,19681,
269.7403612346562,77522,1110,1690,19681,
269.7423566330111,77522,1109,1691,19681,
269.74277605436373,77522,1109,1690,19682,
269.7457380790713,77522,1108,1691,19682,
269.7463304855173,77522,1107,1692,19682,
269.75305988737756,77521,1108,1692,19682,
269.7548668264391,77521,1107,1693,19682,
269.75501791645115,77521,1106,1694,19682,
269.76031364229993,77521,1106,1693,19683,
269.7604818677788,77520,1107,1693,19683,
269.7614137442067,77520,1107,1692,19684,
269.76742491742806,77520,1106,1693,19684,
269.77127475947697,77520,1106,1692,19685,
269.77472630522715,77519,1107,1692,19685,
269.77812992489635,77519,1107,1691,19686,
269.78045269728636,77519,1107,1690,19687,
269.7810251592898,77519,1107,1689,19688,
269.78416701455455,77519,1106,1690,19688,
269.78432551311073,77518,1107,1690,19688,
269.78644735047294,77518,1107,1689,19689,
269.7866592604179,77517,1108,1689,19689,
269.78681612461173,77517,1107,1690,19689,
269.7969288579546,77516,1108,1690,19689,
269.7976316978554,77516,1108,1689,19690,
269.8010606274485,77515,1109,1689,19690,
269.80115961569624,77515,1108,1690,19690,
269.8019189688796,77515,1107,1691,19690,
269.8054978927206,77515,1106,1692,19690,
269.8069931295668,77515,1105,1693,19690,
269.80815404556074,77514,1106,1693,19690,
269.80889039902866,77514,1105,1694,19690,
269.81095825526154,77514,1105,1693,19691,
269.811528730867,77514,1105,1692,19692,
269.8136579969375,77514,1104,1693,19692,
269.8148438035002,77514,1104,1692,19693,
269.81655773241306,77514,1104,1691,19694,
269.8168770622652,77514,1104,1690,19695,
269.81810189276865,77514,1103,1691,19695,
269.8238335886201,77513,1104,1691,19695,
269.82464800115366,77513,1103,1692,19695,
269.82480540052904,77512,1104,1692,19695,
269.8259509311481,77512,1104,1691,19696,
269.8303156963804,77511,1105,1691,19696,
269.831258109774,77511,1105,1690,19697,
269.83186381760333,77510,1106,1690,19697,
269.8336723907593,77509,1107,1690,19697,
269.8337935511049,77508,1108,1690,19697,
269.8341591792003,77508,1107,1691,19697,
269.8344677234486,77507,1108,1691,19697,
269.8347950485242,77507,1108,1690,19698,
269.8352514286777,77506,1109,1690,19698,
269.83561576142614,77505,1110,1690,19698,
269.83674136085733,77504,1111,1690,19698,
269.8373173653006,77504,1111,1689,19699,
269.8385977547169,77503,1112,1689,19699,
269.83921998310046,77502,1113,1689,19699,
269.83972129024374,77502,1113,1688,19700,
269.8427681455191,77502,1113,1687,19701,
269.84449782213085,77501,1114,1687,19701,
269.8456215467801,77501,1113,1688,19701,
269.8478238444705,77501,1112,1689,19701,
269.848389550496,77501,1111,1690,19701,
269.8505826083049,77501,1111,1689,19702,
269.8519236023673,77501,1111,1688,19703,
269.8521019203424,77500,1112,1688,19703,
269.85279734882056,77500,1112,1687,19704,
269.8528597878651,77500,1111,1688,19704,
269.8571304199183,77500,1111,1687,19705,
269.86067323691816,77500,1111,1686,19706,
269.8609817178878,77500,1110,1687,19706,
269.8642545471638,77499,1111,1687,19706,
269.8650878302972,77499,1110,1688,19706,
269.8666491602873,77499,1109,1689,19706,
269.87067242768336,77499,1109,1688,19707,
269.8750703924876,77499,1108,1689,19707,
269.87987329864467,77499,1108,1688,19708,
269.88193352910093,77499,1107,1689,19708,
269.8825215803251,77499,1106,1690,19708,
269.885351468349,77498,1107,1690,19708,
269.88692292266217,77498,1107,1689,19709,
269.8871809352812,77497,1108,1689,19709,
269.8880625600501,77496,1109,1689,19709,
269.89030037676525,77496,1108,1690,19709,
269.89041709492574,77496,1108,1689,19710,
269.8928896751058,77495,1109,1689,19710,
269.895177642813,77495,1109,1688,19711,
269.8978069057854,77495,1109,1687,19712,
269.8994048662506,77495,1109,1686,19713,
269.8995413371817,77494,1110,1686,19713,
269.9029681814488,77493,1111,1686,19713,
269.90430686490953,77492,1112,1686,19713,
269.9053821735817,77492,1112,1685,19714,
269.9062649897429,77491,1113,1685,19714,
269.90710801765306,77491,1112,1686,19714,
269.90761136694454,77491,1112,1685,19715,
269.9080818029333,77491,1111,1686,19715,
269.9084884327651,77490,1112,1686,19715,
269.90891222135133,77489,1113,1686,19715,
269.90961592246174,77489,1112,1687,19715,
269.9168037937873,77488,1113,1687,19715,
269.917246669974,77488,1113,1686,19716,
269.92121975832947,77487,1114,1686,19716,
269.9218228534842,77487,1113,1687,19716,
269.9233690189371,77486,1114,1687,19716,
269.9245453822205,77486,1113,1688,19716,
269.92788374087297,77486,1112,1689,19716,
269.92919488327465,77485,1113,1689,19716,
269.92934931380194,77485,1112,1690,19716,
269.929635709967,77485,1111,1691,19716,
269.93260891611027,77485,1110,1692,19716,
269.93297895664284,77485,1109,1693,19716,
269.93386301789656,77484,1110,1693,19716,
269.93757598730787,77483,1111,1693,19716,
269.9379259418104,77483,1110,1694,19716,
269.9394680450941,77483,1110,1693,19717,
269.9395128908082,77483,1110,1692,19718,
269.94058525020665,77483,1110,1691,19719,
269.94139330065457,77483,1109,1692,19719,
269.9420594144658,77483,1108,1693,19719,
269.9429512247945,77483,1108,1692,19720,
269.9438574041137,77482,1109,1692,19720,
269.94745184696774,77481,1110,1692,19720,
269.94853367499286,77480,1111,1692,19720,
269.94954848609666,77480,1111,1691,19721,
269.94990735787513,77480,1110,1692,19721,
269.9576318395256,77479,1111,1692,19721,
269.96257585828914,77479,1111,1691,19722,
269.96329405147003,77478,1112,1691,19722,
269.965000726146,77478,1112,1690,19723,
269.9652030397469,77478,1112,1689,19724,
269.9684092451729,77478,1111,1690,19724,
269.9692413319131,77477,1112,1690,19724,
269.9708956805478,77477,1112,1689,19725,
269.97207746853775,77477,1111,1690,19725,
269.97366596281717,77476,1112,1690,19725,
269.974105720658,77476,1112,1689,19726,
269.9743993115964,77475,1113,1689,19726,
269.97620685828645,77475,1112,1690,19726,
269.9802665593378,77475,1112,1689,19727,
269.9817628031897,77475,1112,1688,19728,
269.9824326072717,77475,1112,1687,19729,
269.9853263929824,77475,1112,1686,19730,
269.9877310302481,77475,1111,1687,19730,
269.98886425985046,77475,1110,1688,19730,
269.98952692324934,77475,1110,1687,19731,
269.9940732763055,77475,1109,1688,19731,
269.9969371816803,77475,1109,1687,19732,
270.0006528772842,77475,1109,1686,19733,
270.00127088674265,77475,1109,1685,19734,
270.0024748253291,77475,1109,1684,19735,
270.002945904218,77475,1109,1683,19736,
270.0031915005654,77475,1108,1684,19736,
270.00342676059006,77475,1107,1685,19736,
270.00581387180716,77475,1106,1686,19736,
270.00621958387944,77475,1106,1685,19737,
270.00625938876897,77475,1106,1684,19738,
270.0072618845313,77475,1106,1683,19739,
270.00833643799075,77475,1105,1684,19739,
270.01217598709525,77475,1104,1685,19739,
270.01219376315316,77475,1104,1684,19740,
270.01258031928216,77474,1105,1684,19740,
270.01889485342684,77474,1104,1685,19740,
270.02000790667523,77474,1103,1686,19740,
270.0214104984014,77474,1102,1687,19740,
270.02264395503744,77474,1102,1686,19741,
270.02276184168716,77473,1103,1686,19741,
270.0250004402102,77472,1104,1686,19741,
270.0253690940929,77471,1105,1686,19741,
270.02701579189335,77471,1105,1685,19742,
270.028517153783,77471,1105,1684,19743,
270.03213970488036,77471,1105,1683,19744,
270.032688396652,77471,1104,1684,19744,
270.0358844025006,77471,1103,1685,19744,
270.0367867105773,77471,1103,1684,19745,
270.03790539713543,77470,1104,1684,19745,
270.0379388033528,77469,1105,1684,19745,
270.04186820661494,77469,1105,1683,19746,
270.043203500644,77468,1106,1683,19746,
270.0444253266097,77467,1107,1683,19746,
270.0466670154411,77467,1106,1684,19746,
270.04685198286205,77467,1106,1683,19747,
270.04889559520427,77467,1105,1684,19747,
270.0529537435424,77466,1106,1684,19747,
270.054571271221,77466,1106,1683,19748,
270.05984974135697,77466,1105,1684,19748,
270.0602271528638,77466,1105,1683,19749,
270.0604931380049,77466,1104,1684,19749,
270.0606096826812,77466,1104,1683,19750,
270.0619879213731,77466,1103,1684,19750,
270.0632214083008,77465,1104,1684,19750,
270.06691557782347,77464,1105,1684,19750,
270.07138861697825,77463,1106,1684,19750,
270.0730976176386,77463,1105,1685,19750,
270.0739012582632,77463,1104,1686,19750,
270.07907537561215,77463,1104,1685,19751,
270.0839463850072,77463,1104,1684,19752,
270.0856689218212,77463,1103,1685,19752,
270.088404326386,77463,1103,1684,19753,
270.0889249804365,77462,1104,1684,19753,
270.0892781296534,77461,1105,1684,19753,
270.0896216070056,77461,1104,1685,19753,
270.0916161466925,77461,1104,1684,19754,
270.09329530152155,77460,1105,1684,19754,
270.09570869252036,77460,1104,1685,19754,
270.096754877447,77460,1103,1686,19754,
270.1002380898941,77459,1104,1686,19754,
270.10157391455556,77459,1103,1687,19754,
270.1032143431766,77459,1103,1686,19755,
270.1055443607761,77459,1102,1687,19755,
270.10718736991913,77459,1102,1686,19756,
270.1079559197011,77458,1103,1686,19756,
270.1080557687706,77457,1104,1686,19756,
270.109105171287,77457,1103,1687,19756,
270.112432687811,77457,1102,1688,19756,
270.1125435466647,77456,1103,1688,19756,
270.1141444011581,77455,1104,1688,19756,
270.1177099677468,77454,1105,1688,19756,
270.11798234924316,77454,1105,1687,19757,
270.11801883855543,77453,1106,1687,19757,
270.1217090794202,77453,1106,1686,19758,
270.12219536294504,77453,1105,1687,19758,
270.1228088326656,77453,1104,1688,19758,
270.1237217553764,77453,1104,1687,19759,
270.12378966239373,77453,1104,1686,19760,
270.1272907770423,77452,1105,1686,19760,
270.1275813381936,77452,1104,1687,19760,
270.12995437858694,77452,1103,1688,19760,
270.1307366503458,77451,1104,1688,19760,
270.13328906722757,77451,1103,1689,19760,
270.1354316211138,77450,1104,1689,19760,
270.13636700402316,77450,1103,1690,19760,
270.1376420354337,77450,1102,1691,19760,
270.1377116393049,77450,1102,1690,19761,
270.1385358851945,77450,1101,1691,19761,
270.14385155424947,77449,1102,1691,19761,
270.143899905628,77448,1103,1691,19761,
270.14395355872966,77448,1102,1692,19761,
270.1442055018651,77448,1101,1693,19761,
270.14462356316534,77448,1101,1692,19762,
270.146150588291,77448,1101,1691,19763,
270.1544245772357,77448,1100,1692,19763,
270.1549295849889,77447,1101,1692,19763,
270.1604023524696,77447,1100,1693,19763,
270.1614521495811,77447,1100,1692,19764,
270.1638397419393,77446,1101,1692,19764,
270.1650022818411,77446,1100,1693,19764,
270.16557246962765,77445,1101,1693,19764,
270.1658827837045,77445,1100,1694,19764,
270.16811189489556,77444,1101,1694,19764,
270.1682348025003,77444,1100,1695,19764,
270.1686074975023,77444,1099,1696,19764,
270.1727028137987,77443,1100,1696,19764,
270.1731175426976,77443,1099,1697,19764,
270.17454739965154,77443,1098,1698,19764,
270.17624582056317,77442,1099,1698,19764,
270.1784407143207,77442,1098,1699,19764,
270.17967865122677,77442,1098,1698,19765,
270.18202001497605,77442,1098,1697,19766,
270.1822951104194,77441,1099,1697,19766,
270.18295525580487,77441,1098,1698,19766,
270.1836087458848,77440,1099,1698,19766,
270.1843014443316,77440,1098,1699,19766,
270.1855765499588,77439,1099,1699,19766,
270.18751999272155,77439,1099,1698,19767,
270.18752028416645,77439,1099,1697,19768,
270.18881419969244,77439,1099,1696,19769,
270.19102549819905,77439,1098,1697,19769,
270.1936145620784,77439,1097,1698,19769,
270.1944821038187,77439,1097,1697,19770,
270.1950452338118,77439,1097,1696,19771,
270.19652313387326,77439,1097,1695,19772,
270.19678082838124,77439,1097,1694,19773,
270.19950839351094,77439,1097,1693,19774,
270.2043619728683,77439,1096,1694,19774,
270.2059913057244,77438,1097,1694,19774,
270.20644189341056,77437,1098,1694,19774,
270.2066246722591,77437,1098,1693,19775,
270.20696366703453,77437,1098,1692,19776,
270.20963754387446,77437,1098,1691,19777,
270.2114418513635,77437,1097,1692,19777,
270.2119252297071,77437,1096,1693,19777,
270.2140568450624,77436,1097,1693,19777,
270.21675831626914,77436,1096,1694,19777,
270.2180181207663,77436,1096,1693,19778,
270.22009305969004,77436,1095,1694,19778,
270.22660119354606,77435,1096,1694,19778,
270.22731947666915,77435,1095,1695,19778,
270.2294735346508,77435,1095,1694,19779,
270.2306825302786,77435,1094,1695,19779,
270.23233046952936,77435,1094,1694,19780,
270.23240823949254,77434,1095,1694,19780,
270.2327761612468,77434,1095,1693,19781,
270.233826644823,77434,1095,1692,19782,
270.2393189933752,77433,1096,1692,19782,
270.23983605783445,77433,1095,1693,19782,
270.24206363492556,77433,1095,1692,19783,
270.2423843116351,77433,1094,1693,19783,
270.2426101252677,77433,1093,1694,19783,
270.2467334015769,77433,1092,1695,19783,
270.2474777032231,77433,1091,1696,19783,
270.24878334045195,77433,1091,1695,19784,
270.2508178793384,77433,1091,1694,19785,
270.2516796127778,77433,1091,1693,19786,
270.25180469410316,77433,1091,1692,19787,
270.25380524079327,77433,1091,1691,19788,
270.2557073626461,77433,1090,1692,19788,
270.2563827400868,77433,1090,1691,19789,
270.25808907952774,77433,1090,1690,19790,
270.2585836894086,77432,1091,1690,19790,
270.2595677391821,77431,1092,1690,19790,
270.2623897566387,77430,1093,1690,19790,
270.26341107991897,77430,1092,1691,19790,
270.2646401858718,77429,1093,1691,19790,
270.26659962064264,77428,1094,1691,19790,
270.26755349344046,77428,1094,1690,19791,
270.26856031152175,77428,1094,1689,19792,
270.26880833428106,77428,1094,1688,19793,
270.2718965216077,77428,1094,1687,19794,
270.2722147789556,77427,1095,1687,19794,
270.2724892557207,77427,1095,1686,19795,
270.2726598152567,77426,1096,1686,19795,
270.27339194930255,77426,1095,1687,19795,
270.273745885787,77426,1095,1686,19796,
270.2738038977586,77425,1096,1686,19796,
270.27726724141405,77425,1096,1685,19797,
270.27809458365164,77424,1097,1685,19797,
270.2793379384183,77424,1097,1684,19798,
270.28047862866356,77423,1098,1684,19798,
270.2809859760686,77423,1098,1683,19799,
270.28445707715343,77423,1098,1682,19800,
270.28624399647407,77423,1097,1683,19800,
270.2874365698304,77423,1096,1684,19800,
270.28796686350324,77423,1096,1683,19801,
270.28962097934516,77422,1097,1683,19801,
270.29179295120935,77422,1096,1684,19801,
270.2943360276085,77421,1097,1684,19801,
270.2954310707872,77421,1097,1683,19802,
270.2958841698325,77421,1096,1684,19802,
270.29601449180916,77421,1096,1683,19803,
270.29636938623923,77421,1096,1682,19804,
270.29991481211533,77421,1096,1681,19805,
270.30005307125555,77420,1097,1681,19805,
270.30215187357885,77420,1097,1680,19806,
270.3061170914912,77420,1097,1679,19807,
270.3129305502146,77419,1098,1679,19807,
270.3146629213868,77418,1099,1679,19807,
270.3160269782724,77418,1098,1680,19807,
270.31674405180786,77418,1097,1681,19807,
270.31706157835174,77418,1096,1682,19807,
270.3171272777705,77418,1096,1681,19808,
270.3182972174111,77418,1095,1682,19808,
270.32146866203374,77418,1094,1683,19808,
270.32548050768924,77418,1094,1682,19809,
270.326500588178,77417,1095,1682,19809,
270.3266839956131,77417,1094,1683,19809,
270.327646272593,77416,1095,1683,19809,
270.3278878835365,77415,1096,1683,19809,
270.3310288898164,77415,1096,1682,19810,
270.3319711229741,77414,1097,1682,19810,
270.33595954186495,77414,1096,1683,19810,
270.34091541756857,77414,1096,1682,19811,
270.34202702852303,77414,1095,1683,19811,
270.34214209587924,77414,1095,1682,19812,
270.3423015455259,77413,1096,1682,19812,
270.3443895692297,77413,1095,1683,19812,
270.34509720228095,77412,1096,1683,19812,
270.34555400088516,77412,1095,1684,19812,
270.34557160587985,77412,1094,1685,19812,
270.3458181326675,77412,1093,1686,19812,
270.34598124443306,77412,1093,1685,19813,
270.34732048449,77412,1093,1684,19814,
270.34777721604786,77412,1093,1683,19815,
270.34801664326983,77412,1093,1682,19816,
270.34897148511834,77412,1092,1683,19816,
270.3498664791735,77411,1093,1683,19816,
270.3507706539421,77410,1094,1683,19816,
270.35137403214037,77409,1095,1683,19816,
270.35155754271443,77409,1094,1684,19816,
270.351679969099,77409,1093,1685,19816,
270.3530486771167,77409,1093,1684,19817,
270.35328319063467,77408,1094,1684,19817,
270.35453636064017,77407,1095,1684,19817,
270.3560655731695,77407,1095,1683,19818,
270.35694609574506,77407,1094,1684,19818,
270.3573555878817,77407,1093,1685,19818,
270.361802479823,77407,1093,1684,19819,
270.36186840604273,77407,1093,1683,19820,
270.36309041371226,77406,1094,1683,19820,
270.3631498796756,77405,1095,1683,19820,
270.3639903058788,77405,1094,1684,19820,
270.3650157412789,77404,1095,1684,19820,
270.36547669827354,77404,1095,1683,19821,
270.3693817765902,77403,1096,1683,19821,
270.3721666278913,77402,1097,1683,19821,
270.37276703454637,77402,1097,1682,19822,
270.37334522807447,77402,1096,1683,19822,
270.3764090546499,77402,1096,1682,19823,
270.3804189167669,77402,1095,1683,19823,
270.3809428500205,77402,1095,1682,19824,
270.3812404093103,77402,1095,1681,19825,
270.3819128361155,77402,1094,1682,19825,
270.3830537021285,77401,1095,1682,19825,
270.38531265422023,77401,1095,1681,19826,
270.38532170987344,77400,1096,1681,19826,
270.38692174243147,77399,1097,1681,19826,
270.3870321310264,77399,1097,1680,19827,
270.3877994442908,77399,1096,1681,19827,
270.3901954525845,77399,1096,1680,19828,
270.39122476950826,77399,1095,1681,19828,
270.391744031763,77399,1095,1680,19829,
270.39401716431377,77398,1096,1680,19829,
270.39457903684286,77397,1097,1680,19829,
270.39598302054605,77397,1096,1681,19829,
270.39625714879196,77397,1096,1680,19830,
270.3969013703353,77397,1095,1681,19830,
270.3971262417003,77397,1094,1682,19830,
270.3978133778116,77397,1094,1681,19831,
270.39853444956964,77396,1095,1681,19831,
270.4029463749783,77396,1095,1680,19832,
270.40696086409275,77396,1094,1681,19832,
270.4073517949791,77396,1093,1682,19832,
270.40818309399964,77396,1093,1681,19833,
270.4091069488747,77396,1093,1680,19834,
270.4096906344437,77396,1092,1681,19834,
270.41176118979445,77395,1093,1681,19834,
270.41285830931196,77395,1092,1682,19834,
270.412925217561,77395,1092,1681,19835,
270.41311843924115,77395,1091,1682,19835,
270.41746540057596,77395,1091,1681,19836,
270.42005181268047,77394,1092,1681,19836,
270.4205056865716,77394,1091,1682,19836,
270.4229605875105,77394,1090,1683,19836,
270.4272229643839,77393,1091,1683,19836,
270.4274676301236,77393,1091,1682,19837,
270.4281921750975,77392,1092,1682,19837,
270.42943245188076,77392,1092,1681,19838,
270.43141045083905,77392,1091,1682,19838,
270.4318701093084,77392,1090,1683,19838,
270.4332079251596,77392,1089,1684,19838,
270.4356102706348,77392,1089,1683,19839,
270.43877564390027,77392,1088,1684,19839,
270.4419654556913,77392,1087,1685,19839,
270.4421938154729,77392,1086,1686,19839,
270.44381374747354,77392,1086,1685,19840,
270.44462677936787,77392,1085,1686,19840,
270.4474461782832,77391,1086,1686,19840,
270.44861563990844,77390,1087,1686,19840,
270.44960648186577,77389,1088,1686,19840,
270.45433562825076,77389,1087,1687,19840,
270.45521927434623,77389,1086,1688,19840,
270.4561227385477,77388,1087,1688,19840,
270.4580674151438,77388,1086,1689,19840,
270.45809137127947,77387,1087,1689,19840,
270.45821278328856,77387,1087,1688,19841,
270.45927670923334,77386,1088,1688,19841,
270.4620335880339,77386,1088,1687,19842,
270.46545691877344,77385,1089,1687,19842,
270.4725866076225,77385,1088,1688,19842,
270.47706348084847,77385,1087,1689,19842,
270.47747101352815,77385,1087,1688,19843,
270.4796515068414,77384,1088,1688,19843,
270.4803244607179,77384,1088,1687,19844,
270.4821901312388,77383,1089,1687,19844,
270.48361435018865,77383,1089,1686,19845,
270.4844570728637,77382,1090,1686,19845,
270.48493552874953,77382,1089,1687,19845,
270.48595967764123,77382,1089,1686,19846,
270.48805084041675,77382,1089,1685,19847,
270.48934439780317,77382,1088,1686,19847,
270.49235079014784,77381,1089,1686,19847,
270.4957494986741,77381,1088,1687,19847,
270.49747970326325,77381,1087,1688,19847,
270.497669593978,77381,1087,1687,19848,
270.49819603990113,77381,1086,1688,19848,
270.49843166818323,77381,1085,1689,19848,
270.49973646582924,77380,1086,1689,19848,
270.50104867833926,77380,1086,1688,19849,
270.5023233592142,77379,1087,1688,19849,
270.507776510471,77379,1087,1687,19850,
270.50845748595094,77379,1086,1688,19850,
270.508493327318,77379,1086,1687,19851,
270.50877820340287,77378,1087,1687,19851,
270.51105530265556,77377,1088,1687,19851,
270.51436311867064,77377,1087,1688,19851,
270.5196102500204,77376,1088,1688,19851,
270.5210793256809,77375,1089,1688,19851,
270.52189739968617,77375,1088,1689,19851,
270.5221169478115,77374,1089,1689,19851,
270.52512437365976,77373,1090,1689,19851,
270.52665363220706,77372,1091,1689,19851,
270.52993963633526,77372,1090,1690,19851,
270.53138843044513,77372,1090,1689,19852,
270.53202471597706,77372,1090,1688,19853,
270.532615244561,77372,1090,1687,19854,
270.53330323487023,77372,1090,1686,19855,
270.53407469444994,77372,1089,1687,19855,
270.53515324695235,77372,1089,1686,19856,
270.5364952316152,77372,1089,1685,19857,
270.5380431235152,77372,1088,1686,19857,
270.53861282978,77372,1088,1685,19858,
270.5391665408456,77372,1088,1684,19859,
270.5416659807671,77372,1088,1683,19860,
270.5422010564378,77372,1087,1684,19860,
270.5426515825571,77372,1086,1685,19860,
270.54278701147695,77371,1087,1685,19860,
270.5450739409849,77371,1087,1684,19861,
270.5464622166079,77370,1088,1684,19861,
270.5481838117451,77370,1088,1683,19862,
270.54905950664795,77370,1088,1682,19863,
270.55038365493544,77369,1089,1682,19863,
270.5508452063024,77368,1090,1682,19863,
270.5556437515511,77368,1090,1681,19864,
270.55733644699126,77367,1091,1681,19864,
270.55802891141104,77367,1090,1682,19864,
270.5588540210337,77367,1089,1683,19864,
270.560520907434,77367,1088,1684,19864,
270.5610356966598,77366,1089,1684,19864,
270.5610737818431,77365,1090,1684,19864,
270.5613021539439,77365,1089,1685,19864,
270.5644174590128,77365,1088,1686,19864,
270.5647420728746,77365,1087,1687,19864,
270.56528765207514,77365,1087,1686,19865,
270.5671107303055,77364,1088,1686,19865,
270.56787068769705,77364,1087,1687,19865,
270.5724182916195,77363,1088,1687,19865,
270.573139089182,77362,1089,1687,19865,
270.57327583700385,77362,1089,1686,19866,
270.5789730781206,77361,1090,1686,19866,
270.5792100374246,77361,1090,1685,19867,
270.57925656596586,77361,1089,1686,19867,
270.58027547951815,77361,1089,1685,19868,
270.58380722515864,77361,1089,1684,19869,
270.5838814223594,77361,1088,1685,19869,
270.5852026050693,77361,1088,1684,19870,
270.58529959130425,77360,1089,1684,19870,
270.59068441129534,77359,1090,1684,19870,
270.5920402561415,77359,1089,1685,19870,
270.5934785376092,77358,1090,1685,19870,
270.6002883995052,77358,1089,1686,19870,
270.6021538173172,77358,1089,1685,19871,
270.60248262342935,77358,1088,1686,19871,
270.6076929418298,77358,1087,1687,19871,
270.60819716988914,77358,1087,1686,19872,
270.6121847534231,77357,1088,1686,19872,
270.61268921985373,77357,1087,1687,19872,
270.61419583527646,77356,1088,1687,19872,
270.6237270505015,77355,1089,1687,19872,
270.6249358044997,77355,1088,1688,19872,
270.6255529071356,77355,1088,1687,19873,
270.6263534165325,77354,1089,1687,19873,
270.62638966000543,77354,1089,1686,19874,
270.6280167218666,77354,1088,1687,19874,
270.6284678865808,77354,1087,1688,19874,
270.63008685139636,77354,1087,1687,19875,
270.6314267554144,77354,1086,1688,19875,
270.6345934985843,77353,1087,1688,19875,
270.6346158772247,77353,1086,1689,19875,
270.6388268313225,77353,1086,1688,19876,
270.63964749781644,77353,1085,1689,19876,
270.6402971363224,77353,1084,1690,19876,
270.64074977234037,77352,1085,1690,19876,
270.64187218504236,77352,1085,1689,19877,
270.6431551737135,77351,1086,1689,19877,
270.645658349987,77351,1086,1688,19878,
270.64695021216,77350,1087,1688,19878,
270.6488902200605,77350,1087,1687,19879,
270.64985835715066,77350,1086,1688,19879,
270.64999011499293,77349,1087,1688,19879,
270.6502100706542,77348,1088,1688,19879,
270.6512318382068,77347,1089,1688,19879,
270.6515391745522,77347,1088,1689,19879,
270.6522635688564,77346,1089,1689,19879,
270.6524214653905,77346,1088,1690,19879,
270.6535043673117,77345,1089,1690,19879,
270.6539465338088,77345,1089,1689,19880,
270.65413671958737,77344,1090,1689,19880,
270.6546387357477,77344,1090,1688,19881,
270.66152320813285,77343,1091,1688,19881,
270.66236295409396,77343,1091,1687,19882,
270.66278228128317,77343,1090,1688,19882,
270.6639294228317,77343,1090,1687,19883,
270.6666547521895,77342,1091,1687,19883,
270.6668666729006,77342,1090,1688,19883,
270.6699106322282,77341,1091,1688,19883,
270.6714304115355,77340,1092,1688,19883,
270.67151714229635,77340,1092,1687,19884,
270.67406548749256,77339,1093,1687,19884,
270.6769896189822,77339,1093,1686,19885,
270.679227581507,77338,1094,1686,19885,
270.68023589694167,77338,1094,1685,19886,
270.6811582415943,77337,1095,1685,19886,
270.68125648516724,77337,1095,1684,19887,
270.6849100438537,77337,1094,1685,19887,
270.6854565514742,77337,1093,1686,19887,
270.68575591633186,77337,1093,1685,19888,
270.68663218875076,77336,1094,1685,19888,
270.68967240450024,77335,1095,1685,19888,
270.6909845112639,77334,1096,1685,19888,
270.69156531226383,77334,1095,1686,19888,
270.69213584685815,77334,1095,1685,19889,
270.69299608518,77333,1096,1685,19889,
270.6939057227983,77333,1096,1684,19890,
270.6941473886204,77333,1095,1685,19890,
270.69618633707466,77333,1095,1684,19891,
270.69788957295253,77333,1094,1685,19891,
270.6992344647404,77333,1094,1684,19892,
270.7000185161824,77332,1095,1684,19892,
270.7013998230408,77332,1094,1685,19892,
270.70339960444545,77332,1093,1686,19892,
270.7038430530338,77331,1094,1686,19892,
270.70467564215295,77330,1095,1686,19892,
270.70724409542686,77329,1096,1686,19892,
270.70948396507765,77329,1095,1687,19892,
270.7096497622227,77329,1094,1688,19892,
270.7115646227579,77328,1095,1688,19892,
270.7131811270345,77328,1095,1687,19893,
270.71339424459796,77328,1095,1686,19894,
270.7148983945757,77328,1095,1685,19895,
270.72194936912365,77327,1096,1685,19895,
270.72772638646353,77327,1096,1684,19896,
270.7302214179268,77327,1095,1685,19896,
270.73041893923164,77327,1094,1686,19896,
270.7315947656626,77327,1093,1687,19896,
270.73279424256236,77326,1094,1687,19896,
270.73496021737856,77326,1093,1688,19896,
270.73729805633104,77326,1093,1687,19897,
270.7379348165641,77326,1093,1686,19898,
270.7414844067821,77326,1092,1687,19898,
270.7418003225998,77325,1093,1687,19898,
270.7421717652665,77324,1094,1687,19898,
270.74307104120624,77324,1093,1688,19898,
270.747422650465,77324,1092,1689,19898,
270.74750114536073,77324,1092,1688,19899,
270.74946672782664,77324,1092,1687,19900,
270.75093493654924,77323,1093,1687,19900,
270.7521912556978,77323,1092,1688,19900,
270.75290883118254,77323,1092,1687,19901,
270.7562146174581,77323,1092,1686,19902,
270.75823983962255,77322,1093,1686,19902,
270.7583435863722,77322,1093,1685,19903,
270.75935568784513,77321,1094,1685,19903,
270.75937720982773,77320,1095,1685,19903,
270.7634998435617,77320,1094,1686,19903,
270.763681208067,77319,1095,1686,19903,
270.76438615503156,77319,1095,1685,19904,
270.76862729290673,77318,1096,1685,19904,
270.7693389392475,77317,1097,1685,19904,
270.7749078604147,77317,1097,1684,19905,
270.7772877328055,77317,1097,1683,19906,
270.77793161406674,77317,1097,1682,19907,
270.7781601635762,77317,1096,1683,19907,
270.7814342539636,77316,1097,1683,19907,
270.782622848184,77315,1098,1683,19907,
270.7835264586553,77315,1097,1684,19907,
270.7856204289196,77314,1098,1684,19907,
270.78630070201143,77314,1097,1685,19907,
270.78659820049694,77314,1096,1686,19907,
270.78683626640986,77314,1096,1685,19908,
270.7872806799051,77313,1097,1685,19908,
270.78879118081363,77313,1097,1684,19909,
270.78975991083234,77312,1098,1684,19909,
270.79059247263007,77311,1099,1684,19909,
270.7922627493052,77311,1098,1685,19909,
270.793935862226,77311,1098,1684,19910,
270.7958052845351,77310,1099,1684,19910,
270.795880891484,77310,1098,1685,19910,
270.7971417061549,77310,1098,1684,19911,
270.79759922317095,77309,1099,1684,19911,
270.797668566065,77309,1098,1685,19911,
270.7989055358369,77309,1097,1686,19911,
270.79967149236,77309,1096,1687,19911,
270.8031478211102,77309,1096,1686,19912,
270.803690677599,77309,1096,1685,19913,
270.80401946919994,77308,1097,1685,19913,
270.80519697935216,77308,1096,1686,19913,
270.8054352129075,77308,1095,1687,19913,
270.80850029137935,77308,1095,1686,19914,
270.80893936426327,77308,1094,1687,19914,
270.81102407219197,77308,1093,1688,19914,
270.8120263444158,77308,1092,1689,19914,
270.81447248552786,77307,1093,1689,19914,
270.81600550164904,77306,1094,1689,19914,
270.81676237221626,77306,1094,1688,19915,
270.81748394114527,77306,1094,1687,19916,
270.819286127095,77306,1094,1686,19917,
270.8196213090448,77305,1095,1686,19917,
270.82059419161027,77305,1094,1687,19917,
270.8224888339855,77305,1093,1688,19917,
270.8229992378507,77305,1092,1689,19917,
270.8244405565049,77305,1092,1688,19918,
270.8319542403321,77304,1093,1688,19918,
270.83301432168156,77304,1093,1687,19919,
270.8354515196142,77303,1094,1687,19919,
270.83555410185846,77303,1093,1688,19919,
270.8369861782729,77302,1094,1688,19919,
270.83912738152134,77302,1094,1687,19920,
270.83978177577814,77302,1094,1686,19921,
270.8402979242917,77302,1093,1687,19921,
270.84106186738643,77302,1092,1688,19921,
270.84119822725404,77302,1092,1687,19922,
270.84272540539325,77301,1093,1687,19922,
270.8462006110575,77301,1092,1688,19922,
270.8484702546663,77300,1093,1688,19922,
270.84853191772277,77299,1094,1688,19922,
270.8494629067315,77298,1095,1688,19922,
270.84959996397345,77298,1095,1687,19923,
270.8517636579163,77297,1096,1687,19923,
270.8526449504546,77297,1095,1688,19923,
270.85403056400344,77297,1094,1689,19923,
270.8561990991538,77297,1094,1688,19924,
270.85863802208115,77297,1093,1689,19924,
270.859968145336,77296,1094,1689,19924,
270.8615657888779,77295,1095,1689,19924,
270.86209835916725,77295,1095,1688,19925,
270.86215681381213,77295,1095,1687,19926,
270.8658296844525,77295,1094,1688,19926,
270.86746939337667,77295,1093,1689,19926,
270.8697108871748,77295,1092,1690,19926,
270.873837452808,77294,1093,1690,19926,
270.87554664742487,77294,1092,1691,19926,
270.87750370374357,77294,1091,1692,19926,
270.8794834011971,77294,1090,1693,19926,
270.88264459406224,77293,1091,1693,19926,
270.88568495502057,77292,1092,1693,19926,
270.8868176864282,77292,1091,1694,19926,
270.8877868624189,77292,1090,1695,19926,
270.89470385172046,77292,1090,1694,19927,
270.89530670673366,77292,1090,1693,19928,
270.8963238534497,77292,1089,1694,19928,
270.8974693887586,77291,1090,1694,19928,
270.8985469139603,77291,1089,1695,19928,
270.90150193582286,77291,1089,1694,19929,
270.90846587568126,77291,1089,1693,19930,
270.912559412217,77290,1090,1693,19930,
270.91504513547994,77290,1089,1694,19930,
270.917889731328,77290,1088,1695,19930,
270.9197856002112,77289,1089,1695,19930,
270.92276028213917,77289,1088,1696,19930,
270.9245187042309,77289,1087,1697,19930,
270.9280423093366,77289,1086,1698,19930,
270.92978304118174,77288,1087,1698,19930,
270.93005125271793,77288,1086,1699,19930,
270.93479995771685,77288,1086,1698,19931,
270.9352662869861,77288,1085,1699,19931,
270.9383679030047,77288,1085,1698,19932,
270.9391180806878,77288,1084,1699,19932,
270.93914881082213,77287,1085,1699,19932,
270.9428538409982,77287,1085,1698,19933,
270.94734566667853,77286,1086,1698,19933,
270.94762239932186,77286,1085,1699,19933,
270.94940967314665,77285,1086,1699,19933,
270.9497669108446,77285,1086,1698,19934,
270.9532820415742,77285,1085,1699,19934,
270.95716338543195,77285,1084,1700,19934,
270.9591395238249,77284,1085,1700,19934,
270.9616242173741,77283,1086,1700,19934,
270.9617525390846,77283,1085,1701,19934,
270.9633078043308,77283,1084,1702,19934,
270.96514987455174,77283,1083,1703,19934,
270.96544577040294,77283,1083,1702,19935,
270.967817733877,77283,1082,1703,19935,
270.9679106891155,77283,1082,1702,19936,
270.9686552003147,77283,1081,1703,19936,
270.9687807722378,77283,1080,1704,19936,
270.9688473669162,77283,1079,1705,19936,
270.96936952938194,77283,1078,1706,19936,
270.9695332499171,77283,1078,1705,19937,
270.9697934938386,77283,1077,1706,19937,
270.96992766427513,77283,1077,1705,19938,
270.96997195399376,77283,1077,1704,19939,
270.9706149184732,77282,1078,1704,19939,
270.97277566835635,77282,1077,1705,19939,
270.9787961262306,77282,1076,1706,19939,
270.98031564917716,77282,1075,1707,19939,
270.98324919718516,77281,1076,1707,19939,
270.9839215906133,77281,1075,1708,19939,
270.9854647859554,77281,1075,1707,19940,
270.9856053264003,77281,1074,1708,19940,
270.98593802402246,77281,1074,1707,19941,
270.9906527408628,77281,1074,1706,19942,
270.9918394025206,77281,1074,1705,19943,
270.9920628613118,77280,1075,1705,19943,
270.9923686253227,77280,1075,1704,19944,
270.99243129855654,77279,1076,1704,19944,
270.9932709195815,77279,1076,1703,19945,
270.99558193011916,77279,1075,1704,19945,
270.99818393209233,77279,1074,1705,19945,
270.99896382258396,77279,1073,1706,19945,
271.0004868709284,77279,1073,1705,19946,
271.0005613747962,77279,1072,1706,19946,
271.0013981575769,77279,1071,1707,19946,
271.00174324041893,77279,1070,1708,19946,
271.00174935518373,77278,1071,1708,19946,
271.00324263458054,77277,1072,1708,19946,
271.00512628807377,77276,1073,1708,19946,
271.0082945963618,77275,1074,1708,19946,
271.0083620207185,77275,1073,1709,19946,
271.00881264423464,77275,1072,1710,19946,
271.009206763498,77275,1071,1711,19946,
271.00990664947534,77275,1070,1712,19946,
271.0099596106798,77275,1069,1713,19946,
271.0130642406415,77274,1070,1713,19946,
271.01537386280063,77274,1069,1714,19946,
271.01571380779933,77274,1068,1715,19946,
271.0170586797894,77274,1067,1716,19946,
271.01851446601813,77273,1068,1716,19946,
271.01866320076994,77273,1068,1715,19947,
271.01882995796444,77272,1069,1715,19947,
271.0256531847789,77272,1068,1716,19947,
271.02584971105415,77272,1068,1715,19948,
271.02621697012825,77272,1067,1716,19948,
271.0291798121045,77272,1067,1715,19949,
271.0311225540342,77271,1068,1715,19949,
271.03164297564183,77271,1068,1714,19950,
271.03298587000046,77271,1067,1715,19950,
271.03322388983923,77270,1068,1715,19950,
271.03481383161545,77269,1069,1715,19950,
271.0378076947887,77268,1070,1715,19950,
271.0384321469352,77267,1071,1715,19950,
271.0384991147255,77266,1072,1715,19950,
271.03970735232144,77266,1072,1714,19951,
271.04027012020083,77265,1073,1714,19951,
271.04101615291637,77265,1072,1715,19951,
271.04339999468795,77265,1072,1714,19952,
271.0444399330868,77264,1073,1714,19952,
271.0451368027745,77264,1073,1713,19953,
271.0453366699999,77264,1073,1712,19954,
271.04682145574134,77264,1072,1713,19954,
271.0478956025302,77264,1072,1712,19955,
271.0480527502237,77263,1073,1712,19955,
271.0487623172019,77263,1073,1711,19956,
271.04891745967717,77262,1074,1711,19956,
271.0490821607073,77262,1074,1710,19957,
271.05558857920647,77262,1073,1711,19957,
271.0573639923039,77261,1074,1711,19957,
271.0576355525679,77261,1074,1710,19958,
271.06072362102714,77261,1074,1709,19959,
271.0631946007385,77260,1075,1709,19959,
271.0660240379447,77260,1074,1710,19959,
271.0660375800481,77260,1074,1709,19960,
271.06713455226367,77260,1073,1710,19960,
271.06714368003924,77260,1072,1711,19960,
271.0673750191836,77259,1073,1711,19960,
271.067815480194,77259,1072,1712,19960,
271.06945239001305,77259,1072,1711,19961,
271.07050192807617,77259,1071,1712,19961,
271.0719438265311,77259,1070,1713,19961,
271.07380839639404,77259,1069,1714,19961,
271.07439844031336,77259,1068,1715,19961,
271.07448824740004,77259,1068,1714,19962,
271.07454134167017,77259,1067,1715,19962,
271.0777516363813,77259,1067,1714,19963,
271.0810538645459,77259,1067,1713,19964,
271.0817363560469,77259,1066,1714,19964,
271.0822987783071,77259,1065,1715,19964,
271.08469416363914,77259,1064,1716,19964,
271.08484972812005,77259,1064,1715,19965,
271.0858440135338,77259,1064,1714,19966,
271.0870347533115,77259,1063,1715,19966,
271.0894303506527,77258,1064,1715,19966,
271.08970729437476,77258,1064,1714,19967,
271.0912680273359,77258,1063,1715,19967,
271.09619430548395,77258,1063,1714,19968,
271.0980514781632,77258,1062,1715,19968,
271.09854526117175,77257,1063,1715,19968,
271.10020933696717,77257,1063,1714,19969,
271.1039306460214,77257,1063,1713,19970,
271.10492098468194,77257,1062,1714,19970,
271.10559853720986,77257,1062,1713,19971,
271.1077711650484,77256,1063,1713,19971,
271.1095627494982,77255,1064,1713,19971,
271.1100707261388,77254,1065,1713,19971,
271.1121240605382,77254,1065,1712,19972,
271.1153438533194,77254,1065,1711,19973,
271.1188801905881,77253,1066,1711,19973,
271.11897283353875,77252,1067,1711,19973,
271.12042740303093,77252,1066,1712,19973,
271.1211927270907,77252,1066,1711,19974,
271.12163193066283,77251,1067,1711,19974,
271.12435513253047,77250,1068,1711,19974,
271.12481496374767,77250,1068,1710,19975,
271.1292837746211,77250,1067,1711,19975,
271.1297932352948,77250,1066,1712,19975,
271.1343492188622,77250,1066,1711,19976,
271.1360131770458,77250,1066,1710,19977,
271.1363545027689,77249,1067,1710,19977,
271.13740423299566,77248,1068,1710,19977,
271.13799751584145,77247,1069,1710,19977,
271.13916394998193,77247,1068,1711,19977,
271.13947143053474,77246,1069,1711,19977,
271.13966263416745,77245,1070,1711,19977,
271.14064317370656,77245,1069,1712,19977,
271.1410011392986,77245,1069,1711,19978,
271.1432842303365,77244,1070,1711,19978,
271.1450669234876,77244,1070,1710,19979,
271.1467905993526,77244,1070,1709,19980,
271.1485201107202,77243,1071,1709,19980,
271.15001091147593,77243,1071,1708,19981,
271.15005074616965,77242,1072,1708,19981,
271.1512981904876,77242,1072,1707,19982,
271.15412639714566,77242,1071,1708,19982,
271.15491105121924,77242,1071,1707,19983,
271.1554506359141,77241,1072,1707,19983,
271.1601422731524,77240,1073,1707,19983,
271.1627271858935,77240,1073,1706,19984,
271.1632572728001,77239,1074,1706,19984,
271.1676327902444,77239,1074,1705,19985,
271.1677765469528,77239,1074,1704,19986,
271.16825335447476,77239,1074,1703,19987,
271.17017630368167,77238,1075,1703,19987,
271.17053034354166,77238,1074,1704,19987,
271.1751341870418,77238,1073,1705,19987,
271.1753166023609,77238,1073,1704,19988,
271.17692403139904,77237,1074,1704,19988,
271.1776408563117,77237,1073,1705,19988,
271.18165474815066,77237,1072,1706,19988,
271.18197052999307,77237,1072,1705,19989,
271.182471422543,77237,1071,1706,19989,
271.18292173618124,77237,1070,1707,19989,
271.1844072320961,77237,1070,1706,19990,
271.18530820546823,77237,1070,1705,19991,
271.1866815203265,77237,1070,1704,19992,
271.1893962733064,77236,1071,1704,19992,
271.18977921822625,77235,1072,1704,19992,
271.19509333223857,77235,1071,1705,19992,
271.19518216809246,77235,1071,1704,19993,
271.1956843515435,77235,1071,1703,19994,
271.19586061287373,77235,1070,1704,19994,
271.19799178833784,77235,1070,1703,19995,
271.2023775987842,77234,1071,1703,19995,
271.2039936533451,77234,1070,1704,19995,
271.20484780462164,77234,1070,1703,19996,
271.205167785363,77234,1069,1704,19996,
271.21544671543415,77234,1069,1703,19997,
271.216124318267,77233,1070,1703,19997,
271.21928903173347,77233,1070,1702,19998,
271.2197668188694,77233,1069,1703,19998,
271.2207908369214,77233,1069,1702,19999,
271.2238786100648,77233,1068,1703,19999,
271.23036179872685,77233,1067,1704,19999,
271.23067765747464,77233,1066,1705,19999,
271.23139286578487,77233,1065,1706,19999,
271.23368945261547,77232,1066,1706,19999,
271.23454217869005,77232,1065,1707,19999,
271.23589447356613,77231,1066,1707,19999,
271.23638344293926,77230,1067,1707,19999,
271.23812063239944,77229,1068,1707,19999,
271.2396859371928,77228,1069,1707,19999,
271.2463431959138,77228,1068,1708,19999,
271.24766151772917,77228,1067,1709,19999,
271.24825632851235,77228,1066,1710,19999,
271.24841928326794,77228,1065,1711,19999,
271.24890692291797,77228,1064,1712,19999,
271.2507985703635,77228,1064,1711,20000,
271.25169849399754,77227,1065,1711,20000,
271.25474980997734,77226,1066,1711,20000,
271.2565214654231,77226,1065,1712,20000,
271.2591418679799,77226,1065,1711,20001,
271.2601671390693,77226,1065,1710,20002,
271.26025159873427,77226,1064,1711,20002,
271.26057971645207,77226,1064,1710,20003,
271.2609161451829,77226,1063,1711,20003,
271.26457765994957,77226,1062,1712,20003,
271.2649812318755,77226,1062,1711,20004,
271.26513096223863,77225,1063,1711,20004,
271.267131900499,77224,1064,1711,20004,
271.269817403829,77223,1065,1711,20004,
271.2708549673121,77223,1064,1712,20004,
271.272680466471,77223,1063,1713,20004,
271.27535527249387,77223,1063,1712,20005,
271.27654286875907,77223,1063,1711,20006,
271.2769314509842,77223,1062,1712,20006,
271.2785558650187,77223,1062,1711,20007,
271.2785845094262,77223,1062,1710,20008,
271.27881788410696,77222,1063,1710,20008,
271.27924627742686,77222,1062,1711,20008,
271.2801652650804,77222,1061,1712,20008,
271.2804641060141,77222,1060,1713,20008,
271.2828720441416,77222,1059,1714,20008,
271.2850758385413,77222,1059,1713,20009,
271.287096217239,77221,1060,1713,20009,
271.2892882872782,77220,1061,1713,20009,
271.2894217025827,77219,1062,1713,20009,
271.29883920660035,77219,1062,1712,20010,
271.30394900973806,77219,1062,1711,20011,
271.3040933236186,77219,1061,1712,20011,
271.3042004882457,77219,1061,1711,20012,
271.3046776002482,77219,1061,1710,20013,
271.3046833333452,77219,1060,1711,20013,
271.3051085168107,77219,1059,1712,20013,
271.3123867223644,77219,1058,1713,20013,
271.3141029658894,77218,1059,1713,20013,
271.31689818762345,77218,1059,1712,20014,
271.3193381369464,77218,1059,1711,20015,
271.3205849591539,77218,1058,1712,20015,
271.32204998492904,77217,1059,1712,20015,
271.3226558393758,77217,1059,1711,20016,
271.3239658066586,77217,1058,1712,20016,
271.324704600931,77216,1059,1712,20016,
271.32478300252006,77216,1059,1711,20017,
271.32526932989026,77216,1058,1712,20017,
271.3259752513411,77216,1058,1711,20018,
271.3275540715541,77216,1057,1712,20018,
271.33000604512046,77216,1056,1713,20018,
271.3307841480549,77216,1056,1712,20019,
271.3327641068177,77216,1055,1713,20019,
271.3353301476187,77215,1056,1713,20019,
271.33810534616197,77215,1056,1712,20020,
271.3402042165447,77215,1055,1713,20020,
271.34033793422293,77215,1055,1712,20021,
271.340688499343,77215,1054,1713,20021,
271.34153079982514,77215,1053,1714,20021,
271.3446264294429,77215,1053,1713,20022,
271.34489734016574,77214,1054,1713,20022,
271.34934079675264,77214,1053,1714,20022,
271.3500362443862,77213,1054,1714,20022,
271.3532021650769,77213,1054,1713,20023,
271.35575709163646,77213,1053,1714,20023,
271.356145349976,77213,1053,1713,20024,
271.3563471077214,77212,1054,1713,20024,
271.35736757340413,77212,1053,1714,20024,
271.35928558474535,77211,1054,1714,20024,
271.36473172037745,77211,1054,1713,20025,
271.3673921883812,77211,1053,1714,20025,
271.367970979472,77211,1052,1715,20025,
271.36904411619224,77211,1052,1714,20026,
271.3712778842198,77211,1052,1713,20027,
271.371757468623,77211,1052,1712,20028,
271.3796239702971,77211,1052,1711,20029,
271.38084328992795,77211,1052,1710,20030,
271.3838573579797,77211,1051,1711,20030,
271.3868107994092,77210,1052,1711,20030,
271.38847948649305,77210,1052,1710,20031,
271.3898400058981,77209,1053,1710,20031,
271.3908827876116,77209,1053,1709,20032,
271.39218567480737,77209,1053,1708,20033,
271.394769931021,77208,1054,1708,20033,
271.3963876288745,77207,1055,1708,20033,
271.3964467630867,77206,1056,1708,20033,
271.3979989284297,77206,1055,1709,20033,
271.4004529277214,77205,1056,1709,20033,
271.4061453399988,77204,1057,1709,20033,
271.40898106394053,77203,1058,1709,20033,
271.40985080320854,77203,1057,1710,20033,
271.40988895323767,77203,1056,1711,20033,
271.4104561235665,77203,1055,1712,20033,
271.41123322827076,77202,1056,1712,20033,
271.41339376074257,77202,1055,1713,20033,
271.4161209754146,77202,1054,1714,20033,
271.4167304525616,77202,1054,1713,20034,
271.41702251443513,77201,1055,1713,20034,
271.4170699566058,77201,1054,1714,20034,
271.41828243861363,77201,1053,1715,20034,
271.4200919115727,77200,1054,1715,20034,
271.42116919301,77200,1053,1716,20034,
271.42194371933806,77200,1052,1717,20034,
271.4229658749817,77200,1051,1718,20034,
271.4271545459914,77199,1052,1718,20034,
271.4347591095367,77198,1053,1718,20034,
271.4357465384067,77198,1053,1717,20035,
271.440294200377,77198,1052,1718,20035,
271.44189221696547,77198,1051,1719,20035,
271.4433840101765,77198,1051,1718,20036,
271.44424605358677,77197,1052,1718,20036,
271.445957322768,77196,1053,1718,20036,
271.44818699429953,77196,1053,1717,20037,
271.4488233075733,77196,1052,1718,20037,
271.4495831321912,77196,1051,1719,20037,
271.4514739503331,77196,1051,1718,20038,
271.4524151589772,77196,1051,1717,20039,
271.45282606022306,77196,1050,1718,20039,
271.45458085065854,77195,1051,1718,20039,
271.4564568695697,77194,1052,1718,20039,
271.45706219692175,77194,1051,1719,20039,
271.45736753247655,77193,1052,1719,20039,
271.46105745570173,77193,1052,1718,20040,
271.4650980473106,77193,1051,1719,20040,
271.46578426039787,77193,1051,1718,20041,
271.46677723154534,77193,1051,1717,20042,
271.4697370933078,77193,1051,1716,20043,
271.4701357504953,77192,1052,1716,20043,
271.4709952798977,77192,1051,1717,20043,
271.4724354674909,77191,1052,1717,20043,
271.4727558426291,77191,1052,1716,20044,
271.47423991009805,77191,1052,1715,20045,
271.4758782663676,77190,1053,1715,20045,
271.4784096709966,77190,1052,1716,20045,
271.4786744839007,77189,1053,1716,20045,
271.4790522825351,77188,1054,1716,20045,
271.48016585915497,77188,1054,1715,20046,
271.4839585837221,77188,1053,1716,20046,
271.48478919138716,77187,1054,1716,20046,
271.4865020647843,77187,1054,1715,20047,
271.4888395821823,77187,1053,1716,20047,
271.4918708372848,77187,1052,1717,20047,
271.4929885424516,77187,1051,1718,20047,
271.4949502092107,77187,1050,1719,20047,
271.50206904865655,77186,1051,1719,20047,
271.50252002380256,77185,1052,1719,20047,
271.5036907064133,77185,1052,1718,20048,
271.50442687001373,77185,1052,1717,20049,
271.505017183108,77184,1053,1717,20049,
271.51135044243324,77183,1054,1717,20049,
271.5148859747597,77183,1053,1718,20049,
271.5152344770019,77183,1052,1719,20049,
271.51549476504215,77183,1052,1718,20050,
271.51810254018943,77183,1052,1717,20051,
271.52204139208703,77183,1051,1718,20051,
271.5241773346936,77183,1051,1717,20052,
271.52547841342187,77183,1051,1716,20053,
271.52611943935995,77183,1051,1715,20054,
271.5267038184438,77182,1052,1715,20054,
271.5267496499101,77182,1052,1714,20055,
271.5276926274917,77182,1051,1715,20055,
271.52906748865246,77181,1052,1715,20055,
271.529278523991,77180,1053,1715,20055,
271.5322859163446,77180,1053,1714,20056,
271.5351984234616,77180,1053,1713,20057,
271.5375201408414,77180,1052,1714,20057,
271.54020654556376,77180,1051,1715,20057,
271.5457563157629,77180,1051,1714,20058,
271.5491755606415,77179,1052,1714,20058,
271.55068211513435,77179,1051,1715,20058,
271.5571946234835,77178,1052,1715,20058,
271.5576884189675,77178,1052,1714,20059,
271.5597810821766,77178,1052,1713,20060,
271.5601752608765,77178,1052,1712,20061,
271.5613843849595,77178,1051,1713,20061,
271.5631534383481,77177,1052,1713,20061,
271.56449360556644,77176,1053,1713,20061,
271.5651577014606,77175,1054,1713,20061,
271.5667166274823,77175,1053,1714,20061,
271.56928072906965,77175,1052,1715,20061,
271.57329569231405,77175,1051,1716,20061,
271.57541860729265,77175,1051,1715,20062,
271.57706434262144,77175,1050,1716,20062,
271.5778965980357,77175,1050,1715,20063,
271.57888644520983,77175,1050,1714,20064,
271.5803140124631,77175,1050,1713,20065,
271.58093121092884,77175,1050,1712,20066,
271.582924276675,77174,1051,1712,20066,
271.5838260569434,77173,1052,1712,20066,
271.5838510744637,77173,1052,1711,20067,
271.5848879275243,77172,1053,1711,20067,
271.58564257605974,77171,1054,1711,20067,
271.58599045663465,77171,1054,1710,20068,
271.5883826983389,77171,1053,1711,20068,
271.58936870347105,77171,1053,1710,20069,
271.589389675798,77171,1053,1709,20070,
271.5915088117794,77170,1054,1709,20070,
271.5923171986925,77169,1055,1709,20070,
271.5935271555339,77169,1055,1708,20071,
271.59512344705263,77169,1054,1709,20071,
271.59602267888545,77168,1055,1709,20071,
271.59785643169624,77167,1056,1709,20071,
271.5985048931625,77167,1055,1710,20071,
271.5985078872835,77167,1055,1709,20072,
271.5989641366683,77167,1055,1708,20073,
271.6010344307291,77167,1055,1707,20074,
271.60363599728294,77167,1055,1706,20075,
271.6038648477601,77167,1054,1707,20075,
271.60592866064053,77166,1055,1707,20075,
271.606136305425,77166,1054,1708,20075,
271.60658052009734,77166,1054,1707,20076,
271.60729305188585,77166,1054,1706,20077,
271.6096806348038,77166,1054,1705,20078,
271.61145866462056,77166,1054,1704,20079,
271.61204408907474,77165,1055,1704,20079,
271.612248503872,77165,1054,1705,20079,
271.61523375250624,77165,1054,1704,20080,
271.61563808094894,77165,1053,1705,20080,
271.61597756147387,77165,1052,1706,20080,
271.6160811374771,77165,1052,1705,20081,
271.6163909694072,77165,1052,1704,20082,
271.6209677344171,77165,1052,1703,20083,
271.62401942057727,77165,1052,1702,20084,
271.6247031364365,77164,1053,1702,20084,
271.62594983391176,77164,1052,1703,20084,
271.632190400605,77164,1051,1704,20084,
271.6341436412316,77164,1050,1705,20084,
271.63571673318387,77164,1050,1704,20085,
271.63648565014023,77164,1050,1703,20086,
271.63816873865426,77163,1051,1703,20086,
271.6395062166353,77163,1050,1704,20086,
271.64003052673905,77163,1049,1705,20086,
271.6416056002871,77163,1048,1706,20086,
271.6428597252394,77163,1047,1707,20086,
271.64437982587503,77163,1047,1706,20087,
271.64616381841597,77162,1048,1706,20087,
271.6476608772063,77161,1049,1706,20087,
271.6492784194472,77161,1049,1705,20088,
271.6499983932558,77161,1049,1704,20089,
271.6517654301934,77161,1048,1705,20089,
271.6532312112576,77160,1049,1705,20089,
271.6558878888848,77160,1049,1704,20090,
271.6573557659091,77160,1048,1705,20090,
271.6580565426523,77160,1048,1704,20091,
271.6591797032539,77159,1049,1704,20091,
271.66144970062936,77158,1050,1704,20091,
271.6632159418329,77158,1050,1703,20092,
271.66330331958767,77157,1051,1703,20092,
271.66607881266185,77157,1051,1702,20093,
271.6716118378624,77156,1052,1702,20093,
271.67465722233436,77155,1053,1702,20093,
271.6807849862889,77155,1052,1703,20093,
271.6850349033055,77155,1052,1702,20094,
271.68825468301776,77154,1053,1702,20094,
271.6889711894865,77154,1053,1701,20095,
271.68926290395876,77154,1053,1700,20096,
271.69055527452474,77154,1053,1699,20097,
271.693468082646,77154,1052,1700,20097,
271.69519324424874,77154,1051,1701,20097,
271.6951992750637,77154,1050,1702,20097,
271.69735286005573,77154,1049,1703,20097,
271.6981987458768,77154,1049,1702,20098,
271.6984134495694,77153,1050,1702,20098,
271.698449842786,77152,1051,1702,20098,
271.69935447296683,77151,1052,1702,20098,
271.70172820742175,77151,1051,1703,20098,
271.70206112327116,77151,1051,1702,20099,
271.7057371674053,77150,1052,1702,20099,
271.70594846659117,77150,1052,1701,20100,
271.7083191781389,77150,1052,1700,20101,
271.7085422168498,77150,1052,1699,20102,
271.7095698666012,77149,1053,1699,20102,
271.71112065327435,77148,1054,1699,20102,
271.7145928435576,77147,1055,1699,20102,
271.71740627347015,77147,1055,1698,20103,
271.71900583366767,77146,1056,1698,20103,
271.72010939960444,77146,1056,1697,20104,
271.72102457018406,77145,1057,1697,20104,
271.7222026802798,77145,1057,1696,20105,
271.72358529518146,77145,1056,1697,20105,
271.72430716654765,77144,1057,1697,20105,
271.7259317195371,77144,1056,1698,20105,
271.7293269582683,77144,1056,1697,20106,
271.730708118075,77144,1056,1696,20107,
271.7311176235639,77144,1055,1697,20107,
271.7311832929138,77143,1056,1697,20107,
271.7312265535132,77142,1057,1697,20107,
271.73306964067774,77142,1057,1696,20108,
271.7338803551442,77141,1058,1696,20108,
271.73427941957783,77140,1059,1696,20108,
271.7343562167571,77140,1058,1697,20108,
271.73664270293466,77139,1059,1697,20108,
271.7373810879129,77139,1059,1696,20109,
271.7378199229978,77139,1059,1695,20110,
271.7380813504036,77139,1059,1694,20111,
271.7433015451145,77139,1059,1693,20112,
271.746420543408,77138,1060,1693,20112,
271.74731932880917,77138,1059,1694,20112,
271.7493774734931,77138,1059,1693,20113,
271.75071332771967,77138,1058,1694,20113,
271.75147506655674,77138,1057,1695,20113,
271.7531200799223,77138,1057,1694,20114,
271.7604781890966,77137,1058,1694,20114,
271.76067712431825,77137,1057,1695,20114,
271.76419243547076,77137,1057,1694,20115,
271.76478372768366,77137,1056,1695,20115,
271.7648522736184,77136,1057,1695,20115,
271.7651122733478,77136,1057,1694,20116,
271.7673679158621,77136,1057,1693,20117,
271.7681707653347,77136,1057,1692,20118,
271.7684302651354,77136,1057,1691,20119,
271.76870201916927,77136,1057,1690,20120,
271.7705810306511,77136,1057,1689,20121,
271.7714977207543,77136,1056,1690,20121,
271.77172076951797,77135,1057,1690,20121,
271.775341368301,77135,1056,1691,20121,
271.7774984244204,77134,1057,1691,20121,
271.7815225166778,77134,1056,1692,20121,
271.78375777630987,77133,1057,1692,20121,
271.78878948036527,77133,1057,1691,20122,
271.7891871152779,77133,1056,1692,20122,
271.7904250762332,77133,1055,1693,20122,
271.7914035635933,77133,1054,1694,20122,
271.7915194260847,77133,1053,1695,20122,
271.7915302480733,77133,1052,1696,20122,
271.7966009172886,77133,1051,1697,20122,
271.79905280946247,77133,1050,1698,20122,
271.7995962620108,77133,1050,1697,20123,
271.80078120146817,77133,1049,1698,20123,
271.80205571937546,77133,1049,1697,20124,
271.8037675740233,77133,1049,1696,20125,
271.80634292091156,77133,1048,1697,20125,
271.809340324731,77133,1047,1698,20125,
271.81252232264194,77133,1047,1697,20126,
271.81715308741246,77133,1046,1698,20126,
271.817230567717,77132,1047,1698,20126,
271.8187426085344,77131,1048,1698,20126,
271.81970208944074,77131,1048,1697,20127,
271.8197405521555,77131,1048,1696,20128,
271.82260996311584,77131,1048,1695,20129,
271.8236403567227,77130,1049,1695,20129,
271.8260674232154,77130,1049,1694,20130,
271.8261945463247,77129,1050,1694,20130,
271.8262590212135,77129,1050,1693,20131,
271.82872292975924,77129,1050,1692,20132,
271.83097388550476,77128,1051,1692,20132,
271.8316190999695,77127,1052,1692,20132,
271.8326832490663,77127,1051,1693,20132,
271.8329904060144,77126,1052,1693,20132,
271.83314307106065,77126,1051,1694,20132,
271.8333711601437,77125,1052,1694,20132,
271.83686528876234,77125,1051,1695,20132,
271.84345885388245,77125,1050,1696,20132,
271.8447892166214,77124,1051,1696,20132,
271.84773703745486,77123,1052,1696,20132,
271.847799766206,77123,1051,1697,20132,
271.8485697365668,77123,1050,1698,20132,
271.85069754906965,77123,1050,1697,20133,
271.85612121683357,77122,1051,1697,20133,
271.85671551004424,77122,1051,1696,20134,
271.8591263998401,77121,1052,1696,20134,
271.8597475453283,77121,1051,1697,20134,
271.86067143196203,77121,1051,1696,20135,
271.86067606106496,77121,1051,1695,20136,
271.8644036119537,77121,1050,1696,20136,
271.8653875994233,77121,1049,1697,20136,
271.8660752746875,77120,1050,1697,20136,
271.86794364739325,77120,1049,1698,20136,
271.86875381252025,77120,1048,1699,20136,
271.8706169287923,77120,1047,1700,20136,
271.87071392803006,77120,1046,1701,20136,
271.8710931300803,77120,1045,1702,20136,
271.87134197773247,77120,1045,1701,20137,
271.8725562082553,77120,1045,1700,20138,
271.87557361931397,77120,1044,1701,20138,
271.8782837591865,77120,1043,1702,20138,
271.88199289349984,77120,1043,1701,20139,
271.88210723568,77120,1043,1700,20140,
271.8849197522248,77119,1044,1700,20140,
271.8852395848606,77119,1043,1701,20140,
271.8868858804271,77119,1042,1702,20140,
271.8869086119935,77118,1043,1702,20140,
271.8870825268665,77118,1042,1703,20140,
271.88747188153235,77117,1043,1703,20140,
271.8887883117067,77117,1043,1702,20141,
271.8889415285177,77117,1042,1703,20141,
271.8932156104196,77117,1041,1704,20141,
271.8932895916019,77117,1040,1705,20141,
271.8945402953262,77117,1039,1706,20141,
271.89478198158736,77117,1039,1705,20142,
271.8952017688809,77116,1040,1705,20142,
271.8958886396302,77116,1039,1706,20142,
271.89732055390624,77116,1038,1707,20142,
271.89979535756646,77116,1037,1708,20142,
271.90459629474043,77116,1037,1707,20143,
271.9053263348088,77116,1036,1708,20143,
271.9054682946512,77116,1035,1709,20143,
271.90611103437146,77116,1034,1710,20143,
271.90674785151424,77116,1034,1709,20144,
271.91169953465516,77115,1035,1709,20144,
271.91267321202554,77115,1034,1710,20144,
271.912798513693,77115,1034,1709,20145,
271.91529710828706,77115,1034,1708,20146,
271.91821731237087,77115,1034,1707,20147,
271.91929632418714,77115,1033,1708,20147,
271.9201064774059,77115,1033,1707,20148,
271.92072090273183,77115,1033,1706,20149,
271.92541173676904,77115,1032,1707,20149,
271.92549830735726,77115,1031,1708,20149,
271.9295370159711,77115,1030,1709,20149,
271.9299682220769,77115,1029,1710,20149,
271.9344202161187,77115,1029,1709,20150,
271.936073918246,77115,1028,1710,20150,
271.93951342291933,77114,1029,1710,20150,
271.9411098930515,77113,1030,1710,20150,
271.9423334360506,77113,1030,1709,20151,
271.94282067058396,77113,1029,1710,20151,
271.9465931488269,77112,1030,1710,20151,
271.9477973964979,77111,1031,1710,20151,
271.95060309815204,77111,1030,1711,20151,
271.95309062515696,77111,1030,1710,20152,
271.9532692245104,77110,1031,1710,20152,
271.9552110263566,77110,1030,1711,20152,
271.95751462922334,77110,1030,1710,20153,
271.95754006913097,77110,1029,1711,20153,
271.95936394727295,77110,1029,1710,20154,
271.96373913976237,77110,1028,1711,20154,
271.9650480200315,77110,1028,1710,20155,
271.96529797346335,77109,1029,1710,20155,
271.9669345726221,77108,1030,1710,20155,
271.9682540308109,77108,1030,1709,20156,
271.9687091462572,77108,1029,1710,20156,
271.96882073358245,77108,1029,1709,20157,
271.96904915914104,77108,1028,1710,20157,
271.9716498301475,77108,1028,1709,20158,
271.97910384070804,77108,1028,1708,20159,
271.9797144463667,77108,1027,1709,20159,
271.979839657715,77107,1028,1709,20159,
271.9802402048831,77107,1028,1708,20160,
271.9805405753712,77107,1028,1707,20161,
271.9807419473561,77106,1029,1707,20161,
271.9821834066184,77106,1029,1706,20162,
271.98317814200647,77105,1030,1706,20162,
271.9866594259081,77105,1029,1707,20162,
271.9879945694397,77105,1028,1708,20162,
271.9911556785824,77105,1028,1707,20163,
271.9925355402506,77105,1027,1708,20163,
271.9939512671311,77105,1027,1707,20164,
271.99926710957124,77105,1027,1706,20165,
271.99960591396206,77105,1027,1705,20166,
272.0010669072318,77104,1028,1705,20166,
272.0020079358236,77104,1027,1706,20166,
272.0023564228701,77104,1027,1705,20167,
272.00568835724346,77104,1027,1704,20168,
272.0058462289706,77104,1027,1703,20169,
272.0076794140234,77104,1027,1702,20170,
272.0107882032564,77104,1026,1703,20170,
272.011207766658,77103,1027,1703,20170,
272.01127906735996,77102,1028,1703,20170,
272.0165316556859,77102,1028,1702,20171,
272.0166978630829,77102,1028,1701,20172,
272.0172884292385,77102,1027,1702,20172,
272.01893547252666,77102,1026,1703,20172,
272.01954322558794,77102,1025,1704,20172,
272.02157154659864,77101,1026,1704,20172,
272.0224275382677,77101,1025,1705,20172,
272.0227857402543,77101,1025,1704,20173,
272.02761812586675,77101,1025,1703,20174,
272.03099827137,77101,1025,1702,20175,
272.0332158931253,77101,1024,1703,20175,
272.0351041811377,77100,1025,1703,20175,
272.0363426471979,77100,1025,1702,20176,
272.03748411283306,77099,1026,1702,20176,
272.0379941763325,77099,1026,1701,20177,
272.03951954605805,77099,1025,1702,20177,
272.04129561840193,77098,1026,1702,20177,
272.0416756446041,77098,1026,1701,20178,
272.0420936688773,77098,1025,1702,20178,
272.0472592718849,77098,1025,1701,20179,
272.0509136068609,77098,1025,1700,20180,
272.05696616455805,77098,1024,1701,20180,
272.05753648836327,77098,1024,1700,20181,
272.05846215069903,77098,1024,1699,20182,
272.059083545734,77097,1025,1699,20182,
272.0594889674745,77097,1025,1698,20183,
272.059879025761,77096,1026,1698,20183,
272.0625724275253,77096,1026,1697,20184,
272.0628815744828,77096,1026,1696,20185,
272.06393418455,77095,1027,1696,20185,
272.0671246457356,77095,1026,1697,20185,
272.06750450319873,77095,1025,1698,20185,
272.06989306225915,77094,1026,1698,20185,
272.07004787398546,77093,1027,1698,20185,
272.071822924559,77093,1026,1699,20185,
272.072258964784,77093,1026,1698,20186,
272.0724114871564,77093,1025,1699,20186,
272.07270016944494,77092,1026,1699,20186,
272.075912094631,77092,1026,1698,20187,
272.0788212184661,77091,1027,1698,20187,
272.0794520827352,77091,1027,1697,20188,
272.0807915834778,77091,1027,1696,20189,
272.0834519710867,77090,1028,1696,20189,
272.08390326016223,77090,1028,1695,20190,
272.08477720783975,77090,1027,1696,20190,
272.0850883323316,77090,1026,1697,20190,
272.0858458135037,77089,1027,1697,20190,
272.086280880801,77089,1027,1696,20191,
272.08703246430616,77088,1028,1696,20191,
272.0875889802076,77088,1028,1695,20192,
272.09236371432246,77088,1027,1696,20192,
272.0964293602086,77088,1026,1697,20192,
272.09994993057654,77088,1026,1696,20193,
272.1024914472598,77088,1025,1697,20193,
272.1031323036822,77088,1024,1698,20193,
272.1047304703181,77088,1024,1697,20194,
272.1068977677179,77088,1023,1698,20194,
272.110418976215,77088,1022,1699,20194,
272.11098325958733,77088,1022,1698,20195,
272.11154790785116,77088,1021,1699,20195,
272.11291551184587,77088,1020,1700,20195,
272.1139359032548,77088,1020,1699,20196,
272.11842208892983,77088,1020,1698,20197,
272.11900331199587,77087,1021,1698,20197,
272.1192352775054,77087,1021,1697,20198,
272.1201192069661,77086,1022,1697,20198,
272.1214440557107,77086,1021,1698,20198,
272.12160939388326,77086,1020,1699,20198,
272.12245558159,77085,1021,1699,20198,
272.12290835661474,77085,1021,1698,20199,
272.12456643330484,77085,1020,1699,20199,
272.1279936200488,77085,1020,1698,20200,
272.12842131286646,77085,1020,1697,20201,
272.1289987317713,77085,1019,1698,20201,
272.12986867753807,77085,1019,1697,20202,
272.1321043300183,77085,1018,1698,20202,
272.13416228566433,77085,1017,1699,20202,
272.1385635985589,77085,1017,1698,20203,
272.13961578250144,77085,1016,1699,20203,
272.14198059989724,77084,1017,1699,20203,
272.1423597200606,77084,1016,1700,20203,
272.14354252373306,77084,1016,1699,20204,
272.14543589658587,77083,1017,1699,20204,
272.14619964347065,77083,1017,1698,20205,
272.147636869572,77083,1016,1699,20205,
272.1482960468114,77083,1015,1700,20205,
272.1484276649855,77082,1016,1700,20205,
272.1485463773377,77081,1017,1700,20205,
272.15345910856547,77081,1017,1699,20206,
272.1544298114002,77081,1017,1698,20207,
272.15525637640883,77081,1017,1697,20208,
272.1577583155767,77080,1018,1697,20208,
272.1595043359733,77080,1017,1698,20208,
272.16025439897805,77080,1016,1699,20208,
272.16192723224935,77079,1017,1699,20208,
272.166027620835,77079,1017,1698,20209,
272.16758006775666,77079,1017,1697,20210,
272.16806085858997,77079,1017,1696,20211,
272.16929916142215,77079,1017,1695,20212,
272.17394900848336,77078,1018,1695,20212,
272.17415396201164,77078,1017,1696,20212,
272.1797985004083,77078,1016,1697,20212,
272.18095903164453,77078,1015,1698,20212,
272.18183557754685,77078,1015,1697,20213,
272.18232760883336,77078,1015,1696,20214,
272.18253489609896,77078,1014,1697,20214,
272.18276069604764,77077,1015,1697,20214,
272.19061366935927,77077,1014,1698,20214,
272.19472878178243,77076,1015,1698,20214,
272.1968510507941,77076,1015,1697,20215,
272.1976389973553,77076,1015,1696,20216,
272.1982384786436,77075,1016,1696,20216,
272.1993345959233,77075,1016,1695,20217,
272.20034784893664,77075,1016,1694,20218,
272.20496379118015,77075,1016,1693,20219,
272.20561914656895,77075,1016,1692,20220,
272.20742824573017,77075,1015,1693,20220,
272.2141563803695,77075,1015,1692,20221,
272.22042205633113,77075,1014,1693,20221,
272.22132149601447,77075,1013,1694,20221,
272.22592778835957,77075,1012,1695,20221,
272.2261011548109,77075,1011,1696,20221,
272.22799811842015,77075,1011,1695,20222,
272.22937708457556,77075,1011,1694,20223,
272.231200359381,77075,1011,1693,20224,
272.23481033201244,77075,1011,1692,20225,
272.2371889616031,77075,1011,1691,20226,
272.23804768543766,77075,1011,1690,20227,
272.2382908199896,77074,1012,1690,20227,
272.2393045967377,77074,1012,1689,20228,
272.24015341390185,77073,1013,1689,20228,
272.24128360268395,77073,1012,1690,20228,
272.2426062804045,77072,1013,1690,20228,
272.24523643918064,77072,1013,1689,20229,
272.2473087284871,77071,1014,1689,20229,
272.24744077032443,77071,1014,1688,20230,
272.2510508396839,77070,1015,1688,20230,
272.25162558583156,77070,1015,1687,20231,
272.2537088550525,77070,1014,1688,20231,
272.25496623578937,77070,1014,1687,20232,
272.2564269693985,77069,1015,1687,20232,
272.2568461577777,77069,1014,1688,20232,
272.25798199614275,77068,1015,1688,20232,
272.26035910394006,77068,1015,1687,20233,
272.26082248930635,77068,1014,1688,20233,
272.26303018450665,77068,1014,1687,20234,
272.26369908921885,77067,1015,1687,20234,
272.26626666997214,77067,1015,1686,20235,
272.26686305387534,77066,1016,1686,20235,
272.266985179654,77066,1016,1685,20236,
272.2678576798649,77066,1015,1686,20236,
272.2709851953643,77066,1015,1685,20237,
272.2711563888547,77066,1014,1686,20237,
272.27142740528956,77066,1014,1685,20238,
272.27413925053753,77065,1015,1685,20238,
272.27425643782806,77065,1015,1684,20239,
272.2784481453271,77064,1016,1684,20239,
272.278551690303,77063,1017,1684,20239,
272.278596405516,77062,1018,1684,20239,
272.2793150200986,77062,1017,1685,20239,
272.2811351829066,77062,1017,1684,20240,
272.2843895076023,77062,1016,1685,20240,
272.28474102622584,77062,1016,1684,20241,
272.2870457076657,77062,1016,1683,20242,
272.2876489675332,77062,1016,1682,20243,
272.28779746572394,77062,1015,1683,20243,
272.29369319101846,77062,1014,1684,20243,
272.2974542028059,77062,1014,1683,20244,
272.2975171206823,77062,1013,1684,20244,
272.2986304362984,77061,1014,1684,20244,
272.29929850403033,77061,1014,1683,20245,
272.3027362778438,77061,1013,1684,20245,
272.3032916040576,77061,1013,1683,20246,
272.30403978265554,77061,1013,1682,20247,
272.3068590000261,77061,1013,1681,20248,
272.3068832836337,77061,1012,1682,20248,
272.30840311754656,77061,1011,1683,20248,
272.3132402605742,77060,1012,1683,20248,
272.3132761635771,77060,1011,1684,20248,
272.31497528069383,77060,1011,1683,20249,
272.31654579991186,77060,1010,1684,20249,
272.31661583169523,77059,1011,1684,20249,
272.3174055222798,77059,1011,1683,20250,
272.31747715473506,77059,1010,1684,20250,
272.3181394487253,77058,1011,1684,20250,
272.3228215154961,77058,1011,1683,20251,
272.32344352109817,77057,1012,1683,20251,
272.3282458137286,77056,1013,1683,20251,
272.32939234596085,77055,1014,1683,20251,
272.33003608147726,77055,1014,1682,20252,
272.33065753518184,77055,1014,1681,20253,
272.3330337429417,77055,1013,1682,20253,
272.334001142774,77055,1012,1683,20253,
272.3359328622458,77055,1012,1682,20254,
272.33803227249575,77054,1013,1682,20254,
272.3399571156304,77053,1014,1682,20254,
272.34059302029135,77053,1014,1681,20255,
272.3408516603335,77053,1013,1682,20255,
272.344229462995,77053,1013,1681,20256,
272.34584188422315,77053,1012,1682,20256,
272.34823638757524,77053,1011,1683,20256,
272.34876053695837,77053,1011,1682,20257,
272.35432453701344,77053,1010,1683,20257,
272.35540074430315,77053,1009,1684,20257,
272.3555117421097,77052,1010,1684,20257,
272.35637770449927,77052,1010,1683,20258,
272.356592074596,77052,1010,1682,20259,
272.3585632704081,77052,1009,1683,20259,
272.3601751787862,77051,1010,1683,20259,
272.36726542083045,77050,1011,1683,20259,
272.368775874986,77050,1011,1682,20260,
272.37365171599265,77050,1010,1683,20260,
272.37392064774616,77050,1009,1684,20260,
272.37748723581734,77050,1009,1683,20261,
272.37761233038873,77050,1008,1684,20261,
272.37842517186954,77050,1007,1685,20261,
272.3798513132829,77050,1006,1686,20261,
272.38183045425626,77049,1007,1686,20261,
272.3831247251853,77049,1006,1687,20261,
272.3843472056661,77049,1006,1686,20262,
272.38473260259366,77048,1007,1686,20262,
272.3858831242803,77047,1008,1686,20262,
272.38702573150726,77046,1009,1686,20262,
272.3907542671596,77046,1008,1687,20262,
272.3910529255192,77046,1008,1686,20263,
272.39267273810935,77046,1008,1685,20264,
272.3941576219029,77046,1007,1686,20264,
272.3955145516112,77045,1008,1686,20264,
272.3992290216651,77045,1007,1687,20264,
272.4000265081588,77045,1006,1688,20264,
272.40044834815444,77044,1007,1688,20264,
272.400893715824,77044,1007,1687,20265,
272.41045479771526,77043,1008,1687,20265,
272.41115913605046,77042,1009,1687,20265,
272.41220603587993,77041,1010,1687,20265,
272.41290683861047,77040,1011,1687,20265,
272.4136324106532,77040,1011,1686,20266,
272.41389274586834,77040,1010,1687,20266,
272.41638623548016,77039,1011,1687,20266,
272.4191592790852,77038,1012,1687,20266,
272.4214894495448,77037,1013,1687,20266,
272.42206110474876,77036,1014,1687,20266,
272.42272558228586,77036,1013,1688,20266,
272.4232073928332,77036,1013,1687,20267,
272.4233410158412,77036,1013,1686,20268,
272.42494402943606,77036,1013,1685,20269,
272.42536247669835,77036,1012,1686,20269,
272.42647207420987,77035,1013,1686,20269,
272.428683083475,77034,1014,1686,20269,
272.42938251259153,77034,1014,1685,20270,
272.43080951794565,77034,1013,1686,20270,
272.43126742964927,77033,1014,1686,20270,
272.43465932220715,77032,1015,1686,20270,
272.43717474873074,77032,1014,1687,20270,
272.4392160168477,77032,1014,1686,20271,
272.44549944001574,77032,1014,1685,20272,
272.446037636773,77032,1014,1684,20273,
272.44708861459617,77031,1015,1684,20273,
272.4473122305585,77031,1014,1685,20273,
272.45451755805584,77030,1015,1685,20273,
272.45729088683356,77029,1016,1685,20273,
272.4588153006997,77029,1015,1686,20273,
272.4591839385829,77029,1014,1687,20273,
272.45923738472965,77029,1014,1686,20274,
272.45972642216543,77029,1014,1685,20275,
272.4599423165119,77028,1015,1685,20275,
272.46021693897416,77028,1015,1684,20276,
272.4611486720322,77028,1014,1685,20276,
272.4644954393479,77028,1014,1684,20277,
272.4679583316695,77028,1013,1685,20277,
272.4690866693888,77027,1014,1685,20277,
272.47092064817014,77027,1014,1684,20278,
272.47146131429633,77027,1014,1683,20279,
272.47231729958975,77026,1015,1683,20279,
272.4724465142418,77026,1015,1682,20280,
272.4774603809418,77025,1016,1682,20280,
272.4800218488627,77025,1016,1681,20281,
272.48280895999443,77025,1016,1680,20282,
272.48314056104056,77025,1015,1681,20282,
272.4850744671408,77025,1014,1682,20282,
272.48535968944617,77025,1013,1683,20282,
272.4865455058896,77025,1013,1682,20283,
272.4873103369402,77024,1014,1682,20283,
272.4897223146794,77024,1014,1681,20284,
272.49136705102995,77024,1014,1680,20285,
272.4922149362211,77024,1013,1681,20285,
272.4922618702606,77024,1013,1680,20286,
272.4957472236161,77023,1014,1680,20286,
272.5004112575692,77023,1014,1679,20287,
272.5054149028852,77022,1015,1679,20287,
272.5057240036367,77022,1014,1680,20287,
272.5057359025964,77022,1013,1681,20287,
272.5078560280348,77022,1013,1680,20288,
272.50886085744116,77022,1013,1679,20289,
272.51127453637685,77022,1013,1678,20290,
272.5139548584035,77022,1013,1677,20291,
272.5146749458308,77022,1013,1676,20292,
272.51532154858864,77021,1014,1676,20292,
272.5181351789786,77021,1014,1675,20293,
272.52242438313465,77021,1014,1674,20294,
272.5265028573595,77021,1014,1673,20295,
272.52744081993967,77021,1013,1674,20295,
272.5290904488438,77020,1014,1674,20295,
272.53124674311806,77019,1015,1674,20295,
272.5319165798917,77019,1015,1673,20296,
272.5328399908036,77019,1015,1672,20297,
272.5359829927779,77019,1014,1673,20297,
272.5360571585682,77018,1015,1673,20297,
272.53729030259376,77017,1016,1673,20297,
272.5446518852365,77017,1016,1672,20298,
272.54586122919244,77016,1017,1672,20298,
272.54904831419674,77016,1016,1673,20298,
272.553368124904,77016,1016,1672,20299,
272.5537716897725,77016,1015,1673,20299,
272.5542517334498,77016,1014,1674,20299,
272.55484651150124,77016,1014,1673,20300,
272.55779540895855,77015,1015,1673,20300,
272.5584820079785,77014,1016,1673,20300,
272.5614069791082,77014,1015,1674,20300,
272.5636141840182,77013,1016,1674,20300,
272.5650883560923,77012,1017,1674,20300,
272.5654378072881,77012,1017,1673,20301,
272.56709639657976,77012,1017,1672,20302,
272.56785870612305,77012,1016,1673,20302,
272.57112798197716,77011,1017,1673,20302,
272.5713847729534,77010,1018,1673,20302,
272.57140663785646,77009,1019,1673,20302,
272.5720674999582,77009,1019,1672,20303,
272.57284598665,77008,1020,1672,20303,
272.5744475206233,77007,1021,1672,20303,
272.5748178528974,77006,1022,1672,20303,
272.5756299763566,77005,1023,1672,20303,
272.57622913680063,77004,1024,1672,20303,
272.57655500890183,77004,1024,1671,20304,
272.57825003049373,77004,1024,1670,20305,
272.5809628380574,77004,1024,1669,20306,
272.582186110941,77004,1023,1670,20306,
272.5823871193525,77004,1022,1671,20306,
272.5826002066468,77003,1023,1671,20306,
272.58398162613605,77003,1023,1670,20307,
272.58429203007216,77003,1023,1669,20308,
272.5873981974511,77003,1023,1668,20309,
272.5889833039452,77003,1023,1667,20310,
272.58992201425946,77003,1023,1666,20311,
272.59114222781056,77003,1023,1665,20312,
272.5915521954856,77003,1023,1664,20313,
272.5917405030681,77002,1024,1664,20313,
272.5927339915306,77001,1025,1664,20313,
272.5939320035819,77001,1025,1663,20314,
272.59515074626427,77000,1026,1663,20314,
272.59541988240056,77000,1025,1664,20314,
272.5977348166614,77000,1024,1665,20314,
272.6014392839349,77000,1023,1666,20314,
272.6016142620153,76999,1024,1666,20314,
272.6041190909728,76999,1023,1667,20314,
272.60423983251513,76999,1023,1666,20315,
272.6058303568755,76999,1022,1667,20315,
272.60814152556367,76999,1021,1668,20315,
272.6095293523139,76998,1022,1668,20315,
272.61047043471643,76998,1022,1667,20316,
272.6116854812363,76998,1021,1668,20316,
272.6122613290332,76998,1020,1669,20316,
272.61652662374684,76998,1019,1670,20316,
272.6174441608092,76997,1020,1670,20316,
272.6193931894648,76997,1019,1671,20316,
272.6202458274498,76997,1018,1672,20316,
272.62089790343356,76997,1018,1671,20317,
272.62269392615764,76997,1017,1672,20317,
272.62287596487835,76997,1016,1673,20317,
272.62575820760355,76997,1015,1674,20317,
272.62637803143997,76997,1014,1675,20317,
272.62786836328354,76996,1015,1675,20317,
272.6307131558115,76996,1014,1676,20317,
272.6308699539343,76995,1015,1676,20317,
272.63144241147336,76994,1016,1676,20317,
272.6333727135963,76994,1015,1677,20317,
272.6363320335727,76994,1014,1678,20317,
272.6381471861934,76994,1014,1677,20318,
272.63944224681757,76993,1015,1677,20318,
272.64038894957366,76993,1015,1676,20319,
272.64158622602105,76993,1015,1675,20320,
272.64264086948236,76992,1016,1675,20320,
272.643066812094,76991,1017,1675,20320,
272.6451115709515,76991,1017,1674,20321,
272.6459849885398,76991,1016,1675,20321,
272.6470149314803,76990,1017,1675,20321,
272.6485475171279,76990,1017,1674,20322,
272.64974890107135,76989,1018,1674,20322,
272.6525821213794,76988,1019,1674,20322,
272.65624027823986,76988,1019,1673,20323,
272.65857857309595,76988,1018,1674,20323,
272.66559044615843,76988,1018,1673,20324,
272.66707054178704,76988,1017,1674,20324,
272.6696200994021,76987,1018,1674,20324,
272.67315612913484,76987,1018,1673,20325,
272.67463648767347,76986,1019,1673,20325,
272.6757203614295,76986,1018,1674,20325,
272.6799559378334,76986,1017,1675,20325,
272.6808607239888,76986,1016,1676,20325,
272.6819786894456,76986,1015,1677,20325,
272.68442491792626,76986,1014,1678,20325,
272.68565952197537,76985,1015,1678,20325,
272.68973706538225,76985,1014,1679,20325,
272.6903071623456,76984,1015,1679,20325,
272.6913328181065,76984,1015,1678,20326,
272.69293268469875,76984,1014,1679,20326,
272.6938791135035,76983,1015,1679,20326,
272.69491206565306,76982,1016,1679,20326,
272.6986059356496,76982,1015,1680,20326,
272.70060686015825,76982,1015,1679,20327,
272.70174936093105,76982,1014,1680,20327,
272.70226172314227,76982,1013,1681,20327,
272.71290158073884,76982,1013,1680,20328,
272.7131393778422,76982,1012,1681,20328,
272.7138042559951,76982,1012,1680,20329,
272.71488293723604,76982,1012,1679,20330,
272.71531598805734,76982,1012,1678,20331,
272.71949260527975,76981,1013,1678,20331,
272.7212881102086,76981,1012,1679,20331,
272.72326728110534,76981,1011,1680,20331,
272.72430937641104,76980,1012,1680,20331,
272.72610599620515,76980,1011,1681,20331,
272.72912012737095,76980,1011,1680,20332,
272.73082439062614,76979,1012,1680,20332,
272.7324904393369,76979,1012,1679,20333,
272.7344237095533,76978,1013,1679,20333,
272.7402184879988,76977,1014,1679,20333,
272.74188114741514,76976,1015,1679,20333,
272.74212699735415,76976,1014,1680,20333,
272.74374806680544,76975,1015,1680,20333,
272.74449328190155,76974,1016,1680,20333,
272.7456057788269,76974,1015,1681,20333,
272.7476001901026,76974,1015,1680,20334,
272.74822921889387,76974,1015,1679,20335,
272.7483441408303,76974,1015,1678,20336,
272.7490190179915,76973,1016,1678,20336,
272.74951705755586,76973,1016,1677,20337,
272.75059934369983,76973,1016,1676,20338,
272.7507991363783,76973,1016,1675,20339,
272.75248376382086,76973,1015,1676,20339,
272.75333285841975,76972,1016,1676,20339,
272.7549702107902,76972,1015,1677,20339,
272.755583930585,76972,1015,1676,20340,
272.7565309505066,76972,1014,1677,20340,
272.75858433531437,76972,1014,1676,20341,
272.75918271821075,76971,1015,1676,20341,
272.75941538677006,76971,1015,1675,20342,
272.76304363660023,76971,1015,1674,20343,
272.76487581501124,76971,1014,1675,20343,
272.7653831533357,76971,1014,1674,20344,
272.76741848846456,76971,1013,1675,20344,
272.77082545750017,76971,1012,1676,20344,
272.77136709158685,76970,1013,1676,20344,
272.7714638355379,76969,1014,1676,20344,
272.77386056823735,76969,1014,1675,20345,
272.7775161653223,76969,1013,1676,20345,
272.7775566292579,76968,1014,1676,20345,
272.7776243504603,76967,1015,1676,20345,
272.7803694314922,76967,1014,1677,20345,
272.7824132121612,76967,1014,1676,20346,
272.78538760481416,76967,1014,1675,20347,
272.7886419129988,76966,1015,1675,20347,
272.7897381323877,76965,1016,1675,20347,
272.79061481456273,76965,1016,1674,20348,
272.79293108488554,76964,1017,1674,20348,
272.79414141900094,76964,1017,1673,20349,
272.7961780178389,76964,1017,1672,20350,
272.79650667260915,76964,1017,1671,20351,
272.7972501003864,76963,1018,1671,20351,
272.79756655620974,76963,1018,1670,20352,
272.8017360994814,76963,1018,1669,20353,
272.8027525042822,76963,1017,1670,20353,
272.80303789792094,76963,1016,1671,20353,
272.80339229705714,76962,1017,1671,20353,
272.8035001297131,76962,1017,1670,20354,
272.80497422901914,76962,1016,1671,20354,
272.8063738171324,76962,1016,1670,20355,
272.80752583715383,76962,1015,1671,20355,
272.8095130202341,76962,1015,1670,20356,
272.8120206106686,76962,1014,1671,20356,
272.813703004151,76961,1015,1671,20356,
272.81411735772673,76961,1015,1670,20357,
272.81483568398585,76961,1014,1671,20357,
272.82109091803346,76961,1013,1672,20357,
272.82143115528464,76961,1013,1671,20358,
272.82240634728055,76960,1014,1671,20358,
272.82655329636003,76960,1014,1670,20359,
272.83294620223387,76960,1013,1671,20359,
272.83334664392345,76959,1014,1671,20359,
272.8346690330654,76958,1015,1671,20359,
272.8359518972223,76957,1016,1671,20359,
272.8382984065848,76956,1017,1671,20359,
272.8383745485995,76956,1016,1672,20359,
272.83976602224925,76956,1015,1673,20359,
272.84378384163887,76956,1015,1672,20360,
272.8441507935527,76956,1015,1671,20361,
272.8447934399292,76956,1015,1670,20362,
272.8463354981068,76955,1016,1670,20362,
272.84694420509976,76954,1017,1670,20362,
272.84845311135507,76954,1017,1669,20363,
272.8493377654176,76954,1016,1670,20363,
272.85055905223294,76954,1015,1671,20363,
272.8508924617611,76954,1014,1672,20363,
272.85192093840624,76953,1015,1672,20363,
272.8535747836093,76953,1015,1671,20364,
272.85440427876875,76952,1016,1671,20364,
272.85448205464735,76952,1016,1670,20365,
272.85677678351016,76952,1016,1669,20366,
272.857067854318,76952,1016,1668,20367,
272.85799426361456,76952,1016,1667,20368,
272.86092238130146,76952,1016,1666,20369,
272.8609879432055,76951,1017,1666,20369,
272.8610622160134,76951,1017,1665,20370,
272.86127105576054,76950,1018,1665,20370,
272.86752451264334,76950,1017,1666,20370,
272.87035744242934,76950,1016,1667,20370,
272.87284939295665,76949,1017,1667,20370,
272.87436662875604,76949,1016,1668,20370,
272.87830045400864,76948,1017,1668,20370,
272.88222059630544,76947,1018,1668,20370,
272.88267822003485,76947,1018,1667,20371,
272.88290341901757,76946,1019,1667,20371,
272.8831807701445,76946,1019,1666,20372,
272.88734447274504,76946,1018,1667,20372,
272.890303407635,76946,1017,1668,20372,
272.8906587674793,76946,1017,1667,20373,
272.8910606474718,76946,1017,1666,20374,
272.8911729588251,76945,1018,1666,20374,
272.8919823534943,76944,1019,1666,20374,
272.89290519918666,76944,1018,1667,20374,
272.8960376926026,76944,1017,1668,20374,
272.89667245324637,76943,1018,1668,20374,
272.89690620621553,76943,1017,1669,20374,
272.8989367969005,76942,1018,1669,20374,
272.8994204807912,76942,1018,1668,20375,
272.90065056406854,76941,1019,1668,20375,
272.9023024264107,76941,1019,1667,20376,
272.9074702386917,76940,1020,1667,20376,
272.90759730642435,76939,1021,1667,20376,
272.9080515203149,76939,1020,1668,20376,
272.9083139132259,76939,1020,1667,20377,
272.90864655286913,76938,1021,1667,20377,
272.91008776804114,76938,1020,1668,20377,
272.91205145455757,76938,1020,1667,20378,
272.91436944433474,76938,1019,1668,20378,
272.9159314554381,76938,1018,1669,20378,
272.91603574346067,76938,1017,1670,20378,
272.9162008679692,76937,1018,1670,20378,
272.9195746414733,76936,1019,1670,20378,
272.920400470957,76936,1019,1669,20379,
272.9206184694331,76936,1019,1668,20380,
272.92116200162513,76935,1020,1668,20380,
272.92444274609426,76935,1019,1669,20380,
272.9247886902583,76935,1018,1670,20380,
272.9253164431123,76935,1017,1671,20380,
272.92653953957483,76935,1016,1672,20380,
272.9281441128155,76934,1017,1672,20380,
272.92849348901245,76933,1018,1672,20380,
272.93259626576287,76933,1018,1671,20381,
272.94388299442824,76932,1019,1671,20381,
272.9451089724052,76931,1020,1671,20381,
272.94596633251274,76931,1020,1670,20382,
272.9460976240395,76931,1019,1671,20382,
272.9462749736263,76931,1019,1670,20383,
272.948944151866,76931,1019,1669,20384,
272.95105093355124,76931,1018,1670,20384,
272.9551516059169,76931,1018,1669,20385,
272.9583218865279,76931,1018,1668,20386,
272.95991509550555,76930,1019,1668,20386,
272.9612488617433,76930,1018,1669,20386,
272.9653747889648,76929,1019,1669,20386,
272.96571422967486,76929,1018,1670,20386,
272.9671698107999,76928,1019,1670,20386,
272.96861958763327,76927,1020,1670,20386,
272.96953533844083,76927,1019,1671,20386,
272.9703015350887,76927,1019,1670,20387,
272.9729665033106,76926,1020,1670,20387,
272.9733786192504,76926,1019,1671,20387,
272.98227994171486,76926,1019,1670,20388,
272.98572438492863,76926,1018,1671,20388,
272.987486105945,76925,1019,1671,20388,
272.98856346372264,76924,1020,1671,20388,
272.9901050166217,76924,1020,1670,20389,
272.9918305368429,76924,1020,1669,20390,
272.99376419333186,76924,1020,1668,20391,
272.99624192784955,76923,1021,1668,20391,
272.9972979217212,76922,1022,1668,20391,
273.00702188340273,76922,1022,1667,20392,
273.0131869937008,76922,1022,1666,20393,
273.0167647963576,76922,1022,1665,20394,
273.01825161627795,76922,1021,1666,20394,
273.0183350312515,76921,1022,1666,20394,
273.0208284733357,76921,1021,1667,20394,
273.0229968384312,76921,1021,1666,20395,
273.02895111271715,76920,1022,1666,20395,
273.0290401661127,76920,1021,1667,20395,
273.0300196770477,76920,1021,1666,20396,
273.0306170720919,76919,1022,1666,20396,
273.0306173599511,76919,1021,1667,20396,
273.0310893468773,76919,1020,1668,20396,
273.03199814201736,76919,1020,1667,20397,
273.0320612519521,76919,1020,1666,20398,
273.03432410348495,76919,1019,1667,20398,
273.03470144937245,76919,1018,1668,20398,
273.04069222497196,76918,1019,1668,20398,
273.0424150560522,76917,1020,1668,20398,
273.0428210734208,76917,1019,1669,20398,
273.04352861791676,76917,1019,1668,20399,
273.0442752631749,76916,1020,1668,20399,
273.04450527823946,76916,1019,1669,20399,
273.04482693021885,76915,1020,1669,20399,
273.0470882736337,76915,1019,1670,20399,
273.04847754321844,76915,1019,1669,20400,
273.04907443635335,76915,1019,1668,20401,
273.0504056819757,76915,1019,1667,20402,
273.05130027134874,76914,1020,1667,20402,
273.05415089066054,76914,1019,1668,20402,
273.05419499321795,76914,1019,1667,20403,
273.05442042795346,76914,1019,1666,20404,
273.0590121715045,76913,1020,1666,20404,
273.05913721921956,76912,1021,1666,20404,
273.0592360347799,76911,1022,1666,20404,
273.0593920478543,76911,1021,1667,20404,
273.06073882583263,76911,1020,1668,20404,
273.0636383134889,76911,1019,1669,20404,
273.06441572079194,76911,1019,1668,20405,
273.06620225614023,76911,1018,1669,20405,
273.06670672897866,76911,1018,1668,20406,
273.06697206948894,76911,1018,1667,20407,
273.06734386476734,76911,1018,1666,20408,
273.06953462332814,76910,1019,1666,20408,
273.07179347415104,76910,1019,1665,20409,
273.07201928883404,76909,1020,1665,20409,
273.0731744998103,76909,1019,1666,20409,
273.07454630884905,76909,1019,1665,20410,
273.0750110750674,76909,1018,1666,20410,
273.0755348375742,76909,1017,1667,20410,
273.07654788857747,76908,1018,1667,20410,
273.0772250723048,76908,1017,1668,20410,
273.0779688656518,76908,1016,1669,20410,
273.07969723834657,76908,1016,1668,20411,
273.07976621072265,76907,1017,1668,20411,
273.0801995893947,76907,1016,1669,20411,
273.08222220951734,76907,1016,1668,20412,
273.0859523950046,76907,1015,1669,20412,
273.08669494746687,76907,1014,1670,20412,
273.0867051177687,76907,1014,1669,20413,
273.0873489935152,76906,1015,1669,20413,
273.0883165046835,76906,1015,1668,20414,
273.0926163760174,76905,1016,1668,20414,
273.09386650033866,76905,1015,1669,20414,
273.09502111877305,76904,1016,1669,20414,
273.09513104999036,76903,1017,1669,20414,
273.0952370331189,76902,1018,1669,20414,
273.1001496127029,76902,1017,1670,20414,
273.10127519610785,76902,1017,1669,20415,
273.1019383007338,76902,1016,1670,20415,
273.10404950044915,76902,1015,1671,20415,
273.10489671527495,76901,1016,1671,20415,
273.10599104926797,76901,1016,1670,20416,
273.1078307607973,76900,1017,1670,20416,
273.1078459902385,76900,1017,1669,20417,
273.10798578855844,76900,1016,1670,20417,
273.10833537128906,76900,1015,1671,20417,
273.10878173303433,76899,1016,1671,20417,
273.10945024813753,76898,1017,1671,20417,
273.1105841354746,76897,1018,1671,20417,
273.1118855417302,76897,1017,1672,20417,
273.11215480747614,76897,1017,1671,20418,
273.1164925056315,76897,1017,1670,20419,
273.1178778229463,76896,1018,1670,20419,
273.11862454485714,76896,1018,1669,20420,
273.11884378764006,76896,1018,1668,20421,
273.1212793571122,76896,1017,1669,20421,
273.1242575417591,76896,1017,1668,20422,
273.12528872827613,76895,1018,1668,20422,
273.1284499161814,76894,1019,1668,20422,
273.12939465479354,76893,1020,1668,20422,
273.1316716062388,76893,1020,1667,20423,
273.13348815789163,76892,1021,1667,20423,
273.13523531069154,76891,1022,1667,20423,
273.13546899618206,76890,1023,1667,20423,
273.1371449919006,76890,1022,1668,20423,
273.1379321341498,76889,1023,1668,20423,
273.13951059249365,76889,1023,1667,20424,
273.1408166539384,76888,1024,1667,20424,
273.1470111054771,76888,1024,1666,20425,
273.147349759415,76888,1024,1665,20426,
273.14765226356906,76888,1024,1664,20427,
273.1479055708305,76888,1023,1665,20427,
273.1480461319563,76887,1024,1665,20427,
273.149282299897,76886,1025,1665,20427,
273.15012233913853,76886,1025,1664,20428,
273.1530586788793,76885,1026,1664,20428,
273.15679635849324,76885,1026,1663,20429,
273.1571633227553,76885,1025,1664,20429,
273.1573266422309,76885,1024,1665,20429,
273.15966410196023,76885,1023,1666,20429,
273.1600117320747,76885,1023,1665,20430,
273.1615924149775,76884,1024,1665,20430,
273.16449071597884,76884,1023,1666,20430,
273.1649697271582,76883,1024,1666,20430,
273.1700088855262,76882,1025,1666,20430,
273.17229140030753,76881,1026,1666,20430,
273.17239361355615,76881,1025,1667,20430,
273.17431157834875,76880,1026,1667,20430,
273.1753719997968,76880,1026,1666,20431,
273.17938080735934,76880,1025,1667,20431,
273.1844170454172,76879,1026,1667,20431,
273.18861188170246,76879,1025,1668,20431,
273.1890869769742,76879,1025,1667,20432,
273.19174801417734,76878,1026,1667,20432,
273.1918570216955,76878,1025,1668,20432,
273.1955751458277,76877,1026,1668,20432,
273.19808399842793,76876,1027,1668,20432,
273.2037917419679,76875,1028,1668,20432,
273.2099029409073,76875,1027,1669,20432,
273.2102878184687,76875,1027,1668,20433,
273.2104466192321,76875,1027,1667,20434,
273.21353083593334,76875,1026,1668,20434,
273.2153820028929,76875,1026,1667,20435,
273.2180983985775,76875,1026,1666,20436,
273.21861890716735,76875,1026,1665,20437,
273.2199512604389,76875,1025,1666,20437,
273.22098967688413,76875,1025,1665,20438,
273.2233822853816,76875,1024,1666,20438,
273.22346082538144,76875,1023,1667,20438,
273.2256681905228,76875,1023,1666,20439,
273.22610005176415,76874,1024,1666,20439,
273.22681509868335,76873,1025,1666,20439,
273.2275270584906,76872,1026,1666,20439,
273.2275548509708,76872,1025,1667,20439,
273.2277944525166,76872,1025,1666,20440,
273.229051951698,76872,1025,1665,20441,
273.2297716042615,76872,1025,1664,20442,
273.22995137501283,76872,1025,1663,20443,
273.2304578113539,76872,1024,1664,20443,
273.2317820927156,76872,1023,1665,20443,
273.2340274275873,76872,1022,1666,20443,
273.23746861916817,76872,1021,1667,20443,
273.23895177332736,76872,1021,1666,20444,
273.2418831563935,76872,1020,1667,20444,
273.24242337164935,76872,1019,1668,20444,
273.2482445764453,76872,1019,1667,20445,
273.2515589458424,76872,1019,1666,20446,
273.2556286999879,76871,1020,1666,20446,
273.2569628151905,76871,1019,1667,20446,
273.2573931112494,76870,1020,1667,20446,
273.25878895888883,76870,1020,1666,20447,
273.25913711507434,76870,1019,1667,20447,
273.25970489993466,76870,1019,1666,20448,
273.26018851990915,76869,1020,1666,20448,
273.2615225553966,76869,1020,1665,20449,
273.2626500876431,76868,1021,1665,20449,
273.2652408115932,76868,1020,1666,20449,
273.2791082188994,76868,1020,1665,20450,
273.2795009835698,76868,1019,1666,20450,
273.2796134610491,76868,1019,1665,20451,
273.2800444978365,76867,1020,1665,20451,
273.28109194069873,76866,1021,1665,20451,
273.2843026582474,76865,1022,1665,20451,
273.2843205382558,76865,1022,1664,20452,
273.2870904109784,76865,1022,1663,20453,
273.28731295882096,76865,1021,1664,20453,
273.2875597787614,76865,1021,1663,20454,
273.28875033765075,76865,1021,1662,20455,
273.2891989003226,76865,1021,1661,20456,
273.2924320824848,76865,1021,1660,20457,
273.29452515943564,76864,1022,1660,20457,
273.2952564914043,76863,1023,1660,20457,
273.2958714858016,76862,1024,1660,20457,
273.29592319750486,76861,1025,1660,20457,
273.29633021714506,76861,1024,1661,20457,
273.2976961713936,76860,1025,1661,20457,
273.2980251594918,76859,1026,1661,20457,
273.29812945334703,76859,1026,1660,20458,
273.3001945662559,76859,1026,1659,20459,
273.3010823686081,76859,1025,1660,20459,
273.3018046224078,76858,1026,1660,20459,
273.30270454993183,76858,1026,1659,20460,
273.3028067850301,76858,1025,1660,20460,
273.304530710899,76858,1024,1661,20460,
273.3066508974987,76858,1023,1662,20460,
273.3067616692411,76858,1023,1661,20461,
273.3073028698828,76858,1023,1660,20462,
273.30802854059004,76857,1024,1660,20462,
273.3099297481223,76857,1024,1659,20463,
273.31129622995263,76857,1023,1660,20463,
273.3124584543412,76857,1023,1659,20464,
273.3131547926077,76857,1022,1660,20464,
273.3134891283098,76856,1023,1660,20464,
273.31943317922685,76855,1024,1660,20464,
273.32824823448624,76855,1023,1661,20464,
273.33008894315503,76855,1023,1660,20465,
273.3303283861905,76855,1023,1659,20466,
273.33125739453,76855,1023,1658,20467,
273.33224573820496,76855,1022,1659,20467,
273.332803915323,76854,1023,1659,20467,
273.33538329248375,76854,1022,1660,20467,
273.33645133326434,76853,1023,1660,20467,
273.33839710307217,76853,1023,1659,20468,
273.3388464780547,76852,1024,1659,20468,
273.33934385838563,76851,1025,1659,20468,
273.3395529886446,76851,1025,1658,20469,
273.34206798646915,76850,1026,1658,20469,
273.34531686108926,76850,1026,1657,20470,
273.34677421147967,76849,1027,1657,20470,
273.3472204924618,76849,1027,1656,20471,
273.3511402032244,76848,1028,1656,20471,
273.3587771357732,76848,1027,1657,20471,
273.3588493558084,76848,1026,1658,20471,
273.36020471370097,76848,1025,1659,20471,
273.3627593247178,76848,1024,1660,20471,
273.3629508227663,76848,1024,1659,20472,
273.364181615661,76848,1024,1658,20473,
273.3685545402142,76848,1024,1657,20474,
273.3701692647836,76848,1023,1658,20474,
273.37433787015374,76847,1024,1658,20474,
273.3746123600366,76846,1025,1658,20474,
273.3756742794033,76846,1024,1659,20474,
273.37889324878705,76846,1023,1660,20474,
273.3817094671478,76846,1023,1659,20475,
273.38363680066,76845,1024,1659,20475,
273.3852844692317,76845,1024,1658,20476,
273.38656099538093,76845,1024,1657,20477,
273.3872635778554,76844,1025,1657,20477,
273.3874849602267,76844,1024,1658,20477,
273.38750453508595,76843,1025,1658,20477,
273.3922819894192,76843,1025,1657,20478,
273.3938798343559,76843,1024,1658,20478,
273.39547952186217,76843,1023,1659,20478,
273.3985037049914,76843,1023,1658,20479,
273.3992429697521,76843,1022,1659,20479,
273.4001337141386,76843,1021,1660,20479,
273.400256507092,76843,1020,1661,20479,
273.402324947345,76843,1020,1660,20480,
273.40620362368395,76842,1021,1660,20480,
273.40628221260334,76841,1022,1660,20480,
273.4071900910409,76841,1022,1659,20481,
273.41092942742637,76841,1021,1660,20481,
273.41116249758653,76841,1020,1661,20481,
273.4122531793947,76841,1019,1662,20481,
273.4128635206669,76840,1020,1662,20481,
273.4154981600291,76839,1021,1662,20481,
273.41567924934685,76839,1020,1663,20481,
273.4163502819848,76838,1021,1663,20481,
273.4165783540178,76838,1020,1664,20481,
273.4165926748992,76838,1020,1663,20482,
273.41681167269985,76838,1019,1664,20482,
273.41685360709715,76837,1020,1664,20482,
273.4169002518014,76836,1021,1664,20482,
273.417202720307,76836,1020,1665,20482,
273.42034856005483,76835,1021,1665,20482,
273.42101184331074,76834,1022,1665,20482,
273.42326641662515,76834,1021,1666,20482,
273.4251141759074,76834,1020,1667,20482,
273.4253094685652,76833,1021,1667,20482,
273.42548292739366,76833,1020,1668,20482,
273.42578420416834,76833,1020,1667,20483,
273.4274180683518,76832,1021,1667,20483,
273.42770147968406,76831,1022,1667,20483,
273.42860098586925,76831,1021,1668,20483,
273.4288373367971,76830,1022,1668,20483,
273.4291669430988,76830,1021,1669,20483,
273.4310577831984,76830,1021,1668,20484,
273.43448666279636,76830,1021,1667,20485,
273.43492331238747,76830,1021,1666,20486,
273.43501821194457,76830,1020,1667,20486,
273.43520049838804,76830,1020,1666,20487,
273.43660003978795,76829,1021,1666,20487,
273.43864998004244,76829,1021,1665,20488,
273.43911391814214,76829,1020,1666,20488,
273.4394486684514,76829,1019,1667,20488,
273.4397757771843,76828,1020,1667,20488,
273.44404446936255,76828,1019,1668,20488,
273.4468236229509,76828,1019,1667,20489,
273.44823489556836,76828,1018,1668,20489,
273.4502773770714,76827,1019,1668,20489,
273.4508107533146,76827,1019,1667,20490,
273.45131011368284,76827,1018,1668,20490,
273.4525087296629,76827,1018,1667,20491,
273.45743083731645,76827,1018,1666,20492,
273.4584307128578,76827,1017,1667,20492,
273.4612417206623,76827,1016,1668,20492,
273.4642127762298,76826,1017,1668,20492,
273.4661209343782,76826,1017,1667,20493,
273.4670911937805,76826,1016,1668,20493,
273.4699220654802,76825,1017,1668,20493,
273.47147283625713,76825,1016,1669,20493,
273.47533146761873,76824,1017,1669,20493,
273.4758359105761,76824,1017,1668,20494,
273.4764350727227,76823,1018,1668,20494,
273.4861186849189,76823,1017,1669,20494,
273.48623760664265,76823,1017,1668,20495,
273.4872280640451,76823,1016,1669,20495,
273.4919736886583,76823,1016,1668,20496,
273.49264112620926,76823,1016,1667,20497,
273.49886470953567,76823,1015,1668,20497,
273.49947869865605,76823,1015,1667,20498,
273.50175870176554,76823,1015,1666,20499,
273.5018194358718,76823,1015,1665,20500,
273.50253965108067,76823,1014,1666,20500,
273.5036084965696,76822,1015,1666,20500,
273.506333717114,76821,1016,1666,20500,
273.51029200235195,76821,1016,1665,20501,
273.51090980321203,76820,1017,1665,20501,
273.5112440295327,76820,1016,1666,20501,
273.51223122377627,76820,1016,1665,20502,
273.5128719805705,76820,1015,1666,20502,
273.5157809055256,76820,1015,1665,20503,
273.5168751951028,76819,1016,1665,20503,
273.5176015006474,76819,1015,1666,20503,
273.5195067895155,76819,1014,1667,20503,
273.52067930924255,76818,1015,1667,20503,
273.5226857373501,76818,1014,1668,20503,
273.5228492880052,76818,1014,1667,20504,
273.52586677250474,76818,1013,1668,20504,
273.5323745997907,76818,1013,1667,20505,
273.53633308392847,76817,1014,1667,20505,
273.53803352670656,76817,1013,1668,20505,
273.5418093730279,76817,1013,1667,20506,
273.5418816707029,76817,1013,1666,20507,
273.542044135007,76817,1013,1665,20508,
273.54217180832165,76816,1014,1665,20508,
273.5450422304824,76816,1013,1666,20508,
273.54661361368204,76816,1012,1667,20508,
273.54798060819434,76815,1013,1667,20508,
273.5487865148326,76814,1014,1667,20508,
273.5519178841025,76814,1013,1668,20508,
273.5520854060468,76813,1014,1668,20508,
273.5548236323973,76813,1014,1667,20509,
273.55546229103993,76813,1013,1668,20509,
273.5558824175566,76813,1013,1667,20510,
273.5565622978736,76812,1014,1667,20510,
273.5623503909715,76812,1014,1666,20511,
273.56318540066223,76812,1013,1667,20511,
273.56813406083734,76812,1013,1666,20512,
273.5729392148317,76812,1013,1665,20513,
273.57772264658416,76812,1013,1664,20514,
273.57839421723975,76812,1013,1663,20515,
273.5800302244848,76812,1012,1664,20515,
273.5820720315908,76811,1013,1664,20515,
273.58414666970066,76810,1014,1664,20515,
273.58706221908943,76809,1015,1664,20515,
273.58849275358165,76808,1016,1664,20515,
273.58945338349264,76807,1017,1664,20515,
273.59076343208216,76807,1016,1665,20515,
273.59253920356224,76806,1017,1665,20515,
273.59516656627153,76805,1018,1665,20515,
273.595829879165,76805,1017,1666,20515,
273.59612902451454,76804,1018,1666,20515,
273.59647769927915,76804,1018,1665,20516,
273.5992131568182,76804,1017,1666,20516,
273.60035782830494,76804,1016,1667,20516,
273.60153398578103,76803,1017,1667,20516,
273.6019978240024,76803,1017,1666,20517,
273.6070356022161,76802,1018,1666,20517,
273.6093948949627,76802,1017,1667,20517,
273.61017307639526,76801,1018,1667,20517,
273.6154614907038,76801,1017,1668,20517,
273.61715146530463,76800,1018,1668,20517,
273.6206443998051,76799,1019,1668,20517,
273.6264885376735,76799,1018,1669,20517,
273.62720542034884,76798,1019,1669,20517,
273.62723514104687,76798,1019,1668,20518,
273.6293532880551,76797,1020,1668,20518,
273.6323229779644,76797,1020,1667,20519,
273.63235718529006,76797,1019,1668,20519,
273.63293542453096,76796,1020,1668,20519,
273.63677776709113,76796,1019,1669,20519,
273.64071049572937,76796,1019,1668,20520,
273.64166999134756,76796,1019,1667,20521,
273.6445466886252,76796,1018,1668,20521,
273.64475588318453,76796,1018,1667,20522,
273.6460992748603,76796,1018,1666,20523,
273.6469144802219,76796,1017,1667,20523,
273.64795898978696,76796,1016,1668,20523,
273.6530103443919,76795,1017,1668,20523,
273.65368637022345,76795,1017,1667,20524,
273.65391781724594,76795,1016,1668,20524,
273.65495484396695,76795,1015,1669,20524,
273.65563999613204,76795,1014,1670,20524,
273.65820152510554,76795,1014,1669,20525,
273.6585411697675,76795,1014,1668,20526,
273.65960302478453,76795,1014,1667,20527,
273.6606805783717,76794,1015,1667,20527,
273.6610068033879,76794,1014,1668,20527,
273.66104648947646,76794,1013,1669,20527,
273.6672763708815,76794,1012,1670,20527,
273.668335947673,76793,1013,1670,20527,
273.66864191597404,76792,1014,1670,20527,
273.66906345397564,76792,1013,1671,20527,
273.6723810067799,76791,1014,1671,20527,
273.67449198029476,76791,1013,1672,20527,
273.67475679012495,76791,1013,1671,20528,
273.67763604651867,76790,1014,1671,20528,
273.679248128059,76790,1013,1672,20528,
273.6824010362327,76790,1012,1673,20528,
273.682809234694,76790,1012,1672,20529,
273.68431241913606,76790,1012,1671,20530,
273.68760648478593,76790,1011,1672,20530,
273.6879994306179,76789,1012,1672,20530,
273.688332192483,76789,1011,1673,20530,
273.6886375356944,76789,1011,1672,20531,
273.69065612448463,76788,1012,1672,20531,
273.6939643226351,76787,1013,1672,20531,
273.6986568957292,76786,1014,1672,20531,
273.70037373817183,76785,1015,1672,20531,
273.7092882672498,76785,1015,1671,20532,
273.71064705176565,76785,1015,1670,20533,
273.71085521920344,76784,1016,1670,20533,
273.71544829325734,76784,1016,1669,20534,
273.71681140736155,76784,1016,1668,20535,
273.7174849888371,76784,1015,1669,20535,
273.71812532120805,76784,1014,1670,20535,
273.7190540000771,76784,1013,1671,20535,
273.7214890704034,76783,1014,1671,20535,
273.7248258694342,76783,1013,1672,20535,
273.72751544091506,76783,1012,1673,20535,
273.7310330987093,76783,1012,1672,20536,
273.73174865974744,76782,1013,1672,20536,
273.7361725531526,76782,1012,1673,20536,
273.73746506411146,76782,1011,1674,20536,
273.73952259881224,76781,1012,1674,20536,
273.7429086630077,76781,1011,1675,20536,
273.74400086748426,76780,1012,1675,20536,
273.7481369648182,76780,1012,1674,20537,
273.74843898901474,76780,1011,1675,20537,
273.74891443222,76780,1011,1674,20538,
273.7532326860352,76779,1012,1674,20538,
273.75421879496224,76779,1012,1673,20539,
273.75461454287273,76779,1011,1674,20539,
273.757757116002,76779,1011,1673,20540,
273.7591646683933,76779,1010,1674,20540,
273.7591965624679,76779,1009,1675,20540,
273.7594824723312,76779,1009,1674,20541,
273.76261729497804,76779,1008,1675,20541,
273.7643433563925,76779,1008,1674,20542,
273.76619384510155,76779,1008,1673,20543,
273.76655760238026,76779,1007,1674,20543,
273.7681731486628,76778,1008,1674,20543,
273.7682077425364,76778,1007,1675,20543,
273.769223156538,76778,1007,1674,20544,
273.76949841843725,76777,1008,1674,20544,
273.771387407772,76777,1008,1673,20545,
273.77325170813765,76776,1009,1673,20545,
273.7733645820245,76776,1008,1674,20545,
273.77482655863423,76776,1007,1675,20545,
273.7794354902508,76775,1008,1675,20545,
273.7855891191343,76775,1008,1674,20546,
273.7883527157165,76775,1008,1673,20547,
273.78849238087935,76775,1007,1674,20547,
273.78856810052866,76775,1007,1673,20548,
273.7901866460137,76775,1007,1672,20549,
273.79021499577186,76775,1007,1671,20550,
273.7902394540131,76775,1007,1670,20551,
273.79351529191325,76775,1007,1669,20552,
273.79378368112793,76775,1007,1668,20553,
273.797006649655,76774,1008,1668,20553,
273.79785233882143,76774,1007,1669,20553,
273.7995341046749,76774,1006,1670,20553,
273.79964431816444,76774,1005,1671,20553,
273.7997870383469,76774,1005,1670,20554,
273.8028028337331,76774,1004,1671,20554,
273.8031477172819,76774,1004,1670,20555,
273.8032776897147,76774,1003,1671,20555,
273.8062828828333,76774,1003,1670,20556,
273.8074963158298,76774,1003,1669,20557,
273.80786921348476,76773,1004,1669,20557,
273.8097555990189,76773,1003,1670,20557,
273.8106123123886,76772,1004,1670,20557,
273.81274942557064,76772,1003,1671,20557,
273.81335247700497,76771,1004,1671,20557,
273.8148175514334,76770,1005,1671,20557,
273.8149773049621,76769,1006,1671,20557,
273.81944670694776,76769,1006,1670,20558,
273.82290370586145,76769,1005,1671,20558,
273.823154835482,76769,1005,1670,20559,
273.8245254405879,76768,1006,1670,20559,
273.8276984467417,76768,1006,1669,20560,
273.82827792605633,76767,1007,1669,20560,
273.82874590130234,76767,1007,1668,20561,
273.8291836612843,76766,1008,1668,20561,
273.82923542639924,76766,1008,1667,20562,
273.8294421642197,76766,1007,1668,20562,
273.8305095159825,76766,1007,1667,20563,
273.83175291370856,76765,1008,1667,20563,
273.8318559381672,76765,1008,1666,20564,
273.83353577237494,76765,1008,1665,20565,
273.8339053097439,76765,1007,1666,20565,
273.8339998603982,76765,1007,1665,20566,
273.83451782264797,76764,1008,1665,20566,
273.8377052152312,76764,1008,1664,20567,
273.83830587820086,76764,1008,1663,20568,
273.8393882592999,76764,1007,1664,20568,
273.8415082847486,76764,1007,1663,20569,
273.8447601209146,76764,1006,1664,20569,
273.84485352193605,76764,1005,1665,20569,
273.8450182325273,76764,1005,1664,20570,
273.8462934820529,76764,1005,1663,20571,
273.84892682549537,76764,1005,1662,20572,
273.8495122153263,76764,1005,1661,20573,
273.85062246145634,76764,1005,1660,20574,
273.8515515290823,76763,1006,1660,20574,
273.85199850288086,76762,1007,1660,20574,
273.8542169482495,76761,1008,1660,20574,
273.8547168302119,76761,1008,1659,20575,
273.8567053110893,76760,1009,1659,20575,
273.85717885207987,76759,1010,1659,20575,
273.8600685207439,76759,1009,1660,20575,
273.8601647193352,76759,1009,1659,20576,
273.86134197252045,76758,1010,1659,20576,
273.862126370477,76758,1009,1660,20576,
273.8622930854036,76758,1009,1659,20577,
273.8631285600649,76758,1008,1660,20577,
273.8639219776659,76758,1007,1661,20577,
273.8661853184714,76757,1008,1661,20577,
273.86832033979033,76757,1007,1662,20577,
273.87517148706354,76756,1008,1662,20577,
273.87518591369917,76756,1007,1663,20577,
273.87534894961595,76756,1007,1662,20578,
273.8757754547379,76756,1006,1663,20578,
273.8777943649094,76756,1005,1664,20578,
273.8812352530732,76755,1006,1664,20578,
273.8841881248028,76754,1007,1664,20578,
273.8851501950091,76754,1007,1663,20579,
273.8869827269633,76753,1008,1663,20579,
273.8914767111835,76753,1007,1664,20579,
273.89832657218386,76753,1007,1663,20580,
273.9009466101559,76753,1007,1662,20581,
273.90376866197744,76753,1006,1663,20581,
273.90594832754624,76753,1005,1664,20581,
273.9061489982984,76752,1006,1664,20581,
273.9064929520169,76751,1007,1664,20581,
273.91211409098685,76750,1008,1664,20581,
273.9130978588737,76750,1007,1665,20581,
273.91427017819734,76750,1007,1664,20582,
273.9273170143407,76749,1008,1664,20582,
273.92957169036447,76749,1007,1665,20582,
273.93318723374637,76748,1008,1665,20582,
273.9334804036822,76748,1007,1666,20582,
273.93548795734256,76748,1006,1667,20582,
273.93725119429405,76747,1007,1667,20582,
273.9391999468152,76746,1008,1667,20582,
273.9405481912018,76746,1008,1666,20583,
273.94151103294365,76746,1008,1665,20584,
273.9451228513171,76745,1009,1665,20584,
273.9482538277164,76745,1009,1664,20585,
273.9519132873941,76744,1010,1664,20585,
273.9519874215022,76744,1010,1663,20586,
273.95235808031043,76743,1011,1663,20586,
273.9532204026407,76743,1010,1664,20586,
273.9557339772025,76743,1010,1663,20587,
273.96352552357234,76743,1009,1664,20587,
273.9641521920486,76743,1008,1665,20587,
273.9656088719474,76743,1008,1664,20588,
273.96801786322993,76743,1008,1663,20589,
273.9745616239214,76743,1007,1664,20589,
273.9751196479345,76743,1006,1665,20589,
273.97672934836567,76743,1006,1664,20590,
273.97879703510245,76743,1005,1665,20590,
273.9809119595359,76743,1004,1666,20590,
273.98250224736057,76743,1003,1667,20590,
273.9838199009684,76743,1003,1666,20591,
273.9859759630229,76743,1002,1667,20591,
273.9894115994673,76742,1003,1667,20591,
273.9921455481141,76742,1002,1668,20591,
273.9928660821465,76741,1003,1668,20591,
273.99317414975144,76740,1004,1668,20591,
273.9938909112597,76740,1003,1669,20591,
273.9943651745898,76740,1002,1670,20591,
273.9946989650239,76739,1003,1670,20591,
273.99504012761014,76738,1004,1670,20591,
273.99573599555623,76737,1005,1670,20591,
273.997587780024,76737,1004,1671,20591,
273.9996355958902,76736,1005,1671,20591,
274.00167073695224,76736,1004,1672,20591,
274.00198544943737,76736,1003,1673,20591,
274.00455049697496,76736,1002,1674,20591,
274.00471583421063,76735,1003,1674,20591,
274.00810544938616,76734,1004,1674,20591,
274.00931081208665,76733,1005,1674,20591,
274.0104529238807,76733,1004,1675,20591,
274.01079286171944,76733,1004,1674,20592,
274.01084071148335,76733,1003,1675,20592,
274.01303716930664,76733,1002,1676,20592,
274.01305914169865,76733,1002,1675,20593,
274.0130934280557,76732,1003,1675,20593,
274.0139507453849,76731,1004,1675,20593,
274.0156184114927,76731,1003,1676,20593,
274.01808351387393,76730,1004,1676,20593,
274.01831418850986,76730,1004,1675,20594,
274.01928622948884,76730,1003,1676,20594,
274.01991004390516,76729,1004,1676,20594,
274.0235347746361,76729,1004,1675,20595,
274.0242162579096,76729,1004,1674,20596,
274.0277458544097,76729,1004,1673,20597,
274.0342875027591,76729,1003,1674,20597,
274.0351116511938,76729,1003,1673,20598,
274.04271389488235,76729,1002,1674,20598,
274.0439357371792,76728,1003,1674,20598,
274.0439424338515,76727,1004,1674,20598,
274.04705625506244,76727,1003,1675,20598,
274.0488166043221,76727,1003,1674,20599,
274.05058460667834,76727,1003,1673,20600,
274.0508745456347,76726,1004,1673,20600,
274.05133364980406,76726,1003,1674,20600,
274.0535189145195,76725,1004,1674,20600,
274.0538557322741,76725,1003,1675,20600,
274.0550903529795,76724,1004,1675,20600,
274.05553542232644,76724,1003,1676,20600,
274.05597664894304,76724,1002,1677,20600,
274.05831298245766,76724,1001,1678,20600,
274.0584923671175,76723,1002,1678,20600,
274.060776423124,76722,1003,1678,20600,
274.0628338187196,76721,1004,1678,20600,
274.0634180915397,76721,1004,1677,20601,
274.0640600750109,76721,1003,1678,20601,
274.06706524418945,76721,1003,1677,20602,
274.0671879320409,76721,1003,1676,20603,
274.07047094379806,76721,1003,1675,20604,
274.07101331120595,76721,1002,1676,20604,
274.0713045426224,76721,1001,1677,20604,
274.07249197899023,76721,1001,1676,20605,
274.0726331434042,76720,1002,1676,20605,
274.07472013643786,76720,1002,1675,20606,
274.07549220550874,76719,1003,1675,20606,
274.07809469514024,76719,1002,1676,20606,
274.08019375446526,76719,1002,1675,20607,
274.08061176858575,76719,1002,1674,20608,
274.0876990474006,76718,1003,1674,20608,
274.0886303552472,76718,1002,1675,20608,
274.08985851609253,76717,1003,1675,20608,
274.089957572588,76716,1004,1675,20608,
274.0906634502319,76715,1005,1675,20608,
274.0946409432698,76714,1006,1675,20608,
274.09471009521866,76713,1007,1675,20608,
274.0950703704681,76713,1007,1674,20609,
274.09720978528907,76712,1008,1674,20609,
274.0994514047423,76711,1009,1674,20609,
274.10001079791414,76711,1009,1673,20610,
274.1022993128519,76711,1008,1674,20610,
274.1055900333087,76710,1009,1674,20610,
274.1058198690153,76710,1009,1673,20611,
274.10582095673396,76710,1009,1672,20612,
274.10682905522214,76709,1010,1672,20612,
274.10743366368536,76708,1011,1672,20612,
274.1079976468836,76708,1011,1671,20613,
274.1081635470727,76707,1012,1671,20613,
274.1090778608042,76706,1013,1671,20613,
274.109262574594,76706,1013,1670,20614,
274.10940155498344,76706,1012,1671,20614,
274.113186241168,76706,1011,1672,20614,
274.11438525704983,76706,1010,1673,20614,
274.11451198560474,76706,1009,1674,20614,
274.1179830816365,76706,1008,1675,20614,
274.11868048256605,76705,1009,1675,20614,
274.1193290359596,76705,1008,1676,20614,
274.12006108480944,76705,1008,1675,20615,
274.1257576850939,76705,1007,1676,20615,
274.1267124319273,76705,1007,1675,20616,
274.1286553990121,76705,1006,1676,20616,
274.12877952613735,76705,1006,1675,20617,
274.1297155786204,76705,1006,1674,20618,
274.13135234831265,76705,1005,1675,20618,
274.1341868962671,76705,1005,1674,20619,
274.1352520104166,76705,1005,1673,20620,
274.13549655472616,76705,1005,1672,20621,
274.1359979895966,76705,1005,1671,20622,
274.13761432548046,76704,1006,1671,20622,
274.13813855837213,76704,1006,1670,20623,
274.13910640133673,76704,1005,1671,20623,
274.13911242099573,76704,1005,1670,20624,
274.14040210425287,76704,1005,1669,20625,
274.14382315052336,76704,1005,1668,20626,
274.14620641034605,76704,1005,1667,20627,
274.1503902421945,76704,1004,1668,20627,
274.15112096710925,76704,1004,1667,20628,
274.1512221637317,76704,1004,1666,20629,
274.1514876559115,76704,1003,1667,20629,
274.15474022401986,76704,1003,1666,20630,
274.15819645817936,76703,1004,1666,20630,
274.1587182595273,76702,1005,1666,20630,
274.15903210946306,76702,1005,1665,20631,
274.15945158760223,76701,1006,1665,20631,
274.1606004677977,76700,1007,1665,20631,
274.16193225566843,76700,1007,1664,20632,
274.16210103797533,76699,1008,1664,20632,
274.1640041183822,76699,1007,1665,20632,
274.1660515311447,76698,1008,1665,20632,
274.16785301838166,76698,1008,1664,20633,
274.1680300106469,76698,1008,1663,20634,
274.1702804326568,76697,1009,1663,20634,
274.1707035843885,76696,1010,1663,20634,
274.17076728258303,76696,1009,1664,20634,
274.1707864380745,76696,1009,1663,20635,
274.17112475673866,76695,1010,1663,20635,
274.1719316012964,76695,1009,1664,20635,
274.1727718262998,76695,1009,1663,20636,
274.17431597961325,76695,1008,1664,20636,
274.1769346364117,76694,1009,1664,20636,
274.1778307269528,76694,1009,1663,20637,
274.17805589169694,76694,1009,1662,20638,
274.17830815178735,76694,1008,1663,20638,
274.18248388292704,76694,1007,1664,20638,
274.18281846358775,76694,1006,1665,20638,
274.18300341198824,76693,1007,1665,20638,
274.1838678860613,76693,1007,1664,20639,
274.18475129135055,76693,1006,1665,20639,
274.19005815019415,76693,1005,1666,20639,
274.1924935435352,76693,1004,1667,20639,
274.1985526262018,76693,1003,1668,20639,
274.19872418333216,76693,1002,1669,20639,
274.20026321014217,76693,1002,1668,20640,
274.2034545214466,76692,1003,1668,20640,
274.2041169819323,76691,1004,1668,20640,
274.204683694439,76690,1005,1668,20640,
274.2074528980995,76690,1005,1667,20641,
274.20815231031685,76689,1006,1667,20641,
274.21001552907296,76689,1005,1668,20641,
274.2118375340689,76689,1005,1667,20642,
274.2125422651459,76689,1004,1668,20642,
274.2134570673894,76689,1003,1669,20642,
274.21481388913617,76689,1002,1670,20642,
274.21662919313155,76688,1003,1670,20642,
274.21731574347,76688,1002,1671,20642,
274.219447934905,76688,1002,1670,20643,
274.2232522233597,76687,1003,1670,20643,
274.2234705968913,76687,1002,1671,20643,
274.224404049904,76687,1002,1670,20644,
274.22545787812163,76687,1002,1669,20645,
274.22823147949384,76686,1003,1669,20645,
274.2328626929307,76686,1003,1668,20646,
274.23399513611105,76686,1003,1667,20647,
274.23630064588247,76686,1003,1666,20648,
274.238256315157,76686,1002,1667,20648,
274.2392849478227,76686,1002,1666,20649,
274.2393000460535,76686,1002,1665,20650,
274.2414511144998,76685,1003,1665,20650,
274.24193404305504,76684,1004,1665,20650,
274.24317476215623,76684,1003,1666,20650,
274.24725003309203,76684,1002,1667,20650,
274.249246708323,76684,1002,1666,20651,
274.2532989355743,76683,1003,1666,20651,
274.2533924713804,76683,1002,1667,20651,
274.2557580804254,76682,1003,1667,20651,
274.2572179987574,76682,1003,1666,20652,
274.2575126675876,76682,1002,1667,20652,
274.2632578069958,76681,1003,1667,20652,
274.2640408533298,76681,1003,1666,20653,
274.2689973134739,76681,1002,1667,20653,
274.27057808526706,76681,1002,1666,20654,
274.2730276146794,76681,1002,1665,20655,
274.27385738265326,76681,1002,1664,20656,
274.2751789449526,76680,1003,1664,20656,
274.27663187593834,76680,1002,1665,20656,
274.27705962993747,76679,1003,1665,20656,
274.2771808639278,76679,1002,1666,20656,
274.2788448086501,76679,1001,1667,20656,
274.2834111798953,76679,1001,1666,20657,
274.28369343913533,76678,1002,1666,20657,
274.28444404783085,76678,1001,1667,20657,
274.285075589961,76677,1002,1667,20657,
274.2855465135521,76676,1003,1667,20657,
274.2879766523736,76675,1004,1667,20657,
274.28833165546575,76675,1003,1668,20657,
274.28973415776227,76674,1004,1668,20657,
274.2919308991753,76673,1005,1668,20657,
274.29642218927825,76672,1006,1668,20657,
274.29804781288226,76671,1007,1668,20657,
274.2995009927916,76670,1008,1668,20657,
274.302260905565,76670,1008,1667,20658,
274.30415689320336,76670,1008,1666,20659,
274.30496905668934,76670,1008,1665,20660,
274.3054370542056,76669,1009,1665,20660,
274.3054771722623,76669,1008,1666,20660,
274.3081213243496,76669,1008,1665,20661,
274.3093343484903,76668,1009,1665,20661,
274.3095914135012,76668,1008,1666,20661,
274.30997076563204,76668,1008,1665,20662,
274.3102804672634,76668,1007,1666,20662,
274.3112930470245,76668,1007,1665,20663,
274.3117055448871,76667,1008,1665,20663,
274.3133353719747,76666,1009,1665,20663,
274.31422549468266,76666,1008,1666,20663,
274.314859297803,76665,1009,1666,20663,
274.3176906653992,76665,1008,1667,20663,
274.31822135261353,76665,1008,1666,20664,
274.321489100941,76665,1008,1665,20665,
274.32194948526575,76665,1008,1664,20666,
274.3226238592701,76665,1008,1663,20667,
274.323363557176,76664,1009,1663,20667,
274.3283143854784,76663,1010,1663,20667,
274.3296488058493,76662,1011,1663,20667,
274.329780227846,76661,1012,1663,20667,
274.33031888055416,76661,1011,1664,20667,
274.330570557546,76661,1011,1663,20668,
274.3315155392039,76661,1010,1664,20668,
274.33157648858,76661,1009,1665,20668,
274.3328921086567,76661,1008,1666,20668,
274.33478249692206,76661,1008,1665,20669,
274.3370696572468,76660,1009,1665,20669,
274.33712038071303,76660,1008,1666,20669,
274.3382825842696,76660,1008,1665,20670,
274.33923287298995,76660,1007,1666,20670,
274.3427805402294,76660,1007,1665,20671,
274.34540119845343,76660,1007,1664,20672,
274.34711950887265,76660,1007,1663,20673,
274.3484048437817,76660,1006,1664,20673,
274.34902317896103,76660,1005,1665,20673,
274.3493579892131,76659,1006,1665,20673,
274.3500839198,76659,1005,1666,20673,
274.35017198257765,76659,1004,1667,20673,
274.3554857063309,76658,1005,1667,20673,
274.3566167542477,76658,1004,1668,20673,
274.36049117657126,76658,1004,1667,20674,
274.3625872485797,76657,1005,1667,20674,
274.36508887349373,76657,1004,1668,20674,
274.36547750992395,76657,1003,1669,20674,
274.36643883976404,76657,1003,1668,20675,
274.36786141538175,76657,1003,1667,20676,
274.37221169917643,76657,1002,1668,20676,
274.37341795543205,76657,1002,1667,20677,
274.37380163710037,76657,1002,1666,20678,
274.3766382969036,76657,1001,1667,20678,
274.38053348031957,76657,1000,1668,20678,
274.3821692858317,76656,1001,1668,20678,
274.38250899357223,76656,1000,1669,20678,
274.3854483618453,76655,1001,1669,20678,
274.385603902551,76655,1001,1668,20679,
274.3858650188542,76655,1000,1669,20679,
274.3883995132991,76655,999,1670,20679,
274.39152397389984,76654,1000,1670,20679,
274.39154592320335,76654,999,1671,20679,
274.3941692314193,76653,1000,1671,20679,
274.3945707739214,76653,999,1672,20679,
274.394848648758,76653,998,1673,20679,
274.3981296653612,76652,999,1673,20679,
274.4000938096161,76652,999,1672,20680,
274.40204380317834,76651,1000,1672,20680,
274.402408533725,76651,999,1673,20680,
274.403649581548,76650,1000,1673,20680,
274.4065420433053,76650,1000,1672,20681,
274.4078558277033,76650,999,1673,20681,
274.41037282699494,76650,999,1672,20682,
274.4133868126363,76650,999,1671,20683,
274.41443986453555,76650,999,1670,20684,
274.41498769773847,76649,1000,1670,20684,
274.4160236821752,76649,999,1671,20684,
274.41911621048496,76648,1000,1671,20684,
274.42036530100785,76648,999,1672,20684,
274.42051193693226,76647,1000,1672,20684,
274.4217902732221,76647,999,1673,20684,
274.425064443808,76647,998,1674,20684,
274.42742174831443,76646,999,1674,20684,
274.4294147746644,76646,998,1675,20684,
274.42957765330436,76646,998,1674,20685,
274.43132284939946,76646,998,1673,20686,
274.4319526310436,76646,997,1674,20686,
274.43215791586994,76645,998,1674,20686,
274.4337410000911,76645,997,1675,20686,
274.43801942136577,76645,997,1674,20687,
274.43826165501844,76644,998,1674,20687,
274.4406486838255,76644,997,1675,20687,
274.44067606140436,76643,998,1675,20687,
274.44102156839193,76643,998,1674,20688,
274.4415678611709,76643,997,1675,20688,
274.44355713900643,76642,998,1675,20688,
274.44450752095105,76642,997,1676,20688,
274.4447026361895,76641,998,1676,20688,
274.44789829758844,76641,997,1677,20688,
274.44921559429275,76640,998,1677,20688,
274.44936346527186,76640,997,1678,20688,
274.45048258651025,76640,997,1677,20689,
274.45145680289994,76639,998,1677,20689,
274.45270577223977,76638,999,1677,20689,
274.4540623301525,76638,999,1676,20690,
274.4587985787216,76638,998,1677,20690,
274.4592518042959,76638,997,1678,20690,
274.46114506879917,76638,996,1679,20690,
274.462475547189,76638,996,1678,20691,
274.46277608217383,76638,995,1679,20691,
274.4658759591057,76638,994,1680,20691,
274.4670001277443,76638,993,1681,20691,
274.4736251268406,76637,994,1681,20691,
274.4755374060319,76637,994,1680,20692,
274.4794754300546,76637,994,1679,20693,
274.4799559393898,76637,994,1678,20694,
274.48559199189117,76637,993,1679,20694,
274.48569553650873,76636,994,1679,20694,
274.4865649672436,76636,993,1680,20694,
274.48713415334004,76635,994,1680,20694,
274.48776123876485,76635,993,1681,20694,
274.4895342378672,76634,994,1681,20694,
274.48955648742174,76634,993,1682,20694,
274.4906790416634,76634,993,1681,20695,
274.492531016664,76633,994,1681,20695,
274.4934454657171,76632,995,1681,20695,
274.4934648414962,76631,996,1681,20695,
274.5001037333497,76630,997,1681,20695,
274.50051528110885,76630,997,1680,20696,
274.5020118689159,76629,998,1680,20696,
274.50543329640897,76629,998,1679,20697,
274.50568902017926,76629,998,1678,20698,
274.50709574571084,76628,999,1678,20698,
274.50872691189295,76628,998,1679,20698,
274.5087412328312,76628,997,1680,20698,
274.51030029892814,76628,996,1681,20698,
274.51065895596673,76628,996,1680,20699,
274.5109384547093,76628,996,1679,20700,
274.51197742352,76627,997,1679,20700,
274.5127736627262,76626,998,1679,20700,
274.51359351858866,76626,998,1678,20701,
274.5143175436094,76625,999,1678,20701,
274.5152385853761,76624,1000,1678,20701,
274.51775626844915,76624,1000,1677,20702,
274.5186011679182,76624,999,1678,20702,
274.51924432399136,76624,999,1677,20703,
274.51935333759235,76624,998,1678,20703,
274.5222327780586,76623,999,1678,20703,
274.5226292564463,76623,999,1677,20704,
274.5227196787922,76623,998,1678,20704,
274.5235540168199,76622,999,1678,20704,
274.5294213957119,76621,1000,1678,20704,
274.53446675174445,76620,1001,1678,20704,
274.53452730778287,76620,1000,1679,20704,
274.53649140749417,76620,999,1680,20704,
274.53799320532056,76619,1000,1680,20704,
274.53879019150514,76619,999,1681,20704,
274.54063438532,76618,1000,1681,20704,
274.5411303178022,76618,999,1682,20704,
274.54343425416266,76618,998,1683,20704,
274.5448475863132,76618,998,1682,20705,
274.54908157652056,76618,998,1681,20706,
274.5498336088009,76618,998,1680,20707,
274.54985903695496,76618,997,1681,20707,
274.5520633065764,76617,998,1681,20707,
274.55359793439555,76617,997,1682,20707,
274.55553993310554,76617,996,1683,20707,
274.5555625626287,76617,996,1682,20708,
274.55824664854936,76616,997,1682,20708,
274.5597807614315,76615,998,1682,20708,
274.5600442361873,76615,997,1683,20708,
274.56134299427094,76615,996,1684,20708,
274.56186315258344,76615,995,1685,20708,
274.56387603408865,76615,994,1686,20708,
274.56426489280346,76615,994,1685,20709,
274.56450724797867,76614,995,1685,20709,
274.56610702976656,76614,994,1686,20709,
274.5682205946326,76614,994,1685,20710,
274.5682262643023,76614,993,1686,20710,
274.56993389501685,76614,993,1685,20711,
274.5712624546027,76614,993,1684,20712,
274.57588692950486,76613,994,1684,20712,
274.5759003488108,76612,995,1684,20712,
274.5759059410471,76612,995,1683,20713,
274.5794918917979,76612,995,1682,20714,
274.58029990350377,76612,994,1683,20714,
274.5814461601388,76611,995,1683,20714,
274.586124589709,76611,995,1682,20715,
274.58674916812754,76611,994,1683,20715,
274.587168001553,76610,995,1683,20715,
274.5875630638004,76610,995,1682,20716,
274.58859837829755,76610,995,1681,20717,
274.5896511249159,76610,995,1680,20718,
274.5910437942617,76610,995,1679,20719,
274.59380033285345,76610,994,1680,20719,
274.59621312181235,76609,995,1680,20719,
274.5972145152317,76609,995,1679,20720,
274.5986690479502,76609,994,1680,20720,
274.60197609129517,76609,993,1681,20720,
274.6027840865514,76609,992,1682,20720,
274.605130629831,76608,993,1682,20720,
274.60581864727914,76608,993,1681,20721,
274.60595255519456,76607,994,1681,20721,
274.6092069488232,76607,993,1682,20721,
274.60995873727785,76607,992,1683,20721,
274.6100950863338,76607,991,1684,20721,
274.6114880045217,76607,990,1685,20721,
274.61747845540845,76606,991,1685,20721,
274.61824362443963,76606,991,1684,20722,
274.6202797223636,76605,992,1684,20722,
274.6219786738387,76605,992,1683,20723,
274.62345148094863,76605,991,1684,20723,
274.6236996691388,76604,992,1684,20723,
274.6244758836693,76603,993,1684,20723,
274.62484501077057,76603,993,1683,20724,
274.628266861788,76603,993,1682,20725,
274.62861051874853,76602,994,1682,20725,
274.62863553653045,76602,993,1683,20725,
274.6286422377222,76601,994,1683,20725,
274.63285769740287,76600,995,1683,20725,
274.6337113340317,76600,995,1682,20726,
274.63553014366516,76600,995,1681,20727,
274.63627661257794,76599,996,1681,20727,
274.6365312524939,76599,996,1680,20728,
274.6396812555602,76599,996,1679,20729,
274.64087069005444,76599,996,1678,20730,
274.6430192220448,76599,996,1677,20731,
274.6441092174671,76599,995,1678,20731,
274.6468427565625,76599,995,1677,20732,
274.64735112557406,76598,996,1677,20732,
274.647912565749,76597,997,1677,20732,
274.6500734320032,76597,996,1678,20732,
274.6544876509804,76597,995,1679,20732,
274.65705039149975,76597,994,1680,20732,
274.65973709331314,76597,993,1681,20732,
274.66241660082636,76597,992,1682,20732,
274.6634190807738,76596,993,1682,20732,
274.6635845092568,76596,992,1683,20732,
274.6640532600428,76596,991,1684,20732,
274.66529438580267,76596,991,1683,20733,
274.6653395502283,76595,992,1683,20733,
274.66591836704663,76594,993,1683,20733,
274.6665625675245,76593,994,1683,20733,
274.66693360895766,76593,994,1682,20734,
274.6669645569632,76593,994,1681,20735,
274.6693768104855,76593,994,1680,20736,
274.67285700911845,76593,993,1681,20736,
274.6733576504351,76593,993,1680,20737,
274.6780342421638,76592,994,1680,20737,
274.6790637067214,76592,993,1681,20737,
274.679670322596,76591,994,1681,20737,
274.67973337454043,76591,994,1680,20738,
274.68146898458986,76590,995,1680,20738,
274.6826311775979,76590,995,1679,20739,
274.68342044848356,76589,996,1679,20739,
274.6836265111813,76589,996,1678,20740,
274.6848986162246,76589,995,1679,20740,
274.6868570574218,76589,994,1680,20740,
274.6876889604519,76589,994,1679,20741,
274.6882982183052,76589,993,1680,20741,
274.6885613325397,76588,994,1680,20741,
274.68895276909495,76587,995,1680,20741,
274.6894350288211,76587,995,1679,20742,
274.6894444560353,76586,996,1679,20742,
274.6905063003343,76586,996,1678,20743,
274.6922803652497,76586,995,1679,20743,
274.6928352642438,76585,996,1679,20743,
274.6978634692788,76584,997,1679,20743,
274.7022800526679,76584,996,1680,20743,
274.70714470930966,76584,995,1681,20743,
274.70802871930994,76584,994,1682,20743,
274.7112796425613,76584,993,1683,20743,
274.71463976225135,76584,992,1684,20743,
274.71472358104535,76583,993,1684,20743,
274.7147531006939,76583,992,1685,20743,
274.71554083215733,76583,991,1686,20743,
274.7157816502899,76583,991,1685,20744,
274.7217201172764,76582,992,1685,20744,
274.72416968719904,76581,993,1685,20744,
274.7254849130066,76581,992,1686,20744,
274.72672300209865,76581,991,1687,20744,
274.72753729766845,76581,991,1686,20745,
274.727549486125,76580,992,1686,20745,
274.73044850455074,76579,993,1686,20745,
274.7318927673074,76579,993,1685,20746,
274.73643754614045,76579,992,1686,20746,
274.7398435463291,76579,992,1685,20747,
274.74040373870713,76579,992,1684,20748,
274.741709453303,76579,991,1685,20748,
274.7429356439065,76579,990,1686,20748,
274.7455558398702,76579,990,1685,20749,
274.74583167678367,76578,991,1685,20749,
274.7463573408275,76577,992,1685,20749,
274.7464242613927,76577,991,1686,20749,
274.74778295587834,76577,990,1687,20749,
274.7482601504879,76576,991,1687,20749,
274.7484150950208,76576,991,1686,20750,
274.748830729221,76576,991,1685,20751,
274.7493749674306,76576,990,1686,20751,
274.7495180004938,76575,991,1686,20751,
274.75013292638505,76574,992,1686,20751,
274.7505171950853,76574,992,1685,20752,
274.75097498708845,76574,992,1684,20753,
274.7542243541992,76574,992,1683,20754,
274.7547328223656,76574,992,1682,20755,
274.7548157943212,76574,992,1681,20756,
274.75959446093367,76573,993,1681,20756,
274.76003681958974,76572,994,1681,20756,
274.760356688305,76572,994,1680,20757,
274.7631065099654,76572,994,1679,20758,
274.76426124916355,76572,994,1678,20759,
274.764651526879,76571,995,1678,20759,
274.76764382101567,76571,994,1679,20759,
274.7680946303985,76571,994,1678,20760,
274.7705943865464,76570,995,1678,20760,
274.77157558436215,76570,995,1677,20761,
274.7716608374439,76570,994,1678,20761,
274.7722955064127,76570,994,1677,20762,
274.77251210110563,76570,993,1678,20762,
274.7727571240606,76570,992,1679,20762,
274.77286679009194,76570,992,1678,20763,
274.77369596357613,76570,991,1679,20763,
274.7742380779686,76570,990,1680,20763,
274.77470580829026,76570,989,1681,20763,
274.7757491557246,76569,990,1681,20763,
274.77603961150095,76569,989,1682,20763,
274.77730949277725,76569,988,1683,20763,
274.77793456113193,76569,987,1684,20763,
274.77912161587454,76569,987,1683,20764,
274.78141794569495,76569,986,1684,20764,
274.7833229292404,76569,985,1685,20764,
274.7855996566495,76569,985,1684,20765,
274.7856164719439,76568,986,1684,20765,
274.7864304487965,76568,986,1683,20766,
274.78746500757467,76567,987,1683,20766,
274.7876932079609,76567,987,1682,20767,
274.7930691081357,76567,986,1683,20767,
274.79370763731777,76567,985,1684,20767,
274.7953427802436,76567,985,1683,20768,
274.79569695619426,76567,985,1682,20769,
274.79593231230734,76566,986,1682,20769,
274.79616908068857,76565,987,1682,20769,
274.7980410967464,76565,987,1681,20770,
274.7987715632151,76564,988,1681,20770,
274.8015487171066,76564,988,1680,20771,
274.80186193152315,76564,987,1681,20771,
274.8027836202738,76564,986,1682,20771,
274.80364746273256,76564,985,1683,20771,
274.80401710649556,76564,984,1684,20771,
274.8085711482196,76564,984,1683,20772,
274.810811078649,76563,985,1683,20772,
274.8115321042196,76563,985,1682,20773,
274.81200573871735,76562,986,1682,20773,
274.8143618897958,76562,985,1683,20773,
274.81547357983504,76562,984,1684,20773,
274.8176997356084,76561,985,1684,20773,
274.8189636111431,76561,985,1683,20774,
274.8236062237897,76561,984,1684,20774,
274.8249555391558,76561,984,1683,20775,
274.8259461144365,76561,984,1682,20776,
274.83198064313945,76561,984,1681,20777,
274.8331440801445,76561,984,1680,20778,
274.83385613940953,76561,983,1681,20778,
274.8341955684093,76561,982,1682,20778,
274.8349816609503,76561,982,1681,20779,
274.83570703702986,76561,981,1682,20779,
274.8375733736658,76561,981,1681,20780,
274.8394333830784,76560,982,1681,20780,
274.83947125757726,76560,982,1680,20781,
274.84070326077364,76560,982,1679,20782,
274.8452092821007,76560,982,1678,20783,
274.84598512162125,76560,981,1679,20783,
274.84866419547745,76560,981,1678,20784,
274.84915140906276,76560,981,1677,20785,
274.85143238220553,76560,981,1676,20786,
274.85242945166436,76560,980,1677,20786,
274.8538511581199,76560,979,1678,20786,
274.85416528979795,76560,978,1679,20786,
274.85751935410144,76560,977,1680,20786,
274.85765358526334,76559,978,1680,20786,
274.8586395511822,76559,977,1681,20786,
274.860379029416,76558,978,1681,20786,
274.8618398467406,76557,979,1681,20786,
274.8631833990261,76556,980,1681,20786,
274.86518425311453,76556,979,1682,20786,
274.86687275222016,76555,980,1682,20786,
274.8673276583617,76554,981,1682,20786,
274.86873656473966,76554,981,1681,20787,
274.86981900035124,76553,982,1681,20787,
274.8710444871954,76552,983,1681,20787,
274.8744792233507,76551,984,1681,20787,
274.8792581032391,76551,984,1680,20788,
274.8834191310133,76551,984,1679,20789,
274.8844669275112,76551,983,1680,20789,
274.88542672357414,76551,983,1679,20790,
274.885897992779,76550,984,1679,20790,
274.8863847761569,76550,984,1678,20791,
274.8867212276711,76550,983,1679,20791,
274.8889127835809,76549,984,1679,20791,
274.89108274445294,76548,985,1679,20791,
274.8915386717609,76547,986,1679,20791,
274.8935501023955,76547,985,1680,20791,
274.8947626902124,76546,986,1680,20791,
274.89602570364417,76546,985,1681,20791,
274.89866332641725,76546,985,1680,20792,
274.900352751878,76545,986,1680,20792,
274.90089334560173,76544,987,1680,20792,
274.90194729633083,76544,986,1681,20792,
274.903937366407,76544,985,1682,20792,
274.9050301578577,76544,985,1681,20793,
274.9055192160362,76544,985,1680,20794,
274.9064726869896,76544,984,1681,20794,
274.9114484665726,76543,985,1681,20794,
274.9162011270672,76543,984,1682,20794,
274.9194981131981,76543,984,1681,20795,
274.9201087964769,76543,983,1682,20795,
274.9202461606805,76542,984,1682,20795,
274.9204254157682,76541,985,1682,20795,
274.92426212126105,76541,984,1683,20795,
274.9282027915755,76541,984,1682,20796,
274.9313323525407,76541,984,1681,20797,
274.9315546763499,76540,985,1681,20797,
274.93173231107477,76540,984,1682,20797,
274.9326983171029,76539,985,1682,20797,
274.93372825273894,76539,984,1683,20797,
274.9346919851939,76539,983,1684,20797,
274.93537700874447,76539,983,1683,20798,
274.9359072902356,76539,982,1684,20798,
274.93599171750714,76538,983,1684,20798,
274.9388137519512,76538,983,1683,20799,
274.9415515982783,76538,983,1682,20800,
274.9431642372233,76538,982,1683,20800,
274.94384477638243,76538,981,1684,20800,
274.94546031688765,76537,982,1684,20800,
274.9464550851284,76536,983,1684,20800,
274.94658309692784,76536,983,1683,20801,
274.9474514186117,76536,982,1684,20801,
274.9477969402968,76535,983,1684,20801,
274.9485429570825,76535,982,1685,20801,
274.95124517906623,76535,982,1684,20802,
274.9520936540807,76535,982,1683,20803,
274.9522482642859,76535,982,1682,20804,
274.9529842606702,76535,982,1681,20805,
274.95407511088416,76534,983,1681,20805,
274.9559782289363,76534,982,1682,20805,
274.9560980266353,76533,983,1682,20805,
274.95623125549025,76532,984,1682,20805,
274.9605004930245,76532,984,1681,20806,
274.96202955045396,76531,985,1681,20806,
274.96263018597296,76531,985,1680,20807,
274.9675010228942,76530,986,1680,20807,
274.9677889588533,76530,986,1679,20808,
274.9679671095078,76529,987,1679,20808,
274.9697188236935,76529,987,1678,20809,
274.97058654560766,76529,987,1677,20810,
274.9707450618882,76529,986,1678,20810,
274.97120891598286,76529,985,1679,20810,
274.9725246576229,76529,984,1680,20810,
274.9748205335135,76529,983,1681,20810,
274.9754987809781,76529,982,1682,20810,
274.97742365834614,76529,981,1683,20810,
274.98004936655514,76529,980,1684,20810,
274.980210764827,76529,980,1683,20811,
274.98174680181353,76528,981,1683,20811,
274.98312492579504,76528,980,1684,20811,
274.9845621242272,76528,980,1683,20812,
274.9925929038948,76527,981,1683,20812,
274.9929478515018,76526,982,1683,20812,
274.9942757969522,76525,983,1683,20812,
274.9970469835326,76525,983,1682,20813,
274.99743503704343,76524,984,1682,20813,
275.00062512479155,76524,983,1683,20813,
275.00530213864846,76524,983,1682,20814,
275.0095371390169,76524,982,1683,20814,
275.01065230265175,76524,981,1684,20814,
275.01119743598184,76524,981,1683,20815,
275.01141918876044,76524,981,1682,20816,
275.0125844294351,76524,981,1681,20817,
275.01298451917575,76524,980,1682,20817,
275.0136374682888,76524,980,1681,20818,
275.01614776651763,76524,979,1682,20818,
275.0187081185705,76523,980,1682,20818,
275.0190703118178,76523,980,1681,20819,
275.0217450278227,76523,979,1682,20819,
275.0263549375226,76522,980,1682,20819,
275.03836747699694,76522,980,1681,20820,
275.0387485908037,76521,981,1681,20820,
275.04265062527867,76520,982,1681,20820,
275.04568559238925,76520,981,1682,20820,
275.0463912188364,76520,980,1683,20820,
275.0520965350259,76520,979,1684,20820,
275.05340378590165,76520,979,1683,20821,
275.0536570824391,76520,978,1684,20821,
275.0541282226866,76520,977,1685,20821,
275.05905042034124,76520,977,1684,20822,
275.0603558297517,76519,978,1684,20822,
275.06063224525064,76519,977,1685,20822,
275.06169450747547,76519,977,1684,20823,
275.06186714717444,76519,976,1685,20823,
275.06229852193997,76519,976,1684,20824,
275.0630016138842,76519,976,1683,20825,
275.06363223612146,76519,975,1684,20825,
275.0676323333109,76519,974,1685,20825,
275.07125736932073,76519,973,1686,20825,
275.07471619418754,76519,973,1685,20826,
275.07638015278275,76518,974,1685,20826,
275.076596831481,76517,975,1685,20826,
275.0768190346591,76516,976,1685,20826,
275.0768570243159,76516,976,1684,20827,
275.07930589402895,76515,977,1684,20827,
275.07987365590606,76515,976,1685,20827,
275.0804192863967,76515,975,1686,20827,
275.0806628884931,76515,974,1687,20827,
275.0814379579923,76515,974,1686,20828,
275.0818684732558,76515,973,1687,20828,
275.08262303467257,76514,974,1687,20828,
275.08634575831496,76514,974,1686,20829,
275.0880081850527,76513,975,1686,20829,
275.0882179736601,76513,975,1685,20830,
275.0942966069957,76512,976,1685,20830,
275.09434991245695,76511,977,1685,20830,
275.0987389204141,76511,976,1686,20830,
275.09910336791535,76510,977,1686,20830,
275.09972197585745,76510,976,1687,20830,
275.1002485443783,76510,975,1688,20830,
275.1034094012147,76510,975,1687,20831,
275.1046780809136,76509,976,1687,20831,
275.10724214918486,76509,976,1686,20832,
275.11112684547754,76508,977,1686,20832,
275.1133988880963,76507,978,1686,20832,
275.1139417334169,76507,978,1685,20833,
275.1144660933018,76507,977,1686,20833,
275.1147240978457,76506,978,1686,20833,
275.1155680760298,76505,979,1686,20833,
275.1232390795571,76505,979,1685,20834,
275.1238337568871,76505,978,1686,20834,
275.12532112704685,76504,979,1686,20834,
275.1299571424531,76504,978,1687,20834,
275.13053125261933,76504,978,1686,20835,
275.13126275814625,76504,978,1685,20836,
275.13129330740446,76504,978,1684,20837,
275.1316834181845,76503,979,1684,20837,
275.1342723921344,76502,980,1684,20837,
275.1344662685416,76501,981,1684,20837,
275.14090372095086,76501,981,1683,20838,
275.1415183837762,76501,980,1684,20838,
275.14305383237996,76501,980,1683,20839,
275.1451710426285,76500,981,1683,20839,
275.14793379708004,76499,982,1683,20839,
275.14818936490775,76499,981,1684,20839,
275.1501633150382,76498,982,1684,20839,
275.15386033701805,76498,982,1683,20840,
275.15998855042363,76498,982,1682,20841,
275.1625778022753,76498,982,1681,20842,
275.1631249555984,76498,981,1682,20842,
275.16420232511723,76498,981,1681,20843,
275.1654704016393,76497,982,1681,20843,
275.16719581483375,76496,983,1681,20843,
275.16801251755953,76496,982,1682,20843,
275.16913085439387,76496,981,1683,20843,
275.1696111240032,76496,980,1684,20843,
275.17078474026624,76496,980,1683,20844,
275.17192353127547,76496,980,1682,20845,
275.1740242341284,76495,981,1682,20845,
275.17502500515945,76494,982,1682,20845,
275.1758877870267,76494,981,1683,20845,
275.1764802721232,76494,981,1682,20846,
275.17678037909826,76494,981,1681,20847,
275.17769103486256,76494,980,1682,20847,
275.1786404937984,76494,980,1681,20848,
275.1792802238602,76494,979,1682,20848,
275.1797119830577,76494,979,1681,20849,
275.1810651318143,76494,978,1682,20849,
275.1812817053005,76494,978,1681,20850,
275.1813699572297,76494,977,1682,20850,
275.18202863472214,76494,976,1683,20850,
275.1822340151023,76494,976,1682,20851,
275.1837282291513,76494,976,1681,20852,
275.1849041914497,76493,977,1681,20852,
275.19021505287833,76492,978,1681,20852,
275.19102539827117,76492,978,1680,20853,
275.1912853308863,76492,978,1679,20854,
275.1972653370812,76492,978,1678,20855,
275.1978102521668,76491,979,1678,20855,
275.1998313308443,76491,978,1679,20855,
275.200611964644,76490,979,1679,20855,
275.20132269882,76490,979,1678,20856,
275.2033294286308,76490,979,1677,20857,
275.2052219780972,76490,978,1678,20857,
275.20863623264773,76489,979,1678,20857,
275.20918720897646,76489,978,1679,20857,
275.2095679552761,76489,977,1680,20857,
275.21217399259234,76489,977,1679,20858,
275.2123630255794,76489,976,1680,20858,
275.2145417548726,76488,977,1680,20858,
275.21722302266613,76488,977,1679,20859,
275.2236347812139,76488,977,1678,20860,
275.22497895885624,76488,976,1679,20860,
275.22810570560745,76488,976,1678,20861,
275.2296285729464,76487,977,1678,20861,
275.230971303421,76487,977,1677,20862,
275.23147411857576,76486,978,1677,20862,
275.2317574962145,76486,978,1676,20863,
275.232174430467,76486,977,1677,20863,
275.2354157332525,76486,976,1678,20863,
275.23552668208885,76485,977,1678,20863,
275.23611668047397,76485,977,1677,20864,
275.2373843845806,76485,977,1676,20865,
275.23787635314494,76484,978,1676,20865,
275.24296078275216,76484,978,1675,20866,
275.24363831645076,76484,977,1676,20866,
275.2444757433403,76484,976,1677,20866,
275.2460052905962,76484,975,1678,20866,
275.2461217874873,76483,976,1678,20866,
275.249621729177,76483,976,1677,20867,
275.2502223649726,76483,976,1676,20868,
275.25187970504817,76483,975,1677,20868,
275.2521203785099,76483,975,1676,20869,
275.2522720038876,76483,975,1675,20870,
275.2524673387906,76483,974,1676,20870,
275.2546892512456,76483,973,1677,20870,
275.2553465904778,76483,973,1676,20871,
275.2590706778598,76482,974,1676,20871,
275.26032376069895,76481,975,1676,20871,
275.2611989420873,76481,975,1675,20872,
275.26406803556307,76481,975,1674,20873,
275.26441635408605,76481,974,1675,20873,
275.26523742456703,76481,973,1676,20873,
275.26649553690413,76480,974,1676,20873,
275.26825568553954,76479,975,1676,20873,
275.2708156806511,76479,974,1677,20873,
275.27099566207585,76479,974,1676,20874,
275.2722974732814,76478,975,1676,20874,
275.27309296185234,76478,974,1677,20874,
275.27679417354864,76477,975,1677,20874,
275.27905529522866,76476,976,1677,20874,
275.28202254987866,76476,976,1676,20875,
275.2829660666777,76476,975,1677,20875,
275.2829926629551,76476,975,1676,20876,
275.28771134143267,76476,975,1675,20877,
275.2884717349182,76475,976,1675,20877,
275.29041231172147,76475,975,1676,20877,
275.29185640724864,76475,975,1675,20878,
275.29573372020764,76475,975,1674,20879,
275.2959276281601,76474,976,1674,20879,
275.2995905402733,76474,976,1673,20880,
275.2998640156925,76473,977,1673,20880,
275.30040525664936,76473,976,1674,20880,
275.3012280533135,76473,976,1673,20881,
275.3021544726601,76473,976,1672,20882,
275.3035026018223,76472,977,1672,20882,
275.30410980037414,76472,977,1671,20883,
275.3056596526742,76472,977,1670,20884,
275.30641187442353,76472,977,1669,20885,
275.30645971212846,76471,978,1669,20885,
275.30676039364556,76471,977,1670,20885,
275.31055663669673,76471,977,1669,20886,
275.31136993560665,76470,978,1669,20886,
275.31177206280836,76470,978,1668,20887,
275.3130653746104,76470,977,1669,20887,
275.3140152978532,76469,978,1669,20887,
275.3142002893496,76468,979,1669,20887,
275.3171918623083,76468,979,1668,20888,
275.31720681328295,76467,980,1668,20888,
275.3224532386212,76466,981,1668,20888,
275.3270791466314,76466,981,1667,20889,
275.3272509918973,76466,981,1666,20890,
275.3275292746465,76466,980,1667,20890,
275.3298559724723,76466,980,1666,20891,
275.33059184819894,76466,980,1665,20892,
275.3325761802706,76466,979,1666,20892,
275.3405751313911,76466,979,1665,20893,
275.3406559496804,76465,980,1665,20893,
275.3434702127288,76465,980,1664,20894,
275.34348712247464,76465,980,1663,20895,
275.34549773937255,76465,979,1664,20895,
275.34715437669945,76464,980,1664,20895,
275.34779339912643,76463,981,1664,20895,
275.3480787010691,76463,980,1665,20895,
275.352047609815,76463,980,1664,20896,
275.35474714730066,76463,979,1665,20896,
275.35488308240997,76462,980,1665,20896,
275.35602382866375,76462,979,1666,20896,
275.35656426376573,76462,978,1667,20896,
275.3600012710021,76462,977,1668,20896,
275.3612465999141,76461,978,1668,20896,
275.36150143638156,76460,979,1668,20896,
275.3639821219144,76460,979,1667,20897,
275.36410814983185,76460,979,1666,20898,
275.37105669559514,76460,979,1665,20899,
275.372957577111,76460,979,1664,20900,
275.37404118678063,76460,979,1663,20901,
275.3751332903751,76460,978,1664,20901,
275.3868089959388,76460,977,1665,20901,
275.38711988552535,76460,977,1664,20902,
275.388411101261,76460,976,1665,20902,
275.38939437927604,76460,976,1664,20903,
275.39311125207826,76460,975,1665,20903,
275.39463347973316,76459,976,1665,20903,
275.3947866469094,76458,977,1665,20903,
275.4019322659287,76458,977,1664,20904,
275.40423748007163,76457,978,1664,20904,
275.405496792587,76457,978,1663,20905,
275.4082075762463,76457,978,1662,20906,
275.4086328964859,76457,977,1663,20906,
275.4102135821601,76457,977,1662,20907,
275.41072574903063,76457,976,1663,20907,
275.41103430530376,76456,977,1663,20907,
275.41138375177394,76455,978,1663,20907,
275.41641022638527,76454,979,1663,20907,
275.4172338056354,76453,980,1663,20907,
275.417987826415,76453,979,1664,20907,
275.4210725861309,76453,978,1665,20907,
275.4239735275333,76452,979,1665,20907,
275.42658412965875,76452,978,1666,20907,
275.426975368666,76452,978,1665,20908,
275.43092280387043,76452,977,1666,20908,
275.43521105197766,76452,977,1665,20909,
275.43668726919543,76452,977,1664,20910,
275.438542172032,76452,977,1663,20911,
275.44094697788694,76452,977,1662,20912,
275.44112436076887,76451,978,1662,20912,
275.44146218794225,76451,977,1663,20912,
275.4449754575195,76450,978,1663,20912,
275.4467847368481,76450,977,1664,20912,
275.44728883247313,76450,976,1665,20912,
275.44778983700047,76450,975,1666,20912,
275.44974109909276,76450,975,1665,20913,
275.4515086326058,76449,976,1665,20913,
275.4537822695652,76449,975,1666,20913,
275.4544497429373,76448,976,1666,20913,
275.4566401205243,76448,976,1665,20914,
275.4597867788217,76448,975,1666,20914,
275.4608911105147,76447,976,1666,20914,
275.4668392714934,76446,977,1666,20914,
275.46863506087595,76446,977,1665,20915,
275.47056842709543,76446,977,1664,20916,
275.47160917523473,76446,977,1663,20917,
275.47264405526863,76446,977,1662,20918,
275.4728493483812,76446,976,1663,20918,
275.4741184643808,76445,977,1663,20918,
275.47590322601206,76445,976,1664,20918,
275.4791017486992,76445,976,1663,20919,
275.47994726466226,76445,976,1662,20920,
275.4802624672768,76445,975,1663,20920,
275.48195409856146,76444,976,1663,20920,
275.4826127914786,76444,975,1664,20920,
275.4844429962786,76443,976,1664,20920,
275.48515476788947,76442,977,1664,20920,
275.48665303006356,76441,978,1664,20920,
275.4867966935357,76440,979,1664,20920,
275.4937156502436,76440,979,1663,20921,
275.4937274730298,76439,980,1663,20921,
275.4976472120644,76438,981,1663,20921,
275.4984217470592,76438,980,1664,20921,
275.50983540988943,76438,980,1663,20922,
275.5108046670849,76438,980,1662,20923,
275.516361330539,76438,980,1661,20924,
275.51915641726833,76437,981,1661,20924,
275.51943272929725,76436,982,1661,20924,
275.5196244598148,76436,982,1660,20925,
275.52196396145337,76436,982,1659,20926,
275.52364341286085,76436,981,1660,20926,
275.52664330438836,76436,981,1659,20927,
275.5278377124116,76435,982,1659,20927,
275.52890777950165,76435,982,1658,20928,
275.5303673126579,76435,981,1659,20928,
275.53073469985776,76435,981,1658,20929,
275.5313534302198,76435,981,1657,20930,
275.53154618544403,76435,980,1658,20930,
275.53206427754856,76435,980,1657,20931,
275.53206525009705,76435,980,1656,20932,
275.5322746093239,76434,981,1656,20932,
275.5335861665938,76434,981,1655,20933,
275.53359193031946,76433,982,1655,20933,
275.53548948778473,76433,982,1654,20934,
275.536034959258,76433,981,1655,20934,
275.5399504952352,76433,981,1654,20935,
275.54270706565865,76433,981,1653,20936,
275.54448142235674,76433,981,1652,20937,
275.54669398848836,76432,982,1652,20937,
275.54960761455203,76431,983,1652,20937,
275.5515115485576,76431,982,1653,20937,
275.5530228674241,76431,981,1654,20937,
275.55349359370484,76431,981,1653,20938,
275.55435970800085,76431,980,1654,20938,
275.5599567881264,76430,981,1654,20938,
275.5606124241912,76430,981,1653,20939,
275.56066258533065,76430,981,1652,20940,
275.5625922718795,76429,982,1652,20940,
275.5655142469501,76429,981,1653,20940,
275.5684536474211,76428,982,1653,20940,
275.57103990609056,76427,983,1653,20940,
275.57140559582047,76427,983,1652,20941,
275.5715190861652,76427,983,1651,20942,
275.57192469170457,76427,982,1652,20942,
275.57373531616656,76427,982,1651,20943,
275.5743388104604,76427,982,1650,20944,
275.577732903122,76426,983,1650,20944,
275.5797265098042,76426,983,1649,20945,
275.581422850915,76426,983,1648,20946,
275.5826020623462,76426,983,1647,20947,
275.5839098094192,76426,983,1646,20948,
275.58556914877573,76426,983,1645,20949,
275.5871750894071,76426,982,1646,20949,
275.59031497628615,76426,981,1647,20949,
275.5906694013785,76426,981,1646,20950,
275.59121396016656,76426,980,1647,20950,
275.5949146341832,76425,981,1647,20950,
275.5954005739338,76425,981,1646,20951,
275.59636524424326,76424,982,1646,20951,
275.59661834797237,76423,983,1646,20951,
275.60222465529785,76423,983,1645,20952,
275.60255677718345,76423,983,1644,20953,
275.60310152709525,76422,984,1644,20953,
275.6051641471264,76422,984,1643,20954,
275.6077344958422,76422,984,1642,20955,
275.60915759547265,76422,983,1643,20955,
275.61119371294956,76421,984,1643,20955,
275.6117017324478,76420,985,1643,20955,
275.6131615677832,76420,985,1642,20956,
275.61695048209936,76419,986,1642,20956,
275.6190841183019,76418,987,1642,20956,
275.62110227439183,76417,988,1642,20956,
275.6214040145349,76416,989,1642,20956,
275.6221840829671,76415,990,1642,20956,
275.6243838409737,76415,990,1641,20957,
275.62605785421357,76414,991,1641,20957,
275.6318396537524,76414,990,1642,20957,
275.63254725129866,76414,990,1641,20958,
275.6361525410961,76414,990,1640,20959,
275.636480652668,76413,991,1640,20959,
275.6372128808654,76413,990,1641,20959,
275.63810599504245,76413,990,1640,20960,
275.63911866964753,76413,989,1641,20960,
275.641317405284,76413,988,1642,20960,
275.6427180820432,76412,989,1642,20960,
275.6473758218315,76412,988,1643,20960,
275.64772768823246,76412,987,1644,20960,
275.64939520453265,76412,986,1645,20960,
275.6525014658524,76412,985,1646,20960,
275.6536870550044,76412,985,1645,20961,
275.6545570240805,76411,986,1645,20961,
275.6559881802509,76410,987,1645,20961,
275.6563644955159,76410,987,1644,20962,
275.6568137231983,76410,986,1645,20962,
275.6575781997892,76409,987,1645,20962,
275.6642882060945,76408,988,1645,20962,
275.6671221558981,76408,988,1644,20963,
275.6683981933137,76408,987,1645,20963,
275.66913706221203,76408,986,1646,20963,
275.6744556486004,76407,987,1646,20963,
275.6748575720465,76407,986,1647,20963,
275.67493900229243,76407,985,1648,20963,
275.6753833672706,76407,985,1647,20964,
275.6804426755765,76407,985,1646,20965,
275.6814034957724,76407,985,1645,20966,
275.6822162659426,76406,986,1645,20966,
275.6827743873903,76405,987,1645,20966,
275.68329722004563,76405,986,1646,20966,
275.68361136887665,76404,987,1646,20966,
275.68685264584434,76404,987,1645,20967,
275.6917240396732,76404,987,1644,20968,
275.69351186323604,76404,987,1643,20969,
275.69423813764195,76404,986,1644,20969,
275.7030079467012,76403,987,1644,20969,
275.7033704285782,76403,987,1643,20970,
275.70389452349144,76402,988,1643,20970,
275.7062174587423,76402,987,1644,20970,
275.707373051557,76402,986,1645,20970,
275.7093866534788,76402,986,1644,20971,
275.7096141923148,76402,985,1645,20971,
275.7111778002374,76401,986,1645,20971,
275.712078165123,76400,987,1645,20971,
275.7122189181716,76400,986,1646,20971,
275.71235259160966,76400,985,1647,20971,
275.7153381687033,76400,984,1648,20971,
275.71538926928235,76400,983,1649,20971,
275.71985405414506,76400,982,1650,20971,
275.7218373220042,76400,981,1651,20971,
275.7232938728704,76400,980,1652,20971,
275.72376968871924,76400,979,1653,20971,
275.7243470270343,76400,979,1652,20972,
275.72532979849467,76400,978,1653,20972,
275.72780981282574,76400,978,1652,20973,
275.72886781105296,76400,978,1651,20974,
275.7298376310626,76400,977,1652,20974,
275.73030310311674,76400,976,1653,20974,
275.7303072513901,76399,977,1653,20974,
275.7337933250154,76399,977,1652,20975,
275.7341350567552,76399,977,1651,20976,
275.7345028178338,76398,978,1651,20976,
275.73454235794816,76398,978,1650,20977,
275.734965710153,76398,978,1649,20978,
275.73624029504816,76398,978,1648,20979,
275.7379805534317,76398,977,1649,20979,
275.7384713601755,76397,978,1649,20979,
275.74434674989647,76397,977,1650,20979,
275.7459514937023,76396,978,1650,20979,
275.7461803957846,76396,978,1649,20980,
275.75054878418933,76396,978,1648,20981,
275.7526323691056,76395,979,1648,20981,
275.7528663892516,76395,978,1649,20981,
275.7533381164633,76395,977,1650,20981,
275.75377389576795,76394,978,1650,20981,
275.75426729305605,76393,979,1650,20981,
275.75489103695105,76393,979,1649,20982,
275.7559396709736,76393,978,1650,20982,
275.7569838041936,76392,979,1650,20982,
275.75800157011093,76392,979,1649,20983,
275.7601623646733,76392,979,1648,20984,
275.7603511842082,76392,978,1649,20984,
275.7615251469736,76392,977,1650,20984,
275.7635005274469,76392,976,1651,20984,
275.76451205160555,76392,976,1650,20985,
275.76453689878724,76392,976,1649,20986,
275.7712213904248,76391,977,1649,20986,
275.7734231580809,76391,977,1648,20987,
275.77345453286256,76390,978,1648,20987,
275.77602686032253,76390,978,1647,20988,
275.77629249116677,76389,979,1647,20988,
275.7775372030043,76388,980,1647,20988,
275.77916442880803,76388,979,1648,20988,
275.77965599687366,76387,980,1648,20988,
275.77982857721304,76386,981,1648,20988,
275.7816356097658,76386,981,1647,20989,
275.7823367498198,76386,980,1648,20989,
275.7831927811285,76386,979,1649,20989,
275.78351998353213,76385,980,1649,20989,
275.78752025439,76385,980,1648,20990,
275.78786290881055,76385,980,1647,20991,
275.80034950000896,76385,980,1646,20992,
275.801744084793,76384,981,1646,20992,
275.8025295284538,76384,980,1647,20992,
275.80365058839294,76383,981,1647,20992,
275.8046976131183,76383,980,1648,20992,
275.80734611078014,76383,979,1649,20992,
275.8083957543151,76383,979,1648,20993,
275.80930452399485,76382,980,1648,20993,
275.81086753971704,76382,979,1649,20993,
275.8131703386701,76381,980,1649,20993,
275.81379961767533,76380,981,1649,20993,
275.814817571732,76380,981,1648,20994,
275.81544601681776,76379,982,1648,20994,
275.8164993826531,76379,981,1649,20994,
275.8167161446999,76378,982,1649,20994,
275.816832067356,76377,983,1649,20994,
275.81975174275004,76377,982,1650,20994,
275.82026456421914,76376,983,1650,20994,
275.8240633605349,76376,982,1651,20994,
275.8240800397028,76376,982,1650,20995,
275.82432393005547,76376,981,1651,20995,
275.82703862050806,76376,980,1652,20995,
275.8287630152056,76376,979,1653,20995,
275.8288597094152,76375,980,1653,20995,
275.8295240135789,76374,981,1653,20995,
275.83200523838434,76374,980,1654,20995,
275.83268128770527,76374,980,1653,20996,
275.83318444492653,76374,979,1654,20996,
275.8345525941077,76374,978,1655,20996,
275.83462978807137,76373,979,1655,20996,
275.8371985402526,76373,979,1654,20997,
275.83742421429366,76372,980,1654,20997,
275.8384291455492,76372,980,1653,20998,
275.83938637169484,76372,979,1654,20998,
275.83972232180633,76372,978,1655,20998,
275.83996045519694,76372,978,1654,20999,
275.840628606673,76371,979,1654,20999,
275.84134377570876,76371,979,1653,21000,
275.84197806846305,76371,978,1654,21000,
275.84566996994727,76371,978,1653,21001,
275.8508150373803,76371,977,1654,21001,
275.8510292488439,76370,978,1654,21001,
275.85134576243706,76369,979,1654,21001,
275.85350409608793,76368,980,1654,21001,
275.8541006427191,76368,979,1655,21001,
275.8546493686489,76367,980,1655,21001,
275.85473364550256,76367,980,1654,21002,
275.85783790235314,76367,980,1653,21003,
275.85864350369604,76367,979,1654,21003,
275.8598890443419,76367,978,1655,21003,
275.861023505587,76367,977,1656,21003,
275.8619136563889,76367,977,1655,21004,
275.8625703049069,76367,977,1654,21005,
275.86400718405145,76366,978,1654,21005,
275.86451867661106,76366,977,1655,21005,
275.86908273768205,76366,977,1654,21006,
275.87238092212914,76366,976,1655,21006,
275.8729034953893,76366,976,1654,21007,
275.873803016258,76365,977,1654,21007,
275.87412383486145,76364,978,1654,21007,
275.8764792699155,76364,978,1653,21008,
275.87925882503527,76363,979,1653,21008,
275.87939541735983,76363,979,1652,21009,
275.8810978320205,76363,979,1651,21010,
275.8811813559361,76362,980,1651,21010,
275.8826404717665,76361,981,1651,21010,
275.8829750347159,76361,980,1652,21010,
275.887510513288,76361,979,1653,21010,
275.88791081333994,76360,980,1653,21010,
275.8879631909894,76360,980,1652,21011,
275.89236254258583,76360,980,1651,21012,
275.89340105053486,76360,980,1650,21013,
275.89542711569123,76360,979,1651,21013,
275.89559260314985,76360,978,1652,21013,
275.8958515682693,76360,977,1653,21013,
275.9015161222329,76359,978,1653,21013,
275.9036086437576,76358,979,1653,21013,
275.9058070671587,76358,979,1652,21014,
275.9061051580956,76358,979,1651,21015,
275.90686517459505,76357,980,1651,21015,
275.9101838606894,76356,981,1651,21015,
275.9102923320263,76355,982,1651,21015,
275.91079341487955,76355,982,1650,21016,
275.9138354677382,76355,982,1649,21017,
275.91747490042854,76355,982,1648,21018,
275.9223725929046,76355,982,1647,21019,
275.9237209270698,76355,981,1648,21019,
275.9282417687768,76355,980,1649,21019,
275.92908348344673,76355,979,1650,21019,
275.9303619241172,76355,979,1649,21020,
275.9326972851289,76355,979,1648,21021,
275.93906251771796,76355,979,1647,21022,
275.93925089971054,76355,978,1648,21022,
275.94138403076454,76355,977,1649,21022,
275.9447922856997,76355,977,1648,21023,
275.9454197760024,76354,978,1648,21023,
275.9487510318515,76353,979,1648,21023,
275.9488815173309,76352,980,1648,21023,
275.9518409717039,76352,979,1649,21023,
275.9537849957292,76352,978,1650,21023,
275.9539040218695,76352,978,1649,21024,
275.95575394131095,76352,978,1648,21025,
275.95640105302994,76352,977,1649,21025,
275.9574432497383,76352,977,1648,21026,
275.9578488069406,76351,978,1648,21026,
275.9596233301491,76351,977,1649,21026,
275.9618760622295,76350,978,1649,21026,
275.96372036851307,76350,977,1650,21026,
275.96574566881094,76350,977,1649,21027,
275.96787948533955,76350,976,1650,21027,
275.9709024753846,76350,976,1649,21028,
275.9709604041718,76349,977,1649,21028,
275.9718426069368,76348,978,1649,21028,
275.9719140760461,76348,978,1648,21029,
275.9740152494919,76347,979,1648,21029,
275.9758038341678,76346,980,1648,21029,
275.97582831151766,76346,979,1649,21029,
275.9768687887499,76346,979,1648,21030,
275.9787224252433,76345,980,1648,21030,
275.9789522926613,76345,979,1649,21030,
275.9796990019109,76345,978,1650,21030,
275.9805814917519,76344,979,1650,21030,
275.9823780934635,76343,980,1650,21030,
275.98273266592946,76343,980,1649,21031,
275.98474517203266,76343,980,1648,21032,
275.98485274251874,76343,979,1649,21032,
275.9851861591485,76343,978,1650,21032,
275.9869420364847,76343,977,1651,21032,
275.98893084094146,76342,978,1651,21032,
275.99089457101866,76342,978,1650,21033,
275.9910930735803,76341,979,1650,21033,
275.99332289690324,76340,980,1650,21033,
275.9961137064935,76339,981,1650,21033,
275.9968403366181,76339,980,1651,21033,
275.99826227689124,76339,979,1652,21033,
276.0004339647695,76339,978,1653,21033,
276.00062844093344,76338,979,1653,21033,
276.0013744725192,76338,979,1652,21034,
276.0014248865613,76338,979,1651,21035,
276.00211553656294,76338,979,1650,21036,
276.00237513261226,76338,978,1651,21036,
276.0029157167128,76337,979,1651,21036,
276.006217626745,76337,979,1650,21037,
276.0067292044354,76337,979,1649,21038,
276.00699159581154,76337,978,1650,21038,
276.00752137697293,76337,977,1651,21038,
276.0081742150813,76336,978,1651,21038,
276.0120524052353,76335,979,1651,21038,
276.01351468812186,76335,979,1650,21039,
276.0135958923204,76335,979,1649,21040,
276.01448518808735,76334,980,1649,21040,
276.01849123802526,76334,979,1650,21040,
276.0188203609397,76333,980,1650,21040,
276.0212472014174,76333,980,1649,21041,
276.0230838323958,76332,981,1649,21041,
276.026239462354,76331,982,1649,21041,
276.0307652690254,76330,983,1649,21041,
276.0315885482447,76330,982,1650,21041,
276.0316034668149,76329,983,1650,21041,
276.03275548722326,76329,983,1649,21042,
276.0340545901118,76329,983,1648,21043,
276.03542107346016,76329,983,1647,21044,
276.03715283069,76329,983,1646,21045,
276.039896380273,76329,982,1647,21045,
276.04105093415586,76329,981,1648,21045,
276.04437369729465,76328,982,1648,21045,
276.0453145022192,76327,983,1648,21045,
276.04550734055533,76327,982,1649,21045,
276.0464013965548,76327,982,1648,21046,
276.0486991241557,76327,982,1647,21047,
276.0495415498212,76327,982,1646,21048,
276.05114286816956,76326,983,1646,21048,
276.05170419690705,76326,982,1647,21048,
276.0524057185132,76326,981,1648,21048,
276.05372718285014,76326,980,1649,21048,
276.05432781553765,76326,980,1648,21049,
276.05600054441965,76325,981,1648,21049,
276.05765445191474,76325,980,1649,21049,
276.0641448739082,76325,979,1650,21049,
276.0666907129064,76325,979,1649,21050,
276.06872513404807,76325,978,1650,21050,
276.07030707635016,76325,978,1649,21051,
276.07054400284414,76325,977,1650,21051,
276.0706293793943,76325,977,1649,21052,
276.07524137651694,76325,976,1650,21052,
276.0754399286547,76325,976,1649,21053,
276.0775230300879,76325,975,1650,21053,
276.0779993005182,76324,976,1650,21053,
276.0789540849124,76324,976,1649,21054,
276.08106070812033,76324,975,1650,21054,
276.0820622984668,76324,975,1649,21055,
276.08690282136416,76324,975,1648,21056,
276.0873662325889,76324,974,1649,21056,
276.08743000174275,76324,973,1650,21056,
276.08943440430005,76324,973,1649,21057,
276.09016702380956,76324,973,1648,21058,
276.0922102307301,76324,972,1649,21058,
276.092756107163,76323,973,1649,21058,
276.0940996411429,76322,974,1649,21058,
276.0958381183032,76321,975,1649,21058,
276.0986649220601,76321,975,1648,21059,
276.0999549070678,76321,974,1649,21059,
276.1008729417648,76321,974,1648,21060,
276.10499060050404,76320,975,1648,21060,
276.10599507015974,76320,975,1647,21061,
276.10843673017155,76319,976,1647,21061,
276.1117696714138,76319,976,1646,21062,
276.11263624562105,76319,975,1647,21062,
276.1136305225099,76319,975,1646,21063,
276.1180909439001,76319,975,1645,21064,
276.118511887289,76318,976,1645,21064,
276.1187618107294,76318,976,1644,21065,
276.1209324381148,76317,977,1644,21065,
276.1210392228444,76316,978,1644,21065,
276.1236711981102,76316,978,1643,21066,
276.1249409641813,76316,977,1644,21066,
276.1259288524819,76315,978,1644,21066,
276.13312724652496,76315,978,1643,21067,
276.1356978288018,76315,978,1642,21068,
276.1362916984877,76315,977,1643,21068,
276.1417823811267,76315,976,1644,21068,
276.14198110082367,76315,976,1643,21069,
276.1465315907383,76314,977,1643,21069,
276.1474177042313,76314,976,1644,21069,
276.14799314925256,76314,976,1643,21070,
276.1506781225391,76313,977,1643,21070,
276.151878149133,76313,977,1642,21071,
276.1531563504573,76313,977,1641,21072,
276.15791767688074,76312,978,1641,21072,
276.1610905947888,76312,978,1640,21073,
276.1630789657823,76311,979,1640,21073,
276.16418504828266,76310,980,1640,21073,
276.16935968932097,76310,979,1641,21073,
276.17370987766196,76310,978,1642,21073,
276.1739806726272,76309,979,1642,21073,
276.1750022869778,76308,980,1642,21073,
276.18397370763074,76308,980,1641,21074,
276.18926436948783,76308,979,1642,21074,
276.1916772232814,76307,980,1642,21074,
276.192866740464,76306,981,1642,21074,
276.1932623169389,76306,981,1641,21075,
276.19388765079856,76306,981,1640,21076,
276.19470069568973,76306,980,1641,21076,
276.1971022829333,76306,980,1640,21077,
276.1993095955203,76306,979,1641,21077,
276.20063488634804,76306,978,1642,21077,
276.2015031977378,76305,979,1642,21077,
276.2086833400763,76305,978,1643,21077,
276.2098696399109,76304,979,1643,21077,
276.21000504471033,76304,978,1644,21077,
276.2127774355027,76303,979,1644,21077,
276.21402113054415,76302,980,1644,21077,
276.2145940723921,76301,981,1644,21077,
276.2146400328691,76301,980,1645,21077,
276.2155805391294,76301,980,1644,21078,
276.21864503089466,76300,981,1644,21078,
276.2201670950164,76300,980,1645,21078,
276.22158198020077,76300,980,1644,21079,
276.226892836932,76300,980,1643,21080,
276.22749423288354,76300,979,1644,21080,
276.2277297011846,76300,979,1643,21081,
276.2286659455279,76300,979,1642,21082,
276.2314396314652,76299,980,1642,21082,
276.233558692617,76299,980,1641,21083,
276.2376919632922,76298,981,1641,21083,
276.2385038581041,76298,981,1640,21084,
276.23910760214244,76297,982,1640,21084,
276.2420797474053,76296,983,1640,21084,
276.24341400102907,76296,983,1639,21085,
276.24572367969483,76295,984,1639,21085,
276.24637012037863,76295,983,1640,21085,
276.2472104715738,76294,984,1640,21085,
276.2488671927398,76294,984,1639,21086,
276.250466505689,76293,985,1639,21086,
276.2529021772348,76293,984,1640,21086,
276.2530486548165,76292,985,1640,21086,
276.25732593195636,76292,985,1639,21087,
276.26124989985635,76291,986,1639,21087,
276.26163614114523,76290,987,1639,21087,
276.26261074217797,76290,987,1638,21088,
276.2644413683805,76289,988,1638,21088,
276.268969119536,76288,989,1638,21088,
276.27322422901443,76288,989,1637,21089,
276.2772503878501,76288,989,1636,21090,
276.280113174514,76288,988,1637,21090,
276.28172877845924,76288,987,1638,21090,
276.28389989742453,76288,987,1637,21091,
276.2845861430906,76287,988,1637,21091,
276.28720567355555,76287,988,1636,21092,
276.2874751111037,76287,987,1637,21092,
276.2875052898963,76287,986,1638,21092,
276.2915524060021,76286,987,1638,21092,
276.2961195665566,76286,986,1639,21092,
276.2974885038413,76286,985,1640,21092,
276.30705970943137,76286,985,1639,21093,
276.3078995402846,76286,984,1640,21093,
276.3083778496347,76286,983,1641,21093,
276.3100489750897,76285,984,1641,21093,
276.3103221498144,76285,983,1642,21093,
276.31044349630787,76285,982,1643,21093,
276.31474513497204,76284,983,1643,21093,
276.31499588680015,76284,983,1642,21094,
276.3159296146022,76283,984,1642,21094,
276.31643408901095,76282,985,1642,21094,
276.3181437196014,76282,985,1641,21095,
276.31858976245803,76282,984,1642,21095,
276.32065568328517,76282,984,1641,21096,
276.3222568365088,76282,984,1640,21097,
276.32540765964,76282,984,1639,21098,
276.32670143132265,76282,983,1640,21098,
276.3272256837077,76282,982,1641,21098,
276.3286294137367,76282,981,1642,21098,
276.3300842734902,76281,982,1642,21098,
276.3322069878195,76280,983,1642,21098,
276.33293049228183,76279,984,1642,21098,
276.3345102766619,76278,985,1642,21098,
276.3347224036895,76277,986,1642,21098,
276.3351686427977,76277,985,1643,21098,
276.3360289486571,76277,984,1644,21098,
276.3395132124096,76277,983,1645,21098,
276.3395160661469,76276,984,1645,21098,
276.3402253610926,76275,985,1645,21098,
276.3410487122365,76275,984,1646,21098,
276.3416116461523,76274,985,1646,21098,
276.3430278228535,76274,984,1647,21098,
276.34399048871865,76273,985,1647,21098,
276.3484064474287,76273,984,1648,21098,
276.3511152882703,76272,985,1648,21098,
276.3520217939117,76272,985,1647,21099,
276.3537700246756,76271,986,1647,21099,
276.3541518694371,76270,987,1647,21099,
276.35715713042504,76270,987,1646,21100,
276.3581920879973,76270,987,1645,21101,
276.3607512667342,76270,986,1646,21101,
276.36164593858683,76270,985,1647,21101,
276.36451025617777,76270,985,1646,21102,
276.36628205326645,76270,984,1647,21102,
276.3673040154942,76270,983,1648,21102,
276.3704104734249,76269,984,1648,21102,
276.37086157897863,76269,983,1649,21102,
276.37417674326406,76269,982,1650,21102,
276.3753075344955,76269,981,1651,21102,
276.3761373346048,76269,980,1652,21102,
276.3778759396971,76269,979,1653,21102,
276.38136405832284,76269,978,1654,21102,
276.3834107150206,76269,977,1655,21102,
276.3835682419009,76269,977,1654,21103,
276.38399230380975,76269,977,1653,21104,
276.38417773169897,76269,977,1652,21105,
276.3871739599902,76269,976,1653,21105,
276.38733118683444,76269,976,1652,21106,
276.38860641866535,76268,977,1652,21106,
276.3893116211282,76268,977,1651,21107,
276.39147789931775,76268,977,1650,21108,
276.3916029815925,76267,978,1650,21108,
276.3923035613382,76266,979,1650,21108,
276.3938362853884,76265,980,1650,21108,
276.3943307277946,76264,981,1650,21108,
276.3943986953949,76264,981,1649,21109,
276.3950713172361,76263,982,1649,21109,
276.39706550447306,76262,983,1649,21109,
276.39821250082474,76261,984,1649,21109,
276.3984453831332,76261,983,1650,21109,
276.4005538951884,76260,984,1650,21109,
276.40227632724793,76260,983,1651,21109,
276.4034610809624,76260,982,1652,21109,
276.40566890618163,76260,982,1651,21110,
276.40577719497895,76260,981,1652,21110,
276.4063357990699,76259,982,1652,21110,
276.40743199187517,76259,982,1651,21111,
276.4114520423426,76259,981,1652,21111,
276.41224208630274,76258,982,1652,21111,
276.4127270221207,76257,983,1652,21111,
276.4134143543884,76257,982,1653,21111,
276.4157416084404,76257,982,1652,21112,
276.4159033588215,76257,981,1653,21112,
276.41609308438115,76256,982,1653,21112,
276.41663768130604,76255,983,1653,21112,
276.4180085452339,76255,983,1652,21113,
276.42094714574137,76255,982,1653,21113,
276.42254253551243,76255,981,1654,21113,
276.423824812046,76255,980,1655,21113,
276.4259443582846,76255,979,1656,21113,
276.4296382255502,76254,980,1656,21113,
276.431968239238,76253,981,1656,21113,
276.4333988500238,76253,981,1655,21114,
276.434096813961,76253,980,1656,21114,
276.43464293028336,76253,980,1655,21115,
276.4358561784296,76253,980,1654,21116,
276.4388146539439,76252,981,1654,21116,
276.44072199786984,76252,980,1655,21116,
276.4416680232941,76252,980,1654,21117,
276.44344501625733,76251,981,1654,21117,
276.44572509524477,76251,981,1653,21118,
276.44782637705487,76251,980,1654,21118,
276.448394495554,76250,981,1654,21118,
276.4501787110412,76250,980,1655,21118,
276.4505730073213,76250,980,1654,21119,
276.45437717792623,76250,979,1655,21119,
276.4574755428502,76250,978,1656,21119,
276.4578335864485,76250,977,1657,21119,
276.45808265585583,76250,977,1656,21120,
276.4608329673514,76250,977,1655,21121,
276.46161068306463,76250,976,1656,21121,
276.4623708275226,76250,975,1657,21121,
276.4689669076172,76249,976,1657,21121,
276.47243157136324,76249,975,1658,21121,
276.4729591523414,76248,976,1658,21121,
276.4740738585791,76247,977,1658,21121,
276.47776400578647,76247,977,1657,21122,
276.4787705219899,76247,977,1656,21123,
276.47885522811384,76246,978,1656,21123,
276.4818069983333,76246,978,1655,21124,
276.481976041313,76245,979,1655,21124,
276.48338164851185,76244,980,1655,21124,
276.4835910366419,76243,981,1655,21124,
276.4841009115079,76243,980,1656,21124,
276.48423684813514,76243,980,1655,21125,
276.4853150932633,76242,981,1655,21125,
276.4867559416021,76241,982,1655,21125,
276.48678033576886,76240,983,1655,21125,
276.48691378910246,76240,982,1656,21125,
276.48957869945804,76240,981,1657,21125,
276.48967031041207,76239,982,1657,21125,
276.4907601855056,76239,982,1656,21126,
276.4948000686187,76239,981,1657,21126,
276.5008742709766,76239,981,1656,21127,
276.5099408271564,76239,981,1655,21128,
276.5116684501706,76238,982,1655,21128,
276.516795471247,76238,982,1654,21129,
276.5191889725657,76238,982,1653,21130,
276.5196821905254,76237,983,1653,21130,
276.521087566949,76237,982,1654,21130,
276.5261814791411,76237,982,1653,21131,
276.52642729748317,76237,982,1652,21132,
276.52703068546214,76237,981,1653,21132,
276.52911071803464,76237,980,1654,21132,
276.5291969492357,76236,981,1654,21132,
276.5298702701792,76235,982,1654,21132,
276.53203186259015,76234,983,1654,21132,
276.5341117264492,76234,982,1655,21132,
276.5349503192399,76234,981,1656,21132,
276.53616269542084,76233,982,1656,21132,
276.53901737752426,76232,983,1656,21132,
276.5391303413786,76231,984,1656,21132,
276.53945561990855,76231,983,1657,21132,
276.54151690845634,76230,984,1657,21132,
276.5423184516158,76230,983,1658,21132,
276.54261456811656,76230,983,1657,21133,
276.54689595779206,76230,982,1658,21133,
276.549686103558,76229,983,1658,21133,
276.55300416963405,76229,983,1657,21134,
276.5532150237165,76228,984,1657,21134,
276.5532779697148,76228,984,1656,21135,
276.55357013228195,76228,983,1657,21135,
276.5536141470365,76228,983,1656,21136,
276.5548353883971,76227,984,1656,21136,
276.55686793449746,76227,983,1657,21136,
276.55718570466945,76226,984,1657,21136,
276.562202971112,76225,985,1657,21136,
276.56283711416205,76224,986,1657,21136,
276.5638347389928,76223,987,1657,21136,
276.5647575253095,76222,988,1657,21136,
276.57062523634045,76221,989,1657,21136,
276.57330766832877,76220,990,1657,21136,
276.57421258227083,76219,991,1657,21136,
276.57496791056064,76219,991,1656,21137,
276.5756156503784,76219,990,1657,21137,
276.5776142415752,76219,989,1658,21137,
276.58383214992057,76219,989,1657,21138,
276.58686377771613,76219,989,1656,21139,
276.5892030763544,76218,990,1656,21139,
276.5921494161998,76218,990,1655,21140,
276.5946191013412,76217,991,1655,21140,
276.59595926522354,76217,991,1654,21141,
276.59725589553636,76217,990,1655,21141,
276.6031130517227,76217,990,1654,21142,
276.6039813671142,76217,990,1653,21143,
276.6052378148307,76216,991,1653,21143,
276.6077129530878,76216,991,1652,21144,
276.6089635096754,76216,990,1653,21144,
276.611644970257,76216,990,1652,21145,
276.6126772192424,76216,989,1653,21145,
276.61321852885936,76216,988,1654,21145,
276.6134185045954,76216,987,1655,21145,
276.61637379985046,76216,986,1656,21145,
276.6221994268852,76216,985,1657,21145,
276.6234384753898,76216,984,1658,21145,
276.6247621048372,76215,985,1658,21145,
276.62559964398537,76215,985,1657,21146,
276.62715715387435,76215,985,1656,21147,
276.6310917728287,76215,984,1657,21147,
276.63267025050425,76215,984,1656,21148,
276.63448229294545,76215,984,1655,21149,
276.6414987280145,76215,983,1656,21149,
276.64167635092593,76215,983,1655,21150,
276.6417194257084,76215,982,1656,21150,
276.6429897761866,76215,981,1657,21150,
276.64351812017657,76215,980,1658,21150,
276.64523578692757,76214,981,1658,21150,
276.64576461776375,76214,980,1659,21150,
276.65277259260915,76214,980,1658,21151,
276.6534861560709,76213,981,1658,21151,
276.65372706818755,76213,981,1657,21152,
276.6550519315107,76213,980,1658,21152,
276.6565238275129,76213,979,1659,21152,
276.6578705860168,76213,978,1660,21152,
276.6604563865104,76213,977,1661,21152,
276.6610327121363,76213,976,1662,21152,
276.6626517170594,76213,975,1663,21152,
276.66297325594957,76213,975,1662,21153,
276.66364157886363,76213,975,1661,21154,
276.66758705393914,76212,976,1661,21154,
276.6727361284279,76211,977,1661,21154,
276.67420367316106,76210,978,1661,21154,
276.6751083834413,76210,977,1662,21154,
276.67584475641144,76209,978,1662,21154,
276.6836889494702,76209,978,1661,21155,
276.68446279567775,76209,977,1662,21155,
276.68665530751025,76209,976,1663,21155,
276.6866809560289,76208,977,1663,21155,
276.68838888373455,76208,977,1662,21156,
276.69189535724007,76208,976,1663,21156,
276.6989180205523,76208,975,1664,21156,
276.70071960260304,76208,974,1665,21156,
276.7011472209447,76207,975,1665,21156,
276.7027077364524,76207,974,1666,21156,
276.7044415892366,76207,973,1667,21156,
276.7048595908931,76207,973,1666,21157,
276.7060515174453,76207,973,1665,21158,
276.70645671745916,76207,972,1666,21158,
276.70719650268575,76206,973,1666,21158,
276.708113855229,76206,972,1667,21158,
276.7093173228077,76205,973,1667,21158,
276.7093344965162,76204,974,1667,21158,
276.7101492955816,76203,975,1667,21158,
276.7116451910943,76203,975,1666,21159,
276.71232205339595,76203,975,1665,21160,
276.71299977385763,76203,975,1664,21161,
276.71523046291816,76203,975,1663,21162,
276.71602229748703,76203,974,1664,21162,
276.718438074382,76203,974,1663,21163,
276.7229090547291,76203,974,1662,21164,
276.7235532508751,76203,973,1663,21164,
276.72523666432613,76203,972,1664,21164,
276.7254609344126,76203,971,1665,21164,
276.7256314730472,76203,971,1664,21165,
276.72638875622613,76202,972,1664,21165,
276.7326872349526,76201,973,1664,21165,
276.73343176033313,76200,974,1664,21165,
276.7340238352701,76200,973,1665,21165,
276.73850340333064,76200,973,1664,21166,
276.73895731795744,76200,973,1663,21167,
276.740310456832,76200,973,1662,21168,
276.7404031665843,76199,974,1662,21168,
276.74099876749153,76198,975,1662,21168,
276.74142840038303,76197,976,1662,21168,
276.7414833136948,76197,975,1663,21168,
276.7419044962653,76197,975,1662,21169,
276.7435745551234,76197,975,1661,21170,
276.74584979117463,76197,975,1660,21171,
276.7486642717264,76197,974,1661,21171,
276.75069046759995,76196,975,1661,21171,
276.7516956874235,76196,975,1660,21172,
276.7538852943191,76196,975,1659,21173,
276.754476383795,76195,976,1659,21173,
276.75645288676844,76195,976,1658,21174,
276.7566579470959,76195,976,1657,21175,
276.756987545278,76195,976,1656,21176,
276.7588672855882,76195,975,1657,21176,
276.76050148603207,76195,975,1656,21177,
276.7614145304792,76195,975,1655,21178,
276.7616891668214,76195,975,1654,21179,
276.76428544239116,76195,975,1653,21180,
276.76441548402215,76195,975,1652,21181,
276.7654745506042,76195,975,1651,21182,
276.76724748926614,76194,976,1651,21182,
276.76814909042054,76194,976,1650,21183,
276.7699108937513,76194,975,1651,21183,
276.7705369722041,76194,975,1650,21184,
276.77058918553905,76194,975,1649,21185,
276.7706622121056,76193,976,1649,21185,
276.7711995332279,76193,976,1648,21186,
276.77490015976184,76193,976,1647,21187,
276.77608443933747,76192,977,1647,21187,
276.77735712346947,76192,976,1648,21187,
276.7796355546006,76192,976,1647,21188,
276.77995988108836,76192,975,1648,21188,
276.780944993979,76192,974,1649,21188,
276.78097852715064,76192,973,1650,21188,
276.78275899752106,76192,973,1649,21189,
276.78355228091135,76192,973,1648,21190,
276.7838391004114,76192,973,1647,21191,
276.7864854140111,76192,973,1646,21192,
276.78826324847154,76192,972,1647,21192,
276.78933922620575,76191,973,1647,21192,
276.79082479578466,76191,972,1648,21192,
276.79119850233286,76191,971,1649,21192,
276.79337115235705,76190,972,1649,21192,
276.79678005863633,76189,973,1649,21192,
276.79685171187833,76188,974,1649,21192,
276.79752922207007,76188,973,1650,21192,
276.79819111206376,76188,972,1651,21192,
276.79962322757814,76188,972,1650,21193,
276.80458869469123,76188,971,1651,21193,
276.80811396968863,76188,970,1652,21193,
276.8160719781772,76188,970,1651,21194,
276.81650673180104,76187,971,1651,21194,
276.8169900759867,76187,971,1650,21195,
276.8182883298201,76187,971,1649,21196,
276.8186311902288,76186,972,1649,21196,
276.8189547144588,76186,971,1650,21196,
276.81979931185947,76185,972,1650,21196,
276.82033553694106,76184,973,1650,21196,
276.820770157763,76184,973,1649,21197,
276.8212382296771,76184,973,1648,21198,
276.82180118112893,76184,973,1647,21199,
276.8238865153967,76184,973,1646,21200,
276.8299176523883,76184,973,1645,21201,
276.8352877327935,76184,972,1646,21201,
276.8407889880502,76184,971,1647,21201,
276.84082698012315,76183,972,1647,21201,
276.8409559901894,76182,973,1647,21201,
276.84423755750345,76182,973,1646,21202,
276.8446463525689,76182,972,1647,21202,
276.8459998040291,76182,972,1646,21203,
276.849070155249,76182,971,1647,21203,
276.8529158693831,76181,972,1647,21203,
276.8533032447907,76181,971,1648,21203,
276.85443461211446,76181,971,1647,21204,
276.8557275614986,76180,972,1647,21204,
276.85576026313936,76179,973,1647,21204,
276.85605913883694,76178,974,1647,21204,
276.8568325952252,76178,973,1648,21204,
276.85692517561415,76178,973,1647,21205,
276.8578499802854,76178,972,1648,21205,
276.8594241419681,76177,973,1648,21205,
276.8597289812776,76176,974,1648,21205,
276.86272928547305,76176,973,1649,21205,
276.86381678595905,76176,972,1650,21205,
276.86715873813546,76175,973,1650,21205,
276.86896657366,76175,972,1651,21205,
276.8694647720756,76174,973,1651,21205,
276.871818133096,76174,972,1652,21205,
276.874963547123,76174,971,1653,21205,
276.87552183848743,76174,970,1654,21205,
276.87887085145087,76174,969,1655,21205,
276.8803743602554,76174,969,1654,21206,
276.88209979956065,76174,969,1653,21207,
276.88265327121286,76173,970,1653,21207,
276.8856174483979,76173,969,1654,21207,
276.8863732338487,76173,969,1653,21208,
276.8941264574895,76173,968,1654,21208,
276.8948470276326,76173,967,1655,21208,
276.8958651870863,76173,966,1656,21208,
276.89752776197736,76173,966,1655,21209,
276.900080135718,76173,965,1656,21209,
276.90196342796304,76173,965,1655,21210,
276.9047887550462,76173,965,1654,21211,
276.90503308624176,76172,966,1654,21211,
276.9052798578555,76171,967,1654,21211,
276.9080010131664,76171,966,1655,21211,
276.90833655518594,76171,966,1654,21212,
276.90982279096454,76170,967,1654,21212,
276.9100219736004,76169,968,1654,21212,
276.9123013855593,76168,969,1654,21212,
276.9125224955051,76168,969,1653,21213,
276.91459422454585,76168,969,1652,21214,
276.9147043223466,76168,969,1651,21215,
276.91659227250506,76167,970,1651,21215,
276.9171676699288,76167,970,1650,21216,
276.9173725021328,76167,970,1649,21217,
276.9192071206191,76166,971,1649,21217,
276.91992668452434,76166,970,1650,21217,
276.92187393846336,76166,969,1651,21217,
276.92298256095563,76165,970,1651,21217,
276.9234149706021,76165,970,1650,21218,
276.92492762512995,76165,970,1649,21219,
276.9274701109318,76164,971,1649,21219,
276.929015922033,76164,970,1650,21219,
276.9349986105755,76163,971,1650,21219,
276.9370415560677,76162,972,1650,21219,
276.9376320708056,76162,972,1649,21220,
276.937857576665,76162,972,1648,21221,
276.9414625057785,76162,971,1649,21221,
276.94362799449027,76162,970,1650,21221,
276.94448825246906,76162,970,1649,21222,
276.9459152200207,76161,971,1649,21222,
276.94804960942474,76161,971,1648,21223,
276.9527640341742,76160,972,1648,21223,
276.9570833202393,76160,971,1649,21223,
276.95799589559573,76160,971,1648,21224,
276.95853221073105,76160,970,1649,21224,
276.9617267030083,76160,970,1648,21225,
276.96256453280444,76159,971,1648,21225,
276.96620519783914,76159,971,1647,21226,
276.9670892356562,76159,970,1648,21226,
276.96832651514336,76158,971,1648,21226,
276.97007877733233,76158,970,1649,21226,
276.9720826505055,76158,969,1650,21226,
276.9740948267049,76158,969,1649,21227,
276.9749126821303,76158,968,1650,21227,
276.9754629511614,76157,969,1650,21227,
276.9761315747626,76157,969,1649,21228,
276.978786997352,76156,970,1649,21228,
276.9787924344023,76156,970,1648,21229,
276.98032904531084,76156,970,1647,21230,
276.9840649412947,76156,969,1648,21230,
276.984127241647,76156,969,1647,21231,
276.987460038194,76155,970,1647,21231,
276.9875646787492,76155,969,1648,21231,
276.98844525899136,76155,968,1649,21231,
276.9890660948158,76154,969,1649,21231,
276.99237350884755,76154,969,1648,21232,
276.99452059176826,76154,969,1647,21233,
276.9958416863401,76154,968,1648,21233,
276.9962476513542,76153,969,1648,21233,
276.9971008186418,76152,970,1648,21233,
276.99732392948533,76152,970,1647,21234,
276.9988915596311,76151,971,1647,21234,
276.9994558373457,76151,971,1646,21235,
277.0017038123278,76151,970,1647,21235,
277.003395627168,76151,970,1646,21236,
277.0044498745271,76151,970,1645,21237,
277.00559859799034,76151,969,1646,21237,
277.00619346816967,76151,969,1645,21238,
277.0096448369283,76151,968,1646,21238,
277.01099677821924,76151,967,1647,21238,
277.011971125368,76151,967,1646,21239,
277.01308473273014,76151,967,1645,21240,
277.0147604456399,76151,967,1644,21241,
277.0157807428892,76151,967,1643,21242,
277.017410430431,76151,966,1644,21242,
277.0236240260895,76150,967,1644,21242,
277.02434019264626,76150,966,1645,21242,
277.02782804756436,76149,967,1645,21242,
277.0286645399057,76149,966,1646,21242,
277.02916364785415,76149,966,1645,21243,
277.030795008067,76149,966,1644,21244,
277.03525916545874,76149,965,1645,21244,
277.0355993927385,76149,965,1644,21245,
277.0371882113832,76149,965,1643,21246,
277.0407568672295,76149,965,1642,21247,
277.0428564797271,76148,966,1642,21247,
277.04547780649364,76148,966,1641,21248,
277.0473553170235,76148,965,1642,21248,
277.04893701051316,76148,965,1641,21249,
277.04925427405226,76147,966,1641,21249,
277.0494836766001,76147,965,1642,21249,
277.0496508102285,76147,965,1641,21250,
277.04988661743755,76146,966,1641,21250,
277.05257469084717,76146,966,1640,21251,
277.05386929680697,76146,966,1639,21252,
277.0559984321375,76145,967,1639,21252,
277.05941035795024,76145,966,1640,21252,
277.05974250431257,76145,966,1639,21253,
277.05997749039824,76145,966,1638,21254,
277.0600691697658,76145,966,1637,21255,
277.0630445741078,76145,966,1636,21256,
277.06355417771795,76145,965,1637,21256,
277.06591906448324,76145,964,1638,21256,
277.066766137955,76145,963,1639,21256,
277.06801504253707,76145,963,1638,21257,
277.06801824091986,76145,963,1637,21258,
277.0692789096649,76144,964,1637,21258,
277.06967386128895,76143,965,1637,21258,
277.0697530967854,76143,964,1638,21258,
277.07006267986543,76143,963,1639,21258,
277.07134116423754,76143,962,1640,21258,
277.0726678250283,76143,961,1641,21258,
277.07348324880434,76142,962,1641,21258,
277.0768565654189,76141,963,1641,21258,
277.07813939710655,76141,963,1640,21259,
277.0781953344272,76140,964,1640,21259,
277.0802740838977,76140,964,1639,21260,
277.08201546043705,76140,964,1638,21261,
277.0825969052233,76139,965,1638,21261,
277.08323956287006,76139,965,1637,21262,
277.084407609083,76138,966,1637,21262,
277.0847298235386,76138,966,1636,21263,
277.08502193094444,76137,967,1636,21263,
277.08798242414304,76137,967,1635,21264,
277.08875093998597,76137,966,1636,21264,
277.0901349489897,76137,965,1637,21264,
277.090164630693,76136,966,1637,21264,
277.090425548181,76135,967,1637,21264,
277.0971747236093,76134,968,1637,21264,
277.09947500980724,76134,967,1638,21264,
277.1037252440527,76134,966,1639,21264,
277.10388741870395,76134,966,1638,21265,
277.105622887466,76133,967,1638,21265,
277.10731123359307,76133,966,1639,21265,
277.109141432312,76132,967,1639,21265,
277.10991050028326,76132,966,1640,21265,
277.1143729370611,76132,966,1639,21266,
277.1145793800239,76132,966,1638,21267,
277.11521486651213,76132,965,1639,21267,
277.11736323867683,76132,965,1638,21268,
277.1182872501246,76132,965,1637,21269,
277.1200136812107,76131,966,1637,21269,
277.1250192979056,76131,965,1638,21269,
277.13073942787224,76131,965,1637,21270,
277.1314502260154,76131,964,1638,21270,
277.1338258652475,76131,963,1639,21270,
277.13411158786136,76131,962,1640,21270,
277.1341617812344,76131,961,1641,21270,
277.13416669631,76131,961,1640,21271,
277.13524832650637,76131,961,1639,21272,
277.1354017088365,76131,961,1638,21273,
277.13561706175705,76131,960,1639,21273,
277.1377362713499,76131,959,1640,21273,
277.13861237444365,76131,959,1639,21274,
277.14053051493477,76131,959,1638,21275,
277.14081930806486,76131,959,1637,21276,
277.14135725907346,76131,959,1636,21277,
277.1421181497057,76131,959,1635,21278,
277.1423926254879,76131,958,1636,21278,
277.14286489423023,76131,958,1635,21279,
277.14291605067416,76130,959,1635,21279,
277.14445701654375,76130,959,1634,21280,
277.14890303632336,76129,960,1634,21280,
277.149067369078,76129,960,1633,21281,
277.1511531410366,76128,961,1633,21281,
277.1555686257539,76128,961,1632,21282,
277.1556915337887,76127,962,1632,21282,
277.15643087491594,76126,963,1632,21282,
277.1589711789811,76126,963,1631,21283,
277.16279814803306,76126,963,1630,21284,
277.1642812896803,76126,962,1631,21284,
277.1709940180667,76126,962,1630,21285,
277.17351899649043,76125,963,1630,21285,
277.17480137072755,76125,962,1631,21285,
277.1750630287454,76124,963,1631,21285,
277.17539054489635,76124,963,1630,21286,
277.17836947153467,76123,964,1630,21286,
277.17837141937497,76122,965,1630,21286,
277.17998613613895,76122,964,1631,21286,
277.18021434965544,76122,964,1630,21287,
277.1841764593145,76122,963,1631,21287,
277.18709318975243,76122,963,1630,21288,
277.1885849855654,76122,962,1631,21288,
277.19116130791895,76122,962,1630,21289,
277.1929861520624,76121,963,1630,21289,
277.1931127242033,76121,962,1631,21289,
277.1996281032677,76120,963,1631,21289,
277.2012284604149,76119,964,1631,21289,
277.2059096624685,76119,964,1630,21290,
277.20765707420526,76119,964,1629,21291,
277.208950993059,76118,965,1629,21291,
277.2239499353215,76118,964,1630,21291,
277.2282338780051,76118,964,1629,21292,
277.22894995562615,76117,965,1629,21292,
277.2305702158184,76117,965,1628,21293,
277.23264439940414,76116,966,1628,21293,
277.23405363839174,76115,967,1628,21293,
277.23524226113005,76115,966,1629,21293,
277.23722046161043,76115,965,1630,21293,
277.2432878128017,76115,964,1631,21293,
277.2437609358632,76115,963,1632,21293,
277.2444417162795,76115,962,1633,21293,
277.2452051541798,76115,962,1632,21294,
277.2462135395572,76115,962,1631,21295,
277.2463810582225,76115,962,1630,21296,
277.2469396382083,76114,963,1630,21296,
277.24697690211303,76113,964,1630,21296,
277.24916750045935,76112,965,1630,21296,
277.249830148216,76112,965,1629,21297,
277.25227851454713,76111,966,1629,21297,
277.2531695224462,76111,965,1630,21297,
277.253258604933,76110,966,1630,21297,
277.25550623761666,76109,967,1630,21297,
277.2570124781318,76108,968,1630,21297,
277.2570245670034,76108,967,1631,21297,
277.25777724023305,76107,968,1631,21297,
277.2609345130348,76107,968,1630,21298,
277.26312054862365,76106,969,1630,21298,
277.2642146039501,76106,969,1629,21299,
277.26666909575664,76105,970,1629,21299,
277.26720724478315,76105,969,1630,21299,
277.26986210324367,76104,970,1630,21299,
277.2724142621839,76104,969,1631,21299,
277.2726965223212,76104,968,1632,21299,
277.27770165224297,76103,969,1632,21299,
277.285950825236,76103,969,1631,21300,
277.2877852688203,76103,968,1632,21300,
277.29014160466,76103,968,1631,21301,
277.29365239703543,76102,969,1631,21301,
277.29574511163116,76102,968,1632,21301,
277.29784863261494,76102,967,1633,21301,
277.29835896808936,76101,968,1633,21301,
277.3016149939105,76100,969,1633,21301,
277.3032236689506,76099,970,1633,21301,
277.3042477472148,76098,971,1633,21301,
277.30597689966373,76097,972,1633,21301,
277.3109117467225,76096,973,1633,21301,
277.31257332022375,76096,973,1632,21302,
277.3161462093403,76095,974,1632,21302,
277.31670368095735,76094,975,1632,21302,
277.31859648812076,76093,976,1632,21302,
277.3203705545075,76092,977,1632,21302,
277.32914209962996,76092,977,1631,21303,
277.33003408010546,76091,978,1631,21303,
277.33070945139997,76091,978,1630,21304,
277.3310927247629,76091,978,1629,21305,
277.3327664253705,76091,978,1628,21306,
277.33435252019717,76091,977,1629,21306,
277.336151689439,76091,976,1630,21306,
277.3395908846132,76091,975,1631,21306,
277.34196568390666,76090,976,1631,21306,
277.3453293709898,76089,977,1631,21306,
277.34555286618763,76089,977,1630,21307,
277.345594857394,76089,977,1629,21308,
277.3486105727761,76088,978,1629,21308,
277.34934113183016,76087,979,1629,21308,
277.35071778028146,76087,978,1630,21308,
277.35087052465025,76087,977,1631,21308,
277.35088822884734,76086,978,1631,21308,
277.35489198468053,76086,978,1630,21309,
277.35892280375833,76086,978,1629,21310,
277.3605328238134,76086,977,1630,21310,
277.3635296597231,76086,977,1629,21311,
277.3643501253281,76086,977,1628,21312,
277.36528684307063,76086,976,1629,21312,
277.3663444390622,76086,976,1628,21313,
277.3664174875765,76086,975,1629,21313,
277.36694083013975,76086,974,1630,21313,
277.3672174757282,76086,974,1629,21314,
277.372349171112,76086,974,1628,21315,
277.3731130483127,76085,975,1628,21315,
277.3733651140781,76084,976,1628,21315,
277.3757321428456,76083,977,1628,21315,
277.37683942317017,76083,976,1629,21315,
277.3771970516119,76082,977,1629,21315,
277.37911905235313,76081,978,1629,21315,
277.3791943797574,76081,977,1630,21315,
277.37954544493493,76080,978,1630,21315,
277.38042297711684,76080,978,1629,21316,
277.38156743225187,76079,979,1629,21316,
277.38670075392366,76079,979,1628,21317,
277.3868340974472,76079,978,1629,21317,
277.38803930929834,76079,977,1630,21317,
277.38899614558073,76078,978,1630,21317,
277.38949821858495,76078,977,1631,21317,
277.3903738199673,76077,978,1631,21317,
277.39071115003657,76077,978,1630,21318,
277.39202345325515,76077,977,1631,21318,
277.3930929998622,76077,976,1632,21318,
277.3931483911011,76077,975,1633,21318,
277.3997581853764,76077,974,1634,21318,
277.4005793161818,76077,973,1635,21318,
277.4058035701495,76077,973,1634,21319,
277.40711953112464,76076,974,1634,21319,
277.4083186736794,76076,974,1633,21320,
277.40987060867343,76075,975,1633,21320,
277.4104488437083,76075,974,1634,21320,
277.4121205335218,76075,974,1633,21321,
277.4122993844648,76074,975,1633,21321,
277.4146586937216,76074,975,1632,21322,
277.41580991370586,76074,974,1633,21322,
277.4167163900555,76073,975,1633,21322,
277.4173893866971,76073,975,1632,21323,
277.4183717347294,76073,974,1633,21323,
277.4196944298537,76073,974,1632,21324,
277.4202224961126,76072,975,1632,21324,
277.42093252105724,76072,975,1631,21325,
277.42271435090464,76072,975,1630,21326,
277.4255407037351,76072,975,1629,21327,
277.4274036932974,76071,976,1629,21327,
277.4279494858021,76071,975,1630,21327,
277.4297064351189,76071,975,1629,21328,
277.4314801450843,76071,974,1630,21328,
277.4316643524815,76071,973,1631,21328,
277.43250834695397,76071,973,1630,21329,
277.4329004610118,76070,974,1630,21329,
277.4341647767926,76070,974,1629,21330,
277.43709723174305,76070,973,1630,21330,
277.43732381067747,76069,974,1630,21330,
277.4401878856955,76069,974,1629,21331,
277.4414784166469,76069,973,1630,21331,
277.44453893051013,76068,974,1630,21331,
277.4475089751972,76068,974,1629,21332,
277.4478315869188,76068,974,1628,21333,
277.45640837389954,76068,973,1629,21333,
277.4612418720889,76068,973,1628,21334,
277.4624063392822,76068,973,1627,21335,
277.4665498903939,76068,972,1628,21335,
277.4668837189223,76068,972,1627,21336,
277.46731546422245,76068,971,1628,21336,
277.4699767054422,76068,970,1629,21336,
277.47617153981423,76068,969,1630,21336,
277.47851883505814,76068,968,1631,21336,
277.4792334796323,76068,967,1632,21336,
277.48052261749467,76068,967,1631,21337,
277.48277250611613,76068,966,1632,21337,
277.4851167960877,76068,966,1631,21338,
277.48612718224877,76068,966,1630,21339,
277.4862929910353,76068,966,1629,21340,
277.48724655093736,76067,967,1629,21340,
277.4896615299538,76067,966,1630,21340,
277.49071084515845,76067,965,1631,21340,
277.4928317288902,76067,965,1630,21341,
277.4944816743388,76067,965,1629,21342,
277.49583049877054,76067,965,1628,21343,
277.4968585649592,76066,966,1628,21343,
277.49690159108366,76065,967,1628,21343,
277.49858647209766,76065,967,1627,21344,
277.5002978086666,76065,966,1628,21344,
277.5027162049179,76065,966,1627,21345,
277.50377469840726,76064,967,1627,21345,
277.50508226384005,76064,967,1626,21346,
277.51008853597136,76063,968,1626,21346,
277.51219948268556,76063,968,1625,21347,
277.51295047891256,76063,967,1626,21347,
277.5142863091406,76063,967,1625,21348,
277.51496021960486,76063,966,1626,21348,
277.52238180678125,76063,965,1627,21348,
277.52296174572234,76062,966,1627,21348,
277.52621467436603,76061,967,1627,21348,
277.52881500451645,76061,966,1628,21348,
277.5308330176464,76061,966,1627,21349,
277.5328287786853,76061,965,1628,21349,
277.53350755348333,76061,965,1627,21350,
277.53543155389957,76061,964,1628,21350,
277.53722513980847,76060,965,1628,21350,
277.5376539776438,76060,965,1627,21351,
277.5384465624287,76059,966,1627,21351,
277.5390967121121,76059,965,1628,21351,
277.5422021708166,76059,965,1627,21352,
277.5453869946117,76059,965,1626,21353,
277.54715698522676,76058,966,1626,21353,
277.5490248180895,76057,967,1626,21353,
277.54904153865897,76057,966,1627,21353,
277.5496439908004,76056,967,1627,21353,
277.5500137917627,76056,966,1628,21353,
277.5587962678506,76056,966,1627,21354,
277.5597593591535,76056,966,1626,21355,
277.56058043865534,76056,965,1627,21355,
277.56316532954895,76056,964,1628,21355,
277.5632443941581,76055,965,1628,21355,
277.56595712597203,76055,965,1627,21356,
277.567206349688,76055,964,1628,21356,
277.57031336613426,76055,964,1627,21357,
277.5714140903891,76055,963,1628,21357,
277.5723103791897,76054,964,1628,21357,
277.5737485304739,76054,964,1627,21358,
277.57615580264957,76053,965,1627,21358,
277.58298803935224,76052,966,1627,21358,
277.58468995686053,76051,967,1627,21358,
277.5864176993994,76051,966,1628,21358,
277.58686783070084,76050,967,1628,21358,
277.5884039380925,76050,967,1627,21359,
277.5904002241047,76049,968,1627,21359,
277.59244180375225,76048,969,1627,21359,
277.5931804988122,76048,969,1626,21360,
277.59735969306337,76048,969,1625,21361,
277.59773017153293,76048,968,1626,21361,
277.6019111731369,76048,968,1625,21362,
277.60349375675423,76048,967,1626,21362,
277.60724333076575,76048,967,1625,21363,
277.6077466876751,76048,967,1624,21364,
277.60788242999985,76048,966,1625,21364,
277.6091523061512,76048,966,1624,21365,
277.6100712873023,76048,965,1625,21365,
277.611982587017,76047,966,1625,21365,
277.6124651950978,76046,967,1625,21365,
277.6131608781059,76046,967,1624,21366,
277.61330499673494,76046,967,1623,21367,
277.6141719372443,76046,966,1624,21367,
277.6163907287795,76046,965,1625,21367,
277.6170652070522,76045,966,1625,21367,
277.6191685604435,76045,966,1624,21368,
277.62224218790533,76045,966,1623,21369,
277.6224736076482,76045,965,1624,21369,
277.6238650466124,76045,965,1623,21370,
277.6276361451753,76044,966,1623,21370,
277.6299979093253,76043,967,1623,21370,
277.6302143104733,76042,968,1623,21370,
277.63063178231215,76042,968,1622,21371,
277.6315484212961,76042,968,1621,21372,
277.63250727837953,76041,969,1621,21372,
277.6356450489859,76041,968,1622,21372,
277.6357145905523,76041,967,1623,21372,
277.63676572010166,76041,967,1622,21373,
277.64163573076013,76040,968,1622,21373,
277.641912355202,76040,968,1621,21374,
277.64401275435273,76039,969,1621,21374,
277.6446733541967,76039,968,1622,21374,
277.64809317243476,76038,969,1622,21374,
277.6506239812897,76038,968,1623,21374,
277.6533840520565,76038,968,1622,21375,
277.65763641138983,76038,967,1623,21375,
277.665393974148,76038,967,1622,21376,
277.66558003670156,76038,967,1621,21377,
277.66679729999606,76038,966,1622,21377,
277.66747311971307,76038,966,1621,21378,
277.6678936598319,76038,965,1622,21378,
277.668586461284,76038,965,1621,21379,
277.66906694777737,76037,966,1621,21379,
277.6756735467697,76037,966,1620,21380,
277.6788825642049,76037,965,1621,21380,
277.6799701562529,76037,965,1620,21381,
277.6887205835562,76036,966,1620,21381,
277.6900173439458,76036,966,1619,21382,
277.69339205395477,76035,967,1619,21382,
277.6938916998969,76035,967,1618,21383,
277.6971884474198,76035,967,1617,21384,
277.6975211269372,76034,968,1617,21384,
277.6999345114458,76034,968,1616,21385,
277.7027500309191,76033,969,1616,21385,
277.71400205252496,76033,969,1615,21386,
277.71631195480546,76032,970,1615,21386,
277.71682580820845,76032,970,1614,21387,
277.71934965803575,76032,970,1613,21388,
277.7200566171189,76031,971,1613,21388,
277.72023074877507,76031,971,1612,21389,
277.72107878058324,76030,972,1612,21389,
277.72466916969864,76029,973,1612,21389,
277.72649095673654,76029,973,1611,21390,
277.72851035775744,76028,974,1611,21390,
277.7298430181601,76027,975,1611,21390,
277.7316123583175,76027,974,1612,21390,
277.7320389541837,76027,973,1613,21390,
277.73243707086715,76027,972,1614,21390,
277.7345545791645,76027,972,1613,21391,
277.73799747286955,76027,971,1614,21391,
277.7403652381869,76027,971,1613,21392,
277.7412042500149,76027,971,1612,21393,
277.74515387356297,76026,972,1612,21393,
277.74615193314236,76026,971,1613,21393,
277.7483865432937,76026,971,1612,21394,
277.74843787115276,76026,970,1613,21394,
277.74847413250006,76026,969,1614,21394,
277.75164019699923,76025,970,1614,21394,
277.75460857362873,76025,970,1613,21395,
277.7554927538614,76025,970,1612,21396,
277.7563527617526,76025,970,1611,21397,
277.75716486299535,76024,971,1611,21397,
277.7577045972328,76024,971,1610,21398,
277.7694768615632,76024,971,1609,21399,
277.7709162929256,76024,971,1608,21400,
277.77123508521134,76023,972,1608,21400,
277.778811721816,76023,971,1609,21400,
277.7788860062721,76023,971,1608,21401,
277.78189564301334,76023,971,1607,21402,
277.7833151184174,76022,972,1607,21402,
277.7847288185001,76022,972,1606,21403,
277.78634882504747,76022,971,1607,21403,
277.7863505764791,76022,971,1606,21404,
277.78952256384963,76022,970,1607,21404,
277.7897409876414,76022,970,1606,21405,
277.7917102274466,76022,970,1605,21406,
277.7936929705111,76022,970,1604,21407,
277.79398066998056,76021,971,1604,21407,
277.7956044588176,76021,971,1603,21408,
277.79583768431326,76021,970,1604,21408,
277.796222991006,76021,970,1603,21409,
277.7966783150463,76021,969,1604,21409,
277.79752183145285,76021,969,1603,21410,
277.80167420057177,76021,968,1604,21410,
277.80553501887783,76021,967,1605,21410,
277.805907856958,76021,967,1604,21411,
277.8101614993505,76020,968,1604,21411,
277.8102553497137,76020,968,1603,21412,
277.81352427242797,76020,967,1604,21412,
277.8161787680489,76020,966,1605,21412,
277.816693093764,76019,967,1605,21412,
277.82058259867495,76019,967,1604,21413,
277.8211670058543,76019,967,1603,21414,
277.8221928801669,76018,968,1603,21414,
277.82325906965997,76017,969,1603,21414,
277.82674838213853,76016,970,1603,21414,
277.82755248599574,76016,969,1604,21414,
277.8301100406134,76016,969,1603,21415,
277.83087746382984,76016,968,1604,21415,
277.83217656289395,76016,968,1603,21416,
277.8341134889051,76016,967,1604,21416,
277.8352756356039,76015,968,1604,21416,
277.8354827937027,76014,969,1604,21416,
277.8375788042291,76014,969,1603,21417,
277.83787493478536,76013,970,1603,21417,
277.8381777537553,76013,970,1602,21418,
277.83833321184716,76012,971,1602,21418,
277.839080966613,76012,970,1603,21418,
277.8393315109547,76011,971,1603,21418,
277.8397467732225,76010,972,1603,21418,
277.84416912416356,76010,971,1604,21418,
277.8446167779647,76010,970,1605,21418,
277.84588916532863,76010,970,1604,21419,
277.84966541480014,76010,970,1603,21420,
277.8516396665888,76010,970,1602,21421,
277.8543708142921,76010,970,1601,21422,
277.8559358137885,76009,971,1601,21422,
277.8565973272949,76008,972,1601,21422,
277.8580615181184,76008,971,1602,21422,
277.8588780443821,76008,970,1603,21422,
277.86079365399775,76008,969,1604,21422,
277.861828098012,76007,970,1604,21422,
277.8658149844224,76006,971,1604,21422,
277.86635330189773,76006,971,1603,21423,
277.8688315720049,76006,970,1604,21423,
277.8689182374503,76006,969,1605,21423,
277.86965031074214,76006,968,1606,21423,
277.87363386314865,76006,968,1605,21424,
277.87431046762595,76006,968,1604,21425,
277.8749299583403,76006,968,1603,21426,
277.877394288267,76006,968,1602,21427,
277.8795013063541,76006,967,1603,21427,
277.8798072812051,76006,967,1602,21428,
277.8801672324085,76006,967,1601,21429,
277.8815082923787,76006,967,1600,21430,
277.88156466064254,76006,966,1601,21430,
277.88736847435024,76006,966,1600,21431,
277.8889642024708,76006,965,1601,21431,
277.88933844555396,76006,964,1602,21431,
277.89131363535904,76006,964,1601,21432,
277.89204323204314,76006,964,1600,21433,
277.893603336003,76006,964,1599,21434,
277.8941356461434,76005,965,1599,21434,
277.895236191943,76004,966,1599,21434,
277.89530120953026,76003,967,1599,21434,
277.89533449861494,76002,968,1599,21434,
277.8962805900844,76002,967,1600,21434,
277.8962922184712,76001,968,1600,21434,
277.8965461636953,76001,967,1601,21434,
277.89709256083864,76001,967,1600,21435,
277.89845885318664,76001,966,1601,21435,
277.89859975491066,76001,966,1600,21436,
277.9027208924056,76000,967,1600,21436,
277.90350442986477,76000,967,1599,21437,
277.9036373825573,76000,967,1598,21438,
277.907118491448,76000,967,1597,21439,
277.909519362037,76000,967,1596,21440,
277.9116231193584,75999,968,1596,21440,
277.91284542580263,75999,968,1595,21441,
277.914484017838,75998,969,1595,21441,
277.91557715397585,75998,969,1594,21442,
277.9181896267043,75998,969,1593,21443,
277.9190976055051,75998,969,1592,21444,
277.9218037793436,75998,968,1593,21444,
277.92569438912847,75998,968,1592,21445,
277.92658881132775,75998,968,1591,21446,
277.9301626170633,75998,968,1590,21447,
277.93042835229465,75997,969,1590,21447,
277.93183877176403,75997,969,1589,21448,
277.93374191691686,75997,968,1590,21448,
277.936368995981,75996,969,1590,21448,
277.93731541616773,75995,970,1590,21448,
277.940334131738,75994,971,1590,21448,
277.94033742185945,75994,971,1589,21449,
277.94076633632613,75994,970,1590,21449,
277.94451538909664,75994,970,1589,21450,
277.94890280536947,75994,970,1588,21451,
277.94966483212244,75994,969,1589,21451,
277.95026819466153,75994,968,1590,21451,
277.95373413785165,75994,967,1591,21451,
277.9543861038692,75994,967,1590,21452,
277.9549768829519,75993,968,1590,21452,
277.95497930387864,75992,969,1590,21452,
277.956555992666,75992,968,1591,21452,
277.95684196009324,75992,968,1590,21453,
277.95685293308816,75992,967,1591,21453,
277.9631759323815,75992,966,1592,21453,
277.9633441300893,75992,965,1593,21453,
277.9638069905175,75992,964,1594,21453,
277.9643012830328,75991,965,1594,21453,
277.96655692276545,75990,966,1594,21453,
277.9750337323721,75989,967,1594,21453,
277.9814975123754,75989,966,1595,21453,
277.98575415077534,75989,965,1596,21453,
277.99149543627703,75989,965,1595,21454,
277.9925148555961,75989,965,1594,21455,
277.99381982439854,75989,964,1595,21455,
277.99676468157395,75988,965,1595,21455,
277.99790716637756,75987,966,1595,21455,
277.9987427807694,75987,965,1596,21455,
278.0005132536892,75986,966,1596,21455,
278.0018588709152,75986,966,1595,21456,
278.0078959483243,75986,965,1596,21456,
278.01237407849845,75986,964,1597,21456,
278.0144256864508,75986,964,1596,21457,
278.0148004611388,75985,965,1596,21457,
278.01758834415136,75985,965,1595,21458,
278.0189202227657,75985,964,1596,21458,
278.0219415733308,75984,965,1596,21458,
278.02475215710336,75984,964,1597,21458,
278.0258094831237,75983,965,1597,21458,
278.0270135189399,75982,966,1597,21458,
278.03395173383115,75982,965,1598,21458,
278.0354019130702,75982,964,1599,21458,
278.03645018239337,75982,964,1598,21459,
278.03990008428025,75982,964,1597,21460,
278.0404015185191,75981,965,1597,21460,
278.04079864943236,75981,965,1596,21461,
278.0411378112321,75980,966,1596,21461,
278.0424577039001,75979,967,1596,21461,
278.04292201587646,75979,967,1595,21462,
278.0447628685651,75979,967,1594,21463,
278.04598389717614,75979,967,1593,21464,
278.0460268658268,75979,967,1592,21465,
278.0468273404348,75979,966,1593,21465,
278.04893903318947,75979,966,1592,21466,
278.0511430458189,75979,965,1593,21466,
278.05241572298337,75979,964,1594,21466,
278.05565665793654,75979,963,1595,21466,
278.0558106589389,75979,962,1596,21466,
278.05665556484354,75979,962,1595,21467,
278.0601378468805,75979,962,1594,21468,
278.06065103143413,75978,963,1594,21468,
278.0656674026697,75978,963,1593,21469,
278.0683774055208,75978,962,1594,21469,
278.06846122944006,75978,962,1593,21470,
278.06984229523016,75978,962,1592,21471,
278.0707236941699,75978,961,1593,21471,
278.0716221778825,75978,960,1594,21471,
278.07552930753394,75978,959,1595,21471,
278.07556913790484,75977,960,1595,21471,
278.0783543362553,75977,959,1596,21471,
278.07905671911686,75977,958,1597,21471,
278.0808727202374,75976,959,1597,21471,
278.08242032621706,75976,958,1598,21471,
278.0837482549412,75976,958,1597,21472,
278.08400479969686,75976,958,1596,21473,
278.08437030456264,75975,959,1596,21473,
278.08579336244867,75975,958,1597,21473,
278.08605046793986,75974,959,1597,21473,
278.08664725796024,75973,960,1597,21473,
278.0894981549814,75973,959,1598,21473,
278.0916878539983,75972,960,1598,21473,
278.0949535067581,75971,961,1598,21473,
278.09546231031555,75970,962,1598,21473,
278.09712873155314,75970,961,1599,21473,
278.09783040531596,75969,962,1599,21473,
278.09818115940806,75968,963,1599,21473,
278.09825644590063,75968,962,1600,21473,
278.0989239046167,75967,963,1600,21473,
278.09967900629226,75967,963,1599,21474,
278.10084318717674,75966,964,1599,21474,
278.1013986391319,75966,963,1600,21474,
278.10175122087304,75966,962,1601,21474,
278.1048182784456,75965,963,1601,21474,
278.10680307988673,75965,962,1602,21474,
278.1079130084296,75965,962,1601,21475,
278.10821621381336,75964,963,1601,21475,
278.1086516366814,75964,962,1602,21475,
278.109880267064,75964,962,1601,21476,
278.11085773866176,75964,961,1602,21476,
278.11147930580444,75964,961,1601,21477,
278.1156666095403,75964,960,1602,21477,
278.1180448238404,75963,961,1602,21477,
278.1189634840822,75963,961,1601,21478,
278.1198542234266,75962,962,1601,21478,
278.12093667918197,75962,961,1602,21478,
278.1222312316881,75962,961,1601,21479,
278.12561257410175,75962,960,1602,21479,
278.12817982650574,75962,960,1601,21480,
278.1351825772195,75962,959,1602,21480,
278.1397664603871,75962,958,1603,21480,
278.14446523580347,75962,957,1604,21480,
278.1454778447051,75962,956,1605,21480,
278.14616019032616,75962,956,1604,21481,
278.1489158111892,75961,957,1604,21481,
278.1501191009784,75961,957,1603,21482,
278.1506008478146,75961,957,1602,21483,
278.15376986344586,75960,958,1602,21483,
278.15379882993267,75960,957,1603,21483,
278.1539582166737,75960,957,1602,21484,
278.1548898624166,75960,957,1601,21485,
278.1558519222725,75960,957,1600,21486,
278.1600906328804,75960,957,1599,21487,
278.16112551330036,75959,958,1599,21487,
278.16380779966244,75959,958,1598,21488,
278.1645057576099,75958,959,1598,21488,
278.16652035467484,75957,960,1598,21488,
278.17230370001363,75956,961,1598,21488,
278.17247969633945,75955,962,1598,21488,
278.1725664400547,75955,962,1597,21489,
278.17311408854346,75955,961,1598,21489,
278.17382268125334,75954,962,1598,21489,
278.1741317427246,75954,961,1599,21489,
278.1769432962115,75954,960,1600,21489,
278.1780931119898,75954,959,1601,21489,
278.1791826264852,75953,960,1601,21489,
278.1794466991998,75953,959,1602,21489,
278.18019194334397,75953,958,1603,21489,
278.1803399743465,75953,958,1602,21490,
278.1815454490289,75953,957,1603,21490,
278.1881233431405,75953,956,1604,21490,
278.1907862176916,75952,957,1604,21490,
278.19170870356635,75952,957,1603,21491,
278.1937882654662,75952,957,1602,21492,
278.19492323724006,75951,958,1602,21492,
278.1964568825407,75950,959,1602,21492,
278.1986318393719,75949,960,1602,21492,
278.1987364421492,75949,959,1603,21492,
278.20189782933033,75949,959,1602,21493,
278.2025664082505,75949,958,1603,21493,
278.2053755911779,75948,959,1603,21493,
278.21052122410055,75947,960,1603,21493,
278.21260025446304,75947,960,1602,21494,
278.2127637363129,75946,961,1602,21494,
278.21529714968466,75946,960,1603,21494,
278.21555860479134,75946,960,1602,21495,
278.21562808139987,75946,959,1603,21495,
278.21776430530673,75945,960,1603,21495,
278.2180919355643,75944,961,1603,21495,
278.2236955641943,75943,962,1603,21495,
278.22409474782694,75942,963,1603,21495,
278.2241430492276,75941,964,1603,21495,
278.22533254377674,75941,963,1604,21495,
278.22550426749456,75941,962,1605,21495,
278.2262125794774,75941,962,1604,21496,
278.22707908960615,75941,961,1605,21496,
278.22958718522773,75941,960,1606,21496,
278.23063744583794,75941,959,1607,21496,
278.23428065799817,75941,958,1608,21496,
278.23658748146624,75940,959,1608,21496,
278.2385093701687,75939,960,1608,21496,
278.2406087595231,75939,959,1609,21496,
278.2413802024231,75938,960,1609,21496,
278.24542613405595,75938,959,1610,21496,
278.24590815101084,75938,959,1609,21497,
278.24762028053794,75937,960,1609,21497,
278.24940618819045,75937,960,1608,21498,
278.25261932259417,75937,959,1609,21498,
278.252936855007,75936,960,1609,21498,
278.25506936935324,75936,959,1610,21498,
278.26181280955495,75936,959,1609,21499,
278.26531049470185,75936,958,1610,21499,
278.265633701669,75935,959,1610,21499,
278.26585740827915,75934,960,1610,21499,
278.26809796724103,75934,960,1609,21500,
278.26922500453526,75933,961,1609,21500,
278.26927645134697,75933,961,1608,21501,
278.26962451652486,75933,961,1607,21502,
278.2702469310415,75933,961,1606,21503,
278.2705820689259,75932,962,1606,21503,
278.27275383364,75931,963,1606,21503,
278.27430006494046,75931,963,1605,21504,
278.2825965419133,75931,962,1606,21504,
278.28322629233423,75931,962,1605,21505,
278.2854313259344,75930,963,1605,21505,
278.28848957268684,75930,962,1606,21505,
278.2915566821836,75930,962,1605,21506,
278.29352399890325,75930,962,1604,21507,
278.2984138541097,75930,962,1603,21508,
278.2989174830846,75930,962,1602,21509,
278.299189064508,75929,963,1602,21509,
278.3017518420692,75928,964,1602,21509,
278.30184315508353,75928,963,1603,21509,
278.30242463808577,75928,962,1604,21509,
278.3061985596951,75928,962,1603,21510,
278.3091803031695,75928,962,1602,21511,
278.3093558108392,75928,962,1601,21512,
278.3094310989821,75927,963,1601,21512,
278.3104735555684,75927,963,1600,21513,
278.31299106647475,75927,963,1599,21514,
278.3145530972059,75927,963,1598,21515,
278.3148662159258,75926,964,1598,21515,
278.31651502134577,75926,964,1597,21516,
278.317115802808,75926,964,1596,21517,
278.3172450409708,75926,964,1595,21518,
278.31778646756476,75925,965,1595,21518,
278.3183907358958,75924,966,1595,21518,
278.32082496125116,75924,966,1594,21519,
278.32313308233506,75924,966,1593,21520,
278.3269259177648,75924,966,1592,21521,
278.32921772751695,75924,965,1593,21521,
278.32948251639937,75924,965,1592,21522,
278.3313694922963,75923,966,1592,21522,
278.3340361531797,75923,965,1593,21522,
278.336815895031,75923,964,1594,21522,
278.3388579833536,75922,965,1594,21522,
278.3393647756154,75922,965,1593,21523,
278.33952481341663,75921,966,1593,21523,
278.3469844644576,75921,965,1594,21523,
278.3471402981014,75920,966,1594,21523,
278.3475700534871,75919,967,1594,21523,
278.3497919596836,75919,967,1593,21524,
278.3551764806477,75919,967,1592,21525,
278.35748986117795,75918,968,1592,21525,
278.3652028527832,75918,967,1593,21525,
278.3652081068277,75918,966,1594,21525,
278.3658635632248,75917,967,1594,21525,
278.3675102077436,75917,966,1595,21525,
278.3709407290025,75917,965,1596,21525,
278.3711556613142,75917,964,1597,21525,
278.3721762123043,75917,963,1598,21525,
278.37321982309777,75916,964,1598,21525,
278.3826682890227,75915,965,1598,21525,
278.3843992998421,75915,965,1597,21526,
278.3860788381512,75914,966,1597,21526,
278.3926719721015,75914,966,1596,21527,
278.39475222244084,75914,965,1597,21527,
278.3968502535523,75914,965,1596,21528,
278.39824822813927,75914,964,1597,21528,
278.39852095176036,75913,965,1597,21528,
278.3996650970972,75913,964,1598,21528,
278.4014840400068,75912,965,1598,21528,
278.406586827443,75912,965,1597,21529,
278.4081742548876,75912,964,1598,21529,
278.40952579670335,75911,965,1598,21529,
278.40988375145025,75911,964,1599,21529,
278.4101620271778,75911,963,1600,21529,
278.4119776298087,75910,964,1600,21529,
278.4124131989927,75910,964,1599,21530,
278.41333087530364,75910,964,1598,21531,
278.4133846102973,75910,963,1599,21531,
278.41449153770304,75910,962,1600,21531,
278.4171265844866,75910,962,1599,21532,
278.4180933848507,75909,963,1599,21532,
278.41885540395793,75909,963,1598,21533,
278.4200311413408,75908,964,1598,21533,
278.42015649637176,75908,964,1597,21534,
278.42209542785116,75908,963,1598,21534,
278.42272467481547,75908,963,1597,21535,
278.42578591885825,75907,964,1597,21535,
278.426736237074,75906,965,1597,21535,
278.42857586967443,75906,965,1596,21536,
278.4293165077941,75906,965,1595,21537,
278.4316346404016,75905,966,1595,21537,
278.43372303505544,75905,965,1596,21537,
278.4347379301511,75905,964,1597,21537,
278.4365723129061,75905,964,1596,21538,
278.4392704339837,75904,965,1596,21538,
278.4407347759467,75904,965,1595,21539,
278.44103709478173,75903,966,1595,21539,
278.4424867047046,75902,967,1595,21539,
278.4427558360184,75901,968,1595,21539,
278.4432286085085,75901,967,1596,21539,
278.4447906687148,75900,968,1596,21539,
278.4458021410894,75900,967,1597,21539,
278.44599589472836,75900,967,1596,21540,
278.4519073973022,75900,966,1597,21540,
278.4520115268703,75900,966,1596,21541,
278.4547780650116,75900,965,1597,21541,
278.456010597244,75900,965,1596,21542,
278.4561017285864,75900,964,1597,21542,
278.45665880921945,75899,965,1597,21542,
278.45935462693785,75899,964,1598,21542,
278.4596805135489,75898,965,1598,21542,
278.45994658469573,75898,965,1597,21543,
278.46132542320356,75897,966,1597,21543,
278.46192334943237,75897,966,1596,21544,
278.46410949311684,75897,965,1597,21544,
278.46555707942804,75897,964,1598,21544,
278.46703051632596,75897,964,1597,21545,
278.47055708501745,75897,963,1598,21545,
278.4725948020867,75897,963,1597,21546,
278.4736920197818,75897,962,1598,21546,
278.47551425091035,75897,962,1597,21547,
278.4774024712392,75897,961,1598,21547,
278.4778928785591,75897,961,1597,21548,
278.48038387637456,75897,961,1596,21549,
278.4804286865201,75897,961,1595,21550,
278.4831675110266,75897,960,1596,21550,
278.48318738327765,75896,961,1596,21550,
278.4855257674196,75895,962,1596,21550,
278.48695641493816,75895,961,1597,21550,
278.4872979474393,75894,962,1597,21550,
278.4881152160006,75894,962,1596,21551,
278.48960051187174,75894,962,1595,21552,
278.489760887126,75894,962,1594,21553,
278.49139149803216,75894,961,1595,21553,
278.49476342089923,75894,961,1594,21554,
278.49810066093954,75893,962,1594,21554,
278.5015693588658,75893,962,1593,21555,
278.50524633911397,75892,963,1593,21555,
278.5068391454182,75891,964,1593,21555,
278.50707129201294,75891,964,1592,21556,
278.5088571998134,75890,965,1592,21556,
278.5118689115763,75890,965,1591,21557,
278.511956323386,75889,966,1591,21557,
278.51421607822016,75889,965,1592,21557,
278.5153480226855,75889,964,1593,21557,
278.51664949109687,75888,965,1593,21557,
278.51703480112013,75887,966,1593,21557,
278.51936593530695,75886,967,1593,21557,
278.5216695387038,75886,967,1592,21558,
278.52391367299424,75885,968,1592,21558,
278.52818499331516,75885,967,1593,21558,
278.5312427085915,75885,967,1592,21559,
278.53160935102386,75885,967,1591,21560,
278.53225572620784,75885,967,1590,21561,
278.53301768427826,75885,966,1591,21561,
278.53324318439974,75885,966,1590,21562,
278.53631097986386,75885,965,1591,21562,
278.5442883094752,75885,965,1590,21563,
278.5444100831672,75885,965,1589,21564,
278.5452692954421,75885,964,1590,21564,
278.54772776003034,75884,965,1590,21564,
278.5477778422214,75884,964,1591,21564,
278.5537495493824,75884,964,1590,21565,
278.558500226785,75884,963,1591,21565,
278.56634669634957,75884,963,1590,21566,
278.5666764612575,75884,962,1591,21566,
278.567470055156,75884,961,1592,21566,
278.56771866377227,75884,960,1593,21566,
278.56991561743155,75883,961,1593,21566,
278.5701145454126,75883,960,1594,21566,
278.57813283064587,75882,961,1594,21566,
278.57913075263355,75882,960,1595,21566,
278.5818108643384,75882,960,1594,21567,
278.58251133463136,75881,961,1594,21567,
278.58427062883027,75881,961,1593,21568,
278.58720240189496,75880,962,1593,21568,
278.5874039804391,75880,961,1594,21568,
278.5877241058018,75880,961,1593,21569,
278.5882590222097,75879,962,1593,21569,
278.5909610048142,75879,962,1592,21570,
278.59103035526834,75879,962,1591,21571,
278.59779662463586,75878,963,1591,21571,
278.59798174478647,75878,963,1590,21572,
278.6013374797747,75877,964,1590,21572,
278.60688666460715,75877,964,1589,21573,
278.60892895467487,75877,963,1590,21573,
278.6096186295496,75877,963,1589,21574,
278.6148196602328,75877,963,1588,21575,
278.61538717197135,75877,963,1587,21576,
278.6183529875356,75876,964,1587,21576,
278.6201032990236,75876,963,1588,21576,
278.62658305488316,75876,962,1589,21576,
278.62755451877797,75876,961,1590,21576,
278.63156040815,75875,962,1590,21576,
278.635415657184,75875,962,1589,21577,
278.6354716178244,75875,962,1588,21578,
278.63657497395116,75875,962,1587,21579,
278.6372353829401,75874,963,1587,21579,
278.6409292292307,75874,963,1586,21580,
278.6434353455038,75874,962,1587,21580,
278.6437532042768,75874,961,1588,21580,
278.6460058898961,75874,961,1587,21581,
278.6467030086737,75873,962,1587,21581,
278.6521302268058,75872,963,1587,21581,
278.6524192675499,75872,962,1588,21581,
278.65793401187557,75872,961,1589,21581,
278.6582662385153,75871,962,1589,21581,
278.65841203603213,75871,962,1588,21582,
278.6607137764847,75870,963,1588,21582,
278.66072269923154,75870,963,1587,21583,
278.6608191923502,75870,962,1588,21583,
278.6620629642537,75870,961,1589,21583,
278.6654216638433,75870,960,1590,21583,
278.6658994186288,75870,959,1591,21583,
278.6668083650723,75870,959,1590,21584,
278.6733379270728,75870,959,1589,21585,
278.67497852829865,75870,959,1588,21586,
278.675233752793,75869,960,1588,21586,
278.67942854127034,75869,960,1587,21587,
278.68024073640146,75869,960,1586,21588,
278.68179426829636,75869,960,1585,21589,
278.68236090401047,75869,960,1584,21590,
278.6824883009607,75869,959,1585,21590,
278.68669195903504,75869,959,1584,21591,
278.6885088189298,75869,958,1585,21591,
278.68874023010125,75869,957,1586,21591,
278.689642991172,75869,956,1587,21591,
278.68992217736263,75868,957,1587,21591,
278.6949327088014,75868,956,1588,21591,
278.7004542369807,75868,956,1587,21592,
278.7014125109209,75868,956,1586,21593,
278.7060758109927,75868,955,1587,21593,
278.708243364364,75868,954,1588,21593,
278.7096853137055,75868,953,1589,21593,
278.7161724315171,75867,954,1589,21593,
278.7164394702461,75867,954,1588,21594,
278.717442593346,75867,953,1589,21594,
278.7176594379055,75867,952,1590,21594,
278.7179938883701,75866,953,1590,21594,
278.71822039253607,75865,954,1590,21594,
278.71904422430623,75865,954,1589,21595,
278.7316701378048,75865,954,1588,21596,
278.7385847971633,75864,955,1588,21596,
278.7395036814506,75863,956,1588,21596,
278.74053915340653,75862,957,1588,21596,
278.74067826998805,75861,958,1588,21596,
278.7418479719085,75860,959,1588,21596,
278.7420962915793,75860,959,1587,21597,
278.74270929872694,75860,959,1586,21598,
278.74444083572973,75859,960,1586,21598,
278.7445728003381,75859,959,1587,21598,
278.749354279253,75859,958,1588,21598,
278.749745153209,75859,958,1587,21599,
278.7502027315309,75858,959,1587,21599,
278.75024010111343,75858,959,1586,21600,
278.7545348601664,75858,958,1587,21600,
278.754792557642,75858,958,1586,21601,
278.7563434878995,75858,957,1587,21601,
278.7576136123714,75858,956,1588,21601,
278.7594193839116,75858,956,1587,21602,
278.7627469963377,75857,957,1587,21602,
278.7725581991033,75857,956,1588,21602,
278.77904231985787,75857,955,1589,21602,
278.780035132512,75856,956,1589,21602,
278.78256717075584,75855,957,1589,21602,
278.7841828878399,75854,958,1589,21602,
278.7861267636099,75854,957,1590,21602,
278.7864092119372,75854,957,1589,21603,
278.7871570444677,75854,957,1588,21604,
278.78762014456163,75854,956,1589,21604,
278.78764091458515,75854,955,1590,21604,
278.7897956459075,75854,954,1591,21604,
278.7898725430944,75853,955,1591,21604,
278.79331899492854,75852,956,1591,21604,
278.7984880512808,75852,955,1592,21604,
278.79965109874365,75851,956,1592,21604,
278.79989610246207,75851,956,1591,21605,
278.8002999672072,75851,956,1590,21606,
278.8004902911001,75851,955,1591,21606,
278.80049817287613,75851,954,1592,21606,
278.80445145116073,75850,955,1592,21606,
278.804475443493,75850,955,1591,21607,
278.80567456414116,75849,956,1591,21607,
278.80870349269287,75849,955,1592,21607,
278.81007519196635,75849,954,1593,21607,
278.81051168013005,75849,954,1592,21608,
278.8160247654813,75849,953,1593,21608,
278.8163101372821,75849,952,1594,21608,
278.81643602995547,75849,951,1595,21608,
278.8241979513675,75849,950,1596,21608,
278.8286119142695,75849,950,1595,21609,
278.82942993508647,75848,951,1595,21609,
278.8294318509032,75848,950,1596,21609,
278.83006811157696,75848,950,1595,21610,
278.8318816706462,75847,951,1595,21610,
278.8331530969521,75847,950,1596,21610,
278.83345427954634,75847,949,1597,21610,
278.84327180293445,75847,948,1598,21610,
278.84360724402865,75847,948,1597,21611,
278.8438731473829,75846,949,1597,21611,
278.84924822942196,75846,949,1596,21612,
278.85197194852236,75846,948,1597,21612,
278.85203011963716,75846,948,1596,21613,
278.85204765781333,75846,948,1595,21614,
278.85461189453184,75845,949,1595,21614,
278.85571291973946,75845,948,1596,21614,
278.8558519639048,75845,948,1595,21615,
278.858754632852,75845,947,1596,21615,
278.860300886829,75845,946,1597,21615,
278.86040722391454,75844,947,1597,21615,
278.86048365580956,75844,947,1596,21616,
278.8606346843528,75844,947,1595,21617,
278.8623604596717,75844,947,1594,21618,
278.8665798867117,75843,948,1594,21618,
278.8692477835998,75843,947,1595,21618,
278.8702442640909,75842,948,1595,21618,
278.87249135314136,75841,949,1595,21618,
278.87266250708825,75840,950,1595,21618,
278.8730667082161,75840,950,1594,21619,
278.8748655629233,75840,949,1595,21619,
278.875581298743,75840,948,1596,21619,
278.88024530399775,75840,947,1597,21619,
278.8829543615562,75840,947,1596,21620,
278.8838982084206,75840,946,1597,21620,
278.88642531271364,75840,946,1596,21621,
278.8874307951501,75840,945,1597,21621,
278.8908211101023,75840,944,1598,21621,
278.8924172432711,75840,943,1599,21621,
278.8925554420162,75840,942,1600,21621,
278.895246941795,75840,941,1601,21621,
278.8990893956333,75840,941,1600,21622,
278.9002553138543,75840,940,1601,21622,
278.9006942260587,75839,941,1601,21622,
278.90077066708534,75839,940,1602,21622,
278.90370076854754,75838,941,1602,21622,
278.9076290805497,75838,941,1601,21623,
278.9126554830977,75838,940,1602,21623,
278.9148543946636,75838,940,1601,21624,
278.9151257679525,75838,939,1602,21624,
278.917409810889,75838,939,1601,21625,
278.9174433144622,75838,938,1602,21625,
278.91933374366556,75837,939,1602,21625,
278.9229716265627,75836,940,1602,21625,
278.92580226499075,75836,940,1601,21626,
278.92757511626024,75836,940,1600,21627,
278.93072390785085,75836,939,1601,21627,
278.93550593914284,75835,940,1601,21627,
278.93696093618775,75835,940,1600,21628,
278.93982650702907,75835,939,1601,21628,
278.94080278269615,75835,938,1602,21628,
278.947646008097,75835,938,1601,21629,
278.9514116112628,75835,937,1602,21629,
278.95209038915294,75834,938,1602,21629,
278.95221453436596,75834,938,1601,21630,
278.9532081755198,75834,938,1600,21631,
278.9553173965695,75834,938,1599,21632,
278.9554522859987,75834,938,1598,21633,
278.9568173106623,75833,939,1598,21633,
278.95703733000374,75833,939,1597,21634,
278.9620702228812,75833,939,1596,21635,
278.96366182048143,75833,939,1595,21636,
278.9639499849207,75833,938,1596,21636,
278.9697189643096,75832,939,1596,21636,
278.9719109822443,75831,940,1596,21636,
278.97266475738746,75830,941,1596,21636,
278.9728953709088,75830,940,1597,21636,
278.9733174542278,75829,941,1597,21636,
278.9764421332021,75828,942,1597,21636,
278.979045933418,75828,942,1596,21637,
278.97980701020697,75827,943,1596,21637,
278.98243484162924,75826,944,1596,21637,
278.98301903138594,75825,945,1596,21637,
278.9847051008678,75825,944,1597,21637,
278.9854982801921,75824,945,1597,21637,
278.9856264091222,75823,946,1597,21637,
278.9866823284458,75823,946,1596,21638,
278.9929942816951,75822,947,1596,21638,
278.99321335889795,75821,948,1596,21638,
278.9934196086227,75821,948,1595,21639,
278.99386513671425,75820,949,1595,21639,
278.9963369530493,75819,950,1595,21639,
278.99695663644235,75818,951,1595,21639,
278.99744472725297,75817,952,1595,21639,
278.99829056032183,75817,951,1596,21639,
279.0022888478927,75817,951,1595,21640,
279.0041004048644,75816,952,1595,21640,
279.00822500045854,75815,953,1595,21640,
279.0091405518271,75815,953,1594,21641,
279.0115277528304,75815,952,1595,21641,
279.0166986854602,75815,951,1596,21641,
279.01734940320233,75815,950,1597,21641,
279.0234974699386,75814,951,1597,21641,
279.0271560941008,75814,950,1598,21641,
279.0282659167527,75814,950,1597,21642,
279.0320476229568,75813,951,1597,21642,
279.032746329831,75813,950,1598,21642,
279.03434899400946,75813,949,1599,21642,
279.0356254444891,75813,948,1600,21642,
279.03609476056744,75813,947,1601,21642,
279.03781865730696,75813,946,1602,21642,
279.0382143455771,75813,945,1603,21642,
279.03890813918844,75813,945,1602,21643,
279.03952689254885,75812,946,1602,21643,
279.04200307015907,75812,946,1601,21644,
279.0439475338448,75812,945,1602,21644,
279.04558254554144,75812,944,1603,21644,
279.04694956275716,75812,944,1602,21645,
279.05094575474175,75811,945,1602,21645,
279.05179715585126,75811,944,1603,21645,
279.0523762935329,75810,945,1603,21645,
279.0548573745057,75810,944,1604,21645,
279.054983033613,75810,944,1603,21646,
279.0553480795667,75810,943,1604,21646,
279.05638280375126,75809,944,1604,21646,
279.0564813361642,75809,943,1605,21646,
279.05989831362945,75809,942,1606,21646,
279.05996068630964,75809,942,1605,21647,
279.06444535374476,75808,943,1605,21647,
279.0676720423362,75808,942,1606,21647,
279.08284499498654,75808,942,1605,21648,
279.0842140960454,75808,941,1606,21648,
279.08547971803074,75808,941,1605,21649,
279.0866651265295,75807,942,1605,21649,
279.08680822511053,75807,942,1604,21650,
279.08681379960416,75807,941,1605,21650,
279.0869686542869,75807,941,1604,21651,
279.0871682488171,75806,942,1604,21651,
279.0882176799,75806,941,1605,21651,
279.09067134723176,75806,941,1604,21652,
279.09073325843303,75805,942,1604,21652,
279.09156151530635,75805,941,1605,21652,
279.09417062696633,75805,940,1606,21652,
279.0949655329983,75805,940,1605,21653,
279.09745275641365,75805,939,1606,21653,
279.10080036112646,75804,940,1606,21653,
279.10344987641497,75804,940,1605,21654,
279.1046995835061,75804,939,1606,21654,
279.1071296687187,75804,938,1607,21654,
279.10723875327716,75804,937,1608,21654,
279.10875704528786,75804,937,1607,21655,
279.110298782952,75803,938,1607,21655,
279.110759774687,75803,937,1608,21655,
279.1113740222857,75803,937,1607,21656,
279.1114932643793,75803,937,1606,21657,
279.11771004208487,75803,937,1605,21658,
279.1199481433049,75802,938,1605,21658,
279.12138996346346,75801,939,1605,21658,
279.1230387924139,75800,940,1605,21658,
279.12458864287936,75800,940,1604,21659,
279.1258016498387,75800,940,1603,21660,
279.12674264648285,75800,940,1602,21661,
279.12776818984906,75800,939,1603,21661,
279.12786050207984,75800,938,1604,21661,
279.12965391475615,75800,937,1605,21661,
279.13239620275203,75800,937,1604,21662,
279.13463050674306,75800,937,1603,21663,
279.135718006965,75799,938,1603,21663,
279.13590295519884,75798,939,1603,21663,
279.1383239601693,75798,938,1604,21663,
279.13850677800605,75798,937,1605,21663,
279.13963372180785,75798,937,1604,21664,
279.14313309966803,75798,936,1605,21664,
279.14548597648877,75798,936,1604,21665,
279.1474076442069,75798,935,1605,21665,
279.150397594998,75798,934,1606,21665,
279.1505372636193,75798,933,1607,21665,
279.1506282837846,75798,932,1608,21665,
279.1537087320395,75798,931,1609,21665,
279.15578166438354,75797,932,1609,21665,
279.15608241045254,75797,931,1610,21665,
279.15918590044214,75796,932,1610,21665,
279.16033944370656,75796,931,1611,21665,
279.1608276898462,75796,931,1610,21666,
279.1626968102676,75796,931,1609,21667,
279.1655520889934,75796,931,1608,21668,
279.1664894760668,75796,931,1607,21669,
279.16864840624214,75796,931,1606,21670,
279.16896049035597,75796,931,1605,21671,
279.1709473666631,75795,932,1605,21671,
279.1732427538776,75795,931,1606,21671,
279.17361505963805,75795,931,1605,21672,
279.17497798887746,75795,931,1604,21673,
279.17527192967384,75795,930,1605,21673,
279.17774542053456,75795,930,1604,21674,
279.1788960109058,75794,931,1604,21674,
279.1814591329604,75794,931,1603,21675,
279.18388064305185,75794,930,1604,21675,
279.1867238296333,75794,929,1605,21675,
279.19085448800956,75794,929,1604,21676,
279.1911468935247,75794,929,1603,21677,
279.19345064246886,75794,928,1604,21677,
279.1950801363965,75794,928,1603,21678,
279.19938257349196,75794,928,1602,21679,
279.200965431926,75794,928,1601,21680,
279.2010868952304,75794,928,1600,21681,
279.20165172831565,75794,928,1599,21682,
279.20496714243876,75794,927,1600,21682,
279.2101233290264,75794,926,1601,21682,
279.21086258579146,75794,925,1602,21682,
279.2111515410238,75794,925,1601,21683,
279.2139907445714,75793,926,1601,21683,
279.21473238807914,75793,926,1600,21684,
279.21860344477,75793,925,1601,21684,
279.2221176578609,75793,924,1602,21684,
279.223025675742,75793,923,1603,21684,
279.2266435587463,75793,923,1602,21685,
279.23157596677663,75792,924,1602,21685,
279.23169855084916,75791,925,1602,21685,
279.23281993606275,75790,926,1602,21685,
279.23746041976807,75790,925,1603,21685,
279.2378476787767,75789,926,1603,21685,
279.2404613745315,75789,925,1604,21685,
279.2436109820402,75789,924,1605,21685,
279.2447505883163,75789,924,1604,21686,
279.2471644026138,75789,924,1603,21687,
279.2494617791712,75789,924,1602,21688,
279.25031212536555,75788,925,1602,21688,
279.252026333884,75788,924,1603,21688,
279.2540804945327,75787,925,1603,21688,
279.25523350479665,75786,926,1603,21688,
279.2619515072487,75786,926,1602,21689,
279.26673663101883,75785,927,1602,21689,
279.2692914379486,75784,928,1602,21689,
279.2704757132641,75784,928,1601,21690,
279.2728797051889,75783,929,1601,21690,
279.2731538739084,75782,930,1601,21690,
279.27449302479647,75781,931,1601,21690,
279.2762674273429,75780,932,1601,21690,
279.2764747655104,75780,931,1602,21690,
279.2770963314617,75780,930,1603,21690,
279.27859493856863,75779,931,1603,21690,
279.2824045640403,75778,932,1603,21690,
279.2837881663213,75778,932,1602,21691,
279.2853564016602,75778,932,1601,21692,
279.28551064165555,75778,932,1600,21693,
279.2875150631247,75778,931,1601,21693,
279.29137598432476,75777,932,1601,21693,
279.29183638289743,75777,932,1600,21694,
279.2950993818175,75777,931,1601,21694,
279.2991274209358,75776,932,1601,21694,
279.3017413633702,75776,931,1602,21694,
279.3021515116849,75776,931,1601,21695,
279.30624487096435,75776,930,1602,21695,
279.30639987226544,75776,930,1601,21696,
279.30651704823583,75776,929,1602,21696,
279.3080504136158,75776,929,1601,21697,
279.31072308946074,75776,929,1600,21698,
279.31254886663226,75775,930,1600,21698,
279.31495743930003,75775,929,1601,21698,
279.3151295268159,75775,928,1602,21698,
279.31602860915893,75774,929,1602,21698,
279.31815681641365,75774,928,1603,21698,
279.31822107051676,75774,927,1604,21698,
279.3187167094641,75773,928,1604,21698,
279.3224546174812,75773,928,1603,21699,
279.3279293819018,75772,929,1603,21699,
279.32858042507746,75772,928,1604,21699,
279.33174182922664,75772,928,1603,21700,
279.33248085373907,75772,928,1602,21701,
279.3339927132716,75772,927,1603,21701,
279.335681747851,75771,928,1603,21701,
279.3372944694018,75771,927,1604,21701,
279.3385754897939,75771,927,1603,21702,
279.33965266487223,75771,926,1604,21702,
279.33976406547123,75771,926,1603,21703,
279.3400079810382,75771,926,1602,21704,
279.3434656363541,75771,926,1601,21705,
279.3453920968344,75770,927,1601,21705,
279.3454279891862,75770,926,1602,21705,
279.3467758554827,75770,926,1601,21706,
279.35122029038666,75770,925,1602,21706,
279.3515636769144,75769,926,1602,21706,
279.351786173517,75768,927,1602,21706,
279.3554245559536,75768,926,1603,21706,
279.36274406277965,75768,925,1604,21706,
279.36709888946115,75767,926,1604,21706,
279.36836862207616,75766,927,1604,21706,
279.36852855930664,75765,928,1604,21706,
279.36887225456104,75765,928,1603,21707,
279.37083466663233,75765,928,1602,21708,
279.37107327108106,75764,929,1602,21708,
279.37138651638986,75764,929,1601,21709,
279.3731743464045,75764,928,1602,21709,
279.3735747508288,75764,927,1603,21709,
279.3741009941937,75764,927,1602,21710,
279.3774056755149,75763,928,1602,21710,
279.3784501220543,75763,928,1601,21711,
279.3807763692437,75763,928,1600,21712,
279.3832668252143,75763,927,1601,21712,
279.3850912105442,75763,927,1600,21713,
279.38685451884595,75763,927,1599,21714,
279.38762244720454,75762,928,1599,21714,
279.3888921572834,75761,929,1599,21714,
279.38936489434036,75761,928,1600,21714,
279.3928032098401,75760,929,1600,21714,
279.3947401840246,75759,930,1600,21714,
279.3960584877808,75759,930,1599,21715,
279.397926689074,75758,931,1599,21715,
279.39894296182786,75758,931,1598,21716,
279.39961147298436,75758,930,1599,21716,
279.40139462440595,75757,931,1599,21716,
279.40396960668613,75757,931,1598,21717,
279.40536286642737,75757,930,1599,21717,
279.4094791889121,75757,930,1598,21718,
279.41403643929885,75756,931,1598,21718,
279.41564441767576,75756,931,1597,21719,
279.4181352307789,75756,930,1598,21719,
279.41854188127144,75756,930,1597,21720,
279.42245690477114,75755,931,1597,21720,
279.423154005767,75755,930,1598,21720,
279.4297474744342,75755,930,1597,21721,
279.4338885355084,75755,929,1598,21721,
279.43444073315226,75755,929,1597,21722,
279.43475247117453,75754,930,1597,21722,
279.4360044190728,75754,930,1596,21723,
279.4365361694553,75753,931,1596,21723,
279.4398615230014,75752,932,1596,21723,
279.4409355538737,75752,931,1597,21723,
279.44302537842344,75752,931,1596,21724,
279.44339504177094,75752,930,1597,21724,
279.44585059826983,75751,931,1597,21724,
279.446932646476,75750,932,1597,21724,
279.44910155081004,75749,933,1597,21724,
279.451389930849,75749,932,1598,21724,
279.45559000531193,75749,932,1597,21725,
279.45788720599745,75748,933,1597,21725,
279.46003894675874,75748,933,1596,21726,
279.4601748577466,75747,934,1596,21726,
279.46174201876454,75747,933,1597,21726,
279.4629575206071,75747,933,1596,21727,
279.46372174096797,75747,932,1597,21727,
279.4650820649265,75747,931,1598,21727,
279.466265055065,75747,930,1599,21727,
279.466647206129,75747,929,1600,21727,
279.46834668584955,75747,928,1601,21727,
279.4695074210762,75747,928,1600,21728,
279.4697580232201,75746,929,1600,21728,
279.4704671093426,75745,930,1600,21728,
279.47278827063076,75744,931,1600,21728,
279.4728450409468,75744,930,1601,21728,
279.4733556422447,75744,930,1600,21729,
279.47554928251253,75744,929,1601,21729,
279.4766208492535,75744,929,1600,21730,
279.4799852028312,75744,929,1599,21731,
279.4809618409593,75744,928,1600,21731,
279.4844094820271,75744,927,1601,21731,
279.48525667288504,75744,926,1602,21731,
279.485529541026,75744,925,1603,21731,
279.48634677927157,75743,926,1603,21731,
279.4865045091625,75742,927,1603,21731,
279.48819464580635,75741,928,1603,21731,
279.4891336957402,75741,928,1602,21732,
279.48952551022745,75741,927,1603,21732,
279.49108355936346,75740,928,1603,21732,
279.49108909268506,75740,927,1604,21732,
279.49276967554016,75740,926,1605,21732,
279.4997621513943,75739,927,1605,21732,
279.5019204980292,75739,926,1606,21732,
279.50358518381597,75739,925,1607,21732,
279.5040782515867,75739,924,1608,21732,
279.5103033018614,75738,925,1608,21732,
279.51048931384696,75738,924,1609,21732,
279.51087353228115,75738,924,1608,21733,
279.5164469023706,75738,923,1609,21733,
279.5185620647159,75738,923,1608,21734,
279.52126702685104,75738,923,1607,21735,
279.52327564594253,75738,923,1606,21736,
279.5256362307342,75737,924,1606,21736,
279.52713795110645,75737,923,1607,21736,
279.5277011992463,75736,924,1607,21736,
279.5302567834472,75736,924,1606,21737,
279.5303407975844,75735,925,1606,21737,
279.53200007503,75734,926,1606,21737,
279.532099233754,75733,927,1606,21737,
279.5358746868652,75733,926,1607,21737,
279.5365800498368,75733,926,1606,21738,
279.53826069441016,75732,927,1606,21738,
279.5402080507593,75732,926,1607,21738,
279.5444422112038,75732,925,1608,21738,
279.5459314443653,75732,925,1607,21739,
279.55098715237324,75732,925,1606,21740,
279.55348823661086,75732,924,1607,21740,
279.5535197902669,75732,923,1608,21740,
279.5588836598354,75731,924,1608,21740,
279.5595036163951,75731,923,1609,21740,
279.56155863901955,75731,923,1608,21741,
279.5643262826387,75731,923,1607,21742,
279.56501891691323,75730,924,1607,21742,
279.56534643468746,75729,925,1607,21742,
279.5654466436104,75729,925,1606,21743,
279.56860450149594,75729,924,1607,21743,
279.56957338967214,75729,924,1606,21744,
279.5704525117825,75729,924,1605,21745,
279.5739581616922,75729,924,1604,21746,
279.57576076573565,75729,923,1605,21746,
279.57635006163974,75728,924,1605,21746,
279.5795012712384,75727,925,1605,21746,
279.579599672914,75727,924,1606,21746,
279.5802490047239,75727,923,1607,21746,
279.58257434713414,75727,923,1606,21747,
279.58296726898317,75726,924,1606,21747,
279.5843649194069,75725,925,1606,21747,
279.58516929423865,75725,924,1607,21747,
279.5887576148315,75724,925,1607,21747,
279.5893418065615,75724,925,1606,21748,
279.5896423349834,75724,925,1605,21749,
279.59083535435536,75724,925,1604,21750,
279.59530459624955,75724,925,1603,21751,
279.5991582252222,75724,925,1602,21752,
279.6005087350112,75723,926,1602,21752,
279.6037638594406,75723,925,1603,21752,
279.6068106746436,75723,925,1602,21753,
279.61299495811795,75723,925,1601,21754,
279.61361133034563,75723,925,1600,21755,
279.6137730530628,75722,926,1600,21755,
279.61452283835547,75721,927,1600,21755,
279.61544607053486,75721,926,1601,21755,
279.6158419149248,75721,926,1600,21756,
279.61821088068234,75721,926,1599,21757,
279.6204806159,75721,926,1598,21758,
279.62129414877404,75721,926,1597,21759,
279.62263963834056,75721,926,1596,21760,
279.6232314122976,75720,927,1596,21760,
279.62328894014655,75720,927,1595,21761,
279.6254339028907,75720,926,1596,21761,
279.6264835779188,75720,925,1597,21761,
279.6275164380514,75720,925,1596,21762,
279.6283140762076,75720,925,1595,21763,
279.6297480458774,75720,924,1596,21763,
279.6333577293235,75720,924,1595,21764,
279.6342253815837,75719,925,1595,21764,
279.63435704885984,75718,926,1595,21764,
279.6354405522874,75718,926,1594,21765,
279.6381276162677,75717,927,1594,21765,
279.6386863202686,75716,928,1594,21765,
279.6431674930676,75716,927,1595,21765,
279.647305207028,75715,928,1595,21765,
279.6492403692471,75715,928,1594,21766,
279.6509094992159,75715,927,1595,21766,
279.6510812560678,75714,928,1595,21766,
279.65225797616915,75714,928,1594,21767,
279.6527295442644,75714,928,1593,21768,
279.66106179781656,75713,929,1593,21768,
279.6611229902823,75713,928,1594,21768,
279.6624739528691,75712,929,1594,21768,
279.6664270609894,75711,930,1594,21768,
279.66898065874733,75711,929,1595,21768,
279.6740778001545,75711,929,1594,21769,
279.6749764839452,75711,928,1595,21769,
279.6768439477072,75711,928,1594,21770,
279.67706423713884,75711,927,1595,21770,
279.6773971303861,75711,926,1596,21770,
279.67786714056007,75711,925,1597,21770,
279.6793185106292,75710,926,1597,21770,
279.68128706590306,75710,925,1598,21770,
279.6818828849855,75710,925,1597,21771,
279.68311125561064,75710,925,1596,21772,
279.683188434111,75710,925,1595,21773,
279.683490973296,75710,924,1596,21773,
279.6849409006265,75709,925,1596,21773,
279.68497937752807,75708,926,1596,21773,
279.6889946154272,75708,926,1595,21774,
279.6947477288689,75707,927,1595,21774,
279.69726039606473,75706,928,1595,21774,
279.69756881430766,75706,928,1594,21775,
279.6987025215118,75706,927,1595,21775,
279.6999058551286,75706,927,1594,21776,
279.7007515093753,75706,927,1593,21777,
279.70122640177436,75706,926,1594,21777,
279.7016830423385,75705,927,1594,21777,
279.70217484557486,75704,928,1594,21777,
279.70242358774686,75704,928,1593,21778,
279.7039094181666,75703,929,1593,21778,
279.70494885345306,75703,929,1592,21779,
279.705481109753,75703,928,1593,21779,
279.7087127143469,75702,929,1593,21779,
279.71000600834,75702,929,1592,21780,
279.71055950363757,75702,929,1591,21781,
279.72036954926426,75702,928,1592,21781,
279.7274183079738,75701,929,1592,21781,
279.7286211773337,75701,929,1591,21782,
279.7390585659428,75700,930,1591,21782,
279.7396343173824,75699,931,1591,21782,
279.7410082196315,75698,932,1591,21782,
279.74416589714554,75698,931,1592,21782,
279.7463944395007,75697,932,1592,21782,
279.74871821542195,75697,932,1591,21783,
279.74931312597636,75697,931,1592,21783,
279.7502545535733,75697,930,1593,21783,
279.7537532577343,75697,929,1594,21783,
279.75525459494355,75696,930,1594,21783,
279.7563636872943,75696,929,1595,21783,
279.75860877041066,75696,929,1594,21784,
279.7609814926642,75696,928,1595,21784,
279.76215481818457,75695,929,1595,21784,
279.76264671529725,75695,929,1594,21785,
279.76560735322937,75694,930,1594,21785,
279.7673876347292,75694,930,1593,21786,
279.7707389063193,75694,929,1594,21786,
279.7713367499761,75693,930,1594,21786,
279.77137001701624,75693,929,1595,21786,
279.7737253502403,75693,928,1596,21786,
279.7759985491182,75693,928,1595,21787,
279.7767817720182,75693,927,1596,21787,
279.7772963041231,75693,926,1597,21787,
279.7778506287763,75693,925,1598,21787,
279.77842174664755,75692,926,1598,21787,
279.78015188972734,75692,926,1597,21788,
279.78293334027865,75691,927,1597,21788,
279.78371347778983,75690,928,1597,21788,
279.78388083503904,75690,927,1598,21788,
279.78506844121887,75690,926,1599,21788,
279.78728693017666,75690,926,1598,21789,
279.7878290988491,75689,927,1598,21789,
279.78834147375306,75689,927,1597,21790,
279.7892262295577,75689,926,1598,21790,
279.7894291555281,75689,925,1599,21790,
279.7930277827167,75688,926,1599,21790,
279.79816087952725,75688,926,1598,21791,
279.80157281535355,75687,927,1598,21791,
279.8033342195238,75687,926,1599,21791,
279.80444201751277,75686,927,1599,21791,
279.80602372344913,75685,928,1599,21791,
279.8062074497274,75684,929,1599,21791,
279.8073311981087,75684,929,1598,21792,
279.8092198676461,75684,929,1597,21793,
279.8095097967665,75683,930,1597,21793,
279.8104317987031,75683,929,1598,21793,
279.81436536431573,75682,930,1598,21793,
279.818725754875,75681,931,1598,21793,
279.821733649718,75680,932,1598,21793,
279.8235923549699,75679,933,1598,21793,
279.82678928161033,75679,932,1599,21793,
279.8273476298771,75679,932,1598,21794,
279.8285816157915,75679,932,1597,21795,
279.8296348924389,75678,933,1597,21795,
279.83129088081876,75678,932,1598,21795,
279.8366726082108,75677,933,1598,21795,
279.8368887396061,75677,932,1599,21795,
279.838146679294,75676,933,1599,21795,
279.83884498290854,75676,933,1598,21796,
279.8404375726985,75676,932,1599,21796,
279.8419430289303,75675,933,1599,21796,
279.84300173037957,75675,933,1598,21797,
279.8450798977164,75675,932,1599,21797,
279.84596660570736,75675,932,1598,21798,
279.8461202337987,75675,932,1597,21799,
279.84966077463605,75675,931,1598,21799,
279.8519938899896,75675,931,1597,21800,
279.85589359633934,75674,932,1597,21800,
279.862267008164,75674,932,1596,21801,
279.8623642385078,75674,931,1597,21801,
279.8632384634194,75673,932,1597,21801,
279.86515634735014,75673,931,1598,21801,
279.8681173116001,75672,932,1598,21801,
279.86816139845547,75672,932,1597,21802,
279.868604741439,75672,931,1598,21802,
279.8712808984895,75671,932,1598,21802,
279.87530109431873,75671,932,1597,21803,
279.8821840338362,75670,933,1597,21803,
279.88238591626236,75670,933,1596,21804,
279.88751875255747,75670,932,1597,21804,
279.89061805196155,75669,933,1597,21804,
279.89103816736787,75669,933,1596,21805,
279.8912532018543,75669,933,1595,21806,
279.8927536442159,75669,932,1596,21806,
279.89289648653295,75669,932,1595,21807,
279.893217286561,75668,933,1595,21807,
279.8951465455353,75667,934,1595,21807,
279.8952118925799,75667,934,1594,21808,
279.8960730825579,75666,935,1594,21808,
279.8964994499559,75666,934,1595,21808,
279.90133489481076,75665,935,1595,21808,
279.90333942396614,75665,935,1594,21809,
279.90691530976585,75665,934,1595,21809,
279.91482397530024,75665,934,1594,21810,
279.9161642290598,75665,933,1595,21810,
279.91727277016406,75664,934,1595,21810,
279.91913661214414,75663,935,1595,21810,
279.9198529999889,75663,935,1594,21811,
279.9208130308169,75663,934,1595,21811,
279.9243931379988,75663,934,1594,21812,
279.9253565090688,75663,933,1595,21812,
279.92546992465486,75663,932,1596,21812,
279.9273849876095,75663,931,1597,21812,
279.9276007851712,75663,931,1596,21813,
279.92794759620284,75663,930,1597,21813,
279.9286336440395,75663,929,1598,21813,
279.93019193052146,75663,929,1597,21814,
279.9310591643945,75663,928,1598,21814,
279.93108828382805,75663,927,1599,21814,
279.93403292930594,75663,927,1598,21815,
279.93456973064417,75663,926,1599,21815,
279.9353919688165,75662,927,1599,21815,
279.93553276182604,75661,928,1599,21815,
279.93587486538706,75661,927,1600,21815,
279.93725288112773,75660,928,1600,21815,
279.9375107778207,75660,928,1599,21816,
279.93788827350795,75659,929,1599,21816,
279.94151146987923,75659,928,1600,21816,
279.94341963658155,75659,927,1601,21816,
279.94478385649967,75658,928,1601,21816,
279.9460969182331,75658,928,1600,21817,
279.94783355106813,75658,927,1601,21817,
279.948825792643,75657,928,1601,21817,
279.95123532181015,75657,927,1602,21817,
279.9523231045684,75657,926,1603,21817,
279.955941594771,75657,925,1604,21817,
279.96191642591737,75657,925,1603,21818,
279.9650176095891,75657,924,1604,21818,
279.9650476747431,75656,925,1604,21818,
279.9659718992944,75655,926,1604,21818,
279.97068897248,75655,925,1605,21818,
279.97119942690017,75655,924,1606,21818,
279.97388550745916,75654,925,1606,21818,
279.9742055992047,75653,926,1606,21818,
279.97700398682946,75653,926,1605,21819,
279.97730078075796,75653,926,1604,21820,
279.97899805699507,75653,925,1605,21820,
279.9792246528452,75652,926,1605,21820,
279.9829786685366,75652,925,1606,21820,
279.9837978079049,75652,924,1607,21820,
279.9882367451952,75651,925,1607,21820,
279.99037336975454,75651,925,1606,21821,
279.9907669243179,75651,925,1605,21822,
279.99163558996383,75651,924,1606,21822,
279.9942209487193,75651,923,1607,21822,
279.9942312079245,75651,922,1608,21822,
279.9970957945079,75651,922,1607,21823,
279.99849999039054,75650,923,1607,21823,
280.0019703884598,75650,922,1608,21823,
280.00291164395725,75649,923,1608,21823,
280.0038400621657,75649,923,1607,21824,
280.00680994302405,75649,922,1608,21824,
280.0082887379341,75649,922,1607,21825,
280.00874148330246,75648,923,1607,21825,
280.01007458810665,75647,924,1607,21825,
280.0117526160559,75647,924,1606,21826,
280.0174876528839,75647,923,1607,21826,
280.02005634340736,75646,924,1607,21826,
280.0227130415046,75646,923,1608,21826,
280.0245389186953,75646,922,1609,21826,
280.0250387866639,75645,923,1609,21826,
280.02581073722723,75645,923,1608,21827,
280.02629827030745,75644,924,1608,21827,
280.0315792135767,75643,925,1608,21827,
280.0333634197929,75643,925,1607,21828,
280.03495529644135,75642,926,1607,21828,
280.0378389734345,75642,925,1608,21828,
280.04009234841357,75641,926,1608,21828,
280.0437087514464,75641,926,1607,21829,
280.04389222800984,75640,927,1607,21829,
280.0519518395178,75640,926,1608,21829,
280.0552299307752,75640,926,1607,21830,
280.05652194829025,75640,925,1608,21830,
280.06169008948956,75640,924,1609,21830,
280.063363398243,75640,923,1610,21830,
280.06614912778144,75639,924,1610,21830,
280.0707478690905,75639,923,1611,21830,
280.07179819274216,75639,923,1610,21831,
280.0727949603014,75639,922,1611,21831,
280.0738215793797,75639,921,1612,21831,
280.0782110831064,75639,920,1613,21831,
280.0850257900463,75639,919,1614,21831,
280.0856012291654,75638,920,1614,21831,
280.08927570962123,75637,921,1614,21831,
280.08936563242077,75637,921,1613,21832,
280.090141435534,75637,920,1614,21832,
280.0923713266506,75636,921,1614,21832,
280.09267228379247,75636,921,1613,21833,
280.09295615727103,75636,920,1614,21833,
280.0966148128404,75635,921,1614,21833,
280.09833114301864,75635,921,1613,21834,
280.09938435329514,75635,921,1612,21835,
280.09942311519944,75635,921,1611,21836,
280.1023516400451,75635,920,1612,21836,
280.1056992897406,75635,919,1613,21836,
280.105802464653,75635,919,1612,21837,
280.106091046493,75634,920,1612,21837,
280.1083727301505,75634,920,1611,21838,
280.10854822698946,75633,921,1611,21838,
280.11266329158576,75633,921,1610,21839,
280.1133870207538,75632,922,1610,21839,
280.11346920244955,75632,922,1609,21840,
280.11898352709244,75632,921,1610,21840,
280.1240325946848,75631,922,1610,21840,
280.124354391982,75631,922,1609,21841,
280.1260611863167,75630,923,1609,21841,
280.12725339972695,75630,923,1608,21842,
280.12739733106514,75629,924,1608,21842,
280.12911421374633,75628,925,1608,21842,
280.13267193115115,75628,925,1607,21843,
280.1378830863778,75628,924,1608,21843,
280.1443287453808,75627,925,1608,21843,
280.14482378468017,75627,925,1607,21844,
280.15103334756424,75627,925,1606,21845,
280.1513071066264,75627,925,1605,21846,
280.1524701008008,75626,926,1605,21846,
280.15278680437865,75626,925,1606,21846,
280.1552282014667,75626,924,1607,21846,
280.1558055284027,75626,923,1608,21846,
280.1560822840763,75626,923,1607,21847,
280.15620221566684,75626,922,1608,21847,
280.15621516256,75626,922,1607,21848,
280.1568462507483,75626,921,1608,21848,
280.15704855303255,75626,920,1609,21848,
280.16033417484795,75626,920,1608,21849,
280.164272036174,75626,919,1609,21849,
280.164926367398,75626,919,1608,21850,
280.1679618066304,75625,920,1608,21850,
280.167987743533,75625,919,1609,21850,
280.16845119818953,75625,918,1610,21850,
280.1712893635435,75624,919,1610,21850,
280.17239260930705,75623,920,1610,21850,
280.1744306848926,75623,920,1609,21851,
280.17450495278536,75623,920,1608,21852,
280.1755221172572,75622,921,1608,21852,
280.17736486790227,75622,921,1607,21853,
280.178638512926,75622,921,1606,21854,
280.1788224041363,75622,920,1607,21854,
280.1799752839955,75622,920,1606,21855,
280.18401559228397,75622,920,1605,21856,
280.1846041069417,75622,919,1606,21856,
280.184699221679,75622,919,1605,21857,
280.18515561410356,75621,920,1605,21857,
280.18552839400917,75620,921,1605,21857,
280.1882526183511,75620,921,1604,21858,
280.1890522974856,75619,922,1604,21858,
280.19026778468145,75619,922,1603,21859,
280.19513604192304,75618,923,1603,21859,
280.1967563095453,75617,924,1603,21859,
280.1974589189979,75616,925,1603,21859,
280.19784815385793,75616,924,1604,21859,
280.19821896336924,75616,923,1605,21859,
280.1988073621833,75616,922,1606,21859,
280.1993619351838,75616,921,1607,21859,
280.20071811878734,75615,922,1607,21859,
280.2031915809876,75615,922,1606,21860,
280.2037070846822,75615,921,1607,21860,
280.2042601224212,75614,922,1607,21860,
280.2070652416222,75614,921,1608,21860,
280.20888391754926,75613,922,1608,21860,
280.2106419083407,75612,923,1608,21860,
280.21279354116376,75612,922,1609,21860,
280.21479233826665,75611,923,1609,21860,
280.2154743534602,75610,924,1609,21860,
280.2165332113077,75609,925,1609,21860,
280.2172132595756,75608,926,1609,21860,
280.21922005448823,75608,926,1608,21861,
280.2197909958994,75607,927,1608,21861,
280.2221131315852,75606,928,1608,21861,
280.2247154479213,75606,928,1607,21862,
280.22704498178643,75606,927,1608,21862,
280.22717321914024,75606,927,1607,21863,
280.22861093409557,75606,926,1608,21863,
280.2311278735909,75606,926,1607,21864,
280.23534416965475,75605,927,1607,21864,
280.23628341275054,75605,926,1608,21864,
280.2370713901862,75604,927,1608,21864,
280.237542116674,75604,926,1609,21864,
280.2420504550107,75604,925,1610,21864,
280.2432948199981,75603,926,1610,21864,
280.2450662473718,75603,926,1609,21865,
280.24533701247054,75602,927,1609,21865,
280.248831879828,75601,928,1609,21865,
280.2510147564594,75601,927,1610,21865,
280.2518365610782,75601,927,1609,21866,
280.2549154881883,75600,928,1609,21866,
280.2560719963423,75600,928,1608,21867,
280.2588345181739,75600,928,1607,21868,
280.25905764097917,75600,927,1608,21868,
280.26212835890186,75599,928,1608,21868,
280.26319775893154,75599,928,1607,21869,
280.2679439816793,75599,927,1608,21869,
280.26827359196346,75599,926,1609,21869,
280.268667503911,75599,926,1608,21870,
280.27061852838807,75598,927,1608,21870,
280.2732924008817,75598,927,1607,21871,
280.27530290205453,75598,926,1608,21871,
280.2753274917843,75598,926,1607,21872,
280.27541363765414,75598,926,1606,21873,
280.2797656647746,75598,926,1605,21874,
280.27976900015346,75597,927,1605,21874,
280.28100666959625,75597,926,1606,21874,
280.2811641518103,75596,927,1606,21874,
280.28325768875027,75596,927,1605,21875,
280.2855837291051,75596,927,1604,21876,
280.2858016957,75596,926,1605,21876,
280.2889435554289,75596,925,1606,21876,
280.29168630065476,75596,925,1605,21877,
280.29471692060935,75596,924,1606,21877,
280.2950859242312,75595,925,1606,21877,
280.296158848656,75595,925,1605,21878,
280.2972190347257,75595,925,1604,21879,
280.29814615152515,75594,926,1604,21879,
280.3006923998552,75594,926,1603,21880,
280.3007342151378,75593,927,1603,21880,
280.30127018732355,75592,928,1603,21880,
280.30263672648255,75591,929,1603,21880,
280.3032794062051,75591,928,1604,21880,
280.3042879216077,75591,927,1605,21880,
280.30468432815,75591,927,1604,21881,
280.3053011920486,75591,926,1605,21881,
280.307456653788,75591,926,1604,21882,
280.30821644171823,75590,927,1604,21882,
280.30834729802024,75590,927,1603,21883,
280.3121510454839,75590,926,1604,21883,
280.313607639368,75590,925,1605,21883,
280.3137409756975,75589,926,1605,21883,
280.3138318922336,75589,926,1604,21884,
280.3147749798419,75588,927,1604,21884,
280.3150095708145,75587,928,1604,21884,
280.3183241943884,75587,927,1605,21884,
280.3198023436447,75587,927,1604,21885,
280.320107387862,75586,928,1604,21885,
280.32297963097847,75586,928,1603,21886,
280.32402984635354,75586,928,1602,21887,
280.32690796478056,75585,929,1602,21887,
280.3279212558645,75584,930,1602,21887,
280.3285610185865,75583,931,1602,21887,
280.33106822829245,75583,930,1603,21887,
280.3318205495357,75583,930,1602,21888,
280.3321277732907,75583,930,1601,21889,
280.33231943019615,75582,931,1601,21889,
280.33296480840016,75582,930,1602,21889,
280.33438191695393,75582,929,1603,21889,
280.33450700114895,75582,929,1602,21890,
280.3347114017305,75581,930,1602,21890,
280.33522850372213,75581,929,1603,21890,
280.33574605246383,75581,928,1604,21890,
280.335925935048,75581,928,1603,21891,
280.3368501827127,75580,929,1603,21891,
280.33794529732745,75580,928,1604,21891,
280.33798406919016,75579,929,1604,21891,
280.3400326117982,75578,930,1604,21891,
280.3443569155015,75577,931,1604,21891,
280.34772650194697,75577,930,1605,21891,
280.3528090372122,75577,930,1604,21892,
280.35445861378605,75576,931,1604,21892,
280.3581925828448,75576,930,1605,21892,
280.35931981027596,75576,929,1606,21892,
280.3593800958526,75576,928,1607,21892,
280.36165348030755,75576,928,1606,21893,
280.3621071105742,75576,927,1607,21893,
280.3653740642127,75576,927,1606,21894,
280.3662851081192,75575,928,1606,21894,
280.36720949546554,75575,928,1605,21895,
280.36927792037665,75574,929,1605,21895,
280.36967321262233,75574,928,1606,21895,
280.3697018990782,75574,927,1607,21895,
280.37208340832694,75573,928,1607,21895,
280.3742698391185,75573,927,1608,21895,
280.374672446576,75572,928,1608,21895,
280.37567338422434,75571,929,1608,21895,
280.3780989514916,75570,930,1608,21895,
280.37994954938193,75570,930,1607,21896,
280.3804259979398,75569,931,1607,21896,
280.3853810828882,75569,931,1606,21897,
280.38946954410835,75569,930,1607,21897,
280.392350474417,75568,931,1607,21897,
280.39260184430043,75567,932,1607,21897,
280.39372047190824,75567,931,1608,21897,
280.3951475263519,75567,930,1609,21897,
280.3960562490681,75567,930,1608,21898,
280.3986859382484,75567,929,1609,21898,
280.4047144969347,75567,929,1608,21899,
280.40613682450174,75566,930,1608,21899,
280.40635384287145,75565,931,1608,21899,
280.4096890782199,75565,931,1607,21900,
280.410420433289,75565,930,1608,21900,
280.4110753412573,75565,930,1607,21901,
280.4150162778936,75565,930,1606,21902,
280.41516965370454,75565,930,1605,21903,
280.4172319664478,75565,930,1604,21904,
280.4193526635913,75565,929,1605,21904,
280.4248170157041,75564,930,1605,21904,
280.42663606655134,75563,931,1605,21904,
280.4297463676013,75563,931,1604,21905,
280.4335080315199,75563,930,1605,21905,
280.4337049477787,75563,930,1604,21906,
280.43520384801894,75562,931,1604,21906,
280.43543045114455,75562,931,1603,21907,
280.4362294292556,75562,930,1604,21907,
280.43721200791737,75562,930,1603,21908,
280.441295286865,75562,929,1604,21908,
280.4416062060508,75561,930,1604,21908,
280.44228184933024,75560,931,1604,21908,
280.4422862179703,75560,931,1603,21909,
280.4432304891008,75560,930,1604,21909,
280.44678794949255,75560,929,1605,21909,
280.44993573682564,75560,928,1606,21909,
280.45068465369707,75560,928,1605,21910,
280.4511795755752,75560,927,1606,21910,
280.45154951208616,75559,928,1606,21910,
280.4540076880848,75559,928,1605,21911,
280.454850502236,75558,929,1605,21911,
280.45972525527435,75557,930,1605,21911,
280.4609076675505,75557,930,1604,21912,
280.46219387750483,75557,930,1603,21913,
280.46226021273515,75556,931,1603,21913,
280.46263119587877,75556,930,1604,21913,
280.4693699439637,75556,930,1603,21914,
280.4715593343117,75556,929,1604,21914,
280.47231655832223,75556,929,1603,21915,
280.48138022242875,75555,930,1603,21915,
280.48507580398683,75554,931,1603,21915,
280.4857451879936,75554,930,1604,21915,
280.48961414445773,75553,931,1604,21915,
280.49264626822355,75553,930,1605,21915,
280.49357702009746,75553,929,1606,21915,
280.49384840069735,75553,929,1605,21916,
280.49388174200465,75552,930,1605,21916,
280.49436468405713,75552,929,1606,21916,
280.4969085155761,75552,928,1607,21916,
280.49772875926095,75552,928,1606,21917,
280.49908513634927,75551,929,1606,21917,
280.4997492986689,75551,928,1607,21917,
280.5005886045709,75551,927,1608,21917,
280.50541537850336,75551,927,1607,21918,
280.50594579773554,75551,927,1606,21919,
280.50658628610927,75551,926,1607,21919,
280.5066930806092,75551,926,1606,21920,
280.50735273510566,75550,927,1606,21920,
280.50832069140984,75550,926,1607,21920,
280.5093597639485,75549,927,1607,21920,
280.5105270931555,75549,927,1606,21921,
280.51200336610856,75548,928,1606,21921,
280.513588400317,75548,927,1607,21921,
280.5170992539233,75548,926,1608,21921,
280.5193451946127,75548,926,1607,21922,
280.52735438695686,75548,925,1608,21922,
280.53511325125896,75548,924,1609,21922,
280.53787055301177,75548,924,1608,21923,
280.5389154223831,75547,925,1608,21923,
280.54014349088663,75547,925,1607,21924,
280.54065449264976,75547,925,1606,21925,
280.5427407809463,75547,924,1607,21925,
280.5442779739405,75547,923,1608,21925,
280.5471855470927,75546,924,1608,21925,
280.54890359448785,75545,925,1608,21925,
280.54940753819557,75545,924,1609,21925,
280.5544999734283,75545,923,1610,21925,
280.55600496591006,75544,924,1610,21925,
280.56491244718944,75544,923,1611,21925,
280.5666214317058,75544,922,1612,21925,
280.5681916675747,75544,921,1613,21925,
280.5701357227431,75543,922,1613,21925,
280.57152025951336,75543,921,1614,21925,
280.5717633100331,75543,920,1615,21925,
280.5747483265019,75542,921,1615,21925,
280.57770711597277,75542,921,1614,21926,
280.58005767038134,75541,922,1614,21926,
280.58206048505195,75540,923,1614,21926,
280.58206451813174,75540,922,1615,21926,
280.58347307206384,75539,923,1615,21926,
280.58475499268275,75539,922,1616,21926,
280.5881712487394,75539,922,1615,21927,
280.58985893914297,75539,922,1614,21928,
280.5926320748977,75539,922,1613,21929,
280.59341970274517,75539,922,1612,21930,
280.5983027276152,75538,923,1612,21930,
280.59968168554286,75538,922,1613,21930,
280.6022046050897,75537,923,1613,21930,
280.60284471403526,75536,924,1613,21930,
280.60333069857336,75536,924,1612,21931,
280.60769868328697,75535,925,1612,21931,
280.60783335194446,75535,925,1611,21932,
280.60821580618773,75535,924,1612,21932,
280.6098725332654,75535,923,1613,21932,
280.6111699295619,75535,923,1612,21933,
280.61358009708533,75535,922,1613,21933,
280.6197969868231,75534,923,1613,21933,
280.62016492719135,75534,922,1614,21933,
280.62200657200464,75533,923,1614,21933,
280.62541529833334,75532,924,1614,21933,
280.6259999117383,75531,925,1614,21933,
280.6289621870759,75530,926,1614,21933,
280.6293692827416,75530,925,1615,21933,
280.63330699176777,75530,924,1616,21933,
280.63479021240664,75530,923,1617,21933,
280.63706856974403,75530,923,1616,21934,
280.6417322261226,75530,923,1615,21935,
280.642447393971,75530,922,1616,21935,
280.6439666507343,75529,923,1616,21935,
280.64551604146357,75529,922,1617,21935,
280.6499254752816,75528,923,1617,21935,
280.65241356020994,75528,923,1616,21936,
280.65689930577645,75528,922,1617,21936,
280.65813149689166,75527,923,1617,21936,
280.65933870727486,75527,923,1616,21937,
280.6617824698824,75526,924,1616,21937,
280.66544478211006,75525,925,1616,21937,
280.66840406895693,75525,924,1617,21937,
280.6747396195874,75525,924,1616,21938,
280.6811952525121,75525,924,1615,21939,
280.6823578133803,75524,925,1615,21939,
280.685617392739,75524,924,1616,21939,
280.68840798002236,75523,925,1616,21939,
280.69062154520105,75523,924,1617,21939,
280.6911559117591,75522,925,1617,21939,
280.694441570587,75522,924,1618,21939,
280.69988647151877,75522,923,1619,21939,
280.7006212446383,75522,923,1618,21940,
280.70728886133764,75522,923,1617,21941,
280.70820148992647,75522,922,1618,21941,
280.71204502606054,75521,923,1618,21941,
280.7127942581208,75521,923,1617,21942,
280.7131248893548,75521,923,1616,21943,
280.7134617253573,75520,924,1616,21943,
280.71360392483115,75519,925,1616,21943,
280.71464928896506,75519,925,1615,21944,
280.71494873438184,75519,924,1616,21944,
280.7151027015753,75519,924,1615,21945,
280.7154939908251,75518,925,1615,21945,
280.72128456070965,75518,924,1616,21945,
280.72160900069485,75518,924,1615,21946,
280.72432986673874,75517,925,1615,21946,
280.72615173758936,75516,926,1615,21946,
280.7272184609661,75516,925,1616,21946,
280.72790199138336,75516,924,1617,21946,
280.73223852023926,75516,924,1616,21947,
280.7331843734194,75516,923,1617,21947,
280.7336424237614,75515,924,1617,21947,
280.7404971467403,75514,925,1617,21947,
280.74543369047245,75514,924,1618,21947,
280.7467545389579,75514,923,1619,21947,
280.7469139603718,75514,922,1620,21947,
280.7562126741536,75514,922,1619,21948,
280.7577421786341,75514,921,1620,21948,
280.759224898848,75514,920,1621,21948,
280.76129666454597,75514,920,1620,21949,
280.7624930220116,75513,921,1620,21949,
280.76296354444173,75513,921,1619,21950,
280.76573441434476,75513,921,1618,21951,
280.76596173283446,75513,921,1617,21952,
280.76661488545193,75512,922,1617,21952,
280.7671644193934,75512,922,1616,21953,
280.767373962183,75511,923,1616,21953,
280.7701156309045,75511,923,1615,21954,
280.77124185267223,75510,924,1615,21954,
280.77429767904334,75510,924,1614,21955,
280.7768326289896,75510,924,1613,21956,
280.7777343666967,75510,923,1614,21956,
280.7786001189852,75510,923,1613,21957,
280.7790440718204,75510,923,1612,21958,
280.78272860819106,75510,923,1611,21959,
280.7876233696018,75510,922,1612,21959,
280.79176939754484,75509,923,1612,21959,
280.7936915117909,75509,923,1611,21960,
280.79575544819244,75509,922,1612,21960,
280.79765805883375,75508,923,1612,21960,
280.79872711813283,75507,924,1612,21960,
280.79923540599447,75506,925,1612,21960,
280.79943066274154,75505,926,1612,21960,
280.8006536729947,75505,926,1611,21961,
280.80170065331,75504,927,1611,21961,
280.80496125454783,75504,927,1610,21962,
280.80529736892004,75504,926,1611,21962,
280.8060420162133,75504,925,1612,21962,
280.80644734950897,75503,926,1612,21962,
280.8109981812625,75503,926,1611,21963,
280.814029455993,75503,926,1610,21964,
280.81580717154304,75503,926,1609,21965,
280.8167337131176,75503,925,1610,21965,
280.8184095219543,75503,925,1609,21966,
280.82115230781477,75503,924,1610,21966,
280.82122883504496,75503,923,1611,21966,
280.82685016506304,75503,922,1612,21966,
280.83191720298373,75503,921,1613,21966,
280.8336899789632,75503,920,1614,21966,
280.84077826797613,75503,920,1613,21967,
280.8410241520057,75503,919,1614,21967,
280.8410511589628,75503,918,1615,21967,
280.8414899117002,75503,918,1614,21968,
280.84630058913075,75503,917,1615,21968,
280.84686499183846,75503,917,1614,21969,
280.8472425038086,75503,916,1615,21969,
280.8515384830071,75503,915,1616,21969,
280.8528077255466,75502,916,1616,21969,
280.8537037261292,75502,916,1615,21970,
280.8541137684105,75502,916,1614,21971,
280.858573708654,75502,916,1613,21972,
280.8599436159106,75502,916,1612,21973,
280.8604567812758,75502,916,1611,21974,
280.8637564651987,75502,915,1612,21974,
280.869784108704,75502,915,1611,21975,
280.87080703094216,75502,914,1612,21975,
280.881857524381,75502,914,1611,21976,
280.88501939240285,75501,915,1611,21976,
280.8863170676876,75501,915,1610,21977,
280.8867814798399,75501,915,1609,21978,
280.8889447536258,75500,916,1609,21978,
280.88917791142063,75499,917,1609,21978,
280.88921235583734,75499,916,1610,21978,
280.8950615982198,75498,917,1610,21978,
280.89599814348287,75498,917,1609,21979,
280.89718933623766,75497,918,1609,21979,
280.8996358133493,75497,918,1608,21980,
280.9005954871568,75497,918,1607,21981,
280.90712647790275,75497,918,1606,21982,
280.90878577445466,75497,917,1607,21982,
280.9091059159548,75496,918,1607,21982,
280.91028258315123,75496,918,1606,21983,
280.91126249565224,75496,917,1607,21983,
280.9119641871897,75495,918,1607,21983,
280.9134153747175,75495,918,1606,21984,
280.9159317146746,75495,918,1605,21985,
280.9160439714057,75494,919,1605,21985,
280.9193407730232,75493,920,1605,21985,
280.91971941233726,75492,921,1605,21985,
280.92018237610785,75492,921,1604,21986,
280.921907913184,75492,921,1603,21987,
280.92353672253483,75492,920,1604,21987,
280.92443201496593,75492,920,1603,21988,
280.92527123842245,75492,919,1604,21988,
280.92654989762514,75492,919,1603,21989,
280.92813115391226,75491,920,1603,21989,
280.92894166447616,75491,919,1604,21989,
280.93059741684954,75491,919,1603,21990,
280.93121896771936,75491,918,1604,21990,
280.93634349277414,75491,917,1605,21990,
280.936548889061,75491,917,1604,21991,
280.9385497657616,75491,917,1603,21992,
280.9386301584099,75491,916,1604,21992,
280.93928600688037,75490,917,1604,21992,
280.94386030790093,75490,916,1605,21992,
280.94472387364056,75490,916,1604,21993,
280.95150539720015,75490,916,1603,21994,
280.9523899782374,75490,915,1604,21994,
280.9529780012278,75490,914,1605,21994,
280.95303050780416,75490,914,1604,21995,
280.9546238007406,75490,913,1605,21995,
280.95704376502454,75490,912,1606,21995,
280.9570921153036,75490,912,1605,21996,
280.95804609553466,75489,913,1605,21996,
280.95874570511177,75489,912,1606,21996,
280.95878578268105,75489,911,1607,21996,
280.95983013106087,75489,911,1606,21997,
280.9614931289346,75489,910,1607,21997,
280.96341206981634,75489,910,1606,21998,
280.9634579181522,75489,910,1605,21999,
280.9638459068098,75488,911,1605,21999,
280.96618772577415,75488,911,1604,22000,
280.96666448552656,75488,910,1605,22000,
280.9692420305563,75488,910,1604,22001,
280.9724182232057,75487,911,1604,22001,
280.97330106996117,75487,910,1605,22001,
280.97840751565514,75486,911,1605,22001,
280.9791417326292,75486,911,1604,22002,
280.9796118784994,75486,911,1603,22003,
280.98306650013154,75486,910,1604,22003,
280.98454864662136,75486,909,1605,22003,
280.986018262092,75486,908,1606,22003,
280.9894754806083,75486,907,1607,22003,
280.99152654475563,75485,908,1607,22003,
280.9925620619424,75484,909,1607,22003,
280.99353550998467,75484,908,1608,22003,
280.9956703223726,75484,907,1609,22003,
280.9971139496351,75483,908,1609,22003,
280.9978532447593,75483,907,1610,22003,
281.0014635147605,75483,906,1611,22003,
281.002408490369,75483,906,1610,22004,
281.00262757346127,75483,906,1609,22005,
281.00417053095833,75482,907,1609,22005,
281.00960255951185,75482,907,1608,22006,
281.0115483627482,75482,907,1607,22007,
281.01926986816557,75482,907,1606,22008,
281.0213236652227,75482,907,1605,22009,
281.022015427884,75482,907,1604,22010,
281.0222450398953,75482,907,1603,22011,
281.0242459936267,75482,906,1604,22011,
281.0251799654856,75482,906,1603,22012,
281.0253811456883,75481,907,1603,22012,
281.0314362353877,75481,907,1602,22013,
281.0333894236321,75481,906,1603,22013,
281.0381911900842,75480,907,1603,22013,
281.03866063981917,75480,906,1604,22013,
281.0406235913807,75480,905,1605,22013,
281.04204562148044,75480,904,1606,22013,
281.04743859321655,75480,904,1605,22014,
281.05067609731685,75480,903,1606,22014,
281.05392745484687,75480,903,1605,22015,
281.0560831964433,75479,904,1605,22015,
281.05633796564405,75478,905,1605,22015,
281.05655656899035,75477,906,1605,22015,
281.0614667979395,75477,906,1604,22016,
281.0617338193447,75476,907,1604,22016,
281.06211703326034,75476,907,1603,22017,
281.06421040516375,75476,906,1604,22017,
281.0681976233522,75476,905,1605,22017,
281.06839412964456,75475,906,1605,22017,
281.0695577986268,75475,905,1606,22017,
281.0712630442325,75474,906,1606,22017,
281.07210250685097,75473,907,1606,22017,
281.07297540656634,75473,906,1607,22017,
281.0749046766785,75473,906,1606,22018,
281.078364430186,75472,907,1606,22018,
281.0844928900027,75471,908,1606,22018,
281.08528852964434,75471,908,1605,22019,
281.0933026931538,75471,908,1604,22020,
281.10138666294506,75471,908,1603,22021,
281.1018361768771,75470,909,1603,22021,
281.10388514083246,75470,909,1602,22022,
281.1052700139925,75469,910,1602,22022,
281.1091011859476,75468,911,1602,22022,
281.1098576971529,75467,912,1602,22022,
281.109858165959,75467,912,1601,22023,
281.1106898986608,75467,912,1600,22024,
281.1117439992755,75466,913,1600,22024,
281.11215634196685,75466,913,1599,22025,
281.11655666266137,75466,912,1600,22025,
281.1166572527899,75465,913,1600,22025,
281.1182468189691,75465,913,1599,22026,
281.1226270832356,75464,914,1599,22026,
281.1250080604518,75463,915,1599,22026,
281.1253986180364,75463,915,1598,22027,
281.12580311989075,75463,915,1597,22028,
281.12684713436124,75462,916,1597,22028,
281.1323830351319,75462,916,1596,22029,
281.133897096657,75462,916,1595,22030,
281.13457197739564,75462,915,1596,22030,
281.13518524077296,75462,915,1595,22031,
281.1361724532377,75461,916,1595,22031,
281.1373388032398,75461,915,1596,22031,
281.1381869335076,75460,916,1596,22031,
281.1431520674807,75459,917,1596,22031,
281.14543724029704,75458,918,1596,22031,
281.14624886991794,75458,918,1595,22032,
281.14840819207564,75458,918,1594,22033,
281.14907089670703,75457,919,1594,22033,
281.15328824110446,75456,920,1594,22033,
281.1541793633719,75456,920,1593,22034,
281.1548940811072,75455,921,1593,22034,
281.1585018046623,75455,920,1594,22034,
281.1625473428299,75455,919,1595,22034,
281.1637498752372,75455,919,1594,22035,
281.16421598773906,75454,920,1594,22035,
281.1646365152559,75454,920,1593,22036,
281.16665016490856,75454,919,1594,22036,
281.1704634291312,75454,918,1595,22036,
281.1718863090861,75453,919,1595,22036,
281.1720652400717,75452,920,1595,22036,
281.1726386341023,75452,920,1594,22037,
281.17313639956694,75451,921,1594,22037,
281.175690242459,75450,922,1594,22037,
281.17571859638167,75449,923,1594,22037,
281.1768703695337,75449,923,1593,22038,
281.1804658797255,75448,924,1593,22038,
281.18119192729273,75447,925,1593,22038,
281.1908365022178,75446,926,1593,22038,
281.19133338409637,75446,926,1592,22039,
281.1940326571069,75446,925,1593,22039,
281.1948697210003,75446,925,1592,22040,
281.19523178509394,75446,924,1593,22040,
281.1979713188111,75446,923,1594,22040,
281.20234059823315,75446,923,1593,22041,
281.2066974619104,75445,924,1593,22041,
281.21393391465296,75445,924,1592,22042,
281.21678370198714,75445,924,1591,22043,
281.2169683417055,75444,925,1591,22043,
281.21720214131517,75443,926,1591,22043,
281.21725040695475,75443,926,1590,22044,
281.2176516384332,75442,927,1590,22044,
281.21860477251965,75441,928,1590,22044,
281.21952301558656,75440,929,1590,22044,
281.22088486051416,75440,928,1591,22044,
281.22440736691453,75440,927,1592,22044,
281.2253165899373,75440,926,1593,22044,
281.22572987660914,75440,925,1594,22044,
281.22696264408654,75439,926,1594,22044,
281.227749070439,75438,927,1594,22044,
281.2292276900392,75438,926,1595,22044,
281.23134286080926,75437,927,1595,22044,
281.2331853415915,75437,926,1596,22044,
281.23322247941616,75437,925,1597,22044,
281.23393109763964,75437,925,1596,22045,
281.23453670183216,75437,924,1597,22045,
281.2362792918025,75437,924,1596,22046,
281.2372558422363,75437,923,1597,22046,
281.2376115598856,75437,922,1598,22046,
281.2403619227551,75437,921,1599,22046,
281.2405277932508,75437,920,1600,22046,
281.2422872422877,75437,919,1601,22046,
281.24403038088553,75437,919,1600,22047,
281.2477300228358,75437,918,1601,22047,
281.24851227658866,75436,919,1601,22047,
281.2490399395466,75435,920,1601,22047,
281.25088523829794,75435,919,1602,22047,
281.2554317370158,75435,919,1601,22048,
281.25740047278833,75435,919,1600,22049,
281.2590907239568,75435,919,1599,22050,
281.25936592673025,75435,918,1600,22050,
281.2685267669462,75435,917,1601,22050,
281.2756786110534,75434,918,1601,22050,
281.2760844769643,75433,919,1601,22050,
281.27683859647243,75433,919,1600,22051,
281.276861860413,75433,919,1599,22052,
281.277216643481,75433,919,1598,22053,
281.27826540881097,75433,918,1599,22053,
281.27848133191054,75433,917,1600,22053,
281.27923791745326,75433,917,1599,22054,
281.27929839295996,75433,916,1600,22054,
281.2817836033487,75433,915,1601,22054,
281.2837692219364,75432,916,1601,22054,
281.28492731091035,75432,915,1602,22054,
281.2895077442547,75432,915,1601,22055,
281.29308892422097,75432,914,1602,22055,
281.2958416563502,75432,913,1603,22055,
281.2963917418176,75432,913,1602,22056,
281.2972067733863,75431,914,1602,22056,
281.29919586193074,75431,913,1603,22056,
281.29930974774487,75431,913,1602,22057,
281.30062393576924,75431,913,1601,22058,
281.30084656697005,75430,914,1601,22058,
281.3009539368409,75429,915,1601,22058,
281.30351822289316,75428,916,1601,22058,
281.30442763670055,75428,916,1600,22059,
281.3061280497569,75427,917,1600,22059,
281.30614453355145,75426,918,1600,22059,
281.30647371612486,75426,917,1601,22059,
281.30672674379787,75426,917,1600,22060,
281.3076659829442,75425,918,1600,22060,
281.3077729979234,75425,917,1601,22060,
281.3088333683533,75425,916,1602,22060,
281.31167722316604,75425,916,1601,22061,
281.3190107499854,75424,917,1601,22061,
281.32014987331195,75424,916,1602,22061,
281.3226847670602,75424,915,1603,22061,
281.324165501445,75424,915,1602,22062,
281.32425417808,75423,916,1602,22062,
281.3252131820947,75423,916,1601,22063,
281.32882038181987,75422,917,1601,22063,
281.33084467641663,75422,917,1600,22064,
281.3318601959307,75422,916,1601,22064,
281.33195755457086,75422,916,1600,22065,
281.33326732893505,75421,917,1600,22065,
281.33436073856177,75421,917,1599,22066,
281.3435579620592,75421,917,1598,22067,
281.34503128495004,75421,916,1599,22067,
281.34814592422373,75421,916,1598,22068,
281.3503920636397,75420,917,1598,22068,
281.35040790922636,75419,918,1598,22068,
281.3512957300236,75418,919,1598,22068,
281.3535343360042,75418,919,1597,22069,
281.35424733946223,75417,920,1597,22069,
281.3545040591187,75417,920,1596,22070,
281.354690367204,75417,919,1597,22070,
281.35687910103076,75417,918,1598,22070,
281.3579844497652,75417,917,1599,22070,
281.3582132896715,75417,916,1600,22070,
281.35837575304674,75416,917,1600,22070,
281.3584049207935,75416,917,1599,22071,
281.35911665088156,75416,916,1600,22071,
281.35923555427314,75415,917,1600,22071,
281.36006048791074,75414,918,1600,22071,
281.3645207636766,75414,918,1599,22072,
281.36866654472516,75414,918,1598,22073,
281.36884141995665,75414,917,1599,22073,
281.3689270690194,75414,917,1598,22074,
281.3690157542107,75413,918,1598,22074,
281.3745166127848,75413,918,1597,22075,
281.37460108682455,75413,917,1598,22075,
281.37656073935085,75412,918,1598,22075,
281.3767657399806,75412,917,1599,22075,
281.3786207949191,75412,916,1600,22075,
281.38152955803014,75412,916,1599,22076,
281.3826080145759,75412,916,1598,22077,
281.3827361133468,75411,917,1598,22077,
281.3830610585949,75411,917,1597,22078,
281.3835817177164,75411,917,1596,22079,
281.3893623889765,75411,916,1597,22079,
281.39097408322004,75411,915,1598,22079,
281.39109946781656,75411,915,1597,22080,
281.39191865649093,75410,916,1597,22080,
281.39563656568384,75410,915,1598,22080,
281.3996314091396,75410,915,1597,22081,
281.4042350180104,75410,914,1598,22081,
281.4043421123308,75409,915,1598,22081,
281.40906897416056,75409,914,1599,22081,
281.4092629160712,75409,913,1600,22081,
281.40993018501047,75409,913,1599,22082,
281.4119364848634,75409,913,1598,22083,
281.4134451532052,75408,914,1598,22083,
281.41600167413185,75407,915,1598,22083,
281.41667857629557,75407,914,1599,22083,
281.41878263048375,75406,915,1599,22083,
281.42160858812383,75406,914,1600,22083,
281.42386534952,75405,915,1600,22083,
281.42398279313613,75404,916,1600,22083,
281.42607011933336,75404,915,1601,22083,
281.4265295443146,75404,915,1600,22084,
281.4266475680499,75403,916,1600,22084,
281.4274760202909,75403,915,1601,22084,
281.4291744594412,75402,916,1601,22084,
281.4329160211423,75401,917,1601,22084,
281.43428972193794,75401,917,1600,22085,
281.4346839620451,75401,916,1601,22085,
281.43507323643894,75401,916,1600,22086,
281.435224249127,75400,917,1600,22086,
281.43783313890947,75400,917,1599,22087,
281.4386317559576,75399,918,1599,22087,
281.4410971061041,75399,918,1598,22088,
281.4447313462924,75399,917,1599,22088,
281.44539681943957,75399,917,1598,22089,
281.4485413787282,75398,918,1598,22089,
281.4502926770662,75398,918,1597,22090,
281.4504331773541,75398,918,1596,22091,
281.45235355750106,75397,919,1596,22091,
281.4528556201442,75397,918,1597,22091,
281.4530748808687,75397,918,1596,22092,
281.45489159053847,75397,917,1597,22092,
281.46326275387105,75397,916,1598,22092,
281.4632816978093,75397,915,1599,22092,
281.4646208272226,75396,916,1599,22092,
281.466816578175,75396,915,1600,22092,
281.4715282007644,75396,914,1601,22092,
281.4735818593376,75395,915,1601,22092,
281.4738173646395,75395,914,1602,22092,
281.47507479831773,75395,913,1603,22092,
281.4751877555305,75395,913,1602,22093,
281.47864588683683,75395,913,1601,22094,
281.48423366786716,75395,912,1602,22094,
281.48484729418567,75395,911,1603,22094,
281.4877834884094,75394,912,1603,22094,
281.4920863379365,75394,911,1604,22094,
281.49253677081174,75394,910,1605,22094,
281.4945032431087,75393,911,1605,22094,
281.49676440817643,75393,911,1604,22095,
281.50291240359957,75393,910,1605,22095,
281.50477506044683,75393,909,1606,22095,
281.5071960126427,75393,908,1607,22095,
281.5079499309337,75393,907,1608,22095,
281.51485682030227,75393,907,1607,22096,
281.5212844467293,75393,907,1606,22097,
281.52787119685513,75393,907,1605,22098,
281.530994697566,75393,907,1604,22099,
281.53206313478995,75392,908,1604,22099,
281.53221288444314,75392,907,1605,22099,
281.53331716644453,75392,906,1606,22099,
281.53409514664713,75392,906,1605,22100,
281.53416760743494,75391,907,1605,22100,
281.5348504353047,75391,906,1606,22100,
281.5424934458998,75391,905,1607,22100,
281.54573676377504,75391,905,1606,22101,
281.54612716653105,75391,904,1607,22101,
281.5465367901601,75391,904,1606,22102,
281.5476178943646,75390,905,1606,22102,
281.54804537444994,75390,904,1607,22102,
281.5545503586328,75390,904,1606,22103,
281.5549514468381,75389,905,1606,22103,
281.5582352394626,75389,904,1607,22103,
281.56091313404755,75388,905,1607,22103,
281.5621616160389,75388,905,1606,22104,
281.5627128704284,75388,905,1605,22105,
281.56521597324615,75387,906,1605,22105,
281.56583728069614,75387,906,1604,22106,
281.56742580017806,75387,905,1605,22106,
281.57655325279063,75386,906,1605,22106,
281.57735104221354,75386,905,1606,22106,
281.5801471333068,75386,904,1607,22106,
281.5815239480389,75385,905,1607,22106,
281.5824752492036,75384,906,1607,22106,
281.5843963711333,75383,907,1607,22106,
281.58690015122596,75383,907,1606,22107,
281.58729430276395,75382,908,1606,22107,
281.5937069597974,75381,909,1606,22107,
281.59386871496713,75381,909,1605,22108,
281.5940848953143,75381,909,1604,22109,
281.5950768766939,75381,909,1603,22110,
281.5967602102231,75381,909,1602,22111,
281.59700702577095,75381,908,1603,22111,
281.59769020153857,75381,907,1604,22111,
281.59862334161403,75381,907,1603,22112,
281.59933607968117,75380,908,1603,22112,
281.60077238283515,75380,908,1602,22113,
281.601398200391,75379,909,1602,22113,
281.60400686263404,75378,910,1602,22113,
281.60813668427556,75378,909,1603,22113,
281.6094794283366,75378,909,1602,22114,
281.61141198130076,75377,910,1602,22114,
281.6133262625467,75377,909,1603,22114,
281.61793794088163,75377,908,1604,22114,
281.6194034208789,75377,908,1603,22115,
281.6196570175517,75376,909,1603,22115,
281.6244399360196,75376,909,1602,22116,
281.62749433573316,75375,910,1602,22116,
281.6287034615191,75375,909,1603,22116,
281.6296280190316,75374,910,1603,22116,
281.6343875826526,75373,911,1603,22116,
281.6351229730799,75373,910,1604,22116,
281.63602557224345,75372,911,1604,22116,
281.6360908661821,75372,910,1605,22116,
281.6397341564365,75372,910,1604,22117,
281.640272251407,75372,909,1605,22117,
281.6414681679955,75372,909,1604,22118,
281.6423829368055,75372,908,1605,22118,
281.64297277971,75371,909,1605,22118,
281.64413971635895,75371,908,1606,22118,
281.64542339687284,75371,908,1605,22119,
281.6482862443263,75371,907,1606,22119,
281.6486781009531,75371,906,1607,22119,
281.64987203140925,75371,905,1608,22119,
281.64987645545517,75371,905,1607,22120,
281.6499030590783,75371,904,1608,22120,
281.6511070986359,75371,903,1609,22120,
281.65424417977914,75371,903,1608,22121,
281.65516564893306,75370,904,1608,22121,
281.6560851509111,75370,904,1607,22122,
281.65666686045563,75370,903,1608,22122,
281.6567277089663,75369,904,1608,22122,
281.6593803141731,75369,904,1607,22123,
281.6619553585466,75368,905,1607,22123,
281.6646269287715,75368,904,1608,22123,
281.66857522546707,75367,905,1608,22123,
281.6707734370498,75367,904,1609,22123,
281.67250867599984,75366,905,1609,22123,
281.6729910935252,75366,905,1608,22124,
281.67403224062275,75365,906,1608,22124,
281.674273867265,75365,906,1607,22125,
281.6747688268396,75365,905,1608,22125,
281.6773228224045,75364,906,1608,22125,
281.67900227239784,75364,905,1609,22125,
281.6799731688351,75364,904,1610,22125,
281.68377386916234,75364,903,1611,22125,
281.6874833827741,75364,903,1610,22126,
281.69376732859394,75363,904,1610,22126,
281.6944489375136,75363,904,1609,22127,
281.6968682908313,75362,905,1609,22127,
281.69892696603335,75362,904,1610,22127,
281.70320058065846,75362,904,1609,22128,
281.70323772467697,75362,904,1608,22129,
281.7059770848683,75362,904,1607,22130,
281.709429834054,75362,903,1608,22130,
281.7109690356756,75362,902,1609,22130,
281.71141873898915,75362,902,1608,22131,
281.7123197238864,75362,902,1607,22132,
281.7136046637337,75361,903,1607,22132,
281.7145200021831,75361,903,1606,22133,
281.7150424534667,75360,904,1606,22133,
281.71982087316803,75360,904,1605,22134,
281.72195162346793,75360,903,1606,22134,
281.7226472708786,75360,902,1607,22134,
281.7238775765667,75360,902,1606,22135,
281.726936804295,75360,901,1607,22135,
281.72813149808957,75359,902,1607,22135,
281.73097543973853,75359,902,1606,22136,
281.73271969127006,75358,903,1606,22136,
281.734802510536,75358,903,1605,22137,
281.7354711830436,75358,903,1604,22138,
281.7354763622908,75357,904,1604,22138,
281.73833457206837,75357,903,1605,22138,
281.74375736985996,75357,903,1604,22139,
281.7448437891952,75357,902,1605,22139,
281.74646605837665,75357,901,1606,22139,
281.7473175881978,75356,902,1606,22139,
281.7491386983123,75355,903,1606,22139,
281.75249338040123,75354,904,1606,22139,
281.75427191898257,75354,904,1605,22140,
281.75466394075113,75354,904,1604,22141,
281.7547947831485,75354,903,1605,22141,
281.75504619973924,75354,903,1604,22142,
281.75567343220024,75354,902,1605,22142,
281.7590508370117,75354,902,1604,22143,
281.761445041458,75353,903,1604,22143,
281.76716979055965,75352,904,1604,22143,
281.7700980983964,75351,905,1604,22143,
281.77227533662364,75351,905,1603,22144,
281.7747550688902,75351,904,1604,22144,
281.77652166621533,75350,905,1604,22144,
281.77907998173845,75349,906,1604,22144,
281.78025079420945,75349,906,1603,22145,
281.7806410427249,75349,905,1604,22145,
281.78205573195163,75349,904,1605,22145,
281.78270433499364,75349,903,1606,22145,
281.7841687152305,75349,902,1607,22145,
281.78434167013535,75349,902,1606,22146,
281.78512374354455,75348,903,1606,22146,
281.7860618581842,75348,902,1607,22146,
281.78711191253234,75348,902,1606,22147,
281.78753172060823,75348,902,1605,22148,
281.7918439944333,75348,901,1606,22148,
281.793628288084,75347,902,1606,22148,
281.7944506560591,75347,901,1607,22148,
281.7952430853517,75346,902,1607,22148,
281.7986507276489,75346,902,1606,22149,
281.7991334244465,75345,903,1606,22149,
281.8100639078911,75345,903,1605,22150,
281.8108034529472,75344,904,1605,22150,
281.81126309142394,75344,903,1606,22150,
281.81429378731866,75344,902,1607,22150,
281.8147474446256,75344,901,1608,22150,
281.8165462200687,75344,901,1607,22151,
281.81693396126826,75343,902,1607,22151,
281.8207386326578,75342,903,1607,22151,
281.82115620291927,75342,903,1606,22152,
281.8221321264832,75342,902,1607,22152,
281.82264905730403,75342,901,1608,22152,
281.82786953664953,75342,901,1607,22153,
281.8284920521545,75342,901,1606,22154,
281.82947170560567,75341,902,1606,22154,
281.83201655437716,75341,902,1605,22155,
281.83874531664367,75340,903,1605,22155,
281.8394364053711,75339,904,1605,22155,
281.84021441455735,75339,904,1604,22156,
281.84282211238644,75339,904,1603,22157,
281.8432168456922,75338,905,1603,22157,
281.8435030570648,75338,904,1604,22157,
281.84513026772754,75337,905,1604,22157,
281.84661716500653,75337,905,1603,22158,
281.84672048705613,75337,904,1604,22158,
281.84805328899307,75337,904,1603,22159,
281.8519797661817,75337,903,1604,22159,
281.85241776303,75337,903,1603,22160,
281.8550249662426,75336,904,1603,22160,
281.8565444643737,75335,905,1603,22160,
281.8570232245462,75335,905,1602,22161,
281.85875380882237,75334,906,1602,22161,
281.8587755320541,75333,907,1602,22161,
281.85953626141895,75333,907,1601,22162,
281.86191064063104,75333,906,1602,22162,
281.8621605254007,75333,905,1603,22162,
281.8649953891551,75333,904,1604,22162,
281.8675959553861,75333,904,1603,22163,
281.8677544359765,75333,903,1604,22163,
281.8681176256907,75332,904,1604,22163,
281.8682340055335,75332,904,1603,22164,
281.8687174743594,75332,903,1604,22164,
281.87102833653285,75332,903,1603,22165,
281.87591544171624,75332,903,1602,22166,
281.8770760599765,75331,904,1602,22166,
281.8798171171365,75331,903,1603,22166,
281.87982117238107,75330,904,1603,22166,
281.8826674508574,75330,904,1602,22167,
281.885767402594,75330,904,1601,22168,
281.88596280978993,75330,904,1600,22169,
281.88615704692614,75329,905,1600,22169,
281.8871874100879,75329,905,1599,22170,
281.8899586722622,75329,905,1598,22171,
281.89096375149586,75329,904,1599,22171,
281.89191815402086,75329,903,1600,22171,
281.89741342513213,75329,903,1599,22172,
281.8992157379139,75329,902,1600,22172,
281.89930515502124,75329,902,1599,22173,
281.90552945753274,75329,902,1598,22174,
281.90788722717383,75328,903,1598,22174,
281.91416145384954,75328,902,1599,22174,
281.9142561439258,75328,902,1598,22175,
281.91737894019485,75328,901,1599,22175,
281.91789537702385,75328,900,1600,22175,
281.9189976964599,75328,899,1601,22175,
281.9206866629649,75328,899,1600,22176,
281.9241003932949,75328,898,1601,22176,
281.9252458733028,75327,899,1601,22176,
281.92600109235406,75327,898,1602,22176,
281.92820467188466,75327,897,1603,22176,
281.930415102334,75327,897,1602,22177,
281.93127603942406,75326,898,1602,22177,
281.9326973358694,75325,899,1602,22177,
281.9374403227443,75325,899,1601,22178,
281.93971304870394,75325,899,1600,22179,
281.94080545979483,75324,900,1600,22179,
281.94153418340204,75324,900,1599,22180,
281.94171750537913,75324,900,1598,22181,
281.9463878249265,75324,899,1599,22181,
281.9484827897912,75324,898,1600,22181,
281.94970747744867,75324,898,1599,22182,
281.9517150045145,75324,898,1598,22183,
281.9548978717426,75324,897,1599,22183,
281.9611722919126,75323,898,1599,22183,
281.963571643859,75323,898,1598,22184,
281.96395495251596,75323,898,1597,22185,
281.964077846012,75322,899,1597,22185,
281.9655258335679,75322,898,1598,22185,
281.96580822128016,75322,898,1597,22186,
281.9672002225555,75322,898,1596,22187,
281.96752635370285,75322,898,1595,22188,
281.9683744431037,75321,899,1595,22188,
281.969510855391,75320,900,1595,22188,
281.97095636733263,75320,900,1594,22189,
281.97166795204066,75320,899,1595,22189,
281.97578804157394,75320,899,1594,22190,
281.97680798680244,75320,899,1593,22191,
281.97917050518737,75320,899,1592,22192,
281.9799912416138,75319,900,1592,22192,
281.9810898162606,75319,900,1591,22193,
281.9831874242573,75318,901,1591,22193,
281.98411906080656,75317,902,1591,22193,
281.98714912137865,75317,902,1590,22194,
281.9882996212963,75317,902,1589,22195,
281.99147354043697,75317,902,1588,22196,
281.99148858631304,75316,903,1588,22196,
281.99388097535143,75316,903,1587,22197,
281.9951902875137,75315,904,1587,22197,
281.9952674465106,75314,905,1587,22197,
281.9957418307166,75314,905,1586,22198,
281.99648165004027,75314,904,1587,22198,
281.9983300785111,75314,903,1588,22198,
282.0019654708302,75314,903,1587,22199,
282.00219980661734,75314,903,1586,22200,
282.00264975090005,75313,904,1586,22200,
282.00343329176326,75312,905,1586,22200,
282.0042410003593,75312,904,1587,22200,
282.00464994264877,75312,903,1588,22200,
282.0052509732513,75312,902,1589,22200,
282.0061027187639,75312,901,1590,22200,
282.01072184335624,75312,900,1591,22200,
282.01136732714923,75312,900,1590,22201,
282.0136764696757,75311,901,1590,22201,
282.0159847082597,75311,901,1589,22202,
282.0168994941615,75311,901,1588,22203,
282.0179264585865,75311,901,1587,22204,
282.0183882893389,75310,902,1587,22204,
282.01891868111215,75309,903,1587,22204,
282.01919042200484,75309,902,1588,22204,
282.0197346956173,75309,902,1587,22205,
282.02120264847287,75309,902,1586,22206,
282.0219234499065,75309,901,1587,22206,
282.0245801706808,75308,902,1587,22206,
282.0256462071883,75307,903,1587,22206,
282.02633252155323,75306,904,1587,22206,
282.02642897151065,75306,904,1586,22207,
282.0269983896844,75306,903,1587,22207,
282.0271299046579,75306,903,1586,22208,
282.0275543863588,75306,902,1587,22208,
282.02848203764364,75306,902,1586,22209,
282.0331267152895,75305,903,1586,22209,
282.03549587043494,75304,904,1586,22209,
282.03558040147885,75304,904,1585,22210,
282.0380336782033,75304,904,1584,22211,
282.0396201418991,75304,903,1585,22211,
282.04191412493424,75304,902,1586,22211,
282.0428319842683,75304,901,1587,22211,
282.04464198694444,75304,901,1586,22212,
282.047236352942,75303,902,1586,22212,
282.0485618591092,75303,901,1587,22212,
282.05116146073675,75303,901,1586,22213,
282.0515576482323,75303,901,1585,22214,
282.052265010622,75303,900,1586,22214,
282.05305209783506,75303,900,1585,22215,
282.0550798580218,75303,900,1584,22216,
282.0554875203618,75303,900,1583,22217,
282.05625162171424,75303,900,1582,22218,
282.05808759245315,75302,901,1582,22218,
282.0595918919636,75302,901,1581,22219,
282.0598411290006,75302,900,1582,22219,
282.06173681725465,75301,901,1582,22219,
282.0673664151995,75301,901,1581,22220,
282.0710005921202,75300,902,1581,22220,
282.0728633533802,75300,902,1580,22221,
282.0757545668564,75300,901,1581,22221,
282.0814239831465,75299,902,1581,22221,
282.08218416546487,75299,901,1582,22221,
282.0824328902449,75298,902,1582,22221,
282.0825630182782,75298,901,1583,22221,
282.09167923008994,75298,901,1582,22222,
282.09633326272285,75298,900,1583,22222,
282.09728932404,75298,900,1582,22223,
282.09896853518495,75298,900,1581,22224,
282.09923213815125,75297,901,1581,22224,
282.1005321540759,75296,902,1581,22224,
282.1015484283043,75295,903,1581,22224,
282.1030387479307,75295,902,1582,22224,
282.10607726867477,75295,902,1581,22225,
282.10719667751385,75295,901,1582,22225,
282.10821413709476,75295,901,1581,22226,
282.1089542829902,75295,900,1582,22226,
282.1100095975686,75295,899,1583,22226,
282.11364878712186,75295,898,1584,22226,
282.1146741977607,75294,899,1584,22226,
282.1187386212702,75293,900,1584,22226,
282.1193955557187,75293,899,1585,22226,
282.1210171532291,75292,900,1585,22226,
282.1216158705221,75292,900,1584,22227,
282.12180195671476,75292,900,1583,22228,
282.12621752465765,75292,900,1582,22229,
282.12904421595766,75292,900,1581,22230,
282.12926698124,75291,901,1581,22230,
282.12995881217597,75291,901,1580,22231,
282.1305031315533,75291,901,1579,22232,
282.1308358307359,75291,901,1578,22233,
282.1329808993448,75291,900,1579,22233,
282.13387151208553,75291,899,1580,22233,
282.13527668373627,75291,899,1579,22234,
282.13598409574394,75291,898,1580,22234,
282.1369438865542,75290,899,1580,22234,
282.13747997033164,75289,900,1580,22234,
282.13779096167775,75288,901,1580,22234,
282.140496473776,75288,900,1581,22234,
282.1412018671179,75288,900,1580,22235,
282.1451160704908,75288,899,1581,22235,
282.14680547885,75287,900,1581,22235,
282.14701261624,75286,901,1581,22235,
282.1500511940568,75286,900,1582,22235,
282.15393185140505,75286,899,1583,22235,
282.1558270831138,75286,898,1584,22235,
282.15675445986943,75286,897,1585,22235,
282.1574304875392,75285,898,1585,22235,
282.1589996144728,75285,897,1586,22235,
282.1601008214732,75284,898,1586,22235,
282.16275909627757,75283,899,1586,22235,
282.16657501009115,75283,898,1587,22235,
282.1711071537853,75282,899,1587,22235,
282.1712448057883,75281,900,1587,22235,
282.176195195336,75280,901,1587,22235,
282.1785686982845,75279,902,1587,22235,
282.17978635542397,75279,901,1588,22235,
282.18060496777724,75279,901,1587,22236,
282.18074294064354,75279,900,1588,22236,
282.1838334513434,75279,900,1587,22237,
282.18439102348674,75279,900,1586,22238,
282.18452595734243,75279,899,1587,22238,
282.1845813107845,75279,899,1586,22239,
282.1860105838621,75278,900,1586,22239,
282.18792855668994,75277,901,1586,22239,
282.18903566854146,75277,901,1585,22240,
282.1897072300438,75277,901,1584,22241,
282.19270841946394,75276,902,1584,22241,
282.1928465952141,75276,901,1585,22241,
282.1936186023963,75276,901,1584,22242,
282.1948603948431,75276,900,1585,22242,
282.19642848570936,75276,899,1586,22242,
282.19925856317496,75276,898,1587,22242,
282.20083865796437,75276,897,1588,22242,
282.2019334462699,75276,896,1589,22242,
282.2024516727088,75276,895,1590,22242,
282.2027877655153,75276,894,1591,22242,
282.20492028830915,75276,894,1590,22243,
282.2054369960918,75276,893,1591,22243,
282.2064914337155,75275,894,1591,22243,
282.2078901794604,75275,894,1590,22244,
282.20870213548693,75275,893,1591,22244,
282.20962758410616,75275,892,1592,22244,
282.20988914560263,75275,892,1591,22245,
282.2111061805693,75274,893,1591,22245,
282.2127397144682,75274,892,1592,22245,
282.2134806239788,75274,892,1591,22246,
282.2139457215793,75274,891,1592,22246,
282.2209656330347,75274,891,1591,22247,
282.2211984043824,75274,891,1590,22248,
282.22332458982044,75274,891,1589,22249,
282.22557674805284,75273,892,1589,22249,
282.2259733767136,75273,891,1590,22249,
282.2273266518398,75273,890,1591,22249,
282.2318261766737,75273,889,1592,22249,
282.23506712054916,75273,889,1591,22250,
282.23677929336117,75272,890,1591,22250,
282.23744373545856,75272,890,1590,22251,
282.23806648240554,75271,891,1590,22251,
282.238113133384,75271,890,1591,22251,
282.24667924376666,75271,889,1592,22251,
282.2473348713776,75271,889,1591,22252,
282.2525233381475,75271,889,1590,22253,
282.2543436549613,75271,889,1589,22254,
282.25783569277155,75271,888,1590,22254,
282.2580039502602,75270,889,1590,22254,
282.2608747611499,75270,889,1589,22255,
282.2699807959509,75269,890,1589,22255,
282.2711965115053,75269,890,1588,22256,
282.27156357775397,75269,889,1589,22256,
282.2723487313175,75269,888,1590,22256,
282.2733152686888,75268,889,1590,22256,
282.2754708005366,75267,890,1590,22256,
282.27844330221825,75267,890,1589,22257,
282.2808740564277,75267,890,1588,22258,
282.2859147877322,75267,890,1587,22259,
282.28609012670483,75267,890,1586,22260,
282.2908747757549,75267,889,1587,22260,
282.2932270420614,75267,889,1586,22261,
282.2953201874656,75266,890,1586,22261,
282.2958762437645,75265,891,1586,22261,
282.29770647539976,75265,890,1587,22261,
282.29900481392536,75265,889,1588,22261,
282.2998685032368,75265,888,1589,22261,
282.3016433328882,75265,888,1588,22262,
282.3030700687481,75264,889,1588,22262,
282.30559718833246,75264,888,1589,22262,
282.30668912711604,75264,888,1588,22263,
282.3083069197881,75264,887,1589,22263,
282.31101726763455,75264,886,1590,22263,
282.31173749226485,75264,886,1589,22264,
282.3250859662166,75263,887,1589,22264,
282.3259035943711,75263,887,1588,22265,
282.3265898859185,75263,887,1587,22266,
282.32693542095257,75263,886,1588,22266,
282.32801712988834,75263,885,1589,22266,
282.32980308413937,75263,884,1590,22266,
282.3312678908661,75263,884,1589,22267,
282.3326716676453,75263,884,1588,22268,
282.33294668185624,75263,884,1587,22269,
282.3353914060541,75263,883,1588,22269,
282.33727489023124,75263,883,1587,22270,
282.33732126413287,75262,884,1587,22270,
282.33949668683425,75262,884,1586,22271,
282.3415888251528,75261,885,1586,22271,
282.3435655188918,75261,885,1585,22272,
282.3447393472248,75261,885,1584,22273,
282.34903030603857,75261,885,1583,22274,
282.3493415159949,75261,884,1584,22274,
282.3497864221376,75261,883,1585,22274,
282.35009055726556,75261,883,1584,22275,
282.35123829254934,75261,883,1583,22276,
282.3527389704796,75261,883,1582,22277,
282.3553130893972,75261,882,1583,22277,
282.35558462475285,75260,883,1583,22277,
282.3589771404312,75259,884,1583,22277,
282.364820748923,75258,885,1583,22277,
282.3673941973556,75257,886,1583,22277,
282.36932198598305,75257,885,1584,22277,
282.37111860450204,75256,886,1584,22277,
282.3730278155898,75256,886,1583,22278,
282.3743316579002,75255,887,1583,22278,
282.376477903852,75254,888,1583,22278,
282.38065662799767,75254,888,1582,22279,
282.3833879641088,75254,888,1581,22280,
282.3864164549612,75254,887,1582,22280,
282.388425977482,75254,886,1583,22280,
282.39228301875585,75253,887,1583,22280,
282.3936809850223,75253,887,1582,22281,
282.3947156449549,75253,886,1583,22281,
282.3951470855173,75253,885,1584,22281,
282.3979184917455,75252,886,1584,22281,
282.40036108604096,75252,886,1583,22282,
282.4008300024272,75252,886,1582,22283,
282.40099343327296,75251,887,1582,22283,
282.40186725390924,75251,886,1583,22283,
282.40451323525116,75250,887,1583,22283,
282.4059982796121,75250,886,1584,22283,
282.40769955412844,75250,886,1583,22284,
282.41094569242284,75249,887,1583,22284,
282.4132680528387,75248,888,1583,22284,
282.42026642893654,75248,888,1582,22285,
282.4219473192431,75248,888,1581,22286,
282.42350070441216,75248,888,1580,22287,
282.4264500164776,75247,889,1580,22287,
282.42734428061414,75247,888,1581,22287,
282.42975887537835,75246,889,1581,22287,
282.4302075514725,75246,889,1580,22288,
282.4305327205192,75246,888,1581,22288,
282.43140171465564,75245,889,1581,22288,
282.43178400067177,75245,889,1580,22289,
282.4337003184839,75244,890,1580,22289,
282.4385234475483,75244,889,1581,22289,
282.4412551553922,75244,889,1580,22290,
282.44250374375287,75243,890,1580,22290,
282.4493935174791,75243,890,1579,22291,
282.4494797236214,75243,890,1578,22292,
282.4508392444338,75243,889,1579,22292,
282.451765751671,75243,888,1580,22292,
282.45212446170075,75243,888,1579,22293,
282.45303167986924,75243,888,1578,22294,
282.45334957414536,75243,888,1577,22295,
282.45541878777436,75243,888,1576,22296,
282.4554315507682,75243,887,1577,22296,
282.4565174505076,75242,888,1577,22296,
282.46065730078374,75242,887,1578,22296,
282.4620157726895,75241,888,1578,22296,
282.4643412465395,75241,888,1577,22297,
282.4655499788878,75241,888,1576,22298,
282.47159880740867,75241,888,1575,22299,
282.47171442051445,75241,888,1574,22300,
282.47227666863034,75240,889,1574,22300,
282.47886006202754,75240,889,1573,22301,
282.4805568603509,75240,889,1572,22302,
282.48292637814325,75239,890,1572,22302,
282.4868651390955,75239,890,1571,22303,
282.4872066969137,75238,891,1571,22303,
282.4873549778032,75238,891,1570,22304,
282.48744661629524,75237,892,1570,22304,
282.49168229006875,75237,892,1569,22305,
282.49326534717613,75237,892,1568,22306,
282.49418632484605,75236,893,1568,22306,
282.4970503618926,75236,893,1567,22307,
282.4974241763137,75236,893,1566,22308,
282.4983491000567,75236,893,1565,22309,
282.4984117427438,75236,892,1566,22309,
282.49885168381127,75236,892,1565,22310,
282.4994200609705,75235,893,1565,22310,
282.4995482384011,75235,892,1566,22310,
282.50013465824077,75235,891,1567,22310,
282.5017495801146,75235,891,1566,22311,
282.5027933481519,75235,891,1565,22312,
282.50477095018704,75235,890,1566,22312,
282.5054206945459,75234,891,1566,22312,
282.5062272425886,75234,891,1565,22313,
282.5111911528432,75234,890,1566,22313,
282.51361824856116,75234,890,1565,22314,
282.5146939717162,75234,889,1566,22314,
282.51723151338786,75234,889,1565,22315,
282.51838973401203,75234,889,1564,22316,
282.5186531019024,75234,889,1563,22317,
282.5191633197823,75234,888,1564,22317,
282.5212913369503,75233,889,1564,22317,
282.5237613189549,75232,890,1564,22317,
282.5280568446583,75232,889,1565,22317,
282.5298823956279,75232,889,1564,22318,
282.5311415869372,75232,889,1563,22319,
282.53292570465993,75232,888,1564,22319,
282.53435527453644,75231,889,1564,22319,
282.5376647394973,75231,889,1563,22320,
282.53963325726914,75231,889,1562,22321,
282.539928776237,75230,890,1562,22321,
282.5406432582209,75230,890,1561,22322,
282.541182428307,75230,890,1560,22323,
282.5415438231894,75230,889,1561,22323,
282.5454835436548,75229,890,1561,22323,
282.54666945469717,75229,889,1562,22323,
282.5474923409539,75228,890,1562,22323,
282.549781402382,75228,889,1563,22323,
282.5503181546861,75228,889,1562,22324,
282.5507223773198,75228,888,1563,22324,
282.5507528538789,75228,887,1564,22324,
282.55444967910216,75228,886,1565,22324,
282.55449742003304,75228,886,1564,22325,
282.5554772686348,75228,885,1565,22325,
282.55711060552926,75228,884,1566,22325,
282.5610754463177,75227,885,1566,22325,
282.5663788152356,75227,885,1565,22326,
282.56721821941164,75227,884,1566,22326,
282.568039292554,75226,885,1566,22326,
282.56938458890113,75226,884,1567,22326,
282.5695870857654,75226,884,1566,22327,
282.57001914394175,75226,883,1567,22327,
282.57137413833374,75226,882,1568,22327,
282.5724341922283,75225,883,1568,22327,
282.5733555111769,75225,882,1569,22327,
282.57393291446607,75225,881,1570,22327,
282.5800932863996,75225,881,1569,22328,
282.58408717647063,75225,880,1570,22328,
282.5843991759337,75225,880,1569,22329,
282.5891238452413,75225,880,1568,22330,
282.5897553636786,75225,879,1569,22330,
282.5946121159043,75225,878,1570,22330,
282.5953656960945,75225,878,1569,22331,
282.5964825913394,75225,878,1568,22332,
282.59727951561746,75225,878,1567,22333,
282.5983042717441,75225,877,1568,22333,
282.59925547930226,75225,876,1569,22333,
282.60231269526986,75225,876,1568,22334,
282.60728001625654,75225,876,1567,22335,
282.6080250756398,75224,877,1567,22335,
282.6152167261339,75223,878,1567,22335,
282.6152520473538,75223,877,1568,22335,
282.61588319195766,75223,876,1569,22335,
282.6171574680548,75223,875,1570,22335,
282.62329358326565,75223,874,1571,22335,
282.6257747618825,75223,874,1570,22336,
282.626900325985,75223,874,1569,22337,
282.6272876165644,75222,875,1569,22337,
282.6303802934646,75221,876,1569,22337,
282.6304397477021,75221,875,1570,22337,
282.6375791223476,75221,874,1571,22337,
282.63922397723115,75221,874,1570,22338,
282.6392992919244,75221,873,1571,22338,
282.64906509748437,75220,874,1571,22338,
282.6496836875001,75220,874,1570,22339,
282.6531105309824,75220,874,1569,22340,
282.65396076924816,75220,874,1568,22341,
282.6571462511673,75220,874,1567,22342,
282.6586680988855,75220,874,1566,22343,
282.6622058689339,75219,875,1566,22343,
282.66363180064667,75219,875,1565,22344,
282.66499965623643,75218,876,1565,22344,
282.66797743739636,75218,876,1564,22345,
282.6707914764148,75218,876,1563,22346,
282.67087424845226,75218,876,1562,22347,
282.67164805363456,75218,875,1563,22347,
282.6747063707301,75218,874,1564,22347,
282.6827232529445,75217,875,1564,22347,
282.68357320987303,75216,876,1564,22347,
282.6858681419129,75216,876,1563,22348,
282.6869426892494,75216,876,1562,22349,
282.689314725596,75216,876,1561,22350,
282.6939929834966,75216,876,1560,22351,
282.69751381950715,75215,877,1560,22351,
282.7041086260596,75215,877,1559,22352,
282.7088389179068,75215,876,1560,22352,
282.71042360221116,75214,877,1560,22352,
282.7105592842482,75214,876,1561,22352,
282.71136314095486,75214,876,1560,22353,
282.71280867138125,75214,876,1559,22354,
282.7139931635865,75213,877,1559,22354,
282.71758007610026,75212,878,1559,22354,
282.7180918464534,75212,877,1560,22354,
282.7211307306285,75211,878,1560,22354,
282.72601544383485,75211,878,1559,22355,
282.72923966548746,75210,879,1559,22355,
282.73259058061745,75210,879,1558,22356,
282.7355656555981,75210,878,1559,22356,
282.7380087276071,75210,877,1560,22356,
282.73989407378673,75209,878,1560,22356,
282.7407773042776,75208,879,1560,22356,
282.7437147419903,75207,880,1560,22356,
282.74668382937756,75207,879,1561,22356,
282.74735837157795,75206,880,1561,22356,
282.7517893022006,75206,879,1562,22356,
282.7539295797168,75206,878,1563,22356,
282.755083290979,75205,879,1563,22356,
282.7597982867744,75205,878,1564,22356,
282.76009641236504,75205,877,1565,22356,
282.7653910505441,75204,878,1565,22356,
282.7654302614881,75203,879,1565,22356,
282.7681876391723,75202,880,1565,22356,
282.7701652004031,75202,880,1564,22357,
282.7755527016047,75201,881,1564,22357,
282.78089257818516,75200,882,1564,22357,
282.78099728455845,75199,883,1564,22357,
282.7830867854136,75198,884,1564,22357,
282.78355539381215,75198,884,1563,22358,
282.7843849898917,75197,885,1563,22358,
282.79251016110936,75197,884,1564,22358,
282.79333245840814,75197,884,1563,22359,
282.7978251405665,75197,884,1562,22360,
282.799797732918,75196,885,1562,22360,
282.800982184706,75195,886,1562,22360,
282.8021334945081,75195,885,1563,22360,
282.804337883588,75195,884,1564,22360,
282.80628933055823,75195,884,1563,22361,
282.8101343092935,75194,885,1563,22361,
282.8111129838612,75194,885,1562,22362,
282.8132979401734,75194,885,1561,22363,
282.8145416151761,75193,886,1561,22363,
282.81510053989433,75193,886,1560,22364,
282.81725736671837,75192,887,1560,22364,
282.82076922017933,75192,887,1559,22365,
282.8223631210384,75191,888,1559,22365,
282.8235919485527,75191,888,1558,22366,
282.82406566410117,75190,889,1558,22366,
282.826541731471,75190,888,1559,22366,
282.82655138675455,75190,888,1558,22367,
282.8280450515098,75190,887,1559,22367,
282.829472591207,75190,887,1558,22368,
282.83118778230414,75190,886,1559,22368,
282.83319443830584,75189,887,1559,22368,
282.8341612833478,75189,887,1558,22369,
282.83513150135,75188,888,1558,22369,
282.83685846595614,75187,889,1558,22369,
282.83887402708444,75187,888,1559,22369,
282.8390085411234,75187,888,1558,22370,
282.83939643039673,75187,887,1559,22370,
282.841578875798,75186,888,1559,22370,
282.84438360635517,75185,889,1559,22370,
282.84520927242386,75185,889,1558,22371,
282.8572330231516,75185,889,1557,22372,
282.8574587930347,75185,889,1556,22373,
282.85897552182786,75185,888,1557,22373,
282.8602264242314,75185,888,1556,22374,
282.86195340021885,75184,889,1556,22374,
282.8630100123802,75183,890,1556,22374,
282.86327494526967,75182,891,1556,22374,
282.8646877132335,75182,891,1555,22375,
282.86488123817594,75182,890,1556,22375,
282.86783305912934,75182,890,1555,22376,
282.868482436818,75182,890,1554,22377,
282.8689066131216,75182,890,1553,22378,
282.87085821169507,75182,889,1554,22378,
282.87269394974555,75182,888,1555,22378,
282.8732591146169,75182,887,1556,22378,
282.8748209488614,75182,886,1557,22378,
282.8748249408997,75182,886,1556,22379,
282.881646483379,75182,886,1555,22380,
282.8816648851081,75182,885,1556,22380,
282.88206993094366,75182,885,1555,22381,
282.8863924693145,75182,885,1554,22382,
282.8886597012794,75181,886,1554,22382,
282.89420067431,75181,885,1555,22382,
282.8942351831776,75181,884,1556,22382,
282.89459162155464,75180,885,1556,22382,
282.8962478507783,75180,885,1555,22383,
282.8971248050018,75180,885,1554,22384,
282.89744552904773,75179,886,1554,22384,
282.8986288946063,75179,885,1555,22384,
282.8991024468578,75179,884,1556,22384,
282.89985989078815,75179,884,1555,22385,
282.90131963100373,75179,883,1556,22385,
282.902734183904,75178,884,1556,22385,
282.90546611173716,75178,883,1557,22385,
282.9055069730702,75178,882,1558,22385,
282.90817878627473,75177,883,1558,22385,
282.91124221400685,75177,882,1559,22385,
282.91331205971255,75177,882,1558,22386,
282.9142278918836,75177,881,1559,22386,
282.9154194214136,75177,880,1560,22386,
282.92011450714335,75177,880,1559,22387,
282.9204729554843,75177,880,1558,22388,
282.922943152487,75177,880,1557,22389,
282.9246758429731,75176,881,1557,22389,
282.92578728094423,75176,881,1556,22390,
282.92753755811236,75176,880,1557,22390,
282.93140720129304,75176,879,1558,22390,
282.9317728444046,75176,879,1557,22391,
282.9325248435081,75176,878,1558,22391,
282.9330400033071,75175,879,1558,22391,
282.933094472771,75175,878,1559,22391,
282.93415078640874,75175,878,1558,22392,
282.9350482575193,75174,879,1558,22392,
282.93682531693423,75174,878,1559,22392,
282.9384879385101,75173,879,1559,22392,
282.94152039163237,75172,880,1559,22392,
282.94234548424123,75172,879,1560,22392,
282.94699283814396,75172,879,1559,22393,
282.9471545395821,75172,879,1558,22394,
282.94842379594456,75171,880,1558,22394,
282.9504632135894,75170,881,1558,22394,
282.9523842096687,75170,881,1557,22395,
282.95249731604537,75169,882,1557,22395,
282.9538472982513,75169,882,1556,22396,
282.9593117765812,75169,882,1555,22397,
282.961226282808,75168,883,1555,22397,
282.96323251492214,75167,884,1555,22397,
282.96419338425284,75166,885,1555,22397,
282.9683466721852,75165,886,1555,22397,
282.9698555111978,75165,885,1556,22397,
282.9706980782272,75165,884,1557,22397,
282.97199666595844,75165,883,1558,22397,
282.9751434816653,75165,882,1559,22397,
282.97582832922245,75165,881,1560,22397,
282.9803632258875,75165,881,1559,22398,
282.98494734211323,75165,880,1560,22398,
282.98523123535244,75165,879,1561,22398,
282.98906882229056,75164,880,1561,22398,
282.9917715019422,75164,880,1560,22399,
282.99233350647097,75164,879,1561,22399,
282.99286940646243,75164,878,1562,22399,
282.99314478011746,75164,878,1561,22400,
282.9988415334411,75164,877,1562,22400,
282.999422851036,75164,876,1563,22400,
282.9997520743056,75164,876,1562,22401,
283.00382885552887,75163,877,1562,22401,
283.0041260774596,75163,877,1561,22402,
283.0045461545019,75163,876,1562,22402,
283.00575976700156,75163,876,1561,22403,
283.0127732595211,75163,875,1562,22403,
283.01285827456996,75163,875,1561,22404,
283.01365065011214,75163,875,1560,22405,
283.01453711273103,75163,875,1559,22406,
283.01823094697824,75163,875,1558,22407,
283.01874211345654,75163,875,1557,22408,
283.02178986783446,75163,874,1558,22408,
283.02297371168186,75163,873,1559,22408,
283.0271468906032,75163,872,1560,22408,
283.02755055461813,75162,873,1560,22408,
283.029337880257,75161,874,1560,22408,
283.02998603725905,75161,874,1559,22409,
283.0315600916567,75161,874,1558,22410,
283.03404364074964,75160,875,1558,22410,
283.03513460108974,75159,876,1558,22410,
283.03588564641666,75158,877,1558,22410,
283.0383225612175,75158,876,1559,22410,
283.0388065612958,75158,876,1558,22411,
283.03958419476794,75157,877,1558,22411,
283.04362085548655,75157,877,1557,22412,
283.0490656557368,75157,876,1558,22412,
283.0504362648894,75156,877,1558,22412,
283.0557157766106,75156,877,1557,22413,
283.0560215693298,75156,877,1556,22414,
283.0561704914785,75156,877,1555,22415,
283.05710901029215,75156,877,1554,22416,
283.0577311198453,75155,878,1554,22416,
283.05775365905754,75155,877,1555,22416,
283.05923202770714,75155,877,1554,22417,
283.05947219027394,75155,876,1555,22417,
283.0598069155804,75155,875,1556,22417,
283.0614011077129,75155,875,1555,22418,
283.061805143177,75155,875,1554,22419,
283.06605275635866,75155,875,1553,22420,
283.06779963361305,75155,874,1554,22420,
283.0685150411444,75155,874,1553,22421,
283.0685968718891,75155,874,1552,22422,
283.071643504862,75154,875,1552,22422,
283.0732186944876,75154,875,1551,22423,
283.07511798279296,75154,875,1550,22424,
283.0783773303727,75154,874,1551,22424,
283.08025840008486,75154,874,1550,22425,
283.0813878759394,75154,874,1549,22426,
283.08340618853833,75154,873,1550,22426,
283.08477645313326,75154,872,1551,22426,
283.08501711423185,75154,871,1552,22426,
283.08738328437187,75154,870,1553,22426,
283.0899374609496,75154,869,1554,22426,
283.0905293381343,75153,870,1554,22426,
283.09090339706637,75152,871,1554,22426,
283.0925582652827,75152,870,1555,22426,
283.093869156748,75152,869,1556,22426,
283.09514113327134,75152,868,1557,22426,
283.09938807710324,75152,868,1556,22427,
283.0993924701678,75151,869,1556,22427,
283.10081230787915,75151,868,1557,22427,
283.1070367872068,75150,869,1557,22427,
283.1101934016633,75150,869,1556,22428,
283.11336547943034,75150,868,1557,22428,
283.11580163578435,75149,869,1557,22428,
283.116633740748,75149,868,1558,22428,
283.1204587591792,75149,867,1559,22428,
283.1214011879793,75149,867,1558,22429,
283.12743558363894,75149,867,1557,22430,
283.12746024763146,75149,867,1556,22431,
283.1330210676735,75149,866,1557,22431,
283.1330739676502,75149,866,1556,22432,
283.1337163325971,75149,866,1555,22433,
283.1354928164068,75148,867,1555,22433,
283.1356325526021,75147,868,1555,22433,
283.13668677746927,75146,869,1555,22433,
283.139484361697,75146,869,1554,22434,
283.14015374343154,75146,869,1553,22435,
283.14071242062454,75145,870,1553,22435,
283.14241968012607,75144,871,1553,22435,
283.14359414231,75144,870,1554,22435,
283.14397249920125,75144,869,1555,22435,
283.1445773934509,75144,868,1556,22435,
283.14539780205405,75144,868,1555,22436,
283.1454695817204,75144,867,1556,22436,
283.1460929294949,75143,868,1556,22436,
283.1514635514947,75142,869,1556,22436,
283.1522612482555,75142,869,1555,22437,
283.15953924806377,75142,869,1554,22438,
283.15979254611733,75142,868,1555,22438,
283.1719246874129,75141,869,1555,22438,
283.17445514113643,75140,870,1555,22438,
283.1762488088956,75139,871,1555,22438,
283.178634868898,75139,871,1554,22439,
283.1792102958096,75138,872,1554,22439,
283.1815751413034,75138,872,1553,22440,
283.1858072256979,75138,871,1554,22440,
283.1882445145796,75137,872,1554,22440,
283.1883347099812,75137,871,1555,22440,
283.18894194897126,75136,872,1555,22440,
283.1948654446632,75136,872,1554,22441,
283.195815896682,75136,872,1553,22442,
283.1959841872843,75136,872,1552,22443,
283.1964950019025,75136,871,1553,22443,
283.1971793635759,75136,871,1552,22444,
283.1972074226861,75136,871,1551,22445,
283.19906143593624,75136,871,1550,22446,
283.2026620498279,75136,870,1551,22446,
283.2041488258212,75136,869,1552,22446,
283.2059505327798,75136,869,1551,22447,
283.20837525627746,75136,868,1552,22447,
283.2090556196729,75135,869,1552,22447,
283.21214294999726,75135,869,1551,22448,
283.21359787026546,75135,869,1550,22449,
283.2159441259568,75134,870,1550,22449,
283.21983745796877,75134,870,1549,22450,
283.2245041960132,75134,870,1548,22451,
283.2283672364225,75134,869,1549,22451,
283.2288268340589,75134,869,1548,22452,
283.2321549266225,75134,868,1549,22452,
283.2336713072266,75133,869,1549,22452,
283.23536143145606,75133,868,1550,22452,
283.24791243571644,75133,868,1549,22453,
283.24943916234196,75133,868,1548,22454,
283.24986087686136,75132,869,1548,22454,
283.2505735730742,75132,868,1549,22454,
283.25186371877254,75132,868,1548,22455,
283.25239220734596,75132,868,1547,22456,
283.25505826766556,75131,869,1547,22456,
283.2568096963321,75131,869,1546,22457,
283.2571002903511,75131,869,1545,22458,
283.2580703325842,75131,868,1546,22458,
283.25847975062095,75131,868,1545,22459,
283.258809041443,75131,867,1546,22459,
283.26107580073017,75131,866,1547,22459,
283.2621045252638,75130,867,1547,22459,
283.2627308431548,75130,867,1546,22460,
283.262892815765,75130,866,1547,22460,
283.2652265965233,75130,866,1546,22461,
283.27420392097355,75130,866,1545,22462,
283.27726707419777,75129,867,1545,22462,
283.2805694501401,75129,867,1544,22463,
283.28177718848167,75129,866,1545,22463,
283.2819680577142,75129,866,1544,22464,
283.28977903647615,75128,867,1544,22464,
283.2900993757895,75128,867,1543,22465,
283.2920074629079,75127,868,1543,22465,
283.29474216075283,75126,869,1543,22465,
283.2981942712291,75126,868,1544,22465,
283.298719321265,75125,869,1544,22465,
283.29972921416817,75125,868,1545,22465,
283.30165574936825,75124,869,1545,22465,
283.3026203432368,75124,868,1546,22465,
283.30470298442833,75123,869,1546,22465,
283.30748642562844,75123,868,1547,22465,
283.3116611744003,75122,869,1547,22465,
283.3150574319,75121,870,1547,22465,
283.3154810800927,75121,869,1548,22465,
283.3211451933005,75121,869,1547,22466,
283.3224353105319,75121,869,1546,22467,
283.3231408849091,75121,869,1545,22468,
283.32354019693105,75121,869,1544,22469,
283.32692877920357,75121,868,1545,22469,
283.32699356686635,75121,868,1544,22470,
283.32841714995146,75121,867,1545,22470,
283.3288168420009,75121,867,1544,22471,
283.32969129150973,75121,867,1543,22472,
283.33020690283865,75121,867,1542,22473,
283.33037502842046,75120,868,1542,22473,
283.33398541003197,75119,869,1542,22473,
283.33493718715107,75119,869,1541,22474,
283.3368841999767,75119,868,1542,22474,
283.33771398951075,75118,869,1542,22474,
283.34172983281167,75118,869,1541,22475,
283.34704969180245,75118,869,1540,22476,
283.3527838053257,75118,869,1539,22477,
283.3539409680336,75118,868,1540,22477,
283.35511551128343,75118,868,1539,22478,
283.3557196544873,75118,867,1540,22478,
283.3568279745027,75118,866,1541,22478,
283.3581119089354,75117,867,1541,22478,
283.36277178403947,75117,867,1540,22479,
283.3644070792721,75117,866,1541,22479,
283.3675797152068,75117,866,1540,22480,
283.36883541327387,75116,867,1540,22480,
283.3744650403425,75116,866,1541,22480,
283.3746440929896,75116,865,1542,22480,
283.37650763369487,75115,866,1542,22480,
283.3831856547016,75115,865,1543,22480,
283.3839899009911,75115,864,1544,22480,
283.384486252866,75114,865,1544,22480,
283.3883397641331,75113,866,1544,22480,
283.3903376292995,75112,867,1544,22480,
283.3909368255639,75112,867,1543,22481,
283.3971655367616,75111,868,1543,22481,
283.3974296215955,75110,869,1543,22481,
283.40026699880565,75109,870,1543,22481,
283.402892039109,75109,869,1544,22481,
283.4037112783379,75108,870,1544,22481,
283.40504043790696,75108,870,1543,22482,
283.40879318372293,75108,869,1544,22482,
283.4109327370383,75107,870,1544,22482,
283.41186340895086,75106,871,1544,22482,
283.41332305830963,75106,870,1545,22482,
283.4139691171959,75105,871,1545,22482,
283.4150308957933,75104,872,1545,22482,
283.41857326617486,75104,871,1546,22482,
283.42230676193464,75104,870,1547,22482,
283.42528533362423,75104,869,1548,22482,
283.4261486669826,75104,868,1549,22482,
283.42675237435014,75103,869,1549,22482,
283.4267584644742,75102,870,1549,22482,
283.42899051775385,75101,871,1549,22482,
283.4294336087328,75101,871,1548,22483,
283.4318617207745,75100,872,1548,22483,
283.4349829405624,75100,872,1547,22484,
283.43531451181934,75099,873,1547,22484,
283.4363642502127,75099,873,1546,22485,
283.4421628228036,75099,872,1547,22485,
283.4436030499847,75098,873,1547,22485,
283.445515170015,75097,874,1547,22485,
283.4468435304215,75097,873,1548,22485,
283.4469135296942,75096,874,1548,22485,
283.45350678025846,75096,874,1547,22486,
283.45541421742524,75095,875,1547,22486,
283.45807078636915,75095,875,1546,22487,
283.46157574309785,75095,875,1545,22488,
283.4643529996036,75095,874,1546,22488,
283.4644342712192,75095,873,1547,22488,
283.46603400021695,75095,872,1548,22488,
283.4671625454598,75094,873,1548,22488,
283.46716774820646,75094,873,1547,22489,
283.46974106051545,75093,874,1547,22489,
283.47055684818827,75093,873,1548,22489,
283.4711768627003,75093,872,1549,22489,
283.47526996052824,75093,872,1548,22490,
283.47539861416635,75093,872,1547,22491,
283.47832128714583,75093,872,1546,22492,
283.4785325312689,75092,873,1546,22492,
283.47953566277505,75092,873,1545,22493,
283.4811566905438,75091,874,1545,22493,
283.4840711017232,75091,873,1546,22493,
283.4851641711547,75091,873,1545,22494,
283.48598409917923,75091,873,1544,22495,
283.4884208040591,75091,873,1543,22496,
283.4902200529426,75091,872,1544,22496,
283.49030774847427,75090,873,1544,22496,
283.4908953368523,75090,873,1543,22497,
283.4920785053515,75089,874,1543,22497,
283.4942386094582,75088,875,1543,22497,
283.4958041899234,75088,875,1542,22498,
283.49677939131834,75088,875,1541,22499,
283.49685207505087,75087,876,1541,22499,
283.49750698583756,75087,876,1540,22500,
283.49920874423725,75086,877,1540,22500,
283.49967797920743,75086,877,1539,22501,
283.5011216458293,75086,877,1538,22502,
283.50249848562515,75085,878,1538,22502,
283.50421447236215,75084,879,1538,22502,
283.507139221213,75083,880,1538,22502,
283.5091293279437,75082,881,1538,22502,
283.51120070382154,75081,882,1538,22502,
283.5128513822982,75081,882,1537,22503,
283.51395942837996,75081,882,1536,22504,
283.51464090091173,75080,883,1536,22504,
283.5148007876203,75079,884,1536,22504,
283.5171390493293,75079,883,1537,22504,
283.5198288449836,75078,884,1537,22504,
283.52165278668997,75077,885,1537,22504,
283.5261740078564,75077,885,1536,22505,
283.52718138313145,75076,886,1536,22505,
283.52899376545275,75076,885,1537,22505,
283.5308910350213,75076,885,1536,22506,
283.5322354812631,75076,884,1537,22506,
283.5346901723861,75076,884,1536,22507,
283.5413770972358,75076,884,1535,22508,
283.5424123962794,75075,885,1535,22508,
283.5451974530821,75074,886,1535,22508,
283.54661050194454,75074,885,1536,22508,
283.5492768732104,75074,885,1535,22509,
283.5504251113821,75074,884,1536,22509,
283.55140945045304,75074,883,1537,22509,
283.552354488431,75074,883,1536,22510,
283.55393047892215,75074,882,1537,22510,
283.55473902570463,75074,881,1538,22510,
283.5550032767301,75073,882,1538,22510,
283.5577671391188,75072,883,1538,22510,
283.5583533638295,75071,884,1538,22510,
283.5591798728652,75071,883,1539,22510,
283.56084651677,75071,883,1538,22511,
283.56267333780033,75070,884,1538,22511,
283.56538522881726,75070,883,1539,22511,
283.56777048891786,75070,883,1538,22512,
283.5718800169307,75069,884,1538,22512,
283.57395430143504,75069,883,1539,22512,
283.57446707500395,75068,884,1539,22512,
283.5756494007495,75067,885,1539,22512,
283.57614612556034,75067,884,1540,22512,
283.5766866769648,75066,885,1540,22512,
283.5778688015527,75066,885,1539,22513,
283.58176948258944,75066,885,1538,22514,
283.58369973034155,75065,886,1538,22514,
283.5884614115143,75065,886,1537,22515,
283.58865967092095,75064,887,1537,22515,
283.5889658985311,75063,888,1537,22515,
283.58974011628874,75063,887,1538,22515,
283.5931121692313,75063,886,1539,22515,
283.59437919764474,75063,885,1540,22515,
283.59508069160563,75063,885,1539,22516,
283.5961392422622,75062,886,1539,22516,
283.5996917120217,75061,887,1539,22516,
283.6021531191546,75060,888,1539,22516,
283.60331103975733,75060,887,1540,22516,
283.60665439735476,75060,887,1539,22517,
283.6095038954475,75060,887,1538,22518,
283.6178665464042,75060,887,1537,22519,
283.6219553045647,75059,888,1537,22519,
283.62248655765484,75059,887,1538,22519,
283.62324484884914,75058,888,1538,22519,
283.6235984297243,75058,888,1537,22520,
283.62487977396563,75058,888,1536,22521,
283.624891035015,75058,887,1537,22521,
283.6259347494113,75057,888,1537,22521,
283.62691061948595,75056,889,1537,22521,
283.6278123471111,75056,888,1538,22521,
283.6288757554799,75055,889,1538,22521,
283.62999814868346,75055,889,1537,22522,
283.63114489695556,75054,890,1537,22522,
283.63185421056903,75054,890,1536,22523,
283.6321652955642,75054,889,1537,22523,
283.63281700705545,75053,890,1537,22523,
283.63411664626994,75053,889,1538,22523,
283.63512440839213,75053,889,1537,22524,
283.6354528318629,75052,890,1537,22524,
283.63778400514184,75052,890,1536,22525,
283.63894461757616,75052,890,1535,22526,
283.64146045730257,75052,889,1536,22526,
283.64152667889346,75052,888,1537,22526,
283.6420097949151,75052,888,1536,22527,
283.64272011361425,75052,888,1535,22528,
283.6477055965556,75052,888,1534,22529,
283.6504832348985,75052,888,1533,22530,
283.6534812576675,75051,889,1533,22530,
283.6545492627498,75051,888,1534,22530,
283.65542557944013,75051,888,1533,22531,
283.6566504121371,75050,889,1533,22531,
283.65806922165785,75050,888,1534,22531,
283.6591559365131,75050,887,1535,22531,
283.66074238026124,75049,888,1535,22531,
283.6622090292059,75049,888,1534,22532,
283.66410412936,75049,888,1533,22533,
283.66755676898697,75048,889,1533,22533,
283.6712874012507,75047,890,1533,22533,
283.67138019666805,75046,891,1533,22533,
283.67431967577403,75045,892,1533,22533,
283.674387196858,75045,892,1532,22534,
283.6750761254793,75045,892,1531,22535,
283.6764925337042,75045,892,1530,22536,
283.6786132110415,75045,892,1529,22537,
283.6791932261597,75045,892,1528,22538,
283.6805330810537,75045,892,1527,22539,
283.68217267319625,75045,891,1528,22539,
283.6824545492142,75045,891,1527,22540,
283.6835401566024,75045,890,1528,22540,
283.68637316166706,75044,891,1528,22540,
283.68671781996403,75044,891,1527,22541,
283.6873202505717,75043,892,1527,22541,
283.68783215930443,75043,892,1526,22542,
283.68957893962187,75043,891,1527,22542,
283.6927870711019,75043,890,1528,22542,
283.69524192392544,75042,891,1528,22542,
283.69733027622055,75042,891,1527,22543,
283.69749193432216,75042,891,1526,22544,
283.6986191514053,75041,892,1526,22544,
283.6987240237807,75041,891,1527,22544,
283.7013490533018,75041,891,1526,22545,
283.70208252213445,75040,892,1526,22545,
283.7037019417876,75039,893,1526,22545,
283.70549117101893,75039,893,1525,22546,
283.7056262050311,75039,892,1526,22546,
283.71063785163597,75039,892,1525,22547,
283.7109690088688,75039,891,1526,22547,
283.71291285548614,75039,890,1527,22547,
283.71644474973044,75038,891,1527,22547,
283.7176045371236,75038,891,1526,22548,
283.7188300697195,75038,890,1527,22548,
283.7193971479179,75038,889,1528,22548,
283.7201511361383,75038,888,1529,22548,
283.72403711960874,75038,887,1530,22548,
283.72696225408515,75037,888,1530,22548,
283.7287903613898,75037,888,1529,22549,
283.7290729425949,75037,887,1530,22549,
283.7347726248383,75037,887,1529,22550,
283.73789252638016,75036,888,1529,22550,
283.74102939770717,75036,887,1530,22550,
283.74479481269987,75035,888,1530,22550,
283.74530501588947,75035,888,1529,22551,
283.7456520962595,75034,889,1529,22551,
283.7462789108627,75033,890,1529,22551,
283.74725045382013,75032,891,1529,22551,
283.75140848039797,75031,892,1529,22551,
283.752684617458,75030,893,1529,22551,
283.7547328000697,75030,892,1530,22551,
283.75606885085995,75030,892,1529,22552,
283.75612847415397,75030,891,1530,22552,
283.7593507674173,75030,891,1529,22553,
283.7597656546993,75029,892,1529,22553,
283.76076529307875,75029,892,1528,22554,
283.7644247753748,75029,892,1527,22555,
283.7667975322985,75029,892,1526,22556,
283.76944409210347,75029,891,1527,22556,
283.7699168157007,75028,892,1527,22556,
283.77090797781864,75028,892,1526,22557,
283.7710036086246,75027,893,1526,22557,
283.772169308993,75026,894,1526,22557,
283.77313908699415,75026,894,1525,22558,
283.773473363016,75026,893,1526,22558,
283.7777233268949,75026,893,1525,22559,
283.77856889952875,75026,893,1524,22560,
283.78524914021335,75025,894,1524,22560,
283.78809099790476,75025,894,1523,22561,
283.7896749479427,75025,894,1522,22562,
283.7896906433075,75025,893,1523,22562,
283.7943306784488,75025,893,1522,22563,
283.79585540024226,75025,892,1523,22563,
283.79768578385443,75024,893,1523,22563,
283.7989598562138,75024,893,1522,22564,
283.80171878909545,75024,893,1521,22565,
283.8027478903198,75023,894,1521,22565,
283.80306937173646,75023,894,1520,22566,
283.8033829346739,75022,895,1520,22566,
283.8035669967522,75021,896,1520,22566,
283.80428807089334,75020,897,1520,22566,
283.80466868455494,75019,898,1520,22566,
283.8069496094378,75019,897,1521,22566,
283.8097963072865,75018,898,1521,22566,
283.8103032137227,75018,897,1522,22566,
283.8120522499156,75018,896,1523,22566,
283.8169433671482,75018,896,1522,22567,
283.8183766263135,75017,897,1522,22567,
283.81847971348486,75016,898,1522,22567,
283.82077033032465,75016,898,1521,22568,
283.8225904479907,75016,898,1520,22569,
283.82318471418137,75016,898,1519,22570,
283.82589719887227,75016,898,1518,22571,
283.82611697583883,75015,899,1518,22571,
283.82634872347194,75015,899,1517,22572,
283.8310769817967,75015,898,1518,22572,
283.8320308249899,75015,897,1519,22572,
283.8329293567399,75015,896,1520,22572,
283.8353037718356,75015,896,1519,22573,
283.8361413218377,75015,895,1520,22573,
283.8388540607482,75015,895,1519,22574,
283.8434914980595,75015,895,1518,22575,
283.8442581736126,75014,896,1518,22575,
283.84563530482893,75014,896,1517,22576,
283.8491894344768,75014,896,1516,22577,
283.84979321341757,75013,897,1516,22577,
283.85337892960297,75013,896,1517,22577,
283.85350395889736,75013,896,1516,22578,
283.856140429715,75012,897,1516,22578,
283.85667689149466,75011,898,1516,22578,
283.8570612929333,75010,899,1516,22578,
283.85733368048,75010,898,1517,22578,
283.8585203447504,75010,898,1516,22579,
283.8604829482099,75009,899,1516,22579,
283.8605477760098,75009,899,1515,22580,
283.8610340410866,75009,898,1516,22580,
283.8613202240473,75008,899,1516,22580,
283.8616550836847,75008,899,1515,22581,
283.86182194757004,75008,899,1514,22582,
283.86258177853995,75008,898,1515,22582,
283.8633299353501,75007,899,1515,22582,
283.866328666209,75006,900,1515,22582,
283.86976647022914,75006,899,1516,22582,
283.8703135046439,75006,899,1515,22583,
283.8760038136852,75006,899,1514,22584,
283.879112604291,75006,898,1515,22584,
283.880663224365,75006,897,1516,22584,
283.8818968867242,75006,896,1517,22584,
283.88572622196904,75006,895,1518,22584,
283.88923864711694,75006,895,1517,22585,
283.8901918228522,75006,894,1518,22585,
283.89260780159265,75006,893,1519,22585,
283.89499979323955,75005,894,1519,22585,
283.89695442682756,75004,895,1519,22585,
283.89728104900564,75004,895,1518,22586,
283.90011861090676,75004,895,1517,22587,
283.9011897439849,75004,894,1518,22587,
283.90504118873565,75004,893,1519,22587,
283.90668871321793,75003,894,1519,22587,
283.90680506881114,75003,893,1520,22587,
283.910664450288,75003,893,1519,22588,
283.91098145970994,75002,894,1519,22588,
283.91169358609864,75002,893,1520,22588,
283.91445865848044,75002,892,1521,22588,
283.91468507859526,75002,892,1520,22589,
283.9179055719898,75001,893,1520,22589,
283.91801092160784,75000,894,1520,22589,
283.91834239863994,74999,895,1520,22589,
283.9196495986385,74999,894,1521,22589,
283.92560928995033,74999,894,1520,22590,
283.92643424335415,74999,893,1521,22590,
283.9268379392539,74999,892,1522,22590,
283.9275420348,74999,891,1523,22590,
283.9278321555068,74999,890,1524,22590,
283.92786596633954,74999,889,1525,22590,
283.93089212041684,74999,888,1526,22590,
283.93299289381383,74999,887,1527,22590,
283.9381083404939,74998,888,1527,22590,
283.9417113263971,74998,887,1528,22590,
283.94742964292334,74997,888,1528,22590,
283.9492423905926,74997,887,1529,22590,
283.95195051361236,74996,888,1529,22590,
283.9530517026017,74995,889,1529,22590,
283.9539966053122,74995,889,1528,22591,
283.95452323276555,74995,889,1527,22592,
283.9589100218972,74995,889,1526,22593,
283.959238914271,74995,889,1525,22594,
283.95995868362155,74994,890,1525,22594,
283.96427540144214,74993,891,1525,22594,
283.9654246145528,74992,892,1525,22594,
283.9709729142557,74992,892,1524,22595,
283.9727633516621,74992,892,1523,22596,
283.97341908978996,74992,891,1524,22596,
283.9734358585705,74992,891,1523,22597,
283.97796335511373,74992,890,1524,22597,
283.9812485786522,74992,889,1525,22597,
283.98520160130175,74992,888,1526,22597,
283.9860624701694,74992,888,1525,22598,
283.9865891670084,74992,887,1526,22598,
283.990203386504,74992,887,1525,22599,
283.99100692923827,74992,886,1526,22599,
283.9982469190433,74991,887,1526,22599,
283.99862858020157,74991,887,1525,22600,
283.9992207564521,74990,888,1525,22600,
284.0032107184482,74989,889,1525,22600,
284.00446336477023,74989,888,1526,22600,
284.0053124402675,74989,887,1527,22600,
284.00607621013063,74988,888,1527,22600,
284.00889823056224,74987,889,1527,22600,
284.0136275419434,74987,889,1526,22601,
284.0152568001599,74986,890,1526,22601,
284.01825056269695,74985,891,1526,22601,
284.0192517277722,74984,892,1526,22601,
284.0223415036669,74984,891,1527,22601,
284.022974099231,74983,892,1527,22601,
284.02562553798515,74982,893,1527,22601,
284.02615399281973,74982,893,1526,22602,
284.02879600621213,74981,894,1526,22602,
284.0288950337113,74980,895,1526,22602,
284.03695512495904,74979,896,1526,22602,
284.03849406207877,74979,896,1525,22603,
284.04266747902125,74978,897,1525,22603,
284.044498226231,74978,896,1526,22603,
284.0459224246305,74978,896,1525,22604,
284.0464982041041,74978,896,1524,22605,
284.0475858071503,74978,895,1525,22605,
284.0480596406008,74977,896,1525,22605,
284.04808116068904,74977,896,1524,22606,
284.050030350131,74977,895,1525,22606,
284.0536865346565,74976,896,1525,22606,
284.0545441867945,74976,895,1526,22606,
284.0573466344927,74976,895,1525,22607,
284.05944080983534,74976,895,1524,22608,
284.0598311448848,74976,894,1525,22608,
284.06103584392514,74976,894,1524,22609,
284.0642631367908,74976,893,1525,22609,
284.065892375877,74976,892,1526,22609,
284.0663219141429,74976,892,1525,22610,
284.0676176326592,74976,891,1526,22610,
284.0699546126997,74976,890,1527,22610,
284.0725703554085,74975,891,1527,22610,
284.07417948162066,74974,892,1527,22610,
284.07871058092536,74973,893,1527,22610,
284.0844991349033,74973,893,1526,22611,
284.0848454999541,74973,892,1527,22611,
284.0851205491984,74972,893,1527,22611,
284.08520667623566,74972,893,1526,22612,
284.0860173288645,74972,893,1525,22613,
284.0897521201431,74971,894,1525,22613,
284.09016708362145,74970,895,1525,22613,
284.0902851812702,74970,894,1526,22613,
284.0912717378332,74970,893,1527,22613,
284.0929061355729,74969,894,1527,22613,
284.093085297666,74969,893,1528,22613,
284.093210308292,74969,892,1529,22613,
284.09476812022575,74969,891,1530,22613,
284.0985776315076,74968,892,1530,22613,
284.10155863000637,74967,893,1530,22613,
284.10167309599956,74967,893,1529,22614,
284.1075526851506,74966,894,1529,22614,
284.10755817483835,74966,893,1530,22614,
284.1117385088568,74966,892,1531,22614,
284.1121076265521,74966,892,1530,22615,
284.11676965560315,74966,891,1531,22615,
284.1185012298402,74966,890,1532,22615,
284.1186839799245,74965,891,1532,22615,
284.1194151827055,74965,890,1533,22615,
284.1196230629742,74965,890,1532,22616,
284.1226249049209,74965,890,1531,22617,
284.12272450459903,74964,891,1531,22617,
284.12386406483756,74964,890,1532,22617,
284.12484633129236,74964,889,1533,22617,
284.1288726803241,74963,890,1533,22617,
284.12888564569977,74963,890,1532,22618,
284.1292974034019,74963,889,1533,22618,
284.13024583998236,74962,890,1533,22618,
284.13133894645955,74961,891,1533,22618,
284.1326100701957,74961,891,1532,22619,
284.13286338939315,74960,892,1532,22619,
284.1332509446088,74959,893,1532,22619,
284.13690618444787,74959,892,1533,22619,
284.13767244560194,74958,893,1533,22619,
284.1384040372376,74958,893,1532,22620,
284.13933388321595,74958,892,1533,22620,
284.1396957365321,74958,891,1534,22620,
284.13971449331683,74958,891,1533,22621,
284.1486009522283,74958,891,1532,22622,
284.14912789354094,74958,891,1531,22623,
284.14925991199874,74958,891,1530,22624,
284.1503937531311,74958,891,1529,22625,
284.1504760053915,74957,892,1529,22625,
284.1532053305783,74957,892,1528,22626,
284.15361569330423,74957,891,1529,22626,
284.158185994595,74957,890,1530,22626,
284.16275933164997,74957,890,1529,22627,
284.16280679028137,74957,889,1530,22627,
284.16479043652737,74957,889,1529,22628,
284.1659314138416,74957,889,1528,22629,
284.16599611099633,74957,889,1527,22630,
284.1674987581301,74956,890,1527,22630,
284.16772575730295,74956,889,1528,22630,
284.1705119058006,74956,889,1527,22631,
284.1713577721141,74955,890,1527,22631,
284.1791422429816,74955,890,1526,22632,
284.18211743342766,74955,889,1527,22632,
284.1826749588057,74955,888,1528,22632,
284.1860896568928,74954,889,1528,22632,
284.18770972154294,74954,889,1527,22633,
284.18823179041755,74954,889,1526,22634,
284.19038853122544,74953,890,1526,22634,
284.19055841783063,74953,890,1525,22635,
284.19204462157825,74953,889,1526,22635,
284.19627771321035,74952,890,1526,22635,
284.1975260871089,74951,891,1526,22635,
284.1980391094793,74951,890,1527,22635,
284.1981161997919,74950,891,1527,22635,
284.20698021269317,74950,891,1526,22636,
284.2086671044685,74950,890,1527,22636,
284.21241121443086,74950,890,1526,22637,
284.2130331856169,74950,889,1527,22637,
284.2157312156705,74949,890,1527,22637,
284.2163544928226,74948,891,1527,22637,
284.21728376028045,74947,892,1527,22637,
284.2199906006431,74946,893,1527,22637,
284.22306158105454,74946,892,1528,22637,
284.2246912020929,74946,892,1527,22638,
284.22532185781176,74946,892,1526,22639,
284.2267482305276,74945,893,1526,22639,
284.23048851601254,74944,894,1526,22639,
284.23527871593524,74943,895,1526,22639,
284.2391747977765,74943,894,1527,22639,
284.2426860741677,74943,894,1526,22640,
284.2429253723415,74943,894,1525,22641,
284.24390693214167,74943,893,1526,22641,
284.24487369561996,74943,893,1525,22642,
284.24644593111617,74943,892,1526,22642,
284.24834341180957,74943,891,1527,22642,
284.2505378380432,74943,891,1526,22643,
284.25217458325665,74943,891,1525,22644,
284.25275080973057,74943,890,1526,22644,
284.25474832031153,74943,889,1527,22644,
284.2560662800655,74943,888,1528,22644,
284.25802692201006,74943,887,1529,22644,
284.2585850322519,74943,887,1528,22645,
284.2607723186913,74943,887,1527,22646,
284.2622577837888,74943,886,1528,22646,
284.26367827182054,74943,886,1527,22647,
284.263922715877,74942,887,1527,22647,
284.2645617196479,74941,888,1527,22647,
284.26502105239575,74941,887,1528,22647,
284.26622313347184,74941,886,1529,22647,
284.2667086683411,74941,885,1530,22647,
284.2678674520038,74941,884,1531,22647,
284.26788632489985,74940,885,1531,22647,
284.2679580925537,74940,884,1532,22647,
284.26899788263927,74940,883,1533,22647,
284.27037614203505,74940,882,1534,22647,
284.2738262424742,74940,882,1533,22648,
284.2742761401785,74940,882,1532,22649,
284.27455917534877,74940,881,1533,22649,
284.27628580804117,74940,881,1532,22650,
284.2789666822267,74940,880,1533,22650,
284.2793419685064,74940,880,1532,22651,
284.2826350718977,74940,879,1533,22651,
284.283618547358,74940,878,1534,22651,
284.2837833591885,74940,878,1533,22652,
284.28456434960293,74940,877,1534,22652,
284.28475369828874,74940,876,1535,22652,
284.28514112263684,74940,876,1534,22653,
284.2872710293696,74940,875,1535,22653,
284.2876949014359,74939,876,1535,22653,
284.2908184154912,74939,875,1536,22653,
284.2961007756897,74938,876,1536,22653,
284.29725133711,74938,876,1535,22654,
284.30098564046267,74938,875,1536,22654,
284.30362088186047,74938,875,1535,22655,
284.3060535770063,74938,874,1536,22655,
284.3062857118719,74937,875,1536,22655,
284.3068747696316,74936,876,1536,22655,
284.30854202072396,74936,876,1535,22656,
284.30899308968714,74936,876,1534,22657,
284.3100968979634,74936,876,1533,22658,
284.3153028546269,74935,877,1533,22658,
284.3179824057838,74934,878,1533,22658,
284.3181680175883,74934,878,1532,22659,
284.3189037965416,74933,879,1532,22659,
284.3202939822485,74933,879,1531,22660,
284.3269058420693,74933,879,1530,22661,
284.3282236319488,74932,880,1530,22661,
284.330781213681,74932,880,1529,22662,
284.3319516531958,74932,879,1530,22662,
284.3351790915856,74931,880,1530,22662,
284.33614163542427,74931,879,1531,22662,
284.3372931887428,74930,880,1531,22662,
284.33804796100094,74929,881,1531,22662,
284.3383724350774,74929,880,1532,22662,
284.34000986517526,74929,880,1531,22663,
284.34192027647117,74929,879,1532,22663,
284.34240449597667,74929,878,1533,22663,
284.35121535256286,74929,878,1532,22664,
284.35161968033486,74929,878,1531,22665,
284.3522612464672,74929,878,1530,22666,
284.3537765326944,74929,878,1529,22667,
284.3543583000212,74928,879,1529,22667,
284.3560024319506,74928,878,1530,22667,
284.3562710503625,74928,878,1529,22668,
284.35789664000754,74928,877,1530,22668,
284.3588623131963,74928,877,1529,22669,
284.35918241367517,74928,877,1528,22670,
284.3597194824604,74928,876,1529,22670,
284.3608409916038,74928,875,1530,22670,
284.36273448349823,74928,874,1531,22670,
284.3628673354265,74927,875,1531,22670,
284.3645595151568,74926,876,1531,22670,
284.3659268305659,74926,876,1530,22671,
284.3665026675657,74926,875,1531,22671,
284.3693145500953,74926,874,1532,22671,
284.3695902711533,74925,875,1532,22671,
284.3704834974804,74925,874,1533,22671,
284.37209927616846,74925,874,1532,22672,
284.3735950223198,74925,873,1533,22672,
284.3757276257473,74925,872,1534,22672,
284.37772711064105,74925,872,1533,22673,
284.37926387250843,74924,873,1533,22673,
284.38270046619385,74924,873,1532,22674,
284.3827401273655,74924,872,1533,22674,
284.38406347744746,74924,872,1532,22675,
284.38575392585494,74924,871,1533,22675,
284.38647328534034,74924,871,1532,22676,
284.3865373068792,74924,871,1531,22677,
284.38664429763855,74923,872,1531,22677,
284.38716658038453,74923,871,1532,22677,
284.38756108562774,74923,870,1533,22677,
284.38899134031675,74923,870,1532,22678,
284.38963978587003,74922,871,1532,22678,
284.3926774065923,74922,871,1531,22679,
284.3939427974838,74922,871,1530,22680,
284.3949177279089,74922,871,1529,22681,
284.3953856213508,74922,871,1528,22682,
284.39584515471483,74922,871,1527,22683,
284.3973765317268,74921,872,1527,22683,
284.4009669071929,74921,872,1526,22684,
284.40108797943986,74921,871,1527,22684,
284.40218449332247,74921,870,1528,22684,
284.4026801870323,74921,870,1527,22685,
284.4043262282583,74920,871,1527,22685,
284.4047733389249,74920,871,1526,22686,
284.4082014226024,74920,871,1525,22687,
284.4103297925219,74920,871,1524,22688,
284.4109896753277,74920,871,1523,22689,
284.4110168261723,74920,870,1524,22689,
284.4259802484467,74919,871,1524,22689,
284.4279073143538,74919,871,1523,22690,
284.4289494860403,74919,871,1522,22691,
284.42904243748967,74919,871,1521,22692,
284.43037711031747,74919,870,1522,22692,
284.4319051085556,74918,871,1522,22692,
284.4329105569333,74917,872,1522,22692,
284.43352660879737,74917,872,1521,22693,
284.4350287299424,74917,872,1520,22694,
284.4354731605665,74917,872,1519,22695,
284.43635291880065,74917,872,1518,22696,
284.4365312133551,74917,871,1519,22696,
284.43690064731385,74917,870,1520,22696,
284.44102723737507,74917,869,1521,22696,
284.4433915864926,74917,868,1522,22696,
284.4443447609583,74917,868,1521,22697,
284.4454573510595,74917,868,1520,22698,
284.4472456857686,74917,868,1519,22699,
284.4478848723532,74916,869,1519,22699,
284.44823574321674,74916,868,1520,22699,
284.4511954494483,74915,869,1520,22699,
284.4517784175108,74914,870,1520,22699,
284.4544276607537,74914,870,1519,22700,
284.45509513355285,74914,869,1520,22700,
284.4551274694288,74913,870,1520,22700,
284.4552413364387,74913,869,1521,22700,
284.45679869009115,74913,869,1520,22701,
284.46175288453355,74913,868,1521,22701,
284.46264765713374,74913,868,1520,22702,
284.4674205467783,74913,867,1521,22702,
284.4698213779794,74913,867,1520,22703,
284.472910995321,74913,866,1521,22703,
284.4747701606154,74913,866,1520,22704,
284.4810359177588,74913,865,1521,22704,
284.48582674429366,74912,866,1521,22704,
284.4864956687891,74912,865,1522,22704,
284.4902204280961,74912,865,1521,22705,
284.49032863150876,74912,865,1520,22706,
284.4920330174874,74911,866,1520,22706,
284.49330665589724,74911,866,1519,22707,
284.4951622880135,74911,866,1518,22708,
284.495327950259,74911,866,1517,22709,
284.4955092592675,74910,867,1517,22709,
284.49780450560894,74909,868,1517,22709,
284.50036055795493,74909,867,1518,22709,
284.5013289743583,74909,866,1519,22709,
284.5015081203342,74909,866,1518,22710,
284.50245909791096,74909,865,1519,22710,
284.5024965206629,74909,865,1518,22711,
284.50356592362937,74909,865,1517,22712,
284.5084720922092,74908,866,1517,22712,
284.51037564073744,74908,866,1516,22713,
284.51048957556264,74907,867,1516,22713,
284.511962107512,74906,868,1516,22713,
284.5190557604291,74906,867,1517,22713,
284.52162150666607,74906,866,1518,22713,
284.52407303812515,74906,865,1519,22713,
284.52571735315416,74906,865,1518,22714,
284.5317712225759,74906,865,1517,22715,
284.5319313357943,74905,866,1517,22715,
284.5328893316153,74904,867,1517,22715,
284.53544570883355,74904,867,1516,22716,
284.54123752081784,74904,866,1517,22716,
284.54249565191094,74904,866,1516,22717,
284.5434553230453,74904,865,1517,22717,
284.54817392688165,74903,866,1517,22717,
284.5499770864339,74903,865,1518,22717,
284.55040331579823,74903,865,1517,22718,
284.55232774774487,74903,864,1518,22718,
284.55531471115404,74903,863,1519,22718,
284.55949331372017,74903,863,1518,22719,
284.56184374410327,74903,862,1519,22719,
284.5624675596192,74902,863,1519,22719,
284.5634752933766,74902,863,1518,22720,
284.56365251020924,74901,864,1518,22720,
284.5637482299583,74901,863,1519,22720,
284.5707131036976,74901,863,1518,22721,
284.57386042224755,74901,863,1517,22722,
284.57456445816,74901,863,1516,22723,
284.57641754842473,74901,863,1515,22724,
284.57779610792477,74900,864,1515,22724,
284.57789228011507,74900,864,1514,22725,
284.5815803888239,74900,864,1513,22726,
284.58353900405126,74900,864,1512,22727,
284.5863355977044,74899,865,1512,22727,
284.58714064556085,74899,864,1513,22727,
284.58773510924135,74899,863,1514,22727,
284.58814149094167,74899,862,1515,22727,
284.59014734466,74899,862,1514,22728,
284.59358111746434,74899,862,1513,22729,
284.59376251272965,74899,861,1514,22729,
284.5999033100801,74899,860,1515,22729,
284.6038127776193,74899,860,1514,22730,
284.6082153521311,74899,859,1515,22730,
284.6093116119995,74898,860,1515,22730,
284.62045121084054,74898,860,1514,22731,
284.62045656932247,74897,861,1514,22731,
284.624584679222,74896,862,1514,22731,
284.62508078421297,74895,863,1514,22731,
284.62913337338176,74895,862,1515,22731,
284.6302627056192,74894,863,1515,22731,
284.63236972413443,74894,862,1516,22731,
284.63274153863375,74893,863,1516,22731,
284.6357331726634,74892,864,1516,22731,
284.6378201204367,74892,864,1515,22732,
284.64178332721593,74891,865,1515,22732,
284.6420091805392,74891,864,1516,22732,
284.64221624942917,74890,865,1516,22732,
284.64444658685557,74889,866,1516,22732,
284.6478491764536,74889,865,1517,22732,
284.64792264690897,74888,866,1517,22732,
284.6485480138397,74888,866,1516,22733,
284.64975646187946,74887,867,1516,22733,
284.6562196724408,74887,867,1515,22734,
284.6581087911408,74887,866,1516,22734,
284.6598633722137,74886,867,1516,22734,
284.6603209335268,74886,867,1515,22735,
284.6613013973282,74886,867,1514,22736,
284.6618634311796,74886,867,1513,22737,
284.66214274918525,74886,866,1514,22737,
284.66272847370135,74886,866,1513,22738,
284.66535815057443,74886,866,1512,22739,
284.6669367286678,74886,866,1511,22740,
284.66701844157484,74886,866,1510,22741,
284.66769846921227,74886,865,1511,22741,
284.67036911935094,74886,864,1512,22741,
284.67231879191877,74885,865,1512,22741,
284.6741667605614,74885,865,1511,22742,
284.6757498232834,74885,864,1512,22742,
284.6764213620915,74885,864,1511,22743,
284.67865642235626,74884,865,1511,22743,
284.6791040869343,74883,866,1511,22743,
284.68430106669695,74883,866,1510,22744,
284.68559587726736,74883,866,1509,22745,
284.68677834289855,74882,867,1509,22745,
284.6889908643684,74882,867,1508,22746,
284.6892496682168,74882,867,1507,22747,
284.6931712763685,74882,866,1508,22747,
284.6937160248978,74882,866,1507,22748,
284.6974268515149,74882,866,1506,22749,
284.69829426458534,74882,865,1507,22749,
284.7010262040052,74882,865,1506,22750,
284.70342602525477,74882,865,1505,22751,
284.7037045488726,74882,865,1504,22752,
284.70845298006753,74882,865,1503,22753,
284.71039094174586,74882,865,1502,22754,
284.71617188945055,74882,864,1503,22754,
284.716240047312,74882,864,1502,22755,
284.72143904325884,74881,865,1502,22755,
284.7225002040645,74880,866,1502,22755,
284.7258781177316,74880,865,1503,22755,
284.7268785951796,74880,864,1504,22755,
284.7304493460434,74880,863,1505,22755,
284.73106927324375,74880,862,1506,22755,
284.7334396847827,74879,863,1506,22755,
284.73409727706064,74879,862,1507,22755,
284.73507033222023,74878,863,1507,22755,
284.73526149114804,74878,863,1506,22756,
284.73567155451127,74878,862,1507,22756,
284.73968444158896,74878,862,1506,22757,
284.74026256853676,74878,861,1507,22757,
284.7415325870024,74877,862,1507,22757,
284.74264460518293,74877,861,1508,22757,
284.7442901198355,74877,861,1507,22758,
284.74453747012586,74877,861,1506,22759,
284.7447450311678,74877,860,1507,22759,
284.7471679955706,74876,861,1507,22759,
284.7482026500433,74876,860,1508,22759,
284.7489519591111,74876,859,1509,22759,
284.7514216922285,74876,858,1510,22759,
284.7545763282682,74875,859,1510,22759,
284.7567168579844,74875,859,1509,22760,
284.7572812488607,74875,859,1508,22761,
284.76501991337864,74874,860,1508,22761,
284.77030591560646,74874,859,1509,22761,
284.7705944745834,74874,859,1508,22762,
284.77107890710937,74873,860,1508,22762,
284.7719910042992,74872,861,1508,22762,
284.7748756544176,74872,860,1509,22762,
284.7774933734305,74872,859,1510,22762,
284.7843388231071,74872,859,1509,22763,
284.7892457970645,74872,859,1508,22764,
284.78962826954853,74871,860,1508,22764,
284.7966105006715,74871,859,1509,22764,
284.80004787234327,74871,858,1510,22764,
284.800362009429,74870,859,1510,22764,
284.80180962323954,74869,860,1510,22764,
284.8023006512601,74869,859,1511,22764,
284.80326572959564,74868,860,1511,22764,
284.8050063189777,74867,861,1511,22764,
284.80773076298135,74866,862,1511,22764,
284.80856091148735,74866,861,1512,22764,
284.8085879716638,74866,861,1511,22765,
284.8086799300844,74866,860,1512,22765,
284.8090468905061,74866,860,1511,22766,
284.8091720340756,74866,859,1512,22766,
284.8122895125077,74866,859,1511,22767,
284.81405879235444,74865,860,1511,22767,
284.8146908565292,74865,859,1512,22767,
284.81729248172246,74865,859,1511,22768,
284.81791464266655,74865,859,1510,22769,
284.82113892227784,74865,859,1509,22770,
284.8218179105061,74864,860,1509,22770,
284.82281089786954,74863,861,1509,22770,
284.8245579325151,74863,861,1508,22771,
284.825333237024,74862,862,1508,22771,
284.82541599376907,74862,861,1509,22771,
284.8265348566883,74861,862,1509,22771,
284.82969669135053,74861,862,1508,22772,
284.8311660618097,74861,861,1509,22772,
284.83140057651696,74861,860,1510,22772,
284.8436398595525,74861,860,1509,22773,
284.84402531300896,74861,859,1510,22773,
284.84422764799206,74861,859,1509,22774,
284.8458100306794,74861,859,1508,22775,
284.8465575998503,74860,860,1508,22775,
284.84744018320936,74860,860,1507,22776,
284.8480336782982,74860,860,1506,22777,
284.84929177768015,74859,861,1506,22777,
284.8521841252059,74859,861,1505,22778,
284.8569032089942,74859,860,1506,22778,
284.85807630829663,74859,859,1507,22778,
284.8586843115813,74858,860,1507,22778,
284.8613324445279,74858,860,1506,22779,
284.8624623774751,74857,861,1506,22779,
284.8648449241931,74857,861,1505,22780,
284.8661125851116,74856,862,1505,22780,
284.8664970414005,74855,863,1505,22780,
284.8745172782489,74854,864,1505,22780,
284.87460357777775,74854,863,1506,22780,
284.88279368901465,74854,863,1505,22781,
284.8850714053408,74853,864,1505,22781,
284.88708011410097,74853,864,1504,22782,
284.89098353316416,74852,865,1504,22782,
284.8919113191756,74852,865,1503,22783,
284.89378414356366,74852,865,1502,22784,
284.89507471645715,74852,864,1503,22784,
284.89932088474416,74851,865,1503,22784,
284.9017011532647,74850,866,1503,22784,
284.90713296701165,74850,866,1502,22785,
284.90757391064636,74850,866,1501,22786,
284.91004265839786,74850,865,1502,22786,
284.914382419649,74850,864,1503,22786,
284.9147597370319,74850,864,1502,22787,
284.91573455822095,74850,863,1503,22787,
284.9166682509268,74849,864,1503,22787,
284.917441033413,74849,863,1504,22787,
284.9192759297562,74849,862,1505,22787,
284.9208622553337,74848,863,1505,22787,
284.92195742343074,74848,863,1504,22788,
284.925513304803,74848,862,1505,22788,
284.92801294419274,74847,863,1505,22788,
284.93226028740895,74846,864,1505,22788,
284.93241372965656,74846,864,1504,22789,
284.93271198547376,74846,863,1505,22789,
284.9334039904243,74845,864,1505,22789,
284.94107982398293,74845,863,1506,22789,
284.94141993794614,74845,862,1507,22789,
284.9419104278833,74845,861,1508,22789,
284.94434496783686,74844,862,1508,22789,
284.9448811391842,74844,861,1509,22789,
284.9458079607786,74844,860,1510,22789,
284.94654417041534,74844,859,1511,22789,
284.94762418756466,74843,860,1511,22789,
284.9498833305647,74843,860,1510,22790,
284.95102116357526,74842,861,1510,22790,
284.95116709551246,74842,860,1511,22790,
284.9526352815006,74842,860,1510,22791,
284.95389899187705,74842,860,1509,22792,
284.9568672605723,74842,860,1508,22793,
284.9573369612376,74842,860,1507,22794,
284.95750898272115,74841,861,1507,22794,
284.96110211309883,74840,862,1507,22794,
284.96165772331034,74840,862,1506,22795,
284.9634556255464,74839,863,1506,22795,
284.9657144118099,74839,863,1505,22796,
284.9700010060313,74839,862,1506,22796,
284.9743781453901,74839,861,1507,22796,
284.97506847443,74839,860,1508,22796,
284.9767791649678,74838,861,1508,22796,
284.9954916267531,74838,861,1507,22797,
284.99963131931736,74838,860,1508,22797,
285.0094145609798,74838,860,1507,22798,
285.00947809877323,74837,861,1507,22798,
285.01738529799087,74836,862,1507,22798,
285.0186105012816,74835,863,1507,22798,
285.0195219541529,74835,862,1508,22798,
285.021900094233,74834,863,1508,22798,
285.02256644357544,74833,864,1508,22798,
285.0235470900559,74833,863,1509,22798,
285.02364793453467,74833,863,1508,22799,
285.0282334202144,74832,864,1508,22799,
285.02868601127625,74832,864,1507,22800,
285.02907652607576,74831,865,1507,22800,
285.02915675828535,74831,864,1508,22800,
285.0299830267965,74831,864,1507,22801,
285.0307773719913,74831,864,1506,22802,
285.0374593389949,74831,864,1505,22803,
285.04097820765287,74831,863,1506,22803,
285.04169854374055,74831,863,1505,22804,
285.04252707503395,74831,863,1504,22805,
285.0468370456122,74830,864,1504,22805,
285.05010856600614,74829,865,1504,22805,
285.05243079772373,74829,864,1505,22805,
285.0534404998646,74829,864,1504,22806,
285.05411161235696,74829,863,1505,22806,
285.05621158796043,74829,863,1504,22807,
285.0594176444731,74829,863,1503,22808,
285.0614299606878,74828,864,1503,22808,
285.0670966831257,74827,865,1503,22808,
285.07032322555347,74827,864,1504,22808,
285.0765719628703,74826,865,1504,22808,
285.0772617005291,74826,864,1505,22808,
285.0779242860101,74826,864,1504,22809,
285.0847775614192,74826,863,1505,22809,
285.0875345836773,74826,863,1504,22810,
285.08825090744165,74826,863,1503,22811,
285.09142882414085,74826,862,1504,22811,
285.09339077977825,74825,863,1504,22811,
285.0967125666525,74825,862,1505,22811,
285.0969390216854,74824,863,1505,22811,
285.0995554919245,74824,863,1504,22812,
285.0998258981111,74823,864,1504,22812,
285.1074161336157,74822,865,1504,22812,
285.10832953991934,74821,866,1504,22812,
285.1123762780878,74821,866,1503,22813,
285.1126082308853,74821,866,1502,22814,
285.11262251442224,74820,867,1502,22814,
285.11313685063766,74819,868,1502,22814,
285.1140385428234,74819,868,1501,22815,
285.11701673792135,74819,868,1500,22816,
285.11802080493305,74819,868,1499,22817,
285.1186331062796,74818,869,1499,22817,
285.12082717307027,74818,868,1500,22817,
285.1216041097382,74818,868,1499,22818,
285.1219505590705,74817,869,1499,22818,
285.12708278921536,74817,868,1500,22818,
285.128695638378,74817,867,1501,22818,
285.12967459033905,74816,868,1501,22818,
285.1328081319582,74816,868,1500,22819,
285.1353732230531,74816,867,1501,22819,
285.14188447496355,74816,866,1502,22819,
285.14672421242074,74815,867,1502,22819,
285.1484046058811,74815,867,1501,22820,
285.1511207363209,74815,867,1500,22821,
285.15242399624276,74815,867,1499,22822,
285.15544071418736,74815,866,1500,22822,
285.15612793544096,74815,866,1499,22823,
285.16006848708446,74814,867,1499,22823,
285.1608405866289,74814,866,1500,22823,
285.1644442393702,74814,865,1501,22823,
285.1657173885095,74814,864,1502,22823,
285.1685462918378,74814,863,1503,22823,
285.1689192320194,74814,863,1502,22824,
285.1696439379953,74814,863,1501,22825,
285.18261976898214,74814,863,1500,22826,
285.1838152886237,74813,864,1500,22826,
285.18492475242965,74813,863,1501,22826,
285.1871136054886,74813,863,1500,22827,
285.1875338433889,74812,864,1500,22827,
285.1883070203219,74812,864,1499,22828,
285.18998630602596,74812,863,1500,22828,
285.1907895548291,74812,862,1501,22828,
285.1914155740527,74811,863,1501,22828,
285.1982760059816,74810,864,1501,22828,
285.1985341629074,74810,863,1502,22828,
285.1991518719592,74809,864,1502,22828,
285.20022035230124,74808,865,1502,22828,
285.2067973337823,74807,866,1502,22828,
285.2077751581445,74807,865,1503,22828,
285.20784042050565,74807,864,1504,22828,
285.2119348755225,74807,863,1505,22828,
285.21279426636664,74807,862,1506,22828,
285.21621356163035,74807,861,1507,22828,
285.2165137496343,74807,861,1506,22829,
285.222247317714,74807,860,1507,22829,
285.22264830179193,74807,860,1506,22830,
285.2239580347829,74806,861,1506,22830,
285.2263206515661,74806,861,1505,22831,
285.226636389543,74806,860,1506,22831,
285.2267068521723,74806,859,1507,22831,
285.22826946944537,74806,859,1506,22832,
285.2326521772803,74805,860,1506,22832,
285.237182031114,74804,861,1506,22832,
285.2391224653529,74804,860,1507,22832,
285.2398055017835,74803,861,1507,22832,
285.2412273086605,74803,861,1506,22833,
285.24135536275213,74803,861,1505,22834,
285.241919187564,74802,862,1505,22834,
285.24433019410924,74801,863,1505,22834,
285.2465676147113,74800,864,1505,22834,
285.2488322785914,74800,864,1504,22835,
285.2492642739938,74799,865,1504,22835,
285.2495289461282,74798,866,1504,22835,
285.253832212986,74798,866,1503,22836,
285.25434633454785,74798,865,1504,22836,
285.268263459104,74798,864,1505,22836,
285.26880115435966,74798,864,1504,22837,
285.2708442860952,74797,865,1504,22837,
285.2725960953211,74797,864,1505,22837,
285.2747071854866,74796,865,1505,22837,
285.27511748673976,74795,866,1505,22837,
285.27584422748794,74795,865,1506,22837,
285.27643756465204,74794,866,1506,22837,
285.27830838212606,74793,867,1506,22837,
285.2821067055745,74792,868,1506,22837,
285.28213497883365,74791,869,1506,22837,
285.286222001329,74790,870,1506,22837,
285.28861509652074,74790,870,1505,22838,
285.2888057573594,74790,869,1506,22838,
285.2903932382942,74790,869,1505,22839,
285.29169681058966,74790,868,1506,22839,
285.29248125509366,74790,868,1505,22840,
285.29479613969863,74790,867,1506,22840,
285.2951108019581,74789,868,1506,22840,
285.2962774333415,74789,868,1505,22841,
285.2964713396051,74788,869,1505,22841,
285.29737072539933,74788,868,1506,22841,
285.30014160565133,74788,868,1505,22842,
285.3005874029428,74787,869,1505,22842,
285.30090654950925,74787,868,1506,22842,
285.3013223821521,74787,867,1507,22842,
285.30517084543953,74786,868,1507,22842,
285.307005091718,74786,868,1506,22843,
285.3075454031424,74786,868,1505,22844,
285.3081370945817,74785,869,1505,22844,
285.30918251660756,74785,869,1504,22845,
285.3104050083428,74785,868,1505,22845,
285.31476000548196,74784,869,1505,22845,
285.31506569958333,74784,868,1506,22845,
285.3153292982242,74784,868,1505,22846,
285.31741811096214,74784,868,1504,22847,
285.31814576632047,74783,869,1504,22847,
285.3256921462089,74783,868,1505,22847,
285.3350405121325,74783,868,1504,22848,
285.3357632860911,74783,868,1503,22849,
285.3380599936561,74783,868,1502,22850,
285.3385357524348,74783,867,1503,22850,
285.3387088574203,74783,866,1504,22850,
285.3424421942178,74783,865,1505,22850,
285.34263373888734,74782,866,1505,22850,
285.34323405091226,74781,867,1505,22850,
285.34341934465897,74781,866,1506,22850,
285.34377604597705,74781,866,1505,22851,
285.34748537309486,74781,866,1504,22852,
285.3499732991837,74781,866,1503,22853,
285.35117060705267,74781,866,1502,22854,
285.35418733578945,74780,867,1502,22854,
285.3561590193058,74779,868,1502,22854,
285.3576356981366,74778,869,1502,22854,
285.3576399371134,74777,870,1502,22854,
285.36086747998354,74777,870,1501,22855,
285.3622905237805,74776,871,1501,22855,
285.3630942200194,74775,872,1501,22855,
285.3663730622159,74774,873,1501,22855,
285.36765992491064,74774,873,1500,22856,
285.3692076646738,74774,872,1501,22856,
285.3729104412994,74774,871,1502,22856,
285.3752756664634,74774,871,1501,22857,
285.38214874365985,74773,872,1501,22857,
285.38230252999324,74772,873,1501,22857,
285.3837986155917,74772,872,1502,22857,
285.3858539065887,74771,873,1502,22857,
285.38968157359403,74771,872,1503,22857,
285.38971994583704,74770,873,1503,22857,
285.39007798415736,74770,873,1502,22858,
285.3913031774459,74770,873,1501,22859,
285.39228549562426,74770,872,1502,22859,
285.393085985248,74770,871,1503,22859,
285.3931884456296,74770,870,1504,22859,
285.40154849913677,74770,869,1505,22859,
285.4063869059357,74770,869,1504,22860,
285.4078681901509,74770,868,1505,22860,
285.41060666427535,74769,869,1505,22860,
285.4181456114201,74769,868,1506,22860,
285.4234306826221,74769,867,1507,22860,
285.4248610743447,74769,867,1506,22861,
285.4256519250828,74769,867,1505,22862,
285.42581717216603,74769,867,1504,22863,
285.4296776570592,74769,867,1503,22864,
285.4306425777867,74769,866,1504,22864,
285.4312971051454,74769,866,1503,22865,
285.43171219805174,74768,867,1503,22865,
285.43281788006027,74768,866,1504,22865,
285.4337443595166,74768,865,1505,22865,
285.4408102177292,74768,865,1504,22866,
285.4451146876772,74768,864,1505,22866,
285.4461753105537,74768,864,1504,22867,
285.44647402600447,74768,864,1503,22868,
285.4486001394605,74767,865,1503,22868,
285.4486997020038,74766,866,1503,22868,
285.45070190511433,74765,867,1503,22868,
285.4527824836549,74765,867,1502,22869,
285.45547230873575,74764,868,1502,22869,
285.4581452878925,74764,867,1503,22869,
285.45994816194275,74763,868,1503,22869,
285.4634269233029,74763,868,1502,22870,
285.46795742576097,74762,869,1502,22870,
285.47055191516995,74762,869,1501,22871,
285.4730539763173,74762,869,1500,22872,
285.4744851351917,74762,868,1501,22872,
285.4758003128776,74762,867,1502,22872,
285.47652468896547,74762,866,1503,22872,
285.47747057150207,74762,866,1502,22873,
285.47893759464506,74761,867,1502,22873,
285.4835095497117,74760,868,1502,22873,
285.4910799734514,74760,867,1503,22873,
285.49288045986697,74760,866,1504,22873,
285.4937684004427,74760,866,1503,22874,
285.5010398386064,74760,865,1504,22874,
285.5028353764633,74759,866,1504,22874,
285.502995262909,74759,866,1503,22875,
285.5055461884905,74758,867,1503,22875,
285.5059430061462,74758,867,1502,22876,
285.5066804911336,74758,866,1503,22876,
285.5129777063564,74758,865,1504,22876,
285.514013948509,74757,866,1504,22876,
285.51517935888484,74757,865,1505,22876,
285.51527726135294,74756,866,1505,22876,
285.5153884032271,74755,867,1505,22876,
285.5162920851906,74754,868,1505,22876,
285.5164512577177,74754,868,1504,22877,
285.516679253289,74753,869,1504,22877,
285.51687074639125,74753,869,1503,22878,
285.51748014183374,74753,869,1502,22879,
285.5175983479233,74753,869,1501,22880,
285.52121190377477,74752,870,1501,22880,
285.52407533195776,74752,870,1500,22881,
285.52428987327556,74751,871,1500,22881,
285.52588425120183,74751,870,1501,22881,
285.5273418375347,74751,869,1502,22881,
285.52758101515604,74751,868,1503,22881,
285.53130738016705,74750,869,1503,22881,
285.5319585451448,74750,869,1502,22882,
285.5341616863114,74750,869,1501,22883,
285.53492103888243,74750,868,1502,22883,
285.5358374496353,74749,869,1502,22883,
285.54093469160347,74749,869,1501,22884,
285.5455741258944,74749,868,1502,22884,
285.55143969225304,74748,869,1502,22884,
285.5530218069392,74748,869,1501,22885,
285.5535679447594,74748,869,1500,22886,
285.5545002433475,74748,869,1499,22887,
285.55554842250456,74747,870,1499,22887,
285.5556971797483,74746,871,1499,22887,
285.55696742866905,74745,872,1499,22887,
285.55880292766375,74744,873,1499,22887,
285.55887027281756,74744,872,1500,22887,
285.56116942968174,74743,873,1500,22887,
285.5667732045498,74743,872,1501,22887,
285.57016605568873,74743,872,1500,22888,
285.5703099619881,74743,871,1501,22888,
285.5714423112422,74743,871,1500,22889,
285.5738962951769,74742,872,1500,22889,
285.5741733984329,74741,873,1500,22889,
285.5742067956822,74741,872,1501,22889,
285.57551009718446,74741,872,1500,22890,
285.57656889300836,74741,872,1499,22891,
285.57714246388963,74741,872,1498,22892,
285.57794058648665,74741,871,1499,22892,
285.57802909329945,74741,871,1498,22893,
285.5780973010639,74740,872,1498,22893,
285.57900184452217,74740,872,1497,22894,
285.5797604356787,74740,872,1496,22895,
285.5806582380626,74740,871,1497,22895,
285.5825127483414,74740,870,1498,22895,
285.584088459168,74740,870,1497,22896,
285.5841142135335,74740,870,1496,22897,
285.5851740978577,74739,871,1496,22897,
285.5887293445162,74739,871,1495,22898,
285.5889507407633,74738,872,1495,22898,
285.59276923307635,74738,871,1496,22898,
285.59748274045467,74737,872,1496,22898,
285.5982714543141,74736,873,1496,22898,
285.5994348296442,74736,872,1497,22898,
285.6021762454866,74736,871,1498,22898,
285.6046353278568,74735,872,1498,22898,
285.6093612277626,74735,871,1499,22898,
285.60949731394413,74734,872,1499,22898,
285.61011145793464,74734,872,1498,22899,
285.6121468322971,74734,872,1497,22900,
285.61429632122525,74734,872,1496,22901,
285.6161499985845,74733,873,1496,22901,
285.61828573297987,74733,873,1495,22902,
285.6195037349794,74733,873,1494,22903,
285.62688252488647,74733,872,1495,22903,
285.6274845077241,74732,873,1495,22903,
285.63982086686195,74731,874,1495,22903,
285.6438808723664,74730,875,1495,22903,
285.647492910997,74730,875,1494,22904,
285.64968075917983,74730,874,1495,22904,
285.65152275517755,74730,873,1496,22904,
285.65170184059076,74730,873,1495,22905,
285.652579691516,74730,872,1496,22905,
285.65402376497593,74730,872,1495,22906,
285.65546469705544,74730,871,1496,22906,
285.655716110541,74729,872,1496,22906,
285.65871448682816,74729,872,1495,22907,
285.66014924859365,74729,871,1496,22907,
285.664635756286,74729,871,1495,22908,
285.6690557954622,74728,872,1495,22908,
285.6742892594113,74728,872,1494,22909,
285.6754580934745,74728,872,1493,22910,
285.6776184217871,74727,873,1493,22910,
285.6813245638763,74727,873,1492,22911,
285.68310689526675,74726,874,1492,22911,
285.6843793261035,74725,875,1492,22911,
285.68472308988856,74725,874,1493,22911,
285.6848277981289,74724,875,1493,22911,
285.68823247139653,74724,874,1494,22911,
285.6907839897519,74724,874,1493,22912,
285.69980393816473,74724,874,1492,22913,
285.6999362104971,74724,873,1493,22913,
285.70750462557896,74724,873,1492,22914,
285.7089585121882,74724,873,1491,22915,
285.70896851535537,74724,873,1490,22916,
285.7100301393899,74724,873,1489,22917,
285.7104099172196,74724,872,1490,22917,
285.7109331829032,74724,871,1491,22917,
285.71404490345583,74724,871,1490,22918,
285.7150529721165,74723,872,1490,22918,
285.7170846601903,74723,871,1491,22918,
285.7213849348667,74723,870,1492,22918,
285.7226334060914,74723,870,1491,22919,
285.72810797249406,74723,869,1492,22919,
285.7325578065604,74723,868,1493,22919,
285.7354144508717,74723,867,1494,22919,
285.7366426837997,74723,866,1495,22919,
285.7388535381556,74722,867,1495,22919,
285.73922472785506,74721,868,1495,22919,
285.74151994000084,74720,869,1495,22919,
285.7422838097198,74719,870,1495,22919,
285.7449993303519,74719,870,1494,22920,
285.74515296173917,74719,870,1493,22921,
285.7463114608972,74719,870,1492,22922,
285.74648299488433,74719,870,1491,22923,
285.7547468938959,74718,871,1491,22923,
285.7557740828363,74718,871,1490,22924,
285.7566137622429,74717,872,1490,22924,
285.7584401956341,74716,873,1490,22924,
285.76069791616874,74716,872,1491,22924,
285.76384804092993,74716,872,1490,22925,
285.7646433481949,74716,871,1491,22925,
285.764835009243,74716,870,1492,22925,
285.7654377128842,74716,870,1491,22926,
285.76649054069435,74716,870,1490,22927,
285.76689995964585,74716,870,1489,22928,
285.76721607922997,74716,870,1488,22929,
285.76802014638355,74716,870,1487,22930,
285.7727328866507,74715,871,1487,22930,
285.7754219026654,74715,870,1488,22930,
285.7790890907951,74714,871,1488,22930,
285.78281810753884,74714,871,1487,22931,
285.78689865008533,74713,872,1487,22931,
285.7889835753731,74713,871,1488,22931,
285.7920227710496,74712,872,1488,22931,
285.79414307718514,74712,871,1489,22931,
285.7950612208747,74711,872,1489,22931,
285.795472007129,74711,871,1490,22931,
285.7956326316864,74711,870,1491,22931,
285.7966072368947,74711,870,1490,22932,
285.79752816994994,74711,869,1491,22932,
285.798738825012,74711,868,1492,22932,
285.79948353567676,74711,867,1493,22932,
285.7996907281865,74711,867,1492,22933,
285.80035318408653,74711,866,1493,22933,
285.80063032626066,74711,866,1492,22934,
285.8023216917421,74711,865,1493,22934,
285.8029414602937,74711,865,1492,22935,
285.80808202969706,74711,865,1491,22936,
285.8101369192191,74711,864,1492,22936,
285.81072902750225,74711,863,1493,22936,
285.8169183836547,74711,863,1492,22937,
285.8169234854722,74711,862,1493,22937,
285.82042093946234,74710,863,1493,22937,
285.8222303260857,74710,862,1494,22937,
285.8255596436335,74709,863,1494,22937,
285.825854065608,74709,863,1493,22938,
285.8291847462433,74709,862,1494,22938,
285.83061693089786,74708,863,1494,22938,
285.83578821900625,74708,862,1495,22938,
285.8381564202802,74708,862,1494,22939,
285.8395168607984,74707,863,1494,22939,
285.8401785443969,74706,864,1494,22939,
285.8422792707713,74705,865,1494,22939,
285.84298713063214,74705,864,1495,22939,
285.84440867669394,74705,863,1496,22939,
285.8449161707969,74705,862,1497,22939,
285.84510120911466,74705,862,1496,22940,
285.8473734763512,74705,862,1495,22941,
285.84958766196644,74704,863,1495,22941,
285.8497813322527,74703,864,1495,22941,
285.84992866253555,74702,865,1495,22941,
285.8511692201262,74701,866,1495,22941,
285.8512449958966,74701,866,1494,22942,
285.85170996931333,74701,866,1493,22943,
285.8538012675101,74701,865,1494,22943,
285.8542056269514,74700,866,1494,22943,
285.85733507589924,74699,867,1494,22943,
285.85842491152437,74699,866,1495,22943,
285.85871775322755,74699,866,1494,22944,
285.85909687599553,74699,865,1495,22944,
285.85919093883257,74698,866,1495,22944,
285.8604558289921,74698,866,1494,22945,
285.8685167166998,74698,865,1495,22945,
285.86868020193623,74697,866,1495,22945,
285.87010015415785,74697,865,1496,22945,
285.8701440822896,74696,866,1496,22945,
285.8714531678668,74696,865,1497,22945,
285.8722432567261,74696,865,1496,22946,
285.87633508635906,74695,866,1496,22946,
285.88029110918546,74695,866,1495,22947,
285.88251258400277,74695,865,1496,22947,
285.8873536067919,74695,865,1495,22948,
285.89126354375406,74695,864,1496,22948,
285.8914643572383,74695,864,1495,22949,
285.89171227938937,74695,864,1494,22950,
285.89223489578495,74695,864,1493,22951,
285.8969191364421,74695,864,1492,22952,
285.90024756880445,74695,863,1493,22952,
285.9016564005133,74694,864,1493,22952,
285.9031868245621,74693,865,1493,22952,
285.9036047343947,74693,865,1492,22953,
285.9039613162021,74693,864,1493,22953,
285.91125733095635,74692,865,1493,22953,
285.9115391110866,74691,866,1493,22953,
285.9174092102722,74690,867,1493,22953,
285.9176296347674,74690,867,1492,22954,
285.91812105113485,74690,866,1493,22954,
285.92048216945085,74690,865,1494,22954,
285.92069304475615,74690,865,1493,22955,
285.92555975991326,74690,864,1494,22955,
285.9272149343119,74690,863,1495,22955,
285.92767858415635,74689,864,1495,22955,
285.9305200374299,74688,865,1495,22955,
285.930675862291,74688,865,1494,22956,
285.93537306387475,74687,866,1494,22956,
285.93673654528016,74687,865,1495,22956,
285.9368554414838,74687,864,1496,22956,
285.94496232164545,74687,863,1497,22956,
285.94529005515693,74687,863,1496,22957,
285.9471232848777,74686,864,1496,22957,
285.9537203149763,74686,863,1497,22957,
285.953953860487,74686,863,1496,22958,
285.9565536490372,74686,862,1497,22958,
285.95731720776854,74686,861,1498,22958,
285.9588334325203,74685,862,1498,22958,
285.9639351398018,74684,863,1498,22958,
285.96625336988285,74684,862,1499,22958,
285.9679430642009,74684,862,1498,22959,
285.9703198220727,74684,862,1497,22960,
285.9705324345486,74683,863,1497,22960,
285.97137325202914,74683,863,1496,22961,
285.9742732979858,74683,863,1495,22962,
285.97437730100256,74682,864,1495,22962,
285.97761354356743,74681,865,1495,22962,
285.97824106726677,74681,864,1496,22962,
285.9840090636439,74681,864,1495,22963,
285.98996228867884,74681,864,1494,22964,
285.99359674770096,74681,864,1493,22965,
285.99711323623,74680,865,1493,22965,
285.99934272336736,74679,866,1493,22965,
286.00117832446904,74679,866,1492,22966,
286.0029160817722,74679,865,1493,22966,
286.0061269891412,74679,864,1494,22966,
286.00957418108993,74678,865,1494,22966,
286.0095981608548,74678,865,1493,22967,
286.0134636556983,74678,865,1492,22968,
286.0136382018234,74678,864,1493,22968,
286.0164901157404,74677,865,1493,22968,
286.01780938547955,74677,865,1492,22969,
286.0183664604341,74677,864,1493,22969,
286.01920036199704,74677,863,1494,22969,
286.02192069105564,74677,863,1493,22970,
286.02301185004075,74677,862,1494,22970,
286.02371104270566,74676,863,1494,22970,
286.0252079296515,74676,862,1495,22970,
286.02809583940905,74675,863,1495,22970,
286.03226043268296,74675,863,1494,22971,
286.03414104153455,74674,864,1494,22971,
286.0342948185303,74673,865,1494,22971,
286.03503585374426,74672,866,1494,22971,
286.0410610641922,74671,867,1494,22971,
286.0417777592932,74671,867,1493,22972,
286.0430213028679,74671,866,1494,22972,
286.0431582125335,74671,866,1493,22973,
286.04323887150395,74671,865,1494,22973,
286.04379728787546,74671,865,1493,22974,
286.04971732985285,74671,865,1492,22975,
286.0501177594566,74671,864,1493,22975,
286.05400404178306,74671,863,1494,22975,
286.060134150126,74671,862,1495,22975,
286.0601453598513,74670,863,1495,22975,
286.0630725329889,74670,862,1496,22975,
286.0642918352792,74670,861,1497,22975,
286.06838738800536,74670,860,1498,22975,
286.069675030681,74669,861,1498,22975,
286.07010402374675,74669,861,1497,22976,
286.0751459291788,74669,861,1496,22977,
286.0763017522688,74669,860,1497,22977,
286.07797672035,74669,859,1498,22977,
286.0783073661985,74669,858,1499,22977,
286.0829532752965,74669,857,1500,22977,
286.08353809360506,74668,858,1500,22977,
286.0856584757863,74668,857,1501,22977,
286.08587854631116,74667,858,1501,22977,
286.0889858500256,74667,858,1500,22978,
286.0903808477163,74667,858,1499,22979,
286.0933563503343,74667,857,1500,22979,
286.09686924243414,74667,856,1501,22979,
286.0984661059965,74666,857,1501,22979,
286.0988553189394,74666,857,1500,22980,
286.10025648164077,74665,858,1500,22980,
286.1008643751328,74665,857,1501,22980,
286.1021625888378,74665,856,1502,22980,
286.10297750000086,74665,856,1501,22981,
286.10380171386583,74664,857,1501,22981,
286.10496281053094,74664,856,1502,22981,
286.1061329104749,74664,856,1501,22982,
286.1129619265754,74664,855,1502,22982,
286.11574056402173,74664,855,1501,22983,
286.1169686938213,74664,854,1502,22983,
286.1178557494755,74664,854,1501,22984,
286.11924535601423,74663,855,1501,22984,
286.1194222808847,74662,856,1501,22984,
286.12031200375134,74662,855,1502,22984,
286.12354959946833,74662,854,1503,22984,
286.1252434200785,74662,853,1504,22984,
286.12526768988164,74662,852,1505,22984,
286.1279461721496,74661,853,1505,22984,
286.1286250073716,74661,852,1506,22984,
286.1339200636104,74661,851,1507,22984,
286.13469059221427,74661,850,1508,22984,
286.13859963006496,74661,849,1509,22984,
286.1409932487783,74661,848,1510,22984,
286.1423732612186,74661,847,1511,22984,
286.143225762057,74660,848,1511,22984,
286.1436260188799,74660,847,1512,22984,
286.1442575029062,74659,848,1512,22984,
286.1456268317801,74658,849,1512,22984,
286.1532432565627,74658,849,1511,22985,
286.15662427626023,74657,850,1511,22985,
286.16150189821394,74656,851,1511,22985,
286.1678488030957,74655,852,1511,22985,
286.1679718963995,74655,851,1512,22985,
286.1680135292343,74654,852,1512,22985,
286.17111855061023,74654,851,1513,22985,
286.1729411647468,74654,850,1514,22985,
286.17656945263735,74653,851,1514,22985,
286.178050436836,74653,850,1515,22985,
286.1782038384061,74653,850,1514,22986,
286.1828863071949,74652,851,1514,22986,
286.184173340605,74651,852,1514,22986,
286.18752967699885,74651,851,1515,22986,
286.19137179064745,74651,851,1514,22987,
286.1913878601045,74651,851,1513,22988,
286.19329211451867,74651,851,1512,22989,
286.196628690662,74650,852,1512,22989,
286.19848595692594,74649,853,1512,22989,
286.19942722659727,74649,852,1513,22989,
286.1999384179105,74649,852,1512,22990,
286.20268205908116,74648,853,1512,22990,
286.20350744296235,74648,853,1511,22991,
286.2038990988482,74648,852,1512,22991,
286.2062365245432,74648,851,1513,22991,
286.20640827051903,74647,852,1513,22991,
286.2067872389834,74646,853,1513,22991,
286.21056818696155,74646,852,1514,22991,
286.21385500709704,74645,853,1514,22991,
286.21654367312874,74645,853,1513,22992,
286.2175081816455,74645,853,1512,22993,
286.2179530130535,74645,853,1511,22994,
286.21858632642824,74645,853,1510,22995,
286.2200918529408,74645,852,1511,22995,
286.23034867295934,74645,852,1510,22996,
286.2330732818387,74645,852,1509,22997,
286.23339435065924,74645,851,1510,22997,
286.234061955074,74644,852,1510,22997,
286.2342080798652,74643,853,1510,22997,
286.23488301616936,74643,853,1509,22998,
286.23564270235363,74643,852,1510,22998,
286.2358408247864,74643,852,1509,22999,
286.24077708124935,74643,851,1510,22999,
286.24097526642106,74643,851,1509,23000,
286.24340859536795,74642,852,1509,23000,
286.24890172352093,74642,852,1508,23001,
286.25080867298516,74641,853,1508,23001,
286.2510912718517,74641,852,1509,23001,
286.257741696882,74641,851,1510,23001,
286.25854164576805,74641,851,1509,23002,
286.2609044607956,74641,850,1510,23002,
286.2613683912177,74640,851,1510,23002,
286.2616159250585,74640,851,1509,23003,
286.26464814041105,74640,850,1510,23003,
286.2658412987291,74639,851,1510,23003,
286.2691308847418,74638,852,1510,23003,
286.2702081623506,74638,852,1509,23004,
286.2707885913061,74638,852,1508,23005,
286.2716879167396,74638,851,1509,23005,
286.27442835015887,74638,851,1508,23006,
286.2752988494662,74638,850,1509,23006,
286.27568897167447,74638,850,1508,23007,
286.276951909489,74637,851,1508,23007,
286.27861634750394,74637,850,1509,23007,
286.2796263405867,74636,851,1509,23007,
286.279867930394,74635,852,1509,23007,
286.2816281423522,74635,852,1508,23008,
286.282611753884,74635,851,1509,23008,
286.2833149263604,74635,850,1510,23008,
286.2868490183771,74635,849,1511,23008,
286.2910548729238,74635,848,1512,23008,
286.2914658015468,74635,848,1511,23009,
286.29377254491976,74634,849,1511,23009,
286.2943403465439,74634,848,1512,23009,
286.2951114942284,74634,847,1513,23009,
286.2953199797062,74634,847,1512,23010,
286.29817497988563,74634,846,1513,23010,
286.29896341076005,74634,846,1512,23011,
286.29965347799254,74634,845,1513,23011,
286.30067763401,74634,845,1512,23012,
286.30413942048455,74634,845,1511,23013,
286.30655151363294,74634,844,1512,23013,
286.31124747665643,74634,844,1511,23014,
286.3113652339211,74634,844,1510,23015,
286.3120325341209,74633,845,1510,23015,
286.31510285976293,74633,845,1509,23016,
286.3151693085796,74633,844,1510,23016,
286.3165274905734,74633,843,1511,23016,
286.31849399396555,74632,844,1511,23016,
286.3199248425202,74632,843,1512,23016,
286.3232242942451,74632,843,1511,23017,
286.32326078063494,74631,844,1511,23017,
286.3256577082026,74631,844,1510,23018,
286.32634918805127,74631,843,1511,23018,
286.3263878203985,74630,844,1511,23018,
286.3290502427074,74629,845,1511,23018,
286.3307051705136,74629,845,1510,23019,
286.3364268749018,74629,844,1511,23019,
286.3371210616885,74629,843,1512,23019,
286.337551337886,74629,842,1513,23019,
286.3376187661104,74629,842,1512,23020,
286.33905539258325,74628,843,1512,23020,
286.3464574926673,74628,843,1511,23021,
286.3464737395946,74627,844,1511,23021,
286.34694333438273,74626,845,1511,23021,
286.3474682612202,74626,844,1512,23021,
286.35056995011297,74626,844,1511,23022,
286.3506957680919,74625,845,1511,23022,
286.35288950288754,74625,844,1512,23022,
286.3529339594887,74625,843,1513,23022,
286.35646562660327,74624,844,1513,23022,
286.35678218643704,74623,845,1513,23022,
286.3570178885004,74622,846,1513,23022,
286.358282309383,74621,847,1513,23022,
286.3591325061799,74620,848,1513,23022,
286.3619145743798,74619,849,1513,23022,
286.363135613822,74619,849,1512,23023,
286.36364873186653,74619,848,1513,23023,
286.36586205300557,74618,849,1513,23023,
286.3671397703445,74618,849,1512,23024,
286.3708322371786,74618,848,1513,23024,
286.37324765428025,74617,849,1513,23024,
286.3792100450154,74616,850,1513,23024,
286.37934885675196,74616,849,1514,23024,
286.37938941501136,74616,848,1515,23024,
286.3804792149264,74615,849,1515,23024,
286.3820190367362,74615,848,1516,23024,
286.3830535706093,74614,849,1516,23024,
286.3840179196695,74614,848,1517,23024,
286.3840743733065,74614,848,1516,23025,
286.388210095658,74613,849,1516,23025,
286.39129036898026,74613,848,1517,23025,
286.39182668776465,74613,848,1516,23026,
286.39345778788953,74613,848,1515,23027,
286.39438920840854,74613,848,1514,23028,
286.4031226167914,74613,847,1515,23028,
286.40722178336586,74612,848,1515,23028,
286.4072869373694,74612,848,1514,23029,
286.4093969261163,74612,847,1515,23029,
286.41004663665336,74612,847,1514,23030,
286.4102814976831,74612,847,1513,23031,
286.41150409950257,74611,848,1513,23031,
286.4134020134435,74610,849,1513,23031,
286.4169104248243,74610,848,1514,23031,
286.4183519298925,74609,849,1514,23031,
286.4211095893255,74608,850,1514,23031,
286.42179047976396,74608,849,1515,23031,
286.42404945754214,74608,849,1514,23032,
286.42592441697155,74608,849,1513,23033,
286.42812970529326,74608,848,1514,23033,
286.42896732497627,74608,847,1515,23033,
286.4311753026739,74608,847,1514,23034,
286.43125721223834,74608,846,1515,23034,
286.4317846316039,74608,846,1514,23035,
286.43312780367376,74607,847,1514,23035,
286.43374599544103,74607,846,1515,23035,
286.4354767217464,74607,845,1516,23035,
286.43617944709587,74606,846,1516,23035,
286.4366779609239,74605,847,1516,23035,
286.43836980639503,74605,847,1515,23036,
286.43867465036095,74605,847,1514,23037,
286.4391329491872,74605,847,1513,23038,
286.44045112494837,74604,848,1513,23038,
286.44130707593695,74604,848,1512,23039,
286.44844037460047,74604,847,1513,23039,
286.4507461876625,74604,847,1512,23040,
286.4509433456074,74603,848,1512,23040,
286.4512988537303,74602,849,1512,23040,
286.45213815747684,74601,850,1512,23040,
286.45517141429303,74601,849,1513,23040,
286.4573120182215,74601,848,1514,23040,
286.4584038702137,74601,847,1515,23040,
286.4589781335072,74601,847,1514,23041,
286.45969025243164,74601,847,1513,23042,
286.46043880077696,74601,846,1514,23042,
286.4618490242277,74600,847,1514,23042,
286.4623075233271,74600,846,1515,23042,
286.46579112839424,74600,846,1514,23043,
286.46935016181624,74600,846,1513,23044,
286.4696377147715,74600,846,1512,23045,
286.46965826731645,74600,845,1513,23045,
286.4722874833878,74599,846,1513,23045,
286.47510402341476,74599,846,1512,23046,
286.4761586473004,74598,847,1512,23046,
286.48092524229344,74598,846,1513,23046,
286.48228385190293,74598,846,1512,23047,
286.48605581994246,74598,846,1511,23048,
286.49064821811584,74598,846,1510,23049,
286.4922029829398,74598,845,1511,23049,
286.49610452330177,74598,845,1510,23050,
286.4972413158371,74598,845,1509,23051,
286.49872995758244,74598,845,1508,23052,
286.4988069254679,74597,846,1508,23052,
286.5000702717961,74597,846,1507,23053,
286.502313487601,74596,847,1507,23053,
286.50345265973493,74595,848,1507,23053,
286.5034592760093,74595,847,1508,23053,
286.5052848744,74594,848,1508,23053,
286.50812052211444,74594,847,1509,23053,
286.5090168416489,74593,848,1509,23053,
286.50924360344067,74593,847,1510,23053,
286.5129419518407,74592,848,1510,23053,
286.51375798663065,74592,848,1509,23054,
286.5189036640188,74591,849,1509,23054,
286.5227418167565,74591,848,1510,23054,
286.52333479163536,74591,847,1511,23054,
286.5256240131994,74591,846,1512,23054,
286.52572897079915,74591,846,1511,23055,
286.5266214079729,74591,846,1510,23056,
286.5271270813243,74591,846,1509,23057,
286.52872110444116,74591,846,1508,23058,
286.52942331679327,74590,847,1508,23058,
286.529508925643,74589,848,1508,23058,
286.53196409318355,74588,849,1508,23058,
286.53217340353166,74587,850,1508,23058,
286.5328899095234,74587,849,1509,23058,
286.5379771372333,74587,848,1510,23058,
286.53911697327914,74587,848,1509,23059,
286.54654967875706,74587,848,1508,23060,
286.54760409927314,74587,848,1507,23061,
286.5483524687907,74586,849,1507,23061,
286.55179485825664,74586,849,1506,23062,
286.5545260700481,74585,850,1506,23062,
286.55801407854204,74584,851,1506,23062,
286.55950416456415,74583,852,1506,23062,
286.56121990490226,74583,852,1505,23063,
286.5625584701058,74583,851,1506,23063,
286.56477619598684,74583,850,1507,23063,
286.567405962109,74582,851,1507,23063,
286.5702525557458,74582,850,1508,23063,
286.5728450881285,74582,849,1509,23063,
286.5736884102802,74582,849,1508,23064,
286.57851122878645,74582,848,1509,23064,
286.5795998177206,74582,847,1510,23064,
286.58049179995385,74582,846,1511,23064,
286.58246787260265,74581,847,1511,23064,
286.58724522112146,74580,848,1511,23064,
286.5894131910994,74580,847,1512,23064,
286.58956318926766,74580,846,1513,23064,
286.59076143715924,74580,846,1512,23065,
286.5914124344466,74580,845,1513,23065,
286.59243371095715,74579,846,1513,23065,
286.59624556780176,74579,845,1514,23065,
286.598603622074,74579,844,1515,23065,
286.5992335546702,74579,844,1514,23066,
286.6049483234406,74579,843,1515,23066,
286.60576692337474,74579,842,1516,23066,
286.60649774555577,74579,841,1517,23066,
286.6088433652961,74579,840,1518,23066,
286.60904709702163,74578,841,1518,23066,
286.61065275712537,74577,842,1518,23066,
286.6109216636334,74577,841,1519,23066,
286.61122976845274,74577,840,1520,23066,
286.6142365206294,74577,840,1519,23067,
286.6195908168503,74576,841,1519,23067,
286.62138050950966,74575,842,1519,23067,
286.6258920639276,74575,841,1520,23067,
286.62752698414556,74574,842,1520,23067,
286.62975000693933,74574,841,1521,23067,
286.6303841988969,74574,840,1522,23067,
286.6318795753199,74573,841,1522,23067,
286.6342656187682,74572,842,1522,23067,
286.63448870587644,74571,843,1522,23067,
286.6437828034021,74570,844,1522,23067,
286.64564572971875,74570,843,1523,23067,
286.6474417857076,74570,843,1522,23068,
286.6474951526516,74570,842,1523,23068,
286.6485228250559,74570,842,1522,23069,
286.6528055880369,74569,843,1522,23069,
286.6537006073742,74569,843,1521,23070,
286.6548967506398,74568,844,1521,23070,
286.65711910457776,74568,844,1520,23071,
286.657269236689,74567,845,1520,23071,
286.65815322902847,74567,844,1521,23071,
286.6593084454353,74566,845,1521,23071,
286.65942533601464,74566,845,1520,23072,
286.6597025867934,74566,845,1519,23073,
286.65987646781264,74566,845,1518,23074,
286.66039064384825,74565,846,1518,23074,
286.66100880272364,74565,846,1517,23075,
286.6626120513816,74565,846,1516,23076,
286.66530304937726,74565,846,1515,23077,
286.66579539172375,74564,847,1515,23077,
286.6698793961182,74563,848,1515,23077,
286.6708496645352,74562,849,1515,23077,
286.67299550486905,74562,849,1514,23078,
286.6732940124234,74561,850,1514,23078,
286.6761284352764,74560,851,1514,23078,
286.67682045845294,74559,852,1514,23078,
286.6814863706779,74559,851,1515,23078,
286.68284716767363,74559,850,1516,23078,
286.68484259358166,74559,849,1517,23078,
286.68684513520856,74559,848,1518,23078,
286.6870550743462,74558,849,1518,23078,
286.6941421522158,74558,849,1517,23079,
286.69432357493747,74558,849,1516,23080,
286.6949011028707,74557,850,1516,23080,
286.6969209594942,74557,850,1515,23081,
286.69913059883106,74556,851,1515,23081,
286.7026255609661,74556,850,1516,23081,
286.70316504332743,74555,851,1516,23081,
286.70638926080716,74555,851,1515,23082,
286.7073622855727,74554,852,1515,23082,
286.7076990341595,74554,852,1514,23083,
286.71073200879266,74554,851,1515,23083,
286.7113499599231,74554,851,1514,23084,
286.71385429544597,74553,852,1514,23084,
286.71426902260305,74553,852,1513,23085,
286.7160219787448,74552,853,1513,23085,
286.71780720612935,74552,853,1512,23086,
286.7185468865043,74551,854,1512,23086,
286.71894902619266,74550,855,1512,23086,
286.72199089303786,74550,855,1511,23087,
286.72233749503215,74550,854,1512,23087,
286.72793189366644,74550,854,1511,23088,
286.7289649263218,74549,855,1511,23088,
286.7292420226349,74548,856,1511,23088,
286.7296652184961,74548,856,1510,23089,
286.7330803569157,74547,857,1510,23089,
286.7394994632578,74547,857,1509,23090,
286.74079348107495,74547,857,1508,23091,
286.74398358488384,74547,857,1507,23092,
286.74607309602777,74547,856,1508,23092,
286.7465107271271,74547,856,1507,23093,
286.74716068414546,74547,856,1506,23094,
286.7477852491942,74547,856,1505,23095,
286.74807892292404,74547,856,1504,23096,
286.74979465985257,74546,857,1504,23096,
286.75372631085054,74546,856,1505,23096,
286.75497745637256,74546,856,1504,23097,
286.7557924621823,74546,856,1503,23098,
286.7576272122251,74545,857,1503,23098,
286.7598426756933,74545,857,1502,23099,
286.7602218142367,74544,858,1502,23099,
286.76306323065575,74543,859,1502,23099,
286.7632042792035,74543,858,1503,23099,
286.7646511934123,74543,857,1504,23099,
286.7653459260978,74542,858,1504,23099,
286.76571290546553,74542,857,1505,23099,
286.7662183344607,74541,858,1505,23099,
286.76789526946965,74541,858,1504,23100,
286.76951843588904,74540,859,1504,23100,
286.77004617786884,74539,860,1504,23100,
286.7707574710261,74539,859,1505,23100,
286.77324411669304,74538,860,1505,23100,
286.77613996844735,74538,860,1504,23101,
286.77875268111455,74537,861,1504,23101,
286.77926273665696,74537,860,1505,23101,
286.77972991551496,74537,859,1506,23101,
286.7805436655458,74536,860,1506,23101,
286.7815751265341,74535,861,1506,23101,
286.7835723477068,74535,860,1507,23101,
286.78366808135814,74535,860,1506,23102,
286.7837223161569,74535,859,1507,23102,
286.785333953128,74535,858,1508,23102,
286.7855141132127,74535,858,1507,23103,
286.78683846711044,74535,858,1506,23104,
286.7882014146268,74534,859,1506,23104,
286.7891155752755,74533,860,1506,23104,
286.78970334283594,74532,861,1506,23104,
286.79320961203206,74532,861,1505,23105,
286.7932665562017,74532,861,1504,23106,
286.79390409303954,74532,861,1503,23107,
286.7945072901976,74532,861,1502,23108,
286.7950317430847,74531,862,1502,23108,
286.799308742507,74531,861,1503,23108,
286.8010137305974,74531,860,1504,23108,
286.80878144274885,74531,860,1503,23109,
286.81056619399556,74531,859,1504,23109,
286.8118262098599,74530,860,1504,23109,
286.81436411435,74529,861,1504,23109,
286.81498623652794,74529,861,1503,23110,
286.8162943054222,74529,861,1502,23111,
286.820152121766,74529,860,1503,23111,
286.822002520582,74529,859,1504,23111,
286.8236213566864,74528,860,1504,23111,
286.82686482367694,74527,861,1504,23111,
286.827915107442,74527,860,1505,23111,
286.8285834978041,74527,859,1506,23111,
286.82981915707063,74527,859,1505,23112,
286.8315059235902,74527,859,1504,23113,
286.8317483891124,74527,858,1505,23113,
286.8326592630677,74527,858,1504,23114,
286.83471605764254,74527,857,1505,23114,
286.83834693445755,74526,858,1505,23114,
286.8425255572055,74526,857,1506,23114,
286.84663365104683,74525,858,1506,23114,
286.8514840774076,74524,859,1506,23114,
286.85181295415424,74524,858,1507,23114,
286.8523951270648,74524,858,1506,23115,
286.8554790953102,74524,857,1507,23115,
286.8561089847407,74524,857,1506,23116,
286.8568450084834,74523,858,1506,23116,
286.8569687463319,74523,858,1505,23117,
286.8608156384185,74523,857,1506,23117,
286.8620614400704,74523,857,1505,23118,
286.86271793024895,74523,857,1504,23119,
286.86301769210735,74523,856,1505,23119,
286.86318845602705,74523,856,1504,23120,
286.8691026979233,74523,855,1505,23120,
286.8700563585101,74523,855,1504,23121,
286.87258469655524,74523,854,1505,23121,
286.8738146362679,74522,855,1505,23121,
286.87754470829816,74522,854,1506,23121,
286.8785170670112,74522,854,1505,23122,
286.87883542423384,74521,855,1505,23122,
286.8822061726868,74521,854,1506,23122,
286.8827308082769,74521,853,1507,23122,
286.88407116782605,74520,854,1507,23122,
286.8845684920754,74520,854,1506,23123,
286.88597420736994,74519,855,1506,23123,
286.8887859641296,74519,854,1507,23123,
286.8923810918187,74519,853,1508,23123,
286.89317732889486,74519,852,1509,23123,
286.89574117411695,74519,851,1510,23123,
286.89737889563764,74519,851,1509,23124,
286.89772735468176,74519,851,1508,23125,
286.89778761463,74519,851,1507,23126,
286.89949934978824,74519,850,1508,23126,
286.90265390520756,74519,850,1507,23127,
286.90394661973124,74518,851,1507,23127,
286.90532312091256,74518,851,1506,23128,
286.90578108641074,74518,851,1505,23129,
286.9058763998586,74517,852,1505,23129,
286.9077770135777,74517,851,1506,23129,
286.90836337613615,74517,850,1507,23129,
286.90907755678785,74517,850,1506,23130,
286.90941976871767,74516,851,1506,23130,
286.9122965211578,74515,852,1506,23130,
286.9123743046348,74514,853,1506,23130,
286.91263740182086,74514,852,1507,23130,
286.9132701261164,74514,852,1506,23131,
286.913310722324,74514,851,1507,23131,
286.92196547991244,74514,851,1506,23132,
286.92474616530154,74514,850,1507,23132,
286.9250942977249,74514,850,1506,23133,
286.92543282194003,74514,850,1505,23134,
286.926589369641,74514,850,1504,23135,
286.9297403597831,74513,851,1504,23135,
286.93127044706074,74512,852,1504,23135,
286.93255983446517,74512,851,1505,23135,
286.9359890131869,74512,850,1506,23135,
286.9373182976925,74512,850,1505,23136,
286.9374433727785,74512,850,1504,23137,
286.9376434059534,74511,851,1504,23137,
286.93967152709797,74511,851,1503,23138,
286.94043194893675,74511,851,1502,23139,
286.9466481641219,74511,851,1501,23140,
286.9483105394847,74510,852,1501,23140,
286.95104656653774,74509,853,1501,23140,
286.9522027745348,74509,853,1500,23141,
286.95298619739384,74508,854,1500,23141,
286.95298683942303,74508,854,1499,23142,
286.9545976805636,74508,853,1500,23142,
286.95470710539576,74508,853,1499,23143,
286.9549188301935,74508,852,1500,23143,
286.95624695202207,74508,852,1499,23144,
286.9629021866792,74508,851,1500,23144,
286.96307426345584,74508,850,1501,23144,
286.9645174032358,74507,851,1501,23144,
286.9684817124454,74507,850,1502,23144,
286.97429669338624,74507,850,1501,23145,
286.9748495157425,74507,850,1500,23146,
286.9772580414846,74506,851,1500,23146,
286.9828489428387,74506,850,1501,23146,
286.9846408508267,74505,851,1501,23146,
286.9854065625591,74504,852,1501,23146,
286.9864065655794,74503,853,1501,23146,
286.98794686197743,74502,854,1501,23146,
286.9898126224882,74502,853,1502,23146,
286.99016634694476,74502,853,1501,23147,
286.99057687810335,74502,852,1502,23147,
286.9945244060429,74502,852,1501,23148,
286.9956040297558,74501,853,1501,23148,
286.9965694886051,74500,854,1501,23148,
286.999155841595,74500,854,1500,23149,
286.9999949352019,74499,855,1500,23149,
287.0015571552527,74499,854,1501,23149,
287.0026090442488,74499,854,1500,23150,
287.0037704286161,74499,853,1501,23150,
287.00427091831693,74499,853,1500,23151,
287.0074624574211,74498,854,1500,23151,
287.0078389301827,74497,855,1500,23151,
287.0126054663607,74497,855,1499,23152,
287.0188247610128,74497,854,1500,23152,
287.0220035075192,74497,854,1499,23153,
287.02315584053775,74497,853,1500,23153,
287.0254894815956,74497,853,1499,23154,
287.0260340803088,74497,853,1498,23155,
287.0279639213156,74497,852,1499,23155,
287.02890045092533,74497,852,1498,23156,
287.03002481717215,74497,852,1497,23157,
287.0329736722521,74496,853,1497,23157,
287.03508585117106,74496,852,1498,23157,
287.0360126732819,74496,851,1499,23157,
287.03787009654036,74496,851,1498,23158,
287.0468222389514,74496,850,1499,23158,
287.0502250706496,74495,851,1499,23158,
287.0502804380523,74495,851,1498,23159,
287.0543116954221,74495,850,1499,23159,
287.05468370196263,74494,851,1499,23159,
287.0561218672344,74494,851,1498,23160,
287.0569009929204,74494,850,1499,23160,
287.05692910310603,74493,851,1499,23160,
287.0584431371592,74492,852,1499,23160,
287.06109417671075,74491,853,1499,23160,
287.06201025237647,74491,852,1500,23160,
287.0630980783633,74490,853,1500,23160,
287.06385076894395,74489,854,1500,23160,
287.0640967417517,74489,854,1499,23161,
287.0676053708696,74489,853,1500,23161,
287.0681060753021,74489,853,1499,23162,
287.06979797886845,74489,852,1500,23162,
287.07093042898015,74489,852,1499,23163,
287.07380571740737,74488,853,1499,23163,
287.07615470612217,74487,854,1499,23163,
287.0797301098559,74486,855,1499,23163,
287.0815315983083,74486,854,1500,23163,
287.08324576223634,74486,854,1499,23164,
287.0842431680337,74486,853,1500,23164,
287.08529079549606,74486,852,1501,23164,
287.0854451449708,74486,851,1502,23164,
287.0880932665912,74486,850,1503,23164,
287.0883909102766,74486,850,1502,23165,
287.08869427024933,74486,850,1501,23166,
287.09229474107417,74486,849,1502,23166,
287.0934062623426,74486,849,1501,23167,
287.09449462917905,74486,849,1500,23168,
287.0949885459175,74486,849,1499,23169,
287.09665947802483,74485,850,1499,23169,
287.0974407177093,74484,851,1499,23169,
287.0990301661526,74484,850,1500,23169,
287.09911606919326,74484,849,1501,23169,
287.0994925570652,74483,850,1501,23169,
287.0997436559706,74483,850,1500,23170,
287.1045290157629,74483,849,1501,23170,
287.1064530481451,74482,850,1501,23170,
287.10699805903687,74482,850,1500,23171,
287.1074279461863,74482,850,1499,23172,
287.10790267568314,74482,849,1500,23172,
287.1084768444999,74481,850,1500,23172,
287.10883048941184,74481,849,1501,23172,
287.1098723231333,74481,849,1500,23173,
287.11597670960674,74481,848,1501,23173,
287.1165432588761,74480,849,1501,23173,
287.1171454118826,74479,850,1501,23173,
287.11778076449946,74479,849,1502,23173,
287.1208035962206,74478,850,1502,23173,
287.12500088885787,74478,849,1503,23173,
287.1271449609176,74478,848,1504,23173,
287.1274945551185,74477,849,1504,23173,
287.12867348985344,74477,849,1503,23174,
287.130819291579,74477,848,1504,23174,
287.13226244940006,74476,849,1504,23174,
287.13351474239306,74475,850,1504,23174,
287.1343875222013,74475,850,1503,23175,
287.13642958913283,74475,849,1504,23175,
287.1367427892478,74475,848,1505,23175,
287.138671826325,74475,847,1506,23175,
287.13946746899853,74475,846,1507,23175,
287.1400361816032,74474,847,1507,23175,
287.1433717589808,74474,847,1506,23176,
287.148744631775,74474,847,1505,23177,
287.14952476429295,74474,846,1506,23177,
287.150406514273,74474,846,1505,23178,
287.151778529416,74473,847,1505,23178,
287.1540522703882,74473,846,1506,23178,
287.156439680327,74473,845,1507,23178,
287.1567634064958,74473,844,1508,23178,
287.1580899763275,74473,844,1507,23179,
287.15966431665777,74473,843,1508,23179,
287.1627116142749,74473,842,1509,23179,
287.16368265174833,74472,843,1509,23179,
287.16677963955135,74472,843,1508,23180,
287.17301735397206,74472,843,1507,23181,
287.173627740775,74472,843,1506,23182,
287.176372794426,74472,843,1505,23183,
287.1773714839244,74471,844,1505,23183,
287.17927237003784,74470,845,1505,23183,
287.17988461177714,74469,846,1505,23183,
287.1810145613465,74469,846,1504,23184,
287.1830135246447,74468,847,1504,23184,
287.1841750504475,74467,848,1504,23184,
287.18514847643473,74466,849,1504,23184,
287.1857357664129,74466,848,1505,23184,
287.1869805865,74466,848,1504,23185,
287.189812704051,74466,847,1505,23185,
287.19162376868667,74466,846,1506,23185,
287.19616036641366,74466,845,1507,23185,
287.19646765331237,74466,844,1508,23185,
287.1986025188114,74466,844,1507,23186,
287.19888339471316,74466,843,1508,23186,
287.20027604113756,74466,842,1509,23186,
287.20398486199036,74465,843,1509,23186,
287.2039850592759,74465,843,1508,23187,
287.2097104069558,74464,844,1508,23187,
287.20985047765004,74464,844,1507,23188,
287.2118707303983,74463,845,1507,23188,
287.2142135315085,74463,845,1506,23189,
287.2144557522943,74463,844,1507,23189,
287.2162695562841,74463,843,1508,23189,
287.21634701173804,74463,843,1507,23190,
287.22212640501056,74462,844,1507,23190,
287.2239732306595,74462,844,1506,23191,
287.22412653263143,74461,845,1506,23191,
287.2247303262882,74461,844,1507,23191,
287.2276191974017,74461,844,1506,23192,
287.22781208116385,74461,843,1507,23192,
287.23023269473885,74461,843,1506,23193,
287.2317299261499,74461,842,1507,23193,
287.2320782416359,74461,841,1508,23193,
287.23365761866796,74461,841,1507,23194,
287.23375976462006,74461,840,1508,23194,
287.2347975457387,74461,840,1507,23195,
287.2378281234767,74461,840,1506,23196,
287.2381693442249,74461,840,1505,23197,
287.2401570407829,74461,840,1504,23198,
287.24487963565804,74461,839,1505,23198,
287.2484443086192,74461,838,1506,23198,
287.25036564268834,74461,838,1505,23199,
287.251344709603,74461,837,1506,23199,
287.25148385095935,74461,837,1505,23200,
287.25156936675575,74461,837,1504,23201,
287.2580880456834,74461,836,1505,23201,
287.25833728469297,74461,836,1504,23202,
287.259206441396,74460,837,1504,23202,
287.25944558254054,74460,837,1503,23203,
287.26047005464443,74460,837,1502,23204,
287.26440843838276,74460,836,1503,23204,
287.2649031757614,74459,837,1503,23204,
287.2661807689342,74459,837,1502,23205,
287.2663049789003,74459,837,1501,23206,
287.27041425944014,74459,837,1500,23207,
287.27235667226284,74459,836,1501,23207,
287.272992920581,74458,837,1501,23207,
287.2751356028948,74458,837,1500,23208,
287.2788321928335,74457,838,1500,23208,
287.28343677498816,74456,839,1500,23208,
287.28385503240384,74456,838,1501,23208,
287.28438419092936,74455,839,1501,23208,
287.28518762860364,74454,840,1501,23208,
287.28584836546435,74454,840,1500,23209,
287.2861041056955,74454,839,1501,23209,
287.28675420929574,74454,838,1502,23209,
287.2874202905079,74453,839,1502,23209,
287.2887428464795,74452,840,1502,23209,
287.28907789276514,74451,841,1502,23209,
287.29058454973847,74450,842,1502,23209,
287.2919437281928,74450,842,1501,23210,
287.29319237908766,74450,842,1500,23211,
287.29360027700426,74450,842,1499,23212,
287.29538639501976,74449,843,1499,23212,
287.29690255125263,74449,843,1498,23213,
287.29943640671354,74448,844,1498,23213,
287.3002752835717,74448,843,1499,23213,
287.30275328725435,74448,843,1498,23214,
287.30437287312617,74448,843,1497,23215,
287.3044579243573,74448,842,1498,23215,
287.30468279008227,74448,842,1497,23216,
287.30507392114447,74448,841,1498,23216,
287.3058877799597,74448,840,1499,23216,
287.3060704288623,74447,841,1499,23216,
287.3097304015114,74446,842,1499,23216,
287.3118131449786,74446,841,1500,23216,
287.3128689798293,74445,842,1500,23216,
287.3152113022128,74444,843,1500,23216,
287.3156518608783,74443,844,1500,23216,
287.3162528933008,74442,845,1500,23216,
287.31761613677384,74442,844,1501,23216,
287.31844300616916,74441,845,1501,23216,
287.31869388577417,74440,846,1501,23216,
287.31993702877935,74440,845,1502,23216,
287.3232902997615,74440,845,1501,23217,
287.32419406039736,74440,844,1502,23217,
287.32474478258933,74440,843,1503,23217,
287.33188121792625,74439,844,1503,23217,
287.33452973527847,74439,843,1504,23217,
287.33743410780056,74438,844,1504,23217,
287.337456824186,74437,845,1504,23217,
287.3374839513656,74437,844,1505,23217,
287.33842703473573,74437,844,1504,23218,
287.3393478909234,74437,843,1505,23218,
287.34221397745824,74436,844,1505,23218,
287.34295600630315,74436,844,1504,23219,
287.3431426237269,74436,844,1503,23220,
287.34372641391144,74436,844,1502,23221,
287.34500138032047,74436,843,1503,23221,
287.34581202830327,74436,842,1504,23221,
287.3467209883749,74436,842,1503,23222,
287.3546670556807,74436,841,1504,23222,
287.35824533729254,74436,840,1505,23222,
287.3602436029219,74436,840,1504,23223,
287.3612881966942,74435,841,1504,23223,
287.3618205613441,74434,842,1504,23223,
287.36245711828207,74433,843,1504,23223,
287.36314511835536,74433,843,1503,23224,
287.3638772446477,74433,842,1504,23224,
287.3694062982064,74432,843,1504,23224,
287.36951118154354,74432,842,1505,23224,
287.3701557845271,74432,842,1504,23225,
287.3732143355956,74432,842,1503,23226,
287.3735663352839,74432,842,1502,23227,
287.3736439247705,74431,843,1502,23227,
287.37398192974786,74430,844,1502,23227,
287.3749379185957,74430,843,1503,23227,
287.37549461995553,74429,844,1503,23227,
287.37617147872277,74428,845,1503,23227,
287.3799940151579,74427,846,1503,23227,
287.3817977204665,74427,846,1502,23228,
287.38365276090843,74427,846,1501,23229,
287.38478340233917,74427,845,1502,23229,
287.38857071041554,74427,844,1503,23229,
287.390891472603,74426,845,1503,23229,
287.391035220512,74425,846,1503,23229,
287.3915457824867,74424,847,1503,23229,
287.3927013957833,74424,847,1502,23230,
287.392919165692,74423,848,1502,23230,
287.39316510775177,74422,849,1502,23230,
287.39366894550477,74421,850,1502,23230,
287.3940326258432,74421,849,1503,23230,
287.39525738576884,74421,849,1502,23231,
287.4010829208354,74420,850,1502,23231,
287.4012269695426,74420,850,1501,23232,
287.4042691063606,74420,849,1502,23232,
287.4052561330854,74420,848,1503,23232,
287.40563150509735,74420,848,1502,23233,
287.40581366752366,74419,849,1502,23233,
287.4075795891698,74419,849,1501,23234,
287.410208202051,74418,850,1501,23234,
287.4146293730536,74418,849,1502,23234,
287.4154831998486,74418,848,1503,23234,
287.4170661433799,74418,847,1504,23234,
287.4178791016582,74418,847,1503,23235,
287.4234295627015,74418,847,1502,23236,
287.4266775579094,74418,847,1501,23237,
287.4283162072799,74418,846,1502,23237,
287.4297697840598,74418,846,1501,23238,
287.43052126776416,74418,845,1502,23238,
287.43259685528017,74418,845,1501,23239,
287.43282370560223,74418,845,1500,23240,
287.43495419147854,74418,844,1501,23240,
287.43865248455955,74418,843,1502,23240,
287.4392513750283,74417,844,1502,23240,
287.4502298766379,74416,845,1502,23240,
287.4527675886815,74416,844,1503,23240,
287.4540388635341,74416,843,1504,23240,
287.4556779975925,74416,842,1505,23240,
287.4592498079469,74416,842,1504,23241,
287.45997172789055,74415,843,1504,23241,
287.46224808302384,74415,843,1503,23242,
287.46277513097994,74415,842,1504,23242,
287.46298854418154,74415,842,1503,23243,
287.4645078991418,74414,843,1503,23243,
287.46554791821757,74413,844,1503,23243,
287.46620747223113,74413,844,1502,23244,
287.46650943904393,74413,844,1501,23245,
287.4677590046659,74413,843,1502,23245,
287.4683215773297,74413,843,1501,23246,
287.46993092402187,74413,843,1500,23247,
287.47221980087517,74413,843,1499,23248,
287.47226742057495,74412,844,1499,23248,
287.47367608787033,74412,844,1498,23249,
287.47715453694826,74412,843,1499,23249,
287.4798634732609,74412,843,1498,23250,
287.48373052490234,74412,843,1497,23251,
287.49269387836614,74412,842,1498,23251,
287.4933066725458,74412,842,1497,23252,
287.49532692411674,74411,843,1497,23252,
287.49606058332245,74411,842,1498,23252,
287.49731251519813,74411,841,1499,23252,
287.4982029902379,74411,840,1500,23252,
287.503403117886,74410,841,1500,23252,
287.5053558601539,74410,841,1499,23253,
287.50629193740883,74409,842,1499,23253,
287.50783935619654,74408,843,1499,23253,
287.5086386533056,74408,842,1500,23253,
287.51002845033713,74408,842,1499,23254,
287.5211072825854,74407,843,1499,23254,
287.5233291169284,74406,844,1499,23254,
287.52933076115437,74406,844,1498,23255,
287.5294891933367,74406,843,1499,23255,
287.530312809135,74405,844,1499,23255,
287.5367549257231,74404,845,1499,23255,
287.53891323732927,74404,845,1498,23256,
287.53991980299725,74404,845,1497,23257,
287.5414681126177,74404,844,1498,23257,
287.5477282870331,74404,844,1497,23258,
287.551409830028,74403,845,1497,23258,
287.5519316366921,74403,844,1498,23258,
287.55421808799247,74402,845,1498,23258,
287.5587180031084,74402,845,1497,23259,
287.561757647057,74402,844,1498,23259,
287.5647089886789,74402,844,1497,23260,
287.56485492549695,74402,844,1496,23261,
287.56559533842983,74402,844,1495,23262,
287.5662801394193,74402,844,1494,23263,
287.5672047978291,74402,843,1495,23263,
287.56814978918453,74401,844,1495,23263,
287.572290916762,74400,845,1495,23263,
287.5741589125705,74400,845,1494,23264,
287.57456010780675,74400,845,1493,23265,
287.57794028944505,74400,845,1492,23266,
287.57854331886597,74400,845,1491,23267,
287.58055339132966,74399,846,1491,23267,
287.5806136475963,74398,847,1491,23267,
287.58086511970373,74398,847,1490,23268,
287.5818761461441,74398,847,1489,23269,
287.5820471012345,74398,847,1488,23270,
287.5827716901661,74398,847,1487,23271,
287.58351046070646,74398,847,1486,23272,
287.58391508474443,74398,846,1487,23272,
287.5867067310131,74397,847,1487,23272,
287.58722084087344,74397,847,1486,23273,
287.59215421677334,74397,847,1485,23274,
287.5933243362905,74397,847,1484,23275,
287.59511489171024,74396,848,1484,23275,
287.5953028621211,74396,847,1485,23275,
287.59586323395115,74395,848,1485,23275,
287.59648917865434,74395,848,1484,23276,
287.5970727915689,74395,848,1483,23277,
287.6005279391805,74395,848,1482,23278,
287.6030898068311,74395,847,1483,23278,
287.603681395113,74395,847,1482,23279,
287.6070120702095,74395,846,1483,23279,
287.61053615806077,74394,847,1483,23279,
287.61125775030246,74394,846,1484,23279,
287.614254817232,74394,845,1485,23279,
287.615869432173,74393,846,1485,23279,
287.6161932672052,74392,847,1485,23279,
287.6183805337128,74392,846,1486,23279,
287.6194284781292,74391,847,1486,23279,
287.61985733838765,74391,847,1485,23280,
287.62048654022175,74390,848,1485,23280,
287.62054515844466,74390,848,1484,23281,
287.62155744695343,74390,847,1485,23281,
287.62281093887333,74389,848,1485,23281,
287.6248790301396,74389,848,1484,23282,
287.62531840528624,74389,847,1485,23282,
287.62893935475074,74388,848,1485,23282,
287.6294837283944,74387,849,1485,23282,
287.6306258995603,74386,850,1485,23282,
287.633723355152,74386,850,1484,23283,
287.6432744215327,74386,849,1485,23283,
287.64467371686067,74385,850,1485,23283,
287.64492779886876,74385,850,1484,23284,
287.6496700092764,74385,849,1485,23284,
287.65043023765367,74385,849,1484,23285,
287.65102302492636,74384,850,1484,23285,
287.65147073602793,74383,851,1484,23285,
287.65488972685927,74383,850,1485,23285,
287.654922075512,74383,850,1484,23286,
287.6574881781195,74382,851,1484,23286,
287.65840405370784,74381,852,1484,23286,
287.66216553241844,74380,853,1484,23286,
287.66631097547383,74379,854,1484,23286,
287.6737711471972,74379,853,1485,23286,
287.6755735452246,74378,854,1485,23286,
287.6786766307557,74377,855,1485,23286,
287.68062181824035,74376,856,1485,23286,
287.68363738356123,74376,855,1486,23286,
287.68382624744044,74376,855,1485,23287,
287.6862708184784,74376,855,1484,23288,
287.6876263223064,74375,856,1484,23288,
287.69268482647414,74375,856,1483,23289,
287.70600743808455,74375,855,1484,23289,
287.70687275920415,74375,855,1483,23290,
287.7070751374372,74375,854,1484,23290,
287.71048791274035,74375,854,1483,23291,
287.7179655195764,74375,854,1482,23292,
287.7190263529255,74375,854,1481,23293,
287.7195256005636,74374,855,1481,23293,
287.7205995753769,74374,854,1482,23293,
287.7213428924159,74374,854,1481,23294,
287.72177841638364,74374,854,1480,23295,
287.7224694166059,74374,854,1479,23296,
287.7238626201495,74374,854,1478,23297,
287.7259562514444,74373,855,1478,23297,
287.7280154497924,74373,855,1477,23298,
287.7286918441036,74372,856,1477,23298,
287.7317109059766,74372,855,1478,23298,
287.7330227588579,74371,856,1478,23298,
287.7335839615475,74370,857,1478,23298,
287.7347550893915,74370,857,1477,23299,
287.7351490148185,74369,858,1477,23299,
287.73743071314885,74369,858,1476,23300,
287.73850042168476,74369,858,1475,23301,
287.73963166384357,74369,857,1476,23301,
287.7402512309204,74369,857,1475,23302,
287.74046171901495,74369,856,1476,23302,
287.7421793370475,74369,855,1477,23302,
287.74513593659526,74369,855,1476,23303,
287.74645648017355,74369,854,1477,23303,
287.7471529654568,74369,853,1478,23303,
287.7481291744262,74369,852,1479,23303,
287.74913690989706,74369,851,1480,23303,
287.753361229482,74369,850,1481,23303,
287.7542073778002,74368,851,1481,23303,
287.7546450025833,74367,852,1481,23303,
287.7553268406227,74367,852,1480,23304,
287.75551593771667,74366,853,1480,23304,
287.7573230838589,74366,852,1481,23304,
287.758413633647,74366,852,1480,23305,
287.7590711170525,74366,852,1479,23306,
287.7591816220529,74365,853,1479,23306,
287.75997210479943,74365,853,1478,23307,
287.76633436080397,74365,852,1479,23307,
287.7685333338354,74365,851,1480,23307,
287.770818426206,74365,851,1479,23308,
287.77263919340004,74364,852,1479,23308,
287.7739424197431,74364,851,1480,23308,
287.774046198871,74363,852,1480,23308,
287.7760555027768,74363,852,1479,23309,
287.7764371409175,74363,851,1480,23309,
287.77735643321716,74362,852,1480,23309,
287.7776894757469,74362,851,1481,23309,
287.77798155520605,74362,850,1482,23309,
287.77816571333676,74361,851,1482,23309,
287.78241471953794,74360,852,1482,23309,
287.7829564495374,74360,852,1481,23310,
287.78553019880286,74360,852,1480,23311,
287.78743044061764,74360,852,1479,23312,
287.78887307322793,74360,852,1478,23313,
287.7889838957595,74360,852,1477,23314,
287.7893374426696,74359,853,1477,23314,
287.8033022551858,74358,854,1477,23314,
287.80361291680686,74357,855,1477,23314,
287.8042507167847,74357,855,1476,23315,
287.8088546557679,74356,856,1476,23315,
287.8129737057788,74355,857,1476,23315,
287.81676107591574,74354,858,1476,23315,
287.81960445323097,74353,859,1476,23315,
287.8205599881686,74353,859,1475,23316,
287.8220655989898,74353,858,1476,23316,
287.82227832836213,74353,857,1477,23316,
287.8222930709983,74353,856,1478,23316,
287.82254786599214,74352,857,1478,23316,
287.8226037551633,74351,858,1478,23316,
287.8236644132208,74351,858,1477,23317,
287.82400797852875,74351,857,1478,23317,
287.8254299618671,74351,856,1479,23317,
287.82688659397445,74351,855,1480,23317,
287.8280037144604,74351,854,1481,23317,
287.835931979952,74351,853,1482,23317,
287.8405213763054,74351,853,1481,23318,
287.85011394319855,74351,852,1482,23318,
287.85235600000476,74351,851,1483,23318,
287.8531720462177,74351,850,1484,23318,
287.8534742940475,74351,850,1483,23319,
287.8576799933737,74351,850,1482,23320,
287.8619518986617,74351,850,1481,23321,
287.8670428000692,74351,850,1480,23322,
287.87196571802764,74351,850,1479,23323,
287.8754371136974,74351,849,1480,23323,
287.8759936919819,74351,848,1481,23323,
287.8836413535864,74350,849,1481,23323,
287.88431717650144,74350,849,1480,23324,
287.8849154406458,74350,849,1479,23325,
287.88545934596505,74350,848,1480,23325,
287.886951432487,74349,849,1480,23325,
287.88923548007,74349,848,1481,23325,
287.88945809228545,74348,849,1481,23325,
287.89161270474625,74348,848,1482,23325,
287.89396875655274,74348,848,1481,23326,
287.896200400736,74348,848,1480,23327,
287.89727215108064,74348,847,1481,23327,
287.90133920284524,74348,847,1480,23328,
287.90336150065764,74348,847,1479,23329,
287.9047527646867,74347,848,1479,23329,
287.90867999982663,74347,848,1478,23330,
287.90893311724017,74346,849,1478,23330,
287.9141801109032,74346,848,1479,23330,
287.91574002362785,74345,849,1479,23330,
287.91587765211295,74345,849,1478,23331,
287.9190979359882,74345,849,1477,23332,
287.92016110104163,74345,848,1478,23332,
287.9211017109457,74345,847,1479,23332,
287.92311444285264,74345,846,1480,23332,
287.9287676704187,74345,846,1479,23333,
287.93019132981,74344,847,1479,23333,
287.9304516840071,74343,848,1479,23333,
287.93516237426763,74343,848,1478,23334,
287.9364250494236,74343,848,1477,23335,
287.93912022020083,74343,848,1476,23336,
287.9407566268471,74343,848,1475,23337,
287.94174298164774,74343,847,1476,23337,
287.9432239120079,74343,846,1477,23337,
287.94831516370743,74343,846,1476,23338,
287.95137665859465,74343,846,1475,23339,
287.9569987642759,74343,845,1476,23339,
287.960013776291,74342,846,1476,23339,
287.96019067998265,74342,845,1477,23339,
287.9663925885857,74342,845,1476,23340,
287.9672900923182,74341,846,1476,23340,
287.96920555900005,74341,845,1477,23340,
287.96956423717927,74340,846,1477,23340,
287.9702338536826,74339,847,1477,23340,
287.970949240303,74338,848,1477,23340,
287.9713575024305,74338,847,1478,23340,
287.9716935257484,74337,848,1478,23340,
287.9718863509824,74336,849,1478,23340,
287.9727376032309,74336,849,1477,23341,
287.98163261639644,74336,849,1476,23342,
287.98283390202903,74335,850,1476,23342,
287.9844481712846,74334,851,1476,23342,
287.985360721735,74334,851,1475,23343,
287.9854637776732,74334,851,1474,23344,
287.98625930026094,74334,850,1475,23344,
287.98802514595815,74333,851,1475,23344,
287.9886112405586,74333,850,1476,23344,
287.9890885132658,74333,849,1477,23344,
287.98973330429135,74333,849,1476,23345,
287.9903082837607,74333,849,1475,23346,
287.9945991460398,74333,849,1474,23347,
287.99572524016855,74333,848,1475,23347,
287.99687082490226,74333,848,1474,23348,
287.9978153172203,74333,847,1475,23348,
287.9987073284105,74332,848,1475,23348,
287.9991450001177,74332,847,1476,23348,
288.0059707408639,74331,848,1476,23348,
288.0067483553183,74331,848,1475,23349,
288.0075919610641,74330,849,1475,23349,
288.00812573111955,74330,848,1476,23349,
288.0090963917221,74329,849,1476,23349,
288.00944470517084,74329,849,1475,23350,
288.01393286278045,74328,850,1475,23350,
288.0144063965427,74328,850,1474,23351,
288.01683201161467,74328,850,1473,23352,
288.01716555632123,74328,850,1472,23353,
288.02118091550506,74327,851,1472,23353,
288.02145428062227,74326,852,1472,23353,
288.0239072178757,74325,853,1472,23353,
288.02399061453934,74325,852,1473,23353,
288.0302381248641,74325,851,1474,23353,
288.03062630459584,74325,850,1475,23353,
288.033927116257,74325,849,1476,23353,
288.03650985528606,74325,848,1477,23353,
288.0384207029509,74325,847,1478,23353,
288.03964634586106,74325,846,1479,23353,
288.04430595033756,74324,847,1479,23353,
288.0459219471185,74323,848,1479,23353,
288.0531312467511,74323,847,1480,23353,
288.0549975189907,74323,847,1479,23354,
288.06045337369943,74323,846,1480,23354,
288.0612990741802,74322,847,1480,23354,
288.0633211015095,74322,846,1481,23354,
288.06444503063665,74321,847,1481,23354,
288.0652696081466,74321,846,1482,23354,
288.06662525666343,74321,845,1483,23354,
288.06953866801393,74320,846,1483,23354,
288.06987224842817,74320,846,1482,23355,
288.07112137444676,74320,846,1481,23356,
288.07171494257267,74319,847,1481,23356,
288.0720171766145,74319,847,1480,23357,
288.0725693778159,74319,846,1481,23357,
288.0750177296111,74319,845,1482,23357,
288.07592141818293,74319,845,1481,23358,
288.07642605057964,74319,844,1482,23358,
288.07808240907605,74319,843,1483,23358,
288.0802526059061,74319,842,1484,23358,
288.08303661636114,74319,841,1485,23358,
288.08433712788803,74318,842,1485,23358,
288.08490767166904,74318,842,1484,23359,
288.0911056360966,74317,843,1484,23359,
288.09139844108995,74317,843,1483,23360,
288.09270636769884,74317,843,1482,23361,
288.09373802262064,74316,844,1482,23361,
288.0956579113842,74316,843,1483,23361,
288.097455510229,74316,843,1482,23362,
288.09824379758294,74316,843,1481,23363,
288.0985723199266,74315,844,1481,23363,
288.0996350628875,74314,845,1481,23363,
288.1009135213475,74313,846,1481,23363,
288.1092776006581,74312,847,1481,23363,
288.11325120589805,74311,848,1481,23363,
288.1194699959426,74311,848,1480,23364,
288.12822034603,74311,848,1479,23365,
288.13091492081594,74310,849,1479,23365,
288.1320239869325,74309,850,1479,23365,
288.13558492722524,74309,849,1480,23365,
288.13692352793305,74309,849,1479,23366,
288.13728413615956,74308,850,1479,23366,
288.1393228774046,74307,851,1479,23366,
288.14062459446643,74307,850,1480,23366,
288.143894734235,74307,850,1479,23367,
288.145358383969,74307,849,1480,23367,
288.146515964358,74307,848,1481,23367,
288.1500310025745,74307,848,1480,23368,
288.15135938259925,74307,847,1481,23368,
288.1525915922348,74307,847,1480,23369,
288.15312304572353,74306,848,1480,23369,
288.1574508499065,74306,847,1481,23369,
288.158984314794,74306,847,1480,23370,
288.15902555971945,74306,846,1481,23370,
288.1636610600645,74306,845,1482,23370,
288.1672410307611,74306,844,1483,23370,
288.16919103337517,74305,845,1483,23370,
288.1703039254536,74305,844,1484,23370,
288.1710635744938,74305,844,1483,23371,
288.1735954812976,74304,845,1483,23371,
288.1773932249575,74304,845,1482,23372,
288.17778388223707,74303,846,1482,23372,
288.1781077952833,74302,847,1482,23372,
288.17825447976236,74302,846,1483,23372,
288.17942427655,74302,845,1484,23372,
288.18262719757365,74302,845,1483,23373,
288.1856963129511,74301,846,1483,23373,
288.1897309049052,74301,846,1482,23374,
288.1902773343064,74301,845,1483,23374,
288.1902939377531,74300,846,1483,23374,
288.19138171921884,74299,847,1483,23374,
288.1950583028918,74299,847,1482,23375,
288.20055285223924,74299,846,1483,23375,
288.2022113081565,74299,846,1482,23376,
288.2027737330036,74299,845,1483,23376,
288.2046532173935,74299,845,1482,23377,
288.20494059348255,74298,846,1482,23377,
288.210569700348,74298,846,1481,23378,
288.2117666458719,74298,845,1482,23378,
288.21202651099463,74298,845,1481,23379,
288.2129867500514,74298,844,1482,23379,
288.21572285410303,74298,844,1481,23380,
288.21675998497807,74298,844,1480,23381,
288.2195135841315,74297,845,1480,23381,
288.2212097208297,74297,845,1479,23382,
288.22206605928915,74297,845,1478,23383,
288.22327901230335,74297,845,1477,23384,
288.22335752543813,74297,845,1476,23385,
288.22352642785535,74296,846,1476,23385,
288.2275935427014,74295,847,1476,23385,
288.22911291895764,74295,847,1475,23386,
288.2295088418172,74295,847,1474,23387,
288.23233013560383,74294,848,1474,23387,
288.23367399122293,74294,848,1473,23388,
288.23393372628163,74293,849,1473,23388,
288.2342209057951,74293,848,1474,23388,
288.23581145469547,74293,848,1473,23389,
288.23626026618354,74293,848,1472,23390,
288.23706832804953,74293,848,1471,23391,
288.23757790200455,74293,847,1472,23391,
288.2380459665325,74293,846,1473,23391,
288.2414375078029,74293,845,1474,23391,
288.2439533149535,74292,846,1474,23391,
288.24424114902166,74292,846,1473,23392,
288.2443870603122,74291,847,1473,23392,
288.2497773348509,74291,846,1474,23392,
288.25127064080675,74290,847,1474,23392,
288.2529050442946,74289,848,1474,23392,
288.2539978275025,74289,847,1475,23392,
288.25575278337203,74289,846,1476,23392,
288.25660209634907,74288,847,1476,23392,
288.2566360852531,74288,846,1477,23392,
288.25746502075464,74288,845,1478,23392,
288.25807991387273,74287,846,1478,23392,
288.26064345776507,74287,845,1479,23392,
288.2616298048704,74287,845,1478,23393,
288.2620333817784,74286,846,1478,23393,
288.2621564907587,74285,847,1478,23393,
288.26527453387837,74284,848,1478,23393,
288.2711519954486,74284,847,1479,23393,
288.27448130654955,74283,848,1479,23393,
288.2778933842525,74282,849,1479,23393,
288.2780225896587,74282,849,1478,23394,
288.2787030765142,74282,848,1479,23394,
288.2798612809627,74282,847,1480,23394,
288.2829557665291,74282,846,1481,23394,
288.28548865436414,74282,845,1482,23394,
288.28627053158056,74282,845,1481,23395,
288.28741772082776,74282,845,1480,23396,
288.2909585946218,74282,844,1481,23396,
288.29200047319387,74282,843,1482,23396,
288.2925837978756,74282,842,1483,23396,
288.2938620929579,74282,841,1484,23396,
288.2973204990483,74281,842,1484,23396,
288.29800289840506,74281,842,1483,23397,
288.2996862870755,74280,843,1483,23397,
288.30443076365293,74280,843,1482,23398,
288.3044587221075,74280,842,1483,23398,
288.3069479258399,74279,843,1483,23398,
288.3071559875667,74279,843,1482,23399,
288.30819946512486,74279,842,1483,23399,
288.31026444277285,74279,842,1482,23400,
288.3133359503762,74279,841,1483,23400,
288.3166563190561,74279,841,1482,23401,
288.3174143891172,74279,840,1483,23401,
288.32313824702965,74279,840,1482,23402,
288.3259873410243,74279,840,1481,23403,
288.33054420535797,74279,840,1480,23404,
288.33086908444227,74278,841,1480,23404,
288.3318653970237,74278,840,1481,23404,
288.33229164649765,74277,841,1481,23404,
288.33241518043644,74277,840,1482,23404,
288.3391131473847,74277,839,1483,23404,
288.34169744125916,74277,839,1482,23405,
288.34207669482447,74277,838,1483,23405,
288.34901147004507,74277,837,1484,23405,
288.3493241677301,74276,838,1484,23405,
288.35248121398774,74276,837,1485,23405,
288.35448522577553,74276,836,1486,23405,
288.3579694512973,74276,836,1485,23406,
288.35825326138763,74276,835,1486,23406,
288.35989476378006,74276,835,1485,23407,
288.36016994084235,74276,834,1486,23407,
288.3632575641087,74276,834,1485,23408,
288.36407089714425,74276,834,1484,23409,
288.3657475176575,74276,834,1483,23410,
288.3663025465271,74275,835,1483,23410,
288.3681675039353,74274,836,1483,23410,
288.36997295009246,74273,837,1483,23410,
288.3728075126011,74273,837,1482,23411,
288.3746145138597,74272,838,1482,23411,
288.3751211912709,74272,838,1481,23412,
288.3794231053372,74272,837,1482,23412,
288.380059530843,74272,836,1483,23412,
288.3817254716721,74272,835,1484,23412,
288.3818749764987,74272,834,1485,23412,
288.38405408045264,74271,835,1485,23412,
288.3844043074914,74271,834,1486,23412,
288.3851147243315,74271,834,1485,23413,
288.3858174039845,74271,833,1486,23413,
288.38743806402096,74271,833,1485,23414,
288.3894852067092,74271,833,1484,23415,
288.3916573993907,74271,833,1483,23416,
288.39584043171334,74271,833,1482,23417,
288.400647890103,74271,832,1483,23417,
288.4008466239567,74271,831,1484,23417,
288.40422152699693,74271,830,1485,23417,
288.4057798420548,74271,830,1484,23418,
288.4064468972821,74271,830,1483,23419,
288.4099381088858,74271,829,1484,23419,
288.41010727692446,74270,830,1484,23419,
288.41371208899204,74270,829,1485,23419,
288.41560712478804,74270,828,1486,23419,
288.41779713446834,74270,827,1487,23419,
288.4192779177058,74270,827,1486,23420,
288.42066691874567,74270,826,1487,23420,
288.4216015501159,74270,826,1486,23421,
288.4225128826987,74270,825,1487,23421,
288.42698311759557,74270,825,1486,23422,
288.4297890285835,74270,824,1487,23422,
288.4336268908765,74270,823,1488,23422,
288.4361334620174,74270,823,1487,23423,
288.43702110579096,74270,823,1486,23424,
288.43880215761556,74270,822,1487,23424,
288.4405595802224,74270,821,1488,23424,
288.4427139484364,74269,822,1488,23424,
288.4435870300216,74269,821,1489,23424,
288.44853230536205,74269,820,1490,23424,
288.4497404667952,74269,819,1491,23424,
288.45109234508584,74269,819,1490,23425,
288.4527948611401,74268,820,1490,23425,
288.454946868087,74268,820,1489,23426,
288.4651177078438,74267,821,1489,23426,
288.4660638575279,74266,822,1489,23426,
288.46783137436785,74266,821,1490,23426,
288.47152695360296,74266,821,1489,23427,
288.47317573046786,74265,822,1489,23427,
288.47855525168615,74265,822,1488,23428,
288.47979591338265,74265,822,1487,23429,
288.47989980392026,74264,823,1487,23429,
288.4856915471409,74264,823,1486,23430,
288.48925744718963,74264,823,1485,23431,
288.4920597120454,74264,823,1484,23432,
288.4970907435632,74263,824,1484,23432,
288.49849996289885,74262,825,1484,23432,
288.5003571851468,74262,825,1483,23433,
288.5055842466087,74262,825,1482,23434,
288.5064972798417,74262,825,1481,23435,
288.50727107891373,74262,825,1480,23436,
288.5083929366656,74262,824,1481,23436,
288.5092276223261,74262,824,1480,23437,
288.5097151064655,74261,825,1480,23437,
288.50998303998995,74260,826,1480,23437,
288.51264841695547,74260,825,1481,23437,
288.51337413755243,74260,825,1480,23438,
288.5187374914701,74259,826,1480,23438,
288.52022135417474,74259,826,1479,23439,
288.5204668681099,74259,825,1480,23439,
288.5208737615597,74259,825,1479,23440,
288.521053915967,74258,826,1479,23440,
288.52206654174495,74258,825,1480,23440,
288.5232885918618,74258,824,1481,23440,
288.52554578600024,74258,824,1480,23441,
288.53391366295665,74257,825,1480,23441,
288.53409576690285,74257,824,1481,23441,
288.5350479711816,74257,824,1480,23442,
288.535458060349,74257,824,1479,23443,
288.5380686995295,74257,824,1478,23444,
288.5387080678576,74256,825,1478,23444,
288.542408893411,74256,825,1477,23445,
288.5443310669998,74255,826,1477,23445,
288.54483017105025,74255,825,1478,23445,
288.54567426359,74255,824,1479,23445,
288.54674917599004,74255,824,1478,23446,
288.54747651177996,74255,824,1477,23447,
288.5482791898134,74254,825,1477,23447,
288.54934400288005,74253,826,1477,23447,
288.55149124255655,74253,825,1478,23447,
288.5516199274982,74253,825,1477,23448,
288.5533426763895,74252,826,1477,23448,
288.5557137646052,74251,827,1477,23448,
288.5563996481985,74251,827,1476,23449,
288.5566031879219,74251,827,1475,23450,
288.5578934222335,74251,827,1474,23451,
288.5625630949507,74251,827,1473,23452,
288.56349782155763,74251,826,1474,23452,
288.5674524663831,74251,826,1473,23453,
288.57443880851395,74251,826,1472,23454,
288.57572418639967,74250,827,1472,23454,
288.57604125225225,74249,828,1472,23454,
288.57604169862947,74249,828,1471,23455,
288.57651577788073,74248,829,1471,23455,
288.57765171794324,74247,830,1471,23455,
288.57878204440385,74247,829,1472,23455,
288.580265175091,74247,829,1471,23456,
288.5841070096928,74247,829,1470,23457,
288.587890395173,74247,828,1471,23457,
288.5887238363039,74247,828,1470,23458,
288.5894834222735,74247,827,1471,23458,
288.59783247136227,74246,828,1471,23458,
288.5984740749682,74246,827,1472,23458,
288.59888052237693,74246,827,1471,23459,
288.60088877738195,74246,826,1472,23459,
288.6018186541644,74245,827,1472,23459,
288.60610200063917,74245,826,1473,23459,
288.6085675286693,74245,826,1472,23460,
288.6093515895161,74245,825,1473,23460,
288.6099587180011,74245,825,1472,23461,
288.61106870943075,74245,825,1471,23462,
288.61604764134876,74244,826,1471,23462,
288.6246504152316,74244,826,1470,23463,
288.6246799180715,74244,826,1469,23464,
288.62627313293115,74244,825,1470,23464,
288.6272269764944,74244,824,1471,23464,
288.62853372755944,74244,824,1470,23465,
288.6312156153185,74244,823,1471,23465,
288.6318188131557,74244,823,1470,23466,
288.63246140422916,74244,822,1471,23466,
288.6325328520482,74244,821,1472,23466,
288.63349898973684,74244,821,1471,23467,
288.63435504444885,74243,822,1471,23467,
288.63503853901926,74243,821,1472,23467,
288.6380986613709,74243,820,1473,23467,
288.63861949140016,74243,820,1472,23468,
288.63961515995356,74242,821,1472,23468,
288.6400980791044,74242,821,1471,23469,
288.6430627680168,74242,821,1470,23470,
288.6458167682709,74242,820,1471,23470,
288.6466945754291,74242,819,1472,23470,
288.64961222867106,74242,818,1473,23470,
288.65269238382274,74242,818,1472,23471,
288.65307055723923,74242,817,1473,23471,
288.65342214081113,74242,817,1472,23472,
288.6566887090384,74241,818,1472,23472,
288.6589564148701,74241,818,1471,23473,
288.6620751948382,74240,819,1471,23473,
288.6631690582684,74240,819,1470,23474,
288.67089370122864,74240,818,1471,23474,
288.67113881138874,74240,818,1470,23475,
288.67746510748316,74240,818,1469,23476,
288.67814237268124,74240,818,1468,23477,
288.6792801768331,74240,817,1469,23477,
288.68002923296257,74239,818,1469,23477,
288.68014967971175,74238,819,1469,23477,
288.6808819359431,74237,820,1469,23477,
288.6837048505289,74237,820,1468,23478,
288.68561639660237,74237,819,1469,23478,
288.68571928428076,74236,820,1469,23478,
288.686436124034,74235,821,1469,23478,
288.6871260133895,74235,821,1468,23479,
288.68846233297745,74235,821,1467,23480,
288.69234323620447,74234,822,1467,23480,
288.6925372198713,74234,821,1468,23480,
288.69403167689256,74234,820,1469,23480,
288.7058797077282,74234,820,1468,23481,
288.7073913583487,74233,821,1468,23481,
288.70839357652545,74233,821,1467,23482,
288.7084519679962,74233,820,1468,23482,
288.71258623581735,74233,820,1467,23483,
288.7141705145466,74232,821,1467,23483,
288.71514666992243,74232,821,1466,23484,
288.71985738096146,74232,820,1467,23484,
288.72020396852025,74232,820,1466,23485,
288.72038066487954,74232,819,1467,23485,
288.72494103592544,74231,820,1467,23485,
288.7251953607739,74230,821,1467,23485,
288.72626021376107,74230,820,1468,23485,
288.7268614681222,74229,821,1468,23485,
288.7309736564037,74228,822,1468,23485,
288.7314904596125,74228,822,1467,23486,
288.7332318436894,74228,821,1468,23486,
288.7362985769538,74227,822,1468,23486,
288.73902368095867,74227,822,1467,23487,
288.7393767737431,74227,822,1466,23488,
288.7410718990824,74227,822,1465,23489,
288.7446073614304,74227,821,1466,23489,
288.7460914201172,74226,822,1466,23489,
288.7461984562605,74226,821,1467,23489,
288.74764171068307,74226,820,1468,23489,
288.74793194341197,74226,819,1469,23489,
288.74952640853917,74226,819,1468,23490,
288.749836657558,74225,820,1468,23490,
288.7505148950165,74225,820,1467,23491,
288.7512205152814,74225,819,1468,23491,
288.75133832460756,74225,819,1467,23492,
288.75201088637067,74225,818,1468,23492,
288.7528965604377,74224,819,1468,23492,
288.7541815035186,74224,819,1467,23493,
288.7544957620923,74223,820,1467,23493,
288.7567774044445,74223,819,1468,23493,
288.7590066172755,74223,818,1469,23493,
288.7638429153413,74222,819,1469,23493,
288.763894380289,74221,820,1469,23493,
288.76428669456425,74220,821,1469,23493,
288.7661134404314,74219,822,1469,23493,
288.76675544076676,74219,822,1468,23494,
288.7768110246674,74219,821,1469,23494,
288.78102064604394,74218,822,1469,23494,
288.7816975950449,74218,822,1468,23495,
288.78365677685497,74217,823,1468,23495,
288.7841800370165,74217,823,1467,23496,
288.7878785007377,74216,824,1467,23496,
288.78791727978427,74216,823,1468,23496,
288.78957524662087,74215,824,1468,23496,
288.790684100285,74214,825,1468,23496,
288.79369897268055,74214,824,1469,23496,
288.79389437976135,74213,825,1469,23496,
288.7998468313708,74213,825,1468,23497,
288.8022680263662,74213,824,1469,23497,
288.8037226025959,74212,825,1469,23497,
288.80596193556113,74212,825,1468,23498,
288.8070285891054,74212,824,1469,23498,
288.8074805388118,74212,823,1470,23498,
288.80800762922195,74212,823,1469,23499,
288.8082445091511,74212,822,1470,23499,
288.80878437054247,74212,822,1469,23500,
288.81790685991143,74212,821,1470,23500,
288.81814766018147,74212,820,1471,23500,
288.8195550599349,74212,819,1472,23500,
288.8264152684857,74212,819,1471,23501,
288.8268681747235,74211,820,1471,23501,
288.82840247346917,74211,820,1470,23502,
288.84049153599557,74210,821,1470,23502,
288.84207143439477,74210,821,1469,23503,
288.84255063720263,74210,820,1470,23503,
288.8442844959619,74210,820,1469,23504,
288.84513785551457,74210,820,1468,23505,
288.85099100594664,74210,819,1469,23505,
288.85124358022915,74210,818,1470,23505,
288.85222481073345,74210,818,1469,23506,
288.85540452314444,74210,817,1470,23506,
288.8585149889213,74209,818,1470,23506,
288.8617472135999,74209,817,1471,23506,
288.8655576107993,74208,818,1471,23506,
288.86585207842535,74208,817,1472,23506,
288.8673706139625,74208,817,1471,23507,
288.8720993148263,74207,818,1471,23507,
288.87688599856,74207,818,1470,23508,
288.8769982225956,74207,818,1469,23509,
288.87730194256176,74206,819,1469,23509,
288.87932243718063,74206,818,1470,23509,
288.8841168576923,74206,817,1471,23509,
288.8867261212423,74205,818,1471,23509,
288.88678538295983,74205,818,1470,23510,
288.8871735148651,74205,817,1471,23510,
288.88976536917335,74205,816,1472,23510,
288.8923750663143,74204,817,1472,23510,
288.8926163268195,74204,816,1473,23510,
288.89457658199444,74204,816,1472,23511,
288.8977689557228,74204,815,1473,23511,
288.9036540014703,74204,815,1472,23512,
288.9053206499466,74204,814,1473,23512,
288.90578317937104,74204,814,1472,23513,
288.907289434649,74204,813,1473,23513,
288.9091637941907,74204,813,1472,23514,
288.9110328481405,74203,814,1472,23514,
288.91107507449163,74203,813,1473,23514,
288.91127423249424,74203,813,1472,23515,
288.9125618110869,74203,812,1473,23515,
288.9146936108708,74203,812,1472,23516,
288.9170410639423,74203,812,1471,23517,
288.9195890334546,74203,812,1470,23518,
288.9214057064879,74203,811,1471,23518,
288.92411019916045,74203,811,1470,23519,
288.92490764841324,74203,810,1471,23519,
288.92649357923113,74203,810,1470,23520,
288.92811949716577,74203,810,1469,23521,
288.9302531652316,74202,811,1469,23521,
288.93319930011484,74201,812,1469,23521,
288.9332352925878,74200,813,1469,23521,
288.933690099913,74199,814,1469,23521,
288.93838704413616,74198,815,1469,23521,
288.93936997861863,74198,815,1468,23522,
288.9437465525733,74198,815,1467,23523,
288.9481459284869,74197,816,1467,23523,
288.94953837353137,74197,816,1466,23524,
288.9538387095897,74196,817,1466,23524,
288.9545184931833,74195,818,1466,23524,
288.95542194920483,74195,817,1467,23524,
288.95731382988913,74195,816,1468,23524,
288.96115860349414,74195,815,1469,23524,
288.96193717152323,74195,815,1468,23525,
288.9659644307906,74195,814,1469,23525,
288.96706210466766,74195,813,1470,23525,
288.9707039212172,74194,814,1470,23525,
288.97076801364955,74194,814,1469,23526,
288.9712298648793,74193,815,1469,23526,
288.97200336605545,74193,814,1470,23526,
288.97395162596575,74193,814,1469,23527,
288.97540270128695,74193,813,1470,23527,
288.97669690660587,74193,812,1471,23527,
288.97844757748055,74192,813,1471,23527,
288.9799171490966,74191,814,1471,23527,
288.9846209341543,74190,815,1471,23527,
288.9854436592165,74190,814,1472,23527,
288.9967221663194,74190,813,1473,23527,
288.9968175494266,74190,812,1474,23527,
288.9985369757368,74189,813,1474,23527,
288.9992261832962,74188,814,1474,23527,
289.001431483124,74188,814,1473,23528,
289.00201609762314,74188,813,1474,23528,
289.0024150123113,74188,813,1473,23529,
289.0043063061744,74188,813,1472,23530,
289.00584079295436,74187,814,1472,23530,
289.0058809859224,74186,815,1472,23530,
289.00699837616526,74185,816,1472,23530,
289.0083037918206,74184,817,1472,23530,
289.0085169100107,74184,816,1473,23530,
289.01040422555735,74184,816,1472,23531,
289.01411064011336,74183,817,1472,23531,
289.0183755568059,74183,816,1473,23531,
289.0204590425933,74183,815,1474,23531,
289.0213804630266,74183,814,1475,23531,
289.02293670791664,74182,815,1475,23531,
289.0252726511109,74181,816,1475,23531,
289.0311918234247,74181,816,1474,23532,
289.03392150671095,74181,815,1475,23532,
289.03670107071787,74181,815,1474,23533,
289.0417931046063,74180,816,1474,23533,
289.042696656855,74180,815,1475,23533,
289.04404563948776,74180,814,1476,23533,
289.0470784971773,74180,814,1475,23534,
289.047594788552,74180,814,1474,23535,
289.0545800462505,74179,815,1474,23535,
289.0582367283087,74178,816,1474,23535,
289.06348663044037,74178,815,1475,23535,
289.06410823870766,74178,815,1474,23536,
289.06953477502935,74177,816,1474,23536,
289.0727255929772,74176,817,1474,23536,
289.07356483684356,74176,817,1473,23537,
289.0745717022297,74175,818,1473,23537,
289.0785633255606,74174,819,1473,23537,
289.07876228851484,74174,818,1474,23537,
289.07975496340913,74174,818,1473,23538,
289.0842958850717,74174,817,1474,23538,
289.08657198419064,74174,816,1475,23538,
289.0906240884731,74173,817,1475,23538,
289.0923085053501,74172,818,1475,23538,
289.0942131833215,74172,818,1474,23539,
289.09573624550615,74172,818,1473,23540,
289.1023349400438,74172,817,1474,23540,
289.10558950886974,74171,818,1474,23540,
289.1056758788976,74171,818,1473,23541,
289.1060580494891,74171,818,1472,23542,
289.10732222242706,74171,818,1471,23543,
289.10803116696457,74171,817,1472,23543,
289.1087546237073,74171,817,1471,23544,
289.11001732604785,74171,817,1470,23545,
289.11093035098213,74171,816,1471,23545,
289.1128101034639,74171,815,1472,23545,
289.1128439811805,74171,815,1471,23546,
289.1130940748885,74170,816,1471,23546,
289.11479813936137,74170,815,1472,23546,
289.114974890344,74170,814,1473,23546,
289.1174141869343,74169,815,1473,23546,
289.11931576487603,74169,815,1472,23547,
289.120968974049,74169,815,1471,23548,
289.1211117510082,74168,816,1471,23548,
289.1211905111995,74167,817,1471,23548,
289.1230296654256,74166,818,1471,23548,
289.123585252572,74165,819,1471,23548,
289.12635837458856,74164,820,1471,23548,
289.130035404477,74164,819,1472,23548,
289.1319448932227,74164,819,1471,23549,
289.133977792774,74163,820,1471,23549,
289.13587227119274,74162,821,1471,23549,
289.137793995062,74162,821,1470,23550,
289.1390415435147,74161,822,1470,23550,
289.1426834211492,74161,821,1471,23550,
289.14555716935973,74161,821,1470,23551,
289.14729976557703,74161,820,1471,23551,
289.14834390008514,74161,819,1472,23551,
289.14958406482356,74160,820,1472,23551,
289.1508037822214,74160,819,1473,23551,
289.15523041635726,74160,819,1472,23552,
289.1603979219554,74160,819,1471,23553,
289.1618225275319,74159,820,1471,23553,
289.16504561466974,74159,819,1472,23553,
289.1696226813946,74158,820,1472,23553,
289.1743316865417,74158,820,1471,23554,
289.17607112348537,74158,820,1470,23555,
289.1761482047304,74158,819,1471,23555,
289.1776959797587,74157,820,1471,23555,
289.17780333067975,74157,819,1472,23555,
289.177954159686,74157,818,1473,23555,
289.1779783157541,74156,819,1473,23555,
289.18343079666795,74156,819,1472,23556,
289.1840696175769,74156,818,1473,23556,
289.18806748720567,74156,817,1474,23556,
289.1891342378058,74155,818,1474,23556,
289.1899442124562,74155,817,1475,23556,
289.1903347366394,74154,818,1475,23556,
289.1952641006271,74153,819,1475,23556,
289.1967619125731,74152,820,1475,23556,
289.19749161751884,74152,819,1476,23556,
289.19898267755053,74152,818,1477,23556,
289.2005842556761,74152,818,1476,23557,
289.202172425276,74152,818,1475,23558,
289.2034008163215,74152,818,1474,23559,
289.2089790121198,74152,818,1473,23560,
289.20964403058673,74151,819,1473,23560,
289.2101123622898,74151,819,1472,23561,
289.2101840736598,74151,818,1473,23561,
289.21073867260674,74150,819,1473,23561,
289.2126875125896,74150,819,1472,23562,
289.21370471934904,74150,818,1473,23562,
289.21669151053186,74149,819,1473,23562,
289.21741638935094,74148,820,1473,23562,
289.2218365635409,74147,821,1473,23562,
289.2223471674929,74146,822,1473,23562,
289.2256730419812,74146,821,1474,23562,
289.2263841019978,74146,820,1475,23562,
289.2296611142832,74146,819,1476,23562,
289.23385208411133,74146,819,1475,23563,
289.2356819477906,74146,818,1476,23563,
289.2382241437918,74145,819,1476,23563,
289.2396460679208,74145,818,1477,23563,
289.2434963963531,74145,817,1478,23563,
289.2504320670276,74145,816,1479,23563,
289.25345190689785,74144,817,1479,23563,
289.2610538240801,74143,818,1479,23563,
289.2621961998236,74143,818,1478,23564,
289.2624060678982,74143,817,1479,23564,
289.2624655935612,74143,816,1480,23564,
289.26405109575296,74143,816,1479,23565,
289.26716733456806,74143,815,1480,23565,
289.2683347614532,74143,814,1481,23565,
289.26845683148554,74143,813,1482,23565,
289.2690367092272,74143,813,1481,23566,
289.2699516534585,74142,814,1481,23566,
289.27192186300357,74142,814,1480,23567,
289.27424711115805,74141,815,1480,23567,
289.2753438991399,74140,816,1480,23567,
289.27591569971855,74139,817,1480,23567,
289.2765719393057,74139,817,1479,23568,
289.2785838600652,74139,816,1480,23568,
289.28821599184073,74139,816,1479,23569,
289.29181102190705,74138,817,1479,23569,
289.29189691191954,74138,817,1478,23570,
289.2953285032239,74138,816,1479,23570,
289.2965480454938,74138,816,1478,23571,
289.29708311331603,74138,815,1479,23571,
289.2982453217778,74138,815,1478,23572,
289.3001509307313,74137,816,1478,23572,
289.30045751106513,74136,817,1478,23572,
289.30074327900724,74136,816,1479,23572,
289.30137622376185,74136,816,1478,23573,
289.30364197170616,74135,817,1478,23573,
289.30421954788625,74135,817,1477,23574,
289.3046642838065,74134,818,1477,23574,
289.3108267403733,74134,817,1478,23574,
289.31223677976016,74134,817,1477,23575,
289.312665558042,74134,816,1478,23575,
289.31285396578136,74133,817,1478,23575,
289.3133361810526,74133,816,1479,23575,
289.31624305745805,74133,815,1480,23575,
289.3167886534659,74133,814,1481,23575,
289.3169415228566,74132,815,1481,23575,
289.31757599900203,74131,816,1481,23575,
289.3185989202925,74130,817,1481,23575,
289.31969432818283,74130,816,1482,23575,
289.3197208698027,74130,816,1481,23576,
289.32031309635653,74130,816,1480,23577,
289.3217135156814,74130,816,1479,23578,
289.32399294626373,74129,817,1479,23578,
289.32744440601476,74128,818,1479,23578,
289.32870929444454,74128,818,1478,23579,
289.32953058701725,74128,818,1477,23580,
289.33269630581196,74128,817,1478,23580,
289.33392844801955,74128,817,1477,23581,
289.33564590648234,74128,816,1478,23581,
289.3357519912066,74128,816,1477,23582,
289.33986216666773,74127,817,1477,23582,
289.3404523943868,74127,817,1476,23583,
289.34265276320343,74127,816,1477,23583,
289.342769188809,74126,817,1477,23583,
289.34424169929423,74126,817,1476,23584,
289.3471780261509,74126,816,1477,23584,
289.35534815082747,74126,815,1478,23584,
289.3555703774891,74125,816,1478,23584,
289.36161685610085,74125,816,1477,23585,
289.36588469960867,74125,815,1478,23585,
289.3669465268036,74125,815,1477,23586,
289.3718118588813,74124,816,1477,23586,
289.37189921633774,74124,815,1478,23586,
289.37882762434873,74124,815,1477,23587,
289.38255296627227,74123,816,1477,23587,
289.3861379871157,74122,817,1477,23587,
289.38639559136413,74122,816,1478,23587,
289.38988348067784,74122,815,1479,23587,
289.39091751808155,74122,814,1480,23587,
289.3922471194042,74122,814,1479,23588,
289.3962719283258,74121,815,1479,23588,
289.3965177013488,74121,815,1478,23589,
289.3996423701695,74120,816,1478,23589,
289.3997046090086,74120,816,1477,23590,
289.400036932987,74120,815,1478,23590,
289.4059545213207,74119,816,1478,23590,
289.40604144844394,74118,817,1478,23590,
289.41216953467995,74118,816,1479,23590,
289.41319942175744,74118,815,1480,23590,
289.4148027537923,74117,816,1480,23590,
289.41620239173574,74117,815,1481,23590,
289.41690096100467,74117,814,1482,23590,
289.4187020381692,74116,815,1482,23590,
289.4201249539263,74116,814,1483,23590,
289.4211035112503,74116,814,1482,23591,
289.4232238125311,74115,815,1482,23591,
289.4242091725551,74115,815,1481,23592,
289.42746836117914,74114,816,1481,23592,
289.4279987660809,74113,817,1481,23592,
289.42888946437665,74113,817,1480,23593,
289.4301162372651,74113,817,1479,23594,
289.4337599279122,74113,817,1478,23595,
289.43435893124825,74113,817,1477,23596,
289.4356702935401,74113,816,1478,23596,
289.4394806588562,74113,815,1479,23596,
289.4404805459284,74112,816,1479,23596,
289.4419130587066,74112,816,1478,23597,
289.4453388003688,74112,815,1479,23597,
289.45245390419063,74112,815,1478,23598,
289.45361417403876,74112,815,1477,23599,
289.4557658632607,74111,816,1477,23599,
289.45639435166566,74111,815,1478,23599,
289.45736473466036,74110,816,1478,23599,
289.45739626752294,74110,816,1477,23600,
289.4595939593199,74110,815,1478,23600,
289.462324446243,74109,816,1478,23600,
289.4669827999019,74108,817,1478,23600,
289.47955734211746,74108,816,1479,23600,
289.4809467118992,74108,816,1478,23601,
289.4830394929132,74108,815,1479,23601,
289.4858532205964,74108,814,1480,23601,
289.48934992431765,74107,815,1480,23601,
289.4906156365943,74106,816,1480,23601,
289.49179046049744,74106,815,1481,23601,
289.4925057310823,74106,814,1482,23601,
289.49509068408645,74106,813,1483,23601,
289.49754884623275,74106,813,1482,23602,
289.50027657060707,74106,812,1483,23602,
289.50325486872157,74106,812,1482,23603,
289.51213023141025,74106,812,1481,23604,
289.51243027006717,74106,812,1480,23605,
289.5136886123739,74106,812,1479,23606,
289.5164887876677,74106,812,1478,23607,
289.51761626421154,74105,813,1478,23607,
289.52268785473257,74105,812,1479,23607,
289.5261358093031,74104,813,1479,23607,
289.5301643927421,74104,812,1480,23607,
289.5327038745803,74104,812,1479,23608,
289.5348209346072,74104,812,1478,23609,
289.53572924161125,74104,812,1477,23610,
289.53966149632413,74104,812,1476,23611,
289.54056375905833,74103,813,1476,23611,
289.544143512122,74103,812,1477,23611,
289.5461267267505,74102,813,1477,23611,
289.5489599412546,74102,812,1478,23611,
289.55133674982994,74101,813,1478,23611,
289.5530819208233,74100,814,1478,23611,
289.55360805856293,74100,814,1477,23612,
289.55448496429545,74099,815,1477,23612,
289.5551393405651,74099,815,1476,23613,
289.55914429202807,74099,815,1475,23614,
289.56011370349603,74098,816,1475,23614,
289.5603935654985,74097,817,1475,23614,
289.5628945223133,74096,818,1475,23614,
289.56541123102767,74095,819,1475,23614,
289.57146254674416,74095,819,1474,23615,
289.5724110454449,74095,819,1473,23616,
289.57260748819476,74095,818,1474,23616,
289.5732840044133,74095,818,1473,23617,
289.57367064792055,74094,819,1473,23617,
289.57668940589065,74093,820,1473,23617,
289.5798278570778,74092,821,1473,23617,
289.5801737502682,74092,820,1474,23617,
289.58182926242347,74092,819,1475,23617,
289.5823155504443,74092,819,1474,23618,
289.58386756926853,74092,818,1475,23618,
289.5843014594387,74091,819,1475,23618,
289.5861260240284,74090,820,1475,23618,
289.5889491596204,74090,819,1476,23618,
289.5890840821745,74090,818,1477,23618,
289.58911963878705,74090,818,1476,23619,
289.5895937544628,74090,818,1475,23620,
289.5898549146025,74090,817,1476,23620,
289.59262855475174,74090,816,1477,23620,
289.59483155160467,74089,817,1477,23620,
289.59679155024264,74089,817,1476,23621,
289.6071642843161,74089,817,1475,23622,
289.60862830382405,74088,818,1475,23622,
289.61659594673085,74088,818,1474,23623,
289.61685349208517,74088,817,1475,23623,
289.61778572362084,74088,817,1474,23624,
289.6218249201796,74087,818,1474,23624,
289.62305377300856,74087,817,1475,23624,
289.62447250985167,74086,818,1475,23624,
289.62666366105043,74086,818,1474,23625,
289.6281771251592,74086,818,1473,23626,
289.6299717337254,74085,819,1473,23626,
289.63041322753054,74085,818,1474,23626,
289.6312423554681,74084,819,1474,23626,
289.6336297350358,74084,819,1473,23627,
289.6339568642337,74084,819,1472,23628,
289.6350401433972,74084,819,1471,23629,
289.6382810250441,74084,818,1472,23629,
289.6387334499245,74084,818,1471,23630,
289.63962965197027,74084,818,1470,23631,
289.6397755832199,74083,819,1470,23631,
289.64522928407087,74083,819,1469,23632,
289.6479057395254,74083,819,1468,23633,
289.6493364770449,74082,820,1468,23633,
289.65077239613277,74082,820,1467,23634,
289.6521011383923,74082,820,1466,23635,
289.6530263181236,74082,820,1465,23636,
289.65321122412877,74082,819,1466,23636,
289.65330495539223,74082,818,1467,23636,
289.6541477405781,74082,817,1468,23636,
289.6558862885554,74082,816,1469,23636,
289.65739010425756,74082,816,1468,23637,
289.658106687236,74082,815,1469,23637,
289.6595182057741,74082,815,1468,23638,
289.6652574962238,74082,815,1467,23639,
289.6656862642126,74081,816,1467,23639,
289.66818771494366,74081,816,1466,23640,
289.668976927,74081,815,1467,23640,
289.66983051002904,74081,814,1468,23640,
289.669904154295,74081,813,1469,23640,
289.67020034785867,74081,813,1468,23641,
289.67713155256587,74081,812,1469,23641,
289.67851811964005,74081,812,1468,23642,
289.67873592933444,74081,811,1469,23642,
289.67910445486103,74081,810,1470,23642,
289.6826105450577,74081,809,1471,23642,
289.6836795734729,74081,808,1472,23642,
289.68648051626315,74081,808,1471,23643,
289.68865979067004,74081,808,1470,23644,
289.6900025331949,74081,808,1469,23645,
289.6900977894187,74080,809,1469,23645,
289.69057623410873,74079,810,1469,23645,
289.69146130805655,74079,809,1470,23645,
289.6921686924669,74079,808,1471,23645,
289.6948874955556,74079,808,1470,23646,
289.69560560735624,74079,808,1469,23647,
289.6958343536247,74079,807,1470,23647,
289.69623643277544,74078,808,1470,23647,
289.69964779771277,74078,807,1471,23647,
289.7037701466162,74078,806,1472,23647,
289.707322036564,74078,805,1473,23647,
289.7073589672298,74078,805,1472,23648,
289.70817016355744,74077,806,1472,23648,
289.7095031416037,74077,806,1471,23649,
289.71220396550746,74076,807,1471,23649,
289.7144989688643,74076,806,1472,23649,
289.7154000922486,74076,806,1471,23650,
289.71649422739677,74076,805,1472,23650,
289.7168955378072,74076,805,1471,23651,
289.71786753082563,74075,806,1471,23651,
289.7193730355645,74075,806,1470,23652,
289.71977121638497,74075,805,1471,23652,
289.72093961283485,74074,806,1471,23652,
289.7213687803664,74074,806,1470,23653,
289.7214652974649,74074,806,1469,23654,
289.7217515596921,74074,806,1468,23655,
289.72219435264066,74074,805,1469,23655,
289.72284600212123,74074,804,1470,23655,
289.72396873414755,74074,804,1469,23656,
289.7260563481646,74073,805,1469,23656,
289.7282246947001,74072,806,1469,23656,
289.7307996849354,74072,805,1470,23656,
289.73937024327756,74072,805,1469,23657,
289.73937213184325,74072,804,1470,23657,
289.73974187623963,74072,803,1471,23657,
289.7417247062196,74071,804,1471,23657,
289.74210361297673,74071,804,1470,23658,
289.74386062188,74071,804,1469,23659,
289.7458054859669,74071,803,1470,23659,
289.7479281348356,74071,802,1471,23659,
289.75541866481706,74071,801,1472,23659,
289.7568349188996,74070,802,1472,23659,
289.7570548262509,74070,801,1473,23659,
289.75799542082285,74069,802,1473,23659,
289.7607621994929,74069,801,1474,23659,
289.7610908793857,74068,802,1474,23659,
289.7649607384316,74068,801,1475,23659,
289.76525852036866,74067,802,1475,23659,
289.7697867744206,74067,802,1474,23660,
289.7698413694618,74066,803,1474,23660,
289.77295710268356,74065,804,1474,23660,
289.7747128082403,74065,803,1475,23660,
289.7773875252461,74065,802,1476,23660,
289.7774624686006,74064,803,1476,23660,
289.77837474349315,74063,804,1476,23660,
289.7792657414068,74063,804,1475,23661,
289.78193716977546,74062,805,1475,23661,
289.78287705350374,74062,805,1474,23662,
289.7832353578699,74062,804,1475,23662,
289.7832879084584,74062,804,1474,23663,
289.784590917835,74062,803,1475,23663,
289.7852547138053,74061,804,1475,23663,
289.78741703377335,74061,804,1474,23664,
289.7876547518923,74061,803,1475,23664,
289.78771190262336,74060,804,1475,23664,
289.7933317210821,74060,803,1476,23664,
289.7942272898094,74060,803,1475,23665,
289.795490146283,74060,802,1476,23665,
289.79612799856676,74059,803,1476,23665,
289.80004206535517,74059,802,1477,23665,
289.80194461675666,74059,802,1476,23666,
289.80504892881083,74059,801,1477,23666,
289.80550163271363,74059,801,1476,23667,
289.8067324237647,74058,802,1476,23667,
289.81023883818085,74058,801,1477,23667,
289.8118479276602,74058,800,1478,23667,
289.8122618408165,74058,800,1477,23668,
289.8161986838506,74058,800,1476,23669,
289.8180756521223,74058,800,1475,23670,
289.8185134702723,74058,799,1476,23670,
289.82228874529625,74057,800,1476,23670,
289.83215789117287,74057,800,1475,23671,
289.83315246102757,74057,799,1476,23671,
289.83803890628315,74056,800,1476,23671,
289.83869086171,74056,799,1477,23671,
289.8386968689171,74056,798,1478,23671,
289.8389919571601,74055,799,1478,23671,
289.83915743726493,74055,799,1477,23672,
289.8391659032654,74054,800,1477,23672,
289.8425017509705,74054,800,1476,23673,
289.8434348749305,74053,801,1476,23673,
289.8477792629515,74053,801,1475,23674,
289.8504596620682,74053,800,1476,23674,
289.85179376422224,74053,800,1475,23675,
289.852600614426,74052,801,1475,23675,
289.85473948301865,74051,802,1475,23675,
289.85495093932934,74051,802,1474,23676,
289.859176527756,74051,802,1473,23677,
289.860177354368,74051,802,1472,23678,
289.8616146844293,74051,801,1473,23678,
289.87252304818986,74051,800,1474,23678,
289.8776473200436,74051,799,1475,23678,
289.8783112366736,74051,798,1476,23678,
289.8800996550439,74051,798,1475,23679,
289.8810908054129,74050,799,1475,23679,
289.8845163286053,74050,799,1474,23680,
289.8845995995281,74050,798,1475,23680,
289.88566707991123,74050,797,1476,23680,
289.88733415200727,74050,796,1477,23680,
289.88847635920655,74049,797,1477,23680,
289.8886292524667,74048,798,1477,23680,
289.89258347304417,74048,797,1478,23680,
289.8931075266173,74047,798,1478,23680,
289.89421141837227,74047,798,1477,23681,
289.8964879162529,74047,798,1476,23682,
289.9045890297944,74047,797,1477,23682,
289.904882228695,74047,797,1476,23683,
289.90876701937526,74046,798,1476,23683,
289.912717966538,74045,799,1476,23683,
289.913288778162,74045,798,1477,23683,
289.91329495598677,74044,799,1477,23683,
289.9146042453976,74044,798,1478,23683,
289.9162765262812,74044,797,1479,23683,
289.91840311557036,74044,797,1478,23684,
289.92357978784946,74044,796,1479,23684,
289.92368029139925,74044,795,1480,23684,
289.9253484868153,74044,794,1481,23684,
289.9268295868817,74044,794,1480,23685,
289.9275865984604,74044,794,1479,23686,
289.9276296267047,74044,794,1478,23687,
289.9301140903106,74044,793,1479,23687,
289.93296883467764,74043,794,1479,23687,
289.93551980604434,74043,793,1480,23687,
289.9365117387902,74043,793,1479,23688,
289.9366759492083,74042,794,1479,23688,
289.93671143915236,74042,793,1480,23688,
289.9370596154391,74042,793,1479,23689,
289.94325528794377,74042,793,1478,23690,
289.94446978696885,74042,793,1477,23691,
289.94641615091547,74041,794,1477,23691,
289.9471898912982,74040,795,1477,23691,
289.9511942362643,74040,795,1476,23692,
289.9519666895317,74040,794,1477,23692,
289.95274763891734,74040,793,1478,23692,
289.9531136662897,74040,793,1477,23693,
289.9539621736037,74039,794,1477,23693,
289.95660107993825,74039,793,1478,23693,
289.95789874413646,74039,793,1477,23694,
289.95906207513565,74038,794,1477,23694,
289.9628062788874,74038,793,1478,23694,
289.9660304670985,74037,794,1478,23694,
289.96688896562983,74037,794,1477,23695,
289.9672567974841,74036,795,1477,23695,
289.9735615709554,74035,796,1477,23695,
289.97414042859066,74035,796,1476,23696,
289.97827507503644,74034,797,1476,23696,
289.9785047304998,74034,797,1475,23697,
289.97953966960534,74034,796,1476,23697,
289.98686651199677,74034,795,1477,23697,
289.98770190567564,74033,796,1477,23697,
289.9889723815206,74033,796,1476,23698,
289.989389122243,74033,796,1475,23699,
289.99081314434164,74032,797,1475,23699,
289.9948164158452,74032,797,1474,23700,
289.9959703713047,74032,797,1473,23701,
289.9960936991208,74032,797,1472,23702,
289.99687999404273,74032,797,1471,23703,
290.0007295653738,74031,798,1471,23703,
290.0021201434422,74031,797,1472,23703,
290.0021522109367,74031,797,1471,23704,
290.00396105283954,74030,798,1471,23704,
290.0042941769739,74029,799,1471,23704,
290.00444195598567,74029,798,1472,23704,
290.00475482056527,74029,798,1471,23705,
290.01084208255946,74028,799,1471,23705,
290.011564470853,74028,798,1472,23705,
290.01186985197626,74028,798,1471,23706,
290.0121422921224,74027,799,1471,23706,
290.01523898227003,74026,800,1471,23706,
290.0168163647791,74026,800,1470,23707,
290.02009590404566,74025,801,1470,23707,
290.0228617333561,74025,801,1469,23708,
290.02549177590953,74025,800,1470,23708,
290.0260835494712,74025,800,1469,23709,
290.0277868269486,74025,800,1468,23710,
290.03026229780505,74024,801,1468,23710,
290.03105135491086,74024,801,1467,23711,
290.0338404974027,74023,802,1467,23711,
290.03593796231894,74023,802,1466,23712,
290.03903996552845,74023,801,1467,23712,
290.03989395862976,74023,800,1468,23712,
290.04170879831395,74022,801,1468,23712,
290.0424812161727,74022,800,1469,23712,
290.0445542757408,74022,800,1468,23713,
290.04493031973226,74022,799,1469,23713,
290.0453129682087,74022,798,1470,23713,
290.0519694204188,74021,799,1470,23713,
290.0526652743688,74021,798,1471,23713,
290.0532070115298,74020,799,1471,23713,
290.0591656555228,74020,798,1472,23713,
290.06041417475365,74020,797,1473,23713,
290.0617415137378,74020,797,1472,23714,
290.06374837142266,74020,796,1473,23714,
290.0643798233324,74020,796,1472,23715,
290.0687634896605,74020,796,1471,23716,
290.07274194334565,74019,797,1471,23716,
290.0753627386182,74019,797,1470,23717,
290.0765108940989,74019,797,1469,23718,
290.0825676604499,74019,797,1468,23719,
290.08459682568906,74018,798,1468,23719,
290.0849887377566,74018,798,1467,23720,
290.0854135331237,74018,798,1466,23721,
290.0857245108374,74018,797,1467,23721,
290.0946559950093,74018,797,1466,23722,
290.09468017818597,74017,798,1466,23722,
290.0958022213815,74016,799,1466,23722,
290.0986912223783,74016,798,1467,23722,
290.10037884929045,74016,798,1466,23723,
290.1018946640064,74016,798,1465,23724,
290.1026489903302,74016,797,1466,23724,
290.10731413036115,74016,797,1465,23725,
290.1077097320846,74015,798,1465,23725,
290.11572907424016,74015,798,1464,23726,
290.117410904294,74015,798,1463,23727,
290.1178742977261,74014,799,1463,23727,
290.11990134558795,74014,799,1462,23728,
290.1203941142278,74014,798,1463,23728,
290.1208751886068,74014,798,1462,23729,
290.1212554156264,74014,797,1463,23729,
290.1225893343661,74013,798,1463,23729,
290.1235890834717,74013,797,1464,23729,
290.12792246236177,74013,796,1465,23729,
290.1280118030631,74013,795,1466,23729,
290.1286762790971,74013,795,1465,23730,
290.1342821304044,74013,795,1464,23731,
290.14314033787156,74012,796,1464,23731,
290.14353346985837,74012,796,1463,23732,
290.14547704880164,74012,795,1464,23732,
290.14656885741726,74012,795,1463,23733,
290.146959865734,74011,796,1463,23733,
290.1474505660631,74011,796,1462,23734,
290.1495025030251,74010,797,1462,23734,
290.15008939461876,74010,796,1463,23734,
290.1503671062318,74009,797,1463,23734,
290.1504499058077,74009,797,1462,23735,
290.1510032076645,74009,797,1461,23736,
290.15536111272354,74008,798,1461,23736,
290.15722156047894,74008,797,1462,23736,
290.1581717833395,74008,797,1461,23737,
290.1593526679478,74007,798,1461,23737,
290.1607557174917,74007,798,1460,23738,
290.16150448337305,74006,799,1460,23738,
290.1622441663423,74006,798,1461,23738,
290.1631624563313,74005,799,1461,23738,
290.16408239314984,74004,800,1461,23738,
290.16733800664525,74004,800,1460,23739,
290.1712357352824,74004,799,1461,23739,
290.17181989513193,74003,800,1461,23739,
290.17379985364875,74003,800,1460,23740,
290.1739730523758,74003,800,1459,23741,
290.17411420874964,74003,799,1460,23741,
290.17550899932434,74003,798,1461,23741,
290.17841039962696,74003,798,1460,23742,
290.1786370457462,74003,798,1459,23743,
290.1791169159685,74003,798,1458,23744,
290.1792406243155,74002,799,1458,23744,
290.1794052747163,74002,799,1457,23745,
290.1813239509854,74001,800,1457,23745,
290.1815496185395,74001,799,1458,23745,
290.183482945306,74000,800,1458,23745,
290.184661642032,73999,801,1458,23745,
290.18899444541455,73999,801,1457,23746,
290.189964250651,73999,801,1456,23747,
290.19242775952785,73999,800,1457,23747,
290.19354574287405,73998,801,1457,23747,
290.19370713915214,73998,800,1458,23747,
290.1949553655111,73997,801,1458,23747,
290.1951852108854,73997,801,1457,23748,
290.1972522850147,73997,800,1458,23748,
290.20209341859544,73997,800,1457,23749,
290.20233262351167,73997,800,1456,23750,
290.2030198394552,73997,800,1455,23751,
290.2030526277441,73997,800,1454,23752,
290.20388209143107,73996,801,1454,23752,
290.20568434806506,73996,801,1453,23753,
290.2079721269014,73996,800,1454,23753,
290.2107454516343,73996,799,1455,23753,
290.2116812767778,73996,799,1454,23754,
290.21169759991596,73995,800,1454,23754,
290.21194142297077,73994,801,1454,23754,
290.21317619393767,73994,800,1455,23754,
290.21359891232385,73993,801,1455,23754,
290.2147811863777,73993,801,1454,23755,
290.21551949906984,73993,801,1453,23756,
290.2159396312383,73992,802,1453,23756,
290.2200261442747,73991,803,1453,23756,
290.22081564133737,73990,804,1453,23756,
290.2209044007648,73990,804,1452,23757,
290.22187926178214,73990,804,1451,23758,
290.22364501804293,73990,804,1450,23759,
290.22391251379105,73989,805,1450,23759,
290.2246188546367,73989,804,1451,23759,
290.2266209472937,73989,804,1450,23760,
290.22692234911443,73989,804,1449,23761,
290.2274252669123,73988,805,1449,23761,
290.2288077242844,73988,805,1448,23762,
290.2303720915633,73988,804,1449,23762,
290.23592269977615,73988,804,1448,23763,
290.23845005577294,73988,803,1449,23763,
290.24081306870767,73987,804,1449,23763,
290.24128541891747,73987,804,1448,23764,
290.24248365316777,73987,804,1447,23765,
290.24457096294503,73986,805,1447,23765,
290.24702549946267,73986,805,1446,23766,
290.24973970185846,73986,804,1447,23766,
290.2510891406692,73985,805,1447,23766,
290.25346416055294,73985,805,1446,23767,
290.25445976265604,73985,804,1447,23767,
290.2551217978972,73985,803,1448,23767,
290.2573014903345,73984,804,1448,23767,
290.2611766835652,73984,804,1447,23768,
290.26117919761015,73983,805,1447,23768,
290.2653275947039,73983,805,1446,23769,
290.26914119849914,73982,806,1446,23769,
290.2699629650013,73981,807,1446,23769,
290.2718295677697,73981,807,1445,23770,
290.2734453835706,73980,808,1445,23770,
290.27423269631765,73980,807,1446,23770,
290.2783932169928,73979,808,1446,23770,
290.28030115590104,73979,807,1447,23770,
290.28584364109975,73978,808,1447,23770,
290.28588624175467,73978,808,1446,23771,
290.2901351075576,73978,808,1445,23772,
290.2904598325896,73978,807,1446,23772,
290.2996096096914,73978,806,1447,23772,
290.2998652762737,73978,806,1446,23773,
290.30017756005145,73978,805,1447,23773,
290.30548081828556,73978,805,1446,23774,
290.3059770819937,73977,806,1446,23774,
290.3064595594799,73977,806,1445,23775,
290.3072951457378,73976,807,1445,23775,
290.30765954313387,73976,806,1446,23775,
290.3080744833404,73975,807,1446,23775,
290.3082682195775,73974,808,1446,23775,
290.31174514674086,73974,807,1447,23775,
290.31297379142666,73974,806,1448,23775,
290.3143865803546,73974,806,1447,23776,
290.31522179501155,73974,805,1448,23776,
290.31806424169275,73974,805,1447,23777,
290.3204321362342,73974,805,1446,23778,
290.3217182610403,73974,805,1445,23779,
290.32753343412156,73974,804,1446,23779,
290.3283862020951,73974,804,1445,23780,
290.33010157164995,73973,805,1445,23780,
290.331831156397,73973,804,1446,23780,
290.33238201527865,73973,803,1447,23780,
290.33339671456633,73973,803,1446,23781,
290.334696274251,73973,802,1447,23781,
290.33811709981967,73973,801,1448,23781,
290.33860447244405,73973,800,1449,23781,
290.3394054743553,73973,800,1448,23782,
290.3404520567935,73973,800,1447,23783,
290.34120179583397,73972,801,1447,23783,
290.34129540053647,73971,802,1447,23783,
290.34200213173335,73971,801,1448,23783,
290.34261338891315,73970,802,1448,23783,
290.3432271267526,73970,801,1449,23783,
290.34561432614015,73970,801,1448,23784,
290.34621494266577,73970,801,1447,23785,
290.34668867188986,73969,802,1447,23785,
290.35357552888206,73968,803,1447,23785,
290.35376983064964,73967,804,1447,23785,
290.35532166917443,73967,803,1448,23785,
290.3556209756274,73967,803,1447,23786,
290.35811646933905,73967,803,1446,23787,
290.3609983943706,73967,802,1447,23787,
290.3644755197041,73967,801,1448,23787,
290.36724778949144,73967,801,1447,23788,
290.36933405229325,73966,802,1447,23788,
290.37044568858875,73965,803,1447,23788,
290.371967732186,73964,804,1447,23788,
290.37791122524067,73964,803,1448,23788,
290.3803630781363,73964,803,1447,23789,
290.38356130296756,73964,802,1448,23789,
290.3853260694574,73963,803,1448,23789,
290.38982634498416,73963,803,1447,23790,
290.3913489691277,73962,804,1447,23790,
290.39216718529275,73962,803,1448,23790,
290.39591411906224,73962,803,1447,23791,
290.39603758457525,73962,803,1446,23792,
290.3961328950465,73961,804,1446,23792,
290.4005225260284,73961,803,1447,23792,
290.4024374968799,73961,803,1446,23793,
290.4036032271825,73961,802,1447,23793,
290.4057711723109,73960,803,1447,23793,
290.4067298173158,73960,802,1448,23793,
290.40696422640434,73959,803,1448,23793,
290.4127393775087,73959,802,1449,23793,
290.4161956743787,73959,801,1450,23793,
290.4163100727901,73958,802,1450,23793,
290.4177722713529,73958,801,1451,23793,
290.42257287070385,73958,801,1450,23794,
290.4294544399536,73957,802,1450,23794,
290.43818280009214,73957,801,1451,23794,
290.4382859516419,73956,802,1451,23794,
290.4384194860319,73956,802,1450,23795,
290.44135639243143,73956,802,1449,23796,
290.4433010784575,73956,802,1448,23797,
290.443305717386,73955,803,1448,23797,
290.44426023561925,73955,802,1449,23797,
290.44430985367813,73954,803,1449,23797,
290.4460841075359,73954,802,1450,23797,
290.4475915294563,73954,801,1451,23797,
290.44790772706176,73954,800,1452,23797,
290.45130768648414,73954,799,1453,23797,
290.4574099273576,73953,800,1453,23797,
290.4611174746549,73952,801,1453,23797,
290.462754972079,73952,801,1452,23798,
290.4652546293512,73951,802,1452,23798,
290.46999486892616,73951,802,1451,23799,
290.47045532404115,73951,801,1452,23799,
290.4712329220558,73951,800,1453,23799,
290.472236053069,73951,799,1454,23799,
290.4780026819351,73951,799,1453,23800,
290.4794690434359,73951,798,1454,23800,
290.48039688223685,73950,799,1454,23800,
290.4846718785906,73949,800,1454,23800,
290.48861327719106,73949,799,1455,23800,
290.489174949048,73949,798,1456,23800,
290.48934049549416,73949,797,1457,23800,
290.49163285379836,73949,797,1456,23801,
290.49249709371514,73948,798,1456,23801,
290.49303311092837,73948,798,1455,23802,
290.4935974179536,73947,799,1455,23802,
290.4936267925334,73947,799,1454,23803,
290.4959130610328,73947,798,1455,23803,
290.4970484140808,73946,799,1455,23803,
290.49710953864405,73946,799,1454,23804,
290.49783713045355,73946,799,1453,23805,
290.4978722098254,73946,798,1454,23805,
290.4997725830408,73945,799,1454,23805,
290.50014321544364,73945,798,1455,23805,
290.50109637676337,73945,798,1454,23806,
290.50383313850995,73944,799,1454,23806,
290.5045106669405,73944,799,1453,23807,
290.5068582443572,73943,800,1453,23807,
290.5107721920551,73943,799,1454,23807,
290.5148962729809,73943,799,1453,23808,
290.51562229102205,73942,800,1453,23808,
290.51586834190886,73942,799,1454,23808,
290.51624349190723,73941,800,1454,23808,
290.51733594498677,73941,800,1453,23809,
290.51971087524976,73941,800,1452,23810,
290.5217185939556,73940,801,1452,23810,
290.521960470408,73940,800,1453,23810,
290.526405809655,73940,800,1452,23811,
290.52664928792643,73940,800,1451,23812,
290.53070030705453,73940,800,1450,23813,
290.5307147666927,73940,800,1449,23814,
290.53109492240736,73940,799,1450,23814,
290.53149312424057,73939,800,1450,23814,
290.53673663689955,73938,801,1450,23814,
290.53819003377004,73938,801,1449,23815,
290.53857849462827,73938,801,1448,23816,
290.5390400038708,73938,801,1447,23817,
290.53944432703054,73937,802,1447,23817,
290.54042102073436,73937,801,1448,23817,
290.54043518675974,73937,800,1449,23817,
290.5480904156573,73937,800,1448,23818,
290.55223810661806,73937,799,1449,23818,
290.5526567618116,73937,799,1448,23819,
290.55442193397107,73937,798,1449,23819,
290.5551340816557,73936,799,1449,23819,
290.5619966306746,73936,799,1448,23820,
290.56864649165334,73936,798,1449,23820,
290.5688940755061,73936,798,1448,23821,
290.5697967636156,73936,797,1449,23821,
290.5707222383756,73935,798,1449,23821,
290.5715275666656,73935,798,1448,23822,
290.5741348839701,73935,798,1447,23823,
290.5798580181779,73935,798,1446,23824,
290.58760183227344,73935,798,1445,23825,
290.5888443627263,73935,797,1446,23825,
290.5892905052593,73935,797,1445,23826,
290.5921706950255,73934,798,1445,23826,
290.5930945330435,73934,798,1444,23827,
290.59328653352924,73934,797,1445,23827,
290.5942623281594,73933,798,1445,23827,
290.5946314617777,73933,798,1444,23828,
290.59482665127183,73933,798,1443,23829,
290.5958036522495,73933,797,1444,23829,
290.59903526273456,73932,798,1444,23829,
290.6008592039748,73932,797,1445,23829,
290.60245713316294,73931,798,1445,23829,
290.60452459368247,73930,799,1445,23829,
290.60835436767445,73929,800,1445,23829,
290.60943304519935,73929,800,1444,23830,
290.612814811275,73929,800,1443,23831,
290.61630008766684,73929,800,1442,23832,
290.6168171656728,73929,800,1441,23833,
290.6170630795927,73929,800,1440,23834,
290.61829899479864,73929,799,1441,23834,
290.6216140318808,73929,798,1442,23834,
290.6267365342413,73928,799,1442,23834,
290.6278281324428,73928,798,1443,23834,
290.62950843284165,73928,798,1442,23835,
290.632283272782,73928,798,1441,23836,
290.632828939545,73928,797,1442,23836,
290.6370454206374,73928,797,1441,23837,
290.63950280462734,73928,796,1442,23837,
290.6411974328553,73928,795,1443,23837,
290.6413003541597,73928,795,1442,23838,
290.6415164262107,73928,795,1441,23839,
290.6422785810441,73927,796,1441,23839,
290.64269414270274,73927,795,1442,23839,
290.6430815572275,73926,796,1442,23839,
290.64391242013426,73926,795,1443,23839,
290.64599791335525,73925,796,1443,23839,
290.64765598276074,73924,797,1443,23839,
290.6480916230166,73923,798,1443,23839,
290.64917794247685,73922,799,1443,23839,
290.6508037894454,73922,798,1444,23839,
290.65200335526504,73922,797,1445,23839,
290.6548872646115,73922,797,1444,23840,
290.66054591327776,73922,797,1443,23841,
290.66239849576493,73922,796,1444,23841,
290.66243209983645,73922,796,1443,23842,
290.66616672157295,73922,796,1442,23843,
290.66670440169054,73922,795,1443,23843,
290.66926167986156,73922,794,1444,23843,
290.670738259973,73922,794,1443,23844,
290.671000135547,73921,795,1443,23844,
290.67143214758386,73920,796,1443,23844,
290.673346380736,73920,795,1444,23844,
290.674727859358,73920,795,1443,23845,
290.67617288151746,73920,795,1442,23846,
290.6773459747181,73920,794,1443,23846,
290.6785214399399,73919,795,1443,23846,
290.6803139981251,73918,796,1443,23846,
290.68373270254125,73917,797,1443,23846,
290.6851641913095,73917,796,1444,23846,
290.68517641014904,73916,797,1444,23846,
290.6861297836216,73916,797,1443,23847,
290.6868074295517,73916,796,1444,23847,
290.6955787495309,73916,796,1443,23848,
290.69558585218505,73915,797,1443,23848,
290.6978595918583,73915,797,1442,23849,
290.6991288861766,73915,796,1443,23849,
290.7009624757357,73915,796,1442,23850,
290.70732167202544,73915,796,1441,23851,
290.71211528005637,73914,797,1441,23851,
290.71352257314254,73914,796,1442,23851,
290.715531948234,73914,795,1443,23851,
290.716029090229,73914,795,1442,23852,
290.71820727789225,73913,796,1442,23852,
290.7189467556161,73913,796,1441,23853,
290.7211922597299,73912,797,1441,23853,
290.7236279993144,73912,796,1442,23853,
290.7252428366824,73912,795,1443,23853,
290.7263654375995,73912,795,1442,23854,
290.72666414099393,73912,795,1441,23855,
290.72734554628505,73911,796,1441,23855,
290.72896058995525,73910,797,1441,23855,
290.7291471309508,73909,798,1441,23855,
290.73024880020125,73908,799,1441,23855,
290.73102531922075,73907,800,1441,23855,
290.73280446671896,73907,800,1440,23856,
290.73379814682795,73907,800,1439,23857,
290.7340416663643,73907,799,1440,23857,
290.7358641229929,73907,798,1441,23857,
290.73616781436687,73907,797,1442,23857,
290.738406948199,73906,798,1442,23857,
290.7450139190735,73906,797,1443,23857,
290.74984661186915,73906,796,1444,23857,
290.7520473269053,73905,797,1444,23857,
290.7530590380363,73905,797,1443,23858,
290.75441286294813,73905,797,1442,23859,
290.7551828209437,73905,796,1443,23859,
290.7641166512497,73904,797,1443,23859,
290.766190322915,73904,797,1442,23860,
290.76924780101854,73904,796,1443,23860,
290.7716686497876,73904,796,1442,23861,
290.7716817685985,73904,796,1441,23862,
290.7727400045452,73904,795,1442,23862,
290.78394575691436,73904,794,1443,23862,
290.7850721632919,73903,795,1443,23862,
290.7854680934602,73903,794,1444,23862,
290.78656738284354,73902,795,1444,23862,
290.7887837660037,73902,795,1443,23863,
290.79015837200075,73901,796,1443,23863,
290.7908411381642,73901,796,1442,23864,
290.7913171323979,73900,797,1442,23864,
290.79449008344153,73899,798,1442,23864,
290.7946101977263,73899,798,1441,23865,
290.79499822890887,73899,798,1440,23866,
290.8030245723056,73899,798,1439,23867,
290.80324818926346,73898,799,1439,23867,
290.8048271239269,73898,798,1440,23867,
290.8085554459398,73898,798,1439,23868,
290.8119093766317,73898,797,1440,23868,
290.81728754830516,73898,796,1441,23868,
290.8173134551786,73898,796,1440,23869,
290.8188746279809,73898,795,1441,23869,
290.8196691747901,73897,796,1441,23869,
290.8202438863712,73897,796,1440,23870,
290.8203215162321,73896,797,1440,23870,
290.82242705112714,73896,796,1441,23870,
290.8239826755609,73896,795,1442,23870,
290.8253191229848,73895,796,1442,23870,
290.82714103686254,73894,797,1442,23870,
290.8271521927021,73894,797,1441,23871,
290.8277848837477,73894,797,1440,23872,
290.82889500084366,73893,798,1440,23872,
290.8343525592307,73892,799,1440,23872,
290.8344664064155,73892,798,1441,23872,
290.8350809063196,73891,799,1441,23872,
290.8363596341523,73891,799,1440,23873,
290.8368866846142,73891,798,1441,23873,
290.8408541239138,73891,798,1440,23874,
290.84185680062484,73891,798,1439,23875,
290.8423160826891,73891,798,1438,23876,
290.8485909032307,73891,798,1437,23877,
290.85024266431003,73890,799,1437,23877,
290.85087031158514,73890,799,1436,23878,
290.8521947595319,73890,798,1437,23878,
290.85373021497435,73890,798,1436,23879,
290.8545819411549,73890,797,1437,23879,
290.8585920411992,73890,797,1436,23880,
290.8631829332527,73890,797,1435,23881,
290.87016611664643,73890,797,1434,23882,
290.8753134309847,73890,797,1433,23883,
290.8756896519838,73890,797,1432,23884,
290.87989363078543,73890,796,1433,23884,
290.8816608884032,73889,797,1433,23884,
290.88358318177836,73889,797,1432,23885,
290.8879667143587,73889,796,1433,23885,
290.88867197412515,73889,796,1432,23886,
290.89444165306566,73889,796,1431,23887,
290.896559560066,73889,796,1430,23888,
290.90768764080116,73889,796,1429,23889,
290.9120090812437,73889,796,1428,23890,
290.91313091222685,73888,797,1428,23890,
290.9143762669136,73888,797,1427,23891,
290.91499402720706,73887,798,1427,23891,
290.9151613618889,73887,798,1426,23892,
290.91654138856825,73887,798,1425,23893,
290.9167858880721,73887,797,1426,23893,
290.918470012896,73886,798,1426,23893,
290.91885964513386,73886,798,1425,23894,
290.9204438584555,73886,798,1424,23895,
290.9215973327312,73886,797,1425,23895,
290.9216535725796,73886,796,1426,23895,
290.92330100270703,73886,796,1425,23896,
290.9308270488772,73886,796,1424,23897,
290.93271345397983,73886,796,1423,23898,
290.9336732179163,73886,796,1422,23899,
290.9350433755989,73886,796,1421,23900,
290.9362074190902,73885,797,1421,23900,
290.9378533589539,73885,796,1422,23900,
290.9461515750195,73885,795,1423,23900,
290.9556980499989,73884,796,1423,23900,
290.95620176775367,73884,796,1422,23901,
290.9584112003788,73884,795,1423,23901,
290.959291483344,73883,796,1423,23901,
290.96251254178566,73882,797,1423,23901,
290.9656893876358,73881,798,1423,23901,
290.96658552168634,73881,798,1422,23902,
290.9670891940426,73880,799,1422,23902,
290.96748344860697,73880,799,1421,23903,
290.96851811606655,73880,799,1420,23904,
290.9697919397425,73879,800,1420,23904,
290.97300969630305,73879,799,1421,23904,
290.97312785147057,73879,799,1420,23905,
290.976013187778,73879,798,1421,23905,
290.9828371403455,73879,797,1422,23905,
290.98544733301566,73879,797,1421,23906,
290.98695583482566,73879,797,1420,23907,
290.98810788257134,73878,798,1420,23907,
290.9886810362666,73878,798,1419,23908,
290.9893257525708,73877,799,1419,23908,
290.989545899301,73877,798,1420,23908,
290.99051125565364,73876,799,1420,23908,
290.992561892971,73875,800,1420,23908,
290.99334705161334,73874,801,1420,23908,
290.9946808382698,73873,802,1420,23908,
290.9954056862414,73872,803,1420,23908,
290.99559565828076,73872,802,1421,23908,
290.9997129055637,73871,803,1421,23908,
291.0050627541317,73871,802,1422,23908,
291.00799732956466,73871,801,1423,23908,
291.0084256273092,73870,802,1423,23908,
291.0116669781697,73870,801,1424,23908,
291.013011031922,73870,800,1425,23908,
291.0131015914227,73870,800,1424,23909,
291.0136147885847,73870,799,1425,23909,
291.0166921257593,73869,800,1425,23909,
291.0231547873873,73869,799,1426,23909,
291.02333649143105,73869,799,1425,23910,
291.0233568949237,73869,799,1424,23911,
291.03227465005176,73869,798,1425,23911,
291.03291400740795,73869,798,1424,23912,
291.03341782487036,73869,798,1423,23913,
291.0351699037237,73869,798,1422,23914,
291.041317781157,73869,798,1421,23915,
291.0425689919733,73869,798,1420,23916,
291.0429780388318,73868,799,1420,23916,
291.04635942580234,73868,799,1419,23917,
291.048452956153,73868,799,1418,23918,
291.0487814910761,73867,800,1418,23918,
291.0494933687779,73866,801,1418,23918,
291.0540123044098,73866,801,1417,23919,
291.056767504575,73866,800,1418,23919,
291.06014618491395,73866,800,1417,23920,
291.06120475916254,73865,801,1417,23920,
291.0648701256107,73865,801,1416,23921,
291.06547549617426,73865,801,1415,23922,
291.0659807416606,73864,802,1415,23922,
291.06676692859065,73864,801,1416,23922,
291.0704551990112,73863,802,1416,23922,
291.07076403453704,73862,803,1416,23922,
291.07860837444855,73862,802,1417,23922,
291.07864791374584,73861,803,1417,23922,
291.0803888739683,73861,803,1416,23923,
291.08362525490577,73861,802,1417,23923,
291.0847668595674,73861,802,1416,23924,
291.0852264333825,73860,803,1416,23924,
291.08648670375703,73860,802,1417,23924,
291.086642273195,73860,801,1418,23924,
291.08794582982944,73860,801,1417,23925,
291.0891736797148,73859,802,1417,23925,
291.0929335056051,73859,802,1416,23926,
291.09466379140093,73858,803,1416,23926,
291.0948346324896,73858,803,1415,23927,
291.09972331545015,73858,803,1414,23928,
291.10278517122856,73858,802,1415,23928,
291.1031417196435,73858,802,1414,23929,
291.11383820746204,73858,802,1413,23930,
291.11553517897727,73858,802,1412,23931,
291.1184094510413,73857,803,1412,23931,
291.1213952382475,73857,803,1411,23932,
291.1215601435553,73857,802,1412,23932,
291.12193758177744,73857,801,1413,23932,
291.12244966386953,73857,801,1412,23933,
291.12301499289003,73857,800,1413,23933,
291.12383186615114,73857,800,1412,23934,
291.12406159417935,73856,801,1412,23934,
291.1247800144293,73856,800,1413,23934,
291.1286760086043,73856,799,1414,23934,
291.1303519306945,73855,800,1414,23934,
291.13226335909064,73855,800,1413,23935,
291.1349773214916,73855,800,1412,23936,
291.13670401353716,73854,801,1412,23936,
291.1377543298797,73854,801,1411,23937,
291.1381689042958,73854,800,1412,23937,
291.1390606154722,73854,799,1413,23937,
291.1421460891193,73854,799,1412,23938,
291.14225739466224,73854,799,1411,23939,
291.14302307154566,73854,799,1410,23940,
291.1453663424543,73854,798,1411,23940,
291.14745890108173,73854,798,1410,23941,
291.1476040142946,73854,798,1409,23942,
291.14765734118237,73854,797,1410,23942,
291.1502486861517,73853,798,1410,23942,
291.1511715005637,73853,797,1411,23942,
291.1526861480203,73853,796,1412,23942,
291.153241445514,73853,796,1411,23943,
291.15384748834884,73853,796,1410,23944,
291.15407877581305,73853,796,1409,23945,
291.1548874219694,73853,796,1408,23946,
291.1569692644803,73853,796,1407,23947,
291.1596879716683,73853,795,1408,23947,
291.1615428027798,73853,795,1407,23948,
291.1634123081852,73852,796,1407,23948,
291.1696767638508,73852,795,1408,23948,
291.16980184268164,73851,796,1408,23948,
291.1707138636318,73850,797,1408,23948,
291.171183885329,73849,798,1408,23948,
291.171328750502,73849,797,1409,23948,
291.17247002720353,73849,796,1410,23948,
291.1747297941878,73848,797,1410,23948,
291.182473142869,73848,797,1409,23949,
291.1836323856872,73847,798,1409,23949,
291.1844275261535,73847,797,1410,23949,
291.1847000259985,73847,797,1409,23950,
291.1849458613902,73846,798,1409,23950,
291.18967399812243,73845,799,1409,23950,
291.1899234580837,73845,798,1410,23950,
291.1928475657154,73845,798,1409,23951,
291.20122871588393,73844,799,1409,23951,
291.20280106245076,73844,798,1410,23951,
291.2029066357094,73844,797,1411,23951,
291.2035269583976,73844,796,1412,23951,
291.20592097233754,73844,795,1413,23951,
291.20598758594497,73844,794,1414,23951,
291.20623402385115,73843,795,1414,23951,
291.208926638089,73843,794,1415,23951,
291.2090521146249,73842,795,1415,23951,
291.21056910666823,73842,795,1414,23952,
291.2110045068788,73842,795,1413,23953,
291.21326398638985,73842,795,1412,23954,
291.21384295207315,73841,796,1412,23954,
291.2140027927115,73841,795,1413,23954,
291.21669455136544,73841,795,1412,23955,
291.2171942911016,73841,795,1411,23956,
291.21824832260296,73841,795,1410,23957,
291.2208856122779,73841,794,1411,23957,
291.2239518389596,73841,793,1412,23957,
291.2242944801878,73841,793,1411,23958,
291.22465237572646,73840,794,1411,23958,
291.2252618278916,73840,794,1410,23959,
291.22600845143995,73839,795,1410,23959,
291.2267245854159,73838,796,1410,23959,
291.2278386475555,73838,795,1411,23959,
291.22786583255953,73838,794,1412,23959,
291.2319987324519,73838,793,1413,23959,
291.23433005263394,73838,793,1412,23960,
291.23477144970474,73838,792,1413,23960,
291.2386666667746,73838,791,1414,23960,
291.23888375259594,73837,792,1414,23960,
291.23890382882627,73837,791,1415,23960,
291.24148869763553,73837,790,1416,23960,
291.2421802765363,73837,789,1417,23960,
291.2428887346402,73837,788,1418,23960,
291.24397080514115,73837,787,1419,23960,
291.2476538006087,73837,786,1420,23960,
291.2476796318053,73837,785,1421,23960,
291.24827028348534,73837,785,1420,23961,
291.24878329423154,73836,786,1420,23961,
291.2531333790136,73835,787,1420,23961,
291.25661081420714,73835,786,1421,23961,
291.2577541580379,73834,787,1421,23961,
291.2583529570125,73834,787,1420,23962,
291.2586698235972,73834,786,1421,23962,
291.2592701862263,73834,785,1422,23962,
291.2616174641077,73834,784,1423,23962,
291.26173486715794,73834,783,1424,23962,
291.2622146535558,73834,782,1425,23962,
291.2644177053527,73834,781,1426,23962,
291.2680942966151,73833,782,1426,23962,
291.2709485421627,73833,781,1427,23962,
291.2737074047316,73833,781,1426,23963,
291.27586411968394,73833,780,1427,23963,
291.27970496852816,73833,779,1428,23963,
291.28096493703544,73833,779,1427,23964,
291.28492582044635,73833,778,1428,23964,
291.2902451181216,73833,778,1427,23965,
291.2927711070696,73833,778,1426,23966,
291.2933013423735,73833,777,1427,23966,
291.294010360689,73833,777,1426,23967,
291.29524901717195,73833,776,1427,23967,
291.2987520434855,73832,777,1427,23967,
291.2998589460335,73831,778,1427,23967,
291.30112915486154,73831,778,1426,23968,
291.30146646858594,73831,777,1427,23968,
291.30250327850484,73831,776,1428,23968,
291.30912330043213,73831,776,1427,23969,
291.3139516617011,73831,775,1428,23969,
291.31440675249155,73831,774,1429,23969,
291.31559462272986,73830,775,1429,23969,
291.3157516954166,73830,775,1428,23970,
291.31636077208816,73829,776,1428,23970,
291.316405108616,73828,777,1428,23970,
291.31678352723077,73828,776,1429,23970,
291.32006147521764,73828,776,1428,23971,
291.32237462791994,73827,777,1428,23971,
291.3233705162084,73826,778,1428,23971,
291.32467164322003,73826,777,1429,23971,
291.3247784288385,73826,777,1428,23972,
291.3254715871834,73825,778,1428,23972,
291.3377357015973,73824,779,1428,23972,
291.3392591240097,73824,779,1427,23973,
291.34874598545855,73824,778,1428,23973,
291.3519835440122,73824,777,1429,23973,
291.3525901702152,73824,776,1430,23973,
291.354049066609,73824,775,1431,23973,
291.3564768060323,73823,776,1431,23973,
291.3570471487157,73823,775,1432,23973,
291.3627540067397,73823,774,1433,23973,
291.36507277722524,73822,775,1433,23973,
291.36523084259915,73821,776,1433,23973,
291.3658047065629,73820,777,1433,23973,
291.3692145188461,73820,776,1434,23973,
291.37023955157434,73819,777,1434,23973,
291.3722642337197,73818,778,1434,23973,
291.37390748580964,73818,777,1435,23973,
291.37419041582126,73817,778,1435,23973,
291.37682830756575,73816,779,1435,23973,
291.37746391333155,73816,779,1434,23974,
291.37801615740216,73816,779,1433,23975,
291.38388775759415,73815,780,1433,23975,
291.38409305955236,73814,781,1433,23975,
291.38520743028573,73814,780,1434,23975,
291.3866824076057,73813,781,1434,23975,
291.3895579016819,73813,780,1435,23975,
291.39028076043917,73813,780,1434,23976,
291.3911720905666,73812,781,1434,23976,
291.39216770084136,73812,781,1433,23977,
291.39284173199087,73812,780,1434,23977,
291.39439728285043,73812,780,1433,23978,
291.39743628720043,73812,780,1432,23979,
291.401926694305,73812,780,1431,23980,
291.408229561335,73811,781,1431,23980,
291.41019228237104,73810,782,1431,23980,
291.4103467089485,73810,781,1432,23980,
291.41212287295514,73810,781,1431,23981,
291.4128178440987,73809,782,1431,23981,
291.4129213007611,73809,781,1432,23981,
291.41497117300975,73809,780,1433,23981,
291.41887725056034,73809,780,1432,23982,
291.42006499971495,73809,780,1431,23983,
291.42122390151866,73809,780,1430,23984,
291.4216569179876,73809,779,1431,23984,
291.42601458878687,73809,779,1430,23985,
291.42881677310675,73809,779,1429,23986,
291.43001828565,73808,780,1429,23986,
291.4338332476083,73808,780,1428,23987,
291.4353149463697,73808,780,1427,23988,
291.43544075515996,73807,781,1427,23988,
291.4378798626546,73807,781,1426,23989,
291.44327855214084,73806,782,1426,23989,
291.44423074735823,73806,782,1425,23990,
291.44532551429785,73805,783,1425,23990,
291.4488381463686,73805,782,1426,23990,
291.4512067740995,73805,781,1427,23990,
291.4554251866649,73805,781,1426,23991,
291.4559761212803,73804,782,1426,23991,
291.45715087846503,73804,782,1425,23992,
291.45887013885664,73803,783,1425,23992,
291.4612839234333,73803,782,1426,23992,
291.4614317840869,73802,783,1426,23992,
291.4622443806853,73802,782,1427,23992,
291.4622739450528,73802,781,1428,23992,
291.46328965798585,73802,780,1429,23992,
291.46414726810036,73802,780,1428,23993,
291.46515267516406,73802,779,1429,23993,
291.465914871595,73802,779,1428,23994,
291.4667599060543,73802,779,1427,23995,
291.4670706360516,73802,779,1426,23996,
291.4695969999996,73802,779,1425,23997,
291.4702125425606,73802,778,1426,23997,
291.47063488908964,73802,777,1427,23997,
291.4724386175237,73801,778,1427,23997,
291.4732442739915,73801,778,1426,23998,
291.47455440573566,73801,777,1427,23998,
291.47881326311176,73801,777,1426,23999,
291.4788394804397,73800,778,1426,23999,
291.48172295920745,73799,779,1426,23999,
291.4847161473001,73799,779,1425,24000,
291.4853010593904,73799,779,1424,24001,
291.4862669939683,73799,778,1425,24001,
291.4886608259122,73799,778,1424,24002,
291.4930003467309,73799,777,1425,24002,
291.4931656001335,73799,777,1424,24003,
291.49401330170775,73799,776,1425,24003,
291.5002457965924,73798,777,1425,24003,
291.50282873910004,73798,776,1426,24003,
291.5033843556317,73798,776,1425,24004,
291.5034396309006,73797,777,1425,24004,
291.5049976430473,73797,776,1426,24004,
291.5059548803367,73796,777,1426,24004,
291.5059984177883,73795,778,1426,24004,
291.5088347139034,73795,777,1427,24004,
291.5092657578696,73795,776,1428,24004,
291.5093112026335,73794,777,1428,24004,
291.50987201269584,73794,776,1429,24004,
291.51192574365564,73794,775,1430,24004,
291.5128276801073,73793,776,1430,24004,
291.51309350868536,73793,776,1429,24005,
291.513743918839,73793,776,1428,24006,
291.51778261544405,73793,775,1429,24006,
291.5178248529709,73792,776,1429,24006,
291.51811718947937,73792,776,1428,24007,
291.5211859574937,73792,776,1427,24008,
291.52450317531566,73792,776,1426,24009,
291.5253429081784,73791,777,1426,24009,
291.5271971687371,73791,777,1425,24010,
291.52771039888444,73790,778,1425,24010,
291.5281027453449,73790,778,1424,24011,
291.53625410626375,73790,778,1423,24012,
291.53723786933057,73789,779,1423,24012,
291.5381907000137,73789,779,1422,24013,
291.53880584548176,73789,779,1421,24014,
291.54244064555456,73788,780,1421,24014,
291.5431800308221,73787,781,1421,24014,
291.54383232380496,73786,782,1421,24014,
291.5472563568439,73786,781,1422,24014,
291.5491579037148,73785,782,1422,24014,
291.5596851299912,73785,781,1423,24014,
291.56398159990823,73785,781,1422,24015,
291.5722579581872,73785,781,1421,24016,
291.5735003516764,73785,780,1422,24016,
291.57371476912954,73785,779,1423,24016,
291.5751480013444,73784,780,1423,24016,
291.58202946468907,73784,780,1422,24017,
291.5821400558581,73784,779,1423,24017,
291.5829418008989,73784,779,1422,24018,
291.5845111076256,73783,780,1422,24018,
291.58680665792673,73783,780,1421,24019,
291.59340440359364,73783,779,1422,24019,
291.59458359688136,73783,779,1421,24020,
291.59499939574374,73783,778,1422,24020,
291.5967856776295,73783,777,1423,24020,
291.59762075026543,73782,778,1423,24020,
291.5997710612439,73781,779,1423,24020,
291.60273443455816,73781,778,1424,24020,
291.6051943140172,73781,778,1423,24021,
291.6068965465732,73781,778,1422,24022,
291.6092315783464,73781,778,1421,24023,
291.6099779981848,73780,779,1421,24023,
291.6116772581248,73779,780,1421,24023,
291.61201410858973,73778,781,1421,24023,
291.61215683288157,73778,781,1420,24024,
291.6158225933917,73778,780,1421,24024,
291.6173188513269,73778,779,1422,24024,
291.61986936548794,73778,779,1421,24025,
291.6207029645889,73777,780,1421,24025,
291.621328302514,73776,781,1421,24025,
291.62584425219075,73776,780,1422,24025,
291.6267048607581,73775,781,1422,24025,
291.6279449686247,73774,782,1422,24025,
291.6279951518394,73773,783,1422,24025,
291.62898727254606,73772,784,1422,24025,
291.6297448014291,73772,784,1421,24026,
291.63020334872135,73772,783,1422,24026,
291.630515376808,73772,783,1421,24027,
291.6325730169648,73772,783,1420,24028,
291.63682925165966,73771,784,1420,24028,
291.6469500881361,73771,783,1421,24028,
291.64699039782494,73771,782,1422,24028,
291.64931368241815,73770,783,1422,24028,
291.6519150207615,73770,783,1421,24029,
291.6531722281689,73770,782,1422,24029,
291.65668886726496,73770,782,1421,24030,
291.66002456889373,73769,783,1421,24030,
291.6612631994513,73769,782,1422,24030,
291.6634572786019,73769,781,1423,24030,
291.669896027269,73768,782,1423,24030,
291.66998208020175,73767,783,1423,24030,
291.6704338217696,73767,783,1422,24031,
291.6717469094967,73767,783,1421,24032,
291.6758611700501,73767,783,1420,24033,
291.6793522187933,73767,783,1419,24034,
291.68057054499184,73767,783,1418,24035,
291.68103986209803,73767,783,1417,24036,
291.68125117050243,73767,783,1416,24037,
291.68142033075003,73767,782,1417,24037,
291.6817076748914,73766,783,1417,24037,
291.68323104863737,73766,782,1418,24037,
291.69042164413696,73766,781,1419,24037,
291.69101474215466,73766,781,1418,24038,
291.6912120645461,73766,781,1417,24039,
291.69134183547675,73766,781,1416,24040,
291.69255155209225,73765,782,1416,24040,
291.6963950593531,73764,783,1416,24040,
291.69640830274113,73764,783,1415,24041,
291.69739197358376,73763,784,1415,24041,
291.69815040043017,73763,783,1416,24041,
291.69817404484894,73763,783,1415,24042,
291.69824285558224,73763,783,1414,24043,
291.7001844550941,73763,783,1413,24044,
291.70230129117294,73763,782,1414,24044,
291.7036590358741,73762,783,1414,24044,
291.705947729556,73762,783,1413,24045,
291.7096606260175,73761,784,1413,24045,
291.71240155570393,73760,785,1413,24045,
291.7129749797798,73760,784,1414,24045,
291.7181183243429,73760,784,1413,24046,
291.72062765772836,73759,785,1413,24046,
291.72123158663896,73759,784,1414,24046,
291.7321140817693,73759,784,1413,24047,
291.7329294004655,73758,785,1413,24047,
291.73396412412154,73757,786,1413,24047,
291.73420762434694,73756,787,1413,24047,
291.7358381320868,73755,788,1413,24047,
291.7360958877158,73755,788,1412,24048,
291.7364573435243,73754,789,1412,24048,
291.740417067967,73754,788,1413,24048,
291.7435143503244,73754,788,1412,24049,
291.7475175414985,73754,788,1411,24050,
291.7485928719182,73754,787,1412,24050,
291.74901847542026,73754,786,1413,24050,
291.7491864217356,73754,786,1412,24051,
291.75762405864475,73754,785,1413,24051,
291.75843746401046,73754,785,1412,24052,
291.7604243241276,73754,785,1411,24053,
291.7613606350413,73754,785,1410,24054,
291.7634309704454,73754,785,1409,24055,
291.7675105334784,73754,785,1408,24056,
291.7699152547906,73753,786,1408,24056,
291.7717506789667,73752,787,1408,24056,
291.7725736159306,73752,786,1409,24056,
291.77761958026923,73751,787,1409,24056,
291.77839544402656,73751,786,1410,24056,
291.78122308502407,73751,785,1411,24056,
291.7814160525134,73751,785,1410,24057,
291.7850183460396,73751,784,1411,24057,
291.7853897269126,73751,783,1412,24057,
291.78720949776624,73750,784,1412,24057,
291.7897301185118,73750,784,1411,24058,
291.79253535057757,73750,783,1412,24058,
291.79538430205423,73750,782,1413,24058,
291.7956969880878,73750,782,1412,24059,
291.79724994519466,73750,781,1413,24059,
291.7974888102692,73750,781,1412,24060,
291.79763348905055,73749,782,1412,24060,
291.8079904009798,73749,781,1413,24060,
291.8082426453036,73749,781,1412,24061,
291.808883273471,73749,780,1413,24061,
291.80955263633444,73748,781,1413,24061,
291.81042809129235,73747,782,1413,24061,
291.81132987355335,73747,781,1414,24061,
291.8117417275467,73747,781,1413,24062,
291.81664624073653,73747,781,1412,24063,
291.81854918305356,73747,781,1411,24064,
291.8192819406262,73747,781,1410,24065,
291.8202679702354,73746,782,1410,24065,
291.82228402521525,73745,783,1410,24065,
291.8227270789128,73744,784,1410,24065,
291.8278208296115,73744,783,1411,24065,
291.82907340882844,73744,782,1412,24065,
291.8293161134316,73744,781,1413,24065,
291.83015868105616,73743,782,1413,24065,
291.83313191152956,73742,783,1413,24065,
291.84092549930796,73742,782,1414,24065,
291.84405332117643,73742,781,1415,24065,
291.84849738010246,73742,781,1414,24066,
291.84959911017535,73742,781,1413,24067,
291.8498034230073,73741,782,1413,24067,
291.8500004008235,73740,783,1413,24067,
291.85114883289685,73740,783,1412,24068,
291.85179258951746,73739,784,1412,24068,
291.8534439546037,73738,785,1412,24068,
291.854905311633,73737,786,1412,24068,
291.8592253179298,73737,786,1411,24069,
291.86002421657827,73737,786,1410,24070,
291.864608228044,73737,786,1409,24071,
291.866985730413,73736,787,1409,24071,
291.8670958927213,73736,787,1408,24072,
291.8683646296022,73735,788,1408,24072,
291.8713383908198,73734,789,1408,24072,
291.8721584527688,73734,788,1409,24072,
291.87443769181283,73734,788,1408,24073,
291.877971482662,73734,788,1407,24074,
291.87989068494534,73733,789,1407,24074,
291.8854781890411,73732,790,1407,24074,
291.88698809205175,73732,789,1408,24074,
291.8890614615907,73731,790,1408,24074,
291.8912914518966,73731,790,1407,24075,
291.89797011545284,73730,791,1407,24075,
291.8987907104487,73730,791,1406,24076,
291.9032170339717,73730,791,1405,24077,
291.9036905319253,73730,791,1404,24078,
291.90610569304283,73729,792,1404,24078,
291.91089655261686,73729,791,1405,24078,
291.9115643953045,73729,790,1406,24078,
291.91246749917593,73728,791,1406,24078,
291.91354373862976,73727,792,1406,24078,
291.9135528708014,73727,792,1405,24079,
291.91627610879937,73726,793,1405,24079,
291.91688143366775,73726,792,1406,24079,
291.92190606709113,73726,791,1407,24079,
291.92192336946476,73726,790,1408,24079,
291.92289781398455,73726,789,1409,24079,
291.92987975582804,73726,788,1410,24079,
291.9315647742598,73726,787,1411,24079,
291.9323194126407,73725,788,1411,24079,
291.93254714325053,73725,788,1410,24080,
291.934243775067,73725,788,1409,24081,
291.9364516389534,73725,787,1410,24081,
291.93754826621137,73724,788,1410,24081,
291.9415156409351,73723,789,1410,24081,
291.9484552309881,73723,789,1409,24082,
291.9522447722886,73723,788,1410,24082,
291.9530866308074,73723,787,1411,24082,
291.95767448274677,73722,788,1411,24082,
291.95776509395694,73721,789,1411,24082,
291.95816857360927,73721,788,1412,24082,
291.9588194756663,73721,787,1413,24082,
291.9614660963511,73721,786,1414,24082,
291.9756449004086,73721,785,1415,24082,
291.97566690680395,73720,786,1415,24082,
291.9756957510837,73719,787,1415,24082,
291.9765265693921,73718,788,1415,24082,
291.9766961213732,73717,789,1415,24082,
291.97737995200765,73716,790,1415,24082,
291.97857412994404,73715,791,1415,24082,
291.9786511227482,73715,790,1416,24082,
291.9826895490251,73715,789,1417,24082,
291.9827694436534,73715,789,1416,24083,
291.98362709724887,73715,789,1415,24084,
291.98411256385106,73715,789,1414,24085,
291.98785363744224,73714,790,1414,24085,
291.9888119246357,73714,790,1413,24086,
291.99004684508515,73714,790,1412,24087,
291.9923935010103,73714,789,1413,24087,
291.99354697359087,73714,788,1414,24087,
291.99595371020894,73714,787,1415,24087,
291.99733531374807,73713,788,1415,24087,
291.99926024596573,73713,788,1414,24088,
291.9994639097977,73712,789,1414,24088,
292.00078257097454,73711,790,1414,24088,
292.0048188828781,73710,791,1414,24088,
292.0049164398676,73709,792,1414,24088,
292.00606122012226,73709,791,1415,24088,
292.00608526545403,73708,792,1415,24088,
292.0064826190642,73708,791,1416,24088,
292.0072407332086,73707,792,1416,24088,
292.0084940045077,73707,791,1417,24088,
292.00991437378445,73707,791,1416,24089,
292.01064426346306,73707,791,1415,24090,
292.01108303662306,73707,791,1414,24091,
292.01209852603927,73707,791,1413,24092,
292.01456502013014,73707,791,1412,24093,
292.0151302736115,73706,792,1412,24093,
292.01907515588,73706,792,1411,24094,
292.0195025230523,73705,793,1411,24094,
292.0209170317803,73704,794,1411,24094,
292.02147247460124,73704,793,1412,24094,
292.0248128797305,73704,793,1411,24095,
292.0259902549612,73703,794,1411,24095,
292.0264512462009,73702,795,1411,24095,
292.02693180367635,73702,794,1412,24095,
292.03149269693057,73702,794,1411,24096,
292.0333037907087,73702,794,1410,24097,
292.03340370941197,73702,793,1411,24097,
292.0337639520694,73701,794,1411,24097,
292.0360190590651,73701,793,1412,24097,
292.0432584773044,73700,794,1412,24097,
292.0490074601668,73700,793,1413,24097,
292.0503391365118,73700,792,1414,24097,
292.0548710457604,73699,793,1414,24097,
292.05536298297056,73699,792,1415,24097,
292.05621128847594,73699,792,1414,24098,
292.0578084907891,73699,791,1415,24098,
292.0606576411583,73698,792,1415,24098,
292.0700547346022,73697,793,1415,24098,
292.0701778600497,73697,792,1416,24098,
292.0719636653164,73697,791,1417,24098,
292.0733526883112,73697,790,1418,24098,
292.07343914028,73697,789,1419,24098,
292.0737333959655,73697,789,1418,24099,
292.07434436064193,73696,790,1418,24099,
292.0747462686868,73695,791,1418,24099,
292.07553901776754,73695,790,1419,24099,
292.0763399472075,73694,791,1419,24099,
292.07870765708464,73694,791,1418,24100,
292.07929020630684,73694,790,1419,24100,
292.0836864400185,73694,789,1420,24100,
292.0850560167507,73693,790,1420,24100,
292.0859894950201,73692,791,1420,24100,
292.08626429410344,73691,792,1420,24100,
292.0889540682958,73691,791,1421,24100,
292.0983062261252,73690,792,1421,24100,
292.10011128182805,73690,791,1422,24100,
292.1076137164507,73689,792,1422,24100,
292.10839065767703,73689,792,1421,24101,
292.1089072224381,73688,793,1421,24101,
292.11020149185475,73688,792,1422,24101,
292.11619051933775,73687,793,1422,24101,
292.11700813196575,73687,793,1421,24102,
292.11725910058806,73687,792,1422,24102,
292.1195945481366,73687,792,1421,24103,
292.12033758480686,73687,791,1422,24103,
292.12297526795896,73686,792,1422,24103,
292.12629224044275,73686,792,1421,24104,
292.12790333773853,73685,793,1421,24104,
292.13015951635543,73684,794,1421,24104,
292.13143814757393,73683,795,1421,24104,
292.1316064178926,73683,795,1420,24105,
292.13306716414,73682,796,1420,24105,
292.1353337247664,73681,797,1420,24105,
292.13663331985134,73681,797,1419,24106,
292.1378125076002,73681,797,1418,24107,
292.1401570550688,73680,798,1418,24107,
292.14372235177734,73679,799,1418,24107,
292.14516624764406,73679,799,1417,24108,
292.1469171567175,73678,800,1417,24108,
292.1477273014372,73678,800,1416,24109,
292.14986035531524,73677,801,1416,24109,
292.1505293135982,73677,800,1417,24109,
292.1506563118063,73677,799,1418,24109,
292.1516203684754,73677,798,1419,24109,
292.15187946905866,73677,798,1418,24110,
292.1563146923175,73677,798,1417,24111,
292.15908454951625,73677,798,1416,24112,
292.162185476969,73677,797,1417,24112,
292.16325202504987,73676,798,1417,24112,
292.1643385664676,73675,799,1417,24112,
292.16527551807656,73675,798,1418,24112,
292.165671871693,73674,799,1418,24112,
292.16718845389335,73674,798,1419,24112,
292.16768645151035,73674,798,1418,24113,
292.1684459407389,73674,798,1417,24114,
292.1713286132025,73674,798,1416,24115,
292.180147441785,73674,797,1417,24115,
292.1861392319582,73673,798,1417,24115,
292.19082368344954,73673,798,1416,24116,
292.19177392014717,73673,798,1415,24117,
292.19239076979323,73672,799,1415,24117,
292.19267659637046,73672,798,1416,24117,
292.19310414148174,73672,797,1417,24117,
292.19405407798223,73671,798,1417,24117,
292.1954189808911,73670,799,1417,24117,
292.1970402381496,73670,799,1416,24118,
292.19818898776293,73670,799,1415,24119,
292.20420814806533,73670,798,1416,24119,
292.20890016998743,73669,799,1416,24119,
292.20940868033364,73669,798,1417,24119,
292.21175445461296,73669,798,1416,24120,
292.2119377705865,73669,797,1417,24120,
292.21230709513105,73669,796,1418,24120,
292.2145282067547,73668,797,1418,24120,
292.2158916247666,73668,797,1417,24121,
292.21626801922264,73668,797,1416,24122,
292.21940223390294,73668,797,1415,24123,
292.2197041117204,73668,797,1414,24124,
292.22061458377436,73668,796,1415,24124,
292.2221597272188,73668,796,1414,24125,
292.2236932170308,73667,797,1414,24125,
292.22393786295714,73666,798,1414,24125,
292.2239535383297,73665,799,1414,24125,
292.2254536912945,73664,800,1414,24125,
292.22876228105076,73664,799,1415,24125,
292.23065690513755,73663,800,1415,24125,
292.23350944692,73662,801,1415,24125,
292.23923157914555,73662,801,1414,24126,
292.2435305884318,73662,801,1413,24127,
292.2447338979466,73662,800,1414,24127,
292.2467236123658,73661,801,1414,24127,
292.24690166380975,73661,800,1415,24127,
292.24759359328687,73661,800,1414,24128,
292.2477620898865,73660,801,1414,24128,
292.2491036103329,73660,800,1415,24128,
292.2519453891529,73660,800,1414,24129,
292.25447288456064,73660,800,1413,24130,
292.25459126511277,73660,799,1414,24130,
292.2561851155366,73660,798,1415,24130,
292.2612062974425,73659,799,1415,24130,
292.2645180437154,73659,799,1414,24131,
292.2656974483323,73659,799,1413,24132,
292.26569750849785,73659,799,1412,24133,
292.27067267767035,73659,799,1411,24134,
292.2712422804106,73659,799,1410,24135,
292.27802052613,73659,798,1411,24135,
292.27960961501645,73659,798,1410,24136,
292.2812629236421,73658,799,1410,24136,
292.2844277527038,73658,798,1411,24136,
292.2854330061457,73658,797,1412,24136,
292.28587031455174,73657,798,1412,24136,
292.2866285359875,73657,798,1411,24137,
292.28726814668494,73657,798,1410,24138,
292.2900675557208,73657,798,1409,24139,
292.29149412225945,73657,797,1410,24139,
292.2926225716422,73657,797,1409,24140,
292.29551054566105,73657,797,1408,24141,
292.29802715613215,73657,797,1407,24142,
292.3006551316594,73657,796,1408,24142,
292.30168561271086,73657,796,1407,24143,
292.30261300932386,73657,795,1408,24143,
292.3027720462293,73657,794,1409,24143,
292.3058998361544,73657,793,1410,24143,
292.3101529251505,73656,794,1410,24143,
292.3114270440316,73656,794,1409,24144,
292.31326604536684,73656,793,1410,24144,
292.31566530118437,73656,793,1409,24145,
292.32198724992224,73655,794,1409,24145,
292.3227184127234,73654,795,1409,24145,
292.3246758084403,73654,795,1408,24146,
292.3257519106081,73654,795,1407,24147,
292.32763861019066,73653,796,1407,24147,
292.3291433783784,73652,797,1407,24147,
292.330592082228,73651,798,1407,24147,
292.3323299642035,73651,797,1408,24147,
292.3352365817503,73650,798,1408,24147,
292.33567087693933,73649,799,1408,24147,
292.3375358490592,73649,799,1407,24148,
292.3398355041477,73648,800,1407,24148,
292.341549529836,73648,800,1406,24149,
292.3417346385549,73648,800,1405,24150,
292.34504028771676,73648,799,1406,24150,
292.345107795681,73648,798,1407,24150,
292.3458790382947,73648,797,1408,24150,
292.3491894984095,73647,798,1408,24150,
292.34976059207156,73647,798,1407,24151,
292.3538786046387,73647,797,1408,24151,
292.35554371109026,73647,797,1407,24152,
292.3563583514956,73646,798,1407,24152,
292.3569981782019,73646,798,1406,24153,
292.35773086906784,73645,799,1406,24153,
292.3579801155478,73645,799,1405,24154,
292.3620671105033,73644,800,1405,24154,
292.36331972272853,73644,799,1406,24154,
292.36421927298716,73643,800,1406,24154,
292.3642940942717,73643,800,1405,24155,
292.3645221296897,73642,801,1405,24155,
292.3684820915153,73641,802,1405,24155,
292.3726133267674,73641,801,1406,24155,
292.37290180939226,73640,802,1406,24155,
292.3793367689023,73640,801,1407,24155,
292.3799258677921,73640,801,1406,24156,
292.38033573260003,73640,800,1407,24156,
292.38119346446814,73639,801,1407,24156,
292.3826618861621,73639,801,1406,24157,
292.3865797471532,73639,801,1405,24158,
292.3900050311075,73639,801,1404,24159,
292.39594132811305,73638,802,1404,24159,
292.3998459177937,73638,802,1403,24160,
292.4001489224547,73637,803,1403,24160,
292.4004185933487,73637,802,1404,24160,
292.4074306147684,73637,802,1403,24161,
292.412992968033,73636,803,1403,24161,
292.4166951948695,73636,803,1402,24162,
292.4168390960764,73636,802,1403,24162,
292.42005359194576,73636,802,1402,24163,
292.42165211178406,73635,803,1402,24163,
292.422668698604,73635,803,1401,24164,
292.4227251181661,73635,802,1402,24164,
292.42580858769674,73635,802,1401,24165,
292.43016957103146,73635,802,1400,24166,
292.4307184320658,73635,801,1401,24166,
292.4389861351817,73634,802,1401,24166,
292.4391050585348,73634,801,1402,24166,
292.4399466732927,73634,801,1401,24167,
292.4442499585397,73634,801,1400,24168,
292.4444025863753,73634,801,1399,24169,
292.4504990807408,73634,801,1398,24170,
292.4560386077426,73634,800,1399,24170,
292.46101893919365,73634,800,1398,24171,
292.4645445871211,73634,799,1399,24171,
292.46788402677157,73633,800,1399,24171,
292.4717930816508,73632,801,1399,24171,
292.4733599655015,73631,802,1399,24171,
292.47338854586167,73631,802,1398,24172,
292.47610978382573,73630,803,1398,24172,
292.4768757102269,73629,804,1398,24172,
292.4777916014174,73629,803,1399,24172,
292.4816985755031,73629,803,1398,24173,
292.4836641041618,73629,802,1399,24173,
292.4848034234562,73628,803,1399,24173,
292.48676216281683,73628,803,1398,24174,
292.4883493282029,73628,803,1397,24175,
292.4884960745494,73628,803,1396,24176,
292.4886758098552,73628,802,1397,24176,
292.49579490155156,73628,801,1398,24176,
292.496511240057,73627,802,1398,24176,
292.5029314628232,73627,801,1399,24176,
292.5054662964143,73626,802,1399,24176,
292.50563319294497,73626,801,1400,24176,
292.51023235902767,73626,800,1401,24176,
292.5112385750441,73626,799,1402,24176,
292.51248664927243,73625,800,1402,24176,
292.5140711974864,73624,801,1402,24176,
292.51501047336444,73623,802,1402,24176,
292.5175255897992,73623,801,1403,24176,
292.5195238270778,73622,802,1403,24176,
292.52012787804364,73622,802,1402,24177,
292.52067316302504,73622,801,1403,24177,
292.52095481039674,73622,800,1404,24177,
292.5209823269496,73622,799,1405,24177,
292.52611782771487,73621,800,1405,24177,
292.52634589337947,73621,799,1406,24177,
292.52772847504855,73621,799,1405,24178,
292.5307688077847,73621,798,1406,24178,
292.5318308307704,73621,797,1407,24178,
292.5322450632294,73621,797,1406,24179,
292.53331922021533,73620,798,1406,24179,
292.53342788703503,73620,798,1405,24180,
292.5336518070033,73619,799,1405,24180,
292.5450525924426,73619,799,1404,24181,
292.54716268478944,73619,799,1403,24182,
292.5498065736977,73619,798,1404,24182,
292.55135815077074,73619,797,1405,24182,
292.5525763470091,73618,798,1405,24182,
292.556250509247,73618,798,1404,24183,
292.5574230796246,73618,797,1405,24183,
292.5589973081312,73617,798,1405,24183,
292.559981781273,73616,799,1405,24183,
292.5602701492419,73616,799,1404,24184,
292.56142059616116,73616,798,1405,24184,
292.5619555520914,73616,798,1404,24185,
292.5622680504246,73615,799,1404,24185,
292.5623645279405,73615,799,1403,24186,
292.5625582069761,73615,798,1404,24186,
292.5643957503671,73615,797,1405,24186,
292.5658953847491,73615,797,1404,24187,
292.5670044615945,73615,797,1403,24188,
292.56700622438285,73615,796,1404,24188,
292.5680904702501,73615,795,1405,24188,
292.56956819148843,73614,796,1405,24188,
292.57400751674965,73614,796,1404,24189,
292.58391490010297,73613,797,1404,24189,
292.5858896588757,73613,796,1405,24189,
292.58714758338954,73612,797,1405,24189,
292.5875071960078,73612,797,1404,24190,
292.5878447809756,73611,798,1404,24190,
292.5905417704414,73611,798,1403,24191,
292.5929691139249,73611,798,1402,24192,
292.59297930096676,73611,798,1401,24193,
292.5970866005554,73611,797,1402,24193,
292.6002993384701,73611,797,1401,24194,
292.60132813594646,73611,796,1402,24194,
292.6064121455341,73611,796,1401,24195,
292.6073448437096,73611,795,1402,24195,
292.6101372703165,73610,796,1402,24195,
292.6115945772981,73610,796,1401,24196,
292.61576037132033,73609,797,1401,24196,
292.61615334150457,73609,797,1400,24197,
292.6162791504875,73609,796,1401,24197,
292.619320052011,73608,797,1401,24197,
292.61933031330403,73608,797,1400,24198,
292.619355216793,73608,796,1401,24198,
292.62063276026856,73608,796,1400,24199,
292.6209949289072,73607,797,1400,24199,
292.62413086646563,73607,797,1399,24200,
292.6294045079583,73606,798,1399,24200,
292.63074298892985,73606,797,1400,24200,
292.6308208442145,73605,798,1400,24200,
292.63188058378324,73605,797,1401,24200,
292.6319075696905,73604,798,1401,24200,
292.63478148955613,73604,797,1402,24200,
292.63547325702814,73603,798,1402,24200,
292.6381591301248,73603,797,1403,24200,
292.6390132215233,73603,797,1402,24201,
292.63979892670505,73603,797,1401,24202,
292.6405010596507,73603,796,1402,24202,
292.64071426903433,73603,796,1401,24203,
292.6432931011988,73603,795,1402,24203,
292.6435225340856,73603,794,1403,24203,
292.64547378854337,73602,795,1403,24203,
292.64727034235517,73602,794,1404,24203,
292.64806785096016,73601,795,1404,24203,
292.64955165833,73600,796,1404,24203,
292.66035020568535,73599,797,1404,24203,
292.6649621963323,73599,796,1405,24203,
292.66533554570236,73599,796,1404,24204,
292.6689138570868,73599,796,1403,24205,
292.6705458787668,73599,795,1404,24205,
292.67265220050416,73598,796,1404,24205,
292.6736926119697,73598,795,1405,24205,
292.68456285358315,73598,794,1406,24205,
292.68581074895087,73598,794,1405,24206,
292.68688801740717,73598,793,1406,24206,
292.6872493554819,73598,793,1405,24207,
292.68891402231924,73597,794,1405,24207,
292.6899475857062,73597,793,1406,24207,
292.6910534815169,73597,792,1407,24207,
292.6919963612077,73597,791,1408,24207,
292.69589650933204,73597,790,1409,24207,
292.69841210863206,73597,790,1408,24208,
292.71614882976615,73596,791,1408,24208,
292.7167682392644,73596,790,1409,24208,
292.71938098930184,73596,789,1410,24208,
292.720609686382,73596,789,1409,24209,
292.72179411037473,73596,789,1408,24210,
292.7225182638366,73596,789,1407,24211,
292.72545789047496,73596,788,1408,24211,
292.72729271335197,73596,788,1407,24212,
292.7282542500794,73595,789,1407,24212,
292.72929159616297,73595,789,1406,24213,
292.7306794292664,73595,788,1407,24213,
292.7308002185761,73595,788,1406,24214,
292.7354878510112,73595,787,1407,24214,
292.73834900901073,73595,786,1408,24214,
292.74003156151855,73595,785,1409,24214,
292.742302925733,73595,785,1408,24215,
292.74594776896566,73594,786,1408,24215,
292.7470934528848,73594,785,1409,24215,
292.7488873421934,73594,784,1410,24215,
292.75015867225517,73594,784,1409,24216,
292.7512822400645,73593,785,1409,24216,
292.7532831027335,73593,784,1410,24216,
292.75961522837895,73593,784,1409,24217,
292.7688065259276,73593,783,1410,24217,
292.7725575309239,73593,783,1409,24218,
292.77320373268424,73593,782,1410,24218,
292.7746925391594,73593,781,1411,24218,
292.7749129247701,73593,780,1412,24218,
292.7792255144668,73592,781,1412,24218,
292.7805362875837,73592,781,1411,24219,
292.78203560802376,73592,781,1410,24220,
292.78318809008965,73592,781,1409,24221,
292.7910148267454,73592,780,1410,24221,
292.7913875138533,73592,780,1409,24222,
292.7944489258606,73592,780,1408,24223,
292.79680095835806,73591,781,1408,24223,
292.7984063946951,73591,780,1409,24223,
292.80004241279914,73591,780,1408,24224,
292.80012504458875,73591,780,1407,24225,
292.8010083409389,73591,780,1406,24226,
292.8073078621271,73591,780,1405,24227,
292.8089726219684,73591,780,1404,24228,
292.8115006083862,73591,780,1403,24229,
292.81311713104435,73591,780,1402,24230,
292.81413570863754,73591,779,1403,24230,
292.8150124344555,73591,779,1402,24231,
292.816289520771,73590,780,1402,24231,
292.8172710839679,73589,781,1402,24231,
292.8175290429502,73589,781,1401,24232,
292.8184986033627,73589,781,1400,24233,
292.8220377967085,73589,781,1399,24234,
292.8233809146389,73588,782,1399,24234,
292.83678907211606,73588,782,1398,24235,
292.83822685090297,73588,782,1397,24236,
292.84041149119537,73588,782,1396,24237,
292.8436468321439,73587,783,1396,24237,
292.8449573674672,73587,783,1395,24238,
292.84817764661443,73587,782,1396,24238,
292.8497757490154,73587,782,1395,24239,
292.8563202834168,73586,783,1395,24239,
292.8577317435223,73585,784,1395,24239,
292.8596395235969,73585,783,1396,24239,
292.8627717853291,73584,784,1396,24239,
292.8690794641123,73583,785,1396,24239,
292.86943199943124,73582,786,1396,24239,
292.87093901305377,73581,787,1396,24239,
292.8741306649768,73580,788,1396,24239,
292.87555731977915,73580,788,1395,24240,
292.876122564796,73579,789,1395,24240,
292.8801717836104,73579,788,1396,24240,
292.8801731492054,73579,787,1397,24240,
292.8803439844339,73579,787,1396,24241,
292.8809795610029,73579,786,1397,24241,
292.8832786061205,73579,786,1396,24242,
292.8873627216475,73579,786,1395,24243,
292.8887525261616,73578,787,1395,24243,
292.8895310968715,73577,788,1395,24243,
292.8919686852972,73576,789,1395,24243,
292.89435867730106,73575,790,1395,24243,
292.89819350180665,73575,790,1394,24244,
292.8987511155144,73575,789,1395,24244,
292.89987450153984,73575,789,1394,24245,
292.9026228937037,73575,789,1393,24246,
292.90328357812916,73575,788,1394,24246,
292.9074862583988,73575,787,1395,24246,
292.90776419452345,73575,786,1396,24246,
292.9088616053989,73575,785,1397,24246,
292.91050339520984,73575,785,1396,24247,
292.91103861279305,73574,786,1396,24247,
292.911448216894,73573,787,1396,24247,
292.91208047920793,73572,788,1396,24247,
292.9133875435388,73571,789,1396,24247,
292.9163339473278,73570,790,1396,24247,
292.9185205310605,73570,790,1395,24248,
292.92315235368903,73570,790,1394,24249,
292.92514801792714,73570,789,1395,24249,
292.9256537676957,73570,789,1394,24250,
292.9278722117414,73570,788,1395,24250,
292.9309976385775,73570,788,1394,24251,
292.9354251971594,73570,788,1393,24252,
292.93572978168885,73570,788,1392,24253,
292.93607597417036,73570,788,1391,24254,
292.93705448402886,73570,788,1390,24255,
292.94234204790115,73570,788,1389,24256,
292.9492678784279,73570,787,1390,24256,
292.950270853665,73569,788,1390,24256,
292.95070506838255,73569,788,1389,24257,
292.9547054398405,73569,787,1390,24257,
292.95638704685257,73568,788,1390,24257,
292.9579686821573,73568,788,1389,24258,
292.9585693785295,73567,789,1389,24258,
292.964662683619,73567,788,1390,24258,
292.96603661558765,73567,787,1391,24258,
292.96629203012446,73567,786,1392,24258,
292.96908851247093,73566,787,1392,24258,
292.96923078129913,73565,788,1392,24258,
292.9702873573642,73564,789,1392,24258,
292.97384484091396,73563,790,1392,24258,
292.9751013849207,73563,790,1391,24259,
292.97600239477526,73563,790,1390,24260,
292.97621528566754,73563,789,1391,24260,
292.97640336934256,73563,788,1392,24260,
292.97698383329225,73563,787,1393,24260,
292.97778867907306,73563,786,1394,24260,
292.978007053526,73563,785,1395,24260,
292.9798819837205,73562,786,1395,24260,
292.98099764916685,73561,787,1395,24260,
292.98171408487883,73561,786,1396,24260,
292.9844707877304,73560,787,1396,24260,
292.9870208989205,73559,788,1396,24260,
292.99274391359035,73559,788,1395,24261,
293.00653106506354,73558,789,1395,24261,
293.00817358890913,73558,789,1394,24262,
293.0141078934874,73557,790,1394,24262,
293.0151445603928,73556,791,1394,24262,
293.0174817745917,73556,790,1395,24262,
293.01990912387225,73556,789,1396,24262,
293.0264175355809,73555,790,1396,24262,
293.03065605677534,73555,789,1397,24262,
293.0307662339445,73555,789,1396,24263,
293.03084497030994,73555,788,1397,24263,
293.03356918709966,73554,789,1397,24263,
293.0346374541943,73554,789,1396,24264,
293.0357314928186,73554,788,1397,24264,
293.04116782197275,73554,788,1396,24265,
293.0465441045796,73554,787,1397,24265,
293.04670365706477,73553,788,1397,24265,
293.0476477888176,73553,788,1396,24266,
293.05272701195275,73552,789,1396,24266,
293.05461347809603,73551,790,1396,24266,
293.05550249914603,73551,789,1397,24266,
293.0566141267203,73551,788,1398,24266,
293.05747351070966,73551,787,1399,24266,
293.0601769109373,73551,787,1398,24267,
293.0605517696313,73551,787,1397,24268,
293.0628814137379,73551,786,1398,24268,
293.064003701564,73551,786,1397,24269,
293.0644051934267,73551,785,1398,24269,
293.06476689636656,73551,784,1399,24269,
293.0651064206401,73550,785,1399,24269,
293.06664680281125,73550,785,1398,24270,
293.0683197628372,73549,786,1398,24270,
293.07084134375765,73549,785,1399,24270,
293.0722685455016,73549,785,1398,24271,
293.0726325377534,73548,786,1398,24271,
293.0730831072558,73548,786,1397,24272,
293.07895869872425,73548,786,1396,24273,
293.07988495312463,73548,785,1397,24273,
293.0806284314128,73548,785,1396,24274,
293.08274720049485,73548,785,1395,24275,
293.08298581178724,73548,785,1394,24276,
293.08531966355304,73548,785,1393,24277,
293.0886468633565,73548,784,1394,24277,
293.0905857293832,73548,783,1395,24277,
293.09708653298935,73547,784,1395,24277,
293.0980517593895,73547,784,1394,24278,
293.0981718959566,73547,784,1393,24279,
293.1005303342053,73546,785,1393,24279,
293.1020867318976,73546,785,1392,24280,
293.10427831196193,73546,784,1393,24280,
293.10461886707634,73545,785,1393,24280,
293.10619158700234,73545,784,1394,24280,
293.1079515637705,73544,785,1394,24280,
293.11185020585674,73544,785,1393,24281,
293.11361622042364,73544,784,1394,24281,
293.11634399734163,73543,785,1394,24281,
293.1163692363056,73542,786,1394,24281,
293.1190828582697,73541,787,1394,24281,
293.12439570742265,73540,788,1394,24281,
293.1297460310093,73539,789,1394,24281,
293.1301993554656,73539,788,1395,24281,
293.1310415952213,73539,787,1396,24281,
293.1312423469953,73539,787,1395,24282,
293.131762365606,73539,786,1396,24282,
293.1324355396921,73538,787,1396,24282,
293.1372490087799,73537,788,1396,24282,
293.1380872396332,73537,787,1397,24282,
293.1400585009472,73536,788,1397,24282,
293.1411341778,73536,787,1398,24282,
293.14789148580564,73535,788,1398,24282,
293.15217740105675,73535,788,1397,24283,
293.1585663471211,73534,789,1397,24283,
293.1601104348658,73534,788,1398,24283,
293.1635651963829,73534,788,1397,24284,
293.1719318342704,73534,788,1396,24285,
293.1728690204688,73534,788,1395,24286,
293.1731602315265,73534,787,1396,24286,
293.1766678925517,73534,786,1397,24286,
293.1824916320193,73534,785,1398,24286,
293.1849751885437,73534,784,1399,24286,
293.1876167895862,73534,784,1398,24287,
293.1906815657968,73533,785,1398,24287,
293.1925230332325,73533,784,1399,24287,
293.19326357645184,73533,783,1400,24287,
293.1937277735467,73533,783,1399,24288,
293.19477020813315,73532,784,1399,24288,
293.1951417317474,73531,785,1399,24288,
293.19854803691896,73531,785,1398,24289,
293.1998057418875,73531,784,1399,24289,
293.20390774254406,73530,785,1399,24289,
293.20486193560873,73530,784,1400,24289,
293.2095479370418,73530,784,1399,24290,
293.21303678934925,73530,784,1398,24291,
293.21351305025007,73529,785,1398,24291,
293.21582988579314,73529,785,1397,24292,
293.2175158370938,73529,785,1396,24293,
293.2194076541854,73529,784,1397,24293,
293.22275612648485,73529,783,1398,24293,
293.2256083497924,73529,783,1397,24294,
293.2323934643814,73529,782,1398,24294,
293.2346727214106,73529,781,1399,24294,
293.2401484334995,73529,780,1400,24294,
293.240227994192,73529,779,1401,24294,
293.24569852634045,73529,778,1402,24294,
293.24932856471895,73529,777,1403,24294,
293.2501763657219,73529,777,1402,24295,
293.25182151879784,73529,777,1401,24296,
293.2525225253773,73529,777,1400,24297,
293.2532559718689,73528,778,1400,24297,
293.25424501045586,73528,778,1399,24298,
293.25488619610127,73528,777,1400,24298,
293.25546092070493,73528,777,1399,24299,
293.2586690632471,73528,776,1400,24299,
293.2605710655198,73528,776,1399,24300,
293.26468903768324,73528,775,1400,24300,
293.2652843274826,73527,776,1400,24300,
293.26923057935346,73527,776,1399,24301,
293.27080979665334,73527,776,1398,24302,
293.27085551075123,73527,775,1399,24302,
293.2750811350532,73527,775,1398,24303,
293.2759934316187,73526,776,1398,24303,
293.28598322437546,73525,777,1398,24303,
293.2861404906264,73525,777,1397,24304,
293.2862892941691,73525,776,1398,24304,
293.2863159550092,73525,775,1399,24304,
293.2867794012153,73525,774,1400,24304,
293.28990557012054,73524,775,1400,24304,
293.29022784565,73524,774,1401,24304,
293.2927421671528,73524,774,1400,24305,
293.29311471438285,73523,775,1400,24305,
293.2951472881316,73523,775,1399,24306,
293.2951745073406,73523,775,1398,24307,
293.2960929270568,73523,774,1399,24307,
293.29696047671024,73523,774,1398,24308,
293.2988749176941,73523,773,1399,24308,
293.3040357993928,73522,774,1399,24308,
293.3096466923245,73521,775,1399,24308,
293.31281354631636,73520,776,1399,24308,
293.31307710935863,73520,775,1400,24308,
293.3136074769354,73519,776,1400,24308,
293.31665814901453,73518,777,1400,24308,
293.317762266395,73518,776,1401,24308,
293.31903403812044,73518,775,1402,24308,
293.32725777094646,73517,776,1402,24308,
293.3287343061455,73516,777,1402,24308,
293.3294108202432,73515,778,1402,24308,
293.32955991108406,73515,777,1403,24308,
293.33020746476853,73514,778,1403,24308,
293.3348277034028,73514,777,1404,24308,
293.33575118127686,73514,776,1405,24308,
293.3391635965218,73513,777,1405,24308,
293.33932163464294,73513,777,1404,24309,
293.3430316133883,73512,778,1404,24309,
293.3463362051201,73511,779,1404,24309,
293.3479224434834,73510,780,1404,24309,
293.34938699910765,73510,779,1405,24309,
293.3503843822071,73510,778,1406,24309,
293.3505756697344,73510,777,1407,24309,
293.35108715123124,73510,777,1406,24310,
293.35343020188844,73510,776,1407,24310,
293.35594309273546,73510,775,1408,24310,
293.35741345166844,73509,776,1408,24310,
293.35835504581377,73509,776,1407,24311,
293.3589675650496,73509,776,1406,24312,
293.3591938640705,73509,775,1407,24312,
293.3609639802827,73509,775,1406,24313,
293.37501750027934,73509,774,1407,24313,
293.3755859008607,73508,775,1407,24313,
293.376810547432,73508,774,1408,24313,
293.3857100774758,73507,775,1408,24313,
293.3867435228019,73506,776,1408,24313,
293.3880337770236,73506,776,1407,24314,
293.3883864461802,73506,775,1408,24314,
293.3897620411395,73506,775,1407,24315,
293.3915864973972,73506,775,1406,24316,
293.394327059475,73506,775,1405,24317,
293.39561416635235,73505,776,1405,24317,
293.3979201803502,73505,775,1406,24317,
293.39871370752724,73505,775,1405,24318,
293.39982850443846,73505,774,1406,24318,
293.40314473098937,73505,774,1405,24319,
293.40577954289324,73505,774,1404,24320,
293.40586987225095,73505,774,1403,24321,
293.4093891882044,73504,775,1403,24321,
293.4099228004722,73504,774,1404,24321,
293.4107117901172,73504,773,1405,24321,
293.4125907300994,73503,774,1405,24321,
293.4133471798842,73503,774,1404,24322,
293.41577986459737,73503,773,1405,24322,
293.4184254308227,73503,773,1404,24323,
293.42153713593467,73502,774,1404,24323,
293.4237716266409,73502,773,1405,24323,
293.4268322870101,73502,772,1406,24323,
293.4271167097023,73501,773,1406,24323,
293.4272247469687,73501,773,1405,24324,
293.4321757193718,73501,773,1404,24325,
293.4327610561874,73501,773,1403,24326,
293.4369169364546,73501,773,1402,24327,
293.43836798770394,73500,774,1402,24327,
293.44186341955117,73499,775,1402,24327,
293.4456998326362,73499,774,1403,24327,
293.4475007265999,73499,774,1402,24328,
293.45336934238065,73499,773,1403,24328,
293.4572374023785,73499,773,1402,24329,
293.460986436048,73499,773,1401,24330,
293.4628938220675,73499,773,1400,24331,
293.4636827822199,73499,772,1401,24331,
293.46505360502465,73499,771,1402,24331,
293.4654797254284,73498,772,1402,24331,
293.4674372480716,73497,773,1402,24331,
293.46972500861125,73497,772,1403,24331,
293.4708518229941,73496,773,1403,24331,
293.47090152886943,73496,773,1402,24332,
293.4735276330107,73496,773,1401,24333,
293.47447644930224,73496,772,1402,24333,
293.4773794263135,73495,773,1402,24333,
293.47836064912707,73495,772,1403,24333,
293.4823178228747,73495,772,1402,24334,
293.4841435122225,73495,771,1403,24334,
293.4865576924443,73495,771,1402,24335,
293.4887629332192,73494,772,1402,24335,
293.49399198554556,73493,773,1402,24335,
293.4949324743037,73493,773,1401,24336,
293.49682610715183,73493,773,1400,24337,
293.5007143060568,73493,773,1399,24338,
293.5019149833639,73493,772,1400,24338,
293.5086982749167,73493,772,1399,24339,
293.51124370815774,73493,772,1398,24340,
293.52037749103994,73493,772,1397,24341,
293.5205335540429,73493,771,1398,24341,
293.5208800020813,73492,772,1398,24341,
293.5230526643704,73492,772,1397,24342,
293.5239829513237,73491,773,1397,24342,
293.5242973910992,73490,774,1397,24342,
293.525066129655,73489,775,1397,24342,
293.52682819910893,73488,776,1397,24342,
293.52708482919377,73488,776,1396,24343,
293.52903697689754,73487,777,1396,24343,
293.53127971699314,73486,778,1396,24343,
293.5339408160336,73486,778,1395,24344,
293.5357407742575,73485,779,1395,24344,
293.538630307188,73485,778,1396,24344,
293.5388253346157,73484,779,1396,24344,
293.5418824429428,73484,779,1395,24345,
293.5419666000356,73483,780,1395,24345,
293.54340978987256,73483,780,1394,24346,
293.54418868437574,73482,781,1394,24346,
293.54654099367144,73481,782,1394,24346,
293.54949920280177,73481,782,1393,24347,
293.5498071417855,73481,782,1392,24348,
293.5511879125659,73481,782,1391,24349,
293.5514933945504,73481,782,1390,24350,
293.5523525425707,73481,781,1391,24350,
293.56056973452667,73480,782,1391,24350,
293.56174809920077,73479,783,1391,24350,
293.566060348557,73479,782,1392,24350,
293.56720097264713,73479,781,1393,24350,
293.56875366535405,73478,782,1393,24350,
293.56964908934754,73478,781,1394,24350,
293.57025660886075,73478,780,1395,24350,
293.5708075781437,73478,779,1396,24350,
293.57289736508295,73478,779,1395,24351,
293.58096417228865,73478,778,1396,24351,
293.58439902405615,73478,778,1395,24352,
293.5851864444658,73477,779,1395,24352,
293.58636612768254,73477,779,1394,24353,
293.5873502888685,73477,779,1393,24354,
293.5893872869957,73477,779,1392,24355,
293.5940764164088,73477,778,1393,24355,
293.59432026250255,73476,779,1393,24355,
293.5952182825972,73476,778,1394,24355,
293.5958133680463,73475,779,1394,24355,
293.596312610554,73475,778,1395,24355,
293.5974106942562,73474,779,1395,24355,
293.5988922113195,73474,778,1396,24355,
293.60233051053086,73473,779,1396,24355,
293.6024559106349,73472,780,1396,24355,
293.60370341588464,73472,779,1397,24355,
293.6101349238555,73472,779,1396,24356,
293.6170805580871,73471,780,1396,24356,
293.6180682165004,73471,780,1395,24357,
293.6185770966847,73470,781,1395,24357,
293.61908630580916,73470,780,1396,24357,
293.6219008120234,73469,781,1396,24357,
293.6261965632956,73469,780,1397,24357,
293.6276180178121,73469,780,1396,24358,
293.63470669693913,73468,781,1396,24358,
293.64083403116405,73468,780,1397,24358,
293.64254432957114,73467,781,1397,24358,
293.64504931294954,73467,781,1396,24359,
293.6470383248716,73467,780,1397,24359,
293.6486364771548,73466,781,1397,24359,
293.64940574110926,73466,780,1398,24359,
293.65217315781894,73466,780,1397,24360,
293.65260374226534,73465,781,1397,24360,
293.65337920127456,73465,780,1398,24360,
293.65470496334717,73465,779,1399,24360,
293.65627877336277,73465,778,1400,24360,
293.657776519138,73464,779,1400,24360,
293.65843283210063,73463,780,1400,24360,
293.6603076164791,73463,780,1399,24361,
293.66041723775203,73462,781,1399,24361,
293.6614211805803,73461,782,1399,24361,
293.66441841848376,73460,783,1399,24361,
293.6653463589632,73459,784,1399,24361,
293.6669242347728,73459,784,1398,24362,
293.6671130788177,73459,784,1397,24363,
293.6690179487797,73459,784,1396,24364,
293.6691334856565,73459,783,1397,24364,
293.6698466967209,73458,784,1397,24364,
293.67138931338656,73458,783,1398,24364,
293.6727200048267,73457,784,1398,24364,
293.6741193992113,73456,785,1398,24364,
293.67414454948755,73455,786,1398,24364,
293.6787592527351,73454,787,1398,24364,
293.6827893773061,73454,787,1397,24365,
293.68481487668254,73454,786,1398,24365,
293.6848714986911,73453,787,1398,24365,
293.6852726314222,73453,787,1397,24366,
293.6884637152279,73453,787,1396,24367,
293.69106985494676,73453,786,1397,24367,
293.69507297728745,73453,786,1396,24368,
293.7058669100236,73453,786,1395,24369,
293.7063980295458,73453,785,1396,24369,
293.70752161999707,73453,784,1397,24369,
293.70796575626025,73453,784,1396,24370,
293.71172705998123,73453,783,1397,24370,
293.7125303522712,73453,783,1396,24371,
293.7127566385094,73453,783,1395,24372,
293.7134376853149,73453,782,1396,24372,
293.71527488970713,73453,782,1395,24373,
293.7188994341292,73453,781,1396,24373,
293.721094473412,73453,780,1397,24373,
293.7218381577077,73452,781,1397,24373,
293.72187343571346,73452,780,1398,24373,
293.72697878866404,73452,780,1397,24374,
293.72750429536876,73452,779,1398,24374,
293.73271716312723,73452,778,1399,24374,
293.734297952532,73452,778,1398,24375,
293.73734659391073,73452,778,1397,24376,
293.7378613330075,73451,779,1397,24376,
293.741091083448,73450,780,1397,24376,
293.7442535132299,73450,779,1398,24376,
293.7471323636288,73450,779,1397,24377,
293.7495411963348,73450,779,1396,24378,
293.75548643161306,73449,780,1396,24378,
293.75553456640966,73449,780,1395,24379,
293.7567173750823,73449,779,1396,24379,
293.75898710180604,73448,780,1396,24379,
293.76069625675547,73448,780,1395,24380,
293.76136780289494,73448,779,1396,24380,
293.7618752501882,73448,779,1395,24381,
293.7630396773483,73448,778,1396,24381,
293.7657315030607,73447,779,1396,24381,
293.76750651990403,73446,780,1396,24381,
293.76912010374974,73446,779,1397,24381,
293.77124269032834,73446,778,1398,24381,
293.7787233544764,73446,777,1399,24381,
293.77906159397685,73446,777,1398,24382,
293.779421150267,73446,776,1399,24382,
293.7803630221807,73446,775,1400,24382,
293.7806131161409,73446,775,1399,24383,
293.7813739117766,73445,776,1399,24383,
293.7826204216937,73445,775,1400,24383,
293.78494286996175,73445,774,1401,24383,
293.7896417273772,73445,773,1402,24383,
293.7921329559736,73444,774,1402,24383,
293.7963993061651,73443,775,1402,24383,
293.7970642028508,73443,775,1401,24384,
293.8127740072943,73443,774,1402,24384,
293.8133334496277,73442,775,1402,24384,
293.813866437871,73442,774,1403,24384,
293.8163678743539,73441,775,1403,24384,
293.81791662924564,73440,776,1403,24384,
293.82265894023766,73439,777,1403,24384,
293.82332644513843,73438,778,1403,24384,
293.8261052534112,73438,778,1402,24385,
293.82698886404216,73437,779,1402,24385,
293.82792352799174,73436,780,1402,24385,
293.82876203723583,73435,781,1402,24385,
293.83085854111187,73435,780,1403,24385,
293.8320271648895,73435,780,1402,24386,
293.83237451923236,73434,781,1402,24386,
293.83250030927803,73433,782,1402,24386,
293.8326288289859,73433,782,1401,24387,
293.83340579861164,73433,782,1400,24388,
293.8365444698017,73433,782,1399,24389,
293.8366033851295,73433,781,1400,24389,
293.83764966661613,73433,780,1401,24389,
293.83914149828973,73433,779,1402,24389,
293.8397693682662,73433,779,1401,24390,
293.84062515465206,73432,780,1401,24390,
293.8410255528793,73432,779,1402,24390,
293.8418168143431,73431,780,1402,24390,
293.84295234579207,73431,780,1401,24391,
293.848308546737,73431,779,1402,24391,
293.8560230150988,73431,779,1401,24392,
293.85833605887547,73430,780,1401,24392,
293.86111804003065,73429,781,1401,24392,
293.86524890098315,73429,780,1402,24392,
293.86555725918316,73429,779,1403,24392,
293.87087688684255,73428,780,1403,24392,
293.87408587386216,73428,780,1402,24393,
293.87500648021165,73428,780,1401,24394,
293.8766393108639,73428,779,1402,24394,
293.87667226138814,73428,778,1403,24394,
293.8770111271471,73428,778,1402,24395,
293.8791014006903,73428,778,1401,24396,
293.88194469147817,73428,777,1402,24396,
293.8841160442885,73428,776,1403,24396,
293.8844221143512,73428,775,1404,24396,
293.8847087809234,73428,775,1403,24397,
293.885260597152,73428,774,1404,24397,
293.88591659151274,73428,774,1403,24398,
293.8871826695412,73427,775,1403,24398,
293.8878649571035,73426,776,1403,24398,
293.8917210471984,73426,775,1404,24398,
293.8929861239839,73426,775,1403,24399,
293.8945572445168,73425,776,1403,24399,
293.8952471310083,73425,776,1402,24400,
293.8973994567083,73424,777,1402,24400,
293.89780752383217,73424,777,1401,24401,
293.89954008965924,73424,777,1400,24402,
293.90129367735307,73424,776,1401,24402,
293.9038261184407,73424,775,1402,24402,
293.90424132766964,73424,774,1403,24402,
293.90989238375636,73424,773,1404,24402,
293.9130200093636,73423,774,1404,24402,
293.92100180436523,73423,774,1403,24403,
293.9219400891267,73422,775,1403,24403,
293.9262059261119,73421,776,1403,24403,
293.9267060482283,73421,775,1404,24403,
293.9350908505393,73420,776,1404,24403,
293.93728055087786,73420,776,1403,24404,
293.9392839485944,73420,775,1404,24404,
293.9395162272877,73419,776,1404,24404,
293.94408067429043,73419,775,1405,24404,
293.9456913807701,73419,774,1406,24404,
293.95343570971744,73419,773,1407,24404,
293.95660963620963,73419,772,1408,24404,
293.9584546743176,73419,772,1407,24405,
293.96283330775157,73419,771,1408,24405,
293.9637298401917,73418,772,1408,24405,
293.9637807691744,73418,771,1409,24405,
293.9649115673008,73418,770,1410,24405,
293.9696986845639,73418,770,1409,24406,
293.97127992931377,73417,771,1409,24406,
293.9713991875449,73417,771,1408,24407,
293.9722909972,73417,771,1407,24408,
293.9791797202929,73416,772,1407,24408,
293.9800911163185,73416,772,1406,24409,
293.98236579505243,73416,772,1405,24410,
293.9825216133783,73415,773,1405,24410,
293.98271928886976,73415,773,1404,24411,
293.9832141080472,73415,772,1405,24411,
293.98350127663696,73414,773,1405,24411,
293.98995683528705,73413,774,1405,24411,
293.99397840730524,73412,775,1405,24411,
293.9950426762215,73411,776,1405,24411,
293.99667151270336,73411,775,1406,24411,
293.99687223784065,73410,776,1406,24411,
293.99823911112713,73410,775,1407,24411,
294.0014229045078,73410,774,1408,24411,
294.00288856197454,73410,774,1407,24412,
294.00604863693854,73410,773,1408,24412,
294.0065697908119,73410,773,1407,24413,
294.00728386253917,73410,773,1406,24414,
294.00818245278765,73410,772,1407,24414,
294.0158294165901,73410,771,1408,24414,
294.0180192835344,73410,771,1407,24415,
294.01878977332456,73409,772,1407,24415,
294.01902001767064,73409,772,1406,24416,
294.0265329034472,73409,772,1405,24417,
294.02832934079424,73409,772,1404,24418,
294.02869141960394,73409,771,1405,24418,
294.0306305739922,73408,772,1405,24418,
294.0334066125764,73407,773,1405,24418,
294.0351948176018,73406,774,1405,24418,
294.0366110614377,73406,773,1406,24418,
294.0367722939791,73406,772,1407,24418,
294.0391546342884,73406,772,1406,24419,
294.04049614341403,73406,772,1405,24420,
294.0422652190349,73405,773,1405,24420,
294.0429026664534,73405,772,1406,24420,
294.04841245879516,73405,771,1407,24420,
294.04867495148835,73405,771,1406,24421,
294.0505022416837,73405,771,1405,24422,
294.0520120151881,73405,770,1406,24422,
294.0521632756573,73405,769,1407,24422,
294.0522761156193,73405,768,1408,24422,
294.05703747938185,73405,767,1409,24422,
294.05744681428644,73405,767,1408,24423,
294.05931744323874,73405,767,1407,24424,
294.0595624028567,73405,767,1406,24425,
294.0614990252378,73404,768,1406,24425,
294.06733222126394,73404,768,1405,24426,
294.06856663340545,73404,768,1404,24427,
294.06974604498663,73404,767,1405,24427,
294.0742155389767,73404,767,1404,24428,
294.07555401831263,73404,766,1405,24428,
294.07559716260585,73404,766,1404,24429,
294.078557186057,73404,766,1403,24430,
294.0856374650392,73404,765,1404,24430,
294.08828781245415,73404,765,1403,24431,
294.0907005402076,73403,766,1403,24431,
294.09290847028353,73403,765,1404,24431,
294.09352355979706,73403,765,1403,24432,
294.09806232756597,73402,766,1403,24432,
294.09989505374153,73402,766,1402,24433,
294.10237674992504,73402,765,1403,24433,
294.10366371914296,73402,764,1404,24433,
294.1091583364919,73401,765,1404,24433,
294.1097964196,73400,766,1404,24433,
294.11259431290614,73399,767,1404,24433,
294.11376483860545,73399,766,1405,24433,
294.1159099630261,73399,766,1404,24434,
294.11621448015114,73399,765,1405,24434,
294.1187581308756,73398,766,1405,24434,
294.1191714007948,73398,765,1406,24434,
294.12422341334275,73398,765,1405,24435,
294.1291547658865,73397,766,1405,24435,
294.12978939852235,73396,767,1405,24435,
294.1319272169238,73396,767,1404,24436,
294.1320755652674,73395,768,1404,24436,
294.13286672883214,73394,769,1404,24436,
294.13379613695713,73394,768,1405,24436,
294.1362481753599,73394,768,1404,24437,
294.1377569709588,73394,768,1403,24438,
294.1393535780953,73393,769,1403,24438,
294.1404026228061,73392,770,1403,24438,
294.1460560648619,73392,769,1404,24438,
294.1468302940174,73392,768,1405,24438,
294.14901401328154,73391,769,1405,24438,
294.15412458515215,73391,769,1404,24439,
294.1550245454712,73390,770,1404,24439,
294.15503844501126,73390,770,1403,24440,
294.15908026578745,73390,769,1404,24440,
294.15912398706615,73390,768,1405,24440,
294.1618718869591,73389,769,1405,24440,
294.16915785818617,73389,768,1406,24440,
294.17034863546417,73388,769,1406,24440,
294.1728858637062,73388,768,1407,24440,
294.1731792903842,73387,769,1407,24440,
294.175743471346,73387,768,1408,24440,
294.17688613970876,73387,767,1409,24440,
294.18127759549344,73387,766,1410,24440,
294.182203940709,73387,766,1409,24441,
294.18248649756066,73387,765,1410,24441,
294.1836927559036,73386,766,1410,24441,
294.184525551181,73386,766,1409,24442,
294.1853712222243,73386,765,1410,24442,
294.18892023421085,73385,766,1410,24442,
294.1902592327634,73385,766,1409,24443,
294.1916190916377,73385,766,1408,24444,
294.19415882715515,73384,767,1408,24444,
294.19435647078507,73384,767,1407,24445,
294.19446835869405,73384,767,1406,24446,
294.1944736693176,73384,766,1407,24446,
294.1966420023668,73384,766,1406,24447,
294.2024209925878,73383,767,1406,24447,
294.2027570085419,73383,766,1407,24447,
294.20520776112346,73383,766,1406,24448,
294.20654799308267,73383,765,1407,24448,
294.2134171395717,73383,765,1406,24449,
294.2192344712343,73383,765,1405,24450,
294.22039508890936,73383,764,1406,24450,
294.22311597220676,73383,763,1407,24450,
294.2232487318421,73382,764,1407,24450,
294.22512407338485,73382,763,1408,24450,
294.22544828932206,73381,764,1408,24450,
294.2275167831037,73380,765,1408,24450,
294.2355465481973,73380,765,1407,24451,
294.23652562030725,73380,764,1408,24451,
294.2414980793434,73379,765,1408,24451,
294.24162141374586,73379,765,1407,24452,
294.24391776555154,73379,764,1408,24452,
294.2451499467584,73379,763,1409,24452,
294.25291423231437,73379,762,1410,24452,
294.25675847350067,73378,763,1410,24452,
294.25782106764365,73378,763,1409,24453,
294.25852234932927,73378,762,1410,24453,
294.2599295886181,73378,762,1409,24454,
294.2605383202219,73378,761,1410,24454,
294.2620295473789,73378,761,1409,24455,
294.262543502416,73378,760,1410,24455,
294.26627435333637,73378,759,1411,24455,
294.27146465843344,73378,758,1412,24455,
294.27172267138957,73377,759,1412,24455,
294.27829947764434,73377,758,1413,24455,
294.28207887527213,73377,758,1412,24456,
294.28748946169935,73377,757,1413,24456,
294.2882811726144,73377,756,1414,24456,
294.28902112518585,73377,755,1415,24456,
294.2900690161552,73376,756,1415,24456,
294.29167108636403,73376,755,1416,24456,
294.2971967880252,73376,755,1415,24457,
294.29746356551436,73375,756,1415,24457,
294.2980616315522,73375,756,1414,24458,
294.30107529638093,73375,755,1415,24458,
294.3047648386847,73375,755,1414,24459,
294.3051396689409,73374,756,1414,24459,
294.3105216544306,73374,756,1413,24460,
294.3111917072016,73373,757,1413,24460,
294.3120938972369,73372,758,1413,24460,
294.3206250623716,73372,758,1412,24461,
294.321343784509,73372,757,1413,24461,
294.322765722525,73372,756,1414,24461,
294.3240755733508,73371,757,1414,24461,
294.3244659682565,73370,758,1414,24461,
294.3245968096397,73369,759,1414,24461,
294.3265790166716,73368,760,1414,24461,
294.3266977543437,73368,760,1413,24462,
294.32671257332754,73368,759,1414,24462,
294.3282578327525,73368,758,1415,24462,
294.32945917027865,73368,758,1414,24463,
294.3303690745981,73368,758,1413,24464,
294.3304666434967,73367,759,1413,24464,
294.33253678001904,73367,759,1412,24465,
294.33503744820604,73366,760,1412,24465,
294.33527990207926,73366,760,1411,24466,
294.3399033245167,73366,759,1412,24466,
294.34648854276924,73366,758,1413,24466,
294.3483780860277,73366,758,1412,24467,
294.3499747679638,73366,757,1413,24467,
294.353976339567,73365,758,1413,24467,
294.3542597271341,73365,757,1414,24467,
294.35481594413835,73365,757,1413,24468,
294.35751104228694,73365,756,1414,24468,
294.35890920059956,73365,755,1415,24468,
294.36075624780597,73364,756,1415,24468,
294.3649427555684,73364,755,1416,24468,
294.3679248984605,73364,755,1415,24469,
294.3719189012673,73363,756,1415,24469,
294.37235632186935,73363,755,1416,24469,
294.37404395030717,73363,755,1415,24470,
294.3799678392347,73363,755,1414,24471,
294.3821076640387,73362,756,1414,24471,
294.38321237792877,73362,756,1413,24472,
294.3883862333501,73361,757,1413,24472,
294.39030155580633,73361,756,1414,24472,
294.3908402255034,73361,756,1413,24473,
294.3969676188953,73361,756,1412,24474,
294.39792149270363,73361,756,1411,24475,
294.4016120868601,73360,757,1411,24475,
294.40161357375916,73359,758,1411,24475,
294.40498413962825,73359,758,1410,24476,
294.4051223609667,73358,759,1410,24476,
294.4052690074788,73358,758,1411,24476,
294.40893814510804,73358,758,1410,24477,
294.4099209699405,73357,759,1410,24477,
294.4129696833049,73356,760,1410,24477,
294.41666486106703,73355,761,1410,24477,
294.416908689396,73355,761,1409,24478,
294.421937358019,73354,762,1409,24478,
294.4277099454128,73354,762,1408,24479,
294.4357850242865,73354,762,1407,24480,
294.4435747907116,73354,762,1406,24481,
294.44375148944255,73354,761,1407,24481,
294.4441401860132,73354,760,1408,24481,
294.44940069551717,73353,761,1408,24481,
294.44984423850696,73352,762,1408,24481,
294.4505525014669,73352,761,1409,24481,
294.4515205877177,73352,760,1410,24481,
294.4518205383213,73351,761,1410,24481,
294.45532237170795,73350,762,1410,24481,
294.45561274357226,73349,763,1410,24481,
294.4630448094679,73348,764,1410,24481,
294.4633709315833,73348,763,1411,24481,
294.4648286856495,73347,764,1411,24481,
294.46534908839647,73347,763,1412,24481,
294.4681961659032,73346,764,1412,24481,
294.4698568632816,73346,763,1413,24481,
294.47235247664264,73346,763,1412,24482,
294.4790030377324,73346,762,1413,24482,
294.48502277866123,73346,762,1412,24483,
294.4884191359344,73345,763,1412,24483,
294.4938820719845,73345,762,1413,24483,
294.4940166349837,73345,762,1412,24484,
294.495615906643,73345,762,1411,24485,
294.4983734571784,73345,762,1410,24486,
294.49983877154637,73344,763,1410,24486,
294.50242403180374,73344,763,1409,24487,
294.50301699102465,73344,763,1408,24488,
294.5046606974965,73344,762,1409,24488,
294.505955935733,73343,763,1409,24488,
294.5099954397984,73342,764,1409,24488,
294.51010336276363,73342,763,1410,24488,
294.5150956034174,73342,762,1411,24488,
294.51527461111436,73341,763,1411,24488,
294.5159144237332,73341,763,1410,24489,
294.5163830749632,73341,762,1411,24489,
294.5241685100168,73341,761,1412,24489,
294.5242549256843,73341,760,1413,24489,
294.52711968413166,73340,761,1413,24489,
294.529307931836,73339,762,1413,24489,
294.53150972025253,73338,763,1413,24489,
294.5329724413197,73338,763,1412,24490,
294.53419228158714,73338,762,1413,24490,
294.53807141574185,73338,761,1414,24490,
294.53836645519465,73338,761,1413,24491,
294.5393546754123,73337,762,1413,24491,
294.5423430682136,73336,763,1413,24491,
294.5436882406868,73336,762,1414,24491,
294.54490797478024,73335,763,1414,24491,
294.54519088496625,73335,763,1413,24492,
294.5466054850234,73334,764,1413,24492,
294.5493768925873,73334,764,1412,24493,
294.55025615179403,73333,765,1412,24493,
294.5515744120517,73333,765,1411,24494,
294.5539957236108,73333,765,1410,24495,
294.556762303202,73333,765,1409,24496,
294.5574029346898,73333,765,1408,24497,
294.56011656144557,73333,765,1407,24498,
294.56034639172657,73333,764,1408,24498,
294.5603660410676,73333,764,1407,24499,
294.5608924081692,73333,763,1408,24499,
294.56182514065557,73333,763,1407,24500,
294.56463632752354,73333,762,1408,24500,
294.56772940844814,73333,762,1407,24501,
294.5686721112392,73333,761,1408,24501,
294.56953276433046,73333,760,1409,24501,
294.571216264207,73332,761,1409,24501,
294.5720891656199,73332,760,1410,24501,
294.57526633999703,73332,759,1411,24501,
294.5797974237257,73332,759,1410,24502,
294.5828143974337,73332,759,1409,24503,
294.58359489073075,73332,758,1410,24503,
294.5852699574752,73332,757,1411,24503,
294.59380408890036,73332,757,1410,24504,
294.5940594585122,73332,756,1411,24504,
294.60244023217524,73331,757,1411,24504,
294.60281472565873,73331,756,1412,24504,
294.6055240859092,73330,757,1412,24504,
294.60959046593825,73329,758,1412,24504,
294.6108176304321,73329,758,1411,24505,
294.61357082341135,73328,759,1411,24505,
294.61399892940995,73327,760,1411,24505,
294.61676013666136,73327,759,1412,24505,
294.6174819256113,73327,758,1413,24505,
294.6217250306189,73326,759,1413,24505,
294.6235953080586,73325,760,1413,24505,
294.6263044889696,73325,759,1414,24505,
294.6295959631299,73324,760,1414,24505,
294.63216519818434,73324,760,1413,24506,
294.63286858643977,73323,761,1413,24506,
294.6368390953715,73323,760,1414,24506,
294.6377341784124,73323,759,1415,24506,
294.6415928509466,73323,758,1416,24506,
294.6431410951677,73323,757,1417,24506,
294.6516715732328,73323,756,1418,24506,
294.65365531949226,73322,757,1418,24506,
294.6550926603588,73322,757,1417,24507,
294.66028821647456,73322,757,1416,24508,
294.66042457295566,73321,758,1416,24508,
294.6610855179492,73320,759,1416,24508,
294.66376054506986,73320,758,1417,24508,
294.66727404036385,73319,759,1417,24508,
294.6675074661064,73319,758,1418,24508,
294.6694385698538,73319,758,1417,24509,
294.66992535049627,73319,758,1416,24510,
294.67551350648444,73319,757,1417,24510,
294.6760577668072,73319,757,1416,24511,
294.6774007615057,73318,758,1416,24511,
294.67950629516037,73318,757,1417,24511,
294.68281469452444,73318,756,1418,24511,
294.68380627943986,73318,755,1419,24511,
294.68698296716514,73317,756,1419,24511,
294.6888074542232,73317,755,1420,24511,
294.6905215272411,73316,756,1420,24511,
294.69501496592807,73316,755,1421,24511,
294.6970831796948,73315,756,1421,24511,
294.69888520954646,73315,755,1422,24511,
294.70059889888995,73315,755,1421,24512,
294.7012722579992,73315,754,1422,24512,
294.7021669386546,73314,755,1422,24512,
294.70400799035264,73314,754,1423,24512,
294.7053967851269,73314,753,1424,24512,
294.70828009139575,73314,752,1425,24512,
294.7083062708836,73313,753,1425,24512,
294.70832908941435,73313,753,1424,24513,
294.7084547878539,73313,753,1423,24514,
294.7098959149664,73312,754,1423,24514,
294.71519640418177,73311,755,1423,24514,
294.722248720156,73311,754,1424,24514,
294.7253532301218,73311,754,1423,24515,
294.72634984826254,73310,755,1423,24515,
294.72761390538795,73310,754,1424,24515,
294.7277763120293,73310,754,1423,24516,
294.7292417623631,73310,754,1422,24517,
294.73431437741283,73310,753,1423,24517,
294.73694022232917,73310,753,1422,24518,
294.7374558214145,73309,754,1422,24518,
294.74128014087427,73308,755,1422,24518,
294.74138602129307,73307,756,1422,24518,
294.7444363143038,73306,757,1422,24518,
294.74476944230236,73306,757,1421,24519,
294.74659594837857,73306,757,1420,24520,
294.74799274070716,73306,757,1419,24521,
294.7496563652934,73306,756,1420,24521,
294.7500270042161,73306,755,1421,24521,
294.75093267084577,73306,755,1420,24522,
294.7540530807843,73305,756,1420,24522,
294.7553128946231,73305,755,1421,24522,
294.75565537479997,73305,754,1422,24522,
294.7587227429976,73305,754,1421,24523,
294.7713370854364,73305,753,1422,24523,
294.7766424381345,73304,754,1422,24523,
294.7784907769314,73304,754,1421,24524,
294.7807777965315,73304,754,1420,24525,
294.780920472088,73304,754,1419,24526,
294.7826558412925,73304,754,1418,24527,
294.78549320882763,73303,755,1418,24527,
294.7891689078065,73303,755,1417,24528,
294.7922480216618,73303,754,1418,24528,
294.79444919123097,73302,755,1418,24528,
294.79665775637466,73302,755,1417,24529,
294.7979858016334,73302,755,1416,24530,
294.800361370227,73302,755,1415,24531,
294.80272839682283,73302,754,1416,24531,
294.80278964785794,73301,755,1416,24531,
294.80357661535925,73300,756,1416,24531,
294.80734071007777,73299,757,1416,24531,
294.8092640174216,73298,758,1416,24531,
294.8203655511534,73297,759,1416,24531,
294.82376579359186,73297,759,1415,24532,
294.82460315476885,73297,759,1414,24533,
294.82949672069594,73296,760,1414,24533,
294.82964761887837,73295,761,1414,24533,
294.8326082305469,73295,760,1415,24533,
294.8360703470586,73295,760,1414,24534,
294.8364915200413,73295,759,1415,24534,
294.83735752632094,73295,759,1414,24535,
294.8383388501718,73295,759,1413,24536,
294.83902899815183,73295,759,1412,24537,
294.83987160392815,73295,758,1413,24537,
294.84031644804537,73295,758,1412,24538,
294.84266443269223,73294,759,1412,24538,
294.8441581923957,73294,758,1413,24538,
294.8469427741426,73294,758,1412,24539,
294.8513101342113,73294,757,1413,24539,
294.854159624205,73294,757,1412,24540,
294.85436668832284,73294,757,1411,24541,
294.86014812528845,73294,757,1410,24542,
294.86310993281296,73294,756,1411,24542,
294.86335566455875,73294,755,1412,24542,
294.8641090303144,73294,754,1413,24542,
294.86478056297915,73293,755,1413,24542,
294.86826291343556,73293,755,1412,24543,
294.8688861259381,73293,754,1413,24543,
294.87241410908314,73292,755,1413,24543,
294.8772361129277,73292,755,1412,24544,
294.88008112579377,73292,754,1413,24544,
294.88067044704985,73292,753,1414,24544,
294.88195191786764,73291,754,1414,24544,
294.882424844977,73290,755,1414,24544,
294.8862569395771,73290,754,1415,24544,
294.8907499439724,73290,753,1416,24544,
294.8912978897983,73290,752,1417,24544,
294.89387307340826,73289,753,1417,24544,
294.89404694489843,73289,753,1416,24545,
294.9007402437767,73289,753,1415,24546,
294.9036589074381,73288,754,1415,24546,
294.90611188191707,73288,753,1416,24546,
294.90828442459457,73288,752,1417,24546,
294.9124549526937,73288,752,1416,24547,
294.9125651387782,73288,751,1417,24547,
294.9131359438146,73287,752,1417,24547,
294.91442872311256,73287,752,1416,24548,
294.9157619944823,73287,751,1417,24548,
294.91799060224264,73287,750,1418,24548,
294.91894783823267,73287,749,1419,24548,
294.92646142397155,73287,748,1420,24548,
294.92818661887884,73287,748,1419,24549,
294.9329693067815,73287,748,1418,24550,
294.9336137090908,73287,748,1417,24551,
294.9354610372066,73287,747,1418,24551,
294.9358192883981,73286,748,1418,24551,
294.93614090055144,73285,749,1418,24551,
294.94373271597414,73285,749,1417,24552,
294.9457218401279,73285,748,1418,24552,
294.94673398910385,73285,747,1419,24552,
294.94796487247174,73285,747,1418,24553,
294.9604928505836,73284,748,1418,24553,
294.96333574405634,73284,748,1417,24554,
294.96657335201866,73284,748,1416,24555,
294.970068146544,73283,749,1416,24555,
294.9707529146597,73283,748,1417,24555,
294.97120243642,73282,749,1417,24555,
294.97174497256026,73281,750,1417,24555,
294.97368741644664,73280,751,1417,24555,
294.974420524385,73280,751,1416,24556,
294.97561610005215,73280,750,1417,24556,
294.9759135430365,73280,750,1416,24557,
294.97758612762476,73279,751,1416,24557,
294.9800813543043,73278,752,1416,24557,
294.9804449231666,73278,751,1417,24557,
294.9868561978303,73278,750,1418,24557,
294.9873901764781,73278,749,1419,24557,
294.9882588305688,73277,750,1419,24557,
294.99107446752123,73277,749,1420,24557,
294.9915894237024,73277,748,1421,24557,
294.9943122861058,73277,748,1420,24558,
294.9952858392011,73277,748,1419,24559,
294.99714882282586,73276,749,1419,24559,
294.99822007989496,73276,748,1420,24559,
294.99829876075603,73276,747,1421,24559,
295.00157351102257,73276,747,1420,24560,
295.0016453768824,73276,746,1421,24560,
295.0112731494841,73275,747,1421,24560,
295.0113978010483,73275,746,1422,24560,
295.01168749608826,73275,746,1421,24561,
295.0155648475923,73275,746,1420,24562,
295.02018929460826,73275,745,1421,24562,
295.0232985160377,73274,746,1421,24562,
295.0245230494476,73273,747,1421,24562,
295.0249273148904,73272,748,1421,24562,
295.0265697603992,73272,748,1420,24563,
295.0283867871241,73272,748,1419,24564,
295.0295721202573,73271,749,1419,24564,
295.03018889033694,73271,749,1418,24565,
295.0326523173552,73271,749,1417,24566,
295.0378776590264,73271,749,1416,24567,
295.0380930555763,73271,748,1417,24567,
295.03944026155716,73271,747,1418,24567,
295.0394502840241,73271,746,1419,24567,
295.04050134448613,73271,745,1420,24567,
295.04237369517386,73270,746,1420,24567,
295.0497561111689,73269,747,1420,24567,
295.0499267998467,73268,748,1420,24567,
295.0504290329363,73268,748,1419,24568,
295.050507530133,73267,749,1419,24568,
295.05391990525317,73267,749,1418,24569,
295.0540320344414,73266,750,1418,24569,
295.05478692344604,73265,751,1418,24569,
295.0560930489526,73264,752,1418,24569,
295.0561052753104,73264,752,1417,24570,
295.0583434098779,73263,753,1417,24570,
295.0631649995723,73263,753,1416,24571,
295.06495733273624,73262,754,1416,24571,
295.0684785939215,73261,755,1416,24571,
295.0725439490733,73261,754,1417,24571,
295.07451346956543,73260,755,1417,24571,
295.0746793957817,73260,755,1416,24572,
295.0750947618808,73259,756,1416,24572,
295.07609080483826,73258,757,1416,24572,
295.0782147510834,73257,758,1416,24572,
295.0792957566474,73256,759,1416,24572,
295.0803350469894,73256,758,1417,24572,
295.08381821502917,73256,757,1418,24572,
295.08389281897627,73256,756,1419,24572,
295.08992044978254,73256,756,1418,24573,
295.09027632999334,73256,755,1419,24573,
295.09066027686947,73256,755,1418,24574,
295.0907630396584,73256,754,1419,24574,
295.09210110477005,73256,754,1418,24575,
295.09275915807495,73255,755,1418,24575,
295.094051847487,73254,756,1418,24575,
295.0982828440127,73253,757,1418,24575,
295.0985407036117,73253,757,1417,24576,
295.0998296694291,73253,757,1416,24577,
295.1003148182923,73253,757,1415,24578,
295.1012019134521,73252,758,1415,24578,
295.106476616873,73252,758,1414,24579,
295.1075473919159,73251,759,1414,24579,
295.1081032835164,73251,759,1413,24580,
295.108876122089,73251,758,1414,24580,
295.1095834232463,73250,759,1414,24580,
295.11139212026495,73249,760,1414,24580,
295.1125275020787,73249,759,1415,24580,
295.11312821528566,73249,758,1416,24580,
295.11316034615254,73249,757,1417,24580,
295.11361736442603,73249,756,1418,24580,
295.1149079062221,73249,756,1417,24581,
295.11754036025417,73249,756,1416,24582,
295.12526847673973,73249,755,1417,24582,
295.12565406875467,73249,754,1418,24582,
295.12843310260166,73249,754,1417,24583,
295.12917629185006,73249,754,1416,24584,
295.1292144093949,73249,754,1415,24585,
295.12945093056584,73248,755,1415,24585,
295.1309246118634,73247,756,1415,24585,
295.1313100799451,73247,755,1416,24585,
295.13332922425036,73246,756,1416,24585,
295.13403834304273,73245,757,1416,24585,
295.1349583294513,73245,756,1417,24585,
295.1350213363086,73245,756,1416,24586,
295.1367873230873,73244,757,1416,24586,
295.1393333366136,73243,758,1416,24586,
295.14074790513945,73243,758,1415,24587,
295.1441711249891,73243,758,1414,24588,
295.14537631024587,73243,757,1415,24588,
295.1502152414301,73243,757,1414,24589,
295.15145743489944,73242,758,1414,24589,
295.1574688531242,73242,758,1413,24590,
295.15840649396256,73242,757,1414,24590,
295.16173687803246,73242,756,1415,24590,
295.16183131901397,73242,756,1414,24591,
295.1629512382921,73242,755,1415,24591,
295.1629875045693,73242,754,1416,24591,
295.1631976292199,73242,754,1415,24592,
295.16827005678874,73241,755,1415,24592,
295.1702956415271,73240,756,1415,24592,
295.170735323454,73239,757,1415,24592,
295.1739709873614,73239,756,1416,24592,
295.1767827751049,73238,757,1416,24592,
295.17710203288334,73237,758,1416,24592,
295.17974001347835,73237,757,1417,24592,
295.19215111898075,73237,756,1418,24592,
295.192271647256,73237,756,1417,24593,
295.1970123375813,73237,755,1418,24593,
295.2010622784881,73236,756,1418,24593,
295.20116108451816,73236,756,1417,24594,
295.20273110743256,73236,755,1418,24594,
295.2029745517801,73236,755,1417,24595,
295.2030246338563,73236,754,1418,24595,
295.2042434641345,73236,753,1419,24595,
295.2102653466117,73236,753,1418,24596,
295.21097312567366,73235,754,1418,24596,
295.21098321008105,73235,754,1417,24597,
295.21225116610265,73234,755,1417,24597,
295.2147459364227,73233,756,1417,24597,
295.21536023356606,73233,756,1416,24598,
295.2166756827739,73233,755,1417,24598,
295.2179425644858,73232,756,1417,24598,
295.2182974084949,73232,755,1418,24598,
295.2193441312732,73232,754,1419,24598,
295.22246596723335,73232,753,1420,24598,
295.2245942609674,73232,752,1421,24598,
295.2252778782788,73232,752,1420,24599,
295.2263221761521,73232,751,1421,24599,
295.2290538303493,73232,750,1422,24599,
295.2314504725906,73232,750,1421,24600,
295.2332433283934,73231,751,1421,24600,
295.23400592052644,73230,752,1421,24600,
295.23420932423744,73229,753,1421,24600,
295.23449517948416,73229,753,1420,24601,
295.23617492294187,73228,754,1420,24601,
295.2376415872937,73227,755,1420,24601,
295.2419180648246,73227,755,1419,24602,
295.2444457905333,73227,754,1420,24602,
295.24932945445954,73226,755,1420,24602,
295.25242161325957,73226,754,1421,24602,
295.2527109526188,73225,755,1421,24602,
295.25454558842716,73225,755,1420,24603,
295.2557240696616,73224,756,1420,24603,
295.25804186366327,73224,755,1421,24603,
295.2585723142021,73224,754,1422,24603,
295.2602391662496,73224,753,1423,24603,
295.2614064016016,73224,753,1422,24604,
295.26282355579923,73224,753,1421,24605,
295.26429062366486,73224,752,1422,24605,
295.27016277647516,73223,753,1422,24605,
295.2712237421741,73222,754,1422,24605,
295.27145481853546,73222,754,1421,24606,
295.27263114753214,73222,754,1420,24607,
295.2759813134967,73222,754,1419,24608,
295.2765986047884,73222,753,1420,24608,
295.27726602220014,73222,753,1419,24609,
295.279035927528,73222,753,1418,24610,
295.2795225636196,73221,754,1418,24610,
295.2836397017216,73221,754,1417,24611,
295.28521573806717,73221,754,1416,24612,
295.2865321310311,73220,755,1416,24612,
295.2876122911503,73219,756,1416,24612,
295.2883415956376,73219,755,1417,24612,
295.2895276248114,73218,756,1417,24612,
295.2895719741588,73217,757,1417,24612,
295.29418103189926,73217,756,1418,24612,
295.2958520959741,73217,756,1417,24613,
295.2972475963246,73217,755,1418,24613,
295.2979010132453,73217,755,1417,24614,
295.2980003038058,73217,755,1416,24615,
295.3005584904864,73217,755,1415,24616,
295.30100347993147,73216,756,1415,24616,
295.30445096172065,73216,755,1416,24616,
295.30988819673405,73215,756,1416,24616,
295.3105257455453,73214,757,1416,24616,
295.31095300301513,73214,756,1417,24616,
295.3119180095713,73214,756,1416,24617,
295.31315768761255,73214,756,1415,24618,
295.3140935502322,73213,757,1415,24618,
295.31416561894684,73212,758,1415,24618,
295.31508570797513,73212,757,1416,24618,
295.3165482359266,73211,758,1416,24618,
295.319298616836,73210,759,1416,24618,
295.31935286864564,73210,758,1417,24618,
295.3197855203355,73209,759,1417,24618,
295.321882830758,73209,758,1418,24618,
295.32227035925195,73208,759,1418,24618,
295.32262480000117,73208,759,1417,24619,
295.32300548337116,73208,759,1416,24620,
295.32317279341436,73207,760,1416,24620,
295.32379877300684,73207,759,1417,24620,
295.32480569962684,73207,758,1418,24620,
295.3252002545562,73207,757,1419,24620,
295.3262976125406,73206,758,1419,24620,
295.32657089114923,73205,759,1419,24620,
295.3267988189292,73205,759,1418,24621,
295.3284082317686,73205,759,1417,24622,
295.33434262989954,73204,760,1417,24622,
295.33484999912343,73203,761,1417,24622,
295.3383133494895,73202,762,1417,24622,
295.3411467659552,73202,762,1416,24623,
295.34188493594667,73202,762,1415,24624,
295.34895667864976,73201,763,1415,24624,
295.34963597966845,73200,764,1415,24624,
295.3547079397293,73200,763,1416,24624,
295.3566986811367,73200,762,1417,24624,
295.3591355774863,73200,761,1418,24624,
295.35932981986554,73200,760,1419,24624,
295.3621952487263,73199,761,1419,24624,
295.3628216846947,73198,762,1419,24624,
295.3646111769935,73198,762,1418,24625,
295.3651457437543,73198,762,1417,24626,
295.365352326097,73197,763,1417,24626,
295.3657178046191,73197,763,1416,24627,
295.36849787836263,73196,764,1416,24627,
295.3689066413112,73195,765,1416,24627,
295.36893324419015,73195,765,1415,24628,
295.36977399552245,73194,766,1415,24628,
295.3717623701086,73194,765,1416,24628,
295.37192080197224,73194,764,1417,24628,
295.37223453080503,73194,764,1416,24629,
295.3724684297104,73194,763,1417,24629,
295.37252316157713,73194,763,1416,24630,
295.37577701499026,73193,764,1416,24630,
295.3763474945406,73193,763,1417,24630,
295.3778885489611,73193,763,1416,24631,
295.3796695461354,73193,763,1415,24632,
295.3805145663178,73193,762,1416,24632,
295.38088404337674,73192,763,1416,24632,
295.38176924618426,73191,764,1416,24632,
295.3851006573092,73190,765,1416,24632,
295.3854828927204,73190,765,1415,24633,
295.38668810035443,73190,764,1416,24633,
295.3882068152422,73190,763,1417,24633,
295.39035182868236,73189,764,1417,24633,
295.39173272923796,73189,764,1416,24634,
295.3959476734522,73189,764,1415,24635,
295.400230734911,73189,764,1414,24636,
295.40169004468606,73189,763,1415,24636,
295.40174073094545,73189,762,1416,24636,
295.40732783911386,73189,762,1415,24637,
295.4073519459252,73189,761,1416,24637,
295.4097442784391,73189,760,1417,24637,
295.4099729801675,73188,761,1417,24637,
295.41235284293293,73188,760,1418,24637,
295.41271473438485,73188,760,1417,24638,
295.4135789510806,73187,761,1417,24638,
295.4138814388808,73187,761,1416,24639,
295.4146892336511,73187,760,1417,24639,
295.4187653254853,73187,760,1416,24640,
295.4236269755463,73187,760,1415,24641,
295.4252025728399,73187,759,1416,24641,
295.42968805565573,73187,759,1415,24642,
295.4330031870615,73186,760,1415,24642,
295.4332760672113,73185,761,1415,24642,
295.43462589101654,73185,760,1416,24642,
295.4365278213047,73185,759,1417,24642,
295.4373964060571,73185,759,1416,24643,
295.43873165338783,73185,759,1415,24644,
295.44085573838856,73184,760,1415,24644,
295.44760620325917,73184,760,1414,24645,
295.45617076556323,73184,759,1415,24645,
295.4589705171688,73183,760,1415,24645,
295.4622074112705,73182,761,1415,24645,
295.46267508646025,73182,761,1414,24646,
295.4672147825176,73181,762,1414,24646,
295.46781594157716,73180,763,1414,24646,
295.47019881160065,73180,762,1415,24646,
295.4726632323502,73180,761,1416,24646,
295.4743039173945,73180,761,1415,24647,
295.474455111666,73180,761,1414,24648,
295.47888758620803,73180,761,1413,24649,
295.4824350413673,73180,760,1414,24649,
295.4831980042085,73180,759,1415,24649,
295.4833333643923,73180,759,1414,24650,
295.4840191327288,73180,759,1413,24651,
295.48719137626637,73179,760,1413,24651,
295.4881446696428,73179,759,1414,24651,
295.49057615021377,73178,760,1414,24651,
295.4980710081306,73177,761,1414,24651,
295.499214344261,73177,761,1413,24652,
295.5007749517514,73177,761,1412,24653,
295.5031146456491,73177,760,1413,24653,
295.5059070942294,73177,760,1412,24654,
295.50714635127116,73176,761,1412,24654,
295.5085281332274,73175,762,1412,24654,
295.5224450422854,73175,761,1413,24654,
295.5231693457687,73175,760,1414,24654,
295.5243712216824,73175,759,1415,24654,
295.52487454564545,73175,758,1416,24654,
295.5264513213638,73174,759,1416,24654,
295.5272059259052,73174,759,1415,24655,
295.5309148983804,73174,759,1414,24656,
295.5314110112584,73174,759,1413,24657,
295.5314619899291,73174,758,1414,24657,
295.53169553443723,73174,758,1413,24658,
295.53291134843465,73173,759,1413,24658,
295.5361127196383,73173,758,1414,24658,
295.54093551301986,73173,757,1415,24658,
295.5417169274958,73172,758,1415,24658,
295.5473630742208,73171,759,1415,24658,
295.5497946941026,73170,760,1415,24658,
295.55266994185,73169,761,1415,24658,
295.55321110049886,73169,761,1414,24659,
295.5535971434853,73169,761,1413,24660,
295.553984858874,73169,761,1412,24661,
295.564067256962,73169,760,1413,24661,
295.56672944885577,73168,761,1413,24661,
295.57057954263234,73168,761,1412,24662,
295.57110241108467,73168,760,1413,24662,
295.57626282479646,73168,760,1412,24663,
295.5789025836848,73168,760,1411,24664,
295.57965184120496,73167,761,1411,24664,
295.5846650325936,73167,760,1412,24664,
295.5853853775896,73167,759,1413,24664,
295.59219492541155,73167,759,1412,24665,
295.5939514753042,73166,760,1412,24665,
295.5953060205215,73166,759,1413,24665,
295.5964381092579,73165,760,1413,24665,
295.59704969762186,73164,761,1413,24665,
295.5990199327307,73163,762,1413,24665,
295.60320329392846,73163,761,1414,24665,
295.60500595010626,73163,761,1413,24666,
295.61116193595785,73163,760,1414,24666,
295.6121306631641,73162,761,1414,24666,
295.6149062337371,73162,760,1415,24666,
295.6240579609476,73161,761,1415,24666,
295.62459659927407,73161,761,1414,24667,
295.6246545497479,73161,760,1415,24667,
295.6268204671122,73161,760,1414,24668,
295.6275122787133,73161,760,1413,24669,
295.6298916358447,73160,761,1413,24669,
295.6305947095306,73159,762,1413,24669,
295.63149997425666,73158,763,1413,24669,
295.63156260554155,73158,763,1412,24670,
295.63363421042476,73157,764,1412,24670,
295.64094320999453,73157,764,1411,24671,
295.6415704737835,73157,763,1412,24671,
295.64614882780916,73157,763,1411,24672,
295.6475770384362,73156,764,1411,24672,
295.6516815557975,73156,764,1410,24673,
295.6527138595959,73156,763,1411,24673,
295.653228935435,73156,763,1410,24674,
295.65833948223684,73155,764,1410,24674,
295.6583398906908,73155,763,1411,24674,
295.6583628947,73155,763,1410,24675,
295.65895894817464,73154,764,1410,24675,
295.6604316820045,73154,763,1411,24675,
295.6610185123809,73154,762,1412,24675,
295.664546409999,73153,763,1412,24675,
295.6697151375612,73153,762,1413,24675,
295.6708904978913,73153,761,1414,24675,
295.6712363971796,73153,760,1415,24675,
295.6717389905498,73153,759,1416,24675,
295.67272167517996,73153,759,1415,24676,
295.6787475696514,73152,760,1415,24676,
295.6807918304516,73152,759,1416,24676,
295.6832364028144,73152,759,1415,24677,
295.6841780746648,73151,760,1415,24677,
295.685936994356,73151,759,1416,24677,
295.69021516516966,73151,759,1415,24678,
295.69260587088445,73151,759,1414,24679,
295.69319653124313,73150,760,1414,24679,
295.69443509581083,73150,760,1413,24680,
295.697194119015,73150,760,1412,24681,
295.6973147035193,73149,761,1412,24681,
295.7002066071334,73149,761,1411,24682,
295.70444382241214,73149,760,1412,24682,
295.70604337374726,73149,760,1411,24683,
295.70719538294844,73149,760,1410,24684,
295.7075575377808,73149,760,1409,24685,
295.7079335200985,73148,761,1409,24685,
295.71152100957335,73148,760,1410,24685,
295.7177193731865,73147,761,1410,24685,
295.7191921945046,73147,760,1411,24685,
295.7205574871289,73147,759,1412,24685,
295.72769796868835,73147,759,1411,24686,
295.7288913506943,73146,760,1411,24686,
295.7292708692897,73146,760,1410,24687,
295.7355518500835,73146,759,1411,24687,
295.736085676756,73146,759,1410,24688,
295.73646911478136,73145,760,1410,24688,
295.7421649980646,73145,760,1409,24689,
295.7422684484469,73144,761,1409,24689,
295.74270102318917,73143,762,1409,24689,
295.7433623998568,73143,762,1408,24690,
295.74469062249705,73143,761,1409,24690,
295.7459789303143,73143,760,1410,24690,
295.7470427880169,73142,761,1410,24690,
295.74867772379434,73142,760,1411,24690,
295.756109694427,73142,760,1410,24691,
295.759627884136,73142,759,1411,24691,
295.76484822347277,73142,759,1410,24692,
295.76485539858083,73142,759,1409,24693,
295.7649447962822,73142,759,1408,24694,
295.7652228946603,73142,759,1407,24695,
295.76636140541916,73142,759,1406,24696,
295.7691852902801,73142,759,1405,24697,
295.771215208423,73142,758,1406,24697,
295.772306711244,73141,759,1406,24697,
295.7723766460489,73141,759,1405,24698,
295.77341084272115,73141,759,1404,24699,
295.7740483524039,73141,758,1405,24699,
295.77662986760316,73141,757,1406,24699,
295.7819872460218,73140,758,1406,24699,
295.78343171369715,73139,759,1406,24699,
295.78386149564625,73138,760,1406,24699,
295.7838803436338,73138,760,1405,24700,
295.7868983920856,73137,761,1405,24700,
295.7920445204228,73137,760,1406,24700,
295.8021303406981,73136,761,1406,24700,
295.80279366126507,73135,762,1406,24700,
295.80512963022875,73135,761,1407,24700,
295.80741014513393,73135,761,1406,24701,
295.80848788888943,73135,761,1405,24702,
295.81254899486424,73135,760,1406,24702,
295.81520012810876,73134,761,1406,24702,
295.81647815977936,73133,762,1406,24702,
295.82477131491726,73133,762,1405,24703,
295.82538184260284,73132,763,1405,24703,
295.82558310979357,73132,762,1406,24703,
295.8280708413512,73132,761,1407,24703,
295.8286187554146,73131,762,1407,24703,
295.8323458709805,73131,762,1406,24704,
295.8335660754737,73131,761,1407,24704,
295.83925678668163,73131,760,1408,24704,
295.8403742961011,73131,760,1407,24705,
295.84138713330265,73130,761,1407,24705,
295.84623853931805,73130,761,1406,24706,
295.8482880989656,73130,760,1407,24706,
295.84893241865484,73130,760,1406,24707,
295.8493643096816,73130,760,1405,24708,
295.8497021594375,73130,759,1406,24708,
295.85115464555133,73129,760,1406,24708,
295.85172017912345,73128,761,1406,24708,
295.8528284838926,73128,761,1405,24709,
295.8543993298868,73127,762,1405,24709,
295.8546723538748,73127,762,1404,24710,
295.85605335615713,73126,763,1404,24710,
295.8600800038158,73126,762,1405,24710,
295.8605836020395,73126,762,1404,24711,
295.86349379345774,73126,761,1405,24711,
295.86590633186427,73126,760,1406,24711,
295.8659228761951,73126,760,1405,24712,
295.8679927260385,73126,759,1406,24712,
295.8763434612996,73126,758,1407,24712,
295.87669556146113,73125,759,1407,24712,
295.87743713515357,73124,760,1407,24712,
295.8784876665027,73123,761,1407,24712,
295.880037791385,73122,762,1407,24712,
295.88105456038153,73122,761,1408,24712,
295.8812629942578,73122,760,1409,24712,
295.88428168035284,73122,759,1410,24712,
295.88503605566297,73122,759,1409,24713,
295.88638228081226,73121,760,1409,24713,
295.8874904872959,73121,760,1408,24714,
295.888482636414,73121,760,1407,24715,
295.88979454054976,73120,761,1407,24715,
295.8902789731656,73120,760,1408,24715,
295.8903107830229,73119,761,1408,24715,
295.891418281641,73119,760,1409,24715,
295.9017339351198,73119,759,1410,24715,
295.90190354788234,73119,759,1409,24716,
295.90536306009216,73119,759,1408,24717,
295.9060212630557,73119,759,1407,24718,
295.91423148292984,73119,758,1408,24718,
295.9172314593386,73119,757,1409,24718,
295.91835279683386,73119,756,1410,24718,
295.91835744725273,73119,756,1409,24719,
295.9213550261618,73119,756,1408,24720,
295.92322159341535,73118,757,1408,24720,
295.9279195838235,73118,756,1409,24720,
295.9285597662104,73118,756,1408,24721,
295.93554434415,73118,756,1407,24722,
295.9359924783533,73117,757,1407,24722,
295.9368104573602,73116,758,1407,24722,
295.94002774536307,73116,758,1406,24723,
295.9427305941337,73116,757,1407,24723,
295.9503122859835,73116,757,1406,24724,
295.9527978907001,73116,757,1405,24725,
295.95324811468345,73116,756,1406,24725,
295.9593310879299,73116,756,1405,24726,
295.96168076811483,73116,755,1406,24726,
295.9659356930017,73116,755,1405,24727,
295.96745614644334,73115,756,1405,24727,
295.96818349100846,73114,757,1405,24727,
295.97002615576486,73114,756,1406,24727,
295.97021060598854,73114,756,1405,24728,
295.9735704135503,73113,757,1405,24728,
295.9739743335112,73113,756,1406,24728,
295.9758827064071,73113,756,1405,24729,
295.9773573846653,73113,755,1406,24729,
295.98245607262174,73113,755,1405,24730,
295.9834813090668,73113,755,1404,24731,
295.9865862105093,73113,755,1403,24732,
295.9871092524393,73113,754,1404,24732,
295.9872716212531,73113,753,1405,24732,
295.98802584312847,73113,752,1406,24732,
295.9880940753669,73113,752,1405,24733,
295.9906256178204,73113,751,1406,24733,
295.9942898685994,73113,750,1407,24733,
296.0003512280336,73113,750,1406,24734,
296.0008224629408,73112,751,1406,24734,
296.0014834441745,73112,751,1405,24735,
296.002651571057,73112,751,1404,24736,
296.00434406150555,73111,752,1404,24736,
296.00663661027073,73110,753,1404,24736,
296.0102070233444,73110,753,1403,24737,
296.0110386397801,73110,752,1404,24737,
296.0116229776014,73109,753,1404,24737,
296.01462436478306,73109,753,1403,24738,
296.0170127474828,73109,753,1402,24739,
296.0170982955938,73109,753,1401,24740,
296.0222009673949,73108,754,1401,24740,
296.02232401956803,73108,753,1402,24740,
296.02263909196927,73108,753,1401,24741,
296.02367079491336,73108,752,1402,24741,
296.0237820801163,73107,753,1402,24741,
296.02501632052235,73107,753,1401,24742,
296.02646948119207,73107,753,1400,24743,
296.02815947291134,73106,754,1400,24743,
296.02822902182993,73106,754,1399,24744,
296.0343865460515,73106,753,1400,24744,
296.0364957867817,73106,753,1399,24745,
296.03699959871847,73106,753,1398,24746,
296.03803608613913,73105,754,1398,24746,
296.0436529514015,73105,753,1399,24746,
296.0480968237743,73105,752,1400,24746,
296.04916101832384,73105,752,1399,24747,
296.04996016132105,73104,753,1399,24747,
296.05040331825563,73104,753,1398,24748,
296.05106334980115,73103,754,1398,24748,
296.0532479526043,73103,753,1399,24748,
296.0545016417511,73103,753,1398,24749,
296.05561329875104,73103,752,1399,24749,
296.05617203645824,73103,752,1398,24750,
296.05856710244336,73102,753,1398,24750,
296.059163620062,73102,753,1397,24751,
296.06037609789695,73102,752,1398,24751,
296.0619635460597,73101,753,1398,24751,
296.068439615824,73101,752,1399,24751,
296.073860690273,73101,751,1400,24751,
296.07392889127965,73101,750,1401,24751,
296.0750041686379,73101,749,1402,24751,
296.07675589529083,73101,749,1401,24752,
296.0767623211147,73101,749,1400,24753,
296.0807948142692,73101,749,1399,24754,
296.0808883343297,73101,748,1400,24754,
296.08327230936254,73101,748,1399,24755,
296.08347240617576,73101,747,1400,24755,
296.08356805641375,73101,746,1401,24755,
296.08389528610485,73101,745,1402,24755,
296.08441996346505,73100,746,1402,24755,
296.08707595465506,73099,747,1402,24755,
296.0872269271599,73099,747,1401,24756,
296.08723366389404,73098,748,1401,24756,
296.0885836080539,73097,749,1401,24756,
296.0934142743719,73097,749,1400,24757,
296.09359399611736,73097,748,1401,24757,
296.09538191745554,73097,748,1400,24758,
296.09766320161,73097,747,1401,24758,
296.10019801553466,73097,747,1400,24759,
296.10338031386874,73097,746,1401,24759,
296.10620161867035,73097,745,1402,24759,
296.10645025055555,73096,746,1402,24759,
296.107697490137,73095,747,1402,24759,
296.1081088899516,73094,748,1402,24759,
296.1119582675163,73094,748,1401,24760,
296.11424791461803,73093,749,1401,24760,
296.1154730595885,73093,748,1402,24760,
296.117238956408,73092,749,1402,24760,
296.11895084605794,73092,748,1403,24760,
296.11898246668534,73091,749,1403,24760,
296.12091869838144,73091,749,1402,24761,
296.1212144518538,73091,749,1401,24762,
296.1248761104967,73091,749,1400,24763,
296.12898705929774,73091,749,1399,24764,
296.1291847299331,73091,748,1400,24764,
296.12974564906796,73091,748,1399,24765,
296.1324230028827,73091,747,1400,24765,
296.13542900704647,73090,748,1400,24765,
296.1355444544088,73090,747,1401,24765,
296.13802045643297,73090,746,1402,24765,
296.13893753895826,73090,746,1401,24766,
296.1408877324003,73089,747,1401,24766,
296.14135594187115,73088,748,1401,24766,
296.14196704606036,73088,747,1402,24766,
296.1424838076586,73088,747,1401,24767,
296.1442940165194,73088,747,1400,24768,
296.15010506349904,73088,747,1399,24769,
296.1534992750913,73087,748,1399,24769,
296.1560585199766,73087,748,1398,24770,
296.15638822748343,73087,748,1397,24771,
296.15640663442895,73087,747,1398,24771,
296.157772288562,73087,747,1397,24772,
296.1579973545142,73087,746,1398,24772,
296.158773041461,73087,746,1397,24773,
296.15931872317276,73086,747,1397,24773,
296.16210113559237,73086,746,1398,24773,
296.16394269571015,73086,745,1399,24773,
296.16411308753317,73086,745,1398,24774,
296.1728673016037,73086,745,1397,24775,
296.1728889490072,73086,744,1398,24775,
296.1743870384926,73086,744,1397,24776,
296.1756546664342,73086,744,1396,24777,
296.17933356588935,73086,744,1395,24778,
296.179900648076,73086,743,1396,24778,
296.1801424619265,73086,742,1397,24778,
296.1840313345744,73086,741,1398,24778,
296.18590724170497,73086,740,1399,24778,
296.1866031136523,73086,739,1400,24778,
296.18839340523067,73086,738,1401,24778,
296.1928001384146,73086,737,1402,24778,
296.1942452569547,73086,736,1403,24778,
296.19497223918944,73085,737,1403,24778,
296.1949730642435,73084,738,1403,24778,
296.19589801515184,73083,739,1403,24778,
296.19970866764726,73082,740,1403,24778,
296.2010142742419,73082,739,1404,24778,
296.2035973916144,73082,739,1403,24779,
296.20391863657085,73082,739,1402,24780,
296.20458683273097,73082,738,1403,24780,
296.2106553558953,73081,739,1403,24780,
296.2126643938836,73081,739,1402,24781,
296.21273373070494,73080,740,1402,24781,
296.21666324181814,73079,741,1402,24781,
296.22135593027724,73079,741,1401,24782,
296.2259432442519,73079,740,1402,24782,
296.22666167197997,73079,739,1403,24782,
296.23036962028897,73079,738,1404,24782,
296.23051367655034,73079,738,1403,24783,
296.24003583328306,73078,739,1403,24783,
296.2414199529981,73078,738,1404,24783,
296.2441739547361,73077,739,1404,24783,
296.2497969542556,73077,739,1403,24784,
296.2550450909576,73077,738,1404,24784,
296.25774371695184,73077,737,1405,24784,
296.2601820313413,73077,737,1404,24785,
296.26083744409436,73077,736,1405,24785,
296.2663581300344,73077,736,1404,24786,
296.26656956763077,73076,737,1404,24786,
296.2719309502226,73076,737,1403,24787,
296.2750187393566,73075,738,1403,24787,
296.2761061671018,73075,738,1402,24788,
296.2763327674289,73075,737,1403,24788,
296.27820955985186,73075,736,1404,24788,
296.2789474976669,73074,737,1404,24788,
296.28159182963225,73074,737,1403,24789,
296.28463737792083,73073,738,1403,24789,
296.2852249336839,73073,738,1402,24790,
296.28671229303484,73073,738,1401,24791,
296.2924895727946,73073,737,1402,24791,
296.2926005072821,73073,736,1403,24791,
296.29660604413033,73073,736,1402,24792,
296.298055333854,73072,737,1402,24792,
296.3033759100134,73072,737,1401,24793,
296.3074829517734,73072,737,1400,24794,
296.31255871121414,73071,738,1400,24794,
296.31341189404145,73070,739,1400,24794,
296.3139397378866,73070,739,1399,24795,
296.3140685622933,73070,738,1400,24795,
296.3162717160271,73070,737,1401,24795,
296.3196651175033,73070,737,1400,24796,
296.3200597250974,73070,737,1399,24797,
296.3227101684059,73069,738,1399,24797,
296.3243311280944,73069,738,1398,24798,
296.33222430442333,73069,738,1397,24799,
296.3341391567471,73069,738,1396,24800,
296.337063743477,73069,737,1397,24800,
296.33809462452507,73069,737,1396,24801,
296.33820104652216,73069,736,1397,24801,
296.3385873266551,73069,735,1398,24801,
296.3446422556277,73068,736,1398,24801,
296.3448102749208,73067,737,1398,24801,
296.3475568326582,73067,736,1399,24801,
296.3502272066301,73067,735,1400,24801,
296.35048868665297,73067,734,1401,24801,
296.3517059670472,73067,734,1400,24802,
296.3522173093046,73067,733,1401,24802,
296.35369153800656,73067,732,1402,24802,
296.3547786718396,73067,732,1401,24803,
296.35535687109456,73066,733,1401,24803,
296.3580031181424,73065,734,1401,24803,
296.358185813689,73065,733,1402,24803,
296.35932950847143,73065,732,1403,24803,
296.35977610864467,73064,733,1403,24803,
296.3597906536299,73064,732,1404,24803,
296.3628898950107,73064,732,1403,24804,
296.36565316737864,73063,733,1403,24804,
296.36856970811704,73063,732,1404,24804,
296.37480266295256,73063,731,1405,24804,
296.3752141273703,73063,731,1404,24805,
296.3772123727269,73063,731,1403,24806,
296.38047361130606,73063,730,1404,24806,
296.3816095440021,73062,731,1404,24806,
296.3820927564972,73062,731,1403,24807,
296.3832872082607,73062,730,1404,24807,
296.3833681643601,73061,731,1404,24807,
296.3853801505907,73061,731,1403,24808,
296.3854912582772,73061,730,1404,24808,
296.3859256175882,73060,731,1404,24808,
296.3883278175646,73060,731,1403,24809,
296.3896300316531,73059,732,1403,24809,
296.3905864173383,73059,731,1404,24809,
296.3928243293692,73059,731,1403,24810,
296.3951573427427,73059,730,1404,24810,
296.3951752976457,73059,730,1403,24811,
296.4094442347792,73059,729,1404,24811,
296.4131530078062,73059,729,1403,24812,
296.41318113535715,73059,729,1402,24813,
296.416269977958,73058,730,1402,24813,
296.41989525233396,73057,731,1402,24813,
296.42134473941184,73057,731,1401,24814,
296.42436941427945,73057,731,1400,24815,
296.4253363370593,73056,732,1400,24815,
296.4259585208661,73055,733,1400,24815,
296.4282546283126,73055,733,1399,24816,
296.4293031954887,73054,734,1399,24816,
296.4330691443846,73053,735,1399,24816,
296.43385143772593,73053,734,1400,24816,
296.43408310328357,73053,734,1399,24817,
296.4424976470114,73053,733,1400,24817,
296.4468330452839,73053,733,1399,24818,
296.45128736413363,73053,732,1400,24818,
296.4533873020964,73053,732,1399,24819,
296.45502183653633,73053,732,1398,24820,
296.45741356402124,73053,732,1397,24821,
296.4577472731183,73052,733,1397,24821,
296.46339063742346,73052,732,1398,24821,
296.46579781201365,73052,732,1397,24822,
296.467900559305,73052,731,1398,24822,
296.4748210224809,73052,730,1399,24822,
296.47706633768587,73051,731,1399,24822,
296.47729462323383,73051,731,1398,24823,
296.4775763052672,73051,730,1399,24823,
296.4795576350832,73051,730,1398,24824,
296.48110037667504,73051,729,1399,24824,
296.4816178365163,73051,728,1400,24824,
296.48532098634104,73050,729,1400,24824,
296.48562633101136,73050,728,1401,24824,
296.4871814534529,73050,728,1400,24825,
296.48972732439614,73050,728,1399,24826,
296.4907901420678,73049,729,1399,24826,
296.4927168014775,73049,729,1398,24827,
296.51481057851396,73048,730,1398,24827,
296.5149675496223,73048,730,1397,24828,
296.5157586841567,73048,729,1398,24828,
296.52042609729494,73048,728,1399,24828,
296.5214044125117,73048,727,1400,24828,
296.5258781576276,73048,727,1399,24829,
296.52645749735746,73048,726,1400,24829,
296.52686941918944,73047,727,1400,24829,
296.52913871142005,73047,726,1401,24829,
296.5298329546386,73046,727,1401,24829,
296.53192344047034,73046,726,1402,24829,
296.53441674339257,73045,727,1402,24829,
296.5348330525547,73045,727,1401,24830,
296.5360356144941,73045,726,1402,24830,
296.5373432937518,73045,725,1403,24830,
296.54120053519944,73045,725,1402,24831,
296.5412464305353,73044,726,1402,24831,
296.5431472014464,73044,726,1401,24832,
296.54605803540636,73044,725,1402,24832,
296.5465365843671,73044,725,1401,24833,
296.54706954660867,73044,725,1400,24834,
296.54718766306723,73043,726,1400,24834,
296.54937906093363,73043,725,1401,24834,
296.55165331031407,73042,726,1401,24834,
296.5517133245942,73042,726,1400,24835,
296.5541867041568,73041,727,1400,24835,
296.55726834909564,73041,727,1399,24836,
296.5609955255036,73041,726,1400,24836,
296.5625899079421,73040,727,1400,24836,
296.56834618293317,73040,726,1401,24836,
296.56846272471716,73040,725,1402,24836,
296.5733534432828,73039,726,1402,24836,
296.5735844097838,73039,725,1403,24836,
296.5757772533547,73039,725,1402,24837,
296.5792373250999,73039,724,1403,24837,
296.5853293168348,73039,724,1402,24838,
296.5924696435183,73038,725,1402,24838,
296.5932080336893,73038,725,1401,24839,
296.5939080582198,73038,725,1400,24840,
296.5947447260724,73037,726,1400,24840,
296.5950743669325,73036,727,1400,24840,
296.59656037203365,73036,726,1401,24840,
296.5986178566881,73035,727,1401,24840,
296.59999975489507,73034,728,1401,24840,
296.600525621472,73034,728,1400,24841,
296.6043138558027,73034,727,1401,24841,
296.604715766039,73034,727,1400,24842,
296.6052420238024,73033,728,1400,24842,
296.60682122576816,73033,727,1401,24842,
296.60870867373,73033,726,1402,24842,
296.6088153197968,73033,726,1401,24843,
296.6092812047135,73033,726,1400,24844,
296.6096494180675,73033,725,1401,24844,
296.6127100923553,73032,726,1401,24844,
296.6137664838138,73032,726,1400,24845,
296.61501149769543,73031,727,1400,24845,
296.6170873020974,73030,728,1400,24845,
296.6171197077322,73030,727,1401,24845,
296.61714356362637,73029,728,1401,24845,
296.6173591443047,73029,727,1402,24845,
296.6176838076069,73029,727,1401,24846,
296.627334761808,73029,727,1400,24847,
296.6296204667847,73029,726,1401,24847,
296.63282194656125,73028,727,1401,24847,
296.6332118407552,73028,727,1400,24848,
296.6347991475798,73028,727,1399,24849,
296.6380541322187,73028,726,1400,24849,
296.64418597715013,73027,727,1400,24849,
296.6455385687054,73026,728,1400,24849,
296.64563434728876,73026,727,1401,24849,
296.6523790154925,73026,727,1400,24850,
296.6566694761054,73025,728,1400,24850,
296.65694712675,73025,728,1399,24851,
296.65833669523715,73024,729,1399,24851,
296.67138534716014,73024,729,1398,24852,
296.67225141719047,73024,729,1397,24853,
296.67581862192213,73024,729,1396,24854,
296.67653845902663,73024,729,1395,24855,
296.67737538061044,73024,729,1394,24856,
296.68214558443384,73024,729,1393,24857,
296.68219645949455,73024,729,1392,24858,
296.68350943884786,73024,728,1393,24858,
296.6840050037979,73024,727,1394,24858,
296.68851379442356,73024,726,1395,24858,
296.69276106970557,73024,725,1396,24858,
296.6933492183799,73023,726,1396,24858,
296.6951898461385,73023,726,1395,24859,
296.69633696563017,73023,725,1396,24859,
296.7020948185582,73023,724,1397,24859,
296.70244634971874,73022,725,1397,24859,
296.70259087475074,73022,725,1396,24860,
296.7065953541332,73021,726,1396,24860,
296.7078590062855,73020,727,1396,24860,
296.7080725687596,73019,728,1396,24860,
296.70891100038216,73019,728,1395,24861,
296.7103329490686,73019,728,1394,24862,
296.71641365643524,73018,729,1394,24862,
296.71719439312636,73017,730,1394,24862,
296.7182874860286,73016,731,1394,24862,
296.7199137835186,73016,730,1395,24862,
296.7201284193381,73015,731,1395,24862,
296.72216628198055,73015,731,1394,24863,
296.7233003592233,73014,732,1394,24863,
296.72494534709966,73013,733,1394,24863,
296.73359949327505,73013,733,1393,24864,
296.734239925749,73013,732,1394,24864,
296.735583879994,73013,732,1393,24865,
296.73751594597576,73013,731,1394,24865,
296.73843280128955,73012,732,1394,24865,
296.74067287146744,73011,733,1394,24865,
296.7410753400081,73011,733,1393,24866,
296.7412179045652,73011,732,1394,24866,
296.74248994795397,73010,733,1394,24866,
296.74654332105075,73010,732,1395,24866,
296.7476530154608,73010,732,1394,24867,
296.74796672639286,73009,733,1394,24867,
296.7496498566635,73009,732,1395,24867,
296.7500570660876,73009,731,1396,24867,
296.75382994389844,73008,732,1396,24867,
296.75407049936257,73008,731,1397,24867,
296.76059802260454,73008,730,1398,24867,
296.7631186287996,73008,730,1397,24868,
296.76954675228944,73008,730,1396,24869,
296.7701512773152,73007,731,1396,24869,
296.77019843938115,73007,730,1397,24869,
296.77179565422165,73007,730,1396,24870,
296.77240145686153,73007,730,1395,24871,
296.77391654076445,73007,730,1394,24872,
296.7763533989309,73007,730,1393,24873,
296.77759771473694,73006,731,1393,24873,
296.7826158293421,73005,732,1393,24873,
296.78561597772637,73004,733,1393,24873,
296.785779549584,73004,732,1394,24873,
296.7860149886365,73004,732,1393,24874,
296.78628126895785,73003,733,1393,24874,
296.7866072718656,73002,734,1393,24874,
296.78664146081405,73002,733,1394,24874,
296.7897154941609,73002,733,1393,24875,
296.7926543065198,73002,733,1392,24876,
296.79281723851153,73002,732,1393,24876,
296.79590003651754,73002,732,1392,24877,
296.797092293381,73002,732,1391,24878,
296.7979271504385,73002,732,1390,24879,
296.80269166899876,73001,733,1390,24879,
296.8049608191604,73001,732,1391,24879,
296.80514164690385,73000,733,1391,24879,
296.8061320345181,72999,734,1391,24879,
296.814678331997,72999,734,1390,24880,
296.8170832889029,72999,734,1389,24881,
296.819035600394,72999,733,1390,24881,
296.82241451214736,72998,734,1390,24881,
296.8262418611746,72998,734,1389,24882,
296.82727691292183,72998,733,1390,24882,
296.82796127606247,72998,732,1391,24882,
296.8307794332455,72998,732,1390,24883,
296.83230601532847,72998,731,1391,24883,
296.83322593948435,72998,730,1392,24883,
296.8355094086283,72998,730,1391,24884,
296.8397486572465,72997,731,1391,24884,
296.84231401783114,72997,730,1392,24884,
296.84293934017,72996,731,1392,24884,
296.843102194257,72996,730,1393,24884,
296.84435526712303,72996,730,1392,24885,
296.8485658816129,72996,730,1391,24886,
296.85439199092843,72995,731,1391,24886,
296.854752306244,72994,732,1391,24886,
296.8547671037431,72994,731,1392,24886,
296.8577472765923,72994,731,1391,24887,
296.8589349377321,72993,732,1391,24887,
296.86041197957815,72993,732,1390,24888,
296.8611650294644,72993,731,1391,24888,
296.8647258981132,72993,730,1392,24888,
296.86622261242536,72993,730,1391,24889,
296.8697548246878,72993,730,1390,24890,
296.87042596893485,72992,731,1390,24890,
296.87068889345187,72991,732,1390,24890,
296.8714296688034,72991,732,1389,24891,
296.8722586068639,72991,732,1388,24892,
296.87567868393114,72990,733,1388,24892,
296.87712352778385,72990,732,1389,24892,
296.8771865984135,72989,733,1389,24892,
296.8781493008318,72989,732,1390,24892,
296.87928193799746,72989,731,1391,24892,
296.879302809635,72989,730,1392,24892,
296.8821798785996,72989,730,1391,24893,
296.88417694466625,72989,730,1390,24894,
296.8848077862958,72988,731,1390,24894,
296.88890811734814,72988,731,1389,24895,
296.89098616401606,72988,730,1390,24895,
296.8922483279361,72987,731,1390,24895,
296.8935792545048,72986,732,1390,24895,
296.89708638881405,72986,732,1389,24896,
296.9019001940413,72986,732,1388,24897,
296.90376388065397,72986,732,1387,24898,
296.9093816548846,72985,733,1387,24898,
296.9120339284081,72985,732,1388,24898,
296.9121408726725,72985,732,1387,24899,
296.9134829854865,72985,731,1388,24899,
296.9142758110577,72984,732,1388,24899,
296.9187297561438,72984,732,1387,24900,
296.92117751973683,72983,733,1387,24900,
296.9221674995299,72983,732,1388,24900,
296.92363379511795,72982,733,1388,24900,
296.9241381264901,72982,732,1389,24900,
296.92416840252463,72982,732,1388,24901,
296.92830434134925,72982,731,1389,24901,
296.9293010620886,72981,732,1389,24901,
296.93810475298164,72981,732,1388,24902,
296.94075848428133,72981,732,1387,24903,
296.9435129620631,72980,733,1387,24903,
296.94438607160384,72979,734,1387,24903,
296.9453290488115,72979,734,1386,24904,
296.9472702717773,72979,734,1385,24905,
296.94983460009155,72979,734,1384,24906,
296.9520311817686,72978,735,1384,24906,
296.9555366926903,72978,734,1385,24906,
296.9563707736126,72977,735,1385,24906,
296.9564457265235,72977,734,1386,24906,
296.96213957117646,72977,734,1385,24907,
296.9624863942353,72977,733,1386,24907,
296.9647720309032,72977,733,1385,24908,
296.96708614424597,72977,732,1386,24908,
296.9689026810625,72976,733,1386,24908,
296.97017289539633,72975,734,1386,24908,
296.97062759502626,72975,733,1387,24908,
296.9726882141391,72975,732,1388,24908,
296.9734373723598,72975,731,1389,24908,
296.97820355543195,72974,732,1389,24908,
296.98107443980206,72974,732,1388,24909,
296.9829949203832,72974,731,1389,24909,
296.984618509073,72973,732,1389,24909,
296.98525865254265,72973,731,1390,24909,
296.985618819594,72973,730,1391,24909,
296.9860044808659,72973,729,1392,24909,
296.987447440628,72973,728,1393,24909,
296.9900619942306,72973,728,1392,24910,
296.99928038242496,72973,728,1391,24911,
297.0019250217746,72973,728,1390,24912,
297.002240784047,72972,729,1390,24912,
297.00355139448794,72972,729,1389,24913,
297.0064104760822,72971,730,1389,24913,
297.00845114113395,72971,729,1390,24913,
297.00901967384317,72971,729,1389,24914,
297.0120552437587,72970,730,1389,24914,
297.01557348806625,72970,730,1388,24915,
297.02143020754545,72970,729,1389,24915,
297.0221668988063,72970,729,1388,24916,
297.02239532819647,72970,728,1389,24916,
297.03022764092594,72970,727,1390,24916,
297.0303707848238,72970,727,1389,24917,
297.033905302193,72970,727,1388,24918,
297.0364937633004,72969,728,1388,24918,
297.0409132021096,72968,729,1388,24918,
297.04317699534624,72967,730,1388,24918,
297.04345019227344,72966,731,1388,24918,
297.0437391123012,72966,730,1389,24918,
297.04403637981693,72966,729,1390,24918,
297.05024200424833,72966,729,1389,24919,
297.05026970642444,72966,728,1390,24919,
297.0504294095658,72966,728,1389,24920,
297.05069672337316,72966,727,1390,24920,
297.05203873441326,72965,728,1390,24920,
297.06083480081077,72965,728,1389,24921,
297.0629688299414,72965,728,1388,24922,
297.0654190789637,72965,727,1389,24922,
297.06836317550756,72965,727,1388,24923,
297.0695910374753,72965,727,1387,24924,
297.0728210641996,72964,728,1387,24924,
297.07407285426814,72964,727,1388,24924,
297.074502523515,72964,726,1389,24924,
297.0802392581212,72963,727,1389,24924,
297.0812914756031,72962,728,1389,24924,
297.0828418871751,72961,729,1389,24924,
297.084472231112,72961,728,1390,24924,
297.0850436060292,72961,727,1391,24924,
297.0906488416075,72960,728,1391,24924,
297.0913095537778,72959,729,1391,24924,
297.0921823619886,72959,729,1390,24925,
297.09308570560034,72958,730,1390,24925,
297.09601143012554,72958,729,1391,24925,
297.09661189519613,72958,729,1390,24926,
297.0988838501324,72957,730,1390,24926,
297.10106926735193,72957,730,1389,24927,
297.10204817283864,72956,731,1389,24927,
297.10263530670767,72955,732,1389,24927,
297.10480208580094,72954,733,1389,24927,
297.10847283117045,72954,732,1390,24927,
297.10911959897163,72954,732,1389,24928,
297.1091810171553,72953,733,1389,24928,
297.1112264967552,72953,732,1390,24928,
297.11234389001635,72952,733,1390,24928,
297.1128831765695,72952,733,1389,24929,
297.11528454556037,72952,733,1388,24930,
297.12891688312516,72952,732,1389,24930,
297.13215453066414,72952,732,1388,24931,
297.1359262464377,72951,733,1388,24931,
297.13696727237794,72950,734,1388,24931,
297.13724240778544,72949,735,1388,24931,
297.1407319179736,72949,734,1389,24931,
297.1412231916409,72949,733,1390,24931,
297.1432143778568,72949,732,1391,24931,
297.14403796797853,72949,732,1390,24932,
297.1456525533001,72949,732,1389,24933,
297.1464421126583,72948,733,1389,24933,
297.1465974797105,72947,734,1389,24933,
297.1491588983288,72947,733,1390,24933,
297.1504674348067,72947,733,1389,24934,
297.15148791601297,72947,732,1390,24934,
297.15262788502883,72947,731,1391,24934,
297.154199580172,72947,730,1392,24934,
297.1578940273562,72947,729,1393,24934,
297.15878251678043,72947,729,1392,24935,
297.164144908956,72947,729,1391,24936,
297.164746257713,72947,728,1392,24936,
297.1647885281429,72947,727,1393,24936,
297.17051390600426,72946,728,1393,24936,
297.17155445409,72945,729,1393,24936,
297.17526769970266,72945,728,1394,24936,
297.18102959516216,72945,728,1393,24937,
297.1812242781776,72945,728,1392,24938,
297.1857869439074,72945,727,1393,24938,
297.1858606703581,72944,728,1393,24938,
297.19059113930956,72944,727,1394,24938,
297.1907272643109,72944,726,1395,24938,
297.1917592188615,72943,727,1395,24938,
297.19289785212726,72943,727,1394,24939,
297.19413674309607,72943,727,1393,24940,
297.19820312230377,72943,726,1394,24940,
297.20498917535775,72943,725,1395,24940,
297.20567433580106,72942,726,1395,24940,
297.2057079061288,72942,725,1396,24940,
297.2065156222508,72941,726,1396,24940,
297.2071081413495,72941,725,1397,24940,
297.2087117441799,72940,726,1397,24940,
297.21828578440466,72939,727,1397,24940,
297.2198426544537,72939,726,1398,24940,
297.22347986698605,72939,726,1397,24941,
297.2244277886531,72939,726,1396,24942,
297.23010265659,72939,726,1395,24943,
297.23360851902504,72938,727,1395,24943,
297.23678744758695,72937,728,1395,24943,
297.2373884963552,72936,729,1395,24943,
297.24862827495383,72936,729,1394,24944,
297.24893299583357,72936,729,1393,24945,
297.24967511349865,72935,730,1393,24945,
297.2619416821971,72935,729,1394,24945,
297.2632289748857,72935,729,1393,24946,
297.2632921485237,72934,730,1393,24946,
297.26571711390045,72934,730,1392,24947,
297.2662501911327,72934,730,1391,24948,
297.26772435958435,72933,731,1391,24948,
297.2677246506407,72932,732,1391,24948,
297.26895668047547,72932,731,1392,24948,
297.2707162743326,72932,731,1391,24949,
297.27519741637093,72931,732,1391,24949,
297.2756540732432,72931,732,1390,24950,
297.2764165965994,72931,732,1389,24951,
297.27716888148535,72931,732,1388,24952,
297.2806900957306,72931,731,1389,24952,
297.2911423105702,72931,730,1390,24952,
297.29159231230005,72930,731,1390,24952,
297.2931370596592,72930,730,1391,24952,
297.29384956359246,72930,730,1390,24953,
297.293849588091,72929,731,1390,24953,
297.2964860978524,72928,732,1390,24953,
297.3046482734361,72928,731,1391,24953,
297.30628980498403,72928,731,1390,24954,
297.30770639418745,72927,732,1390,24954,
297.3116090775162,72927,731,1391,24954,
297.3141974818247,72927,730,1392,24954,
297.3158327633681,72927,730,1391,24955,
297.317681333426,72927,729,1392,24955,
297.31845117068787,72927,729,1391,24956,
297.3196283645715,72927,729,1390,24957,
297.3213278691054,72926,730,1390,24957,
297.3255805975667,72926,730,1389,24958,
297.3265603204551,72926,730,1388,24959,
297.3267734872674,72926,730,1387,24960,
297.32812629529354,72926,730,1386,24961,
297.3360646790492,72925,731,1386,24961,
297.3366469968967,72924,732,1386,24961,
297.34002882365104,72924,732,1385,24962,
297.34102481513435,72924,731,1386,24962,
297.3411387282107,72923,732,1386,24962,
297.3424052888564,72923,732,1385,24963,
297.3430578236572,72923,732,1384,24964,
297.34587850962026,72923,732,1383,24965,
297.3508393903176,72923,731,1384,24965,
297.3523871678093,72922,732,1384,24965,
297.3539599419718,72922,732,1383,24966,
297.355264448394,72921,733,1383,24966,
297.35804444105247,72920,734,1383,24966,
297.3597080028209,72920,734,1382,24967,
297.3597184153643,72919,735,1382,24967,
297.3605963963764,72919,734,1383,24967,
297.3616656665002,72919,734,1382,24968,
297.36423809557357,72919,734,1381,24969,
297.37017988630294,72919,733,1382,24969,
297.37021441566924,72919,733,1381,24970,
297.3713553504155,72919,732,1382,24970,
297.3724109683248,72918,733,1382,24970,
297.3735812332406,72918,732,1383,24970,
297.3782629657428,72918,732,1382,24971,
297.38475706844224,72917,733,1382,24971,
297.3867385672202,72916,734,1382,24971,
297.39143860350856,72916,733,1383,24971,
297.3918354013876,72916,733,1382,24972,
297.3924302002441,72916,732,1383,24972,
297.39370805271926,72916,732,1382,24973,
297.3953826694417,72916,731,1383,24973,
297.39641689831853,72916,731,1382,24974,
297.39742909587767,72916,730,1383,24974,
297.39878615276257,72915,731,1383,24974,
297.40539405406236,72914,732,1383,24974,
297.40854170926315,72914,732,1382,24975,
297.40963196589996,72914,732,1381,24976,
297.41015808882537,72913,733,1381,24976,
297.4101691163469,72913,732,1382,24976,
297.4126172511305,72913,731,1383,24976,
297.41563361332766,72913,731,1382,24977,
297.4159013708227,72913,730,1383,24977,
297.41742285756953,72913,729,1384,24977,
297.4185165744749,72913,729,1383,24978,
297.422425232907,72913,729,1382,24979,
297.42245419905106,72913,728,1383,24979,
297.4230331092348,72913,727,1384,24979,
297.42345317292,72913,727,1383,24980,
297.42850249716525,72913,726,1384,24980,
297.4289900625577,72913,726,1383,24981,
297.430905744345,72913,725,1384,24981,
297.4344648618428,72912,726,1384,24981,
297.43793347368353,72911,727,1384,24981,
297.4407477262005,72910,728,1384,24981,
297.44170264239597,72910,727,1385,24981,
297.44238839174716,72910,727,1384,24982,
297.44360256792066,72909,728,1384,24982,
297.44523463536564,72908,729,1384,24982,
297.4468148252565,72908,729,1383,24983,
297.4491365263332,72907,730,1383,24983,
297.449597366473,72907,730,1382,24984,
297.46094521675695,72907,730,1381,24985,
297.46176087303803,72906,731,1381,24985,
297.4627015255012,72906,731,1380,24986,
297.463143362275,72906,731,1379,24987,
297.4636205700868,72906,730,1380,24987,
297.46714754121376,72905,731,1380,24987,
297.46714754121376,72905,731,1380,24987,
297.4673758249593,72905,731,1379,24988,
297.46970689501063,72904,732,1379,24988,
297.47013620943756,72904,732,1378,24989,
297.4733795016048,72904,731,1379,24989,
297.47495076447393,72904,730,1380,24989,
297.4764383188953,72904,729,1381,24989,
297.4782905828221,72904,729,1380,24990,
297.4848773734402,72903,730,1380,24990,
297.4884773996968,72903,730,1379,24991,
297.4929362162598,72903,730,1378,24992,
297.49656663143924,72903,729,1379,24992,
297.4976371789431,72902,730,1379,24992,
297.49964626312453,72902,730,1378,24993,
297.5016810151357,72902,730,1377,24994,
297.50232457059155,72901,731,1377,24994,
297.50372852080136,72901,730,1378,24994,
297.5068221859206,72901,730,1377,24995,
297.50869505015703,72901,729,1378,24995,
297.5113567435616,72901,729,1377,24996,
297.51214339151704,72901,728,1378,24996,
297.51677073557636,72900,729,1378,24996,
297.5218376054738,72900,729,1377,24997,
297.5297830931582,72900,729,1376,24998,
297.53027122366825,72900,729,1375,24999,
297.5307801131767,72900,729,1374,25000,
297.5330539327732,72900,729,1373,25001,
297.5353100771215,72900,728,1374,25001,
297.53902214373426,72900,728,1373,25002,
297.5404421513618,72899,729,1373,25002,
297.54055769979266,72899,728,1374,25002,
297.5466012709525,72899,728,1373,25003,
297.54697527443767,72899,728,1372,25004,
297.54732676680067,72899,728,1371,25005,
297.54896763570235,72899,727,1372,25005,
297.55012606446303,72899,727,1371,25006,
297.550215169946,72899,727,1370,25007,
297.5503536986291,72899,726,1371,25007,
297.5536779857167,72899,725,1372,25007,
297.5552815311613,72898,726,1372,25007,
297.55893977423415,72898,726,1371,25008,
297.56133519464083,72898,726,1370,25009,
297.562147864952,72898,725,1371,25009,
297.56296378183805,72898,725,1370,25010,
297.5633026046527,72898,724,1371,25010,
297.56379453950876,72898,724,1370,25011,
297.56541651524196,72898,723,1371,25011,
297.56671768490594,72898,722,1372,25011,
297.56901177043915,72898,722,1371,25012,
297.5766127611947,72898,722,1370,25013,
297.5767869341255,72898,722,1369,25014,
297.57812167155043,72898,722,1368,25015,
297.5787973365793,72898,721,1369,25015,
297.5791858865176,72897,722,1369,25015,
297.58023665205064,72897,722,1368,25016,
297.5822481817118,72897,722,1367,25017,
297.5840185612367,72896,723,1367,25017,
297.58700392303945,72896,722,1368,25017,
297.5899545223433,72895,723,1368,25017,
297.590067354588,72895,722,1369,25017,
297.5913190646715,72895,722,1368,25018,
297.59291103831544,72894,723,1368,25018,
297.5930095928602,72894,723,1367,25019,
297.59445763756696,72894,722,1368,25019,
297.59672493665056,72894,721,1369,25019,
297.60569239840794,72894,720,1370,25019,
297.60767202605064,72894,719,1371,25019,
297.60799656659526,72894,719,1370,25020,
297.6122705975218,72893,720,1370,25020,
297.614352812454,72893,719,1371,25020,
297.6156416448121,72893,719,1370,25021,
297.6206416452066,72893,719,1369,25022,
297.6242100530372,72893,719,1368,25023,
297.62444881934925,72893,718,1369,25023,
297.6310234644614,72893,718,1368,25024,
297.63327033691183,72892,719,1368,25024,
297.63363842310116,72891,720,1368,25024,
297.63434483579886,72891,719,1369,25024,
297.63574717468185,72891,718,1370,25024,
297.6373813551865,72891,717,1371,25024,
297.64787718964925,72890,718,1371,25024,
297.6514983409465,72889,719,1371,25024,
297.6525777013331,72889,719,1370,25025,
297.65333425296376,72888,720,1370,25025,
297.65436062412005,72888,719,1371,25025,
297.65588327169627,72888,719,1370,25026,
297.66050639058767,72887,720,1370,25026,
297.66175336783965,72886,721,1370,25026,
297.67307191181146,72886,721,1369,25027,
297.6832215826466,72886,721,1368,25028,
297.6862914134193,72886,721,1367,25029,
297.6889409775373,72886,720,1368,25029,
297.69100225819886,72886,720,1367,25030,
297.69126104153725,72885,721,1367,25030,
297.6976496826078,72885,720,1368,25030,
297.69779309562705,72885,719,1369,25030,
297.69896017751927,72884,720,1369,25030,
297.7027433384474,72884,719,1370,25030,
297.70830411705145,72884,719,1369,25031,
297.71269868933166,72884,719,1368,25032,
297.7133327565279,72884,719,1367,25033,
297.7135600750355,72884,719,1366,25034,
297.71397752181866,72883,720,1366,25034,
297.7161772905029,72883,719,1367,25034,
297.7202493825925,72883,718,1368,25034,
297.72044848444,72882,719,1368,25034,
297.72412911153043,72882,719,1367,25035,
297.72570871163816,72881,720,1367,25035,
297.7278243594171,72881,720,1366,25036,
297.72785705676966,72881,720,1365,25037,
297.73086043616394,72881,720,1364,25038,
297.73167182933304,72881,720,1363,25039,
297.7321234819509,72881,719,1364,25039,
297.73655353871885,72880,720,1364,25039,
297.7376041640104,72879,721,1364,25039,
297.73776270142423,72879,720,1365,25039,
297.7409456328993,72879,720,1364,25040,
297.74221022852066,72879,720,1363,25041,
297.7431512148765,72878,721,1363,25041,
297.74759561104736,72878,721,1362,25042,
297.75160680144717,72878,721,1361,25043,
297.754747606358,72878,721,1360,25044,
297.7557259711615,72878,720,1361,25044,
297.757489403424,72877,721,1361,25044,
297.76251021252915,72877,721,1360,25045,
297.7648856962263,72877,721,1359,25046,
297.7679344351791,72877,720,1360,25046,
297.7696538005851,72876,721,1360,25046,
297.77030067520445,72875,722,1360,25046,
297.77085089104594,72875,722,1359,25047,
297.7725799836151,72875,722,1358,25048,
297.77339313024106,72874,723,1358,25048,
297.7737670458906,72874,722,1359,25048,
297.7754139565332,72874,722,1358,25049,
297.77754930010946,72874,721,1359,25049,
297.78122335031935,72874,721,1358,25050,
297.78224536681296,72874,720,1359,25050,
297.7826133229837,72874,719,1360,25050,
297.7829133933745,72874,719,1359,25051,
297.78490992457057,72874,719,1358,25052,
297.78549173571577,72874,718,1359,25052,
297.78587314972293,72874,717,1360,25052,
297.7979662275071,72873,718,1360,25052,
297.7979958716555,72872,719,1360,25052,
297.79934531762433,72872,718,1361,25052,
297.8087422403553,72872,718,1360,25053,
297.8113666723686,72872,718,1359,25054,
297.8138030410637,72872,717,1360,25054,
297.82159399646315,72871,718,1360,25054,
297.82164803081315,72871,717,1361,25054,
297.82212178053265,72871,716,1362,25054,
297.8237988686575,72871,716,1361,25055,
297.8277707462211,72870,717,1361,25055,
297.8282965640102,72869,718,1361,25055,
297.8286345158624,72869,717,1362,25055,
297.83048637139,72868,718,1362,25055,
297.8345702674025,72868,718,1361,25056,
297.84290063979813,72867,719,1361,25056,
297.84449337001314,72867,718,1362,25056,
297.84674698901375,72866,719,1362,25056,
297.84762678418076,72866,718,1363,25056,
297.84767944771875,72866,717,1364,25056,
297.84793870450017,72866,716,1365,25056,
297.8502682903423,72866,716,1364,25057,
297.8503767167031,72865,717,1364,25057,
297.8509372093645,72864,718,1364,25057,
297.8530029802029,72864,718,1363,25058,
297.8546705928813,72864,717,1364,25058,
297.8550844779163,72864,716,1365,25058,
297.85714013398234,72864,716,1364,25059,
297.8586368845441,72864,716,1363,25060,
297.86042460002534,72863,717,1363,25060,
297.86054077883284,72863,717,1362,25061,
297.86113768227796,72862,718,1362,25061,
297.86331558690716,72861,719,1362,25061,
297.86338460628997,72861,719,1361,25062,
297.8679202008354,72860,720,1361,25062,
297.8708190281022,72860,720,1360,25063,
297.8712060185436,72859,721,1360,25063,
297.8723045464355,72859,721,1359,25064,
297.8759758038592,72858,722,1359,25064,
297.87657040882965,72857,723,1359,25064,
297.8780536625709,72856,724,1359,25064,
297.87833298862773,72856,723,1360,25064,
297.87878104832095,72856,722,1361,25064,
297.88089336197567,72855,723,1361,25064,
297.88168250735174,72855,722,1362,25064,
297.8817479111369,72854,723,1362,25064,
297.8847936073398,72853,724,1362,25064,
297.8862793862428,72852,725,1362,25064,
297.8872753120367,72852,725,1361,25065,
297.889598709851,72852,725,1360,25066,
297.89007238909625,72852,724,1361,25066,
297.8915523267992,72851,725,1361,25066,
297.8923966354211,72850,726,1361,25066,
297.8925341265316,72850,726,1360,25067,
297.89768704581803,72850,725,1361,25067,
297.90079219962604,72850,724,1362,25067,
297.9048026743603,72850,724,1361,25068,
297.90516176811695,72850,723,1362,25068,
297.90764810458967,72850,723,1361,25069,
297.9084422795828,72850,722,1362,25069,
297.9163125189371,72849,723,1362,25069,
297.9217222179277,72848,724,1362,25069,
297.92447060412076,72848,724,1361,25070,
297.92953500970674,72848,724,1360,25071,
297.9304070813519,72848,724,1359,25072,
297.9324792125302,72847,725,1359,25072,
297.93743793223007,72847,725,1358,25073,
297.9391301228109,72846,726,1358,25073,
297.94057450527384,72846,725,1359,25073,
297.9490104123165,72846,725,1358,25074,
297.9492319885725,72846,725,1357,25075,
297.9527701506089,72846,725,1356,25076,
297.9579053745945,72846,724,1357,25076,
297.9593889220537,72846,723,1358,25076,
297.9595456005143,72846,722,1359,25076,
297.9604733915301,72846,722,1358,25077,
297.96596331072976,72846,721,1359,25077,
297.9694319300306,72845,722,1359,25077,
297.9703273223274,72845,722,1358,25078,
297.9719918986257,72845,721,1359,25078,
297.9735247858813,72844,722,1359,25078,
297.9742760812484,72844,722,1358,25079,
297.9776397268563,72843,723,1358,25079,
297.9786050423242,72843,722,1359,25079,
297.9821735311597,72842,723,1359,25079,
297.98310175157053,72842,722,1360,25079,
297.98389343218,72842,722,1359,25080,
297.9864809888366,72841,723,1359,25080,
297.98963155431517,72841,722,1360,25080,
297.9899674432176,72841,721,1361,25080,
297.99097173477315,72840,722,1361,25080,
297.99273994219556,72839,723,1361,25080,
297.99332470105315,72838,724,1361,25080,
297.99576073871845,72837,725,1361,25080,
297.99645862631564,72837,725,1360,25081,
297.9985667588076,72837,724,1361,25081,
297.99927440401785,72837,723,1362,25081,
297.99952026948415,72837,723,1361,25082,
298.0019670774687,72837,722,1362,25082,
298.00611318293795,72837,721,1363,25082,
298.0084916056281,72837,720,1364,25082,
298.01334533900274,72837,719,1365,25082,
298.01468258946585,72837,718,1366,25082,
298.0179709991457,72836,719,1366,25082,
298.0191907099505,72836,719,1365,25083,
298.0193874957022,72836,719,1364,25084,
298.0209785063069,72835,720,1364,25084,
298.0224027596041,72835,719,1365,25084,
298.02242353975714,72835,719,1364,25085,
298.0227641549635,72834,720,1364,25085,
298.02659101135544,72834,719,1365,25085,
298.02946594344525,72834,718,1366,25085,
298.0298279342843,72834,717,1367,25085,
298.0306750801324,72833,718,1367,25085,
298.032192691493,72833,717,1368,25085,
298.0338249369092,72833,717,1367,25086,
298.0357917378919,72833,717,1366,25087,
298.0364607524438,72832,718,1366,25087,
298.04172164411983,72832,717,1367,25087,
298.04510622023116,72832,717,1366,25088,
298.04562156295077,72832,717,1365,25089,
298.0463476186958,72832,716,1366,25089,
298.0479781438637,72832,715,1367,25089,
298.0485544908077,72832,715,1366,25090,
298.05169856815917,72832,715,1365,25091,
298.0554756805499,72831,716,1365,25091,
298.0574562997876,72831,715,1366,25091,
298.0591867170569,72830,716,1366,25091,
298.0593913098816,72830,715,1367,25091,
298.059413945526,72830,715,1366,25092,
298.06122472733523,72829,716,1366,25092,
298.0642877162825,72828,717,1366,25092,
298.0661071459945,72827,718,1366,25092,
298.0671013635307,72826,719,1366,25092,
298.0678788885715,72826,718,1367,25092,
298.06823209564607,72826,717,1368,25092,
298.0690039273237,72826,717,1367,25093,
298.0700745310974,72825,718,1367,25093,
298.07204075178845,72825,718,1366,25094,
298.0755486438403,72825,717,1367,25094,
298.0778227997139,72825,716,1368,25094,
298.08274545501416,72825,715,1369,25094,
298.0912103579176,72825,715,1368,25095,
298.093685647105,72825,714,1369,25095,
298.0973700532085,72824,715,1369,25095,
298.1001924985813,72824,715,1368,25096,
298.101135444088,72824,715,1367,25097,
298.10186478020574,72824,714,1368,25097,
298.1024812676047,72824,714,1367,25098,
298.1076561799233,72824,714,1366,25099,
298.11293545758105,72823,715,1366,25099,
298.11378859395296,72823,715,1365,25100,
298.11400009681125,72822,716,1365,25100,
298.11846348888224,72821,717,1365,25100,
298.1203043348312,72821,716,1366,25100,
298.1218307002267,72821,716,1365,25101,
298.12257402332114,72821,715,1366,25101,
298.12578089409425,72820,716,1366,25101,
298.1260620492294,72820,715,1367,25101,
298.12645969855294,72820,715,1366,25102,
298.1317693545264,72820,715,1365,25103,
298.1375279700287,72819,716,1365,25103,
298.1380216014596,72819,716,1364,25104,
298.13969999335416,72819,716,1363,25105,
298.14335185740623,72818,717,1363,25105,
298.1439017270568,72817,718,1363,25105,
298.1439197253353,72816,719,1363,25105,
298.1440598659801,72816,719,1362,25106,
298.14414264614794,72815,720,1362,25106,
298.14787085392237,72815,720,1361,25107,
298.14804822844064,72815,720,1360,25108,
298.1493877994712,72814,721,1360,25108,
298.1500982379666,72814,721,1359,25109,
298.1509797050229,72814,721,1358,25110,
298.15376663125994,72814,720,1359,25110,
298.1561507355735,72814,720,1358,25111,
298.1569089142657,72813,721,1358,25111,
298.1575653508907,72813,721,1357,25112,
298.1602868995663,72812,722,1357,25112,
298.16584900469553,72811,723,1357,25112,
298.16716085412423,72811,722,1358,25112,
298.1690789284981,72810,723,1358,25112,
298.17046563850744,72810,723,1357,25113,
298.17337583599016,72810,723,1356,25114,
298.1740089997761,72809,724,1356,25114,
298.1795240196381,72808,725,1356,25114,
298.1801131714436,72808,724,1357,25114,
298.18247723883053,72807,725,1357,25114,
298.1829305859321,72807,724,1358,25114,
298.1838120032662,72807,724,1357,25115,
298.186236050474,72807,723,1358,25115,
298.18720480862356,72806,724,1358,25115,
298.19052424086385,72805,725,1358,25115,
298.19393793162516,72805,725,1357,25116,
298.1984293091505,72805,725,1356,25117,
298.199134974271,72805,724,1357,25117,
298.1995808330685,72805,723,1358,25117,
298.2011261721465,72805,723,1357,25118,
298.20147706683895,72805,723,1356,25119,
298.2021826639162,72804,724,1356,25119,
298.2043255021528,72803,725,1356,25119,
298.2056425268159,72803,724,1357,25119,
298.211017564833,72803,724,1356,25120,
298.2135520069997,72803,724,1355,25121,
298.2160665428212,72803,724,1354,25122,
298.2213117091688,72803,723,1355,25122,
298.2274932089783,72802,724,1355,25122,
298.2303870867314,72802,723,1356,25122,
298.23238090930397,72802,723,1355,25123,
298.23344801060773,72802,723,1354,25124,
298.2345413656052,72802,722,1355,25124,
298.2373926437829,72802,721,1356,25124,
298.2387511107892,72801,722,1356,25124,
298.23937123224863,72800,723,1356,25124,
298.24290610082,72800,722,1357,25124,
298.24589519007645,72800,721,1358,25124,
298.24623865045675,72800,720,1359,25124,
298.24643160333454,72800,720,1358,25125,
298.2477469261612,72799,721,1358,25125,
298.24873914599567,72799,721,1357,25126,
298.25384546469974,72798,722,1357,25126,
298.2539256273965,72797,723,1357,25126,
298.2548739838229,72796,724,1357,25126,
298.2596533650489,72795,725,1357,25126,
298.2619906066704,72794,726,1357,25126,
298.2626980279074,72794,725,1358,25126,
298.26965699220085,72794,724,1359,25126,
298.2703743279794,72794,723,1360,25126,
298.27486729584854,72793,724,1360,25126,
298.2798349304381,72792,725,1360,25126,
298.280491653478,72791,726,1360,25126,
298.280788242184,72790,727,1360,25126,
298.2830155148125,72790,726,1361,25126,
298.28570347965166,72790,725,1362,25126,
298.2877372262115,72790,724,1363,25126,
298.2934410278905,72790,724,1362,25127,
298.29613451568343,72790,723,1363,25127,
298.2968071030328,72789,724,1363,25127,
298.2977412335662,72789,724,1362,25128,
298.3003155829227,72789,723,1363,25128,
298.30220417352757,72789,722,1364,25128,
298.30636690751805,72789,722,1363,25129,
298.30895914543873,72788,723,1363,25129,
298.315213004529,72788,722,1364,25129,
298.31618044003136,72787,723,1364,25129,
298.3171336655996,72787,722,1365,25129,
298.3194557769051,72786,723,1365,25129,
298.3213819963906,72786,722,1366,25129,
298.32377906978843,72786,721,1367,25129,
298.3242973089168,72786,721,1366,25130,
298.3262045920092,72786,721,1365,25131,
298.3263146687399,72786,720,1366,25131,
298.33488685589157,72785,721,1366,25131,
298.33896554526103,72784,722,1366,25131,
298.3394721651609,72783,723,1366,25131,
298.34452456697016,72782,724,1366,25131,
298.34855164495394,72781,725,1366,25131,
298.35030497685335,72781,725,1365,25132,
298.3545853570292,72781,724,1366,25132,
298.3609774487468,72781,723,1367,25132,
298.36203104526675,72781,723,1366,25133,
298.3627583679633,72780,724,1366,25133,
298.36609763462565,72780,723,1367,25133,
298.367211804378,72780,722,1368,25133,
298.369189115649,72780,722,1367,25134,
298.37042664473375,72779,723,1367,25134,
298.3841907005574,72779,723,1366,25135,
298.3851871280236,72779,722,1367,25135,
298.38527783314396,72779,721,1368,25135,
298.3861636342511,72778,722,1368,25135,
298.38644792095005,72778,721,1369,25135,
298.3875570523236,72777,722,1369,25135,
298.3891311210448,72777,722,1368,25136,
298.3910104759214,72777,721,1369,25136,
298.3917460594582,72777,721,1368,25137,
298.3925860187668,72776,722,1368,25137,
298.40018684204404,72776,721,1369,25137,
298.401022220402,72775,722,1369,25137,
298.4025851684439,72775,722,1368,25138,
298.4038850950073,72775,722,1367,25139,
298.40464464940317,72774,723,1367,25139,
298.4048664147353,72774,722,1368,25139,
298.4048877127702,72773,723,1368,25139,
298.40620608636357,72773,723,1367,25140,
298.4072265423557,72773,723,1366,25141,
298.4108062922166,72773,723,1365,25142,
298.4137904857383,72773,722,1366,25142,
298.41408464699265,72773,722,1365,25143,
298.41700617779287,72773,722,1364,25144,
298.4194290199487,72772,723,1364,25144,
298.4250226387895,72772,722,1365,25144,
298.42578820137146,72772,722,1364,25145,
298.4273917970347,72772,721,1365,25145,
298.43212877638615,72772,721,1364,25146,
298.4337936661164,72772,721,1363,25147,
298.43430151894125,72771,722,1363,25147,
298.43528866874493,72770,723,1363,25147,
298.4388203943008,72770,723,1362,25148,
298.44172702604357,72770,722,1363,25148,
298.4462102442502,72770,721,1364,25148,
298.4495878908707,72769,722,1364,25148,
298.45140811016455,72769,722,1363,25149,
298.4518227027972,72769,722,1362,25150,
298.4528765712769,72769,721,1363,25150,
298.45356577411656,72768,722,1363,25150,
298.4549628861802,72768,721,1364,25150,
298.4590224392936,72768,720,1365,25150,
298.459798576738,72768,720,1364,25151,
298.46368875238505,72767,721,1364,25151,
298.46505549240044,72767,720,1365,25151,
298.46649328409734,72767,720,1364,25152,
298.47296196013195,72767,720,1363,25153,
298.4736025739878,72767,719,1364,25153,
298.4744173639044,72767,718,1365,25153,
298.47727366495275,72767,717,1366,25153,
298.4775318559061,72767,716,1367,25153,
298.4819872969411,72767,716,1366,25154,
298.48666563246286,72766,717,1366,25154,
298.4868236810096,72765,718,1366,25154,
298.4874047280407,72765,718,1365,25155,
298.48867832468613,72765,718,1364,25156,
298.4931342833851,72765,718,1363,25157,
298.4931407571861,72764,719,1363,25157,
298.50036624063574,72764,719,1362,25158,
298.5021884580617,72764,719,1361,25159,
298.50234741903256,72764,719,1360,25160,
298.50902210348914,72764,719,1359,25161,
298.50913063374196,72764,718,1360,25161,
298.5091823146541,72764,718,1359,25162,
298.5100231143602,72763,719,1359,25162,
298.5109350766377,72763,718,1360,25162,
298.51124979838244,72763,718,1359,25163,
298.51427607431117,72763,717,1360,25163,
298.5171421120436,72762,718,1360,25163,
298.5173997790027,72762,718,1359,25164,
298.52100621488887,72762,717,1360,25164,
298.52140505766556,72762,717,1359,25165,
298.52241549104957,72762,716,1360,25165,
298.52449455552903,72762,716,1359,25166,
298.5251617215223,72762,715,1360,25166,
298.52612400775064,72762,714,1361,25166,
298.5274908712626,72762,714,1360,25167,
298.5297682523066,72762,713,1361,25167,
298.52986777451304,72761,714,1361,25167,
298.53495192416773,72760,715,1361,25167,
298.53567113674666,72760,714,1362,25167,
298.5386579347266,72760,713,1363,25167,
298.538781765419,72760,713,1362,25168,
298.5393861920515,72760,713,1361,25169,
298.5421838920217,72760,712,1362,25169,
298.5487735304459,72760,712,1361,25170,
298.54936605643644,72760,712,1360,25171,
298.5513020888852,72760,711,1361,25171,
298.5691072860991,72759,712,1361,25171,
298.5710789186046,72759,712,1360,25172,
298.5725159038326,72759,712,1359,25173,
298.5740672984859,72758,713,1359,25173,
298.57677012559043,72757,714,1359,25173,
298.57734596495015,72757,714,1358,25174,
298.57740642070206,72757,714,1357,25175,
298.5793726539063,72757,713,1358,25175,
298.58015258658685,72757,712,1359,25175,
298.5824389088466,72757,712,1358,25176,
298.5839942073274,72757,711,1359,25176,
298.5853844979041,72756,712,1359,25176,
298.5882500459425,72756,711,1360,25176,
298.58979046761266,72756,710,1361,25176,
298.591613455698,72756,709,1362,25176,
298.5987313556262,72756,709,1361,25177,
298.59911536695324,72756,708,1362,25177,
298.60044359560504,72756,708,1361,25178,
298.6009373352728,72756,708,1360,25179,
298.6021402978072,72756,708,1359,25180,
298.60363987810035,72756,708,1358,25181,
298.6048338427168,72756,707,1359,25181,
298.60529623125825,72756,707,1358,25182,
298.60545544944273,72756,707,1357,25183,
298.6083253125033,72756,707,1356,25184,
298.6083828858592,72756,706,1357,25184,
298.60931752324706,72756,705,1358,25184,
298.6099332559264,72755,706,1358,25184,
298.6116609044406,72754,707,1358,25184,
298.61709384580314,72754,707,1357,25185,
298.62432539307406,72754,707,1356,25186,
298.6282012542896,72754,707,1355,25187,
298.6321789506755,72753,708,1355,25187,
298.6336845312241,72753,707,1356,25187,
298.6347382423389,72752,708,1356,25187,
298.6352817183534,72752,707,1357,25187,
298.63534360678057,72751,708,1357,25187,
298.64668528196506,72750,709,1357,25187,
298.65155721302835,72750,709,1356,25188,
298.65382311142224,72749,710,1356,25188,
298.6542239063747,72748,711,1356,25188,
298.664309785318,72748,711,1355,25189,
298.664615499903,72747,712,1355,25189,
298.66520239664595,72746,713,1355,25189,
298.67045313759587,72746,713,1354,25190,
298.6731473371078,72746,713,1353,25191,
298.6737471266844,72746,712,1354,25191,
298.6737766267876,72745,713,1354,25191,
298.67531975974566,72745,712,1355,25191,
298.6770533042338,72744,713,1355,25191,
298.6775011313504,72744,712,1356,25191,
298.67956944905404,72744,712,1355,25192,
298.68710575815237,72744,712,1354,25193,
298.6914877162054,72744,711,1355,25193,
298.6923786384121,72744,710,1356,25193,
298.693923785294,72744,710,1355,25194,
298.6991540634659,72744,709,1356,25194,
298.70060376319543,72744,708,1357,25194,
298.70356609729527,72744,708,1356,25195,
298.7124270560833,72743,709,1356,25195,
298.71853448090695,72743,709,1355,25196,
298.721558971404,72743,709,1354,25197,
298.72252295659143,72743,708,1355,25197,
298.7235690289361,72742,709,1355,25197,
298.7248431492665,72741,710,1355,25197,
298.7258725979648,72740,711,1355,25197,
298.72687225509077,72740,710,1356,25197,
298.72784323612404,72739,711,1356,25197,
298.7287943145344,72739,711,1355,25198,
298.7305390404487,72738,712,1355,25198,
298.7336058288441,72738,711,1356,25198,
298.7347119074977,72738,711,1355,25199,
298.74127179624605,72738,711,1354,25200,
298.7416840112849,72738,710,1355,25200,
298.7419084683289,72737,711,1355,25200,
298.74677302141436,72737,710,1356,25200,
298.7470093663938,72737,709,1357,25200,
298.7487545228662,72737,709,1356,25201,
298.75039521850823,72736,710,1356,25201,
298.7520750655341,72736,710,1355,25202,
298.7551747334492,72736,710,1354,25203,
298.7561595206275,72736,710,1353,25204,
298.7595914056966,72736,710,1352,25205,
298.76164880745387,72736,709,1353,25205,
298.7630772528937,72736,709,1352,25206,
298.7712221123461,72736,709,1351,25207,
298.7749507369566,72736,709,1350,25208,
298.77947761036427,72735,710,1350,25208,
298.7799909734174,72735,710,1349,25209,
298.7799991757728,72735,709,1350,25209,
298.7802626706893,72735,708,1351,25209,
298.7810385073104,72735,708,1350,25210,
298.78128486204093,72735,707,1351,25210,
298.78622393357523,72734,708,1351,25210,
298.7879777256272,72734,708,1350,25211,
298.7913878032915,72734,708,1349,25212,
298.7938783836427,72734,708,1348,25213,
298.7950570294845,72734,708,1347,25214,
298.7971045945587,72733,709,1347,25214,
298.79722209938046,72733,708,1348,25214,
298.7990259561186,72733,708,1347,25215,
298.80022730635363,72733,707,1348,25215,
298.8034812018829,72733,707,1347,25216,
298.8066435266244,72733,706,1348,25216,
298.8077084829003,72733,706,1347,25217,
298.8145359082121,72733,705,1348,25217,
298.817237628905,72733,705,1347,25218,
298.8173210704106,72733,704,1348,25218,
298.81748399266877,72733,704,1347,25219,
298.81879383193825,72733,703,1348,25219,
298.82981088871287,72733,703,1347,25220,
298.8304596993696,72733,702,1348,25220,
298.8305999843078,72733,702,1347,25221,
298.83128879590885,72733,701,1348,25221,
298.8363449919284,72733,700,1349,25221,
298.83748747338456,72733,699,1350,25221,
298.8406331068528,72733,698,1351,25221,
298.84391833312986,72733,698,1350,25222,
298.8459439877851,72733,698,1349,25223,
298.8518956636757,72733,698,1348,25224,
298.85599196016614,72733,698,1347,25225,
298.8685685437886,72733,697,1348,25225,
298.87255084547513,72732,698,1348,25225,
298.8757370767744,72731,699,1348,25225,
298.87917328006466,72731,699,1347,25226,
298.8812302776146,72731,698,1348,25226,
298.8815530181463,72731,698,1347,25227,
298.88339955577635,72731,697,1348,25227,
298.89640695790524,72731,696,1349,25227,
298.89676196445254,72731,695,1350,25227,
298.8975511596258,72731,694,1351,25227,
298.9020123817375,72731,694,1350,25228,
298.907772435063,72730,695,1350,25228,
298.91102579310746,72729,696,1350,25228,
298.9127743046361,72728,697,1350,25228,
298.913584499756,72727,698,1350,25228,
298.91406884320384,72727,698,1349,25229,
298.9155569652704,72727,698,1348,25230,
298.9159215136876,72726,699,1348,25230,
298.9166769061273,72725,700,1348,25230,
298.91677687109797,72725,700,1347,25231,
298.91869471677757,72725,700,1346,25232,
298.92050979564937,72724,701,1346,25232,
298.92217730879196,72723,702,1346,25232,
298.9234197297251,72723,701,1347,25232,
298.92379409757484,72723,700,1348,25232,
298.9249414233506,72722,701,1348,25232,
298.92706231144797,72722,701,1347,25233,
298.9393381158497,72722,700,1348,25233,
298.94113170745817,72722,700,1347,25234,
298.94243423118763,72722,699,1348,25234,
298.94243714778133,72721,700,1348,25234,
298.94266521399413,72721,699,1349,25234,
298.94443063736134,72721,699,1348,25235,
298.9452948609833,72721,698,1349,25235,
298.9488700413683,72721,698,1348,25236,
298.95080907140994,72721,698,1347,25237,
298.9530740784232,72721,697,1348,25237,
298.95503753666924,72721,696,1349,25237,
298.95607159409576,72721,696,1348,25238,
298.96276621559093,72721,696,1347,25239,
298.96786511812127,72721,696,1346,25240,
298.9700461622598,72721,696,1345,25241,
298.9731843847339,72720,697,1345,25241,
298.9751641865721,72719,698,1345,25241,
298.9776243674559,72718,699,1345,25241,
298.9788825864887,72718,698,1346,25241,
298.9792754597199,72717,699,1346,25241,
298.97978272777385,72717,698,1347,25241,
298.98063864640767,72717,697,1348,25241,
298.98292388544394,72717,697,1347,25242,
298.98314472052573,72717,697,1346,25243,
298.98448687157304,72717,696,1347,25243,
298.98469447698847,72716,697,1347,25243,
298.9849778441214,72716,697,1346,25244,
298.9863658422213,72715,698,1346,25244,
298.9931232391259,72714,699,1346,25244,
298.99449641629485,72714,699,1345,25245,
298.99703538181626,72714,699,1344,25246,
298.9984221915935,72714,699,1343,25247,
299.0014756897698,72713,700,1343,25247,
299.00312924087166,72712,701,1343,25247,
299.00417858867576,72712,700,1344,25247,
299.00620208066863,72712,700,1343,25248,
299.0079775613256,72711,701,1343,25248,
299.00945134839185,72711,700,1344,25248,
299.0121390858147,72711,699,1345,25248,
299.01266430189105,72710,700,1345,25248,
299.01606625169967,72709,701,1345,25248,
299.02146059126744,72709,700,1346,25248,
299.03304316726775,72709,700,1345,25249,
299.03335783537756,72708,701,1345,25249,
299.037863947746,72708,700,1346,25249,
299.0391591314696,72708,699,1347,25249,
299.0392424307912,72707,700,1347,25249,
299.0399932268315,72707,699,1348,25249,
299.0442337783737,72707,699,1347,25250,
299.04470426339833,72707,699,1346,25251,
299.04568067028373,72707,699,1345,25252,
299.0459262784471,72707,698,1346,25252,
299.04830273629796,72706,699,1346,25252,
299.0504241745486,72706,699,1345,25253,
299.0533367020662,72705,700,1345,25253,
299.0540002227598,72704,701,1345,25253,
299.05491067220134,72703,702,1345,25253,
299.05542536628644,72703,702,1344,25254,
299.05544389987443,72703,701,1345,25254,
299.0575064911823,72703,701,1344,25255,
299.0640929180961,72703,700,1345,25255,
299.0655325084017,72702,701,1345,25255,
299.06776958793716,72702,701,1344,25256,
299.0695086784653,72701,702,1344,25256,
299.07400090700645,72700,703,1344,25256,
299.0804832452924,72700,702,1345,25256,
299.08116889799516,72700,702,1344,25257,
299.0815788969928,72700,702,1343,25258,
299.0853324297258,72700,702,1342,25259,
299.08743152551403,72700,702,1341,25260,
299.087794875405,72700,702,1340,25261,
299.08819197006346,72700,702,1339,25262,
299.0919149896996,72700,701,1340,25262,
299.0921278787226,72699,702,1340,25262,
299.09306261566235,72699,701,1341,25262,
299.09317827425406,72699,701,1340,25263,
299.0940511932018,72698,702,1340,25263,
299.0945916132545,72697,703,1340,25263,
299.09512311745146,72697,703,1339,25264,
299.095316670339,72697,702,1340,25264,
299.0965789407017,72697,701,1341,25264,
299.09917178440935,72697,700,1342,25264,
299.09933177083303,72697,699,1343,25264,
299.1032289504298,72697,699,1342,25265,
299.1062513665399,72697,699,1341,25266,
299.1073358692333,72697,699,1340,25267,
299.10733740625625,72697,698,1341,25267,
299.1166681927801,72697,697,1342,25267,
299.11701745228464,72697,697,1341,25268,
299.11751572007165,72697,697,1340,25269,
299.1176049347654,72696,698,1340,25269,
299.1197493317815,72696,698,1339,25270,
299.12000273211413,72696,698,1338,25271,
299.1201654711622,72695,699,1338,25271,
299.12215450009063,72695,699,1337,25272,
299.12534475419903,72695,698,1338,25272,
299.12871192156655,72695,698,1337,25273,
299.12928658106847,72695,698,1336,25274,
299.1308620449526,72695,697,1337,25274,
299.1310728235461,72695,697,1336,25275,
299.1325309101794,72694,698,1336,25275,
299.1331502918616,72694,698,1335,25276,
299.136789735856,72694,697,1336,25276,
299.13775004787,72694,697,1335,25277,
299.1416224872217,72694,696,1336,25277,
299.1434386764597,72694,695,1337,25277,
299.1437272853791,72694,695,1336,25278,
299.1443290710322,72694,694,1337,25278,
299.1447126744636,72694,694,1336,25279,
299.1459732073144,72694,693,1337,25279,
299.15213490073756,72694,692,1338,25279,
299.15434846347136,72694,692,1337,25280,
299.15565979057993,72694,691,1338,25280,
299.1596433995424,72694,690,1339,25280,
299.1625391149007,72693,691,1339,25280,
299.17455190710496,72693,690,1340,25280,
299.17479243705856,72692,691,1340,25280,
299.1778300237143,72692,690,1341,25280,
299.17842324785863,72691,691,1341,25280,
299.18301015239047,72691,691,1340,25281,
299.1832945324796,72691,690,1341,25281,
299.18454106122414,72691,689,1342,25281,
299.1858798752573,72691,688,1343,25281,
299.18624576835236,72690,689,1343,25281,
299.1903091612061,72690,689,1342,25282,
299.1919354839027,72689,690,1342,25282,
299.19226362811054,72688,691,1342,25282,
299.1932657505769,72687,692,1342,25282,
299.1936502843482,72687,692,1341,25283,
299.1937866475506,72687,692,1340,25284,
299.19448593513914,72687,691,1341,25284,
299.19778229681924,72687,691,1340,25285,
299.2063761182937,72687,690,1341,25285,
299.20881191295666,72686,691,1341,25285,
299.20950964215575,72686,690,1342,25285,
299.2104241440611,72686,689,1343,25285,
299.217899672701,72685,690,1343,25285,
299.22729389775407,72685,690,1342,25286,
299.2311983766894,72685,690,1341,25287,
299.2320201243713,72685,690,1340,25288,
299.2415430061628,72685,689,1341,25288,
299.24216033258,72685,689,1340,25289,
299.2428433857678,72685,688,1341,25289,
299.2449210433924,72684,689,1341,25289,
299.24536259796264,72683,690,1341,25289,
299.2462848088349,72683,690,1340,25290,
299.24669025302774,72683,689,1341,25290,
299.2478810788084,72683,688,1342,25290,
299.24798124253135,72683,688,1341,25291,
299.24962069430507,72683,687,1342,25291,
299.2539789821744,72683,686,1343,25291,
299.2589278417443,72683,686,1342,25292,
299.26054040628264,72683,686,1341,25293,
299.2618325927544,72683,686,1340,25294,
299.2620482917286,72683,686,1339,25295,
299.2639233014457,72683,685,1340,25295,
299.2732600359229,72683,685,1339,25296,
299.2756610163883,72683,685,1338,25297,
299.2810557742513,72683,684,1339,25297,
299.2824180193585,72683,683,1340,25297,
299.28695444323256,72683,682,1341,25297,
299.29137309848954,72683,682,1340,25298,
299.29605872795196,72682,683,1340,25298,
299.3008316188279,72682,682,1341,25298,
299.3015218018254,72681,683,1341,25298,
299.301839609332,72680,684,1341,25298,
299.30745035824856,72680,684,1340,25299,
299.3083092739846,72680,683,1341,25299,
299.30870629597615,72680,683,1340,25300,
299.3113872321297,72679,684,1340,25300,
299.314767269562,72678,685,1340,25300,
299.3168943581805,72677,686,1340,25300,
299.31863930170647,72677,686,1339,25301,
299.32025065350643,72676,687,1339,25301,
299.3224802090591,72676,687,1338,25302,
299.32840090801153,72676,686,1339,25302,
299.33623207732256,72676,685,1340,25302,
299.33665990321987,72675,686,1340,25302,
299.33815204227625,72675,685,1341,25302,
299.3390432049223,72675,684,1342,25302,
299.34312132657215,72675,684,1341,25303,
299.3436785904742,72674,685,1341,25303,
299.3450151361284,72674,685,1340,25304,
299.3466283893076,72674,685,1339,25305,
299.34769005323926,72673,686,1339,25305,
299.3487116231785,72672,687,1339,25305,
299.3515238619701,72672,687,1338,25306,
299.35468385971734,72672,687,1337,25307,
299.35578807823094,72671,688,1337,25307,
299.35971133303343,72671,687,1338,25307,
299.36901577443075,72671,686,1339,25307,
299.3714865034223,72671,685,1340,25307,
299.3790297935624,72671,684,1341,25307,
299.3816081450336,72670,685,1341,25307,
299.3853669858635,72669,686,1341,25307,
299.38548766288915,72668,687,1341,25307,
299.3867995162512,72667,688,1341,25307,
299.3873021788368,72667,687,1342,25307,
299.3873742716774,72667,687,1341,25308,
299.388382045992,72667,686,1342,25308,
299.38892052778675,72667,686,1341,25309,
299.39152457938974,72667,686,1340,25310,
299.3935979421245,72667,686,1339,25311,
299.3942974181583,72667,685,1340,25311,
299.39643886181545,72667,684,1341,25311,
299.3990746015826,72667,683,1342,25311,
299.39948906039547,72666,684,1342,25311,
299.4009545308214,72665,685,1342,25311,
299.4106245595064,72665,685,1341,25312,
299.41084350290066,72665,684,1342,25312,
299.4109930638081,72665,684,1341,25313,
299.4126504625737,72665,683,1342,25313,
299.4126582976918,72665,683,1341,25314,
299.4162766200426,72665,683,1340,25315,
299.4169677162214,72665,682,1341,25315,
299.41775348367094,72665,681,1342,25315,
299.4178448552843,72665,680,1343,25315,
299.4179180560552,72665,679,1344,25315,
299.4184357392064,72665,679,1343,25316,
299.4223389165578,72665,679,1342,25317,
299.4260297557421,72665,679,1341,25318,
299.4270303396178,72664,680,1341,25318,
299.4289643984213,72664,680,1340,25319,
299.43417332410746,72664,680,1339,25320,
299.43598953030556,72663,681,1339,25320,
299.44079702381407,72663,681,1338,25321,
299.44160830993115,72663,681,1337,25322,
299.44356587983384,72663,681,1336,25323,
299.44426872378534,72663,680,1337,25323,
299.4445834137683,72663,679,1338,25323,
299.4523677775993,72663,679,1337,25324,
299.45406823680224,72662,680,1337,25324,
299.4553166332126,72661,681,1337,25324,
299.4569282710411,72661,681,1336,25325,
299.45711243072105,72660,682,1336,25325,
299.4600462925895,72660,682,1335,25326,
299.4638371928724,72660,681,1336,25326,
299.4657356668678,72660,680,1337,25326,
299.4691631188046,72659,681,1337,25326,
299.46952438341464,72658,682,1337,25326,
299.47271911071937,72658,682,1336,25327,
299.47403685861195,72658,681,1337,25327,
299.47420451095536,72658,680,1338,25327,
299.4747035700607,72658,680,1337,25328,
299.48253774545384,72658,679,1338,25328,
299.48476036043127,72657,680,1338,25328,
299.4852524645883,72657,679,1339,25328,
299.48792315154014,72657,679,1338,25329,
299.4895799552165,72656,680,1338,25329,
299.49229491400683,72656,679,1339,25329,
299.4926820823756,72656,679,1338,25330,
299.4930000214804,72656,678,1339,25330,
299.4934564712485,72656,678,1338,25331,
299.49644782094043,72655,679,1338,25331,
299.49897213653617,72654,680,1338,25331,
299.50119383184597,72654,680,1337,25332,
299.50991698434797,72654,680,1336,25333,
299.514013948481,72654,680,1335,25334,
299.5142710813641,72654,680,1334,25335,
299.51758632997564,72654,680,1333,25336,
299.5178448241085,72653,681,1333,25336,
299.523707345107,72652,682,1333,25336,
299.5314203020508,72652,682,1332,25337,
299.5429195847651,72652,681,1333,25337,
299.5438517865712,72651,682,1333,25337,
299.5465141992624,72651,682,1332,25338,
299.54901032391524,72650,683,1332,25338,
299.5491620098482,72650,682,1333,25338,
299.5500257821416,72650,681,1334,25338,
299.55458764530704,72650,681,1333,25339,
299.55742864728495,72650,680,1334,25339,
299.55921699410726,72650,679,1335,25339,
299.56109214952477,72649,680,1335,25339,
299.56134365360856,72648,681,1335,25339,
299.56491667578564,72647,682,1335,25339,
299.56515105165107,72647,682,1334,25340,
299.56762957917726,72647,682,1333,25341,
299.56840001865476,72646,683,1333,25341,
299.573553246598,72646,683,1332,25342,
299.57423234737774,72646,682,1333,25342,
299.57615044568684,72646,682,1332,25343,
299.57658726273814,72646,681,1333,25343,
299.58322107307157,72646,681,1332,25344,
299.5839865048577,72646,680,1333,25344,
299.5843606406837,72646,679,1334,25344,
299.58558975863406,72646,678,1335,25344,
299.5859489714989,72645,679,1335,25344,
299.5902038389686,72645,679,1334,25345,
299.59381396522804,72644,680,1334,25345,
299.5938410029881,72644,679,1335,25345,
299.5940803122901,72643,680,1335,25345,
299.5946903517353,72643,680,1334,25346,
299.6013307016531,72642,681,1334,25346,
299.6066254162865,72642,681,1333,25347,
299.61021209892607,72642,680,1334,25347,
299.61096100719294,72641,681,1334,25347,
299.6154805654814,72641,680,1335,25347,
299.617258931023,72640,681,1335,25347,
299.6214909370302,72639,682,1335,25347,
299.62151845987944,72638,683,1335,25347,
299.62766211451594,72638,683,1334,25348,
299.63202134063084,72637,684,1334,25348,
299.6337478742879,72637,684,1333,25349,
299.6338547878734,72636,685,1333,25349,
299.636247894132,72635,686,1333,25349,
299.64260024928865,72635,685,1334,25349,
299.64294627079,72635,684,1335,25349,
299.64325945794224,72635,683,1336,25349,
299.64545520790176,72635,682,1337,25349,
299.64714556773737,72635,681,1338,25349,
299.64859999095074,72635,680,1339,25349,
299.6496195286972,72635,680,1338,25350,
299.6619855064722,72635,680,1337,25351,
299.66383963562754,72635,679,1338,25351,
299.66684075328055,72635,678,1339,25351,
299.6755906688671,72634,679,1339,25351,
299.67964993514806,72634,678,1340,25351,
299.6797516163941,72634,677,1341,25351,
299.68599966066427,72633,678,1341,25351,
299.6868976044271,72633,678,1340,25352,
299.6906998810569,72633,678,1339,25353,
299.693414516379,72633,678,1338,25354,
299.6943541925246,72632,679,1338,25354,
299.6958491590833,72631,680,1338,25354,
299.69746309589385,72631,679,1339,25354,
299.69950612642066,72630,680,1339,25354,
299.7016484960719,72630,679,1340,25354,
299.7050095680338,72629,680,1340,25354,
299.70807333502296,72628,681,1340,25354,
299.7087063477488,72627,682,1340,25354,
299.71183963299814,72626,683,1340,25354,
299.7135915794665,72626,683,1339,25355,
299.7138076922407,72626,683,1338,25356,
299.7161275593153,72626,682,1339,25356,
299.716715087084,72625,683,1339,25356,
299.7171789550262,72624,684,1339,25356,
299.7186942137005,72624,683,1340,25356,
299.7190586797067,72623,684,1340,25356,
299.720020226944,72623,683,1341,25356,
299.7201676054132,72623,683,1340,25357,
299.73084432874083,72622,684,1340,25357,
299.7315312594542,72621,685,1340,25357,
299.7333616007862,72621,684,1341,25357,
299.73379945665783,72621,684,1340,25358,
299.7388930669563,72621,683,1341,25358,
299.74038033507173,72620,684,1341,25358,
299.74104982652597,72620,683,1342,25358,
299.74289267228073,72620,683,1341,25359,
299.74846573465,72619,684,1341,25359,
299.752808800678,72619,684,1340,25360,
299.75672105801146,72618,685,1340,25360,
299.7571582651948,72618,684,1341,25360,
299.7587933486142,72618,684,1340,25361,
299.76446562472097,72618,683,1341,25361,
299.7667336292244,72618,683,1340,25362,
299.76834761615135,72618,682,1341,25362,
299.7690624515912,72618,682,1340,25363,
299.774052694949,72618,682,1339,25364,
299.7747991176645,72618,682,1338,25365,
299.7786515848381,72618,682,1337,25366,
299.7849619655112,72618,681,1338,25366,
299.7875364552822,72618,680,1339,25366,
299.79071781484146,72618,680,1338,25367,
299.7945312354915,72617,681,1338,25367,
299.79820918077286,72617,681,1337,25368,
299.798962257275,72617,681,1336,25369,
299.8000853216993,72617,681,1335,25370,
299.80089751744737,72617,680,1336,25370,
299.80121181555353,72616,681,1336,25370,
299.8013153139132,72616,681,1335,25371,
299.80541374243523,72616,680,1336,25371,
299.80566325431005,72616,680,1335,25372,
299.80584148112973,72616,680,1334,25373,
299.8096426165564,72616,679,1335,25373,
299.81037812832847,72615,680,1335,25373,
299.8155252762086,72614,681,1335,25373,
299.81668880557095,72613,682,1335,25373,
299.82543732488784,72613,681,1336,25373,
299.82655587265714,72612,682,1336,25373,
299.8276656077632,72611,683,1336,25373,
299.8288723150433,72611,683,1335,25374,
299.8312014675787,72611,683,1334,25375,
299.8320031933326,72610,684,1334,25375,
299.83215257620253,72610,683,1335,25375,
299.8329692986983,72610,683,1334,25376,
299.8330164231684,72610,682,1335,25376,
299.8333851918148,72610,682,1334,25377,
299.83655201619973,72610,681,1335,25377,
299.8382629810281,72609,682,1335,25377,
299.8402705915971,72608,683,1335,25377,
299.84259940152896,72607,684,1335,25377,
299.8455683800693,72607,683,1336,25377,
299.8465258054693,72607,683,1335,25378,
299.8474000597359,72607,682,1336,25378,
299.8481682031741,72607,681,1337,25378,
299.8488338745441,72607,681,1336,25379,
299.8492285685217,72606,682,1336,25379,
299.85112509126844,72606,682,1335,25380,
299.85172132700524,72606,682,1334,25381,
299.85188485697444,72606,682,1333,25382,
299.8552133525297,72606,681,1334,25382,
299.8572263965067,72606,680,1335,25382,
299.86147769669356,72605,681,1335,25382,
299.8626053045029,72605,681,1334,25383,
299.8641671659509,72605,680,1335,25383,
299.8674863945651,72605,680,1334,25384,
299.8714327420031,72605,680,1333,25385,
299.87167945930526,72605,680,1332,25386,
299.8726371504634,72605,680,1331,25387,
299.8730905497252,72604,681,1331,25387,
299.87512302215083,72604,681,1330,25388,
299.8770471365928,72603,682,1330,25388,
299.87905541153964,72603,682,1329,25389,
299.87962721292183,72603,682,1328,25390,
299.88145728606673,72603,681,1329,25390,
299.88408164542994,72602,682,1329,25390,
299.88438172229405,72602,681,1330,25390,
299.8869991902979,72601,682,1330,25390,
299.8931205154556,72600,683,1330,25390,
299.8943058217845,72600,683,1329,25391,
299.8951221126867,72600,682,1330,25391,
299.89731105456383,72600,682,1329,25392,
299.90176355800133,72599,683,1329,25392,
299.9022869169638,72599,682,1330,25392,
299.90989277680495,72599,682,1329,25393,
299.9102847720441,72599,681,1330,25393,
299.9136173579576,72599,680,1331,25393,
299.9140482210627,72599,680,1330,25394,
299.91607518268853,72599,680,1329,25395,
299.9241436805936,72598,681,1329,25395,
299.92799557300134,72598,680,1330,25395,
299.92854868739624,72598,679,1331,25395,
299.92985698195054,72598,678,1332,25395,
299.9336264621435,72598,678,1331,25396,
299.93845001054297,72598,677,1332,25396,
299.94173712444683,72597,678,1332,25396,
299.9419534881595,72596,679,1332,25396,
299.94511503538945,72596,679,1331,25397,
299.9472347172648,72596,679,1330,25398,
299.9478044846297,72596,678,1331,25398,
299.9483855184783,72596,678,1330,25399,
299.9486339279709,72596,677,1331,25399,
299.95408794030766,72596,677,1330,25400,
299.956820253241,72596,677,1329,25401,
299.95805982473894,72596,677,1328,25402,
299.96020051777623,72596,676,1329,25402,
299.9609939343026,72596,675,1330,25402,
299.9622206612829,72595,676,1330,25402,
299.96450817050345,72595,675,1331,25402,
299.9723737637651,72595,675,1330,25403,
299.9765453889986,72595,674,1331,25403,
299.9770483105577,72594,675,1331,25403,
299.98118822391626,72594,674,1332,25403,
299.9827111371315,72594,673,1333,25403,
299.9856221087549,72593,674,1333,25403,
299.9894683660059,72593,673,1334,25403,
299.9916690218764,72592,674,1334,25403,
299.9920354775452,72592,674,1333,25404,
299.9946164341216,72592,674,1332,25405,
300.00049810044084,72592,673,1333,25405,
300.001021116539,72592,673,1332,25406,
300.0030393117993,72592,672,1333,25406,
300.00312574521274,72592,671,1334,25406,
300.0064872800146,72591,672,1334,25406,
300.00773703590244,72591,671,1335,25406,
300.012780918945,72591,671,1334,25407,
300.01281720856167,72591,671,1333,25408,
300.01300826565273,72591,670,1334,25408,
300.01860837317173,72590,671,1334,25408,
300.01997991132237,72590,671,1333,25409,
300.0260770429203,72590,670,1334,25409,
300.0269731272422,72590,669,1335,25409,
300.02907636787614,72590,668,1336,25409,
300.0292007061439,72590,667,1337,25409,
300.03092611544696,72590,667,1336,25410,
300.0311296782121,72589,668,1336,25410,
300.03362389467736,72589,668,1335,25411,
300.03839547670884,72589,667,1336,25411,
300.0441890914606,72589,666,1337,25411,
300.04880330009877,72589,666,1336,25412,
300.04991286836844,72588,667,1336,25412,
300.05133649373835,72588,667,1335,25413,
300.0515337784262,72588,667,1334,25414,
300.05751590813503,72588,666,1335,25414,
300.05776305517577,72588,665,1336,25414,
300.0674758816987,72588,665,1335,25415,
300.07253100058904,72588,664,1336,25415,
300.0749207197853,72588,663,1337,25415,
300.07506687163317,72588,663,1336,25416,
300.08265415355766,72587,664,1336,25416,
300.0835025044706,72587,664,1335,25417,
300.0944125891577,72586,665,1335,25417,
300.0952479969001,72586,664,1336,25417,
300.096949724411,72586,663,1337,25417,
300.10448026996926,72586,662,1338,25417,
300.1114198948998,72586,661,1339,25417,
300.1135104655726,72586,661,1338,25418,
300.12194064270653,72585,662,1338,25418,
300.1220430660687,72584,663,1338,25418,
300.12243455259215,72583,664,1338,25418,
300.127054541551,72583,663,1339,25418,
300.12720465890044,72583,662,1340,25418,
300.1331796031237,72582,663,1340,25418,
300.13636835848877,72581,664,1340,25418,
300.13760295130834,72581,663,1341,25418,
300.1392081993143,72581,663,1340,25419,
300.139952848769,72580,664,1340,25419,
300.1436576811297,72579,665,1340,25419,
300.14580640137973,72579,665,1339,25420,
300.1459673175328,72579,664,1340,25420,
300.1470977002782,72578,665,1340,25420,
300.1473197360754,72578,664,1341,25420,
300.1505834218663,72578,663,1342,25420,
300.15427436802867,72578,662,1343,25420,
300.15474512841024,72578,661,1344,25420,
300.157813182621,72578,661,1343,25421,
300.15797724457184,72578,660,1344,25421,
300.1601933913351,72578,659,1345,25421,
300.16527891406963,72577,660,1345,25421,
300.16683490045205,72577,659,1346,25421,
300.16884395199855,72577,659,1345,25422,
300.16947479087537,72576,660,1345,25422,
300.1701069918661,72576,659,1346,25422,
300.1702745982302,72576,659,1345,25423,
300.1749695169129,72576,659,1344,25424,
300.18002172420887,72576,659,1343,25425,
300.1823399244611,72576,659,1342,25426,
300.1885590210463,72576,659,1341,25427,
300.19065880242397,72575,660,1341,25427,
300.1939999862301,72574,661,1341,25427,
300.19670612007894,72573,662,1341,25427,
300.19678717377093,72573,661,1342,25427,
300.1973835421328,72573,661,1341,25428,
300.19764351444275,72572,662,1341,25428,
300.19772468225256,72572,661,1342,25428,
300.19794883293787,72572,660,1343,25428,
300.1999941585868,72572,659,1344,25428,
300.20189197393506,72572,659,1343,25429,
300.2095696763198,72571,660,1343,25429,
300.20970485179123,72571,660,1342,25430,
300.21139874641307,72570,661,1342,25430,
300.2142414037164,72570,661,1341,25431,
300.2166479917879,72570,661,1340,25432,
300.21757656131484,72570,661,1339,25433,
300.2197223538671,72570,660,1340,25433,
300.22263039518543,72570,660,1339,25434,
300.2239939391504,72569,661,1339,25434,
300.22575533297703,72569,661,1338,25435,
300.2266776632532,72568,662,1338,25435,
300.22754417319624,72568,662,1337,25436,
300.2288935313495,72568,662,1336,25437,
300.23282027400626,72567,663,1336,25437,
300.24346508927846,72567,662,1337,25437,
300.2483370726971,72567,662,1336,25438,
300.24914195187773,72567,662,1335,25439,
300.25128763436385,72567,661,1336,25439,
300.2528770697631,72566,662,1336,25439,
300.25791193686905,72566,661,1337,25439,
300.25941670546115,72566,660,1338,25439,
300.2608692541526,72565,661,1338,25439,
300.2623313951872,72565,661,1337,25440,
300.2645737293733,72565,661,1336,25441,
300.266324595166,72564,662,1336,25441,
300.2688350320773,72564,661,1337,25441,
300.2708771190155,72564,660,1338,25441,
300.28389240496267,72563,661,1338,25441,
300.28478930270455,72563,660,1339,25441,
300.28588480074296,72562,661,1339,25441,
300.2893505321019,72562,660,1340,25441,
300.29028873027386,72562,659,1341,25441,
300.2917482428895,72562,659,1340,25442,
300.2931151584925,72562,659,1339,25443,
300.29346863320734,72562,659,1338,25444,
300.2946024505563,72561,660,1338,25444,
300.2949060609524,72561,659,1339,25444,
300.29687590117635,72561,659,1338,25445,
300.2995607136245,72561,658,1339,25445,
300.30439037553475,72560,659,1339,25445,
300.3060994818262,72560,658,1340,25445,
300.3063425716772,72560,658,1339,25446,
300.30640988495185,72559,659,1339,25446,
300.3086134304685,72559,659,1338,25447,
300.3093840487536,72558,660,1338,25447,
300.3126650535742,72558,659,1339,25447,
300.31589187974765,72558,658,1340,25447,
300.3173940800879,72557,659,1340,25447,
300.31785525624105,72557,659,1339,25448,
300.3179285890559,72556,660,1339,25448,
300.3194971724933,72555,661,1339,25448,
300.3201541068456,72555,661,1338,25449,
300.3219641918,72555,660,1339,25449,
300.32250914784714,72555,660,1338,25450,
300.32808802409346,72555,660,1337,25451,
300.32907825349037,72555,659,1338,25451,
300.33781651026345,72555,659,1337,25452,
300.3398037608098,72555,659,1336,25453,
300.340062063007,72554,660,1336,25453,
300.3408485152706,72554,659,1337,25453,
300.34713170535355,72554,659,1336,25454,
300.34867749066075,72554,658,1337,25454,
300.34975050663223,72554,658,1336,25455,
300.3501077796782,72554,658,1335,25456,
300.35234290063596,72554,658,1334,25457,
300.3559400103868,72554,657,1335,25457,
300.35744744531144,72554,656,1336,25457,
300.35817898133865,72553,657,1336,25457,
300.3675376220053,72553,657,1335,25458,
300.36896240736377,72552,658,1335,25458,
300.3716161080151,72551,659,1335,25458,
300.3722992420965,72550,660,1335,25458,
300.37236831017333,72550,660,1334,25459,
300.37273902696404,72550,659,1335,25459,
300.3737004977257,72550,658,1336,25459,
300.37467428562763,72550,657,1337,25459,
300.37839626925256,72550,656,1338,25459,
300.3819222113559,72550,656,1337,25460,
300.3820002411604,72550,656,1336,25461,
300.38421387638954,72549,657,1336,25461,
300.3846247521847,72549,657,1335,25462,
300.38549694723207,72549,656,1336,25462,
300.3869656604569,72548,657,1336,25462,
300.3902592285151,72548,657,1335,25463,
300.39282061899246,72548,657,1334,25464,
300.3942524289968,72548,656,1335,25464,
300.3962691451216,72548,656,1334,25465,
300.40103900301006,72547,657,1334,25465,
300.40415220551864,72546,658,1334,25465,
300.40507422221674,72546,657,1335,25465,
300.4057917905689,72545,658,1335,25465,
300.4085470436554,72545,657,1336,25465,
300.4094819764232,72545,657,1335,25466,
300.41270689774086,72544,658,1335,25466,
300.4158641960377,72544,658,1334,25467,
300.4181838716848,72544,657,1335,25467,
300.42398251373476,72543,658,1335,25467,
300.42415579919657,72543,657,1336,25467,
300.4285719642414,72543,656,1337,25467,
300.4288346953844,72543,655,1338,25467,
300.43211932891876,72543,655,1337,25468,
300.434169077043,72543,655,1336,25469,
300.43492673186483,72542,656,1336,25469,
300.4388218776232,72542,656,1335,25470,
300.44959992023547,72542,655,1336,25470,
300.45190442946523,72542,655,1335,25471,
300.4618965909557,72541,656,1335,25471,
300.46278405625725,72541,656,1334,25472,
300.4634322991537,72541,656,1333,25473,
300.46389545928133,72541,656,1332,25474,
300.470293516313,72541,656,1331,25475,
300.4729419157589,72540,657,1331,25475,
300.4742737836759,72540,657,1330,25476,
300.4750834313294,72539,658,1330,25476,
300.475332873197,72539,658,1329,25477,
300.4773412179373,72539,657,1330,25477,
300.47964536482715,72539,657,1329,25478,
300.4802417650758,72539,656,1330,25478,
300.48277644253807,72538,657,1330,25478,
300.4838561444854,72538,656,1331,25478,
300.48840375243526,72538,656,1330,25479,
300.49186423795464,72538,655,1331,25479,
300.4974903668707,72538,654,1332,25479,
300.49826423505687,72537,655,1332,25479,
300.4995726639303,72537,655,1331,25480,
300.50005319140115,72536,656,1331,25480,
300.5011348291906,72535,657,1331,25480,
300.50449995640577,72535,656,1332,25480,
300.5052721822697,72535,655,1333,25480,
300.50572510902197,72534,656,1333,25480,
300.50982560257484,72534,655,1334,25480,
300.51072643243975,72534,654,1335,25480,
300.51120416202843,72533,655,1335,25480,
300.51249044332525,72533,654,1336,25480,
300.51351144940946,72533,653,1337,25480,
300.51386434003575,72533,653,1336,25481,
300.5143783064532,72533,653,1335,25482,
300.52246767517084,72533,652,1336,25482,
300.52286654213594,72532,653,1336,25482,
300.52455750714876,72531,654,1336,25482,
300.52566301817774,72530,655,1336,25482,
300.52661066895087,72529,656,1336,25482,
300.52662269824015,72528,657,1336,25482,
300.52846025117856,72528,657,1335,25483,
300.53208149362024,72527,658,1335,25483,
300.5334721176408,72526,659,1335,25483,
300.5416403157386,72525,660,1335,25483,
300.54315296825365,72525,659,1336,25483,
300.54621384673277,72525,658,1337,25483,
300.55474240041644,72525,658,1336,25484,
300.5550117235606,72525,657,1337,25484,
300.55701253198004,72524,658,1337,25484,
300.5574373511727,72524,658,1336,25485,
300.5593900745743,72524,658,1335,25486,
300.56260579696897,72523,659,1335,25486,
300.5683641705067,72523,658,1336,25486,
300.5734486612503,72522,659,1336,25486,
300.5743529075305,72522,658,1337,25486,
300.57442517589226,72522,658,1336,25487,
300.5757162828747,72521,659,1336,25487,
300.57712305364146,72520,660,1336,25487,
300.57717589514357,72520,659,1337,25487,
300.57867406328245,72519,660,1337,25487,
300.58405235432383,72518,661,1337,25487,
300.5883149144785,72518,661,1336,25488,
300.589171769194,72518,660,1337,25488,
300.59078097327154,72517,661,1337,25488,
300.5917177377402,72516,662,1337,25488,
300.59226614283506,72515,663,1337,25488,
300.5936310992911,72514,664,1337,25488,
300.59544379795216,72514,663,1338,25488,
300.59812729485554,72514,662,1339,25488,
300.59953179463565,72513,663,1339,25488,
300.60135820887206,72513,663,1338,25489,
300.60811432510326,72512,664,1338,25489,
300.613949466624,72512,664,1337,25490,
300.61793363719806,72512,663,1338,25490,
300.62046206182015,72512,663,1337,25491,
300.62337905535367,72511,664,1337,25491,
300.63166405474976,72510,665,1337,25491,
300.6337930910637,72509,666,1337,25491,
300.6396307377601,72509,665,1338,25491,
300.6434683300499,72509,665,1337,25492,
300.64371748988236,72509,664,1338,25492,
300.64472450640073,72508,665,1338,25492,
300.64783309406045,72508,664,1339,25492,
300.64803417164944,72507,665,1339,25492,
300.6526287986457,72507,664,1340,25492,
300.65271867312583,72507,663,1341,25492,
300.65320200638394,72507,663,1340,25493,
300.6540925394333,72507,663,1339,25494,
300.6552439343168,72507,662,1340,25494,
300.6564772390189,72507,661,1341,25494,
300.6570970758734,72507,661,1340,25495,
300.6582290320384,72507,661,1339,25496,
300.65825903740057,72506,662,1339,25496,
300.6610350779029,72505,663,1339,25496,
300.66568659659373,72504,664,1339,25496,
300.66596220198903,72504,663,1340,25496,
300.6670331011179,72503,664,1340,25496,
300.66838608200595,72503,663,1341,25496,
300.6721666214487,72503,663,1340,25497,
300.6731337393799,72503,663,1339,25498,
300.6732463813051,72502,664,1339,25498,
300.67407030125094,72502,664,1338,25499,
300.67705376154106,72502,664,1337,25500,
300.67705451507584,72502,664,1336,25501,
300.678657572071,72502,663,1337,25501,
300.6788158699268,72502,663,1336,25502,
300.67980151833285,72502,663,1335,25503,
300.67998955021454,72501,664,1335,25503,
300.6809532475295,72500,665,1335,25503,
300.6813403015451,72499,666,1335,25503,
300.6821898518938,72499,665,1336,25503,
300.6830006181959,72499,665,1335,25504,
300.68583250105587,72499,665,1334,25505,
300.69293920317966,72499,665,1333,25506,
300.693728529289,72499,664,1334,25506,
300.69763031820077,72499,664,1333,25507,
300.7005863721199,72498,665,1333,25507,
300.702066416741,72498,664,1334,25507,
300.7025637731364,72498,663,1335,25507,
300.70435441292443,72498,663,1334,25508,
300.7071934898337,72497,664,1334,25508,
300.70985628360324,72496,665,1334,25508,
300.71559186836436,72496,665,1333,25509,
300.7168295682429,72496,665,1332,25510,
300.7176725209999,72495,666,1332,25510,
300.71846356785795,72495,665,1333,25510,
300.7302439661778,72495,665,1332,25511,
300.7307676690179,72495,664,1333,25511,
300.73445361223094,72495,663,1334,25511,
300.73475632908406,72495,663,1333,25512,
300.73901252472774,72495,663,1332,25513,
300.74030799972235,72495,662,1333,25513,
300.74063977289813,72495,662,1332,25514,
300.74234560738984,72495,661,1333,25514,
300.74347744996396,72495,661,1332,25515,
300.7438121876803,72494,662,1332,25515,
300.7477270312278,72494,662,1331,25516,
300.75106168102565,72494,661,1332,25516,
300.7541409488233,72494,660,1333,25516,
300.756383808291,72493,661,1333,25516,
300.7587146601947,72493,660,1334,25516,
300.76502003838294,72492,661,1334,25516,
300.7657724566353,72491,662,1334,25516,
300.76633859795464,72490,663,1334,25516,
300.7674990814049,72490,663,1333,25517,
300.7676486207035,72490,662,1334,25517,
300.7711433060706,72490,662,1333,25518,
300.77412551202565,72490,662,1332,25519,
300.7759315446723,72490,662,1331,25520,
300.78020218023136,72489,663,1331,25520,
300.78106607011694,72488,664,1331,25520,
300.7816981794001,72488,663,1332,25520,
300.78382228255515,72488,662,1333,25520,
300.78997296127443,72488,662,1332,25521,
300.79015852811693,72487,663,1332,25521,
300.797996053991,72487,663,1331,25522,
300.8023089445482,72487,663,1330,25523,
300.8051421922899,72487,663,1329,25524,
300.80819665662466,72487,663,1328,25525,
300.81155084844306,72487,662,1329,25525,
300.8159352901555,72486,663,1329,25525,
300.81601618691036,72486,663,1328,25526,
300.8208747800279,72486,663,1327,25527,
300.82512685661754,72485,664,1327,25527,
300.82772083066897,72485,664,1326,25528,
300.832170005345,72485,663,1327,25528,
300.8335812751803,72484,664,1327,25528,
300.8364435134941,72484,664,1326,25529,
300.8387422223476,72483,665,1326,25529,
300.8422611038553,72483,665,1325,25530,
300.84283879920935,72483,665,1324,25531,
300.8445764948078,72483,665,1323,25532,
300.8463647585866,72482,666,1323,25532,
300.8486760875717,72481,667,1323,25532,
300.85194359913413,72481,667,1322,25533,
300.8521078672341,72481,667,1321,25534,
300.85376984916695,72481,666,1322,25534,
300.85996002013985,72480,667,1322,25534,
300.8604798286642,72480,666,1323,25534,
300.86333399949723,72480,665,1324,25534,
300.8650223291006,72480,665,1323,25535,
300.86782178700184,72480,664,1324,25535,
300.87104550407804,72480,663,1325,25535,
300.87226507579317,72479,664,1325,25535,
300.8759189420097,72478,665,1325,25535,
300.87820676314294,72477,666,1325,25535,
300.8796770268636,72477,666,1324,25536,
300.87998496040143,72477,665,1325,25536,
300.8800791965419,72476,666,1325,25536,
300.882315210345,72476,665,1326,25536,
300.8824987829348,72476,665,1325,25537,
300.8833421630768,72476,665,1324,25538,
300.8837774007704,72476,664,1325,25538,
300.8911143347938,72476,664,1324,25539,
300.89187080594763,72475,665,1324,25539,
300.89319658855186,72475,664,1325,25539,
300.89394088282694,72474,665,1325,25539,
300.89394604761156,72473,666,1325,25539,
300.8942742463026,72472,667,1325,25539,
300.8958389622806,72472,666,1326,25539,
300.8959200242699,72471,667,1326,25539,
300.89605581864674,72471,667,1325,25540,
300.89713142293334,72471,666,1326,25540,
300.8977784878955,72471,665,1327,25540,
300.89850376042347,72471,664,1328,25540,
300.9062078965955,72471,664,1327,25541,
300.9071157191034,72470,665,1327,25541,
300.9077018468618,72470,665,1326,25542,
300.9122473855857,72469,666,1326,25542,
300.91313085553514,72468,667,1326,25542,
300.9144557984175,72468,667,1325,25543,
300.9181050934894,72468,667,1324,25544,
300.92074926004716,72467,668,1324,25544,
300.9230024661871,72467,667,1325,25544,
300.9248531090091,72466,668,1325,25544,
300.92516673749253,72466,667,1326,25544,
300.92679906926537,72466,666,1327,25544,
300.9292925520729,72465,667,1327,25544,
300.93036956714275,72464,668,1327,25544,
300.9367469720696,72464,667,1328,25544,
300.9385387089209,72464,666,1329,25544,
300.93981385391413,72464,665,1330,25544,
300.94365436268174,72463,666,1330,25544,
300.9497995515309,72463,665,1331,25544,
300.95224932290154,72463,665,1330,25545,
300.95601750495297,72463,665,1329,25546,
300.95640128706236,72463,665,1328,25547,
300.9589879319722,72463,664,1329,25547,
300.9605973987197,72463,664,1328,25548,
300.9611920470815,72462,665,1328,25548,
300.96163906533474,72461,666,1328,25548,
300.9617029690993,72461,666,1327,25549,
300.96203002565096,72461,666,1326,25550,
300.9647651195767,72460,667,1326,25550,
300.96549188498574,72460,666,1327,25550,
300.96911979165543,72460,665,1328,25550,
300.9704378721953,72460,664,1329,25550,
300.97898506689944,72460,663,1330,25550,
300.98384553669564,72460,662,1331,25550,
300.98417402404243,72459,663,1331,25550,
300.98916186209885,72459,663,1330,25551,
300.9902699862727,72458,664,1330,25551,
300.9931653897093,72458,663,1331,25551,
300.99420519656553,72458,663,1330,25552,
300.99556569849074,72458,662,1331,25552,
300.9962720354219,72458,662,1330,25553,
300.99752697587127,72458,661,1331,25553,
300.99756317185455,72458,661,1330,25554,
300.99883624684634,72458,661,1329,25555,
301.0026997929343,72457,662,1329,25555,
301.00391231469024,72456,663,1329,25555,
301.0050717280877,72456,662,1330,25555,
301.0050966711733,72456,662,1329,25556,
301.00635844940473,72455,663,1329,25556,
301.00664354229514,72455,662,1330,25556,
301.0100408064206,72455,662,1329,25557,
301.0139087329906,72455,661,1330,25557,
301.01394406740894,72455,660,1331,25557,
301.0167275218078,72455,660,1330,25558,
301.01772707837125,72454,661,1330,25558,
301.0199412614539,72454,661,1329,25559,
301.02034278624944,72454,661,1328,25560,
301.0229533632615,72453,662,1328,25560,
301.0249178750559,72452,663,1328,25560,
301.02540046093617,72452,663,1327,25561,
301.025875917088,72452,663,1326,25562,
301.0266659778965,72452,663,1325,25563,
301.02727561581816,72452,662,1326,25563,
301.0314361906265,72452,662,1325,25564,
301.0335598335447,72452,662,1324,25565,
301.03442074666145,72452,662,1323,25566,
301.03923054162743,72452,661,1324,25566,
301.0408370159403,72452,660,1325,25566,
301.04196845177904,72452,659,1326,25566,
301.0432608689006,72452,659,1325,25567,
301.04691306935837,72452,659,1324,25568,
301.0496248494396,72451,660,1324,25568,
301.05300676544016,72451,660,1323,25569,
301.0548435404336,72450,661,1323,25569,
301.05831664798404,72450,660,1324,25569,
301.0587713430952,72450,659,1325,25569,
301.0612176081819,72449,660,1325,25569,
301.0691735230851,72449,660,1324,25570,
301.0712729805437,72449,660,1323,25571,
301.07335153539054,72449,659,1324,25571,
301.0765045875808,72449,658,1325,25571,
301.0766541457744,72448,659,1325,25571,
301.07674314079014,72448,659,1324,25572,
301.0783012607369,72448,658,1325,25572,
301.0788317859089,72448,658,1324,25573,
301.08197142865697,72448,658,1323,25574,
301.084768719648,72448,658,1322,25575,
301.0851312414996,72448,658,1321,25576,
301.08640054840083,72448,658,1320,25577,
301.08759738017073,72448,658,1319,25578,
301.0921259869922,72447,659,1319,25578,
301.0938896541328,72447,659,1318,25579,
301.09525757042366,72446,660,1318,25579,
301.0955915845525,72446,660,1317,25580,
301.0957750275603,72446,660,1316,25581,
301.09578494416166,72446,659,1317,25581,
301.097761156652,72445,660,1317,25581,
301.09804297346045,72445,659,1318,25581,
301.1038995185453,72445,658,1319,25581,
301.1046664640967,72444,659,1319,25581,
301.1067288188503,72443,660,1319,25581,
301.1070562395944,72442,661,1319,25581,
301.10861604303744,72442,661,1318,25582,
301.1087613203993,72442,660,1319,25582,
301.1151472545874,72442,660,1318,25583,
301.11629602097696,72442,660,1317,25584,
301.11658201369295,72442,659,1318,25584,
301.1196810593313,72442,659,1317,25585,
301.1210008433154,72442,659,1316,25586,
301.1269229369228,72442,658,1317,25586,
301.12743273974337,72442,657,1318,25586,
301.12912288506794,72441,658,1318,25586,
301.12980423222797,72441,658,1317,25587,
301.13271928599045,72441,657,1318,25587,
301.13313828634546,72441,656,1319,25587,
301.13569010908975,72440,657,1319,25587,
301.1391652552444,72440,657,1318,25588,
301.14070605405146,72439,658,1318,25588,
301.1408219572588,72438,659,1318,25588,
301.1494853835388,72438,659,1317,25589,
301.1506392128609,72437,660,1317,25589,
301.15341652156894,72436,661,1317,25589,
301.15592142474253,72436,660,1318,25589,
301.1635697758107,72435,661,1318,25589,
301.1702001564818,72435,660,1319,25589,
301.1724330253512,72435,660,1318,25590,
301.1757473180285,72435,660,1317,25591,
301.17587022294254,72435,660,1316,25592,
301.1801047477107,72434,661,1316,25592,
301.1818572783329,72434,661,1315,25593,
301.1826715435665,72433,662,1315,25593,
301.1850754143497,72432,663,1315,25593,
301.1851478681835,72432,663,1314,25594,
301.1856626117686,72432,663,1313,25595,
301.18669997040564,72432,662,1314,25595,
301.1875485391376,72432,662,1313,25596,
301.1899662770677,72431,663,1313,25596,
301.19197556775197,72430,664,1313,25596,
301.1970731091487,72430,663,1314,25596,
301.1999721123372,72429,664,1314,25596,
301.2015266476274,72428,665,1314,25596,
301.2030444366326,72428,665,1313,25597,
301.2061269261345,72427,666,1313,25597,
301.20646832051926,72427,665,1314,25597,
301.2098769332169,72427,665,1313,25598,
301.21121202139676,72426,666,1313,25598,
301.21162737969,72425,667,1313,25598,
301.21398161042515,72424,668,1313,25598,
301.2151709672249,72424,668,1312,25599,
301.21843921079505,72424,667,1313,25599,
301.2193453356034,72423,668,1313,25599,
301.220293237079,72423,668,1312,25600,
301.2230984336337,72422,669,1312,25600,
301.2260899137623,72421,670,1312,25600,
301.2316494557459,72421,670,1311,25601,
301.2316605668487,72420,671,1311,25601,
301.237235112963,72419,672,1311,25601,
301.24481998468616,72419,672,1310,25602,
301.25041573580336,72418,673,1310,25602,
301.25181658003174,72418,672,1311,25602,
301.2647809833772,72418,672,1310,25603,
301.26605102376806,72417,673,1310,25603,
301.26671317160043,72417,673,1309,25604,
301.26897131067074,72416,674,1309,25604,
301.2701526176942,72416,674,1308,25605,
301.27413789618913,72416,674,1307,25606,
301.27744911381967,72415,675,1307,25606,
301.28278553792654,72415,674,1308,25606,
301.28608841670797,72414,675,1308,25606,
301.2922321483903,72413,676,1308,25606,
301.29227521499905,72413,676,1307,25607,
301.29656638815624,72413,675,1308,25607,
301.2971855829653,72412,676,1308,25607,
301.2975663734882,72412,676,1307,25608,
301.2998801424465,72411,677,1307,25608,
301.3055083215317,72411,677,1306,25609,
301.30552304644146,72410,678,1306,25609,
301.30763984204924,72410,678,1305,25610,
301.3115407346464,72409,679,1305,25610,
301.31188003699316,72409,679,1304,25611,
301.3119830127724,72409,678,1305,25611,
301.3137956021083,72408,679,1305,25611,
301.31562577493077,72407,680,1305,25611,
301.3158314802752,72407,680,1304,25612,
301.3198926245193,72406,681,1304,25612,
301.32151846936307,72406,681,1303,25613,
301.3226537386504,72406,681,1302,25614,
301.3276541763946,72406,680,1303,25614,
301.33190777738554,72405,681,1303,25614,
301.33994541920936,72405,680,1304,25614,
301.34437646738013,72405,679,1305,25614,
301.3501697109551,72404,680,1305,25614,
301.3506624843845,72404,679,1306,25614,
301.35198486379227,72404,678,1307,25614,
301.35383538822947,72404,677,1308,25614,
301.35780290397076,72403,678,1308,25614,
301.3583859896115,72403,678,1307,25615,
301.36004056741143,72403,677,1308,25615,
301.36620462140536,72402,678,1308,25615,
301.3664330104043,72402,678,1307,25616,
301.37085802533886,72401,679,1307,25616,
301.3712147424576,72401,679,1306,25617,
301.3721803536575,72401,678,1307,25617,
301.37490333435767,72400,679,1307,25617,
301.37948300928736,72400,679,1306,25618,
301.38155323348633,72400,678,1307,25618,
301.38183162391,72400,677,1308,25618,
301.38845822000224,72400,676,1309,25618,
301.3887525511229,72400,676,1308,25619,
301.3930859228018,72399,677,1308,25619,
301.3970527508982,72399,676,1309,25619,
301.39822580543,72398,677,1309,25619,
301.3999213357664,72398,677,1308,25620,
301.40033086395965,72398,676,1309,25620,
301.4003943778919,72398,675,1310,25620,
301.40525554257306,72398,675,1309,25621,
301.41670228188013,72397,676,1309,25621,
301.4183859021415,72397,676,1308,25622,
301.41847258326476,72397,676,1307,25623,
301.41950166706704,72396,677,1307,25623,
301.4213732573184,72396,676,1308,25623,
301.42393146129905,72396,675,1309,25623,
301.42645242127935,72396,675,1308,25624,
301.42884729718196,72395,676,1308,25624,
301.4297106768202,72395,676,1307,25625,
301.4328744517138,72394,677,1307,25625,
301.43607008032353,72394,677,1306,25626,
301.43663533181655,72394,677,1305,25627,
301.4417079304519,72394,677,1304,25628,
301.4448789679326,72394,676,1305,25628,
301.44820888381435,72394,675,1306,25628,
301.44981680019396,72394,674,1307,25628,
301.45041976946607,72394,674,1306,25629,
301.45047130031526,72394,674,1305,25630,
301.4547912890935,72394,673,1306,25630,
301.45542690507494,72394,672,1307,25630,
301.4582888389467,72393,673,1307,25630,
301.4602760147667,72393,673,1306,25631,
301.467422789821,72392,674,1306,25631,
301.4760715715367,72392,673,1307,25631,
301.4832051667859,72392,672,1308,25631,
301.4881101321361,72392,672,1307,25632,
301.4892171876457,72392,671,1308,25632,
301.49205945085595,72392,670,1309,25632,
301.4943879429288,72392,670,1308,25633,
301.4949522552675,72391,671,1308,25633,
301.49532047851557,72391,670,1309,25633,
301.49695165176195,72390,671,1309,25633,
301.4982552543901,72389,672,1309,25633,
301.5048786484668,72388,673,1309,25633,
301.5050459612719,72387,674,1309,25633,
301.50535173194595,72386,675,1309,25633,
301.50609368436113,72385,676,1309,25633,
301.5126117284155,72385,675,1310,25633,
301.5138213218076,72385,675,1309,25634,
301.5187888193641,72385,674,1310,25634,
301.51923563386555,72385,673,1311,25634,
301.52097241740904,72384,674,1311,25634,
301.530145814382,72384,674,1310,25635,
301.53141138915896,72384,673,1311,25635,
301.5362394933044,72384,673,1310,25636,
301.5420100608899,72384,672,1311,25636,
301.5497498359042,72383,673,1311,25636,
301.55111415885125,72383,673,1310,25637,
301.55462407287496,72383,673,1309,25638,
301.56120207591135,72383,672,1310,25638,
301.56397677227784,72382,673,1310,25638,
301.56432053142805,72382,673,1309,25639,
301.5643956113267,72381,674,1309,25639,
301.5697734708235,72381,674,1308,25640,
301.5698276724563,72381,673,1309,25640,
301.5703141360278,72381,672,1310,25640,
301.57538510789965,72381,671,1311,25640,
301.57824815887994,72381,671,1310,25641,
301.57853053591714,72381,671,1309,25642,
301.57861689723546,72381,671,1308,25643,
301.5793287983277,72381,671,1307,25644,
301.57955302500216,72381,670,1308,25644,
301.5801466637435,72381,669,1309,25644,
301.5811774533213,72380,670,1309,25644,
301.5818146083046,72380,670,1308,25645,
301.5872910503108,72380,670,1307,25646,
301.5911709084325,72379,671,1307,25646,
301.59199456615045,72379,670,1308,25646,
301.5949292187049,72378,671,1308,25646,
301.5987758547723,72378,671,1307,25647,
301.60169678879265,72377,672,1307,25647,
301.60230901186696,72377,671,1308,25647,
301.604432187085,72376,672,1308,25647,
301.6046814539973,72376,671,1309,25647,
301.6070385422353,72375,672,1309,25647,
301.60793958645104,72375,672,1308,25648,
301.6092999828054,72375,672,1307,25649,
301.609724429999,72375,672,1306,25650,
301.61089416868623,72375,671,1307,25650,
301.6144984652595,72375,670,1308,25650,
301.6153183458221,72374,671,1308,25650,
301.61688754425955,72373,672,1308,25650,
301.62069348745865,72372,673,1308,25650,
301.62430657272637,72372,672,1309,25650,
301.6290265245908,72371,673,1309,25650,
301.6335469307842,72371,672,1310,25650,
301.637040866915,72370,673,1310,25650,
301.6401271542067,72370,673,1309,25651,
301.64610762285133,72370,672,1310,25651,
301.6517158676603,72369,673,1310,25651,
301.6518246597214,72369,673,1309,25652,
301.65460810727075,72369,672,1310,25652,
301.658225798795,72368,673,1310,25652,
301.65943171950516,72367,674,1310,25652,
301.6594989806702,72366,675,1310,25652,
301.6626998888407,72366,675,1309,25653,
301.6680591494367,72366,675,1308,25654,
301.66878659517164,72365,676,1308,25654,
301.6688961312816,72365,676,1307,25655,
301.6713839207436,72365,675,1308,25655,
301.672567255136,72365,674,1309,25655,
301.6762762866387,72365,673,1310,25655,
301.6777273687805,72365,672,1311,25655,
301.6789978122049,72364,673,1311,25655,
301.6797845990977,72363,674,1311,25655,
301.68493356772956,72363,673,1312,25655,
301.6868654136545,72363,673,1311,25656,
301.6885269674192,72363,673,1310,25657,
301.69145940289536,72363,672,1311,25657,
301.6923191359772,72362,673,1311,25657,
301.6954847757808,72362,673,1310,25658,
301.69758318191356,72361,674,1310,25658,
301.69894579925926,72361,673,1311,25658,
301.7016228379247,72360,674,1311,25658,
301.7017807806437,72360,674,1310,25659,
301.70363910181817,72359,675,1310,25659,
301.7055394350992,72359,675,1309,25660,
301.70707822679964,72359,674,1310,25660,
301.7071236216593,72358,675,1310,25660,
301.70818807662823,72357,676,1310,25660,
301.7103010581697,72357,676,1309,25661,
301.71031525727886,72357,675,1310,25661,
301.7154209769188,72357,675,1309,25662,
301.7169566318888,72356,676,1309,25662,
301.7226262958155,72355,677,1309,25662,
301.72282775815563,72354,678,1309,25662,
301.7253880510618,72354,677,1310,25662,
301.72912910915176,72354,676,1311,25662,
301.7341577319149,72353,677,1311,25662,
301.73697234347344,72353,677,1310,25663,
301.7382685396818,72352,678,1310,25663,
301.73844943960177,72352,677,1311,25663,
301.7388510358036,72352,676,1312,25663,
301.73910693963114,72352,676,1311,25664,
301.74260289332403,72352,676,1310,25665,
301.7450300503551,72351,677,1310,25665,
301.74506364896433,72350,678,1310,25665,
301.748915616858,72349,679,1310,25665,
301.7514966761533,72348,680,1310,25665,
301.75256652301016,72348,679,1311,25665,
301.7563105794975,72348,678,1312,25665,
301.76000256822806,72348,678,1311,25666,
301.7632522255516,72348,678,1310,25667,
301.7633952384181,72348,678,1309,25668,
301.7653719737319,72347,679,1309,25668,
301.7666679861878,72347,679,1308,25669,
301.7703057312218,72346,680,1308,25669,
301.7711853277377,72346,679,1309,25669,
301.77651196537556,72346,679,1308,25670,
301.7789818985376,72346,679,1307,25671,
301.7810406377221,72345,680,1307,25671,
301.78337128247307,72345,679,1308,25671,
301.78342301245186,72345,679,1307,25672,
301.7838255725129,72345,678,1308,25672,
301.7930689943281,72345,677,1309,25672,
301.7964284988571,72344,678,1309,25672,
301.80400285125796,72344,678,1308,25673,
301.809752343578,72343,679,1308,25673,
301.8112900517593,72343,678,1309,25673,
301.8153833044141,72343,677,1310,25673,
301.8153869181996,72342,678,1310,25673,
301.81552072919766,72342,678,1309,25674,
301.8167139459198,72342,678,1308,25675,
301.81785876923436,72342,677,1309,25675,
301.8212740726778,72342,677,1308,25676,
301.82271719728845,72342,677,1307,25677,
301.82321762646075,72341,678,1307,25677,
301.82408389160156,72340,679,1307,25677,
301.8259391574946,72339,680,1307,25677,
301.82690329196737,72339,679,1308,25677,
301.8271679905366,72339,678,1309,25677,
301.8295172219531,72338,679,1309,25677,
301.82997893158745,72338,678,1310,25677,
301.835065380373,72338,678,1309,25678,
301.83645403677076,72337,679,1309,25678,
301.83690789804734,72337,679,1308,25679,
301.8382546575036,72337,678,1309,25679,
301.8442179163086,72337,677,1310,25679,
301.84452170246334,72337,677,1309,25680,
301.8497911293964,72336,678,1309,25680,
301.849988425706,72336,678,1308,25681,
301.8509528844356,72336,677,1309,25681,
301.8525976298361,72335,678,1309,25681,
301.8587533812546,72335,678,1308,25682,
301.86730371530496,72335,678,1307,25683,
301.8690217299616,72335,678,1306,25684,
301.8721020700067,72335,677,1307,25684,
301.8741433115181,72334,678,1307,25684,
301.8745748178517,72333,679,1307,25684,
301.875502706583,72332,680,1307,25684,
301.8761018777835,72332,680,1306,25685,
301.8791594745494,72332,680,1305,25686,
301.88311937925124,72332,679,1306,25686,
301.8844192020202,72332,678,1307,25686,
301.8851951354144,72331,679,1307,25686,
301.88526149917817,72331,678,1308,25686,
301.8877208178559,72331,678,1307,25687,
301.8883528510879,72331,677,1308,25687,
301.88885723949574,72331,677,1307,25688,
301.8899210726954,72331,677,1306,25689,
301.8908760253924,72331,676,1307,25689,
301.8915066306196,72330,677,1307,25689,
301.89239873156754,72330,676,1308,25689,
301.89556844069176,72330,676,1307,25690,
301.8972660338785,72330,675,1308,25690,
301.9007811075546,72329,676,1308,25690,
301.90253877753054,72329,675,1309,25690,
301.9080376905773,72328,676,1309,25690,
301.913381306489,72328,675,1310,25690,
301.91510142125975,72328,674,1311,25690,
301.9154563187985,72327,675,1311,25690,
301.9158837692006,72327,674,1312,25690,
301.9220445941423,72327,673,1313,25690,
301.92346185541925,72326,674,1313,25690,
301.92529804440187,72326,674,1312,25691,
301.9264170524032,72326,673,1313,25691,
301.9265713348783,72326,672,1314,25691,
301.92675758179587,72326,672,1313,25692,
301.9287719035506,72326,672,1312,25693,
301.93208679470746,72326,672,1311,25694,
301.93272301881296,72326,672,1310,25695,
301.93283513960176,72326,672,1309,25696,
301.93336205120795,72326,672,1308,25697,
301.93549439519944,72326,671,1309,25697,
301.94270433377693,72326,671,1308,25698,
301.94374765984804,72326,670,1309,25698,
301.9454162252273,72326,669,1310,25698,
301.94977633960895,72325,670,1310,25698,
301.95077216505587,72325,670,1309,25699,
301.95199442707457,72324,671,1309,25699,
301.9531303701199,72324,671,1308,25700,
301.9604104206253,72324,671,1307,25701,
301.96511970670304,72323,672,1307,25701,
301.96838133277186,72323,671,1308,25701,
301.9684189060942,72323,670,1309,25701,
301.9688453511525,72323,670,1308,25702,
301.97157370747675,72323,669,1309,25702,
301.9721011840156,72322,670,1309,25702,
301.9758362873832,72322,669,1310,25702,
301.97602081722874,72322,668,1311,25702,
301.9766536493342,72321,669,1311,25702,
301.97818717069924,72320,670,1311,25702,
301.9809854085322,72320,669,1312,25702,
301.9811191753045,72320,669,1311,25703,
301.98125307747364,72319,670,1311,25703,
301.983628489877,72319,670,1310,25704,
301.9870715876119,72319,670,1309,25705,
301.9903995133896,72319,670,1308,25706,
301.9912581323202,72319,669,1309,25706,
301.9914082303513,72318,670,1309,25706,
301.99491142636344,72317,671,1309,25706,
301.9979221372117,72316,672,1309,25706,
301.9996111018052,72316,672,1308,25707,
302.0034339621192,72315,673,1308,25707,
302.0034953983526,72315,673,1307,25708,
302.00717881118004,72314,674,1307,25708,
302.00819956707954,72314,673,1308,25708,
302.0106845803813,72313,674,1308,25708,
302.0112772406841,72312,675,1308,25708,
302.0124602407742,72312,675,1307,25709,
302.015512426902,72312,675,1306,25710,
302.0196893756957,72311,676,1306,25710,
302.02216107809977,72310,677,1306,25710,
302.0260461134006,72310,676,1307,25710,
302.02809138747875,72310,675,1308,25710,
302.0290239561789,72310,675,1307,25711,
302.0304502050036,72309,676,1307,25711,
302.0350618782664,72308,677,1307,25711,
302.04036535138533,72308,676,1308,25711,
302.0413762136496,72307,677,1308,25711,
302.04181106535884,72306,678,1308,25711,
302.04300866181393,72306,678,1307,25712,
302.04314099690436,72305,679,1307,25712,
302.0434962754917,72305,678,1308,25712,
302.0485221900909,72305,678,1307,25713,
302.0568712315299,72304,679,1307,25713,
302.0578467197498,72303,680,1307,25713,
302.0583788854492,72302,681,1307,25713,
302.0600074496755,72302,680,1308,25713,
302.06327065184547,72302,680,1307,25714,
302.06427753370883,72302,679,1308,25714,
302.0657284161821,72301,680,1308,25714,
302.0679888001197,72301,680,1307,25715,
302.07057424927615,72300,681,1307,25715,
302.073988187097,72300,680,1308,25715,
302.0751476020384,72300,680,1307,25716,
302.07543445564545,72299,681,1307,25716,
302.0760252068808,72299,681,1306,25717,
302.08072714513077,72299,681,1305,25718,
302.0823585319839,72298,682,1305,25718,
302.0829244090034,72298,682,1304,25719,
302.0853810499585,72298,682,1303,25720,
302.0854310306489,72298,682,1302,25721,
302.0895365069913,72298,681,1303,25721,
302.09073411688485,72297,682,1303,25721,
302.09443673342287,72296,683,1303,25721,
302.0949088770804,72296,683,1302,25722,
302.1020922555197,72296,682,1303,25722,
302.1036953820421,72295,683,1303,25722,
302.10544647098993,72295,682,1304,25722,
302.10761366856747,72295,681,1305,25722,
302.10800266493646,72295,680,1306,25722,
302.11271160373826,72295,679,1307,25722,
302.11973274082266,72294,680,1307,25722,
302.12079270353337,72294,680,1306,25723,
302.1214536101965,72294,680,1305,25724,
302.1228703221176,72293,681,1305,25724,
302.12513731534614,72293,680,1306,25724,
302.1268437905407,72293,680,1305,25725,
302.12891099379874,72293,679,1306,25725,
302.1326351212221,72293,678,1307,25725,
302.1327957690696,72292,679,1307,25725,
302.13314224095365,72292,679,1306,25726,
302.1338213805219,72292,679,1305,25727,
302.13443916964496,72291,680,1305,25727,
302.1385520520426,72291,679,1306,25727,
302.1466226965569,72291,679,1305,25728,
302.1493997488139,72291,678,1306,25728,
302.15464445040357,72291,677,1307,25728,
302.15713513819713,72291,676,1308,25728,
302.1572550709769,72290,677,1308,25728,
302.1580251131318,72290,676,1309,25728,
302.1591281432333,72290,675,1310,25728,
302.16130764637796,72289,676,1310,25728,
302.1633096848505,72289,675,1311,25728,
302.1650450518316,72289,674,1312,25728,
302.16679903096656,72289,673,1313,25728,
302.16793764545776,72288,674,1313,25728,
302.17049904843225,72287,675,1313,25728,
302.17145961235576,72287,675,1312,25729,
302.1724859624088,72287,674,1313,25729,
302.17698950918293,72287,673,1314,25729,
302.18154243085866,72287,672,1315,25729,
302.1822238011279,72287,671,1316,25729,
302.1826308328846,72287,670,1317,25729,
302.1850112621063,72287,670,1316,25730,
302.18577527036524,72286,671,1316,25730,
302.1867557330737,72286,670,1317,25730,
302.1870166052145,72285,671,1317,25730,
302.1948170632521,72284,672,1317,25730,
302.1968178313459,72284,672,1316,25731,
302.19987412324986,72284,672,1315,25732,
302.2021675709499,72283,673,1315,25732,
302.2031931724652,72283,673,1314,25733,
302.2083210410961,72282,674,1314,25733,
302.20946458403637,72282,673,1315,25733,
302.2104143311378,72282,673,1314,25734,
302.21408811806407,72281,674,1314,25734,
302.2146230019734,72280,675,1314,25734,
302.217676526379,72280,675,1313,25735,
302.22122171283064,72280,675,1312,25736,
302.225664725801,72279,676,1312,25736,
302.2272613257911,72279,676,1311,25737,
302.2277212764452,72278,677,1311,25737,
302.23331173540777,72278,676,1312,25737,
302.23746611796935,72278,676,1311,25738,
302.2375708680158,72278,675,1312,25738,
302.2406526201104,72278,675,1311,25739,
302.2416254335872,72277,676,1311,25739,
302.24172371222517,72277,675,1312,25739,
302.24274915921427,72277,675,1311,25740,
302.2531168151587,72277,675,1310,25741,
302.25406267134684,72277,674,1311,25741,
302.26392370104486,72277,674,1310,25742,
302.26460689333294,72277,674,1309,25743,
302.26477513546786,72277,674,1308,25744,
302.2648615768381,72277,674,1307,25745,
302.2649653869116,72277,674,1306,25746,
302.26811288371044,72277,673,1307,25746,
302.26977270139633,72277,672,1308,25746,
302.27133397357085,72276,673,1308,25746,
302.27228362488336,72275,674,1308,25746,
302.27430239188294,72275,674,1307,25747,
302.27449719231123,72275,673,1308,25747,
302.2800075061137,72274,674,1308,25747,
302.28015512095965,72274,673,1309,25747,
302.28074176410036,72274,673,1308,25748,
302.28443535420496,72273,674,1308,25748,
302.28464343581965,72273,673,1309,25748,
302.2847574142067,72273,672,1310,25748,
302.2898756101788,72273,672,1309,25749,
302.29870207861075,72273,671,1310,25749,
302.29949140206486,72272,672,1310,25749,
302.3025143012225,72271,673,1310,25749,
302.30292703988755,72270,674,1310,25749,
302.3038152552122,72270,673,1311,25749,
302.30526649669076,72269,674,1311,25749,
302.3057114418506,72269,674,1310,25750,
302.30826231504875,72269,674,1309,25751,
302.3113610786903,72269,673,1310,25751,
302.31466501378196,72269,672,1311,25751,
302.3155325017821,72269,672,1310,25752,
302.3169197261556,72269,672,1309,25753,
302.31825653399096,72269,672,1308,25754,
302.3212274002039,72269,671,1309,25754,
302.3254027606925,72268,672,1309,25754,
302.3255664988057,72267,673,1309,25754,
302.326058333794,72267,673,1308,25755,
302.32915784761377,72266,674,1308,25755,
302.3311045687004,72266,673,1309,25755,
302.3327797124532,72265,674,1309,25755,
302.33685165839364,72264,675,1309,25755,
302.33710983443893,72264,674,1310,25755,
302.3398043404298,72264,673,1311,25755,
302.34267935850266,72263,674,1311,25755,
302.34528657544126,72263,674,1310,25756,
302.3470132949822,72262,675,1310,25756,
302.3488033633027,72262,675,1309,25757,
302.3488617473684,72262,674,1310,25757,
302.35401931835327,72262,673,1311,25757,
302.35479117905317,72261,674,1311,25757,
302.359321575332,72260,675,1311,25757,
302.3613571661287,72259,676,1311,25757,
302.3644444553843,72259,676,1310,25758,
302.3703579715274,72259,675,1311,25758,
302.372641628396,72259,675,1310,25759,
302.37440403168563,72259,675,1309,25760,
302.37684949979587,72259,675,1308,25761,
302.37821661450465,72259,675,1307,25762,
302.38253752316496,72258,676,1307,25762,
302.3829602225796,72257,677,1307,25762,
302.3841139948308,72257,677,1306,25763,
302.3846931898115,72257,676,1307,25763,
302.38842975323536,72256,677,1307,25763,
302.38897146257045,72255,678,1307,25763,
302.3902574774947,72254,679,1307,25763,
302.3903976496803,72254,679,1306,25764,
302.3905046734556,72253,680,1306,25764,
302.3927242608016,72253,680,1305,25765,
302.39320049174347,72253,680,1304,25766,
302.39957755108816,72253,680,1303,25767,
302.4001747000111,72253,680,1302,25768,
302.4005156423439,72252,681,1302,25768,
302.405239384337,72252,681,1301,25769,
302.4094597491415,72252,681,1300,25770,
302.4166967605006,72252,680,1301,25770,
302.4196973472534,72252,679,1302,25770,
302.42817784104153,72251,680,1302,25770,
302.4292756009721,72250,681,1302,25770,
302.4297629616522,72250,680,1303,25770,
302.43141449214437,72250,679,1304,25770,
302.4358869263424,72250,678,1305,25770,
302.43811575109737,72249,679,1305,25770,
302.44096720157347,72249,679,1304,25771,
302.4422797908022,72249,678,1305,25771,
302.44243136389,72248,679,1305,25771,
302.44260075042854,72248,679,1304,25772,
302.44515907731,72247,680,1304,25772,
302.4474926985129,72246,681,1304,25772,
302.4511840053393,72246,681,1303,25773,
302.4531385573613,72246,681,1302,25774,
302.4573980281252,72245,682,1302,25774,
302.4594284100027,72245,682,1301,25775,
302.4604586684545,72245,682,1300,25776,
302.4621679765239,72244,683,1300,25776,
302.4624107445708,72244,682,1301,25776,
302.4649546572287,72243,683,1301,25776,
302.4663877752078,72242,684,1301,25776,
302.46875420847056,72241,685,1301,25776,
302.4688719683723,72240,686,1301,25776,
302.4721739110835,72240,686,1300,25777,
302.48165348042846,72240,686,1299,25778,
302.48233087896006,72240,686,1298,25779,
302.4844937318791,72240,685,1299,25779,
302.48771629591454,72239,686,1299,25779,
302.48864325861155,72239,685,1300,25779,
302.4906137740224,72239,685,1299,25780,
302.49328421560676,72239,685,1298,25781,
302.4978354810659,72239,684,1299,25781,
302.49884574527044,72239,683,1300,25781,
302.501973800868,72239,683,1299,25782,
302.50466409229495,72239,682,1300,25782,
302.5096252248808,72239,682,1299,25783,
302.50989459345806,72238,683,1299,25783,
302.5114970132178,72238,682,1300,25783,
302.51237113196356,72238,682,1299,25784,
302.5135168568557,72238,682,1298,25785,
302.51702916826713,72238,682,1297,25786,
302.51941887022394,72238,681,1298,25786,
302.5197747609927,72238,681,1297,25787,
302.52249493601516,72238,681,1296,25788,
302.5235150978413,72238,681,1295,25789,
302.5255554093037,72237,682,1295,25789,
302.5292137286673,72237,682,1294,25790,
302.53015611410115,72237,682,1293,25791,
302.53062052239426,72237,681,1294,25791,
302.53767970944244,72236,682,1294,25791,
302.5450337892966,72236,682,1293,25792,
302.5459371176009,72236,681,1294,25792,
302.54775364776145,72236,680,1295,25792,
302.54867597938204,72236,680,1294,25793,
302.5492022689838,72236,680,1293,25794,
302.5493701819664,72235,681,1293,25794,
302.5550895071754,72234,682,1293,25794,
302.55738990402494,72234,682,1292,25795,
302.5668042174336,72234,681,1293,25795,
302.57017251310475,72234,680,1294,25795,
302.58067244645616,72233,681,1294,25795,
302.58198289649744,72233,680,1295,25795,
302.5827076390445,72233,679,1296,25795,
302.5843168208465,72233,678,1297,25795,
302.58797248847526,72233,678,1296,25796,
302.5883726925393,72232,679,1296,25796,
302.5888245076218,72232,679,1295,25797,
302.5891198238588,72232,679,1294,25798,
302.59316451397183,72232,679,1293,25799,
302.59318273932234,72232,679,1292,25800,
302.59549071551817,72232,679,1291,25801,
302.59563958524933,72232,679,1290,25802,
302.5957655470765,72232,679,1289,25803,
302.5973431757324,72231,680,1289,25803,
302.60316258009675,72231,679,1290,25803,
302.6083001455787,72231,679,1289,25804,
302.60934048339465,72230,680,1289,25804,
302.6094800682541,72230,679,1290,25804,
302.6105083325564,72230,678,1291,25804,
302.624815685336,72230,677,1292,25804,
302.62931270107697,72230,677,1291,25805,
302.63267906784904,72229,678,1291,25805,
302.63554661701613,72228,679,1291,25805,
302.6368538770892,72228,678,1292,25805,
302.640602574349,72227,679,1292,25805,
302.6410907975915,72226,680,1292,25805,
302.6419078884827,72226,680,1291,25806,
302.64237947498634,72226,680,1290,25807,
302.646605114872,72226,680,1289,25808,
302.64798902697413,72226,680,1288,25809,
302.64874687859816,72226,679,1289,25809,
302.6496301551608,72225,680,1289,25809,
302.6513369058772,72225,679,1290,25809,
302.65162231240265,72224,680,1290,25809,
302.6529779363736,72223,681,1290,25809,
302.65391814145516,72223,681,1289,25810,
302.6539649474075,72222,682,1289,25810,
302.65549455449695,72222,681,1290,25810,
302.6561062010841,72222,680,1291,25810,
302.6646631860495,72222,679,1292,25810,
302.66614821862964,72221,680,1292,25810,
302.6668610524757,72220,681,1292,25810,
302.66823355679514,72219,682,1292,25810,
302.6695302445324,72219,681,1293,25810,
302.6719540199451,72219,681,1292,25811,
302.6795484116037,72219,681,1291,25812,
302.681690993022,72218,682,1291,25812,
302.682541954612,72218,681,1292,25812,
302.6837615319241,72218,681,1291,25813,
302.6851740737444,72217,682,1291,25813,
302.68646829048186,72216,683,1291,25813,
302.6881513014949,72216,682,1292,25813,
302.6962304659866,72215,683,1292,25813,
302.6977143057942,72215,683,1291,25814,
302.6996836582693,72215,683,1290,25815,
302.69995157136555,72214,684,1290,25815,
302.70301615564773,72214,684,1289,25816,
302.70487156785777,72214,684,1288,25817,
302.70492850214447,72213,685,1288,25817,
302.70761691315164,72213,685,1287,25818,
302.7076950714844,72213,684,1288,25818,
302.7101481244692,72213,683,1289,25818,
302.7127024450182,72213,683,1288,25819,
302.7238381382348,72213,683,1287,25820,
302.72693202646633,72213,683,1286,25821,
302.7325751323465,72213,683,1285,25822,
302.7330783452464,72213,682,1286,25822,
302.7364121086185,72213,682,1285,25823,
302.74020593939593,72212,683,1285,25823,
302.7410160009717,72212,683,1284,25824,
302.7479093552057,72212,683,1283,25825,
302.7612660169613,72211,684,1283,25825,
302.7627589126648,72211,683,1284,25825,
302.7645565605234,72211,683,1283,25826,
302.7659349896202,72211,682,1284,25826,
302.76599367575625,72211,681,1285,25826,
302.7670781074832,72211,681,1284,25827,
302.7700717808532,72210,682,1284,25827,
302.77107609853283,72210,681,1285,25827,
302.7743016748137,72209,682,1285,25827,
302.7760676020651,72209,682,1284,25828,
302.77808726795115,72209,682,1283,25829,
302.7899538102816,72209,682,1282,25830,
302.79164925364654,72209,682,1281,25831,
302.79195095303953,72208,683,1281,25831,
302.79358679676216,72208,683,1280,25832,
302.7948830927353,72208,683,1279,25833,
302.79582157292407,72208,682,1280,25833,
302.8039029680387,72208,682,1279,25834,
302.8041574012944,72208,681,1280,25834,
302.8152871542872,72208,680,1281,25834,
302.81531778937637,72208,680,1280,25835,
302.82573679622027,72207,681,1280,25835,
302.82735046705534,72206,682,1280,25835,
302.82757131441986,72206,681,1281,25835,
302.8293338648777,72206,680,1282,25835,
302.83035867564126,72205,681,1282,25835,
302.8331816944837,72204,682,1282,25835,
302.83482690324,72204,681,1283,25835,
302.8356185262959,72204,681,1282,25836,
302.8369800996451,72204,680,1283,25836,
302.8371423137167,72204,679,1284,25836,
302.8387799896971,72204,678,1285,25836,
302.84189100012463,72204,678,1284,25837,
302.8431286146411,72203,679,1284,25837,
302.8441599323148,72203,679,1283,25838,
302.8472854431006,72202,680,1283,25838,
302.84872666395233,72202,680,1282,25839,
302.84943007943247,72201,681,1282,25839,
302.85085033212823,72201,680,1283,25839,
302.8528555364472,72201,680,1282,25840,
302.85318216305836,72200,681,1282,25840,
302.85665815437727,72200,680,1283,25840,
302.857857714691,72200,680,1282,25841,
302.8587189690659,72199,681,1282,25841,
302.85924767056866,72199,680,1283,25841,
302.8635964807206,72198,681,1283,25841,
302.8644138795092,72198,680,1284,25841,
302.86910781829374,72197,681,1284,25841,
302.87734004422043,72197,680,1285,25841,
302.8781886414968,72196,681,1285,25841,
302.87828777748337,72195,682,1285,25841,
302.8798288676509,72194,683,1285,25841,
302.8805405100752,72193,684,1285,25841,
302.88122249129617,72193,684,1284,25842,
302.8812450777338,72193,683,1285,25842,
302.8863888160706,72193,683,1284,25843,
302.8896334226652,72192,684,1284,25843,
302.89513612763164,72192,684,1283,25844,
302.8999656897781,72192,683,1284,25844,
302.9035771581855,72192,682,1285,25844,
302.90582048774877,72191,683,1285,25844,
302.9061945732568,72191,683,1284,25845,
302.9094485645973,72191,683,1283,25846,
302.9121987236543,72191,682,1284,25846,
302.91321887743555,72191,681,1285,25846,
302.92075283925215,72191,681,1284,25847,
302.9227278552673,72190,682,1284,25847,
302.9237878928702,72189,683,1284,25847,
302.9261088328031,72189,682,1285,25847,
302.92747149321264,72189,681,1286,25847,
302.9296495668526,72189,681,1285,25848,
302.9307072480702,72189,681,1284,25849,
302.933616907119,72189,681,1283,25850,
302.93952188272846,72189,680,1284,25850,
302.9403644689691,72188,681,1284,25850,
302.94179577749884,72188,680,1285,25850,
302.94436985761945,72188,679,1286,25850,
302.9453689883523,72188,679,1285,25851,
302.94697291627085,72188,679,1284,25852,
302.9489662882953,72188,678,1285,25852,
302.9490420769534,72187,679,1285,25852,
302.9518053513123,72187,678,1286,25852,
302.95249494154035,72186,679,1286,25852,
302.95450933053354,72186,678,1287,25852,
302.95933200700586,72185,679,1287,25852,
302.96028448159643,72185,679,1286,25853,
302.960419505929,72185,679,1285,25854,
302.96306486607847,72185,679,1284,25855,
302.96322712696747,72185,679,1283,25856,
302.9634665422005,72185,679,1282,25857,
302.9651036309695,72184,680,1282,25857,
302.966632274647,72184,680,1281,25858,
302.9678057525183,72183,681,1281,25858,
302.96865173728173,72182,682,1281,25858,
302.9735032223471,72181,683,1281,25858,
302.9760498650689,72181,682,1282,25858,
302.9775079955672,72180,683,1282,25858,
302.9797646294877,72180,683,1281,25859,
302.9838703934765,72179,684,1281,25859,
302.9844037297368,72179,683,1282,25859,
302.98573497379823,72179,682,1283,25859,
302.98981250741167,72179,682,1282,25860,
302.98988370819325,72179,681,1283,25860,
302.9907028882628,72178,682,1283,25860,
302.9993712191757,72177,683,1283,25860,
303.00033584969157,72177,682,1284,25860,
303.0010811404953,72177,681,1285,25860,
303.0148565152603,72177,681,1284,25861,
303.0239213971986,72177,681,1283,25862,
303.0254503539786,72177,681,1282,25863,
303.0259357515624,72177,681,1281,25864,
303.026289958508,72177,680,1282,25864,
303.02723563026717,72177,680,1281,25865,
303.0288999987039,72177,680,1280,25866,
303.0313000645393,72177,680,1279,25867,
303.0315274931276,72177,680,1278,25868,
303.03365427386035,72177,679,1279,25868,
303.03860384159736,72177,679,1278,25869,
303.038691781561,72177,678,1279,25869,
303.042052116778,72176,679,1279,25869,
303.04371620226993,72175,680,1279,25869,
303.0460719329434,72175,680,1278,25870,
303.0494771815914,72175,680,1277,25871,
303.05604359760656,72175,679,1278,25871,
303.0651716821566,72175,678,1279,25871,
303.06611766943377,72174,679,1279,25871,
303.06900335370096,72174,679,1278,25872,
303.08165543318233,72174,679,1277,25873,
303.08313772764086,72174,679,1276,25874,
303.0849501908451,72173,680,1276,25874,
303.08646550121347,72173,679,1277,25874,
303.08724156412904,72173,678,1278,25874,
303.09514774842114,72173,677,1279,25874,
303.0959746778085,72172,678,1279,25874,
303.0982235821562,72172,678,1278,25875,
303.1009762165542,72172,678,1277,25876,
303.10118305306463,72171,679,1277,25876,
303.1042830601252,72171,679,1276,25877,
303.10601355984585,72170,680,1276,25877,
303.1069460996688,72170,680,1275,25878,
303.10826285318825,72169,681,1275,25878,
303.10888116533266,72169,681,1274,25879,
303.10931793078026,72169,680,1275,25879,
303.114936773054,72169,680,1274,25880,
303.11988176187504,72169,680,1273,25881,
303.1253972784906,72169,680,1272,25882,
303.1279132998298,72169,680,1271,25883,
303.1323961863354,72169,679,1272,25883,
303.1332579242386,72168,680,1272,25883,
303.1387582808606,72168,679,1273,25883,
303.13953305420915,72168,679,1272,25884,
303.1409765398738,72168,679,1271,25885,
303.1410123218301,72167,680,1271,25885,
303.14148233018096,72167,680,1270,25886,
303.14154272865886,72166,681,1270,25886,
303.14169945311363,72166,681,1269,25887,
303.1435986542395,72166,680,1270,25887,
303.1450612330431,72166,679,1271,25887,
303.14605456744596,72166,678,1272,25887,
303.14714363093697,72166,677,1273,25887,
303.15635521325726,72166,676,1274,25887,
303.16347091440576,72166,675,1275,25887,
303.16559336715335,72166,675,1274,25888,
303.1672037447187,72165,676,1274,25888,
303.16924596825766,72164,677,1274,25888,
303.1710777624536,72164,676,1275,25888,
303.1723457399594,72164,675,1276,25888,
303.1766479656099,72164,675,1275,25889,
303.18286733075195,72163,676,1275,25889,
303.1897471304236,72162,677,1275,25889,
303.19196946641284,72162,677,1274,25890,
303.1939632901408,72162,676,1275,25890,
303.19691891818593,72161,677,1275,25890,
303.20107867427794,72161,676,1276,25890,
303.2029764125273,72161,675,1277,25890,
303.2038602574891,72160,676,1277,25890,
303.20681763284585,72159,677,1277,25890,
303.2070944891838,72158,678,1277,25890,
303.2095519858133,72157,679,1277,25890,
303.2123900901304,72157,679,1276,25891,
303.21601298511433,72156,680,1276,25891,
303.21932653281175,72155,681,1276,25891,
303.2236845192237,72155,680,1277,25891,
303.22455068435806,72155,680,1276,25892,
303.2271127033393,72155,679,1277,25892,
303.22865300208247,72155,678,1278,25892,
303.2291435705158,72155,677,1279,25892,
303.22915118176286,72155,677,1278,25893,
303.22920476335963,72155,677,1277,25894,
303.2300111562515,72155,677,1276,25895,
303.2327720371342,72155,677,1275,25896,
303.23707484909374,72155,676,1276,25896,
303.2429147753964,72155,675,1277,25896,
303.248608927342,72155,674,1278,25896,
303.2491110608162,72155,673,1279,25896,
303.2515711437333,72154,674,1279,25896,
303.25319684979155,72153,675,1279,25896,
303.25388061415543,72153,674,1280,25896,
303.25433027096835,72153,674,1279,25897,
303.25504900885954,72153,673,1280,25897,
303.2612069683011,72152,674,1280,25897,
303.26405408000824,72152,674,1279,25898,
303.267433551897,72152,673,1280,25898,
303.2707350229802,72151,674,1280,25898,
303.2794063608199,72151,674,1279,25899,
303.2794401136617,72151,673,1280,25899,
303.28381362955236,72151,673,1279,25900,
303.28746757744045,72151,672,1280,25900,
303.2950119634976,72151,671,1281,25900,
303.296079545964,72151,671,1280,25901,
303.29687077452763,72151,671,1279,25902,
303.29778070108455,72151,670,1280,25902,
303.29854392813746,72150,671,1280,25902,
303.30241802145025,72150,671,1279,25903,
303.3056514339643,72149,672,1279,25903,
303.3072396659147,72149,671,1280,25903,
303.31552828186267,72149,671,1279,25904,
303.3163737908186,72149,670,1280,25904,
303.318578242722,72149,669,1281,25904,
303.31958299132805,72149,669,1280,25905,
303.31978419790767,72148,670,1280,25905,
303.32000899398315,72148,670,1279,25906,
303.32259570975634,72148,670,1278,25907,
303.32419888043415,72147,671,1278,25907,
303.32458068295,72146,672,1278,25907,
303.32813703104847,72146,671,1279,25907,
303.33524193406464,72146,670,1280,25907,
303.3370481559248,72146,670,1279,25908,
303.33920224178786,72145,671,1279,25908,
303.3398421924158,72144,672,1279,25908,
303.3401340988744,72143,673,1279,25908,
303.341022360906,72142,674,1279,25908,
303.3422668007512,72142,673,1280,25908,
303.34351168191847,72142,673,1279,25909,
303.3446191451048,72141,674,1279,25909,
303.34463554688466,72140,675,1279,25909,
303.3450009235877,72140,674,1280,25909,
303.34572520667604,72140,674,1279,25910,
303.34611093244126,72140,674,1278,25911,
303.34978729408317,72140,673,1279,25911,
303.3498706202676,72140,673,1278,25912,
303.3532623944775,72140,673,1277,25913,
303.3570079581641,72140,672,1278,25913,
303.3572912013665,72140,671,1279,25913,
303.35995040961797,72140,671,1278,25914,
303.3612756670376,72140,671,1277,25915,
303.361613560897,72140,671,1276,25916,
303.3645545956882,72140,671,1275,25917,
303.3656665640369,72139,672,1275,25917,
303.36579375133334,72139,671,1276,25917,
303.3666379930436,72139,671,1275,25918,
303.36783112352595,72139,671,1274,25919,
303.36809852823757,72139,670,1275,25919,
303.37329523361285,72139,670,1274,25920,
303.3804353730534,72139,669,1275,25920,
303.38173783325465,72138,670,1275,25920,
303.38275429699775,72138,670,1274,25921,
303.3838526024377,72137,671,1274,25921,
303.3846331175741,72136,672,1274,25921,
303.3904042954846,72135,673,1274,25921,
303.3927048833126,72135,673,1273,25922,
303.3943583817697,72135,673,1272,25923,
303.3952308644357,72135,673,1271,25924,
303.395972098729,72135,673,1270,25925,
303.40711078834227,72135,672,1271,25925,
303.4088064343797,72135,671,1272,25925,
303.409736321735,72135,670,1273,25925,
303.4124776625078,72135,669,1274,25925,
303.41394742557054,72135,669,1273,25926,
303.41790081752384,72134,670,1273,25926,
303.4192618074735,72133,671,1273,25926,
303.42004021593397,72133,670,1274,25926,
303.42178904362845,72132,671,1274,25926,
303.4220058077848,72132,671,1273,25927,
303.4243184652256,72132,671,1272,25928,
303.43236300960234,72132,671,1271,25929,
303.4333294925301,72132,671,1270,25930,
303.4351957322426,72131,672,1270,25930,
303.4358105825876,72131,672,1269,25931,
303.43713431571496,72131,672,1268,25932,
303.4387346682067,72131,671,1269,25932,
303.43907893358886,72131,670,1270,25932,
303.4440459361255,72131,670,1269,25933,
303.4495240121316,72130,671,1269,25933,
303.45021754778213,72130,671,1268,25934,
303.4523007776613,72129,672,1268,25934,
303.45255135180406,72128,673,1268,25934,
303.4572408035684,72128,673,1267,25935,
303.45736072666443,72128,673,1266,25936,
303.4590176982578,72128,673,1265,25937,
303.45936958923437,72128,673,1264,25938,
303.4617842502176,72128,673,1263,25939,
303.4624226325754,72128,673,1262,25940,
303.4630307017076,72128,672,1263,25940,
303.46320368827986,72128,671,1264,25940,
303.4632763599492,72128,670,1265,25940,
303.46358915938515,72127,671,1265,25940,
303.46815766687877,72127,670,1266,25940,
303.4681674373004,72127,669,1267,25940,
303.47176799986875,72127,669,1266,25941,
303.4729472058282,72127,668,1267,25941,
303.477343672901,72127,668,1266,25942,
303.47927884493805,72126,669,1266,25942,
303.48213148835833,72125,670,1266,25942,
303.4842025854814,72124,671,1266,25942,
303.4851517228585,72124,671,1265,25943,
303.48532461544613,72124,670,1266,25943,
303.4869306527743,72124,669,1267,25943,
303.4881575533058,72124,669,1266,25944,
303.49221367304705,72124,669,1265,25945,
303.492855512389,72124,668,1266,25945,
303.497160396924,72124,667,1267,25945,
303.49823168719945,72123,668,1267,25945,
303.4985314866238,72122,669,1267,25945,
303.49995787823633,72122,669,1266,25946,
303.5009632950817,72122,669,1265,25947,
303.50169580696183,72122,669,1264,25948,
303.50294866931733,72121,670,1264,25948,
303.50636779698146,72120,671,1264,25948,
303.5069238958524,72119,672,1264,25948,
303.5087546925321,72119,671,1265,25948,
303.5101089316153,72118,672,1265,25948,
303.5120749921284,72118,672,1264,25949,
303.52664280144154,72118,672,1263,25950,
303.5267303882513,72117,673,1263,25950,
303.52814177027193,72117,672,1264,25950,
303.5290001154091,72117,672,1263,25951,
303.5326871287216,72117,672,1262,25952,
303.53436346094264,72117,671,1263,25952,
303.53443269418045,72116,672,1263,25952,
303.5392685656008,72116,671,1264,25952,
303.5418004100167,72116,671,1263,25953,
303.54709425385585,72116,671,1262,25954,
303.54808515276244,72116,670,1263,25954,
303.5570462717943,72115,671,1263,25954,
303.56650570554973,72115,670,1264,25954,
303.570218078061,72115,670,1263,25955,
303.5749441672677,72115,670,1262,25956,
303.5764468264585,72115,670,1261,25957,
303.5769086086094,72114,671,1261,25957,
303.57866438764887,72114,670,1262,25957,
303.5789816564623,72114,670,1261,25958,
303.57956678989535,72114,670,1260,25959,
303.5819348739076,72114,670,1259,25960,
303.58784078409946,72114,670,1258,25961,
303.5879501587006,72113,671,1258,25961,
303.5898854726473,72113,670,1259,25961,
303.5919317374432,72113,670,1258,25962,
303.59348780911927,72113,670,1257,25963,
303.59410780837663,72112,671,1257,25963,
303.59621874665766,72111,672,1257,25963,
303.59808054387656,72110,673,1257,25963,
303.6031810154873,72110,672,1258,25963,
303.60328525340896,72110,672,1257,25964,
303.6060136626267,72110,671,1258,25964,
303.6062993571628,72110,671,1257,25965,
303.6100220929653,72110,670,1258,25965,
303.6130814421333,72110,670,1257,25966,
303.61952773399025,72109,671,1257,25966,
303.6286499856964,72109,670,1258,25966,
303.62940871405544,72109,670,1257,25967,
303.6300130401071,72109,669,1258,25967,
303.6323040981107,72109,668,1259,25967,
303.6329860686131,72109,667,1260,25967,
303.63656456061983,72109,666,1261,25967,
303.6409422440338,72108,667,1261,25967,
303.6410374162429,72107,668,1261,25967,
303.64155232765904,72107,667,1262,25967,
303.6443277632544,72106,668,1262,25967,
303.6458439847365,72105,669,1262,25967,
303.6490956970167,72105,668,1263,25967,
303.65094237840805,72105,667,1264,25967,
303.65296739681776,72104,668,1264,25967,
303.6533987879402,72104,668,1263,25968,
303.65417170070134,72104,668,1262,25969,
303.65438303673176,72104,667,1263,25969,
303.65478541252946,72103,668,1263,25969,
303.65775669996583,72103,668,1262,25970,
303.65930085510246,72103,668,1261,25971,
303.6611590798635,72103,668,1260,25972,
303.66194374239865,72102,669,1260,25972,
303.6619938727958,72102,669,1259,25973,
303.6727849148043,72101,670,1259,25973,
303.6734448968003,72101,669,1260,25973,
303.67415996088096,72100,670,1260,25973,
303.6747652258827,72099,671,1260,25973,
303.67585092980863,72099,670,1261,25973,
303.6763485673995,72099,669,1262,25973,
303.67710505385713,72099,669,1261,25974,
303.6789406626843,72099,669,1260,25975,
303.68223311155566,72098,670,1260,25975,
303.68289981868816,72098,670,1259,25976,
303.68604968599226,72098,670,1258,25977,
303.68687764336113,72098,669,1259,25977,
303.68797767176346,72098,668,1260,25977,
303.69016086079745,72098,668,1259,25978,
303.69370850145725,72097,669,1259,25978,
303.6946429455067,72096,670,1259,25978,
303.6957836706774,72096,670,1258,25979,
303.6980229911075,72096,669,1259,25979,
303.6999001381789,72095,670,1259,25979,
303.7021078087633,72095,669,1260,25979,
303.7043255686107,72095,669,1259,25980,
303.70660771471523,72095,668,1260,25980,
303.70689684815903,72094,669,1260,25980,
303.71161729038465,72094,669,1259,25981,
303.7123476656491,72094,668,1260,25981,
303.71596681011704,72093,669,1260,25981,
303.71821299102163,72093,669,1259,25982,
303.7220622211016,72092,670,1259,25982,
303.72658079803335,72092,669,1260,25982,
303.72795479594,72092,668,1261,25982,
303.73048406560775,72091,669,1261,25982,
303.7331903069479,72090,670,1261,25982,
303.7353418858156,72089,671,1261,25982,
303.73688816500623,72089,671,1260,25983,
303.74079507609036,72089,670,1261,25983,
303.7408936935628,72088,671,1261,25983,
303.74303625345925,72088,670,1262,25983,
303.7478018158939,72088,670,1261,25984,
303.7487354734356,72088,670,1260,25985,
303.7510692754421,72087,671,1260,25985,
303.7578192862083,72087,671,1259,25986,
303.75915767489204,72087,671,1258,25987,
303.7641564808859,72087,671,1257,25988,
303.76593622997495,72087,671,1256,25989,
303.76759496482845,72087,670,1257,25989,
303.7757309150475,72086,671,1257,25989,
303.77847011840834,72085,672,1257,25989,
303.7833879071605,72085,672,1256,25990,
303.78537907459395,72085,671,1257,25990,
303.7875904214302,72084,672,1257,25990,
303.78789197220016,72084,672,1256,25991,
303.7898570366429,72084,672,1255,25992,
303.7956713459896,72084,672,1254,25993,
303.7962537597257,72083,673,1254,25993,
303.81068617926485,72082,674,1254,25993,
303.8122313335926,72082,673,1255,25993,
303.81288429904095,72082,672,1256,25993,
303.81739434325254,72082,671,1257,25993,
303.8176430655733,72082,670,1258,25993,
303.81973682258194,72082,669,1259,25993,
303.82556767447574,72082,668,1260,25993,
303.8295362186525,72082,668,1259,25994,
303.83024168217287,72081,669,1259,25994,
303.8314206548859,72080,670,1259,25994,
303.83826555031834,72079,671,1259,25994,
303.84061699226856,72079,671,1258,25995,
303.8415655921984,72079,671,1257,25996,
303.8418934066806,72079,671,1256,25997,
303.84383694697584,72079,670,1257,25997,
303.8519236122221,72079,669,1258,25997,
303.8522125337093,72079,669,1257,25998,
303.85313374251336,72078,670,1257,25998,
303.85762496570845,72078,669,1258,25998,
303.8584727490043,72077,670,1258,25998,
303.8635920571976,72076,671,1258,25998,
303.8652072673552,72076,671,1257,25999,
303.8701200768184,72076,670,1258,25999,
303.87215029216554,72075,671,1258,25999,
303.8737389266423,72075,670,1259,25999,
303.8825408527808,72075,669,1260,25999,
303.88259138372234,72075,669,1259,26000,
303.88416224730463,72075,669,1258,26001,
303.88984346617394,72074,670,1258,26001,
303.8923439174997,72074,669,1259,26001,
303.8995194121076,72074,669,1258,26002,
303.9024744006268,72074,668,1259,26002,
303.9065659857769,72074,668,1258,26003,
303.9110351241802,72073,669,1258,26003,
303.9112567221908,72073,669,1257,26004,
303.9121481677209,72073,669,1256,26005,
303.91849183274127,72073,669,1255,26006,
303.9201068502239,72073,668,1256,26006,
303.9228265199097,72072,669,1256,26006,
303.9260357644247,72071,670,1256,26006,
303.92730906647444,72071,669,1257,26006,
303.92982568792695,72070,670,1257,26006,
303.93345311087563,72070,670,1256,26007,
303.935070659194,72070,670,1255,26008,
303.93683705326964,72070,670,1254,26009,
303.93918601149886,72069,671,1254,26009,
303.9399616567099,72069,670,1255,26009,
303.9451023672068,72068,671,1255,26009,
303.9452139463953,72068,671,1254,26010,
303.94589932700575,72068,671,1253,26011,
303.9505179230592,72068,671,1252,26012,
303.9508372719891,72068,670,1253,26012,
303.9532933060478,72068,670,1252,26013,
303.9563856161948,72068,670,1251,26014,
303.9618492931267,72068,669,1252,26014,
303.96202966214594,72068,669,1251,26015,
303.97902574682644,72067,670,1251,26015,
303.97945833450956,72067,670,1250,26016,
303.981201969299,72067,670,1249,26017,
303.98247973585654,72067,670,1248,26018,
303.98416263419017,72067,670,1247,26019,
303.98651406685644,72066,671,1247,26019,
303.98677528964276,72066,671,1246,26020,
303.9875349672193,72066,670,1247,26020,
303.98891473886084,72066,670,1246,26021,
303.9958704890667,72066,670,1245,26022,
303.9977853821672,72066,670,1244,26023,
303.99951876577023,72066,669,1245,26023,
303.9999086029967,72066,668,1246,26023,
304.0008909122269,72066,668,1245,26024,
304.00151575066735,72065,669,1245,26024,
304.0022408621986,72065,669,1244,26025,
304.0081568951176,72065,668,1245,26025,
304.0103765143259,72064,669,1245,26025,
304.0151274723781,72064,668,1246,26025,
304.01557310823114,72063,669,1246,26025,
304.0228456630151,72062,670,1246,26025,
304.0238131974096,72061,671,1246,26025,
304.02466601293355,72061,670,1247,26025,
304.02702595288673,72060,671,1247,26025,
304.02892552047103,72060,671,1246,26026,
304.0375197867057,72060,670,1247,26026,
304.0442932970043,72059,671,1247,26026,
304.0475826556549,72059,670,1248,26026,
304.0493711568543,72059,670,1247,26027,
304.0498788714065,72059,669,1248,26027,
304.0510606233656,72059,669,1247,26028,
304.05944127927194,72059,668,1248,26028,
304.0605394329238,72059,667,1249,26028,
304.063859845446,72059,666,1250,26028,
304.07107712138895,72059,665,1251,26028,
304.0776092308735,72059,664,1252,26028,
304.0788272944105,72059,664,1251,26029,
304.07928926292345,72059,664,1250,26030,
304.08019430302727,72059,663,1251,26030,
304.0809633637412,72059,663,1250,26031,
304.0879456645533,72059,662,1251,26031,
304.0906063558813,72059,662,1250,26032,
304.0921056583029,72058,663,1250,26032,
304.0966272625652,72058,663,1249,26033,
304.1007528088654,72058,662,1250,26033,
304.1018195170862,72057,663,1250,26033,
304.1028642840609,72056,664,1250,26033,
304.10289765516694,72056,664,1249,26034,
304.10522693040895,72056,664,1248,26035,
304.10944939556634,72056,663,1249,26035,
304.1108889112589,72055,664,1249,26035,
304.11173597986306,72054,665,1249,26035,
304.11307208999415,72054,665,1248,26036,
304.1139509313127,72054,664,1249,26036,
304.11496893930274,72054,664,1248,26037,
304.11827468992794,72053,665,1248,26037,
304.12085658878,72052,666,1248,26037,
304.1225412752765,72051,667,1248,26037,
304.12380242117257,72051,667,1247,26038,
304.1260997381444,72050,668,1247,26038,
304.12755614447235,72049,669,1247,26038,
304.1278634384014,72049,668,1248,26038,
304.1292331968346,72049,667,1249,26038,
304.1299356860817,72049,667,1248,26039,
304.1315568792446,72049,667,1247,26040,
304.133077844741,72048,668,1247,26040,
304.14087051112193,72048,668,1246,26041,
304.14130925106264,72048,667,1247,26041,
304.1428587237359,72048,666,1248,26041,
304.1429351664953,72048,665,1249,26041,
304.147276732429,72048,664,1250,26041,
304.1518138603466,72047,665,1250,26041,
304.15397827233176,72047,664,1251,26041,
304.1545572966826,72047,663,1252,26041,
304.1574475091712,72047,662,1253,26041,
304.1604270178242,72046,663,1253,26041,
304.16242502999233,72045,664,1253,26041,
304.1703277635918,72045,664,1252,26042,
304.17127966881634,72045,663,1253,26042,
304.17464421741386,72045,663,1252,26043,
304.17516123983654,72045,662,1253,26043,
304.175859907339,72044,663,1253,26043,
304.1784609516786,72044,663,1252,26044,
304.17910047351666,72044,663,1251,26045,
304.1814060871979,72044,662,1252,26045,
304.18265977065573,72044,662,1251,26046,
304.1845994593665,72044,662,1250,26047,
304.18867578140186,72044,662,1249,26048,
304.18996775138464,72044,661,1250,26048,
304.1906750499726,72044,661,1249,26049,
304.19185740762464,72044,660,1250,26049,
304.19611849936183,72043,661,1250,26049,
304.1983401346624,72043,661,1249,26050,
304.2025415891795,72043,661,1248,26051,
304.2034858147567,72043,660,1249,26051,
304.20677345048904,72042,661,1249,26051,
304.2081354895515,72042,661,1248,26052,
304.2088891474974,72042,660,1249,26052,
304.2109967354897,72042,660,1248,26053,
304.21685289699013,72042,659,1249,26053,
304.22443947823893,72042,658,1250,26053,
304.2333221922154,72042,657,1251,26053,
304.2338616913468,72042,656,1252,26053,
304.23752602060495,72042,656,1251,26054,
304.23756734640807,72042,655,1252,26054,
304.24008470151443,72041,656,1252,26054,
304.2419914059557,72041,656,1251,26055,
304.2453851204251,72041,655,1252,26055,
304.25604670273265,72041,654,1253,26055,
304.2560544663467,72041,653,1254,26055,
304.25712072368685,72041,653,1253,26056,
304.25849921404205,72041,652,1254,26056,
304.2608675232212,72041,652,1253,26057,
304.2676855398996,72041,652,1252,26058,
304.2690013381248,72041,652,1251,26059,
304.26943154161063,72041,652,1250,26060,
304.2696423272608,72041,651,1251,26060,
304.2755459189143,72040,652,1251,26060,
304.27975142212176,72040,651,1252,26060,
304.28121092750035,72039,652,1252,26060,
304.2812420335513,72039,651,1253,26060,
304.2821482572722,72038,652,1253,26060,
304.28319545289315,72038,652,1252,26061,
304.28327096978467,72037,653,1252,26061,
304.2843946112512,72037,653,1251,26062,
304.2953775757793,72036,654,1251,26062,
304.295457393132,72036,654,1250,26063,
304.2966687458003,72035,655,1250,26063,
304.2971685927778,72034,656,1250,26063,
304.30206025532914,72034,656,1249,26064,
304.30389335961877,72034,656,1248,26065,
304.3068416147629,72034,656,1247,26066,
304.3089452336241,72033,657,1247,26066,
304.30916133788526,72033,657,1246,26067,
304.3160270563075,72033,657,1245,26068,
304.31924153428986,72033,657,1244,26069,
304.32206323960105,72033,657,1243,26070,
304.32406512720235,72032,658,1243,26070,
304.3251991179953,72031,659,1243,26070,
304.32922195258266,72030,660,1243,26070,
304.32968037114165,72029,661,1243,26070,
304.33126745071513,72029,661,1242,26071,
304.3333528450798,72028,662,1242,26071,
304.3427673063262,72028,661,1243,26071,
304.3466523186097,72028,661,1242,26072,
304.34668086260143,72028,661,1241,26073,
304.3513316761352,72027,662,1241,26073,
304.35241625660746,72027,662,1240,26074,
304.3539786972221,72026,663,1240,26074,
304.356376930599,72026,662,1241,26074,
304.3569223249064,72025,663,1241,26074,
304.3608777932435,72025,663,1240,26075,
304.3622184250067,72025,663,1239,26076,
304.36225269368475,72025,663,1238,26077,
304.3628857934183,72025,662,1239,26077,
304.3647209271026,72025,662,1238,26078,
304.3656300389174,72025,661,1239,26078,
304.36929431603255,72025,661,1238,26079,
304.374586248066,72024,662,1238,26079,
304.37797241034565,72024,661,1239,26079,
304.38057085349243,72024,660,1240,26079,
304.38110661266666,72024,660,1239,26080,
304.3938113734748,72023,661,1239,26080,
304.3992340352576,72023,660,1240,26080,
304.3996523117965,72022,661,1240,26080,
304.40316806584786,72021,662,1240,26080,
304.4055771219008,72021,661,1241,26080,
304.40926392984534,72021,661,1240,26081,
304.4097533323886,72021,661,1239,26082,
304.4172617547686,72021,660,1240,26082,
304.4259162351016,72021,659,1241,26082,
304.4264071440445,72020,660,1241,26082,
304.4270389771603,72020,660,1240,26083,
304.42741885164617,72019,661,1240,26083,
304.4337094947852,72019,661,1239,26084,
304.43395524344834,72019,661,1238,26085,
304.43484216970717,72019,661,1237,26086,
304.4387752250757,72018,662,1237,26086,
304.4424159619843,72018,662,1236,26087,
304.4427753261044,72018,662,1235,26088,
304.4449928207754,72017,663,1235,26088,
304.4462122796062,72016,664,1235,26088,
304.45217608666496,72015,665,1235,26088,
304.45587848175705,72014,666,1235,26088,
304.4579992701151,72014,665,1236,26088,
304.45815836380604,72014,664,1237,26088,
304.45911737054666,72014,664,1236,26089,
304.4595387073874,72014,664,1235,26090,
304.46175337098316,72014,663,1236,26090,
304.4637828713665,72014,662,1237,26090,
304.46437898061095,72013,663,1237,26090,
304.46667526117216,72013,663,1236,26091,
304.4668470235762,72013,662,1237,26091,
304.4669525155631,72013,661,1238,26091,
304.4701765721425,72013,660,1239,26091,
304.4711817163462,72013,660,1238,26092,
304.472114362043,72012,661,1238,26092,
304.4736646567073,72011,662,1238,26092,
304.4791835214701,72011,661,1239,26092,
304.4806966469061,72011,660,1240,26092,
304.486824880871,72011,659,1241,26092,
304.4875818549029,72011,659,1240,26093,
304.4896896978527,72010,660,1240,26093,
304.49099836314167,72010,659,1241,26093,
304.4912943346369,72010,659,1240,26094,
304.49448688803443,72010,658,1241,26094,
304.49682683704475,72010,657,1242,26094,
304.499447024711,72010,656,1243,26094,
304.50202151491476,72010,655,1244,26094,
304.50423862761176,72009,656,1244,26094,
304.50476721053263,72009,656,1243,26095,
304.51481669145767,72009,656,1242,26096,
304.5179013570699,72008,657,1242,26096,
304.52387860409834,72008,657,1241,26097,
304.52890300439697,72008,656,1242,26097,
304.53120288329995,72008,655,1243,26097,
304.5320332324697,72008,654,1244,26097,
304.5325102449199,72008,654,1243,26098,
304.53255593550625,72008,653,1244,26098,
304.5340124505175,72007,654,1244,26098,
304.53472592854916,72006,655,1244,26098,
304.5355400585246,72006,654,1245,26098,
304.53798239439885,72006,654,1244,26099,
304.53808048780036,72006,654,1243,26100,
304.5439376436261,72006,654,1242,26101,
304.54489996095094,72005,655,1242,26101,
304.54967928792183,72004,656,1242,26101,
304.55094585481976,72004,655,1243,26101,
304.55169378252816,72003,656,1243,26101,
304.55905392371034,72002,657,1243,26101,
304.56100330083206,72002,656,1244,26101,
304.5678788724336,72002,655,1245,26101,
304.57102786561614,72002,655,1244,26102,
304.57300802157806,72002,655,1243,26103,
304.5735354878489,72002,655,1242,26104,
304.57359779411024,72001,656,1242,26104,
304.57473894937567,72001,656,1241,26105,
304.57693485654386,72001,655,1242,26105,
304.57779550369133,72001,655,1241,26106,
304.5902101600496,72000,656,1241,26106,
304.5940359805636,72000,655,1242,26106,
304.59688778858623,71999,656,1242,26106,
304.598996327508,71999,655,1243,26106,
304.6013713188443,71999,654,1244,26106,
304.60549625587987,71999,654,1243,26107,
304.6057535468375,71998,655,1243,26107,
304.6111589803974,71998,654,1244,26107,
304.6118859886876,71998,653,1245,26107,
304.6186804561856,71998,653,1244,26108,
304.62443422081515,71998,652,1245,26108,
304.6247107805574,71997,653,1245,26108,
304.62626557674025,71997,653,1244,26109,
304.63306006491365,71997,652,1245,26109,
304.6345722188255,71997,652,1244,26110,
304.64045471474464,71996,653,1244,26110,
304.640703115972,71996,652,1245,26110,
304.6419303786131,71996,651,1246,26110,
304.64840173676174,71996,651,1245,26111,
304.65174207293177,71995,652,1245,26111,
304.65658056491867,71995,651,1246,26111,
304.65823275357167,71995,651,1245,26112,
304.65937277605457,71995,651,1244,26113,
304.6594166937006,71995,651,1243,26114,
304.66415571525744,71995,650,1244,26114,
304.67189075416695,71995,650,1243,26115,
304.67359052190835,71995,649,1244,26115,
304.6787467317854,71995,648,1245,26115,
304.67976979106345,71994,649,1245,26115,
304.68258531503426,71994,649,1244,26116,
304.68326582353427,71994,648,1245,26116,
304.6859812697214,71994,648,1244,26117,
304.689949776229,71993,649,1244,26117,
304.69026297413467,71993,649,1243,26118,
304.6962576654457,71993,648,1244,26118,
304.6967750201701,71992,649,1244,26118,
304.6977600427386,71992,648,1245,26118,
304.698103544713,71992,647,1246,26118,
304.701910610191,71991,648,1246,26118,
304.7025815881997,71991,647,1247,26118,
304.7030075050328,71991,646,1248,26118,
304.7147108053534,71991,646,1247,26119,
304.7183202788091,71991,645,1248,26119,
304.7203628008408,71991,645,1247,26120,
304.72330936445934,71991,644,1248,26120,
304.7247246224704,71991,644,1247,26121,
304.72636181522824,71991,643,1248,26121,
304.72641045568486,71991,643,1247,26122,
304.7329778455105,71991,642,1248,26122,
304.73312723220755,71990,643,1248,26122,
304.7340024843589,71989,644,1248,26122,
304.739842458291,71989,644,1247,26123,
304.7403357952322,71989,644,1246,26124,
304.74362776961254,71989,643,1247,26124,
304.7460978115085,71988,644,1247,26124,
304.7529279757963,71987,645,1247,26124,
304.7554073869161,71987,645,1246,26125,
304.76031616490303,71987,644,1247,26125,
304.761807189752,71986,645,1247,26125,
304.7619197968413,71986,645,1246,26126,
304.7682010318034,71986,645,1245,26127,
304.7702998426789,71985,646,1245,26127,
304.770394737568,71985,646,1244,26128,
304.77103922374937,71985,646,1243,26129,
304.7717888529557,71985,645,1244,26129,
304.77588625989495,71985,644,1245,26129,
304.77745026940926,71985,644,1244,26130,
304.7784770642545,71985,643,1245,26130,
304.78001522844005,71985,642,1246,26130,
304.78290749473837,71984,643,1246,26130,
304.791799784167,71984,642,1247,26130,
304.79310998846415,71983,643,1247,26130,
304.7957856036714,71983,643,1246,26131,
304.7974806856498,71983,643,1245,26132,
304.8061085002297,71983,643,1244,26133,
304.80722626119245,71983,642,1245,26133,
304.81239751127305,71982,643,1245,26133,
304.81270240269515,71981,644,1245,26133,
304.81541670609846,71981,644,1244,26134,
304.8174592093856,71980,645,1244,26134,
304.8197613433017,71980,644,1245,26134,
304.8200212555683,71979,645,1245,26134,
304.82152234224725,71979,644,1246,26134,
304.82386995148926,71978,645,1246,26134,
304.82508268481354,71978,645,1245,26135,
304.826847996761,71977,646,1245,26135,
304.8350790204112,71977,646,1244,26136,
304.8354586820618,71977,645,1245,26136,
304.85015607317683,71977,645,1244,26137,
304.8625706132315,71977,645,1243,26138,
304.8651541168578,71977,644,1244,26138,
304.8652032469952,71977,643,1245,26138,
304.8694483652061,71976,644,1245,26138,
304.87273348523814,71976,643,1246,26138,
304.87290211254606,71975,644,1246,26138,
304.8731294073462,71975,644,1245,26139,
304.8776338639368,71975,644,1244,26140,
304.8780111519922,71975,644,1243,26141,
304.8788387957836,71975,644,1242,26142,
304.88106738571554,71975,643,1243,26142,
304.88544544142707,71975,643,1242,26143,
304.88654583037044,71974,644,1242,26143,
304.88923384927637,71973,645,1242,26143,
304.8911539723113,71973,645,1241,26144,
304.8974788983983,71973,644,1242,26144,
304.90133516636183,71972,645,1242,26144,
304.90200715312443,71971,646,1242,26144,
304.9047068948754,71971,646,1241,26145,
304.9047861644931,71971,645,1242,26145,
304.9074654867305,71971,645,1241,26146,
304.91056130022173,71970,646,1241,26146,
304.91199144168763,71969,647,1241,26146,
304.9160730306035,71969,646,1242,26146,
304.92406031285714,71969,646,1241,26147,
304.927090606034,71969,645,1242,26147,
304.92838323769627,71969,644,1243,26147,
304.9312027477833,71969,644,1242,26148,
304.9360177954587,71969,643,1243,26148,
304.9384633925214,71968,644,1243,26148,
304.944485852768,71968,643,1244,26148,
304.94516909246056,71967,644,1244,26148,
304.9458231699088,71967,643,1245,26148,
304.9482965149515,71966,644,1245,26148,
304.9491738894292,71965,645,1245,26148,
304.9495435328488,71965,645,1244,26149,
304.95141856619654,71965,645,1243,26150,
304.9514786388388,71964,646,1243,26150,
304.95198881625674,71964,646,1242,26151,
304.95289711599764,71963,647,1242,26151,
304.95715705298295,71963,646,1243,26151,
304.95760525427926,71963,646,1242,26152,
304.95932902688384,71963,646,1241,26153,
304.96285280101466,71962,647,1241,26153,
304.96611435839077,71961,648,1241,26153,
304.9661633385116,71961,648,1240,26154,
304.96712333504576,71961,648,1239,26155,
304.9672300904562,71961,647,1240,26155,
304.9673210167048,71961,647,1239,26156,
304.9676119111708,71961,646,1240,26156,
304.9678779876904,71961,645,1241,26156,
304.9691044388826,71961,644,1242,26156,
304.9693146116192,71960,645,1242,26156,
304.97030456758307,71959,646,1242,26156,
304.97386124836356,71958,647,1242,26156,
304.97540848659804,71958,646,1243,26156,
304.9769201623208,71958,645,1244,26156,
304.98144691952615,71957,646,1244,26156,
304.98328596051647,71957,646,1243,26157,
304.9845312932119,71957,646,1242,26158,
304.986795001979,71956,647,1242,26158,
305.0004787002641,71955,648,1242,26158,
305.0094715837356,71954,649,1242,26158,
305.01044278557424,71954,648,1243,26158,
305.010762759948,71954,648,1242,26159,
305.0201116941686,71954,648,1241,26160,
305.0204831588361,71954,648,1240,26161,
305.0212723539209,71954,647,1241,26161,
305.0239342688514,71954,647,1240,26162,
305.02544819542015,71954,647,1239,26163,
305.02895955744555,71953,648,1239,26163,
305.0300385655814,71953,648,1238,26164,
305.0301075857911,71952,649,1238,26164,
305.0312778031285,71952,649,1237,26165,
305.0337090532103,71952,649,1236,26166,
305.03380167450655,71951,650,1236,26166,
305.0409088613812,71950,651,1236,26166,
305.04274678193315,71950,651,1235,26167,
305.04333628641984,71950,651,1234,26168,
305.0474358023368,71950,651,1233,26169,
305.05250749488675,71950,650,1234,26169,
305.05449732026983,71950,650,1233,26170,
305.063141009385,71949,651,1233,26170,
305.0653043327141,71948,652,1233,26170,
305.06945815879095,71948,652,1232,26171,
305.07242142528656,71948,652,1231,26172,
305.07373419788667,71948,652,1230,26173,
305.07438643905704,71948,652,1229,26174,
305.07694004042054,71947,653,1229,26174,
305.0773042236251,71946,654,1229,26174,
305.0778140774197,71945,655,1229,26174,
305.07894704471494,71944,656,1229,26174,
305.08013760537096,71943,657,1229,26174,
305.0806235017562,71943,657,1228,26175,
305.0812782723362,71943,656,1229,26175,
305.0878326919983,71943,655,1230,26175,
305.0886149885326,71942,656,1230,26175,
305.088678631585,71942,655,1231,26175,
305.0942430462362,71942,655,1230,26176,
305.097709042144,71942,655,1229,26177,
305.1016503113199,71942,655,1228,26178,
305.1028679474513,71941,656,1228,26178,
305.10332483547563,71941,656,1227,26179,
305.1035096840114,71941,656,1226,26180,
305.10509058273857,71941,656,1225,26181,
305.107126668172,71941,655,1226,26181,
305.1094537576376,71941,654,1227,26181,
305.11483988174894,71940,655,1227,26181,
305.1190161952049,71940,655,1226,26182,
305.11945888712137,71939,656,1226,26182,
305.12260318759274,71939,655,1227,26182,
305.12325227300767,71938,656,1227,26182,
305.1258291244157,71938,656,1226,26183,
305.1340733918194,71938,655,1227,26183,
305.13421080980925,71938,655,1226,26184,
305.14351800412504,71938,655,1225,26185,
305.148637773907,71938,655,1224,26186,
305.15043393858264,71938,654,1225,26186,
305.1541593192562,71938,653,1226,26186,
305.1565355061538,71938,653,1225,26187,
305.1579316154292,71938,653,1224,26188,
305.16159119558415,71938,653,1223,26189,
305.16258530619945,71938,653,1222,26190,
305.1656271081362,71938,653,1221,26191,
305.16574069442095,71937,654,1221,26191,
305.16633622432914,71936,655,1221,26191,
305.16996653842256,71936,655,1220,26192,
305.1723894453127,71935,656,1220,26192,
305.1771843549668,71935,655,1221,26192,
305.18119574339954,71935,655,1220,26193,
305.1848535067568,71935,655,1219,26194,
305.18663271216406,71935,654,1220,26194,
305.18664805022485,71934,655,1220,26194,
305.18687190384594,71934,655,1219,26195,
305.1887586709876,71934,655,1218,26196,
305.1887614374034,71933,656,1218,26196,
305.19402910157646,71933,656,1217,26197,
305.20050853297334,71933,656,1216,26198,
305.2006113028399,71933,655,1217,26198,
305.2026218444654,71933,655,1216,26199,
305.20455703053193,71933,654,1217,26199,
305.20625386049,71933,654,1216,26200,
305.20933801667746,71932,655,1216,26200,
305.20934211285373,71932,655,1215,26201,
305.20945628292867,71932,654,1216,26201,
305.2094834594497,71931,655,1216,26201,
305.2117595384773,71931,655,1215,26202,
305.2138457647744,71931,655,1214,26203,
305.21439771077513,71931,655,1213,26204,
305.21687416265337,71931,655,1212,26205,
305.21862516084377,71931,655,1211,26206,
305.2198803652314,71931,655,1210,26207,
305.22208618947235,71931,655,1209,26208,
305.2278194206779,71931,655,1208,26209,
305.2281152728086,71931,655,1207,26210,
305.2300844880102,71931,654,1208,26210,
305.2358029730998,71931,654,1207,26211,
305.2380612406938,71931,653,1208,26211,
305.24171681324873,71931,653,1207,26212,
305.2465919840685,71930,654,1207,26212,
305.24870924781357,71930,654,1206,26213,
305.2507975344877,71930,653,1207,26213,
305.2530709587271,71930,652,1208,26213,
305.2539193496408,71930,651,1209,26213,
305.2604580149147,71930,650,1210,26213,
305.261279271698,71929,651,1210,26213,
305.2727788608234,71929,650,1211,26213,
305.27717593803004,71928,651,1211,26213,
305.2813972502982,71928,651,1210,26214,
305.2834874414338,71927,652,1210,26214,
305.28406717344427,71927,651,1211,26214,
305.28433983170885,71927,650,1212,26214,
305.2922798488264,71926,651,1212,26214,
305.2930511309527,71925,652,1212,26214,
305.2932978670216,71925,651,1213,26214,
305.29382712581685,71925,651,1212,26215,
305.2952629091791,71925,651,1211,26216,
305.2964145273799,71925,650,1212,26216,
305.2970913167112,71924,651,1212,26216,
305.2991301625448,71923,652,1212,26216,
305.29993034226385,71922,653,1212,26216,
305.3016987607302,71921,654,1212,26216,
305.30313537921774,71920,655,1212,26216,
305.30571161690733,71920,655,1211,26217,
305.3066802907528,71919,656,1211,26217,
305.31108010049496,71919,655,1212,26217,
305.31245279765756,71918,656,1212,26217,
305.3167232841711,71918,656,1211,26218,
305.3173693867741,71918,655,1212,26218,
305.3190897101459,71918,654,1213,26218,
305.3196717207512,71918,653,1214,26218,
305.32236954025115,71918,652,1215,26218,
305.3234554209224,71917,653,1215,26218,
305.32988724863856,71917,652,1216,26218,
305.3353816794427,71917,651,1217,26218,
305.3383553850159,71917,650,1218,26218,
305.3397039994993,71917,650,1217,26219,
305.34041807467395,71917,650,1216,26220,
305.35501401676754,71917,650,1215,26221,
305.3555152803993,71917,649,1216,26221,
305.3569991810743,71917,649,1215,26222,
305.3580174929768,71917,648,1216,26222,
305.3599520501049,71917,648,1215,26223,
305.3621189537795,71917,648,1214,26224,
305.36303486544296,71917,648,1213,26225,
305.36506811923107,71917,647,1214,26225,
305.37220352547166,71916,648,1214,26225,
305.37645186451704,71915,649,1214,26225,
305.3825996570239,71914,650,1214,26225,
305.38358206251615,71914,649,1215,26225,
305.3854819281235,71914,649,1214,26226,
305.3871076296659,71914,649,1213,26227,
305.38758286385394,71914,648,1214,26227,
305.38915581475703,71913,649,1214,26227,
305.3952335490778,71913,649,1213,26228,
305.395783334728,71913,648,1214,26228,
305.39821839560204,71913,647,1215,26228,
305.40118662645455,71913,646,1216,26228,
305.4025587029591,71912,647,1216,26228,
305.40395454085194,71912,646,1217,26228,
305.41066385031553,71912,645,1218,26228,
305.4128333833057,71911,646,1218,26228,
305.416853892812,71910,647,1218,26228,
305.41987803764056,71909,648,1218,26228,
305.423099648878,71909,648,1217,26229,
305.42344636649057,71908,649,1217,26229,
305.4251777266397,71908,649,1216,26230,
305.43073042674865,71907,650,1216,26230,
305.43218958636965,71907,650,1215,26231,
305.4326978278917,71906,651,1215,26231,
305.4400002142314,71906,651,1214,26232,
305.4459759525751,71906,650,1215,26232,
305.4496098603337,71906,650,1214,26233,
305.4516146899579,71906,649,1215,26233,
305.45422312081155,71906,648,1216,26233,
305.45802001090107,71906,648,1215,26234,
305.4583970090556,71906,647,1216,26234,
305.46216694781333,71906,646,1217,26234,
305.4640909681836,71906,645,1218,26234,
305.46737027354004,71906,645,1217,26235,
305.46790433177637,71905,646,1217,26235,
305.47005805240116,71904,647,1217,26235,
305.47463178057495,71903,648,1217,26235,
305.47603410766203,71903,647,1218,26235,
305.4785640887156,71903,647,1217,26236,
305.4796514600381,71903,647,1216,26237,
305.4850600955127,71903,646,1217,26237,
305.4860189342935,71902,647,1217,26237,
305.4887505452179,71901,648,1217,26237,
305.4953886764383,71900,649,1217,26237,
305.5022700358802,71900,649,1216,26238,
305.50230950428255,71899,650,1216,26238,
305.50850089464603,71899,650,1215,26239,
305.5102824193,71899,649,1216,26239,
305.510472290299,71899,649,1215,26240,
305.5174901534814,71898,650,1215,26240,
305.51813446095696,71898,649,1216,26240,
305.5186408218,71898,649,1215,26241,
305.52134942692334,71898,648,1216,26241,
305.5225711140109,71898,647,1217,26241,
305.5278641045339,71898,646,1218,26241,
305.5287674129764,71898,645,1219,26241,
305.528950294938,71898,645,1218,26242,
305.52933469035537,71897,646,1218,26242,
305.5316117653256,71897,646,1217,26243,
305.53296168599434,71897,645,1218,26243,
305.535146905696,71897,644,1219,26243,
305.5405898859596,71897,644,1218,26244,
305.54711504893714,71897,644,1217,26245,
305.5495477064907,71897,643,1218,26245,
305.55045971755413,71896,644,1218,26245,
305.5514679911143,71896,644,1217,26246,
305.55454828982823,71896,643,1218,26246,
305.55678708471805,71896,642,1219,26246,
305.5581351132385,71896,641,1220,26246,
305.55918946386265,71895,642,1220,26246,
305.5603921200141,71895,641,1221,26246,
305.5608164716847,71895,640,1222,26246,
305.5611015156425,71894,641,1222,26246,
305.5669284439684,71894,640,1223,26246,
305.5669299908787,71893,641,1223,26246,
305.569682891593,71893,641,1222,26247,
305.57089507412593,71893,640,1223,26247,
305.57217509920156,71893,640,1222,26248,
305.57218242126964,71893,640,1221,26249,
305.5736486149088,71893,640,1220,26250,
305.57520107916605,71893,640,1219,26251,
305.576842259935,71892,641,1219,26251,
305.57942005790534,71892,641,1218,26252,
305.58057174543364,71892,641,1217,26253,
305.5810610361337,71892,641,1216,26254,
305.5831072095165,71892,641,1215,26255,
305.58358300403535,71892,641,1214,26256,
305.584139107149,71892,641,1213,26257,
305.5847996695384,71892,640,1214,26257,
305.58774699014805,71892,640,1213,26258,
305.5924480701394,71892,640,1212,26259,
305.59301429795187,71892,640,1211,26260,
305.5964501472573,71892,640,1210,26261,
305.5977084333364,71892,639,1211,26261,
305.59960440454796,71892,639,1210,26262,
305.6002951735758,71892,638,1211,26262,
305.60088946585,71892,638,1210,26263,
305.6041448439728,71892,637,1211,26263,
305.6066913857276,71892,637,1210,26264,
305.6077393949252,71892,636,1211,26264,
305.60981310253266,71892,635,1212,26264,
305.61020600289316,71891,636,1212,26264,
305.6132177823466,71891,635,1213,26264,
305.61939879203663,71891,635,1212,26265,
305.6224741316237,71890,636,1212,26265,
305.6240655754075,71890,635,1213,26265,
305.6283579509311,71889,636,1213,26265,
305.6301187350581,71889,635,1214,26265,
305.63977648385213,71889,635,1213,26266,
305.6403556647921,71889,634,1214,26266,
305.6406727925169,71889,633,1215,26266,
305.64152410579084,71888,634,1215,26266,
305.64240769427147,71887,635,1215,26266,
305.643225765365,71887,634,1216,26266,
305.6439957801489,71886,635,1216,26266,
305.647624748392,71885,636,1216,26266,
305.64925770652377,71885,636,1215,26267,
305.64999863450356,71885,636,1214,26268,
305.6535484385415,71885,635,1215,26268,
305.65559786879464,71885,635,1214,26269,
305.6593014952352,71885,635,1213,26270,
305.6616896383274,71884,636,1213,26270,
305.66272508872476,71884,636,1212,26271,
305.66769878942665,71884,635,1213,26271,
305.6679470119681,71884,635,1212,26272,
305.66799291599443,71884,635,1211,26273,
305.6733360969694,71884,635,1210,26274,
305.67365702602854,71883,636,1210,26274,
305.6765615464127,71883,636,1209,26275,
305.6915912852765,71883,635,1210,26275,
305.692029771907,71883,635,1209,26276,
305.6962317109337,71883,634,1210,26276,
305.70033418684824,71883,634,1209,26277,
305.70242684006627,71882,635,1209,26277,
305.7055746537685,71882,634,1210,26277,
305.70717512856567,71882,634,1209,26278,
305.7072848827467,71882,634,1208,26279,
305.7078594433392,71881,635,1208,26279,
305.7079254434835,71881,634,1209,26279,
305.709950828854,71881,634,1208,26280,
305.71447139549065,71880,635,1208,26280,
305.7156431300119,71880,634,1209,26280,
305.71594421875676,71880,634,1208,26281,
305.71701514995533,71879,635,1208,26281,
305.723170134067,71878,636,1208,26281,
305.7330732994803,71878,635,1209,26281,
305.73577794800866,71877,636,1209,26281,
305.7391718587758,71876,637,1209,26281,
305.7424354129657,71875,638,1209,26281,
305.7431014603106,71875,638,1208,26282,
305.74428424997245,71874,639,1208,26282,
305.74744351177134,71874,638,1209,26282,
305.7502996189634,71874,637,1210,26282,
305.7533371483377,71874,637,1209,26283,
305.75355397469946,71874,637,1208,26284,
305.76059862560095,71874,636,1209,26284,
305.76381825894987,71874,636,1208,26285,
305.76391823536056,71873,637,1208,26285,
305.7645670651741,71873,636,1209,26285,
305.7646208644965,71872,637,1209,26285,
305.7651166269314,71871,638,1209,26285,
305.76593784781295,71871,638,1208,26286,
305.7668964714613,71870,639,1208,26286,
305.76700508744676,71869,640,1208,26286,
305.7678257663061,71868,641,1208,26286,
305.76903199398737,71868,640,1209,26286,
305.76992819991244,71868,639,1210,26286,
305.7702484320089,71868,639,1209,26287,
305.7762750243799,71868,638,1210,26287,
305.77786088881993,71868,638,1209,26288,
305.7828604681786,71867,639,1209,26288,
305.7912002184577,71866,640,1209,26288,
305.7940360490473,71866,639,1210,26288,
305.7972771115838,71866,638,1211,26288,
305.8002639268317,71865,639,1211,26288,
305.8006092289689,71865,639,1210,26289,
305.80342220773656,71864,640,1210,26289,
305.80513562174735,71864,639,1211,26289,
305.80767421518584,71864,639,1210,26290,
305.8113300143852,71863,640,1210,26290,
305.81458130342514,71863,639,1211,26290,
305.81540147962755,71862,640,1211,26290,
305.8159269717318,71862,640,1210,26291,
305.820145098032,71862,640,1209,26292,
305.82017809818313,71861,641,1209,26292,
305.82143260444155,71861,640,1210,26292,
305.8238264575264,71860,641,1210,26292,
305.82656725068824,71859,642,1210,26292,
305.8266177332801,71859,641,1211,26292,
305.82848760888743,71858,642,1211,26292,
305.8287435723646,71858,642,1210,26293,
305.82938340975676,71858,641,1211,26293,
305.83045326253455,71858,641,1210,26294,
305.8330856977314,71857,642,1210,26294,
305.8358627266301,71857,641,1211,26294,
305.8375730549611,71857,640,1212,26294,
305.8380516683552,71857,639,1213,26294,
305.84855409532287,71856,640,1213,26294,
305.8490274082121,71856,640,1212,26295,
305.8519187233484,71856,640,1211,26296,
305.8526045809162,71855,641,1211,26296,
305.8639824658652,71855,641,1210,26297,
305.86446955130754,71855,641,1209,26298,
305.8679998998564,71855,640,1210,26298,
305.86942195735185,71855,640,1209,26299,
305.8710144825431,71855,640,1208,26300,
305.8713231793841,71855,640,1207,26301,
305.8717901533064,71855,639,1208,26301,
305.87903509385706,71855,639,1207,26302,
305.8797375024533,71854,640,1207,26302,
305.88045117541725,71853,641,1207,26302,
305.880733931942,71853,641,1206,26303,
305.8813439578575,71852,642,1206,26303,
305.88171550395526,71851,643,1206,26303,
305.8845181904306,71850,644,1206,26303,
305.8862420690525,71850,644,1205,26304,
305.8907234738943,71850,643,1206,26304,
305.8914315443224,71850,643,1205,26305,
305.8924105467956,71849,644,1205,26305,
305.89281461564343,71848,645,1205,26305,
305.89309295422055,71847,646,1205,26305,
305.8953160436856,71847,645,1206,26305,
305.89592080895966,71847,645,1205,26306,
305.8969633097168,71846,646,1205,26306,
305.9000083972632,71846,645,1206,26306,
305.9004197475734,71846,645,1205,26307,
305.9009767294977,71846,645,1204,26308,
305.9010382694627,71846,645,1203,26309,
305.90119233994426,71846,644,1204,26309,
305.90767168241445,71845,645,1204,26309,
305.91070730545385,71845,644,1205,26309,
305.9119031564772,71845,644,1204,26310,
305.91543850132257,71845,643,1205,26310,
305.91747339633116,71845,643,1204,26311,
305.9241572339309,71845,642,1205,26311,
305.9243132384711,71845,642,1204,26312,
305.92944291024423,71845,642,1203,26313,
305.9298762478285,71845,641,1204,26313,
305.931217779366,71845,641,1203,26314,
305.9376213438205,71844,642,1203,26314,
305.9377486688727,71844,641,1204,26314,
305.94116420143604,71844,641,1203,26315,
305.9416389784308,71843,642,1203,26315,
305.94167573857146,71843,641,1204,26315,
305.9454864650709,71842,642,1204,26315,
305.9492189416584,71841,643,1204,26315,
305.9499346414451,71841,642,1205,26315,
305.9506634447043,71841,642,1204,26316,
305.95327124030274,71841,642,1203,26317,
305.9540882445485,71841,642,1202,26318,
305.95560416911627,71840,643,1202,26318,
305.9565955780918,71840,642,1203,26318,
305.962258308762,71840,641,1204,26318,
305.96691635358127,71840,641,1203,26319,
305.9688941685461,71840,641,1202,26320,
305.9707488819423,71840,641,1201,26321,
305.97132832017553,71840,640,1202,26321,
305.9751737489573,71840,640,1201,26322,
305.9766116201006,71839,641,1201,26322,
305.9782042252641,71839,640,1202,26322,
305.979221510427,71838,641,1202,26322,
305.97982698461516,71837,642,1202,26322,
305.9812982649529,71837,641,1203,26322,
305.98376217450505,71837,641,1202,26323,
305.98411126939715,71837,641,1201,26324,
305.98668122454114,71837,640,1202,26324,
305.9867247759242,71837,640,1201,26325,
305.9892451327768,71836,641,1201,26325,
305.9908413458906,71836,640,1202,26325,
305.9909475844372,71836,640,1201,26326,
305.9925740290035,71836,640,1200,26327,
305.9959192916239,71836,639,1201,26327,
306.00038583268616,71836,638,1202,26327,
306.0005317315335,71836,637,1203,26327,
306.00344181256526,71836,636,1204,26327,
306.00413576561346,71836,636,1203,26328,
306.0058096833912,71836,636,1202,26329,
306.0065997199418,71836,635,1203,26329,
306.0067932990975,71836,635,1202,26330,
306.00814761533917,71836,635,1201,26331,
306.0122826190972,71835,636,1201,26331,
306.0191435797708,71835,636,1200,26332,
306.0197023134522,71835,636,1199,26333,
306.02266771568185,71835,635,1200,26333,
306.0278308719124,71834,636,1200,26333,
306.0287557622426,71834,635,1201,26333,
306.0332632662662,71834,635,1200,26334,
306.03371559316435,71834,635,1199,26335,
306.0342612710141,71834,635,1198,26336,
306.04057218655254,71833,636,1198,26336,
306.0414873251284,71833,636,1197,26337,
306.04356935833624,71832,637,1197,26337,
306.0452142339475,71832,637,1196,26338,
306.0459157562002,71832,637,1195,26339,
306.0480604256139,71831,638,1195,26339,
306.05408887967127,71831,638,1194,26340,
306.0566532531518,71831,638,1193,26341,
306.0574085612669,71831,638,1192,26342,
306.0584086122927,71831,637,1193,26342,
306.0652254749457,71831,636,1194,26342,
306.0707368802333,71830,637,1194,26342,
306.0734135422495,71830,637,1193,26343,
306.0742951229629,71829,638,1193,26343,
306.07741654302197,71828,639,1193,26343,
306.07872854406304,71828,639,1192,26344,
306.0818690130544,71828,638,1193,26344,
306.08218192113617,71828,637,1194,26344,
306.08262801953254,71828,637,1193,26345,
306.0865867006434,71828,636,1194,26345,
306.0870148714704,71827,637,1194,26345,
306.08739028408695,71826,638,1194,26345,
306.0893483860914,71826,637,1195,26345,
306.0926513477788,71825,638,1195,26345,
306.0936674704752,71824,639,1195,26345,
306.094354689098,71824,639,1194,26346,
306.0946307480444,71823,640,1194,26346,
306.09501960205034,71822,641,1194,26346,
306.0960806609305,71822,640,1195,26346,
306.096244755628,71822,639,1196,26346,
306.09698362709156,71822,639,1195,26347,
306.10280697517527,71821,640,1195,26347,
306.1043933782365,71821,639,1196,26347,
306.10677305012365,71821,638,1197,26347,
306.1069054063073,71821,638,1196,26348,
306.1131566088967,71821,637,1197,26348,
306.11569404516246,71820,638,1197,26348,
306.12126054812177,71820,638,1196,26349,
306.12146842299825,71820,638,1195,26350,
306.12155016991096,71820,637,1196,26350,
306.1236974705636,71819,638,1196,26350,
306.1248561051481,71819,638,1195,26351,
306.1281755491659,71818,639,1195,26351,
306.1331036908203,71818,638,1196,26351,
306.1342871344403,71818,637,1197,26351,
306.1346895264962,71818,637,1196,26352,
306.13748332463035,71817,638,1196,26352,
306.13810767223777,71817,638,1195,26353,
306.1409239682561,71817,638,1194,26354,
306.14226756171365,71817,638,1193,26355,
306.14385607972577,71816,639,1193,26355,
306.1442112729144,71815,640,1193,26355,
306.14601346619486,71815,640,1192,26356,
306.146308620419,71815,639,1193,26356,
306.14717312559213,71815,639,1192,26357,
306.1602998034413,71814,640,1192,26357,
306.1613922980742,71814,639,1193,26357,
306.1621628582649,71813,640,1193,26357,
306.1645558238493,71813,639,1194,26357,
306.16545249956914,71813,639,1193,26358,
306.1686149236771,71812,640,1193,26358,
306.173761881259,71812,640,1192,26359,
306.1833045125846,71812,639,1193,26359,
306.183558714311,71811,640,1193,26359,
306.18445625001783,71811,640,1192,26360,
306.2014968658787,71811,640,1191,26361,
306.2030951133999,71811,640,1190,26362,
306.2078890487695,71810,641,1190,26362,
306.21362905354084,71810,640,1191,26362,
306.21796057398905,71809,641,1191,26362,
306.2196202819117,71809,640,1192,26362,
306.2305579251911,71809,640,1191,26363,
306.2316714142524,71809,639,1192,26363,
306.23805054277966,71809,638,1193,26363,
306.2391632236228,71809,638,1192,26364,
306.24006420404135,71808,639,1192,26364,
306.24062801457166,71808,639,1191,26365,
306.24366983285057,71808,639,1190,26366,
306.24431690021464,71808,639,1189,26367,
306.2464477296179,71807,640,1189,26367,
306.2471134905728,71807,640,1188,26368,
306.2488634730976,71807,639,1189,26368,
306.24924284228405,71807,638,1190,26368,
306.2513957464195,71806,639,1190,26368,
306.25388750510194,71806,638,1191,26368,
306.2587356608991,71806,638,1190,26369,
306.2587643074919,71806,637,1191,26369,
306.2594978610176,71806,637,1190,26370,
306.2638296728966,71806,636,1191,26370,
306.26468561848924,71806,636,1190,26371,
306.2652389480568,71806,635,1191,26371,
306.2729568367063,71806,634,1192,26371,
306.27433826248074,71806,634,1191,26372,
306.27650608926456,71806,634,1190,26373,
306.2777641242359,71806,634,1189,26374,
306.2780606946978,71806,633,1190,26374,
306.278960186603,71806,632,1191,26374,
306.28347219637135,71806,631,1192,26374,
306.2848957065535,71806,630,1193,26374,
306.2874349805111,71806,629,1194,26374,
306.2927575198385,71806,628,1195,26374,
306.2950877232207,71806,627,1196,26374,
306.30113608527415,71805,628,1196,26374,
306.3011538306287,71805,628,1195,26375,
306.30312700818786,71805,627,1196,26375,
306.30407706472556,71805,627,1195,26376,
306.30468051786784,71804,628,1195,26376,
306.3055003828234,71804,628,1194,26377,
306.31318783106127,71804,627,1195,26377,
306.31463445757726,71804,627,1194,26378,
306.31474134242177,71803,628,1194,26378,
306.317022339694,71803,628,1193,26379,
306.31798060257756,71803,627,1194,26379,
306.3193308178645,71802,628,1194,26379,
306.3204338783775,71802,628,1193,26380,
306.321220964042,71802,628,1192,26381,
306.321229205043,71801,629,1192,26381,
306.3235114863268,71800,630,1192,26381,
306.3247478993783,71800,630,1191,26382,
306.32511163622513,71800,630,1190,26383,
306.3269000234944,71800,630,1189,26384,
306.3326816537622,71799,631,1189,26384,
306.3362331681137,71798,632,1189,26384,
306.33742150847644,71797,633,1189,26384,
306.3381057238196,71797,632,1190,26384,
306.3465230306533,71797,631,1191,26384,
306.3482649106936,71796,632,1191,26384,
306.3542057419224,71796,631,1192,26384,
306.35511204832187,71795,632,1192,26384,
306.3552929516781,71795,631,1193,26384,
306.3578662699102,71794,632,1193,26384,
306.3581481362457,71794,631,1194,26384,
306.35881287748055,71794,631,1193,26385,
306.3593598695997,71793,632,1193,26385,
306.3613883365186,71793,632,1192,26386,
306.36351612100316,71793,632,1191,26387,
306.36537691529463,71792,633,1191,26387,
306.3690477318663,71792,633,1190,26388,
306.37203160007306,71792,633,1189,26389,
306.38491767971425,71791,634,1189,26389,
306.3880890136734,71791,633,1190,26389,
306.38925551739385,71791,632,1191,26389,
306.39008427922914,71791,631,1192,26389,
306.3920144363884,71791,631,1191,26390,
306.39651405805904,71791,630,1192,26390,
306.4010868234649,71791,629,1193,26390,
306.4014606882967,71791,628,1194,26390,
306.404067038943,71791,627,1195,26390,
306.4093258651938,71791,626,1196,26390,
306.4103230754278,71790,627,1196,26390,
306.4117229250612,71790,626,1197,26390,
306.4136680966788,71790,626,1196,26391,
306.4193037274173,71789,627,1196,26391,
306.4196317759447,71788,628,1196,26391,
306.421060998938,71788,627,1197,26391,
306.4318681857816,71788,626,1198,26391,
306.43211074484026,71788,625,1199,26391,
306.4322937152867,71788,624,1200,26391,
306.43231462428605,71788,624,1199,26392,
306.4338406772523,71788,623,1200,26392,
306.43476228384054,71788,623,1199,26393,
306.43862050411576,71788,623,1198,26394,
306.439919483798,71787,624,1198,26394,
306.44873248327946,71787,624,1197,26395,
306.4509546224127,71786,625,1197,26395,
306.4538123513635,71786,625,1196,26396,
306.4556479275751,71785,626,1196,26396,
306.46406398279487,71785,625,1197,26396,
306.46569757049633,71785,624,1198,26396,
306.4683897932608,71784,625,1198,26396,
306.4708578299499,71784,624,1199,26396,
306.4722115791757,71783,625,1199,26396,
306.4777854827673,71782,626,1199,26396,
306.4779308643963,71781,627,1199,26396,
306.4782150512298,71780,628,1199,26396,
306.4809597343715,71779,629,1199,26396,
306.48775260000644,71779,629,1198,26397,
306.491325986701,71779,629,1197,26398,
306.49974277881546,71779,629,1196,26399,
306.5036926128317,71778,630,1196,26399,
306.5064188425682,71778,629,1197,26399,
306.50856690770974,71778,629,1196,26400,
306.50884966128626,71778,628,1197,26400,
306.5108229085539,71778,628,1196,26401,
306.514060766646,71778,627,1197,26401,
306.5153047259845,71777,628,1197,26401,
306.5204698379482,71777,628,1196,26402,
306.5216169555088,71777,628,1195,26403,
306.5234109073074,71776,629,1195,26403,
306.5236740285028,71776,629,1194,26404,
306.52417360710183,71776,628,1195,26404,
306.5263717271187,71776,627,1196,26404,
306.5272403447744,71776,627,1195,26405,
306.5309014633713,71775,628,1195,26405,
306.53095087778587,71775,628,1194,26406,
306.53207624772614,71774,629,1194,26406,
306.532276123496,71774,629,1193,26407,
306.5336745748116,71774,628,1194,26407,
306.5340901377927,71774,628,1193,26408,
306.53576384210817,71774,627,1194,26408,
306.53591981427957,71774,627,1193,26409,
306.5377913166533,71774,627,1192,26410,
306.5405997113943,71774,627,1191,26411,
306.54300755555613,71774,627,1190,26412,
306.5494339745861,71774,627,1189,26413,
306.5509284625006,71773,628,1189,26413,
306.55202643137665,71773,627,1190,26413,
306.552301775501,71772,628,1190,26413,
306.5553965555146,71772,627,1191,26413,
306.55579158039717,71771,628,1191,26413,
306.56255420580834,71770,629,1191,26413,
306.5626291086268,71770,628,1192,26413,
306.56434338972934,71770,627,1193,26413,
306.57036969997205,71770,627,1192,26414,
306.57368987505504,71770,626,1193,26414,
306.5749330083826,71769,627,1193,26414,
306.57570081723,71768,628,1193,26414,
306.57593347201964,71767,629,1193,26414,
306.5768601673678,71766,630,1193,26414,
306.5771752754971,71766,629,1194,26414,
306.57808073547267,71766,628,1195,26414,
306.58123536132496,71766,627,1196,26414,
306.5875953243177,71766,626,1197,26414,
306.588299498259,71766,626,1196,26415,
306.590688747379,71765,627,1196,26415,
306.5965337410931,71764,628,1196,26415,
306.59764975998064,71764,627,1197,26415,
306.6021424023729,71763,628,1197,26415,
306.6024362842255,71762,629,1197,26415,
306.60461956224367,71762,628,1198,26415,
306.6050328315845,71762,627,1199,26415,
306.6081255458378,71761,628,1199,26415,
306.6095591884654,71760,629,1199,26415,
306.613725841054,71759,630,1199,26415,
306.61667789199464,71758,631,1199,26415,
306.6177808872724,71758,631,1198,26416,
306.62054713966575,71757,632,1198,26416,
306.62245851013535,71757,631,1199,26416,
306.62277412049673,71756,632,1199,26416,
306.62636261380555,71756,631,1200,26416,
306.6268557918838,71755,632,1200,26416,
306.62779572210025,71755,631,1201,26416,
306.62817092951104,71755,630,1202,26416,
306.6292106802918,71755,629,1203,26416,
306.6294610736766,71755,629,1202,26417,
306.63420517804366,71755,628,1203,26417,
306.63900443576773,71755,628,1202,26418,
306.64057735627574,71755,628,1201,26419,
306.6423846113568,71755,627,1202,26419,
306.6455353384185,71755,627,1201,26420,
306.64682740211504,71755,626,1202,26420,
306.65287115808286,71755,626,1201,26421,
306.6539515850926,71755,625,1202,26421,
306.6558598319594,71754,626,1202,26421,
306.66125539343204,71753,627,1202,26421,
306.6613224427762,71753,626,1203,26421,
306.6613778382347,71753,625,1204,26421,
306.66225589992337,71753,625,1203,26422,
306.66492749131584,71752,626,1203,26422,
306.6690090580067,71752,625,1204,26422,
306.66931619248874,71752,624,1205,26422,
306.67698653697516,71751,625,1205,26422,
306.6789077152978,71751,625,1204,26423,
306.68214168138155,71751,625,1203,26424,
306.6829279547491,71751,625,1202,26425,
306.68391372914147,71750,626,1202,26425,
306.6839742658448,71750,625,1203,26425,
306.6846769970874,71750,625,1202,26426,
306.68480756442307,71750,624,1203,26426,
306.6857224479966,71750,624,1202,26427,
306.6886488205486,71750,623,1203,26427,
306.6908180430639,71750,623,1202,26428,
306.6934312488119,71750,623,1201,26429,
306.69375103108047,71749,624,1201,26429,
306.6942469905543,71748,625,1201,26429,
306.6959095307399,71747,626,1201,26429,
306.69713003869145,71747,626,1200,26430,
306.7004772620312,71747,625,1201,26430,
306.7017652691746,71747,624,1202,26430,
306.7023511230837,71747,623,1203,26430,
306.7029311168592,71746,624,1203,26430,
306.70673162528374,71746,623,1204,26430,
306.7077955041453,71746,623,1203,26431,
306.7085515970628,71746,622,1204,26431,
306.70915219344204,71746,621,1205,26431,
306.7129449653472,71746,621,1204,26432,
306.71563546602124,71746,620,1205,26432,
306.7243118930099,71746,620,1204,26433,
306.7346495691089,71745,621,1204,26433,
306.7391730561524,71745,621,1203,26434,
306.74298464650485,71744,622,1203,26434,
306.74551634219375,71744,622,1202,26435,
306.75677347886995,71744,621,1203,26435,
306.7592313653935,71744,621,1202,26436,
306.76315113051686,71744,621,1201,26437,
306.7631926197926,71744,621,1200,26438,
306.7642625976534,71744,621,1199,26439,
306.76890278922366,71744,620,1200,26439,
306.76901831837534,71744,620,1199,26440,
306.773391048123,71744,619,1200,26440,
306.77369063233255,71744,618,1201,26440,
306.77695567059334,71744,618,1200,26441,
306.7817021057906,71743,619,1200,26441,
306.785764840128,71742,620,1200,26441,
306.79140066635614,71742,619,1201,26441,
306.79177574187395,71742,618,1202,26441,
306.80683674462006,71742,617,1203,26441,
306.81295273382335,71742,617,1202,26442,
306.8150505310421,71742,617,1201,26443,
306.8157229034792,71741,618,1201,26443,
306.81751405163857,71741,618,1200,26444,
306.81857803151274,71740,619,1200,26444,
306.819670905104,71740,618,1201,26444,
306.8214033688166,71739,619,1201,26444,
306.8310392019953,71739,618,1202,26444,
306.835203563007,71739,617,1203,26444,
306.8381278072856,71738,618,1203,26444,
306.8488839794935,71738,617,1204,26444,
306.85323719956216,71738,617,1203,26445,
306.85393425976406,71737,618,1203,26445,
306.8541132273203,71737,617,1204,26445,
306.85450560785625,71737,617,1203,26446,
306.8553296838539,71737,617,1202,26447,
306.855445287056,71736,618,1202,26447,
306.8560349116034,71736,618,1201,26448,
306.85688937326233,71736,618,1200,26449,
306.8608285453197,71735,619,1200,26449,
306.8639950384649,71734,620,1200,26449,
306.8644954692975,71734,619,1201,26449,
306.86664462657706,71734,619,1200,26450,
306.8748380829942,71734,618,1201,26450,
306.8749814245912,71734,618,1200,26451,
306.87741503715216,71734,617,1201,26451,
306.8815914817551,71733,618,1201,26451,
306.88256753950225,71733,618,1200,26452,
306.8836565570562,71733,617,1201,26452,
306.887001823056,71732,618,1201,26452,
306.8874116141602,71732,618,1200,26453,
306.8880140315789,71731,619,1200,26453,
306.8946388478662,71731,619,1199,26454,
306.8961187954845,71731,619,1198,26455,
306.89665276776026,71731,618,1199,26455,
306.89810856100934,71731,618,1198,26456,
306.90130335534514,71731,617,1199,26456,
306.90142667366706,71731,616,1200,26456,
306.90161010440505,71731,615,1201,26456,
306.9097451161913,71731,614,1202,26456,
306.91092752387124,71731,613,1203,26456,
306.91146282217005,71731,612,1204,26456,
306.91710622338553,71730,613,1204,26456,
306.9208715590546,71730,612,1205,26456,
306.9229033872426,71730,612,1204,26457,
306.92325634599285,71730,612,1203,26458,
306.9241373281862,71729,613,1203,26458,
306.92724283184214,71728,614,1203,26458,
306.932058439093,71727,615,1203,26458,
306.93254519359726,71726,616,1203,26458,
306.93318203143843,71726,615,1204,26458,
306.93390651693346,71726,614,1205,26458,
306.9366487181998,71725,615,1205,26458,
306.9372031345299,71725,614,1206,26458,
306.93745726832617,71724,615,1206,26458,
306.9453776484837,71724,614,1207,26458,
306.9463495192149,71724,614,1206,26459,
306.94656449567725,71724,613,1207,26459,
306.9491869666238,71724,612,1208,26459,
306.9523413413381,71723,613,1208,26459,
306.9527869880364,71723,613,1207,26460,
306.9530939615682,71723,612,1208,26460,
306.95986669467067,71722,613,1208,26460,
306.9607685644952,71721,614,1208,26460,
306.96137907004083,71721,614,1207,26461,
306.96156104126635,71720,615,1207,26461,
306.96565912716693,71720,615,1206,26462,
306.9676154987459,71720,615,1205,26463,
306.974672417319,71720,615,1204,26464,
306.97635332056313,71720,614,1205,26464,
306.97805272621844,71720,613,1206,26464,
306.9859701263098,71719,614,1206,26464,
306.98726974358016,71718,615,1206,26464,
306.99102905468925,71717,616,1206,26464,
306.9924775101988,71716,617,1206,26464,
306.993634342841,71716,617,1205,26465,
306.9944569686124,71716,617,1204,26466,
306.9945320402932,71716,617,1203,26467,
306.99764434425117,71716,617,1202,26468,
307.0004884397877,71716,616,1203,26468,
307.00143564205405,71715,617,1203,26468,
307.00429858191063,71715,616,1204,26468,
307.00936645467556,71714,617,1204,26468,
307.01771798877985,71714,616,1205,26468,
307.01918731722844,71714,616,1204,26469,
307.0205311058839,71714,616,1203,26470,
307.02395236662437,71714,616,1202,26471,
307.02780011831595,71714,616,1201,26472,
307.03086959187567,71713,617,1201,26472,
307.03377530193217,71713,617,1200,26473,
307.03508522678766,71713,616,1201,26473,
307.0378379429264,71713,616,1200,26474,
307.03871692732787,71712,617,1200,26474,
307.0415101118162,71712,616,1201,26474,
307.0430891442944,71712,616,1200,26475,
307.04719995858676,71712,615,1201,26475,
307.04887152790167,71711,616,1201,26475,
307.0498197831418,71711,616,1200,26476,
307.0516366625113,71710,617,1200,26476,
307.05444005253725,71710,617,1199,26477,
307.0571354190964,71710,617,1198,26478,
307.0624169200826,71709,618,1198,26478,
307.06521452358953,71709,618,1197,26479,
307.06541719790437,71708,619,1197,26479,
307.071981866985,71707,620,1197,26479,
307.0740733741881,71707,620,1196,26480,
307.074556425522,71707,620,1195,26481,
307.0818073885853,71707,619,1196,26481,
307.0852301966355,71706,620,1196,26481,
307.08563160011255,71706,620,1195,26482,
307.0858857820093,71706,620,1194,26483,
307.08835701912955,71706,619,1195,26483,
307.091961458186,71705,620,1195,26483,
307.0925454245358,71705,619,1196,26483,
307.0998092599929,71705,619,1195,26484,
307.10292213652065,71704,620,1195,26484,
307.10346417256306,71704,619,1196,26484,
307.10496182448446,71703,620,1196,26484,
307.1083261018332,71703,620,1195,26485,
307.1215847775288,71703,620,1194,26486,
307.1236792355285,71703,620,1193,26487,
307.1244232946766,71703,620,1192,26488,
307.137098428418,71703,620,1191,26489,
307.14714821398604,71703,620,1190,26490,
307.1478495045251,71702,621,1190,26490,
307.1505296740894,71702,621,1189,26491,
307.1515818072688,71702,621,1188,26492,
307.15383292724493,71702,620,1189,26492,
307.15429785485554,71701,621,1189,26492,
307.1545118831775,71701,620,1190,26492,
307.1588894916251,71701,620,1189,26493,
307.16039549066363,71700,621,1189,26493,
307.1620964892294,71700,621,1188,26494,
307.1625036385677,71700,620,1189,26494,
307.1639364560556,71700,620,1188,26495,
307.1661530552912,71700,619,1189,26495,
307.170600820592,71700,618,1190,26495,
307.1759723291907,71700,617,1191,26495,
307.17978684595016,71700,617,1190,26496,
307.18042102735694,71700,616,1191,26496,
307.1816930928887,71700,616,1190,26497,
307.1829093391935,71700,615,1191,26497,
307.18356338311514,71700,614,1192,26497,
307.18407557368386,71700,613,1193,26497,
307.18414362714526,71699,614,1193,26497,
307.18630147230505,71698,615,1193,26497,
307.18878782499024,71698,615,1192,26498,
307.1931015231054,71698,615,1191,26499,
307.19848052949004,71698,615,1190,26500,
307.1990680125606,71698,614,1191,26500,
307.2034533069999,71697,615,1191,26500,
307.20503356773946,71697,615,1190,26501,
307.207272012068,71696,616,1190,26501,
307.2092153489623,71695,617,1190,26501,
307.21181108688427,71694,618,1190,26501,
307.21282229571324,71694,618,1189,26502,
307.213982194798,71694,617,1190,26502,
307.2151321017095,71694,617,1189,26503,
307.2168310208805,71694,616,1190,26503,
307.217335016052,71694,615,1191,26503,
307.22261960804485,71694,615,1190,26504,
307.22336425766616,71694,615,1189,26505,
307.22484721051393,71694,614,1190,26505,
307.22493864162846,71694,613,1191,26505,
307.22711497318875,71694,612,1192,26505,
307.2305347903378,71694,611,1193,26505,
307.2315414454387,71694,611,1192,26506,
307.23481524236195,71694,611,1191,26507,
307.2379279143497,71694,611,1190,26508,
307.2393919927717,71693,612,1190,26508,
307.23980512870645,71693,612,1189,26509,
307.2399872051783,71693,611,1190,26509,
307.2401269102559,71693,611,1189,26510,
307.24337360733176,71693,611,1188,26511,
307.2457784268391,71693,611,1187,26512,
307.2507397788519,71693,611,1186,26513,
307.25221142738184,71693,610,1187,26513,
307.25793254523785,71693,609,1188,26513,
307.26192847610275,71693,609,1187,26514,
307.2647544717462,71693,608,1188,26514,
307.2673297106353,71693,608,1187,26515,
307.2700144286551,71693,608,1186,26516,
307.2710479662429,71693,607,1187,26516,
307.2736595894578,71692,608,1187,26516,
307.27383370347593,71691,609,1187,26516,
307.27504600639014,71691,609,1186,26517,
307.2754664312223,71691,609,1185,26518,
307.2755421348718,71691,609,1184,26519,
307.27708300566076,71690,610,1184,26519,
307.28280868920774,71690,609,1185,26519,
307.29000113078604,71690,609,1184,26520,
307.2959271165128,71689,610,1184,26520,
307.2967755464174,71689,609,1185,26520,
307.2990555419742,71689,608,1186,26520,
307.30107420729223,71689,607,1187,26520,
307.3013615000521,71688,608,1187,26520,
307.3043249630478,71687,609,1187,26520,
307.30455796478907,71686,610,1187,26520,
307.32388251658193,71686,609,1188,26520,
307.32407231670896,71686,608,1189,26520,
307.32590192422737,71685,609,1189,26520,
307.3301035527631,71685,609,1188,26521,
307.3335712789159,71685,609,1187,26522,
307.33808531163294,71685,608,1188,26522,
307.33871555168014,71684,609,1188,26522,
307.3412221718123,71683,610,1188,26522,
307.3551049230916,71683,609,1189,26522,
307.3583506931002,71682,610,1189,26522,
307.3619039770405,71681,611,1189,26522,
307.36270345778405,71681,610,1190,26522,
307.36422462884025,71680,611,1190,26522,
307.3662651570711,71680,610,1191,26522,
307.3673189669523,71680,609,1192,26522,
307.3684462521762,71680,608,1193,26522,
307.3737701299385,71679,609,1193,26522,
307.375055578692,71679,609,1192,26523,
307.38322365835074,71678,610,1192,26523,
307.38375724974316,71678,609,1193,26523,
307.38687145246195,71677,610,1193,26523,
307.38822621142856,71677,609,1194,26523,
307.39398527378296,71677,609,1193,26524,
307.3969812480982,71677,609,1192,26525,
307.4021129914479,71677,608,1193,26525,
307.40276129565734,71677,607,1194,26525,
307.4034285063452,71677,607,1193,26526,
307.40464875264144,71676,608,1193,26526,
307.40632078759864,71676,607,1194,26526,
307.4067841715777,71675,608,1194,26526,
307.4071203756034,71675,607,1195,26526,
307.4084159696344,71674,608,1195,26526,
307.41687253276393,71674,608,1194,26527,
307.41855696895857,71673,609,1194,26527,
307.4188509856616,71672,610,1194,26527,
307.4285036508371,71672,609,1195,26527,
307.4310544525623,71672,609,1194,26528,
307.43496927995915,71672,608,1195,26528,
307.43648084956465,71671,609,1195,26528,
307.4522322625555,71670,610,1195,26528,
307.4542855222478,71670,610,1194,26529,
307.45710634267914,71670,610,1193,26530,
307.4584078606006,71669,611,1193,26530,
307.4594245797207,71669,611,1192,26531,
307.460139711555,71669,610,1193,26531,
307.4620049448445,71669,610,1192,26532,
307.46270566752054,71669,610,1191,26533,
307.4630632223887,71669,610,1190,26534,
307.4632984353925,71669,610,1189,26535,
307.46586858486444,71668,611,1189,26535,
307.46907628474963,71667,612,1189,26535,
307.47426956131176,71667,611,1190,26535,
307.47964507129853,71666,612,1190,26535,
307.48132702136144,71666,612,1189,26536,
307.4819087128229,71665,613,1189,26536,
307.48522862331055,71665,612,1190,26536,
307.4886333414061,71664,613,1190,26536,
307.49548468984426,71664,612,1191,26536,
307.49769240149794,71664,612,1190,26537,
307.5009500696698,71663,613,1190,26537,
307.5038758891732,71662,614,1190,26537,
307.50645023860403,71662,614,1189,26538,
307.50662247068465,71662,613,1190,26538,
307.5084764737243,71661,614,1190,26538,
307.5127632763841,71660,615,1190,26538,
307.51317125827836,71660,614,1191,26538,
307.5166803660078,71659,615,1191,26538,
307.51837930991735,71658,616,1191,26538,
307.5201002340433,71657,617,1191,26538,
307.5245139885029,71657,616,1192,26538,
307.52809467107636,71656,617,1192,26538,
307.53027746776587,71655,618,1192,26538,
307.5313784171832,71655,617,1193,26538,
307.5315560593877,71654,618,1193,26538,
307.5369473394655,71653,619,1193,26538,
307.538061372833,71653,618,1194,26538,
307.543541825201,71652,619,1194,26538,
307.5441464077809,71652,618,1195,26538,
307.547274862146,71652,618,1194,26539,
307.5484296762753,71652,618,1193,26540,
307.55038295755804,71652,617,1194,26540,
307.564413054994,71652,617,1193,26541,
307.5667438777762,71652,617,1192,26542,
307.5684296814279,71652,616,1193,26542,
307.57590729003215,71652,616,1192,26543,
307.57870313642735,71651,617,1192,26543,
307.5806255276282,71651,617,1191,26544,
307.5864989401516,71650,618,1191,26544,
307.5887430208122,71650,618,1190,26545,
307.5887443365692,71649,619,1190,26545,
307.5909721711149,71648,620,1190,26545,
307.59282529679274,71648,619,1191,26545,
307.5968514698211,71648,619,1190,26546,
307.5986717973486,71648,618,1191,26546,
307.60018023326364,71648,617,1192,26546,
307.60046507246744,71648,616,1193,26546,
307.60227767149024,71648,616,1192,26547,
307.60438031117303,71647,617,1192,26547,
307.605341508951,71647,617,1191,26548,
307.6061697318088,71646,618,1191,26548,
307.61288102148217,71646,617,1192,26548,
307.6166394618988,71646,617,1191,26549,
307.61715904684434,71646,617,1190,26550,
307.61853192603064,71646,617,1189,26551,
307.6216195486489,71646,616,1190,26551,
307.6284580380808,71645,617,1190,26551,
307.63343262767427,71645,617,1189,26552,
307.63665605633065,71645,617,1188,26553,
307.6380113622433,71645,617,1187,26554,
307.6389798716749,71645,617,1186,26555,
307.6429729726706,71645,616,1187,26555,
307.6477920465693,71645,615,1188,26555,
307.64809665564024,71645,615,1187,26556,
307.64858828552934,71645,615,1186,26557,
307.6560581176614,71644,616,1186,26557,
307.6617692574134,71643,617,1186,26557,
307.6622026971505,71643,616,1187,26557,
307.6633939953518,71642,617,1187,26557,
307.6641000692833,71642,616,1188,26557,
307.6674059041597,71642,616,1187,26558,
307.6696422590043,71641,617,1187,26558,
307.6794409646561,71640,618,1187,26558,
307.69015641429746,71639,619,1187,26558,
307.69265445317296,71639,618,1188,26558,
307.6946561448381,71639,618,1187,26559,
307.69586377906,71639,617,1188,26559,
307.7014801711211,71639,616,1189,26559,
307.7032704784275,71639,616,1188,26560,
307.7052953294766,71638,617,1188,26560,
307.7089536764259,71638,617,1187,26561,
307.7107901132177,71637,618,1187,26561,
307.71162031983096,71637,617,1188,26561,
307.71342905632827,71636,618,1188,26561,
307.7144761275025,71635,619,1188,26561,
307.71524296691024,71634,620,1188,26561,
307.7195411424754,71634,619,1189,26561,
307.7209521195218,71634,619,1188,26562,
307.7225699652166,71633,620,1188,26562,
307.7227843008695,71633,619,1189,26562,
307.7259804984011,71632,620,1189,26562,
307.7291290063379,71632,619,1190,26562,
307.72981329043466,71632,618,1191,26562,
307.73045688858826,71632,618,1190,26563,
307.7308803451962,71632,617,1191,26563,
307.73286287598455,71632,616,1192,26563,
307.73459654951733,71632,616,1191,26564,
307.7405290286147,71632,616,1190,26565,
307.74192666977774,71632,615,1191,26565,
307.7435037064922,71632,615,1190,26566,
307.7445507014785,71631,616,1190,26566,
307.7446302862096,71631,616,1189,26567,
307.74572999105345,71630,617,1189,26567,
307.74798196980964,71630,616,1190,26567,
307.7525509640936,71630,615,1191,26567,
307.75285830457943,71630,614,1192,26567,
307.76279701439654,71630,614,1191,26568,
307.7633687643597,71629,615,1191,26568,
307.76472330836543,71629,615,1190,26569,
307.77188241015807,71628,616,1190,26569,
307.77795284216046,71628,616,1189,26570,
307.77810318411593,71627,617,1189,26570,
307.77820468194983,71626,618,1189,26570,
307.77844256233095,71625,619,1189,26570,
307.7798074250895,71624,620,1189,26570,
307.78120394041144,71623,621,1189,26570,
307.78145669791775,71623,620,1190,26570,
307.7836039751351,71623,620,1189,26571,
307.78545777661964,71623,619,1190,26571,
307.7882575488236,71622,620,1190,26571,
307.78912532704345,71621,621,1190,26571,
307.7898713355575,71620,622,1190,26571,
307.79220692160635,71619,623,1190,26571,
307.7977321836947,71619,623,1189,26572,
307.8102298339257,71619,623,1188,26573,
307.8237416160401,71619,622,1189,26573,
307.82699350702967,71619,621,1190,26573,
307.8272194509931,71618,622,1190,26573,
307.83960196565533,71618,621,1191,26573,
307.83962989588514,71618,621,1190,26574,
307.8400905655821,71617,622,1190,26574,
307.8401505637642,71617,622,1189,26575,
307.84169977911745,71616,623,1189,26575,
307.84206530168143,71616,623,1188,26576,
307.8423111784608,71616,622,1189,26576,
307.8442685577225,71616,621,1190,26576,
307.84691384573017,71616,620,1191,26576,
307.8497605059282,71616,619,1192,26576,
307.85693547907914,71615,620,1192,26576,
307.86183661557834,71615,619,1193,26576,
307.8618838260897,71615,619,1192,26577,
307.86734013303794,71614,620,1192,26577,
307.8711020205975,71614,620,1191,26578,
307.8734181918404,71613,621,1191,26578,
307.8758393083183,71613,621,1190,26579,
307.87715891380776,71613,621,1189,26580,
307.8794712557366,71613,620,1190,26580,
307.88142951612787,71612,621,1190,26580,
307.88306488926133,71612,621,1189,26581,
307.8837403684182,71612,621,1188,26582,
307.88524743358647,71612,620,1189,26582,
307.8855746475437,71612,619,1190,26582,
307.88696216069184,71611,620,1190,26582,
307.8886472810676,71611,620,1189,26583,
307.8889932557147,71611,619,1190,26583,
307.8909342859953,71611,619,1189,26584,
307.8962408278749,71611,619,1188,26585,
307.89657621661775,71611,618,1189,26585,
307.8966641320852,71611,617,1190,26585,
307.8969427296297,71611,617,1189,26586,
307.89888860719697,71611,617,1188,26587,
307.8992955773448,71611,616,1189,26587,
307.9005091725072,71610,617,1189,26587,
307.90058671112587,71610,617,1188,26588,
307.90085406474407,71610,616,1189,26588,
307.9013792896549,71609,617,1189,26588,
307.90439570653,71608,618,1189,26588,
307.9085881334319,71608,618,1188,26589,
307.91082661738375,71608,618,1187,26590,
307.9135507470915,71608,618,1186,26591,
307.9148401037162,71607,619,1186,26591,
307.9171901668636,71607,619,1185,26592,
307.91823762647243,71607,618,1186,26592,
307.92044705278096,71606,619,1186,26592,
307.92045875280826,71606,619,1185,26593,
307.92255881809126,71605,620,1185,26593,
307.9244342383529,71605,620,1184,26594,
307.92681213874783,71604,621,1184,26594,
307.92826579409694,71604,621,1183,26595,
307.9287474605445,71603,622,1183,26595,
307.93008871865726,71602,623,1183,26595,
307.93331617593554,71602,623,1182,26596,
307.934181179551,71601,624,1182,26596,
307.9348016155034,71600,625,1182,26596,
307.93484077675436,71599,626,1182,26596,
307.9390358238385,71599,626,1181,26597,
307.94214026146176,71599,625,1182,26597,
307.94231220195167,71599,625,1181,26598,
307.94600407558823,71599,625,1180,26599,
307.94748512492487,71599,624,1181,26599,
307.95727170813694,71599,624,1180,26600,
307.9576582404929,71599,624,1179,26601,
307.9597810366007,71598,625,1179,26601,
307.96043797511305,71597,626,1179,26601,
307.9619049803813,71596,627,1179,26601,
307.9658291778704,71596,626,1180,26601,
307.9663381152006,71596,625,1181,26601,
307.96891516711054,71596,625,1180,26602,
307.9699462694523,71596,625,1179,26603,
307.97431286752897,71596,625,1178,26604,
307.9764005768187,71596,625,1177,26605,
307.98725679047556,71596,624,1178,26605,
307.9891658599104,71596,623,1179,26605,
307.99465659293486,71596,622,1180,26605,
307.99713551782344,71596,622,1179,26606,
307.9986166612118,71595,623,1179,26606,
308.0009320917107,71594,624,1179,26606,
308.0087757426244,71593,625,1179,26606,
308.0103813004805,71593,624,1180,26606,
308.0106108664119,71592,625,1180,26606,
308.0106139688113,71592,624,1181,26606,
308.0127327882181,71592,624,1180,26607,
308.01647546323454,71592,623,1181,26607,
308.017122406535,71592,623,1180,26608,
308.01744297325274,71591,624,1180,26608,
308.0222627428225,71591,624,1179,26609,
308.02306981604977,71591,623,1180,26609,
308.02775859654656,71590,624,1180,26609,
308.0281247761501,71590,623,1181,26609,
308.0344729684709,71589,624,1181,26609,
308.0362803225115,71588,625,1181,26609,
308.0367055744155,71588,624,1182,26609,
308.0425137637551,71587,625,1182,26609,
308.04461494713223,71587,625,1181,26610,
308.05085404434016,71587,624,1182,26610,
308.05152407808623,71586,625,1182,26610,
308.05898884307624,71585,626,1182,26610,
308.0647368906996,71584,627,1182,26610,
308.0653821412534,71583,628,1182,26610,
308.06583479875326,71583,628,1181,26611,
308.06728558990727,71583,628,1180,26612,
308.06752002662375,71582,629,1180,26612,
308.06971056204964,71582,628,1181,26612,
308.07067286363514,71581,629,1181,26612,
308.07425787834364,71581,629,1180,26613,
308.07603078820466,71581,629,1179,26614,
308.07700101675067,71581,629,1178,26615,
308.07797300591034,71581,628,1179,26615,
308.0829990821753,71581,628,1178,26616,
308.08701972369397,71580,629,1178,26616,
308.0894248269453,71579,630,1178,26616,
308.0952822577359,71579,629,1179,26616,
308.0969605166363,71579,628,1180,26616,
308.0994791771971,71578,629,1180,26616,
308.1034239152291,71577,630,1180,26616,
308.10849055159645,71577,629,1181,26616,
308.1102861573941,71577,629,1180,26617,
308.1105385696289,71577,629,1179,26618,
308.1152936057455,71577,629,1178,26619,
308.1188719830729,71576,630,1178,26619,
308.120981441832,71575,631,1178,26619,
308.1216855884971,71575,630,1179,26619,
308.1223635555897,71575,629,1180,26619,
308.12366101317843,71575,629,1179,26620,
308.1300365126711,71575,629,1178,26621,
308.1332523427782,71575,628,1179,26621,
308.13371347532774,71575,627,1180,26621,
308.13416305842213,71575,627,1179,26622,
308.13610716900223,71575,627,1178,26623,
308.13627090817874,71575,627,1177,26624,
308.1400223782941,71574,628,1177,26624,
308.1436349449021,71574,628,1176,26625,
308.1477906842109,71573,629,1176,26625,
308.1508619703776,71573,629,1175,26626,
308.1515735601737,71572,630,1175,26626,
308.1522897144029,71572,630,1174,26627,
308.15497580029796,71571,631,1174,26627,
308.15625260682947,71571,630,1175,26627,
308.1580781390748,71571,630,1174,26628,
308.1583509420309,71571,630,1173,26629,
308.16108739286136,71571,630,1172,26630,
308.16179167958603,71571,630,1171,26631,
308.1673533193898,71571,630,1170,26632,
308.1755943796657,71571,630,1169,26633,
308.18256623402846,71571,630,1168,26634,
308.1863835090513,71571,629,1169,26634,
308.19445126909136,71571,628,1170,26634,
308.1994777495358,71571,627,1171,26634,
308.20064482146967,71570,628,1171,26634,
308.2010981123152,71570,628,1170,26635,
308.20120389278225,71570,627,1171,26635,
308.20271040559186,71570,626,1172,26635,
308.2050520222997,71570,626,1171,26636,
308.2068320386719,71570,625,1172,26636,
308.20697266414885,71570,624,1173,26636,
308.2077403361224,71570,624,1172,26637,
308.2086409063358,71570,623,1173,26637,
308.2103487530386,71570,622,1174,26637,
308.21283379971175,71570,622,1173,26638,
308.21340995285937,71570,621,1174,26638,
308.22891409083735,71570,621,1173,26639,
308.23003387788464,71569,622,1173,26639,
308.23130869717374,71568,623,1173,26639,
308.23280856406495,71567,624,1173,26639,
308.2355873713186,71566,625,1173,26639,
308.2432857291512,71566,625,1172,26640,
308.2438592045032,71566,625,1171,26641,
308.24571006562877,71566,624,1172,26641,
308.259417148914,71566,624,1171,26642,
308.2612723015568,71566,623,1172,26642,
308.26184138844275,71566,623,1171,26643,
308.2649473871681,71566,622,1172,26643,
308.26604638307265,71565,623,1172,26643,
308.2661731796905,71564,624,1172,26643,
308.2693654511028,71563,625,1172,26643,
308.27303128938195,71562,626,1172,26643,
308.2758300021268,71562,626,1171,26644,
308.2777822623388,71561,627,1171,26644,
308.27971114838635,71560,628,1171,26644,
308.2831242023989,71560,628,1170,26645,
308.2862682824336,71560,627,1171,26645,
308.2872538747942,71560,626,1172,26645,
308.2917879991518,71560,625,1173,26645,
308.2941478492799,71560,624,1174,26645,
308.296668761193,71560,623,1175,26645,
308.2978741890151,71560,623,1174,26646,
308.30699648669565,71559,624,1174,26646,
308.30707826328904,71559,623,1175,26646,
308.3082076159529,71558,624,1175,26646,
308.3089016833933,71557,625,1175,26646,
308.3101423610621,71557,624,1176,26646,
308.31019581228423,71557,624,1175,26647,
308.3103843852426,71557,624,1174,26648,
308.31049392451445,71556,625,1174,26648,
308.31396523614154,71556,625,1173,26649,
308.3171417879751,71556,625,1172,26650,
308.3177764751935,71556,624,1173,26650,
308.32468553119884,71556,624,1172,26651,
308.3253821880565,71555,625,1172,26651,
308.3282459077404,71554,626,1172,26651,
308.3322355480703,71554,626,1171,26652,
308.33670204348624,71554,625,1172,26652,
308.33727512284975,71553,626,1172,26652,
308.3374288349992,71552,627,1172,26652,
308.3380268221561,71552,626,1173,26652,
308.3395518345573,71552,625,1174,26652,
308.34030188208027,71552,625,1173,26653,
308.344973285866,71552,625,1172,26654,
308.3532824711657,71551,626,1172,26654,
308.3580658672764,71550,627,1172,26654,
308.3627025289757,71549,628,1172,26654,
308.3644840678795,71548,629,1172,26654,
308.36475435722343,71547,630,1172,26654,
308.3648611946003,71546,631,1172,26654,
308.3649891500467,71546,630,1173,26654,
308.3727166666026,71546,629,1174,26654,
308.37446534061115,71546,629,1173,26655,
308.3755628712724,71546,629,1172,26656,
308.37730424685975,71545,630,1172,26656,
308.37760542337264,71544,631,1172,26656,
308.37904480447673,71544,630,1173,26656,
308.379533584919,71543,631,1173,26656,
308.3840391604462,71542,632,1173,26656,
308.384674980982,71542,631,1174,26656,
308.38815111063724,71542,631,1173,26657,
308.3883699272114,71542,631,1172,26658,
308.3912697874497,71542,630,1173,26658,
308.3913566479084,71542,630,1172,26659,
308.39200690954374,71542,630,1171,26660,
308.3924026899242,71542,629,1172,26660,
308.3924054988138,71542,628,1173,26660,
308.3938003113684,71541,629,1173,26660,
308.3963861470068,71541,628,1174,26660,
308.39731436137686,71541,628,1173,26661,
308.4002408682413,71541,627,1174,26661,
308.4062993404247,71541,627,1173,26662,
308.4101707786923,71541,627,1172,26663,
308.4107005077939,71540,628,1172,26663,
308.41457592743035,71539,629,1172,26663,
308.41761892058844,71539,629,1171,26664,
308.4177924058186,71539,628,1172,26664,
308.42693676244454,71539,628,1171,26665,
308.42905276740834,71539,627,1172,26665,
308.4294382987846,71539,627,1171,26666,
308.4320355893393,71539,627,1170,26667,
308.433813571532,71539,627,1169,26668,
308.43483668028756,71539,626,1170,26668,
308.4365646342088,71539,625,1171,26668,
308.43735203792454,71539,625,1170,26669,
308.43840158357204,71539,625,1169,26670,
308.4455127813482,71538,626,1169,26670,
308.4473002143996,71538,625,1170,26670,
308.4480071893321,71538,624,1171,26670,
308.4483283819031,71538,623,1172,26670,
308.4498932689802,71538,622,1173,26670,
308.4505373893861,71537,623,1173,26670,
308.4514199559274,71537,623,1172,26671,
308.4519179859641,71537,623,1171,26672,
308.45383590023977,71537,622,1172,26672,
308.4568097776967,71536,623,1172,26672,
308.4594018379576,71536,623,1171,26673,
308.4634303410507,71536,623,1170,26674,
308.46535525485916,71536,622,1171,26674,
308.4654717295837,71536,622,1170,26675,
308.4674770394045,71535,623,1170,26675,
308.47415989698675,71534,624,1170,26675,
308.4750887095772,71534,624,1169,26676,
308.48135736224356,71534,623,1170,26676,
308.4831871026359,71533,624,1170,26676,
308.48669748787063,71532,625,1170,26676,
308.490402472196,71531,626,1170,26676,
308.4910690495097,71531,626,1169,26677,
308.49585551230166,71531,625,1170,26677,
308.4988829631861,71530,626,1170,26677,
308.4989135860363,71529,627,1170,26677,
308.50153588321695,71528,628,1170,26677,
308.5031245867073,71527,629,1170,26677,
308.5036184558053,71526,630,1170,26677,
308.5042876666794,71526,630,1169,26678,
308.5103912103671,71526,629,1170,26678,
308.5111378752875,71526,629,1169,26679,
308.5126550369856,71525,630,1169,26679,
308.5147780775466,71525,630,1168,26680,
308.5148124134383,71525,630,1167,26681,
308.5151691702047,71525,630,1166,26682,
308.52072610946266,71525,629,1167,26682,
308.5210766639886,71525,629,1166,26683,
308.5216144625386,71525,629,1165,26684,
308.5223492657102,71524,630,1165,26684,
308.52702762387037,71524,629,1166,26684,
308.5332565374487,71523,630,1166,26684,
308.5340299050055,71523,629,1167,26684,
308.53655405229784,71522,630,1167,26684,
308.53971865032173,71522,630,1166,26685,
308.54139309405116,71521,631,1166,26685,
308.5465067812818,71520,632,1166,26685,
308.54961671141024,71519,633,1166,26685,
308.5516053195654,71518,634,1166,26685,
308.5519044694697,71517,635,1166,26685,
308.5524253887548,71517,634,1167,26685,
308.55614242302937,71517,634,1166,26686,
308.5631007899697,71517,634,1165,26687,
308.5646505212018,71517,633,1166,26687,
308.5646758641303,71516,634,1166,26687,
308.5728085602937,71516,633,1167,26687,
308.57446031838555,71516,633,1166,26688,
308.5747295103834,71516,632,1167,26688,
308.57917063521506,71515,633,1167,26688,
308.5797666487135,71514,634,1167,26688,
308.58108751116936,71514,634,1166,26689,
308.5821160789716,71514,634,1165,26690,
308.58853634539213,71513,635,1165,26690,
308.588916456558,71513,635,1164,26691,
308.5903229024815,71513,634,1165,26691,
308.5903516712265,71512,635,1165,26691,
308.59079676358743,71511,636,1165,26691,
308.5956689041789,71511,635,1166,26691,
308.6012822308119,71510,636,1166,26691,
308.60292697157314,71510,635,1167,26691,
308.611795587738,71510,635,1166,26692,
308.6165250370248,71509,636,1166,26692,
308.6172036613955,71509,635,1167,26692,
308.6228394448947,71509,634,1168,26692,
308.62838617750356,71509,634,1167,26693,
308.6302099271568,71509,633,1168,26693,
308.6339849271794,71509,633,1167,26694,
308.63569182427574,71508,634,1167,26694,
308.6379888038093,71508,633,1168,26694,
308.6384369499469,71507,634,1168,26694,
308.63907233478346,71507,634,1167,26695,
308.6451488353168,71506,635,1167,26695,
308.6456808901793,71506,635,1166,26696,
308.646897289138,71506,635,1165,26697,
308.6471583141863,71506,635,1164,26698,
308.6474786438286,71506,634,1165,26698,
308.65464858447166,71506,634,1164,26699,
308.6564079954678,71506,633,1165,26699,
308.66682227822827,71505,634,1165,26699,
308.67500042257865,71505,633,1166,26699,
308.67535529986134,71505,632,1167,26699,
308.6754326114273,71504,633,1167,26699,
308.67967640986876,71504,633,1166,26700,
308.6822697354778,71504,633,1165,26701,
308.6851187177889,71504,633,1164,26702,
308.68661096750884,71504,632,1165,26702,
308.686900981229,71504,631,1166,26702,
308.69623246064316,71504,631,1165,26703,
308.70097528554567,71503,632,1165,26703,
308.7014435499343,71502,633,1165,26703,
308.72012523798816,71501,634,1165,26703,
308.72279352652504,71500,635,1165,26703,
308.72399621996084,71500,634,1166,26703,
308.7252000597435,71500,634,1165,26704,
308.72684477531607,71500,633,1166,26704,
308.7280571105015,71499,634,1166,26704,
308.7314331449546,71499,634,1165,26705,
308.73388070951506,71498,635,1165,26705,
308.7339281305921,71498,635,1164,26706,
308.7340386458512,71498,634,1165,26706,
308.7368395012253,71497,635,1165,26706,
308.73732016299897,71497,634,1166,26706,
308.73872587231074,71497,634,1165,26707,
308.7419173360646,71496,635,1165,26707,
308.74248954889663,71496,634,1166,26707,
308.74584564976647,71496,634,1165,26708,
308.7489176307591,71496,634,1164,26709,
308.75067862251285,71496,633,1165,26709,
308.7526782715597,71495,634,1165,26709,
308.7564600499049,71495,633,1166,26709,
308.75998453880806,71495,632,1167,26709,
308.76256189480637,71495,632,1166,26710,
308.76509084386896,71495,632,1165,26711,
308.7670825975456,71494,633,1165,26711,
308.76943214291845,71493,634,1165,26711,
308.7747589317748,71492,635,1165,26711,
308.77665132522094,71492,635,1164,26712,
308.7789212736319,71492,635,1163,26713,
308.7804171859389,71492,635,1162,26714,
308.78226978858305,71492,634,1163,26714,
308.7823872883109,71492,634,1162,26715,
308.7862818175032,71491,635,1162,26715,
308.79025687404595,71490,636,1162,26715,
308.79070163088215,71490,636,1161,26716,
308.79245116832465,71490,636,1160,26717,
308.7986507668179,71489,637,1160,26717,
308.8024363682688,71489,636,1161,26717,
308.8042141087585,71489,636,1160,26718,
308.80438954090687,71489,635,1161,26718,
308.8062497335779,71489,635,1160,26719,
308.80647521527794,71489,634,1161,26719,
308.8129567245983,71488,635,1161,26719,
308.8145957140224,71488,635,1160,26720,
308.8257538102577,71488,634,1161,26720,
308.8286697709657,71488,634,1160,26721,
308.8310931917575,71488,633,1161,26721,
308.8356648196747,71488,633,1160,26722,
308.8377786650944,71488,633,1159,26723,
308.83812512042584,71488,632,1160,26723,
308.8421205915321,71488,631,1161,26723,
308.84258973101333,71488,631,1160,26724,
308.84688076808635,71488,630,1161,26724,
308.8490014933798,71488,629,1162,26724,
308.84907520355443,71488,629,1161,26725,
308.8495728358107,71487,630,1161,26725,
308.85251577153997,71487,629,1162,26725,
308.85338439644653,71487,629,1161,26726,
308.85547799113823,71487,629,1160,26727,
308.8580457203592,71487,629,1159,26728,
308.85878749762645,71487,629,1158,26729,
308.8598727143776,71486,630,1158,26729,
308.8623208335667,71486,629,1159,26729,
308.8634221481922,71486,629,1158,26730,
308.8652828954529,71486,628,1159,26730,
308.8661628909115,71486,628,1158,26731,
308.8663082289691,71485,629,1158,26731,
308.8689482563078,71485,628,1159,26731,
308.87143273293896,71484,629,1159,26731,
308.8749908571996,71484,628,1160,26731,
308.8808694101058,71484,628,1159,26732,
308.88148717501514,71484,628,1158,26733,
308.88385403509045,71484,628,1157,26734,
308.8845354997067,71484,628,1156,26735,
308.8874766030474,71484,627,1157,26735,
308.8900039597768,71484,626,1158,26735,
308.8928543236537,71484,625,1159,26735,
308.89377286093736,71484,624,1160,26735,
308.8941712414608,71484,623,1161,26735,
308.89969803829223,71484,622,1162,26735,
308.9015759034354,71484,622,1161,26736,
308.9028997526064,71484,622,1160,26737,
308.9041685298746,71484,622,1159,26738,
308.90768592365083,71484,622,1158,26739,
308.9102087362037,71483,623,1158,26739,
308.9147085616973,71482,624,1158,26739,
308.9166022611336,71482,624,1157,26740,
308.91729488830254,71482,623,1158,26740,
308.91775619970247,71481,624,1158,26740,
308.91787402323064,71481,623,1159,26740,
308.92075377969604,71480,624,1159,26740,
308.92340254764775,71480,623,1160,26740,
308.9237348845567,71480,623,1159,26741,
308.9290813187473,71479,624,1159,26741,
308.9315853887377,71479,624,1158,26742,
308.9372320949745,71479,624,1157,26743,
308.93872974022975,71479,624,1156,26744,
308.9398796065634,71479,623,1157,26744,
308.940614848868,71479,623,1156,26745,
308.94280950387883,71479,622,1157,26745,
308.94309318935734,71479,621,1158,26745,
308.9431196515686,71479,620,1159,26745,
308.9443811934094,71479,619,1160,26745,
308.9454958328461,71479,619,1159,26746,
308.94723078117795,71479,619,1158,26747,
308.9503957414447,71479,618,1159,26747,
308.9506186585309,71478,619,1159,26747,
308.9551382063237,71478,618,1160,26747,
308.9552091662336,71478,617,1161,26747,
308.95653767477046,71478,617,1160,26748,
308.95666578822517,71478,617,1159,26749,
308.9574557963983,71478,617,1158,26750,
308.95748722132623,71478,617,1157,26751,
308.95801468818917,71477,618,1157,26751,
308.95869321380127,71477,618,1156,26752,
308.9596158863165,71477,617,1157,26752,
308.9615910746684,71477,617,1156,26753,
308.9625164974346,71477,617,1155,26754,
308.9630745211125,71477,616,1156,26754,
308.96523045482337,71476,617,1156,26754,
308.96799103238186,71476,617,1155,26755,
308.9753126788615,71475,618,1155,26755,
308.9807627744511,71475,617,1156,26755,
308.9855551074161,71475,616,1157,26755,
308.986014429843,71475,615,1158,26755,
308.9931259064187,71475,614,1159,26755,
308.99902580727763,71475,613,1160,26755,
308.99977162150105,71475,613,1159,26756,
309.0019823085628,71475,613,1158,26757,
309.0024550209026,71475,612,1159,26757,
309.0028021163342,71474,613,1159,26757,
309.00432350305493,71474,612,1160,26757,
309.00482211462923,71474,612,1159,26758,
309.00536112573315,71474,611,1160,26758,
309.0071111747859,71474,610,1161,26758,
309.009064836782,71473,611,1161,26758,
309.01008206028513,71473,610,1162,26758,
309.0113190581813,71472,611,1162,26758,
309.01275429514106,71471,612,1162,26758,
309.01508087041094,71470,613,1162,26758,
309.0324205942485,71469,614,1162,26758,
309.047123225439,71469,613,1163,26758,
309.0558984474586,71469,612,1164,26758,
309.0583521559442,71469,612,1163,26759,
309.06978500915295,71468,613,1163,26759,
309.0705219242991,71468,613,1162,26760,
309.07222956944145,71467,614,1162,26760,
309.0729897275777,71467,613,1163,26760,
309.0743045033355,71467,613,1162,26761,
309.0778874921053,71467,613,1161,26762,
309.0817095557124,71467,613,1160,26763,
309.0823209065927,71466,614,1160,26763,
309.08409622388143,71466,614,1159,26764,
309.08424030411567,71465,615,1159,26764,
309.0859653117206,71465,615,1158,26765,
309.09014310543387,71465,614,1159,26765,
309.0938133619355,71464,615,1159,26765,
309.0985574665066,71464,615,1158,26766,
309.0995997786539,71464,615,1157,26767,
309.0996903129373,71464,615,1156,26768,
309.10133069616666,71464,615,1155,26769,
309.10148574652044,71463,616,1155,26769,
309.1024312651373,71463,615,1156,26769,
309.1076112352735,71463,615,1155,26770,
309.1106875921495,71462,616,1155,26770,
309.1137585745315,71462,615,1156,26770,
309.11502918701274,71462,614,1157,26770,
309.1163685856764,71462,613,1158,26770,
309.11899048060485,71462,613,1157,26771,
309.12033820773877,71462,613,1156,26772,
309.12085233924864,71462,612,1157,26772,
309.12087668055324,71461,613,1157,26772,
309.12354306665384,71461,612,1158,26772,
309.1266620177025,71461,612,1157,26773,
309.1274357140927,71461,612,1156,26774,
309.12913314457376,71460,613,1156,26774,
309.13168116368723,71460,612,1157,26774,
309.13832685819347,71460,612,1156,26775,
309.1455881911507,71459,613,1156,26775,
309.150397474505,71458,614,1156,26775,
309.15839163306833,71458,613,1157,26775,
309.16461921305137,71458,612,1158,26775,
309.1652546780906,71458,611,1159,26775,
309.1668174390888,71458,610,1160,26775,
309.17453071580934,71458,610,1159,26776,
309.184024486385,71458,610,1158,26777,
309.18490698680665,71457,611,1158,26777,
309.1869460193411,71457,611,1157,26778,
309.1890787173056,71457,611,1156,26779,
309.1910063620101,71457,611,1155,26780,
309.1931502828427,71456,612,1155,26780,
309.19367653013774,71455,613,1155,26780,
309.1966400175986,71454,614,1155,26780,
309.1979594328705,71454,613,1156,26780,
309.20043715349186,71453,614,1156,26780,
309.20289719710354,71452,615,1156,26780,
309.2089418166647,71452,614,1157,26780,
309.21072924069034,71452,613,1158,26780,
309.2137373967699,71451,614,1158,26780,
309.2150584681111,71451,613,1159,26780,
309.215400120482,71451,613,1158,26781,
309.2166965081813,71451,613,1157,26782,
309.2208473381577,71451,612,1158,26782,
309.2241104416162,71451,611,1159,26782,
309.22414791972074,71451,611,1158,26783,
309.22559241078187,71451,610,1159,26783,
309.2260325672706,71451,610,1158,26784,
309.23531038159535,71451,609,1159,26784,
309.2438557922632,71451,609,1158,26785,
309.2441791251542,71451,609,1157,26786,
309.2450687558581,71451,609,1156,26787,
309.2471264371458,71451,609,1155,26788,
309.25021754826935,71451,609,1154,26789,
309.2540594557984,71451,608,1155,26789,
309.25456307100416,71450,609,1155,26789,
309.2546774345323,71449,610,1155,26789,
309.2586897396223,71449,610,1154,26790,
309.2606917209421,71449,609,1155,26790,
309.2631745794155,71448,610,1155,26790,
309.26490930597856,71447,611,1155,26790,
309.2660526702172,71447,611,1154,26791,
309.271156825018,71446,612,1154,26791,
309.27249814440734,71446,612,1153,26792,
309.27494426590437,71446,612,1152,26793,
309.27579822724806,71446,612,1151,26794,
309.2758701034679,71445,613,1151,26794,
309.2769447657733,71444,614,1151,26794,
309.2798666068851,71444,614,1150,26795,
309.28151600707196,71444,614,1149,26796,
309.2822153469753,71443,615,1149,26796,
309.29019479128846,71443,615,1148,26797,
309.29278009063205,71443,615,1147,26798,
309.293274634593,71442,616,1147,26798,
309.293736836049,71442,615,1148,26798,
309.29675589423084,71441,616,1148,26798,
309.29753492970315,71440,617,1148,26798,
309.2980772961235,71439,618,1148,26798,
309.2986002264389,71439,618,1147,26799,
309.3002114686129,71439,617,1148,26799,
309.30436428610335,71439,616,1149,26799,
309.3056248522837,71439,616,1148,26800,
309.3062146934408,71439,616,1147,26801,
309.30714883181486,71439,615,1148,26801,
309.3102064235277,71439,614,1149,26801,
309.31311492565385,71438,615,1149,26801,
309.313862527463,71437,616,1149,26801,
309.3156501440865,71437,615,1150,26801,
309.31907070744353,71436,616,1150,26801,
309.3237600239329,71436,615,1151,26801,
309.3284501540095,71436,615,1150,26802,
309.33685076169945,71436,614,1151,26802,
309.3393144837657,71436,613,1152,26802,
309.3427353622336,71435,614,1152,26802,
309.3469471217258,71435,613,1153,26802,
309.3481068006395,71435,613,1152,26803,
309.3577671653969,71435,612,1153,26803,
309.3683365719958,71435,611,1154,26803,
309.3685972144573,71434,612,1154,26803,
309.37193928509134,71433,613,1154,26803,
309.3782342210718,71433,613,1153,26804,
309.3806726593096,71433,612,1154,26804,
309.3878105690461,71433,612,1153,26805,
309.38907385951467,71433,611,1154,26805,
309.39126756128815,71433,610,1155,26805,
309.3924777789869,71433,610,1154,26806,
309.39382894379366,71432,611,1154,26806,
309.3963293469606,71432,611,1153,26807,
309.39764038231283,71432,610,1154,26807,
309.40843964010946,71432,610,1153,26808,
309.410129723683,71431,611,1153,26808,
309.4109579607807,71431,610,1154,26808,
309.4171253660042,71431,610,1153,26809,
309.41802250022744,71431,609,1154,26809,
309.4245852209297,71431,609,1153,26810,
309.4340854551593,71431,609,1152,26811,
309.4359564647587,71431,609,1151,26812,
309.43645019673363,71431,608,1152,26812,
309.44760186262675,71431,608,1151,26813,
309.4499496072419,71431,608,1150,26814,
309.45023589234756,71431,607,1151,26814,
309.4504015951137,71431,607,1150,26815,
309.4516518386569,71431,606,1151,26815,
309.458019641153,71430,607,1151,26815,
309.45835024661716,71429,608,1151,26815,
309.45843623114297,71429,608,1150,26816,
309.4620933412609,71429,608,1149,26817,
309.46489814570066,71428,609,1149,26817,
309.46840451714365,71428,609,1148,26818,
309.4704973829402,71428,608,1149,26818,
309.47155903197506,71427,609,1149,26818,
309.47414573278536,71426,610,1149,26818,
309.4756894202555,71425,611,1149,26818,
309.47665899757317,71424,612,1149,26818,
309.47673830194026,71424,612,1148,26819,
309.4790771165329,71423,613,1148,26819,
309.4825805475229,71423,612,1149,26819,
309.48273829232477,71423,611,1150,26819,
309.4850234337555,71423,611,1149,26820,
309.4922203557788,71423,610,1150,26820,
309.4922497346398,71423,609,1151,26820,
309.49526155007226,71423,609,1150,26821,
309.4960458076497,71422,610,1150,26821,
309.49731750523034,71422,610,1149,26822,
309.50101876442295,71422,609,1150,26822,
309.50114139497714,71422,608,1151,26822,
309.501651716976,71421,609,1151,26822,
309.5023648044522,71421,608,1152,26822,
309.5077538837744,71421,607,1153,26822,
309.5078675294302,71420,608,1153,26822,
309.5119539561096,71419,609,1153,26822,
309.51220729343027,71418,610,1153,26822,
309.51280383949575,71418,610,1152,26823,
309.51301386063625,71418,609,1153,26823,
309.5215073271815,71418,608,1154,26823,
309.52185467983264,71418,607,1155,26823,
309.52506818817653,71418,607,1154,26824,
309.52538904999767,71418,606,1155,26824,
309.52631943595514,71417,607,1155,26824,
309.5279476603613,71417,607,1154,26825,
309.52841912255406,71417,606,1155,26825,
309.53286570161254,71417,606,1154,26826,
309.5426607517336,71416,607,1154,26826,
309.54599439115924,71415,608,1154,26826,
309.54784148359715,71415,608,1153,26827,
309.5523974660897,71414,609,1153,26827,
309.553706203427,71414,609,1152,26828,
309.5542379252907,71414,609,1151,26829,
309.5547323663036,71414,609,1150,26830,
309.56272230283116,71414,609,1149,26831,
309.5644141868437,71414,609,1148,26832,
309.5670183592878,71414,609,1147,26833,
309.5681416853152,71414,609,1146,26834,
309.5708609125411,71414,608,1147,26834,
309.5766513136458,71414,607,1148,26834,
309.5785682946918,71413,608,1148,26834,
309.5807870004152,71412,609,1148,26834,
309.58187394300376,71411,610,1148,26834,
309.58356834445135,71411,610,1147,26835,
309.5887712964321,71411,609,1148,26835,
309.5909041691068,71411,608,1149,26835,
309.60285548883616,71411,607,1150,26835,
309.60315104621486,71411,607,1149,26836,
309.60351322583637,71411,606,1150,26836,
309.6077273010212,71410,607,1150,26836,
309.61090203062355,71409,608,1150,26836,
309.61370205459997,71409,607,1151,26836,
309.6187298987595,71408,608,1151,26836,
309.6224775861203,71407,609,1151,26836,
309.6267484384731,71407,608,1152,26836,
309.63018524559783,71407,608,1151,26837,
309.63042947601645,71406,609,1151,26837,
309.6333584614814,71406,608,1152,26837,
309.6339839211866,71405,609,1152,26837,
309.636917926017,71404,610,1152,26837,
309.6386861185462,71404,610,1151,26838,
309.6408279042719,71404,609,1152,26838,
309.6418315516633,71404,609,1151,26839,
309.6423322223497,71404,609,1150,26840,
309.647567601806,71404,608,1151,26840,
309.6479841008482,71403,609,1151,26840,
309.64834650134617,71403,609,1150,26841,
309.64919159795863,71402,610,1150,26841,
309.6497266882768,71402,610,1149,26842,
309.64979244731035,71401,611,1149,26842,
309.65750431727236,71401,611,1148,26843,
309.65896718822376,71401,611,1147,26844,
309.6594827270229,71401,610,1148,26844,
309.6600556349935,71401,610,1147,26845,
309.66022600995416,71400,611,1147,26845,
309.66282197009434,71400,611,1146,26846,
309.665208022294,71400,611,1145,26847,
309.66538930723056,71400,611,1144,26848,
309.66914708695475,71400,611,1143,26849,
309.6741780633587,71400,610,1144,26849,
309.67606350469003,71400,610,1143,26850,
309.6788638483595,71399,611,1143,26850,
309.67971826095817,71398,612,1143,26850,
309.6797339728121,71398,612,1142,26851,
309.68080543772965,71398,612,1141,26852,
309.68323476506436,71398,611,1142,26852,
309.68806499667454,71397,612,1142,26852,
309.6908984267514,71397,612,1141,26853,
309.69169911469373,71396,613,1141,26853,
309.69185952915353,71395,614,1141,26853,
309.6993958561701,71394,615,1141,26853,
309.70221551180094,71393,616,1141,26853,
309.70365502717647,71393,615,1142,26853,
309.7062693114675,71393,615,1141,26854,
309.7069325706393,71393,615,1140,26855,
309.70823646208805,71393,615,1139,26856,
309.70948631216385,71393,615,1138,26857,
309.71073324132675,71393,614,1139,26857,
309.71345496515937,71392,615,1139,26857,
309.71566419830464,71392,615,1138,26858,
309.7161199044154,71392,615,1137,26859,
309.71900910963564,71392,615,1136,26860,
309.7212177443756,71392,614,1137,26860,
309.72350342616704,71392,613,1138,26860,
309.7243120687426,71391,614,1138,26860,
309.7254012996588,71390,615,1138,26860,
309.7289525260115,71389,616,1138,26860,
309.7348840985708,71389,615,1139,26860,
309.73513862126487,71388,616,1139,26860,
309.7356312261513,71388,616,1138,26861,
309.7362920322349,71387,617,1138,26861,
309.74360489393086,71387,617,1137,26862,
309.7464975805505,71386,618,1137,26862,
309.749081918835,71386,617,1138,26862,
309.75148164959893,71385,618,1138,26862,
309.75191921121177,71385,618,1137,26863,
309.7544356604847,71385,618,1136,26864,
309.75799211495706,71385,618,1135,26865,
309.7588701543528,71384,619,1135,26865,
309.7594319889997,71384,619,1134,26866,
309.76214926228164,71383,620,1134,26866,
309.7630876368506,71382,621,1134,26866,
309.76400578839457,71382,620,1135,26866,
309.76443959766675,71381,621,1135,26866,
309.76621655868956,71380,622,1135,26866,
309.76988623405896,71379,623,1135,26866,
309.7703348865979,71378,624,1135,26866,
309.7706353044381,71378,624,1134,26867,
309.77241190142604,71378,624,1133,26868,
309.77423457342604,71378,623,1134,26868,
309.7744092611619,71378,622,1135,26868,
309.77479084881645,71377,623,1135,26868,
309.77585436473635,71376,624,1135,26868,
309.78039103459247,71376,624,1134,26869,
309.78429141691396,71375,625,1134,26869,
309.78511740314923,71375,625,1133,26870,
309.7880842248291,71375,625,1132,26871,
309.7905319841568,71375,625,1131,26872,
309.79297204110264,71374,626,1131,26872,
309.797989464084,71373,627,1131,26872,
309.8021700062125,71373,627,1130,26873,
309.8064479618078,71373,627,1129,26874,
309.8077134283087,71372,628,1129,26874,
309.8114604740248,71372,627,1130,26874,
309.814450844837,71372,626,1131,26874,
309.8161117751723,71372,626,1130,26875,
309.8180419557467,71371,627,1130,26875,
309.8190335102543,71371,626,1131,26875,
309.8190389319395,71371,626,1130,26876,
309.8201995553922,71370,627,1130,26876,
309.8235361226867,71370,626,1131,26876,
309.82640990081467,71370,625,1132,26876,
309.8370868719353,71370,624,1133,26876,
309.83775376871023,71369,625,1133,26876,
309.8398053458551,71368,626,1133,26876,
309.84076854219546,71367,627,1133,26876,
309.8430256522011,71367,626,1134,26876,
309.84518171937555,71366,627,1134,26876,
309.84645165427696,71366,626,1135,26876,
309.8513434933463,71366,626,1134,26877,
309.8540809927709,71366,626,1133,26878,
309.8541933720594,71365,627,1133,26878,
309.85776401620717,71365,626,1134,26878,
309.859438978792,71365,625,1135,26878,
309.86484413242613,71365,625,1134,26879,
309.86643712744046,71365,625,1133,26880,
309.8708441463191,71365,625,1132,26881,
309.87187337918124,71364,626,1132,26881,
309.87278423132733,71364,626,1131,26882,
309.87667417092877,71364,625,1132,26882,
309.8892631381263,71364,624,1133,26882,
309.89294637100295,71364,623,1134,26882,
309.894688709591,71363,624,1134,26882,
309.8948966309212,71363,623,1135,26882,
309.9019481280272,71363,623,1134,26883,
309.9035270285473,71363,622,1135,26883,
309.9067337170854,71363,622,1134,26884,
309.90890054231636,71363,622,1133,26885,
309.90905343638565,71362,623,1133,26885,
309.9099161057457,71362,623,1132,26886,
309.9146956886964,71362,622,1133,26886,
309.91551623258306,71362,622,1132,26887,
309.92272063072585,71362,622,1131,26888,
309.923371898509,71362,621,1132,26888,
309.92374884047,71362,621,1131,26889,
309.9314713305701,71362,620,1132,26889,
309.93256042145754,71362,619,1133,26889,
309.9328778867208,71362,619,1132,26890,
309.93374370881065,71361,620,1132,26890,
309.9359493318841,71361,619,1133,26890,
309.93596588454733,71361,618,1134,26890,
309.93622657974925,71361,617,1135,26890,
309.93842211136626,71361,616,1136,26890,
309.9469236372625,71361,616,1135,26891,
309.9471533765004,71361,615,1136,26891,
309.94787369318243,71361,614,1137,26891,
309.94992796281264,71360,615,1137,26891,
309.9502048224482,71360,614,1138,26891,
309.9534154934854,71360,614,1137,26892,
309.9548384797947,71359,615,1137,26892,
309.9588943725122,71358,616,1137,26892,
309.9595887667351,71358,615,1138,26892,
309.9601725729455,71357,616,1138,26892,
309.9606484173993,71356,617,1138,26892,
309.9616718710944,71355,618,1138,26892,
309.9647290133333,71355,618,1137,26893,
309.96526626277125,71355,618,1136,26894,
309.9655481309485,71355,617,1137,26894,
309.965933424845,71355,616,1138,26894,
309.9666008758365,71354,617,1138,26894,
309.96705482345845,71354,616,1139,26894,
309.9709124879063,71353,617,1139,26894,
309.9762184747445,71353,617,1138,26895,
309.9767403887009,71352,618,1138,26895,
309.97830341380154,71352,618,1137,26896,
309.9788655202615,71351,619,1137,26896,
309.98841935857854,71351,619,1136,26897,
309.9895604553987,71350,620,1136,26897,
309.99199564845713,71349,621,1136,26897,
309.9924850172744,71349,621,1135,26898,
309.9936113802395,71349,620,1136,26898,
309.99566664713126,71349,620,1135,26899,
309.9995251928091,71348,621,1135,26899,
309.99998022709497,71348,621,1134,26900,
310.00437759401376,71348,621,1133,26901,
310.00672045950813,71348,620,1134,26901,
310.01065884369655,71348,619,1135,26901,
310.01154409910157,71348,619,1134,26902,
310.0129929601064,71347,620,1134,26902,
310.0167456389846,71346,621,1134,26902,
310.01739465453585,71346,621,1133,26903,
310.01948723887057,71345,622,1133,26903,
310.0260378908647,71345,622,1132,26904,
310.0296369165668,71345,622,1131,26905,
310.0307743969696,71345,621,1132,26905,
310.0332281071816,71345,621,1131,26906,
310.03518494316035,71345,620,1132,26906,
310.03609834061353,71345,620,1131,26907,
310.04043889225983,71345,620,1130,26908,
310.0407680098221,71345,619,1131,26908,
310.04578507727615,71345,618,1132,26908,
310.0463849903767,71345,617,1133,26908,
310.04693089709565,71345,617,1132,26909,
310.0650221256471,71345,617,1131,26910,
310.06814888058074,71345,617,1130,26911,
310.07093091166615,71345,616,1131,26911,
310.07465131251024,71344,617,1131,26911,
310.07561338052767,71343,618,1131,26911,
310.07745695795904,71343,618,1130,26912,
310.07878613832713,71343,617,1131,26912,
310.0813448275576,71342,618,1131,26912,
310.08196926269665,71342,617,1132,26912,
310.08992494862156,71342,617,1131,26913,
310.0909342310911,71341,618,1131,26913,
310.0921908524891,71341,618,1130,26914,
310.0975598677714,71341,617,1131,26914,
310.1065821938341,71341,617,1130,26915,
310.11133306824786,71341,617,1129,26916,
310.1148122755267,71340,618,1129,26916,
310.1174382419595,71339,619,1129,26916,
310.1241301782914,71339,618,1130,26916,
310.1266145232293,71338,619,1130,26916,
310.1304405450356,71338,618,1131,26916,
310.13363973433337,71338,617,1132,26916,
310.13778834694585,71338,616,1133,26916,
310.143411793193,71337,617,1133,26916,
310.1489819366725,71337,616,1134,26916,
310.15103730132427,71337,616,1133,26917,
310.15280348685747,71336,617,1133,26917,
310.15282305290873,71336,617,1132,26918,
310.1537938411438,71335,618,1132,26918,
310.15547350775654,71335,618,1131,26919,
310.15593480707787,71334,619,1131,26919,
310.1609845736713,71333,620,1131,26919,
310.1624793340162,71333,619,1132,26919,
310.1637102833782,71333,618,1133,26919,
310.1663790978253,71333,618,1132,26920,
310.16758327619186,71333,617,1133,26920,
310.16984120232985,71333,617,1132,26921,
310.17338882884576,71333,616,1133,26921,
310.17657696245004,71332,617,1133,26921,
310.17720118090625,71331,618,1133,26921,
310.1775454044617,71331,617,1134,26921,
310.1845450892097,71331,616,1135,26921,
310.18533536456795,71331,616,1134,26922,
310.1854894953567,71331,615,1135,26922,
310.1860499535578,71331,615,1134,26923,
310.190180711811,71330,616,1134,26923,
310.19318897901564,71330,615,1135,26923,
310.19570749907933,71330,614,1136,26923,
310.19830654143607,71330,613,1137,26923,
310.1995090175357,71330,612,1138,26923,
310.20509966291036,71329,613,1138,26923,
310.2100858212339,71329,613,1137,26924,
310.2130373235606,71328,614,1137,26924,
310.2166237544873,71328,613,1138,26924,
310.2191864423964,71327,614,1138,26924,
310.2212146759372,71326,615,1138,26924,
310.22313519997385,71325,616,1138,26924,
310.2247958422973,71324,617,1138,26924,
310.2249474666645,71324,617,1137,26925,
310.228190046167,71324,617,1136,26926,
310.2284138066035,71324,616,1137,26926,
310.2342052837981,71324,615,1138,26926,
310.2384816983109,71323,616,1138,26926,
310.2449915329071,71323,616,1137,26927,
310.24618173450574,71322,617,1137,26927,
310.2471186289695,71322,616,1138,26927,
310.2509766858716,71322,616,1137,26928,
310.2540678334938,71322,616,1136,26929,
310.25471473704096,71322,616,1135,26930,
310.2553598624581,71321,617,1135,26930,
310.25662055792594,71321,616,1136,26930,
310.2580281166712,71321,615,1137,26930,
310.26191949238677,71321,614,1138,26930,
310.2641734481188,71321,614,1137,26931,
310.26417416485833,71320,615,1137,26931,
310.2644076885772,71319,616,1137,26931,
310.27625626675234,71318,617,1137,26931,
310.27724285833574,71318,616,1138,26931,
310.2835112286222,71318,616,1137,26932,
310.2862500192101,71318,615,1138,26932,
310.2866345575962,71318,615,1137,26933,
310.2917207031095,71318,615,1136,26934,
310.2927881666004,71318,615,1135,26935,
310.29289635843935,71317,616,1135,26935,
310.29333542307023,71316,617,1135,26935,
310.294134184915,71316,616,1136,26935,
310.30946956864125,71315,617,1136,26935,
310.3119789916077,71314,618,1136,26935,
310.3126557606536,71313,619,1136,26935,
310.31670313855534,71313,619,1135,26936,
310.317614648104,71313,619,1134,26937,
310.3185691780021,71313,619,1133,26938,
310.3187597828628,71313,619,1132,26939,
310.3190998311727,71313,618,1133,26939,
310.3204552386912,71313,617,1134,26939,
310.3230699190314,71313,616,1135,26939,
310.3242848247389,71312,617,1135,26939,
310.32507588085815,71312,616,1136,26939,
310.3262641280625,71311,617,1136,26939,
310.32651137488335,71311,617,1135,26940,
310.3276906919649,71311,617,1134,26941,
310.3283888999759,71310,618,1134,26941,
310.32900305294874,71310,617,1135,26941,
310.33055974372166,71310,616,1136,26941,
310.33249787926286,71310,616,1135,26942,
310.33864794314655,71309,617,1135,26942,
310.338661166137,71308,618,1135,26942,
310.3423490177066,71308,617,1136,26942,
310.34313158316047,71308,617,1135,26943,
310.346070701351,71308,617,1134,26944,
310.3623779343314,71307,618,1134,26944,
310.3626329821799,71306,619,1134,26944,
310.363793062012,71305,620,1134,26944,
310.36719301468696,71304,621,1134,26944,
310.3761570811354,71304,621,1133,26945,
310.3769023497265,71304,620,1134,26945,
310.37803651806416,71303,621,1134,26945,
310.3880322349056,71302,622,1134,26945,
310.38872671160243,71301,623,1134,26945,
310.39421640320296,71300,624,1134,26945,
310.3960462658998,71300,624,1133,26946,
310.3981649487153,71300,623,1134,26946,
310.40059426871335,71300,622,1135,26946,
310.4023920542475,71300,622,1134,26947,
310.40296327416917,71300,621,1135,26947,
310.4064136924712,71300,621,1134,26948,
310.4070230497119,71300,620,1135,26948,
310.40782461791935,71300,619,1136,26948,
310.40939543689484,71299,620,1136,26948,
310.41162500208185,71299,619,1137,26948,
310.41192839332507,71299,618,1138,26948,
310.4187333896055,71299,618,1137,26949,
310.421235817473,71299,617,1138,26949,
310.42689910684555,71298,618,1138,26949,
310.42879863939174,71298,617,1139,26949,
310.4304206116974,71298,616,1140,26949,
310.4359618408566,71298,616,1139,26950,
310.43623252346765,71297,617,1139,26950,
310.4373254622846,71297,616,1140,26950,
310.4444528700783,71297,616,1139,26951,
310.4446371751806,71297,615,1140,26951,
310.4471028867622,71297,614,1141,26951,
310.44825843168354,71297,614,1140,26952,
310.44897149799783,71296,615,1140,26952,
310.4501804383253,71296,614,1141,26952,
310.45519346295697,71296,614,1140,26953,
310.45799546301765,71295,615,1140,26953,
310.4588453573773,71295,615,1139,26954,
310.46170323401924,71295,614,1140,26954,
310.4640078767707,71295,614,1139,26955,
310.46435132025437,71295,614,1138,26956,
310.4692041962447,71294,615,1138,26956,
310.47028709959767,71294,614,1139,26956,
310.47424873326776,71294,613,1140,26956,
310.47652061577867,71294,612,1141,26956,
310.4781249462299,71294,611,1142,26956,
310.48023824492253,71294,610,1143,26956,
310.48262848527344,71294,609,1144,26956,
310.4917385237933,71294,609,1143,26957,
310.4927885419859,71294,609,1142,26958,
310.4939255308556,71294,609,1141,26959,
310.4962245388613,71294,609,1140,26960,
310.4968769868892,71293,610,1140,26960,
310.4970671745692,71293,610,1139,26961,
310.4971415979873,71293,609,1140,26961,
310.50081637683917,71293,608,1141,26961,
310.50325866615077,71293,608,1140,26962,
310.5046018992173,71293,607,1141,26962,
310.5053432659814,71292,608,1141,26962,
310.5090896166756,71291,609,1141,26962,
310.51104676835587,71291,608,1142,26962,
310.5131586414263,71291,607,1143,26962,
310.5140610086441,71291,607,1142,26963,
310.51627638691036,71291,607,1141,26964,
310.52260398154584,71291,607,1140,26965,
310.5242191784564,71291,606,1141,26965,
310.5267022432536,71290,607,1141,26965,
310.52937599869955,71289,608,1141,26965,
310.5311433110842,71289,608,1140,26966,
310.5324517679332,71288,609,1140,26966,
310.534902500549,71288,608,1141,26966,
310.53684263129435,71288,607,1142,26966,
310.538459733645,71287,608,1142,26966,
310.53866223016973,71287,608,1141,26967,
310.5391483074544,71287,607,1142,26967,
310.5429497810973,71287,606,1143,26967,
310.54742870332217,71287,605,1144,26967,
310.5476446542229,71287,605,1143,26968,
310.5525729978571,71286,606,1143,26968,
310.55322769811255,71286,605,1144,26968,
310.555610301291,71286,604,1145,26968,
310.5557745763233,71285,605,1145,26968,
310.5567206221623,71285,604,1146,26968,
310.56172759039987,71285,603,1147,26968,
310.565432273761,71284,604,1147,26968,
310.568207882806,71284,604,1146,26969,
310.56899097849913,71284,603,1147,26969,
310.5730024131611,71284,602,1148,26969,
310.57622297994095,71284,601,1149,26969,
310.57812803765313,71284,601,1148,26970,
310.57889844269334,71283,602,1148,26970,
310.57944851954585,71283,601,1149,26970,
310.5807095184245,71282,602,1149,26970,
310.584436432645,71282,602,1148,26971,
310.5883266319699,71281,603,1148,26971,
310.58894995217025,71280,604,1148,26971,
310.58949065337043,71280,603,1149,26971,
310.5915316190957,71280,603,1148,26972,
310.59514041514785,71280,603,1147,26973,
310.60419141152505,71280,602,1148,26973,
310.6060288822976,71280,602,1147,26974,
310.6079376356271,71280,601,1148,26974,
310.6216454401669,71280,600,1149,26974,
310.6236534249507,71279,601,1149,26974,
310.6274574878839,71279,600,1150,26974,
310.62907337246617,71278,601,1150,26974,
310.63220025768874,71278,601,1149,26975,
310.6338766400241,71278,600,1150,26975,
310.6359382956617,71278,600,1149,26976,
310.63976369106996,71277,601,1149,26976,
310.64046511300336,71277,600,1150,26976,
310.6410242246819,71276,601,1150,26976,
310.6487774008992,71276,600,1151,26976,
310.65962005430333,71276,600,1150,26977,
310.6628256293056,71275,601,1150,26977,
310.6700472584836,71275,600,1151,26977,
310.6705254187424,71275,599,1152,26977,
310.67097554352347,71275,599,1151,26978,
310.6735407313975,71274,600,1151,26978,
310.6737342044146,71273,601,1151,26978,
310.67543852818227,71272,602,1151,26978,
310.67790720118853,71272,602,1150,26979,
310.6787060181639,71271,603,1150,26979,
310.6792946185787,71271,603,1149,26980,
310.6794918277876,71271,602,1150,26980,
310.68159253132075,71271,602,1149,26981,
310.68248278982554,71270,603,1149,26981,
310.68347242206767,71270,603,1148,26982,
310.68738504469854,71270,602,1149,26982,
310.68871336256706,71269,603,1149,26982,
310.68880709631134,71269,603,1148,26983,
310.6888342235934,71269,602,1149,26983,
310.69008395976164,71268,603,1149,26983,
310.6913490748931,71268,603,1148,26984,
310.69253650131964,71268,603,1147,26985,
310.69495172250447,71268,603,1146,26986,
310.6982364851494,71267,604,1146,26986,
310.69924066231545,71266,605,1146,26986,
310.7043555260635,71266,605,1145,26987,
310.7046539828567,71265,606,1145,26987,
310.7061128306204,71265,606,1144,26988,
310.70633627699414,71265,606,1143,26989,
310.7068408765105,71265,606,1142,26990,
310.7083516459896,71265,606,1141,26991,
310.71140117753436,71265,605,1142,26991,
310.7115000039655,71265,605,1141,26992,
310.7154325324063,71264,606,1141,26992,
310.71733309240267,71264,606,1140,26993,
310.72174934505597,71264,605,1141,26993,
310.7248198318354,71263,606,1141,26993,
310.72601392636017,71263,606,1140,26994,
310.7287454292013,71263,605,1141,26994,
310.72981109317914,71262,606,1141,26994,
310.7302067401966,71262,606,1140,26995,
310.734147169786,71262,605,1141,26995,
310.7389246611115,71261,606,1141,26995,
310.7401535404567,71261,605,1142,26995,
310.7434241625463,71261,605,1141,26996,
310.7449166304797,71261,604,1142,26996,
310.7508121559973,71260,605,1142,26996,
310.7518336601965,71260,605,1141,26997,
310.75477448307964,71259,606,1141,26997,
310.75513369063856,71258,607,1141,26997,
310.75524712552874,71257,608,1141,26997,
310.758588287303,71256,609,1141,26997,
310.76141071023306,71256,609,1140,26998,
310.763600901461,71255,610,1140,26998,
310.764485766286,71255,609,1141,26998,
310.7673081768522,71255,609,1140,26999,
310.76902097600515,71255,609,1139,27000,
310.7704909344042,71255,608,1140,27000,
310.77301130632503,71255,607,1141,27000,
310.77553819785123,71255,606,1142,27000,
310.7789902635746,71255,605,1143,27000,
310.78969110455364,71255,605,1142,27001,
310.7899492843878,71255,605,1141,27002,
310.79322262805965,71255,605,1140,27003,
310.80470794559614,71255,605,1139,27004,
310.8048483868756,71255,605,1138,27005,
310.807472877206,71254,606,1138,27005,
310.80979817835816,71253,607,1138,27005,
310.81263045842394,71252,608,1138,27005,
310.8141588529934,71252,607,1139,27005,
310.8151214574001,71252,606,1140,27005,
310.81750934182907,71252,606,1139,27006,
310.8191769030535,71252,606,1138,27007,
310.8210121290079,71252,606,1137,27008,
310.82355911179616,71251,607,1137,27008,
310.8247887882427,71250,608,1137,27008,
310.825549177835,71250,607,1138,27008,
310.8290208340609,71249,608,1138,27008,
310.82990237874407,71249,607,1139,27008,
310.8300792497161,71248,608,1139,27008,
310.83434684757964,71248,608,1138,27009,
310.8357887506109,71247,609,1138,27009,
310.8366611528879,71247,609,1137,27010,
310.83922670227923,71247,608,1138,27010,
310.8400907366387,71247,607,1139,27010,
310.8402369511328,71247,607,1138,27011,
310.8417359371302,71247,607,1137,27012,
310.84244649629767,71246,608,1137,27012,
310.84786008996645,71245,609,1137,27012,
310.852214707677,71245,609,1136,27013,
310.8532590307945,71245,609,1135,27014,
310.8545109288959,71245,609,1134,27015,
310.85824690900733,71245,608,1135,27015,
310.8590690961144,71245,607,1136,27015,
310.85941815494346,71245,606,1137,27015,
310.86032427404706,71245,605,1138,27015,
310.8624282087777,71245,605,1137,27016,
310.86674911418356,71245,605,1136,27017,
310.8677078600012,71245,604,1137,27017,
310.8680313928974,71244,605,1137,27017,
310.8743057080147,71244,605,1136,27018,
310.8744371103704,71244,605,1135,27019,
310.89358203505475,71243,606,1135,27019,
310.9028107103506,71243,605,1136,27019,
310.90385304368397,71243,604,1137,27019,
310.910501504964,71242,605,1137,27019,
310.9122926739937,71242,604,1138,27019,
310.91390190480115,71242,604,1137,27020,
310.91575796161584,71241,605,1137,27020,
310.9184187004222,71241,604,1138,27020,
310.9248144245553,71241,603,1139,27020,
310.9275971961979,71241,602,1140,27020,
310.9279672960753,71241,601,1141,27020,
310.92822307957897,71241,601,1140,27021,
310.93703118064985,71241,600,1141,27021,
310.93762031836934,71240,601,1141,27021,
310.9383967709086,71240,600,1142,27021,
310.9411083043694,71240,599,1143,27021,
310.9418550895616,71240,599,1142,27022,
310.9449513239012,71240,598,1143,27022,
310.95114430588353,71240,598,1142,27023,
310.95612703599716,71240,598,1141,27024,
310.9664175336816,71239,599,1141,27024,
310.9673489399114,71238,600,1141,27024,
310.9676194334945,71238,600,1140,27025,
310.9714282389429,71238,600,1139,27026,
310.9716482032441,71238,600,1138,27027,
310.9720373148621,71237,601,1138,27027,
310.97561407132537,71236,602,1138,27027,
310.9761916313816,71236,602,1137,27028,
310.9787278768249,71236,602,1136,27029,
310.98227990089663,71236,601,1137,27029,
310.9842468604225,71236,600,1138,27029,
310.98629616469776,71236,600,1137,27030,
310.98711238562225,71236,600,1136,27031,
310.9917655415964,71235,601,1136,27031,
310.99396169494713,71235,601,1135,27032,
310.99857562662027,71234,602,1135,27032,
310.9986497391092,71233,603,1135,27032,
311.00445084940446,71232,604,1135,27032,
311.0066958748335,71232,603,1136,27032,
311.0103786711411,71232,603,1135,27033,
311.0139100600335,71232,603,1134,27034,
311.01468563508007,71232,602,1135,27034,
311.02562673437166,71232,601,1136,27034,
311.02691782958493,71231,602,1136,27034,
311.02720225046767,71230,603,1136,27034,
311.027718965415,71230,603,1135,27035,
311.0294060910685,71230,602,1136,27035,
311.0318300760258,71230,601,1137,27035,
311.03243834848894,71229,602,1137,27035,
311.033567203503,71229,602,1136,27036,
311.037374293498,71229,601,1137,27036,
311.03847078950633,71229,601,1136,27037,
311.0394743118768,71229,600,1137,27037,
311.0419501825324,71229,600,1136,27038,
311.0425359068653,71228,601,1136,27038,
311.0428013490315,71228,600,1137,27038,
311.05064723467916,71227,601,1137,27038,
311.05093214518155,71227,601,1136,27039,
311.0544530463814,71227,601,1135,27040,
311.0577623228288,71226,602,1135,27040,
311.05870616138185,71226,602,1134,27041,
311.0636290909957,71226,601,1135,27041,
311.06451506792143,71226,600,1136,27041,
311.06512152710303,71225,601,1136,27041,
311.06566990395515,71225,601,1135,27042,
311.0690678185475,71225,600,1136,27042,
311.0715466744509,71225,599,1137,27042,
311.0725892572632,71225,598,1138,27042,
311.0738150849604,71225,598,1137,27043,
311.0851558187436,71225,597,1138,27043,
311.0870366214164,71224,598,1138,27043,
311.08803163117966,71224,597,1139,27043,
311.09220780066426,71223,598,1139,27043,
311.09606331063264,71222,599,1139,27043,
311.0975963211989,71222,599,1138,27044,
311.09859250869704,71221,600,1138,27044,
311.0988648827586,71221,600,1137,27045,
311.10427553724264,71220,601,1137,27045,
311.10660540044006,71219,602,1137,27045,
311.1085530547837,71219,602,1136,27046,
311.1093404809776,71219,602,1135,27047,
311.1094670198812,71219,601,1136,27047,
311.10957502219054,71219,600,1137,27047,
311.1130062384909,71218,601,1137,27047,
311.1141310805688,71218,601,1136,27048,
311.11465634986007,71218,600,1137,27048,
311.11521033056493,71218,600,1136,27049,
311.12166382199104,71218,600,1135,27050,
311.1222746561781,71218,600,1134,27051,
311.1225743019888,71218,599,1135,27051,
311.1247902626627,71217,600,1135,27051,
311.1322108093328,71216,601,1135,27051,
311.13691849413453,71216,601,1134,27052,
311.1401880141979,71216,600,1135,27052,
311.14145471577893,71215,601,1135,27052,
311.14246676551073,71215,601,1134,27053,
311.1543909269343,71214,602,1134,27053,
311.1558076727862,71214,602,1133,27054,
311.1627464534039,71214,602,1132,27055,
311.1630419362202,71214,602,1131,27056,
311.1659275719174,71213,603,1131,27056,
311.16773236951514,71213,602,1132,27056,
311.1678188948555,71213,601,1133,27056,
311.16825047592636,71213,601,1132,27057,
311.1691933877513,71213,600,1133,27057,
311.17057404257787,71213,599,1134,27057,
311.1715621943714,71212,600,1134,27057,
311.17629639726783,71212,600,1133,27058,
311.17914498143665,71211,601,1133,27058,
311.17925787596755,71211,601,1132,27059,
311.180500100544,71211,601,1131,27060,
311.18381871216883,71211,601,1130,27061,
311.1848865687452,71210,602,1130,27061,
311.18545174195793,71210,601,1131,27061,
311.1858990519836,71210,600,1132,27061,
311.1864349221828,71210,600,1131,27062,
311.19486433212796,71210,599,1132,27062,
311.19705814106555,71210,599,1131,27063,
311.2026949631307,71210,598,1132,27063,
311.20451973874907,71210,597,1133,27063,
311.212808241778,71210,597,1132,27064,
311.21472827908286,71210,597,1131,27065,
311.21967301762373,71210,597,1130,27066,
311.2226936974013,71210,597,1129,27067,
311.2227957945741,71210,597,1128,27068,
311.2260166649018,71210,597,1127,27069,
311.2266672631372,71210,596,1128,27069,
311.2269275937765,71210,595,1129,27069,
311.2284838805983,71210,595,1128,27070,
311.2291872381603,71210,595,1127,27071,
311.2292073504526,71209,596,1127,27071,
311.24946014225867,71209,595,1128,27071,
311.2517384363964,71209,594,1129,27071,
311.2542838061933,71209,594,1128,27072,
311.26672238380183,71209,593,1129,27072,
311.2685012141243,71208,594,1129,27072,
311.26925090090873,71208,593,1130,27072,
311.2803307344069,71208,593,1129,27073,
311.2816076168725,71208,593,1128,27074,
311.2927855120839,71207,594,1128,27074,
311.2961793092946,71207,594,1127,27075,
311.3020103556123,71207,593,1128,27075,
311.3026718390549,71207,593,1127,27076,
311.30433193439404,71206,594,1127,27076,
311.3047389052977,71206,594,1126,27077,
311.3069205315914,71206,594,1125,27078,
311.30951781982134,71205,595,1125,27078,
311.31435395100823,71205,594,1126,27078,
311.3149923705132,71205,594,1125,27079,
311.31637283334624,71205,594,1124,27080,
311.3181490133087,71204,595,1124,27080,
311.32049733413623,71204,594,1125,27080,
311.32499800108286,71203,595,1125,27080,
311.3257270676416,71203,595,1124,27081,
311.33258920738456,71203,594,1125,27081,
311.33419137682125,71202,595,1125,27081,
311.3386027197063,71202,595,1124,27082,
311.3388162503285,71202,595,1123,27083,
311.34300046898966,71201,596,1123,27083,
311.34509995237045,71201,596,1122,27084,
311.3465446521181,71201,595,1123,27084,
311.3541253879058,71201,595,1122,27085,
311.35565520163664,71200,596,1122,27085,
311.36275578011407,71200,596,1121,27086,
311.36622742922407,71199,597,1121,27086,
311.3662754558027,71198,598,1121,27086,
311.3696578822387,71197,599,1121,27086,
311.3715418324056,71197,598,1122,27086,
311.3784030720741,71197,597,1123,27086,
311.3796696545433,71196,598,1123,27086,
311.38022296869633,71196,598,1122,27087,
311.3828691252973,71196,597,1123,27087,
311.38778847709483,71195,598,1123,27087,
311.389878756775,71195,597,1124,27087,
311.3922345367434,71195,597,1123,27088,
311.3999152086089,71195,596,1124,27088,
311.4003470505902,71195,595,1125,27088,
311.4009575092638,71194,596,1125,27088,
311.4066520173038,71194,596,1124,27089,
311.40753363478836,71193,597,1124,27089,
311.4164297251818,71193,596,1125,27089,
311.4232785436504,71193,596,1124,27090,
311.4248534080317,71193,595,1125,27090,
311.42656078202924,71192,596,1125,27090,
311.4275829003703,71192,595,1126,27090,
311.4296442204201,71191,596,1126,27090,
311.4310227435791,71191,596,1125,27091,
311.43173309100166,71191,596,1124,27092,
311.4326501053765,71191,595,1125,27092,
311.4340657058278,71191,594,1126,27092,
311.43711152857225,71191,594,1125,27093,
311.4390501280446,71191,593,1126,27093,
311.4398412389849,71191,593,1125,27094,
311.4426351842983,71190,594,1125,27094,
311.44372724646524,71190,594,1124,27095,
311.44524208315573,71190,593,1125,27095,
311.44616234148253,71190,593,1124,27096,
311.4499968496925,71190,593,1123,27097,
311.4500396441331,71190,592,1124,27097,
311.4542252582875,71190,592,1123,27098,
311.45764488096796,71190,591,1124,27098,
311.4611870439094,71189,592,1124,27098,
311.46411306772,71189,592,1123,27099,
311.4649580190699,71189,591,1124,27099,
311.468514243122,71189,591,1123,27100,
311.4712362644605,71188,592,1123,27100,
311.4736384063669,71188,591,1124,27100,
311.47388528377155,71187,592,1124,27100,
311.4761330533484,71187,591,1125,27100,
311.47842385775726,71187,591,1124,27101,
311.48019113205333,71187,591,1123,27102,
311.48513752601224,71187,591,1122,27103,
311.48683323568343,71187,591,1121,27104,
311.48802582422195,71186,592,1121,27104,
311.4917252076933,71186,592,1120,27105,
311.49676429471594,71186,591,1121,27105,
311.49772610216314,71186,590,1122,27105,
311.4987792720857,71185,591,1122,27105,
311.5048907905823,71185,591,1121,27106,
311.5063380080798,71184,592,1121,27106,
311.50660429791753,71184,592,1120,27107,
311.50786700838256,71184,591,1121,27107,
311.5173044970137,71184,590,1122,27107,
311.51821898472906,71183,591,1122,27107,
311.5200253129011,71183,590,1123,27107,
311.5206869059388,71183,590,1122,27108,
311.52106451439533,71183,590,1121,27109,
311.52501723514405,71183,589,1122,27109,
311.5294028311658,71183,589,1121,27110,
311.53038121392274,71183,588,1122,27110,
311.5324170693468,71182,589,1122,27110,
311.5332437947289,71181,590,1122,27110,
311.5375955959177,71181,590,1121,27111,
311.5377003927528,71181,590,1120,27112,
311.5468384902755,71181,590,1119,27113,
311.5485519848202,71181,589,1120,27113,
311.5562698311097,71180,590,1120,27113,
311.55747216352984,71180,590,1119,27114,
311.5592658652066,71180,590,1118,27115,
311.560691656706,71180,589,1119,27115,
311.564465574936,71180,588,1120,27115,
311.56525824667517,71180,588,1119,27116,
311.567549867146,71180,588,1118,27117,
311.56839838310293,71180,587,1119,27117,
311.5698491209579,71180,586,1120,27117,
311.57210897484066,71179,587,1120,27117,
311.5733939339218,71179,586,1121,27117,
311.574632569084,71179,586,1120,27118,
311.57629091995096,71178,587,1120,27118,
311.5767562920942,71178,587,1119,27119,
311.5775140587124,71178,587,1118,27120,
311.5775147784137,71178,586,1119,27120,
311.57811102261763,71177,587,1119,27120,
311.5799019436446,71176,588,1119,27120,
311.5890668060273,71175,589,1119,27120,
311.59062242843993,71175,589,1118,27121,
311.5906367489313,71174,590,1118,27121,
311.59107927016885,71174,589,1119,27121,
311.5912857071591,71174,589,1118,27122,
311.59841392247733,71174,589,1117,27123,
311.60091325923565,71174,588,1118,27123,
311.6013750089788,71174,588,1117,27124,
311.60418889152277,71173,589,1117,27124,
311.60844453965876,71172,590,1117,27124,
311.6093629461606,71172,590,1116,27125,
311.60997985141825,71172,589,1117,27125,
311.620668438625,71172,589,1116,27126,
311.6274255975528,71171,590,1116,27126,
311.6280761202764,71170,591,1116,27126,
311.6322445597222,71170,590,1117,27126,
311.6335013703566,71170,590,1116,27127,
311.6380876509803,71170,589,1117,27127,
311.64044659641473,71169,590,1117,27127,
311.64530235935666,71169,589,1118,27127,
311.645379234576,71169,588,1119,27127,
311.65796446464935,71168,589,1119,27127,
311.6581738266058,71168,588,1120,27127,
311.6622342144543,71168,588,1119,27128,
311.6624341639169,71167,589,1119,27128,
311.664519289335,71166,590,1119,27128,
311.6650544177558,71166,589,1120,27128,
311.66536173736466,71166,589,1119,27129,
311.66861760165125,71165,590,1119,27129,
311.66873548740125,71165,589,1120,27129,
311.67108038094955,71165,588,1121,27129,
311.6777432221845,71165,588,1120,27130,
311.6822277632609,71165,588,1119,27131,
311.68828134474313,71164,589,1119,27131,
311.68925235825856,71164,589,1118,27132,
311.6983198424326,71164,589,1117,27133,
311.7015163795948,71164,588,1118,27133,
311.7036906631868,71164,588,1117,27134,
311.7037032589485,71164,588,1116,27135,
311.70393549268664,71164,588,1115,27136,
311.7122416581492,71164,588,1114,27137,
311.716996016795,71163,589,1114,27137,
311.71836426342924,71163,589,1113,27138,
311.72594301167356,71163,589,1112,27139,
311.72760159366936,71163,589,1111,27140,
311.7319425048096,71163,589,1110,27141,
311.7360174874341,71163,589,1109,27142,
311.73608881209634,71162,590,1109,27142,
311.746046502,71161,591,1109,27142,
311.7482694751472,71160,592,1109,27142,
311.7488247520008,71160,591,1110,27142,
311.7521785464835,71160,591,1109,27143,
311.752315522074,71159,592,1109,27143,
311.75295652865094,71159,591,1110,27143,
311.7537720658212,71159,590,1111,27143,
311.75764076093355,71159,590,1110,27144,
311.77235845619805,71159,590,1109,27145,
311.77402952190187,71159,589,1110,27145,
311.77560948765233,71159,588,1111,27145,
311.7788366212634,71159,588,1110,27146,
311.7882843700797,71159,588,1109,27147,
311.78834171985517,71159,587,1110,27147,
311.7948248021194,71158,588,1110,27147,
311.7948310665607,71158,587,1111,27147,
311.79646609003373,71158,586,1112,27147,
311.8010221709545,71158,585,1113,27147,
311.8053070674934,71158,584,1114,27147,
311.8140149601682,71158,584,1113,27148,
311.81427363084543,71158,583,1114,27148,
311.82288075885566,71158,582,1115,27148,
311.82388466072035,71158,581,1116,27148,
311.82547176423094,71158,580,1117,27148,
311.82810101804347,71158,579,1118,27148,
311.8334179084684,71157,580,1118,27148,
311.83703381098906,71156,581,1118,27148,
311.84411137842153,71156,580,1119,27148,
311.8443129850722,71155,581,1119,27148,
311.84484127662137,71155,580,1120,27148,
311.85149113910325,71154,581,1120,27148,
311.8518458172257,71154,581,1119,27149,
311.85291577091635,71154,580,1120,27149,
311.85596681327223,71154,580,1119,27150,
311.8563130982162,71154,580,1118,27151,
311.86599958313303,71153,581,1118,27151,
311.8671828807889,71153,580,1119,27151,
311.8704863803991,71152,581,1119,27151,
311.87400949108434,71152,580,1120,27151,
311.87629101717255,71151,581,1120,27151,
311.8834655718904,71151,580,1121,27151,
311.8847797558705,71151,579,1122,27151,
311.88712739804396,71151,579,1121,27152,
311.8912316525467,71151,578,1122,27152,
311.9023949933789,71150,579,1122,27152,
311.91287464283477,71149,580,1122,27152,
311.9148019082877,71148,581,1122,27152,
311.9178899610469,71147,582,1122,27152,
311.92340451106355,71147,582,1121,27153,
311.9247214976426,71147,582,1120,27154,
311.92498679880543,71146,583,1120,27154,
311.9418808665251,71146,583,1119,27155,
311.953192929375,71146,583,1118,27156,
311.9537236198626,71146,583,1117,27157,
311.9542921316363,71146,583,1116,27158,
311.95708709997393,71146,583,1115,27159,
311.9586711715174,71146,582,1116,27159,
311.9597054784361,71145,583,1116,27159,
311.96284893078996,71144,584,1116,27159,
311.9665082069532,71143,585,1116,27159,
311.9678157052473,71142,586,1116,27159,
311.9693616175877,71142,586,1115,27160,
311.97153788703616,71142,585,1116,27160,
311.974209177921,71142,585,1115,27161,
311.97822280023996,71141,586,1115,27161,
311.9789604624586,71141,586,1114,27162,
311.9794944687382,71141,585,1115,27162,
311.9804132154916,71141,584,1116,27162,
311.98083533755744,71140,585,1116,27162,
311.98928380842096,71139,586,1116,27162,
311.9893185066808,71138,587,1116,27162,
311.993483604268,71138,586,1117,27162,
311.9937026892736,71137,587,1117,27162,
311.9950833152242,71136,588,1117,27162,
312.00179013632993,71135,589,1117,27162,
312.0037717058272,71134,590,1117,27162,
312.0062777995683,71134,589,1118,27162,
312.00817689022364,71133,590,1118,27162,
312.01396513408775,71133,589,1119,27162,
312.0146570053162,71132,590,1119,27162,
312.0170020211021,71131,591,1119,27162,
312.0175661568219,71131,590,1120,27162,
312.0221819091783,71131,590,1119,27163,
312.0230951002214,71131,590,1118,27164,
312.03101884873104,71130,591,1118,27164,
312.0318576992916,71130,590,1119,27164,
312.03203960962753,71130,589,1120,27164,
312.03217823081417,71129,590,1120,27164,
312.03498442889736,71128,591,1120,27164,
312.03675836697437,71128,591,1119,27165,
312.0379306333018,71127,592,1119,27165,
312.045060091352,71127,592,1118,27166,
312.0490289384021,71126,593,1118,27166,
312.05429797540853,71126,593,1117,27167,
312.05452440468576,71126,593,1116,27168,
312.05458630880617,71126,593,1115,27169,
312.0634141658711,71126,593,1114,27170,
312.0652414261153,71126,593,1113,27171,
312.0659926488214,71126,593,1112,27172,
312.06791524338786,71126,592,1113,27172,
312.0743073492368,71125,593,1113,27172,
312.0777398014587,71124,594,1113,27172,
312.0788300036322,71124,594,1112,27173,
312.07975256099655,71124,593,1113,27173,
312.0827787221428,71123,594,1113,27173,
312.08446569201567,71122,595,1113,27173,
312.0868284665839,71122,595,1112,27174,
312.08788690245984,71122,595,1111,27175,
312.08815662111095,71121,596,1111,27175,
312.08932522371543,71121,595,1112,27175,
312.09001370448163,71121,594,1113,27175,
312.09021886671667,71120,595,1113,27175,
312.09442072609204,71119,596,1113,27175,
312.09592185927323,71118,597,1113,27175,
312.1019162148675,71118,596,1114,27175,
312.1026380324848,71118,595,1115,27175,
312.1054290302963,71118,595,1114,27176,
312.1055864259279,71117,596,1114,27176,
312.1063287096242,71117,595,1115,27176,
312.115480858833,71116,596,1115,27176,
312.11891575934374,71116,595,1116,27176,
312.11929849222946,71116,594,1117,27176,
312.12284355598894,71116,593,1118,27176,
312.1229804107927,71116,592,1119,27176,
312.12557672495245,71116,592,1118,27177,
312.12683283786987,71115,593,1118,27177,
312.12919588035356,71115,593,1117,27178,
312.13311974500493,71115,593,1116,27179,
312.13587843434755,71115,592,1117,27179,
312.1367243582779,71114,593,1117,27179,
312.1378312726189,71114,593,1116,27180,
312.1392722790902,71114,593,1115,27181,
312.1398853455287,71114,593,1114,27182,
312.1410008645205,71114,592,1115,27182,
312.1428205464839,71114,591,1116,27182,
312.1429612645434,71114,590,1117,27182,
312.14736401573003,71114,590,1116,27183,
312.15547797630757,71113,591,1116,27183,
312.1559671694696,71113,591,1115,27184,
312.15640822443714,71113,590,1116,27184,
312.15703470179176,71113,589,1117,27184,
312.1579390895349,71113,588,1118,27184,
312.16029873009177,71112,589,1118,27184,
312.1612218664973,71112,588,1119,27184,
312.17051091452413,71112,587,1120,27184,
312.1707123613129,71111,588,1120,27184,
312.1749888835713,71111,587,1121,27184,
312.1770093733369,71110,588,1121,27184,
312.1783372952618,71109,589,1121,27184,
312.1784803070679,71109,589,1120,27185,
312.1833024979334,71109,588,1121,27185,
312.1894089415084,71109,587,1122,27185,
312.19042614407306,71109,587,1121,27186,
312.1918074839473,71108,588,1121,27186,
312.1934188680669,71108,588,1120,27187,
312.1935657365551,71108,587,1121,27187,
312.1937359187791,71107,588,1121,27187,
312.19408220094044,71107,587,1122,27187,
312.19972116778536,71107,587,1121,27188,
312.20000364434514,71107,586,1122,27188,
312.2008346285093,71106,587,1122,27188,
312.20151776379635,71106,587,1121,27189,
312.2041259482158,71105,588,1121,27189,
312.20611720248377,71104,589,1121,27189,
312.2085606879606,71103,590,1121,27189,
312.2099535098883,71102,591,1121,27189,
312.2106342786436,71102,590,1122,27189,
312.21714970459675,71101,591,1122,27189,
312.2182900655006,71101,591,1121,27190,
312.2190712000884,71101,590,1122,27190,
312.22156004906077,71101,589,1123,27190,
312.2217006833385,71100,590,1123,27190,
312.2291089579801,71099,591,1123,27190,
312.2320361788495,71099,590,1124,27190,
312.23476975921653,71099,589,1125,27190,
312.240336337377,71098,590,1125,27190,
312.24332096854135,71098,589,1126,27190,
312.2450401601244,71098,589,1125,27191,
312.24796557314846,71098,589,1124,27192,
312.2490338368592,71098,589,1123,27193,
312.2513368707306,71097,590,1123,27193,
312.25537925429995,71096,591,1123,27193,
312.2591267499241,71096,590,1124,27193,
312.25924406228893,71096,590,1123,27194,
312.2680669281509,71096,590,1122,27195,
312.2701599943578,71095,591,1122,27195,
312.275470182047,71094,592,1122,27195,
312.275676141344,71093,593,1122,27195,
312.27698935953185,71093,593,1121,27196,
312.2775225287767,71093,592,1122,27196,
312.27787328789015,71092,593,1122,27196,
312.278732841875,71092,592,1123,27196,
312.2829012792021,71092,592,1122,27197,
312.28964567896475,71092,592,1121,27198,
312.29225187220686,71091,593,1121,27198,
312.29240277244094,71090,594,1121,27198,
312.29824827224553,71090,593,1122,27198,
312.29837864129416,71090,592,1123,27198,
312.2996413947655,71090,592,1122,27199,
312.3024876526897,71089,593,1122,27199,
312.3043636846884,71088,594,1122,27199,
312.30639981388407,71088,594,1121,27200,
312.3130264869491,71088,594,1120,27201,
312.3138885512473,71088,593,1121,27201,
312.31609983656864,71088,592,1122,27201,
312.3176863323682,71088,591,1123,27201,
312.32141260078583,71087,592,1123,27201,
312.32447319412,71087,591,1124,27201,
312.3245379953477,71087,591,1123,27202,
312.3254497841636,71087,591,1122,27203,
312.3294564437286,71087,591,1121,27204,
312.3312839172306,71087,590,1122,27204,
312.3326091769807,71086,591,1122,27204,
312.3337447168081,71086,591,1121,27205,
312.3344989176978,71085,592,1121,27205,
312.3388282822637,71084,593,1121,27205,
312.34246757202175,71084,593,1120,27206,
312.3450474742032,71083,594,1120,27206,
312.34535172915514,71082,595,1120,27206,
312.3460400389672,71082,595,1119,27207,
312.3513886748586,71082,594,1120,27207,
312.3540166782195,71082,594,1119,27208,
312.3556750254381,71082,593,1120,27208,
312.35798746129876,71082,593,1119,27209,
312.3581646088344,71082,593,1118,27210,
312.36284026621246,71081,594,1118,27210,
312.36399753884245,71081,594,1117,27211,
312.3653128794169,71081,594,1116,27212,
312.36624132083097,71080,595,1116,27212,
312.36727985134763,71079,596,1116,27212,
312.3687930126568,71079,596,1115,27213,
312.3727347270007,71079,595,1116,27213,
312.3729751004363,71078,596,1116,27213,
312.37650314354323,71078,595,1117,27213,
312.380491582789,71078,594,1118,27213,
312.3839418254688,71078,594,1117,27214,
312.3872503352633,71078,594,1116,27215,
312.38735417382895,71077,595,1116,27215,
312.3918283077774,71077,595,1115,27216,
312.3928940524905,71076,596,1115,27216,
312.3934416992354,71076,596,1114,27217,
312.39702581547414,71076,595,1115,27217,
312.3982812096733,71076,595,1114,27218,
312.4038952804497,71075,596,1114,27218,
312.407481907533,71075,595,1115,27218,
312.4082634330083,71074,596,1115,27218,
312.40907213222107,71073,597,1115,27218,
312.4098104767288,71073,597,1114,27219,
312.4098459087042,71073,597,1113,27220,
312.41366307792936,71073,597,1112,27221,
312.41821907143293,71073,596,1113,27221,
312.4233867382223,71073,595,1114,27221,
312.4245818181826,71073,595,1113,27222,
312.4246204142335,71073,594,1114,27222,
312.4285409625544,71073,593,1115,27222,
312.431305398466,71073,593,1114,27223,
312.4321780900545,71073,592,1115,27223,
312.4353497694904,71072,593,1115,27223,
312.446884362467,71071,594,1115,27223,
312.450595984847,71071,593,1116,27223,
312.45142520125995,71070,594,1116,27223,
312.4534404416813,71070,594,1115,27224,
312.45382571726253,71069,595,1115,27224,
312.4539423947718,71069,594,1116,27224,
312.45533672135934,71069,593,1117,27224,
312.45906429684294,71069,593,1116,27225,
312.45975961581865,71068,594,1116,27225,
312.46590171578873,71068,594,1115,27226,
312.4672320349862,71068,594,1114,27227,
312.4693981004063,71068,594,1113,27228,
312.46970230347597,71068,593,1114,27228,
312.4742705573763,71068,592,1115,27228,
312.47703817949014,71067,593,1115,27228,
312.47774006909117,71067,592,1116,27228,
312.47774704870733,71066,593,1116,27228,
312.4857074258501,71065,594,1116,27228,
312.48857785308746,71065,593,1117,27228,
312.4945388263887,71065,593,1116,27229,
312.49505762289306,71065,593,1115,27230,
312.49601447642027,71065,593,1114,27231,
312.49748879145073,71065,593,1113,27232,
312.50042345857975,71065,593,1112,27233,
312.50121669696637,71065,592,1113,27233,
312.5077942191602,71064,593,1113,27233,
312.5098419417665,71063,594,1113,27233,
312.5102181455529,71063,594,1112,27234,
312.5104616783089,71063,594,1111,27235,
312.51419195198,71063,594,1110,27236,
312.51571348501136,71062,595,1110,27236,
312.5160629886244,71062,594,1111,27236,
312.5172974921712,71062,594,1110,27237,
312.5185304900723,71062,593,1111,27237,
312.5231325882361,71062,593,1110,27238,
312.5251037176752,71062,592,1111,27238,
312.52558776474723,71062,591,1112,27238,
312.52678701146993,71061,592,1112,27238,
312.52680489173383,71061,591,1113,27238,
312.5273693974865,71061,590,1114,27238,
312.5320794842115,71061,589,1115,27238,
312.5334406533848,71061,588,1116,27238,
312.5439920056585,71061,587,1117,27238,
312.54634560358596,71061,587,1116,27239,
312.5521926541028,71061,586,1117,27239,
312.55372450946373,71061,585,1118,27239,
312.5571708809307,71060,586,1118,27239,
312.5620244022999,71059,587,1118,27239,
312.5630257822362,71059,587,1117,27240,
312.56811751146626,71058,588,1117,27240,
312.56906890718034,71058,587,1118,27240,
312.5700562654087,71058,587,1117,27241,
312.5716902390427,71058,586,1118,27241,
312.57172733828753,71058,586,1117,27242,
312.5764107447094,71057,587,1117,27242,
312.57653690845245,71056,588,1117,27242,
312.58468057015614,71056,588,1116,27243,
312.5850209654036,71056,588,1115,27244,
312.58787383637144,71056,587,1116,27244,
312.6001977016142,71056,586,1117,27244,
312.60145094538717,71056,585,1118,27244,
312.60163445340044,71055,586,1118,27244,
312.6051039457876,71055,586,1117,27245,
312.60590541189026,71055,586,1116,27246,
312.6071761220137,71054,587,1116,27246,
312.61143608871095,71054,587,1115,27247,
312.61535250153736,71053,588,1115,27247,
312.617435119266,71053,587,1116,27247,
312.6180950391819,71053,587,1115,27248,
312.6192262673029,71053,586,1116,27248,
312.6199003466153,71053,585,1117,27248,
312.62568727610875,71053,585,1116,27249,
312.62627525427365,71053,584,1117,27249,
312.6276644990599,71052,585,1117,27249,
312.62769176181445,71051,586,1117,27249,
312.6298793350687,71050,587,1117,27249,
312.63296484226794,71050,586,1118,27249,
312.6431721097632,71050,585,1119,27249,
312.6491972715871,71050,585,1118,27250,
312.65598388974644,71050,585,1117,27251,
312.6565947273957,71050,584,1118,27251,
312.65765429211126,71049,585,1118,27251,
312.6627691141857,71049,584,1119,27251,
312.6638290389792,71048,585,1119,27251,
312.66521557078573,71048,584,1120,27251,
312.67026376794206,71048,584,1119,27252,
312.67127792828796,71048,584,1118,27253,
312.6729980748416,71048,584,1117,27254,
312.67752948595705,71048,583,1118,27254,
312.6776583046244,71047,584,1118,27254,
312.67950601104553,71047,583,1119,27254,
312.68206113870883,71047,582,1120,27254,
312.68667889544787,71046,583,1120,27254,
312.68825863929453,71046,582,1121,27254,
312.69085628038397,71046,581,1122,27254,
312.6931988475245,71046,580,1123,27254,
312.70353728773375,71046,579,1124,27254,
312.71372704202264,71046,579,1123,27255,
312.71658933190577,71045,580,1123,27255,
312.7187655585655,71045,580,1122,27256,
312.71943860892674,71045,579,1123,27256,
312.7221054343765,71045,579,1122,27257,
312.72551167209167,71045,578,1123,27257,
312.72827200944556,71045,577,1124,27257,
312.72971548389484,71045,577,1123,27258,
312.7299300424221,71045,576,1124,27258,
312.73375667788474,71045,576,1123,27259,
312.7390630737639,71044,577,1123,27259,
312.73973919364147,71044,577,1122,27260,
312.7397910642013,71043,578,1122,27260,
312.7491665868709,71042,579,1122,27260,
312.7541379490651,71042,579,1121,27261,
312.7543955275766,71042,579,1120,27262,
312.75476946323056,71042,578,1121,27262,
312.75982264912386,71041,579,1121,27262,
312.76073644445813,71041,579,1120,27263,
312.7668054133043,71041,578,1121,27263,
312.7793831322972,71041,578,1120,27264,
312.7796258863071,71041,578,1119,27265,
312.7796283707483,71040,579,1119,27265,
312.78382469142497,71039,580,1119,27265,
312.7854969235166,71038,581,1119,27265,
312.7858853925782,71038,581,1118,27266,
312.7877390739857,71038,581,1117,27267,
312.7903668980967,71038,581,1116,27268,
312.791885799223,71038,580,1117,27268,
312.79435117198204,71038,579,1118,27268,
312.7949411705132,71038,579,1117,27269,
312.7973081865427,71038,578,1118,27269,
312.7994264300878,71038,578,1117,27270,
312.8009960556883,71038,578,1116,27271,
312.8029839492257,71038,577,1117,27271,
312.8046286627136,71038,577,1116,27272,
312.8060920031049,71037,578,1116,27272,
312.80617046440483,71036,579,1116,27272,
312.80826091202385,71035,580,1116,27272,
312.81165065300377,71034,581,1116,27272,
312.81251334637216,71034,580,1117,27272,
312.8192019280829,71034,580,1116,27273,
312.82977606208505,71034,579,1117,27273,
312.83562017801864,71033,580,1117,27273,
312.8359489844529,71033,580,1116,27274,
312.8383308846806,71033,580,1115,27275,
312.84107787239134,71032,581,1115,27275,
312.8411449338791,71032,581,1114,27276,
312.84618188522217,71032,580,1115,27276,
312.847907082917,71032,579,1116,27276,
312.8549757852867,71031,580,1116,27276,
312.85983519257775,71031,579,1117,27276,
312.86283616577373,71030,580,1117,27276,
312.8652090424662,71030,580,1116,27277,
312.86710824922824,71030,580,1115,27278,
312.8694778746514,71030,579,1116,27278,
312.8713480245574,71030,578,1117,27278,
312.8717499647665,71029,579,1117,27278,
312.8719820770017,71029,579,1116,27279,
312.87264377678133,71029,579,1115,27280,
312.87427979036653,71028,580,1115,27280,
312.8784021904157,71027,581,1115,27280,
312.87879557345,71027,580,1116,27280,
312.87884048614853,71027,579,1117,27280,
312.8790122756624,71027,578,1118,27280,
312.87903788492474,71027,578,1117,27281,
312.88107001652935,71027,578,1116,27282,
312.881524023903,71027,578,1115,27283,
312.8816103326927,71027,578,1114,27284,
312.88531495157883,71027,577,1115,27284,
312.88605814286177,71027,577,1114,27285,
312.88669951547797,71026,578,1114,27285,
312.887727060659,71025,579,1114,27285,
312.8895862048895,71024,580,1114,27285,
312.8900593239902,71024,579,1115,27285,
312.895656453011,71023,580,1115,27285,
312.89761862572846,71022,581,1115,27285,
312.8984609899788,71021,582,1115,27285,
312.9086774745622,71021,582,1114,27286,
312.9091586526425,71021,581,1115,27286,
312.91221246178384,71021,580,1116,27286,
312.91226188614195,71020,581,1116,27286,
312.91362146264845,71020,581,1115,27287,
312.91799154532185,71019,582,1115,27287,
312.91959546457434,71019,581,1116,27287,
312.92703799217463,71018,582,1116,27287,
312.93020142231904,71018,581,1117,27287,
312.9316339069624,71018,580,1118,27287,
312.9374950262252,71018,579,1119,27287,
312.9420943332924,71018,579,1118,27288,
312.9447209239798,71018,579,1117,27289,
312.953249868875,71018,578,1118,27289,
312.95388220248356,71017,579,1118,27289,
312.9539708560196,71017,578,1119,27289,
312.9617290765255,71016,579,1119,27289,
312.96236759339763,71016,578,1120,27289,
312.96292528629596,71016,578,1119,27290,
312.96371878503834,71016,577,1120,27290,
312.9647026635413,71015,578,1120,27290,
312.9658175400421,71015,578,1119,27291,
312.96664079574174,71015,577,1120,27291,
312.9697688066379,71015,577,1119,27292,
312.97034727944026,71015,577,1118,27293,
312.97166003475616,71015,576,1119,27293,
312.9821091625162,71015,575,1120,27293,
312.98691836251066,71015,575,1119,27294,
312.98764911939105,71014,576,1119,27294,
312.98902470930113,71014,575,1120,27294,
312.9893584808486,71014,575,1119,27295,
312.99311067108266,71013,576,1119,27295,
312.99451003458796,71013,575,1120,27295,
312.9968570248319,71013,574,1121,27295,
312.9974098800747,71013,573,1122,27295,
313.0008639898866,71013,572,1123,27295,
313.0033243540661,71012,573,1123,27295,
313.00361774549583,71012,573,1122,27296,
313.0038557008218,71011,574,1122,27296,
313.0046817885543,71011,573,1123,27296,
313.0091214725068,71011,573,1122,27297,
313.01048582604125,71010,574,1122,27297,
313.0172886417334,71010,574,1121,27298,
313.02553843161144,71010,573,1122,27298,
313.0256119600544,71009,574,1122,27298,
313.0274309426559,71009,573,1123,27298,
313.0320537786405,71009,572,1124,27298,
313.03752160270176,71009,571,1125,27298,
313.04217233684614,71009,571,1124,27299,
313.04527367390324,71009,571,1123,27300,
313.0480973195964,71009,571,1122,27301,
313.05182976552476,71009,571,1121,27302,
313.06404328816683,71008,572,1121,27302,
313.06745040985294,71008,572,1120,27303,
313.0681986544723,71008,572,1119,27304,
313.07639733856183,71008,571,1120,27304,
313.0779312025717,71008,571,1119,27305,
313.0792937899223,71007,572,1119,27305,
313.07976579152376,71007,572,1118,27306,
313.0872393870487,71007,572,1117,27307,
313.0889631773619,71007,571,1118,27307,
313.0903853129963,71007,571,1117,27308,
313.0942930967903,71007,571,1116,27309,
313.094574706696,71006,572,1116,27309,
313.0949519442959,71005,573,1116,27309,
313.10372942786455,71004,574,1116,27309,
313.1051691695107,71004,574,1115,27310,
313.1169660099541,71004,574,1114,27311,
313.1175669964225,71004,573,1115,27311,
313.11820082938743,71004,572,1116,27311,
313.118292333336,71004,572,1115,27312,
313.1214644305814,71004,572,1114,27313,
313.12315365035755,71004,571,1115,27313,
313.1310817604915,71004,571,1114,27314,
313.13291158282044,71004,571,1113,27315,
313.13753852377874,71003,572,1113,27315,
313.14276871266657,71003,572,1112,27316,
313.14634033410215,71002,573,1112,27316,
313.1469457912773,71002,572,1113,27316,
313.14695865588794,71001,573,1113,27316,
313.14965177842294,71001,573,1112,27317,
313.15187491059163,71001,573,1111,27318,
313.15424488554095,71001,572,1112,27318,
313.15698425169967,71001,572,1111,27319,
313.1596401176291,71001,572,1110,27320,
313.16042704946267,71001,571,1111,27320,
313.16805534398736,71001,571,1110,27321,
313.16813184266033,71001,570,1111,27321,
313.1758651380751,71001,570,1110,27322,
313.178602569306,71000,571,1110,27322,
313.18059748490856,71000,571,1109,27323,
313.18089383964764,71000,571,1108,27324,
313.18652038330123,70999,572,1108,27324,
313.1868611964931,70999,572,1107,27325,
313.18732242511356,70999,571,1108,27325,
313.1937643766811,70998,572,1108,27325,
313.1992082263497,70997,573,1108,27325,
313.19951598237657,70997,572,1109,27325,
313.2062151388363,70996,573,1109,27325,
313.21115727412956,70996,572,1110,27325,
313.2123824395351,70996,572,1109,27326,
313.21345457504066,70996,571,1110,27326,
313.21566159715564,70996,571,1109,27327,
313.2174789097437,70996,571,1108,27328,
313.22139685851675,70996,570,1109,27328,
313.22610344217463,70996,570,1108,27329,
313.2279807826985,70996,570,1107,27330,
313.23549605242107,70996,569,1108,27330,
313.23565040432817,70996,569,1107,27331,
313.2368219318495,70996,568,1108,27331,
313.24100444529404,70996,567,1109,27331,
313.242034747189,70996,566,1110,27331,
313.2427412980895,70996,566,1109,27332,
313.25248740012313,70996,565,1110,27332,
313.2549690547633,70996,565,1109,27333,
313.25614071262214,70996,565,1108,27334,
313.2592683238899,70996,565,1107,27335,
313.26070527091684,70996,564,1108,27335,
313.2657717216685,70995,565,1108,27335,
313.26722047972834,70994,566,1108,27335,
313.27059735862593,70994,565,1109,27335,
313.2721141389969,70993,566,1109,27335,
313.2737764406926,70993,565,1110,27335,
313.28592282525796,70992,566,1110,27335,
313.28732451564804,70991,567,1110,27335,
313.2908513763806,70990,568,1110,27335,
313.29443451395304,70989,569,1110,27335,
313.29720446513886,70989,569,1109,27336,
313.29918598541,70988,570,1109,27336,
313.2995614200903,70987,571,1109,27336,
313.3015549276837,70986,572,1109,27336,
313.30529700055814,70986,572,1108,27337,
313.3059994051923,70986,571,1109,27337,
313.3071922576619,70985,572,1109,27337,
313.30792903507216,70984,573,1109,27337,
313.30839552328075,70984,573,1108,27338,
313.31051057416494,70984,573,1107,27339,
313.31384943994976,70984,573,1106,27340,
313.31445810931547,70984,573,1105,27341,
313.3147104825285,70984,572,1106,27341,
313.31556505128384,70984,572,1105,27342,
313.3190979897889,70983,573,1105,27342,
313.319808257219,70982,574,1105,27342,
313.3234138492933,70981,575,1105,27342,
313.3262687740166,70981,574,1106,27342,
313.33282935472374,70981,574,1105,27343,
313.33403097948457,70980,575,1105,27343,
313.3346141831265,70980,575,1104,27344,
313.33572106571586,70980,574,1105,27344,
313.3364513149967,70980,573,1106,27344,
313.3388709785151,70980,572,1107,27344,
313.3417202021093,70980,572,1106,27345,
313.34573943315365,70980,571,1107,27345,
313.34654010905626,70980,571,1106,27346,
313.34706447649535,70980,571,1105,27347,
313.3506884012535,70979,572,1105,27347,
313.3507966850679,70979,572,1104,27348,
313.36023159733503,70979,571,1105,27348,
313.3604157396037,70979,571,1104,27349,
313.3656885831984,70979,570,1105,27349,
313.36607618172786,70979,569,1106,27349,
313.36632282419015,70979,569,1105,27350,
313.3663760183992,70979,568,1106,27350,
313.36923502528515,70979,567,1107,27350,
313.36942929418467,70979,567,1106,27351,
313.3697709444555,70979,567,1105,27352,
313.37080803522383,70979,566,1106,27352,
313.3764944429529,70978,567,1106,27352,
313.37651673950876,70978,566,1107,27352,
313.37668850266,70978,566,1106,27353,
313.37847250142204,70977,567,1106,27353,
313.3797092444487,70977,566,1107,27353,
313.3801910927195,70977,566,1106,27354,
313.3846046676567,70977,566,1105,27355,
313.38520542498736,70977,566,1104,27356,
313.38588549357,70977,566,1103,27357,
313.38764709630425,70976,567,1103,27357,
313.39158311501,70976,566,1104,27357,
313.3964816320487,70976,566,1103,27358,
313.4005961244244,70976,565,1104,27358,
313.40118660594203,70976,564,1105,27358,
313.4069244076003,70976,564,1104,27359,
313.40893334547275,70976,564,1103,27360,
313.4116441423192,70975,565,1103,27360,
313.41447014938666,70974,566,1103,27360,
313.42179197245065,70973,567,1103,27360,
313.42591978520056,70973,566,1104,27360,
313.4296166804132,70973,566,1103,27361,
313.4299192962764,70972,567,1103,27361,
313.43092983499236,70972,566,1104,27361,
313.4320652202645,70972,566,1103,27362,
313.43225216602866,70972,566,1102,27363,
313.43237954960773,70971,567,1102,27363,
313.4391603892967,70971,567,1101,27364,
313.44421252802493,70971,567,1100,27365,
313.44506791200774,70971,567,1099,27366,
313.4452288459284,70970,568,1099,27366,
313.4456525416012,70970,567,1100,27366,
313.44946358593256,70969,568,1100,27366,
313.4553072454979,70969,568,1099,27367,
313.45868607501444,70969,568,1098,27368,
313.46756852375523,70969,567,1099,27368,
313.4685807826024,70969,566,1100,27368,
313.4693234843347,70969,565,1101,27368,
313.4739456449518,70969,564,1102,27368,
313.47824863660065,70969,563,1103,27368,
313.49007938712407,70969,563,1102,27369,
313.5022889420022,70969,563,1101,27370,
313.5023090560983,70968,564,1101,27370,
313.50453890769086,70967,565,1101,27370,
313.5067649933849,70967,564,1102,27370,
313.5076712838074,70967,564,1101,27371,
313.5098836104984,70966,565,1101,27371,
313.51227411362873,70966,564,1102,27371,
313.51836612525636,70966,563,1103,27371,
313.5229681913873,70966,563,1102,27372,
313.52590466756607,70966,562,1103,27372,
313.53204573748263,70965,563,1103,27372,
313.5333905605815,70965,563,1102,27373,
313.53486443960554,70965,562,1103,27373,
313.53662653982485,70965,562,1102,27374,
313.5389846813091,70964,563,1102,27374,
313.54038263544976,70963,564,1102,27374,
313.55095687613135,70963,564,1101,27375,
313.5510428730644,70962,565,1101,27375,
313.55209696566874,70962,565,1100,27376,
313.5571782644854,70962,565,1099,27377,
313.56077853971794,70961,566,1099,27377,
313.56223204357553,70961,566,1098,27378,
313.56492771670787,70960,567,1098,27378,
313.5652231773896,70960,567,1097,27379,
313.56609674944025,70960,567,1096,27380,
313.56669799731065,70959,568,1096,27380,
313.5679192066367,70959,568,1095,27381,
313.5782459313566,70959,568,1094,27382,
313.578431509242,70959,567,1095,27382,
313.5796543163774,70959,566,1096,27382,
313.58051486273604,70959,566,1095,27383,
313.5834485347011,70958,567,1095,27383,
313.5841248166555,70958,566,1096,27383,
313.5899052878095,70958,565,1097,27383,
313.5926690626715,70958,565,1096,27384,
313.5929440940341,70958,564,1097,27384,
313.59943568647293,70958,563,1098,27384,
313.6016685988824,70958,562,1099,27384,
313.6028206183887,70958,562,1098,27385,
313.6031092288917,70958,562,1097,27386,
313.6041283160527,70957,563,1097,27386,
313.60555333710556,70957,562,1098,27386,
313.6070858860454,70957,561,1099,27386,
313.6072043347302,70957,561,1098,27387,
313.6094737240279,70957,561,1097,27388,
313.6098921212329,70957,560,1098,27388,
313.6125494301177,70956,561,1098,27388,
313.61377613802875,70955,562,1098,27388,
313.61773121831607,70955,561,1099,27388,
313.61847733391403,70954,562,1099,27388,
313.62101375249523,70954,562,1098,27389,
313.622802469659,70953,563,1098,27389,
313.62424657542726,70953,562,1099,27389,
313.62703770117787,70952,563,1099,27389,
313.63146132102344,70952,563,1098,27390,
313.63175103807833,70952,563,1097,27391,
313.6374331492835,70951,564,1097,27391,
313.65015572054386,70950,565,1097,27391,
313.6529476354814,70950,565,1096,27392,
313.6538770639184,70950,565,1095,27393,
313.65399535730626,70950,565,1094,27394,
313.6570754778687,70950,564,1095,27394,
313.65887877786696,70949,565,1095,27394,
313.6590668923043,70949,565,1094,27395,
313.66202224040444,70949,564,1095,27395,
313.67141517911955,70949,563,1096,27395,
313.6747808062283,70948,564,1096,27395,
313.67509909613074,70948,563,1097,27395,
313.6776917117806,70948,563,1096,27396,
313.67996017411866,70948,562,1097,27396,
313.68015710559666,70948,562,1096,27397,
313.6864663657428,70948,562,1095,27398,
313.68778843411883,70947,563,1095,27398,
313.688798977174,70947,563,1094,27399,
313.68985355986496,70947,562,1095,27399,
313.6931501077222,70946,563,1095,27399,
313.6940079413399,70946,562,1096,27399,
313.694596016263,70945,563,1096,27399,
313.69499886708684,70945,563,1095,27400,
313.696105845483,70944,564,1095,27400,
313.6986895179345,70944,564,1094,27401,
313.69926459117465,70944,564,1093,27402,
313.7074279506021,70944,564,1092,27403,
313.7162045856248,70943,565,1092,27403,
313.7165225960123,70943,564,1093,27403,
313.7189876759391,70943,563,1094,27403,
313.7207943480436,70942,564,1094,27403,
313.72350892269196,70942,564,1093,27404,
313.73508990463307,70941,565,1093,27404,
313.7437983418451,70941,565,1092,27405,
313.7468336565173,70940,566,1092,27405,
313.7481242544757,70940,566,1091,27406,
313.7487312513989,70940,565,1092,27406,
313.7524550335633,70939,566,1092,27406,
313.75659727746256,70939,566,1091,27407,
313.7604316986136,70939,566,1090,27408,
313.7647905733399,70939,566,1089,27409,
313.7649806906058,70939,565,1090,27409,
313.7667334946932,70939,564,1091,27409,
313.76747832732605,70939,564,1090,27410,
313.7710487519771,70939,563,1091,27410,
313.7713269673309,70939,562,1092,27410,
313.7784788845038,70939,562,1091,27411,
313.78136773473267,70938,563,1091,27411,
313.78394950087875,70937,564,1091,27411,
313.785920018613,70937,564,1090,27412,
313.7880605849535,70937,563,1091,27412,
313.78996849757146,70936,564,1091,27412,
313.7921484480067,70936,563,1092,27412,
313.7923728456079,70936,562,1093,27412,
313.7960286679429,70936,561,1094,27412,
313.7962561944157,70936,560,1095,27412,
313.7984840850846,70936,559,1096,27412,
313.80233363677627,70936,558,1097,27412,
313.80450953895087,70936,557,1098,27412,
313.807125253265,70936,557,1097,27413,
313.8096168873044,70936,557,1096,27414,
313.8124922530801,70936,556,1097,27414,
313.8185679459728,70936,556,1096,27415,
313.8195255878263,70936,555,1097,27415,
313.8196382458981,70936,555,1096,27416,
313.8217753046153,70936,555,1095,27417,
313.82245571533866,70936,555,1094,27418,
313.82866459615457,70936,555,1093,27419,
313.8297532758152,70936,555,1092,27420,
313.83195603524723,70936,555,1091,27421,
313.8359808223438,70936,555,1090,27422,
313.83634893690936,70936,555,1089,27423,
313.8405045627464,70936,554,1090,27423,
313.84178836352015,70936,554,1089,27424,
313.84256921269434,70936,554,1088,27425,
313.8437330277829,70936,554,1087,27426,
313.8465113998306,70936,554,1086,27427,
313.8479210611014,70935,555,1086,27427,
313.84833813283154,70935,555,1085,27428,
313.84997534305853,70935,555,1084,27429,
313.85446985314235,70934,556,1084,27429,
313.8619814360255,70934,556,1083,27430,
313.8628363936411,70934,555,1084,27430,
313.86403107689364,70934,555,1083,27431,
313.86777815254794,70934,555,1082,27432,
313.86796936169435,70934,554,1083,27432,
313.8681561071787,70933,555,1083,27432,
313.87294725208466,70933,555,1082,27433,
313.8781353418871,70932,556,1082,27433,
313.8808894382535,70932,555,1083,27433,
313.88313234898607,70931,556,1083,27433,
313.8909827429238,70931,556,1082,27434,
313.8936267902024,70931,555,1083,27434,
313.8942989975273,70931,554,1084,27434,
313.89803269419167,70931,554,1083,27435,
313.913208302047,70931,554,1082,27436,
313.91787217719866,70931,554,1081,27437,
313.9203941842537,70931,553,1082,27437,
313.9220793609078,70931,553,1081,27438,
313.9227850687209,70930,554,1081,27438,
313.9275125019544,70929,555,1081,27438,
313.927738544204,70929,554,1082,27438,
313.9282620832516,70929,554,1081,27439,
313.9286941879237,70929,553,1082,27439,
313.9327809037556,70929,552,1083,27439,
313.9337593929386,70929,551,1084,27439,
313.935875854975,70929,551,1083,27440,
313.94036904299656,70929,550,1084,27440,
313.94310849154715,70929,550,1083,27441,
313.94495280069043,70929,549,1084,27441,
313.94699628026046,70929,549,1083,27442,
313.94965407017895,70929,549,1082,27443,
313.95392592724386,70929,549,1081,27444,
313.95457180154597,70929,548,1082,27444,
313.9551834873965,70929,547,1083,27444,
313.9574364001757,70928,548,1083,27444,
313.9589731805854,70928,547,1084,27444,
313.96057111988165,70928,547,1083,27445,
313.9673967131405,70927,548,1083,27445,
313.9751861840184,70927,548,1082,27446,
313.9753027462914,70926,549,1082,27446,
313.9812180047037,70926,549,1081,27447,
313.98128118057747,70926,549,1080,27448,
313.98439218982605,70926,548,1081,27448,
313.98683117080196,70926,548,1080,27449,
313.98858995328294,70926,547,1081,27449,
313.98976132007044,70926,546,1082,27449,
313.99121438882673,70926,546,1081,27450,
313.9912767925228,70926,545,1082,27450,
313.9979974489842,70926,544,1083,27450,
313.99933333677893,70925,545,1083,27450,
314.01419813169787,70924,546,1083,27450,
314.01595016046224,70923,547,1083,27450,
314.02048379954056,70923,546,1084,27450,
314.02190748413045,70922,547,1084,27450,
314.02624347906044,70922,547,1083,27451,
314.0272602768653,70922,547,1082,27452,
314.027554266581,70922,546,1083,27452,
314.02971061792175,70921,547,1083,27452,
314.0376020186447,70921,546,1084,27452,
314.0379387822247,70920,547,1084,27452,
314.0383000100999,70919,548,1084,27452,
314.03990651343946,70918,549,1084,27452,
314.04803090103036,70918,548,1085,27452,
314.0512438760142,70918,548,1084,27453,
314.053099382797,70918,548,1083,27454,
314.0532664345162,70917,549,1083,27454,
314.057056955639,70916,550,1083,27454,
314.0577767109068,70916,549,1084,27454,
314.06258805329884,70916,548,1085,27454,
314.06480374798906,70916,548,1084,27455,
314.0648685203265,70915,549,1084,27455,
314.06566808376067,70915,548,1085,27455,
314.06946756118487,70914,549,1085,27455,
314.08495638722115,70914,549,1084,27456,
314.0899424413773,70913,550,1084,27456,
314.0911017340727,70913,549,1085,27456,
314.09243060041655,70912,550,1085,27456,
314.097879958368,70911,551,1085,27456,
314.0991302939209,70911,551,1084,27457,
314.10225257866045,70910,552,1084,27457,
314.1044529740017,70910,552,1083,27458,
314.10881474911463,70910,551,1084,27458,
314.11392321865685,70910,550,1085,27458,
314.1246024733589,70909,551,1085,27458,
314.12584175111294,70908,552,1085,27458,
314.12672164166395,70908,551,1086,27458,
314.1269309352813,70908,551,1085,27459,
314.1286166107957,70908,550,1086,27459,
314.1327668273463,70908,550,1085,27460,
314.13286924901917,70908,549,1086,27460,
314.1345111784377,70908,548,1087,27460,
314.13870943820405,70908,548,1086,27461,
314.1387995489308,70908,548,1085,27462,
314.14406954801035,70908,547,1086,27462,
314.145593933308,70907,548,1086,27462,
314.1517225559489,70907,548,1085,27463,
314.1598333737012,70906,549,1085,27463,
314.1607925222612,70905,550,1085,27463,
314.1651753595597,70905,550,1084,27464,
314.16576972084806,70904,551,1084,27464,
314.1666870860588,70904,550,1085,27464,
314.17284886383584,70904,550,1084,27465,
314.1730880024533,70903,551,1084,27465,
314.17390423324065,70903,551,1083,27466,
314.174149457853,70903,551,1082,27467,
314.1778267353943,70903,551,1081,27468,
314.182299089486,70903,551,1080,27469,
314.182929890893,70903,551,1079,27470,
314.1910761761049,70902,552,1079,27470,
314.19617574848934,70902,552,1078,27471,
314.1962263849252,70902,552,1077,27472,
314.19913366051696,70902,551,1078,27472,
314.2026015686521,70901,552,1078,27472,
314.2061997920702,70900,553,1078,27472,
314.20636837919335,70900,553,1077,27473,
314.2073121455389,70900,553,1076,27474,
314.2085292080654,70900,553,1075,27475,
314.2103704073431,70900,553,1074,27476,
314.219993567869,70900,553,1073,27477,
314.2217004573838,70900,552,1074,27477,
314.225900022941,70900,552,1073,27478,
314.23138123026473,70900,551,1074,27478,
314.23284118298125,70899,552,1074,27478,
314.2331000747408,70899,552,1073,27479,
314.2334801004605,70899,551,1074,27479,
314.2388755968772,70899,550,1075,27479,
314.24275063708603,70899,550,1074,27480,
314.24444910025886,70899,549,1075,27480,
314.246759293648,70899,548,1076,27480,
314.2470238216853,70899,547,1077,27480,
314.2477837242899,70899,547,1076,27481,
314.25204306417163,70898,548,1076,27481,
314.2608192283405,70898,547,1077,27481,
314.2630364256204,70898,547,1076,27482,
314.264431633501,70898,547,1075,27483,
314.26579637264916,70897,548,1075,27483,
314.2700015600282,70897,547,1076,27483,
314.2703775842522,70897,547,1075,27484,
314.2727251560811,70897,547,1074,27485,
314.2779594724315,70896,548,1074,27485,
314.27871467279715,70896,547,1075,27485,
314.27941228624326,70896,546,1076,27485,
314.28224031308014,70895,547,1076,27485,
314.29112964884104,70895,546,1077,27485,
314.2919798560621,70895,545,1078,27485,
314.2939663697592,70894,546,1078,27485,
314.3034738215793,70894,546,1077,27486,
314.3049824550319,70894,545,1078,27486,
314.30611020158887,70894,544,1079,27486,
314.3062670270936,70894,544,1078,27487,
314.3074043103042,70894,543,1079,27487,
314.3092902358951,70894,543,1078,27488,
314.3100132707116,70893,544,1078,27488,
314.3149127999714,70892,545,1078,27488,
314.31712209301656,70891,546,1078,27488,
314.3199101136487,70891,546,1077,27489,
314.32179412618024,70891,546,1076,27490,
314.3249380251752,70890,547,1076,27490,
314.32682465954605,70889,548,1076,27490,
314.32887857186176,70888,549,1076,27490,
314.3297106937097,70888,549,1075,27491,
314.3356562877535,70888,548,1076,27491,
314.33927924193256,70888,548,1075,27492,
314.3515167430412,70888,548,1074,27493,
314.3570074943469,70888,548,1073,27494,
314.3594499616238,70888,547,1074,27494,
314.36077125359446,70888,547,1073,27495,
314.3621590398665,70888,547,1072,27496,
314.3665950546256,70887,548,1072,27496,
314.36742667940905,70887,547,1073,27496,
314.3746200029411,70887,546,1074,27496,
314.3752314352677,70886,547,1074,27496,
314.3808784129632,70886,547,1073,27497,
314.3961532461746,70886,547,1072,27498,
314.3965994630854,70886,547,1071,27499,
314.3997278910854,70885,548,1071,27499,
314.40011006480864,70884,549,1071,27499,
314.40015598721294,70884,548,1072,27499,
314.40125341677555,70884,548,1071,27500,
314.4048583753388,70884,547,1072,27500,
314.4059702982184,70884,547,1071,27501,
314.4083007011292,70884,546,1072,27501,
314.41676891387857,70884,546,1071,27502,
314.4196791502777,70884,546,1070,27503,
314.4240852091923,70884,546,1069,27504,
314.43165611913935,70884,546,1068,27505,
314.4329014532879,70884,546,1067,27506,
314.44076599657967,70884,546,1066,27507,
314.4432184116225,70884,546,1065,27508,
314.44415041018755,70884,546,1064,27509,
314.44707677980296,70884,545,1065,27509,
314.45944119833825,70883,546,1065,27509,
314.4604705405542,70883,545,1066,27509,
314.4617480325782,70883,544,1067,27509,
314.470458306917,70883,544,1066,27510,
314.47121920259326,70883,543,1067,27510,
314.4720747071723,70883,542,1068,27510,
314.4722656949466,70883,541,1069,27510,
314.4736061187654,70883,540,1070,27510,
314.47610591070816,70882,541,1070,27510,
314.4817984388794,70882,541,1069,27511,
314.48349665215704,70882,540,1070,27511,
314.48478895055933,70882,540,1069,27512,
314.4862849693206,70881,541,1069,27512,
314.49076612018126,70881,541,1068,27513,
314.4918453589059,70880,542,1068,27513,
314.4995500846725,70880,541,1069,27513,
314.50111250016073,70880,541,1068,27514,
314.50178765898903,70879,542,1068,27514,
314.5027481657921,70879,541,1069,27514,
314.50382535144854,70879,541,1068,27515,
314.50630883880484,70879,541,1067,27516,
314.50946367792665,70879,541,1066,27517,
314.5145839013064,70879,540,1067,27517,
314.51807744388185,70879,540,1066,27518,
314.5216153590071,70879,539,1067,27518,
314.53005208817615,70879,539,1066,27519,
314.53349996214,70879,539,1065,27520,
314.5368670553066,70879,539,1064,27521,
314.53851057460247,70879,538,1065,27521,
314.5415175447488,70878,539,1065,27521,
314.5436789513268,70878,538,1066,27521,
314.5439763438266,70878,538,1065,27522,
314.54529526737724,70877,539,1065,27522,
314.550008581249,70876,540,1065,27522,
314.55451359581025,70876,539,1066,27522,
314.55998136853015,70875,540,1066,27522,
314.56162937430446,70875,540,1065,27523,
314.5629501995185,70875,540,1064,27524,
314.5732075853169,70875,539,1065,27524,
314.57860816170535,70875,538,1066,27524,
314.57994939783015,70875,537,1067,27524,
314.58241293302626,70874,538,1067,27524,
314.5896114257131,70874,538,1066,27525,
314.5901947314798,70873,539,1066,27525,
314.59047357636007,70873,538,1067,27525,
314.5924974994296,70872,539,1067,27525,
314.5947215658601,70872,539,1066,27526,
314.5964732354638,70872,538,1067,27526,
314.5986649664533,70872,537,1068,27526,
314.6005385263526,70872,537,1067,27527,
314.60449098412533,70872,536,1068,27527,
314.60557414738815,70872,535,1069,27527,
314.6121394039744,70872,535,1068,27528,
314.6136398915598,70871,536,1068,27528,
314.614506388166,70870,537,1068,27528,
314.6167066395627,70870,536,1069,27528,
314.6168186990981,70869,537,1069,27528,
314.6225671036622,70869,537,1068,27529,
314.6260028213285,70869,537,1067,27530,
314.6278274704779,70869,536,1068,27530,
314.6297778744853,70868,537,1068,27530,
314.6314298411501,70867,538,1068,27530,
314.6317545964112,70867,537,1069,27530,
314.6324276987489,70867,536,1070,27530,
314.63561935605867,70867,536,1069,27531,
314.6396143756812,70867,535,1070,27531,
314.6398536390152,70866,536,1070,27531,
314.6403977749254,70866,535,1071,27531,
314.640480329191,70866,534,1072,27531,
314.6465496606689,70866,533,1073,27531,
314.6484613855543,70865,534,1073,27531,
314.64855395947205,70864,535,1073,27531,
314.6508734463687,70863,536,1073,27531,
314.65480882758555,70863,536,1072,27532,
314.654952304145,70863,536,1071,27533,
314.6596140757257,70863,536,1070,27534,
314.66836721101333,70863,536,1069,27535,
314.6733175073063,70863,536,1068,27536,
314.67420988264985,70863,536,1067,27537,
314.6750814341506,70862,537,1067,27537,
314.6758283193224,70862,537,1066,27538,
314.6822921378071,70861,538,1066,27538,
314.68350982425153,70861,537,1067,27538,
314.6881377331684,70861,536,1068,27538,
314.68836211009125,70860,537,1068,27538,
314.6905151141079,70860,537,1067,27539,
314.6922175930069,70860,537,1066,27540,
314.69227650453604,70859,538,1066,27540,
314.7027385672392,70858,539,1066,27540,
314.71151042860026,70858,538,1067,27540,
314.7136315742364,70858,538,1066,27541,
314.7145004798968,70857,539,1066,27541,
314.71632888574896,70857,538,1067,27541,
314.71712987331495,70857,538,1066,27542,
314.7194773431098,70857,538,1065,27543,
314.7258094414038,70857,538,1064,27544,
314.72687012357414,70857,537,1065,27544,
314.7281058031453,70857,536,1066,27544,
314.72918700279814,70857,536,1065,27545,
314.73487554591907,70857,535,1066,27545,
314.7385761513899,70856,536,1066,27545,
314.74178452980095,70855,537,1066,27545,
314.74189507491985,70854,538,1066,27545,
314.7506103902008,70854,538,1065,27546,
314.75581299721415,70854,538,1064,27547,
314.7558148071308,70854,538,1063,27548,
314.75924212340277,70854,537,1064,27548,
314.76135962240244,70854,536,1065,27548,
314.76334220192604,70853,537,1065,27548,
314.7666830338545,70853,537,1064,27549,
314.7701797937177,70853,537,1063,27550,
314.7703138437874,70852,538,1063,27550,
314.7786761393968,70852,537,1064,27550,
314.7834644653314,70852,536,1065,27550,
314.7857143738347,70852,536,1064,27551,
314.7869869413173,70852,535,1065,27551,
314.79065995793184,70852,535,1064,27552,
314.79168910384806,70852,535,1063,27553,
314.7989190902389,70851,536,1063,27553,
314.7999997829626,70851,536,1062,27554,
314.801980936941,70851,535,1063,27554,
314.813283931831,70850,536,1063,27554,
314.8133739764223,70850,536,1062,27555,
314.8196597636696,70849,537,1062,27555,
314.82531403707253,70849,537,1061,27556,
314.8293979895687,70849,537,1060,27557,
314.8330964437882,70848,538,1060,27557,
314.8336446380524,70848,537,1061,27557,
314.8344879158462,70847,538,1061,27557,
314.83517792667794,70847,537,1062,27557,
314.8370153377999,70847,536,1063,27557,
314.8382099781724,70847,535,1064,27557,
314.83923804513904,70846,536,1064,27557,
314.8412307851573,70846,535,1065,27557,
314.84177018038906,70846,535,1064,27558,
314.8425445507316,70846,535,1063,27559,
314.84735222347837,70845,536,1063,27559,
314.85150524654415,70845,535,1064,27559,
314.8549165437767,70845,534,1065,27559,
314.8588833528747,70845,534,1064,27560,
314.86352627555937,70844,535,1064,27560,
314.864788451618,70843,536,1064,27560,
314.87273183932155,70843,536,1063,27561,
314.8777544687134,70843,535,1064,27561,
314.89315169514896,70843,534,1065,27561,
314.8952071163696,70842,535,1065,27561,
314.90799246190306,70841,536,1065,27561,
314.90861492209626,70841,535,1066,27561,
314.9114201146289,70841,534,1067,27561,
314.91262728234165,70840,535,1067,27561,
314.91729269300555,70840,535,1066,27562,
314.918355276393,70840,535,1065,27563,
314.9183992178822,70840,535,1064,27564,
314.92132609493325,70840,534,1065,27564,
314.92792103973176,70840,534,1064,27565,
314.9292008032625,70839,535,1064,27565,
314.93001611153534,70839,534,1065,27565,
314.937848936354,70839,534,1064,27566,
314.9402093774951,70839,533,1065,27566,
314.9409454893151,70839,533,1064,27567,
314.9409529884068,70839,532,1065,27567,
314.9431641072705,70838,533,1065,27567,
314.9440400258822,70838,533,1064,27568,
314.9442977902184,70838,532,1065,27568,
314.94572777961645,70837,533,1065,27568,
314.94645453622553,70837,532,1066,27568,
314.95028034853306,70837,531,1067,27568,
314.95205725074436,70837,530,1068,27568,
314.95275541413577,70836,531,1068,27568,
314.95650754985724,70836,531,1067,27569,
314.957888934182,70836,531,1066,27570,
314.95830395655344,70836,531,1065,27571,
314.9602616452044,70836,530,1066,27571,
314.96245799181236,70835,531,1066,27571,
314.9638165023604,70835,531,1065,27572,
314.9698209656501,70834,532,1065,27572,
314.97022611135236,70834,532,1064,27573,
314.97493026055935,70834,532,1063,27574,
314.98159214510156,70833,533,1063,27574,
314.98391850195077,70833,533,1062,27575,
314.98808202442933,70833,533,1061,27576,
314.98988425429167,70832,534,1061,27576,
314.99718994139465,70831,535,1061,27576,
314.9984961574855,70831,534,1062,27576,
314.9988755636406,70830,535,1062,27576,
314.9996923002004,70830,535,1061,27577,
315.00705893364517,70829,536,1061,27577,
315.0107011370946,70828,537,1061,27577,
315.01086262202136,70827,538,1061,27577,
315.0141242543527,70826,539,1061,27577,
315.0180149344385,70826,539,1060,27578,
315.02016299975963,70825,540,1060,27578,
315.0237845711839,70825,539,1061,27578,
315.02632199804026,70824,540,1061,27578,
315.03363152277745,70823,541,1061,27578,
315.0359850937621,70822,542,1061,27578,
315.0435718423636,70821,543,1061,27578,
315.0473933308482,70821,542,1062,27578,
315.0475748436764,70821,542,1061,27579,
315.0510860143487,70821,542,1060,27580,
315.05473887123077,70821,542,1059,27581,
315.0550778761632,70821,542,1058,27582,
315.0565733301092,70821,542,1057,27583,
315.05879387994537,70821,542,1056,27584,
315.0647860858994,70821,541,1057,27584,
315.06652104788685,70821,541,1056,27585,
315.068292324354,70821,540,1057,27585,
315.07248126636296,70821,539,1058,27585,
315.07898196443034,70821,539,1057,27586,
315.08004041120734,70821,538,1058,27586,
315.0807557725962,70821,538,1057,27587,
315.0827374685692,70820,539,1057,27587,
315.0873786698837,70820,539,1056,27588,
315.09546153785124,70820,539,1055,27589,
315.0960751007698,70820,538,1056,27589,
315.09812592988374,70820,537,1057,27589,
315.10122135187186,70820,537,1056,27590,
315.1034146856851,70820,537,1055,27591,
315.11031409342957,70820,537,1054,27592,
315.11457022028935,70819,538,1054,27592,
315.117101785588,70818,539,1054,27592,
315.1195121319217,70817,540,1054,27592,
315.12187111168674,70817,539,1055,27592,
315.12685450761506,70817,539,1054,27593,
315.1317049884301,70817,538,1055,27593,
315.13579921215694,70817,537,1056,27593,
315.1365035259056,70817,536,1057,27593,
315.1439028382133,70817,535,1058,27593,
315.146232578692,70816,536,1058,27593,
315.14650815426626,70816,536,1057,27594,
315.1529305920942,70816,536,1056,27595,
315.1538346371008,70816,536,1055,27596,
315.15840075482663,70816,536,1054,27597,
315.15887435952493,70815,537,1054,27597,
315.1596901648031,70815,537,1053,27598,
315.16347957031945,70814,538,1053,27598,
315.1651714032573,70814,537,1054,27598,
315.1667536713964,70813,538,1054,27598,
315.16766860119617,70813,537,1055,27598,
315.1701910186787,70813,537,1054,27599,
315.17142988105275,70813,536,1055,27599,
315.1752899207676,70813,536,1054,27600,
315.17537358297966,70812,537,1054,27600,
315.1758270565447,70812,537,1053,27601,
315.18732409691967,70812,536,1054,27601,
315.18811818686913,70812,536,1053,27602,
315.1888146647643,70811,537,1053,27602,
315.19135552135725,70810,538,1053,27602,
315.1931735870838,70810,538,1052,27603,
315.1938016633627,70809,539,1052,27603,
315.19416299662737,70809,539,1051,27604,
315.1973355231385,70809,538,1052,27604,
315.19784729684324,70809,537,1053,27604,
315.1989657709714,70809,537,1052,27605,
315.198994161463,70808,538,1052,27605,
315.20359573551946,70808,538,1051,27606,
315.2082264376483,70808,537,1052,27606,
315.20905839829265,70808,536,1053,27606,
315.2104021437837,70808,536,1052,27607,
315.2118901109135,70807,537,1052,27607,
315.2152164795153,70807,537,1051,27608,
315.21543454835154,70807,537,1050,27609,
315.21856445368155,70806,538,1050,27609,
315.2187176614906,70806,538,1049,27610,
315.230300272594,70806,538,1048,27611,
315.2329794091227,70805,539,1048,27611,
315.24206032450985,70804,540,1048,27611,
315.2440899895297,70803,541,1048,27611,
315.2441221359956,70802,542,1048,27611,
315.24734177887694,70801,543,1048,27611,
315.2499751587515,70800,544,1048,27611,
315.25217809810493,70800,543,1049,27611,
315.25654049145027,70799,544,1049,27611,
315.2586786976445,70799,543,1050,27611,
315.26133160488416,70798,544,1050,27611,
315.2628075683122,70798,543,1051,27611,
315.26428182302584,70798,543,1050,27612,
315.26483212776947,70798,543,1049,27613,
315.2665144965937,70798,542,1050,27613,
315.2672887306004,70798,541,1051,27613,
315.26925608552045,70798,541,1050,27614,
315.26989538143613,70798,540,1051,27614,
315.27085177544865,70798,540,1050,27615,
315.27350604127486,70797,541,1050,27615,
315.2837328657516,70796,542,1050,27615,
315.28628900837464,70796,541,1051,27615,
315.2879728676937,70795,542,1051,27615,
315.29336703508733,70795,542,1050,27616,
315.29371618370004,70794,543,1050,27616,
315.29533538992223,70794,542,1051,27616,
315.29674301128705,70793,543,1051,27616,
315.29863380639654,70793,543,1050,27617,
315.30003288620634,70793,543,1049,27618,
315.3000415707141,70792,544,1049,27618,
315.30035170546546,70791,545,1049,27618,
315.3023840836287,70791,544,1050,27618,
315.3049076870359,70790,545,1050,27618,
315.306335842584,70790,545,1049,27619,
315.31555307433723,70789,546,1049,27619,
315.32064732498037,70789,546,1048,27620,
315.3212819239537,70789,545,1049,27620,
315.32404081832107,70788,546,1049,27620,
315.3276854625529,70788,546,1048,27621,
315.32958311020855,70788,546,1047,27622,
315.3413020940052,70787,547,1047,27622,
315.347138181431,70787,546,1048,27622,
315.350058691749,70787,545,1049,27622,
315.3549921477125,70787,545,1048,27623,
315.35765882783886,70786,546,1048,27623,
315.3587277244314,70786,546,1047,27624,
315.3610370622867,70786,545,1048,27624,
315.36706069314505,70786,545,1047,27625,
315.3670702489737,70786,545,1046,27626,
315.37126465227976,70786,545,1045,27627,
315.37314305910655,70786,544,1046,27627,
315.3739410353365,70785,545,1046,27627,
315.3751914324632,70785,545,1045,27628,
315.3770655129108,70785,545,1044,27629,
315.3789300204845,70785,545,1043,27630,
315.37931014484394,70784,546,1043,27630,
315.38229946275834,70783,547,1043,27630,
315.38247118244266,70783,546,1044,27630,
315.38437511649954,70783,545,1045,27630,
315.3845246546543,70783,545,1044,27631,
315.384976807053,70782,546,1044,27631,
315.3876717634663,70782,546,1043,27632,
315.3903034666,70782,546,1042,27633,
315.39517264749605,70781,547,1042,27633,
315.3966124867654,70780,548,1042,27633,
315.3987023499304,70780,547,1043,27633,
315.39977772307174,70780,547,1042,27634,
315.40044455251495,70779,548,1042,27634,
315.4007133316825,70779,548,1041,27635,
315.40551564278434,70779,548,1040,27636,
315.4067401634231,70779,548,1039,27637,
315.41073108062767,70779,547,1040,27637,
315.41306166525635,70778,548,1040,27637,
315.42024410140465,70777,549,1040,27637,
315.422548943323,70777,548,1041,27637,
315.4229086145087,70777,548,1040,27638,
315.42921277140977,70777,548,1039,27639,
315.4396220381407,70777,547,1040,27639,
315.4478903364202,70777,547,1039,27640,
315.4488079595533,70776,548,1039,27640,
315.4502080228043,70776,547,1040,27640,
315.4540362638253,70776,546,1041,27640,
315.45457838046417,70776,546,1040,27641,
315.4553574476771,70775,547,1040,27641,
315.4559722569659,70775,546,1041,27641,
315.4630699093934,70775,545,1042,27641,
315.4637865362728,70774,546,1042,27641,
315.4721945617595,70774,545,1043,27641,
315.4728525249501,70773,546,1043,27641,
315.4735184875154,70773,546,1042,27642,
315.47467558340514,70773,546,1041,27643,
315.4752359147759,70773,545,1042,27643,
315.4794444684131,70773,545,1041,27644,
315.4848633562585,70773,544,1042,27644,
315.49217305737324,70773,543,1043,27644,
315.4937972887721,70773,543,1042,27645,
315.4968475172372,70773,542,1043,27645,
315.5001622947362,70772,543,1043,27645,
315.50073929853215,70771,544,1043,27645,
315.5009450438544,70771,543,1044,27645,
315.5091973384414,70771,543,1043,27646,
315.5093757094861,70770,544,1043,27646,
315.51569755732953,70769,545,1043,27646,
315.5162536065066,70769,545,1042,27647,
315.5176090259438,70768,546,1042,27647,
315.5185435010103,70767,547,1042,27647,
315.5224865724055,70767,547,1041,27648,
315.52297201771063,70767,547,1040,27649,
315.52337301102693,70767,547,1039,27650,
315.5248049492728,70767,547,1038,27651,
315.5259140418474,70767,547,1037,27652,
315.53005025810637,70766,548,1037,27652,
315.5316327678052,70765,549,1037,27652,
315.5363623611556,70765,548,1038,27652,
315.53655171891336,70764,549,1038,27652,
315.5517204617992,70764,548,1039,27652,
315.5525560905777,70763,549,1039,27652,
315.5537768201533,70763,548,1040,27652,
315.5541786375406,70763,548,1039,27653,
315.5556964206753,70763,547,1040,27653,
315.5573452959612,70763,546,1041,27653,
315.55767002597116,70763,545,1042,27653,
315.5586643256733,70763,545,1041,27654,
315.5669041196931,70763,545,1040,27655,
315.56979512031666,70763,545,1039,27656,
315.57090173145747,70762,546,1039,27656,
315.5764635662026,70762,546,1038,27657,
315.58423533622937,70762,546,1037,27658,
315.5866954455213,70762,545,1038,27658,
315.586841390891,70761,546,1038,27658,
315.5894407300185,70760,547,1038,27658,
315.59791615001,70760,546,1039,27658,
315.60045200544226,70760,546,1038,27659,
315.60993854989226,70759,547,1038,27659,
315.6103370457327,70759,546,1039,27659,
315.6115557496244,70759,546,1038,27660,
315.61901409409865,70758,547,1038,27660,
315.6194386627471,70758,547,1037,27661,
315.62807792706127,70758,547,1036,27662,
315.62912096456387,70757,548,1036,27662,
315.6304572754566,70757,547,1037,27662,
315.63130290663406,70757,547,1036,27663,
315.6340929478742,70756,548,1036,27663,
315.6373804559958,70756,548,1035,27664,
315.6378507554026,70756,547,1036,27664,
315.6389849187414,70756,547,1035,27665,
315.6392443111962,70756,547,1034,27666,
315.64242229728876,70755,548,1034,27666,
315.6465750595944,70755,547,1035,27666,
315.65733923609565,70754,548,1035,27666,
315.65811996599257,70754,547,1036,27666,
315.659465682039,70754,546,1037,27666,
315.66028806532375,70753,547,1037,27666,
315.6650137601511,70753,547,1036,27667,
315.6687270578651,70753,547,1035,27668,
315.668937155026,70753,546,1036,27668,
315.6767056453864,70753,546,1035,27669,
315.677822737554,70753,545,1036,27669,
315.6780747260673,70752,546,1036,27669,
315.6793802705083,70752,545,1037,27669,
315.6801244549402,70751,546,1037,27669,
315.6804621455468,70750,547,1037,27669,
315.681753716213,70750,547,1036,27670,
315.68395263765024,70750,547,1035,27671,
315.6881424178372,70750,546,1036,27671,
315.68824314288577,70750,546,1035,27672,
315.69141270712606,70749,547,1035,27672,
315.69283325289734,70749,546,1036,27672,
315.6966571064434,70748,547,1036,27672,
315.7048053004131,70748,546,1037,27672,
315.7085928865977,70747,547,1037,27672,
315.70947910148897,70747,547,1036,27673,
315.70957127710716,70747,547,1035,27674,
315.7230969461682,70746,548,1035,27674,
315.7260554139331,70746,547,1036,27674,
315.7267822493683,70746,546,1037,27674,
315.7275581427325,70746,546,1036,27675,
315.7302804497561,70745,547,1036,27675,
315.73400193398095,70745,547,1035,27676,
315.73802450726384,70745,547,1034,27677,
315.7536687163182,70745,547,1033,27678,
315.76187289134714,70745,546,1034,27678,
315.7636149284712,70745,546,1033,27679,
315.7675534034504,70745,546,1032,27680,
315.7706613846564,70745,546,1031,27681,
315.7728765320735,70745,545,1032,27681,
315.7735194637671,70744,546,1032,27681,
315.77381149604565,70743,547,1032,27681,
315.7827916988087,70742,548,1032,27681,
315.7830331827833,70742,547,1033,27681,
315.78855132075796,70741,548,1033,27681,
315.7890109682403,70741,548,1032,27682,
315.7917139370494,70741,547,1033,27682,
315.79173657650796,70741,547,1032,27683,
315.7926707263919,70741,547,1031,27684,
315.79632132404885,70741,547,1030,27685,
315.79652455051115,70740,548,1030,27685,
315.7993110009408,70739,549,1030,27685,
315.8012099252066,70739,549,1029,27686,
315.8024091688872,70739,549,1028,27687,
315.8050325621891,70739,548,1029,27687,
315.80979935675305,70739,547,1030,27687,
315.8133995225301,70739,546,1031,27687,
315.8138056330503,70739,546,1030,27688,
315.8140637756445,70739,545,1031,27688,
315.8163489033884,70739,544,1032,27688,
315.81648527669233,70739,544,1031,27689,
315.81916317604555,70738,545,1031,27689,
315.82515726787506,70738,544,1032,27689,
315.8308678079181,70738,544,1031,27690,
315.83291735629524,70738,543,1032,27690,
315.83531674297006,70737,544,1032,27690,
315.8412278513097,70737,543,1033,27690,
315.8438024228112,70737,542,1034,27690,
315.8443943670841,70736,543,1034,27690,
315.8497632967864,70735,544,1034,27690,
315.8498952359823,70734,545,1034,27690,
315.8529389969754,70734,545,1033,27691,
315.8550273306417,70734,544,1034,27691,
315.8555345309662,70734,543,1035,27691,
315.85790340904225,70734,542,1036,27691,
315.8624514985256,70734,542,1035,27692,
315.8635223334251,70734,541,1036,27692,
315.876078222996,70734,541,1035,27693,
315.87900579172646,70734,541,1034,27694,
315.8793317239303,70734,540,1035,27694,
315.8805490043268,70734,539,1036,27694,
315.89121092252464,70734,539,1035,27695,
315.90038637233033,70733,540,1035,27695,
315.90078376114093,70733,540,1034,27696,
315.90552626363865,70733,540,1033,27697,
315.9070673642814,70732,541,1033,27697,
315.91533385325016,70732,540,1034,27697,
315.9166962735717,70732,539,1035,27697,
315.91682152532053,70732,539,1034,27698,
315.92190641409707,70732,539,1033,27699,
315.9219850927285,70731,540,1033,27699,
315.92298823208256,70730,541,1033,27699,
315.94145963215675,70729,542,1033,27699,
315.941992227988,70729,541,1034,27699,
315.94262516783095,70729,541,1033,27700,
315.9431631101773,70729,540,1034,27700,
315.9438425695531,70729,540,1033,27701,
315.94477873690147,70729,540,1032,27702,
315.95156123195346,70729,540,1031,27703,
315.9553694160316,70728,541,1031,27703,
315.9609159179366,70728,541,1030,27704,
315.9660475999922,70728,540,1031,27704,
315.96851055922275,70728,540,1030,27705,
315.9764186716791,70727,541,1030,27705,
315.976506900411,70727,540,1031,27705,
315.9808934388779,70727,539,1032,27705,
315.98474363353466,70727,538,1033,27705,
315.9864742831403,70726,539,1033,27705,
315.9868956059647,70726,539,1032,27706,
315.9921166102367,70726,539,1031,27707,
315.9939241520743,70726,538,1032,27707,
315.9945426575383,70726,537,1033,27707,
315.9946529465798,70726,536,1034,27707,
315.9959795275484,70726,535,1035,27707,
315.99809374203176,70725,536,1035,27707,
316.00310152270794,70725,536,1034,27708,
316.006838337756,70724,537,1034,27708,
316.0085492235808,70724,536,1035,27708,
316.0090310249531,70724,536,1034,27709,
316.01054235273745,70724,536,1033,27710,
316.0118649841696,70724,535,1034,27710,
316.0194392342454,70724,535,1033,27711,
316.0194989408873,70723,536,1033,27711,
316.0252330840616,70723,536,1032,27712,
316.0289459873553,70723,536,1031,27713,
316.03023326532553,70723,536,1030,27714,
316.04195945465085,70723,535,1031,27714,
316.0421574066275,70722,536,1031,27714,
316.04524223809574,70722,535,1032,27714,
316.04727837212266,70722,534,1033,27714,
316.0593860684171,70722,534,1032,27715,
316.06008489632654,70722,533,1033,27715,
316.06183273310495,70721,534,1033,27715,
316.06194608868384,70721,533,1034,27715,
316.0623206959525,70720,534,1034,27715,
316.0660937295086,70719,535,1034,27715,
316.0670215563882,70719,534,1035,27715,
316.0702949879146,70718,535,1035,27715,
316.0753174988563,70717,536,1035,27715,
316.0781978676099,70716,537,1035,27715,
316.0783189915885,70716,537,1034,27716,
316.0804233850673,70716,537,1033,27717,
316.0864994767376,70716,537,1032,27718,
316.0882244346523,70715,538,1032,27718,
316.0885071217965,70715,538,1031,27719,
316.0892675046943,70715,537,1032,27719,
316.0911628041701,70715,536,1033,27719,
316.0916866787614,70714,537,1033,27719,
316.0919052617942,70714,536,1034,27719,
316.0927152229251,70714,536,1033,27720,
316.09333630382656,70713,537,1033,27720,
316.0951683924893,70712,538,1033,27720,
316.0951739316632,70711,539,1033,27720,
316.09748521643166,70711,539,1032,27721,
316.10943365845066,70710,540,1032,27721,
316.11030468824936,70710,539,1033,27721,
316.1104915234634,70710,539,1032,27722,
316.1121942361693,70709,540,1032,27722,
316.11241410713575,70708,541,1032,27722,
316.11595089907047,70708,541,1031,27723,
316.1179351078682,70708,540,1032,27723,
316.11803010526205,70708,540,1031,27724,
316.1191409430687,70708,539,1032,27724,
316.1198985197158,70707,540,1032,27724,
316.1233202579718,70707,540,1031,27725,
316.125043791436,70706,541,1031,27725,
316.1283344746277,70706,540,1032,27725,
316.13671053762073,70706,540,1031,27726,
316.13992460840996,70706,539,1032,27726,
316.14181654903615,70706,539,1031,27727,
316.14351812644287,70706,539,1030,27728,
316.1524517835992,70705,540,1030,27728,
316.15606703273136,70704,541,1030,27728,
316.1591903502109,70703,542,1030,27728,
316.1646452013353,70703,541,1031,27728,
316.1708616071,70702,542,1031,27728,
316.1774107713157,70702,542,1030,27729,
316.1810226098778,70701,543,1030,27729,
316.19451054761134,70700,544,1030,27729,
316.1945287115799,70700,543,1031,27729,
316.19611578979595,70700,542,1032,27729,
316.2001075358213,70700,542,1031,27730,
316.2045862502739,70700,541,1032,27730,
316.207771862295,70700,541,1031,27731,
316.2123974055323,70700,541,1030,27732,
316.21457421744304,70700,540,1031,27732,
316.22336778581274,70699,541,1031,27732,
316.22513564953675,70699,541,1030,27733,
316.23002127975684,70698,542,1030,27733,
316.23117084982385,70697,543,1030,27733,
316.2362123475521,70697,542,1031,27733,
316.23681408416587,70697,541,1032,27733,
316.23848081717915,70697,541,1031,27734,
316.243319150526,70697,541,1030,27735,
316.24454355531134,70697,540,1031,27735,
316.2454114254074,70697,539,1032,27735,
316.246731850389,70697,539,1031,27736,
316.25051763559884,70697,538,1032,27736,
316.25062199814624,70696,539,1032,27736,
316.25521471490083,70695,540,1032,27736,
316.25687947399916,70694,541,1032,27736,
316.2624216081558,70694,541,1031,27737,
316.2685056747471,70694,540,1032,27737,
316.2685771502769,70694,540,1031,27738,
316.2712853836073,70694,539,1032,27738,
316.276069619338,70693,540,1032,27738,
316.27757850527837,70693,540,1031,27739,
316.28068620304595,70693,540,1030,27740,
316.2847811338318,70692,541,1030,27740,
316.28785589232564,70691,542,1030,27740,
316.30395041960065,70690,543,1030,27740,
316.304304999836,70689,544,1030,27740,
316.30518817946523,70688,545,1030,27740,
316.3111448703604,70687,546,1030,27740,
316.3137340337032,70686,547,1030,27740,
316.3139549910404,70686,546,1031,27740,
316.3155818562261,70686,546,1030,27741,
316.3162968716013,70685,547,1030,27741,
316.3163298667077,70685,546,1031,27741,
316.32146303404267,70685,546,1030,27742,
316.32293035271977,70685,546,1029,27743,
316.3230384081615,70685,546,1028,27744,
316.32782945595204,70685,546,1027,27745,
316.3340695158401,70685,546,1026,27746,
316.334602211653,70685,545,1027,27746,
316.33805826148443,70685,545,1026,27747,
316.3459778972505,70685,545,1025,27748,
316.34636278658314,70685,545,1024,27749,
316.34651107254456,70685,544,1025,27749,
316.3477570825238,70685,544,1024,27750,
316.34850522465774,70684,545,1024,27750,
316.3507024064257,70684,544,1025,27750,
316.3529635370547,70684,544,1024,27751,
316.352981579114,70684,543,1025,27751,
316.35304082003574,70684,542,1026,27751,
316.36275350358153,70684,541,1027,27751,
316.3640478230816,70683,542,1027,27751,
316.3649165946016,70682,543,1027,27751,
316.3654229222574,70682,543,1026,27752,
316.36581207299884,70682,542,1027,27752,
316.36958545287786,70681,543,1027,27752,
316.3773847018187,70681,542,1028,27752,
316.37758020403186,70681,542,1027,27753,
316.37862676435014,70681,541,1028,27753,
316.38137825816216,70680,542,1028,27753,
316.381686049607,70680,542,1027,27754,
316.38352017218835,70680,542,1026,27755,
316.38404260209677,70679,543,1026,27755,
316.38789457097505,70678,544,1026,27755,
316.39057497435897,70678,544,1025,27756,
316.39307305477223,70678,543,1026,27756,
316.397314049201,70678,542,1027,27756,
316.4018314279406,70677,543,1027,27756,
316.40439620157963,70677,543,1026,27757,
316.40700214772096,70677,543,1025,27758,
316.41425496146616,70676,544,1025,27758,
316.42403695991425,70676,543,1026,27758,
316.425315978268,70676,542,1027,27758,
316.42649888892777,70676,542,1026,27759,
316.42948542060776,70676,541,1027,27759,
316.4305809219676,70676,540,1028,27759,
316.4343356888271,70675,541,1028,27759,
316.4417920989835,70675,540,1029,27759,
316.4468685963988,70675,539,1030,27759,
316.4468926415645,70674,540,1030,27759,
316.4517133354847,70673,541,1030,27759,
316.45807646099337,70672,542,1030,27759,
316.46182868076437,70672,542,1029,27760,
316.4701362449366,70672,541,1030,27760,
316.47049331704034,70672,540,1031,27760,
316.4717284512019,70672,540,1030,27761,
316.4766256923872,70672,539,1031,27761,
316.4832183353707,70672,539,1030,27762,
316.4866115909823,70672,539,1029,27763,
316.4904976635616,70672,539,1028,27764,
316.4921874827433,70672,538,1029,27764,
316.49612831073335,70671,539,1029,27764,
316.4974368201863,70671,539,1028,27765,
316.4996677983106,70671,538,1029,27765,
316.50178507157676,70670,539,1029,27765,
316.50620604273075,70670,539,1028,27766,
316.5088614659868,70669,540,1028,27766,
316.51554390381875,70669,540,1027,27767,
316.5188538181374,70669,540,1026,27768,
316.5209397115556,70668,541,1026,27768,
316.52359643344397,70667,542,1026,27768,
316.5263040891801,70667,542,1025,27769,
316.5329320102948,70666,543,1025,27769,
316.53443794210557,70665,544,1025,27769,
316.5368810386091,70664,545,1025,27769,
316.53879498945145,70663,546,1025,27769,
316.54055691116605,70663,545,1026,27769,
316.54259782096835,70663,545,1025,27770,
316.5440344154433,70663,545,1024,27771,
316.54676091717,70662,546,1024,27771,
316.54874903904073,70662,546,1023,27772,
316.55043732797094,70662,546,1022,27773,
316.5511531496163,70662,546,1021,27774,
316.5541187804099,70661,547,1021,27774,
316.559988130518,70661,547,1020,27775,
316.56976021429756,70661,547,1019,27776,
316.56981044120806,70661,547,1018,27777,
316.5714086971743,70661,546,1019,27777,
316.57323461977643,70660,547,1019,27777,
316.5739885922052,70659,548,1019,27777,
316.57476133117376,70658,549,1019,27777,
316.5759914477048,70658,549,1018,27778,
316.5781985735639,70658,548,1019,27778,
316.5801386586719,70658,547,1020,27778,
316.5845142495293,70658,547,1019,27779,
316.58556175973354,70658,546,1020,27779,
316.587398291832,70658,545,1021,27779,
316.5878607496139,70658,545,1020,27780,
316.5883908064015,70658,544,1021,27780,
316.58997134161444,70657,545,1021,27780,
316.59029608938016,70656,546,1021,27780,
316.5929262250572,70656,545,1022,27780,
316.59537323711146,70655,546,1022,27780,
316.5992007573418,70655,545,1023,27780,
316.6029927373794,70654,546,1023,27780,
316.60759796678457,70654,546,1022,27781,
316.6157228973486,70654,545,1023,27781,
316.6195251282319,70654,545,1022,27782,
316.625628894264,70653,546,1022,27782,
316.6260203373782,70653,546,1021,27783,
316.6292283050634,70653,546,1020,27784,
316.6319834881434,70652,547,1020,27784,
316.6357018260554,70651,548,1020,27784,
316.63647086951585,70651,548,1019,27785,
316.6366370817059,70650,549,1019,27785,
316.63928555989975,70649,550,1019,27785,
316.6394574784004,70649,550,1018,27786,
316.6405564323975,70648,551,1018,27786,
316.6424030864916,70648,550,1019,27786,
316.6432310401856,70648,549,1020,27786,
316.6479294241365,70648,549,1019,27787,
316.64850867732446,70648,549,1018,27788,
316.65510690062285,70648,549,1017,27789,
316.6604209317746,70648,549,1016,27790,
316.666292778178,70648,548,1017,27790,
316.66893716552397,70647,549,1017,27790,
316.6694437339167,70647,549,1016,27791,
316.66959400027486,70647,548,1017,27791,
316.6724985359535,70647,547,1018,27791,
316.6735211146283,70647,547,1017,27792,
316.6808248508961,70647,546,1018,27792,
316.68241311805843,70646,547,1018,27792,
316.68515351205167,70645,548,1018,27792,
316.6895483296265,70644,549,1018,27792,
316.6897070477919,70644,549,1017,27793,
316.6914638154811,70644,548,1018,27793,
316.6917452125841,70643,549,1018,27793,
316.6938310878935,70642,550,1018,27793,
316.695791469195,70642,549,1019,27793,
316.69710067288946,70642,549,1018,27794,
316.70177669372265,70642,548,1019,27794,
316.7035767444654,70642,547,1020,27794,
316.7057892438162,70642,547,1019,27795,
316.7113935537109,70642,547,1018,27796,
316.7223109500035,70642,546,1019,27796,
316.7224410562092,70642,545,1020,27796,
316.7230316750368,70642,545,1019,27797,
316.72719127348427,70642,545,1018,27798,
316.73944815350205,70642,544,1019,27798,
316.74057901767253,70642,543,1020,27798,
316.7436373471577,70642,543,1019,27799,
316.74852470164006,70642,543,1018,27800,
316.7503250597445,70642,542,1019,27800,
316.7512823593288,70641,543,1019,27800,
316.7582045107328,70641,542,1020,27800,
316.76193529179454,70641,541,1021,27800,
316.762124342755,70641,541,1020,27801,
316.768573451677,70641,540,1021,27801,
316.7686786579121,70641,539,1022,27801,
316.76953405004804,70641,538,1023,27801,
316.772435131489,70640,539,1023,27801,
316.7727957671779,70639,540,1023,27801,
316.77390839905166,70639,539,1024,27801,
316.7740041460439,70639,538,1025,27801,
316.7760505041953,70638,539,1025,27801,
316.7783099502513,70638,539,1024,27802,
316.78383625732954,70638,538,1025,27802,
316.784778314622,70638,538,1024,27803,
316.7859663897988,70638,537,1025,27803,
316.80641041401725,70637,538,1025,27803,
316.81110739625547,70637,537,1026,27803,
316.81404236565214,70637,537,1025,27804,
316.8147581000977,70637,536,1026,27804,
316.82185531915445,70637,536,1025,27805,
316.8327363769499,70637,536,1024,27806,
316.8354106249755,70636,537,1024,27806,
316.8365064920664,70635,538,1024,27806,
316.83867274945095,70635,538,1023,27807,
316.84127653088257,70635,537,1024,27807,
316.8417638698954,70635,537,1023,27808,
316.8557253880106,70635,537,1022,27809,
316.856127899497,70634,538,1022,27809,
316.8571532149268,70634,537,1023,27809,
316.8591103385116,70634,537,1022,27810,
316.861007490394,70634,537,1021,27811,
316.86196015006533,70633,538,1021,27811,
316.8635853326892,70632,539,1021,27811,
316.8649167668768,70632,538,1022,27811,
316.87139679573926,70631,539,1022,27811,
316.8734884796611,70631,539,1021,27812,
316.87380815424405,70631,539,1020,27813,
316.8759478773549,70631,539,1019,27814,
316.8765998583648,70631,538,1020,27814,
316.881490059031,70630,539,1020,27814,
316.882545104128,70630,539,1019,27815,
316.88263239823135,70630,538,1020,27815,
316.88453851954506,70629,539,1020,27815,
316.8885075218282,70629,538,1021,27815,
316.88951617654584,70629,538,1020,27816,
316.8902952112045,70629,537,1021,27816,
316.89053251748305,70629,537,1020,27817,
316.8943707575924,70629,537,1019,27818,
316.89672329127757,70629,536,1020,27818,
316.9000411326112,70628,537,1020,27818,
316.9068856388922,70628,536,1021,27818,
316.9120099650991,70627,537,1021,27818,
316.912560714029,70627,536,1022,27818,
316.9125729187507,70627,536,1021,27819,
316.91259504174775,70626,537,1021,27819,
316.91644398874644,70625,538,1021,27819,
316.9197111495344,70625,537,1022,27819,
316.9276980258194,70625,537,1021,27820,
316.9281703713266,70625,537,1020,27821,
316.9293565776874,70625,537,1019,27822,
316.93233456967835,70625,537,1018,27823,
316.93413872746555,70624,538,1018,27823,
316.9358805491793,70624,538,1017,27824,
316.9379563665728,70623,539,1017,27824,
316.9391938833929,70623,539,1016,27825,
316.9443987538943,70623,539,1015,27826,
316.9451116765349,70622,540,1015,27826,
316.9451439276107,70621,541,1015,27826,
316.94516710400194,70621,541,1014,27827,
316.945715499358,70620,542,1014,27827,
316.94586950874793,70620,541,1015,27827,
316.9564957132191,70620,541,1014,27828,
316.9582823128228,70620,541,1013,27829,
316.96105524195286,70620,541,1012,27830,
316.9627050844563,70620,540,1013,27830,
316.9652239070788,70619,541,1013,27830,
316.9691332075384,70619,540,1014,27830,
316.9721803948032,70619,540,1013,27831,
316.97610859781304,70619,539,1014,27831,
316.9788473208687,70619,539,1013,27832,
316.98054518477863,70619,538,1014,27832,
316.98208701720756,70619,538,1013,27833,
316.9889569555027,70618,539,1013,27833,
316.99077023644463,70618,539,1012,27834,
316.99810987187533,70617,540,1012,27834,
317.0108176088179,70616,541,1012,27834,
317.01094803398036,70616,541,1011,27835,
317.011323245868,70616,541,1010,27836,
317.0168493868439,70616,541,1009,27837,
317.0204691106636,70616,541,1008,27838,
317.0242750836256,70616,540,1009,27838,
317.02521657527154,70615,541,1009,27838,
317.0265829366649,70615,541,1008,27839,
317.02841329851043,70615,541,1007,27840,
317.03067651251496,70615,541,1006,27841,
317.03160783313024,70615,540,1007,27841,
317.0377748857218,70615,539,1008,27841,
317.04151451345933,70615,539,1007,27842,
317.043692536659,70614,540,1007,27842,
317.05392047704163,70614,540,1006,27843,
317.0582721756795,70614,539,1007,27843,
317.0596293880064,70614,539,1006,27844,
317.05977384204914,70614,538,1007,27844,
317.06623430819815,70613,539,1007,27844,
317.072789170749,70613,539,1006,27845,
317.0729028504371,70613,538,1007,27845,
317.0808352538235,70613,538,1006,27846,
317.0840260683909,70613,538,1005,27847,
317.08428751975623,70612,539,1005,27847,
317.0854629394714,70612,539,1004,27848,
317.08883809441335,70612,539,1003,27849,
317.08918824507276,70612,538,1004,27849,
317.0893744412465,70611,539,1004,27849,
317.0895893127139,70610,540,1004,27849,
317.10164114489635,70610,539,1005,27849,
317.1055646072425,70610,538,1006,27849,
317.10933981449807,70610,537,1007,27849,
317.11121335796173,70610,536,1008,27849,
317.1117816765327,70610,535,1009,27849,
317.1122227165151,70610,535,1008,27850,
317.1170298667254,70610,535,1007,27851,
317.118423809248,70610,535,1006,27852,
317.11972693181673,70610,535,1005,27853,
317.12063996879107,70610,534,1006,27853,
317.1253055181082,70610,533,1007,27853,
317.12817411844867,70610,532,1008,27853,
317.1283831985021,70609,533,1008,27853,
317.1364828836552,70609,532,1009,27853,
317.13699112293205,70608,533,1009,27853,
317.1403085766517,70608,533,1008,27854,
317.142049326998,70608,533,1007,27855,
317.14311830928654,70608,533,1006,27856,
317.15013382670736,70608,533,1005,27857,
317.1502133293147,70608,533,1004,27858,
317.15217474362674,70608,532,1005,27858,
317.15236178236773,70608,531,1006,27858,
317.1524688801115,70608,531,1005,27859,
317.16001791700916,70608,530,1006,27859,
317.1601543671382,70607,531,1006,27859,
317.16209847632376,70606,532,1006,27859,
317.1655439411465,70605,533,1006,27859,
317.1738381127989,70605,532,1007,27859,
317.17538010495315,70605,531,1008,27859,
317.1770196758658,70604,532,1008,27859,
317.18371168459566,70604,532,1007,27860,
317.189448167833,70604,532,1006,27861,
317.1898364170074,70603,533,1006,27861,
317.1910119774643,70603,533,1005,27862,
317.1983090455113,70603,532,1006,27862,
317.2010858551933,70603,532,1005,27863,
317.2015058302517,70602,533,1005,27863,
317.2020776736571,70602,532,1006,27863,
317.2057555266402,70601,533,1006,27863,
317.21017211703884,70601,533,1005,27864,
317.2123137766566,70600,534,1005,27864,
317.21662468447363,70600,533,1006,27864,
317.21877914575015,70600,532,1007,27864,
317.22309650195666,70600,531,1008,27864,
317.2242754311508,70600,530,1009,27864,
317.22459430935896,70599,531,1009,27864,
317.22964530164245,70598,532,1009,27864,
317.2304182336557,70598,532,1008,27865,
317.23372069904116,70597,533,1008,27865,
317.2340163820872,70596,534,1008,27865,
317.2359064892888,70596,533,1009,27865,
317.23591664598644,70596,532,1010,27865,
317.2359684523455,70596,531,1011,27865,
317.2370963256472,70595,532,1011,27865,
317.2380332233123,70595,532,1010,27866,
317.2395908899668,70595,532,1009,27867,
317.2428779182688,70595,531,1010,27867,
317.24497982275574,70595,530,1011,27867,
317.2512562810234,70595,530,1010,27868,
317.2617885811126,70595,529,1011,27868,
317.2716415761697,70594,530,1011,27868,
317.2731255175951,70594,529,1012,27868,
317.27410905007724,70594,529,1011,27869,
317.27443077716487,70594,529,1010,27870,
317.27581702332924,70594,529,1009,27871,
317.27791487291677,70594,528,1010,27871,
317.2914534416892,70594,528,1009,27872,
317.2928384904794,70594,527,1010,27872,
317.2996615240231,70593,528,1010,27872,
317.303627692563,70593,528,1009,27873,
317.30486086761607,70593,527,1010,27873,
317.3079345280404,70592,528,1010,27873,
317.3090455278505,70591,529,1010,27873,
317.31571410568495,70590,530,1010,27873,
317.3251297916532,70590,529,1011,27873,
317.32822746047816,70589,530,1011,27873,
317.3343361489965,70589,529,1012,27873,
317.34060335126384,70589,528,1013,27873,
317.34419785936944,70589,527,1014,27873,
317.3472120745725,70589,526,1015,27873,
317.34946478619736,70589,525,1016,27873,
317.3503116337961,70589,524,1017,27873,
317.3531233350174,70589,524,1016,27874,
317.3538941466467,70588,525,1016,27874,
317.3554330913422,70588,525,1015,27875,
317.3572411137275,70588,525,1014,27876,
317.35831752656713,70588,524,1015,27876,
317.3610683893699,70588,523,1016,27876,
317.36280213428614,70588,523,1015,27877,
317.3666234799191,70588,523,1014,27878,
317.3677074524726,70588,523,1013,27879,
317.36901470061986,70588,523,1012,27880,
317.3704328078946,70588,522,1013,27880,
317.3761066170527,70588,522,1012,27881,
317.378502364169,70587,523,1012,27881,
317.38696410369465,70586,524,1012,27881,
317.3889377786432,70585,525,1012,27881,
317.4029918761925,70585,525,1011,27882,
317.41024638316924,70585,525,1010,27883,
317.4190243619364,70585,525,1009,27884,
317.42452506519487,70584,526,1009,27884,
317.43096636133026,70584,525,1010,27884,
317.43456612146883,70583,526,1010,27884,
317.43509376459497,70583,526,1009,27885,
317.43731061006525,70583,525,1010,27885,
317.4384979298398,70583,525,1009,27886,
317.4392956101911,70583,524,1010,27886,
317.4411349153987,70582,525,1010,27886,
317.4485801989344,70582,525,1009,27887,
317.45888702297634,70582,525,1008,27888,
317.46029346721303,70582,524,1009,27888,
317.4645577787613,70581,525,1009,27888,
317.4661390172045,70581,525,1008,27889,
317.46755142388326,70581,525,1007,27890,
317.4731534437944,70581,525,1006,27891,
317.47316820589924,70581,525,1005,27892,
317.4774643424736,70581,525,1004,27893,
317.4788387257674,70581,525,1003,27894,
317.48172172294346,70581,525,1002,27895,
317.49345632381284,70581,525,1001,27896,
317.49479276057014,70581,524,1002,27896,
317.4999508161533,70581,524,1001,27897,
317.50244194256993,70581,524,1000,27898,
317.50278965116007,70581,524,999,27899,
317.5049493698779,70581,523,1000,27899,
317.50495045007654,70581,523,999,27900,
317.5056810678413,70581,522,1000,27900,
317.5092803697196,70581,521,1001,27900,
317.52089855079646,70581,521,1000,27901,
317.5238515397574,70580,522,1000,27901,
317.52551081173215,70580,521,1001,27901,
317.5279039552947,70580,521,1000,27902,
317.5375925516384,70580,521,999,27903,
317.54378796439056,70579,522,999,27903,
317.5540999236332,70579,521,1000,27903,
317.55545487244393,70579,521,999,27904,
317.5554750879654,70579,520,1000,27904,
317.5591889467788,70579,519,1001,27904,
317.56063253189893,70578,520,1001,27904,
317.5704937924626,70578,519,1002,27904,
317.57295034599866,70578,518,1003,27904,
317.5742444294432,70578,518,1002,27905,
317.57614649987335,70578,517,1003,27905,
317.57961821342593,70578,516,1004,27905,
317.5821412528558,70578,516,1003,27906,
317.583308201557,70577,517,1003,27906,
317.5923731600013,70577,517,1002,27907,
317.5927520125107,70577,517,1001,27908,
317.594869406461,70577,516,1002,27908,
317.59662034024575,70576,517,1002,27908,
317.59760391598905,70576,516,1003,27908,
317.6060050862692,70576,515,1004,27908,
317.60660190801326,70576,515,1003,27909,
317.6067394583742,70576,514,1004,27909,
317.60691982566937,70575,515,1004,27909,
317.6185604513769,70575,514,1005,27909,
317.6245635384722,70575,513,1006,27909,
317.6257613551053,70574,514,1006,27909,
317.6280581174694,70573,515,1006,27909,
317.6336184881641,70572,516,1006,27909,
317.641733666972,70571,517,1006,27909,
317.6417585431391,70571,516,1007,27909,
317.6457827467583,70570,517,1007,27909,
317.6496065942989,70570,517,1006,27910,
317.66009930995114,70570,516,1007,27910,
317.66896835876634,70569,517,1007,27910,
317.675637364818,70568,518,1007,27910,
317.6806022447734,70568,518,1006,27911,
317.6854668201147,70568,518,1005,27912,
317.68626310095516,70568,517,1006,27912,
317.69250843436777,70568,517,1005,27913,
317.6987311971805,70568,516,1006,27913,
317.702539680418,70568,515,1007,27913,
317.7087554630923,70568,515,1006,27914,
317.71005625074145,70567,516,1006,27914,
317.7102900072112,70567,516,1005,27915,
317.71135243631255,70567,515,1006,27915,
317.71232192953084,70566,516,1006,27915,
317.71646049351665,70566,516,1005,27916,
317.7218472996714,70565,517,1005,27916,
317.72186999659226,70565,516,1006,27916,
317.72756819593684,70565,516,1005,27917,
317.7306288269707,70565,516,1004,27918,
317.7347428166786,70565,516,1003,27919,
317.7348003715682,70565,515,1004,27919,
317.7358773317436,70565,515,1003,27920,
317.74247905367446,70565,515,1002,27921,
317.745332778636,70565,515,1001,27922,
317.74993079263874,70564,516,1001,27922,
317.75457384938966,70564,516,1000,27923,
317.7559245830806,70564,515,1001,27923,
317.7595217325791,70564,515,1000,27924,
317.7630448276775,70564,514,1001,27924,
317.76359709795577,70564,513,1002,27924,
317.7685886861557,70563,514,1002,27924,
317.7694665205142,70563,513,1003,27924,
317.769777911448,70562,514,1003,27924,
317.76979770812835,70562,514,1002,27925,
317.7740326863609,70562,514,1001,27926,
317.7745187735229,70561,515,1001,27926,
317.77731504107135,70561,514,1002,27926,
317.7835409950979,70561,513,1003,27926,
317.78418796341396,70560,514,1003,27926,
317.78729088376315,70560,514,1002,27927,
317.78870853975235,70560,514,1001,27928,
317.78947932528445,70560,514,1000,27929,
317.7932523319255,70560,513,1001,27929,
317.79495982922987,70560,512,1002,27929,
317.7966347202653,70560,511,1003,27929,
317.80294615140383,70559,512,1003,27929,
317.80470851643076,70559,511,1004,27929,
317.8081960100605,70558,512,1004,27929,
317.8095021849524,70558,512,1003,27930,
317.8150641404811,70558,511,1004,27930,
317.81726816779667,70558,511,1003,27931,
317.8211198355146,70557,512,1003,27931,
317.8331001729415,70557,512,1002,27932,
317.83473367910216,70557,512,1001,27933,
317.8354746514772,70557,512,1000,27934,
317.84075221183537,70556,513,1000,27934,
317.8436067522371,70555,514,1000,27934,
317.8462992286909,70555,514,999,27935,
317.84752450093197,70555,514,998,27936,
317.8488306014065,70555,513,999,27936,
317.8508920391424,70555,513,998,27937,
317.85465391131163,70555,512,999,27937,
317.85478091554626,70555,511,1000,27937,
317.85900554959596,70554,512,1000,27937,
317.86194480557486,70554,512,999,27938,
317.8619501128773,70553,513,999,27938,
317.86513155106843,70552,514,999,27938,
317.8660831502937,70551,515,999,27938,
317.866762937382,70551,515,998,27939,
317.8753124686976,70551,514,999,27939,
317.8755588691681,70551,513,1000,27939,
317.8776434969843,70551,513,999,27940,
317.8796239178535,70551,512,1000,27940,
317.8817638384788,70550,513,1000,27940,
317.893004059499,70550,513,999,27941,
317.89573020731535,70550,513,998,27942,
317.90310035527335,70550,512,999,27942,
317.9051449124913,70549,513,999,27942,
317.9057178184612,70549,513,998,27943,
317.90642941179954,70549,512,999,27943,
317.90733737024414,70549,512,998,27944,
317.9076599290032,70548,513,998,27944,
317.90837781334994,70547,514,998,27944,
317.91163301506225,70546,515,998,27944,
317.91283600248113,70546,514,999,27944,
317.91684256925555,70546,514,998,27945,
317.9231693462983,70546,513,999,27945,
317.9240295977609,70545,514,999,27945,
317.9335289345961,70545,513,1000,27945,
317.93812188042136,70545,512,1001,27945,
317.93977959465747,70545,512,1000,27946,
317.94068476114757,70545,511,1001,27946,
317.94377686122056,70545,510,1002,27946,
317.9464567924493,70545,510,1001,27947,
317.94710522822,70545,510,1000,27948,
317.947869103361,70544,511,1000,27948,
317.9482313954471,70544,511,999,27949,
317.9486757824076,70544,511,998,27950,
317.94920827414063,70544,510,999,27950,
317.9508068456915,70544,509,1000,27950,
317.95088211540036,70544,508,1001,27950,
317.9512703227449,70543,509,1001,27950,
317.9529553545405,70543,508,1002,27950,
317.95383432570287,70543,508,1001,27951,
317.96121411448615,70543,508,1000,27952,
317.96265661963633,70542,509,1000,27952,
317.9637017761245,70542,509,999,27953,
317.96498372315017,70541,510,999,27953,
317.96581062975787,70541,509,1000,27953,
317.96838330044363,70541,509,999,27954,
317.96874566034234,70541,509,998,27955,
317.9737376705502,70541,509,997,27956,
317.9740554281699,70541,509,996,27957,
317.9861228661069,70540,510,996,27957,
317.99342289040334,70539,511,996,27957,
317.99550896593735,70539,510,997,27957,
317.9968694984007,70538,511,997,27957,
317.99902738866905,70538,510,998,27957,
318.0040909625965,70538,509,999,27957,
318.0078424415486,70538,509,998,27958,
318.0102612434917,70538,508,999,27958,
318.01489685440237,70538,507,1000,27958,
318.01691753662215,70538,506,1001,27958,
318.0220194013329,70538,505,1002,27958,
318.02237179442085,70538,504,1003,27958,
318.0251773298915,70538,503,1004,27958,
318.02537021294745,70538,503,1003,27959,
318.0286353926092,70538,503,1002,27960,
318.03292486404956,70538,503,1001,27961,
318.0364743576264,70537,504,1001,27961,
318.0379182111618,70537,504,1000,27962,
318.0379927685606,70537,503,1001,27962,
318.04502110845965,70537,503,1000,27963,
318.045983206411,70537,502,1001,27963,
318.05221437163624,70537,501,1002,27963,
318.05475404333964,70537,501,1001,27964,
318.05622966749496,70537,500,1002,27964,
318.0634888660768,70537,499,1003,27964,
318.06382528145934,70536,500,1003,27964,
318.06564392064786,70536,499,1004,27964,
318.06853312275217,70536,499,1003,27965,
318.07030564783287,70536,499,1002,27966,
318.0703769416845,70535,500,1002,27966,
318.0710718845752,70535,499,1003,27966,
318.0730152687046,70535,498,1004,27966,
318.0806402642027,70535,497,1005,27966,
318.08217174741725,70535,496,1006,27966,
318.08594152096293,70534,497,1006,27966,
318.08701533634525,70534,497,1005,27967,
318.09326906109527,70534,497,1004,27968,
318.10031779891216,70534,496,1005,27968,
318.10411348020205,70534,496,1004,27969,
318.1068163097239,70534,495,1005,27969,
318.106993947861,70534,495,1004,27970,
318.109875000907,70534,495,1003,27971,
318.1129536154458,70534,495,1002,27972,
318.12630305116284,70534,494,1003,27972,
318.1265308945359,70534,494,1002,27973,
318.12990817665974,70534,494,1001,27974,
318.13530638333623,70534,493,1002,27974,
318.1358354315767,70533,494,1002,27974,
318.14207006055994,70532,495,1002,27974,
318.14429066313744,70532,495,1001,27975,
318.1476414210011,70532,494,1002,27975,
318.15560237004473,70531,495,1002,27975,
318.1572951448788,70530,496,1002,27975,
318.1659648194954,70530,496,1001,27976,
318.1717611173436,70530,495,1002,27976,
318.17619383085264,70529,496,1002,27976,
318.17645062810317,70529,496,1001,27977,
318.1784659631859,70529,496,1000,27978,
318.18056132721705,70529,496,999,27979,
318.1820705310537,70528,497,999,27979,
318.1827595353488,70528,496,1000,27979,
318.18586825134133,70527,497,1000,27979,
318.18808394967397,70526,498,1000,27979,
318.192602619386,70525,499,1000,27979,
318.1926846434344,70525,499,999,27980,
318.19584228103486,70524,500,999,27980,
318.1988104285054,70524,499,1000,27980,
318.199411654297,70524,499,999,27981,
318.2045553288222,70524,499,998,27982,
318.21449698268265,70524,498,999,27982,
318.22037163340116,70524,498,998,27983,
318.22195891879016,70523,499,998,27983,
318.2236888884607,70523,499,997,27984,
318.2278643664499,70523,498,998,27984,
318.2287413426515,70522,499,998,27984,
318.2306557628473,70521,500,998,27984,
318.23084690322963,70520,501,998,27984,
318.2351992795186,70520,501,997,27985,
318.23626259607477,70520,501,996,27986,
318.23784594308967,70519,502,996,27986,
318.24441632506637,70518,503,996,27986,
318.24484647215706,70517,504,996,27986,
318.2479709465962,70517,504,995,27987,
318.2585084502219,70517,503,996,27987,
318.2603874392538,70516,504,996,27987,
318.26970190026265,70516,503,997,27987,
318.2703651877197,70516,503,996,27988,
318.27382869346155,70516,503,995,27989,
318.27439258387636,70516,503,994,27990,
318.28148167815823,70516,502,995,27990,
318.2988397143242,70515,503,995,27990,
318.2992248929023,70515,503,994,27991,
318.3018612634649,70515,502,995,27991,
318.3061177218484,70515,501,996,27991,
318.30633863774017,70515,501,995,27992,
318.310402628337,70514,502,995,27992,
318.3138241085354,70514,501,996,27992,
318.3199595678679,70514,500,997,27992,
318.320423026886,70514,500,996,27993,
318.3230286035595,70514,500,995,27994,
318.3246099207309,70514,500,994,27995,
318.3262487367381,70514,499,995,27995,
318.3278558217381,70514,499,994,27996,
318.33784309629044,70514,499,993,27997,
318.3386989174963,70514,499,992,27998,
318.34061549720633,70513,500,992,27998,
318.3406530119671,70513,500,991,27999,
318.3446398134327,70513,499,992,27999,
318.3470348241512,70512,500,992,27999,
318.3477009049988,70512,499,993,27999,
318.3505033968486,70511,500,993,27999,
318.36273083744044,70510,501,993,27999,
318.36325624816004,70509,502,993,27999,
318.36577929176826,70509,502,992,28000,
318.3657981143897,70509,501,993,28000,
318.36995125206477,70509,500,994,28000,
318.3742363951661,70509,500,993,28001,
318.37529509134924,70509,499,994,28001,
318.37904044452006,70509,498,995,28001,
318.3807761499126,70508,499,995,28001,
318.3812435731544,70507,500,995,28001,
318.38230008620354,70506,501,995,28001,
318.3835545475352,70506,501,994,28002,
318.38763562978875,70506,500,995,28002,
318.38871325442557,70506,499,996,28002,
318.3974074216641,70505,500,996,28002,
318.4004569350909,70504,501,996,28002,
318.4010012616614,70504,500,997,28002,
318.40203369831175,70504,499,998,28002,
318.4030722055386,70504,498,999,28002,
318.40488894261694,70504,497,1000,28002,
318.41269396297923,70504,497,999,28003,
318.4195979339587,70503,498,999,28003,
318.4264294809145,70503,498,998,28004,
318.4266214462909,70503,497,999,28004,
318.4269970120135,70502,498,999,28004,
318.4340348925686,70501,499,999,28004,
318.43538972145916,70500,500,999,28004,
318.4417500127172,70500,499,1000,28004,
318.4417556054451,70500,499,999,28005,
318.44960875648263,70499,500,999,28005,
318.45727414493933,70499,499,1000,28005,
318.4596072117179,70499,498,1001,28005,
318.4640183946611,70498,499,1001,28005,
318.47362004859764,70497,500,1001,28005,
318.47368622801366,70497,499,1002,28005,
318.4783315578828,70497,498,1003,28005,
318.4799247129909,70496,499,1003,28005,
318.4802695211437,70495,500,1003,28005,
318.4847088133529,70495,499,1004,28005,
318.5008631997496,70495,498,1005,28005,
318.50207602631264,70494,499,1005,28005,
318.51040242062396,70494,499,1004,28006,
318.51072099895174,70494,498,1005,28006,
318.5132779989656,70494,497,1006,28006,
318.5222981237967,70494,497,1005,28007,
318.52435003482196,70493,498,1005,28007,
318.524546769335,70492,499,1005,28007,
318.5246771417793,70492,498,1006,28007,
318.52496429089365,70492,498,1005,28008,
318.52514309104913,70492,498,1004,28009,
318.5313052121519,70492,498,1003,28010,
318.5322476481433,70492,497,1004,28010,
318.5375849207825,70492,497,1003,28011,
318.5383898519928,70491,498,1003,28011,
318.54304138182897,70491,497,1004,28011,
318.54361391169954,70491,497,1003,28012,
318.5503047776068,70491,497,1002,28013,
318.5598934296111,70491,496,1003,28013,
318.56191842702896,70491,496,1002,28014,
318.5643916250941,70491,496,1001,28015,
318.5700272687841,70491,496,1000,28016,
318.58235904712257,70491,495,1001,28016,
318.59511099208436,70491,495,1000,28017,
318.595384552549,70491,495,999,28018,
318.6024541891081,70491,495,998,28019,
318.61528474755255,70490,496,998,28019,
318.61665480056394,70490,495,999,28019,
318.6190901107591,70490,494,1000,28019,
318.62342659560886,70490,494,999,28020,
318.6235304048898,70490,494,998,28021,
318.62382341179057,70490,493,999,28021,
318.6262391687351,70489,494,999,28021,
318.63175809981783,70489,494,998,28022,
318.63233431291707,70489,493,999,28022,
318.63408249856343,70489,493,998,28023,
318.6355468496599,70489,493,997,28024,
318.6394720712145,70489,492,998,28024,
318.6408230705349,70489,491,999,28024,
318.64467710034734,70489,491,998,28025,
318.64540659035697,70489,491,997,28026,
318.65032320339554,70489,490,998,28026,
318.650885365244,70488,491,998,28026,
318.66386468459405,70487,492,998,28026,
318.66567986932716,70487,491,999,28026,
318.6676304578853,70487,491,998,28027,
318.6710494692298,70487,490,999,28027,
318.6722341271836,70487,490,998,28028,
318.67836275959417,70487,489,999,28028,
318.6795054821841,70486,490,999,28028,
318.6798297457063,70486,489,1000,28028,
318.6949836190541,70486,488,1001,28028,
318.69860776332166,70486,487,1002,28028,
318.7039765984051,70485,488,1002,28028,
318.70702629590295,70485,488,1001,28029,
318.70807339291406,70485,488,1000,28030,
318.71263023725174,70484,489,1000,28030,
318.7178181706666,70483,490,1000,28030,
318.71917475176747,70483,489,1001,28030,
318.72233373424524,70482,490,1001,28030,
318.7255502039138,70482,489,1002,28030,
318.72557356659183,70482,488,1003,28030,
318.7257817265917,70482,488,1002,28031,
318.7302494365469,70482,487,1003,28031,
318.7310271446745,70482,486,1004,28031,
318.73242423765686,70481,487,1004,28031,
318.7327957784089,70481,486,1005,28031,
318.7341013285713,70481,486,1004,28032,
318.73788976216576,70481,485,1005,28032,
318.7388570236645,70480,486,1005,28032,
318.7392359990255,70480,485,1006,28032,
318.7402566498422,70480,485,1005,28033,
318.74174697885246,70480,484,1006,28033,
318.7448397355643,70480,484,1005,28034,
318.75213576720137,70479,485,1005,28034,
318.75346062071515,70479,484,1006,28034,
318.7576351204913,70479,483,1007,28034,
318.7620462083883,70479,482,1008,28034,
318.76729582238033,70478,483,1008,28034,
318.783040406796,70478,483,1007,28035,
318.78421677519833,70478,483,1006,28036,
318.7865787843242,70478,483,1005,28037,
318.78998555709813,70478,483,1004,28038,
318.79334183477874,70478,483,1003,28039,
318.7940829429569,70477,484,1003,28039,
318.7997631922807,70477,484,1002,28040,
318.80318166115626,70477,483,1003,28040,
318.80673412900256,70477,483,1002,28041,
318.8154723929856,70476,484,1002,28041,
318.81572632548756,70476,484,1001,28042,
318.8157720708761,70476,483,1002,28042,
318.8166342283021,70476,482,1003,28042,
318.8196271428547,70476,481,1004,28042,
318.82216179449534,70476,481,1003,28043,
318.83008985961334,70476,481,1002,28044,
318.830156151413,70475,482,1002,28044,
318.8367600889476,70475,482,1001,28045,
318.8396011715332,70474,483,1001,28045,
318.84404115631537,70474,483,1000,28046,
318.8464761464486,70474,482,1001,28046,
318.84885218666216,70474,482,1000,28047,
318.84895518906455,70474,482,999,28048,
318.84977003881613,70474,481,1000,28048,
318.8620977481052,70474,481,999,28049,
318.8644872675685,70474,481,998,28050,
318.86476641795235,70474,480,999,28050,
318.8674562288761,70474,479,1000,28050,
318.8720910249837,70473,480,1000,28050,
318.8725409332935,70472,481,1000,28050,
318.8831055092551,70472,481,999,28051,
318.8882703495341,70472,480,1000,28051,
318.888925679729,70472,479,1001,28051,
318.89160073774264,70472,478,1002,28051,
318.89348769439664,70472,478,1001,28052,
318.8980098224536,70471,479,1001,28052,
318.89955048815654,70471,478,1002,28052,
318.9023309850607,70471,478,1001,28053,
318.90560834174926,70471,478,1000,28054,
318.9076265522895,70471,478,999,28055,
318.90861611222397,70471,477,1000,28055,
318.9107017015251,70470,478,1000,28055,
318.910934419828,70470,478,999,28056,
318.9112611393507,70470,477,1000,28056,
318.9127810714351,70470,477,999,28057,
318.9133396911428,70470,476,1000,28057,
318.92118752197894,70470,476,999,28058,
318.92214750636543,70470,476,998,28059,
318.9233070303101,70470,475,999,28059,
318.92646719947163,70470,475,998,28060,
318.92713388436977,70469,476,998,28060,
318.92716508217745,70468,477,998,28060,
318.9272435988877,70467,478,998,28060,
318.92811658508276,70466,479,998,28060,
318.9287326735643,70466,479,997,28061,
318.9309214351423,70466,478,998,28061,
318.93327825767824,70466,478,997,28062,
318.9338777167279,70466,477,998,28062,
318.94001374243516,70466,477,997,28063,
318.9412468431392,70466,477,996,28064,
318.94535780072925,70465,478,996,28064,
318.9482261216712,70465,477,997,28064,
318.9501140802383,70464,478,997,28064,
318.951863044869,70463,479,997,28064,
318.9521026036113,70463,478,998,28064,
318.9524788178761,70463,477,999,28064,
318.95619460210116,70463,476,1000,28064,
318.95655233232577,70463,476,999,28065,
318.9584013869192,70462,477,999,28065,
318.9605184404531,70462,476,1000,28065,
318.96139097050366,70462,476,999,28066,
318.96941981707346,70462,476,998,28067,
318.97825776828927,70462,475,999,28067,
318.9802797169413,70461,476,999,28067,
318.98102338279114,70460,477,999,28067,
318.98149192526773,70459,478,999,28067,
318.9819187844984,70459,477,1000,28067,
318.98481438884824,70459,477,999,28068,
318.98690909474055,70458,478,999,28068,
318.9904627022591,70458,477,1000,28068,
318.99126387620436,70458,477,999,28069,
318.99647053857,70458,477,998,28070,
319.0019750786628,70457,478,998,28070,
319.0091234939554,70457,477,999,28070,
319.0125342560665,70457,476,1000,28070,
319.01539659733754,70456,477,1000,28070,
319.0176673108263,70455,478,1000,28070,
319.02186094163744,70455,478,999,28071,
319.0256299551961,70454,479,999,28071,
319.03074989790474,70454,478,1000,28071,
319.03423244878456,70454,478,999,28072,
319.0345777989242,70454,477,1000,28072,
319.03527514817125,70453,478,1000,28072,
319.03956384043875,70452,479,1000,28072,
319.04027260852286,70452,478,1001,28072,
319.0525982037864,70451,479,1001,28072,
319.05707268297255,70450,480,1001,28072,
319.0573073750331,70450,480,1000,28073,
319.0597799023304,70450,480,999,28074,
319.06136641021516,70450,479,1000,28074,
319.067574755666,70450,479,999,28075,
319.0686098604595,70450,479,998,28076,
319.06941311763745,70450,479,997,28077,
319.0748006505722,70450,479,996,28078,
319.07508899882606,70450,479,995,28079,
319.081915477455,70449,480,995,28079,
319.08239578429084,70449,479,996,28079,
319.08300426831767,70449,479,995,28080,
319.08503030251245,70448,480,995,28080,
319.0874397105182,70448,479,996,28080,
319.09300357740864,70448,479,995,28081,
319.0946706305945,70447,480,995,28081,
319.09682900789255,70447,479,996,28081,
319.099707999023,70447,479,995,28082,
319.09982426744205,70447,478,996,28082,
319.0998738732314,70446,479,996,28082,
319.1006359947712,70446,479,995,28083,
319.10097690240264,70446,479,994,28084,
319.10312239188704,70446,478,995,28084,
319.1056101699239,70446,478,994,28085,
319.10693852711915,70446,477,995,28085,
319.11830499128416,70446,476,996,28085,
319.1241602511001,70445,477,996,28085,
319.1252566570138,70445,476,997,28085,
319.1261520177719,70445,475,998,28085,
319.12851512584103,70445,474,999,28085,
319.13782192461764,70445,474,998,28086,
319.13829537407753,70445,473,999,28086,
319.139845918229,70445,472,1000,28086,
319.14760194156344,70445,472,999,28087,
319.1490165836199,70444,473,999,28087,
319.15395399423005,70444,472,1000,28087,
319.1556781083082,70444,471,1001,28087,
319.1688427788112,70443,472,1001,28087,
319.1776917478333,70443,472,1000,28088,
319.1810493882724,70443,472,999,28089,
319.18283214775613,70443,472,998,28090,
319.1956296358524,70442,473,998,28090,
319.20564851983636,70442,473,997,28091,
319.20986432739085,70442,473,996,28092,
319.21057222566503,70441,474,996,28092,
319.2154989164499,70441,474,995,28093,
319.2163500222769,70441,474,994,28094,
319.21706926471165,70440,475,994,28094,
319.2183666631226,70439,476,994,28094,
319.2187484010159,70438,477,994,28094,
319.221979801265,70438,476,995,28094,
319.23724197566696,70437,477,995,28094,
319.24095107475785,70436,478,995,28094,
319.2412128136577,70436,478,994,28095,
319.24237602880083,70436,477,995,28095,
319.2427850946363,70436,476,996,28095,
319.24479698195927,70436,476,995,28096,
319.25049351237885,70436,476,994,28097,
319.2532018021614,70435,477,994,28097,
319.25413868621143,70435,477,993,28098,
319.25888735732497,70435,477,992,28099,
319.26517520308965,70435,477,991,28100,
319.2653259983374,70434,478,991,28100,
319.2656818232994,70433,479,991,28100,
319.2672643654034,70433,479,990,28101,
319.26771253815093,70433,479,989,28102,
319.27170083401813,70432,480,989,28102,
319.27390502764797,70432,479,990,28102,
319.2739988658535,70431,480,990,28102,
319.2772305056776,70431,480,989,28103,
319.28107962529873,70431,479,990,28103,
319.2946172715286,70431,479,989,28104,
319.2962326985851,70431,478,990,28104,
319.2972218993251,70431,478,989,28105,
319.29969045728814,70431,478,988,28106,
319.30533900276333,70431,478,987,28107,
319.30551189558327,70431,478,986,28108,
319.31074948492034,70430,479,986,28108,
319.31562711150247,70429,480,986,28108,
319.3161276968594,70429,480,985,28109,
319.31711937942066,70428,481,985,28109,
319.3180508073071,70427,482,985,28109,
319.32077778922036,70427,482,984,28110,
319.3226156249952,70426,483,984,28110,
319.3242519926655,70426,482,985,28110,
319.33079505524563,70425,483,985,28110,
319.3326422537397,70424,484,985,28110,
319.34144137483383,70424,484,984,28111,
319.34778699306867,70423,485,984,28111,
319.35000534842567,70423,485,983,28112,
319.3621541605208,70422,486,983,28112,
319.36857738779395,70422,486,982,28113,
319.37097760507373,70422,486,981,28114,
319.3710275175844,70422,486,980,28115,
319.378253577666,70422,485,981,28115,
319.3801093249447,70422,484,982,28115,
319.38135481091797,70421,485,982,28115,
319.384257739181,70421,484,983,28115,
319.39052452806186,70421,484,982,28116,
319.3911702896523,70421,483,983,28116,
319.3925175637321,70420,484,983,28116,
319.3931923560295,70420,484,982,28117,
319.39399554629574,70419,485,982,28117,
319.39595744064184,70418,486,982,28117,
319.39796513558105,70418,486,981,28118,
319.40488378139685,70418,486,980,28119,
319.40519545687783,70418,486,979,28120,
319.40730455503194,70418,485,980,28120,
319.4083329145095,70418,485,979,28121,
319.40897645482477,70417,486,979,28121,
319.42976489002007,70416,487,979,28121,
319.4333292141325,70416,486,980,28121,
319.4368438157652,70416,485,981,28121,
319.43861486748744,70416,485,980,28122,
319.4387054203172,70416,485,979,28123,
319.44370100694266,70415,486,979,28123,
319.44376197423696,70414,487,979,28123,
319.4444633407134,70414,486,980,28123,
319.44603349590597,70414,485,981,28123,
319.44732157051453,70414,484,982,28123,
319.4477241419361,70414,483,983,28123,
319.44858231244837,70413,484,983,28123,
319.4566093163845,70413,484,982,28124,
319.4579579264803,70412,485,982,28124,
319.4589872310427,70411,486,982,28124,
319.45950443828644,70411,485,983,28124,
319.47054093446945,70410,486,983,28124,
319.4712321075393,70410,486,982,28125,
319.47319271185324,70410,486,981,28126,
319.4776366581919,70409,487,981,28126,
319.483671205638,70409,487,980,28127,
319.4843747604233,70409,487,979,28128,
319.49495909689983,70408,488,979,28128,
319.4957343114569,70407,489,979,28128,
319.5067108781862,70406,490,979,28128,
319.51486966332754,70406,490,978,28129,
319.5152495729718,70406,490,977,28130,
319.51678076267206,70406,490,976,28131,
319.52623802754766,70406,490,975,28132,
319.52689931452846,70405,491,975,28132,
319.52789915052557,70405,490,976,28132,
319.5330704777311,70404,491,976,28132,
319.5397543710186,70404,491,975,28133,
319.54257920741685,70403,492,975,28133,
319.54518383031166,70402,493,975,28133,
319.54762835544136,70401,494,975,28133,
319.5574088639626,70400,495,975,28133,
319.55905144432484,70400,494,976,28133,
319.56456670945914,70399,495,976,28133,
319.5673386312043,70399,494,977,28133,
319.5680944034464,70399,494,976,28134,
319.5704481491848,70398,495,976,28134,
319.57123670515097,70398,495,975,28135,
319.5729163709442,70397,496,975,28135,
319.57470219824467,70397,496,974,28136,
319.5747937303669,70397,496,973,28137,
319.5802414667528,70397,496,972,28138,
319.58197590716435,70396,497,972,28138,
319.58396973687115,70396,497,971,28139,
319.58445975627995,70396,497,970,28140,
319.58962753000145,70396,496,971,28140,
319.59034923871843,70396,496,970,28141,
319.5924372091648,70395,497,970,28141,
319.5973843105396,70394,498,970,28141,
319.60078348534137,70394,498,969,28142,
319.6020793710566,70394,498,968,28143,
319.60304460612684,70393,499,968,28143,
319.60452035408724,70393,498,969,28143,
319.6059444835806,70393,497,970,28143,
319.6059936112978,70393,497,969,28144,
319.60789046222646,70393,496,970,28144,
319.61048806362106,70393,495,971,28144,
319.6136281637142,70392,496,971,28144,
319.61846306517646,70391,497,971,28144,
319.6196837385874,70391,497,970,28145,
319.6226720518017,70391,496,971,28145,
319.62348539463795,70391,495,972,28145,
319.62405081675524,70391,495,971,28146,
319.62822930386807,70391,494,972,28146,
319.62875425955684,70391,493,973,28146,
319.63055843113386,70391,492,974,28146,
319.6332596676152,70391,492,973,28147,
319.63627801676625,70391,492,972,28148,
319.63808310589536,70390,493,972,28148,
319.64010363223406,70389,494,972,28148,
319.64190121851317,70389,494,971,28149,
319.64850712205657,70389,494,970,28150,
319.6488478955585,70389,493,971,28150,
319.6518147504309,70388,494,971,28150,
319.6538488375801,70388,493,972,28150,
319.6555215057956,70388,493,971,28151,
319.65616971759255,70387,494,971,28151,
319.6608956775769,70386,495,971,28151,
319.66228468948816,70386,495,970,28152,
319.6636225280531,70386,495,969,28153,
319.66521931601363,70386,495,968,28154,
319.66605254081554,70386,494,969,28154,
319.66659941407414,70386,494,968,28155,
319.66818603346945,70386,493,969,28155,
319.67573095981885,70386,493,968,28156,
319.678961254546,70386,492,969,28156,
319.68105969864894,70386,492,968,28157,
319.68126655970946,70386,491,969,28157,
319.68175105520095,70386,491,968,28158,
319.6953259076003,70385,492,968,28158,
319.69709143782757,70385,491,969,28158,
319.70261530099793,70385,491,968,28159,
319.71387670488633,70385,491,967,28160,
319.7156733094887,70385,491,966,28161,
319.71856701014457,70385,490,967,28161,
319.7187892341698,70385,490,966,28162,
319.7214788611615,70385,490,965,28163,
319.72481797398314,70385,490,964,28164,
319.7294283914662,70385,490,963,28165,
319.73431364387204,70385,490,962,28166,
319.73525466407807,70385,490,961,28167,
319.73536895509403,70384,491,961,28167,
319.7386958170129,70383,492,961,28167,
319.7428892654134,70383,492,960,28168,
319.74463328714137,70383,492,959,28169,
319.7467967632632,70383,491,960,28169,
319.7473518613165,70383,490,961,28169,
319.7514297250801,70383,490,960,28170,
319.7515122174592,70382,491,960,28170,
319.75666296890995,70382,491,959,28171,
319.75741208620167,70382,491,958,28172,
319.7595223415335,70381,492,958,28172,
319.76018746507566,70381,492,957,28173,
319.7630188690676,70381,492,956,28174,
319.7645217570696,70380,493,956,28174,
319.7650812725435,70379,494,956,28174,
319.7716577758451,70378,495,956,28174,
319.7720922463672,70378,494,957,28174,
319.77686762620937,70378,494,956,28175,
319.77735082225274,70378,493,957,28175,
319.78480935032064,70377,494,957,28175,
319.78562284437214,70377,493,958,28175,
319.7858091183154,70377,493,957,28176,
319.79480093482186,70377,492,958,28176,
319.79516932757264,70377,491,959,28176,
319.79812223611924,70377,491,958,28177,
319.8021074456014,70376,492,958,28177,
319.80394424004726,70376,492,957,28178,
319.8062869948208,70376,492,956,28179,
319.8078780532624,70376,491,957,28179,
319.8119219079102,70375,492,957,28179,
319.8122828960225,70375,492,956,28180,
319.81794648172036,70375,492,955,28181,
319.8211925803568,70374,493,955,28181,
319.82773883526716,70374,492,956,28181,
319.82849912878805,70374,492,955,28182,
319.82853985139553,70374,492,954,28183,
319.82928462924104,70373,493,954,28183,
319.82993125256417,70373,492,955,28183,
319.8378566701712,70373,491,956,28183,
319.8407521462021,70372,492,956,28183,
319.85335273256646,70372,492,955,28184,
319.8558291880624,70372,492,954,28185,
319.8613352244593,70372,492,953,28186,
319.86432726755686,70371,493,953,28186,
319.8653722156514,70371,492,954,28186,
319.86610653415505,70370,493,954,28186,
319.86638295353606,70369,494,954,28186,
319.8701299336535,70369,493,955,28186,
319.8713773098564,70369,492,956,28186,
319.8799239785978,70368,493,956,28186,
319.88018755669225,70368,493,955,28187,
319.8825845528219,70367,494,955,28187,
319.88339401297253,70366,495,955,28187,
319.8843892436333,70366,494,956,28187,
319.88465453878746,70366,493,957,28187,
319.8847699440832,70366,493,956,28188,
319.88899773901886,70366,493,955,28189,
319.8912908015834,70366,493,954,28190,
319.9002018224503,70366,493,953,28191,
319.9006079057173,70365,494,953,28191,
319.90066830550353,70364,495,953,28191,
319.90142367774837,70364,495,952,28192,
319.901541804627,70363,496,952,28192,
319.90386249177214,70363,495,953,28192,
319.9055934411239,70363,495,952,28193,
319.9064293166297,70363,494,953,28193,
319.9079605567931,70363,494,952,28194,
319.90961272233346,70363,494,951,28195,
319.91205707660987,70362,495,951,28195,
319.9129383642822,70361,496,951,28195,
319.92071922588906,70360,497,951,28195,
319.922593656692,70360,496,952,28195,
319.9237164941864,70360,495,953,28195,
319.93448890819013,70360,495,952,28196,
319.937284723341,70360,495,951,28197,
319.9374033452461,70360,494,952,28197,
319.9425420260771,70360,493,953,28197,
319.9437213673663,70360,492,954,28197,
319.94420184442936,70360,491,955,28197,
319.94992492408755,70359,492,955,28197,
319.95004003640247,70359,492,954,28198,
319.95321778881896,70359,492,953,28199,
319.95612306748,70358,493,953,28199,
319.95995256909845,70358,492,954,28199,
319.96153112262834,70358,491,955,28199,
319.9628007078728,70358,490,956,28199,
319.9633219844776,70358,490,955,28200,
319.9636401620667,70357,491,955,28200,
319.96496721705813,70357,491,954,28201,
319.9666134660371,70357,491,953,28202,
319.9757205715796,70357,491,952,28203,
319.97745797265026,70357,491,951,28204,
319.98072714283677,70357,491,950,28205,
319.98074722394614,70357,490,951,28205,
319.9825444489409,70357,489,952,28205,
319.9827555575405,70356,490,952,28205,
319.99268665585026,70356,490,951,28206,
319.997238423703,70355,491,951,28206,
320.00482915126906,70354,492,951,28206,
320.01099691881757,70354,492,950,28207,
320.01937502602914,70354,491,951,28207,
320.0272856110606,70353,492,951,28207,
320.02991933511146,70352,493,951,28207,
320.0354469178248,70351,494,951,28207,
320.0363503871114,70351,493,952,28207,
320.044542731375,70350,494,952,28207,
320.0453530186502,70350,494,951,28208,
320.05027466243035,70350,494,950,28209,
320.0680030007652,70350,493,951,28209,
320.068191002206,70349,494,951,28209,
320.07180278140305,70348,495,951,28209,
320.076820496649,70348,494,952,28209,
320.0803201997535,70348,494,951,28210,
320.08456752584397,70348,494,950,28211,
320.09227676731234,70348,494,949,28212,
320.0924620572745,70348,494,948,28213,
320.0926730831198,70347,495,948,28213,
320.0973137863407,70347,494,949,28213,
320.09818880425485,70346,495,949,28213,
320.1019902194321,70346,495,948,28214,
320.1046309417981,70345,496,948,28214,
320.10698931215563,70345,496,947,28215,
320.10804920226974,70344,497,947,28215,
320.11592638828796,70344,497,946,28216,
320.1237491709991,70344,497,945,28217,
320.1243496789973,70344,496,946,28217,
320.12573057861067,70344,496,945,28218,
320.1262663673925,70343,497,945,28218,
320.1290585898736,70343,497,944,28219,
320.13689822926847,70343,496,945,28219,
320.1421585587064,70343,496,944,28220,
320.14262930125835,70342,497,944,28220,
320.14940432028857,70341,498,944,28220,
320.1503891776233,70341,498,943,28221,
320.15640112535834,70341,497,944,28221,
320.1564903658674,70341,497,943,28222,
320.1580656076465,70341,497,942,28223,
320.15842796185643,70340,498,942,28223,
320.16128951076735,70340,497,943,28223,
320.1614651927802,70340,497,942,28224,
320.16405118140847,70340,497,941,28225,
320.1731483383013,70340,496,942,28225,
320.1740303743166,70339,497,942,28225,
320.1752697881473,70339,496,943,28225,
320.17572572792085,70339,496,942,28226,
320.17705241104045,70339,495,943,28226,
320.18740207360224,70339,495,942,28227,
320.1916419940219,70339,494,943,28227,
320.19597232605025,70339,493,944,28227,
320.1983933446144,70339,492,945,28227,
320.20142636593255,70338,493,945,28227,
320.2023724886611,70337,494,945,28227,
320.2044582801509,70337,493,946,28227,
320.20732752967626,70336,494,946,28227,
320.21556286857464,70336,494,945,28228,
320.22427096494863,70335,495,945,28228,
320.23565784852946,70335,495,944,28229,
320.24156235838274,70334,496,944,28229,
320.2431682570379,70334,496,943,28230,
320.2472802252911,70334,495,944,28230,
320.25189451905914,70333,496,944,28230,
320.2553889171101,70333,496,943,28231,
320.2562127835097,70332,497,943,28231,
320.2572915464582,70332,497,942,28232,
320.2606495719178,70332,496,943,28232,
320.2608152224348,70332,496,942,28233,
320.26261120726366,70332,496,941,28234,
320.2646744081808,70331,497,941,28234,
320.26881309920185,70330,498,941,28234,
320.26881670287423,70330,498,940,28235,
320.2728487797739,70330,498,939,28236,
320.2728998782906,70330,497,940,28236,
320.278310402929,70330,496,941,28236,
320.28861047918605,70329,497,941,28236,
320.2916268888262,70329,496,942,28236,
320.2946720523065,70328,497,942,28236,
320.29597069680926,70327,498,942,28236,
320.3042376028207,70327,497,943,28236,
320.30425798940615,70327,496,944,28236,
320.30547517850636,70327,496,943,28237,
320.3060486731783,70327,496,942,28238,
320.31062759833674,70326,497,942,28238,
320.3108875519608,70326,497,941,28239,
320.3193404551404,70325,498,941,28239,
320.3239457827843,70324,499,941,28239,
320.3298143453362,70324,499,940,28240,
320.33238939135674,70324,499,939,28241,
320.3331565464624,70324,499,938,28242,
320.33569861701517,70324,498,939,28242,
320.34402525474536,70323,499,939,28242,
320.34612623588725,70322,500,939,28242,
320.34745256386276,70322,500,938,28243,
320.35042639637504,70321,501,938,28243,
320.35819539493855,70320,502,938,28243,
320.36031905501267,70320,502,937,28244,
320.36032163434044,70320,502,936,28245,
320.3671676644259,70320,502,935,28246,
320.3710789730826,70319,503,935,28246,
320.37460386278093,70319,503,934,28247,
320.37602185906377,70319,503,933,28248,
320.376956172219,70319,503,932,28249,
320.37822493230584,70318,504,932,28249,
320.38026602170885,70318,504,931,28250,
320.3847029958273,70318,503,932,28250,
320.384756747105,70318,502,933,28250,
320.3875497825099,70317,503,933,28250,
320.3882173161404,70316,504,933,28250,
320.3906804477768,70315,505,933,28250,
320.39885695239786,70315,504,934,28250,
320.40103008040836,70315,504,933,28251,
320.4021788196455,70315,503,934,28251,
320.4058817771749,70315,502,935,28251,
320.414016896209,70315,502,934,28252,
320.4144417123909,70315,501,935,28252,
320.4173725470212,70314,502,935,28252,
320.42194395963475,70314,502,934,28253,
320.4239855759936,70314,501,935,28253,
320.42592857257534,70314,501,934,28254,
320.42696489525844,70314,500,935,28254,
320.4308971230343,70313,501,935,28254,
320.43955430651295,70313,501,934,28255,
320.4406887271405,70313,500,935,28255,
320.4434626318448,70312,501,935,28255,
320.44427183546856,70312,500,936,28255,
320.4497891678816,70311,501,936,28255,
320.4525042158077,70311,500,937,28255,
320.4530646204198,70311,500,936,28256,
320.45439730063373,70311,500,935,28257,
320.4580100806447,70311,500,934,28258,
320.4580935224322,70311,499,935,28258,
320.4644263325165,70311,498,936,28258,
320.46479499492665,70311,498,935,28259,
320.4650183447166,70310,499,935,28259,
320.4676834014552,70310,499,934,28260,
320.4701558857306,70310,499,933,28261,
320.4842291077224,70310,498,934,28261,
320.48595103063707,70309,499,934,28261,
320.49604890612227,70309,498,935,28261,
320.50073721423985,70309,498,934,28262,
320.50472344111705,70309,497,935,28262,
320.51014833004376,70309,497,934,28263,
320.51146924256915,70308,498,934,28263,
320.5160720845623,70307,499,934,28263,
320.5181329724219,70307,499,933,28264,
320.5309305178536,70307,499,932,28265,
320.53366617214823,70306,500,932,28265,
320.5343031454278,70305,501,932,28265,
320.53830305279035,70305,500,933,28265,
320.53834790302096,70304,501,933,28265,
320.54430273265245,70303,502,933,28265,
320.5445492996203,70303,501,934,28265,
320.54700800469107,70302,502,934,28265,
320.54786371138164,70302,501,935,28265,
320.55024049033165,70302,500,936,28265,
320.55455998085455,70302,499,937,28265,
320.56493267868757,70302,499,936,28266,
320.56724763400194,70302,498,937,28266,
320.5702465679293,70302,497,938,28266,
320.5745889248264,70302,497,937,28267,
320.5775013293412,70302,497,936,28268,
320.5802520405647,70302,497,935,28269,
320.5865827944166,70301,498,935,28269,
320.59181153178287,70301,498,934,28270,
320.59233166571806,70301,497,935,28270,
320.5933190915777,70301,497,934,28271,
320.5972113461456,70301,497,933,28272,
320.59736249179906,70300,498,933,28272,
320.59996887278453,70299,499,933,28272,
320.5999983160354,70298,500,933,28272,
320.60076362944716,70297,501,933,28272,
320.60173293771066,70297,500,934,28272,
320.60223568544336,70297,499,935,28272,
320.60286597753156,70296,500,935,28272,
320.60380198876163,70296,500,934,28273,
320.60560817516057,70295,501,934,28273,
320.60597468916615,70295,500,935,28273,
320.6088401361218,70295,500,934,28274,
320.61577779113395,70294,501,934,28274,
320.6217860362194,70294,501,933,28275,
320.62874360456027,70294,500,934,28275,
320.62943656886216,70293,501,934,28275,
320.6448115680381,70293,501,933,28276,
320.6449046695065,70292,502,933,28276,
320.64765201160645,70292,502,932,28277,
320.6509361437677,70292,501,933,28277,
320.6564574739914,70291,502,933,28277,
320.658832930414,70290,503,933,28277,
320.6596240314103,70289,504,933,28277,
320.66033465562066,70288,505,933,28277,
320.6603558247689,70288,504,934,28277,
320.67008760767345,70288,503,935,28277,
320.67713873506153,70288,502,936,28277,
320.67751875912967,70288,502,935,28278,
320.6783925009741,70288,501,936,28278,
320.68149343132905,70287,502,936,28278,
320.68925429397694,70287,502,935,28279,
320.68999071891005,70287,501,936,28279,
320.6954227883982,70286,502,936,28279,
320.6971271094344,70286,501,937,28279,
320.69997512586247,70285,502,937,28279,
320.7001792653096,70285,502,936,28280,
320.70491861009435,70285,501,937,28280,
320.70736890545913,70284,502,937,28280,
320.71161082240917,70283,503,937,28280,
320.7143203991361,70283,502,938,28280,
320.71511025412696,70283,502,937,28281,
320.7187261504922,70283,502,936,28282,
320.71934758155936,70282,503,936,28282,
320.7222112595743,70282,502,937,28282,
320.72404309903857,70281,503,937,28282,
320.724359414863,70280,504,937,28282,
320.7261905456424,70280,503,938,28282,
320.741160844848,70279,504,938,28282,
320.74130863823837,70278,505,938,28282,
320.7421395139055,70278,505,937,28283,
320.74352076511786,70278,505,936,28284,
320.75272287104804,70277,506,936,28284,
320.7539330967914,70277,506,935,28285,
320.75572257773035,70277,505,936,28285,
320.7610872248987,70277,505,935,28286,
320.76273438126765,70277,504,936,28286,
320.76800561616034,70277,504,935,28287,
320.77087162496895,70277,504,934,28288,
320.77164462507227,70276,505,934,28288,
320.7721815445615,70276,504,935,28288,
320.7726855856205,70276,503,936,28288,
320.77784675336807,70276,503,935,28289,
320.7781495646849,70276,502,936,28289,
320.78029006367683,70276,501,937,28289,
320.7804629847075,70276,501,936,28290,
320.78098631852583,70275,502,936,28290,
320.7834225422543,70274,503,936,28290,
320.7888094370889,70273,504,936,28290,
320.78960098427274,70273,504,935,28291,
320.7942665011425,70273,504,934,28292,
320.7990169379893,70273,503,935,28292,
320.799904016739,70273,503,934,28293,
320.8027706906739,70272,504,934,28293,
320.8050410640059,70272,504,933,28294,
320.80515563285206,70272,504,932,28295,
320.8117930002778,70271,505,932,28295,
320.8166136170053,70271,505,931,28296,
320.8174265161703,70271,505,930,28297,
320.8190183737018,70271,504,931,28297,
320.8243257241533,70271,504,930,28298,
320.8300915627636,70271,504,929,28299,
320.8314502208923,70270,505,929,28299,
320.83683815686027,70270,505,928,28300,
320.8375174842652,70270,504,929,28300,
320.83826206751576,70269,505,929,28300,
320.838457248063,70268,506,929,28300,
320.84076499791666,70267,507,929,28300,
320.84479354238516,70267,507,928,28301,
320.85169199653694,70267,506,929,28301,
320.8554012829983,70267,506,928,28302,
320.8590067956709,70267,505,929,28302,
320.863494217648,70267,504,930,28302,
320.8673365421426,70267,503,931,28302,
320.867798344302,70266,504,931,28302,
320.8703352531291,70265,505,931,28302,
320.8711726358473,70265,504,932,28302,
320.87129447381926,70265,504,931,28303,
320.87814127533653,70265,503,932,28303,
320.8803927033308,70264,504,932,28303,
320.8865196644188,70264,504,931,28304,
320.8887433482801,70264,504,930,28305,
320.88912707536394,70264,503,931,28305,
320.89465106913394,70264,502,932,28305,
320.8965435221174,70264,502,931,28306,
320.90388587494454,70264,502,930,28307,
320.90727448667866,70264,502,929,28308,
320.9100438090386,70264,502,928,28309,
320.91052830654485,70264,501,929,28309,
320.91377972022156,70263,502,929,28309,
320.9145420473114,70263,502,928,28310,
320.9146970593154,70263,501,929,28310,
320.9212490820443,70263,501,928,28311,
320.92299339849455,70263,500,929,28311,
320.9232685698826,70262,501,929,28311,
320.9245695387209,70261,502,929,28311,
320.9286574890378,70260,503,929,28311,
320.93041383224755,70259,504,929,28311,
320.93160604129093,70258,505,929,28311,
320.9382309342252,70257,506,929,28311,
320.9413342136039,70256,507,929,28311,
320.94895315456006,70256,507,928,28312,
320.95173353839806,70255,508,928,28312,
320.95194501072496,70255,508,927,28313,
320.95202590630197,70254,509,927,28313,
320.9525677402113,70254,508,928,28313,
320.9620837738488,70253,509,928,28313,
320.96334972875087,70252,510,928,28313,
320.9691359841192,70252,510,927,28314,
320.97098347003964,70252,509,928,28314,
320.97176002969405,70252,508,929,28314,
320.97316269868486,70251,509,929,28314,
320.97534840974254,70250,510,929,28314,
320.9785415011787,70250,510,928,28315,
320.982982557066,70250,510,927,28316,
320.9863102151142,70249,511,927,28316,
320.98726606135006,70248,512,927,28316,
320.98788140013687,70248,512,926,28317,
320.98790447836893,70248,511,927,28317,
320.99065623053735,70247,512,927,28317,
320.99177846938494,70246,513,927,28317,
321.0022028611277,70245,514,927,28317,
321.00427995728217,70244,515,927,28317,
321.00505743765723,70243,516,927,28317,
321.00614238358423,70243,515,928,28317,
321.0106389929931,70243,515,927,28318,
321.01529048738087,70243,515,926,28319,
321.0277022305054,70243,515,925,28320,
321.03149151200785,70243,514,926,28320,
321.0410929611579,70243,514,925,28321,
321.0422865145258,70243,513,926,28321,
321.04834776149755,70243,513,925,28322,
321.05063628313854,70243,512,926,28322,
321.0541458265016,70243,512,925,28323,
321.06368050128094,70243,512,924,28324,
321.0658646164959,70243,512,923,28325,
321.06787274463665,70243,511,924,28325,
321.07765619635984,70243,511,923,28326,
321.0845416081892,70242,512,923,28326,
321.0890674947384,70241,513,923,28326,
321.09178783747757,70241,513,922,28327,
321.09375108630513,70241,513,921,28328,
321.0949103910169,70241,513,920,28329,
321.09665730266147,70240,514,920,28329,
321.0971596095888,70239,515,920,28329,
321.09841161863545,70238,516,920,28329,
321.0993704395349,70238,516,919,28330,
321.1000690536633,70238,515,920,28330,
321.10199943261915,70237,516,920,28330,
321.1026906247446,70237,516,919,28331,
321.10589624673514,70236,517,919,28331,
321.1068271499022,70235,518,919,28331,
321.1112831395592,70235,517,920,28331,
321.1119727416779,70235,517,919,28332,
321.1123855383565,70235,517,918,28333,
321.1149677388199,70235,516,919,28333,
321.11802074491203,70235,515,920,28333,
321.12289556177825,70235,515,919,28334,
321.1261197733635,70235,515,918,28335,
321.13572701479615,70235,515,917,28336,
321.13891645372945,70235,515,916,28337,
321.1494328537419,70235,514,917,28337,
321.1499118780031,70234,515,917,28337,
321.15401750094367,70233,516,917,28337,
321.1540679386229,70233,515,918,28337,
321.15794048351074,70232,516,918,28337,
321.16096565338404,70232,515,919,28337,
321.16293686030787,70232,515,918,28338,
321.1635890689451,70232,515,917,28339,
321.1649434416611,70232,514,918,28339,
321.16496259159993,70232,513,919,28339,
321.1665207025274,70232,512,920,28339,
321.1689518706936,70232,512,919,28340,
321.17034123925725,70232,512,918,28341,
321.17495161158024,70232,511,919,28341,
321.1767800861442,70232,510,920,28341,
321.18356286357124,70231,511,920,28341,
321.1844387071211,70230,512,920,28341,
321.19060622032845,70230,511,921,28341,
321.1917713096332,70230,510,922,28341,
321.1920743554724,70229,511,922,28341,
321.192187183627,70229,511,921,28342,
321.1966175021575,70228,512,921,28342,
321.19969095542007,70228,511,922,28342,
321.20499384594507,70227,512,922,28342,
321.2052922999498,70226,513,922,28342,
321.2073810905719,70225,514,922,28342,
321.2124312089044,70224,515,922,28342,
321.21456925267114,70223,516,922,28342,
321.21716584584783,70223,515,923,28342,
321.2175131407418,70223,514,924,28342,
321.22127688673083,70222,515,924,28342,
321.2233507827583,70222,515,923,28343,
321.2252988980476,70222,514,924,28343,
321.2256594008496,70222,514,923,28344,
321.22618355756896,70221,515,923,28344,
321.2299551669477,70220,516,923,28344,
321.23309474211715,70219,517,923,28344,
321.23603910465414,70219,517,922,28345,
321.23661474392816,70219,516,923,28345,
321.237668921529,70219,515,924,28345,
321.25111671117253,70218,516,924,28345,
321.25182855365824,70218,515,925,28345,
321.26353598866797,70218,515,924,28346,
321.265199416302,70217,516,924,28346,
321.26956524463714,70217,516,923,28347,
321.2797055467999,70216,517,923,28347,
321.2797526654673,70216,516,924,28347,
321.28103613740626,70216,516,923,28348,
321.2810870752874,70216,515,924,28348,
321.2852548149635,70215,516,924,28348,
321.28837411621885,70215,516,923,28349,
321.29619820976075,70215,515,924,28349,
321.3083025709795,70215,514,925,28349,
321.31010647983993,70214,515,925,28349,
321.31929237030056,70214,515,924,28350,
321.31942813291136,70213,516,924,28350,
321.3210658864175,70213,516,923,28351,
321.3298238766729,70213,516,922,28352,
321.3313921085092,70213,516,921,28353,
321.3322763495354,70213,516,920,28354,
321.3352621071844,70213,516,919,28355,
321.3431444913514,70213,516,918,28356,
321.34635470680576,70213,515,919,28356,
321.34993718178464,70212,516,919,28356,
321.35581479143957,70211,517,919,28356,
321.3673708902601,70210,518,919,28356,
321.3777345120236,70210,518,918,28357,
321.37789743378,70210,517,919,28357,
321.37871382326244,70209,518,919,28357,
321.39954643644734,70208,519,919,28357,
321.40080685112974,70208,519,918,28358,
321.4038341845634,70207,520,918,28358,
321.4052831205491,70207,519,919,28358,
321.4142159650602,70207,519,918,28359,
321.4160923114101,70207,518,919,28359,
321.41914342857905,70207,517,920,28359,
321.42403407375735,70206,518,920,28359,
321.42676347268724,70206,518,919,28360,
321.4372213973718,70206,517,920,28360,
321.44200226210825,70206,517,919,28361,
321.44637734451743,70206,517,918,28362,
321.4469349888754,70206,517,917,28363,
321.4472242744441,70206,516,918,28363,
321.44910752972004,70206,515,919,28363,
321.45313137875564,70206,514,920,28363,
321.47048172450536,70206,513,921,28363,
321.4767089493226,70206,512,922,28363,
321.4777105644199,70206,512,921,28364,
321.49154235356764,70206,511,922,28364,
321.49327863501424,70206,511,921,28365,
321.50174478888505,70206,511,920,28366,
321.50213658814124,70206,511,919,28367,
321.5052295200486,70205,512,919,28367,
321.50696398620096,70205,512,918,28368,
321.51066595474174,70205,511,919,28368,
321.51179497594575,70205,511,918,28369,
321.51483046133393,70205,510,919,28369,
321.5150473398268,70204,511,919,28369,
321.5172549439702,70204,510,920,28369,
321.51799101276913,70204,509,921,28369,
321.52369836140497,70204,508,922,28369,
321.5257242153561,70203,509,922,28369,
321.5262792967659,70202,510,922,28369,
321.53058800444114,70202,509,923,28369,
321.5443882618896,70202,509,922,28370,
321.5482857752924,70202,508,923,28370,
321.5509827518834,70202,507,924,28370,
321.5510023642631,70202,506,925,28370,
321.56461988022187,70202,505,926,28370,
321.57225754468755,70202,505,925,28371,
321.5722733035797,70202,504,926,28371,
321.59152945742835,70201,505,926,28371,
321.59181428581746,70201,504,927,28371,
321.5927780918586,70200,505,927,28371,
321.5949796024777,70199,506,927,28371,
321.59798579723565,70199,505,928,28371,
321.60873529107687,70198,506,928,28371,
321.6088596400064,70198,505,929,28371,
321.6089117787227,70198,505,928,28372,
321.6094687714947,70198,504,929,28372,
321.61097215760503,70198,504,928,28373,
321.6125428441379,70198,504,927,28374,
321.61311514951785,70198,504,926,28375,
321.6138555413642,70197,505,926,28375,
321.6244815199581,70197,504,927,28375,
321.6282975409787,70197,503,928,28375,
321.6431032631863,70196,504,928,28375,
321.6455663264926,70196,504,927,28376,
321.64802482510055,70196,503,928,28376,
321.6505153319183,70196,503,927,28377,
321.6512680098454,70196,502,928,28377,
321.6592112275983,70196,502,927,28378,
321.6596207427908,70195,503,927,28378,
321.66103372566744,70194,504,927,28378,
321.6634631426053,70193,505,927,28378,
321.6643612505121,70193,505,926,28379,
321.6646093321455,70193,504,927,28379,
321.6712142961861,70193,503,928,28379,
321.6751333350824,70193,503,927,28380,
321.6757145746641,70192,504,927,28380,
321.6777434511515,70192,504,926,28381,
321.68002445069123,70192,503,927,28381,
321.68031198656877,70192,503,926,28382,
321.68193199633635,70191,504,926,28382,
321.6820763008191,70191,503,927,28382,
321.6835872402708,70191,502,928,28382,
321.6942434132476,70190,503,928,28382,
321.6949853731501,70189,504,928,28382,
321.6991956484766,70189,503,929,28382,
321.7030150629347,70188,504,929,28382,
321.70810745129,70187,505,929,28382,
321.71933742451455,70186,506,929,28382,
321.72255766698663,70185,507,929,28382,
321.72697770755235,70185,506,930,28382,
321.72778367041803,70184,507,930,28382,
321.73897897460506,70184,506,931,28382,
321.7401133098097,70183,507,931,28382,
321.74381435356594,70183,507,930,28383,
321.74532225336907,70183,507,929,28384,
321.7471332229882,70182,508,929,28384,
321.74908539079814,70181,509,929,28384,
321.7497097264353,70181,509,928,28385,
321.75041267467003,70180,510,928,28385,
321.7522312850817,70179,511,928,28385,
321.7531320115405,70179,510,929,28385,
321.7594282799778,70179,510,928,28386,
321.76079266646536,70179,510,927,28387,
321.76231327748155,70179,510,926,28388,
321.7630603083987,70179,510,925,28389,
321.77218176645016,70179,510,924,28390,
321.77736133954494,70178,511,924,28390,
321.77807046759045,70178,510,925,28390,
321.7791278117136,70177,511,925,28390,
321.78365933938693,70177,510,926,28390,
321.7847787108258,70176,511,926,28390,
321.79228895766425,70175,512,926,28390,
321.7968870185954,70174,513,926,28390,
321.79705235705256,70174,512,927,28390,
321.80040599954555,70173,513,927,28390,
321.80132369350395,70172,514,927,28390,
321.80575858936123,70172,514,926,28391,
321.8089994619208,70171,515,926,28391,
321.81038184088396,70171,514,927,28391,
321.81293918994686,70171,514,926,28392,
321.8170446903149,70171,514,925,28393,
321.8197987613671,70171,513,926,28393,
321.8220802641055,70170,514,926,28393,
321.8237901540187,70170,513,927,28393,
321.8243582032475,70170,513,926,28394,
321.82603902054205,70170,513,925,28395,
321.8283280128868,70170,512,926,28395,
321.8317498260132,70170,512,925,28396,
321.8381126678902,70169,513,925,28396,
321.84521470521554,70169,512,926,28396,
321.8636444931183,70169,512,925,28397,
321.87412297701354,70169,512,924,28398,
321.8753320991498,70169,511,925,28398,
321.87544684109224,70168,512,925,28398,
321.8851862355464,70168,512,924,28399,
321.88640805001444,70168,512,923,28400,
321.8870320294102,70168,511,924,28400,
321.8930874497072,70168,511,923,28401,
321.8949886800493,70168,510,924,28401,
321.8969356471575,70167,511,924,28401,
321.8973138505769,70167,511,923,28402,
321.900860498821,70167,511,922,28403,
321.90132131178666,70166,512,922,28403,
321.9038488145855,70166,511,923,28403,
321.90465564127453,70165,512,923,28403,
321.907192806169,70165,512,922,28404,
321.9111801698534,70165,511,923,28404,
321.9118231355544,70165,510,924,28404,
321.91531997955485,70165,509,925,28404,
321.92057757473384,70165,509,924,28405,
321.9230139771635,70164,510,924,28405,
321.9253125536457,70164,509,925,28405,
321.9258139629601,70164,508,926,28405,
321.9266285591027,70164,507,927,28405,
321.9352813636586,70164,506,928,28405,
321.9399544801233,70164,506,927,28406,
321.94052322140567,70164,505,928,28406,
321.94183723225615,70163,506,928,28406,
321.9422748976481,70163,505,929,28406,
321.9431062556228,70163,504,930,28406,
321.9497018405391,70163,504,929,28407,
321.9523447662527,70162,505,929,28407,
321.9579080074349,70162,505,928,28408,
321.95923975552085,70161,506,928,28408,
321.96072128429387,70160,507,928,28408,
321.9653719395561,70159,508,928,28408,
321.96683787006293,70158,509,928,28408,
321.96713875636107,70157,510,928,28408,
321.9673524382065,70156,511,928,28408,
321.9683884540629,70156,510,929,28408,
321.96853041680356,70156,510,928,28409,
321.96896268435074,70156,509,929,28409,
321.9729795009695,70156,509,928,28410,
321.97376841146007,70156,508,929,28410,
321.9787434748316,70156,507,930,28410,
321.979186203494,70156,506,931,28410,
321.97974773645694,70156,505,932,28410,
321.97999804561255,70156,505,931,28411,
321.9855491534332,70155,506,931,28411,
321.9899256173225,70155,506,930,28412,
321.99401268289853,70154,507,930,28412,
321.998636755603,70154,507,929,28413,
321.99877045967,70154,507,928,28414,
322.00444702204044,70154,507,927,28415,
322.00777706420456,70154,507,926,28416,
322.0079226669462,70154,507,925,28417,
322.00830925440073,70154,506,926,28417,
322.01221820585477,70153,507,926,28417,
322.0130467431241,70153,506,927,28417,
322.0136408614407,70153,505,928,28417,
322.0140083233357,70152,506,928,28417,
322.02021486332416,70151,507,928,28417,
322.03259938970007,70151,506,929,28417,
322.03927546541945,70151,506,928,28418,
322.0513883291789,70151,506,927,28419,
322.0573561314193,70150,507,927,28419,
322.061615078516,70149,508,927,28419,
322.06187987763127,70148,509,927,28419,
322.06683949054997,70148,509,926,28420,
322.0682149850893,70148,509,925,28421,
322.06920707592064,70148,509,924,28422,
322.06954857374024,70147,510,924,28422,
322.07899246149833,70147,509,925,28422,
322.081188488793,70147,509,924,28423,
322.0834770824647,70147,509,923,28424,
322.0835202793784,70146,510,923,28424,
322.09756735275596,70146,509,924,28424,
322.1002599472971,70146,509,923,28425,
322.1047180919046,70146,509,922,28426,
322.10913512904807,70145,510,922,28426,
322.1107100374462,70145,510,921,28427,
322.1129479587721,70144,511,921,28427,
322.1132589441613,70143,512,921,28427,
322.11448571491195,70143,512,920,28428,
322.11923219022566,70142,513,920,28428,
322.1284818318513,70142,513,919,28429,
322.1291490730773,70142,513,918,28430,
322.13286390566725,70142,512,919,28430,
322.13772267015554,70141,513,919,28430,
322.1424528360661,70141,512,920,28430,
322.1437236539493,70141,512,919,28431,
322.1485933778472,70140,513,919,28431,
322.1492348093422,70140,512,920,28431,
322.1516258486978,70140,512,919,28432,
322.1580032101292,70140,512,918,28433,
322.1592817163628,70139,513,918,28433,
322.1663018525218,70139,513,917,28434,
322.1664966423396,70139,513,916,28435,
322.1676811749788,70139,513,915,28436,
322.1708364074327,70138,514,915,28436,
322.1743406858698,70138,513,916,28436,
322.1796441111183,70138,513,915,28437,
322.18198801579285,70137,514,915,28437,
322.1829850756342,70137,514,914,28438,
322.1854322861724,70137,513,915,28438,
322.1888684694491,70137,513,914,28439,
322.1929689701882,70137,512,915,28439,
322.19910828096863,70136,513,915,28439,
322.2000173072857,70136,513,914,28440,
322.2016550109811,70136,513,913,28441,
322.20464989325814,70136,512,914,28441,
322.2054309935191,70135,513,914,28441,
322.2187704915682,70135,513,913,28442,
322.2191802917583,70135,512,914,28442,
322.22216484025296,70135,511,915,28442,
322.22613861232617,70135,510,916,28442,
322.2287199276582,70135,509,917,28442,
322.2324605976013,70135,508,918,28442,
322.23603202774933,70135,507,919,28442,
322.2384539284266,70135,507,918,28443,
322.2430613358379,70135,506,919,28443,
322.2489141951896,70135,505,920,28443,
322.24951627831814,70135,505,919,28444,
322.25567405848966,70135,505,918,28445,
322.25931131427024,70135,504,919,28445,
322.26207414597445,70135,503,920,28445,
322.2635711785919,70134,504,920,28445,
322.2650808808428,70134,504,919,28446,
322.2660700004691,70134,503,920,28446,
322.26647878839776,70133,504,920,28446,
322.27651131444793,70133,504,919,28447,
322.27912391494766,70132,505,919,28447,
322.28038595987675,70132,505,918,28448,
322.28842213511473,70132,505,917,28449,
322.29208471872056,70131,506,917,28449,
322.2941190655566,70130,507,917,28449,
322.2941444652144,70129,508,917,28449,
322.29522831992404,70128,509,917,28449,
322.3001097327689,70128,509,916,28450,
322.3027390392197,70128,508,917,28450,
322.305364624374,70128,507,918,28450,
322.3079795496034,70128,507,917,28451,
322.3090559679912,70128,506,918,28451,
322.3131997390391,70128,506,917,28452,
322.313957083877,70127,507,917,28452,
322.3141240485319,70127,507,916,28453,
322.3155502762043,70127,506,917,28453,
322.3170210048304,70127,505,918,28453,
322.31775290971,70127,504,919,28453,
322.3214712096266,70126,505,919,28453,
322.3240276009939,70126,505,918,28454,
322.3276353259007,70126,504,919,28454,
322.32996901557897,70126,504,918,28455,
322.3320601249211,70126,503,919,28455,
322.33590621181963,70125,504,919,28455,
322.338785182004,70125,504,918,28456,
322.3428738895718,70125,504,917,28457,
322.3440348826231,70125,503,918,28457,
322.3520783032365,70125,503,917,28458,
322.35346495288053,70125,502,918,28458,
322.35761799228777,70125,502,917,28459,
322.359386134415,70125,501,918,28459,
322.3605941271646,70125,501,917,28460,
322.3612874060918,70125,500,918,28460,
322.36227789176354,70124,501,918,28460,
322.36335689454495,70124,501,917,28461,
322.3711431028366,70123,502,917,28461,
322.37764951386447,70123,502,916,28462,
322.37840919629315,70122,503,916,28462,
322.37950466530316,70122,503,915,28463,
322.38434929376876,70121,504,915,28463,
322.3845230422421,70120,505,915,28463,
322.38531189017976,70120,504,916,28463,
322.39242159172613,70120,504,915,28464,
322.3944171261057,70120,503,916,28464,
322.3963509786365,70120,503,915,28465,
322.3976817074286,70119,504,915,28465,
322.3989386636065,70119,503,916,28465,
322.40097824283026,70119,502,917,28465,
322.40117278356354,70119,501,918,28465,
322.4037488270033,70119,501,917,28466,
322.4049950047421,70118,502,917,28466,
322.41024679499674,70118,502,916,28467,
322.4170702212901,70118,502,915,28468,
322.4218131488294,70118,502,914,28469,
322.4234775798899,70118,501,915,28469,
322.4333688242192,70118,501,914,28470,
322.4340505339365,70118,501,913,28471,
322.4374800549811,70117,502,913,28471,
322.4378262085249,70116,503,913,28471,
322.4398268451573,70116,503,912,28472,
322.4402053660774,70115,504,912,28472,
322.4449063698094,70115,504,911,28473,
322.4469276659663,70115,503,912,28473,
322.4477948448764,70115,503,911,28474,
322.4493332970587,70115,503,910,28475,
322.4495610874183,70115,503,909,28476,
322.45107496827217,70115,503,908,28477,
322.45320452074606,70115,503,907,28478,
322.45394170639923,70114,504,907,28478,
322.4589125732046,70113,505,907,28478,
322.463206871971,70113,504,908,28478,
322.46628006330286,70113,504,907,28479,
322.4708284763267,70112,505,907,28479,
322.4748330615947,70112,504,908,28479,
322.47955705762627,70112,504,907,28480,
322.48237238856797,70111,505,907,28480,
322.4865913688801,70111,505,906,28481,
322.48868290000394,70110,506,906,28481,
322.49101528530707,70109,507,906,28481,
322.494748585577,70109,507,905,28482,
322.4999224049392,70109,507,904,28483,
322.5002999138017,70108,508,904,28483,
322.50451557304797,70108,507,905,28483,
322.50674551366063,70108,507,904,28484,
322.5098427870181,70108,507,903,28485,
322.5125640762523,70108,506,904,28485,
322.5209029399445,70108,506,903,28486,
322.53667212234353,70108,505,904,28486,
322.5392962173702,70108,504,905,28486,
322.54258640757536,70107,505,905,28486,
322.5448101747787,70107,504,906,28486,
322.5484900160796,70107,503,907,28486,
322.55669535569757,70107,502,908,28486,
322.5646930401605,70107,501,909,28486,
322.5672410597504,70106,502,909,28486,
322.56746526103456,70106,501,910,28486,
322.5684515704222,70106,500,911,28486,
322.5699601079577,70106,500,910,28487,
322.5749765098364,70105,501,910,28487,
322.579050108739,70105,500,911,28487,
322.5832363624893,70105,500,910,28488,
322.5842765268137,70105,499,911,28488,
322.58744038556057,70105,498,912,28488,
322.5877482487222,70104,499,912,28488,
322.5910048421769,70104,499,911,28489,
322.592060909854,70104,498,912,28489,
322.59866106634786,70103,499,912,28489,
322.6007483900038,70102,500,912,28489,
322.6036275373608,70102,499,913,28489,
322.6082902187129,70102,498,914,28489,
322.6090105080265,70101,499,914,28489,
322.60990745742123,70101,499,913,28490,
322.6178259282545,70101,498,914,28490,
322.61873717406377,70101,498,913,28491,
322.6189336141024,70101,497,914,28491,
322.6210912882537,70100,498,914,28491,
322.62362353453557,70099,499,914,28491,
322.6364921160673,70098,500,914,28491,
322.63747529649964,70098,499,915,28491,
322.64062704522036,70098,499,914,28492,
322.64301197026384,70098,499,913,28493,
322.6507352149238,70097,500,913,28493,
322.6525439624618,70097,500,912,28494,
322.658851517976,70097,499,913,28494,
322.6618842250403,70096,500,913,28494,
322.66786906015113,70096,499,914,28494,
322.66862114079447,70096,499,913,28495,
322.6730438892091,70096,499,912,28496,
322.67610422292944,70096,499,911,28497,
322.6762316570439,70096,498,912,28497,
322.68269703652254,70096,497,913,28497,
322.6834859357927,70096,497,912,28498,
322.68729699484015,70096,497,911,28499,
322.6890645236761,70096,497,910,28500,
322.68960006222375,70095,498,910,28500,
322.69190902474213,70095,498,909,28501,
322.6929456113975,70095,498,908,28502,
322.70486512873623,70095,497,909,28502,
322.70884706363506,70094,498,909,28502,
322.7101531399887,70094,498,908,28503,
322.71042323384603,70093,499,908,28503,
322.71116928244635,70093,499,907,28504,
322.712316036578,70093,499,906,28505,
322.71235681489566,70093,499,905,28506,
322.7194167543763,70093,499,904,28507,
322.72052325480615,70093,499,903,28508,
322.7336973952436,70093,498,904,28508,
322.73513754979155,70092,499,904,28508,
322.7384637380535,70092,499,903,28509,
322.7444326691645,70092,498,904,28509,
322.7462704808138,70091,499,904,28509,
322.7467807310261,70091,499,903,28510,
322.75242633349455,70090,500,903,28510,
322.7524938336385,70089,501,903,28510,
322.7635569375073,70088,502,903,28510,
322.76972810815374,70088,502,902,28511,
322.778925300013,70088,502,901,28512,
322.7789350975569,70088,501,902,28512,
322.77964639578374,70087,502,902,28512,
322.78010847401293,70087,501,903,28512,
322.78303233170686,70086,502,903,28512,
322.7830704562646,70085,503,903,28512,
322.78517361044106,70085,502,904,28512,
322.79635248795176,70084,503,904,28512,
322.7972886886901,70084,502,905,28512,
322.8001143792003,70084,501,906,28512,
322.80054185224327,70083,502,906,28512,
322.8013432637343,70082,503,906,28512,
322.805678250378,70082,502,907,28512,
322.8061371874515,70082,502,906,28513,
322.8188168304977,70082,502,905,28514,
322.8226415237841,70081,503,905,28514,
322.8244816498203,70081,502,906,28514,
322.83045245347853,70081,501,907,28514,
322.8399785377891,70081,501,906,28515,
322.8409523114525,70081,501,905,28516,
322.844460611561,70081,500,906,28516,
322.846181785864,70080,501,906,28516,
322.85491718789734,70080,501,905,28517,
322.8556375324533,70080,501,904,28518,
322.85815971080825,70080,501,903,28519,
322.8604903955191,70079,502,903,28519,
322.8636947887185,70079,502,902,28520,
322.86501160518253,70079,501,903,28520,
322.8704989438637,70078,502,903,28520,
322.8709564115002,70078,501,904,28520,
322.8752034295307,70078,500,905,28520,
322.8764134071105,70078,500,904,28521,
322.8776208569473,70078,500,903,28522,
322.8827562959013,70077,501,903,28522,
322.8838949094756,70077,501,902,28523,
322.8860617412876,70076,502,902,28523,
322.8862662553884,70075,503,902,28523,
322.893043995155,70074,504,902,28523,
322.8932094297935,70073,505,902,28523,
322.8940301042977,70072,506,902,28523,
322.9070329889916,70072,506,901,28524,
322.91417733190224,70071,507,901,28524,
322.91727620867556,70070,508,901,28524,
322.92046041858026,70070,507,902,28524,
322.93071161465144,70070,507,901,28525,
322.9346388674303,70070,507,900,28526,
322.9368430613778,70070,507,899,28527,
322.94565969685874,70070,507,898,28528,
322.9465543213561,70070,506,899,28528,
322.9466986528937,70070,506,898,28529,
322.9478807049423,70070,505,899,28529,
322.9480240059776,70070,505,898,28530,
322.94907027500943,70070,505,897,28531,
322.97070474805395,70070,504,898,28531,
322.9708921570083,70069,505,898,28531,
322.9731497843395,70069,504,899,28531,
322.97665401615757,70069,503,900,28531,
322.9769149866583,70069,502,901,28531,
322.9770155408165,70069,501,902,28531,
322.977244738761,70069,500,903,28531,
322.9787805670902,70069,500,902,28532,
322.98014950025026,70069,499,903,28532,
322.9885033333762,70069,499,902,28533,
322.98972169129576,70069,499,901,28534,
322.99679451206066,70069,498,902,28534,
322.99683396608987,70068,499,902,28534,
322.9970173699763,70067,500,902,28534,
322.9971785244218,70066,501,902,28534,
322.99904395033434,70065,502,902,28534,
323.001726746691,70065,501,903,28534,
323.0066530201673,70065,501,902,28535,
323.00903037700374,70065,501,901,28536,
323.01802734141694,70065,501,900,28537,
323.0183291092069,70064,502,900,28537,
323.0228943368857,70064,502,899,28538,
323.02431966136345,70063,503,899,28538,
323.03141637454394,70062,504,899,28538,
323.0339326691307,70061,505,899,28538,
323.0358244305369,70061,504,900,28538,
323.0392269554917,70061,504,899,28539,
323.03952120509535,70061,504,898,28540,
323.04251008546976,70061,503,899,28540,
323.04308812133723,70061,503,898,28541,
323.04428535373296,70060,504,898,28541,
323.0467789585194,70060,504,897,28542,
323.0492347554079,70060,504,896,28543,
323.05331716581406,70060,503,897,28543,
323.0549781884383,70060,502,898,28543,
323.0624786905909,70060,501,899,28543,
323.0647537930602,70060,501,898,28544,
323.06564871822206,70060,500,899,28544,
323.0674985144662,70060,500,898,28545,
323.0680637202064,70060,500,897,28546,
323.070343426457,70060,499,898,28546,
323.0756537008627,70060,499,897,28547,
323.0778662203315,70060,498,898,28547,
323.08309168982544,70059,499,898,28547,
323.0864549437983,70059,499,897,28548,
323.09444635809047,70059,499,896,28549,
323.0985730716835,70059,499,895,28550,
323.1045723118789,70059,498,896,28550,
323.1091866392427,70059,498,895,28551,
323.11146699265527,70058,499,895,28551,
323.11268900288877,70058,499,894,28552,
323.11902009267664,70058,498,895,28552,
323.11950106644423,70058,497,896,28552,
323.1211124595825,70058,497,895,28553,
323.1388910837025,70057,498,895,28553,
323.1406459253908,70057,497,896,28553,
323.14460711760603,70056,498,896,28553,
323.1514488396834,70056,497,897,28553,
323.1538091448474,70056,496,898,28553,
323.1561811252863,70056,496,897,28554,
323.1577707139391,70056,496,896,28555,
323.16087751155334,70056,495,897,28555,
323.16360895792866,70056,494,898,28555,
323.1690453901532,70056,494,897,28556,
323.1751100256497,70055,495,897,28556,
323.17860980988223,70054,496,897,28556,
323.17925055269467,70054,495,898,28556,
323.1801043122996,70054,495,897,28557,
323.18142628039135,70054,494,898,28557,
323.18159654254663,70053,495,898,28557,
323.1839695705777,70052,496,898,28557,
323.18558193528565,70052,495,899,28557,
323.18572346938276,70052,494,900,28557,
323.1884688201852,70052,493,901,28557,
323.18869951046565,70052,492,902,28557,
323.19007067935394,70052,492,901,28558,
323.1924404291468,70052,492,900,28559,
323.19335091746484,70052,492,899,28560,
323.19480364877063,70051,493,899,28560,
323.19526034264516,70051,493,898,28561,
323.1973859512384,70051,492,899,28561,
323.1978209526129,70051,491,900,28561,
323.1995171217543,70051,491,899,28562,
323.2005754944067,70051,490,900,28562,
323.20436676717577,70051,489,901,28562,
323.2070629282138,70050,490,901,28562,
323.2079480822258,70049,491,901,28562,
323.21084028926873,70048,492,901,28562,
323.21255917311,70048,491,902,28562,
323.21371899660545,70048,490,903,28562,
323.21440639808424,70047,491,903,28562,
323.21833353585464,70046,492,903,28562,
323.22302504703435,70046,492,902,28563,
323.22432524313587,70045,493,902,28563,
323.22745050634325,70044,494,902,28563,
323.23244875237464,70043,495,902,28563,
323.2328396974086,70042,496,902,28563,
323.2340338644229,70042,496,901,28564,
323.2354504911818,70041,497,901,28564,
323.23652455392863,70040,498,901,28564,
323.23783731351193,70040,497,902,28564,
323.2444936705514,70040,496,903,28564,
323.24554247142663,70039,497,903,28564,
323.2459120786209,70039,497,902,28565,
323.24951781067733,70039,497,901,28566,
323.2511275148485,70039,497,900,28567,
323.25268076040874,70039,497,899,28568,
323.2547010357668,70039,496,900,28568,
323.2568249926776,70039,496,899,28569,
323.2581041886909,70039,495,900,28569,
323.2607131399261,70038,496,900,28569,
323.2618125358413,70038,496,899,28570,
323.26399926962324,70038,495,900,28570,
323.27103931132933,70037,496,900,28570,
323.27241110290043,70037,496,899,28571,
323.2734705876063,70037,495,900,28571,
323.2742372443335,70037,494,901,28571,
323.2779136209994,70037,494,900,28572,
323.27964516874533,70037,493,901,28572,
323.28867040807586,70036,494,901,28572,
323.2922238685559,70036,494,900,28573,
323.30837629071704,70035,495,900,28573,
323.31347085731875,70035,494,901,28573,
323.31677304951637,70035,493,902,28573,
323.318335056839,70035,492,903,28573,
323.31867186519844,70035,492,902,28574,
323.3278555042795,70034,493,902,28574,
323.32808667135885,70034,493,901,28575,
323.33173851699127,70034,492,902,28575,
323.3373390547994,70034,491,903,28575,
323.33919122018233,70034,491,902,28576,
323.34166497846377,70034,491,901,28577,
323.341940453766,70034,491,900,28578,
323.34262125883754,70034,491,899,28579,
323.34311235183657,70034,490,900,28579,
323.344000037381,70034,490,899,28580,
323.35117065625536,70034,490,898,28581,
323.35217123421586,70034,490,897,28582,
323.35396680951175,70034,489,898,28582,
323.3560616356137,70034,489,897,28583,
323.3583719786944,70034,488,898,28583,
323.3653500245359,70034,488,897,28584,
323.37459214830926,70033,489,897,28584,
323.3810708833805,70033,488,898,28584,
323.38387152317193,70033,488,897,28585,
323.389920191326,70032,489,897,28585,
323.393400529247,70031,490,897,28585,
323.39440459688467,70030,491,897,28585,
323.3956290238633,70029,492,897,28585,
323.39789092917067,70029,491,898,28585,
323.3991742223749,70028,492,898,28585,
323.41577976096687,70028,491,899,28585,
323.4165827924081,70028,491,898,28586,
323.42416589031166,70028,490,899,28586,
323.42553968114987,70028,489,900,28586,
323.4263610058532,70028,488,901,28586,
323.43434250614877,70028,488,900,28587,
323.4343575463497,70028,488,899,28588,
323.43525999667685,70028,487,900,28588,
323.4356375887604,70028,487,899,28589,
323.43810524190417,70028,487,898,28590,
323.44066374168716,70028,486,899,28590,
323.4445991854099,70028,485,900,28590,
323.4503241797043,70028,485,899,28591,
323.45239848237907,70027,486,899,28591,
323.4604262425051,70026,487,899,28591,
323.4613793672229,70025,488,899,28591,
323.46253532398777,70024,489,899,28591,
323.4662338957722,70024,489,898,28592,
323.4680991871076,70024,488,899,28592,
323.470892830998,70023,489,899,28592,
323.4742264771378,70023,489,898,28593,
323.4756693586629,70023,489,897,28594,
323.4904606167944,70023,488,898,28594,
323.4929889054042,70023,487,899,28594,
323.49680700838803,70022,488,899,28594,
323.5006382480353,70021,489,899,28594,
323.504667158935,70021,488,900,28594,
323.5109425894399,70021,488,899,28595,
323.5159255982846,70021,487,900,28595,
323.5274467419572,70021,486,901,28595,
323.5324987902235,70021,486,900,28596,
323.5341037871948,70020,487,900,28596,
323.5360787470249,70020,486,901,28596,
323.54392220069576,70020,485,902,28596,
323.5446345069042,70019,486,902,28596,
323.5460077294661,70019,486,901,28597,
323.5553834915066,70019,485,902,28597,
323.559075532545,70019,484,903,28597,
323.56192456153474,70019,483,904,28597,
323.56239950454494,70019,483,903,28598,
323.5668184469124,70019,482,904,28598,
323.56933872990356,70019,482,903,28599,
323.5699360555966,70019,482,902,28600,
323.5707964604676,70018,483,902,28600,
323.5721762734913,70018,483,901,28601,
323.57975689259047,70018,483,900,28602,
323.58369658280844,70017,484,900,28602,
323.5841594632782,70017,483,901,28602,
323.59490828254064,70017,483,900,28603,
323.5957421130391,70017,482,901,28603,
323.6045152667322,70017,482,900,28604,
323.6061498260874,70017,481,901,28604,
323.60739193724277,70017,480,902,28604,
323.60985968854754,70017,479,903,28604,
323.6129694267841,70016,480,903,28604,
323.6137375871832,70016,479,904,28604,
323.6146231739548,70016,479,903,28605,
323.6181729232402,70015,480,903,28605,
323.6200382483235,70015,480,902,28606,
323.6253407195753,70015,480,901,28607,
323.62727238233447,70015,479,902,28607,
323.62983815608,70015,478,903,28607,
323.630565146487,70015,478,902,28608,
323.63284186686036,70014,479,902,28608,
323.6374007603714,70013,480,902,28608,
323.63964824526084,70013,479,903,28608,
323.6397966294148,70012,480,903,28608,
323.64059991516126,70011,481,903,28608,
323.64122521797816,70011,481,902,28609,
323.64666898932524,70011,480,903,28609,
323.64802820309575,70010,481,903,28609,
323.65755268448186,70010,481,902,28610,
323.65804307844184,70010,481,901,28611,
323.65917185639665,70010,481,900,28612,
323.6604304666596,70010,480,901,28612,
323.6685421543441,70010,479,902,28612,
323.6690631636108,70010,479,901,28613,
323.6702537118793,70010,478,902,28613,
323.6725263942426,70010,478,901,28614,
323.6755174571383,70010,477,902,28614,
323.67709821015086,70010,477,901,28615,
323.6772787649655,70010,477,900,28616,
323.6845800299969,70010,477,899,28617,
323.6859918170412,70010,477,898,28618,
323.6879433398494,70010,477,897,28619,
323.69294126717966,70010,477,896,28620,
323.6958504336486,70010,476,897,28620,
323.69622818407396,70010,475,898,28620,
323.69883682130484,70010,475,897,28621,
323.698954339429,70010,475,896,28622,
323.6991414600133,70010,474,897,28622,
323.6993587105944,70010,473,898,28622,
323.70789926057313,70010,472,899,28622,
323.7113481043832,70009,473,899,28622,
323.71272643496303,70008,474,899,28622,
323.71413491903803,70008,474,898,28623,
323.7142214987392,70008,474,897,28624,
323.71863730951054,70008,473,898,28624,
323.722972567791,70008,472,899,28624,
323.72386607110417,70008,472,898,28625,
323.72679259353424,70008,471,899,28625,
323.7277249711821,70008,471,898,28626,
323.73036779568645,70008,470,899,28626,
323.7313880293567,70007,471,899,28626,
323.7349859055091,70007,471,898,28627,
323.73555362919495,70007,471,897,28628,
323.73601244452703,70007,471,896,28629,
323.7394480011388,70007,471,895,28630,
323.74065170785127,70006,472,895,28630,
323.74466497035195,70005,473,895,28630,
323.7511504607362,70005,473,894,28631,
323.75589888905,70004,474,894,28631,
323.757261140299,70003,475,894,28631,
323.75943745753705,70003,474,895,28631,
323.7638916534303,70003,473,896,28631,
323.7675237233081,70003,473,895,28632,
323.7702374608522,70002,474,895,28632,
323.77539345581044,70002,473,896,28632,
323.77771222635204,70002,472,897,28632,
323.7791963459437,70002,471,898,28632,
323.77941390625483,70001,472,898,28632,
323.784393789444,70001,471,899,28632,
323.79337099820555,70001,471,898,28633,
323.79752023206527,70000,472,898,28633,
323.8057589179502,69999,473,898,28633,
323.80997776870606,69999,473,897,28634,
323.8177499434357,69998,474,897,28634,
323.81999136619595,69998,473,898,28634,
323.8222524540259,69998,473,897,28635,
323.82813992613217,69997,474,897,28635,
323.8338069003531,69997,473,898,28635,
323.8408443493986,69997,472,899,28635,
323.84583058007877,69997,471,900,28635,
323.85181077168846,69997,471,899,28636,
323.8554418391138,69996,472,899,28636,
323.86096805717625,69995,473,899,28636,
323.86306715851816,69995,473,898,28637,
323.8658306214219,69995,473,897,28638,
323.86841481095684,69995,472,898,28638,
323.8701484396972,69995,471,899,28638,
323.87326494159066,69995,471,898,28639,
323.8773305276152,69995,471,897,28640,
323.87975515686276,69994,472,897,28640,
323.8799225312926,69993,473,897,28640,
323.8885542997405,69992,474,897,28640,
323.89485597509224,69991,475,897,28640,
323.897936986733,69991,475,896,28641,
323.90230885128415,69991,475,895,28642,
323.905781490242,69991,475,894,28643,
323.91065700698925,69990,476,894,28643,
323.9130590411269,69990,476,893,28644,
323.918481320654,69990,476,892,28645,
323.9195373987818,69990,476,891,28646,
323.92238990571695,69989,477,891,28646,
323.92587223448163,69989,477,890,28647,
323.92723867883785,69988,478,890,28647,
323.932333993245,69987,479,890,28647,
323.9344586614118,69987,479,889,28648,
323.93866884914536,69986,480,889,28648,
323.9418344624295,69986,480,888,28649,
323.94437495781386,69986,479,889,28649,
323.947715794848,69986,479,888,28650,
323.9521994768281,69986,479,887,28651,
323.9547405765382,69986,478,888,28651,
323.9596021688363,69986,477,889,28651,
323.9602009216129,69986,477,888,28652,
323.9670286444467,69986,476,889,28652,
323.96832579664306,69985,477,889,28652,
323.9701976336435,69984,478,889,28652,
323.97064114714914,69984,477,890,28652,
323.9753878120775,69984,477,889,28653,
323.9758264447931,69984,477,888,28654,
323.9769067588898,69984,477,887,28655,
323.9782402945842,69983,478,887,28655,
323.981280200405,69983,478,886,28656,
323.98214880369704,69982,479,886,28656,
323.9856945343644,69981,480,886,28656,
323.9868044473626,69981,480,885,28657,
323.99251227650456,69981,480,884,28658,
323.9927548514754,69980,481,884,28658,
323.9983549739416,69980,481,883,28659,
324.0019189198466,69980,480,884,28659,
324.00213556091165,69980,480,883,28660,
324.0107569629543,69980,479,884,28660,
324.01466610622924,69980,479,883,28661,
324.01551559354704,69980,479,882,28662,
324.016002785809,69979,480,882,28662,
324.0186869686507,69979,480,881,28663,
324.0206204987418,69979,479,882,28663,
324.0290077836762,69979,478,883,28663,
324.02974383358116,69979,477,884,28663,
324.03163002328586,69979,477,883,28664,
324.0341317450143,69979,477,882,28665,
324.0342099674005,69978,478,882,28665,
324.0360643792749,69978,477,883,28665,
324.0451005546964,69978,477,882,28666,
324.0481120098706,69978,477,881,28667,
324.04933853328873,69977,478,881,28667,
324.0499886624058,69977,478,880,28668,
324.060722835468,69977,477,881,28668,
324.06075702522327,69977,477,880,28669,
324.0668328312022,69977,477,879,28670,
324.0740971443985,69977,476,880,28670,
324.07904167188235,69976,477,880,28670,
324.08368478040546,69976,477,879,28671,
324.0855299876906,69976,477,878,28672,
324.08692066661723,69976,476,879,28672,
324.0927849976224,69975,477,879,28672,
324.0964153014809,69974,478,879,28672,
324.1009459616055,69974,478,878,28673,
324.1052332089343,69974,478,877,28674,
324.10862618289934,69974,478,876,28675,
324.11405157477805,69974,477,877,28675,
324.11617109051065,69973,478,877,28675,
324.12257912521875,69973,478,876,28676,
324.1249159159233,69973,478,875,28677,
324.1294346825397,69973,478,874,28678,
324.12983792976075,69972,479,874,28678,
324.1307316313628,69971,480,874,28678,
324.131478249315,69970,481,874,28678,
324.13265630127637,69970,480,875,28678,
324.13987254560743,69970,480,874,28679,
324.140261646976,69970,479,875,28679,
324.1430407395592,69970,478,876,28679,
324.1432784744928,69970,478,875,28680,
324.1488498368535,69970,477,876,28680,
324.1499944315524,69970,477,875,28681,
324.1504640917232,69969,478,875,28681,
324.15074858700996,69969,478,874,28682,
324.1521128915581,69969,478,873,28683,
324.1536058957714,69968,479,873,28683,
324.168587567026,69967,480,873,28683,
324.16972076922195,69967,480,872,28684,
324.17909061509636,69967,479,873,28684,
324.180096432303,69966,480,873,28684,
324.1815610558058,69966,479,874,28684,
324.1839732806919,69965,480,874,28684,
324.1852618347822,69964,481,874,28684,
324.18529023431665,69964,480,875,28684,
324.1863393217967,69963,481,875,28684,
324.18709755072246,69963,481,874,28685,
324.18914143531634,69963,481,873,28686,
324.1926711741229,69963,480,874,28686,
324.194318506032,69963,480,873,28687,
324.1948487830142,69963,479,874,28687,
324.2010845612023,69963,479,873,28688,
324.21269275752456,69962,480,873,28688,
324.2147589119164,69961,481,873,28688,
324.22151171126563,69960,482,873,28688,
324.2235170290388,69960,481,874,28688,
324.224103900202,69960,480,875,28688,
324.2301805448067,69960,479,876,28688,
324.23099586791193,69960,478,877,28688,
324.23264083836756,69960,478,876,28689,
324.233789045806,69960,478,875,28690,
324.2358281295471,69959,479,875,28690,
324.2368879992803,69959,479,874,28691,
324.2434539453737,69959,479,873,28692,
324.246898411183,69959,478,874,28692,
324.24905161287904,69959,478,873,28693,
324.25038521692255,69958,479,873,28693,
324.25135423044577,69957,480,873,28693,
324.2537926555677,69957,480,872,28694,
324.26071088408133,69957,479,873,28694,
324.2625274339489,69957,479,872,28695,
324.26833912691245,69956,480,872,28695,
324.2752071913844,69956,480,871,28696,
324.28127986709956,69955,481,871,28696,
324.28176479678916,69955,480,872,28696,
324.2855876610466,69955,479,873,28696,
324.2860618176105,69955,479,872,28697,
324.2905909882221,69954,480,872,28697,
324.29137364571517,69954,479,873,28697,
324.29237094054855,69953,480,873,28697,
324.29495527584925,69953,480,872,28698,
324.2962928568157,69952,481,872,28698,
324.2963343767766,69952,481,871,28699,
324.30074069861547,69951,482,871,28699,
324.30129073877157,69951,481,872,28699,
324.3064796948147,69951,481,871,28700,
324.3085692817707,69951,481,870,28701,
324.3166005275294,69951,481,869,28702,
324.3180534529472,69950,482,869,28702,
324.3192762682839,69950,481,870,28702,
324.3199654371481,69950,481,869,28703,
324.3268461432296,69949,482,869,28703,
324.3292794033805,69949,482,868,28704,
324.3415231244253,69948,483,868,28704,
324.3476794776404,69948,483,867,28705,
324.3490773927027,69948,482,868,28705,
324.35180736493555,69948,482,867,28706,
324.3537915351284,69948,482,866,28707,
324.3540337927605,69947,483,866,28707,
324.3550965009002,69947,482,867,28707,
324.3558333153194,69946,483,867,28707,
324.3579431511589,69946,483,866,28708,
324.3597662708035,69946,482,867,28708,
324.36206435946343,69946,482,866,28709,
324.36216948042284,69946,481,867,28709,
324.3632259919374,69946,480,868,28709,
324.3662028306332,69946,479,869,28709,
324.36718483108206,69946,478,870,28709,
324.3697276714132,69945,479,870,28709,
324.37925638813863,69945,479,869,28710,
324.3826554824244,69945,479,868,28711,
324.38519146041574,69945,478,869,28711,
324.3888668893672,69944,479,869,28711,
324.3900856717033,69944,479,868,28712,
324.39109882469177,69944,478,869,28712,
324.39173916586094,69944,477,870,28712,
324.40044475816273,69944,477,869,28713,
324.4036378300701,69943,478,869,28713,
324.4061341400574,69942,479,869,28713,
324.414994382887,69942,478,870,28713,
324.415564274485,69942,477,871,28713,
324.4172751556336,69942,477,870,28714,
324.42384362594925,69942,476,871,28714,
324.4300778177409,69942,475,872,28714,
324.43107325671343,69942,474,873,28714,
324.4362210690274,69941,475,873,28714,
324.4392799055121,69941,475,872,28715,
324.44100587700996,69941,475,871,28716,
324.4432194640168,69941,474,872,28716,
324.44818692354556,69941,474,871,28717,
324.44834041615,69941,473,872,28717,
324.45113244392417,69941,473,871,28718,
324.45497804195406,69941,472,872,28718,
324.45574500113133,69940,473,872,28718,
324.4563864796322,69940,473,871,28719,
324.463979438927,69940,472,872,28719,
324.46546690937987,69940,472,871,28720,
324.4798882023041,69939,473,871,28720,
324.48951667869284,69938,474,871,28720,
324.4900078463721,69938,473,872,28720,
324.4908227824414,69937,474,872,28720,
324.49758119858313,69937,474,871,28721,
324.50178798438293,69936,475,871,28721,
324.512223055454,69936,475,870,28722,
324.51523728091536,69936,474,871,28722,
324.51998142409786,69935,475,871,28722,
324.52461664537316,69935,475,870,28723,
324.52725965889016,69935,475,869,28724,
324.5274502671258,69935,475,868,28725,
324.52912711781255,69935,474,869,28725,
324.5299751633641,69935,474,868,28726,
324.5414472629664,69935,474,867,28727,
324.55203308411274,69934,475,867,28727,
324.5530431639425,69934,474,868,28727,
324.5635881658689,69933,475,868,28727,
324.56522602519385,69933,474,869,28727,
324.5659108886769,69933,473,870,28727,
324.5698704876555,69933,473,869,28728,
324.5733823155167,69933,472,870,28728,
324.5786957428197,69932,473,870,28728,
324.5925913658774,69932,473,869,28729,
324.59330891518243,69932,473,868,28730,
324.59864151646144,69931,474,868,28730,
324.60165176926523,69930,475,868,28730,
324.60350930374165,69930,475,867,28731,
324.61993929514165,69930,474,868,28731,
324.6209843973676,69930,474,867,28732,
324.6219310314018,69930,474,866,28733,
324.63079619872616,69930,474,865,28734,
324.63733915068144,69930,473,866,28734,
324.6387444097522,69929,474,866,28734,
324.6400355227902,69929,473,867,28734,
324.64173297710965,69928,474,867,28734,
324.64199254794744,69927,475,867,28734,
324.6453557161865,69927,474,868,28734,
324.64601511376304,69927,473,869,28734,
324.65126248738727,69927,473,868,28735,
324.65713012306,69926,474,868,28735,
324.65801813777534,69926,473,869,28735,
324.6613881189262,69926,472,870,28735,
324.6677709206277,69926,472,869,28736,
324.66802096368855,69926,472,868,28737,
324.6693769082188,69926,472,867,28738,
324.67053729649484,69926,471,868,28738,
324.67943293385883,69926,470,869,28738,
324.68203899782884,69926,469,870,28738,
324.6851513786323,69926,468,871,28738,
324.6885575843328,69925,469,871,28738,
324.69335442286956,69925,469,870,28739,
324.69809780870435,69925,468,871,28739,
324.69920344811607,69925,467,872,28739,
324.7009184166866,69924,468,872,28739,
324.70162432126057,69924,468,871,28740,
324.70481186505685,69924,468,870,28741,
324.70658738689457,69924,468,869,28742,
324.7085497408987,69924,467,870,28742,
324.70877274487873,69924,466,871,28742,
324.71301640520346,69924,465,872,28742,
324.71913265869955,69923,466,872,28742,
324.7202722791511,69923,465,873,28742,
324.721491583994,69923,465,872,28743,
324.7232498762051,69922,466,872,28743,
324.7288914167522,69922,466,871,28744,
324.7299130930564,69922,466,870,28745,
324.73739396797345,69921,467,870,28745,
324.7379581864633,69920,468,870,28745,
324.7384416538854,69920,468,869,28746,
324.7467456255976,69920,468,868,28747,
324.74944210305443,69920,467,869,28747,
324.75650986812866,69920,467,868,28748,
324.7567271566071,69920,467,867,28749,
324.76056581161583,69919,468,867,28749,
324.76248122840616,69919,468,866,28750,
324.7676975191458,69918,469,866,28750,
324.7712636368337,69918,469,865,28751,
324.77290549905996,69918,468,866,28751,
324.77345821594434,69918,467,867,28751,
324.77604765939935,69918,466,868,28751,
324.7785976619303,69918,466,867,28752,
324.7812264525473,69918,466,866,28753,
324.78448826245636,69918,465,867,28753,
324.7861279405771,69918,464,868,28753,
324.78670834232787,69918,464,867,28754,
324.7976524160918,69918,464,866,28755,
324.79885277477035,69918,463,867,28755,
324.79992680272045,69917,464,867,28755,
324.81231594759055,69917,463,868,28755,
324.81470369055563,69917,462,869,28755,
324.8149046687065,69916,463,869,28755,
324.8150579660976,69915,464,869,28755,
324.81539402020917,69915,463,870,28755,
324.81941662544307,69915,463,869,28756,
324.8197021358035,69915,463,868,28757,
324.82454979113083,69915,463,867,28758,
324.82570043607063,69915,462,868,28758,
324.82700542312875,69915,462,867,28759,
324.828712791982,69915,461,868,28759,
324.8304358600578,69915,461,867,28760,
324.83397729240284,69915,460,868,28760,
324.8347388719174,69915,459,869,28760,
324.84105960767437,69914,460,869,28760,
324.8485308678545,69914,460,868,28761,
324.8504670343461,69913,461,868,28761,
324.8532608104287,69913,460,869,28761,
324.8579043177928,69913,460,868,28762,
324.85919037793116,69912,461,868,28762,
324.8627954191891,69911,462,868,28762,
324.8657182097587,69910,463,868,28762,
324.86586536114265,69910,463,867,28763,
324.8660718157721,69910,463,866,28764,
324.86647216116666,69910,463,865,28765,
324.8666391453238,69909,464,865,28765,
324.87184777561464,69908,465,865,28765,
324.874043408153,69908,465,864,28766,
324.8831509812993,69908,465,863,28767,
324.8862916107287,69908,465,862,28768,
324.89971647051306,69907,466,862,28768,
324.9054157252692,69907,466,861,28769,
324.9123657530929,69907,465,862,28769,
324.91412262292357,69906,466,862,28769,
324.9196397246424,69906,466,861,28770,
324.92302405872726,69906,466,860,28771,
324.92933107836325,69906,465,861,28771,
324.93110891372686,69906,465,860,28772,
324.93148694221424,69906,464,861,28772,
324.93437574622965,69905,465,861,28772,
324.93614329472325,69905,465,860,28773,
324.9396082938436,69905,465,859,28774,
324.9398843750363,69904,466,859,28774,
324.94224213200573,69903,467,859,28774,
324.9444128735876,69903,467,858,28775,
324.9675486818244,69903,466,859,28775,
324.9715689963221,69903,465,860,28775,
324.9726286940256,69903,465,859,28776,
324.97769774192665,69903,465,858,28777,
324.98355815393467,69902,466,858,28777,
324.9862566138728,69902,466,857,28778,
324.9903486353916,69902,465,858,28778,
324.9926081214037,69902,464,859,28778,
324.99766535367473,69902,463,860,28778,
325.0062056260693,69902,463,859,28779,
325.01356776706956,69902,462,860,28779,
325.01380028458397,69901,463,860,28779,
325.01441568320314,69901,462,861,28779,
325.0155245452344,69901,461,862,28779,
325.0192203522538,69901,460,863,28779,
325.023493070005,69900,461,863,28779,
325.0260514516126,69899,462,863,28779,
325.0265933612788,69899,462,862,28780,
325.02744804711926,69899,461,863,28780,
325.0285611960733,69899,461,862,28781,
325.0308628032005,69899,461,861,28782,
325.04159269351453,69899,461,860,28783,
325.04308681013066,69899,460,861,28783,
325.0499269703008,69899,459,862,28783,
325.05843345199753,69899,459,861,28784,
325.05939299100714,69899,458,862,28784,
325.0742207492165,69899,457,863,28784,
325.07761290933337,69898,458,863,28784,
325.0815386112628,69898,457,864,28784,
325.0864109225264,69897,458,864,28784,
325.0907987433039,69897,457,865,28784,
325.0932784280854,69897,456,866,28784,
325.10053164152316,69896,457,866,28784,
325.1023391317352,69896,457,865,28785,
325.1038904751361,69895,458,865,28785,
325.1090746752639,69895,457,866,28785,
325.1091159856156,69895,456,867,28785,
325.10932432086,69895,456,866,28786,
325.1133172483717,69895,456,865,28787,
325.11445787323765,69895,456,864,28788,
325.11756084522665,69895,456,863,28789,
325.1192548612804,69894,457,863,28789,
325.1224351393537,69894,457,862,28790,
325.1248734363524,69893,458,862,28790,
325.12634158700826,69893,458,861,28791,
325.1325973318468,69893,457,862,28791,
325.1377316549444,69893,457,861,28792,
325.1443436408565,69893,457,860,28793,
325.1558036398616,69892,458,860,28793,
325.1559578467188,69891,459,860,28793,
325.1589370535338,69890,460,860,28793,
325.16638135611925,69889,461,860,28793,
325.16782820667026,69889,461,859,28794,
325.1681359310977,69889,460,860,28794,
325.17707374725677,69889,460,859,28795,
325.180652983387,69889,460,858,28796,
325.18174735292837,69888,461,858,28796,
325.1869939042751,69887,462,858,28796,
325.18829230107133,69887,461,859,28796,
325.1892069396842,69887,460,860,28796,
325.1905850115689,69887,459,861,28796,
325.1910205512071,69886,460,861,28796,
325.1913503309346,69886,459,862,28796,
325.1921675812916,69886,458,863,28796,
325.1931381440058,69886,458,862,28797,
325.20108767923085,69885,459,862,28797,
325.20270993612047,69885,459,861,28798,
325.2166846356856,69885,458,862,28798,
325.218060074136,69885,458,861,28799,
325.21895716998404,69885,457,862,28799,
325.2200578096547,69885,457,861,28800,
325.2201959808529,69885,457,860,28801,
325.2203008612354,69884,458,860,28801,
325.22104556696416,69884,458,859,28802,
325.22444331214047,69883,459,859,28802,
325.22517863636295,69883,458,860,28802,
325.22559546703906,69882,459,860,28802,
325.2295127999543,69881,460,860,28802,
325.23072798594785,69881,460,859,28803,
325.2322278288034,69881,460,858,28804,
325.2349174577264,69881,460,857,28805,
325.24530763316,69880,461,857,28805,
325.2457472828694,69880,461,856,28806,
325.2485936346297,69879,462,856,28806,
325.2513421466496,69878,463,856,28806,
325.2653470937766,69878,462,857,28806,
325.2784780208948,69878,462,856,28807,
325.278704304361,69878,462,855,28808,
325.2819948820272,69877,463,855,28808,
325.28354749848353,69877,463,854,28809,
325.28411495680035,69877,463,853,28810,
325.28479466093324,69877,463,852,28811,
325.28544304038803,69877,462,853,28811,
325.28580151277293,69877,461,854,28811,
325.2901059155683,69877,461,853,28812,
325.29081345353643,69876,462,853,28812,
325.29724497761504,69875,463,853,28812,
325.3006483464518,69874,464,853,28812,
325.30387683175337,69874,463,854,28812,
325.30458919460744,69874,463,853,28813,
325.3077604448434,69874,462,854,28813,
325.30976360315566,69874,462,853,28814,
325.31069141781404,69873,463,853,28814,
325.3108026693891,69872,464,853,28814,
325.3115298389229,69872,463,854,28814,
325.32270634482427,69872,462,855,28814,
325.32390686147795,69871,463,855,28814,
325.3244450950619,69871,462,856,28814,
325.3283811509396,69871,461,857,28814,
325.3293897079371,69871,461,856,28815,
325.32958238520973,69871,460,857,28815,
325.33000048482967,69871,460,856,28816,
325.3309232443304,69871,459,857,28816,
325.33406750124334,69870,460,857,28816,
325.33749736350666,69870,459,858,28816,
325.34463261000144,69870,459,857,28817,
325.3464570384972,69870,458,858,28817,
325.3483859056203,69870,458,857,28818,
325.3503579997645,69869,459,857,28818,
325.3543138154486,69869,459,856,28819,
325.35725600181775,69868,460,856,28819,
325.3689030824371,69868,459,857,28819,
325.37297256834626,69867,460,857,28819,
325.37470225002505,69867,459,858,28819,
325.37540356081263,69867,459,857,28820,
325.38368614896916,69867,459,856,28821,
325.39299324590223,69866,460,856,28821,
325.39374035767594,69866,460,855,28822,
325.39440561313995,69866,460,854,28823,
325.39515985238023,69866,460,853,28824,
325.4081034957866,69865,461,853,28824,
325.4159959967279,69865,460,854,28824,
325.4163686273287,69864,461,854,28824,
325.4183862477328,69864,461,853,28825,
325.42406701434163,69864,461,852,28826,
325.42426379789185,69864,460,853,28826,
325.43254807578893,69864,460,852,28827,
325.43468048417793,69864,460,851,28828,
325.4385909066955,69864,459,852,28828,
325.44284382287987,69863,460,852,28828,
325.45029295464826,69862,461,852,28828,
325.45080983431905,69862,461,851,28829,
325.45876557014753,69861,462,851,28829,
325.4639045431214,69860,463,851,28829,
325.4641986446581,69860,462,852,28829,
325.4648503420224,69860,461,853,28829,
325.46560122501427,69860,460,854,28829,
325.4713899211153,69860,459,855,28829,
325.4726347921155,69859,460,855,28829,
325.4735704848246,69859,460,854,28830,
325.47567487188206,69859,460,853,28831,
325.4853578914319,69859,460,852,28832,
325.48733473298654,69859,460,851,28833,
325.48982686071326,69858,461,851,28833,
325.4960851289757,69858,461,850,28834,
325.5011688911777,69858,460,851,28834,
325.5073297950289,69857,461,851,28834,
325.50781075179225,69857,461,850,28835,
325.5078799960736,69857,461,849,28836,
325.5088627048914,69857,460,850,28836,
325.5092260880686,69856,461,850,28836,
325.52098150190375,69856,460,851,28836,
325.52447835839547,69855,461,851,28836,
325.5298605304646,69854,462,851,28836,
325.5315183566928,69853,463,851,28836,
325.53430203630205,69853,463,850,28837,
325.5352511700193,69853,462,851,28837,
325.5434474882934,69853,461,852,28837,
325.54345324287294,69853,460,853,28837,
325.5469227928141,69853,460,852,28838,
325.54778124498296,69853,460,851,28839,
325.54815007723033,69853,460,850,28840,
325.5552026682766,69853,459,851,28840,
325.55777469112735,69852,460,851,28840,
325.5647324073394,69852,460,850,28841,
325.5662909362372,69852,460,849,28842,
325.5665338267169,69851,461,849,28842,
325.5708428089818,69851,460,850,28842,
325.57466591301255,69851,460,849,28843,
325.575433124488,69850,461,849,28843,
325.57612271059327,69850,460,850,28843,
325.57768350576913,69849,461,850,28843,
325.578628334502,69849,461,849,28844,
325.5830480530645,69849,461,848,28845,
325.5883876863995,69849,461,847,28846,
325.5896515958123,69848,462,847,28846,
325.5988795605603,69848,461,848,28846,
325.59990536668045,69848,461,847,28847,
325.6042036817479,69848,460,848,28847,
325.6070474715019,69848,460,847,28848,
325.6089895896154,69847,461,847,28848,
325.6186021355283,69846,462,847,28848,
325.6192726301607,69846,461,848,28848,
325.6212445446591,69846,461,847,28849,
325.6248843621358,69846,460,848,28849,
325.63017548611816,69846,459,849,28849,
325.63048387451045,69846,459,848,28850,
325.6387121229694,69846,459,847,28851,
325.6418734384454,69846,458,848,28851,
325.6418958437712,69846,458,847,28852,
325.64213483583853,69846,458,846,28853,
325.6422446663104,69846,457,847,28853,
325.6433849379546,69846,457,846,28854,
325.6450027529128,69846,457,845,28855,
325.64564494011836,69846,456,846,28855,
325.64968711139284,69846,456,845,28856,
325.6513271367333,69846,456,844,28857,
325.6548512992238,69845,457,844,28857,
325.6556448801996,69845,457,843,28858,
325.65612304391334,69845,456,844,28858,
325.65616466686396,69844,457,844,28858,
325.65888596377886,69843,458,844,28858,
325.66167785741504,69843,458,843,28859,
325.6813578260295,69843,458,842,28860,
325.681755830691,69843,457,843,28860,
325.6861460385091,69843,457,842,28861,
325.6883748529956,69843,456,843,28861,
325.6920703555168,69843,456,842,28862,
325.6930889779602,69843,455,843,28862,
325.7001876710838,69843,455,842,28863,
325.70153169284583,69842,456,842,28863,
325.7096574538345,69842,456,841,28864,
325.7108771735407,69842,456,840,28865,
325.7109892081442,69841,457,840,28865,
325.7169900614823,69841,457,839,28866,
325.72772439526017,69840,458,839,28866,
325.7282151802665,69840,458,838,28867,
325.7308925664083,69839,459,838,28867,
325.7349904684961,69838,460,838,28867,
325.7353559959615,69838,459,839,28867,
325.7411226873852,69838,459,838,28868,
325.7426363624823,69838,459,837,28869,
325.7429266752527,69838,458,838,28869,
325.74338474792404,69838,457,839,28869,
325.7438231029401,69838,456,840,28869,
325.74578134248986,69838,455,841,28869,
325.7509520367379,69837,456,841,28869,
325.75361260254004,69836,457,841,28869,
325.75630879961,69836,457,840,28870,
325.7609089778583,69836,457,839,28871,
325.76288635685233,69836,456,840,28871,
325.76849531505945,69836,456,839,28872,
325.7689544579257,69836,456,838,28873,
325.7740240858298,69835,457,838,28873,
325.77556493398987,69834,458,838,28873,
325.7775801708752,69833,459,838,28873,
325.7782150808048,69833,458,839,28873,
325.78171985049823,69832,459,839,28873,
325.7820583086099,69832,459,838,28874,
325.7884425912512,69832,458,839,28874,
325.8049285559302,69832,458,838,28875,
325.8051743704348,69832,457,839,28875,
325.80531000236425,69832,456,840,28875,
325.80827043088897,69832,455,841,28875,
325.81055284727864,69832,454,842,28875,
325.8121267381908,69831,455,842,28875,
325.8126379791882,69831,455,841,28876,
325.81420179436134,69831,454,842,28876,
325.82342345567656,69830,455,842,28876,
325.82932076521007,69830,455,841,28877,
325.8293590808407,69830,454,842,28877,
325.83067695756347,69830,454,841,28878,
325.8353202969264,69830,454,840,28879,
325.84172199048265,69830,454,839,28880,
325.8429399658162,69830,453,840,28880,
325.8456500629218,69829,454,840,28880,
325.8488825683827,69829,453,841,28880,
325.849222642833,69828,454,841,28880,
325.85844100380194,69828,453,842,28880,
325.8585739305557,69827,454,842,28880,
325.86212464874654,69827,453,843,28880,
325.8622938079972,69826,454,843,28880,
325.86456280983646,69826,454,842,28881,
325.8653790809152,69826,454,841,28882,
325.86604626310094,69826,454,840,28883,
325.8681872119013,69826,454,839,28884,
325.87782211958734,69825,455,839,28884,
325.88615410701834,69825,454,840,28884,
325.88657372984085,69824,455,840,28884,
325.8902477127934,69824,455,839,28885,
325.8917379369975,69823,456,839,28885,
325.8978755496874,69822,457,839,28885,
325.8985445785666,69821,458,839,28885,
325.90099454854084,69820,459,839,28885,
325.9039866787465,69820,459,838,28886,
325.9085474113168,69820,458,839,28886,
325.90965742901693,69820,457,840,28886,
325.9117483564321,69820,457,839,28887,
325.9179742797337,69820,456,840,28887,
325.9284032172698,69820,455,841,28887,
325.93037557435156,69820,454,842,28887,
325.93386646494884,69820,454,841,28888,
325.93589062174374,69819,455,841,28888,
325.94153924820034,69819,455,840,28889,
325.9461995491811,69819,455,839,28890,
325.94691929246267,69819,455,838,28891,
325.9489917552509,69819,455,837,28892,
325.95657101418226,69819,454,838,28892,
325.9576304830159,69818,455,838,28892,
325.97432397091484,69818,454,839,28892,
325.9747147976282,69818,454,838,28893,
325.9768531449946,69818,453,839,28893,
325.9793481631648,69818,452,840,28893,
325.9817813547848,69818,451,841,28893,
325.9949597408031,69818,450,842,28893,
325.9985540978847,69817,451,842,28893,
326.0002370136114,69816,452,842,28893,
326.00243827766263,69816,451,843,28893,
326.0037814055646,69816,451,842,28894,
326.011204066215,69816,450,843,28894,
326.02543293134727,69816,449,844,28894,
326.03341250349644,69816,448,845,28894,
326.0335632757889,69815,449,845,28894,
326.0336164479928,69814,450,845,28894,
326.03376134240665,69813,451,845,28894,
326.0359167894615,69813,450,846,28894,
326.0360471090671,69812,451,846,28894,
326.03936439249514,69812,451,845,28895,
326.04439254465916,69812,451,844,28896,
326.05061418183476,69812,451,843,28897,
326.05077389379784,69811,452,843,28897,
326.0609951938127,69810,453,843,28897,
326.06704483799456,69810,452,844,28897,
326.07112355175366,69809,453,844,28897,
326.0727723845948,69809,453,843,28898,
326.0775369088964,69808,454,843,28898,
326.0817951839751,69808,454,842,28899,
326.08194963362075,69808,453,843,28899,
326.0990609949001,69807,454,843,28899,
326.10232093366756,69806,455,843,28899,
326.1024981192449,69805,456,843,28899,
326.10449361856854,69804,457,843,28899,
326.1049258158121,69804,456,844,28899,
326.10940512477896,69803,457,844,28899,
326.11524580142554,69803,457,843,28900,
326.12062841188776,69803,457,842,28901,
326.1247030222548,69803,457,841,28902,
326.1417353589244,69803,456,842,28902,
326.1471191774729,69802,457,842,28902,
326.1499923361574,69802,456,843,28902,
326.15445837893765,69802,456,842,28903,
326.1564295434202,69802,456,841,28904,
326.15687824460565,69802,456,840,28905,
326.16059611243026,69802,455,841,28905,
326.1621712621209,69801,456,841,28905,
326.1645488162095,69801,456,840,28906,
326.16675100138457,69801,455,841,28906,
326.17856158728495,69801,454,842,28906,
326.1907131279456,69800,455,842,28906,
326.1991117546691,69800,455,841,28907,
326.20026934064555,69800,454,842,28907,
326.20118664377424,69800,453,843,28907,
326.2050963197946,69800,453,842,28908,
326.2113662823158,69799,454,842,28908,
326.2162072101546,69798,455,842,28908,
326.2162660576935,69798,455,841,28909,
326.21700520714427,69797,456,841,28909,
326.2182953759134,69796,457,841,28909,
326.226777008858,69795,458,841,28909,
326.2276120209157,69795,458,840,28910,
326.23248484625447,69795,458,839,28911,
326.23258655781683,69794,459,839,28911,
326.2386087026035,69794,458,840,28911,
326.24445425877127,69794,457,841,28911,
326.24920164697085,69794,456,842,28911,
326.2508300427261,69793,457,842,28911,
326.25085675351505,69793,457,841,28912,
326.2561383691572,69793,457,840,28913,
326.25850706474944,69793,456,841,28913,
326.2637575978265,69792,457,841,28913,
326.27359598580114,69792,457,840,28914,
326.2749791992623,69791,458,840,28914,
326.2750709499325,69791,458,839,28915,
326.28061653603527,69791,458,838,28916,
326.28243240911917,69790,459,838,28916,
326.28635699828413,69790,458,839,28916,
326.28960580321495,69790,458,838,28917,
326.2991091520648,69789,459,838,28917,
326.30479978385347,69789,459,837,28918,
326.30570497780616,69789,458,838,28918,
326.3099192507976,69788,459,838,28918,
326.3114724468927,69788,459,837,28919,
326.3191515080027,69787,460,837,28919,
326.32028123219254,69787,459,838,28919,
326.32302260325673,69786,460,838,28919,
326.33106393832827,69786,460,837,28920,
326.33149286376533,69786,460,836,28921,
326.33486417252567,69785,461,836,28921,
326.3367644631108,69784,462,836,28921,
326.3404415144573,69784,462,835,28922,
326.34204458542007,69783,463,835,28922,
326.3425524054935,69783,463,834,28923,
326.34389539661873,69782,464,834,28923,
326.3514714559898,69781,465,834,28923,
326.35173414915124,69780,466,834,28923,
326.35215632088625,69780,465,835,28923,
326.3559014239586,69780,464,836,28923,
326.35702796460447,69780,464,835,28924,
326.36271405311885,69780,464,834,28925,
326.3637335369355,69779,465,834,28925,
326.368796932298,69778,466,834,28925,
326.3714624562488,69778,465,835,28925,
326.3743088960139,69778,465,834,28926,
326.3767640624075,69778,465,833,28927,
326.3815236306526,69778,464,834,28927,
326.3815485553645,69777,465,834,28927,
326.3823403422352,69777,464,835,28927,
326.3863166001027,69777,464,834,28928,
326.38887739786446,69776,465,834,28928,
326.3906377645225,69775,466,834,28928,
326.39129049217007,69775,466,833,28929,
326.39489323025214,69775,466,832,28930,
326.4012209529149,69775,465,833,28930,
326.4022523827987,69775,465,832,28931,
326.4040547485345,69775,464,833,28931,
326.40552951183366,69775,464,832,28932,
326.40642807321785,69775,464,831,28933,
326.40686022413746,69774,465,831,28933,
326.4117439304389,69774,464,832,28933,
326.4237232748235,69773,465,832,28933,
326.42373129127355,69773,464,833,28933,
326.4251132446039,69773,464,832,28934,
326.4263943519143,69773,463,833,28934,
326.4297729706531,69772,464,833,28934,
326.4330154991111,69772,464,832,28935,
326.43386933288446,69772,463,833,28935,
326.4382304861998,69772,462,834,28935,
326.44631940362257,69772,462,833,28936,
326.4497590722997,69772,461,834,28936,
326.4516354625329,69772,461,833,28937,
326.4526935766398,69772,461,832,28938,
326.45487236479505,69771,462,832,28938,
326.4710783713995,69771,461,833,28938,
326.4736820120245,69771,461,832,28939,
326.4767352035379,69770,462,832,28939,
326.48226454652274,69770,461,833,28939,
326.48459354146615,69770,461,832,28940,
326.4858821372367,69770,461,831,28941,
326.4875691525831,69770,461,830,28942,
326.48780330616364,69769,462,830,28942,
326.4913337030928,69769,462,829,28943,
326.4922415302781,69769,461,830,28943,
326.4939045490976,69769,460,831,28943,
326.50278230433065,69769,459,832,28943,
326.5045720157137,69769,458,833,28943,
326.5099915903138,69769,458,832,28944,
326.51097704745956,69768,459,832,28944,
326.5133512500177,69768,459,831,28945,
326.5296699821599,69767,460,831,28945,
326.5369327671989,69767,460,830,28946,
326.5401863955395,69766,461,830,28946,
326.5427360520245,69765,462,830,28946,
326.5486915219006,69764,463,830,28946,
326.5558046286057,69763,464,830,28946,
326.556622868615,69763,463,831,28946,
326.5587541341343,69763,463,830,28947,
326.56099654571744,69763,463,829,28948,
326.56540174606135,69763,463,828,28949,
326.57656382582985,69763,462,829,28949,
326.5806245827974,69763,461,830,28949,
326.5835236454121,69763,461,829,28950,
326.5906400643849,69762,462,829,28950,
326.59246046015465,69762,461,830,28950,
326.5932059321935,69761,462,830,28950,
326.59496344581595,69760,463,830,28950,
326.5995795141933,69759,464,830,28950,
326.60375348914397,69758,465,830,28950,
326.6077912477951,69758,465,829,28951,
326.61280368740455,69758,464,830,28951,
326.61549712959004,69757,465,830,28951,
326.61839119090365,69756,466,830,28951,
326.6186150996799,69755,467,830,28951,
326.6269044294966,69755,467,829,28952,
326.6296081850974,69755,466,830,28952,
326.63097852572474,69755,466,829,28953,
326.63261796562034,69755,465,830,28953,
326.63304567146827,69755,464,831,28953,
326.6346782374603,69755,463,832,28953,
326.63907810839004,69754,464,832,28953,
326.6405097290833,69754,463,833,28953,
326.65290986861316,69754,463,832,28954,
326.659800241656,69754,463,831,28955,
326.6606452048774,69754,462,832,28955,
326.6641309492798,69754,461,833,28955,
326.6646381327778,69753,462,833,28955,
326.66523383598656,69753,462,832,28956,
326.6701510216227,69753,462,831,28957,
326.67438744857435,69752,463,831,28957,
326.67732967183974,69752,463,830,28958,
326.6821092646112,69752,462,831,28958,
326.6835357374758,69751,463,831,28958,
326.68905006693086,69751,463,830,28959,
326.6898881895167,69751,462,831,28959,
326.6913982919209,69751,462,830,28960,
326.6920688202681,69751,462,829,28961,
326.6968019326886,69751,462,828,28962,
326.6982845056826,69750,463,828,28962,
326.7023472773255,69750,462,829,28962,
326.7051275704674,69749,463,829,28962,
326.7178889217703,69749,463,828,28963,
326.719739807707,69749,463,827,28964,
326.72207428938503,69749,462,828,28964,
326.7225961483279,69749,462,827,28965,
326.7227888232309,69749,461,828,28965,
326.725617373122,69749,460,829,28965,
326.7352467231158,69749,460,828,28966,
326.7395731457666,69749,459,829,28966,
326.7488732498391,69748,460,829,28966,
326.75425963117954,69747,461,829,28966,
326.756912979933,69747,461,828,28967,
326.75716015100795,69746,462,828,28967,
326.75821103858823,69746,462,827,28968,
326.75955992070976,69746,461,828,28968,
326.7618071308519,69745,462,828,28968,
326.76228396654784,69745,462,827,28969,
326.76496643658885,69745,461,828,28969,
326.765181143164,69744,462,828,28969,
326.76771668932537,69744,462,827,28970,
326.767956356556,69743,463,827,28970,
326.7693509368417,69742,464,827,28970,
326.7701226518554,69742,464,826,28971,
326.771133093973,69742,464,825,28972,
326.78558485748385,69742,464,824,28973,
326.7880783097187,69742,463,825,28973,
326.78998879661253,69742,462,826,28973,
326.790985196144,69742,462,825,28974,
326.79330753953843,69741,463,825,28974,
326.7968483343109,69741,463,824,28975,
326.8029293895257,69741,463,823,28976,
326.8053623033588,69741,462,824,28976,
326.80721170228975,69741,462,823,28977,
326.80851098198735,69741,462,822,28978,
326.8100499222784,69741,462,821,28979,
326.81130092914555,69740,463,821,28979,
326.8115785164372,69739,464,821,28979,
326.83207451337074,69738,465,821,28979,
326.83483420545406,69737,466,821,28979,
326.83623917840515,69737,466,820,28980,
326.83747488450814,69737,466,819,28981,
326.83852889738426,69737,466,818,28982,
326.84167590501033,69737,466,817,28983,
326.84542672913926,69737,465,818,28983,
326.8497169018189,69737,465,817,28984,
326.8506381225197,69737,464,818,28984,
326.8512227168272,69737,464,817,28985,
326.8529843300182,69737,463,818,28985,
326.8592298061038,69736,464,818,28985,
326.86552839530157,69735,465,818,28985,
326.86718657672475,69735,465,817,28986,
326.8683007191236,69735,465,816,28987,
326.8697556030351,69735,465,815,28988,
326.87066029908493,69735,464,816,28988,
326.87270339599894,69734,465,816,28988,
326.8745226694204,69734,464,817,28988,
326.8746923846476,69734,464,816,28989,
326.8753548443273,69734,464,815,28990,
326.8767789438789,69734,464,814,28991,
326.8774542072208,69734,464,813,28992,
326.88239177782754,69734,464,812,28993,
326.88417048043056,69734,464,811,28994,
326.88681865241676,69734,463,812,28994,
326.887388082602,69734,463,811,28995,
326.88908445290826,69733,464,811,28995,
326.89147406699743,69733,464,810,28996,
326.8923702055349,69733,463,811,28996,
326.89305601302357,69732,464,811,28996,
326.89510933687114,69732,464,810,28997,
326.89712197189715,69732,463,811,28997,
326.8992756227023,69731,464,811,28997,
326.90074952964363,69730,465,811,28997,
326.90948614497745,69730,464,812,28997,
326.9153326317124,69730,464,811,28998,
326.92619259860265,69730,464,810,28999,
326.92683622316713,69730,463,811,28999,
326.9341607857312,69730,463,810,29000,
326.93992016634394,69730,462,811,29000,
326.9425119802809,69729,463,811,29000,
326.9439251600939,69729,463,810,29001,
326.96082789789074,69729,463,809,29002,
326.96121052871405,69729,462,810,29002,
326.96572003803954,69729,461,811,29002,
326.9689663634722,69729,461,810,29003,
326.9981789746173,69729,461,809,29004,
327.0030063270002,69729,460,810,29004,
327.0084582610524,69729,460,809,29005,
327.00880956723887,69729,460,808,29006,
327.0102145455884,69729,460,807,29007,
327.0118730302752,69728,461,807,29007,
327.0300770049305,69727,462,807,29007,
327.0340518084129,69726,463,807,29007,
327.0375785029763,69726,462,808,29007,
327.04054065923265,69725,463,808,29007,
327.04209273593324,69724,464,808,29007,
327.0425411111954,69724,463,809,29007,
327.04499753355867,69724,463,808,29008,
327.0482476872871,69724,462,809,29008,
327.04990416769436,69724,461,810,29008,
327.052283559559,69724,461,809,29009,
327.0615346211123,69724,460,810,29009,
327.0651800050095,69723,461,810,29009,
327.06650132887876,69723,461,809,29010,
327.072736748156,69723,460,810,29010,
327.07863849130587,69723,459,811,29010,
327.07886605398335,69723,458,812,29010,
327.0797667444787,69722,459,812,29010,
327.0802302564523,69722,458,813,29010,
327.0819513533921,69722,458,812,29011,
327.0880011601662,69721,459,812,29011,
327.08855951284187,69720,460,812,29011,
327.09468770390856,69720,460,811,29012,
327.1000443194199,69720,460,810,29013,
327.10638638787157,69720,460,809,29014,
327.1111383056149,69720,459,810,29014,
327.1133626275785,69719,460,810,29014,
327.1138045176965,69719,459,811,29014,
327.1151906998783,69718,460,811,29014,
327.12062638383657,69717,461,811,29014,
327.1208005154274,69717,461,810,29015,
327.1226667132419,69717,461,809,29016,
327.143530802332,69717,461,808,29017,
327.14752481380003,69717,460,809,29017,
327.1499412438021,69717,459,810,29017,
327.15277271489305,69717,459,809,29018,
327.1535275122421,69717,459,808,29019,
327.1560059504199,69717,458,809,29019,
327.1631172136548,69717,458,808,29020,
327.1725794019824,69717,457,809,29020,
327.1735455599517,69717,457,808,29021,
327.1780968758392,69717,456,809,29021,
327.17937437330784,69717,456,808,29022,
327.1898042984567,69717,456,807,29023,
327.19253992999165,69716,457,807,29023,
327.1991849514874,69715,458,807,29023,
327.19968642526044,69715,457,808,29023,
327.202339308938,69715,457,807,29024,
327.2070096221067,69715,457,806,29025,
327.2158081228666,69714,458,806,29025,
327.2158535015137,69714,458,805,29026,
327.21602127443595,69714,458,804,29027,
327.22848971351635,69714,458,803,29028,
327.2297002377046,69714,458,802,29029,
327.2338720583018,69714,457,803,29029,
327.23549181717027,69713,458,803,29029,
327.2378859356833,69713,458,802,29030,
327.2399436524167,69712,459,802,29030,
327.2437079193306,69712,458,803,29030,
327.24663110880243,69712,457,804,29030,
327.2492316375559,69711,458,804,29030,
327.25148343658793,69711,457,805,29030,
327.2517251476253,69711,457,804,29031,
327.2596582797772,69711,456,805,29031,
327.2694421897565,69711,456,804,29032,
327.2714876511167,69711,455,805,29032,
327.277818410148,69710,456,805,29032,
327.28017729777605,69709,457,805,29032,
327.2841330409932,69709,457,804,29033,
327.28808507054987,69709,457,803,29034,
327.29675188521327,69708,458,803,29034,
327.2979565475423,69708,458,802,29035,
327.2984762472865,69708,458,801,29036,
327.2997918679223,69707,459,801,29036,
327.30259136610255,69707,459,800,29037,
327.30380162152085,69707,459,799,29038,
327.3094695212774,69707,459,798,29039,
327.3156269515765,69707,459,797,29040,
327.323077913231,69706,460,797,29040,
327.3332580039296,69706,459,798,29040,
327.334293366753,69706,458,799,29040,
327.3428560509013,69705,459,799,29040,
327.345544603159,69705,458,800,29040,
327.3484329594125,69704,459,800,29040,
327.3504735096364,69704,459,799,29041,
327.3574864992559,69704,459,798,29042,
327.37073458743924,69703,460,798,29042,
327.3717134146569,69703,459,799,29042,
327.37181594025685,69703,459,798,29043,
327.37266026190224,69703,459,797,29044,
327.3726920424774,69703,459,796,29045,
327.37283708546005,69703,459,795,29046,
327.37315432037474,69703,458,796,29046,
327.37359773308907,69702,459,796,29046,
327.37390895865684,69702,459,795,29047,
327.37954434076534,69702,458,796,29047,
327.3927886889051,69702,458,795,29048,
327.3992251923894,69702,458,794,29049,
327.4000867839597,69702,457,795,29049,
327.4027331529981,69702,457,794,29050,
327.40311865455215,69702,457,793,29051,
327.4050935105173,69702,457,792,29052,
327.40986421357917,69701,458,792,29052,
327.4114430619609,69700,459,792,29052,
327.4153733930724,69700,459,791,29053,
327.4164596281903,69700,459,790,29054,
327.4176202946844,69700,458,791,29054,
327.4180984490346,69700,458,790,29055,
327.42217949136136,69700,458,789,29056,
327.4341363376548,69699,459,789,29056,
327.4351881185274,69699,459,788,29057,
327.43687425416437,69699,459,787,29058,
327.4374477115709,69699,458,788,29058,
327.4472335623108,69698,459,788,29058,
327.4529269830979,69697,460,788,29058,
327.4583060651679,69696,461,788,29058,
327.4608760932635,69696,460,789,29058,
327.47128338222666,69695,461,789,29058,
327.47247849023904,69695,460,790,29058,
327.47257890225757,69695,460,789,29059,
327.47857760230914,69695,460,788,29060,
327.4814243488083,69694,461,788,29060,
327.4953086738224,69694,460,789,29060,
327.49591852175774,69694,459,790,29060,
327.50395898354077,69694,459,789,29061,
327.5086092274869,69693,460,789,29061,
327.50900828739935,69693,459,790,29061,
327.512722824219,69692,460,790,29061,
327.51414899925135,69691,461,790,29061,
327.5211985993917,69690,462,790,29061,
327.528535610096,69690,461,791,29061,
327.52866126075736,69690,461,790,29062,
327.5296206693746,69690,461,789,29063,
327.53004551868634,69690,461,788,29064,
327.53299942892426,69690,460,789,29064,
327.53659120569876,69690,459,790,29064,
327.5390627819326,69690,458,791,29064,
327.5456568290323,69690,458,790,29065,
327.5475721675587,69689,459,790,29065,
327.5553094180241,69689,459,789,29066,
327.5653799721067,69688,460,789,29066,
327.5704422756946,69687,461,789,29066,
327.5705045925553,69687,460,790,29066,
327.5732231301398,69687,460,789,29067,
327.5800198234038,69687,460,788,29068,
327.5817013811563,69687,459,789,29068,
327.58252649159,69687,458,790,29068,
327.5828146924228,69687,457,791,29068,
327.5829666878096,69687,457,790,29069,
327.59322013468335,69687,457,789,29070,
327.5973038208414,69687,457,788,29071,
327.6017615252721,69687,457,787,29072,
327.60675533640034,69687,457,786,29073,
327.61744888493854,69687,456,787,29073,
327.6195256715577,69687,456,786,29074,
327.6255205192292,69687,455,787,29074,
327.6261034954671,69687,454,788,29074,
327.6289990842882,69686,455,788,29074,
327.6347551254996,69686,455,787,29075,
327.6427603187574,69686,454,788,29075,
327.6447017742464,69685,455,788,29075,
327.6472729189214,69685,454,789,29075,
327.6476195265742,69684,455,789,29075,
327.6571817788643,69684,454,790,29075,
327.65897541142925,69684,453,791,29075,
327.6667485904682,69684,453,790,29076,
327.6711291116883,69684,453,789,29077,
327.67466822445357,69684,452,790,29077,
327.68034639055566,69684,451,791,29077,
327.6823158889266,69683,452,791,29077,
327.6849186381411,69683,451,792,29077,
327.6949776530248,69682,452,792,29077,
327.69588138538006,69682,452,791,29078,
327.69610264855356,69682,452,790,29079,
327.70122398559164,69682,452,789,29080,
327.70150580086545,69682,451,790,29080,
327.7021851890071,69682,450,791,29080,
327.7039447815942,69682,449,792,29080,
327.7174197210727,69681,450,792,29080,
327.7303019771844,69681,450,791,29081,
327.73063204823285,69681,449,792,29081,
327.73065933366405,69680,450,792,29081,
327.7312164251739,69680,450,791,29082,
327.7312355917363,69680,449,792,29082,
327.73425206830035,69680,449,791,29083,
327.737292335088,69679,450,791,29083,
327.73740473219743,69679,450,790,29084,
327.7394973137038,69678,451,790,29084,
327.74889706119967,69678,451,789,29085,
327.7535389128039,69678,450,790,29085,
327.75414107444976,69678,449,791,29085,
327.7576188038156,69678,448,792,29085,
327.75898976980056,69678,448,791,29086,
327.76116881068367,69678,448,790,29087,
327.77247970283616,69678,447,791,29087,
327.7773897334797,69677,448,791,29087,
327.78508825383017,69677,448,790,29088,
327.79865903193615,69676,449,790,29088,
327.7990130769117,69676,449,789,29089,
327.7990786913002,69676,449,788,29090,
327.8061717460902,69676,448,789,29090,
327.80954108952426,69676,448,788,29091,
327.81059784274527,69676,447,789,29091,
327.8107916362968,69675,448,789,29091,
327.8163545444788,69675,448,788,29092,
327.8175156231733,69675,448,787,29093,
327.8201989726246,69675,447,788,29093,
327.8260959201432,69675,447,787,29094,
327.8288790535495,69674,448,787,29094,
327.843679503037,69674,447,788,29094,
327.84517681836616,69673,448,788,29094,
327.84666793984275,69672,449,788,29094,
327.8544219898187,69671,450,788,29094,
327.8563762335341,69671,450,787,29095,
327.8712888262922,69670,451,787,29095,
327.8735618251292,69670,450,788,29095,
327.87518196803967,69670,450,787,29096,
327.88025247687716,69670,449,788,29096,
327.8802784851913,69670,448,789,29096,
327.88327809069625,69670,447,790,29096,
327.89132508618485,69669,448,790,29096,
327.8919627413985,69669,447,791,29096,
327.8951021502165,69669,446,792,29096,
327.905047780017,69669,445,793,29096,
327.9075912248575,69669,445,792,29097,
327.90847920478035,69669,445,791,29098,
327.91201845157707,69668,446,791,29098,
327.9239503744356,69667,447,791,29098,
327.9315018091844,69667,447,790,29099,
327.9345964591885,69667,446,791,29099,
327.9372470150541,69667,445,792,29099,
327.93768185036737,69666,446,792,29099,
327.9413046686385,69665,447,792,29099,
327.94994848925336,69665,447,791,29100,
327.95579811929997,69665,446,792,29100,
327.963356358297,69664,447,792,29100,
327.96493782754135,69664,446,793,29100,
327.96731504933564,69664,445,794,29100,
327.96934476256627,69664,445,793,29101,
327.9778178212564,69664,445,792,29102,
327.9795256401234,69664,444,793,29102,
327.9844648134622,69663,445,793,29102,
327.9852646631094,69662,446,793,29102,
327.9861700966482,69661,447,793,29102,
327.9865138412588,69661,447,792,29103,
327.9879201593636,69661,446,793,29103,
327.99603255754926,69661,445,794,29103,
327.9970203544792,69661,444,795,29103,
327.99873791111077,69661,443,796,29103,
328.010871839825,69661,442,797,29103,
328.0189882817789,69660,443,797,29103,
328.021881626821,69660,443,796,29104,
328.0223481285797,69660,442,797,29104,
328.0304653631113,69659,443,797,29104,
328.0324947014526,69659,443,796,29105,
328.04341218381194,69659,443,795,29106,
328.0435652443017,69658,444,795,29106,
328.0488450956722,69658,443,796,29106,
328.0507836945188,69657,444,796,29106,
328.05108275244396,69656,445,796,29106,
328.055334855753,69656,444,797,29106,
328.0560784975896,69656,444,796,29107,
328.0576817854777,69655,445,796,29107,
328.0608703530661,69655,444,797,29107,
328.0650250281535,69655,444,796,29108,
328.0731345718702,69654,445,796,29108,
328.0753566397438,69654,445,795,29109,
328.07958763989154,69653,446,795,29109,
328.0893299357992,69653,446,794,29110,
328.0910221152659,69652,447,794,29110,
328.0971530645752,69651,448,794,29110,
328.1054674431116,69651,447,795,29110,
328.1115019249114,69651,447,794,29111,
328.1145118228759,69650,448,794,29111,
328.1206603275189,69649,449,794,29111,
328.12550335399385,69649,448,795,29111,
328.1303871392021,69648,449,795,29111,
328.1307539415807,69648,449,794,29112,
328.1317759663366,69648,449,793,29113,
328.13396175344604,69648,448,794,29113,
328.13672384381437,69648,448,793,29114,
328.14436859096094,69648,448,792,29115,
328.1550865961029,69648,447,793,29115,
328.1614506741314,69648,447,792,29116,
328.16573131658265,69648,446,793,29116,
328.1747854247145,69648,446,792,29117,
328.1788964011305,69648,446,791,29118,
328.1884583275904,69648,446,790,29119,
328.19401203964156,69648,446,789,29120,
328.19410424433954,69647,447,789,29120,
328.19721630077083,69647,447,788,29121,
328.19842802413245,69646,448,788,29121,
328.20061885171583,69646,447,789,29121,
328.20458548314264,69645,448,789,29121,
328.2079233525414,69645,447,790,29121,
328.20884993471606,69645,447,789,29122,
328.20899318727317,69644,448,789,29122,
328.2092553375316,69644,447,790,29122,
328.21908900991076,69644,447,789,29123,
328.2206877618463,69644,447,788,29124,
328.2222939139498,69644,446,789,29124,
328.22879085987313,69644,445,790,29124,
328.236661374314,69644,445,789,29125,
328.2373098259054,69644,444,790,29125,
328.2385479970135,69644,444,789,29126,
328.24099298588754,69644,443,790,29126,
328.2431850366536,69644,443,789,29127,
328.2491514795786,69644,443,788,29128,
328.2593196690137,69644,443,787,29129,
328.2645086840686,69643,444,787,29129,
328.26848396857696,69642,445,787,29129,
328.2707241188194,69642,444,788,29129,
328.2718641884911,69641,445,788,29129,
328.2744490210248,69640,446,788,29129,
328.2773119504055,69640,445,789,29129,
328.28873855743944,69640,445,788,29130,
328.2902102142301,69639,446,788,29130,
328.29650745335505,69638,447,788,29130,
328.30023079166085,69638,447,787,29131,
328.30507433396264,69638,447,786,29132,
328.3061430761159,69637,448,786,29132,
328.3073525369207,69637,447,787,29132,
328.31416193349247,69636,448,787,29132,
328.32724793257825,69636,447,788,29132,
328.3300332495854,69636,446,789,29132,
328.3318048181616,69636,446,788,29133,
328.33212208409026,69636,446,787,29134,
328.33390098984705,69636,446,786,29135,
328.3394986186657,69635,447,786,29135,
328.3410302278696,69634,448,786,29135,
328.3526868622813,69634,447,787,29135,
328.3589550211609,69633,448,787,29135,
328.36039198039515,69632,449,787,29135,
328.3684434975908,69632,449,786,29136,
328.3686484203267,69632,448,787,29136,
328.3721042178478,69632,447,788,29136,
328.37702669664384,69632,447,787,29137,
328.38222236745054,69632,447,786,29138,
328.39016146924587,69631,448,786,29138,
328.39565249700405,69631,448,785,29139,
328.4007796435285,69631,448,784,29140,
328.4028724513882,69631,448,783,29141,
328.4052690971671,69631,448,782,29142,
328.4064122675947,69631,447,783,29142,
328.41504115267907,69631,447,782,29143,
328.41543659813686,69631,446,783,29143,
328.4232788100829,69631,445,784,29143,
328.4250699628857,69630,446,784,29143,
328.42932136837175,69629,447,784,29143,
328.43568474399734,69629,447,783,29144,
328.4424070495182,69629,447,782,29145,
328.4567665191612,69629,447,781,29146,
328.4567665191612,69629,447,781,29146,
328.46509211362473,69629,446,782,29146,
328.46809163141165,69628,447,782,29146,
328.4692502048244,69627,448,782,29146,
328.47080591890654,69626,449,782,29146,
328.4724259362373,69626,448,783,29146,
328.47243985143,69625,449,783,29146,
328.4769962815975,69625,448,784,29146,
328.4779516040348,69624,449,784,29146,
328.4805547278166,69624,449,783,29147,
328.48294186302735,69623,450,783,29147,
328.4882235936348,69623,450,782,29148,
328.49355778432124,69623,450,781,29149,
328.50026014006676,69623,450,780,29150,
328.5055459120475,69623,449,781,29150,
328.50603591899284,69622,450,781,29150,
328.50957969581566,69622,449,782,29150,
328.5166735606786,69622,449,781,29151,
328.52314503766496,69622,449,780,29152,
328.5247433238049,69622,449,779,29153,
328.52798375378654,69622,448,780,29153,
328.5308314398975,69622,448,779,29154,
328.5322717898032,69622,447,780,29154,
328.53471639046757,69621,448,780,29154,
328.54025579541826,69621,447,781,29154,
328.54431535069796,69621,447,780,29155,
328.54910393728807,69620,448,780,29155,
328.54915260320877,69620,448,779,29156,
328.549629477094,69619,449,779,29156,
328.55125420229314,69618,450,779,29156,
328.5542663229163,69618,450,778,29157,
328.5655020446557,69618,449,779,29157,
328.573327122848,69618,448,780,29157,
328.5791159520287,69618,447,781,29157,
328.5818227742221,69617,448,781,29157,
328.5835715471432,69616,449,781,29157,
328.5839358599387,69616,449,780,29158,
328.58499490659005,69616,449,779,29159,
328.5924693159226,69615,450,779,29159,
328.59351341527633,69615,449,780,29159,
328.595733495577,69615,449,779,29160,
328.5979655819295,69615,448,780,29160,
328.5997794223478,69615,448,779,29161,
328.599857186726,69614,449,779,29161,
328.60083610901887,69613,450,779,29161,
328.60165399839906,69612,451,779,29161,
328.605423917787,69612,451,778,29162,
328.61290335851066,69612,450,779,29162,
328.61296940881766,69612,450,778,29163,
328.61536562644545,69612,450,777,29164,
328.62115537968907,69612,450,776,29165,
328.62116663103666,69611,451,776,29165,
328.62618628229956,69611,450,777,29165,
328.6319765979789,69611,450,776,29166,
328.6376846070897,69610,451,776,29166,
328.6403631451234,69610,450,777,29166,
328.64618983884475,69610,450,776,29167,
328.6462491002513,69610,450,775,29168,
328.6470334110635,69610,450,774,29169,
328.6473485649377,69609,451,774,29169,
328.6488293958787,69609,451,773,29170,
328.6509602253709,69608,452,773,29170,
328.6525384668834,69608,451,774,29170,
328.65538137089004,69608,450,775,29170,
328.65808084263375,69608,450,774,29171,
328.6606431735098,69608,450,773,29172,
328.6652814390183,69607,451,773,29172,
328.6721130499398,69606,452,773,29172,
328.6737712890662,69606,451,774,29172,
328.67519261644475,69606,450,775,29172,
328.683725704286,69606,449,776,29172,
328.68672934165454,69606,449,775,29173,
328.686836379898,69606,448,776,29173,
328.69043181972216,69605,449,776,29173,
328.6942323516659,69605,449,775,29174,
328.69821338095335,69605,449,774,29175,
328.7140075347185,69605,448,775,29175,
328.72236314470575,69605,447,776,29175,
328.7232837238623,69605,446,777,29175,
328.72670472420737,69605,445,778,29175,
328.72749257869657,69604,446,778,29175,
328.7292010436595,69604,446,777,29176,
328.72952858937555,69604,446,776,29177,
328.7300189720609,69604,446,775,29178,
328.73454140405335,69604,446,774,29179,
328.7449819812911,69604,446,773,29180,
328.7586749972913,69604,445,774,29180,
328.76197069822035,69604,444,775,29180,
328.7630292706414,69603,445,775,29180,
328.7751007310687,69602,446,775,29180,
328.7755385343903,69602,446,774,29181,
328.77762961827216,69602,445,775,29181,
328.77848557431736,69601,446,775,29181,
328.78800427397096,69601,445,776,29181,
328.7911208614852,69601,445,775,29182,
328.79497359185115,69601,445,774,29183,
328.7963170904862,69601,444,775,29183,
328.8042330310473,69601,443,776,29183,
328.80423696508154,69601,442,777,29183,
328.80455838416486,69600,443,777,29183,
328.80641233542735,69600,442,778,29183,
328.80765936461114,69599,443,778,29183,
328.81199981271646,69599,443,777,29184,
328.82268075111847,69599,442,778,29184,
328.8227606407372,69599,441,779,29184,
328.82517040554785,69599,440,780,29184,
328.8280462456281,69598,441,780,29184,
328.83577465420626,69597,442,780,29184,
328.8381311530304,69596,443,780,29184,
328.8428484747519,69596,442,781,29184,
328.8433070104986,69596,441,782,29184,
328.84381249585033,69595,442,782,29184,
328.84413363367514,69595,442,781,29185,
328.84487161670006,69595,442,780,29186,
328.8471943225538,69595,442,779,29187,
328.85463973726814,69595,442,778,29188,
328.8603882415809,69595,442,777,29189,
328.86267646787087,69595,441,778,29189,
328.86933250334533,69594,442,778,29189,
328.8738289412088,69594,441,779,29189,
328.877033322638,69594,441,778,29190,
328.8903241939345,69594,441,777,29191,
328.9056364505702,69594,441,776,29192,
328.9117205178715,69594,440,777,29192,
328.91964724335253,69594,440,776,29193,
328.9294364848688,69594,440,775,29194,
328.9304534873717,69593,441,775,29194,
328.9316418381239,69593,441,774,29195,
328.9317840604437,69593,440,775,29195,
328.93906717078204,69592,441,775,29195,
328.9396129975893,69592,440,776,29195,
328.9445560222135,69591,441,776,29195,
328.94507036017256,69590,442,776,29195,
328.95009285014305,69590,442,775,29196,
328.95426628179456,69589,443,775,29196,
328.9615984927722,69589,443,774,29197,
328.96233270539136,69589,443,773,29198,
328.9628717480231,69588,444,773,29198,
328.964972925875,69588,443,774,29198,
328.9680676793195,69588,443,773,29199,
328.9711323484873,69588,442,774,29199,
328.9716418303951,69587,443,774,29199,
328.97164352406963,69586,444,774,29199,
328.9738497569129,69586,443,775,29199,
328.9760779511263,69586,442,776,29199,
328.9821808702046,69586,441,777,29199,
328.989239938303,69586,440,778,29199,
328.9914257043054,69586,439,779,29199,
328.99395868744574,69586,439,778,29200,
328.99938400229814,69586,438,779,29200,
329.0013458239097,69585,439,779,29200,
329.00171564090607,69585,439,778,29201,
329.0022944871439,69585,438,779,29201,
329.00568604196974,69584,439,779,29201,
329.008624183954,69583,440,779,29201,
329.008840009405,69583,439,780,29201,
329.0119894283895,69582,440,780,29201,
329.01336972181883,69582,439,781,29201,
329.01355159828734,69581,440,781,29201,
329.0211942938415,69581,439,782,29201,
329.0254335578084,69580,440,782,29201,
329.0278195487372,69580,439,783,29201,
329.03381689713024,69580,438,784,29201,
329.03761743349696,69580,438,783,29202,
329.04223038079465,69580,437,784,29202,
329.0437135872446,69579,438,784,29202,
329.05143563902186,69579,437,785,29202,
329.051480287913,69579,436,786,29202,
329.06269870853856,69579,435,787,29202,
329.0631345572231,69579,434,788,29202,
329.06554522154136,69579,433,789,29202,
329.0665227739538,69579,432,790,29202,
329.07339826337943,69579,431,791,29202,
329.07525706572926,69579,431,790,29203,
329.07631835710373,69579,431,789,29204,
329.0867491370712,69579,431,788,29205,
329.08729472386403,69579,431,787,29206,
329.0892833126963,69579,431,786,29207,
329.09595419774996,69579,431,785,29208,
329.0967580197623,69579,430,786,29208,
329.10627462194515,69579,429,787,29208,
329.1069034142446,69579,429,786,29209,
329.1078267909682,69579,429,785,29210,
329.1114239541325,69579,429,784,29211,
329.11255094772827,69579,428,785,29211,
329.11408671694136,69579,427,786,29211,
329.1207878703662,69579,426,787,29211,
329.1239105537676,69579,425,788,29211,
329.12422118072334,69579,425,787,29212,
329.1265093105965,69579,425,786,29213,
329.1287099321144,69578,426,786,29213,
329.13289674711604,69578,426,785,29214,
329.1347664351867,69577,427,785,29214,
329.1357435797602,69577,427,784,29215,
329.14320013832395,69577,426,785,29215,
329.148132389903,69577,426,784,29216,
329.14906611330116,69576,427,784,29216,
329.1561931989207,69576,426,785,29216,
329.16197200612174,69575,427,785,29216,
329.1647696032597,69575,426,786,29216,
329.1655824363429,69575,425,787,29216,
329.1692442712425,69575,425,786,29217,
329.1758227612667,69575,425,785,29218,
329.1761239272212,69575,424,786,29218,
329.17646452331155,69574,425,786,29218,
329.18297996414464,69573,426,786,29218,
329.1848225214057,69573,425,787,29218,
329.19684030512127,69573,425,786,29219,
329.19762371357024,69573,425,785,29220,
329.19817712710676,69573,425,784,29221,
329.20023765754064,69573,425,783,29222,
329.2014545682763,69573,424,784,29222,
329.20272021706006,69573,423,785,29222,
329.20624687449725,69572,424,785,29222,
329.20766974634404,69571,425,785,29222,
329.2091931110625,69571,424,786,29222,
329.2124838157938,69571,423,787,29222,
329.2165598928883,69571,423,786,29223,
329.217812348105,69571,422,787,29223,
329.22420345894074,69571,422,786,29224,
329.22876864880567,69571,422,785,29225,
329.23060159186355,69571,421,786,29225,
329.2319204708934,69571,420,787,29225,
329.2376355989407,69570,421,787,29225,
329.23807686493416,69570,421,786,29226,
329.2404495518207,69570,420,787,29226,
329.25201224835644,69569,421,787,29226,
329.25828669004693,69568,422,787,29226,
329.25916702758025,69567,423,787,29226,
329.2614814746742,69567,423,786,29227,
329.26258531161545,69566,424,786,29227,
329.26373384210353,69566,423,787,29227,
329.2733933237356,69566,422,788,29227,
329.2756638440737,69566,421,789,29227,
329.2760845173196,69565,422,789,29227,
329.27747755233065,69564,423,789,29227,
329.27980656817033,69564,423,788,29228,
329.28505079981187,69564,423,787,29229,
329.2916144524561,69564,423,786,29230,
329.294403457269,69564,422,787,29230,
329.2944136967997,69564,421,788,29230,
329.2973092346323,69564,420,789,29230,
329.30400905247745,69563,421,789,29230,
329.3138685476083,69563,420,790,29230,
329.31418879990923,69563,420,789,29231,
329.3143560543348,69563,420,788,29232,
329.3220059909132,69563,419,789,29232,
329.32301196974544,69563,418,790,29232,
329.3298743747522,69563,417,791,29232,
329.3377004766218,69562,418,791,29232,
329.3389513704896,69562,418,790,29233,
329.3393412399425,69562,418,789,29234,
329.3413785481958,69561,419,789,29234,
329.3425516976418,69561,419,788,29235,
329.34443557414994,69561,419,787,29236,
329.35168164268055,69561,419,786,29237,
329.35255139012884,69560,420,786,29237,
329.3527090545905,69559,421,786,29237,
329.36206154395524,69559,420,787,29237,
329.3641813335845,69559,420,786,29238,
329.36549776374005,69559,419,787,29238,
329.3668405007726,69558,420,787,29238,
329.3677653876854,69558,419,788,29238,
329.3680568452459,69558,419,787,29239,
329.37209106121344,69558,419,786,29240,
329.3724513731087,69557,420,786,29240,
329.37810235108685,69557,419,787,29240,
329.3895700144063,69556,420,787,29240,
329.398004696796,69555,421,787,29240,
329.399096740671,69555,421,786,29241,
329.41152458822336,69555,421,785,29242,
329.4197006491825,69555,421,784,29243,
329.42625025155286,69555,421,783,29244,
329.427559466934,69555,421,782,29245,
329.4278433885578,69554,422,782,29245,
329.447705095273,69554,422,781,29246,
329.45268145622543,69554,421,782,29246,
329.4604293086515,69554,420,783,29246,
329.46227297631265,69553,421,783,29246,
329.46243186541153,69553,420,784,29246,
329.46621607642084,69552,421,784,29246,
329.46857256999596,69552,421,783,29247,
329.4718611825586,69552,420,784,29247,
329.4730255345736,69551,421,784,29247,
329.4730334487881,69551,421,783,29248,
329.473108588994,69550,422,783,29248,
329.4736611461038,69549,423,783,29248,
329.4798897954814,69549,423,782,29249,
329.48686643339806,69549,422,783,29249,
329.4976408050599,69549,422,782,29250,
329.4978259147948,69549,421,783,29250,
329.49911367778117,69549,421,782,29251,
329.5028040119932,69549,420,783,29251,
329.51817664242066,69549,419,784,29251,
329.5184367826089,69549,418,785,29251,
329.5191884378654,69549,417,786,29251,
329.52314775930887,69549,417,785,29252,
329.53028409003343,69548,418,785,29252,
329.5331802389509,69547,419,785,29252,
329.5453907424403,69547,418,786,29252,
329.5501591278637,69546,419,786,29252,
329.5552414972966,69545,420,786,29252,
329.5559967570018,69544,421,786,29252,
329.5613950811317,69544,420,787,29252,
329.5614245451615,69543,421,787,29252,
329.5697492825817,69543,421,786,29253,
329.5847878406584,69542,422,786,29253,
329.58919951675614,69541,423,786,29253,
329.5932156372294,69540,424,786,29253,
329.5969144010135,69539,425,786,29253,
329.6022188037245,69539,425,785,29254,
329.6024739873176,69539,425,784,29255,
329.607272474956,69539,425,783,29256,
329.61561999036417,69539,425,782,29257,
329.6178930991782,69539,424,783,29257,
329.6179920483744,69538,425,783,29257,
329.61829774124976,69538,424,784,29257,
329.6186834210058,69537,425,784,29257,
329.61961459545944,69537,425,783,29258,
329.6219782767218,69537,425,782,29259,
329.62203516736116,69537,424,783,29259,
329.6263083723992,69537,424,782,29260,
329.64092352092405,69537,424,781,29261,
329.64232928809594,69536,425,781,29261,
329.64716826501945,69536,424,782,29261,
329.6480507329571,69536,423,783,29261,
329.65336333052727,69535,424,783,29261,
329.6535162025359,69534,425,783,29261,
329.6553199025913,69534,425,782,29262,
329.65534537945854,69533,426,782,29262,
329.6554119913895,69532,427,782,29262,
329.655768759588,69532,427,781,29263,
329.65887912317663,69532,427,780,29264,
329.66079467646597,69532,427,779,29265,
329.66369933411573,69531,428,779,29265,
329.664699213591,69531,427,780,29265,
329.6656778270668,69531,427,779,29266,
329.66772528992334,69531,426,780,29266,
329.6772723155135,69531,425,781,29266,
329.6815907144879,69531,425,780,29267,
329.6841755299198,69531,424,781,29267,
329.6871533718918,69531,424,780,29268,
329.6886574044967,69531,424,779,29269,
329.68959747988714,69531,423,780,29269,
329.6963148565996,69530,424,780,29269,
329.697168918583,69529,425,780,29269,
329.7009309290925,69529,424,781,29269,
329.70149890874967,69529,424,780,29270,
329.7066725595918,69529,423,781,29270,
329.70867672742,69529,422,782,29270,
329.70917569365224,69528,423,782,29270,
329.7137869349871,69528,423,781,29271,
329.7175203943833,69527,424,781,29271,
329.71758428158427,69527,424,780,29272,
329.7270820455008,69527,424,779,29273,
329.73749963402526,69527,424,778,29274,
329.74105146973454,69527,423,779,29274,
329.74128531737097,69527,422,780,29274,
329.7437121618073,69527,422,779,29275,
329.74538356048186,69527,422,778,29276,
329.74728728464413,69527,421,779,29276,
329.7487158049193,69526,422,779,29276,
329.752620947741,69525,423,779,29276,
329.75446457655033,69525,423,778,29277,
329.76213694367067,69525,422,779,29277,
329.7636524782647,69525,422,778,29278,
329.7665011920919,69525,422,777,29279,
329.7669660066381,69525,422,776,29280,
329.77411285190817,69525,422,775,29281,
329.7749828874957,69525,421,776,29281,
329.77512755218976,69525,421,775,29282,
329.77675576183043,69525,421,774,29283,
329.7797943166691,69525,420,775,29283,
329.784776269551,69525,419,776,29283,
329.79710674345347,69524,420,776,29283,
329.7975838448013,69523,421,776,29283,
329.8025458528462,69523,421,775,29284,
329.8044637343277,69523,421,774,29285,
329.81107870705154,69523,421,773,29286,
329.81258725498367,69523,421,772,29287,
329.81367633898,69523,421,771,29288,
329.8155043534864,69523,421,770,29289,
329.8227484755628,69523,420,771,29289,
329.8253441406934,69523,420,770,29290,
329.83529716415933,69522,421,770,29290,
329.8458980616602,69522,421,769,29291,
329.8517567741687,69522,420,770,29291,
329.8557670990452,69522,420,769,29292,
329.85739510158066,69522,419,770,29292,
329.8687377714685,69521,420,770,29292,
329.86981259333993,69520,421,770,29292,
329.8716691419589,69520,420,771,29292,
329.87734198079175,69519,421,771,29292,
329.87973315959806,69519,420,772,29292,
329.88020164744944,69518,421,772,29292,
329.88574648978323,69518,420,773,29292,
329.89511494084155,69518,419,774,29292,
329.89914754332807,69518,419,773,29293,
329.90192351264386,69518,418,774,29293,
329.9086579087658,69518,418,773,29294,
329.9164413612273,69517,419,773,29294,
329.91830650127184,69516,420,773,29294,
329.9221052319159,69516,419,774,29294,
329.93118528220185,69516,419,773,29295,
329.93179049456097,69516,418,774,29295,
329.93346627817004,69516,418,773,29296,
329.93389306690625,69516,417,774,29296,
329.9457048386854,69516,417,773,29297,
329.94960394271516,69515,418,773,29297,
329.9594445368825,69515,418,772,29298,
329.9689504760361,69515,418,771,29299,
329.9721567381819,69515,417,772,29299,
329.9778772555813,69515,416,773,29299,
329.983507871779,69515,416,772,29300,
329.98609642015873,69515,415,773,29300,
329.9914297263211,69515,414,774,29300,
329.9933429013244,69515,414,773,29301,
329.9975150658401,69514,415,773,29301,
329.9977856694021,69513,416,773,29301,
330.0022136106303,69513,415,774,29301,
330.0081384805213,69513,415,773,29302,
330.0083177544574,69513,414,774,29302,
330.0117639169819,69513,414,773,29303,
330.020483920912,69513,413,774,29303,
330.0294477995392,69512,414,774,29303,
330.0307302183685,69512,414,773,29304,
330.032395238179,69511,415,773,29304,
330.0412896117349,69511,415,772,29305,
330.0430414830497,69510,416,772,29305,
330.04399693028984,69510,416,771,29306,
330.04637097332517,69510,415,772,29306,
330.04930951907966,69510,414,773,29306,
330.0585776731148,69510,413,774,29306,
330.06129159785837,69510,412,775,29306,
330.06211550309854,69509,413,775,29306,
330.06254065202944,69509,413,774,29307,
330.0634486518504,69509,412,775,29307,
330.0634588383187,69509,412,774,29308,
330.0705879370972,69509,412,773,29309,
330.0731401784456,69509,411,774,29309,
330.08624497774133,69509,411,773,29310,
330.0891502401395,69508,412,773,29310,
330.09271718410855,69508,412,772,29311,
330.0950434509302,69508,412,771,29312,
330.0974566198788,69507,413,771,29312,
330.1076856678038,69506,414,771,29312,
330.1116723335082,69506,414,770,29313,
330.11491564354003,69506,413,771,29313,
330.1176830981569,69506,413,770,29314,
330.1203386226057,69506,413,769,29315,
330.121782278095,69506,413,768,29316,
330.1219893013957,69505,414,768,29316,
330.1290159020981,69505,413,769,29316,
330.1372703269411,69505,413,768,29317,
330.14632864489477,69505,412,769,29317,
330.14870644807024,69505,412,768,29318,
330.1508064096065,69505,412,767,29319,
330.1540487102434,69505,411,768,29319,
330.1641307746297,69505,410,769,29319,
330.16534375962567,69505,409,770,29319,
330.1676807951927,69505,408,771,29319,
330.17369073739104,69505,408,770,29320,
330.182973280524,69504,409,770,29320,
330.18542748652754,69504,409,769,29321,
330.18681018244814,69504,408,770,29321,
330.1974361763264,69504,408,769,29322,
330.19928728626434,69504,407,770,29322,
330.20106463463003,69504,406,771,29322,
330.2231636408176,69503,407,771,29322,
330.2276893288665,69502,408,771,29322,
330.2289104039866,69502,407,772,29322,
330.23515276708395,69502,406,773,29322,
330.2352648728667,69502,406,772,29323,
330.2352922682415,69501,407,772,29323,
330.23553660481934,69501,407,771,29324,
330.23907582100856,69501,406,772,29324,
330.24087361631047,69500,407,772,29324,
330.2430040874428,69499,408,772,29324,
330.2509565260149,69499,407,773,29324,
330.2551572853864,69499,407,772,29325,
330.2558467204929,69499,406,773,29325,
330.2576712781171,69499,405,774,29325,
330.2612753490592,69499,405,773,29326,
330.26788548757685,69498,406,773,29326,
330.2682383818793,69498,405,774,29326,
330.2717630026356,69498,405,773,29327,
330.2752478573659,69498,404,774,29327,
330.2763351804305,69497,405,774,29327,
330.27699085732337,69496,406,774,29327,
330.2773374898463,69496,405,775,29327,
330.27815710435243,69496,404,776,29327,
330.28047804926075,69495,405,776,29327,
330.28134880585793,69495,404,777,29327,
330.2824006628639,69495,404,776,29328,
330.2853608215451,69495,403,777,29328,
330.2880175388232,69495,403,776,29329,
330.29033770357256,69495,402,777,29329,
330.292969143664,69495,402,776,29330,
330.29557557993104,69494,403,776,29330,
330.29579597164127,69494,403,775,29331,
330.30271459084355,69494,403,774,29332,
330.30873877256863,69494,403,773,29333,
330.31114165045045,69494,402,774,29333,
330.31781359509125,69494,402,773,29334,
330.32849213446804,69493,403,773,29334,
330.3316372471525,69493,403,772,29335,
330.3317186384297,69493,403,771,29336,
330.3337508130275,69492,404,771,29336,
330.3433676469748,69492,403,772,29336,
330.3451185207695,69492,402,773,29336,
330.3495945592405,69492,401,774,29336,
330.35368349311625,69492,401,773,29337,
330.36298278521065,69491,402,773,29337,
330.3632897764868,69491,401,774,29337,
330.3650523580712,69491,401,773,29338,
330.36563969169185,69490,402,773,29338,
330.36609892190216,69489,403,773,29338,
330.36685169123973,69489,403,772,29339,
330.3669389766351,69489,403,771,29340,
330.3805860845599,69489,403,770,29341,
330.3811747195177,69488,404,770,29341,
330.38255188535106,69487,405,770,29341,
330.3828240835752,69487,404,771,29341,
330.3927596421259,69487,404,770,29342,
330.3965171528633,69487,404,769,29343,
330.39771254037015,69486,405,769,29343,
330.4013894294965,69486,405,768,29344,
330.4016856136644,69485,406,768,29344,
330.4041235000762,69485,406,767,29345,
330.4082986145373,69485,405,768,29345,
330.4125224425251,69485,405,767,29346,
330.4126255971724,69485,404,768,29346,
330.4189288613002,69485,404,767,29347,
330.41999584348713,69484,405,767,29347,
330.42264785102884,69484,405,766,29348,
330.4266644492894,69484,404,767,29348,
330.4309074198637,69484,404,766,29349,
330.4330906738117,69484,404,765,29350,
330.4332537798044,69484,404,764,29351,
330.43477775724335,69483,405,764,29351,
330.4366200973792,69483,405,763,29352,
330.43680734317286,69483,405,762,29353,
330.4398671608641,69483,405,761,29354,
330.4438118019431,69482,406,761,29354,
330.44439225658675,69482,405,762,29354,
330.4576115877275,69482,404,763,29354,
330.46664986197476,69482,403,764,29354,
330.4725656958184,69482,402,765,29354,
330.47595787720655,69482,401,766,29354,
330.47725658988134,69482,401,765,29355,
330.48421415198425,69481,402,765,29355,
330.4857292925362,69481,401,766,29355,
330.48790374412,69481,401,765,29356,
330.4888404884953,69481,401,764,29357,
330.496655630799,69481,400,765,29357,
330.4988216513276,69481,400,764,29358,
330.49891999140874,69481,400,763,29359,
330.4999903608699,69480,401,763,29359,
330.50660292734216,69480,400,764,29359,
330.50752330139625,69480,400,763,29360,
330.50918836650465,69480,400,762,29361,
330.5098718117792,69480,399,763,29361,
330.51037188613907,69480,399,762,29362,
330.5113472517174,69479,400,762,29362,
330.52332562223336,69479,399,763,29362,
330.52406630055714,69479,399,762,29363,
330.53036569136424,69478,400,762,29363,
330.54669121740096,69478,400,761,29364,
330.55725310661023,69477,401,761,29364,
330.5673575510969,69477,401,760,29365,
330.5715927757114,69477,400,761,29365,
330.5759362890072,69477,399,762,29365,
330.5813876613441,69476,400,762,29365,
330.5895374647558,69476,400,761,29366,
330.5909741007993,69476,400,760,29367,
330.59697857816286,69475,401,760,29367,
330.59750403695097,69475,401,759,29368,
330.60345027278714,69475,401,758,29369,
330.6087257623274,69474,402,758,29369,
330.60961223652384,69474,401,759,29369,
330.61467543484207,69474,400,760,29369,
330.6188921253362,69474,400,759,29370,
330.6299235416572,69473,401,759,29370,
330.63516383890953,69473,401,758,29371,
330.6392016960487,69473,401,757,29372,
330.6393779832096,69472,402,757,29372,
330.64498473181084,69472,401,758,29372,
330.6467671714136,69472,401,757,29373,
330.6499959369543,69471,402,757,29373,
330.6589829468493,69470,403,757,29373,
330.6762536707502,69470,403,756,29374,
330.6776506267507,69470,402,757,29374,
330.6784933500326,69470,402,756,29375,
330.6849329074579,69469,403,756,29375,
330.69228438918645,69468,404,756,29375,
330.69517177386115,69468,403,757,29375,
330.69570090357814,69468,403,756,29376,
330.69998265405934,69468,402,757,29376,
330.70372912773615,69467,403,757,29376,
330.7038585315216,69467,403,756,29377,
330.70670205795955,69466,404,756,29377,
330.71160319090785,69465,405,756,29377,
330.7150328319518,69465,405,755,29378,
330.7170927352371,69465,405,754,29379,
330.7194315168634,69465,404,755,29379,
330.7222536639018,69464,405,755,29379,
330.722723292913,69463,406,755,29379,
330.7244283788864,69463,405,756,29379,
330.7313735535519,69463,405,755,29380,
330.73391572432513,69462,406,755,29380,
330.73433781346233,69461,407,755,29380,
330.7413079779508,69461,406,756,29380,
330.7434610017184,69460,407,756,29380,
330.7440968191847,69460,406,757,29380,
330.7446598684607,69459,407,757,29380,
330.7500368998584,69459,407,756,29381,
330.750563017887,69458,408,756,29381,
330.7506056842699,69458,408,755,29382,
330.75526468998703,69458,408,754,29383,
330.75600992762986,69458,408,753,29384,
330.7618896567011,69458,408,752,29385,
330.76474652726296,69458,407,753,29385,
330.76996902387026,69458,406,754,29385,
330.776077119228,69458,405,755,29385,
330.77909147049513,69458,404,756,29385,
330.7812275349945,69457,405,756,29385,
330.78185714570424,69456,406,756,29385,
330.78286929519624,69455,407,756,29385,
330.7834613331336,69454,408,756,29385,
330.78646681125446,69454,407,757,29385,
330.7903246054259,69453,408,757,29385,
330.7938927291541,69452,409,757,29385,
330.7955177423683,69452,409,756,29386,
330.79717679318634,69452,408,757,29386,
330.79737317061273,69452,407,758,29386,
330.79928475342393,69451,408,758,29386,
330.800194154929,69451,407,759,29386,
330.800252593337,69451,406,760,29386,
330.80197305045334,69451,405,761,29386,
330.80387788372917,69451,405,760,29387,
330.8049342896216,69451,405,759,29388,
330.80653236014075,69451,404,760,29388,
330.81396137573455,69450,405,760,29388,
330.81541564345264,69450,405,759,29389,
330.81700047943286,69450,405,758,29390,
330.81840236358835,69449,406,758,29390,
330.8215096750646,69448,407,758,29390,
330.8271695880092,69448,406,759,29390,
330.82883646576124,69448,405,760,29390,
330.8321481363216,69448,405,759,29391,
330.8438553258527,69448,405,758,29392,
330.84573142595974,69448,405,757,29393,
330.8457526275344,69448,405,756,29394,
330.84761404065586,69447,406,756,29394,
330.85163348753497,69447,406,755,29395,
330.854701933815,69447,405,756,29395,
330.8598871973481,69446,406,756,29395,
330.8636254189237,69445,407,756,29395,
330.8757507759753,69444,408,756,29395,
330.8763062133065,69444,408,755,29396,
330.8824872403882,69443,409,755,29396,
330.882760102129,69443,408,756,29396,
330.89586702764495,69442,409,756,29396,
330.89671396593997,69442,409,755,29397,
330.8971096523522,69441,410,755,29397,
330.8992182414916,69441,410,754,29398,
330.89944541680615,69441,410,753,29399,
330.9031837228235,69441,409,754,29399,
330.90403417124634,69441,408,755,29399,
330.9111284946801,69441,408,754,29400,
330.9133773834755,69441,408,753,29401,
330.92104569030914,69441,407,754,29401,
330.92265090478213,69441,407,753,29402,
330.92465409900933,69441,406,754,29402,
330.93040109206083,69441,406,753,29403,
330.93073463739535,69441,405,754,29403,
330.9307520283803,69441,404,755,29403,
330.93244574484703,69440,405,755,29403,
330.9325262145886,69439,406,755,29403,
330.93349884872276,69439,406,754,29404,
330.939289184567,69439,405,755,29404,
330.9548272983817,69438,406,755,29404,
330.958940740186,69438,406,754,29405,
330.95974422859786,69438,405,755,29405,
330.9606322404088,69438,405,754,29406,
330.97731051152385,69438,404,755,29406,
330.9802829018717,69438,404,754,29407,
330.9874270380101,69438,403,755,29407,
330.98922487203436,69438,402,756,29407,
330.99110172473286,69438,402,755,29408,
330.99383543317737,69437,403,755,29408,
330.99843598000365,69437,403,754,29409,
331.0011535565068,69437,402,755,29409,
331.0028594091343,69437,402,754,29410,
331.00385455395735,69437,402,753,29411,
331.00668037870594,69437,401,754,29411,
331.0127416675027,69437,400,755,29411,
331.0169354482302,69436,401,755,29411,
331.019453295544,69436,400,756,29411,
331.0270100943903,69436,399,757,29411,
331.02960663409254,69436,398,758,29411,
331.03062589199425,69436,398,757,29412,
331.0358640175472,69436,397,758,29412,
331.05066548929545,69436,397,757,29413,
331.0514888402678,69436,397,756,29414,
331.05596493075717,69436,396,757,29414,
331.0560463612993,69436,396,756,29415,
331.0621439590175,69436,395,757,29415,
331.0647867729986,69436,394,758,29415,
331.06596083020645,69435,395,758,29415,
331.06641217239195,69434,396,758,29415,
331.0689362090469,69434,396,757,29416,
331.07857752780194,69434,396,756,29417,
331.08302383220064,69434,395,757,29417,
331.08913494303516,69434,395,756,29418,
331.102043920433,69433,396,756,29418,
331.10871351535576,69432,397,756,29418,
331.11041465782785,69432,397,755,29419,
331.1162494621938,69431,398,755,29419,
331.1181293631866,69431,397,756,29419,
331.12356807889654,69431,397,755,29420,
331.12606564973385,69430,398,755,29420,
331.12914593860324,69430,398,754,29421,
331.13100949908545,69430,398,753,29422,
331.1353772924515,69430,398,752,29423,
331.14161249289725,69430,398,751,29424,
331.14366884212683,69429,399,751,29424,
331.154297793904,69429,398,752,29424,
331.1558039992285,69429,397,753,29424,
331.15906222556356,69429,396,754,29424,
331.16336443938303,69429,396,753,29425,
331.16608664196644,69429,396,752,29426,
331.16769080017593,69429,395,753,29426,
331.17709267133887,69429,394,754,29426,
331.180548992731,69428,395,754,29426,
331.18937184538487,69428,394,755,29426,
331.19272800133916,69428,394,754,29427,
331.20187330868777,69428,393,755,29427,
331.20320554570833,69428,392,756,29427,
331.20613663268506,69427,393,756,29427,
331.20998368605115,69427,393,755,29428,
331.21359577214747,69427,392,756,29428,
331.22031485059784,69427,392,755,29429,
331.2235594421195,69427,391,756,29429,
331.22855504571953,69426,392,756,29429,
331.23708254257707,69425,393,756,29429,
331.23729483250014,69425,393,755,29430,
331.23881452668564,69425,392,756,29430,
331.2416950698738,69424,393,756,29430,
331.24656794315985,69424,392,757,29430,
331.24755917512334,69424,392,756,29431,
331.25107215269327,69424,392,755,29432,
331.25175526685297,69423,393,755,29432,
331.25345966984963,69423,393,754,29433,
331.2554108873782,69423,393,753,29434,
331.25910558250024,69422,394,753,29434,
331.26369960485255,69421,395,753,29434,
331.2673100958105,69421,395,752,29435,
331.2778784590718,69420,396,752,29435,
331.2794918899869,69420,396,751,29436,
331.2809787016065,69420,396,750,29437,
331.2927779302493,69419,397,750,29437,
331.2976657882206,69419,396,751,29437,
331.29857917415364,69419,396,750,29438,
331.30089757534273,69419,396,749,29439,
331.3100558708557,69419,395,750,29439,
331.32369688748855,69419,395,749,29440,
331.325772052269,69418,396,749,29440,
331.3280582083926,69418,396,748,29441,
331.32924803211677,69417,397,748,29441,
331.3293517671222,69417,397,747,29442,
331.3374722974315,69416,398,747,29442,
331.34231538827163,69416,398,746,29443,
331.3423670038296,69416,397,747,29443,
331.34272689956316,69415,398,747,29443,
331.34512793365354,69415,397,748,29443,
331.3485595146012,69414,398,748,29443,
331.357433041222,69414,398,747,29444,
331.3575998064135,69414,398,746,29445,
331.36045174245805,69413,399,746,29445,
331.3685933237045,69413,399,745,29446,
331.37040175581683,69413,398,746,29446,
331.37749999947886,69413,397,747,29446,
331.3803184330609,69413,396,748,29446,
331.3869050444405,69413,396,747,29447,
331.387181869711,69412,397,747,29447,
331.39376084427425,69411,398,747,29447,
331.3969802185925,69411,398,746,29448,
331.4018982475581,69411,398,745,29449,
331.403110485149,69410,399,745,29449,
331.4031861995254,69410,399,744,29450,
331.4097267892441,69410,399,743,29451,
331.41130270611984,69410,398,744,29451,
331.41894499351577,69410,398,743,29452,
331.41894510605135,69410,398,742,29453,
331.42379354071215,69409,399,742,29453,
331.4257072062555,69408,400,742,29453,
331.4264573008677,69408,400,741,29454,
331.4287702032959,69408,399,742,29454,
331.43788844620497,69408,398,743,29454,
331.4415913332314,69408,398,742,29455,
331.44419704790624,69407,399,742,29455,
331.4493552191048,69406,400,742,29455,
331.4694401089091,69405,401,742,29455,
331.47437443732474,69405,400,743,29455,
331.4761915009534,69405,400,742,29456,
331.47781754788844,69405,399,743,29456,
331.4865831949322,69405,399,742,29457,
331.487923406152,69405,398,743,29457,
331.488920613133,69405,397,744,29457,
331.48901066174864,69405,396,745,29457,
331.4905101230552,69405,396,744,29458,
331.49471644381555,69405,396,743,29459,
331.4949941374482,69405,395,744,29459,
331.4975294423236,69405,395,743,29460,
331.5106179764819,69405,395,742,29461,
331.51923897101716,69404,396,742,29461,
331.52186930766476,69403,397,742,29461,
331.52217569719187,69403,396,743,29461,
331.5264201374059,69403,396,742,29462,
331.5272366881836,69403,395,743,29462,
331.5276856469614,69403,395,742,29463,
331.54092972017287,69402,396,742,29463,
331.54821496487415,69402,396,741,29464,
331.5561158388594,69402,396,740,29465,
331.5580395669491,69401,397,740,29465,
331.5587078406513,69400,398,740,29465,
331.56496099046683,69399,399,740,29465,
331.5655037147123,69398,400,740,29465,
331.56842241081586,69397,401,740,29465,
331.5734325243256,69397,401,739,29466,
331.5744928943642,69397,401,738,29467,
331.5765754036952,69397,400,739,29467,
331.5789644118949,69396,401,739,29467,
331.57970785309095,69396,401,738,29468,
331.59253254520416,69396,401,737,29469,
331.60089423528404,69395,402,737,29469,
331.60118694470543,69395,402,736,29470,
331.61469819341403,69395,401,737,29470,
331.6284671163236,69394,402,737,29470,
331.63160232245014,69394,402,736,29471,
331.6334531118003,69394,401,737,29471,
331.64315950644124,69393,402,737,29471,
331.64351240066384,69393,402,736,29472,
331.64598263290566,69393,401,737,29472,
331.6499171107283,69393,401,736,29473,
331.65475398096197,69393,401,735,29474,
331.65592903234347,69392,402,735,29474,
331.6562723652942,69391,403,735,29474,
331.6610944184628,69391,403,734,29475,
331.6743436883766,69391,403,733,29476,
331.6771097776555,69390,404,733,29476,
331.6844210501864,69390,403,734,29476,
331.69006814293067,69390,403,733,29477,
331.69367236770086,69390,403,732,29478,
331.69950621476664,69390,403,731,29479,
331.702765493074,69390,402,732,29479,
331.70505092808395,69390,401,733,29479,
331.70658056440897,69390,400,734,29479,
331.71274107248536,69389,401,734,29479,
331.7139471081066,69388,402,734,29479,
331.71820441550545,69388,401,735,29479,
331.71862903057166,69388,400,736,29479,
331.7300193517072,69388,399,737,29479,
331.7321074420378,69387,400,737,29479,
331.7351148911819,69387,400,736,29480,
331.73543910392294,69386,401,736,29480,
331.7410974620403,69385,402,736,29480,
331.7482866569121,69385,402,735,29481,
331.75245124553186,69385,402,734,29482,
331.7597810310212,69384,403,734,29482,
331.76038310491026,69384,403,733,29483,
331.7606074201266,69383,404,733,29483,
331.76912993949503,69383,403,734,29483,
331.77050372228416,69383,403,733,29484,
331.77068940468496,69382,404,733,29484,
331.77296544472273,69382,404,732,29485,
331.7753574335698,69381,405,732,29485,
331.7790452912569,69381,405,731,29486,
331.7864495548702,69381,404,732,29486,
331.78877853363963,69381,404,731,29487,
331.78947014038164,69380,405,731,29487,
331.7936489035093,69380,405,730,29488,
331.795752777942,69380,405,729,29489,
331.79754414077036,69379,406,729,29489,
331.79961064531676,69379,406,728,29490,
331.8020328327327,69379,405,729,29490,
331.80313718244685,69378,406,729,29490,
331.8106529408804,69378,406,728,29491,
331.81123528307376,69378,406,727,29492,
331.82427231094414,69377,407,727,29492,
331.82677550008367,69377,407,726,29493,
331.8346147474537,69377,406,727,29493,
331.84388484788536,69377,406,726,29494,
331.8448250384859,69377,405,727,29494,
331.84516362833523,69376,406,727,29494,
331.8462037834635,69376,406,726,29495,
331.84634927859395,69376,406,725,29496,
331.8477100486701,69375,407,725,29496,
331.8491300371224,69375,407,724,29497,
331.85588264317516,69375,406,725,29497,
331.8678480017215,69375,406,724,29498,
331.87149703071384,69374,407,724,29498,
331.8720613240175,69374,407,723,29499,
331.87375185412884,69374,406,724,29499,
331.884281661174,69374,405,725,29499,
331.8849025514616,69374,404,726,29499,
331.8905340374237,69374,404,725,29500,
331.8930974062663,69374,403,726,29500,
331.8957764641761,69374,403,725,29501,
331.9045809776737,69374,403,724,29502,
331.9115567497316,69374,402,725,29502,
331.9124021407103,69373,403,725,29502,
331.91801925677856,69372,404,725,29502,
331.9186095724875,69372,403,726,29502,
331.92637531485565,69372,402,727,29502,
331.9268452572493,69372,401,728,29502,
331.93585978379133,69372,400,729,29502,
331.93775788112134,69372,400,728,29503,
331.9420781742114,69372,400,727,29504,
331.9463292951501,69372,400,726,29505,
331.9549386831679,69371,401,726,29505,
331.9621929991262,69371,400,727,29505,
331.9700534283325,69371,400,726,29506,
331.9702199207294,69370,401,726,29506,
331.97294136910614,69369,402,726,29506,
331.9746236417508,69368,403,726,29506,
331.9774330391226,69368,403,725,29507,
331.98512806668526,69368,403,724,29508,
331.98766415719933,69368,403,723,29509,
331.9913785713237,69367,404,723,29509,
331.994217109901,69367,404,722,29510,
331.996071267795,69366,405,722,29510,
332.01547084761626,69366,405,721,29511,
332.0157233540331,69366,404,722,29511,
332.0258423415306,69366,404,721,29512,
332.02744294754,69366,404,720,29513,
332.02890312044076,69366,404,719,29514,
332.0320317368189,69366,403,720,29514,
332.0351748045243,69366,403,719,29515,
332.0381548644611,69366,402,720,29515,
332.0411726990281,69366,401,721,29515,
332.04823704858137,69366,400,722,29515,
332.05463342291637,69365,401,722,29515,
332.0638065535376,69364,402,722,29515,
332.06915944124484,69364,401,723,29515,
332.0719312927632,69364,400,724,29515,
332.073929612474,69363,401,724,29515,
332.0784141735001,69363,400,725,29515,
332.0785838310626,69362,401,725,29515,
332.0834961228121,69362,401,724,29516,
332.0914456710699,69362,400,725,29516,
332.0956563429237,69362,400,724,29517,
332.100131383013,69362,400,723,29518,
332.1011401167562,69362,399,724,29518,
332.10283043613856,69362,398,725,29518,
332.1042960915592,69362,397,726,29518,
332.1053352326314,69362,396,727,29518,
332.10806677644365,69361,397,727,29518,
332.1081106357954,69361,397,726,29519,
332.1151995938136,69361,397,725,29520,
332.1237172183734,69361,397,724,29521,
332.1261088348388,69360,398,724,29521,
332.12686638723693,69360,398,723,29522,
332.1286164978776,69360,398,722,29523,
332.13411064168014,69360,397,723,29523,
332.1352419107969,69360,397,722,29524,
332.13924076664955,69360,397,721,29525,
332.14597320284946,69359,398,721,29525,
332.1479433358006,69358,399,721,29525,
332.15361569478233,69357,400,721,29525,
332.15641134140117,69356,401,721,29525,
332.16257479349815,69356,400,722,29525,
332.16285821899726,69356,399,723,29525,
332.1628723891307,69355,400,723,29525,
332.1747282189632,69355,399,724,29525,
332.17862988988827,69355,398,725,29525,
332.1793907989223,69355,398,724,29526,
332.18177910923424,69354,399,724,29526,
332.2015143395831,69354,398,725,29526,
332.22171227840977,69354,397,726,29526,
332.2304657083998,69353,398,726,29526,
332.23343309459227,69353,397,727,29526,
332.24054282953,69353,396,728,29526,
332.2501087302737,69352,397,728,29526,
332.2527565521277,69351,398,728,29526,
332.25741521093386,69351,398,727,29527,
332.2587463363221,69350,399,727,29527,
332.2589859941949,69349,400,727,29527,
332.26000650280474,69349,400,726,29528,
332.27255972388565,69349,400,725,29529,
332.2796565515589,69349,399,726,29529,
332.2839438991187,69349,398,727,29529,
332.2862876714468,69348,399,727,29529,
332.29009703609654,69347,400,727,29529,
332.2907645250039,69346,401,727,29529,
332.2935064337638,69346,400,728,29529,
332.2950557962503,69346,400,727,29530,
332.29516119294044,69346,399,728,29530,
332.298837171575,69346,399,727,29531,
332.30080362618946,69346,399,726,29532,
332.30091072099464,69346,399,725,29533,
332.3042271186256,69346,398,726,29533,
332.31642942305564,69345,399,726,29533,
332.31670528090467,69345,399,725,29534,
332.31675721769165,69345,398,726,29534,
332.318714629059,69345,397,727,29534,
332.32258146819055,69345,397,726,29535,
332.3257413207358,69345,397,725,29536,
332.3270358012751,69345,397,724,29537,
332.328480203313,69344,398,724,29537,
332.3290322042943,69344,398,723,29538,
332.3294902621798,69344,397,724,29538,
332.33112473888116,69344,396,725,29538,
332.33298757895056,69343,397,725,29538,
332.33384468491255,69343,396,726,29538,
332.3353807169476,69343,395,727,29538,
332.3357528342385,69343,394,728,29538,
332.34135010544486,69342,395,728,29538,
332.3464461769317,69342,395,727,29539,
332.34913378998203,69341,396,727,29539,
332.3493280254337,69341,395,728,29539,
332.3511577740798,69340,396,728,29539,
332.35648127173187,69339,397,728,29539,
332.3599111024202,69338,398,728,29539,
332.37266713619107,69338,397,729,29539,
332.3764431738394,69337,398,729,29539,
332.3789800372625,69336,399,729,29539,
332.3839570759943,69336,398,730,29539,
332.3870170788379,69336,398,729,29540,
332.38888347077017,69336,397,730,29540,
332.3972000608923,69336,397,729,29541,
332.39803533624405,69336,397,728,29542,
332.4009808160893,69336,397,727,29543,
332.40437363401173,69336,397,726,29544,
332.4100149532616,69335,398,726,29544,
332.4173993220079,69335,398,725,29545,
332.4188551712031,69335,398,724,29546,
332.42335027951475,69335,398,723,29547,
332.42576921143416,69334,399,723,29547,
332.4425573046506,69333,400,723,29547,
332.4487056122742,69333,400,722,29548,
332.4492869075433,69333,399,723,29548,
332.45126946264855,69333,399,722,29549,
332.45836821557356,69332,400,722,29549,
332.4702486786967,69332,400,721,29550,
332.4729894425765,69332,399,722,29550,
332.4749523995652,69331,400,722,29550,
332.47586792949727,69331,399,723,29550,
332.4764634710551,69331,398,724,29550,
332.4801352028406,69330,399,724,29550,
332.48728255286824,69329,400,724,29550,
332.4900591731742,69328,401,724,29550,
332.4915761200479,69328,400,725,29550,
332.4932010479482,69328,400,724,29551,
332.4964845816523,69327,401,724,29551,
332.50052232083647,69327,400,725,29551,
332.5028202395357,69327,400,724,29552,
332.50526083982083,69327,399,725,29552,
332.5081368719989,69327,399,724,29553,
332.50850916224664,69327,398,725,29553,
332.522308601638,69327,397,726,29553,
332.5251248588183,69327,396,727,29553,
332.5253355853083,69326,397,727,29553,
332.5275152732275,69325,398,727,29553,
332.52774047368695,69325,398,726,29554,
332.52792401331504,69325,398,725,29555,
332.5281787730013,69325,397,726,29555,
332.53429415510954,69324,398,726,29555,
332.5447638693535,69324,398,725,29556,
332.5496446491588,69324,397,726,29556,
332.55116799300254,69324,396,727,29556,
332.55486644059175,69323,397,727,29556,
332.5624587512535,69323,396,728,29556,
332.5650122171588,69322,397,728,29556,
332.567708403028,69322,397,727,29557,
332.5690423898909,69322,397,726,29558,
332.57123443274975,69321,398,726,29558,
332.5775706971982,69321,398,725,29559,
332.5789057718741,69321,398,724,29560,
332.5789664663139,69320,399,724,29560,
332.59179077546463,69320,398,725,29560,
332.6027693608015,69320,397,726,29560,
332.60398142855746,69319,398,726,29560,
332.6177486501175,69319,398,725,29561,
332.6186439595821,69319,398,724,29562,
332.622057334509,69318,399,724,29562,
332.62330706942765,69318,399,723,29563,
332.63164102085784,69317,400,723,29563,
332.6338882272343,69317,400,722,29564,
332.6341339112233,69317,399,723,29564,
332.63667836795787,69317,398,724,29564,
332.6382828810594,69317,398,723,29565,
332.64017006294665,69317,398,722,29566,
332.6402319786792,69316,399,722,29566,
332.6443012750087,69315,400,722,29566,
332.65449979627795,69315,400,721,29567,
332.65637080842197,69314,401,721,29567,
332.65830708760905,69314,400,722,29567,
332.6586503781929,69314,399,723,29567,
332.6638357613252,69314,398,724,29567,
332.66654297937504,69313,399,724,29567,
332.677123787521,69313,398,725,29567,
332.6778926359445,69313,397,726,29567,
332.6779955372812,69312,398,726,29567,
332.67862937872815,69312,398,725,29568,
332.6808918612628,69312,397,726,29568,
332.6859373186467,69312,397,725,29569,
332.69373203836227,69312,396,726,29569,
332.69563655573603,69312,395,727,29569,
332.695906012341,69312,395,726,29570,
332.69801530120645,69312,394,727,29570,
332.7010792324203,69312,394,726,29571,
332.70300108427074,69312,394,725,29572,
332.706144519542,69312,394,724,29573,
332.70628754524677,69311,395,724,29573,
332.7095428760679,69311,395,723,29574,
332.71052741229636,69311,395,722,29575,
332.71460250650233,69311,394,723,29575,
332.7213790168966,69311,393,724,29575,
332.72596485383934,69310,394,724,29575,
332.7386973096328,69310,394,723,29576,
332.74364974709675,69310,393,724,29576,
332.743857345305,69309,394,724,29576,
332.75164730870506,69309,394,723,29577,
332.7554850290602,69308,395,723,29577,
332.75765257843216,69308,394,724,29577,
332.75884717344127,69308,394,723,29578,
332.7657913424581,69307,395,723,29578,
332.76875373476236,69307,394,724,29578,
332.772844647236,69307,393,725,29578,
332.78902907524156,69306,394,725,29578,
332.7904105127978,69306,394,724,29579,
332.79061521744643,69306,394,723,29580,
332.792941143526,69305,395,723,29580,
332.7953859936137,69305,395,722,29581,
332.79621749897865,69305,394,723,29581,
332.80012128030666,69305,393,724,29581,
332.80699579681686,69305,393,723,29582,
332.8111888429411,69305,392,724,29582,
332.8152484273625,69305,392,723,29583,
332.81553018996783,69304,393,723,29583,
332.81716742834874,69304,393,722,29584,
332.82035317912045,69304,393,721,29585,
332.8277277235557,69304,393,720,29586,
332.84167538332747,69304,392,721,29586,
332.85114286893975,69304,392,720,29587,
332.85218791254465,69304,392,719,29588,
332.854249366903,69304,392,718,29589,
332.86572383184586,69303,393,718,29589,
332.8715758952362,69303,392,719,29589,
332.87172570980727,69302,393,719,29589,
332.8729047716934,69301,394,719,29589,
332.87432979488386,69300,395,719,29589,
332.8749833773971,69299,396,719,29589,
332.87641013471847,69298,397,719,29589,
332.8769192902096,69298,397,718,29590,
332.8872783363691,69298,396,719,29590,
332.8933743603334,69298,395,720,29590,
332.896657077447,69298,394,721,29590,
332.9008897489997,69298,393,722,29590,
332.90270059339304,69298,393,721,29591,
332.9042412321638,69297,394,721,29591,
332.90859020925654,69297,394,720,29592,
332.91353773676667,69297,394,719,29593,
332.9136741151482,69297,394,718,29594,
332.91672251117956,69297,393,719,29594,
332.9305776775629,69296,394,719,29594,
332.9313530904649,69296,394,718,29595,
332.9326051439834,69295,395,718,29595,
332.93790515819614,69295,394,719,29595,
332.93872425100534,69295,394,718,29596,
332.9450221208643,69294,395,718,29596,
332.95033404655146,69294,394,719,29596,
332.95302596399415,69294,393,720,29596,
332.95488815610406,69293,394,720,29596,
332.95648615435255,69292,395,720,29596,
332.9615406666865,69292,395,719,29597,
332.9624195255869,69292,394,720,29597,
332.9646886951439,69292,393,721,29597,
332.9750389655427,69292,392,722,29597,
332.97661231893574,69292,392,721,29598,
332.9829512900434,69292,391,722,29598,
333.0078053814947,69292,390,723,29598,
333.00898540913363,69292,389,724,29598,
333.0117468666894,69292,389,723,29599,
333.0186168744602,69292,388,724,29599,
333.0205006824742,69292,387,725,29599,
333.0208942672661,69292,387,724,29600,
333.02116449391843,69292,387,723,29601,
333.02159723165784,69292,386,724,29601,
333.027058468643,69292,385,725,29601,
333.0280090877861,69292,385,724,29602,
333.03592507868194,69291,386,724,29602,
333.03915127835336,69291,385,725,29602,
333.04145875479117,69290,386,725,29602,
333.04309520322283,69289,387,725,29602,
333.0445919223886,69289,386,726,29602,
333.046031773579,69289,386,725,29603,
333.0470712163984,69289,385,726,29603,
333.06108409138363,69288,386,726,29603,
333.0697799875952,69287,387,726,29603,
333.0717491890642,69287,387,725,29604,
333.0775303131527,69287,387,724,29605,
333.0777546603854,69286,388,724,29605,
333.07847763113796,69286,387,725,29605,
333.07931179100456,69285,388,725,29605,
333.0937511207419,69284,389,725,29605,
333.10666661361887,69284,389,724,29606,
333.1113627676418,69284,389,723,29607,
333.11971030431954,69284,388,724,29607,
333.12777237810957,69283,389,724,29607,
333.1283587334528,69282,390,724,29607,
333.1294740443539,69282,390,723,29608,
333.1295040097167,69282,389,724,29608,
333.130389816263,69281,390,724,29608,
333.1383651674292,69281,390,723,29609,
333.14825694972717,69281,390,722,29610,
333.15150434605516,69280,391,722,29610,
333.1533035397178,69280,390,723,29610,
333.15396197883683,69279,391,723,29610,
333.16002983933936,69279,391,722,29611,
333.1605016964757,69279,390,723,29611,
333.167008900371,69279,390,722,29612,
333.17162984449993,69278,391,722,29612,
333.1721228068603,69278,390,723,29612,
333.179231130699,69278,389,724,29612,
333.18171439040316,69278,389,723,29613,
333.1821003914047,69278,388,724,29613,
333.1829343722677,69278,387,725,29613,
333.18620954766993,69278,386,726,29613,
333.1865371193038,69277,387,726,29613,
333.1920650899684,69276,388,726,29613,
333.19621823165716,69276,387,727,29613,
333.19750105952795,69275,388,727,29613,
333.2061701950938,69275,388,726,29614,
333.20675519193054,69274,389,726,29614,
333.2137609167319,69273,390,726,29614,
333.2152698175656,69273,389,727,29614,
333.2194244927248,69272,390,727,29614,
333.22602737782404,69272,390,726,29615,
333.23077706865575,69272,390,725,29616,
333.2435237623932,69272,389,726,29616,
333.24558746076417,69272,388,727,29616,
333.24661726817834,69271,389,727,29616,
333.24716113663106,69271,389,726,29617,
333.2515470713469,69270,390,726,29617,
333.2572952793488,69270,389,727,29617,
333.2592414143428,69270,389,726,29618,
333.26342469680606,69270,389,725,29619,
333.26495235641266,69270,389,724,29620,
333.26554905126187,69269,390,724,29620,
333.2743040237975,69268,391,724,29620,
333.2745567467335,69268,391,723,29621,
333.2832186999837,69267,392,723,29621,
333.28525949443633,69267,391,724,29621,
333.2869749789111,69267,390,725,29621,
333.28874216183914,69266,391,725,29621,
333.2939512537077,69265,392,725,29621,
333.29612417476466,69265,392,724,29622,
333.30629400514295,69264,393,724,29622,
333.3107367726587,69264,392,725,29622,
333.3124069099737,69264,392,724,29623,
333.324938321817,69264,391,725,29623,
333.332355191518,69264,391,724,29624,
333.33447427597275,69263,392,724,29624,
333.3385307406231,69263,392,723,29625,
333.339396083927,69263,392,722,29626,
333.3466504781447,69262,393,722,29626,
333.34994087278085,69262,393,721,29627,
333.352088616367,69261,394,721,29627,
333.3575647896155,69261,394,720,29628,
333.36167508883346,69261,393,721,29628,
333.36986189979166,69261,392,722,29628,
333.37702415504623,69260,393,722,29628,
333.3777561016973,69260,392,723,29628,
333.383674803332,69260,391,724,29628,
333.3836785545326,69260,391,723,29629,
333.39196204503367,69260,391,722,29630,
333.3961756603029,69260,391,721,29631,
333.40172929682194,69260,391,720,29632,
333.40734824639776,69260,391,719,29633,
333.4083683780725,69260,391,718,29634,
333.4084548594014,69260,391,717,29635,
333.4099392984258,69259,392,717,29635,
333.4165963902631,69258,393,717,29635,
333.4173536811877,69257,394,717,29635,
333.4198525683434,69256,395,717,29635,
333.42121669940116,69256,394,718,29635,
333.4238532247347,69256,393,719,29635,
333.43000640267576,69256,393,718,29636,
333.431438413281,69256,392,719,29636,
333.43703139696396,69256,391,720,29636,
333.439771510953,69255,392,720,29636,
333.4400611423064,69255,392,719,29637,
333.44452247312864,69255,392,718,29638,
333.452469389857,69255,391,719,29638,
333.4548166719703,69254,392,719,29638,
333.458081965434,69254,392,718,29639,
333.4583490976313,69254,392,717,29640,
333.45918876468846,69254,392,716,29641,
333.4703104279827,69254,392,715,29642,
333.47630369494755,69253,393,715,29642,
333.4818060721408,69252,394,715,29642,
333.48593361846844,69251,395,715,29642,
333.4979363570096,69251,395,714,29643,
333.5077617496137,69250,396,714,29643,
333.50781309617867,69250,396,713,29644,
333.5171471720413,69250,396,712,29645,
333.5196817685,69250,396,711,29646,
333.53140785326644,69249,397,711,29646,
333.53364729730197,69248,398,711,29646,
333.5360949435992,69248,398,710,29647,
333.5374137582843,69247,399,710,29647,
333.5418171848907,69246,400,710,29647,
333.5432022115437,69246,400,709,29648,
333.5457916920624,69246,400,708,29649,
333.5530028473528,69246,399,709,29649,
333.5531397572578,69246,398,710,29649,
333.55400808010296,69246,398,709,29650,
333.5690443857722,69246,397,710,29650,
333.56954898224603,69246,396,711,29650,
333.5723525089668,69245,397,711,29650,
333.573140085936,69245,396,712,29650,
333.5754490854435,69245,396,711,29651,
333.58243564299255,69245,396,710,29652,
333.5836439151148,69245,395,711,29652,
333.5929443929946,69245,394,712,29652,
333.597783280738,69245,394,711,29653,
333.6050454909965,69244,395,711,29653,
333.61276389873296,69244,395,710,29654,
333.6194889581469,69243,396,710,29654,
333.62273198401954,69243,395,711,29654,
333.6289489696073,69243,394,712,29654,
333.6341179494945,69243,394,711,29655,
333.63927807197575,69243,393,712,29655,
333.64105667502315,69242,394,712,29655,
333.6416440532991,69242,394,711,29656,
333.64314852977583,69242,393,712,29656,
333.6475880041291,69242,392,713,29656,
333.6534282561855,69241,393,713,29656,
333.65436867708667,69241,393,712,29657,
333.6663199954675,69240,394,712,29657,
333.67784735629743,69239,395,712,29657,
333.68573909438913,69239,394,713,29657,
333.68974281015215,69239,393,714,29657,
333.6922514086488,69239,392,715,29657,
333.69373258868126,69239,391,716,29657,
333.69430205889273,69239,391,715,29658,
333.6954618800693,69239,391,714,29659,
333.69566241128,69239,390,715,29659,
333.71075059865603,69239,389,716,29659,
333.7120050772327,69239,388,717,29659,
333.7150947155184,69239,388,716,29660,
333.72280594750737,69239,388,715,29661,
333.723404709523,69239,388,714,29662,
333.7244457370975,69238,389,714,29662,
333.72842468577545,69238,388,715,29662,
333.7384091509368,69238,387,716,29662,
333.7397526111526,69238,386,717,29662,
333.7584120843063,69237,387,717,29662,
333.7657118601536,69237,386,718,29662,
333.76606245037283,69237,385,719,29662,
333.7692363498009,69237,385,718,29663,
333.7703902287085,69236,386,718,29663,
333.77265185318333,69236,385,719,29663,
333.7761428687782,69236,385,718,29664,
333.7781968748854,69236,385,717,29665,
333.78095797485565,69236,385,716,29666,
333.78428326511573,69235,386,716,29666,
333.78544249995895,69234,387,716,29666,
333.7907985442656,69234,386,717,29666,
333.8003550236927,69234,385,718,29666,
333.80191112667814,69234,385,717,29667,
333.8039828593363,69234,385,716,29668,
333.80909751465725,69234,385,715,29669,
333.81256099258906,69234,384,716,29669,
333.81726311730097,69234,384,715,29670,
333.8220810351852,69234,384,714,29671,
333.83273313996574,69234,384,713,29672,
333.843724271649,69233,385,713,29672,
333.84413054656903,69232,386,713,29672,
333.85914390386813,69232,386,712,29673,
333.8640947823127,69232,385,713,29673,
333.8668133304133,69232,385,712,29674,
333.8790802355806,69232,384,713,29674,
333.88643459913635,69232,384,712,29675,
333.8969092270236,69232,384,711,29676,
333.90092404988206,69232,383,712,29676,
333.9055962393338,69232,382,713,29676,
333.9059169846315,69231,383,713,29676,
333.9077716050948,69231,382,714,29676,
333.9103896941552,69231,382,713,29677,
333.91570312958277,69231,381,714,29677,
333.9217087463555,69230,382,714,29677,
333.92348074190096,69230,382,713,29678,
333.9240426101026,69230,382,712,29679,
333.9250575912824,69229,383,712,29679,
333.9327621800529,69229,383,711,29680,
333.9327955006827,69229,383,710,29681,
333.93720295776643,69228,384,710,29681,
333.9470384526503,69228,384,709,29682,
333.95058787428087,69228,383,710,29682,
333.9575608922671,69228,383,709,29683,
333.963214040016,69228,382,710,29683,
333.96404789525815,69227,383,710,29683,
333.96632120355605,69226,384,710,29683,
333.9730748577548,69225,385,710,29683,
333.9735594738185,69225,385,709,29684,
333.97962373334246,69225,385,708,29685,
333.9904041239566,69224,386,708,29685,
333.9920206011119,69224,386,707,29686,
333.99616818424505,69223,387,707,29686,
333.99847537901996,69223,386,708,29686,
333.9986105016526,69223,385,709,29686,
334.0037855621066,69223,384,710,29686,
334.0038661853194,69222,385,710,29686,
334.0053478478721,69222,385,709,29687,
334.01063844697734,69222,384,710,29687,
334.01249337348736,69222,384,709,29688,
334.0189199089013,69222,383,710,29688,
334.0222438181962,69222,382,711,29688,
334.0225196640235,69221,383,711,29688,
334.02945536077186,69220,384,711,29688,
334.04490899026507,69220,384,710,29689,
334.05499709471775,69220,384,709,29690,
334.05722407965067,69220,384,708,29691,
334.06149856475025,69220,384,707,29692,
334.06160601232915,69220,383,708,29692,
334.0669094018277,69220,383,707,29693,
334.07842270045916,69219,384,707,29693,
334.07961066320513,69218,385,707,29693,
334.08472055284096,69217,386,707,29693,
334.0912245036615,69216,387,707,29693,
334.09170438395927,69215,388,707,29693,
334.097215177854,69215,388,706,29694,
334.10022261845324,69215,387,707,29694,
334.10033088546686,69215,387,706,29695,
334.10798918606037,69214,388,706,29695,
334.10916019037506,69214,388,705,29696,
334.11553249160295,69214,388,704,29697,
334.11714200389304,69214,388,703,29698,
334.1281608550215,69214,387,704,29698,
334.1333319623401,69213,388,704,29698,
334.13804330699764,69212,389,704,29698,
334.14839112997015,69212,389,703,29699,
334.1525018946836,69212,389,702,29700,
334.1561271598347,69212,388,703,29700,
334.15684501000635,69212,388,702,29701,
334.15875459904976,69212,388,701,29702,
334.1661105524353,69211,389,701,29702,
334.17044403500006,69211,388,702,29702,
334.1742964534686,69211,388,701,29703,
334.1767818175184,69211,387,702,29703,
334.1767942159709,69211,387,701,29704,
334.17765270764056,69211,386,702,29704,
334.17802587562346,69210,387,702,29704,
334.18068824526,69210,387,701,29705,
334.18532992769013,69210,387,700,29706,
334.19792257918465,69210,387,699,29707,
334.1979396324779,69210,386,700,29707,
334.1999667400195,69209,387,700,29707,
334.20181773510825,69209,387,699,29708,
334.20318025291056,69209,386,700,29708,
334.2070917112139,69208,387,700,29708,
334.21732788521797,69207,388,700,29708,
334.2176977094954,69207,387,701,29708,
334.22005482893064,69207,386,702,29708,
334.2229400620574,69206,387,702,29708,
334.22961698705444,69206,386,703,29708,
334.23168244106444,69206,385,704,29708,
334.23418197963747,69206,385,703,29709,
334.23643848297536,69205,386,703,29709,
334.2380569722789,69204,387,703,29709,
334.2392717548292,69203,388,703,29709,
334.2414092490175,69202,389,703,29709,
334.24497080200985,69202,388,704,29709,
334.24613318476645,69201,389,704,29709,
334.25348885741397,69200,390,704,29709,
334.2596242672152,69200,390,703,29710,
334.2624776656015,69200,390,702,29711,
334.26462473107745,69200,389,703,29711,
334.26983081188064,69199,390,703,29711,
334.2907512798644,69199,390,702,29712,
334.29560700174886,69199,390,701,29713,
334.29908399621445,69199,389,702,29713,
334.3042390559024,69198,390,702,29713,
334.3130031751108,69197,391,702,29713,
334.3220034941425,69196,392,702,29713,
334.3234124181249,69195,393,702,29713,
334.32686019632274,69195,392,703,29713,
334.33501202971274,69195,391,704,29713,
334.3372142708575,69194,392,704,29713,
334.3445524871515,69194,391,705,29713,
334.34984362831034,69194,390,706,29713,
334.3512194687875,69193,391,706,29713,
334.3565171462147,69193,390,707,29713,
334.361514490202,69192,391,707,29713,
334.3666001537732,69191,392,707,29713,
334.37059511109373,69190,393,707,29713,
334.37838918155677,69189,394,707,29713,
334.3846213525973,69188,395,707,29713,
334.3859407037378,69187,396,707,29713,
334.39367691864743,69187,395,708,29713,
334.400775228311,69187,394,709,29713,
334.4128427706749,69187,394,708,29714,
334.4205944172996,69187,394,707,29715,
334.43332312102467,69187,393,708,29715,
334.4391904496469,69187,393,707,29716,
334.4421437733723,69187,392,708,29716,
334.4444766534737,69186,393,708,29716,
334.44615556055476,69186,393,707,29717,
334.45262372053526,69186,392,708,29717,
334.45379292561574,69186,392,707,29718,
334.45511160582515,69186,391,708,29718,
334.45758306074043,69185,392,708,29718,
334.4584781819509,69184,393,708,29718,
334.46375543498146,69184,392,709,29718,
334.4673752451933,69184,392,708,29719,
334.4693875364858,69184,392,707,29720,
334.46969442481094,69183,393,707,29720,
334.47470340040746,69183,393,706,29721,
334.4814201032107,69182,394,706,29721,
334.4869456307567,69181,395,706,29721,
334.49273823636986,69181,394,707,29721,
334.49609424887933,69181,394,706,29722,
334.5000517952011,69181,394,705,29723,
334.5120388167773,69181,393,706,29723,
334.51284766166907,69181,392,707,29723,
334.51789469423926,69181,392,706,29724,
334.52004513992046,69181,391,707,29724,
334.52027395598685,69181,390,708,29724,
334.5237363714726,69181,389,709,29724,
334.52865329409195,69181,388,710,29724,
334.5419073702844,69180,389,710,29724,
334.544612873263,69179,390,710,29724,
334.5449732743989,69179,389,711,29724,
334.54698257254927,69179,388,712,29724,
334.5512893338113,69178,389,712,29724,
334.5713547384623,69177,390,712,29724,
334.5772918087808,69176,391,712,29724,
334.5787972258616,69176,390,713,29724,
334.58062873096026,69175,391,713,29724,
334.5881472749516,69175,390,714,29724,
334.5892713182559,69175,389,715,29724,
334.5926996399055,69175,389,714,29725,
334.59680991199616,69175,388,715,29725,
334.6006971766288,69175,388,714,29726,
334.60455905978876,69175,388,713,29727,
334.6063559782134,69175,387,714,29727,
334.6202109085717,69175,386,715,29727,
334.62084543050895,69174,387,715,29727,
334.628949048038,69174,387,714,29728,
334.6351323254306,69174,386,715,29728,
334.6371145890772,69174,385,716,29728,
334.63910510013244,69174,385,715,29729,
334.6453027381961,69174,384,716,29729,
334.6516248075724,69173,385,716,29729,
334.65909692052475,69173,385,715,29730,
334.6640224978396,69173,384,716,29730,
334.6640359764676,69172,385,716,29730,
334.67073658536503,69172,385,715,29731,
334.6762490079495,69172,385,714,29732,
334.68407512100094,69172,385,713,29733,
334.68626680062243,69172,384,714,29733,
334.6901920387232,69172,384,713,29734,
334.6991334265193,69171,385,713,29734,
334.6995362153334,69170,386,713,29734,
334.7075186868873,69169,387,713,29734,
334.7089807895506,69168,388,713,29734,
334.7227628531377,69168,388,712,29735,
334.7289987470057,69168,388,711,29736,
334.7503333694924,69168,388,710,29737,
334.7528272189896,69168,388,709,29738,
334.7585789261427,69167,389,709,29738,
334.7606078005001,69167,388,710,29738,
334.76178578293576,69167,388,709,29739,
334.7642216330938,69167,388,708,29740,
334.76883666944315,69167,387,709,29740,
334.77826034834277,69167,387,708,29741,
334.78192904603816,69167,386,709,29741,
334.7863343763909,69167,386,708,29742,
334.7947070375083,69166,387,708,29742,
334.79997537612405,69165,388,708,29742,
334.80820545288503,69165,387,709,29742,
334.80926655986497,69165,387,708,29743,
334.8114524288021,69165,387,707,29744,
334.81797835972685,69164,388,707,29744,
334.82430649312323,69163,389,707,29744,
334.8248780395864,69162,390,707,29744,
334.8270304668423,69162,389,708,29744,
334.8270706325213,69161,390,708,29744,
334.8293187521472,69161,390,707,29745,
334.83388764532856,69161,389,708,29745,
334.84650856548524,69161,389,707,29746,
334.8521759003146,69161,389,706,29747,
334.854187573964,69161,388,707,29747,
334.8582211876455,69161,388,706,29748,
334.8592229101544,69160,389,706,29748,
334.86268555720653,69160,388,707,29748,
334.86443141317994,69160,387,708,29748,
334.8746308648689,69160,386,709,29748,
334.87500061616174,69159,387,709,29748,
334.88039500950845,69159,386,710,29748,
334.88989531261717,69158,387,710,29748,
334.8899362791292,69158,386,711,29748,
334.8900786215252,69158,385,712,29748,
334.8922984186923,69157,386,712,29748,
334.8947811235165,69157,385,713,29748,
334.910037966881,69156,386,713,29748,
334.9123689363418,69156,386,712,29749,
334.91506132246985,69156,386,711,29750,
334.92164442606935,69155,387,711,29750,
334.92635053050503,69155,387,710,29751,
334.9301421480805,69155,386,711,29751,
334.93101532773255,69154,387,711,29751,
334.93339015122933,69153,388,711,29751,
334.93342752073477,69153,388,710,29752,
334.9420384868704,69153,387,711,29752,
334.94494201709534,69153,387,710,29753,
334.9485599098281,69153,387,709,29754,
334.94959675082436,69153,387,708,29755,
334.9504172803625,69153,387,707,29756,
334.95133141541857,69153,386,708,29756,
334.95232035346794,69153,386,707,29757,
334.9531309438689,69152,387,707,29757,
334.9632228770707,69152,386,708,29757,
334.9657275605082,69151,387,708,29757,
334.9668000103453,69150,388,708,29757,
334.9696403245503,69150,387,709,29757,
334.97100590098677,69150,386,710,29757,
334.9711148714108,69150,385,711,29757,
334.97187009417604,69150,385,710,29758,
334.98284659668803,69150,384,711,29758,
334.98878929553484,69150,384,710,29759,
334.99553723063025,69149,385,710,29759,
335.0024851109478,69148,386,710,29759,
335.00268087728705,69148,385,711,29759,
335.00499106367863,69148,384,712,29759,
335.00737392890255,69148,384,711,29760,
335.0101248304645,69148,384,710,29761,
335.0111623285099,69148,384,709,29762,
335.01735241584316,69148,384,708,29763,
335.0203782941255,69148,383,709,29763,
335.0283208160912,69148,383,708,29764,
335.0393344997188,69147,384,708,29764,
335.0401603200492,69147,383,709,29764,
335.04370695815567,69147,382,710,29764,
335.0455881296041,69147,382,709,29765,
335.05070880336297,69147,381,710,29765,
335.0566264320742,69146,382,710,29765,
335.0729955439346,69146,382,709,29766,
335.0823692329722,69145,383,709,29766,
335.08488918995323,69145,383,708,29767,
335.08910664696026,69145,382,709,29767,
335.09411989064023,69144,383,709,29767,
335.09484445221295,69144,383,708,29768,
335.0974581068991,69144,382,709,29768,
335.10650662454685,69144,381,710,29768,
335.10819190048375,69143,382,710,29768,
335.1122680872011,69143,381,711,29768,
335.11716489061575,69142,382,711,29768,
335.12470577882317,69142,382,710,29769,
335.1266461256282,69142,382,709,29770,
335.12766315845823,69142,382,708,29771,
335.13052815678816,69142,382,707,29772,
335.13191831836394,69142,381,708,29772,
335.1327956762267,69142,381,707,29773,
335.14026427863223,69142,381,706,29774,
335.1525792848876,69142,381,705,29775,
335.15327514578735,69142,381,704,29776,
335.1559210137293,69142,381,703,29777,
335.1582931291093,69142,381,702,29778,
335.1601354168404,69142,381,701,29779,
335.1607224239041,69142,380,702,29779,
335.1754444328563,69142,379,703,29779,
335.17574204804214,69141,380,703,29779,
335.17668362881534,69141,379,704,29779,
335.1780005561331,69140,380,704,29779,
335.18350536743134,69140,380,703,29780,
335.18915002442776,69140,379,704,29780,
335.1984868464214,69140,378,705,29780,
335.1988683911528,69140,377,706,29780,
335.20164350957606,69140,377,705,29781,
335.21076520508404,69140,376,706,29781,
335.21296710020727,69140,375,707,29781,
335.21433524563344,69139,376,707,29781,
335.2196059699711,69139,376,706,29782,
335.22107630386336,69139,375,707,29782,
335.22660099331654,69139,375,706,29783,
335.24112789491136,69139,374,707,29783,
335.24203499141674,69139,374,706,29784,
335.2457905752366,69138,375,706,29784,
335.2534268681079,69138,374,707,29784,
335.25983133073197,69138,373,708,29784,
335.26586678990145,69137,374,708,29784,
335.2784803590236,69137,374,707,29785,
335.2788133104703,69136,375,707,29785,
335.28299966091,69135,376,707,29785,
335.2832285655157,69135,376,706,29786,
335.2869921320137,69135,376,705,29787,
335.29044752983486,69134,377,705,29787,
335.2916017621253,69133,378,705,29787,
335.30414621899115,69133,378,704,29788,
335.30416502307,69133,378,703,29789,
335.30560824454324,69133,377,704,29789,
335.3131530195749,69133,376,705,29789,
335.31922193093413,69133,376,704,29790,
335.32009100006786,69132,377,704,29790,
335.321019509196,69132,376,705,29790,
335.3341097913367,69132,376,704,29791,
335.3376713645226,69132,376,703,29792,
335.34344717648275,69131,377,703,29792,
335.3500274641155,69131,376,704,29792,
335.35204349590657,69130,377,704,29792,
335.3522064715388,69130,376,705,29792,
335.3554662717193,69130,376,704,29793,
335.35738522555516,69130,376,703,29794,
335.3753142370375,69130,376,702,29795,
335.382894196175,69130,375,703,29795,
335.3831175656847,69129,376,703,29795,
335.3963875704025,69129,376,702,29796,
335.3964215174279,69128,377,702,29796,
335.40080005519667,69128,377,701,29797,
335.4129996639709,69128,377,700,29798,
335.41320214872286,69128,377,699,29799,
335.4234864798494,69128,376,700,29799,
335.42611266126835,69127,377,700,29799,
335.4450029317127,69127,376,701,29799,
335.44526427270307,69127,375,702,29799,
335.45036970064245,69127,374,703,29799,
335.4509974714082,69127,374,702,29800,
335.45369456181936,69126,375,702,29800,
335.4629412252895,69126,375,701,29801,
335.4680178688246,69126,375,700,29802,
335.4794718065955,69126,374,701,29802,
335.47976717401923,69126,374,700,29803,
335.4830980484991,69126,374,699,29804,
335.4865650954782,69126,373,700,29804,
335.4890744849043,69126,373,699,29805,
335.491854476986,69126,373,698,29806,
335.4992973433713,69126,373,697,29807,
335.49935077168254,69126,372,698,29807,
335.5082604175649,69126,371,699,29807,
335.5090030418407,69125,372,699,29807,
335.51157456916815,69124,373,699,29807,
335.51267201965686,69124,373,698,29808,
335.51997379982396,69123,374,698,29808,
335.521984497849,69122,375,698,29808,
335.52313930074115,69121,376,698,29808,
335.5246158103129,69120,377,698,29808,
335.53482058385634,69120,377,697,29809,
335.54154526926186,69120,377,696,29810,
335.5432593699183,69119,378,696,29810,
335.54362232927855,69119,378,695,29811,
335.5441830545996,69119,378,694,29812,
335.55011557651494,69118,379,694,29812,
335.55371532066215,69118,379,693,29813,
335.5556896405311,69118,379,692,29814,
335.55593682589097,69118,379,691,29815,
335.560255643235,69118,378,692,29815,
335.5603780273687,69118,377,693,29815,
335.56634861812216,69118,376,694,29815,
335.56954485550744,69118,375,695,29815,
335.5740352301805,69118,375,694,29816,
335.57618490550846,69118,374,695,29816,
335.580410845113,69118,373,696,29816,
335.5848980677858,69117,374,696,29816,
335.58594983193296,69116,375,696,29816,
335.5922558437961,69116,374,697,29816,
335.59493486272726,69115,375,697,29816,
335.6002857071096,69115,375,696,29817,
335.60372899675997,69115,375,695,29818,
335.6039952277769,69115,374,696,29818,
335.60997548514973,69115,373,697,29818,
335.6106092527958,69114,374,697,29818,
335.61320718211243,69113,375,697,29818,
335.61647531513637,69113,375,696,29819,
335.61831571853935,69113,375,695,29820,
335.61917769006135,69112,376,695,29820,
335.6213372529196,69112,376,694,29821,
335.62582995420365,69112,375,695,29821,
335.6265792786855,69111,376,695,29821,
335.629238272905,69110,377,695,29821,
335.6302260788772,69110,376,696,29821,
335.63573488815814,69110,376,695,29822,
335.65521377268107,69110,376,694,29823,
335.65950412825424,69109,377,694,29823,
335.66488421089826,69109,377,693,29824,
335.6661641852103,69109,376,694,29824,
335.6691442719261,69109,376,693,29825,
335.6692762541717,69109,376,692,29826,
335.6714571984928,69109,375,693,29826,
335.6722887128826,69108,376,693,29826,
335.68634639187707,69108,376,692,29827,
335.68671125984025,69108,375,693,29827,
335.6905294422137,69107,376,693,29827,
335.69974751291363,69106,377,693,29827,
335.708304774024,69106,377,692,29828,
335.7283111465331,69106,376,693,29828,
335.728376794484,69105,377,693,29828,
335.7292234270103,69105,377,692,29829,
335.7370540992884,69105,376,693,29829,
335.7380870505204,69105,375,694,29829,
335.738393249037,69105,374,695,29829,
335.74375920568076,69104,375,695,29829,
335.7441772279144,69104,374,696,29829,
335.7459630605557,69104,374,695,29830,
335.7462266968063,69104,373,696,29830,
335.7537674711907,69104,372,697,29830,
335.75698613698603,69103,373,697,29830,
335.76049348501476,69103,373,696,29831,
335.76369136653386,69102,374,696,29831,
335.7708224300325,69102,373,697,29831,
335.7709224142723,69101,374,697,29831,
335.7734065933035,69100,375,697,29831,
335.7746406703172,69099,376,697,29831,
335.78158855270897,69099,376,696,29832,
335.7817482357562,69099,376,695,29833,
335.79124005045674,69099,375,696,29833,
335.79510059486256,69099,375,695,29834,
335.8018074855337,69099,374,696,29834,
335.8025957795168,69098,375,696,29834,
335.8105778264866,69098,374,697,29834,
335.8110586435042,69097,375,697,29834,
335.82182469224216,69097,374,698,29834,
335.82712615891495,69097,373,699,29834,
335.83999387835007,69097,372,700,29834,
335.84730968354154,69096,373,700,29834,
335.8491193245578,69096,372,701,29834,
335.8498996322336,69096,371,702,29834,
335.8507703884839,69096,370,703,29834,
335.8521220182855,69096,370,702,29835,
335.8529609705641,69096,369,703,29835,
335.85576650803426,69095,370,703,29835,
335.8595776359036,69095,370,702,29836,
335.8801744465337,69095,370,701,29837,
335.8807359434487,69095,370,700,29838,
335.8989580983619,69094,371,700,29838,
335.9009218519839,69093,372,700,29838,
335.9011486874351,69093,372,699,29839,
335.9022206711894,69093,372,698,29840,
335.90756158272063,69093,372,697,29841,
335.91311125824205,69093,372,696,29842,
335.9244040900205,69093,372,695,29843,
335.9331218897016,69092,373,695,29843,
335.9363423726122,69092,373,694,29844,
335.94119959376377,69091,374,694,29844,
335.9447955874293,69091,374,693,29845,
335.9595502049299,69090,375,693,29845,
335.97488208151015,69090,374,694,29845,
335.97598497571573,69090,373,695,29845,
335.9918536401517,69090,372,696,29845,
335.99818119557466,69090,371,697,29845,
336.0072924395317,69090,371,696,29846,
336.01259673476375,69090,370,697,29846,
336.0127662811417,69090,369,698,29846,
336.0129452708794,69090,369,697,29847,
336.01296847327643,69090,369,696,29848,
336.0172951492023,69089,370,696,29848,
336.01940487053145,69089,369,697,29848,
336.02074600986424,69088,370,697,29848,
336.0382624146858,69088,369,698,29848,
336.03927832346164,69088,368,699,29848,
336.0510950962525,69087,369,699,29848,
336.05431955463155,69087,368,700,29848,
336.0700514227849,69087,368,699,29849,
336.0782371520998,69087,368,698,29850,
336.07914456393365,69087,367,699,29850,
336.0886890416511,69087,366,700,29850,
336.0997037730258,69087,366,699,29851,
336.1023861431226,69087,365,700,29851,
336.1043022731304,69087,365,699,29852,
336.11330626022215,69087,364,700,29852,
336.12670028042396,69087,363,701,29852,
336.1269503898256,69086,364,701,29852,
336.13518381728574,69085,365,701,29852,
336.1355005729905,69085,364,702,29852,
336.1378999510392,69084,365,702,29852,
336.14218188598943,69083,366,702,29852,
336.1432440351827,69083,365,703,29852,
336.1450507743645,69082,366,703,29852,
336.14817034215463,69082,366,702,29853,
336.1542869743145,69081,367,702,29853,
336.1564214931096,69081,367,701,29854,
336.1582467550216,69081,366,702,29854,
336.1693307784855,69081,365,703,29854,
336.1796184725557,69081,364,704,29854,
336.18088160884884,69080,365,704,29854,
336.1829448593697,69080,364,705,29854,
336.1855344782881,69080,364,704,29855,
336.1872769163266,69079,365,704,29855,
336.1889843600215,69078,366,704,29855,
336.19298593525644,69078,365,705,29855,
336.2019635733247,69078,365,704,29856,
336.2079076257253,69078,365,703,29857,
336.20910639945646,69078,364,704,29857,
336.2153178833672,69078,364,703,29858,
336.21635972395137,69077,365,703,29858,
336.21674868375555,69077,364,704,29858,
336.22176857618086,69077,364,703,29859,
336.2289445360007,69077,364,702,29860,
336.22920500344475,69077,364,701,29861,
336.23182548559055,69077,364,700,29862,
336.2441524312917,69077,363,701,29862,
336.24815092344267,69077,363,700,29863,
336.2510975954752,69076,364,700,29863,
336.2563087289303,69076,364,699,29864,
336.25889367797055,69076,363,700,29864,
336.2606143362851,69076,363,699,29865,
336.2613228151109,69076,363,698,29866,
336.27533326140923,69076,363,697,29867,
336.2759774988249,69076,363,696,29868,
336.28062164658513,69076,362,697,29868,
336.28086093853966,69075,363,697,29868,
336.2824868288035,69075,362,698,29868,
336.2829146412277,69075,362,697,29869,
336.28310192383077,69075,362,696,29870,
336.3004245014909,69075,361,697,29870,
336.3071570971892,69074,362,697,29870,
336.32511352502297,69073,363,697,29870,
336.3260179293757,69072,364,697,29870,
336.32821339570506,69071,365,697,29870,
336.3287697990338,69071,364,698,29870,
336.3289993054686,69070,365,698,29870,
336.3383717826766,69069,366,698,29870,
336.33931859438826,69069,365,699,29870,
336.34418021651163,69069,365,698,29871,
336.3539312210444,69069,364,699,29871,
336.3605647789644,69069,363,700,29871,
336.36490242677917,69068,364,700,29871,
336.3702280123127,69068,363,701,29871,
336.3711443568663,69067,364,701,29871,
336.3771269805016,69067,364,700,29872,
336.37963057080435,69067,364,699,29873,
336.3808070832042,69067,364,698,29874,
336.3812350294586,69067,364,697,29875,
336.38498758438124,69067,363,698,29875,
336.38928451138463,69067,362,699,29875,
336.39091417517085,69067,362,698,29876,
336.40126913397063,69067,362,697,29877,
336.40590231804185,69067,361,698,29877,
336.40596738811047,69067,361,697,29878,
336.41018804323477,69067,361,696,29879,
336.4108687779956,69067,361,695,29880,
336.4159769817865,69066,362,695,29880,
336.42223829909364,69066,361,696,29880,
336.42635330323753,69066,361,695,29881,
336.4269908544768,69065,362,695,29881,
336.43490166394065,69065,362,694,29882,
336.44193810496864,69065,361,695,29882,
336.4440650830005,69065,361,694,29883,
336.4475804621056,69065,361,693,29884,
336.45349018355415,69065,360,694,29884,
336.45491601103316,69065,359,695,29884,
336.45663463915025,69065,359,694,29885,
336.4630140573756,69065,358,695,29885,
336.4637529972904,69065,357,696,29885,
336.46566654272715,69065,356,697,29885,
336.4669380671436,69065,355,698,29885,
336.4773269835161,69065,354,699,29885,
336.4794911218734,69065,353,700,29885,
336.4866822746808,69065,352,701,29885,
336.487825439712,69065,352,700,29886,
336.48866240601785,69064,353,700,29886,
336.48955208864754,69063,354,700,29886,
336.48980490087365,69063,353,701,29886,
336.50941315743887,69062,354,701,29886,
336.5102223757753,69062,353,702,29886,
336.51085475366204,69062,352,703,29886,
336.51175232474696,69061,353,703,29886,
336.51893973194456,69060,354,703,29886,
336.5201099367952,69060,353,704,29886,
336.524974728359,69059,354,704,29886,
336.5264214023968,69059,353,705,29886,
336.53098234630767,69059,352,706,29886,
336.5368722232291,69059,351,707,29886,
336.5533502661983,69058,352,707,29886,
336.5556286715166,69058,352,706,29887,
336.5636682135531,69058,352,705,29888,
336.56758406038784,69058,351,706,29888,
336.56997207871734,69057,352,706,29888,
336.5739624995726,69057,351,707,29888,
336.5791124141658,69057,350,708,29888,
336.5884716214741,69057,349,709,29888,
336.5899535789186,69057,348,710,29888,
336.5926410382544,69056,349,710,29888,
336.60445066050124,69056,349,709,29889,
336.6100614032866,69055,350,709,29889,
336.6174342337096,69055,350,708,29890,
336.6206997775341,69055,350,707,29891,
336.6254812479058,69055,350,706,29892,
336.62640794338984,69054,351,706,29892,
336.62858992740536,69053,352,706,29892,
336.63057304595003,69053,352,705,29893,
336.63098349591064,69053,352,704,29894,
336.635169877117,69052,353,704,29894,
336.6431380140569,69052,353,703,29895,
336.6443696354858,69052,353,702,29896,
336.6540352969666,69052,353,701,29897,
336.6544315917086,69052,353,700,29898,
336.6556408840571,69052,353,699,29899,
336.66241467009087,69051,354,699,29899,
336.66276418495954,69051,353,700,29899,
336.6669829550642,69050,354,700,29899,
336.67039165249105,69050,354,699,29900,
336.6787243211843,69050,354,698,29901,
336.68895538011657,69050,354,697,29902,
336.6914328939297,69050,353,698,29902,
336.6981878387927,69049,354,698,29902,
336.69973863090274,69049,353,699,29902,
336.7029903616843,69049,352,700,29902,
336.704453389797,69048,353,700,29902,
336.7079028617515,69048,353,699,29903,
336.708564394745,69048,353,698,29904,
336.71797746079,69048,353,697,29905,
336.72031734700244,69048,353,696,29906,
336.72297000137144,69048,353,695,29907,
336.73341036280175,69048,353,694,29908,
336.73383212048674,69048,353,693,29909,
336.7390056123074,69048,352,694,29909,
336.7424891709743,69047,353,694,29909,
336.7428629642425,69047,353,693,29910,
336.75023168597147,69046,354,693,29910,
336.75235804031706,69045,355,693,29910,
336.7545275626197,69045,355,692,29911,
336.76842076011485,69045,355,691,29912,
336.76937647382204,69045,354,692,29912,
336.7728254600402,69045,354,691,29913,
336.77441379910863,69044,355,691,29913,
336.7746593833373,69043,356,691,29913,
336.7764659289313,69043,355,692,29913,
336.7768228028833,69043,354,693,29913,
336.7862912921557,69043,354,692,29914,
336.7906315043806,69042,355,692,29914,
336.7906509323412,69042,355,691,29915,
336.80699317449256,69042,354,692,29915,
336.81039644390694,69042,354,691,29916,
336.81719402948323,69041,355,691,29916,
336.8198334919008,69041,355,690,29917,
336.8266755566649,69041,355,689,29918,
336.8277379222983,69040,356,689,29918,
336.8315449711693,69039,357,689,29918,
336.8326213861803,69038,358,689,29918,
336.8444865568639,69038,358,688,29919,
336.8530531302026,69038,357,689,29919,
336.8579519533605,69038,357,688,29920,
336.86330877874866,69038,357,687,29921,
336.8638731779792,69038,356,688,29921,
336.8726527633133,69038,356,687,29922,
336.8753016844664,69038,356,686,29923,
336.88142717327673,69038,355,687,29923,
336.8885816072033,69037,356,687,29923,
336.8888397429382,69037,355,688,29923,
336.89019619222614,69036,356,688,29923,
336.89305448820744,69036,355,689,29923,
336.91049500798033,69036,354,690,29923,
336.91460110695135,69036,354,689,29924,
336.91890307294403,69035,355,689,29924,
336.92680716526337,69035,354,690,29924,
336.92705585920226,69035,354,689,29925,
336.93562830612893,69034,355,689,29925,
336.93566369197947,69034,355,688,29926,
336.93720513268227,69034,355,687,29927,
336.9448267495593,69034,355,686,29928,
336.9456712166545,69034,355,685,29929,
336.947014033661,69033,356,685,29929,
336.9514401919481,69033,355,686,29929,
336.95332531259123,69033,355,685,29930,
336.9658951447154,69033,354,686,29930,
336.9690465191779,69032,355,686,29930,
336.970738049157,69031,356,686,29930,
336.9715305396346,69031,356,685,29931,
336.9715320727258,69031,356,684,29932,
336.9768669848683,69030,357,684,29932,
336.97986017601016,69030,356,685,29932,
336.9911046527187,69030,355,686,29932,
336.9942975312672,69030,354,687,29932,
336.9980002960983,69030,354,686,29933,
336.9990580356615,69030,353,687,29933,
337.0033812700918,69030,352,688,29933,
337.0095726716387,69030,352,687,29934,
337.017085217127,69030,352,686,29935,
337.0188470496078,69030,352,685,29936,
337.0236982785958,69030,352,684,29937,
337.0282762683347,69029,353,684,29937,
337.0324115427915,69029,353,683,29938,
337.03547269854215,69029,353,682,29939,
337.04270733376234,69029,353,681,29940,
337.04315870697656,69029,352,682,29940,
337.04383382545853,69029,351,683,29940,
337.046481169259,69028,352,683,29940,
337.04944420187365,69027,353,683,29940,
337.0655923598896,69027,353,682,29941,
337.0675981844022,69027,352,683,29941,
337.07119300023754,69027,352,682,29942,
337.0736003711639,69027,352,681,29943,
337.0740708227892,69027,352,680,29944,
337.0792721392966,69027,352,679,29945,
337.0961791994083,69026,353,679,29945,
337.09985945919027,69026,353,678,29946,
337.1149056837929,69026,353,677,29947,
337.13108821490516,69026,352,678,29947,
337.1340234964586,69026,352,677,29948,
337.13683616656505,69025,353,677,29948,
337.14962823624967,69024,354,677,29948,
337.1536329546381,69023,355,677,29948,
337.1606443813619,69023,355,676,29949,
337.16680706971727,69023,355,675,29950,
337.16769704078735,69023,355,674,29951,
337.1682639860046,69023,355,673,29952,
337.16938560100147,69022,356,673,29952,
337.17925111209587,69022,356,672,29953,
337.18105548714504,69022,356,671,29954,
337.18782473205346,69021,357,671,29954,
337.1953803676936,69021,357,670,29955,
337.1990217476705,69021,357,669,29956,
337.2039262743711,69021,357,668,29957,
337.21501105306913,69021,357,667,29958,
337.2172250889373,69021,357,666,29959,
337.2182026750855,69021,357,665,29960,
337.21959602285517,69021,357,664,29961,
337.22381400869057,69020,358,664,29961,
337.22457862730715,69020,358,663,29962,
337.22605409673804,69020,358,662,29963,
337.226802030112,69020,358,661,29964,
337.227774572461,69020,357,662,29964,
337.23078804566927,69020,357,661,29965,
337.23764909099174,69020,356,662,29965,
337.23812203784865,69020,355,663,29965,
337.23886953540915,69019,356,663,29965,
337.2502389830952,69019,355,664,29965,
337.2602079376876,69019,354,665,29965,
337.2634317338295,69018,355,665,29965,
337.2651153859487,69018,354,666,29965,
337.2675254254881,69018,354,665,29966,
337.2868522118364,69018,354,664,29967,
337.2881357566511,69018,354,663,29968,
337.28935801541104,69017,355,663,29968,
337.2952971053424,69017,354,664,29968,
337.30662475227945,69016,355,664,29968,
337.3082918598463,69015,356,664,29968,
337.30884326757234,69015,355,665,29968,
337.3096281544773,69014,356,665,29968,
337.31347519979573,69014,355,666,29968,
337.31437885784084,69014,355,665,29969,
337.31773741960967,69014,355,664,29970,
337.3224246601606,69014,355,663,29971,
337.3281338318504,69014,355,662,29972,
337.33132972280237,69014,355,661,29973,
337.3379353856115,69013,356,661,29973,
337.346260677792,69013,356,660,29974,
337.3555818801471,69013,356,659,29975,
337.36269819002223,69013,356,658,29976,
337.3708500629175,69013,355,659,29976,
337.37263676393053,69013,355,658,29977,
337.3742394371815,69013,355,657,29978,
337.37800128494627,69013,355,656,29979,
337.3781085922164,69013,355,655,29980,
337.38057007726405,69013,354,656,29980,
337.38163995053264,69013,354,655,29981,
337.38212794852757,69013,354,654,29982,
337.3828540535098,69012,355,654,29982,
337.38432334946157,69012,354,655,29982,
337.38597198025684,69012,354,654,29983,
337.3942052238069,69012,354,653,29984,
337.3976850199846,69012,354,652,29985,
337.39923379080227,69011,355,652,29985,
337.4094759887638,69010,356,652,29985,
337.4154007525669,69009,357,652,29985,
337.41558657972337,69009,357,651,29986,
337.4206405057549,69009,356,652,29986,
337.42699688219204,69009,355,653,29986,
337.42983943597466,69008,356,653,29986,
337.4315525877746,69008,356,652,29987,
337.4328330012302,69008,356,651,29988,
337.44446645552296,69008,356,650,29989,
337.45244699331664,69008,356,649,29990,
337.45617088369096,69008,355,650,29990,
337.466606856317,69008,355,649,29991,
337.4672849562493,69008,355,648,29992,
337.4681605744659,69008,355,647,29993,
337.4682526208234,69008,355,646,29994,
337.4726762355029,69007,356,646,29994,
337.4792488994962,69007,356,645,29995,
337.47966723924736,69006,357,645,29995,
337.48010755876334,69006,356,646,29995,
337.49842306710116,69005,357,646,29995,
337.4995148215923,69005,356,647,29995,
337.4996401686156,69005,355,648,29995,
337.50226021939704,69005,354,649,29995,
337.50226068522073,69005,354,648,29996,
337.5067351381572,69004,355,648,29996,
337.5075222916928,69004,354,649,29996,
337.51281899113064,69003,355,649,29996,
337.51295514228025,69002,356,649,29996,
337.5159650803664,69002,355,650,29996,
337.51671642637007,69002,354,651,29996,
337.5203467190544,69002,354,650,29997,
337.524023904852,69002,354,649,29998,
337.52462936222594,69001,355,649,29998,
337.53932651945763,69001,354,650,29998,
337.542132313937,69001,354,649,29999,
337.5437092251595,69001,353,650,29999,
337.5446208700016,69001,352,651,29999,
337.54653791265525,69001,351,652,29999,
337.5576669017867,69001,350,653,29999,
337.55791632550137,69001,349,654,29999,
337.5608989466551,69001,348,655,29999,
337.5639938550739,69000,349,655,29999,
337.565350361401,69000,349,654,30000,
337.5673739453138,69000,348,655,30000,
337.5678413784149,69000,347,656,30000,
337.57860626998195,69000,346,657,30000,
337.58091687869705,68999,347,657,30000,
337.58319449377876,68998,348,657,30000,
337.5854792963973,68998,347,658,30000,
337.5902380350035,68998,347,657,30001,
337.5966677502109,68998,347,656,30002,
337.6092741240369,68998,346,657,30002,
337.6107831474408,68998,345,658,30002,
337.61559286075726,68997,346,658,30002,
337.6218379553812,68997,346,657,30003,
337.6264043033526,68997,345,658,30003,
337.62740171086966,68997,344,659,30003,
337.62801535215885,68996,345,659,30003,
337.632451038585,68995,346,659,30003,
337.652341152621,68994,347,659,30003,
337.65445630990087,68994,347,658,30004,
337.6579709886231,68994,347,657,30005,
337.6583044011712,68994,347,656,30006,
337.66024471523303,68993,348,656,30006,
337.6701675030945,68993,347,657,30006,
337.67116991069025,68992,348,657,30006,
337.6811959697045,68991,349,657,30006,
337.68218357280665,68991,349,656,30007,
337.6844967537719,68990,350,656,30007,
337.68529034037897,68990,350,655,30008,
337.7034858947327,68990,349,656,30008,
337.7072724461873,68990,348,657,30008,
337.7093189206362,68990,348,656,30009,
337.712926686174,68990,348,655,30010,
337.7180742144099,68990,347,656,30010,
337.7216223327715,68990,346,657,30010,
337.721808834772,68990,345,658,30010,
337.72257438445513,68990,344,659,30010,
337.7252761941873,68990,344,658,30011,
337.728577210105,68989,345,658,30011,
337.73621852968284,68989,345,657,30012,
337.74100206064116,68989,345,656,30013,
337.7599100008992,68988,346,656,30013,
337.76268847043565,68988,346,655,30014,
337.766495700652,68988,345,656,30014,
337.7666179182999,68988,345,655,30015,
337.76711909593695,68987,346,655,30015,
337.76928810018336,68987,346,654,30016,
337.77010093910104,68987,346,653,30017,
337.7712919516172,68987,346,652,30018,
337.77289325051,68986,347,652,30018,
337.7871063400607,68986,346,653,30018,
337.80009687707036,68986,346,652,30019,
337.8034191670263,68986,346,651,30020,
337.80628585966934,68986,346,650,30021,
337.8063702927535,68986,345,651,30021,
337.81191933541,68985,346,651,30021,
337.8138619538338,68984,347,651,30021,
337.81556113283494,68983,348,651,30021,
337.81681552931747,68982,349,651,30021,
337.8192475725389,68981,350,651,30021,
337.83193221710366,68981,349,652,30021,
337.8453711695927,68981,348,653,30021,
337.84636969854154,68981,348,652,30022,
337.84809791499276,68980,349,652,30022,
337.84841653551536,68980,349,651,30023,
337.85537502521134,68980,348,652,30023,
337.85551228202735,68980,348,651,30024,
337.85821400155083,68980,348,650,30025,
337.8601059942143,68979,349,650,30025,
337.8762014671396,68979,348,651,30025,
337.88942796877177,68979,348,650,30026,
337.9005771133467,68979,347,651,30026,
337.9055423685469,68979,347,650,30027,
337.90774025367364,68978,348,650,30027,
337.9142602352598,68978,347,651,30027,
337.9220442486522,68978,346,652,30027,
337.9351058980283,68978,345,653,30027,
337.93613263423504,68977,346,653,30027,
337.94423799562577,68977,346,652,30028,
337.9484127702696,68976,347,652,30028,
337.9570442684302,68975,348,652,30028,
337.9669233824039,68974,349,652,30028,
337.9792065732704,68974,348,653,30028,
337.98273605678907,68974,348,652,30029,
337.9835348114971,68974,348,651,30030,
337.9855875901257,68974,348,650,30031,
337.9878909641832,68974,347,651,30031,
337.9897178285995,68974,347,650,30032,
337.99263019511255,68974,347,649,30033,
337.99343605648613,68973,348,649,30033,
337.99648670927803,68972,349,649,30033,
338.00499289319913,68972,349,648,30034,
338.008778250825,68971,350,648,30034,
338.00959974551336,68971,349,649,30034,
338.0132349015323,68971,348,650,30034,
338.0133156627306,68971,347,651,30034,
338.0134500126931,68970,348,651,30034,
338.0156269542559,68970,347,652,30034,
338.0183595153887,68970,347,651,30035,
338.02174321692536,68969,348,651,30035,
338.0271095632897,68968,349,651,30035,
338.02811726260427,68968,348,652,30035,
338.02977882245733,68967,349,652,30035,
338.0310696922952,68967,349,651,30036,
338.03397194723794,68967,349,650,30037,
338.0435884610426,68966,350,650,30037,
338.0443814344293,68965,351,650,30037,
338.04444897088086,68964,352,650,30037,
338.0495417427067,68964,352,649,30038,
338.05416065281725,68963,353,649,30038,
338.0547110715709,68962,354,649,30038,
338.0565389832783,68961,355,649,30038,
338.05754944956846,68961,355,648,30039,
338.06089663734826,68961,354,649,30039,
338.07284203241426,68961,353,650,30039,
338.093194766668,68961,353,649,30040,
338.10242245695025,68961,353,648,30041,
338.10314723539346,68961,353,647,30042,
338.1046191592927,68961,353,646,30043,
338.12453948144025,68961,353,645,30044,
338.12646994287144,68961,352,646,30044,
338.12878726964817,68961,351,647,30044,
338.1297978234132,68961,351,646,30045,
338.13733218282476,68961,350,647,30045,
338.13854848331164,68960,351,647,30045,
338.13910172951995,68960,351,646,30046,
338.1424732533778,68960,351,645,30047,
338.1427678702678,68960,350,646,30047,
338.146083255542,68960,350,645,30048,
338.1481060211863,68959,351,645,30048,
338.1490420657516,68958,352,645,30048,
338.1523365802518,68958,352,644,30049,
338.16051245242465,68958,351,645,30049,
338.16110897764,68958,350,646,30049,
338.1622755450436,68958,350,645,30050,
338.16704211009886,68958,350,644,30051,
338.17176946055565,68957,351,644,30051,
338.1767755429032,68956,352,644,30051,
338.1798083328742,68956,352,643,30052,
338.18094900361575,68956,352,642,30053,
338.18117688601467,68956,352,641,30054,
338.18561530721155,68956,351,642,30054,
338.1905695199323,68956,350,643,30054,
338.197097894626,68955,351,643,30054,
338.19716432920967,68955,350,644,30054,
338.20434281907023,68954,351,644,30054,
338.20838350052935,68953,352,644,30054,
338.21166531841794,68952,353,644,30054,
338.21216500353324,68952,353,643,30055,
338.22042793490965,68952,353,642,30056,
338.2214352518492,68952,352,643,30056,
338.2225634860569,68952,351,644,30056,
338.22565637084614,68951,352,644,30056,
338.23282935527925,68951,351,645,30056,
338.2380989854797,68951,350,646,30056,
338.2489418197768,68951,350,645,30057,
338.25547384741054,68950,351,645,30057,
338.2581119433669,68950,351,644,30058,
338.2649329811479,68950,350,645,30058,
338.2665901701557,68949,351,645,30058,
338.2758062957443,68948,352,645,30058,
338.28715003885316,68948,352,644,30059,
338.28796072550944,68948,352,643,30060,
338.2890105278477,68948,352,642,30061,
338.2938460710152,68948,351,643,30061,
338.3058796211668,68947,352,643,30061,
338.30891581299255,68946,353,643,30061,
338.3151540352268,68946,352,644,30061,
338.32677252788017,68946,351,645,30061,
338.32839432678486,68946,350,646,30061,
338.32889530174253,68946,350,645,30062,
338.3295431291474,68946,349,646,30062,
338.33831963121725,68946,349,645,30063,
338.3388054416135,68946,348,646,30063,
338.34776578300136,68946,347,647,30063,
338.35021921808163,68946,346,648,30063,
338.3507030896328,68945,347,648,30063,
338.3636807692842,68945,347,647,30064,
338.3642188388002,68945,346,648,30064,
338.36464589711414,68945,345,649,30064,
338.3655489892265,68945,345,648,30065,
338.39104974161006,68945,344,649,30065,
338.39687014103026,68945,344,648,30066,
338.40013459191846,68945,344,647,30067,
338.4085026381339,68945,344,646,30068,
338.409693177483,68944,345,646,30068,
338.4118441181627,68944,345,645,30069,
338.41606353002163,68943,346,645,30069,
338.4205257201195,68942,347,645,30069,
338.4267811863966,68942,347,644,30070,
338.43709653303165,68942,347,643,30071,
338.43904231628045,68941,348,643,30071,
338.44574573022027,68941,347,644,30071,
338.4494050658885,68941,347,643,30072,
338.4497297523171,68941,347,642,30073,
338.4530736556429,68941,347,641,30074,
338.4532466676613,68941,346,642,30074,
338.45955033633857,68941,345,643,30074,
338.45965305359954,68941,345,642,30075,
338.4624558936914,68941,344,643,30075,
338.4627742778697,68940,345,643,30075,
338.4652638190203,68940,345,642,30076,
338.4667645814337,68939,346,642,30076,
338.4692816958894,68938,347,642,30076,
338.4739708053639,68937,348,642,30076,
338.47476591257754,68936,349,642,30076,
338.47647105953246,68936,349,641,30077,
338.4822624716039,68936,348,642,30077,
338.49267219173237,68935,349,642,30077,
338.5036601411092,68934,350,642,30077,
338.51256125317866,68934,350,641,30078,
338.5131510450743,68934,350,640,30079,
338.52161015383365,68934,350,639,30080,
338.52534799777004,68934,350,638,30081,
338.5347925765422,68933,351,638,30081,
338.53931751395737,68933,350,639,30081,
338.5420941036475,68932,351,639,30081,
338.5437537121972,68932,350,640,30081,
338.54459831775836,68931,351,640,30081,
338.5456805767509,68931,351,639,30082,
338.5474642618849,68931,350,640,30082,
338.5534623138747,68931,350,639,30083,
338.5558826851028,68930,351,639,30083,
338.56322879797085,68930,351,638,30084,
338.56629472858634,68930,350,639,30084,
338.5678035006015,68930,350,638,30085,
338.56952852656997,68930,350,637,30086,
338.5705642487068,68930,349,638,30086,
338.5798189354214,68930,349,637,30087,
338.58460429280603,68929,350,637,30087,
338.59345032660906,68929,350,636,30088,
338.59400577485496,68928,351,636,30088,
338.59627424559784,68928,350,637,30088,
338.59830006067955,68928,350,636,30089,
338.6043555831672,68927,351,636,30089,
338.60441721385524,68927,350,637,30089,
338.60743303865087,68927,350,636,30090,
338.613319809198,68927,350,635,30091,
338.6237711798679,68927,350,634,30092,
338.62720598263263,68927,349,635,30092,
338.63709451983465,68927,348,636,30092,
338.637808895568,68927,348,635,30093,
338.64426885029076,68926,349,635,30093,
338.6447387978994,68926,349,634,30094,
338.64947135983425,68925,350,634,30094,
338.6507075599664,68924,351,634,30094,
338.654795187277,68924,350,635,30094,
338.6657630368934,68924,349,636,30094,
338.6685897741252,68923,350,636,30094,
338.674546795651,68922,351,636,30094,
338.68474547923825,68922,350,637,30094,
338.6851838298627,68921,351,637,30094,
338.6855919290062,68920,352,637,30094,
338.6863068537234,68920,351,638,30094,
338.6928430237997,68919,352,638,30094,
338.69407203734346,68919,352,637,30095,
338.6963747862477,68918,353,637,30095,
338.7023237161644,68918,353,636,30096,
338.70337681618605,68918,353,635,30097,
338.7064554843832,68917,354,635,30097,
338.71213312381184,68917,354,634,30098,
338.7129719509083,68916,355,634,30098,
338.724933621751,68916,354,635,30098,
338.732868393823,68916,354,634,30099,
338.73455632922185,68916,353,635,30099,
338.7355753568865,68915,354,635,30099,
338.7394504222115,68914,355,635,30099,
338.74014757352325,68913,356,635,30099,
338.7428856125663,68912,357,635,30099,
338.7466827069096,68912,357,634,30100,
338.7480511323713,68911,358,634,30100,
338.75597425841784,68911,357,635,30100,
338.7630928064707,68911,356,636,30100,
338.7702951430277,68910,357,636,30100,
338.77321036159924,68910,356,637,30100,
338.77614500252105,68909,357,637,30100,
338.7796234989565,68909,356,638,30100,
338.7879654575777,68909,356,637,30101,
338.8193287384271,68909,356,636,30102,
338.8225240740634,68909,356,635,30103,
338.8277141747195,68909,356,634,30104,
338.8285337623903,68909,355,635,30104,
338.83456501318466,68909,354,636,30104,
338.84077881827153,68909,353,637,30104,
338.8471305341349,68909,353,636,30105,
338.85032571833705,68908,354,636,30105,
338.852970845897,68908,353,637,30105,
338.8537241646941,68908,353,636,30106,
338.85497682360165,68908,353,635,30107,
338.8572555018698,68908,352,636,30107,
338.859353736888,68908,351,637,30107,
338.8669827045317,68908,351,636,30108,
338.8674058234488,68908,350,637,30108,
338.88000198372237,68907,351,637,30108,
338.8801096373809,68906,352,637,30108,
338.88969466930433,68906,352,636,30109,
338.89129366548474,68905,353,636,30109,
338.89598153997827,68905,352,637,30109,
338.896703759499,68905,352,636,30110,
338.9057718506417,68904,353,636,30110,
338.91152443018274,68904,353,635,30111,
338.91220027604913,68903,354,635,30111,
338.9250429922775,68903,353,636,30111,
338.9253218902712,68903,352,637,30111,
338.93182026843664,68903,352,636,30112,
338.93879315192237,68903,352,635,30113,
338.93949104607054,68903,351,636,30113,
338.9401164414728,68903,351,635,30114,
338.9482216426007,68903,350,636,30114,
338.95660433279255,68903,349,637,30114,
338.9569899299194,68903,348,638,30114,
338.9575329057947,68902,349,638,30114,
338.9665293424335,68902,348,639,30114,
338.96734125518276,68902,348,638,30115,
338.9866058975418,68902,348,637,30116,
338.98783655518054,68901,349,637,30116,
338.9890610481627,68901,348,638,30116,
338.99684322146925,68901,348,637,30117,
339.00711304798733,68901,348,636,30118,
339.0166069429961,68901,348,635,30119,
339.01740507710065,68901,348,634,30120,
339.01857102559416,68901,347,635,30120,
339.02540492681067,68901,347,634,30121,
339.0391178159937,68901,346,635,30121,
339.0399055308541,68901,346,634,30122,
339.0436671734732,68901,346,633,30123,
339.0507734204808,68900,347,633,30123,
339.0573553960888,68900,346,634,30123,
339.06624798549575,68899,347,634,30123,
339.06771506520766,68898,348,634,30123,
339.07571313769034,68897,349,634,30123,
339.0838367555277,68897,349,633,30124,
339.08500323865803,68897,349,632,30125,
339.0905758218959,68897,349,631,30126,
339.0921040834949,68896,350,631,30126,
339.0922188321915,68896,349,632,30126,
339.10027581298016,68896,349,631,30127,
339.10221916693695,68895,350,631,30127,
339.11377450070614,68895,350,630,30128,
339.13678778673955,68894,351,630,30128,
339.14007708211636,68894,351,629,30129,
339.1402643600581,68894,351,628,30130,
339.1424196552172,68894,351,627,30131,
339.14449428852805,68893,352,627,30131,
339.14473723612304,68893,351,628,30131,
339.1470707003974,68892,352,628,30131,
339.1487604219854,68892,352,627,30132,
339.161701338383,68891,353,627,30132,
339.16376921809257,68891,353,626,30133,
339.1656357036493,68890,354,626,30133,
339.1678858124807,68890,354,625,30134,
339.1682783793057,68889,355,625,30134,
339.17802998981944,68888,356,625,30134,
339.17807697099965,68888,355,626,30134,
339.1880049993913,68887,356,626,30134,
339.1886697320886,68887,355,627,30134,
339.19022928380775,68887,354,628,30134,
339.19267238930286,68886,355,628,30134,
339.1952052392858,68886,354,629,30134,
339.1958419540805,68886,354,628,30135,
339.20724891953074,68886,353,629,30135,
339.2073557267151,68886,353,628,30136,
339.20809384051546,68886,353,627,30137,
339.20913785947647,68885,354,627,30137,
339.21432747763413,68885,353,628,30137,
339.217202713071,68885,353,627,30138,
339.21772279745096,68884,354,627,30138,
339.21920377265445,68884,353,628,30138,
339.22799300058523,68884,353,627,30139,
339.2327981069511,68883,354,627,30139,
339.23470584083157,68883,354,626,30140,
339.2361722399937,68882,355,626,30140,
339.2362831114473,68882,355,625,30141,
339.23939257132315,68882,354,626,30141,
339.24304787527313,68882,354,625,30142,
339.2461774228517,68881,355,625,30142,
339.24860552970574,68881,354,626,30142,
339.2499871543332,68881,353,627,30142,
339.26371835963096,68880,354,627,30142,
339.2811231116901,68879,355,627,30142,
339.2874286692489,68879,355,626,30143,
339.28852253887845,68879,355,625,30144,
339.29421958057225,68878,356,625,30144,
339.31532921487303,68877,357,625,30144,
339.3167304055238,68876,358,625,30144,
339.3179902114709,68876,358,624,30145,
339.319579699174,68876,357,625,30145,
339.33380341841115,68875,358,625,30145,
339.3369100327065,68875,358,624,30146,
339.34314201242995,68875,358,623,30147,
339.34763394728714,68875,357,624,30147,
339.3499367153917,68875,357,623,30148,
339.35638653457005,68875,356,624,30148,
339.3616733045491,68875,356,623,30149,
339.36454815573506,68874,357,623,30149,
339.3684803042294,68874,356,624,30149,
339.3895041121746,68873,357,624,30149,
339.42026327469364,68873,357,623,30150,
339.42373178328774,68872,358,623,30150,
339.4254123972593,68872,358,622,30151,
339.42616143567915,68872,357,623,30151,
339.4415813425765,68872,357,622,30152,
339.4466767036834,68872,357,621,30153,
339.45426301288313,68872,356,622,30153,
339.4651655850685,68872,356,621,30154,
339.46901466170624,68872,356,620,30155,
339.4706760310891,68872,355,621,30155,
339.47322765809315,68872,355,620,30156,
339.47517107092114,68872,354,621,30156,
339.4796442940113,68872,353,622,30156,
339.48204138091006,68871,354,622,30156,
339.4841555707062,68871,354,621,30157,
339.4907775299438,68870,355,621,30157,
339.4955349806325,68870,354,622,30157,
339.49838927732213,68870,353,623,30157,
339.5132660047274,68870,352,624,30157,
339.5183488192266,68870,351,625,30157,
339.5270339671513,68870,350,626,30157,
339.5298393255614,68870,349,627,30157,
339.5379080104572,68870,349,626,30158,
339.5471242419974,68870,349,625,30159,
339.5603575753437,68870,348,626,30159,
339.5732608087672,68870,347,627,30159,
339.57838756461285,68870,347,626,30160,
339.5845901971091,68870,346,627,30160,
339.5874452256381,68869,347,627,30160,
339.60176329367,68869,346,628,30160,
339.60929160301214,68869,345,629,30160,
339.60973580966794,68869,345,628,30161,
339.61217283853205,68869,345,627,30162,
339.6138792950002,68869,344,628,30162,
339.61775863920406,68869,344,627,30163,
339.62164132324745,68868,345,627,30163,
339.6220035921423,68868,345,626,30164,
339.627525649927,68868,344,627,30164,
339.6278029731324,68868,343,628,30164,
339.6380056980917,68868,342,629,30164,
339.6407857364955,68868,342,628,30165,
339.6443823794374,68868,342,627,30166,
339.64714619482453,68867,343,627,30166,
339.65026948385287,68867,342,628,30166,
339.65361124559183,68867,342,627,30167,
339.65407832589426,68866,343,627,30167,
339.6559656006696,68865,344,627,30167,
339.65610918761246,68864,345,627,30167,
339.66583472612785,68864,345,626,30168,
339.6785853605778,68864,345,625,30169,
339.6805366635572,68864,345,624,30170,
339.6851760290978,68863,346,624,30170,
339.6980865933304,68863,346,623,30171,
339.70264351553675,68863,345,624,30171,
339.7034751214075,68863,345,623,30172,
339.7068270523612,68863,344,624,30172,
339.70820280740355,68863,343,625,30172,
339.7092374781875,68863,343,624,30173,
339.7110234289933,68863,342,625,30173,
339.7135853707082,68863,341,626,30173,
339.71872299085237,68863,340,627,30173,
339.72240176646284,68863,340,626,30174,
339.7474456154468,68863,340,625,30175,
339.7584403781616,68862,341,625,30175,
339.7604354671669,68862,341,624,30176,
339.76070014367,68862,341,623,30177,
339.76121949962834,68862,341,622,30178,
339.7672586179488,68862,341,621,30179,
339.7739813291806,68862,341,620,30180,
339.7802994709902,68862,340,621,30180,
339.78113735793244,68862,340,620,30181,
339.7831682928797,68861,341,620,30181,
339.78887187193425,68860,342,620,30181,
339.79091101685657,68859,343,620,30181,
339.79384461864356,68858,344,620,30181,
339.7965736319662,68857,345,620,30181,
339.8006021127901,68857,345,619,30182,
339.80869116107993,68857,344,620,30182,
339.8094149559146,68857,343,621,30182,
339.8099373161698,68857,342,622,30182,
339.8130040813182,68856,343,622,30182,
339.82120647820057,68856,343,621,30183,
339.8219923877048,68856,342,622,30183,
339.8269039904022,68856,342,621,30184,
339.83308374060414,68855,343,621,30184,
339.83961339215006,68854,344,621,30184,
339.84355850352426,68854,344,620,30185,
339.8519130533357,68854,343,621,30185,
339.8521108104677,68854,342,622,30185,
339.8716021952454,68854,342,621,30186,
339.8722180700563,68854,341,622,30186,
339.8768249297267,68853,342,622,30186,
339.8817267347627,68852,343,622,30186,
339.8825236194385,68851,344,622,30186,
339.8832118836027,68851,344,621,30187,
339.8851537458516,68851,344,620,30188,
339.8889958219962,68850,345,620,30188,
339.9009231036524,68850,345,619,30189,
339.92013989612104,68849,346,619,30189,
339.9231959553511,68849,346,618,30190,
339.92869389663986,68849,346,617,30191,
339.9315102086824,68849,345,618,30191,
339.9326350307805,68848,346,618,30191,
339.93273719663887,68848,345,619,30191,
339.9331753269678,68848,345,618,30192,
339.9354687576608,68848,344,619,30192,
339.94663693610613,68848,343,620,30192,
339.95802897107677,68848,342,621,30192,
339.9587218691135,68847,343,621,30192,
339.9686908050427,68847,343,620,30193,
339.970816866185,68846,344,620,30193,
339.97742659650515,68845,345,620,30193,
339.980710595936,68845,344,621,30193,
339.98194863175837,68845,344,620,30194,
339.9827021057518,68845,344,619,30195,
339.9881050617817,68845,343,620,30195,
339.9981460132599,68845,343,619,30196,
339.99957827234414,68844,344,619,30196,
340.00094063371415,68843,345,619,30196,
340.0103661941556,68842,346,619,30196,
340.01306695849325,68841,347,619,30196,
340.0219092780146,68841,347,618,30197,
340.0309777010128,68841,346,619,30197,
340.03481123827333,68841,346,618,30198,
340.035280550871,68840,347,618,30198,
340.0514824405183,68840,346,619,30198,
340.0516037579197,68840,346,618,30199,
340.0537455859677,68840,346,617,30200,
340.0568854301975,68840,346,616,30201,
340.0595057445292,68840,346,615,30202,
340.0697505243801,68840,345,616,30202,
340.07162307676504,68839,346,616,30202,
340.0742489300439,68838,347,616,30202,
340.08373948449236,68837,348,616,30202,
340.0926118507194,68837,347,617,30202,
340.1207908708948,68837,347,616,30203,
340.13572387820574,68837,346,617,30203,
340.13589137104054,68837,346,616,30204,
340.137644840006,68836,347,616,30204,
340.1376526550295,68836,346,617,30204,
340.14284835343216,68836,346,616,30205,
340.1504944569923,68836,346,615,30206,
340.15264761702576,68836,346,614,30207,
340.15924728847375,68836,346,613,30208,
340.1620185775375,68836,345,614,30208,
340.1650780273134,68836,345,613,30209,
340.1675269424768,68836,344,614,30209,
340.1705938783535,68835,345,614,30209,
340.1853557631712,68835,344,615,30209,
340.19554228597354,68835,343,616,30209,
340.19980400865586,68835,342,617,30209,
340.2192155373603,68834,343,617,30209,
340.22040219405994,68833,344,617,30209,
340.22396500061427,68833,343,618,30209,
340.22977109391945,68832,344,618,30209,
340.2371354417069,68832,343,619,30209,
340.2379324136148,68832,342,620,30209,
340.2381749341232,68832,341,621,30209,
340.238604570142,68831,342,621,30209,
340.2419305049133,68831,341,622,30209,
340.24520198840804,68831,341,621,30210,
340.24822239135267,68830,342,621,30210,
340.25263481892557,68830,342,620,30211,
340.25379863909626,68829,343,620,30211,
340.25440780906774,68828,344,620,30211,
340.2657679447522,68827,345,620,30211,
340.2659854015267,68827,345,619,30212,
340.2668258690256,68827,344,620,30212,
340.27167819128647,68827,343,621,30212,
340.27225119055805,68827,343,620,30213,
340.27310331784065,68827,343,619,30214,
340.27613808529685,68827,342,620,30214,
340.2788466189953,68827,341,621,30214,
340.28482094154657,68826,342,621,30214,
340.28869140609066,68826,341,622,30214,
340.29357824018814,68825,342,622,30214,
340.2996651262382,68825,341,623,30214,
340.3053753092789,68825,341,622,30215,
340.30585141685197,68825,340,623,30215,
340.30727870350387,68825,340,622,30216,
340.3103545834254,68825,339,623,30216,
340.3133647988686,68824,340,623,30216,
340.31984696151,68824,339,624,30216,
340.3235462576988,68823,340,624,30216,
340.32724645184453,68823,339,625,30216,
340.32988153728587,68823,338,626,30216,
340.3321506525132,68822,339,626,30216,
340.3361102038538,68822,338,627,30216,
340.34850860297115,68822,337,628,30216,
340.35181575249766,68822,336,629,30216,
340.36882982919724,68822,335,630,30216,
340.38119209641076,68822,334,631,30216,
340.38489789842504,68822,333,632,30216,
340.4005513139265,68821,334,632,30216,
340.4094780693535,68821,334,631,30217,
340.4123550884892,68821,334,630,30218,
340.41492039298083,68821,333,631,30218,
340.42147357686315,68821,333,630,30219,
340.4263636244256,68820,334,630,30219,
340.4337586893223,68820,334,629,30220,
340.44230448479544,68820,334,628,30221,
340.4472312932883,68819,335,628,30221,
340.44787452792707,68819,335,627,30222,
340.4498360572884,68819,335,626,30223,
340.44987233291005,68818,336,626,30223,
340.45409628933055,68818,336,625,30224,
340.4582678913318,68818,336,624,30225,
340.4648894106125,68818,335,625,30225,
340.4665465046574,68817,336,625,30225,
340.47163256629256,68817,335,626,30225,
340.4942625462755,68817,335,625,30226,
340.49968427307067,68816,336,625,30226,
340.50643354808705,68816,335,626,30226,
340.5239114728722,68816,335,625,30227,
340.5272784469126,68816,334,626,30227,
340.52937471346235,68815,335,626,30227,
340.5317022219317,68815,334,627,30227,
340.53530376342115,68815,333,628,30227,
340.537725642712,68815,332,629,30227,
340.53840185858616,68815,332,628,30228,
340.54039369268924,68815,332,627,30229,
340.5423123578118,68815,331,628,30229,
340.55274681343207,68815,330,629,30229,
340.5541687358086,68814,331,629,30229,
340.5578030524397,68814,330,630,30229,
340.5664864421494,68814,329,631,30229,
340.5726279723428,68813,330,631,30229,
340.5735263918974,68812,331,631,30229,
340.5744201958783,68812,330,632,30229,
340.5762831732722,68812,329,633,30229,
340.57696824026954,68812,329,632,30230,
340.5771664839871,68811,330,632,30230,
340.580302711437,68811,329,633,30230,
340.58359035556754,68811,329,632,30231,
340.5892416507356,68811,328,633,30231,
340.59640516058676,68811,327,634,30231,
340.60109881663726,68810,328,634,30231,
340.6093501978136,68810,328,633,30232,
340.6135712514805,68810,328,632,30233,
340.61502402431205,68810,328,631,30234,
340.6159729975395,68810,328,630,30235,
340.6300527984855,68809,329,630,30235,
340.6459148804432,68808,330,630,30235,
340.6476113658496,68808,330,629,30236,
340.64775021895184,68807,331,629,30236,
340.6483605211749,68807,331,628,30237,
340.64975706148965,68807,331,627,30238,
340.6525172820466,68806,332,627,30238,
340.65981512298396,68805,333,627,30238,
340.6617349302637,68804,334,627,30238,
340.66286511506667,68804,334,626,30239,
340.6736526098931,68804,334,625,30240,
340.6758732969856,68803,335,625,30240,
340.67638294704057,68803,335,624,30241,
340.6871382128174,68803,335,623,30242,
340.69397473116334,68803,335,622,30243,
340.6942233660561,68803,334,623,30243,
340.6965556620857,68803,333,624,30243,
340.6989392265129,68803,333,623,30244,
340.7009679649528,68803,333,622,30245,
340.70216255772294,68803,333,621,30246,
340.7227910796044,68803,333,620,30247,
340.7263109738858,68803,332,621,30247,
340.72775332652844,68802,333,621,30247,
340.73481102291436,68802,332,622,30247,
340.7364077584702,68802,332,621,30248,
340.7377513190816,68801,333,621,30248,
340.75925684192623,68801,332,622,30248,
340.76200218075263,68801,331,623,30248,
340.7684573889096,68801,331,622,30249,
340.76957404730945,68800,332,622,30249,
340.77306093146984,68800,331,623,30249,
340.77578678577066,68799,332,623,30249,
340.79281436857,68799,331,624,30249,
340.79876561005625,68798,332,624,30249,
340.800109323906,68798,331,625,30249,
340.80492806900844,68798,331,624,30250,
340.8091661791166,68798,330,625,30250,
340.8108417141292,68798,329,626,30250,
340.8143452114828,68798,329,625,30251,
340.81717979279296,68797,330,625,30251,
340.8205214317041,68797,330,624,30252,
340.8271730566277,68797,329,625,30252,
340.8403062265146,68797,328,626,30252,
340.84260110186364,68797,328,625,30253,
340.8463054756758,68796,329,625,30253,
340.84919888835884,68796,329,624,30254,
340.8500231543112,68795,330,624,30254,
340.85066887357937,68795,329,625,30254,
340.85311717493147,68794,330,625,30254,
340.85411091520365,68794,329,626,30254,
340.8546963955477,68794,328,627,30254,
340.8594831537051,68793,329,627,30254,
340.86265061578547,68793,329,626,30255,
340.8639179946436,68792,330,626,30255,
340.8669593356151,68791,331,626,30255,
340.8910834835971,68791,331,625,30256,
340.91296267933643,68791,331,624,30257,
340.9200305807228,68791,330,625,30257,
340.9236938518128,68791,329,626,30257,
340.9239982686845,68791,328,627,30257,
340.92617705127526,68790,329,627,30257,
340.93057579886755,68789,330,627,30257,
340.9310308690868,68789,329,628,30257,
340.9385979388032,68789,328,629,30257,
340.9471010228065,68789,328,628,30258,
340.9487345173815,68789,327,629,30258,
340.95232443169056,68788,328,629,30258,
340.9533054253553,68787,329,629,30258,
340.955810602338,68787,328,630,30258,
340.96006264220694,68787,327,631,30258,
340.9756537096296,68787,327,630,30259,
340.9843553293897,68787,326,631,30259,
341.0036945979274,68787,326,630,30260,
341.00415773805014,68787,325,631,30260,
341.00510655889184,68787,325,630,30261,
341.00560883066174,68787,325,629,30262,
341.00632129827846,68787,324,630,30262,
341.008975106863,68787,324,629,30263,
341.0163437935939,68787,324,628,30264,
341.0287886207692,68786,325,628,30264,
341.04855445012663,68785,326,628,30264,
341.0486347736316,68785,326,627,30265,
341.0559881413038,68784,327,627,30265,
341.0574877632083,68784,327,626,30266,
341.0619792573341,68784,327,625,30267,
341.063884398026,68784,326,626,30267,
341.06808647574996,68784,326,625,30268,
341.0719242016497,68784,326,624,30269,
341.0777475716305,68784,325,625,30269,
341.08466406246714,68784,324,626,30269,
341.0856325206405,68784,323,627,30269,
341.09329279104713,68784,323,626,30270,
341.0947776145536,68784,323,625,30271,
341.09841649022763,68783,324,625,30271,
341.11897994247386,68783,323,626,30271,
341.12154133091997,68782,324,626,30271,
341.1347633048677,68782,323,627,30271,
341.1394824908375,68782,322,628,30271,
341.13965096965404,68782,322,627,30272,
341.1436738450079,68782,322,626,30273,
341.14953764998785,68782,322,625,30274,
341.1516033004723,68782,321,626,30274,
341.1532899560956,68781,322,626,30274,
341.1578222575111,68780,323,626,30274,
341.162889957802,68779,324,626,30274,
341.16938827294325,68778,325,626,30274,
341.17346125187913,68778,325,625,30275,
341.1794510165469,68778,325,624,30276,
341.18595624001654,68778,324,625,30276,
341.2258749196705,68778,324,624,30277,
341.2260338405521,68777,325,624,30277,
341.2295971486709,68777,324,625,30277,
341.2416263302219,68776,325,625,30277,
341.25103958562056,68776,325,624,30278,
341.25284459394516,68776,324,625,30278,
341.2582629576796,68776,324,624,30279,
341.2653887271041,68776,323,625,30279,
341.27602325757636,68776,322,626,30279,
341.2766704522548,68775,323,626,30279,
341.2851540598452,68775,322,627,30279,
341.2891179966231,68775,321,628,30279,
341.2915010975,68775,321,627,30280,
341.292154630014,68775,321,626,30281,
341.2934342830548,68774,322,626,30281,
341.2970585721472,68774,322,625,30282,
341.30225535951604,68774,322,624,30283,
341.310173280673,68774,322,623,30284,
341.3163341326563,68774,321,624,30284,
341.31756186686823,68773,322,624,30284,
341.3187588770772,68773,321,625,30284,
341.3210765768872,68773,321,624,30285,
341.3233416973524,68772,322,624,30285,
341.32775074476467,68772,322,623,30286,
341.32796765182576,68772,322,622,30287,
341.3289718804578,68771,323,622,30287,
341.3345592920789,68771,322,623,30287,
341.34432812396386,68770,323,623,30287,
341.3467836759099,68770,323,622,30288,
341.35336273273214,68770,322,623,30288,
341.35647663301353,68769,323,623,30288,
341.36496031518556,68769,323,622,30289,
341.36881974267715,68768,324,622,30289,
341.3752685896129,68768,323,623,30289,
341.3886697002243,68767,324,623,30289,
341.39074974240253,68767,323,624,30289,
341.3957081511312,68767,323,623,30290,
341.39688941043954,68766,324,623,30290,
341.4008028706767,68765,325,623,30290,
341.40855543298403,68764,326,623,30290,
341.4122143856356,68764,325,624,30290,
341.41362336216787,68763,326,624,30290,
341.41468636931455,68762,327,624,30290,
341.4150770828124,68762,327,623,30291,
341.41993216912886,68762,327,622,30292,
341.4349651591874,68762,327,621,30293,
341.43791030707797,68762,327,620,30294,
341.4418728684844,68762,327,619,30295,
341.44821250057834,68761,328,619,30295,
341.4522393961236,68760,329,619,30295,
341.4544039360463,68760,329,618,30296,
341.46180032890055,68759,330,618,30296,
341.46183452422315,68759,330,617,30297,
341.46432890095514,68759,330,616,30298,
341.4643329053211,68759,329,617,30298,
341.4666283601701,68759,328,618,30298,
341.468033605727,68759,328,617,30299,
341.47136057545606,68759,327,618,30299,
341.48192681517304,68759,327,617,30300,
341.48519991998444,68759,326,618,30300,
341.4915104315161,68759,325,619,30300,
341.49492676822416,68759,325,618,30301,
341.49795378587714,68759,325,617,30302,
341.4984992037675,68758,326,617,30302,
341.50881923083557,68757,327,617,30302,
341.5128007216287,68757,327,616,30303,
341.5226372601555,68757,326,617,30303,
341.5241948280467,68756,327,617,30303,
341.5245611045934,68755,328,617,30303,
341.5267712991724,68754,329,617,30303,
341.5287001734685,68754,329,616,30304,
341.5299769108897,68754,328,617,30304,
341.5340144527879,68754,328,616,30305,
341.5363849097398,68754,327,617,30305,
341.5379957286318,68754,327,616,30306,
341.5535884568766,68754,327,615,30307,
341.55544348581907,68754,327,614,30308,
341.5563946246999,68754,327,613,30309,
341.56001120463685,68753,328,613,30309,
341.5627598989419,68753,327,614,30309,
341.5645417621832,68753,327,613,30310,
341.5659565607471,68753,327,612,30311,
341.5681315544006,68753,327,611,30312,
341.56930982354675,68752,328,611,30312,
341.5717579299421,68752,328,610,30313,
341.57525347863464,68752,328,609,30314,
341.5930817594548,68752,328,608,30315,
341.5948132735309,68751,329,608,30315,
341.59633758897905,68751,328,609,30315,
341.59699598282003,68751,327,610,30315,
341.60047805832284,68751,327,609,30316,
341.60346500214706,68751,326,610,30316,
341.60620393923966,68751,326,609,30317,
341.60888559827856,68751,325,610,30317,
341.61211545341143,68751,325,609,30318,
341.61452627173423,68751,325,608,30319,
341.61576890416603,68751,325,607,30320,
341.62038253534564,68750,326,607,30320,
341.63018608529416,68750,326,606,30321,
341.63794308849793,68750,326,605,30322,
341.6408111348591,68750,325,606,30322,
341.6445498396925,68750,325,605,30323,
341.6501905668219,68750,324,606,30323,
341.6517571969924,68749,325,606,30323,
341.6545051162831,68749,325,605,30324,
341.6567145086039,68749,325,604,30325,
341.6577676523406,68749,325,603,30326,
341.6606961557071,68749,324,604,30326,
341.66231771309833,68748,325,604,30326,
341.6647362977026,68748,324,605,30326,
341.675099213319,68748,324,604,30327,
341.6813854170372,68748,324,603,30328,
341.6872088455539,68747,325,603,30328,
341.6877780927201,68746,326,603,30328,
341.69010271081964,68745,327,603,30328,
341.70122408551447,68745,326,604,30328,
341.701890086854,68745,326,603,30329,
341.7023443797548,68745,325,604,30329,
341.70319164103057,68745,324,605,30329,
341.7118535233313,68745,324,604,30330,
341.7285598455777,68745,324,603,30331,
341.75362946841517,68745,324,602,30332,
341.75618526387194,68744,325,602,30332,
341.75978599419625,68744,324,603,30332,
341.7608311180973,68744,324,602,30333,
341.76288865451295,68743,325,602,30333,
341.76460702063054,68743,324,603,30333,
341.7725196103167,68742,325,603,30333,
341.7803214034622,68742,324,604,30333,
341.7820801374136,68741,325,604,30333,
341.78389580251934,68741,324,605,30333,
341.7844783624671,68741,324,604,30334,
341.79111969023563,68741,323,605,30334,
341.7970322160291,68741,322,606,30334,
341.8005751609457,68741,322,605,30335,
341.80058255331767,68741,322,604,30336,
341.8078016491667,68741,322,603,30337,
341.81233121381695,68741,322,602,30338,
341.8162375270658,68741,321,603,30338,
341.81732445537847,68741,320,604,30338,
341.8207140227658,68741,319,605,30338,
341.8227617088497,68741,319,604,30339,
341.8305049546773,68741,319,603,30340,
341.8371284539715,68741,318,604,30340,
341.8407118983335,68740,319,604,30340,
341.8446247923179,68739,320,604,30340,
341.8512194338275,68739,320,603,30341,
341.8523867478692,68738,321,603,30341,
341.85593434793793,68738,320,604,30341,
341.8631283021897,68738,319,605,30341,
341.87268736849376,68738,318,606,30341,
341.8737148550623,68737,319,606,30341,
341.8763325575409,68737,319,605,30342,
341.877546624162,68737,319,604,30343,
341.87974151316155,68737,319,603,30344,
341.88304180838907,68737,318,604,30344,
341.8891788731543,68737,318,603,30345,
341.8916475300416,68737,317,604,30345,
341.8922378176448,68737,317,603,30346,
341.90471341952986,68737,316,604,30346,
341.91893265066045,68737,315,605,30346,
341.9234961189334,68737,314,606,30346,
341.929473001899,68737,313,607,30346,
341.9434069197626,68737,313,606,30347,
341.94586398635084,68736,314,606,30347,
341.9556095157933,68736,314,605,30348,
341.9642046356857,68736,313,606,30348,
341.9723358216437,68736,313,605,30349,
341.97239518195863,68736,312,606,30349,
341.9735547136676,68736,311,607,30349,
341.97609726316296,68736,310,608,30349,
341.97950201370384,68735,311,608,30349,
341.97972549571796,68735,310,609,30349,
341.98602513785494,68735,309,610,30349,
341.9899952616162,68734,310,610,30349,
341.99077535970775,68734,309,611,30349,
341.9942051727484,68734,308,612,30349,
341.99645364411674,68734,307,613,30349,
341.99953549192344,68734,306,614,30349,
342.01154988086637,68733,307,614,30349,
342.0123460194141,68733,307,613,30350,
342.01532291445204,68733,307,612,30351,
342.01831353996687,68733,307,611,30352,
342.0330292660135,68733,306,612,30352,
342.03304714546204,68733,306,611,30353,
342.0379843483148,68733,306,610,30354,
342.04273169002585,68733,305,611,30354,
342.0464332022583,68733,304,612,30354,
342.0483417225708,68732,305,612,30354,
342.0627353064287,68732,305,611,30355,
342.0647085549725,68732,305,610,30356,
342.0647450313392,68731,306,610,30356,
342.0664568480353,68731,305,611,30356,
342.0692002939199,68731,305,610,30357,
342.0710751061969,68731,305,609,30358,
342.07170930039683,68731,304,610,30358,
342.090811671142,68730,305,610,30358,
342.09329907448887,68730,304,611,30358,
342.1054056817412,68730,303,612,30358,
342.11064047491146,68730,303,611,30359,
342.1260999765941,68729,304,611,30359,
342.13449476805664,68728,305,611,30359,
342.135780539944,68728,304,612,30359,
342.1393540332392,68728,304,611,30360,
342.1418030466355,68728,304,610,30361,
342.1436955655181,68728,304,609,30362,
342.146208653421,68728,304,608,30363,
342.14902914635604,68727,305,608,30363,
342.150208726898,68727,305,607,30364,
342.1601029687189,68726,306,607,30364,
342.16288693736647,68726,305,608,30364,
342.1647031729573,68725,306,608,30364,
342.1675644997205,68725,305,609,30364,
342.16938142162496,68725,305,608,30365,
342.1861842664949,68725,304,609,30365,
342.1871274994894,68724,305,609,30365,
342.19447507254944,68724,304,610,30365,
342.19786205082187,68723,305,610,30365,
342.20187163520194,68723,304,611,30365,
342.20449909550825,68722,305,611,30365,
342.2109998245446,68722,305,610,30366,
342.2114598252861,68722,304,611,30366,
342.21197637922944,68721,305,611,30366,
342.2287249088578,68720,306,611,30366,
342.23169900959596,68720,305,612,30366,
342.23397875094423,68720,305,611,30367,
342.2488291743509,68719,306,611,30367,
342.2540826492999,68719,306,610,30368,
342.25755747762133,68719,305,611,30368,
342.25952075249546,68719,305,610,30369,
342.25972514927395,68719,304,611,30369,
342.2654708461159,68719,304,610,30370,
342.275540911036,68719,304,609,30371,
342.28586222733804,68719,303,610,30371,
342.29155997713275,68719,303,609,30372,
342.30295373057896,68718,304,609,30372,
342.30528115749536,68718,303,610,30372,
342.3065735739264,68717,304,610,30372,
342.33438322635993,68717,304,609,30373,
342.3423616334777,68716,305,609,30373,
342.35283857262993,68716,305,608,30374,
342.35610961056665,68715,306,608,30374,
342.3567414881488,68715,305,609,30374,
342.35980737923546,68715,305,608,30375,
342.360177079798,68714,306,608,30375,
342.36213454979253,68714,306,607,30376,
342.3627260092641,68714,306,606,30377,
342.3656392921183,68714,306,605,30378,
342.3657000517436,68714,306,604,30379,
342.3713735074238,68713,307,604,30379,
342.37358093549557,68712,308,604,30379,
342.3842022964863,68712,307,605,30379,
342.39194092291297,68712,307,604,30380,
342.3977988173941,68712,306,605,30380,
342.39966819075454,68712,305,606,30380,
342.4048893767075,68712,305,605,30381,
342.406108477049,68712,305,604,30382,
342.4078876031951,68712,305,603,30383,
342.41002508856496,68711,306,603,30383,
342.4274143768052,68711,305,604,30383,
342.4345476559293,68711,305,603,30384,
342.4368672432283,68711,304,604,30384,
342.43813172390117,68711,304,603,30385,
342.4384009016003,68710,305,603,30385,
342.444316651321,68710,305,602,30386,
342.4463648770744,68710,304,603,30386,
342.45370880460973,68709,305,603,30386,
342.4543600306828,68709,305,602,30387,
342.4608672263339,68708,306,602,30387,
342.49279750838605,68708,306,601,30388,
342.5017432671368,68708,306,600,30389,
342.50280872141946,68708,306,599,30390,
342.51472188848084,68708,305,600,30390,
342.51526663903246,68708,305,599,30391,
342.517337561532,68708,305,598,30392,
342.52384830869823,68708,305,597,30393,
342.5351905366046,68707,306,597,30393,
342.5462723435305,68707,305,598,30393,
342.54653738453374,68707,304,599,30393,
342.55420095082144,68707,303,600,30393,
342.5542795902171,68707,302,601,30393,
342.56186712309034,68707,302,600,30394,
342.5648750058868,68707,301,601,30394,
342.5689047209568,68707,300,602,30394,
342.57335278667006,68706,301,602,30394,
342.5781765150457,68706,301,601,30395,
342.58039201936856,68705,302,601,30395,
342.59569092258045,68705,302,600,30396,
342.606131292737,68705,302,599,30397,
342.60868787084706,68705,301,600,30397,
342.6216144422906,68704,302,600,30397,
342.6270038685971,68704,302,599,30398,
342.63308399450915,68703,303,599,30398,
342.64173201731165,68703,302,600,30398,
342.64262798571224,68703,302,599,30399,
342.6484491091471,68703,302,598,30400,
342.64929682691053,68702,303,598,30400,
342.65644857372536,68702,302,599,30400,
342.66742330895386,68702,302,598,30401,
342.67855418188805,68702,301,599,30401,
342.6801111936113,68701,302,599,30401,
342.69034033555903,68701,302,598,30402,
342.6920297848959,68701,301,599,30402,
342.69304284698177,68701,301,598,30403,
342.6941964889491,68701,300,599,30403,
342.69441476649325,68701,300,598,30404,
342.6983185648397,68700,301,598,30404,
342.6998521137337,68700,301,597,30405,
342.7069299080482,68700,300,598,30405,
342.71127473790966,68700,299,599,30405,
342.72081742771945,68700,299,598,30406,
342.7252268174837,68699,300,598,30406,
342.73545540761467,68699,300,597,30407,
342.7382511606124,68698,301,597,30407,
342.74223362758596,68698,300,598,30407,
342.74789855260923,68697,301,598,30407,
342.74886618081496,68696,302,598,30407,
342.75009512548553,68696,302,597,30408,
342.75335383590095,68696,302,596,30409,
342.7591222123497,68696,302,595,30410,
342.7690186228332,68696,302,594,30411,
342.77223739152237,68696,301,595,30411,
342.7724642787798,68695,302,595,30411,
342.77461045638614,68695,302,594,30412,
342.77542201849457,68694,303,594,30412,
342.77624956199617,68694,302,595,30412,
342.78049518913224,68693,303,595,30412,
342.7926631268831,68693,302,596,30412,
342.7984430212097,68692,303,596,30412,
342.80216593896574,68692,303,595,30413,
342.8024974725716,68691,304,595,30413,
342.8047270380157,68691,304,594,30414,
342.80579225895525,68690,305,594,30414,
342.8095399709256,68690,304,595,30414,
342.81285778169234,68690,303,596,30414,
342.81373156378714,68690,302,597,30414,
342.8154981153032,68690,301,598,30414,
342.8300930998486,68690,300,599,30414,
342.8330138715097,68690,300,598,30415,
342.8346120417594,68689,301,598,30415,
342.83531853853907,68688,302,598,30415,
342.8386257185267,68687,303,598,30415,
342.8415840774372,68687,302,599,30415,
342.84274236726947,68687,302,598,30416,
342.843741636907,68687,301,599,30416,
342.8459066169504,68687,300,600,30416,
342.84942014933245,68686,301,600,30416,
342.85160617437657,68686,301,599,30417,
342.8532422908875,68686,301,598,30418,
342.8559967271977,68686,301,597,30419,
342.85996112461316,68685,302,597,30419,
342.8703930392489,68684,303,597,30419,
342.8778859355531,68683,304,597,30419,
342.87872132731155,68683,304,596,30420,
342.8855315498398,68682,305,596,30420,
342.88664497466914,68681,306,596,30420,
342.9075319240677,68680,307,596,30420,
342.92376195702604,68680,307,595,30421,
342.92380669828015,68680,307,594,30422,
342.9266076577771,68680,306,595,30422,
342.92942207720483,68679,307,595,30422,
342.9332811493061,68679,306,596,30422,
342.9442318583776,68679,306,595,30423,
342.9516468857272,68679,305,596,30423,
342.9636895788903,68678,306,596,30423,
342.9715833136402,68677,307,596,30423,
342.97284703301784,68677,307,595,30424,
342.976429271536,68676,308,595,30424,
342.98042189390225,68676,308,594,30425,
342.9832919075585,68676,307,595,30425,
342.98459759159635,68675,308,595,30425,
342.99163321732186,68675,307,596,30425,
342.9921633709898,68675,306,597,30425,
343.00122095242097,68675,306,596,30426,
343.00434356819585,68675,306,595,30427,
343.00693158649926,68674,307,595,30427,
343.01421991843887,68673,308,595,30427,
343.01882300014125,68673,307,596,30427,
343.0332075242088,68673,306,597,30427,
343.0439864680533,68672,307,597,30427,
343.0527044582838,68672,307,596,30428,
343.05387990570875,68672,307,595,30429,
343.0594096058018,68672,306,596,30429,
343.06818980375084,68672,306,595,30430,
343.06819385636993,68671,307,595,30430,
343.0729674312091,68671,307,594,30431,
343.0754672137785,68671,307,593,30432,
343.0822005581271,68670,308,593,30432,
343.0862962651908,68670,308,592,30433,
343.0973716246394,68669,309,592,30433,
343.09763083330364,68669,309,591,30434,
343.10142878140783,68668,310,591,30434,
343.1046051251411,68668,310,590,30435,
343.10727802466033,68667,311,590,30435,
343.10957899051823,68667,311,589,30436,
343.11419834456046,68666,312,589,30436,
343.1229786814003,68666,312,588,30437,
343.12406164446907,68665,313,588,30437,
343.1254112031943,68665,312,589,30437,
343.13499714392316,68665,311,590,30437,
343.13790670128736,68665,310,591,30437,
343.15168416908534,68665,310,590,30438,
343.15179489672954,68664,311,590,30438,
343.1519544752377,68664,310,591,30438,
343.1533439439766,68664,309,592,30438,
343.1565891923487,68663,310,592,30438,
343.1588680254464,68663,309,593,30438,
343.1601670760409,68663,309,592,30439,
343.1688654458375,68663,308,593,30439,
343.1690133656446,68663,307,594,30439,
343.1779157978583,68662,308,594,30439,
343.17969588400643,68662,307,595,30439,
343.18377286280713,68662,306,596,30439,
343.18385342648065,68662,306,595,30440,
343.18950442994026,68662,306,594,30441,
343.19057454617547,68662,306,593,30442,
343.1967934376675,68662,305,594,30442,
343.1992364554421,68662,305,593,30443,
343.20516961177054,68662,305,592,30444,
343.2077658089498,68662,305,591,30445,
343.2084557715801,68662,305,590,30446,
343.20873825068435,68662,305,589,30447,
343.2136463993718,68662,305,588,30448,
343.21452811433215,68662,305,587,30449,
343.2175905109343,68662,304,588,30449,
343.21843207050017,68662,304,587,30450,
343.2189604917918,68662,304,586,30451,
343.2251154873476,68662,304,585,30452,
343.22897071900525,68662,304,584,30453,
343.23524983742465,68661,305,584,30453,
343.24755814393194,68660,306,584,30453,
343.2522376407685,68659,307,584,30453,
343.25394170795056,68659,306,585,30453,
343.2599115332858,68659,305,586,30453,
343.26088122385715,68658,306,586,30453,
343.263754459167,68658,306,585,30454,
343.2684883806822,68658,305,586,30454,
343.28056359432725,68658,305,585,30455,
343.28288006729315,68658,305,584,30456,
343.2854545214461,68658,305,583,30457,
343.288189335428,68658,305,582,30458,
343.290335887739,68658,304,583,30458,
343.2920985818101,68658,304,582,30459,
343.2924538119315,68657,305,582,30459,
343.2960910355445,68657,304,583,30459,
343.3032426982267,68657,303,584,30459,
343.30434764546817,68657,302,585,30459,
343.3174867042273,68657,302,584,30460,
343.32117974890923,68656,303,584,30460,
343.3218068520685,68656,303,583,30461,
343.3256246668402,68655,304,583,30461,
343.32625725858725,68654,305,583,30461,
343.3282479456504,68653,306,583,30461,
343.3343617383725,68653,305,584,30461,
343.34135990887836,68653,305,583,30462,
343.3470028357967,68652,306,583,30462,
343.354997625133,68652,306,582,30463,
343.3594348677658,68651,307,582,30463,
343.3595578660304,68651,306,583,30463,
343.3620948878162,68651,306,582,30464,
343.36549590278156,68651,306,581,30465,
343.3660153321449,68651,306,580,30466,
343.37204727573516,68651,306,579,30467,
343.3788966698256,68651,306,578,30468,
343.3894965580389,68650,307,578,30468,
343.39022790245,68650,307,577,30469,
343.3925957964398,68649,308,577,30469,
343.39394997210655,68648,309,577,30469,
343.3959199239532,68647,310,577,30469,
343.4033390977321,68647,309,578,30469,
343.4089220680633,68647,309,577,30470,
343.410151342743,68647,308,578,30470,
343.4257523586662,68646,309,578,30470,
343.4305284854282,68645,310,578,30470,
343.4399935227731,68645,309,579,30470,
343.443629651991,68645,308,580,30470,
343.44889292533395,68645,307,581,30470,
343.4550000873934,68645,306,582,30470,
343.4582614267005,68644,307,582,30470,
343.47028276803206,68644,307,581,30471,
343.47476707910255,68644,307,580,30472,
343.4772737846918,68644,306,581,30472,
343.483876494509,68643,307,581,30472,
343.48538126769216,68642,308,581,30472,
343.49078317820795,68641,309,581,30472,
343.49453219361374,68640,310,581,30472,
343.50089790358606,68640,310,580,30473,
343.5021852272608,68640,310,579,30474,
343.5041517141617,68640,310,578,30475,
343.5053085502279,68639,311,578,30475,
343.5105885292399,68639,311,577,30476,
343.5155151370667,68639,310,578,30476,
343.5209975445157,68639,310,577,30477,
343.52414418008425,68639,310,576,30478,
343.5259857140514,68638,311,576,30478,
343.5367302019535,68637,312,576,30478,
343.5383998674628,68637,311,577,30478,
343.539218189033,68637,310,578,30478,
343.5422440612997,68637,309,579,30478,
343.5437662890615,68637,309,578,30479,
343.54475833795084,68637,308,579,30479,
343.5470092033189,68637,307,580,30479,
343.5514637865855,68637,307,579,30480,
343.55516050367595,68637,307,578,30481,
343.5655391850744,68637,306,579,30481,
343.56721708300245,68637,305,580,30481,
343.5680179560002,68637,305,579,30482,
343.5709821015695,68637,305,578,30483,
343.575326279963,68637,305,577,30484,
343.58198001200054,68636,306,577,30484,
343.5828965293722,68635,307,577,30484,
343.5863706854488,68635,306,578,30484,
343.5866714777642,68634,307,578,30484,
343.5901111049733,68634,307,577,30485,
343.60091436571855,68634,306,578,30485,
343.60356476192806,68633,307,578,30485,
343.61274483710037,68632,308,578,30485,
343.61607838215593,68632,308,577,30486,
343.6163700074353,68632,307,578,30486,
343.61730228204976,68632,306,579,30486,
343.6296570214649,68632,306,578,30487,
343.6428072341657,68632,306,577,30488,
343.6528999965248,68631,307,577,30488,
343.6546019874296,68631,306,578,30488,
343.6615181653675,68631,305,579,30488,
343.6637549795768,68630,306,579,30488,
343.666261395349,68630,305,580,30488,
343.6675721732789,68629,306,580,30488,
343.6766421363412,68629,306,579,30489,
343.6913670498483,68629,306,578,30490,
343.69281491670387,68629,305,579,30490,
343.6970384832044,68628,306,579,30490,
343.698494961811,68628,305,580,30490,
343.7065109223875,68628,304,581,30490,
343.7121863991124,68628,304,580,30491,
343.71408843437945,68628,304,579,30492,
343.71679332851636,68628,304,578,30493,
343.7316626657358,68628,303,579,30493,
343.73291426394184,68628,302,580,30493,
343.7385780374674,68628,302,579,30494,
343.7411354463197,68627,303,579,30494,
343.74234179413526,68627,303,578,30495,
343.7460545798976,68627,303,577,30496,
343.749733114022,68626,304,577,30496,
343.7536112806334,68626,303,578,30496,
343.75947355395664,68625,304,578,30496,
343.7700183554781,68625,303,579,30496,
343.775507350393,68625,302,580,30496,
343.78179602541775,68625,301,581,30496,
343.7823958160501,68625,301,580,30497,
343.7958581648972,68625,300,581,30497,
343.7988294690848,68624,301,581,30497,
343.80708208871204,68623,302,581,30497,
343.8113021173748,68622,303,581,30497,
343.8123500924226,68622,302,582,30497,
343.8189696167267,68621,303,582,30497,
343.83367309139476,68620,304,582,30497,
343.83401118510415,68620,304,581,30498,
343.8348666598317,68620,303,582,30498,
343.8368787477792,68619,304,582,30498,
343.8505448152158,68619,304,581,30499,
343.8547253989563,68619,303,582,30499,
343.86341954170763,68619,302,583,30499,
343.870984934415,68619,302,582,30500,
343.87153169064874,68619,302,581,30501,
343.8716306207055,68619,301,582,30501,
343.8759502643936,68618,302,582,30501,
343.8768092797501,68618,302,581,30502,
343.8807170925842,68617,303,581,30502,
343.8957912591517,68617,302,582,30502,
343.89733089782777,68617,301,583,30502,
343.90016094424607,68616,302,583,30502,
343.90584176327684,68616,301,584,30502,
343.91231533545397,68616,301,583,30503,
343.9134068283746,68616,301,582,30504,
343.91558106631436,68615,302,582,30504,
343.9291415737709,68614,303,582,30504,
343.9362571055134,68614,303,581,30505,
343.94221343219783,68614,302,582,30505,
343.9451911430973,68614,302,581,30506,
343.94678194569974,68613,303,581,30506,
343.95408839003295,68612,304,581,30506,
343.9637854794414,68611,305,581,30506,
343.96872666850305,68610,306,581,30506,
343.97904226160125,68610,306,580,30507,
343.98091875136083,68610,305,581,30507,
343.98121850692314,68610,305,580,30508,
343.9834919472363,68610,305,579,30509,
343.98577962294456,68610,304,580,30509,
343.98702290192097,68610,303,581,30509,
344.0007421800962,68610,303,580,30510,
344.0095768346869,68609,304,580,30510,
344.0141453465681,68609,303,581,30510,
344.01747874270313,68609,303,580,30511,
344.020084780576,68609,303,579,30512,
344.02443598701996,68608,304,579,30512,
344.0249501797696,68607,305,579,30512,
344.02536987665786,68607,304,580,30512,
344.04201278688595,68607,304,579,30513,
344.058007470555,68607,304,578,30514,
344.07103563852485,68607,304,577,30515,
344.07401518079917,68606,305,577,30515,
344.0745667350059,68605,306,577,30515,
344.0788230180296,68605,305,578,30515,
344.0807645274252,68604,306,578,30515,
344.081305589437,68604,306,577,30516,
344.0813357469439,68603,307,577,30516,
344.0871714722866,68602,308,577,30516,
344.08835241174233,68602,308,576,30517,
344.0913535262784,68602,307,577,30517,
344.09959848962967,68602,307,576,30518,
344.1169675381053,68601,308,576,30518,
344.12177928122384,68601,308,575,30519,
344.12622814464623,68601,308,574,30520,
344.12732699205105,68600,309,574,30520,
344.1275840643254,68599,310,574,30520,
344.12859418114874,68598,311,574,30520,
344.13093091750767,68597,312,574,30520,
344.13198399798944,68597,312,573,30521,
344.1322429433267,68596,313,573,30521,
344.1371239542283,68596,313,572,30522,
344.14423806511803,68595,314,572,30522,
344.15162105312567,68595,313,573,30522,
344.1539539769257,68595,313,572,30523,
344.15567858156555,68595,313,571,30524,
344.15763168360536,68594,314,571,30524,
344.1612340230941,68594,314,570,30525,
344.1637702793429,68594,314,569,30526,
344.16533716282765,68594,314,568,30527,
344.16663312001725,68593,315,568,30527,
344.16888244682184,68592,316,568,30527,
344.169003696566,68592,315,569,30527,
344.17058625234057,68592,314,570,30527,
344.17739244045094,68592,314,569,30528,
344.18802476284446,68591,315,569,30528,
344.1897792673533,68591,315,568,30529,
344.19282950794405,68591,315,567,30530,
344.19343417179385,68591,315,566,30531,
344.2001341043749,68590,316,566,30531,
344.20628598298026,68589,317,566,30531,
344.209922285471,68588,318,566,30531,
344.21839261875607,68588,318,565,30532,
344.2186820003617,68588,318,564,30533,
344.22743292331273,68588,318,563,30534,
344.2326403843486,68587,319,563,30534,
344.2427080591816,68587,319,562,30535,
344.2431197544729,68587,319,561,30536,
344.2442893983592,68587,319,560,30537,
344.2502730249615,68587,319,559,30538,
344.2541105969335,68586,320,559,30538,
344.2704310945644,68586,319,560,30538,
344.2780826687572,68585,320,560,30538,
344.2879187893344,68585,319,561,30538,
344.2955447368941,68585,319,560,30539,
344.29622102071056,68585,319,559,30540,
344.30198192087363,68585,319,558,30541,
344.3064125934944,68584,320,558,30541,
344.31131878917233,68583,321,558,30541,
344.3128318789305,68583,320,559,30541,
344.3145271833967,68583,320,558,30542,
344.3206369926935,68583,320,557,30543,
344.32422858092264,68583,320,556,30544,
344.3258151878075,68583,320,555,30545,
344.3274090092466,68583,320,554,30546,
344.33605252913094,68583,320,553,30547,
344.337029613784,68582,321,553,30547,
344.33974546701876,68581,322,553,30547,
344.3401254447735,68581,321,554,30547,
344.3533227385704,68580,322,554,30547,
344.41067903152407,68579,323,554,30547,
344.4109952192469,68578,324,554,30547,
344.41196508749596,68578,324,553,30548,
344.41213927306524,68578,323,554,30548,
344.4123457917027,68578,323,553,30549,
344.4275804811275,68578,323,552,30550,
344.4293364179131,68578,323,551,30551,
344.4302635591767,68578,323,550,30552,
344.4418661569843,68577,324,550,30552,
344.4534849458222,68577,323,551,30552,
344.46064729225293,68576,324,551,30552,
344.46761312315704,68576,323,552,30552,
344.4712014106086,68576,323,551,30553,
344.47205400277926,68576,322,552,30553,
344.4745007049803,68575,323,552,30553,
344.4891427292174,68575,323,551,30554,
344.50142662671897,68575,322,552,30554,
344.50405200619275,68575,321,553,30554,
344.52528636439007,68575,321,552,30555,
344.52997262031573,68575,321,551,30556,
344.53173268829744,68575,321,550,30557,
344.5414097695206,68575,321,549,30558,
344.54280278178254,68574,322,549,30558,
344.5454703449213,68573,323,549,30558,
344.5460820443349,68573,323,548,30559,
344.5502659426495,68573,323,547,30560,
344.55559270880036,68573,323,546,30561,
344.5584732405255,68572,324,546,30561,
344.56044728493987,68572,323,547,30561,
344.5729380864298,68572,322,548,30561,
344.58332192866396,68572,322,547,30562,
344.58571282419615,68572,321,548,30562,
344.58795099393393,68572,320,549,30562,
344.5912595738159,68572,320,548,30563,
344.59606598265754,68572,319,549,30563,
344.59976445376816,68572,318,550,30563,
344.60150872430694,68571,319,550,30563,
344.60382158966524,68571,319,549,30564,
344.6065483843482,68571,318,550,30564,
344.6153678615501,68571,318,549,30565,
344.61607029980456,68570,319,549,30565,
344.61834311660385,68569,320,549,30565,
344.6247070020647,68568,321,549,30565,
344.62619170209183,68568,320,550,30565,
344.626896378115,68568,319,551,30565,
344.6303780335149,68567,320,551,30565,
344.64549387489416,68567,320,550,30566,
344.6471643991104,68566,321,550,30566,
344.6476981241565,68566,321,549,30567,
344.6484025408076,68566,320,550,30567,
344.6617646053877,68566,320,549,30568,
344.66331892551375,68566,319,550,30568,
344.68110945353385,68565,320,550,30568,
344.6910984965219,68564,321,550,30568,
344.6960789846167,68563,322,550,30568,
344.7007476832392,68562,323,550,30568,
344.70125934690094,68561,324,550,30568,
344.70676306140444,68561,323,551,30568,
344.7078167675583,68560,324,551,30568,
344.7079466798618,68560,323,552,30568,
344.7084087835924,68560,323,551,30569,
344.70928258284334,68559,324,551,30569,
344.7127181176624,68559,324,550,30570,
344.71272894438897,68559,323,551,30570,
344.71298773420654,68559,322,552,30570,
344.7177960246844,68559,321,553,30570,
344.73476123482607,68559,321,552,30571,
344.74845509725117,68558,322,552,30571,
344.75545488511915,68558,322,551,30572,
344.75557021879825,68557,323,551,30572,
344.7617827768514,68557,323,550,30573,
344.7661616856664,68557,323,549,30574,
344.76993865206714,68557,323,548,30575,
344.7714499493799,68556,324,548,30575,
344.77469241065376,68556,323,549,30575,
344.7784217004856,68555,324,549,30575,
344.78398009082474,68555,324,548,30576,
344.79413162132533,68554,325,548,30576,
344.7972063489062,68554,325,547,30577,
344.8009039819039,68554,325,546,30578,
344.8020743848325,68554,324,547,30578,
344.81998836581494,68554,323,548,30578,
344.81999797083677,68554,323,547,30579,
344.82123535200594,68554,322,548,30579,
344.82276526465915,68554,321,549,30579,
344.8264105238534,68554,320,550,30579,
344.82744408192326,68554,320,549,30580,
344.8280466414184,68554,319,550,30580,
344.83506281809224,68553,320,550,30580,
344.856884119844,68553,319,551,30580,
344.86751548616473,68553,319,550,30581,
344.8689640060555,68553,318,551,30581,
344.87467879739694,68553,317,552,30581,
344.88051927389074,68553,316,553,30581,
344.8831510766277,68553,316,552,30582,
344.8842008379363,68553,315,553,30582,
344.8927926625226,68552,316,553,30582,
344.9052337207042,68552,316,552,30583,
344.9075665455578,68552,316,551,30584,
344.91313327505856,68552,315,552,30584,
344.91474101137953,68551,316,552,30584,
344.9368600902139,68550,317,552,30584,
344.94566780186904,68550,317,551,30585,
344.9457272695434,68549,318,551,30585,
344.9461935242458,68549,318,550,30586,
344.94873264357403,68549,318,549,30587,
344.95354460090806,68548,319,549,30587,
344.9556251156471,68548,319,548,30588,
344.9605271558152,68548,319,547,30589,
344.96178914097675,68548,318,548,30589,
344.97187477567195,68548,317,549,30589,
344.97471196626975,68548,316,550,30589,
344.9768321931022,68548,315,551,30589,
344.98162597279673,68548,315,550,30590,
344.99112887504975,68548,314,551,30590,
344.995329835005,68548,313,552,30590,
345.0021465779885,68548,312,553,30590,
345.00271998791123,68548,311,554,30590,
345.0143475670929,68548,311,553,30591,
345.0306803279128,68548,311,552,30592,
345.03295971943663,68548,311,551,30593,
345.04139779423275,68547,312,551,30593,
345.0484225997138,68547,311,552,30593,
345.0510526446625,68546,312,552,30593,
345.05903286388497,68546,311,553,30593,
345.06019066937483,68546,311,552,30594,
345.062939345681,68546,310,553,30594,
345.0663684274816,68546,310,552,30595,
345.0687910637679,68546,310,551,30596,
345.0824756193776,68545,311,551,30596,
345.08378855782513,68545,310,552,30596,
345.0849690422298,68545,310,551,30597,
345.0910275539755,68545,310,550,30598,
345.1016053666385,68545,310,549,30599,
345.1070522838703,68545,310,548,30600,
345.1139522626968,68544,311,548,30600,
345.12330376761463,68544,310,549,30600,
345.1325406005315,68544,309,550,30600,
345.13379842247696,68543,310,550,30600,
345.13877882370224,68543,309,551,30600,
345.1588490916306,68543,308,552,30600,
345.16629381684004,68543,307,553,30600,
345.1718059643355,68543,307,552,30601,
345.1798432536606,68542,308,552,30601,
345.18213341333495,68542,307,553,30601,
345.18537798033884,68542,306,554,30601,
345.1889990736439,68542,305,555,30601,
345.19467170320894,68542,305,554,30602,
345.1965064099621,68542,304,555,30602,
345.20097994601366,68542,304,554,30603,
345.20151513171277,68542,304,553,30604,
345.20898711318574,68542,304,552,30605,
345.2114438505455,68542,304,551,30606,
345.2208480982517,68542,304,550,30607,
345.22432122046786,68542,303,551,30607,
345.2262397511089,68542,303,550,30608,
345.2346098360582,68541,304,550,30608,
345.26099766450693,68541,303,551,30608,
345.26685488917803,68541,302,552,30608,
345.26842085226303,68541,301,553,30608,
345.27724549136053,68540,302,553,30608,
345.28301445683513,68540,301,554,30608,
345.2838374275842,68540,301,553,30609,
345.2877709956758,68540,301,552,30610,
345.2908326413858,68539,302,552,30610,
345.29160120788544,68539,302,551,30611,
345.29840041774554,68539,301,552,30611,
345.30964565146536,68539,301,551,30612,
345.3158837090923,68538,302,551,30612,
345.3159810731466,68538,302,550,30613,
345.3173781056349,68537,303,550,30613,
345.32094266075717,68537,303,549,30614,
345.32651705829755,68536,304,549,30614,
345.3322611864855,68535,305,549,30614,
345.33249171976786,68535,305,548,30615,
345.3328163963982,68535,305,547,30616,
345.33945187398984,68535,305,546,30617,
345.34587722133125,68535,304,547,30617,
345.34974192665953,68535,303,548,30617,
345.3531770626628,68534,304,548,30617,
345.3575552497413,68533,305,548,30617,
345.3804562386251,68532,306,548,30617,
345.3815979062724,68532,305,549,30617,
345.39031187833837,68531,306,549,30617,
345.3908885733988,68531,306,548,30618,
345.39485266816325,68530,307,548,30618,
345.4029331957,68530,306,549,30618,
345.41892620546554,68529,307,549,30618,
345.422027662819,68529,307,548,30619,
345.4260502920795,68529,306,549,30619,
345.42670564850346,68529,305,550,30619,
345.42812605361024,68529,305,549,30620,
345.42981292786345,68529,304,550,30620,
345.4437698344556,68528,305,550,30620,
345.4457961742485,68528,304,551,30620,
345.4602789062168,68528,303,552,30620,
345.48218956654983,68528,302,553,30620,
345.4851877666012,68527,303,553,30620,
345.49123858577394,68527,303,552,30621,
345.49244050995185,68527,303,551,30622,
345.4988869097276,68527,302,552,30622,
345.5005906175343,68527,302,551,30623,
345.5110855141362,68526,303,551,30623,
345.51491409576175,68526,302,552,30623,
345.5198464849178,68526,301,553,30623,
345.5222653217336,68526,300,554,30623,
345.5380019813342,68525,301,554,30623,
345.5424735429946,68525,301,553,30624,
345.5428270350928,68525,300,554,30624,
345.54647417516725,68524,301,554,30624,
345.5552842925453,68524,301,553,30625,
345.55574939153325,68524,300,554,30625,
345.5561699989567,68524,299,555,30625,
345.5580399721169,68524,299,554,30626,
345.5626491251391,68524,299,553,30627,
345.56388246034237,68524,298,554,30627,
345.5660731631547,68524,298,553,30628,
345.5710666645375,68524,298,552,30629,
345.577568581603,68524,297,553,30629,
345.5783571552631,68524,297,552,30630,
345.5798531223419,68523,298,552,30630,
345.5801967123843,68523,298,551,30631,
345.581723155257,68523,297,552,30631,
345.58293929730894,68522,298,552,30631,
345.5968226930859,68522,298,551,30632,
345.6035586656367,68522,298,550,30633,
345.6079493903471,68521,299,550,30633,
345.6139594334402,68521,298,551,30633,
345.6152679132519,68520,299,551,30633,
345.6157634263392,68519,300,551,30633,
345.6223013372952,68519,300,550,30634,
345.6286104949403,68519,299,551,30634,
345.63938153374545,68519,298,552,30634,
345.64548119896403,68519,298,551,30635,
345.65700231690204,68519,298,550,30636,
345.6657118410141,68519,298,549,30637,
345.6685761659164,68518,299,549,30637,
345.6808771576367,68517,300,549,30637,
345.6870204321697,68516,301,549,30637,
345.6878992252141,68516,300,550,30637,
345.68950651045816,68516,299,551,30637,
345.6914134884476,68516,299,550,30638,
345.6956537146919,68516,299,549,30639,
345.7008853055429,68516,299,548,30640,
345.7115087005205,68516,298,549,30640,
345.7150691198072,68516,297,550,30640,
345.7175670183384,68515,298,550,30640,
345.72411394680967,68515,297,551,30640,
345.72492398182067,68515,297,550,30641,
345.7262328284244,68514,298,550,30641,
345.74375004131355,68514,297,551,30641,
345.7501189819577,68514,296,552,30641,
345.75469932184325,68513,297,552,30641,
345.76169234160284,68513,297,551,30642,
345.7628350817528,68512,298,551,30642,
345.7680073294792,68512,298,550,30643,
345.7688809555833,68512,297,551,30643,
345.76999350315896,68511,298,551,30643,
345.77140971395556,68510,299,551,30643,
345.7787684417461,68510,299,550,30644,
345.78358287029545,68510,299,549,30645,
345.80167722300723,68510,299,548,30646,
345.8066198334242,68509,300,548,30646,
345.80869166224943,68509,300,547,30647,
345.81294595428517,68509,299,548,30647,
345.8158105686916,68509,298,549,30647,
345.82312942132063,68508,299,549,30647,
345.8252279136935,68507,300,549,30647,
345.8276714759625,68507,300,548,30648,
345.828756975088,68507,300,547,30649,
345.8325921501649,68507,300,546,30650,
345.848311352333,68506,301,546,30650,
345.8484996473987,68506,300,547,30650,
345.8490891947466,68506,300,546,30651,
345.85779371126154,68505,301,546,30651,
345.8592051228231,68505,301,545,30652,
345.8616652755387,68505,301,544,30653,
345.8849506299224,68505,300,545,30653,
345.88650600027745,68505,299,546,30653,
345.8870829001764,68505,299,545,30654,
345.89054943851403,68505,299,544,30655,
345.9032102259417,68505,299,543,30656,
345.9103504236785,68505,299,542,30657,
345.9146711514829,68505,298,543,30657,
345.9148789448039,68504,299,543,30657,
345.92240452311154,68504,299,542,30658,
345.92701597237897,68504,298,543,30658,
345.92852950771,68504,298,542,30659,
345.9333826649197,68504,298,541,30660,
345.93835678918816,68504,298,540,30661,
345.95118604164304,68503,299,540,30661,
345.9528905977065,68503,299,539,30662,
345.95495298445604,68503,299,538,30663,
345.9675567615884,68502,300,538,30663,
345.9720575451675,68502,299,539,30663,
345.974147455134,68502,299,538,30664,
345.97533735143617,68502,299,537,30665,
345.9904575663928,68502,299,536,30666,
345.9931313424155,68502,298,537,30666,
345.99897043445185,68502,297,538,30666,
346.01380551891737,68502,297,537,30667,
346.0147183226467,68502,297,536,30668,
346.02081532208507,68502,296,537,30668,
346.03923104619196,68501,297,537,30668,
346.0412092101688,68501,296,538,30668,
346.0443441985502,68501,295,539,30668,
346.0478546634783,68501,294,540,30668,
346.04924554415265,68501,293,541,30668,
346.0736029265784,68501,293,540,30669,
346.0751531209945,68501,293,539,30670,
346.0894143571432,68501,292,540,30670,
346.0987859623326,68501,292,539,30671,
346.10206644221313,68501,291,540,30671,
346.12741608401103,68501,290,541,30671,
346.1301948814873,68501,289,542,30671,
346.13936606442167,68500,290,542,30671,
346.14604055990145,68500,289,543,30671,
346.14684031828074,68500,289,542,30672,
346.1503144966529,68500,289,541,30673,
346.15630417312445,68500,288,542,30673,
346.15728934222784,68500,287,543,30673,
346.16239643239936,68499,288,543,30673,
346.16633195636285,68499,288,542,30674,
346.167243789932,68499,287,543,30674,
346.1800301026791,68499,286,544,30674,
346.18641371450263,68498,287,544,30674,
346.19194253306677,68498,286,545,30674,
346.1931521592277,68498,286,544,30675,
346.2034415547587,68498,286,543,30676,
346.2127769439397,68498,286,542,30677,
346.21648538599436,68498,285,543,30677,
346.2237580012699,68497,286,543,30677,
346.23569345350035,68497,285,544,30677,
346.23708983552586,68497,285,543,30678,
346.2379343646526,68497,285,542,30679,
346.24193127064143,68497,285,541,30680,
346.24329080063643,68496,286,541,30680,
346.245237607711,68496,285,542,30680,
346.2515937526451,68496,284,543,30680,
346.2522061166353,68496,283,544,30680,
346.26049456652953,68496,283,543,30681,
346.2699263286934,68495,284,543,30681,
346.27238102079593,68494,285,543,30681,
346.28000423842434,68493,286,543,30681,
346.28135779215893,68493,285,544,30681,
346.28392506371677,68493,284,545,30681,
346.28753976813863,68492,285,545,30681,
346.2895108836491,68491,286,545,30681,
346.2975179731874,68490,287,545,30681,
346.31565721973635,68489,288,545,30681,
346.3175954858155,68489,288,544,30682,
346.3183409677685,68489,287,545,30682,
346.33536808153514,68489,286,546,30682,
346.33972793309965,68489,285,547,30682,
346.3515859003146,68489,284,548,30682,
346.3577697569112,68489,283,549,30682,
346.3588037529893,68489,283,548,30683,
346.36507316447893,68489,282,549,30683,
346.3654178893162,68488,283,549,30683,
346.3654179114504,68487,284,549,30683,
346.37373377448324,68487,283,550,30683,
346.37571098121566,68487,282,551,30683,
346.3807396917454,68487,281,552,30683,
346.3834245770546,68487,280,553,30683,
346.390052508615,68486,281,553,30683,
346.4093755191193,68486,281,552,30684,
346.41343667801414,68486,280,553,30684,
346.4261824124974,68486,280,552,30685,
346.4333193288145,68485,281,552,30685,
346.4379700937103,68485,281,551,30686,
346.43944732955595,68485,280,552,30686,
346.4401723200485,68485,280,551,30687,
346.4483817656334,68485,280,550,30688,
346.4661234023085,68484,281,550,30688,
346.4700908307052,68483,282,550,30688,
346.47806225688424,68483,282,549,30689,
346.49714523804204,68483,281,550,30689,
346.5058811136191,68483,280,551,30689,
346.5196258566481,68482,281,551,30689,
346.5225910526928,68482,281,550,30690,
346.53089903421755,68481,282,550,30690,
346.53628143197676,68481,281,551,30690,
346.5477335712878,68481,280,552,30690,
346.55213613998654,68481,280,551,30691,
346.56571204524425,68481,279,552,30691,
346.569619793256,68481,279,551,30692,
346.585620138025,68480,280,551,30692,
346.60428713109843,68480,279,552,30692,
346.61083337716417,68480,279,551,30693,
346.6181961331875,68480,278,552,30693,
346.63150661143015,68479,279,552,30693,
346.64121467947365,68478,280,552,30693,
346.66605047607004,68478,280,551,30694,
346.6795910274464,68477,281,551,30694,
346.6919816058069,68476,282,551,30694,
346.7058684684854,68476,282,550,30695,
346.7118870217318,68476,281,551,30695,
346.7149830023155,68476,280,552,30695,
346.7173194709798,68476,279,553,30695,
346.7218234923502,68476,279,552,30696,
346.72884015490945,68476,279,551,30697,
346.73094391102404,68476,278,552,30697,
346.7315020105409,68476,278,551,30698,
346.7427618762114,68476,277,552,30698,
346.74408956383184,68476,277,551,30699,
346.75344847929495,68476,276,552,30699,
346.7559922308054,68475,277,552,30699,
346.75722859254887,68475,276,553,30699,
346.761420584805,68474,277,553,30699,
346.7652287697228,68474,277,552,30700,
346.7998273896449,68474,276,553,30700,
346.8128511082905,68474,275,554,30700,
346.816596175106,68474,275,553,30701,
346.8234244927702,68473,276,553,30701,
346.8244557551365,68473,276,552,30702,
346.8290474936998,68473,276,551,30703,
346.8375873758088,68472,277,551,30703,
346.841266164675,68471,278,551,30703,
346.8455320692747,68471,277,552,30703,
346.8500512168096,68470,278,552,30703,
346.85752232890553,68470,277,553,30703,
346.85956111089627,68469,278,553,30703,
346.8693763156718,68468,279,553,30703,
346.8694623286174,68468,279,552,30704,
346.8746154896441,68468,279,551,30705,
346.89646679286886,68468,278,552,30705,
346.9071888781957,68467,279,552,30705,
346.9207780812068,68467,278,553,30705,
346.92566298015606,68467,278,552,30706,
346.93448366547165,68467,277,553,30706,
346.9352331173186,68466,278,553,30706,
346.94072262547905,68465,279,553,30706,
346.9459763158433,68465,278,554,30706,
346.95171805245366,68465,278,553,30707,
346.9531699476717,68465,278,552,30708,
346.95365207905184,68464,279,552,30708,
346.9548699874284,68464,278,553,30708,
346.9549549157344,68464,278,552,30709,
346.9568038972398,68464,277,553,30709,
346.9644383696897,68464,276,554,30709,
346.9807299315459,68464,275,555,30709,
346.98578662427786,68464,274,556,30709,
346.9866955907958,68464,274,555,30710,
346.99105963427365,68463,275,555,30710,
346.9996737210552,68462,276,555,30710,
347.0103493241721,68461,277,555,30710,
347.0214274742815,68461,277,554,30711,
347.02452479878434,68461,277,553,30712,
347.02912268633946,68461,276,554,30712,
347.0312054387642,68461,276,553,30713,
347.0327112539947,68460,277,553,30713,
347.041824868084,68460,276,554,30713,
347.04345294717086,68460,276,553,30714,
347.04841664647336,68460,276,552,30715,
347.0549232802332,68460,276,551,30716,
347.062391129634,68459,277,551,30716,
347.0624008899395,68459,277,550,30717,
347.0670057835663,68459,276,551,30717,
347.083052369432,68459,275,552,30717,
347.09897143197225,68459,274,553,30717,
347.10284425804286,68459,273,554,30717,
347.110953429157,68458,274,554,30717,
347.1167838103683,68458,274,553,30718,
347.11722557688637,68458,274,552,30719,
347.13790616053296,68457,275,552,30719,
347.1395591831958,68457,274,553,30719,
347.1446158345152,68457,274,552,30720,
347.14576227754816,68456,275,552,30720,
347.15445711129246,68456,274,553,30720,
347.15844128207414,68455,275,553,30720,
347.16958370657267,68455,275,552,30721,
347.1720251874815,68455,274,553,30721,
347.1782846621413,68454,275,553,30721,
347.179006907877,68454,274,554,30721,
347.1871495859235,68454,274,553,30722,
347.19531592428626,68453,275,553,30722,
347.1953634823144,68453,274,554,30722,
347.19854208763957,68452,275,554,30722,
347.203313433504,68451,276,554,30722,
347.2055686834376,68451,276,553,30723,
347.20696330160513,68450,277,553,30723,
347.21386297854673,68450,276,554,30723,
347.2194703983129,68449,277,554,30723,
347.2241168807613,68449,276,555,30723,
347.23613183476834,68449,275,556,30723,
347.252007508176,68449,275,555,30724,
347.25525665548577,68449,275,554,30725,
347.2574635122165,68449,274,555,30725,
347.2649228451565,68449,274,554,30726,
347.2667621083741,68449,273,555,30726,
347.26765383405217,68449,273,554,30727,
347.2749614589941,68449,272,555,30727,
347.2794741361642,68448,273,555,30727,
347.28843109019476,68448,272,556,30727,
347.3033131214817,68447,273,556,30727,
347.306923773496,68447,272,557,30727,
347.3099370388364,68447,271,558,30727,
347.31225637100897,68447,270,559,30727,
347.31392159246576,68446,271,559,30727,
347.31865372345504,68446,270,560,30727,
347.32700748827034,68446,270,559,30728,
347.3278633753387,68446,269,560,30728,
347.33060929391905,68446,269,559,30729,
347.3412250049439,68446,269,558,30730,
347.3412584744139,68446,269,557,30731,
347.3422100284092,68446,269,556,30732,
347.37008628337014,68445,270,556,30732,
347.3757858499992,68445,270,555,30733,
347.3861276531067,68444,271,555,30733,
347.38621247993524,68444,270,556,30733,
347.3916337680788,68444,269,557,30733,
347.3958189098742,68444,268,558,30733,
347.3968432914101,68444,268,557,30734,
347.4056241110496,68443,269,557,30734,
347.4168483573384,68443,269,556,30735,
347.4232857096829,68443,268,557,30735,
347.42355119001263,68443,268,556,30736,
347.431110745289,68443,267,557,30736,
347.4378976664133,68442,268,557,30736,
347.44082039143706,68442,268,556,30737,
347.4553008178211,68441,269,556,30737,
347.45668769565157,68440,270,556,30737,
347.4805682448192,68440,269,557,30737,
347.48386019123956,68439,270,557,30737,
347.50039474565807,68438,271,557,30737,
347.50545060905165,68438,271,556,30738,
347.5073736806253,68438,270,557,30738,
347.5118645843508,68438,270,556,30739,
347.5178911445262,68437,271,556,30739,
347.51923969862867,68437,271,555,30740,
347.5247450978507,68437,271,554,30741,
347.53716995654355,68437,270,555,30741,
347.54829622174753,68437,269,556,30741,
347.5526476365764,68437,268,557,30741,
347.55941987476916,68437,268,556,30742,
347.5602689787755,68436,269,556,30742,
347.5655241538573,68436,269,555,30743,
347.5716877004826,68436,268,556,30743,
347.584075070025,68436,267,557,30743,
347.5864747986849,68436,267,556,30744,
347.58908139746853,68436,267,555,30745,
347.6014622073488,68436,267,554,30746,
347.6025114836584,68435,268,554,30746,
347.6063927390692,68435,267,555,30746,
347.6134325656291,68435,266,556,30746,
347.61350926638573,68435,266,555,30747,
347.61904087990246,68435,266,554,30748,
347.62221080317283,68435,266,553,30749,
347.62809204088455,68435,266,552,30750,
347.6357244874077,68435,265,553,30750,
347.6417420595725,68435,264,554,30750,
347.6483860819987,68435,264,553,30751,
347.65037806492614,68435,264,552,30752,
347.6600964176077,68434,265,552,30752,
347.6615868675624,68434,264,553,30752,
347.6646357673087,68433,265,553,30752,
347.66500697038657,68433,264,554,30752,
347.6662407558378,68432,265,554,30752,
347.66873939295954,68431,266,554,30752,
347.67197942992755,68430,267,554,30752,
347.6924762307451,68430,267,553,30753,
347.7001081873094,68429,268,553,30753,
347.7088928105924,68429,267,554,30753,
347.7091781062869,68429,266,555,30753,
347.74131415850206,68428,267,555,30753,
347.74146463032014,68427,268,555,30753,
347.7455449324728,68426,269,555,30753,
347.7596687706675,68425,270,555,30753,
347.76195845943204,68424,271,555,30753,
347.7643679488162,68423,272,555,30753,
347.7837233556422,68422,273,555,30753,
347.78728789185243,68422,272,556,30753,
347.7926138528509,68422,272,555,30754,
347.7953886707731,68422,272,554,30755,
347.7979619194054,68422,271,555,30755,
347.8109498912492,68422,270,556,30755,
347.81896866301537,68422,270,555,30756,
347.85233691237374,68422,269,556,30756,
347.8524936586872,68422,269,555,30757,
347.85425795988135,68422,268,556,30757,
347.8565476118672,68422,268,555,30758,
347.88143513618644,68422,268,554,30759,
347.887931057505,68422,268,553,30760,
347.90086655356436,68422,268,552,30761,
347.9035389679683,68422,267,553,30761,
347.90470668368766,68421,268,553,30761,
347.9232092094055,68421,268,552,30762,
347.93612360334095,68421,267,553,30762,
347.9370195490244,68421,267,552,30763,
347.9395466469118,68421,267,551,30764,
347.9439725269286,68420,268,551,30764,
347.95265228966286,68420,268,550,30765,
347.9705301363277,68420,267,551,30765,
347.9765546556205,68420,267,550,30766,
347.98176683737427,68420,267,549,30767,
347.9881979261044,68420,267,548,30768,
347.99244582522465,68420,266,549,30768,
347.99828642825355,68419,267,549,30768,
348.00017857773395,68419,267,548,30769,
348.0090178948271,68419,267,547,30770,
348.00938981749624,68419,267,546,30771,
348.0111753960229,68419,266,547,30771,
348.0159218276693,68419,266,546,30772,
348.01602262876696,68419,266,545,30773,
348.01682837446674,68419,266,544,30774,
348.0195803956423,68419,265,545,30774,
348.0232500662306,68419,265,544,30775,
348.0286626071746,68419,265,543,30776,
348.0287632606156,68419,265,542,30777,
348.0293508226434,68419,265,541,30778,
348.0313331228408,68419,265,540,30779,
348.04105539923233,68418,266,540,30779,
348.0423808708875,68418,266,539,30780,
348.04974005122244,68418,265,540,30780,
348.0552007924405,68418,264,541,30780,
348.0568362081804,68417,265,541,30780,
348.0604018498974,68417,264,542,30780,
348.0633293284459,68416,265,542,30780,
348.06445181907026,68416,264,543,30780,
348.0683153953109,68416,264,542,30781,
348.06977752815624,68416,263,543,30781,
348.0758037283502,68416,263,542,30782,
348.08230493516504,68416,262,543,30782,
348.08337101279676,68416,261,544,30782,
348.08793682339024,68416,260,545,30782,
348.0909218031428,68416,259,546,30782,
348.10148912684355,68415,260,546,30782,
348.1105194532598,68414,261,546,30782,
348.11377868365696,68414,261,545,30783,
348.1141141771546,68413,262,545,30783,
348.1222662663275,68412,263,545,30783,
348.128299407382,68412,263,544,30784,
348.1283536286546,68411,264,544,30784,
348.1316740498067,68411,263,545,30784,
348.14120406575523,68410,264,545,30784,
348.1420104743769,68410,263,546,30784,
348.15135100300716,68410,263,545,30785,
348.16285466208524,68409,264,545,30785,
348.16596803555734,68409,263,546,30785,
348.1735752086115,68408,264,546,30785,
348.1747451746219,68408,264,545,30786,
348.18423113543304,68408,263,546,30786,
348.1877422636745,68408,262,547,30786,
348.19097465844595,68408,261,548,30786,
348.1941352712685,68407,262,548,30786,
348.1965010793944,68407,262,547,30787,
348.20113539336415,68406,263,547,30787,
348.20369141992427,68406,263,546,30788,
348.2099543374835,68406,262,547,30788,
348.2114620669728,68405,263,547,30788,
348.2118613493063,68405,262,548,30788,
348.21349567504984,68405,262,547,30789,
348.21617354424495,68404,263,547,30789,
348.2163191746649,68403,264,547,30789,
348.21723274682745,68403,263,548,30789,
348.2215243767908,68403,262,549,30789,
348.23228179434835,68403,261,550,30789,
348.2417390666768,68403,261,549,30790,
348.2460425358034,68403,260,550,30790,
348.2601806429814,68403,260,549,30791,
348.2627508664798,68403,260,548,30792,
348.26400454236386,68403,259,549,30792,
348.2664593879369,68403,259,548,30793,
348.27455285741655,68403,259,547,30794,
348.2766755669616,68403,258,548,30794,
348.2926844082475,68402,259,548,30794,
348.29434667480035,68402,259,547,30795,
348.2988728341913,68402,259,546,30796,
348.29896184546703,68401,260,546,30796,
348.3000691973882,68401,260,545,30797,
348.30363551548714,68401,260,544,30798,
348.3072561821357,68400,261,544,30798,
348.31170046203766,68400,261,543,30799,
348.3231754259116,68399,262,543,30799,
348.33790442086735,68399,261,544,30799,
348.34269490006676,68399,261,543,30800,
348.34936204929517,68399,260,544,30800,
348.35314781647077,68398,261,544,30800,
348.3575683782658,68397,262,544,30800,
348.36258308413716,68396,263,544,30800,
348.37485934364037,68396,263,543,30801,
348.37529985227326,68396,262,544,30801,
348.3763715653183,68396,261,545,30801,
348.41252932635376,68395,262,545,30801,
348.41275098368084,68395,262,544,30802,
348.4214484877811,68395,262,543,30803,
348.42564346366316,68394,263,543,30803,
348.4349258198242,68394,263,542,30804,
348.4439713031173,68393,264,542,30804,
348.4523443703252,68393,263,543,30804,
348.4554628978352,68392,264,543,30804,
348.45751087871525,68391,265,543,30804,
348.46620786375405,68390,266,543,30804,
348.47204727104446,68390,265,544,30804,
348.4866736427006,68390,265,543,30805,
348.4873519975965,68390,265,542,30806,
348.48938043291645,68390,265,541,30807,
348.5020261894577,68390,264,542,30807,
348.5107589770428,68389,265,542,30807,
348.5171651194566,68388,266,542,30807,
348.52373706881696,68387,267,542,30807,
348.5372945063298,68386,268,542,30807,
348.5455842020536,68386,268,541,30808,
348.5459163914854,68385,269,541,30808,
348.54870512351056,68384,270,541,30808,
348.5487422425095,68384,270,540,30809,
348.5499665104587,68384,269,541,30809,
348.5531664240748,68384,268,542,30809,
348.56552000838053,68384,267,543,30809,
348.5664569889493,68384,266,544,30809,
348.56706372099615,68383,267,544,30809,
348.5689443229861,68383,267,543,30810,
348.57143715903754,68383,267,542,30811,
348.581095319115,68383,266,543,30811,
348.58542055890916,68383,265,544,30811,
348.60910843691664,68383,264,545,30811,
348.61630159303223,68383,263,546,30811,
348.6272146682916,68382,264,546,30811,
348.6325946697868,68381,265,546,30811,
348.6332919246063,68381,265,545,30812,
348.6426445819479,68381,264,546,30812,
348.65193462455863,68380,265,546,30812,
348.6712061765906,68380,265,545,30813,
348.68309382783684,68380,264,546,30813,
348.6839850143233,68379,265,546,30813,
348.68606898333115,68379,264,547,30813,
348.6874701257303,68378,265,547,30813,
348.6938790031669,68378,265,546,30814,
348.6952623471373,68378,265,545,30815,
348.69742556879874,68378,264,546,30815,
348.70004511504857,68378,264,545,30816,
348.70565948579247,68377,265,545,30816,
348.71382010150035,68377,265,544,30817,
348.7161579975917,68377,264,545,30817,
348.72625718239243,68376,265,545,30817,
348.7321181937959,68375,266,545,30817,
348.73944925683946,68375,266,544,30818,
348.7406994926204,68375,265,545,30818,
348.74879020646586,68375,265,544,30819,
348.74992031105194,68375,264,545,30819,
348.7655205592356,68374,265,545,30819,
348.7705389020662,68374,265,544,30820,
348.7807710698565,68373,266,544,30820,
348.78194870555245,68373,265,545,30820,
348.78659117403674,68373,264,546,30820,
348.78767846363513,68373,263,547,30820,
348.7911655873449,68372,264,547,30820,
348.8033470229183,68372,264,546,30821,
348.80400161122645,68372,264,545,30822,
348.81178409957454,68371,265,545,30822,
348.81795981597315,68371,264,546,30822,
348.82416234556405,68371,264,545,30823,
348.82944293360885,68371,263,546,30823,
348.82946030419635,68370,264,546,30823,
348.83167150741247,68370,264,545,30824,
348.83188925625296,68370,263,546,30824,
348.8340204908402,68370,263,545,30825,
348.8353800531617,68370,263,544,30826,
348.83799914475355,68370,262,545,30826,
348.83994171992765,68370,262,544,30827,
348.8484328495217,68370,262,543,30828,
348.85105657251717,68369,263,543,30828,
348.8526614451912,68369,263,542,30829,
348.8585931071088,68369,262,543,30829,
348.86076408443876,68368,263,543,30829,
348.8710769630149,68368,262,544,30829,
348.8773701753921,68368,262,543,30830,
348.8784146963228,68368,262,542,30831,
348.88578200815095,68367,263,542,30831,
348.89366483983395,68366,264,542,30831,
348.89386318841116,68366,264,541,30832,
348.8955159194972,68366,264,540,30833,
348.9009357987102,68366,264,539,30834,
348.9042067475854,68365,265,539,30834,
348.9082193602974,68364,266,539,30834,
348.9181201684496,68364,265,540,30834,
348.9201373451105,68364,264,541,30834,
348.93048255765484,68363,265,541,30834,
348.9313644694187,68363,264,542,30834,
348.9314845738949,68362,265,542,30834,
348.9489891316494,68362,264,543,30834,
348.9506750337067,68362,263,544,30834,
348.96929128398995,68362,263,543,30835,
348.97624847128594,68362,262,544,30835,
348.9816831926227,68362,261,545,30835,
348.988273371679,68362,260,546,30835,
348.9935565111749,68362,259,547,30835,
348.99409979095185,68361,260,547,30835,
349.01153122926144,68361,259,548,30835,
349.0182640978987,68361,258,549,30835,
349.0210672896988,68361,258,548,30836,
349.0424374392412,68361,258,547,30837,
349.0429060552206,68360,259,547,30837,
349.0437654132804,68360,259,546,30838,
349.0497274702733,68360,258,547,30838,
349.05084055287506,68360,258,546,30839,
349.0511809319196,68359,259,546,30839,
349.05159199199943,68359,259,545,30840,
349.05531544552707,68359,259,544,30841,
349.07246182084225,68359,259,543,30842,
349.0862388689876,68358,260,543,30842,
349.08927968112175,68358,260,542,30843,
349.0963994827319,68358,259,543,30843,
349.10114225362935,68358,259,542,30844,
349.1031643495928,68358,258,543,30844,
349.1122740806322,68357,259,543,30844,
349.1251694830323,68357,258,544,30844,
349.1254803429924,68357,257,545,30844,
349.12702260656533,68357,256,546,30844,
349.13238863101327,68357,255,547,30844,
349.1579457648443,68357,255,546,30845,
349.1602396047378,68357,255,545,30846,
349.18679007676366,68357,255,544,30847,
349.18829595254033,68356,256,544,30847,
349.2010735108683,68356,256,543,30848,
349.20569879315246,68356,255,544,30848,
349.2218791823671,68355,256,544,30848,
349.2312213476438,68355,255,545,30848,
349.2336492723754,68355,254,546,30848,
349.23371888963777,68355,253,547,30848,
349.2352458496842,68355,253,546,30849,
349.2355732131347,68355,252,547,30849,
349.2450358393168,68355,252,546,30850,
349.2464510540077,68355,251,547,30850,
349.24687096956023,68355,250,548,30850,
349.24750933322605,68355,249,549,30850,
349.25303121580305,68355,249,548,30851,
349.2598512301807,68355,249,547,30852,
349.259952186067,68355,248,548,30852,
349.26151479601134,68355,247,549,30852,
349.2747384024489,68355,247,548,30853,
349.282291165043,68355,247,547,30854,
349.29330436457315,68355,246,548,30854,
349.2992151575386,68355,245,549,30854,
349.301186588384,68355,245,548,30855,
349.31340033074656,68355,245,547,30856,
349.3224800721347,68355,245,546,30857,
349.3325864863857,68355,244,547,30857,
349.3368412612574,68354,245,547,30857,
349.35008891494596,68353,246,547,30857,
349.3535752292769,68353,245,548,30857,
349.35848040254757,68352,246,548,30857,
349.3606030929161,68352,246,547,30858,
349.36179695470776,68351,247,547,30858,
349.3632810859424,68351,246,548,30858,
349.36667387731177,68351,246,547,30859,
349.37401185083246,68351,245,548,30859,
349.37632099347536,68351,245,547,30860,
349.38198302838845,68351,245,546,30861,
349.3857245800764,68350,246,546,30861,
349.40519515767295,68349,247,546,30861,
349.4058983631134,68349,246,547,30861,
349.42949885133567,68349,246,546,30862,
349.4299072229596,68349,246,545,30863,
349.4339330270598,68348,247,545,30863,
349.4352305576856,68348,246,546,30863,
349.4457848738169,68348,246,545,30864,
349.457168352809,68348,246,544,30865,
349.46713471640555,68348,246,543,30866,
349.4741638458766,68347,247,543,30866,
349.47821547615507,68347,247,542,30867,
349.4829103530469,68347,247,541,30868,
349.4833632743176,68347,247,540,30869,
349.49075610147196,68346,248,540,30869,
349.50326687760844,68346,247,541,30869,
349.50553771704864,68346,247,540,30870,
349.5153959898085,68346,246,541,30870,
349.54261224250405,68346,246,540,30871,
349.5551961127374,68346,245,541,30871,
349.5584171499744,68345,246,541,30871,
349.55968965275537,68345,245,542,30871,
349.5618791377153,68345,244,543,30871,
349.5640337101101,68344,245,543,30871,
349.56462037503667,68344,245,542,30872,
349.5670647196375,68344,244,543,30872,
349.57366698611327,68344,243,544,30872,
349.58105467461286,68344,242,545,30872,
349.5956752758924,68344,242,544,30873,
349.61160511200774,68344,241,545,30873,
349.61378941438613,68344,240,546,30873,
349.6168092188714,68344,239,547,30873,
349.61788463190857,68344,239,546,30874,
349.6259641299873,68344,238,547,30874,
349.62598951512393,68344,238,546,30875,
349.6289068141326,68343,239,546,30875,
349.63286625741557,68343,239,545,30876,
349.63487092182385,68343,239,544,30877,
349.6527099495748,68343,239,543,30878,
349.6548105090423,68343,238,544,30878,
349.6675094886822,68343,237,545,30878,
349.67365085926843,68342,238,545,30878,
349.683195344212,68342,238,544,30879,
349.68835635958214,68342,238,543,30880,
349.6891202898567,68342,238,542,30881,
349.69534328659336,68342,238,541,30882,
349.69910923360396,68341,239,541,30882,
349.7057548604987,68341,239,540,30883,
349.7101101031963,68341,239,539,30884,
349.72057228455606,68341,238,540,30884,
349.7248306424476,68340,239,540,30884,
349.727595499411,68340,238,541,30884,
349.727784747169,68340,238,540,30885,
349.74304833175637,68340,238,539,30886,
349.75361961132234,68340,237,540,30886,
349.75857733725826,68340,237,539,30887,
349.761790864484,68340,236,540,30887,
349.773707497285,68340,235,541,30887,
349.77832593634463,68340,235,540,30888,
349.7823185821009,68340,234,541,30888,
349.78683856514783,68340,233,542,30888,
349.7951563545202,68340,232,543,30888,
349.7986056732746,68340,232,542,30889,
349.7987842397682,68340,232,541,30890,
349.8019121496204,68340,232,540,30891,
349.83671537541375,68340,231,541,30891,
349.84990925740004,68340,231,540,30892,
349.85103318237907,68340,231,539,30893,
349.8524370669124,68340,230,540,30893,
349.85294036674895,68339,231,540,30893,
349.8550054187116,68339,230,541,30893,
349.8567228008546,68339,230,540,30894,
349.86044071580824,68339,229,541,30894,
349.87238138545104,68339,229,540,30895,
349.88132622326765,68339,229,539,30896,
349.8835435517766,68338,230,539,30896,
349.8841901791175,68338,229,540,30896,
349.8920507647331,68338,229,539,30897,
349.893678369534,68338,229,538,30898,
349.8937519713841,68337,230,538,30898,
349.9103990470665,68336,231,538,30898,
349.91309563002017,68335,232,538,30898,
349.92609007778464,68335,232,537,30899,
349.9285431647826,68335,231,538,30899,
349.93088301550415,68335,231,537,30900,
349.9321105496356,68335,230,538,30900,
349.95505653715736,68335,229,539,30900,
349.97778761898593,68335,228,540,30900,
349.99456564361964,68335,228,539,30901,
350.0001470713922,68335,228,538,30902,
350.0039629272451,68335,228,537,30903,
350.0081474144781,68335,227,538,30903,
350.0104522716983,68335,226,539,30903,
350.0161137566198,68335,225,540,30903,
350.02229873451665,68335,224,541,30903,
350.0255262886262,68335,224,540,30904,
350.0475724926178,68334,225,540,30904,
350.0525929641647,68334,225,539,30905,
350.08066480372423,68334,225,538,30906,
350.0931920130439,68334,224,539,30906,
350.0980175130338,68334,224,538,30907,
350.1021519226912,68334,223,539,30907,
350.107179714432,68334,222,540,30907,
350.1127055850162,68334,222,539,30908,
350.12453001629774,68334,222,538,30909,
350.1437835093009,68334,222,537,30910,
350.15734156238557,68333,223,537,30910,
350.16485441751337,68333,222,538,30910,
350.174145022109,68333,221,539,30910,
350.18035796170784,68332,222,539,30910,
350.18302574191677,68332,222,538,30911,
350.18712643223023,68332,222,537,30912,
350.20207950103315,68332,222,536,30913,
350.20409084974085,68331,223,536,30913,
350.2049480188384,68331,222,537,30913,
350.21011943852074,68331,222,536,30914,
350.22357468820894,68331,222,535,30915,
350.22870910311565,68330,223,535,30915,
350.23698940141304,68329,224,535,30915,
350.2437893226876,68328,225,535,30915,
350.2444110859522,68327,226,535,30915,
350.2484358858736,68326,227,535,30915,
350.26778673970296,68325,228,535,30915,
350.26966226201876,68325,227,536,30915,
350.27719421716466,68324,228,536,30915,
350.2831008595663,68324,227,537,30915,
350.28464394568084,68323,228,537,30915,
350.2857933803768,68323,227,538,30915,
350.29416494056716,68323,227,537,30916,
350.3012821376937,68322,228,537,30916,
350.3031832690183,68321,229,537,30916,
350.30449098214046,68320,230,537,30916,
350.30654947797905,68320,230,536,30917,
350.32069978701713,68319,231,536,30917,
350.3229092958072,68318,232,536,30917,
350.325741180659,68318,232,535,30918,
350.34665451021925,68318,231,536,30918,
350.35954643201353,68318,230,537,30918,
350.3627589326858,68318,230,536,30919,
350.3647340153452,68317,231,536,30919,
350.3751225233523,68316,232,536,30919,
350.37602145586845,68316,231,537,30919,
350.3876386841735,68315,232,537,30919,
350.3876603263396,68315,231,538,30919,
350.40035524701284,68314,232,538,30919,
350.40212093017925,68313,233,538,30919,
350.4076485320609,68313,232,539,30919,
350.42783260671985,68313,232,538,30920,
350.4288757308384,68313,231,539,30920,
350.4304677515993,68313,230,540,30920,
350.4392138654985,68313,230,539,30921,
350.4419483856117,68313,229,540,30921,
350.45342080305727,68313,228,541,30921,
350.45701212530423,68312,229,541,30921,
350.4626444508282,68312,228,542,30921,
350.4635949747761,68312,227,543,30921,
350.47844089553,68311,228,543,30921,
350.4828063327146,68310,229,543,30921,
350.4982183375896,68310,229,542,30922,
350.5001349409561,68309,230,542,30922,
350.5203719469647,68309,229,543,30922,
350.5204548694533,68308,230,543,30922,
350.530219170936,68308,230,542,30923,
350.5357347624637,68308,230,541,30924,
350.5375497401033,68308,230,540,30925,
350.5507773613279,68308,229,541,30925,
350.5566106738,68308,228,542,30925,
350.5648006259902,68308,228,541,30926,
350.56738379853766,68308,228,540,30927,
350.5681541289452,68307,229,540,30927,
350.57342732723754,68307,228,541,30927,
350.5792833682198,68307,228,540,30928,
350.59609866674526,68307,227,541,30928,
350.5990900780374,68307,227,540,30929,
350.59910235595606,68306,228,540,30929,
350.6008207798934,68306,228,539,30930,
350.62136006549355,68306,227,540,30930,
350.62991566675095,68306,227,539,30931,
350.63299893542165,68306,227,538,30932,
350.64029587601914,68306,226,539,30932,
350.6486955561574,68306,226,538,30933,
350.6494503479092,68306,226,537,30934,
350.6514795375243,68306,225,538,30934,
350.6525344740386,68305,226,538,30934,
350.65670264444776,68305,225,539,30934,
350.65839851998567,68305,224,540,30934,
350.6664171926866,68305,224,539,30935,
350.67009171772406,68305,224,538,30936,
350.68290546849903,68305,224,537,30937,
350.6949982274438,68305,224,536,30938,
350.73933461010006,68305,224,535,30939,
350.74182616368336,68305,223,536,30939,
350.7433663360787,68304,224,536,30939,
350.7485330670795,68303,225,536,30939,
350.752770817761,68303,224,537,30939,
350.7554838065819,68303,223,538,30939,
350.7634241440063,68303,223,537,30940,
350.7677183236299,68302,224,537,30940,
350.768556911071,68302,223,538,30940,
350.7754594630659,68302,223,537,30941,
350.77792927875913,68302,222,538,30941,
350.77835922549497,68302,221,539,30941,
350.7917683564515,68301,222,539,30941,
350.7964209857809,68300,223,539,30941,
350.79841025881285,68300,223,538,30942,
350.81293743941916,68299,224,538,30942,
350.81506890760846,68299,224,537,30943,
350.8171739097886,68299,223,538,30943,
350.819359125846,68299,223,537,30944,
350.82674378333553,68299,223,536,30945,
350.83052295086156,68299,222,537,30945,
350.8354833424531,68299,222,536,30946,
350.84548133205277,68299,222,535,30947,
350.84597766911617,68299,222,534,30948,
350.84642262757245,68299,222,533,30949,
350.8504928145169,68299,222,532,30950,
350.8573547166116,68299,221,533,30950,
350.88305207685556,68299,221,532,30951,
350.8842170759616,68299,221,531,30952,
350.88429363993,68299,221,530,30953,
350.8865255173773,68299,220,531,30953,
350.8878005857328,68299,220,530,30954,
350.89801363375057,68299,220,529,30955,
350.9002834223406,68298,221,529,30955,
350.9168789380453,68298,220,530,30955,
350.9225231887567,68298,220,529,30956,
350.9259751132902,68298,220,528,30957,
350.9275743673335,68298,219,529,30957,
350.92863949980176,68297,220,529,30957,
350.93890731726,68296,221,529,30957,
350.9398048176138,68296,221,528,30958,
350.95030472882394,68296,220,529,30958,
350.9708497768995,68295,221,529,30958,
350.97888773995794,68295,221,528,30959,
350.97978480812816,68294,222,528,30959,
350.9798149150235,68294,222,527,30960,
350.9857393049151,68294,222,526,30961,
350.98793795128904,68294,222,525,30962,
350.9934609905277,68293,223,525,30962,
350.99620859740577,68292,224,525,30962,
350.99989940159,68292,223,526,30962,
351.01744107056857,68292,222,527,30962,
351.0191739889316,68292,222,526,30963,
351.028361620452,68292,222,525,30964,
351.03022951044005,68292,221,526,30964,
351.03293556812116,68292,221,525,30965,
351.03304008801933,68292,220,526,30965,
351.0585239619406,68291,221,526,30965,
351.063094938929,68290,222,526,30965,
351.06979756583127,68290,221,527,30965,
351.0740111529911,68290,221,526,30966,
351.07870850429583,68290,221,525,30967,
351.08473389774866,68289,222,525,30967,
351.10255952758627,68289,222,524,30968,
351.11127611072686,68289,222,523,30969,
351.1174240209203,68288,223,523,30969,
351.1271644012351,68287,224,523,30969,
351.13088197102616,68287,223,524,30969,
351.1309077124482,68287,222,525,30969,
351.1494789680716,68287,222,524,30970,
351.1517424860256,68287,222,523,30971,
351.1555201274093,68286,223,523,30971,
351.1558570497813,68285,224,523,30971,
351.1636922428801,68284,225,523,30971,
351.1686761499921,68284,224,524,30971,
351.18079518409024,68284,224,523,30972,
351.19368811167107,68284,223,524,30972,
351.1972249673922,68283,224,524,30972,
351.19978959414976,68283,224,523,30973,
351.201955408028,68283,224,522,30974,
351.2035863842814,68282,225,522,30974,
351.2109183582633,68282,224,523,30974,
351.22406074093476,68282,224,522,30975,
351.23625111020067,68282,224,521,30976,
351.2390379167456,68281,225,521,30976,
351.24187815142255,68281,224,522,30976,
351.24301404314315,68280,225,522,30976,
351.25453642595437,68280,225,521,30977,
351.2600818813016,68279,226,521,30977,
351.26218475901953,68279,226,520,30978,
351.2659436230669,68278,227,520,30978,
351.2693601356526,68278,227,519,30979,
351.2733936992243,68278,226,520,30979,
351.2825306739873,68278,226,519,30980,
351.2835856039657,68277,227,519,30980,
351.2836164826114,68277,226,520,30980,
351.28459982302076,68277,225,521,30980,
351.2925079992305,68277,224,522,30980,
351.2967595140308,68276,225,522,30980,
351.30053779443705,68276,225,521,30981,
351.3023335573102,68276,225,520,30982,
351.30690367950837,68276,224,521,30982,
351.30691946924605,68276,223,522,30982,
351.3113024549893,68275,224,522,30982,
351.3114155503424,68275,224,521,30983,
351.3146256981593,68275,224,520,30984,
351.32691951196483,68275,224,519,30985,
351.3320926582492,68274,225,519,30985,
351.33290866414546,68274,225,518,30986,
351.33342260568253,68274,225,517,30987,
351.334287536254,68274,225,516,30988,
351.3391770142065,68273,226,516,30988,
351.3493349436647,68273,225,517,30988,
351.3497770741366,68272,226,517,30988,
351.3559716051129,68272,225,518,30988,
351.3629587409166,68272,225,517,30989,
351.3721109154334,68271,226,517,30989,
351.37308650622765,68270,227,517,30989,
351.384483369645,68270,226,518,30989,
351.3862147095145,68270,226,517,30990,
351.39476566380654,68270,226,516,30991,
351.39979412103617,68269,227,516,30991,
351.40304818167607,68268,228,516,30991,
351.4218902547073,68267,229,516,30991,
351.4267853135358,68267,229,515,30992,
351.43543468168946,68267,228,516,30992,
351.4694282408235,68267,228,515,30993,
351.47480139469627,68267,228,514,30994,
351.4854538292322,68266,229,514,30994,
351.488577834668,68266,228,515,30994,
351.4925307017657,68266,227,516,30994,
351.4943744370445,68265,228,516,30994,
351.4971929849914,68265,227,517,30994,
351.4992566743856,68265,227,516,30995,
351.5015055322302,68265,227,515,30996,
351.51761979470956,68265,226,516,30996,
351.5179174541033,68265,226,515,30997,
351.519971751957,68264,227,515,30997,
351.53189321754235,68264,227,514,30998,
351.5464284481377,68264,227,513,30999,
351.5473270716266,68264,226,514,30999,
351.5515913233296,68263,227,514,30999,
351.56790771847994,68263,227,513,31000,
351.58598741610626,68263,226,514,31000,
351.58722859279544,68263,226,513,31001,
351.589946997562,68262,227,513,31001,
351.592773424588,68261,228,513,31001,
351.59838743188556,68261,228,512,31002,
351.6021268011858,68260,229,512,31002,
351.60978854124437,68260,228,513,31002,
351.61759982580446,68259,229,513,31002,
351.63240199051904,68259,229,512,31003,
351.645773911352,68259,229,511,31004,
351.64950784794667,68259,229,510,31005,
351.64950878300726,68259,228,511,31005,
351.65230415284003,68259,227,512,31005,
351.66371891517633,68259,226,513,31005,
351.67064844314217,68259,226,512,31006,
351.67083480268235,68259,226,511,31007,
351.6709265679348,68259,226,510,31008,
351.6720926950223,68258,227,510,31008,
351.6740538581159,68257,228,510,31008,
351.6828720283223,68257,227,511,31008,
351.6831406445276,68257,226,512,31008,
351.68360232778656,68256,227,512,31008,
351.68442916873875,68256,227,511,31009,
351.685625711015,68255,228,511,31009,
351.6913312447037,68255,228,510,31010,
351.6971234855195,68254,229,510,31010,
351.70066653516574,68254,228,511,31010,
351.70187223067995,68253,229,511,31010,
351.70661456515325,68253,228,512,31010,
351.70960600978265,68253,227,513,31010,
351.7165047383559,68253,227,512,31011,
351.73252228874435,68253,226,513,31011,
351.73675202922817,68253,226,512,31012,
351.7457226751081,68253,226,511,31013,
351.7499049758209,68253,226,510,31014,
351.7598704778862,68253,226,509,31015,
351.7740424562639,68253,225,510,31015,
351.78434035946236,68253,225,509,31016,
351.79128761833346,68252,226,509,31016,
351.7922765106524,68252,226,508,31017,
351.79347818471626,68252,225,509,31017,
351.80652598169365,68252,225,508,31018,
351.8085737168953,68252,224,509,31018,
351.8116919163395,68252,224,508,31019,
351.82936262985834,68252,223,509,31019,
351.8503042015164,68252,223,508,31020,
351.85037553073715,68252,222,509,31020,
351.8660841269343,68252,222,508,31021,
351.87581346482847,68252,221,509,31021,
351.8918247053177,68252,221,508,31022,
351.89212882736024,68252,220,509,31022,
351.8957279990918,68252,220,508,31023,
351.89589664601334,68251,221,508,31023,
351.8999191535023,68250,222,508,31023,
351.91051623855975,68250,222,507,31024,
351.9105833219982,68249,223,507,31024,
351.916302194682,68248,224,507,31024,
351.9333742137875,68248,224,506,31025,
351.93909147559333,68248,224,505,31026,
351.95772493492103,68248,224,504,31027,
351.9663237238573,68247,225,504,31027,
351.97114838417616,68246,226,504,31027,
351.9833696390941,68246,225,505,31027,
351.99660045521364,68246,225,504,31028,
351.99741968897104,68245,226,504,31028,
352.00275105052555,68244,227,504,31028,
352.0160681960229,68244,227,503,31029,
352.0196756298258,68244,226,504,31029,
352.02672012648367,68244,225,505,31029,
352.05885250518975,68244,225,504,31030,
352.064540835405,68244,224,505,31030,
352.07221025432744,68244,224,504,31031,
352.0749481751987,68244,224,503,31032,
352.08516602892774,68244,224,502,31033,
352.0874654399371,68244,224,501,31034,
352.095719524184,68243,225,501,31034,
352.09774445267504,68243,225,500,31035,
352.1033068965449,68243,225,499,31036,
352.1143645307035,68242,226,499,31036,
352.1230262974045,68242,226,498,31037,
352.13010948160564,68242,226,497,31038,
352.13103436176357,68241,227,497,31038,
352.14564980326844,68240,228,497,31038,
352.14907096289284,68240,228,496,31039,
352.1544540536302,68240,228,495,31040,
352.1706271782235,68240,227,496,31040,
352.1810656489295,68239,228,496,31040,
352.186909219352,68239,227,497,31040,
352.1874582717393,68239,227,496,31041,
352.2047956752433,68238,228,496,31041,
352.21800537675887,68238,227,497,31041,
352.2200501518606,68238,226,498,31041,
352.22254493159954,68238,226,497,31042,
352.2477830713674,68238,225,498,31042,
352.2547077283465,68237,226,498,31042,
352.25567580999757,68236,227,498,31042,
352.2591961245091,68236,227,497,31043,
352.26722108980107,68236,227,496,31044,
352.2714451846629,68235,228,496,31044,
352.27177346120374,68234,229,496,31044,
352.27382869136244,68234,229,495,31045,
352.2844055398891,68233,230,495,31045,
352.3014232092743,68232,231,495,31045,
352.3022178671145,68232,231,494,31046,
352.31310025823524,68232,231,493,31047,
352.3261588261148,68231,232,493,31047,
352.32685297291147,68231,232,492,31048,
352.33086114601645,68230,233,492,31048,
352.3368904446696,68230,232,493,31048,
352.33751797345747,68230,232,492,31049,
352.33808062820583,68230,232,491,31050,
352.3404291547607,68230,232,490,31051,
352.34234349978567,68229,233,490,31051,
352.3433846483213,68229,232,491,31051,
352.35158333250473,68229,231,492,31051,
352.3619935905123,68229,231,491,31052,
352.3624176121961,68229,230,492,31052,
352.3699317194291,68229,229,493,31052,
352.37258883649673,68229,229,492,31053,
352.3764453753155,68229,228,493,31053,
352.3846557803886,68229,228,492,31054,
352.3881885902045,68229,228,491,31055,
352.3898983192046,68229,227,492,31055,
352.390715232575,68229,227,491,31056,
352.39219287910925,68229,227,490,31057,
352.3955475444242,68229,226,491,31057,
352.39774959929076,68228,227,491,31057,
352.39805384689487,68228,227,490,31058,
352.39866721786876,68227,228,490,31058,
352.4017663459292,68226,229,490,31058,
352.4047585524617,68225,230,490,31058,
352.4085105199008,68224,231,490,31058,
352.4098099018768,68224,231,489,31059,
352.42327191359607,68224,231,488,31060,
352.4247968876516,68224,230,489,31060,
352.4368825050074,68224,230,488,31061,
352.44181059442667,68223,231,488,31061,
352.4446438205537,68223,230,489,31061,
352.4465985753186,68223,230,488,31062,
352.459104049009,68223,230,487,31063,
352.4646699558167,68223,230,486,31064,
352.47790503848074,68223,229,487,31064,
352.48600563913294,68223,228,488,31064,
352.48889005582254,68223,228,487,31065,
352.4909089658764,68223,227,488,31065,
352.5223741054627,68223,227,487,31066,
352.52251564377855,68223,227,486,31067,
352.5242261903918,68222,228,486,31067,
352.52493118332836,68221,229,486,31067,
352.52691467700004,68221,229,485,31068,
352.5610432983475,68221,229,484,31069,
352.57228153208996,68221,228,485,31069,
352.5901452087096,68221,228,484,31070,
352.6005373229327,68221,227,485,31070,
352.6077896407028,68221,226,486,31070,
352.6141295878606,68221,226,485,31071,
352.6182340146494,68221,226,484,31072,
352.62041023787395,68221,226,483,31073,
352.62094130365927,68221,225,484,31073,
352.62100892946887,68220,226,484,31073,
352.636168182219,68220,226,483,31074,
352.64084200156765,68219,227,483,31074,
352.6419295159825,68219,226,484,31074,
352.6419764230755,68218,227,484,31074,
352.64409846704643,68218,227,483,31075,
352.6577018181966,68218,227,482,31076,
352.65800171568276,68217,228,482,31076,
352.65866955890806,68217,228,481,31077,
352.66565719058656,68217,228,480,31078,
352.67361006263025,68216,229,480,31078,
352.6758113614663,68215,230,480,31078,
352.6814584651489,68215,229,481,31078,
352.6890441162217,68215,229,480,31079,
352.7035485479863,68215,229,479,31080,
352.7225108827091,68214,230,479,31080,
352.73002411771654,68213,231,479,31080,
352.7378746055728,68213,231,478,31081,
352.745592003629,68213,231,477,31082,
352.7458517133225,68212,232,477,31082,
352.74665591509375,68212,232,476,31083,
352.7647784464852,68212,231,477,31083,
352.77028527924733,68211,232,477,31083,
352.7796540544332,68211,232,476,31084,
352.78415349035686,68211,232,475,31085,
352.7841972142199,68211,232,474,31086,
352.7949982095462,68211,231,475,31086,
352.79924763016334,68211,231,474,31087,
352.80000287348184,68211,231,473,31088,
352.8176913762334,68211,231,472,31089,
352.8196964205022,68211,230,473,31089,
352.848233824791,68210,231,473,31089,
352.85361150319665,68209,232,473,31089,
352.8736501317468,68208,233,473,31089,
352.8754224304203,68208,232,474,31089,
352.8802995329651,68208,232,473,31090,
352.8837080923949,68208,232,472,31091,
352.8915705914539,68207,233,472,31091,
352.8973888106428,68207,233,471,31092,
352.8977608255858,68206,234,471,31092,
352.9071954828089,68206,233,472,31092,
352.9180081851466,68205,234,472,31092,
352.92122047158006,68205,233,473,31092,
352.9299740788632,68205,233,472,31093,
352.93508745122125,68205,232,473,31093,
352.94330409687376,68205,232,472,31094,
352.9459789572679,68205,232,471,31095,
352.95425990362065,68204,233,471,31095,
352.9564973748729,68204,232,472,31095,
352.9577969096662,68203,233,472,31095,
352.9724317324821,68203,232,473,31095,
352.9733773504862,68203,231,474,31095,
352.9765519738816,68203,231,473,31096,
352.9904924581393,68202,232,473,31096,
353.00637901685457,68202,232,472,31097,
353.01536964364016,68201,233,472,31097,
353.02654499916054,68200,234,472,31097,
353.03026335598514,68199,235,472,31097,
353.0338043865164,68198,236,472,31097,
353.0384061429806,68197,237,472,31097,
353.0438260767391,68197,236,473,31097,
353.0456476760943,68197,236,472,31098,
353.06239722733966,68196,237,472,31098,
353.07010535895904,68195,238,472,31098,
353.07744078000144,68194,239,472,31098,
353.0786519895536,68194,239,471,31099,
353.084487622159,68194,238,472,31099,
353.08490425327267,68194,237,473,31099,
353.0853917340461,68193,238,473,31099,
353.0968916163288,68193,238,472,31100,
353.09949494444993,68193,238,471,31101,
353.10057807091596,68193,238,470,31102,
353.1051588962103,68193,237,471,31102,
353.10730032081096,68192,238,471,31102,
353.10926234462704,68192,238,470,31103,
353.11987916887216,68192,238,469,31104,
353.1200932339356,68192,237,470,31104,
353.1319074203212,68191,238,470,31104,
353.13191204772585,68191,238,469,31105,
353.1319399325247,68190,239,469,31105,
353.13318332506697,68189,240,469,31105,
353.135581677987,68189,239,470,31105,
353.1356086423186,68189,238,471,31105,
353.13598491977973,68189,237,472,31105,
353.1391831313282,68188,238,472,31105,
353.14327112010375,68187,239,472,31105,
353.1434508907895,68186,240,472,31105,
353.14542179169496,68186,240,471,31106,
353.158419002988,68186,240,470,31107,
353.1686497835706,68186,240,469,31108,
353.1812234702673,68186,240,468,31109,
353.18201896660025,68185,241,468,31109,
353.1844019946618,68185,240,469,31109,
353.19135267593504,68185,239,470,31109,
353.1935502716276,68185,238,471,31109,
353.19835305203725,68185,238,470,31110,
353.2043126607248,68185,238,469,31111,
353.2176802236384,68184,239,469,31111,
353.23308694722596,68183,240,469,31111,
353.2382726502995,68183,240,468,31112,
353.2441755906535,68183,240,467,31113,
353.2480577605319,68183,239,468,31113,
353.2515450095894,68182,240,468,31113,
353.25402038128186,68181,241,468,31113,
353.25473219549326,68181,241,467,31114,
353.2587429686593,68181,240,468,31114,
353.26437172249,68180,241,468,31114,
353.26705129078005,68180,241,467,31115,
353.26797378762643,68180,240,468,31115,
353.27191480650913,68179,241,468,31115,
353.2752861041938,68178,242,468,31115,
353.2760247527775,68178,242,467,31116,
353.28872137098637,68177,243,467,31116,
353.289183984488,68177,243,466,31117,
353.29205080657266,68177,243,465,31118,
353.2923697396271,68177,243,464,31119,
353.29569026888,68177,243,463,31120,
353.29598129811814,68177,242,464,31120,
353.29769249562804,68176,243,464,31120,
353.30337306195935,68175,244,464,31120,
353.30917654972916,68175,243,465,31120,
353.31310465811634,68175,243,464,31121,
353.3166811251383,68175,242,465,31121,
353.32377998139424,68175,241,466,31121,
353.33491875206084,68174,242,466,31121,
353.3384157590516,68174,241,467,31121,
353.3402280920358,68174,241,466,31122,
353.3405068790215,68174,240,467,31122,
353.3508240972388,68174,240,466,31123,
353.35963110661464,68174,240,465,31124,
353.37421678781635,68174,239,466,31124,
353.3787117001678,68174,238,467,31124,
353.38142739722167,68174,237,468,31124,
353.3847526440515,68174,237,467,31125,
353.39084531447077,68173,238,467,31125,
353.39162902366047,68173,238,466,31126,
353.40898300668186,68172,239,466,31126,
353.41704453727914,68172,238,467,31126,
353.42152884897826,68171,239,467,31126,
353.4278522392202,68171,238,468,31126,
353.43208287822034,68171,238,467,31127,
353.4366899081149,68171,238,466,31128,
353.4430566480933,68170,239,466,31128,
353.4548867358752,68169,240,466,31128,
353.45515665500545,68169,239,467,31128,
353.45758471126146,68168,240,467,31128,
353.4607265621051,68167,241,467,31128,
353.4748519384386,68167,241,466,31129,
353.4832328186963,68167,240,467,31129,
353.4857813788267,68167,240,466,31130,
353.497750931009,68166,241,466,31130,
353.4999593179727,68165,242,466,31130,
353.5109697687371,68164,243,466,31130,
353.51406210966854,68163,244,466,31130,
353.51726049123573,68163,244,465,31131,
353.51742351480425,68162,245,465,31131,
353.52501412604107,68162,244,466,31131,
353.53645262952455,68162,243,467,31131,
353.5440802869441,68162,243,466,31132,
353.5479986681969,68161,244,466,31132,
353.54998431608783,68160,245,466,31132,
353.55618080158115,68160,244,467,31132,
353.5622473655815,68160,244,466,31133,
353.5765053551147,68159,245,466,31133,
353.58393672477945,68158,246,466,31133,
353.5875944718482,68157,247,466,31133,
353.58991641891834,68157,247,465,31134,
353.59617407633004,68157,246,466,31134,
353.6073310105005,68157,245,467,31134,
353.61325567437933,68156,246,467,31134,
353.6134532823133,68155,247,467,31134,
353.6157404481318,68155,247,466,31135,
353.6264728331365,68155,246,467,31135,
353.6268662511494,68154,247,467,31135,
353.6306450407707,68154,247,466,31136,
353.6331842100427,68154,247,465,31137,
353.63664377584183,68154,246,466,31137,
353.6375326537212,68153,247,466,31137,
353.64601609642676,68153,246,467,31137,
353.65866333916017,68152,247,467,31137,
353.6640180274112,68151,248,467,31137,
353.66946144499104,68150,249,467,31137,
353.6699840842991,68149,250,467,31137,
353.6753186570413,68149,250,466,31138,
353.6847728607578,68148,251,466,31138,
353.68876602797445,68148,250,467,31138,
353.69652558327664,68148,249,468,31138,
353.69821022322213,68148,249,467,31139,
353.69895196843515,68148,249,466,31140,
353.73976872303075,68147,250,466,31140,
353.74258067364093,68147,250,465,31141,
353.7655641774123,68147,250,464,31142,
353.7819308204817,68147,250,463,31143,
353.7830751478245,68147,250,462,31144,
353.7836577288845,68147,249,463,31144,
353.7879687104052,68146,250,463,31144,
353.78940783904505,68146,250,462,31145,
353.79629986651116,68146,249,463,31145,
353.8141640412243,68146,249,462,31146,
353.82239338110844,68146,249,461,31147,
353.84500920606047,68145,250,461,31147,
353.84508678294986,68145,249,462,31147,
353.86254484749946,68144,250,462,31147,
353.89764558674915,68144,250,461,31148,
353.9006728048437,68144,249,462,31148,
353.91306348276095,68144,249,461,31149,
353.9159228678343,68144,249,460,31150,
353.9367434932823,68143,250,460,31150,
353.9393997547694,68143,250,459,31151,
353.94435619322735,68142,251,459,31151,
353.95367897520987,68141,252,459,31151,
353.95735028309883,68141,251,460,31151,
353.96815185924237,68141,250,461,31151,
353.97976865325677,68140,251,461,31151,
353.9854414438889,68139,252,461,31151,
353.98874610362594,68138,253,461,31151,
353.992646346318,68137,254,461,31151,
354.0152642359868,68137,254,460,31152,
354.020185088162,68137,253,461,31152,
354.02205758776984,68137,253,460,31153,
354.02731307372363,68136,254,460,31153,
354.0306577644713,68136,254,459,31154,
354.040954421841,68136,254,458,31155,
354.05345182023785,68136,254,457,31156,
354.06025493340167,68136,254,456,31157,
354.07255939671245,68136,254,455,31158,
354.075432079437,68135,255,455,31158,
354.0780347030865,68135,254,456,31158,
354.0810522368379,68135,253,457,31158,
354.0811008634557,68134,254,457,31158,
354.08627678624134,68134,253,458,31158,
354.08827151963135,68134,252,459,31158,
354.09415807942054,68133,253,459,31158,
354.09708553204166,68133,252,460,31158,
354.1038226193312,68133,252,459,31159,
354.1115414211054,68133,251,460,31159,
354.1161188326355,68133,251,459,31160,
354.128685216032,68133,251,458,31161,
354.1298752567872,68133,251,457,31162,
354.13926697173764,68133,250,458,31162,
354.1426390883409,68133,249,459,31162,
354.1436248597913,68133,248,460,31162,
354.1517495949604,68133,247,461,31162,
354.15953397878974,68132,248,461,31162,
354.16717096334065,68132,248,460,31163,
354.1734104693525,68132,248,459,31164,
354.19852222903575,68131,249,459,31164,
354.21521177369107,68131,248,460,31164,
354.2155637381091,68130,249,460,31164,
354.2321495666331,68129,250,460,31164,
354.24765150857576,68129,250,459,31165,
354.2566627242363,68128,251,459,31165,
354.2593699835159,68128,251,458,31166,
354.2596223811305,68127,252,458,31166,
354.2684260123552,68126,253,458,31166,
354.27205233165336,68126,253,457,31167,
354.2749098175821,68126,252,458,31167,
354.2777780298879,68125,253,458,31167,
354.281972434015,68125,252,459,31167,
354.2827343190111,68125,252,458,31168,
354.2934158645243,68124,253,458,31168,
354.3006759102052,68123,254,458,31168,
354.3014653462594,68123,253,459,31168,
354.3058202688258,68123,252,460,31168,
354.312986183499,68123,252,459,31169,
354.31889499650254,68122,253,459,31169,
354.3193295211094,68121,254,459,31169,
354.321238023826,68121,254,458,31170,
354.334426145895,68121,254,457,31171,
354.33595649998216,68121,254,456,31172,
354.33981208750686,68120,255,456,31172,
354.34077082835506,68120,255,455,31173,
354.3410286413651,68119,256,455,31173,
354.3419729046714,68119,256,454,31174,
354.3473431942612,68119,255,455,31174,
354.3501670915212,68119,254,456,31174,
354.3520612123374,68119,254,455,31175,
354.3592974433769,68119,254,454,31176,
354.3596849941214,68119,254,453,31177,
354.377172116795,68119,254,452,31178,
354.3830089011151,68119,254,451,31179,
354.3840228520083,68119,253,452,31179,
354.3937691185636,68119,252,453,31179,
354.3957033080328,68118,253,453,31179,
354.40336209503505,68118,253,452,31180,
354.4036007271013,68118,253,451,31181,
354.40426489631375,68118,252,452,31181,
354.41231151452865,68118,252,451,31182,
354.4128796589057,68118,252,450,31183,
354.4364156585806,68117,253,450,31183,
354.4532916856312,68117,252,451,31183,
354.45454275599894,68117,252,450,31184,
354.4602543656609,68117,252,449,31185,
354.46038254716535,68117,251,450,31185,
354.4611943201751,68117,251,449,31186,
354.46289092506277,68116,252,449,31186,
354.46403883673776,68115,253,449,31186,
354.47666492469807,68115,252,450,31186,
354.4799774906156,68115,252,449,31187,
354.48490738589174,68115,251,450,31187,
354.48857031288946,68114,252,450,31187,
354.50490791699906,68114,251,451,31187,
354.50991403134157,68114,250,452,31187,
354.51909997878755,68114,250,451,31188,
354.5350670970087,68114,250,450,31189,
354.5378150804945,68114,249,451,31189,
354.542382666855,68113,250,451,31189,
354.55802663529886,68113,250,450,31190,
354.5681165432728,68112,251,450,31190,
354.56864189634734,68111,252,450,31190,
354.56876523359654,68111,252,449,31191,
354.5733728024708,68110,253,449,31191,
354.59979420884815,68110,252,450,31191,
354.60299375102505,68110,252,449,31192,
354.6059942934407,68109,253,449,31192,
354.6065532954135,68109,252,450,31192,
354.610830414321,68108,253,450,31192,
354.61327636390445,68108,252,451,31192,
354.6192015881123,68108,251,452,31192,
354.6282604040166,68108,251,451,31193,
354.6298222494009,68108,250,452,31193,
354.6300024219158,68108,249,453,31193,
354.6308150360954,68108,249,452,31194,
354.64008183445696,68108,248,453,31194,
354.64828995948136,68108,247,454,31194,
354.65746047136537,68107,248,454,31194,
354.6579957693062,68107,248,453,31195,
354.66432926607524,68107,248,452,31196,
354.67446105909045,68106,249,452,31196,
354.6833655095401,68105,250,452,31196,
354.712553968282,68104,251,452,31196,
354.73202449617656,68104,251,451,31197,
354.73259782210283,68104,251,450,31198,
354.7368962638145,68104,250,451,31198,
354.74714120370663,68103,251,451,31198,
354.74750169845834,68102,252,451,31198,
354.74950315296263,68101,253,451,31198,
354.7678686202844,68101,252,452,31198,
354.7758317538275,68100,253,452,31198,
354.7847325307708,68100,252,453,31198,
354.78665526959566,68100,251,454,31198,
354.7950426202202,68099,252,454,31198,
354.797524044761,68099,252,453,31199,
354.801921982007,68099,252,452,31200,
354.81026188488164,68099,251,453,31200,
354.81711973944306,68099,251,452,31201,
354.8315034069252,68099,251,451,31202,
354.8328893713087,68098,252,451,31202,
354.83679536911177,68098,252,450,31203,
354.863743569093,68098,252,449,31204,
354.8639319013569,68098,251,450,31204,
354.8692604154271,68098,251,449,31205,
354.88440878202704,68098,251,448,31206,
354.8859736579862,68097,252,448,31206,
354.88999525501794,68097,252,447,31207,
354.8943752564918,68097,252,446,31208,
354.8958635305014,68097,251,447,31208,
354.91789568886327,68097,251,446,31209,
354.94705547674556,68097,251,445,31210,
354.94737537642203,68096,252,445,31210,
354.9482606720047,68096,251,446,31210,
354.9519395860584,68096,251,445,31211,
354.9520671429148,68096,250,446,31211,
354.95672977043233,68095,251,446,31211,
354.9626035940847,68094,252,446,31211,
354.9671696255115,68093,253,446,31211,
354.97026887401614,68092,254,446,31211,
354.97457611521475,68092,253,447,31211,
354.9745791693189,68092,252,448,31211,
354.9776621156846,68092,252,447,31212,
354.98307802186764,68092,251,448,31212,
354.9928150919878,68092,250,449,31212,
355.0007737171839,68092,250,448,31213,
355.0074223312543,68092,250,447,31214,
355.02400657074173,68092,249,448,31214,
355.02422778902894,68092,248,449,31214,
355.026136265278,68092,248,448,31215,
355.0615865473991,68092,248,447,31216,
355.073207871932,68091,249,447,31216,
355.08770533463934,68091,249,446,31217,
355.0883558389146,68090,250,446,31217,
355.09833042057915,68090,250,445,31218,
355.1165137987854,68090,250,444,31219,
355.119631503646,68089,251,444,31219,
355.1232120845994,68089,251,443,31220,
355.1287260243311,68089,251,442,31221,
355.1351908045401,68088,252,442,31221,
355.1360531408899,68087,253,442,31221,
355.13610995416985,68086,254,442,31221,
355.14818994288254,68085,255,442,31221,
355.1493563951242,68085,254,443,31221,
355.17023195571204,68085,253,444,31221,
355.19111478841774,68085,252,445,31221,
355.2060305747016,68084,253,445,31221,
355.2204533236998,68084,252,446,31221,
355.23292680097114,68084,251,447,31221,
355.233403694659,68084,250,448,31221,
355.23508960051305,68084,249,449,31221,
355.2393794592995,68083,250,449,31221,
355.2483333064535,68082,251,449,31221,
355.2589569972212,68082,250,450,31221,
355.28526342285767,68082,249,451,31221,
355.2858486235957,68082,249,450,31222,
355.28732715695975,68081,250,450,31222,
355.31179368287974,68080,251,450,31222,
355.3143027341797,68080,250,451,31222,
355.3289450758325,68080,250,450,31223,
355.3357347090908,68080,249,451,31223,
355.3428461852007,68080,248,452,31223,
355.35021183079607,68079,249,452,31223,
355.3581093599756,68079,249,451,31224,
355.36596387704617,68078,250,451,31224,
355.37043200370556,68078,249,452,31224,
355.38130649672894,68077,250,452,31224,
355.40034274086435,68077,250,451,31225,
355.4028692445134,68077,249,452,31225,
355.4105712824688,68077,248,453,31225,
355.42220325704477,68077,248,452,31226,
355.43138974077397,68077,248,451,31227,
355.4373028435173,68077,247,452,31227,
355.4468794981545,68076,248,452,31227,
355.45227242747956,68076,247,453,31227,
355.4525525012114,68075,248,453,31227,
355.45584780069316,68075,247,454,31227,
355.4570800323032,68075,247,453,31228,
355.45726169690226,68075,247,452,31229,
355.4607482446288,68075,247,451,31230,
355.4633183343419,68074,248,451,31230,
355.47542192020575,68073,249,451,31230,
355.4979269747774,68073,248,452,31230,
355.50095050549123,68073,247,453,31230,
355.50414174013827,68073,247,452,31231,
355.5057424980203,68073,246,453,31231,
355.5105658103142,68073,245,454,31231,
355.51759687073616,68073,245,453,31232,
355.52496388748733,68073,244,454,31232,
355.5279190449876,68073,244,453,31233,
355.5332096674531,68072,245,453,31233,
355.5352151944235,68072,244,454,31233,
355.53841256108734,68072,244,453,31234,
355.55110621251526,68072,243,454,31234,
355.5535162202861,68071,244,454,31234,
355.556330162337,68071,244,453,31235,
355.55780855618474,68071,244,452,31236,
355.55802761519726,68071,244,451,31237,
355.5608102961446,68071,244,450,31238,
355.57221666932077,68071,244,449,31239,
355.5778736383687,68071,244,448,31240,
355.58471209317946,68070,245,448,31240,
355.5856586719985,68070,245,447,31241,
355.6102151756427,68070,244,448,31241,
355.6147130156351,68069,245,448,31241,
355.636423178582,68069,245,447,31242,
355.6391654116631,68069,244,448,31242,
355.6422730451348,68069,243,449,31242,
355.6442498408424,68069,242,450,31242,
355.6469690045862,68068,243,450,31242,
355.66431961017895,68067,244,450,31242,
355.6685090988321,68066,245,450,31242,
355.67026926414263,68066,244,451,31242,
355.70132310325926,68066,243,452,31242,
355.7091156118383,68065,244,452,31242,
355.7102815622369,68065,244,451,31243,
355.7136320370768,68065,243,452,31243,
355.7461982970528,68064,244,452,31243,
355.75050095667325,68064,244,451,31244,
355.76025551247056,68064,243,452,31244,
355.7734415210121,68064,242,453,31244,
355.7754909664704,68063,243,453,31244,
355.7768631724728,68063,242,454,31244,
355.78311108178445,68063,241,455,31244,
355.78818120899143,68063,240,456,31244,
355.79226688415787,68063,239,457,31244,
355.79276904745336,68063,239,456,31245,
355.79280247801074,68063,239,455,31246,
355.79281452455706,68062,240,455,31246,
355.79358371974826,68062,239,456,31246,
355.7937297530775,68062,239,455,31247,
355.8064657123443,68061,240,455,31247,
355.8073850890684,68061,240,454,31248,
355.8156668833478,68061,240,453,31249,
355.81754280471904,68061,240,452,31250,
355.8196156346819,68061,239,453,31250,
355.82090349600253,68061,238,454,31250,
355.8234579611056,68061,238,453,31251,
355.83534759369604,68060,239,453,31251,
355.84111041676516,68060,238,454,31251,
355.8473653533288,68060,238,453,31252,
355.8576314995583,68060,237,454,31252,
355.8598539342237,68059,238,454,31252,
355.86433442460884,68059,238,453,31253,
355.86553081434243,68059,237,454,31253,
355.87061564198336,68059,236,455,31253,
355.87842043556645,68059,235,456,31253,
355.88630239406626,68059,235,455,31254,
355.88865882189475,68059,235,454,31255,
355.89695477474515,68059,234,455,31255,
355.9055654993508,68059,234,454,31256,
355.9231329166892,68059,234,453,31257,
355.92514011709227,68059,233,454,31257,
355.9288218843217,68059,232,455,31257,
355.93019984697617,68058,233,455,31257,
355.9396335574255,68058,233,454,31258,
355.9463772079559,68058,233,453,31259,
355.9522849285479,68058,232,454,31259,
355.95400664737724,68057,233,454,31259,
355.96017126043046,68057,233,453,31260,
355.9677985031676,68057,232,454,31260,
355.96936014729107,68056,233,454,31260,
355.9729477596565,68055,234,454,31260,
355.97344145517746,68055,234,453,31261,
355.97483345828556,68054,235,453,31261,
355.9762729117008,68053,236,453,31261,
355.97810438708217,68053,236,452,31262,
355.97859929765133,68052,237,452,31262,
355.983798133085,68051,238,452,31262,
355.9915789724342,68050,239,452,31262,
356.00673296658357,68050,239,451,31263,
356.0068128343517,68050,238,452,31263,
356.0193933984992,68049,239,452,31263,
356.0270832923891,68048,240,452,31263,
356.0360135350418,68048,239,453,31263,
356.037189503347,68048,238,454,31263,
356.05015527059163,68047,239,454,31263,
356.0536236333265,68047,239,453,31264,
356.0576086209462,68047,238,454,31264,
356.0589495334627,68046,239,454,31264,
356.05921035847166,68046,239,453,31265,
356.0648027206673,68046,238,454,31265,
356.06544642497806,68045,239,454,31265,
356.0675440594361,68045,238,455,31265,
356.0716299219568,68044,239,455,31265,
356.07242578118456,68043,240,455,31265,
356.0921911388532,68043,239,456,31265,
356.11243823365913,68043,238,457,31265,
356.11471895245626,68042,239,457,31265,
356.1171002156413,68041,240,457,31265,
356.1211320351525,68040,241,457,31265,
356.128656226549,68039,242,457,31265,
356.13413953264245,68038,243,457,31265,
356.14041656032776,68037,244,457,31265,
356.144857016477,68036,245,457,31265,
356.14535918776846,68036,244,458,31265,
356.15495395892486,68036,244,457,31266,
356.16421686512257,68036,243,458,31266,
356.16650804856323,68036,243,457,31267,
356.1750478771579,68036,243,456,31268,
356.1798814150955,68035,244,456,31268,
356.1919808664159,68035,244,455,31269,
356.1934592659719,68035,244,454,31270,
356.1936959055201,68034,245,454,31270,
356.2115486778855,68034,244,455,31270,
356.21185752768804,68034,244,454,31271,
356.22022056037116,68033,245,454,31271,
356.2216938884922,68033,245,453,31272,
356.2223290681796,68033,244,454,31272,
356.22384696308455,68033,243,455,31272,
356.23835525687787,68033,242,456,31272,
356.23852711013507,68033,241,457,31272,
356.24932323025416,68032,242,457,31272,
356.26007919530167,68032,242,456,31273,
356.2834543453986,68032,242,455,31274,
356.2907506698575,68031,243,455,31274,
356.29492388188913,68031,243,454,31275,
356.2996444994741,68031,243,453,31276,
356.3016966956552,68031,243,452,31277,
356.31023122213236,68031,243,451,31278,
356.3152425604584,68031,243,450,31279,
356.3182174250532,68030,244,450,31279,
356.3209824204531,68030,244,449,31280,
356.32202375037446,68030,244,448,31281,
356.3435839835877,68030,243,449,31281,
356.34983396283764,68029,244,449,31281,
356.36456142437,68028,245,449,31281,
356.3734728971809,68028,244,450,31281,
356.37701665520507,68028,244,449,31282,
356.38114727967564,68027,245,449,31282,
356.38576166671936,68027,245,448,31283,
356.38958011958687,68027,245,447,31284,
356.39188760018885,68027,245,446,31285,
356.39369398839784,68027,245,445,31286,
356.40843534499044,68027,245,444,31287,
356.4109134224771,68026,246,444,31287,
356.4136481300949,68026,246,443,31288,
356.42383161396253,68026,246,442,31289,
356.43403122358836,68025,247,442,31289,
356.44174971576797,68024,248,442,31289,
356.44219583452673,68024,247,443,31289,
356.455894418813,68024,246,444,31289,
356.4701700862742,68024,246,443,31290,
356.4703316139981,68024,245,444,31290,
356.48011483966127,68024,244,445,31290,
356.4812082348442,68024,243,446,31290,
356.48290779272304,68024,243,445,31291,
356.4895388450298,68024,243,444,31292,
356.48988393059795,68023,244,444,31292,
356.49495565401844,68023,243,445,31292,
356.50192304695884,68023,242,446,31292,
356.51298323179276,68023,241,447,31292,
356.52488617412035,68023,240,448,31292,
356.5306679937053,68023,240,447,31293,
356.53267947905215,68023,239,448,31293,
356.5349266742613,68023,239,447,31294,
356.54985536384555,68023,238,448,31294,
356.55084900392814,68023,237,449,31294,
356.55130747913535,68023,236,450,31294,
356.5520117728947,68022,237,450,31294,
356.5528873029938,68022,236,451,31294,
356.557260953776,68021,237,451,31294,
356.56518651683336,68021,237,450,31295,
356.57767797827887,68021,237,449,31296,
356.5807511681277,68021,236,450,31296,
356.59901207464515,68021,235,451,31296,
356.61530181745457,68021,235,450,31297,
356.6169628391965,68021,235,449,31298,
356.62212877219497,68020,236,449,31298,
356.6239699023353,68019,237,449,31298,
356.6242633657706,68019,236,450,31298,
356.62631315611395,68018,237,450,31298,
356.6329134348142,68018,236,451,31298,
356.6393097815072,68018,236,450,31299,
356.64556157852394,68018,235,451,31299,
356.6485446079139,68018,234,452,31299,
356.6610938007458,68018,234,451,31300,
356.6867391697505,68018,233,452,31300,
356.68851497161796,68018,232,453,31300,
356.68976439731597,68017,233,453,31300,
356.71011934124004,68016,234,453,31300,
356.71530973419345,68016,234,452,31301,
356.721018170926,68015,235,452,31301,
356.73598992073784,68015,234,453,31301,
356.74046798858456,68015,234,452,31302,
356.743328891172,68015,233,453,31302,
356.7671888467287,68015,233,452,31303,
356.7682417701605,68015,233,451,31304,
356.7778644607311,68015,232,452,31304,
356.78157697498074,68015,232,451,31305,
356.78204982851173,68014,233,451,31305,
356.79269016720326,68014,233,450,31306,
356.80047776856475,68014,232,451,31306,
356.80922976103426,68014,231,452,31306,
356.81296395966564,68013,232,452,31306,
356.8146129496786,68013,231,453,31306,
356.82774305153873,68013,230,454,31306,
356.837726950183,68012,231,454,31306,
356.8479500802953,68011,232,454,31306,
356.84870720673223,68010,233,454,31306,
356.8506119458889,68010,233,453,31307,
356.8614150124197,68010,232,454,31307,
356.86613133693,68010,231,455,31307,
356.8741066342745,68010,231,454,31308,
356.8741405926374,68009,232,454,31308,
356.8788617028852,68009,232,453,31309,
356.8871206705303,68009,231,454,31309,
356.8871436416608,68008,232,454,31309,
356.8904078138512,68008,231,455,31309,
356.8932333462165,68008,230,456,31309,
356.90040731200713,68008,230,455,31310,
356.91421828556696,68008,229,456,31310,
356.9205693497471,68008,228,457,31310,
356.9292291830282,68008,228,456,31311,
356.93843865580453,68008,228,455,31312,
356.9410860132694,68008,227,456,31312,
356.9472588486288,68008,226,457,31312,
356.95909075178724,68008,225,458,31312,
356.96209095068184,68007,226,458,31312,
356.96776766419697,68007,225,459,31312,
356.97122018686065,68007,224,460,31312,
356.9939063752742,68006,225,460,31312,
357.00065740094936,68006,224,461,31312,
357.00236510142344,68006,224,460,31313,
357.00297778200047,68006,223,461,31313,
357.0160443089834,68005,224,461,31313,
357.0305969174212,68005,224,460,31314,
357.05051460446464,68004,225,460,31314,
357.0523559457063,68004,225,459,31315,
357.05737885889636,68004,224,460,31315,
357.06320359127636,68004,223,461,31315,
357.0793953291238,68003,224,461,31315,
357.0802448266985,68003,223,462,31315,
357.0808087423824,68003,223,461,31316,
357.087614810384,68003,223,460,31317,
357.09967251401144,68002,224,460,31317,
357.10232092137204,68002,224,459,31318,
357.1141467190355,68002,224,458,31319,
357.1213123461897,68002,224,457,31320,
357.12820286258415,68002,224,456,31321,
357.13333118687143,68002,224,455,31322,
357.14453065484093,68001,225,455,31322,
357.1550178798544,68000,226,455,31322,
357.16244484852587,68000,225,456,31322,
357.172420445191,68000,224,457,31322,
357.1813020948092,68000,223,458,31322,
357.1888480382098,67999,224,458,31322,
357.19278801153246,67999,224,457,31323,
357.2000641043051,67999,223,458,31323,
357.20830287082276,67999,223,457,31324,
357.21214802912687,67999,222,458,31324,
357.22365918259175,67999,222,457,31325,
357.2401784809626,67999,221,458,31325,
357.2521558715383,67998,222,458,31325,
357.25452528524914,67998,221,459,31325,
357.25729792595286,67998,221,458,31326,
357.27468654938224,67998,220,459,31326,
357.2780071470821,67998,219,460,31326,
357.28277395124275,67998,218,461,31326,
357.2852840308791,67997,219,461,31326,
357.2896062553109,67997,219,460,31327,
357.30117819697097,67997,219,459,31328,
357.30988439439875,67997,219,458,31329,
357.3267843319502,67997,218,459,31329,
357.3489183150964,67996,219,459,31329,
357.3490329958107,67996,219,458,31330,
357.36098680735176,67996,219,457,31331,
357.3942368436854,67995,220,457,31331,
357.4137277783989,67995,220,456,31332,
357.41729841098993,67994,221,456,31332,
357.4293471944724,67994,221,455,31333,
357.43495697340893,67994,221,454,31334,
357.43632379417454,67994,221,453,31335,
357.43747286579026,67993,222,453,31335,
357.4415861832905,67993,222,452,31336,
357.4472286173838,67992,223,452,31336,
357.4538181960636,67992,222,453,31336,
357.45490082779116,67992,221,454,31336,
357.46944739024235,67992,221,453,31337,
357.47192777714747,67992,220,454,31337,
357.48076030626834,67992,219,455,31337,
357.4821944984951,67991,220,455,31337,
357.5153952925632,67991,219,456,31337,
357.5362508110095,67991,218,457,31337,
357.5367633592727,67991,217,458,31337,
357.53911716791873,67991,217,457,31338,
357.54954993289755,67990,218,457,31338,
357.55311853569486,67990,218,456,31339,
357.55413186826354,67990,218,455,31340,
357.5577278629241,67990,218,454,31341,
357.5599240417167,67990,217,455,31341,
357.56124649420065,67990,216,456,31341,
357.5883185805643,67990,216,455,31342,
357.5899459675834,67989,217,455,31342,
357.5913319421439,67988,218,455,31342,
357.60251667687834,67988,217,456,31342,
357.6072334339451,67988,217,455,31343,
357.62271176095635,67988,216,456,31343,
357.6394436755674,67988,215,457,31343,
357.6411137930575,67988,214,458,31343,
357.6688285911762,67988,213,459,31343,
357.67712065720355,67988,212,460,31343,
357.67842481867643,67987,213,460,31343,
357.6811192173801,67986,214,460,31343,
357.6943132275535,67986,214,459,31344,
357.69676886403767,67986,214,458,31345,
357.69891632317865,67986,214,457,31346,
357.7003197416222,67986,214,456,31347,
357.7009695263386,67986,213,457,31347,
357.71086639737604,67986,212,458,31347,
357.71368203088275,67986,212,457,31348,
357.7217995952897,67986,211,458,31348,
357.7239506146369,67985,212,458,31348,
357.7245965422046,67984,213,458,31348,
357.73005350017326,67984,212,459,31348,
357.7335532082401,67983,213,459,31348,
357.73753323334915,67982,214,459,31348,
357.7426449716842,67982,214,458,31349,
357.74650758059863,67982,214,457,31350,
357.7469079021171,67982,214,456,31351,
357.7475152418499,67982,213,457,31351,
357.760681636356,67982,213,456,31352,
357.7877131492232,67982,212,457,31352,
357.80338459112556,67982,212,456,31353,
357.8059394453422,67982,212,455,31354,
357.8339695023091,67982,211,456,31354,
357.8421978760252,67982,211,455,31355,
357.84242873448255,67981,212,455,31355,
357.84924976864403,67980,213,455,31355,
357.84928985048447,67979,214,455,31355,
357.8609368814151,67978,215,455,31355,
357.89162473263417,67977,216,455,31355,
357.91240458518934,67976,217,455,31355,
357.9136493157097,67976,217,454,31356,
357.9156055184222,67976,216,455,31356,
357.92448654841155,67976,215,456,31356,
357.93598773961384,67976,214,457,31356,
357.93844903214944,67975,215,457,31356,
357.9441966820615,67975,215,456,31357,
357.95372880313016,67975,215,455,31358,
357.96286571546847,67975,214,456,31358,
357.9750745971081,67975,213,457,31358,
357.9752860456749,67975,212,458,31358,
357.9879084764174,67975,211,459,31358,
358.0061668872187,67975,210,460,31358,
358.02094779868,67974,211,460,31358,
358.0297629585428,67974,211,459,31359,
358.0332316170262,67973,212,459,31359,
358.0459538758869,67973,211,460,31359,
358.06564295047866,67972,212,460,31359,
358.0729460583574,67972,211,461,31359,
358.09645286302634,67971,212,461,31359,
358.1060623811841,67971,212,460,31360,
358.12208323772063,67971,212,459,31361,
358.1252327484044,67971,212,458,31362,
358.1325414904555,67970,213,458,31362,
358.1338681531255,67969,214,458,31362,
358.1544273392657,67969,214,457,31363,
358.1637500901292,67969,213,458,31363,
358.17289347731156,67968,214,458,31363,
358.1751771841445,67968,213,459,31363,
358.17785062461223,67968,213,458,31364,
358.1847853772558,67967,214,458,31364,
358.19224715426725,67966,215,458,31364,
358.2009923251258,67966,214,459,31364,
358.21767247426993,67966,214,458,31365,
358.2303687672943,67965,215,458,31365,
358.23891876867316,67965,215,457,31366,
358.2403033741955,67965,215,456,31367,
358.24701302164965,67964,216,456,31367,
358.25827370601723,67963,217,456,31367,
358.27577798147775,67962,218,456,31367,
358.28035980092693,67962,218,455,31368,
358.2839037107736,67961,219,455,31368,
358.284106706792,67960,220,455,31368,
358.29398552047064,67960,220,454,31369,
358.3271197570877,67960,220,453,31370,
358.335964928843,67960,220,452,31371,
358.33836544305956,67960,220,451,31372,
358.33887271697677,67959,221,451,31372,
358.3601114708328,67958,222,451,31372,
358.3791500736996,67958,221,452,31372,
358.38703001873483,67958,221,451,31373,
358.39410009478377,67958,220,452,31373,
358.3952375912174,67957,221,452,31373,
358.39540039070164,67956,222,452,31373,
358.4093282110771,67956,221,453,31373,
358.4163944324872,67955,222,453,31373,
358.4214135395469,67954,223,453,31373,
358.42429313777313,67953,224,453,31373,
358.4298926472177,67953,224,452,31374,
358.43279568828194,67952,225,452,31374,
358.4346903815433,67952,225,451,31375,
358.4445589218496,67952,224,452,31375,
358.44508417184164,67952,224,451,31376,
358.44924358841126,67951,225,451,31376,
358.4648494774193,67950,226,451,31376,
358.4715752706451,67950,226,450,31377,
358.4794110888566,67949,227,450,31377,
358.4829154519004,67948,228,450,31377,
358.4858961497257,67947,229,450,31377,
358.4881963289097,67946,230,450,31377,
358.49288305347204,67946,229,451,31377,
358.4969172309696,67946,229,450,31378,
358.4992519887819,67945,230,450,31378,
358.50022298978377,67945,230,449,31379,
358.50268220193794,67945,230,448,31380,
358.50897643893336,67944,231,448,31380,
358.51522469457734,67944,231,447,31381,
358.51661322537655,67944,231,446,31382,
358.53210264045686,67944,231,445,31383,
358.53490444972783,67944,230,446,31383,
358.54181000624504,67944,229,447,31383,
358.54714535397954,67944,229,446,31384,
358.5504668687615,67944,228,447,31384,
358.55214980408,67944,228,446,31385,
358.5528706499215,67944,227,447,31385,
358.556492311629,67944,227,446,31386,
358.5626449440957,67944,226,447,31386,
358.5670387502419,67944,225,448,31386,
358.56867968972506,67944,225,447,31387,
358.5805534491291,67944,225,446,31388,
358.5817754223899,67944,225,445,31389,
358.5890727257283,67944,224,446,31389,
358.59714050672596,67943,225,446,31389,
358.60159039129275,67943,225,445,31390,
358.60358537144634,67943,225,444,31391,
358.6053037409219,67943,225,443,31392,
358.6065574843042,67943,225,442,31393,
358.61200795052173,67942,226,442,31393,
358.6304312150194,67942,225,443,31393,
358.6421851700064,67942,225,442,31394,
358.6456867359296,67942,224,443,31394,
358.65099458068437,67942,224,442,31395,
358.6527399278679,67942,224,441,31396,
358.65579421144616,67942,223,442,31396,
358.6572963157621,67942,223,441,31397,
358.65876558816245,67942,222,442,31397,
358.6610167425835,67942,222,441,31398,
358.6612839577182,67941,223,441,31398,
358.66141044070866,67941,223,440,31399,
358.6640939706228,67940,224,440,31399,
358.67991717572886,67940,223,441,31399,
358.6819817222815,67939,224,441,31399,
358.6878147535196,67939,223,442,31399,
358.6932275822407,67939,223,441,31400,
358.69935028765383,67939,223,440,31401,
358.70456408728114,67939,223,439,31402,
358.7071063407417,67938,224,439,31402,
358.7107168231178,67937,225,439,31402,
358.71091959770047,67936,226,439,31402,
358.71260268240377,67936,225,440,31402,
358.74712384848925,67936,224,441,31402,
358.7624470244905,67935,225,441,31402,
358.76799442440847,67935,225,440,31403,
358.76915982365165,67935,225,439,31404,
358.7743080174511,67935,224,440,31404,
358.7808414084708,67935,223,441,31404,
358.78840908511893,67935,222,442,31404,
358.7947090150616,67935,222,441,31405,
358.8085219011313,67935,222,440,31406,
358.8152610537619,67934,223,440,31406,
358.815298760975,67933,224,440,31406,
358.8176852580587,67933,224,439,31407,
358.81898496290216,67932,225,439,31407,
358.8194848288523,67932,225,438,31408,
358.8201435643484,67931,226,438,31408,
358.84445360092155,67930,227,438,31408,
358.8512407686211,67930,227,437,31409,
358.85241857173617,67930,227,436,31410,
358.8663880072145,67929,228,436,31410,
358.87033623909275,67929,228,435,31411,
358.8738404597206,67929,228,434,31412,
358.87749592027666,67928,229,434,31412,
358.8839429267658,67927,230,434,31412,
358.888761756518,67927,230,433,31413,
358.8949332531516,67927,230,432,31414,
358.8970524375018,67927,230,431,31415,
358.90782465239715,67927,229,432,31415,
358.9132884465264,67927,228,433,31415,
358.9154102109302,67927,228,432,31416,
358.91922670507864,67926,229,432,31416,
358.9270260126848,67926,229,431,31417,
358.9304904515948,67926,228,432,31417,
358.93706362533567,67926,227,433,31417,
358.9437818194616,67925,228,433,31417,
358.9453472646539,67924,229,433,31417,
358.9468044831934,67924,229,432,31418,
358.94717177615945,67923,230,432,31418,
358.9572565611041,67922,231,432,31418,
358.960803887094,67922,230,433,31418,
358.9652525003471,67921,231,433,31418,
358.97192354124905,67921,231,432,31419,
358.98318232059916,67921,231,431,31420,
358.9849152686015,67921,231,430,31421,
358.9939470399315,67921,231,429,31422,
358.9939800148659,67921,231,428,31423,
359.0064596389208,67921,230,429,31423,
359.0195553342041,67920,231,429,31423,
359.02580916742187,67919,232,429,31423,
359.03087767930845,67918,233,429,31423,
359.0359694157187,67917,234,429,31423,
359.0485390050953,67917,233,430,31423,
359.0548792996632,67917,232,431,31423,
359.0621943721761,67916,233,431,31423,
359.0643716033321,67916,233,430,31424,
359.06769876049674,67916,232,431,31424,
359.068689214558,67915,233,431,31424,
359.0733867585732,67915,232,432,31424,
359.07364552714967,67915,231,433,31424,
359.10054593581384,67914,232,433,31424,
359.10434833225094,67914,231,434,31424,
359.11147511931705,67914,230,435,31424,
359.12450136703336,67914,229,436,31424,
359.1252590151183,67914,228,437,31424,
359.12792669744164,67914,227,438,31424,
359.1340296423309,67914,227,437,31425,
359.1426460337442,67913,228,437,31425,
359.1539379866083,67913,227,438,31425,
359.1675346593784,67913,227,437,31426,
359.1689582800706,67913,227,436,31427,
359.16955565944636,67913,226,437,31427,
359.18624568035153,67913,226,436,31428,
359.19881134905876,67913,226,435,31429,
359.20054321773597,67912,227,435,31429,
359.2043619692164,67911,228,435,31429,
359.21947945519105,67911,227,436,31429,
359.2228279152015,67911,227,435,31430,
359.2243151125296,67910,228,435,31430,
359.2401007612206,67910,228,434,31431,
359.24039096930176,67910,227,435,31431,
359.26392883277884,67910,226,436,31431,
359.2795383975973,67910,226,435,31432,
359.2845371302084,67910,225,436,31432,
359.2874377290899,67910,225,435,31433,
359.2910805661717,67909,226,435,31433,
359.292327977922,67909,225,436,31433,
359.2983914498839,67908,226,436,31433,
359.30786110538844,67908,225,437,31433,
359.3079706968659,67907,226,437,31433,
359.3105120610338,67906,227,437,31433,
359.3183430808607,67906,227,436,31434,
359.32380508386433,67906,226,437,31434,
359.3388192345355,67906,225,438,31434,
359.35877720256315,67906,225,437,31435,
359.36727665864953,67905,226,437,31435,
359.41404692672745,67904,227,437,31435,
359.4260453846366,67904,226,438,31435,
359.43939933079236,67903,227,438,31435,
359.4395249943907,67902,228,438,31435,
359.45176377357507,67902,227,439,31435,
359.453200158575,67902,226,440,31435,
359.453200158575,67902,226,440,31435,
359.45719929813134,67902,226,439,31436,
359.45751446716525,67901,227,439,31436,
359.46458573713727,67900,228,439,31436,
359.47822539922714,67900,227,440,31436,
359.48106784418667,67900,227,439,31437,
359.4969305868209,67899,228,439,31437,
359.50881346480645,67899,227,440,31437,
359.5145958384253,67899,227,439,31438,
359.523203679425,67899,227,438,31439,
359.5358539658719,67898,228,438,31439,
359.53998111567535,67897,229,438,31439,
359.5446601435836,67897,228,439,31439,
359.55299626167533,67896,229,439,31439,
359.5532874943258,67896,229,438,31440,
359.55987045224026,67895,230,438,31440,
359.5635480003611,67895,229,439,31440,
359.5758421877261,67894,230,439,31440,
359.5782618684574,67894,230,438,31441,
359.5796121323819,67893,231,438,31441,
359.5806862977961,67893,230,439,31441,
359.588025986116,67892,231,439,31441,
359.5976034614512,67891,232,439,31441,
359.60466895004066,67890,233,439,31441,
359.6120292840937,67889,234,439,31441,
359.6201286045955,67888,235,439,31441,
359.62547807540705,67888,234,440,31441,
359.6297757226635,67888,234,439,31442,
359.63711807725656,67888,234,438,31443,
359.6528605419194,67888,234,437,31444,
359.655743569019,67887,235,437,31444,
359.66270251791985,67886,236,437,31444,
359.6743233484599,67886,236,436,31445,
359.67439572897706,67886,236,435,31446,
359.67633569867553,67885,237,435,31446,
359.67810025506964,67885,237,434,31447,
359.68025927603503,67884,238,434,31447,
359.6845046067773,67884,237,435,31447,
359.7410813565519,67883,238,435,31447,
359.7565379944139,67883,238,434,31448,
359.76508177557054,67882,239,434,31448,
359.7878632601976,67881,240,434,31448,
359.79143461900526,67881,239,435,31448,
359.79547080478426,67880,240,435,31448,
359.79551484114546,67879,241,435,31448,
359.81209156604774,67879,241,434,31449,
359.8168626299887,67879,240,435,31449,
359.83295561259405,67879,240,434,31450,
359.83772060782235,67878,241,434,31450,
359.8393823567997,67877,242,434,31450,
359.84496228176425,67877,241,435,31450,
359.8517641360703,67876,242,435,31450,
359.86460514834795,67876,242,434,31451,
359.87271295763514,67876,242,433,31452,
359.8850989717639,67875,243,433,31452,
359.9106992936865,67875,243,432,31453,
359.93084349027947,67875,243,431,31454,
359.93095919790903,67875,243,430,31455,
359.9314895583862,67875,243,429,31456,
359.9372821135751,67875,242,430,31456,
359.93816005732054,67875,242,429,31457,
359.93946032985315,67875,242,428,31458,
359.9430283996847,67875,242,427,31459,
359.9649841957601,67874,243,427,31459,
359.9740211137066,67874,243,426,31460,
359.975070857701,67874,242,427,31460,
359.9826028175391,67873,243,427,31460,
359.98366115837933,67873,243,426,31461,
359.992108538268,67872,244,426,31461,
360.0039724691489,67872,244,425,31462,
360.0071865748753,67871,245,425,31462,
360.0108501426687,67871,244,426,31462,
360.01257908460036,67871,243,427,31462,
360.0161957877799,67871,242,428,31462,
360.0246163797549,67871,241,429,31462,
360.04219652052456,67870,242,429,31462,
360.0589882517402,67870,242,428,31463,
360.0642899292981,67870,242,427,31464,
360.06636111123163,67870,241,428,31464,
360.0690273975187,67870,241,427,31465,
360.07029369075394,67870,241,426,31466,
360.07762074254634,67870,240,427,31466,
360.07779826554764,67870,239,428,31466,
360.08751363401115,67869,240,428,31466,
360.1074050208348,67869,239,429,31466,
360.1200124633665,67868,240,429,31466,
360.1277782243174,67867,241,429,31466,
360.1358381537615,67867,241,428,31467,
360.1568277954054,67866,242,428,31467,
360.16024965123114,67866,242,427,31468,
360.16051076650973,67866,242,426,31469,
360.1777855292822,67866,241,427,31469,
360.1832816966364,67865,242,427,31469,
360.1863987011218,67865,242,426,31470,
360.19119739289795,67865,241,427,31470,
360.2058578851167,67864,242,427,31470,
360.21128549210164,67864,241,428,31470,
360.2123148113531,67864,240,429,31470,
360.21269874557055,67864,240,428,31471,
360.21629493642496,67864,239,429,31471,
360.21873974113083,67864,239,428,31472,
360.2389002273037,67864,238,429,31472,
360.2568619565019,67864,238,428,31473,
360.26360636298205,67863,239,428,31473,
360.27361787994033,67863,238,429,31473,
360.297084741264,67863,238,428,31474,
360.3139088059375,67862,239,428,31474,
360.33986401999914,67861,240,428,31474,
360.3418442298783,67861,239,429,31474,
360.3444021871107,67861,238,430,31474,
360.35236370622795,67861,238,429,31475,
360.3673475972204,67861,238,428,31476,
360.36896025233676,67860,239,428,31476,
360.3741695850233,67860,239,427,31477,
360.3747963564905,67859,240,427,31477,
360.390373542209,67858,241,427,31477,
360.40615926640334,67858,240,428,31477,
360.4195718714782,67857,241,428,31477,
360.42601110386244,67857,241,427,31478,
360.43319488358867,67857,240,428,31478,
360.43852501225757,67857,239,429,31478,
360.4422087138414,67857,238,430,31478,
360.4425281561618,67857,238,429,31479,
360.44572150675344,67856,239,429,31479,
360.45372888981547,67856,238,430,31479,
360.45943913094686,67856,237,431,31479,
360.4605011491587,67856,236,432,31479,
360.4644197933727,67856,236,431,31480,
360.4842142206487,67855,237,431,31480,
360.5062413668961,67854,238,431,31480,
360.5130341235929,67854,238,430,31481,
360.5238757199509,67854,237,431,31481,
360.5257222795503,67854,236,432,31481,
360.5277266193352,67854,236,431,31482,
360.5305808844454,67854,236,430,31483,
360.53272839481235,67854,236,429,31484,
360.5355981916919,67854,236,428,31485,
360.53683830534374,67854,236,427,31486,
360.541662183567,67853,237,427,31486,
360.54685533057426,67853,237,426,31487,
360.5503755916302,67853,236,427,31487,
360.55368083491464,67853,236,426,31488,
360.56307681808295,67853,235,427,31488,
360.56559943106237,67853,235,426,31489,
360.57281219460407,67853,234,427,31489,
360.5805532726712,67852,235,427,31489,
360.58363775532473,67852,234,428,31489,
360.58906187973406,67852,233,429,31489,
360.59270947847347,67852,232,430,31489,
360.5937509363647,67852,231,431,31489,
360.5940400663198,67852,231,430,31490,
360.60325163642574,67852,231,429,31491,
360.6060363089818,67852,231,428,31492,
360.61433923512806,67852,231,427,31493,
360.62151871407764,67852,230,428,31493,
360.62222717129447,67851,231,428,31493,
360.6253687860286,67851,231,427,31494,
360.6257989202255,67851,231,426,31495,
360.62712504093787,67850,232,426,31495,
360.62738210601526,67850,231,427,31495,
360.6363292268022,67850,231,426,31496,
360.63891826209095,67850,231,425,31497,
360.642516261384,67850,231,424,31498,
360.64666237601114,67850,230,425,31498,
360.64757431349864,67850,230,424,31499,
360.6562016816452,67850,230,423,31500,
360.6615862076626,67849,231,423,31500,
360.66256730476914,67848,232,423,31500,
360.6637218135776,67848,232,422,31501,
360.66446618466506,67847,233,422,31501,
360.66680730699113,67847,232,423,31501,
360.6823096820423,67847,231,424,31501,
360.68795187797156,67847,231,423,31502,
360.69286644358505,67847,231,422,31503,
360.6972641452281,67847,230,423,31503,
360.7010453831525,67847,229,424,31503,
360.7207390148888,67847,228,425,31503,
360.7304920208119,67847,228,424,31504,
360.73652843953556,67847,227,425,31504,
360.74716242697446,67847,227,424,31505,
360.75013075278514,67847,226,425,31505,
360.75928417682996,67847,226,424,31506,
360.7633347840298,67846,227,424,31506,
360.77145984999316,67845,228,424,31506,
360.77301270246267,67844,229,424,31506,
360.77339480949195,67844,228,425,31506,
360.77361370107826,67844,227,426,31506,
360.77382092270966,67844,226,427,31506,
360.78259972801175,67843,227,427,31506,
360.78339857064157,67843,226,428,31506,
360.7902385286229,67843,225,429,31506,
360.7960209334574,67843,224,430,31506,
360.81382172640855,67843,224,429,31507,
360.82406721075404,67843,224,428,31508,
360.8268075722142,67843,223,429,31508,
360.82893181958383,67843,223,428,31509,
360.8496710167797,67843,223,427,31510,
360.8540937874531,67843,223,426,31511,
360.8643215833151,67842,224,426,31511,
360.86539791981716,67842,224,425,31512,
360.8760701144129,67842,224,424,31513,
360.87745255010134,67842,224,423,31514,
360.8888086552297,67842,224,422,31515,
360.89888464583566,67842,223,423,31515,
360.9121805100825,67842,223,422,31516,
360.91605833817624,67842,222,423,31516,
360.91886876289095,67841,223,423,31516,
360.9207868548887,67841,223,422,31517,
360.92885706184666,67841,223,421,31518,
360.9338551737143,67841,223,420,31519,
360.9374606691963,67841,222,421,31519,
360.9416833534589,67840,223,421,31519,
360.94468504057005,67840,223,420,31520,
360.9513230135679,67840,223,419,31521,
360.952632052727,67839,224,419,31521,
360.95353412758647,67838,225,419,31521,
360.95895256577273,67838,224,420,31521,
360.969543415349,67838,223,421,31521,
360.970867230785,67838,223,420,31522,
360.98828940252366,67838,223,419,31523,
360.9888646798095,67838,223,418,31524,
360.9941023964053,67838,223,417,31525,
361.00421696824196,67838,223,416,31526,
361.00618211979105,67837,224,416,31526,
361.0136391784486,67836,225,416,31526,
361.0153786964808,67836,224,417,31526,
361.0270108007996,67836,223,418,31526,
361.0401649459268,67836,223,417,31527,
361.0441994954055,67836,223,416,31528,
361.0635353340456,67836,222,417,31528,
361.06559394473976,67836,221,418,31528,
361.0695718850352,67835,222,418,31528,
361.09360609282504,67835,221,419,31528,
361.09908710289085,67835,221,418,31529,
361.1055953525663,67834,222,418,31529,
361.10844608781736,67834,222,417,31530,
361.1252176634731,67833,223,417,31530,
361.1261475828598,67833,223,416,31531,
361.1326602148638,67833,222,417,31531,
361.1337662854724,67832,223,417,31531,
361.1339114034239,67832,223,416,31532,
361.1433099534693,67831,224,416,31532,
361.1494397827475,67831,223,417,31532,
361.15568789820315,67830,224,417,31532,
361.15780054410783,67830,223,418,31532,
361.1591637753293,67830,223,417,31533,
361.1689543110334,67830,223,416,31534,
361.171380864606,67829,224,416,31534,
361.1919348929222,67828,225,416,31534,
361.1927308220465,67827,226,416,31534,
361.20316413866277,67827,226,415,31535,
361.2059961426542,67827,226,414,31536,
361.2245481729551,67827,226,413,31537,
361.2365511413099,67827,226,412,31538,
361.257118334534,67827,226,411,31539,
361.26023641816266,67827,226,410,31540,
361.2650081848183,67826,227,410,31540,
361.2656747799732,67825,228,410,31540,
361.27216699815824,67824,229,410,31540,
361.28519805826215,67824,228,411,31540,
361.28756272270533,67824,228,410,31541,
361.2916650855954,67824,228,409,31542,
361.29626736187356,67824,228,408,31543,
361.30386866258067,67824,227,409,31543,
361.3129869163244,67823,228,409,31543,
361.31391427826816,67823,228,408,31544,
361.32728394382633,67822,229,408,31544,
361.32993032313317,67822,228,409,31544,
361.3405489880175,67822,227,410,31544,
361.3487134147161,67822,226,411,31544,
361.3587068841724,67822,226,410,31545,
361.3617930534527,67821,227,410,31545,
361.39636175675804,67821,226,411,31545,
361.398386286193,67821,225,412,31545,
361.414713237279,67820,226,412,31545,
361.4222738783347,67820,225,413,31545,
361.43327770849265,67820,224,414,31545,
361.43802357308914,67820,223,415,31545,
361.4440752449908,67820,222,416,31545,
361.44452059488935,67820,221,417,31545,
361.4491793460816,67819,222,417,31545,
361.44950055625077,67819,221,418,31545,
361.45155625195287,67818,222,418,31545,
361.4548280096095,67817,223,418,31545,
361.4664148750689,67817,223,417,31546,
361.4676585938708,67817,222,418,31546,
361.4706457217479,67817,221,419,31546,
361.4994628183744,67816,222,419,31546,
361.5074821121402,67816,222,418,31547,
361.50797748636484,67816,222,417,31548,
361.54214995792023,67815,223,417,31548,
361.5426488603329,67815,223,416,31549,
361.54583818081466,67815,223,415,31550,
361.5462137654337,67814,224,415,31550,
361.549905792625,67813,225,415,31550,
361.5514593340394,67813,225,414,31551,
361.5628728079762,67813,225,413,31552,
361.5650979156598,67813,225,412,31553,
361.56746108221904,67813,224,413,31553,
361.57341267931776,67813,224,412,31554,
361.58477836713,67813,224,411,31555,
361.5851779330219,67813,223,412,31555,
361.586195133518,67813,223,411,31556,
361.5862910748018,67812,224,411,31556,
361.59346203267893,67812,224,410,31557,
361.598994601797,67812,224,409,31558,
361.5992371751882,67812,223,410,31558,
361.6019190884466,67812,222,411,31558,
361.6048505257082,67812,222,410,31559,
361.61388027300416,67812,222,409,31560,
361.62075494503,67811,223,409,31560,
361.6285893126509,67810,224,409,31560,
361.6396943623141,67809,225,409,31560,
361.64597517133603,67808,226,409,31560,
361.6507585322924,67808,226,408,31561,
361.6519362466715,67808,225,409,31561,
361.65667562950296,67808,224,410,31561,
361.6605455194218,67808,223,411,31561,
361.6619423477867,67808,223,410,31562,
361.67654946993565,67808,222,411,31562,
361.6780351168772,67808,222,410,31563,
361.6929310987246,67808,222,409,31564,
361.70133150398493,67808,222,408,31565,
361.711977728227,67808,221,409,31565,
361.7178108830014,67807,222,409,31565,
361.72551420712074,67806,223,409,31565,
361.7363559350802,67806,223,408,31566,
361.7379363091077,67806,222,409,31566,
361.73809179623055,67806,221,410,31566,
361.74093256311727,67806,221,409,31567,
361.7432490787054,67806,220,410,31567,
361.75634066536077,67806,220,409,31568,
361.76415052255555,67806,220,408,31569,
361.7658578184926,67805,221,408,31569,
361.7721144652741,67804,222,408,31569,
361.7827995685968,67804,221,409,31569,
361.7918481620229,67803,222,409,31569,
361.7951274577205,67802,223,409,31569,
361.816571901055,67801,224,409,31569,
361.8222382586025,67800,225,409,31569,
361.8331730855525,67800,225,408,31570,
361.83509768979025,67800,224,409,31570,
361.83740247604646,67800,224,408,31571,
361.8417810192284,67800,223,409,31571,
361.84551323745535,67800,223,408,31572,
361.86249462183633,67800,222,409,31572,
361.8787991218431,67800,222,408,31573,
361.9000625178254,67800,222,407,31574,
361.9075495852838,67799,223,407,31574,
361.91385246239764,67799,223,406,31575,
361.928058422369,67798,224,406,31575,
361.9354724481293,67797,225,406,31575,
361.94003790153033,67797,225,405,31576,
361.9467976124689,67797,225,404,31577,
361.95907997898917,67797,225,403,31578,
361.9629710752182,67797,224,404,31578,
361.9802385892746,67797,224,403,31579,
361.9982145327014,67797,223,404,31579,
362.0010734413758,67797,223,403,31580,
362.00693444590297,67796,224,403,31580,
362.0161410102068,67796,224,402,31581,
362.05090899092727,67796,224,401,31582,
362.06051469544815,67796,223,402,31582,
362.0781027291847,67796,223,401,31583,
362.0856095372641,67796,222,402,31583,
362.0936218928194,67795,223,402,31583,
362.09454060764995,67795,223,401,31584,
362.1045112473253,67794,224,401,31584,
362.1072176524643,67794,223,402,31584,
362.1167069699105,67793,224,402,31584,
362.1207659157301,67793,224,401,31585,
362.1263699100975,67793,223,402,31585,
362.1269080399592,67792,224,402,31585,
362.1345758628926,67791,225,402,31585,
362.1519376600724,67791,224,403,31585,
362.15615792586954,67791,224,402,31586,
362.15981907276995,67790,225,402,31586,
362.1670560006333,67790,224,403,31586,
362.1719205977069,67790,223,404,31586,
362.17607847791817,67790,222,405,31586,
362.18343087502046,67789,223,405,31586,
362.1838925515557,67789,223,404,31587,
362.20894199097273,67788,224,404,31587,
362.2142804213351,67788,224,403,31588,
362.21776359799895,67788,223,404,31588,
362.2206401168703,67787,224,404,31588,
362.23670762322706,67786,225,404,31588,
362.23919154478796,67786,224,405,31588,
362.2421894394366,67786,223,406,31588,
362.2581809872387,67785,224,406,31588,
362.2598283696305,67784,225,406,31588,
362.26074316259496,67783,226,406,31588,
362.26962996116947,67783,226,405,31589,
362.2753326522778,67783,225,406,31589,
362.2755476213045,67783,224,407,31589,
362.28588531770004,67782,225,407,31589,
362.29684604225633,67781,226,407,31589,
362.31840915271164,67781,226,406,31590,
362.3199543063584,67780,227,406,31590,
362.3209790195775,67779,228,406,31590,
362.32484194563466,67779,228,405,31591,
362.33185012780166,67779,227,406,31591,
362.35445674680545,67778,228,406,31591,
362.3555295345837,67777,229,406,31591,
362.3638926732289,67777,228,407,31591,
362.36991810872416,67777,228,406,31592,
362.3704837073659,67777,227,407,31592,
362.3945672512124,67777,227,406,31593,
362.40453153200923,67776,228,406,31593,
362.4048675039331,67776,227,407,31593,
362.4526762548831,67775,228,407,31593,
362.45363549820047,67775,227,408,31593,
362.4795873055133,67775,226,409,31593,
362.50635403138546,67775,226,408,31594,
362.5082137566107,67774,227,408,31594,
362.51743192179885,67774,226,409,31594,
362.5286347465721,67774,226,408,31595,
362.5321335205594,67774,226,407,31596,
362.53399685893805,67774,225,408,31596,
362.5502645863834,67774,225,407,31597,
362.5505633434916,67773,226,407,31597,
362.55086236825457,67773,226,406,31598,
362.55368260625437,67772,227,406,31598,
362.5737535609112,67772,226,407,31598,
362.5743188052571,67772,226,406,31599,
362.5785203107062,67772,225,407,31599,
362.5902146762786,67771,226,407,31599,
362.59844175031816,67771,225,408,31599,
362.5989658041155,67770,226,408,31599,
362.6080430766113,67770,226,407,31600,
362.610249917965,67770,226,406,31601,
362.6107238765655,67770,226,405,31602,
362.6112596174787,67770,225,406,31602,
362.61169458947694,67770,225,405,31603,
362.61758379232737,67770,224,406,31603,
362.6220004261503,67770,224,405,31604,
362.62217633383983,67770,223,406,31604,
362.6249905431353,67770,223,405,31605,
362.6341225722983,67770,223,404,31606,
362.6372320505779,67770,223,403,31607,
362.63996538507035,67770,223,402,31608,
362.6539458356211,67770,222,403,31608,
362.65648158932186,67770,222,402,31609,
362.6766094799835,67770,222,401,31610,
362.67668043809806,67769,223,401,31610,
362.6813258340939,67769,223,400,31611,
362.68292753050656,67769,223,399,31612,
362.69094965973744,67769,222,400,31612,
362.6945872016345,67769,221,401,31612,
362.6946131369614,67768,222,401,31612,
362.7111136942959,67768,222,400,31613,
362.71931602287117,67768,221,401,31613,
362.7292396852334,67768,221,400,31614,
362.7412456555036,67768,221,399,31615,
362.7438900010799,67767,222,399,31615,
362.7485987030447,67766,223,399,31615,
362.7508705007956,67766,222,400,31615,
362.75233306672504,67766,222,399,31616,
362.7632858561798,67766,222,398,31617,
362.7782637258359,67766,221,399,31617,
362.77984901278785,67766,221,398,31618,
362.79131697673125,67766,220,399,31618,
362.79196044610575,67765,221,399,31618,
362.79242482272554,67765,221,398,31619,
362.80453364701054,67765,220,399,31619,
362.8166729190297,67765,220,398,31620,
362.83694739535593,67765,219,399,31620,
362.84721639668675,67764,220,399,31620,
362.84918043715606,67763,221,399,31620,
362.8555227312792,67763,221,398,31621,
362.8556952586685,67762,222,398,31621,
362.86827949177996,67762,221,399,31621,
362.870705501211,67762,221,398,31622,
362.8753526432966,67762,220,399,31622,
362.88433233062665,67762,219,400,31622,
362.8949719655574,67762,219,399,31623,
362.9039775159852,67762,218,400,31623,
362.90425962349553,67762,218,399,31624,
362.91254919352,67762,217,400,31624,
362.91881850525215,67762,217,399,31625,
362.93122048566545,67762,216,400,31625,
362.9312843277031,67762,216,399,31626,
362.94323750691865,67762,216,398,31627,
362.9485386582895,67762,216,397,31628,
362.95140559110763,67761,217,397,31628,
362.95433752248465,67761,216,398,31628,
362.96548769426863,67761,216,397,31629,
362.9742129945248,67761,215,398,31629,
362.9794406303747,67760,216,398,31629,
362.9875508401769,67760,215,399,31629,
363.0316119843248,67760,214,400,31629,
363.0431777281264,67759,215,400,31629,
363.04597405474175,67759,214,401,31629,
363.053772532983,67759,213,402,31629,
363.0621009976791,67759,212,403,31629,
363.06311003789324,67759,212,402,31630,
363.0719046152433,67759,212,401,31631,
363.08536547950115,67759,212,400,31632,
363.0863473554888,67758,213,400,31632,
363.08660061105394,67758,213,399,31633,
363.1017992951574,67758,213,398,31634,
363.1087346105228,67758,212,399,31634,
363.125092003873,67758,212,398,31635,
363.1260879975462,67758,211,399,31635,
363.1691899236168,67758,210,400,31635,
363.1701428294148,67758,210,399,31636,
363.1712835591471,67757,211,399,31636,
363.1745631610683,67756,212,399,31636,
363.2028447234354,67756,211,400,31636,
363.2078508765635,67756,211,399,31637,
363.2133569263993,67756,211,398,31638,
363.21415021786174,67756,211,397,31639,
363.23346866012173,67756,211,396,31640,
363.2387340140178,67756,211,395,31641,
363.2442826792353,67755,212,395,31641,
363.24545610161323,67755,212,394,31642,
363.2623003206617,67755,211,395,31642,
363.2731189816439,67754,212,395,31642,
363.2748315892081,67754,212,394,31643,
363.28438843540994,67754,212,393,31644,
363.2852170817007,67754,212,392,31645,
363.29447725815567,67753,213,392,31645,
363.2997412526875,67752,214,392,31645,
363.29977416040634,67752,213,393,31645,
363.30770930088954,67752,213,392,31646,
363.31471386781527,67751,214,392,31646,
363.32792899042835,67751,214,391,31647,
363.3334020772627,67751,214,390,31648,
363.36261420999824,67751,214,389,31649,
363.3652296844351,67750,215,389,31649,
363.36897551892434,67749,216,389,31649,
363.37402918871175,67749,216,388,31650,
363.37600982404666,67749,216,387,31651,
363.3772455307573,67748,217,387,31651,
363.3798092180733,67748,217,386,31652,
363.3826905218237,67748,217,385,31653,
363.385847171209,67748,217,384,31654,
363.3875582264703,67747,218,384,31654,
363.3976169079459,67747,218,383,31655,
363.4179685326119,67747,218,382,31656,
363.41978017792684,67747,217,383,31656,
363.4493129111681,67747,216,384,31656,
363.45162204431347,67747,216,383,31657,
363.4521104735921,67746,217,383,31657,
363.45309153277645,67746,217,382,31658,
363.4636032631568,67745,218,382,31658,
363.5004842850242,67745,217,383,31658,
363.5204930132802,67745,216,384,31658,
363.5347664436907,67745,215,385,31658,
363.53529151309357,67744,216,385,31658,
363.537077727203,67744,215,386,31658,
363.55665479389666,67744,215,385,31659,
363.5567483641955,67743,216,385,31659,
363.56093729410287,67743,216,384,31660,
363.57956428407965,67743,215,385,31660,
363.58140899928884,67742,216,385,31660,
363.59637576602046,67741,217,385,31660,
363.59743392049336,67740,218,385,31660,
363.5992738070363,67740,217,386,31660,
363.60035700271766,67740,216,387,31660,
363.600697227649,67739,217,387,31660,
363.6080125568018,67739,217,386,31661,
363.6155812208274,67739,216,387,31661,
363.6186339047224,67738,217,387,31661,
363.6203463463701,67738,216,388,31661,
363.6251314504851,67738,215,389,31661,
363.64619650453096,67737,216,389,31661,
363.64652750259353,67737,216,388,31662,
363.6670571491114,67737,215,389,31662,
363.6691830779943,67737,215,388,31663,
363.6738240274471,67737,215,387,31664,
363.6741144962496,67737,215,386,31665,
363.67747336007335,67736,216,386,31665,
363.6929388555066,67736,215,387,31665,
363.6957149172896,67735,216,387,31665,
363.6987008987089,67735,216,386,31666,
363.70337980750685,67735,216,385,31667,
363.7141874416309,67734,217,385,31667,
363.7149896759088,67734,216,386,31667,
363.71637223395214,67734,216,385,31668,
363.7182610093963,67734,215,386,31668,
363.72133812511834,67734,214,387,31668,
363.7218875239206,67734,213,388,31668,
363.72222297239784,67733,214,388,31668,
363.7411634653523,67733,214,387,31669,
363.74118802120086,67733,214,386,31670,
363.751850388203,67732,215,386,31670,
363.75986680565467,67732,214,387,31670,
363.7650109427992,67731,215,387,31670,
363.779614647809,67730,216,387,31670,
363.7931482043488,67730,215,388,31670,
363.80408561768655,67730,215,387,31671,
363.80561629545724,67729,216,387,31671,
363.81380828728265,67728,217,387,31671,
363.81636933882953,67728,217,386,31672,
363.8264605931303,67728,217,385,31673,
363.83832418626235,67728,217,384,31674,
363.8385643164511,67727,218,384,31674,
363.84153688476306,67727,217,385,31674,
363.84155432444845,67727,216,386,31674,
363.85006585836675,67727,216,385,31675,
363.875666658067,67727,216,384,31676,
363.884324507833,67727,215,385,31676,
363.8846357658786,67727,215,384,31677,
363.8898357102436,67727,214,385,31677,
363.90324794591436,67726,215,385,31677,
363.90645178675857,67726,214,386,31677,
363.91382480917326,67726,213,387,31677,
363.92133726859225,67726,213,386,31678,
363.94521041345143,67726,213,385,31679,
363.9460878667635,67725,214,385,31679,
363.95196697964354,67725,214,384,31680,
363.9542017511717,67725,214,383,31681,
363.96840550964384,67724,215,383,31681,
363.968732349352,67723,216,383,31681,
363.974967617904,67723,215,384,31681,
363.9861917710987,67723,215,383,31682,
363.99615605670556,67723,214,384,31682,
364.00008969815167,67723,213,385,31682,
364.01475170836636,67723,212,386,31682,
364.02831451309805,67723,212,385,31683,
364.0295166962266,67723,211,386,31683,
364.0354102372473,67723,211,385,31684,
364.0811598132501,67723,211,384,31685,
364.0814729577091,67723,211,383,31686,
364.0865589868837,67723,211,382,31687,
364.08949345358496,67723,211,381,31688,
364.0988907048666,67723,211,380,31689,
364.1126413514223,67722,212,380,31689,
364.11973300180506,67722,211,381,31689,
364.12441598071916,67721,212,381,31689,
364.12586622521906,67721,211,382,31689,
364.1373823128562,67720,212,382,31689,
364.15392330212575,67720,211,383,31689,
364.1580776996455,67720,210,384,31689,
364.1661454182116,67719,211,384,31689,
364.16842092148136,67719,211,383,31690,
364.18362979879856,67719,211,382,31691,
364.1907514630508,67718,212,382,31691,
364.19374664032694,67718,212,381,31692,
364.19886780047,67717,213,381,31692,
364.199174274046,67717,212,382,31692,
364.201190805609,67717,212,381,31693,
364.20196098821714,67716,213,381,31693,
364.2026872580868,67715,214,381,31693,
364.2123187466832,67714,215,381,31693,
364.22010881745774,67714,214,382,31693,
364.2315261630074,67714,214,381,31694,
364.231728959671,67713,215,381,31694,
364.24106583967057,67712,216,381,31694,
364.2514722540039,67712,216,380,31695,
364.25935516868924,67712,216,379,31696,
364.2624094302324,67712,216,378,31697,
364.26665275479894,67712,216,377,31698,
364.28946148579075,67712,216,376,31699,
364.30266852889116,67711,217,376,31699,
364.3082638300686,67711,217,375,31700,
364.3114891740103,67711,216,376,31700,
364.3199643495153,67711,216,375,31701,
364.3266531596267,67711,216,374,31702,
364.3498222733516,67711,215,375,31702,
364.3897246637347,67710,216,375,31702,
364.4019209848542,67710,215,376,31702,
364.4082262684782,67710,214,377,31702,
364.411186315694,67709,215,377,31702,
364.41762171089664,67708,216,377,31702,
364.4205599720231,67708,216,376,31703,
364.4323559028062,67708,215,377,31703,
364.4377624199879,67708,215,376,31704,
364.44037259206783,67707,216,376,31704,
364.4612307208283,67707,215,377,31704,
364.46149989554317,67707,215,376,31705,
364.47320004215766,67706,216,376,31705,
364.47778638463865,67706,216,375,31706,
364.48135741130244,67706,216,374,31707,
364.4814935349476,67705,217,374,31707,
364.4829618863601,67704,218,374,31707,
364.4964640296992,67704,218,373,31708,
364.49748904877094,67704,217,374,31708,
364.50242195303423,67703,218,374,31708,
364.50574482330893,67703,218,373,31709,
364.5114117584902,67702,219,373,31709,
364.5186447804686,67702,219,372,31710,
364.5256183203507,67702,218,373,31710,
364.52855058982345,67702,218,372,31711,
364.5446454231338,67702,217,373,31711,
364.55131529986073,67701,218,373,31711,
364.5560025579825,67700,219,373,31711,
364.5586700352742,67700,218,374,31711,
364.56214584743265,67700,218,373,31712,
364.56468948354456,67699,219,373,31712,
364.58094490900294,67698,220,373,31712,
364.5905120778244,67697,221,373,31712,
364.59369280666994,67696,222,373,31712,
364.59703036407717,67696,221,374,31712,
364.628841479356,67696,220,375,31712,
364.6312756251637,67696,219,376,31712,
364.64710329124324,67696,218,377,31712,
364.6492172474402,67696,218,376,31713,
364.6520503439076,67696,217,377,31713,
364.65582124981864,67695,218,377,31713,
364.65674982073375,67695,218,376,31714,
364.66283390710566,67695,217,377,31714,
364.66675578898537,67694,218,377,31714,
364.6680640314866,67694,217,378,31714,
364.6697714732754,67694,216,379,31714,
364.6856844835401,67693,217,379,31714,
364.70074579597593,67692,218,379,31714,
364.7105706777901,67691,219,379,31714,
364.7122221981561,67690,220,379,31714,
364.7286129551798,67690,220,378,31715,
364.73667401345136,67690,220,377,31716,
364.7606733290551,67689,221,377,31716,
364.78145219721443,67689,221,376,31717,
364.8045556147787,67689,220,377,31717,
364.81037347650283,67689,220,376,31718,
364.82001141218774,67689,220,375,31719,
364.83272305840796,67689,220,374,31720,
364.8371264059425,67689,219,375,31720,
364.8500452905844,67689,219,374,31721,
364.8853198158208,67689,218,375,31721,
364.9015464514712,67689,218,374,31722,
364.9043755836893,67689,218,373,31723,
364.90557997845735,67689,217,374,31723,
364.9082698305124,67689,216,375,31723,
364.91490381054723,67689,216,374,31724,
364.91552771424597,67688,217,374,31724,
364.92575729975204,67688,217,373,31725,
364.9324621519107,67688,217,372,31726,
364.9350369162725,67687,218,372,31726,
364.93743657340775,67687,218,371,31727,
364.93927702507887,67687,218,370,31728,
364.9474449772399,67687,218,369,31729,
364.9491191845218,67687,218,368,31730,
364.9576686382968,67687,217,369,31730,
364.96867310047327,67687,217,368,31731,
364.97060347935974,67687,216,369,31731,
364.97379564125225,67687,216,368,31732,
364.9816312493298,67686,217,368,31732,
364.98474896729573,67686,217,367,31733,
364.99617438561677,67685,218,367,31733,
364.99655656888496,67684,219,367,31733,
365.0055759227711,67684,219,366,31734,
365.0069343769574,67684,218,367,31734,
365.0139121870425,67684,218,366,31735,
365.02860327034625,67684,218,365,31736,
365.03222967110753,67684,218,364,31737,
365.03497032889703,67684,218,363,31738,
365.03824732138446,67684,217,364,31738,
365.04372892468757,67684,217,363,31739,
365.04585336528913,67684,216,364,31739,
365.06020444800197,67683,217,364,31739,
365.0629365229728,67683,216,365,31739,
365.0651988993256,67683,216,364,31740,
365.0718126880711,67682,217,364,31740,
365.0913136969337,67681,218,364,31740,
365.0956622052702,67681,217,365,31740,
365.1296051871691,67681,217,364,31741,
365.13037925767304,67680,218,364,31741,
365.13624479844333,67680,217,365,31741,
365.1405455366193,67679,218,365,31741,
365.15783172128715,67679,218,364,31742,
365.1767895219618,67679,217,365,31742,
365.1807994499982,67678,218,365,31742,
365.1883954828693,67678,218,364,31743,
365.2111427037529,67678,217,365,31743,
365.2126861100188,67677,218,365,31743,
365.22594827365026,67677,217,366,31743,
365.226725511806,67677,216,367,31743,
365.2329609017024,67677,216,366,31744,
365.23963651707345,67676,217,366,31744,
365.24459863437664,67676,216,367,31744,
365.2490602471871,67675,217,367,31744,
365.26397647236007,67675,217,366,31745,
365.2736117968792,67675,216,367,31745,
365.2748193287809,67675,216,366,31746,
365.27592195673844,67675,216,365,31747,
365.29764277622166,67675,215,366,31747,
365.30384163996155,67674,216,366,31747,
365.30450826673547,67674,216,365,31748,
365.30559532899014,67673,217,365,31748,
365.308344003498,67673,216,366,31748,
365.31155187070306,67673,216,365,31749,
365.31389241644035,67672,217,365,31749,
365.3165677030504,67672,216,366,31749,
365.3359316650422,67672,216,365,31750,
365.3458316193163,67671,217,365,31750,
365.3472709294873,67671,217,364,31751,
365.3669150372754,67671,217,363,31752,
365.3696728713695,67671,216,364,31752,
365.3821197685809,67670,217,364,31752,
365.3860942008367,67670,217,363,31753,
365.3872818098677,67669,218,363,31753,
365.3898242814752,67669,218,362,31754,
365.3987466300564,67669,217,363,31754,
365.4016068951615,67669,216,364,31754,
365.42756360388023,67669,215,365,31754,
365.42773623936415,67668,216,365,31754,
365.4325445012672,67668,216,364,31755,
365.44440360550806,67668,216,363,31756,
365.44574688307756,67668,216,362,31757,
365.4495178177148,67668,215,363,31757,
365.465559837451,67668,214,364,31757,
365.4700479670401,67668,213,365,31757,
365.470058031648,67668,213,364,31758,
365.4826606985429,67667,214,364,31758,
365.4976839067108,67667,213,365,31758,
365.5088131550687,67667,213,364,31759,
365.522501494558,67666,214,364,31759,
365.5289300068526,67666,213,365,31759,
365.53148360462484,67665,214,365,31759,
365.5358334987323,67665,213,366,31759,
365.549809144399,67665,213,365,31760,
365.5583608333273,67664,214,365,31760,
365.583104741814,67664,214,364,31761,
365.5834481422561,67663,215,364,31761,
365.5914545323867,67663,215,363,31762,
365.59216039926713,67663,214,364,31762,
365.59230548828725,67662,215,364,31762,
365.60006033696743,67662,215,363,31763,
365.6009906507638,67662,215,362,31764,
365.62044493544585,67661,216,362,31764,
365.6215067460808,67661,215,363,31764,
365.6361077630986,67661,214,364,31764,
365.655169529152,67661,214,363,31765,
365.656357553818,67661,214,362,31766,
365.66988026261663,67661,214,361,31767,
365.6736870534469,67661,213,362,31767,
365.6888715546986,67661,213,361,31768,
365.69532041644754,67661,213,360,31769,
365.7046545843726,67660,214,360,31769,
365.71195629226304,67660,214,359,31770,
365.7301205312311,67660,213,360,31770,
365.7354811125345,67659,214,360,31770,
365.73952132391355,67658,215,360,31770,
365.7452646764701,67658,215,359,31771,
365.7477511078307,67658,214,360,31771,
365.7722466575471,67657,215,360,31771,
365.78657504878,67657,214,361,31771,
365.78839927550484,67656,215,361,31771,
365.7961048643013,67656,215,360,31772,
365.7980028663269,67656,214,361,31772,
365.8101874877835,67656,214,360,31773,
365.81169708799973,67656,214,359,31774,
365.8157118142415,67656,214,358,31775,
365.82239827138335,67656,213,359,31775,
365.8236124514114,67656,213,358,31776,
365.8261991043389,67655,214,358,31776,
365.82967284244256,67655,214,357,31777,
365.83894495211365,67654,215,357,31777,
365.84770550263744,67654,215,356,31778,
365.86336238529316,67653,216,356,31778,
365.8702972048743,67653,215,357,31778,
365.87287040391396,67653,214,358,31778,
365.8797477226612,67653,214,357,31779,
365.88953758226273,67653,214,356,31780,
365.89088868482776,67653,214,355,31781,
365.9009854750698,67653,214,354,31782,
365.901793533429,67653,214,353,31783,
365.9092083267887,67653,213,354,31783,
365.9097794408173,67652,214,354,31783,
365.91100088375447,67652,213,355,31783,
365.9279844584672,67652,213,354,31784,
365.93098164357957,67652,213,353,31785,
365.9319610053159,67651,214,353,31785,
365.94386733856317,67651,214,352,31786,
365.9504945883302,67650,215,352,31786,
365.95356844643953,67650,214,353,31786,
365.96814058929414,67649,215,353,31786,
365.9890403562866,67648,216,353,31786,
365.9898547629042,67648,215,354,31786,
365.9901744137747,67648,215,353,31787,
366.0107598759238,67648,214,354,31787,
366.02562686613425,67648,214,353,31788,
366.0264390684223,67648,213,354,31788,
366.0437255962502,67648,213,353,31789,
366.05658416870796,67648,213,352,31790,
366.0577732204796,67647,214,352,31790,
366.05912571906674,67647,213,353,31790,
366.0682454549528,67646,214,353,31790,
366.07243902849723,67646,214,352,31791,
366.07268653859455,67646,214,351,31792,
366.0744531938824,67646,214,350,31793,
366.075011843919,67646,213,351,31793,
366.07518188830875,67646,213,350,31794,
366.10220968237854,67646,212,351,31794,
366.10248546005096,67646,212,350,31795,
366.10333410321584,67646,212,349,31796,
366.1231965396103,67645,213,349,31796,
366.12843345161144,67644,214,349,31796,
366.1361455004423,67644,213,350,31796,
366.13943655432416,67644,213,349,31797,
366.14458151409605,67644,212,350,31797,
366.1503342783079,67644,212,349,31798,
366.1560752481199,67644,211,350,31798,
366.1597111061913,67644,211,349,31799,
366.1649732608251,67643,212,349,31799,
366.1654040872183,67643,211,350,31799,
366.1878231749477,67643,211,349,31800,
366.2075551150014,67643,210,350,31800,
366.2117122659488,67643,209,351,31800,
366.21499750425323,67642,210,351,31800,
366.2223146566042,67642,209,352,31800,
366.2266516118201,67642,208,353,31800,
366.2524524133488,67641,209,353,31800,
366.2542704532753,67640,210,353,31800,
366.2574873871782,67640,210,352,31801,
366.2580557482335,67639,211,352,31801,
366.2653548097605,67639,211,351,31802,
366.2700507896264,67639,210,352,31802,
366.2812549084064,67639,210,351,31803,
366.28563337518904,67639,209,352,31803,
366.28751624526296,67639,208,353,31803,
366.28762010148574,67639,207,354,31803,
366.30990499657065,67639,206,355,31803,
366.32050534600984,67639,205,356,31803,
366.32325793088154,67639,205,355,31804,
366.32521006358184,67638,206,355,31804,
366.3363194247663,67638,206,354,31805,
366.337433955346,67637,207,354,31805,
366.34101770749885,67637,206,355,31805,
366.34150251077784,67637,205,356,31805,
366.34276012066886,67636,206,356,31805,
366.343845970444,67636,205,357,31805,
366.34847507852174,67635,206,357,31805,
366.3536922837344,67635,205,358,31805,
366.36215199032233,67635,204,359,31805,
366.3627551966824,67634,205,359,31805,
366.36684225754163,67634,205,358,31806,
366.36717875781,67634,204,359,31806,
366.3699694291312,67634,204,358,31807,
366.38171015336985,67634,204,357,31808,
366.39815988851666,67634,204,356,31809,
366.40949814622945,67634,203,357,31809,
366.41081298841493,67634,203,356,31810,
366.4188687680589,67634,202,357,31810,
366.4271711437322,67633,203,357,31810,
366.4387070159383,67633,202,358,31810,
366.4529709201441,67632,203,358,31810,
366.47805453886684,67632,203,357,31811,
366.49216694806205,67632,203,356,31812,
366.5003182423509,67632,203,355,31813,
366.5065827408583,67631,204,355,31813,
366.5127182732707,67631,204,354,31814,
366.5139990120853,67631,203,355,31814,
366.51655331149504,67631,202,356,31814,
366.5224461194688,67631,201,357,31814,
366.5408258096996,67631,200,358,31814,
366.5421794765868,67631,199,359,31814,
366.55147871037457,67630,200,359,31814,
366.55597949119203,67630,200,358,31815,
366.56184637531913,67630,200,357,31816,
366.57565188302806,67630,199,358,31816,
366.5778402760178,67630,198,359,31816,
366.5882978368245,67630,198,358,31817,
366.590005882835,67630,197,359,31817,
366.59621486218316,67630,196,360,31817,
366.6018000496857,67630,196,359,31818,
366.6027263831865,67629,197,359,31818,
366.61100670757764,67629,196,360,31818,
366.6459045652754,67628,197,360,31818,
366.65108293660063,67628,196,361,31818,
366.65696989043477,67628,196,360,31819,
366.65921714444477,67628,195,361,31819,
366.66255758401843,67627,196,361,31819,
366.6640160216673,67627,195,362,31819,
366.6686597466602,67627,195,361,31820,
366.6812382406835,67627,194,362,31820,
366.68902452372697,67627,194,361,31821,
366.7104403365719,67626,195,361,31821,
366.7160821412761,67626,195,360,31822,
366.71718388548527,67626,194,361,31822,
366.7222843058483,67626,193,362,31822,
366.72813401832786,67626,193,361,31823,
366.7311899163375,67626,192,362,31823,
366.7580356943358,67626,191,363,31823,
366.7597266801036,67626,191,362,31824,
366.7637311139808,67626,191,361,31825,
366.7667231518491,67626,190,362,31825,
366.77892588293076,67626,189,363,31825,
366.78033167842773,67626,188,364,31825,
366.7857991881255,67625,189,364,31825,
366.78646356541105,67625,188,365,31825,
366.7944694195848,67625,188,364,31826,
366.7985451690958,67625,188,363,31827,
366.8001003328922,67625,187,364,31827,
366.80499164417364,67625,187,363,31828,
366.8140686942678,67624,188,363,31828,
366.8289752601125,67624,187,364,31828,
366.83555342824803,67624,187,363,31829,
366.8438782136133,67624,186,364,31829,
366.8445929547984,67623,187,364,31829,
366.8473931362532,67623,187,363,31830,
366.85067392340943,67622,188,363,31830,
366.89159756966006,67622,188,362,31831,
366.89793024038244,67622,188,361,31832,
366.90164968591574,67622,188,360,31833,
366.904149067068,67622,188,359,31834,
366.90441322237285,67621,189,359,31834,
366.92074352231276,67621,189,358,31835,
366.92376774500474,67621,188,359,31835,
366.9241934000432,67620,189,359,31835,
366.9294454154373,67619,190,359,31835,
366.9319851655042,67619,190,358,31836,
366.95443824081985,67619,190,357,31837,
366.9683086318724,67618,191,357,31837,
366.97361075808226,67617,192,357,31837,
366.9886462508068,67616,193,357,31837,
366.9908362488657,67616,192,358,31837,
366.9991719051593,67616,191,359,31837,
367.0231557064012,67615,192,359,31837,
367.03489904801614,67615,192,358,31838,
367.0435864360603,67614,193,358,31838,
367.0515595073249,67613,194,358,31838,
367.0772794733886,67613,194,357,31839,
367.0776308603908,67613,193,358,31839,
367.07763246103366,67613,192,359,31839,
367.0791585692897,67613,192,358,31840,
367.08231996617934,67613,191,359,31840,
367.0852837836739,67612,192,359,31840,
367.08562493749076,67612,191,360,31840,
367.0923158251205,67611,192,360,31840,
367.0963321407586,67611,192,359,31841,
367.11081853628457,67610,193,359,31841,
367.11084742062985,67610,192,360,31841,
367.11106889238704,67609,193,360,31841,
367.11210786026,67609,193,359,31842,
367.13374385382303,67609,193,358,31843,
367.1388827216417,67609,192,359,31843,
367.1468960369917,67609,192,358,31844,
367.15366505719305,67609,191,359,31844,
367.15433370115227,67608,192,359,31844,
367.1796704392856,67608,192,358,31845,
367.1809916244715,67608,192,357,31846,
367.1850377984084,67608,191,358,31846,
367.2063661698209,67608,190,359,31846,
367.21694542401093,67608,190,358,31847,
367.22151049391755,67608,190,357,31848,
367.23012943516443,67607,191,357,31848,
367.2433167425273,67607,190,358,31848,
367.24708125873724,67607,190,357,31849,
367.25196597860565,67606,191,357,31849,
367.27128392375755,67606,190,358,31849,
367.27424122139786,67606,190,357,31850,
367.2772668958488,67606,190,356,31851,
367.2847106778355,67606,189,357,31851,
367.3384455036064,67606,188,358,31851,
367.347512351163,67606,188,357,31852,
367.3491286765629,67606,187,358,31852,
367.35790392564417,67606,186,359,31852,
367.3593315026618,67606,185,360,31852,
367.3641671915387,67605,186,360,31852,
367.3736791180983,67605,185,361,31852,
367.3808555306883,67605,185,360,31853,
367.3921087128189,67605,185,359,31854,
367.396637287715,67605,185,358,31855,
367.4071074132523,67605,185,357,31856,
367.42679460812724,67605,185,356,31857,
367.4385051460204,67605,184,357,31857,
367.4509755618641,67604,185,357,31857,
367.4547891329658,67604,184,358,31857,
367.4716529712306,67603,185,358,31857,
367.4860181163106,67602,186,358,31857,
367.4887473474776,67602,185,359,31857,
367.4994752840924,67602,185,358,31858,
367.5076888018865,67601,186,358,31858,
367.507748113176,67601,186,357,31859,
367.5082099210234,67601,186,356,31860,
367.5100156281986,67601,186,355,31861,
367.51401021762206,67601,185,356,31861,
367.5214466748868,67600,186,356,31861,
367.52614608631814,67599,187,356,31861,
367.53064429602074,67599,187,355,31862,
367.5439615509273,67599,186,356,31862,
367.5543000837043,67599,185,357,31862,
367.5548579670388,67599,184,358,31862,
367.5713581324067,67599,183,359,31862,
367.5716936568419,67599,182,360,31862,
367.5809347582732,67599,182,359,31863,
367.58458736008436,67599,182,358,31864,
367.5955434363554,67599,182,357,31865,
367.59745915096886,67598,183,357,31865,
367.6068698921748,67598,182,358,31865,
367.62274898436095,67598,181,359,31865,
367.6332801580609,67597,182,359,31865,
367.63862914125474,67597,182,358,31866,
367.642387220033,67597,182,357,31867,
367.64404677130045,67597,182,356,31868,
367.6466708353197,67597,182,355,31869,
367.6566449660986,67596,183,355,31869,
367.67452949373506,67596,182,356,31869,
367.6831373928124,67596,181,357,31869,
367.68963064365664,67596,180,358,31869,
367.696287684706,67595,181,358,31869,
367.7132863399924,67595,181,357,31870,
367.7233126061351,67595,180,358,31870,
367.7363758406061,67594,181,358,31870,
367.7373417152732,67594,180,359,31870,
367.75268581532026,67594,179,360,31870,
367.75529949810783,67593,180,360,31870,
367.7834110360197,67593,180,359,31871,
367.78654641736415,67593,179,360,31871,
367.78756384655225,67593,179,359,31872,
367.79283239657593,67593,179,358,31873,
367.79496742009985,67592,180,358,31873,
367.7972601039835,67591,181,358,31873,
367.80181721099905,67591,181,357,31874,
367.8163121588182,67591,180,358,31874,
367.8173342061695,67591,180,357,31875,
367.82380673127733,67591,179,358,31875,
367.828463526037,67591,178,359,31875,
367.8315182220187,67591,178,358,31876,
367.83306463461304,67591,178,357,31877,
367.838863663637,67590,179,357,31877,
367.84210620061174,67590,178,358,31877,
367.84514434625737,67589,179,358,31877,
367.848648717478,67589,179,357,31878,
367.85069157345674,67589,178,358,31878,
367.8587703474439,67588,179,358,31878,
367.8670779619623,67588,178,359,31878,
367.87122889522436,67588,177,360,31878,
367.8725055983909,67587,178,360,31878,
367.8770072992493,67587,178,359,31879,
367.88180935322305,67587,177,360,31879,
367.88348940866985,67586,178,360,31879,
367.88506907476733,67586,177,361,31879,
367.8904165126722,67586,177,360,31880,
367.89333653817897,67586,176,361,31880,
367.89473366854793,67586,176,360,31881,
367.89886021220906,67586,175,361,31881,
367.9000288931198,67585,176,361,31881,
367.9165528238272,67585,176,360,31882,
367.9167689474616,67585,175,361,31882,
367.91787358312496,67585,175,360,31883,
367.93268945826094,67584,176,360,31883,
367.9525490717767,67584,175,361,31883,
367.9574271456225,67583,176,361,31883,
367.9671583855673,67583,175,362,31883,
367.9676375416049,67583,175,361,31884,
367.97633558471335,67582,176,361,31884,
367.9766662616751,67581,177,361,31884,
367.98684075392015,67581,177,360,31885,
367.98856324461025,67580,178,360,31885,
367.99183052048573,67580,177,361,31885,
368.00346278894307,67579,178,361,31885,
368.02313828964924,67578,179,361,31885,
368.025254187649,67577,180,361,31885,
368.03142423182504,67576,181,361,31885,
368.04386351492474,67576,180,362,31885,
368.075417466616,67576,180,361,31886,
368.0812212967977,67576,180,360,31887,
368.0821429437056,67575,181,360,31887,
368.088129552293,67575,181,359,31888,
368.0933309625378,67574,182,359,31888,
368.0995607134301,67574,181,360,31888,
368.1085896475568,67574,181,359,31889,
368.10986309484207,67574,180,360,31889,
368.11386229179516,67574,179,361,31889,
368.11787349469245,67574,179,360,31890,
368.11857418163254,67574,178,361,31890,
368.128309959316,67574,177,362,31890,
368.1285121271231,67574,177,361,31891,
368.1363572446939,67573,178,361,31891,
368.161662407419,67573,177,362,31891,
368.17986400962593,67573,177,361,31892,
368.1917135289688,67573,176,362,31892,
368.1983836130242,67572,177,362,31892,
368.20557055067695,67572,176,363,31892,
368.2064594693855,67572,175,364,31892,
368.21077379351607,67572,174,365,31892,
368.21176748193386,67571,175,365,31892,
368.22087786646483,67571,174,366,31892,
368.22152338683384,67570,175,366,31892,
368.22368885835886,67570,175,365,31893,
368.2459743291636,67570,175,364,31894,
368.29071833659253,67569,176,364,31894,
368.29306252618943,67568,177,364,31894,
368.2942788917087,67568,177,363,31895,
368.2959511564177,67568,177,362,31896,
368.30276828490196,67568,176,363,31896,
368.30781143826727,67567,177,363,31896,
368.30964555007864,67567,177,362,31897,
368.3173444758203,67567,176,363,31897,
368.32398263006763,67567,176,362,31898,
368.32771266141333,67567,175,363,31898,
368.33737902373093,67567,175,362,31899,
368.3429003120836,67567,175,361,31900,
368.35636972000526,67567,175,360,31901,
368.38812531163387,67566,176,360,31901,
368.3929572912628,67566,175,361,31901,
368.400576276239,67566,174,362,31901,
368.4074563554491,67566,173,363,31901,
368.4268024099822,67565,174,363,31901,
368.46290401058246,67565,174,362,31902,
368.46957342322804,67565,174,361,31903,
368.4696013653708,67565,174,360,31904,
368.47331996839443,67565,173,361,31904,
368.4884497064324,67565,172,362,31904,
368.50669095765204,67565,171,363,31904,
368.5218320874635,67565,170,364,31904,
368.5253483437668,67565,169,365,31904,
368.5315730629059,67564,170,365,31904,
368.54244710779415,67564,170,364,31905,
368.5568875372467,67564,169,365,31905,
368.5648419845812,67563,170,365,31905,
368.56762178412055,67563,170,364,31906,
368.568099897424,67562,171,364,31906,
368.5743710570127,67562,171,363,31907,
368.58970134737365,67561,172,363,31907,
368.59036910079607,67561,172,362,31908,
368.5956534289084,67561,172,361,31909,
368.60538928738026,67560,173,361,31909,
368.61376635614164,67559,174,361,31909,
368.61381274288306,67558,175,361,31909,
368.6171214651068,67558,174,362,31909,
368.63415555134213,67558,174,361,31910,
368.63438941972515,67557,175,361,31910,
368.6386575543538,67556,176,361,31910,
368.6449690176303,67556,176,360,31911,
368.6581295927029,67556,176,359,31912,
368.6682824511968,67555,177,359,31912,
368.670328160336,67555,177,358,31913,
368.6802049553058,67555,177,357,31914,
368.6882812070453,67555,176,358,31914,
368.7018437135905,67555,176,357,31915,
368.723196858998,67555,176,356,31916,
368.73874100076307,67555,175,357,31916,
368.7422651682463,67555,174,358,31916,
368.7483517060351,67555,173,359,31916,
368.76015998979176,67555,172,360,31916,
368.76152523524433,67555,171,361,31916,
368.7852326495003,67555,171,360,31917,
368.8083797665504,67555,170,361,31917,
368.8129115518723,67554,171,361,31917,
368.816107838173,67554,171,360,31918,
368.82340575598244,67553,172,360,31918,
368.83835264000226,67553,172,359,31919,
368.8691605026664,67553,172,358,31920,
368.86929491226647,67552,173,358,31920,
368.87542043710266,67552,173,357,31921,
368.8868320378815,67551,174,357,31921,
368.906699392224,67550,175,357,31921,
368.90790793207736,67549,176,357,31921,
368.91295746784743,67548,177,357,31921,
368.92460960226293,67548,177,356,31922,
368.93952824474087,67548,177,355,31923,
368.9533562321799,67547,178,355,31923,
368.9544536379397,67546,179,355,31923,
368.96883691267175,67546,178,356,31923,
368.9925357740402,67545,179,356,31923,
369.0101552146992,67545,179,355,31924,
369.0160156330811,67545,178,356,31924,
369.02335702881874,67545,177,357,31924,
369.0300159917205,67545,177,356,31925,
369.034857855334,67545,176,357,31925,
369.0366091287672,67545,176,356,31926,
369.046419863064,67545,175,357,31926,
369.04708431074005,67545,174,358,31926,
369.0577135694775,67545,174,357,31927,
369.08640685953907,67544,175,357,31927,
369.12554238163875,67544,174,358,31927,
369.12739684542726,67544,174,357,31928,
369.13057576408823,67544,174,356,31929,
369.1376066145367,67544,174,355,31930,
369.13829945757186,67544,173,356,31930,
369.142466236427,67544,172,357,31930,
369.15957596487607,67544,171,358,31930,
369.16403987872343,67544,170,359,31930,
369.1699001808655,67544,170,358,31931,
369.1810367916184,67544,170,357,31932,
369.1945914630057,67544,169,358,31932,
369.1990514981993,67543,170,358,31932,
369.2159940077807,67542,171,358,31932,
369.2206892400255,67542,171,357,31933,
369.2240648793265,67541,172,357,31933,
369.24002163060464,67541,171,358,31933,
369.25217447157576,67540,172,358,31933,
369.25344540867883,67539,173,358,31933,
369.25566203710235,67539,173,357,31934,
369.25589833161496,67539,173,356,31935,
369.25808711410133,67539,172,357,31935,
369.277298289554,67539,172,356,31936,
369.2848635367469,67538,173,356,31936,
369.2879886441549,67538,173,355,31937,
369.2946432884277,67538,173,354,31938,
369.29578924724007,67538,172,355,31938,
369.30213468838406,67537,173,355,31938,
369.3024417599157,67537,172,356,31938,
369.3212510399832,67537,171,357,31938,
369.3258802806561,67537,171,356,31939,
369.32972277502,67536,172,356,31939,
369.33781390656793,67536,172,355,31940,
369.3688615020629,67536,172,354,31941,
369.3899572723,67536,171,355,31941,
369.3936850276011,67536,171,354,31942,
369.39872577766505,67535,172,354,31942,
369.42202386167367,67535,172,353,31943,
369.42237195434654,67534,173,353,31943,
369.43239508553165,67533,174,353,31943,
369.4501386469683,67533,174,352,31944,
369.4676457011357,67533,174,351,31945,
369.47956355737375,67533,174,350,31946,
369.4814012970118,67533,174,349,31947,
369.48504469409545,67532,175,349,31947,
369.4854086719742,67532,175,348,31948,
369.4920459428304,67532,174,349,31948,
369.5048216482725,67532,174,348,31949,
369.5115941206175,67532,174,347,31950,
369.54055416368294,67532,174,346,31951,
369.5536580132833,67532,173,347,31951,
369.5584852413922,67532,173,346,31952,
369.56069076845165,67531,174,346,31952,
369.575858701321,67531,174,345,31953,
369.5761705961077,67530,175,345,31953,
369.5790530782094,67530,174,346,31953,
369.5861929219746,67530,173,347,31953,
369.59222971498764,67530,172,348,31953,
369.6176118176809,67530,171,349,31953,
369.6430595643608,67529,172,349,31953,
369.6436261707232,67529,172,348,31954,
369.6443871455442,67529,172,347,31955,
369.64826972464107,67529,171,348,31955,
369.6615772056793,67529,170,349,31955,
369.66623324449955,67529,170,348,31956,
369.6712509497119,67528,171,348,31956,
369.6735739107627,67528,171,347,31957,
369.6976738555892,67528,171,346,31958,
369.71651102794,67527,172,346,31958,
369.7315914308967,67527,172,345,31959,
369.7418109113371,67527,172,344,31960,
369.74425941533195,67527,171,345,31960,
369.7477662049326,67526,172,345,31960,
369.7500742907642,67526,172,344,31961,
369.7564540655861,67526,171,345,31961,
369.7655832208436,67526,170,346,31961,
369.8017532745486,67525,171,346,31961,
369.8250049888206,67525,171,345,31962,
369.8337740828021,67525,170,346,31962,
369.8387445563976,67525,169,347,31962,
369.83971922739784,67525,169,346,31963,
369.84568725350624,67524,170,346,31963,
369.85327077184485,67524,169,347,31963,
369.8659090060629,67524,168,348,31963,
369.8727833430041,67523,169,348,31963,
369.8759837624109,67523,168,349,31963,
369.87910726508824,67522,169,349,31963,
369.8854874899235,67522,169,348,31964,
369.8870130784301,67522,169,347,31965,
369.91579644287367,67522,168,348,31965,
369.92731970295034,67522,167,349,31965,
369.93268221517013,67521,168,349,31965,
369.9327711999264,67521,168,348,31966,
369.94337166962225,67521,167,349,31966,
369.94519506428986,67520,168,349,31966,
369.9562732147122,67519,169,349,31966,
369.95825128432796,67519,168,350,31966,
369.9595767297955,67518,169,350,31966,
369.9776887592663,67518,169,349,31967,
370.01104031723116,67518,169,348,31968,
370.0261174883272,67518,169,347,31969,
370.039879069934,67518,168,348,31969,
370.04796709152436,67517,169,348,31969,
370.06877882450885,67517,169,347,31970,
370.09635401272345,67517,169,346,31971,
370.0997595437228,67517,168,347,31971,
370.10177680528193,67517,168,346,31972,
370.1022144501432,67517,168,345,31973,
370.10857623296323,67516,169,345,31973,
370.11944232037155,67516,168,346,31973,
370.12061973430457,67515,169,346,31973,
370.12827582368897,67515,169,345,31974,
370.13033272952316,67515,169,344,31975,
370.1402707471295,67515,168,345,31975,
370.1512676568746,67515,168,344,31976,
370.17694271081945,67515,167,345,31976,
370.20952596821274,67515,167,344,31977,
370.21317637234455,67514,168,344,31977,
370.2278267526092,67513,169,344,31977,
370.23486609153167,67512,170,344,31977,
370.2547244400498,67512,169,345,31977,
370.2554379509098,67512,168,346,31977,
370.2567603089066,67512,168,345,31978,
370.2803248832366,67512,167,346,31978,
370.2811835841185,67512,167,345,31979,
370.28541350197827,67512,167,344,31980,
370.28803127823505,67511,168,344,31980,
370.29097027856704,67511,168,343,31981,
370.3008148960313,67511,168,342,31982,
370.3412329509421,67510,169,342,31982,
370.35897138685675,67510,168,343,31982,
370.38944288027994,67510,168,342,31983,
370.3963351603041,67510,168,341,31984,
370.40179106592814,67510,168,340,31985,
370.4158460472096,67510,168,339,31986,
370.41893554151176,67510,167,340,31986,
370.42373006662996,67510,166,341,31986,
370.43278685810725,67510,165,342,31986,
370.44146571045474,67510,165,341,31987,
370.44356971655486,67509,166,341,31987,
370.4469081528376,67509,166,340,31988,
370.44789806494845,67509,166,339,31989,
370.4569414120773,67509,165,340,31989,
370.4615787104636,67509,165,339,31990,
370.4633526062406,67509,165,338,31991,
370.48056520121304,67509,164,339,31991,
370.4810582118944,67509,164,338,31992,
370.4851194433395,67509,163,339,31992,
370.49504077230404,67509,163,338,31993,
370.49721576669316,67509,163,337,31994,
370.50248843659597,67508,164,337,31994,
370.50674213689297,67508,164,336,31995,
370.54210783008506,67507,165,336,31995,
370.54867650099465,67507,164,337,31995,
370.5593312548385,67506,165,337,31995,
370.56011381081737,67506,164,338,31995,
370.56216653208514,67505,165,338,31995,
370.56422519825895,67505,164,339,31995,
370.5759808903312,67505,163,340,31995,
370.57815522254236,67504,164,340,31995,
370.57999731481664,67504,164,339,31996,
370.5836885567493,67504,164,338,31997,
370.59051353636846,67503,165,338,31997,
370.60223343402527,67502,166,338,31997,
370.60362956091143,67502,165,339,31997,
370.6088217442461,67502,164,340,31997,
370.61096086820186,67502,164,339,31998,
370.6179126459549,67502,163,340,31998,
370.62671459045316,67502,162,341,31998,
370.6518567943855,67502,161,342,31998,
370.6571868535245,67501,162,342,31998,
370.6596617735829,67501,162,341,31999,
370.6643750780261,67501,161,342,31999,
370.66856783981154,67501,160,343,31999,
370.6731451976766,67500,161,343,31999,
370.6758961238906,67499,162,343,31999,
370.6773107629222,67498,163,343,31999,
370.68147298752274,67498,163,342,32000,
370.69313641236147,67498,163,341,32001,
370.6953363263975,67498,163,340,32002,
370.7095954530635,67498,163,339,32003,
370.7144699797888,67498,163,338,32004,
370.7159380881818,67498,163,337,32005,
370.72124033845006,67498,162,338,32005,
370.7298477379129,67498,162,337,32006,
370.73100290017095,67498,161,338,32006,
370.7341956984044,67498,161,337,32007,
370.7367272906885,67498,161,336,32008,
370.74447645149485,67498,160,337,32008,
370.75077931826354,67497,161,337,32008,
370.76977025768673,67497,160,338,32008,
370.7714450904042,67497,160,337,32009,
370.79889082903134,67496,161,337,32009,
370.80000819134557,67496,161,336,32010,
370.8165104741815,67496,160,337,32010,
370.8282449415009,67496,160,336,32011,
370.8333496206565,67495,161,336,32011,
370.841981899937,67495,160,337,32011,
370.8549300954042,67495,159,338,32011,
370.855422203288,67495,159,337,32012,
370.86090234294284,67495,159,336,32013,
370.8977964878328,67495,158,337,32013,
370.89921263449554,67494,159,337,32013,
370.9070986424505,67494,159,336,32014,
370.90908825597904,67493,160,336,32014,
370.90948561586293,67492,161,336,32014,
370.91492966827025,67491,162,336,32014,
370.91910967863964,67490,163,336,32014,
370.9199247084661,67490,162,337,32014,
370.9206815057733,67490,162,336,32015,
370.94314331592636,67490,161,337,32015,
370.95212249208413,67490,160,338,32015,
370.956290874216,67490,159,339,32015,
370.95919467307687,67490,158,340,32015,
370.96526780868044,67490,157,341,32015,
370.9827369096068,67489,158,341,32015,
371.0155836612452,67489,157,342,32015,
371.01788109664903,67489,156,343,32015,
371.0476761064676,67489,155,344,32015,
371.06748066522795,67489,154,345,32015,
371.08554138073976,67488,155,345,32015,
371.0858415468671,67488,154,346,32015,
371.09666933905703,67487,155,346,32015,
371.0996283834736,67486,156,346,32015,
371.10289196543187,67485,157,346,32015,
371.10351923476384,67485,156,347,32015,
371.1046196911711,67485,155,348,32015,
371.1100693941938,67484,156,348,32015,
371.11016239339983,67484,155,349,32015,
371.12299869187115,67484,155,348,32016,
371.1284686946446,67484,155,347,32017,
371.1529248047941,67484,154,348,32017,
371.1640632318424,67484,153,349,32017,
371.16656373057003,67484,152,350,32017,
371.168977462603,67483,153,350,32017,
371.17057994022696,67483,152,351,32017,
371.17514863350243,67483,152,350,32018,
371.20648248954984,67482,153,350,32018,
371.21501222828414,67482,152,351,32018,
371.25384254602614,67482,151,352,32018,
371.2689769510664,67482,151,351,32019,
371.2945452058723,67482,151,350,32020,
371.2995880998482,67481,152,350,32020,
371.3170320536541,67480,153,350,32020,
371.32272684910924,67479,154,350,32020,
371.3504787833669,67479,153,351,32020,
371.3514976435157,67479,153,350,32021,
371.3526708058656,67478,154,350,32021,
371.3540867214508,67478,153,351,32021,
371.3542987815489,67478,153,350,32022,
371.364689912411,67478,152,351,32022,
371.37762757074063,67477,153,351,32022,
371.38526144732907,67476,154,351,32022,
371.41724558419287,67475,155,351,32022,
371.4174560690723,67475,155,350,32023,
371.4183996547664,67475,154,351,32023,
371.4221704617752,67474,155,351,32023,
371.4286124160694,67474,155,350,32024,
371.4466900385753,67473,156,350,32024,
371.46004244060674,67473,156,349,32025,
371.4625292471122,67473,156,348,32026,
371.4631641190284,67472,157,348,32026,
371.4641062596283,67471,158,348,32026,
371.4656569840375,67471,158,347,32027,
371.47933437804386,67471,158,346,32028,
371.48009483446674,67471,158,345,32029,
371.4906810848099,67470,159,345,32029,
371.49421186170156,67469,160,345,32029,
371.52643311691634,67468,161,345,32029,
371.5276969283909,67468,161,344,32030,
371.5419983703852,67468,161,343,32031,
371.54891380555034,67468,160,344,32031,
371.5503451186654,67468,160,343,32032,
371.5515205375744,67467,161,343,32032,
371.5521590973136,67467,160,344,32032,
371.5615255956699,67467,160,343,32033,
371.5670169870357,67467,159,344,32033,
371.59709258803974,67467,158,345,32033,
371.5999870223466,67467,157,346,32033,
371.6057180098144,67466,158,346,32033,
371.6071904313993,67465,159,346,32033,
371.60775277604534,67464,160,346,32033,
371.60935735355673,67464,160,345,32034,
371.6208271141567,67464,160,344,32035,
371.6271798353491,67463,161,344,32035,
371.6349932519029,67463,161,343,32036,
371.6360330473109,67463,160,344,32036,
371.64460655467354,67462,161,344,32036,
371.6468033111648,67462,161,343,32037,
371.6679876866893,67462,161,342,32038,
371.6683149984698,67461,162,342,32038,
371.6729374751833,67461,162,341,32039,
371.67399724611784,67461,162,340,32040,
371.67815286456107,67461,162,339,32041,
371.70637258793806,67461,162,338,32042,
371.72847538379204,67461,161,339,32042,
371.7288760025417,67461,161,338,32043,
371.73341587181903,67461,160,339,32043,
371.7512210520655,67461,159,340,32043,
371.76999696623966,67460,160,340,32043,
371.7973661175178,67460,159,341,32043,
371.8044390708406,67460,158,342,32043,
371.80728295464394,67460,158,341,32044,
371.8100651028314,67460,157,342,32044,
371.81942473789627,67460,157,341,32045,
371.82321163236054,67460,157,340,32046,
371.8241873620375,67460,157,339,32047,
371.8268403131886,67459,158,339,32047,
371.82945508676744,67459,157,340,32047,
371.83402857934266,67458,158,340,32047,
371.8358387649937,67457,159,340,32047,
371.84012381903136,67457,159,339,32048,
371.84356679840516,67457,159,338,32049,
371.8518798343983,67457,159,337,32050,
371.8694721469162,67457,158,338,32050,
371.8907573119111,67457,158,337,32051,
371.89911413266015,67457,157,338,32051,
371.9130642834144,67457,156,339,32051,
371.91315709414573,67456,157,339,32051,
371.92307104571125,67456,157,338,32052,
371.9282634998317,67455,158,338,32052,
371.95157575360474,67455,158,337,32053,
371.9591680499776,67455,157,338,32053,
371.96282403521974,67455,156,339,32053,
371.96572237360954,67455,156,338,32054,
371.9741683827699,67454,157,338,32054,
371.9834239100295,67454,156,339,32054,
372.0036497138836,67454,156,338,32055,
372.018522776667,67454,156,337,32056,
372.0231943873363,67454,155,338,32056,
372.0232533839577,67453,156,338,32056,
372.03409634815114,67453,155,339,32056,
372.0426568732903,67453,155,338,32057,
372.0490940645425,67453,154,339,32057,
372.0649242901825,67453,153,340,32057,
372.0695314713727,67453,153,339,32058,
372.07430448942966,67452,154,339,32058,
372.1051102210954,67452,154,338,32059,
372.11209615493294,67451,155,338,32059,
372.1411118908114,67451,155,337,32060,
372.14963026828997,67450,156,337,32060,
372.15907256248596,67450,155,338,32060,
372.1591315505366,67449,156,338,32060,
372.16991827692414,67448,157,338,32060,
372.1770391301354,67447,158,338,32060,
372.1781777406725,67447,158,337,32061,
372.2006293341246,67447,157,338,32061,
372.21220187968,67447,157,337,32062,
372.23701395169473,67447,157,336,32063,
372.25788373077734,67446,158,336,32063,
372.2756298664175,67446,157,337,32063,
372.27641098900295,67446,156,338,32063,
372.2846973530894,67446,156,337,32064,
372.2921420689435,67446,155,338,32064,
372.3020608296266,67446,154,339,32064,
372.31109068225425,67446,154,338,32065,
372.31300699850215,67445,155,338,32065,
372.33165860272777,67445,155,337,32066,
372.34200509613356,67445,154,338,32066,
372.35946456393145,67444,155,338,32066,
372.36872209501377,67444,154,339,32066,
372.38692632558633,67444,154,338,32067,
372.38795713314784,67444,154,337,32068,
372.3916984469258,67443,155,337,32068,
372.3946385986132,67442,156,337,32068,
372.3962972070941,67441,157,337,32068,
372.40263376495767,67441,157,336,32069,
372.4195080187589,67441,156,337,32069,
372.4440566877964,67441,156,336,32070,
372.4500173146114,67441,155,337,32070,
372.4501884722629,67440,156,337,32070,
372.45379844244655,67439,157,337,32070,
372.46193671888824,67438,158,337,32070,
372.4699027142947,67437,159,337,32070,
372.4720192992265,67437,158,338,32070,
372.48917100846546,67437,157,339,32070,
372.4978793856718,67437,157,338,32071,
372.51340500010207,67437,157,337,32072,
372.51409952270205,67437,156,338,32072,
372.5188998276379,67436,157,338,32072,
372.52230220907893,67436,157,337,32073,
372.5264874215217,67436,157,336,32074,
372.560309921443,67436,157,335,32075,
372.56372119564327,67435,158,335,32075,
372.56750318913174,67435,158,334,32076,
372.5711762725686,67435,158,333,32077,
372.5777197060816,67435,157,334,32077,
372.6054701656322,67434,158,334,32077,
372.60865173939953,67434,158,333,32078,
372.63705479042426,67434,158,332,32079,
372.6543221618673,67434,158,331,32080,
372.65549390896575,67434,158,330,32081,
372.68215322626787,67434,158,329,32082,
372.69632079638404,67434,158,328,32083,
372.7077880999042,67433,159,328,32083,
372.70981724362616,67433,159,327,32084,
372.7104930069334,67433,159,326,32085,
372.7323835929299,67432,160,326,32085,
372.7573880828014,67431,161,326,32085,
372.76069062062595,67431,160,327,32085,
372.7660381037064,67431,160,326,32086,
372.78480965449404,67431,159,327,32086,
372.79284049816226,67430,160,327,32086,
372.8004275094245,67429,161,327,32086,
372.80170770493567,67429,161,326,32087,
372.80845184630704,67429,161,325,32088,
372.82600953238324,67428,162,325,32088,
372.84831700046095,67428,161,326,32088,
372.8490685910731,67428,160,327,32088,
372.8503061931426,67427,161,327,32088,
372.85677058718426,67427,161,326,32089,
372.8886459317415,67426,162,326,32089,
372.9007640212525,67425,163,326,32089,
372.90400686578226,67424,164,326,32089,
372.9125950713381,67424,163,327,32089,
372.9245740400741,67424,162,328,32089,
372.9255200024849,67424,161,329,32089,
372.9275626462806,67424,161,328,32090,
372.93429232620286,67423,162,328,32090,
372.9570302534296,67423,161,329,32090,
372.9773625373292,67422,162,329,32090,
372.97736840012004,67422,162,328,32091,
372.99502511759545,67422,161,329,32091,
373.0057683118054,67422,160,330,32091,
373.0109687260429,67421,161,330,32091,
373.0138709465532,67421,160,331,32091,
373.0335887922314,67421,160,330,32092,
373.03847096032865,67421,160,329,32093,
373.03987338076155,67421,160,328,32094,
373.05369836486614,67421,160,327,32095,
373.08948602203304,67421,160,326,32096,
373.1069880936199,67421,159,327,32096,
373.10930252043346,67421,159,326,32097,
373.12460318756507,67421,159,325,32098,
373.1259304455862,67421,159,324,32099,
373.13263833834054,67421,159,323,32100,
373.13553855412255,67421,158,324,32100,
373.14797117979333,67421,158,323,32101,
373.14891555409775,67421,157,324,32101,
373.15580418052406,67421,157,323,32102,
373.15631607610726,67420,158,323,32102,
373.1571859733844,67420,157,324,32102,
373.15786207049047,67420,157,323,32103,
373.1603927895241,67420,157,322,32104,
373.1628849535141,67420,156,323,32104,
373.1962717078359,67420,155,324,32104,
373.2008360737199,67419,156,324,32104,
373.21076886707135,67419,156,323,32105,
373.2182485922884,67418,157,323,32105,
373.2359299125427,67418,156,324,32105,
373.252976602846,67418,156,323,32106,
373.2584309127455,67418,156,322,32107,
373.26658943707497,67417,157,322,32107,
373.26958918340443,67417,157,321,32108,
373.27181859167365,67417,157,320,32109,
373.28000518582576,67417,157,319,32110,
373.28589361418295,67416,158,319,32110,
373.28602888963644,67416,157,320,32110,
373.2897390121084,67415,158,320,32110,
373.30000841910345,67415,158,319,32111,
373.3027517390553,67415,158,318,32112,
373.3115110732734,67415,157,319,32112,
373.3645131620858,67415,157,318,32113,
373.38561845603675,67415,157,317,32114,
373.39206188833003,67415,156,318,32114,
373.3950247626733,67414,157,318,32114,
373.4171430730287,67414,156,319,32114,
373.4246126121082,67414,156,318,32115,
373.44068263223096,67413,157,318,32115,
373.44589400674226,67412,158,318,32115,
373.449184152691,67412,158,317,32116,
373.45141796251545,67412,158,316,32117,
373.4563865597605,67412,157,317,32117,
373.47460043423695,67412,156,318,32117,
373.5077808412203,67412,156,317,32118,
373.51832705475886,67412,156,316,32119,
373.5317708095989,67412,155,317,32119,
373.54314520588656,67412,155,316,32120,
373.5528807359315,67412,154,317,32120,
373.5792270057861,67412,154,316,32121,
373.5797399747674,67412,154,315,32122,
373.5915321191301,67412,154,314,32123,
373.59269259255194,67412,153,315,32123,
373.603227774304,67412,152,316,32123,
373.60557454311754,67411,153,316,32123,
373.60834871899897,67411,152,317,32123,
373.6257456164294,67411,151,318,32123,
373.6300580887598,67411,151,317,32124,
373.6435166568018,67411,151,316,32125,
373.6593265130239,67411,150,317,32125,
373.68789786795156,67410,151,317,32125,
373.69678796479513,67410,151,316,32126,
373.69959656834874,67410,150,317,32126,
373.7018654696629,67410,150,316,32127,
373.7056235001822,67410,150,315,32128,
373.7070238577997,67410,150,314,32129,
373.71154666677126,67410,150,313,32130,
373.72662577729807,67409,151,313,32130,
373.7344305875548,67409,151,312,32131,
373.73955820835505,67409,150,313,32131,
373.7399945417089,67408,151,313,32131,
373.74347342085065,67408,150,314,32131,
373.771384122144,67408,150,313,32132,
373.79708673047736,67407,151,313,32132,
373.80051935167,67407,151,312,32133,
373.80331568966807,67407,151,311,32134,
373.80480209801965,67407,150,312,32134,
373.8060114797278,67407,150,311,32135,
373.8179360775126,67407,150,310,32136,
373.8201111214823,67407,149,311,32136,
373.82151090154593,67407,148,312,32136,
373.8217028625434,67407,147,313,32136,
373.8430194383708,67407,147,312,32137,
373.8493046452309,67406,148,312,32137,
373.85166643439516,67406,147,313,32137,
373.8529569661121,67406,146,314,32137,
373.86448622604786,67406,146,313,32138,
373.86556419740623,67405,147,313,32138,
373.8728627089331,67405,147,312,32139,
373.8870122845195,67405,147,311,32140,
373.90897149514274,67405,147,310,32141,
373.90996189313466,67405,146,311,32141,
373.9121389939827,67404,147,311,32141,
373.93617965908464,67403,148,311,32141,
373.9490188922188,67403,147,312,32141,
373.9524340461678,67403,147,311,32142,
373.96239220982926,67403,147,310,32143,
373.9859434881074,67403,147,309,32144,
373.9943884858365,67403,146,310,32144,
373.9971181962777,67403,146,309,32145,
374.00720716161385,67402,147,309,32145,
374.010766877423,67402,147,308,32146,
374.0119780315688,67401,148,308,32146,
374.0133744968397,67401,148,307,32147,
374.01369986142095,67401,147,308,32147,
374.0155734594176,67400,148,308,32147,
374.0166254185126,67399,149,308,32147,
374.01670368952455,67398,150,308,32147,
374.03133126098504,67397,151,308,32147,
374.049241468922,67397,150,309,32147,
374.05683571600446,67396,151,309,32147,
374.0612125202071,67396,151,308,32148,
374.06146223146953,67396,150,309,32148,
374.07043641944074,67396,150,308,32149,
374.08145284248076,67395,151,308,32149,
374.0928441475612,67395,151,307,32150,
374.1067405889225,67395,151,306,32151,
374.10875652300496,67395,150,307,32151,
374.1104572440346,67394,151,307,32151,
374.1122901197796,67394,150,308,32151,
374.12503238983004,67394,149,309,32151,
374.14441695674674,67393,150,309,32151,
374.1521485245825,67392,151,309,32151,
374.16272626101505,67392,151,308,32152,
374.17310647263986,67392,151,307,32153,
374.1802695868099,67392,150,308,32153,
374.18075090975134,67392,150,307,32154,
374.1875487814044,67391,151,307,32154,
374.2070280436734,67391,151,306,32155,
374.2144142878181,67390,152,306,32155,
374.22068507589205,67390,152,305,32156,
374.2217729887334,67390,152,304,32157,
374.2256856657192,67390,151,305,32157,
374.2327504677643,67390,151,304,32158,
374.241252005074,67390,150,305,32158,
374.2437755683399,67390,150,304,32159,
374.24455066635886,67390,149,305,32159,
374.28580479487744,67390,149,304,32160,
374.2993760781228,67390,148,305,32160,
374.30274603365524,67390,147,306,32160,
374.31293637927763,67390,146,307,32160,
374.3237632844725,67390,146,306,32161,
374.3780536060681,67390,146,305,32162,
374.3874696830045,67390,146,304,32163,
374.41959433484874,67390,146,303,32164,
374.44693988925377,67390,146,302,32165,
374.45431851004116,67390,146,301,32166,
374.4580151001286,67390,146,300,32167,
374.47191033087347,67390,146,299,32168,
374.4749439406652,67389,147,299,32168,
374.47961252521355,67389,147,298,32169,
374.4809323674725,67389,147,297,32170,
374.48502574923776,67389,146,298,32170,
374.4884604368332,67389,146,297,32171,
374.4888186622098,67389,145,298,32171,
374.5163886874677,67389,145,297,32172,
374.5182669325404,67389,145,296,32173,
374.5364729867873,67389,144,297,32173,
374.54998449944634,67388,145,297,32173,
374.5560973475848,67388,145,296,32174,
374.5588703793697,67388,145,295,32175,
374.57760408467783,67387,146,295,32175,
374.59408404904127,67386,147,295,32175,
374.5966240601263,67386,146,296,32175,
374.6037040589898,67386,145,297,32175,
374.61341439568787,67386,144,298,32175,
374.61361243276184,67385,145,298,32175,
374.6151936502293,67385,145,297,32176,
374.6228302492158,67385,145,296,32177,
374.64650427545814,67385,145,295,32178,
374.64811071285266,67385,144,296,32178,
374.65143225889227,67385,143,297,32178,
374.6515277193505,67385,143,296,32179,
374.65241430954825,67384,144,296,32179,
374.70872849888053,67384,144,295,32180,
374.73078062612103,67384,143,296,32180,
374.73190648890113,67384,143,295,32181,
374.75571851507755,67384,143,294,32182,
374.7601398104911,67384,142,295,32182,
374.7720589574094,67384,141,296,32182,
374.7849399885531,67384,140,297,32182,
374.80495763861165,67384,140,296,32183,
374.81703616969594,67383,141,296,32183,
374.8449009850229,67383,141,295,32184,
374.88074363594046,67383,141,294,32185,
374.8896872524854,67383,141,293,32186,
374.89621405611007,67383,140,294,32186,
374.9105192402528,67383,139,295,32186,
374.91747223550834,67383,139,294,32187,
374.92754300405966,67382,140,294,32187,
374.928283579636,67381,141,294,32187,
374.9324891685315,67381,140,295,32187,
374.9433032225193,67381,140,294,32188,
374.97207958475025,67380,141,294,32188,
375.0141204120297,67380,141,293,32189,
375.0266546256125,67379,142,293,32189,
375.0268671207644,67379,142,292,32190,
375.0311399946858,67378,143,292,32190,
375.05977778087333,67378,142,293,32190,
375.0752093091259,67377,143,293,32190,
375.078387547914,67377,142,294,32190,
375.1043520641922,67377,142,293,32191,
375.1075809596974,67377,142,292,32192,
375.12324262403155,67376,143,292,32192,
375.13163628180143,67376,143,291,32193,
375.1559358944975,67375,144,291,32193,
375.1586628626288,67375,143,292,32193,
375.1666169376512,67375,143,291,32194,
375.1683542244409,67375,142,292,32194,
375.2253969300267,67374,143,292,32194,
375.2330327567178,67374,143,291,32195,
375.23433958072974,67374,142,292,32195,
375.2470179043012,67374,141,293,32195,
375.2490604601498,67374,141,292,32196,
375.2591842094204,67374,140,293,32196,
375.25952523276,67373,141,293,32196,
375.2682726262752,67373,140,294,32196,
375.2714681617019,67373,139,295,32196,
375.28032924421143,67373,139,294,32197,
375.28959236107306,67373,139,293,32198,
375.30938241048585,67373,139,292,32199,
375.31714944545297,67372,140,292,32199,
375.33500176728165,67372,140,291,32200,
375.361680196757,67372,139,292,32200,
375.36635261195806,67372,139,291,32201,
375.3721731386431,67372,139,290,32202,
375.3729949377924,67371,140,290,32202,
375.3752152688146,67371,139,291,32202,
375.3853962063572,67371,139,290,32203,
375.3886870221891,67370,140,290,32203,
375.39391910807313,67370,140,289,32204,
375.3961035507254,67370,139,290,32204,
375.40960433056233,67369,140,290,32204,
375.4109762168866,67369,139,291,32204,
375.4170207665903,67368,140,291,32204,
375.42920417894703,67367,141,291,32204,
375.4335368686739,67367,141,290,32205,
375.46712014731406,67367,141,289,32206,
375.48337913369915,67366,142,289,32206,
375.4837990145248,67366,142,288,32207,
375.51814141850565,67366,142,287,32208,
375.52917414856694,67365,143,287,32208,
375.531348170673,67365,142,288,32208,
375.54346408693556,67365,141,289,32208,
375.550330891822,67365,140,290,32208,
375.55050055653436,67365,140,289,32209,
375.5636343655309,67365,139,290,32209,
375.5810390772765,67365,139,289,32210,
375.6076718158543,67365,138,290,32210,
375.61097670369793,67365,137,291,32210,
375.61456895875926,67365,137,290,32211,
375.6241342973552,67365,137,289,32212,
375.627540504702,67365,137,288,32213,
375.62819689615,67365,136,289,32213,
375.63395714590513,67364,137,289,32213,
375.649785621434,67363,138,289,32213,
375.66301530360676,67363,138,288,32214,
375.7120860716569,67363,138,287,32215,
375.7229942394234,67363,138,286,32216,
375.723296124036,67363,137,287,32216,
375.76325737909235,67363,137,286,32217,
375.76558627466795,67362,138,286,32217,
375.7769621527209,67362,137,287,32217,
375.78784267242867,67362,136,288,32217,
375.79754047404367,67362,135,289,32217,
375.79983365029096,67361,136,289,32217,
375.8125477633671,67361,135,290,32217,
375.82034922283117,67361,134,291,32217,
375.8249761301774,67361,134,290,32218,
375.82726550437803,67361,133,291,32218,
375.834181785677,67360,134,291,32218,
375.84201471897904,67360,133,292,32218,
375.8562481724008,67360,132,293,32218,
375.8742289314123,67360,131,294,32218,
375.8827386820939,67359,132,294,32218,
375.8863042211013,67359,132,293,32219,
375.8865737344548,67359,131,294,32219,
375.89348223605674,67358,132,294,32219,
375.9286893445443,67358,131,295,32219,
375.94603364486784,67358,131,294,32220,
375.9689138504858,67358,131,293,32221,
375.97759659099825,67357,132,293,32221,
375.98217091343463,67357,131,294,32221,
375.9830542284193,67357,131,293,32222,
375.9837102520634,67357,131,292,32223,
375.99333533057205,67357,131,291,32224,
375.9960324712201,67357,131,290,32225,
376.02675873334704,67357,130,291,32225,
376.0287168027756,67357,129,292,32225,
376.0339673492825,67357,128,293,32225,
376.0387595906488,67357,128,292,32226,
376.03950552358896,67357,128,291,32227,
376.0484742647532,67357,127,292,32227,
376.0581716495621,67356,128,292,32227,
376.0583650159591,67356,127,293,32227,
376.07241539734054,67356,127,292,32228,
376.07389538775357,67355,128,292,32228,
376.084992336901,67355,127,293,32228,
376.0916396865135,67355,126,294,32228,
376.12704156216296,67354,127,294,32228,
376.13959265135077,67354,126,295,32228,
376.14056393027096,67354,125,296,32228,
376.14698687849346,67353,126,296,32228,
376.1672069429054,67352,127,296,32228,
376.21769163172223,67352,126,297,32228,
376.23461370512075,67352,125,298,32228,
376.25220612084775,67351,126,298,32228,
376.28266966278557,67350,127,298,32228,
376.2880563730175,67350,126,299,32228,
376.2957478834686,67350,126,298,32229,
376.2961658766194,67350,126,297,32230,
376.31958299780985,67350,126,296,32231,
376.3199439251028,67350,126,295,32232,
376.3327765979355,67349,127,295,32232,
376.3335588744726,67349,126,296,32232,
376.35893161414043,67348,127,296,32232,
376.360409646526,67347,128,296,32232,
376.3605158875378,67346,129,296,32232,
376.3990995934872,67345,130,296,32232,
376.4034215931771,67345,129,297,32232,
376.4150435685485,67345,129,296,32233,
376.42780806023825,67345,128,297,32233,
376.4422173346488,67345,128,296,32234,
376.4457192651117,67344,129,296,32234,
376.457682162897,67344,129,295,32235,
376.4662634055514,67344,128,296,32235,
376.4693127102662,67344,128,295,32236,
376.47392160547264,67344,128,294,32237,
376.49127634214676,67344,128,293,32238,
376.49832213109653,67344,128,292,32239,
376.50323838401664,67344,128,291,32240,
376.52918436919674,67343,129,291,32240,
376.5584284427678,67343,128,292,32240,
376.5982849165638,67342,129,292,32240,
376.601834698169,67342,129,291,32241,
376.6021692108662,67342,128,292,32241,
376.6071170722389,67341,129,292,32241,
376.6220774988986,67340,130,292,32241,
376.63082810041914,67340,129,293,32241,
376.6583544445222,67340,128,294,32241,
376.6645741761455,67339,129,294,32241,
376.67940379774313,67339,129,293,32242,
376.68421773175277,67338,130,293,32242,
376.6895390409979,67337,131,293,32242,
376.6924043821619,67337,130,294,32242,
376.69528160462875,67337,129,295,32242,
376.70851595233665,67337,128,296,32242,
376.7164160586012,67336,129,296,32242,
376.7174517221831,67336,129,295,32243,
376.72704314928825,67336,129,294,32244,
376.7580160063613,67336,129,293,32245,
376.7689650039668,67336,129,292,32246,
376.7692506672624,67336,128,293,32246,
376.7772920616296,67336,127,294,32246,
376.80176676963447,67336,126,295,32246,
376.80913852681294,67335,127,295,32246,
376.81511738433795,67335,127,294,32247,
376.83993885811174,67334,128,294,32247,
376.84679500755914,67334,128,293,32248,
376.8479234846456,67334,128,292,32249,
376.85999751906826,67334,127,293,32249,
376.8731037749146,67334,126,294,32249,
376.8822177636202,67334,126,293,32250,
376.8830280772635,67334,126,292,32251,
376.88467756913803,67333,127,292,32251,
376.8852114005877,67333,127,291,32252,
376.89726089624094,67332,128,291,32252,
376.90534778548914,67331,129,291,32252,
376.90666012763904,67330,130,291,32252,
376.93927766586313,67330,130,290,32253,
376.9435308314355,67330,130,289,32254,
376.9503904382184,67329,131,289,32254,
376.95642633892896,67329,130,290,32254,
376.9586122725784,67328,131,290,32254,
376.9608598437908,67328,131,289,32255,
376.9669538062182,67327,132,289,32255,
376.9799822797742,67327,132,288,32256,
376.9872290626183,67327,131,289,32256,
377.0043028498162,67326,132,289,32256,
377.0293796980356,67326,132,288,32257,
377.03673849954714,67326,131,289,32257,
377.0552249205487,67326,131,288,32258,
377.0603546016279,67326,130,289,32258,
377.0708661010415,67325,131,289,32258,
377.0766713201458,67324,132,289,32258,
377.08187049415125,67324,131,290,32258,
377.09581908758315,67324,130,291,32258,
377.11544600660744,67324,130,290,32259,
377.11603529725494,67323,131,290,32259,
377.1184439180814,67323,131,289,32260,
377.12035028678713,67323,130,290,32260,
377.1416435390757,67322,131,290,32260,
377.1448871633027,67322,130,291,32260,
377.15813164733987,67322,130,290,32261,
377.16194733172983,67321,131,290,32261,
377.16667540591357,67321,131,289,32262,
377.1928215306127,67321,130,290,32262,
377.2096104546895,67321,129,291,32262,
377.2163589490799,67321,129,290,32263,
377.23343995513784,67321,128,291,32263,
377.26626172376996,67321,128,290,32264,
377.28944292735144,67320,129,290,32264,
377.31765386720207,67319,130,290,32264,
377.3268561321723,67318,131,290,32264,
377.3324685128549,67318,131,289,32265,
377.34737055043394,67318,131,288,32266,
377.3738352797617,67317,132,288,32266,
377.37512194916627,67317,132,287,32267,
377.37661544916637,67317,131,288,32267,
377.38227928801626,67316,132,288,32267,
377.39928592509506,67316,132,287,32268,
377.4083167768244,67315,133,287,32268,
377.4102027600298,67315,133,286,32269,
377.42125661887576,67315,132,287,32269,
377.4309461420227,67315,132,286,32270,
377.43418951958375,67315,131,287,32270,
377.46873006218345,67315,131,286,32271,
377.48134119752933,67315,130,287,32271,
377.4864859000685,67315,130,286,32272,
377.5113579184257,67315,130,285,32273,
377.5207230940573,67315,130,284,32274,
377.54325343282676,67315,129,285,32274,
377.559886895112,67315,128,286,32274,
377.5617808486542,67315,128,285,32275,
377.5828255092776,67315,128,284,32276,
377.5995973713414,67315,128,283,32277,
377.6057720592356,67314,129,283,32277,
377.610008525106,67313,130,283,32277,
377.61559731097645,67312,131,283,32277,
377.61896341367094,67312,130,284,32277,
377.628415552007,67312,130,283,32278,
377.63057587121443,67311,131,283,32278,
377.6411487923405,67311,131,282,32279,
377.6428788008318,67311,131,281,32280,
377.6548051361901,67311,131,280,32281,
377.6585490078001,67311,131,279,32282,
377.6743604453158,67311,130,280,32282,
377.6745239721875,67310,131,280,32282,
377.6763716678987,67309,132,280,32282,
377.6815602877898,67309,131,281,32282,
377.684366362976,67309,131,280,32283,
377.69565971354916,67309,131,279,32284,
377.70279929552987,67308,132,279,32284,
377.71065050804987,67307,133,279,32284,
377.71373586721734,67306,134,279,32284,
377.71713826359735,67306,134,278,32285,
377.7295581359083,67305,135,278,32285,
377.7348615517234,67305,135,277,32286,
377.7433701317998,67305,135,276,32287,
377.7879436192946,67304,136,276,32287,
377.81291728610347,67303,137,276,32287,
377.8141001682284,67303,137,275,32288,
377.82280234577235,67303,137,274,32289,
377.8246200852794,67303,136,275,32289,
377.8383763368828,67303,136,274,32290,
377.8399157324202,67302,137,274,32290,
377.8673717988498,67302,136,275,32290,
377.8677924940408,67302,135,276,32290,
377.8685538604859,67302,134,277,32290,
377.87625887536365,67301,135,277,32290,
377.88788391029556,67300,136,277,32290,
377.8992250318465,67300,136,276,32291,
377.90969341931276,67300,135,277,32291,
377.9128456472236,67299,136,277,32291,
377.92667635725786,67298,137,277,32291,
377.9338597471684,67297,138,277,32291,
377.9399232927434,67297,138,276,32292,
377.95751820615453,67297,138,275,32293,
377.9614407803397,67296,139,275,32293,
377.9638070600674,67295,140,275,32293,
377.9717304157295,67295,139,276,32293,
377.9743734340347,67295,139,275,32294,
377.97643204108385,67295,139,274,32295,
378.00834972162386,67295,139,273,32296,
378.01707802079704,67294,140,273,32296,
378.0188099294917,67294,140,272,32297,
378.06414563484697,67293,141,272,32297,
378.07188434526535,67292,142,272,32297,
378.07832587909843,67292,142,271,32298,
378.0830503489734,67292,142,270,32299,
378.10044515821767,67291,143,270,32299,
378.13850655659286,67291,142,271,32299,
378.1391988343611,67291,141,272,32299,
378.1602886187814,67290,142,272,32299,
378.1647193470207,67290,142,271,32300,
378.1666739594014,67290,142,270,32301,
378.18489361239847,67290,142,269,32302,
378.200493926831,67290,141,270,32302,
378.20443705033614,67290,141,269,32303,
378.25610147392143,67289,142,269,32303,
378.2607915455004,67289,141,270,32303,
378.27888491219653,67289,140,271,32303,
378.3115255105767,67289,140,270,32304,
378.3185669589538,67289,140,269,32305,
378.3246293708671,67288,141,269,32305,
378.3247729397685,67288,140,270,32305,
378.32648772052653,67288,139,271,32305,
378.3275983865859,67288,139,270,32306,
378.3419339298391,67288,139,269,32307,
378.3634854890822,67288,138,270,32307,
378.38719035751126,67287,139,270,32307,
378.3951389291412,67287,139,269,32308,
378.39596128081325,67286,140,269,32308,
378.4054959474289,67286,140,268,32309,
378.4172698642522,67286,139,269,32309,
378.42714907735865,67286,138,270,32309,
378.43563861893847,67286,138,269,32310,
378.52483845374036,67286,137,270,32310,
378.526772309591,67286,137,269,32311,
378.5287822730074,67286,136,270,32311,
378.5403200883351,67286,135,271,32311,
378.5566571458799,67286,135,270,32312,
378.56113900827194,67286,135,269,32313,
378.5787872730709,67286,135,268,32314,
378.58073116062076,67285,136,268,32314,
378.5837106289803,67285,136,267,32315,
378.588137736457,67285,135,268,32315,
378.5911110375741,67285,134,269,32315,
378.60619330323914,67285,134,268,32316,
378.606298988392,67285,134,267,32317,
378.6121887955547,67285,133,268,32317,
378.62295244565934,67285,132,269,32317,
378.6251134492155,67285,132,268,32318,
378.6545596462144,67284,133,268,32318,
378.6618492346315,67284,133,267,32319,
378.68964357784836,67283,134,267,32319,
378.69424048742053,67282,135,267,32319,
378.71133330593,67282,135,266,32320,
378.7213213604555,67282,134,267,32320,
378.7251482335929,67282,133,268,32320,
378.7469808180271,67282,132,269,32320,
378.7480350407917,67282,132,268,32321,
378.7590812973453,67282,132,267,32322,
378.77360487899324,67282,132,266,32323,
378.77606922785327,67282,131,267,32323,
378.7886899653568,67282,131,266,32324,
378.7909033391909,67282,131,265,32325,
378.80259284370493,67282,130,266,32325,
378.8038790637172,67282,129,267,32325,
378.80919849100746,67282,129,266,32326,
378.81185440805154,67281,130,266,32326,
378.83392287839786,67281,130,265,32327,
378.8355330116237,67280,131,265,32327,
378.8363461891061,67280,130,266,32327,
378.85203100320945,67280,130,265,32328,
378.86152847238367,67280,130,264,32329,
378.8644082699314,67280,129,265,32329,
378.88446482253124,67279,130,265,32329,
378.888863523598,67279,130,264,32330,
378.89208033198327,67278,131,264,32330,
378.89904971271295,67278,131,263,32331,
378.9000340433016,67278,131,262,32332,
378.9305482694924,67277,132,262,32332,
378.9413386621744,67277,131,263,32332,
378.9460933535827,67277,131,262,32333,
378.9591626511958,67276,132,262,32333,
378.9898342744233,67275,133,262,32333,
378.99961849144813,67275,132,263,32333,
379.0123673673571,67275,132,262,32334,
379.01275471498207,67275,131,263,32334,
379.02032430628594,67274,132,263,32334,
379.025259428403,67274,131,264,32334,
379.0398103657779,67274,130,265,32334,
379.05386855871996,67274,130,264,32335,
379.0661003160513,67273,131,264,32335,
379.0721847147678,67273,130,265,32335,
379.07445195657874,67272,131,265,32335,
379.08238136721855,67272,131,264,32336,
379.08324664324624,67272,131,263,32337,
379.0837700493175,67272,130,264,32337,
379.1141599854778,67271,131,264,32337,
379.11471757181175,67271,131,263,32338,
379.1180796016069,67271,131,262,32339,
379.1529034698248,67271,130,263,32339,
379.16595567702046,67270,131,263,32339,
379.1724905840946,67270,131,262,32340,
379.17784802248076,67270,130,263,32340,
379.19103179136147,67270,130,262,32341,
379.19456636670725,67270,130,261,32342,
379.2027721577097,67270,130,260,32343,
379.21112561442345,67270,130,259,32344,
379.22720083362924,67269,131,259,32344,
379.2337994595199,67269,130,260,32344,
379.24802618313333,67269,129,261,32344,
379.2564836247727,67269,129,260,32345,
379.2787595891963,67269,129,259,32346,
379.2815484776247,67268,130,259,32346,
379.28686093969543,67268,130,258,32347,
379.31311750618295,67268,129,259,32347,
379.3144011268596,67267,130,259,32347,
379.31550608406064,67267,130,258,32348,
379.32583825290277,67267,129,259,32348,
379.32811793125734,67267,129,258,32349,
379.38279251869017,67267,129,257,32350,
379.3890341796571,67267,128,258,32350,
379.3924092525125,67266,129,258,32350,
379.3943184679337,67265,130,258,32350,
379.40609693935306,67264,131,258,32350,
379.41421670127085,67264,130,259,32350,
379.41481593788484,67264,130,258,32351,
379.42393648295916,67264,129,259,32351,
379.4321211410446,67264,128,260,32351,
379.4322342079362,67264,127,261,32351,
379.4347478482864,67264,126,262,32351,
379.4587776004212,67264,125,263,32351,
379.4752818721281,67264,125,262,32352,
379.4829757930571,67264,124,263,32352,
379.48408080871144,67264,123,264,32352,
379.4845899599865,67264,123,263,32353,
379.485957947023,67264,122,264,32353,
379.50523851161114,67264,121,265,32353,
379.52802582604727,67264,120,266,32353,
379.52841032495377,67264,119,267,32353,
379.53272307406496,67264,118,268,32353,
379.53342435721856,67264,117,269,32353,
379.55706803450016,67263,118,269,32353,
379.5681253287843,67263,118,268,32354,
379.5684927169634,67263,117,269,32354,
379.57554750146517,67263,116,270,32354,
379.5761250780833,67262,117,270,32354,
379.58987897897515,67262,117,269,32355,
379.6353719944053,67262,117,268,32356,
379.6608663294511,67262,116,269,32356,
379.67620293399636,67261,117,269,32356,
379.6774512717964,67261,117,268,32357,
379.6790038240451,67260,118,268,32357,
379.69590879991495,67259,119,268,32357,
379.70627729881386,67259,118,269,32357,
379.7079148364484,67259,118,268,32358,
379.70810914397873,67259,118,267,32359,
379.7089598074036,67259,118,266,32360,
379.7243790752691,67259,117,267,32360,
379.7263172525347,67259,117,266,32361,
379.75424420740353,67259,117,265,32362,
379.75593938904984,67259,117,264,32363,
379.76496351860305,67258,118,264,32363,
379.77849943923275,67257,119,264,32363,
379.7792145533181,67257,118,265,32363,
379.7823163356451,67256,119,265,32363,
379.82340523752634,67255,120,265,32363,
379.85317794050775,67255,120,264,32364,
379.86033760142703,67255,119,265,32364,
379.86088628763264,67255,118,266,32364,
379.8791312389231,67255,117,267,32364,
379.88093760155215,67254,118,267,32364,
379.89590862667586,67253,119,267,32364,
379.91113786594616,67252,120,267,32364,
379.91477562750725,67252,119,268,32364,
379.92377565768464,67252,119,267,32365,
379.9624230962012,67252,118,268,32365,
379.976042899203,67251,119,268,32365,
379.9767500092804,67251,118,269,32365,
379.98732192074317,67251,118,268,32366,
379.9943166789893,67250,119,268,32366,
379.9971969447909,67249,120,268,32366,
379.99930731208804,67248,121,268,32366,
380.0000423340389,67248,121,267,32367,
380.0106607117927,67248,121,266,32368,
380.0150521722494,67248,120,267,32368,
380.01596488105343,67248,120,266,32369,
380.0201100405254,67248,120,265,32370,
380.03830403055747,67248,120,264,32371,
380.04179869829755,67248,119,265,32371,
380.0454734150777,67248,118,266,32371,
380.05232911769883,67247,119,266,32371,
380.0781327200567,67246,120,266,32371,
380.08012700348127,67246,120,265,32372,
380.0895376452951,67245,121,265,32372,
380.12047356304845,67245,120,266,32372,
380.1225395989966,67245,120,265,32373,
380.13506912309197,67245,120,264,32374,
380.13517768421576,67245,120,263,32375,
380.14539301827824,67245,119,264,32375,
380.14711580391986,67244,120,264,32375,
380.15616417891493,67244,120,263,32376,
380.17021271843566,67243,121,263,32376,
380.1737616288347,67242,122,263,32376,
380.17922418502866,67242,121,264,32376,
380.1823927044753,67242,121,263,32377,
380.19971164511,67242,120,264,32377,
380.21431793537283,67242,119,265,32377,
380.2143790619601,67242,118,266,32377,
380.24266827129895,67241,119,266,32377,
380.25854194381617,67241,119,265,32378,
380.3241480248115,67241,119,264,32379,
380.33661459811447,67240,120,264,32379,
380.33943426457887,67240,120,263,32380,
380.3426336440236,67239,121,263,32380,
380.3616442595355,67239,121,262,32381,
380.3658316790873,67239,120,263,32381,
380.383803720661,67239,120,262,32382,
380.4072052426501,67238,121,262,32382,
380.4221787268367,67238,120,263,32382,
380.4285424459068,67238,120,262,32383,
380.43478127287864,67238,120,261,32384,
380.44085738221423,67238,119,262,32384,
380.468419785372,67238,119,261,32385,
380.48082276605425,67238,119,260,32386,
380.4870861081532,67238,118,261,32386,
380.4883370645743,67237,119,261,32386,
380.52677241028994,67237,118,262,32386,
380.5318551271467,67237,118,261,32387,
380.5403232112971,67236,119,261,32387,
380.54321405230166,67236,118,262,32387,
380.54656837811,67236,118,261,32388,
380.56040550881613,67235,119,261,32388,
380.5702477829053,67235,119,260,32389,
380.58847858783577,67235,118,261,32389,
380.60125298484996,67235,118,260,32390,
380.60745146443185,67235,118,259,32391,
380.6094332216422,67235,117,260,32391,
380.6193686562218,67235,117,259,32392,
380.6346901477117,67235,116,260,32392,
380.6380917360599,67235,116,259,32393,
380.67138915654783,67235,116,258,32394,
380.68037818837485,67234,117,258,32394,
380.6876133448238,67233,118,258,32394,
380.68830849802873,67233,117,259,32394,
380.703376177547,67233,117,258,32395,
380.7050642246963,67233,117,257,32396,
380.7306207170692,67232,118,257,32396,
380.7630824315155,67232,118,256,32397,
380.77901841189043,67232,118,255,32398,
380.7794495645561,67232,117,256,32398,
380.7882747075141,67232,117,255,32399,
380.7908875382643,67232,117,254,32400,
380.79699862318864,67232,117,253,32401,
380.79879223621504,67232,117,252,32402,
380.8177424223671,67232,116,253,32402,
380.8220353335108,67232,116,252,32403,
380.8334005848073,67231,117,252,32403,
380.83569906892325,67231,117,251,32404,
380.86303199471223,67231,117,250,32405,
380.86736429771514,67230,118,250,32405,
380.898469857238,67230,118,249,32406,
380.92371095048264,67229,119,249,32406,
380.9286504366088,67229,119,248,32407,
380.9293580437615,67229,119,247,32408,
380.931955058626,67229,119,246,32409,
380.93364263137516,67229,119,245,32410,
380.9350914358271,67228,120,245,32410,
380.94266205139456,67228,120,244,32411,
380.9621770095656,67227,121,244,32411,
380.9805615639198,67226,122,244,32411,
381.03279197233377,67225,123,244,32411,
381.0395219013087,67225,122,245,32411,
381.0399075198608,67224,123,245,32411,
381.0429517430554,67224,123,244,32412,
381.0639766826272,67224,123,243,32413,
381.06626097350096,67224,123,242,32414,
381.07799869796537,67224,123,241,32415,
381.0853543163396,67224,122,242,32415,
381.10529806949745,67224,121,243,32415,
381.112477585617,67224,120,244,32415,
381.11312623588327,67223,121,244,32415,
381.13375917598245,67222,122,244,32415,
381.1423812620467,67222,122,243,32416,
381.14567217099204,67222,122,242,32417,
381.14778347484435,67221,123,242,32417,
381.188510930791,67221,123,241,32418,
381.2320076382926,67221,122,242,32418,
381.24160502249595,67221,121,243,32418,
381.2792870769229,67221,120,244,32418,
381.2876047983154,67221,119,245,32418,
381.3122711426145,67221,119,244,32419,
381.3156934554459,67221,118,245,32419,
381.3285785854064,67221,118,244,32420,
381.3333155732366,67221,118,243,32421,
381.36919818779563,67221,118,242,32422,
381.3723312647106,67221,118,241,32423,
381.3960956061558,67221,117,242,32423,
381.43128733279445,67220,118,242,32423,
381.462301049543,67219,119,242,32423,
381.4643310839996,67218,120,242,32423,
381.4743396812443,67218,120,241,32424,
381.47717327680834,67218,120,240,32425,
381.49251324939564,67218,119,241,32425,
381.4996473844056,67218,119,240,32426,
381.51988724350366,67218,118,241,32426,
381.5272275757212,67218,117,242,32426,
381.54009047371005,67218,116,243,32426,
381.57234350330464,67218,115,244,32426,
381.5762009104477,67218,114,245,32426,
381.58431221487814,67217,115,245,32426,
381.5853171779937,67217,115,244,32427,
381.5883249696739,67217,114,245,32427,
381.6099822274501,67217,114,244,32428,
381.6111230408674,67216,115,244,32428,
381.6134197319757,67216,114,245,32428,
381.6309945251536,67216,114,244,32429,
381.63871824795234,67216,114,243,32430,
381.64302939953444,67216,113,244,32430,
381.6460362525598,67215,114,244,32430,
381.6517845124098,67214,115,244,32430,
381.6548866559446,67213,116,244,32430,
381.7041081889221,67213,115,245,32430,
381.7077974219252,67213,114,246,32430,
381.7464134368094,67213,114,245,32431,
381.7556384792336,67212,115,245,32431,
381.79151407859274,67212,115,244,32432,
381.82464681287564,67212,114,245,32432,
381.8470456797765,67212,114,244,32433,
381.8583000809424,67212,113,245,32433,
381.8695826774079,67211,114,245,32433,
381.87186974138814,67211,114,244,32434,
381.88697525559473,67211,113,245,32434,
381.8932204227687,67210,114,245,32434,
381.9051778929725,67210,114,244,32435,
381.91317222442456,67210,114,243,32436,
381.9470494796091,67210,114,242,32437,
381.9536301196964,67209,115,242,32437,
381.9552815619421,67209,115,241,32438,
381.96176906697804,67209,114,242,32438,
381.96318354977353,67209,114,241,32439,
381.9727066573949,67209,114,240,32440,
381.9805974733295,67208,115,240,32440,
381.9999607902333,67207,116,240,32440,
382.0058907047572,67207,116,239,32441,
382.0314844858254,67206,117,239,32441,
382.0472277788767,67205,118,239,32441,
382.056918352784,67205,117,240,32441,
382.0578897694971,67205,116,241,32441,
382.10104899667374,67204,117,241,32441,
382.1151492511577,67204,116,242,32441,
382.12929123930274,67204,115,243,32441,
382.14934247180304,67204,114,244,32441,
382.18277368688894,67203,115,244,32441,
382.1910887273953,67202,116,244,32441,
382.20930259742784,67201,117,244,32441,
382.2141595699297,67201,117,243,32442,
382.21444490312734,67201,117,242,32443,
382.2429639962089,67201,117,241,32444,
382.2556236142611,67201,117,240,32445,
382.26129418624646,67201,116,241,32445,
382.2678192667345,67201,115,242,32445,
382.28247129008946,67200,116,242,32445,
382.2914417095769,67200,115,243,32445,
382.3190844704972,67199,116,243,32445,
382.33122375611106,67199,115,244,32445,
382.34846129225446,67199,115,243,32446,
382.3655558325867,67198,116,243,32446,
382.39187286753184,67198,116,242,32447,
382.3986033024583,67198,115,243,32447,
382.40705442855466,67198,114,244,32447,
382.4189027600769,67198,114,243,32448,
382.4271240953319,67198,114,242,32449,
382.434561096167,67198,114,241,32450,
382.438374948284,67197,115,241,32450,
382.4477660916934,67196,116,241,32450,
382.4560523236154,67196,115,242,32450,
382.4680090688407,67195,116,242,32450,
382.47469919361015,67195,115,243,32450,
382.4847974186288,67195,114,244,32450,
382.49364389716726,67194,115,244,32450,
382.52975650993085,67193,116,244,32450,
382.5349148259926,67193,115,245,32450,
382.539629078252,67193,114,246,32450,
382.54181452883387,67192,115,246,32450,
382.5652944762159,67192,115,245,32451,
382.5994657963978,67192,115,244,32452,
382.60649115464855,67192,114,245,32452,
382.6125836977491,67191,115,245,32452,
382.6541117160084,67191,115,244,32453,
382.6758563578672,67191,115,243,32454,
382.68061375996666,67191,115,242,32455,
382.6930665401871,67191,115,241,32456,
382.69606033943126,67191,114,242,32456,
382.7030905298169,67191,113,243,32456,
382.72657494883777,67191,112,244,32456,
382.7281553471203,67191,112,243,32457,
382.7291172191296,67191,112,242,32458,
382.73533176770354,67191,112,241,32459,
382.79039895790515,67191,112,240,32460,
382.81885127003085,67191,111,241,32460,
382.8189804712404,67190,112,241,32460,
382.8238044639575,67190,112,240,32461,
382.82404393277864,67190,112,239,32462,
382.8245280268422,67190,112,238,32463,
382.82977117806,67190,111,239,32463,
382.83101815921003,67190,111,238,32464,
382.83487344873834,67189,112,238,32464,
382.8426640638998,67189,112,237,32465,
382.8502270349108,67189,112,236,32466,
382.8644183271418,67189,112,235,32467,
382.89139836102976,67189,112,234,32468,
382.89150134942236,67188,113,234,32468,
382.93759854895274,67187,114,234,32468,
382.94193036661034,67186,115,234,32468,
382.9580569982936,67186,115,233,32469,
383.0162524761371,67185,116,233,32469,
383.01819774171804,67185,116,232,32470,
383.02575441109974,67184,117,232,32470,
383.0318020982654,67184,116,233,32470,
383.0428826234016,67184,116,232,32471,
383.0477165160661,67184,115,233,32471,
383.05098720296354,67184,115,232,32472,
383.0512339053168,67184,115,231,32473,
383.0515226589766,67183,116,231,32473,
383.05424464996685,67182,117,231,32473,
383.0639861243718,67182,117,230,32474,
383.0644667972702,67181,118,230,32474,
383.07184600357607,67181,118,229,32475,
383.07733120219586,67181,117,230,32475,
383.0799000281403,67181,116,231,32475,
383.0813031922782,67180,117,231,32475,
383.0826565480218,67180,117,230,32476,
383.0843852709911,67179,118,230,32476,
383.111464434717,67179,118,229,32477,
383.1233295522775,67179,118,228,32478,
383.1590314864477,67178,119,228,32478,
383.16949629476346,67178,119,227,32479,
383.1761378074155,67178,118,228,32479,
383.20166379879083,67178,117,229,32479,
383.21106588431905,67178,117,228,32480,
383.2327028896145,67178,116,229,32480,
383.2376191874451,67178,115,230,32480,
383.25231806699753,67178,115,229,32481,
383.25446858247506,67177,116,229,32481,
383.25567405266025,67177,115,230,32481,
383.29688795259926,67177,114,231,32481,
383.29750999954666,67177,113,232,32481,
383.32519618297056,67177,113,231,32482,
383.3310642586076,67177,113,230,32483,
383.35230319859966,67176,114,230,32483,
383.36305322794476,67176,113,231,32483,
383.3744938638669,67175,114,231,32483,
383.394620158321,67174,115,231,32483,
383.3968940403825,67174,115,230,32484,
383.4004385974075,67173,116,230,32484,
383.41815920553654,67173,115,231,32484,
383.4187679437079,67173,114,232,32484,
383.4463349557602,67173,113,233,32484,
383.4480335660344,67173,113,232,32485,
383.4587980893031,67172,114,232,32485,
383.51684651157194,67172,114,231,32486,
383.52679072156775,67171,115,231,32486,
383.5573222610219,67170,116,231,32486,
383.5746766267074,67169,117,231,32486,
383.58856392130195,67168,118,231,32486,
383.59160468718886,67168,118,230,32487,
383.6205681923575,67168,117,231,32487,
383.622722085972,67168,117,230,32488,
383.63537572488775,67167,118,230,32488,
383.63735907941157,67166,119,230,32488,
383.665639907705,67166,119,229,32489,
383.6803328510216,67166,119,228,32490,
383.68787087948556,67165,120,228,32490,
383.6879250625137,67165,120,227,32491,
383.70480624525413,67164,121,227,32491,
383.7159377269505,67164,121,226,32492,
383.7231846872771,67164,120,227,32492,
383.7234889647914,67164,119,228,32492,
383.7247676630262,67163,120,228,32492,
383.7299010634728,67163,120,227,32493,
383.73285187469605,67163,120,226,32494,
383.73368720467846,67162,121,226,32494,
383.75892799413515,67161,122,226,32494,
383.7610098962587,67161,122,225,32495,
383.82898744885756,67160,123,225,32495,
383.8311719155323,67160,122,226,32495,
383.8345207359583,67159,123,226,32495,
383.855322118602,67159,122,227,32495,
383.87155721524067,67159,122,226,32496,
383.87697020094316,67159,122,225,32497,
383.88126783446114,67159,121,226,32497,
383.8992972062438,67159,120,227,32497,
383.90526259289317,67159,119,228,32497,
383.9108165684799,67159,119,227,32498,
383.91278423996704,67159,119,226,32499,
383.91318060613503,67159,119,225,32500,
383.9239406757887,67159,118,226,32500,
383.9240545064133,67159,118,225,32501,
383.93478659528586,67158,119,225,32501,
383.93671127932265,67158,118,226,32501,
383.94472869640026,67157,119,226,32501,
383.94771779515486,67157,119,225,32502,
384.0015220222946,67157,118,226,32502,
384.00239890774486,67157,118,225,32503,
384.0129615225556,67157,118,224,32504,
384.01344129200135,67157,118,223,32505,
384.0436332356591,67157,117,224,32505,
384.06106991588746,67157,116,225,32505,
384.07106730715526,67156,117,225,32505,
384.07876808229844,67155,118,225,32505,
384.0922616684161,67155,118,224,32506,
384.10317146741727,67155,117,225,32506,
384.128501117288,67155,116,226,32506,
384.15368188851454,67154,117,226,32506,
384.1614557832501,67153,118,226,32506,
384.17800557514323,67153,118,225,32507,
384.17813155070365,67153,117,226,32507,
384.20139264592945,67153,116,227,32507,
384.22832129290634,67152,117,227,32507,
384.2387035112793,67152,116,228,32507,
384.2404366070172,67152,116,227,32508,
384.2418792588131,67152,116,226,32509,
384.2429002068141,67151,117,226,32509,
384.2479234254424,67150,118,226,32509,
384.2630885411938,67149,119,226,32509,
384.2634656282557,67149,119,225,32510,
384.26374585896144,67148,120,225,32510,
384.32476249685686,67147,121,225,32510,
384.32575322758765,67147,120,226,32510,
384.3524081429746,67146,121,226,32510,
384.35664068178653,67145,122,226,32510,
384.36149340391387,67145,122,225,32511,
384.3667070635192,67144,123,225,32511,
384.4190837403161,67144,122,226,32511,
384.4337284439064,67144,121,227,32511,
384.4445142397119,67143,122,227,32511,
384.4672620836499,67143,122,226,32512,
384.4823468096392,67143,122,225,32513,
384.5397745249834,67143,122,224,32514,
384.5755030990282,67142,123,224,32514,
384.57842059939634,67141,124,224,32514,
384.5789787231424,67140,125,224,32514,
384.5913806602327,67140,124,225,32514,
384.59324109129636,67140,124,224,32515,
384.6067609448223,67139,125,224,32515,
384.6268669735955,67139,125,223,32516,
384.64864076970184,67139,125,222,32517,
384.6524563730912,67139,125,221,32518,
384.65397226558804,67139,125,220,32519,
384.6617139068543,67139,125,219,32520,
384.66484119095367,67139,125,218,32521,
384.6701756638643,67139,125,217,32522,
384.6916889147562,67138,126,217,32522,
384.7184038600443,67137,127,217,32522,
384.7206552323239,67137,126,218,32522,
384.7251838031602,67137,126,217,32523,
384.73455783336993,67137,125,218,32523,
384.73801888257447,67137,125,217,32524,
384.75027769978396,67137,124,218,32524,
384.75105302174603,67137,124,217,32525,
384.75455938051783,67136,125,217,32525,
384.756171808213,67136,124,218,32525,
384.77631147125066,67136,123,219,32525,
384.7787054803577,67136,123,218,32526,
384.7798531645629,67136,122,219,32526,
384.78315459413966,67135,123,219,32526,
384.8082481222852,67135,122,220,32526,
384.8179890766516,67135,121,221,32526,
384.8290856930666,67134,122,221,32526,
384.8335627703258,67133,123,221,32526,
384.87091830666157,67133,123,220,32527,
384.9234769780852,67133,123,219,32528,
384.93635412545973,67132,124,219,32528,
384.9382707941538,67132,124,218,32529,
384.9762662280453,67132,124,217,32530,
385.0146674763067,67132,123,218,32530,
385.0266286846138,67132,123,217,32531,
385.0276812723024,67131,124,217,32531,
385.0524539892194,67131,124,216,32532,
385.0598679364149,67131,124,215,32533,
385.0699536289803,67131,124,214,32534,
385.0723723323794,67130,125,214,32534,
385.0838201484827,67130,125,213,32535,
385.09904450873745,67129,126,213,32535,
385.09966829354084,67129,126,212,32536,
385.1084310005901,67129,125,213,32536,
385.11093094255597,67129,124,214,32536,
385.1128952587002,67129,123,215,32536,
385.1139500164199,67129,123,214,32537,
385.12245024210137,67128,124,214,32537,
385.14960922234104,67127,125,214,32537,
385.1932023294949,67127,125,213,32538,
385.27589361851193,67126,126,213,32538,
385.30115010508257,67126,126,212,32539,
385.3056293327975,67126,126,211,32540,
385.31715125693114,67125,127,211,32540,
385.3185628261878,67124,128,211,32540,
385.32273845830116,67123,129,211,32540,
385.3293388223327,67123,129,210,32541,
385.35231533105673,67123,128,211,32541,
385.35338834025026,67123,127,212,32541,
385.36290304945175,67123,127,211,32542,
385.37024002680135,67122,128,211,32542,
385.3815685865769,67122,128,210,32543,
385.3948657252212,67121,129,210,32543,
385.4140328596893,67121,128,211,32543,
385.43796723097364,67121,127,212,32543,
385.44265087461133,67120,128,212,32543,
385.44771780496615,67120,128,211,32544,
385.4487782285725,67120,128,210,32545,
385.4641138779199,67119,129,210,32545,
385.48154474183923,67119,128,211,32545,
385.48290015910226,67119,128,210,32546,
385.48393993613166,67119,127,211,32546,
385.4844558161422,67119,127,210,32547,
385.48737949253825,67118,128,210,32547,
385.49520348722433,67118,128,209,32548,
385.4974197573261,67118,128,208,32549,
385.5107131665735,67118,128,207,32550,
385.5108444983709,67118,127,208,32550,
385.5124836560025,67118,127,207,32551,
385.53206922511134,67118,126,208,32551,
385.5330826801178,67118,125,209,32551,
385.5411941900892,67118,125,208,32552,
385.54931005235744,67118,125,207,32553,
385.55234091102506,67118,125,206,32554,
385.5685080775291,67118,124,207,32554,
385.5772329842794,67118,124,206,32555,
385.6160301199029,67117,125,206,32555,
385.63118094237075,67116,126,206,32555,
385.6314225994717,67116,126,205,32556,
385.63231830907824,67115,127,205,32556,
385.64055382550913,67115,127,204,32557,
385.65080185590375,67115,127,203,32558,
385.65793196149565,67115,126,204,32558,
385.7474423523216,67115,126,203,32559,
385.7522830341882,67114,127,203,32559,
385.75964122753174,67114,127,202,32560,
385.799904230763,67114,126,203,32560,
385.8003269141477,67113,127,203,32560,
385.80755027684637,67112,128,203,32560,
385.82496703729015,67112,127,204,32560,
385.82532438529734,67112,127,203,32561,
385.8619691835157,67112,126,204,32561,
385.87057940406015,67112,125,205,32561,
385.8727206913634,67112,124,206,32561,
385.87430706935,67112,123,207,32561,
385.8756308041603,67112,122,208,32561,
385.9001763299863,67111,123,208,32561,
385.91366374577103,67111,123,207,32562,
385.919063054283,67110,124,207,32562,
385.9222618036636,67110,124,206,32563,
385.97602326061747,67110,123,207,32563,
385.9907027815911,67110,122,208,32563,
386.0407995399095,67110,121,209,32563,
386.0538010363336,67110,121,208,32564,
386.0546388455223,67110,120,209,32564,
386.08619193792595,67109,121,209,32564,
386.0916488302721,67109,120,210,32564,
386.11142449083,67109,120,209,32565,
386.1290222686661,67109,119,210,32565,
386.2130515504429,67109,119,209,32566,
386.24038787601336,67108,120,209,32566,
386.27530947659034,67107,121,209,32566,
386.27593484854503,67106,122,209,32566,
386.2817991538934,67106,122,208,32567,
386.2830265967358,67106,122,207,32568,
386.2984613631775,67105,123,207,32568,
386.3007078539335,67105,122,208,32568,
386.33696416758374,67104,123,208,32568,
386.350074213413,67104,123,207,32569,
386.35209945919814,67104,123,206,32570,
386.3613715272548,67104,122,207,32570,
386.3679231015666,67104,122,206,32571,
386.3925128450664,67104,121,207,32571,
386.407491667569,67104,120,208,32571,
386.4109856133166,67104,119,209,32571,
386.42031494284777,67104,119,208,32572,
386.43857046640915,67104,119,207,32573,
386.4930158843322,67103,120,207,32573,
386.5198310419653,67102,121,207,32573,
386.5438357284202,67101,122,207,32573,
386.59411852494594,67101,122,206,32574,
386.6035495911809,67101,121,207,32574,
386.61169793404173,67101,121,206,32575,
386.61586195444795,67100,122,206,32575,
386.63470080816967,67099,123,206,32575,
386.6395161635476,67099,123,205,32576,
386.6514733322741,67099,122,206,32576,
386.65966703265866,67099,122,205,32577,
386.7072746813267,67098,123,205,32577,
386.72537611999945,67098,122,206,32577,
386.72564729764025,67098,121,207,32577,
386.75388426656974,67098,120,208,32577,
386.75594676573144,67097,121,208,32577,
386.79447221783755,67096,122,208,32577,
386.8275336376048,67096,122,207,32578,
386.8800948025862,67095,123,207,32578,
386.92519286634064,67095,123,206,32579,
386.92577835414903,67094,124,206,32579,
386.9652577480577,67093,125,206,32579,
386.9922634168151,67093,125,205,32580,
387.0024239056646,67093,125,204,32581,
387.010001233529,67093,124,205,32581,
387.0451390711593,67093,123,206,32581,
387.05906808640015,67092,124,206,32581,
387.0656959643851,67092,124,205,32582,
387.08338615558904,67092,124,204,32583,
387.09174915240243,67091,125,204,32583,
387.09503267011553,67091,125,203,32584,
387.10283454078166,67091,124,204,32584,
387.1263411273881,67091,123,205,32584,
387.13064963636117,67090,124,205,32584,
387.1331944504844,67089,125,205,32584,
387.1392557936791,67089,125,204,32585,
387.145559423794,67089,124,205,32585,
387.1669272254279,67089,124,204,32586,
387.16859234117777,67089,123,205,32586,
387.17720568557036,67089,123,204,32587,
387.1855300489598,67089,123,203,32588,
387.19378432912526,67088,124,203,32588,
387.2174390176722,67088,124,202,32589,
387.2545006036032,67088,123,203,32589,
387.25455205086985,67088,122,204,32589,
387.26502281314265,67087,123,204,32589,
387.2841006923753,67086,124,204,32589,
387.2957101219672,67085,125,204,32589,
387.31146990395047,67085,124,205,32589,
387.32987958448444,67085,123,206,32589,
387.33012793371205,67085,122,207,32589,
387.3397281827771,67085,122,206,32590,
387.3637418544562,67084,123,206,32590,
387.37910690540286,67084,122,207,32590,
387.3964520770883,67084,121,208,32590,
387.4077662836288,67084,121,207,32591,
387.4303537839874,67083,122,207,32591,
387.4379468147103,67083,121,208,32591,
387.45177364187697,67082,122,208,32591,
387.45177364187697,67082,122,208,32591,
387.4586395905149,67082,121,209,32591,
387.4621384427179,67082,121,208,32592,
387.5061331029744,67082,120,209,32592,
387.516590649751,67082,119,210,32592,
387.5259751997677,67082,119,209,32593,
387.55941694560664,67082,119,208,32594,
387.56236264386837,67082,118,209,32594,
387.606562695687,67082,117,210,32594,
387.61624593027,67081,118,210,32594,
387.6205659150731,67080,119,210,32594,
387.6211090011925,67080,118,211,32594,
387.6453702083972,67079,119,211,32594,
387.65552340814327,67079,118,212,32594,
387.6700704680404,67079,117,213,32594,
387.68618037319953,67078,118,213,32594,
387.70751629978815,67078,118,212,32595,
387.7091110253633,67078,117,213,32595,
387.7109859622131,67078,116,214,32595,
387.7440903084239,67078,116,213,32596,
387.76042985436936,67078,115,214,32596,
387.79567121357354,67077,116,214,32596,
387.80046940535357,67077,116,213,32597,
387.80760584817796,67077,116,212,32598,
387.8222409956027,67077,116,211,32599,
387.83208505124543,67077,115,212,32599,
387.84972495127715,67077,114,213,32599,
387.8552612216104,67077,114,212,32600,
387.8664992006418,67077,114,211,32601,
387.86682312934704,67077,114,210,32602,
387.92338129799407,67077,114,209,32603,
387.92839202751554,67076,115,209,32603,
387.93808951005894,67076,115,208,32604,
387.9416880087995,67076,114,209,32604,
387.9735409241273,67075,115,209,32604,
387.9809064564231,67075,115,208,32605,
387.98101928887803,67074,116,208,32605,
388.00968064359336,67074,116,207,32606,
388.01260639055135,67073,117,207,32606,
388.0166439004177,67073,116,208,32606,
388.0191178282748,67072,117,208,32606,
388.0292288486775,67072,116,209,32606,
388.0417613642203,67071,117,209,32606,
388.08151637819793,67071,117,208,32607,
388.08231195497467,67071,116,209,32607,
388.1023617226847,67071,115,210,32607,
388.124664888986,67071,114,211,32607,
388.1261310020713,67071,114,210,32608,
388.12904724955484,67071,114,209,32609,
388.13548505921636,67071,114,208,32610,
388.14022113968014,67071,114,207,32611,
388.1579118207348,67071,114,206,32612,
388.1579651496332,67071,113,207,32612,
388.2043336451071,67071,112,208,32612,
388.2483560981197,67071,111,209,32612,
388.24917524339,67070,112,209,32612,
388.2566965105443,67070,112,208,32613,
388.25845378300124,67070,112,207,32614,
388.28048936441303,67070,111,208,32614,
388.2902716972639,67070,110,209,32614,
388.2968727894056,67069,111,209,32614,
388.3056626918232,67069,111,208,32615,
388.3101523620753,67069,110,209,32615,
388.3211613744018,67069,110,208,32616,
388.36166120610824,67069,110,207,32617,
388.37444190140747,67068,111,207,32617,
388.3832259024426,67067,112,207,32617,
388.3924492821651,67067,111,208,32617,
388.41418307504546,67066,112,208,32617,
388.4338081903818,67065,113,208,32617,
388.4471974927539,67065,113,207,32618,
388.46146880315325,67064,114,207,32618,
388.46958182097256,67063,115,207,32618,
388.47271895361473,67063,115,206,32619,
388.4901047329108,67063,114,207,32619,
388.49525112396384,67063,114,206,32620,
388.5436179683933,67063,114,205,32621,
388.56063799578726,67063,113,206,32621,
388.5761227051966,67063,112,207,32621,
388.5803527343031,67063,111,208,32621,
388.58073403159176,67063,110,209,32621,
388.5840113243298,67063,109,210,32621,
388.59603635457546,67063,108,211,32621,
388.6025945459123,67063,107,212,32621,
388.61567544094135,67063,106,213,32621,
388.62893472456545,67063,105,214,32621,
388.6437661638429,67063,104,215,32621,
388.64926790009895,67063,103,216,32621,
388.6907623905113,67063,103,215,32622,
388.69471068951697,67062,104,215,32622,
388.70375254278076,67062,104,214,32623,
388.73062556822975,67062,104,213,32624,
388.7339772243867,67061,105,213,32624,
388.7585185473061,67060,106,213,32624,
388.75988611031534,67060,105,214,32624,
388.790388759482,67060,104,215,32624,
388.79293869460133,67060,103,216,32624,
388.8068137555722,67059,104,216,32624,
388.8130251338051,67058,105,216,32624,
388.8425132699081,67058,105,215,32625,
388.8485564246618,67058,104,216,32625,
388.8748229174866,67057,105,216,32625,
388.8815596683661,67057,104,217,32625,
388.9013159003366,67057,104,216,32626,
388.9064069608545,67057,103,217,32626,
388.9143163189179,67056,104,217,32626,
388.92642127483185,67055,105,217,32626,
388.9460558708551,67055,105,216,32627,
388.95169569345813,67054,106,216,32627,
388.95232042147916,67053,107,216,32627,
388.9680176975361,67052,108,216,32627,
388.991051062917,67052,108,215,32628,
388.9994390123996,67052,107,216,32628,
389.0054776040086,67052,107,215,32629,
389.01092273020674,67052,106,216,32629,
389.0282094188896,67051,107,216,32629,
389.0519931058575,67051,107,215,32630,
389.0741943728892,67050,108,215,32630,
389.07683081152504,67050,107,216,32630,
389.09631980311394,67050,107,215,32631,
389.13103164680285,67049,108,215,32631,
389.1401459800188,67049,107,216,32631,
389.1451035165734,67048,108,216,32631,
389.15034102206954,67048,108,215,32632,
389.15799697282426,67048,108,214,32633,
389.20060895161686,67048,108,213,32634,
389.2074081964222,67047,109,213,32634,
389.2105806271243,67046,110,213,32634,
389.25682326502834,67045,111,213,32634,
389.2706780458194,67044,112,213,32634,
389.28414594726735,67044,111,214,32634,
389.29025398274,67044,110,215,32634,
389.30391533072805,67043,111,215,32634,
389.34361525141964,67043,111,214,32635,
389.354687234906,67043,111,213,32636,
389.38355976766354,67043,110,214,32636,
389.3991936575651,67043,110,213,32637,
389.4307192001111,67043,109,214,32637,
389.44287875034297,67043,108,215,32637,
389.46560741527617,67043,107,216,32637,
389.4738360643273,67043,107,215,32638,
389.47612838017164,67043,107,214,32639,
389.4893544801254,67043,107,213,32640,
389.524204803303,67043,106,214,32640,
389.5439004561258,67043,106,213,32641,
389.54678080756213,67043,106,212,32642,
389.5480507847036,67043,106,211,32643,
389.55341355016685,67042,107,211,32643,
389.57246348917573,67042,106,212,32643,
389.6210632349814,67042,106,211,32644,
389.62173157261395,67041,107,211,32644,
389.62211381768424,67040,108,211,32644,
389.6230254968187,67040,107,212,32644,
389.6291079472309,67040,106,213,32644,
389.6336989046774,67040,105,214,32644,
389.6413611627596,67040,105,213,32645,
389.6499357617904,67040,104,214,32645,
389.6536772532684,67040,103,215,32645,
389.68921074546074,67040,103,214,32646,
389.6945970430451,67040,103,213,32647,
389.69542769593073,67040,103,212,32648,
389.7057682119287,67040,102,213,32648,
389.7088362986593,67040,101,214,32648,
389.71033997619185,67040,101,213,32649,
389.7133436458509,67039,102,213,32649,
389.71651420413014,67039,101,214,32649,
389.74088046184363,67039,101,213,32650,
389.7493952300576,67039,101,212,32651,
389.76013950014726,67039,101,211,32652,
389.7742933498295,67038,102,211,32652,
389.79473083487784,67037,103,211,32652,
389.8266113903708,67037,102,212,32652,
389.8302949969509,67037,102,211,32653,
389.8596746809829,67037,102,210,32654,
389.88470299996857,67036,103,210,32654,
389.9084561464831,67036,103,209,32655,
389.9278928201411,67036,103,208,32656,
389.9341785591431,67035,104,208,32656,
389.9686721296427,67035,103,209,32656,
389.9802689450406,67035,102,210,32656,
390.0042087754231,67035,102,209,32657,
390.0308519017894,67035,102,208,32658,
390.04558785150675,67035,102,207,32659,
390.05019285747557,67035,102,206,32660,
390.0606408064693,67035,102,205,32661,
390.06875023117914,67035,101,206,32661,
390.0758514201733,67035,100,207,32661,
390.1046896474591,67034,101,207,32661,
390.1074394134058,67034,101,206,32662,
390.1240358516484,67034,101,205,32663,
390.14718982152993,67033,102,205,32663,
390.1566221133051,67033,102,204,32664,
390.2119452034331,67033,101,205,32664,
390.24212705325397,67033,101,204,32665,
390.28116579561356,67032,102,204,32665,
390.3215151756545,67031,103,204,32665,
390.32385430134855,67031,102,205,32665,
390.3281518531552,67031,101,206,32665,
390.3349042297128,67031,101,205,32666,
390.33501664258824,67030,102,205,32666,
390.3399633561896,67030,102,204,32667,
390.3536792403838,67030,102,203,32668,
390.36595922556944,67029,103,203,32668,
390.3674692893597,67029,103,202,32669,
390.4217911368559,67029,103,201,32670,
390.4252640252076,67028,104,201,32670,
390.42534234337654,67028,104,200,32671,
390.4405419253113,67028,103,201,32671,
390.4682554906166,67028,102,202,32671,
390.4761853413761,67027,103,202,32671,
390.47672374503406,67027,103,201,32672,
390.50885535831463,67027,103,200,32673,
390.5106327200212,67027,102,201,32673,
390.51961348969076,67027,101,202,32673,
390.52391606912255,67027,100,203,32673,
390.57683893454805,67026,101,203,32673,
390.58211900224836,67026,101,202,32674,
390.5898992018244,67025,102,202,32674,
390.6022869910648,67025,101,203,32674,
390.60743586028195,67024,102,203,32674,
390.6247240083809,67023,103,203,32674,
390.6473560538625,67023,102,204,32674,
390.6521834041327,67023,102,203,32675,
390.6526710219506,67023,102,202,32676,
390.66418935190933,67023,101,203,32676,
390.6763499336261,67023,100,204,32676,
390.6830585626536,67023,100,203,32677,
390.6970762902771,67022,101,203,32677,
390.7370064885064,67022,100,204,32677,
390.73838047605597,67022,100,203,32678,
390.75460652982963,67022,99,204,32678,
390.76368198834746,67022,99,203,32679,
390.7677778612758,67022,99,202,32680,
390.7767937830999,67022,98,203,32680,
390.8228921274226,67022,98,202,32681,
390.8486524978285,67022,97,203,32681,
390.85696300653075,67022,97,202,32682,
390.8623417326818,67021,98,202,32682,
390.89590291550354,67021,97,203,32682,
390.9102855604791,67021,97,202,32683,
390.9545934082735,67021,96,203,32683,
390.9599153953057,67020,97,203,32683,
390.96271768824306,67020,97,202,32684,
390.99020860619015,67020,96,203,32684,
391.001660662088,67020,95,204,32684,
391.02629977267605,67020,94,205,32684,
391.04805008495134,67020,93,206,32684,
391.06457857070325,67020,92,207,32684,
391.0766683568143,67019,93,207,32684,
391.091836175175,67019,93,206,32685,
391.1316695761237,67019,92,207,32685,
391.1337105742823,67019,91,208,32685,
391.14664721935065,67018,92,208,32685,
391.1547413568478,67018,92,207,32686,
391.17042802659176,67018,92,206,32687,
391.18021455781707,67017,93,206,32687,
391.1841950028622,67016,94,206,32687,
391.1993788224653,67016,93,207,32687,
391.23479538310227,67015,94,207,32687,
391.2389451995424,67015,94,206,32688,
391.2407608106223,67015,93,207,32688,
391.2571337228721,67014,94,207,32688,
391.27016716253456,67014,94,206,32689,
391.2888557381603,67014,94,205,32690,
391.3185575148796,67014,94,204,32691,
391.3307658242977,67014,94,203,32692,
391.332337517453,67014,93,204,32692,
391.3582123833811,67014,92,205,32692,
391.38183134618885,67014,91,206,32692,
391.3856565548625,67014,90,207,32692,
391.39344325597904,67014,90,206,32693,
391.4091769772965,67013,91,206,32693,
391.4181427843032,67013,91,205,32694,
391.4546136829151,67013,91,204,32695,
391.46538151048713,67012,92,204,32695,
391.4654633046116,67012,91,205,32695,
391.4670397830485,67012,91,204,32696,
391.47086343962116,67011,92,204,32696,
391.48709009993564,67010,93,204,32696,
391.51724118120904,67010,92,205,32696,
391.5179869036565,67010,91,206,32696,
391.52287609391726,67010,90,207,32696,
391.6375552581532,67010,89,208,32696,
391.65506561364407,67010,88,209,32696,
391.6805957405158,67010,88,208,32697,
391.69550415223847,67009,89,208,32697,
391.69859773765756,67008,90,208,32697,
391.7087128332879,67008,90,207,32698,
391.7215616240176,67008,89,208,32698,
391.77666365692113,67008,89,207,32699,
391.78188597914084,67007,90,207,32699,
391.7909188616018,67007,89,208,32699,
391.8245252671398,67006,90,208,32699,
391.8262700182717,67006,89,209,32699,
391.8289650309253,67006,89,208,32700,
391.84473587609943,67005,90,208,32700,
391.84480476975983,67005,89,209,32700,
391.87462482988013,67004,90,209,32700,
391.8974418322078,67004,89,210,32700,
391.90849003959585,67004,89,209,32701,
391.9490852027493,67004,89,208,32702,
391.98094302342764,67004,89,207,32703,
391.9837029803912,67003,90,207,32703,
392.0002635862822,67003,89,208,32703,
392.00822571170306,67003,89,207,32704,
392.01521931118833,67002,90,207,32704,
392.02262182888404,67002,89,208,32704,
392.0319319870194,67002,89,207,32705,
392.04162809525906,67001,90,207,32705,
392.056862017638,67001,89,208,32705,
392.07817041457906,67000,90,208,32705,
392.07944621981204,67000,89,209,32705,
392.09390457156013,67000,89,208,32706,
392.10515510017547,67000,89,207,32707,
392.1064966978015,66999,90,207,32707,
392.11400013384775,66999,89,208,32707,
392.1241816871841,66999,88,209,32707,
392.1325217539654,66998,89,209,32707,
392.13948625793864,66998,89,208,32708,
392.17036889159914,66997,90,208,32708,
392.21686679334135,66996,91,208,32708,
392.2272609847026,66996,90,209,32708,
392.23973315792324,66995,91,209,32708,
392.2616236966435,66994,92,209,32708,
392.2651127523348,66993,93,209,32708,
392.2943404443284,66993,93,208,32709,
392.30813054851797,66993,93,207,32710,
392.3348601169766,66993,92,208,32710,
392.3361137560383,66992,93,208,32710,
392.34119622284226,66992,93,207,32711,
392.3412493970291,66992,93,206,32712,
392.34721867359644,66992,93,205,32713,
392.3606340155922,66992,93,204,32714,
392.36094265646483,66991,94,204,32714,
392.39851491394586,66991,94,203,32715,
392.41480353249494,66991,93,204,32715,
392.4237081427736,66990,94,204,32715,
392.4270925075307,66989,95,204,32715,
392.431602775258,66989,94,205,32715,
392.43596226953525,66989,93,206,32715,
392.43950326946646,66989,93,205,32716,
392.4477222345906,66988,94,205,32716,
392.4526459598076,66987,95,205,32716,
392.45981791132004,66986,96,205,32716,
392.4639981506523,66986,96,204,32717,
392.4827703135752,66985,97,204,32717,
392.4927741766579,66984,98,204,32717,
392.49407409587997,66984,97,205,32717,
392.51521302361635,66983,98,205,32717,
392.5306784572739,66982,99,205,32717,
392.5518915081677,66982,99,204,32718,
392.5645868358931,66982,99,203,32719,
392.5767008032702,66982,99,202,32720,
392.6154073016579,66982,99,201,32721,
392.6161359642097,66982,99,200,32722,
392.6311756657904,66982,99,199,32723,
392.64256421708876,66982,98,200,32723,
392.65854300615416,66982,98,199,32724,
392.66286074527034,66982,98,198,32725,
392.6684252564067,66982,97,199,32725,
392.6892920282642,66981,98,199,32725,
392.7043826679483,66981,97,200,32725,
392.7048378270377,66981,96,201,32725,
392.7056707219781,66981,95,202,32725,
392.74735631567034,66981,94,203,32725,
392.76646898419864,66981,93,204,32725,
392.77494539552146,66981,93,203,32726,
392.7863633703567,66980,94,203,32726,
392.8078627642249,66980,94,202,32727,
392.81363672957355,66979,95,202,32727,
392.8153472003877,66979,95,201,32728,
392.8167211582131,66979,95,200,32729,
392.891161131124,66979,94,201,32729,
392.92738130511657,66978,95,201,32729,
392.93086278871425,66977,96,201,32729,
392.9389020986995,66977,95,202,32729,
392.9413236081821,66977,94,203,32729,
392.95678467673116,66976,95,203,32729,
392.9734669400004,66976,94,204,32729,
392.99218707666313,66976,94,203,32730,
393.0289380049361,66976,93,204,32730,
393.0414985790026,66976,92,205,32730,
393.09212871318687,66976,92,204,32731,
393.10225194330593,66975,93,204,32731,
393.12999208965465,66975,93,203,32732,
393.15252663106475,66974,94,203,32732,
393.1587264171533,66974,94,202,32733,
393.1661323644778,66974,94,201,32734,
393.183654772565,66973,95,201,32734,
393.1880826968228,66973,95,200,32735,
393.21727355533943,66973,95,199,32736,
393.22049868072685,66973,94,200,32736,
393.24427968468416,66972,95,200,32736,
393.33385227770253,66972,95,199,32737,
393.33659284716055,66972,95,198,32738,
393.36915747504963,66972,95,197,32739,
393.38020538710884,66972,94,198,32739,
393.38655817436535,66972,94,197,32740,
393.38679727337126,66972,94,196,32741,
393.4016020004922,66971,95,196,32741,
393.41225694811243,66970,96,196,32741,
393.4131790805571,66969,97,196,32741,
393.45622008399613,66969,97,195,32742,
393.4867534028967,66969,97,194,32743,
393.51725411093065,66969,97,193,32744,
393.5252291985481,66968,98,193,32744,
393.52854364641104,66968,98,192,32745,
393.5285758130171,66968,98,191,32746,
393.5547934405427,66968,98,190,32747,
393.58694338274745,66967,99,190,32747,
393.5936062427171,66966,100,190,32747,
393.60187289755874,66966,99,191,32747,
393.62330275903867,66966,98,192,32747,
393.63279516693245,66965,99,192,32747,
393.65080322496965,66965,98,193,32747,
393.6595374481875,66965,98,192,32748,
393.6673609251782,66964,99,192,32748,
393.68358005191214,66964,99,191,32749,
393.6982895288267,66964,98,192,32749,
393.71817286112343,66963,99,192,32749,
393.72922988003603,66962,100,192,32749,
393.73433748061996,66961,101,192,32749,
393.74886441880955,66961,101,191,32750,
393.7875824062228,66961,100,192,32750,
393.8187730825761,66961,99,193,32750,
393.8299862754627,66961,98,194,32750,
393.86874674429737,66960,99,194,32750,
393.87986816242176,66960,99,193,32751,
393.88617000954946,66959,100,193,32751,
393.93400722670873,66959,100,192,32752,
393.94989809251456,66959,99,193,32752,
393.956244692988,66958,100,193,32752,
393.9786645123605,66958,99,194,32752,
394.0404619002362,66958,99,193,32753,
394.042432448401,66958,98,194,32753,
394.0497261415784,66958,97,195,32753,
394.0560901169285,66958,97,194,32754,
394.06600126144957,66958,96,195,32754,
394.08093873824157,66958,96,194,32755,
394.0907702403458,66958,96,193,32756,
394.0941235071704,66958,96,192,32757,
394.10847756262336,66957,97,192,32757,
394.1320157935563,66957,97,191,32758,
394.13651604859035,66957,97,190,32759,
394.22248326265304,66957,96,191,32759,
394.2285314151446,66957,96,190,32760,
394.2665397288201,66957,96,189,32761,
394.2745463455962,66957,96,188,32762,
394.31143277917704,66957,96,187,32763,
394.3174803854324,66957,96,186,32764,
394.3350117542445,66956,97,186,32764,
394.3441030293503,66956,97,185,32765,
394.38109361358727,66956,96,186,32765,
394.3935077905411,66956,95,187,32765,
394.4097425078152,66955,96,187,32765,
394.42735953395703,66955,95,188,32765,
394.4300639919489,66954,96,188,32765,
394.43879792545147,66953,97,188,32765,
394.467772432128,66953,96,189,32765,
394.5077725309412,66953,96,188,32766,
394.541939148961,66953,95,189,32766,
394.5687340892772,66953,95,188,32767,
394.57434734875494,66953,94,189,32767,
394.57532154705683,66953,93,190,32767,
394.5983735165708,66953,93,189,32768,
394.6000553014105,66953,92,190,32768,
394.6170271679936,66953,91,191,32768,
394.6208998137366,66952,92,191,32768,
394.64220137439463,66951,93,191,32768,
394.6559890052894,66951,92,192,32768,
394.6634965985987,66951,92,191,32769,
394.66697382077933,66950,93,191,32769,
394.67135631745197,66950,92,192,32769,
394.6801392295571,66950,92,191,32770,
394.68883921082966,66950,92,190,32771,
394.6926612380019,66950,92,189,32772,
394.7191890621505,66950,92,188,32773,
394.7325413275739,66949,93,188,32773,
394.7390706833618,66949,92,189,32773,
394.7442015204065,66949,92,188,32774,
394.7474837349971,66949,91,189,32774,
394.7477429183725,66949,90,190,32774,
394.7504533244806,66949,89,191,32774,
394.75221217892056,66949,89,190,32775,
394.7789370751955,66949,89,189,32776,
394.78512326600764,66949,88,190,32776,
394.78923598593,66949,87,191,32776,
394.8315098031218,66948,88,191,32776,
394.8461351798942,66948,88,190,32777,
394.870730039311,66947,89,190,32777,
394.8754428990176,66946,90,190,32777,
394.9017532351293,66946,89,191,32777,
394.9346774076619,66946,89,190,32778,
394.9370161248861,66946,89,189,32779,
394.9668113060448,66946,88,190,32779,
394.9759745194304,66946,87,191,32779,
394.98085323106415,66946,87,190,32780,
395.0286398513319,66946,87,189,32781,
395.0487866031224,66946,87,188,32782,
395.0501186609009,66946,87,187,32783,
395.06672981662877,66946,87,186,32784,
395.0945486460922,66946,87,185,32785,
395.09506147788017,66946,86,186,32785,
395.13523520141683,66946,85,187,32785,
395.13587248188446,66946,84,188,32785,
395.1443222899893,66946,83,189,32785,
395.15413120412956,66946,82,190,32785,
395.15898648911013,66946,81,191,32785,
395.1669279160601,66945,82,191,32785,
395.20472257321154,66944,83,191,32785,
395.23749740174094,66944,83,190,32786,
395.2410252870421,66944,83,189,32787,
395.2688525880499,66943,84,189,32787,
395.3118977372087,66943,84,188,32788,
395.31950551281756,66943,83,189,32788,
395.32225173355545,66943,82,190,32788,
395.32835093389673,66942,83,190,32788,
395.35810790795693,66941,84,190,32788,
395.3755350396797,66940,85,190,32788,
395.37724815898736,66940,84,191,32788,
395.3786017667029,66940,83,192,32788,
395.381997054965,66940,83,191,32789,
395.38230762296024,66940,82,192,32789,
395.3844432905094,66940,82,191,32790,
395.3916173153704,66939,83,191,32790,
395.40561607261895,66938,84,191,32790,
395.4173066855255,66938,83,192,32790,
395.4499763307017,66937,84,192,32790,
395.46962165931774,66937,83,193,32790,
395.54847147596985,66937,82,194,32790,
395.55798348519176,66936,83,194,32790,
395.5638927087485,66935,84,194,32790,
395.56856508692346,66935,84,193,32791,
395.5742184974477,66935,83,194,32791,
395.5915459122381,66935,82,195,32791,
395.60596970743603,66935,81,196,32791,
395.6138578048695,66935,81,195,32792,
395.6216988650366,66934,82,195,32792,
395.63238333963017,66933,83,195,32792,
395.6387924792085,66932,84,195,32792,
395.68179727078035,66931,85,195,32792,
395.6912576222913,66931,85,194,32793,
395.69322864240615,66931,85,193,32794,
395.6933889914724,66931,85,192,32795,
395.701189111827,66931,84,193,32795,
395.72296320408725,66931,84,192,32796,
395.7252339028248,66930,85,192,32796,
395.7747317572043,66930,84,193,32796,
395.79029584869875,66930,83,194,32796,
395.82033643228243,66929,84,194,32796,
395.8302004691093,66929,83,195,32796,
395.87872189646686,66929,82,196,32796,
395.91113818435116,66928,83,196,32796,
395.93336142189895,66927,84,196,32796,
396.0318988654968,66926,85,196,32796,
396.0375444782134,66926,85,195,32797,
396.07024520606575,66926,85,194,32798,
396.07128433049894,66926,85,193,32799,
396.1013100441065,66926,85,192,32800,
396.10443363337356,66925,86,192,32800,
396.14607242630393,66924,87,192,32800,
396.14747931884045,66923,88,192,32800,
396.1691583904533,66923,87,193,32800,
396.22077354670165,66923,86,194,32800,
396.2806965276606,66923,85,195,32800,
396.296828276485,66923,84,196,32800,
396.3150311203438,66923,84,195,32801,
396.3309864380813,66922,85,195,32801,
396.33584277107224,66921,86,195,32801,
396.3385297205191,66921,86,194,32802,
396.34633982948225,66921,86,193,32803,
396.3490807636652,66921,86,192,32804,
396.3563383399711,66920,87,192,32804,
396.3638390888976,66919,88,192,32804,
396.3660773400841,66919,88,191,32805,
396.3867285404558,66918,89,191,32805,
396.38722612991603,66917,90,191,32805,
396.40470084470354,66916,91,191,32805,
396.4256499043205,66916,91,190,32806,
396.4279697192889,66916,91,189,32807,
396.4549635374263,66916,91,188,32808,
396.4758573824094,66916,91,187,32809,
396.53148753232074,66916,91,186,32810,
396.5572923171535,66916,91,185,32811,
396.5904049229437,66916,90,186,32811,
396.60054933799535,66916,90,185,32812,
396.6005959176747,66916,90,184,32813,
396.6090932011226,66916,89,185,32813,
396.61787309040307,66916,89,184,32814,
396.6369341460031,66916,89,183,32815,
396.68337695339045,66916,88,184,32815,
396.6848102490826,66916,87,185,32815,
396.7114114196645,66916,87,184,32816,
396.71850903427054,66916,87,183,32817,
396.7753265638556,66916,87,182,32818,
396.79770516467033,66916,87,181,32819,
396.82698515572076,66916,87,180,32820,
396.8292394486835,66916,87,179,32821,
396.8315033978593,66916,86,180,32821,
396.87603899514704,66916,85,181,32821,
396.88223740877453,66915,86,181,32821,
396.89884474521193,66915,86,180,32822,
396.9323586107101,66915,86,179,32823,
396.94080646985776,66915,86,178,32824,
396.9457962513085,66915,85,179,32824,
396.9474371925199,66915,85,178,32825,
396.96241056268354,66915,84,179,32825,
396.98371246012215,66915,83,180,32825,
396.98811656959504,66915,82,181,32825,
396.99504559750494,66915,82,180,32826,
397.04562766773864,66914,83,180,32826,
397.05784064542195,66914,83,179,32827,
397.0868519411907,66914,82,180,32827,
397.089522900688,66914,81,181,32827,
397.1096845108511,66914,80,182,32827,
397.1527763284971,66914,80,181,32828,
397.16530885348817,66913,81,181,32828,
397.1752233967523,66913,81,180,32829,
397.19446529682466,66913,81,179,32830,
397.2014164499337,66912,82,179,32830,
397.2336299395454,66912,81,180,32830,
397.2413434620553,66912,80,181,32830,
397.2455009420972,66912,79,182,32830,
397.2606920429364,66911,80,182,32830,
397.2709047676361,66911,79,183,32830,
397.3186136551216,66911,79,182,32831,
397.3190863599637,66911,79,181,32832,
397.3637275894135,66911,79,180,32833,
397.3950307691661,66911,79,179,32834,
397.3976916847673,66910,80,179,32834,
397.4249528560413,66910,80,178,32835,
397.43291739583015,66910,79,179,32835,
397.43307618031605,66909,80,179,32835,
397.4385766594161,66909,80,178,32836,
397.47002602127475,66908,81,178,32836,
397.481155572013,66908,80,179,32836,
397.4885722111166,66907,81,179,32836,
397.4970962075469,66907,80,180,32836,
397.5112759069147,66907,80,179,32837,
397.51778793629876,66907,80,178,32838,
397.52063225618656,66907,79,179,32838,
397.53135989807004,66906,80,179,32838,
397.5454210236462,66905,81,179,32838,
397.54657383203516,66904,82,179,32838,
397.56346429759094,66904,81,180,32838,
397.5810746548337,66903,82,180,32838,
397.58169574567137,66902,83,180,32838,
397.5873939884485,66902,83,179,32839,
397.58806830038344,66902,83,178,32840,
397.6173879724681,66901,84,178,32840,
397.6272643838909,66901,84,177,32841,
397.644250721168,66901,84,176,32842,
397.6601552742834,66901,84,175,32843,
397.66906177490705,66900,85,175,32843,
397.70056698573813,66900,85,174,32844,
397.705941228055,66900,84,175,32844,
397.7130850233926,66900,84,174,32845,
397.72819275999166,66900,84,173,32846,
397.75473539123277,66899,85,173,32846,
397.7570369976874,66898,86,173,32846,
397.7766953173123,66898,86,172,32847,
397.78228133401853,66897,87,172,32847,
397.7865791812828,66897,87,171,32848,
397.7933156471399,66896,88,171,32848,
397.794931571679,66896,87,172,32848,
397.8080117574106,66896,86,173,32848,
397.8304661503798,66896,86,172,32849,
397.8414546250036,66896,86,171,32850,
397.84905964647135,66896,86,170,32851,
397.89464914369677,66895,87,170,32851,
397.8965767989838,66894,88,170,32851,
397.89951376358033,66894,88,169,32852,
397.9000481969075,66894,87,170,32852,
397.92587980558955,66894,87,169,32853,
397.93010000451545,66894,86,170,32853,
397.96227396369335,66894,86,169,32854,
397.9692450381882,66893,87,169,32854,
397.9746934707055,66893,86,170,32854,
397.99520997990226,66892,87,170,32854,
398.0072952720272,66892,86,171,32854,
398.02783694593035,66892,86,170,32855,
398.03358973914817,66892,86,169,32856,
398.04391852782527,66892,85,170,32856,
398.04446662778787,66892,85,169,32857,
398.049450836665,66892,85,168,32858,
398.06918933179145,66892,84,169,32858,
398.0719028768775,66892,84,168,32859,
398.0944038681803,66892,84,167,32860,
398.09555504960645,66891,85,167,32860,
398.116833331242,66891,85,166,32861,
398.14864751766186,66891,85,165,32862,
398.149352495921,66891,85,164,32863,
398.1614448459753,66891,85,163,32864,
398.1782763623274,66890,86,163,32864,
398.19094365340356,66890,85,164,32864,
398.24557570160744,66889,86,164,32864,
398.2603124483827,66889,85,165,32864,
398.29390166034165,66888,86,165,32864,
398.29842794607436,66888,85,166,32864,
398.3045903438747,66888,85,165,32865,
398.3091540231553,66887,86,165,32865,
398.3216082617104,66887,86,164,32866,
398.3716536571478,66887,86,163,32867,
398.405489528474,66887,85,164,32867,
398.44359696302814,66887,85,163,32868,
398.46281359915884,66886,86,163,32868,
398.50568525532697,66885,87,163,32868,
398.55534045849475,66884,88,163,32868,
398.5578253960739,66883,89,163,32868,
398.5880668604222,66883,89,162,32869,
398.5909009456537,66882,90,162,32869,
398.6809502291147,66882,89,163,32869,
398.6887450521384,66882,89,162,32870,
398.6917712356166,66882,88,163,32870,
398.7028444414561,66882,87,164,32870,
398.73143545738526,66881,88,164,32870,
398.73620798550087,66881,88,163,32871,
398.7422183937963,66881,87,164,32871,
398.74316599339187,66881,86,165,32871,
398.75059279361284,66880,87,165,32871,
398.75391747783584,66880,86,166,32871,
398.7581084899217,66880,85,167,32871,
398.77629300011023,66880,85,166,32872,
398.806980902083,66879,86,166,32872,
398.8284545992785,66879,86,165,32873,
398.83646799914663,66878,87,165,32873,
398.8998106210557,66878,87,164,32874,
398.913638655446,66878,87,163,32875,
398.9717652742894,66877,88,163,32875,
398.99454633037357,66876,89,163,32875,
399.0084795314849,66876,89,162,32876,
399.02450405019385,66876,89,161,32877,
399.03399780132054,66875,90,161,32877,
399.07673487355794,66874,91,161,32877,
399.0826764360383,66874,91,160,32878,
399.0943131062811,66874,90,161,32878,
399.17710866373477,66874,89,162,32878,
399.1832001142445,66874,89,161,32879,
399.2302445340806,66874,88,162,32879,
399.2374318692861,66873,89,162,32879,
399.262641869958,66873,89,161,32880,
399.28358504795364,66873,88,162,32880,
399.2967326412224,66872,89,162,32880,
399.29975900784234,66872,88,163,32880,
399.3117947370825,66872,87,164,32880,
399.32417052783387,66871,88,164,32880,
399.33103800743197,66870,89,164,32880,
399.3468350532942,66870,88,165,32880,
399.3864791358689,66870,88,164,32881,
399.4130233241949,66870,88,163,32882,
399.4370803044591,66869,89,163,32882,
399.44760745855496,66869,88,164,32882,
399.472142138565,66869,87,165,32882,
399.51802661888235,66869,87,164,32883,
399.52275151060763,66869,87,163,32884,
399.5264817831229,66869,86,164,32884,
399.5392437618205,66869,85,165,32884,
399.5635319409804,66869,84,166,32884,
399.61481004976736,66868,85,166,32884,
399.62243498872095,66868,84,167,32884,
399.64018980293764,66868,83,168,32884,
399.6503932876296,66868,83,167,32885,
399.6789601689469,66867,84,167,32885,
399.74167733280626,66867,84,166,32886,
399.7525822251709,66866,85,166,32886,
399.78469109299857,66865,86,166,32886,
399.7899415082545,66864,87,166,32886,
399.83681311024714,66864,86,167,32886,
399.83720659370476,66864,86,166,32887,
399.85050640386885,66863,87,166,32887,
399.85611426899726,66863,87,165,32888,
399.86831742228134,66863,86,166,32888,
399.88268773618523,66863,86,165,32889,
399.9754337045192,66863,86,164,32890,
399.9760743501213,66863,85,165,32890,
399.98433885744595,66863,85,164,32891,
399.9873668700344,66863,85,163,32892,
400.0341616922601,66862,86,163,32892,
400.0518201285573,66861,87,163,32892,
400.05497773723346,66860,88,163,32892,
400.0783135655033,66860,87,164,32892,
400.08163349943896,66860,87,163,32893,
400.08741174584344,66860,87,162,32894,
400.10877591118907,66859,88,162,32894,
400.1413592795382,66859,88,161,32895,
400.1481782736191,66859,87,162,32895,
400.1970399553031,66859,87,161,32896,
400.23866599182367,66859,87,160,32897,
400.24749696048445,66858,88,160,32897,
400.2696767487796,66858,87,161,32897,
400.3144199456499,66858,87,160,32898,
400.3423332481463,66858,86,161,32898,
400.407549780217,66858,86,160,32899,
400.4383069646752,66858,86,159,32900,
400.48830065637185,66857,87,159,32900,
400.4994713522163,66857,87,158,32901,
400.5098949570431,66857,87,157,32902,
400.51592869863623,66857,86,158,32902,
400.51996324837535,66856,87,158,32902,
400.56397715851756,66855,88,158,32902,
400.57522438166393,66855,87,159,32902,
400.5769357754365,66854,88,159,32902,
400.5984099464696,66854,87,160,32902,
400.6209185097339,66854,86,161,32902,
400.6255891824505,66854,85,162,32902,
400.66347611653606,66853,86,162,32902,
400.6912739399742,66853,85,163,32902,
400.7309396849855,66852,86,163,32902,
400.7324030751271,66852,85,164,32902,
400.7358750626286,66852,84,165,32902,
400.7632189095443,66852,83,166,32902,
400.7670120564368,66852,83,165,32903,
400.7720826346959,66852,82,166,32903,
400.7751876345657,66851,83,166,32903,
400.77667747650264,66851,83,165,32904,
400.81025537838406,66850,84,165,32904,
400.82959978284197,66849,85,165,32904,
400.84015540682935,66849,84,166,32904,
400.85249510909387,66849,84,165,32905,
400.86375683613835,66848,85,165,32905,
400.870988671404,66848,84,166,32905,
400.8834936353912,66848,84,165,32906,
400.88557573999475,66847,85,165,32906,
400.8962693984166,66847,84,166,32906,
400.9530699562312,66847,84,165,32907,
400.9554342192915,66847,84,164,32908,
400.95666764727787,66847,84,163,32909,
401.0387056698278,66846,85,163,32909,
401.04789573833307,66846,84,164,32909,
401.05464221185485,66846,84,163,32910,
401.0739193206763,66845,85,163,32910,
401.08916668953015,66845,84,164,32910,
401.10203315851686,66844,85,164,32910,
401.14376471378444,66844,84,165,32910,
401.16012371392327,66844,84,164,32911,
401.16246435033304,66843,85,164,32911,
401.19427107564707,66843,84,165,32911,
401.1970060903474,66843,83,166,32911,
401.21062706054084,66842,84,166,32911,
401.23103662809854,66841,85,166,32911,
401.24698690980375,66841,84,167,32911,
401.2496993912344,66841,84,166,32912,
401.25573885043997,66841,84,165,32913,
401.2571562599563,66841,83,166,32913,
401.257756303621,66841,82,167,32913,
401.27195827982655,66841,82,166,32914,
401.2982288518617,66841,81,167,32914,
401.3214444632721,66841,80,168,32914,
401.34034209757993,66840,81,168,32914,
401.34622727608485,66840,81,167,32915,
401.36071117501086,66839,82,167,32915,
401.43505354362844,66839,81,168,32915,
401.45998975656624,66839,80,169,32915,
401.47216604844004,66838,81,169,32915,
401.5030643004047,66838,81,168,32916,
401.5050519234334,66837,82,168,32916,
401.5107098133896,66837,81,169,32916,
401.51714404197025,66837,81,168,32917,
401.5530081534218,66837,81,167,32918,
401.55334831663674,66836,82,167,32918,
401.60018365355256,66836,82,166,32919,
401.6330347580587,66836,82,165,32920,
401.6395527476221,66835,83,165,32920,
401.6753815500826,66835,83,164,32921,
401.68309525310343,66835,83,163,32922,
401.69852356762163,66834,84,163,32922,
401.6989760818635,66834,84,162,32923,
401.74699051196194,66834,83,163,32923,
401.74801207092855,66834,83,162,32924,
401.768712904781,66833,84,162,32924,
401.7875054709334,66832,85,162,32924,
401.78815293302324,66832,84,163,32924,
401.80454122006347,66832,84,162,32925,
401.8105332370254,66832,84,161,32926,
401.8492907239218,66832,84,160,32927,
401.85724967395265,66832,83,161,32927,
401.8722219088399,66832,83,160,32928,
401.87273665905525,66831,84,160,32928,
401.8760639918226,66831,84,159,32929,
401.89545221088383,66830,85,159,32929,
401.90699498284755,66830,85,158,32930,
401.91164454246587,66830,85,157,32931,
401.9419364746163,66830,85,156,32932,
401.96287858446027,66830,85,155,32933,
401.97323113045314,66829,86,155,32933,
401.97395336098515,66829,86,154,32934,
401.9902969253251,66828,87,154,32934,
401.9999936374596,66827,88,154,32934,
402.03233607721904,66827,87,155,32934,
402.0494110565594,66826,88,155,32934,
402.0638202238384,66825,89,155,32934,
402.07660333062444,66825,88,156,32934,
402.1013623279719,66825,88,155,32935,
402.142719746347,66825,87,156,32935,
402.15162645390444,66825,86,157,32935,
402.15728751081167,66824,87,157,32935,
402.1785045627738,66823,88,157,32935,
402.185018175937,66822,89,157,32935,
402.19891315206604,66821,90,157,32935,
402.20877363073964,66820,91,157,32935,
402.2199688547197,66820,91,156,32936,
402.2204044581374,66820,91,155,32937,
402.2298137096795,66820,91,154,32938,
402.26331343235944,66820,90,155,32938,
402.26951366116697,66819,91,155,32938,
402.2933088482053,66818,92,155,32938,
402.2978438109453,66817,93,155,32938,
402.3408658711528,66816,94,155,32938,
402.359508544629,66815,95,155,32938,
402.3680971565884,66814,96,155,32938,
402.4132532546462,66814,96,154,32939,
402.41818671607774,66814,96,153,32940,
402.4215917115145,66813,97,153,32940,
402.43093536449186,66812,98,153,32940,
402.440098465971,66812,97,154,32940,
402.44122578733226,66811,98,154,32940,
402.4424665777067,66810,99,154,32940,
402.4615330766817,66810,99,153,32941,
402.46760513957867,66810,98,154,32941,
402.4748084898352,66810,97,155,32941,
402.48241955320896,66809,98,155,32941,
402.52358920298934,66808,99,155,32941,
402.5673270850828,66808,99,154,32942,
402.5949669567272,66807,100,154,32942,
402.60727810380905,66807,99,155,32942,
402.6234621252766,66807,98,156,32942,
402.65169314528714,66806,99,156,32942,
402.66271446678087,66806,99,155,32943,
402.68335783823784,66806,98,156,32943,
402.69625484368584,66805,99,156,32943,
402.7125697719258,66805,99,155,32944,
402.7140935192721,66805,98,156,32944,
402.7186331880604,66805,97,157,32944,
402.74922778054514,66805,97,156,32945,
402.75241518281075,66804,98,156,32945,
402.8340948616766,66803,99,156,32945,
402.84159363776973,66803,99,155,32946,
402.8684068734937,66802,100,155,32946,
402.88227232789325,66802,100,154,32947,
402.9024752365136,66802,100,153,32948,
402.9306318490912,66801,101,153,32948,
402.9374517752449,66801,100,154,32948,
402.94263334724104,66801,99,155,32948,
402.9630767203281,66801,99,154,32949,
402.97320274655317,66801,98,155,32949,
403.0085065051017,66801,98,154,32950,
403.0213686495859,66801,98,153,32951,
403.0399316390243,66801,98,152,32952,
403.04249732512545,66800,99,152,32952,
403.0478744573376,66800,99,151,32953,
403.07732863794644,66800,99,150,32954,
403.1484557258641,66800,98,151,32954,
403.17607617993247,66800,98,150,32955,
403.2269677795965,66799,99,150,32955,
403.27423465761814,66799,99,149,32956,
403.2823009434987,66799,98,150,32956,
403.2982095562858,66798,99,150,32956,
403.30807905734486,66798,99,149,32957,
403.31459185411364,66798,98,150,32957,
403.3530607470036,66798,98,149,32958,
403.3983549237737,66797,99,149,32958,
403.4282966763746,66797,99,148,32959,
403.44687681468594,66796,100,148,32959,
403.5086532386089,66796,100,147,32960,
403.51261819007055,66796,99,148,32960,
403.51520014098566,66796,99,147,32961,
403.51853617934626,66795,100,147,32961,
403.53063903884276,66795,100,146,32962,
403.54409103045856,66794,101,146,32962,
403.5571170033361,66794,100,147,32962,
403.55909173093835,66794,99,148,32962,
403.5979128898838,66794,99,147,32963,
403.6232629327638,66793,100,147,32963,
403.62465327907825,66793,99,148,32963,
403.62769157733544,66792,100,148,32963,
403.6302712090855,66791,101,148,32963,
403.6419557418606,66790,102,148,32963,
403.6429058015714,66790,101,149,32963,
403.64936272175123,66789,102,149,32963,
403.6523446991913,66789,101,150,32963,
403.65462150491345,66788,102,150,32963,
403.7365381155954,66787,103,150,32963,
403.7386278127842,66787,102,151,32963,
403.7637954953817,66787,102,150,32964,
403.78993860660665,66787,101,151,32964,
403.8063348710332,66787,101,150,32965,
403.81756742585935,66787,101,149,32966,
403.8563912980945,66787,101,148,32967,
403.87823168503604,66786,102,148,32967,
403.8983286434978,66786,101,149,32967,
403.91299498587256,66786,100,150,32967,
403.92675595691105,66785,101,150,32967,
403.9639470239473,66785,101,149,32968,
403.9715518008527,66785,101,148,32969,
403.999623752724,66785,101,147,32970,
404.06722275851746,66785,101,146,32971,
404.0757144132653,66785,100,147,32971,
404.11121042969836,66785,99,148,32971,
404.1314119707162,66785,98,149,32971,
404.1972573885352,66785,98,148,32972,
404.2002426366353,66785,97,149,32972,
404.22736242361196,66785,97,148,32973,
404.230998589317,66785,96,149,32973,
404.26447822880726,66784,97,149,32973,
404.29335528416914,66784,96,150,32973,
404.3059643075304,66784,95,151,32973,
404.34007961447514,66784,94,152,32973,
404.34499329890656,66784,93,153,32973,
404.37753939294157,66784,92,154,32973,
404.4434785838639,66784,91,155,32973,
404.4872509000266,66784,91,154,32974,
404.49116765965124,66784,90,155,32974,
404.51699329583926,66784,90,154,32975,
404.5328049647737,66784,90,153,32976,
404.555738878592,66783,91,153,32976,
404.59546006414877,66782,92,153,32976,
404.6134455475992,66782,91,154,32976,
404.6231458420663,66782,90,155,32976,
404.67293789452845,66782,90,154,32977,
404.69883964506766,66782,89,155,32977,
404.70738744822023,66782,88,156,32977,
404.7112758133388,66782,88,155,32978,
404.76241147126956,66782,88,154,32979,
404.7698800943178,66782,87,155,32979,
404.7972622002746,66782,86,156,32979,
404.8095056856198,66781,87,156,32979,
404.8132295698865,66781,87,155,32980,
404.8297917643038,66781,86,156,32980,
404.83939691294097,66780,87,156,32980,
404.84012153406707,66779,88,156,32980,
404.8406104598433,66778,89,156,32980,
404.8494036831499,66778,89,155,32981,
404.89871308516456,66778,89,154,32982,
404.9054223510115,66778,89,153,32983,
404.92625582049334,66778,88,154,32983,
404.94124957055544,66777,89,154,32983,
404.98453398527386,66777,89,153,32984,
404.9860656121716,66777,89,152,32985,
405.0019016311363,66777,88,153,32985,
405.04737575693315,66777,88,152,32986,
405.0488684056504,66777,88,151,32987,
405.06629347848343,66777,88,150,32988,
405.1008728836842,66776,89,150,32988,
405.1246951955509,66776,89,149,32989,
405.1433856110512,66776,88,150,32989,
405.14578518030766,66776,88,149,32990,
405.1778536338814,66776,88,148,32991,
405.18848189237497,66776,87,149,32991,
405.2048047087534,66776,86,150,32991,
405.2119833457953,66775,87,150,32991,
405.2272981251616,66774,88,150,32991,
405.24346434098095,66774,88,149,32992,
405.25724247595934,66774,88,148,32993,
405.2958907616165,66773,89,148,32993,
405.32735496964744,66772,90,148,32993,
405.3340070492497,66772,90,147,32994,
405.34792880992615,66772,90,146,32995,
405.3582594484299,66772,89,147,32995,
405.3997224939155,66771,90,147,32995,
405.42155964910717,66770,91,147,32995,
405.4275422024556,66770,90,148,32995,
405.42856381586125,66770,90,147,32996,
405.4332372775751,66770,89,148,32996,
405.4515814916014,66770,89,147,32997,
405.4596532250497,66770,88,148,32997,
405.46098454501094,66769,89,148,32997,
405.5139113290455,66769,89,147,32998,
405.54236964695576,66769,89,146,32999,
405.55340603518636,66769,89,145,33000,
405.5667590080381,66769,89,144,33001,
405.582557016427,66769,89,143,33002,
405.6021306946252,66769,88,144,33002,
405.60971323609596,66769,88,143,33003,
405.61394670560776,66769,87,144,33003,
405.6693784300252,66769,87,143,33004,
405.68827753440775,66769,86,144,33004,
405.6973199340207,66769,85,145,33004,
405.72675823095466,66769,85,144,33005,
405.789978117043,66769,84,145,33005,
405.8680501564003,66769,84,144,33006,
405.87354985091065,66769,84,143,33007,
405.88061252603774,66769,84,142,33008,
405.89948999882034,66769,84,141,33009,
405.90609941202405,66769,84,140,33010,
405.9496913830958,66769,83,141,33010,
405.9635302863979,66768,84,141,33010,
406.00706621004576,66768,83,142,33010,
406.0360438615351,66768,83,141,33011,
406.09097982576094,66767,84,141,33011,
406.101992806473,66767,83,142,33011,
406.1470022206715,66766,84,142,33011,
406.16142119645156,66766,83,143,33011,
406.19441633884963,66765,84,143,33011,
406.2354201443355,66765,84,142,33012,
406.2365294308665,66765,84,141,33013,
406.23693435339266,66765,84,140,33014,
406.2548457011254,66765,83,141,33014,
406.2558686551726,66765,82,142,33014,
406.26653414802735,66764,83,142,33014,
406.3181577250531,66764,82,143,33014,
406.3200550361258,66764,82,142,33015,
406.3438339119431,66764,81,143,33015,
406.36456072695455,66764,81,142,33016,
406.37843228327233,66764,80,143,33016,
406.3914313206837,66763,81,143,33016,
406.41141540609584,66763,80,144,33016,
406.4238892917416,66763,80,143,33017,
406.42591528122836,66763,80,142,33018,
406.5210258674375,66762,81,142,33018,
406.5236526446679,66761,82,142,33018,
406.52541578590933,66761,82,141,33019,
406.5660231243532,66761,82,140,33020,
406.5700897547817,66760,83,140,33020,
406.5705669769999,66760,82,141,33020,
406.57568579076724,66760,82,140,33021,
406.58151205660704,66760,82,139,33022,
406.63693616963116,66760,82,138,33023,
406.6412928737289,66759,83,138,33023,
406.66951698758896,66758,84,138,33023,
406.67573111081435,66758,84,137,33024,
406.7062186699542,66757,85,137,33024,
406.7097038452189,66756,86,137,33024,
406.77585394204556,66756,86,136,33025,
406.7772570140646,66756,86,135,33026,
406.7778606065579,66756,86,134,33027,
406.81559504582265,66756,85,135,33027,
406.8337697427288,66756,84,136,33027,
406.8561518927721,66756,84,135,33028,
406.9070658979009,66756,84,134,33029,
406.90964532367724,66756,83,135,33029,
406.94068062280394,66756,82,136,33029,
406.95132284554495,66756,81,137,33029,
406.9528134533898,66756,80,138,33029,
406.9551402770882,66756,80,137,33030,
406.957109190655,66756,80,136,33031,
407.0265775783989,66755,81,136,33031,
407.0301392613752,66754,82,136,33031,
407.0842041879397,66754,82,135,33032,
407.087173009881,66754,82,134,33033,
407.1195152414672,66753,83,134,33033,
407.157091489329,66752,84,134,33033,
407.20551067142844,66752,84,133,33034,
407.2312454769712,66752,84,132,33035,
407.2432316220867,66752,84,131,33036,
407.2677116554216,66751,85,131,33036,
407.2986680050978,66750,86,131,33036,
407.30678103721164,66750,85,132,33036,
407.31649521035945,66750,85,131,33037,
407.4622008821164,66749,86,131,33037,
407.47149119574726,66749,85,132,33037,
407.47198076642866,66748,86,132,33037,
407.4767884556745,66747,87,132,33037,
407.5120844573292,66747,86,133,33037,
407.5370100156506,66746,87,133,33037,
407.5403155161182,66746,87,132,33038,
407.54265242580203,66746,86,133,33038,
407.54379341136166,66746,85,134,33038,
407.57566770686117,66746,85,133,33039,
407.5886204044961,66746,85,132,33040,
407.58878966481655,66745,86,132,33040,
407.60210679544366,66744,87,132,33040,
407.6396959973869,66744,87,131,33041,
407.6451147787632,66744,86,132,33041,
407.64867036626737,66744,86,131,33042,
407.6672319329876,66744,85,132,33042,
407.68179112012183,66744,84,133,33042,
407.6884587244565,66744,84,132,33043,
407.7137058824972,66744,84,131,33044,
407.74447703177844,66743,85,131,33044,
407.7500279690736,66743,85,130,33045,
407.7501728245884,66742,86,130,33045,
407.7508962463284,66742,86,129,33046,
407.7546704899728,66742,85,130,33046,
407.75971087786155,66742,84,131,33046,
407.8068234210112,66742,83,132,33046,
407.83692925828746,66742,82,133,33046,
407.8378979128854,66742,82,132,33047,
407.8487143534926,66742,82,131,33048,
407.86949734566156,66741,83,131,33048,
407.9405926747394,66741,82,132,33048,
407.94398111957264,66741,82,131,33049,
407.9550326532883,66741,82,130,33050,
407.97461737229764,66740,83,130,33050,
408.0171577862051,66740,83,129,33051,
408.02633686099944,66740,83,128,33052,
408.0275862791196,66740,82,129,33052,
408.0353963091561,66740,82,128,33053,
408.10758379448487,66740,82,127,33054,
408.1340708041956,66740,81,128,33054,
408.1502474857828,66740,81,127,33055,
408.19271120624643,66739,82,127,33055,
408.24823569652494,66738,83,127,33055,
408.32078752156036,66737,84,127,33055,
408.3348286219279,66736,85,127,33055,
408.34042182168815,66736,85,126,33056,
408.3547688515205,66736,85,125,33057,
408.36328781441284,66736,85,124,33058,
408.4158676290303,66735,86,124,33058,
408.44964608673456,66735,86,123,33059,
408.5156376682024,66734,87,123,33059,
408.521875624204,66734,86,124,33059,
408.5306459123841,66734,86,123,33060,
408.5779554531956,66734,85,124,33060,
408.59165993028927,66733,86,124,33060,
408.60715530893424,66733,85,125,33060,
408.64738488642786,66733,84,126,33060,
408.6605125656457,66733,83,127,33060,
408.66999992342403,66733,83,126,33061,
408.68207480939304,66733,82,127,33061,
408.7223943239069,66733,82,126,33062,
408.7655491187439,66733,82,125,33063,
408.77690263625084,66732,83,125,33063,
408.7813757557781,66732,82,126,33063,
408.81009707380616,66732,82,125,33064,
408.8857550191009,66731,83,125,33064,
408.8925055426847,66731,83,124,33065,
408.90335794211717,66731,82,125,33065,
408.90371022761695,66731,82,124,33066,
408.96053154010065,66731,81,125,33066,
408.96846056669835,66730,82,125,33066,
408.98013945531625,66730,82,124,33067,
408.9887397586478,66730,81,125,33067,
409.0094107552036,66729,82,125,33067,
409.0243619496965,66728,83,125,33067,
409.0655271120905,66728,82,126,33067,
409.0731154269092,66727,83,126,33067,
409.1022188162577,66727,83,125,33068,
409.1049554936315,66727,82,126,33068,
409.13117533853347,66727,82,125,33069,
409.13895786272957,66727,82,124,33070,
409.1583590689517,66727,81,125,33070,
409.1697442586134,66727,81,124,33071,
409.18494764026065,66726,82,124,33071,
409.1958898731417,66726,82,123,33072,
409.2238522323595,66726,81,124,33072,
409.2615971816655,66726,81,123,33073,
409.30058625268424,66725,82,123,33073,
409.3111002266329,66724,83,123,33073,
409.3202444484338,66723,84,123,33073,
409.33634633057545,66723,83,124,33073,
409.3430143266878,66723,83,123,33074,
409.35131147628243,66722,84,123,33074,
409.3846510626437,66722,84,122,33075,
409.3957741797607,66721,85,122,33075,
409.40972800654686,66720,86,122,33075,
409.43478762379124,66720,85,123,33075,
409.47056391719235,66720,84,124,33075,
409.47333116628255,66720,84,123,33076,
409.4800947550263,66719,85,123,33076,
409.5353017790202,66719,84,124,33076,
409.55986866628814,66719,83,125,33076,
409.5814835270146,66719,82,126,33076,
409.582153019275,66719,81,127,33076,
409.595453508432,66718,82,127,33076,
409.64455735762874,66718,82,126,33077,
409.66982486901605,66717,83,126,33077,
409.69381447520914,66716,84,126,33077,
409.7045035330553,66715,85,126,33077,
409.7052370858601,66715,84,127,33077,
409.73906574583435,66715,83,128,33077,
409.82828123121425,66714,84,128,33077,
409.8496419420839,66713,85,128,33077,
409.86807730529307,66713,84,129,33077,
409.86992857878926,66712,85,129,33077,
409.8729276345439,66712,84,130,33077,
409.875220548135,66712,83,131,33077,
409.8928706133303,66712,83,130,33078,
409.9045850949659,66712,83,129,33079,
409.9155526851077,66712,82,130,33079,
409.9342907840568,66712,82,129,33080,
409.9476613792951,66712,81,130,33080,
409.9524193744921,66712,81,129,33081,
409.9565969212455,66712,81,128,33082,
409.9942677817576,66712,80,129,33082,
410.05015717262347,66711,81,129,33082,
410.083339238413,66710,82,129,33082,
410.10868257612435,66709,83,129,33082,
410.1162615033139,66708,84,129,33082,
410.11793710183247,66708,84,128,33083,
410.14022746841255,66708,83,129,33083,
410.23682109412306,66707,84,129,33083,
410.25245953427583,66707,83,130,33083,
410.2871426997379,66707,83,129,33084,
410.2963951688221,66706,84,129,33084,
410.31892123257154,66705,85,129,33084,
410.3807750885105,66705,84,130,33084,
410.40539870116334,66704,85,130,33084,
410.43544887875134,66704,84,131,33084,
410.464699155822,66704,83,132,33084,
410.46540302488154,66703,84,132,33084,
410.48059834515266,66702,85,132,33084,
410.48224952306043,66701,86,132,33084,
410.4904026443333,66701,85,133,33084,
410.5074548752274,66701,85,132,33085,
410.5289834740902,66701,85,131,33086,
410.5530295607862,66701,84,132,33086,
410.5547443724488,66701,84,131,33087,
410.57980647333653,66701,83,132,33087,
410.6024504628629,66701,82,133,33087,
410.6234428498677,66700,83,133,33087,
410.62895669006883,66700,83,132,33088,
410.6759999315753,66700,82,133,33088,
410.7143303462287,66700,81,134,33088,
410.7578826013562,66700,80,135,33088,
410.78444810304325,66699,81,135,33088,
410.80522131818867,66699,80,136,33088,
410.8273525133863,66698,81,136,33088,
410.8352511968965,66698,81,135,33089,
410.91558048999497,66697,82,135,33089,
410.9417112045092,66696,83,135,33089,
410.9456010390156,66695,84,135,33089,
410.9912647768932,66695,84,134,33090,
411.0223223592567,66695,83,135,33090,
411.0380975398356,66695,83,134,33091,
411.08598723281386,66695,82,135,33091,
411.11073265874603,66695,81,136,33091,
411.1194932602991,66695,81,135,33092,
411.1301167322489,66695,81,134,33093,
411.18158295451025,66694,82,134,33093,
411.1831928444543,66694,81,135,33093,
411.1863087202996,66694,81,134,33094,
411.19362149239316,66694,81,133,33095,
411.1985210126311,66694,81,132,33096,
411.2038137338042,66694,80,133,33096,
411.31066126112313,66694,80,132,33097,
411.336956242121,66693,81,132,33097,
411.35912615287464,66693,81,131,33098,
411.3784205653926,66693,80,132,33098,
411.38420878836695,66692,81,132,33098,
411.40086588630555,66692,80,133,33098,
411.4070253445267,66692,80,132,33099,
411.41993829331864,66691,81,132,33099,
411.4392853780218,66691,81,131,33100,
411.48605722822856,66691,80,132,33100,
411.4907613051264,66691,79,133,33100,
411.5083953489548,66690,80,133,33100,
411.5600151187211,66690,80,132,33101,
411.5879997517996,66690,80,131,33102,
411.60624191758404,66690,79,132,33102,
411.607391017433,66689,80,132,33102,
411.66113574616026,66689,80,131,33103,
411.6623572085451,66689,80,130,33104,
411.6669460202438,66689,79,131,33104,
411.68884166747966,66689,79,130,33105,
411.69395272965886,66689,79,129,33106,
411.69716796542593,66688,80,129,33106,
411.7123048933763,66688,80,128,33107,
411.7238194723012,66688,80,127,33108,
411.73240693787665,66688,80,126,33109,
411.7536161150513,66688,79,127,33109,
411.8092336810201,66688,78,128,33109,
411.92500821135036,66688,78,127,33110,
411.97309048080047,66688,78,126,33111,
411.97574649515656,66688,78,125,33112,
412.01929975819536,66688,78,124,33113,
412.0236180944839,66688,78,123,33114,
412.0289510001062,66688,78,122,33115,
412.03837145685395,66688,78,121,33116,
412.05480370500794,66687,79,121,33116,
412.0801579592528,66687,78,122,33116,
412.08898268216825,66687,77,123,33116,
412.1130037046297,66687,77,122,33117,
412.1305956134589,66687,77,121,33118,
412.1337652202941,66687,76,122,33118,
412.151283270013,66687,75,123,33118,
412.1574808291532,66686,76,123,33118,
412.199731002433,66686,76,122,33119,
412.2307376934762,66686,76,121,33120,
412.33222731616775,66686,75,122,33120,
412.5117037292935,66686,74,123,33120,
412.56703860326894,66686,73,124,33120,
412.5763304145995,66686,72,125,33120,
412.57743250993536,66686,72,124,33121,
412.58073098553,66686,71,125,33121,
412.5817368496124,66686,71,124,33122,
412.6164963170077,66686,70,125,33122,
412.62074871035975,66686,69,126,33122,
412.6604563582343,66686,69,125,33123,
412.69970424597665,66686,69,124,33124,
412.7391002166289,66686,68,125,33124,
412.7494904825611,66686,67,126,33124,
412.7593997852683,66685,68,126,33124,
412.7595290071334,66685,68,125,33125,
412.77269947911515,66685,67,126,33125,
412.78041425890484,66684,68,126,33125,
412.79990636026207,66684,68,125,33126,
412.826924655581,66684,68,124,33127,
412.8431360282806,66684,68,123,33128,
412.84690961913896,66684,67,124,33128,
412.8597016267957,66683,68,124,33128,
412.87873857612584,66682,69,124,33128,
412.8824706013228,66682,68,125,33128,
412.8882815514468,66682,68,124,33129,
412.93863522488095,66682,68,123,33130,
412.964729887619,66681,69,123,33130,
412.967053587333,66680,70,123,33130,
412.99705766007423,66680,70,122,33131,
412.9983897761498,66679,71,122,33131,
413.0126302137913,66679,70,123,33131,
413.0348798134261,66678,71,123,33131,
413.04206290101274,66678,71,122,33132,
413.08996984184853,66678,71,121,33133,
413.1193610618723,66678,70,122,33133,
413.1418419141286,66677,71,122,33133,
413.20597303076994,66677,70,123,33133,
413.242780573834,66677,69,124,33133,
413.24735197837464,66676,70,124,33133,
413.2552326109964,66676,69,125,33133,
413.26149487820703,66676,68,126,33133,
413.2937630406144,66676,67,127,33133,
413.3030131057689,66676,66,128,33133,
413.3287329470676,66675,67,128,33133,
413.33470220082467,66675,66,129,33133,
413.34937315547216,66674,67,129,33133,
413.3809890037916,66673,68,129,33133,
413.3874863083468,66672,69,129,33133,
413.41697657018045,66672,69,128,33134,
413.4574323067599,66671,70,128,33134,
413.46271250308564,66671,70,127,33135,
413.4731366214588,66671,70,126,33136,
413.5002878109373,66671,70,125,33137,
413.5031023136503,66671,70,124,33138,
413.51978998887614,66670,71,124,33138,
413.5399082205191,66669,72,124,33138,
413.5452629122267,66669,72,123,33139,
413.5737303206209,66669,72,122,33140,
413.7104801500223,66668,73,122,33140,
413.7452420926226,66668,73,121,33141,
413.7481509140338,66668,72,122,33141,
413.76701478781473,66667,73,122,33141,
413.9101993149798,66667,72,123,33141,
413.98093643658257,66667,71,124,33141,
413.9894399988406,66667,71,123,33142,
414.0100776547393,66667,71,122,33143,
414.04437404045495,66666,72,122,33143,
414.1062571011068,66666,71,123,33143,
414.10999959380536,66666,71,122,33144,
414.1385958560178,66666,71,121,33145,
414.1793541785468,66666,70,122,33145,
414.2020904736118,66666,69,123,33145,
414.22542702623,66665,70,123,33145,
414.2571154041573,66665,70,122,33146,
414.278364262704,66665,70,121,33147,
414.321779849309,66664,71,121,33147,
414.32828369817753,66663,72,121,33147,
414.3532126366256,66662,73,121,33147,
414.3820844829593,66661,74,121,33147,
414.38622229850404,66661,73,122,33147,
414.39423115210394,66661,73,121,33148,
414.39941411581435,66660,74,121,33148,
414.4072861447332,66660,74,120,33149,
414.4450526641201,66660,74,119,33150,
414.45041446901945,66660,74,118,33151,
414.46320686982716,66660,73,119,33151,
414.47926078731314,66660,72,120,33151,
414.50056173822225,66660,71,121,33151,
414.5010090817699,66659,72,121,33151,
414.5521491969489,66659,71,122,33151,
414.5965798212809,66658,72,122,33151,
414.59825179399826,66657,73,122,33151,
414.6241641813334,66657,73,121,33152,
414.70937891860734,66657,73,120,33153,
414.7109833067363,66657,73,119,33154,
414.72355254575564,66657,73,118,33155,
414.73834528292343,66657,73,117,33156,
414.79787093441735,66656,74,117,33156,
414.8055292252094,66655,75,117,33156,
414.810634085537,66655,74,118,33156,
414.82040187985217,66655,73,119,33156,
414.90660580875885,66654,74,119,33156,
414.91166813864845,66654,74,118,33157,
414.91368884809367,66654,74,117,33158,
414.923405671787,66654,73,118,33158,
414.9353447994951,66653,74,118,33158,
414.96085000483936,66652,75,118,33158,
414.9682913189582,66651,76,118,33158,
414.98411385325755,66651,75,119,33158,
414.99659488345804,66651,75,118,33159,
415.0109059250933,66651,75,117,33160,
415.011158592279,66651,74,118,33160,
415.0731489862299,66651,73,119,33160,
415.07765307853066,66651,73,118,33161,
415.09100314205176,66651,73,117,33162,
415.09518204363894,66651,73,116,33163,
415.1578229634453,66650,74,116,33163,
415.165668010933,66650,73,117,33163,
415.20591945203284,66650,72,118,33163,
415.23298713695226,66650,72,117,33164,
415.2683139319202,66649,73,117,33164,
415.27199756804606,66649,73,116,33165,
415.4206908980531,66649,73,115,33166,
415.43490666094027,66648,74,115,33166,
415.45013250793147,66648,73,116,33166,
415.45022303850845,66648,72,117,33166,
415.46099376116894,66648,71,118,33166,
415.4723523672127,66647,72,118,33166,
415.48457213096026,66647,72,117,33167,
415.485532085167,66647,72,116,33168,
415.49671724764846,66647,72,115,33169,
415.5296694299149,66646,73,115,33169,
415.5860196804544,66646,73,114,33170,
415.6051572931694,66646,73,113,33171,
415.62659368051715,66645,74,113,33171,
415.63547713452095,66645,74,112,33172,
415.64023510978876,66645,73,113,33172,
415.65128053960603,66645,72,114,33172,
415.6685343291276,66645,72,113,33173,
415.7178245227652,66645,71,114,33173,
415.7363134586007,66644,72,114,33173,
415.7458514449983,66644,71,115,33173,
415.77263403550666,66644,71,114,33174,
415.79220272255066,66644,70,115,33174,
415.9175528963964,66644,70,114,33175,
415.9258168197749,66644,69,115,33175,
415.9309367874739,66644,68,116,33175,
415.93208612968937,66643,69,116,33175,
415.94208394637593,66643,69,115,33176,
415.99129456864046,66643,69,114,33177,
416.0621275566044,66642,70,114,33177,
416.0758561793884,66642,69,115,33177,
416.15518766298163,66642,69,114,33178,
416.1776395201327,66642,69,113,33179,
416.19744716609307,66642,68,114,33179,
416.19775249037536,66642,68,113,33180,
416.21505041998563,66642,67,114,33180,
416.23815972944493,66641,68,114,33180,
416.25828958891384,66641,67,115,33180,
416.30849922127,66641,66,116,33180,
416.3171500756445,66641,65,117,33180,
416.32895684285575,66641,65,116,33181,
416.35798335245255,66641,65,115,33182,
416.3631922742546,66641,65,114,33183,
416.37120898672634,66641,65,113,33184,
416.408912509122,66640,66,113,33184,
416.4293091703895,66639,67,113,33184,
416.457100943839,66639,66,114,33184,
416.4726480456871,66639,65,115,33184,
416.4947007649746,66638,66,115,33184,
416.5127543942429,66638,65,116,33184,
416.5522379067275,66638,65,115,33185,
416.56840577262597,66637,66,115,33185,
416.680665192925,66637,65,116,33185,
416.6838897122627,66637,65,115,33186,
416.68839479726165,66637,65,114,33187,
416.6889803656957,66636,66,114,33187,
416.72204186296733,66636,66,113,33188,
416.7717026307386,66636,65,114,33188,
416.7892332143413,66636,65,113,33189,
416.7911977280609,66635,66,113,33189,
416.8292019731904,66635,65,114,33189,
416.83014938208265,66634,66,114,33189,
416.83866278238736,66633,67,114,33189,
416.8463812544183,66633,67,113,33190,
416.8517110738758,66633,67,112,33191,
416.8622802032,66633,66,113,33191,
416.8776372666053,66633,65,114,33191,
416.98127771904564,66632,66,114,33191,
417.03403220077536,66632,66,113,33192,
417.09420821271664,66632,66,112,33193,
417.1338302386785,66631,67,112,33193,
417.1477403879011,66631,67,111,33194,
417.16083022142215,66631,66,112,33194,
417.17372994301525,66631,65,113,33194,
417.18837259903404,66631,64,114,33194,
417.1900742197243,66631,63,115,33194,
417.22859230849775,66631,62,116,33194,
417.23156163512294,66631,61,117,33194,
417.2327846331662,66630,62,117,33194,
417.2830574633969,66630,61,118,33194,
417.2876047756067,66630,61,117,33195,
417.29173717581443,66630,61,116,33196,
417.30547686934466,66630,61,115,33197,
417.3060759544567,66629,62,115,33197,
417.3661890254868,66629,62,114,33198,
417.37712046712363,66629,62,113,33199,
417.382897945727,66629,62,112,33200,
417.39372320291,66628,63,112,33200,
417.39625039583086,66628,62,113,33200,
417.41633529556674,66628,61,114,33200,
417.4432825659259,66627,62,114,33200,
417.4439886270996,66627,62,113,33201,
417.45074674689516,66626,63,113,33201,
417.46660833989597,66625,64,113,33201,
417.49787360935596,66625,64,112,33202,
417.5498829679742,66625,64,111,33203,
417.56954573210015,66625,64,110,33204,
417.59864220498025,66624,65,110,33204,
417.60043689482194,66624,65,109,33205,
417.61330781607495,66623,66,109,33205,
417.65557392550113,66622,67,109,33205,
417.67608229514,66622,67,108,33206,
417.69035064511434,66622,66,109,33206,
417.71990631351673,66622,66,108,33207,
417.89930792887304,66622,66,107,33208,
417.99412406854117,66622,66,106,33209,
418.01043194848626,66622,65,107,33209,
418.06933279612895,66622,65,106,33210,
418.09716381362585,66622,64,107,33210,
418.1001764170169,66621,65,107,33210,
418.1819064903502,66621,65,106,33211,
418.2111904831957,66620,66,106,33211,
418.21322358274864,66620,66,105,33212,
418.21777307922895,66620,65,106,33212,
418.31809780047377,66619,66,106,33212,
418.3473152129381,66619,65,107,33212,
418.34842648191403,66618,66,107,33212,
418.4211667603547,66618,65,108,33212,
418.4211667603547,66618,65,108,33212,
418.43541292515886,66618,65,107,33213,
418.47583859497894,66618,64,108,33213,
418.48535620971404,66618,64,107,33214,
418.50238049256086,66617,65,107,33214,
418.5282838036624,66617,65,106,33215,
418.5382202999493,66617,65,105,33216,
418.54870924839827,66617,64,106,33216,
418.55369639005795,66616,65,106,33216,
418.5701044713676,66615,66,106,33216,
418.584927955666,66614,67,106,33216,
418.59172081563105,66614,66,107,33216,
418.6139079947126,66614,65,108,33216,
418.62272326780266,66613,66,108,33216,
418.63448607229816,66613,66,107,33217,
418.6520216035984,66612,67,107,33217,
418.6541863630298,66612,67,106,33218,
418.68510980165405,66611,68,106,33218,
418.71795168121196,66610,69,106,33218,
418.79961349731843,66610,68,107,33218,
418.8641014225889,66610,67,108,33218,
418.8715321335614,66610,66,109,33218,
418.91741012101716,66610,65,110,33218,
418.9501822701473,66610,64,111,33218,
418.9616656110535,66609,65,111,33218,
418.98960508611316,66609,65,110,33219,
418.99671535048515,66609,64,111,33219,
418.9997488515396,66609,63,112,33219,
419.01139741291286,66609,62,113,33219,
419.0126118914096,66608,63,113,33219,
419.0773453690958,66608,62,114,33219,
419.0797029673061,66607,63,114,33219,
419.1206568926911,66606,64,114,33219,
419.15869467278577,66606,64,113,33220,
419.22140709864317,66606,63,114,33220,
419.2225189500432,66606,63,113,33221,
419.24662778723,66605,64,113,33221,
419.2637359958727,66605,64,112,33222,
419.31629429074013,66604,65,112,33222,
419.39666826167576,66604,64,113,33222,
419.41651088095534,66603,65,113,33222,
419.4464732460799,66603,65,112,33223,
419.4675074293447,66603,65,111,33224,
419.4794143815496,66603,64,112,33224,
419.4989009234246,66602,65,112,33224,
419.54158487833536,66601,66,112,33224,
419.5453349878846,66601,66,111,33225,
419.55761238249227,66601,66,110,33226,
419.62265073458303,66600,67,110,33226,
419.64060305904826,66600,67,109,33227,
419.69268812294445,66600,66,110,33227,
419.70483899468456,66600,66,109,33228,
419.74451275047977,66599,67,109,33228,
419.7461642361397,66599,67,108,33229,
419.7491187631176,66599,67,107,33230,
419.7669165977563,66599,67,106,33231,
419.78846508083654,66599,66,107,33231,
419.88246512616314,66599,66,106,33232,
419.9099882874899,66599,66,105,33233,
419.9150727004854,66599,65,106,33233,
419.9166514657,66599,64,107,33233,
419.91896718036134,66599,64,106,33234,
419.93250130223873,66599,64,105,33235,
419.96006469369974,66599,63,106,33235,
419.96969343536273,66599,63,105,33236,
419.9824168561435,66598,64,105,33236,
419.9962004850289,66597,65,105,33236,
420.07741876890327,66596,66,105,33236,
420.12476914576104,66595,67,105,33236,
420.1729455172987,66595,66,106,33236,
420.18515787520533,66595,66,105,33237,
420.1872675562744,66595,65,106,33237,
420.22598789928423,66595,65,105,33238,
420.26153390722453,66595,64,106,33238,
420.3070345741251,66595,64,105,33239,
420.33153167263765,66594,65,105,33239,
420.3637756834252,66594,64,106,33239,
420.41981397111743,66594,63,107,33239,
420.5260212880739,66593,64,107,33239,
420.53728231794673,66592,65,107,33239,
420.6357896680478,66592,64,108,33239,
420.67032055510913,66592,64,107,33240,
420.6847160983274,66592,63,108,33240,
420.74236147395624,66592,63,107,33241,
420.7447383504713,66592,63,106,33242,
420.7488588374545,66592,63,105,33243,
420.7569348354152,66592,62,106,33243,
420.80275400959454,66592,61,107,33243,
420.8320601246742,66592,60,108,33243,
420.842565777085,66591,61,108,33243,
420.8728641746169,66590,62,108,33243,
420.8927092754169,66590,61,109,33243,
420.90705561786785,66589,62,109,33243,
420.92125587077044,66589,62,108,33244,
420.95160542180525,66589,62,107,33245,
420.964642672361,66589,61,108,33245,
421.038160495979,66589,60,109,33245,
421.12494890993736,66588,61,109,33245,
421.1354918136601,66588,60,110,33245,
421.13963860671043,66588,59,111,33245,
421.2257490048587,66588,59,110,33246,
421.2712713699398,66587,60,110,33246,
421.3027597909884,66587,59,111,33246,
421.3519135953458,66586,60,111,33246,
421.3713233206177,66585,61,111,33246,
421.4178908518201,66584,62,111,33246,
421.41812399215496,66584,62,110,33247,
421.4972465296502,66584,62,109,33248,
421.54364766840285,66584,61,110,33248,
421.55279628788816,66584,60,111,33248,
421.66556120315886,66584,60,110,33249,
421.66654366743046,66583,61,110,33249,
421.6881804836874,66582,62,110,33249,
421.7008487787597,66582,61,111,33249,
421.71578998390004,66581,62,111,33249,
421.737924118373,66580,63,111,33249,
421.7479950986765,66580,63,110,33250,
421.75161473026895,66580,62,111,33250,
421.76046711179174,66579,63,111,33250,
421.76864830483333,66579,63,110,33251,
421.80877863316977,66578,64,110,33251,
421.8153478971463,66578,63,111,33251,
421.83929369919196,66577,64,111,33251,
421.88931524267,66577,63,112,33251,
421.940968782625,66577,62,113,33251,
421.9470063153734,66577,62,112,33252,
421.9517859011061,66576,63,112,33252,
421.9833897982097,66576,63,111,33253,
421.9837009562626,66576,62,112,33253,
421.9973898638302,66575,63,112,33253,
422.0285251820276,66575,62,113,33253,
422.0498157653869,66574,63,113,33253,
422.0760603645854,66574,63,112,33254,
422.1163881396492,66574,63,111,33255,
422.14545267602034,66574,63,110,33256,
422.187684620958,66573,64,110,33256,
422.20185475369027,66573,63,111,33256,
422.27902232859157,66573,63,110,33257,
422.29012746089865,66573,63,109,33258,
422.29195591769684,66573,62,110,33258,
422.29597082555074,66573,62,109,33259,
422.29743941300586,66572,63,109,33259,
422.31528422894627,66572,63,108,33260,
422.34874979645497,66571,64,108,33260,
422.3991871254296,66571,64,107,33261,
422.41407603606797,66571,64,106,33262,
422.4717942291132,66571,63,107,33262,
422.4752829795152,66571,62,108,33262,
422.5212031899732,66570,63,108,33262,
422.53347542464815,66569,64,108,33262,
422.58310864066914,66569,64,107,33263,
422.5954262109556,66569,63,108,33263,
422.67761184656734,66568,64,108,33263,
422.6818652254807,66568,64,107,33264,
422.6959798733587,66567,65,107,33264,
422.72419681563673,66567,65,106,33265,
422.72809337244746,66567,65,105,33266,
422.7305073844773,66567,65,104,33267,
422.7548642016407,66567,65,103,33268,
422.8165973845292,66567,64,104,33268,
422.8308801312931,66567,63,105,33268,
422.8567761133532,66567,63,104,33269,
422.9053559258899,66567,63,103,33270,
422.93334121857964,66567,63,102,33271,
422.9991952434234,66567,63,101,33272,
423.02108949227664,66567,62,102,33272,
423.04572601273674,66567,61,103,33272,
423.0472692566476,66567,61,102,33273,
423.0799370092026,66567,61,101,33274,
423.1197941467854,66567,61,100,33275,
423.120106132205,66566,62,100,33275,
423.1665992701221,66566,61,101,33275,
423.18943879952803,66565,62,101,33275,
423.2557631287577,66565,62,100,33276,
423.2660221508102,66565,62,99,33277,
423.27542381474206,66565,62,98,33278,
423.2881044850021,66564,63,98,33278,
423.3000161042464,66563,64,98,33278,
423.32035018812235,66563,63,99,33278,
423.32683876935323,66563,63,98,33279,
423.328493819932,66563,63,97,33280,
423.3410841570838,66562,64,97,33280,
423.36664498178254,66562,63,98,33280,
423.3772411060429,66562,63,97,33281,
423.3781186951529,66562,62,98,33281,
423.3915379866601,66562,61,99,33281,
423.47127173798896,66561,62,99,33281,
423.48464620980405,66561,62,98,33282,
423.5341306679944,66561,62,97,33283,
423.5737046388708,66561,62,96,33284,
423.66538241649766,66561,61,97,33284,
423.7321521347009,66561,60,98,33284,
423.74699167221956,66561,60,97,33285,
423.81467829921564,66560,61,97,33285,
423.8285338579911,66560,60,98,33285,
423.8649407756879,66560,59,99,33285,
423.88185412535637,66560,58,100,33285,
423.9047602953593,66560,57,101,33285,
423.9424315723861,66560,56,102,33285,
423.9903053990327,66560,55,103,33285,
424.02595656885677,66560,54,104,33285,
424.10270313020857,66560,53,105,33285,
424.12355949880197,66560,52,106,33285,
424.2362583311653,66560,52,105,33286,
424.27096137986734,66559,53,105,33286,
424.2820818872158,66559,53,104,33287,
424.2892631917657,66559,52,105,33287,
424.2905993694287,66558,53,105,33287,
424.31734455720607,66558,53,104,33288,
424.4350552810699,66558,53,103,33289,
424.46717227747286,66558,52,104,33289,
424.4692063085934,66558,52,103,33290,
424.47532685053903,66558,51,104,33290,
424.4977626619431,66558,51,103,33291,
424.52951832176853,66558,50,104,33291,
424.56738423977004,66558,49,105,33291,
424.59119003752045,66558,49,104,33292,
424.60171788593044,66558,49,103,33293,
424.62474173156966,66557,50,103,33293,
424.6624039743079,66556,51,103,33293,
424.6762031943235,66556,50,104,33293,
424.70722242101016,66556,50,103,33294,
424.7778153067523,66556,49,104,33294,
424.7897866988061,66556,49,103,33295,
424.7999136337561,66555,50,103,33295,
424.82691509680564,66554,51,103,33295,
424.8531991229081,66554,51,102,33296,
424.856823294885,66554,50,103,33296,
424.86821258957895,66553,51,103,33296,
424.95996819293345,66553,50,104,33296,
424.9783888380644,66553,49,105,33296,
425.0372871412456,66552,50,105,33296,
425.1544622962562,66551,51,105,33296,
425.1883133308794,66551,50,106,33296,
425.18963886952116,66551,50,105,33297,
425.1922053888634,66551,49,106,33297,
425.21450553571276,66551,48,107,33297,
425.2331037826376,66550,49,107,33297,
425.301791789599,66550,49,106,33298,
425.37556644479844,66550,49,105,33299,
425.4286938090462,66550,48,106,33299,
425.4405167121428,66549,49,106,33299,
425.44322341876136,66549,49,105,33300,
425.4433106060714,66548,50,105,33300,
425.54245398254733,66548,49,106,33300,
425.56352038023573,66548,49,105,33301,
425.5960149271644,66548,49,104,33302,
425.6055231198809,66547,50,104,33302,
425.6247825438916,66547,50,103,33303,
425.62896081117964,66546,51,103,33303,
425.65458673941646,66545,52,103,33303,
425.6832942238089,66545,52,102,33304,
425.71646076088933,66545,52,101,33305,
425.77891967739663,66545,52,100,33306,
425.80523330634884,66545,51,101,33306,
425.87890204659703,66545,50,102,33306,
425.89206722089466,66545,50,101,33307,
425.8932099389678,66545,50,100,33308,
425.92414097044144,66544,51,100,33308,
425.93084482411723,66544,51,99,33309,
425.9374421925193,66543,52,99,33309,
425.93778338600015,66543,52,98,33310,
425.94937201765237,66543,51,99,33310,
426.0781095324112,66543,51,98,33311,
426.11776278750733,66543,51,97,33312,
426.119922701537,66542,52,97,33312,
426.1433147500056,66541,53,97,33312,
426.2487687733544,66540,54,97,33312,
426.2990561741696,66540,54,96,33313,
426.3266463719596,66540,54,95,33314,
426.33865573908815,66540,54,94,33315,
426.34137841133406,66540,53,95,33315,
426.37689383949134,66539,54,95,33315,
426.42366165250706,66538,55,95,33315,
426.44106811962513,66537,56,95,33315,
426.45637336455746,66537,56,94,33316,
426.47538614915464,66536,57,94,33316,
426.49479667585496,66535,58,94,33316,
426.568251801775,66535,57,95,33316,
426.5742716858666,66534,58,95,33316,
426.61549756753834,66534,58,94,33317,
426.70435689419185,66534,57,95,33317,
426.71433275965524,66533,58,95,33317,
426.75791013893814,66533,58,94,33318,
426.8027804901046,66532,59,94,33318,
426.8053052857899,66532,58,95,33318,
426.8317995048918,66532,58,94,33319,
426.8318174849674,66532,58,93,33320,
426.83309839864285,66532,58,92,33321,
426.88540707348,66532,58,91,33322,
426.947518048372,66532,57,92,33322,
427.00309224344636,66532,57,91,33323,
427.02275213277824,66531,58,91,33323,
427.044063609894,66531,57,92,33323,
427.0577160366773,66530,58,92,33323,
427.1088269898325,66530,57,93,33323,
427.10889670802055,66530,57,92,33324,
427.17856190518495,66530,57,91,33325,
427.22576467540154,66529,58,91,33325,
427.32663626448476,66529,57,92,33325,
427.3344092377743,66529,57,91,33326,
427.3537005955552,66529,56,92,33326,
427.3972859996897,66528,57,92,33326,
427.42331874380693,66528,56,93,33326,
427.4377255561099,66528,56,92,33327,
427.4694794770557,66528,56,91,33328,
427.4754053113535,66528,56,90,33329,
427.5174976973209,66527,57,90,33329,
427.52641939664113,66526,58,90,33329,
427.5386683000216,66525,59,90,33329,
427.57917418530207,66525,59,89,33330,
427.6767513477318,66525,58,90,33330,
427.6868276491362,66525,58,89,33331,
427.73818988777856,66524,59,89,33331,
427.7420424966057,66523,60,89,33331,
427.7716936011586,66522,61,89,33331,
427.77712259108296,66522,61,88,33332,
427.78225868699866,66521,62,88,33332,
427.78978716175953,66521,61,89,33332,
427.8002404630642,66521,61,88,33333,
427.8227991797631,66521,61,87,33334,
427.8971265577395,66520,62,87,33334,
427.90774034350557,66520,62,86,33335,
427.92023110147466,66519,63,86,33335,
428.00204947677025,66519,62,87,33335,
428.0217042722677,66519,61,88,33335,
428.0625502982888,66518,62,88,33335,
428.0788986021731,66518,62,87,33336,
428.13149380830146,66518,62,86,33337,
428.21937273355417,66517,63,86,33337,
428.23277568270447,66517,62,87,33337,
428.2529735736316,66516,63,87,33337,
428.30590858608304,66515,64,87,33337,
428.3064810635068,66515,64,86,33338,
428.33294524638484,66515,63,87,33338,
428.33406469131694,66515,62,88,33338,
428.3701077424077,66515,61,89,33338,
428.38218994379963,66515,61,88,33339,
428.41188018340284,66515,60,89,33339,
428.4481642098037,66515,60,88,33340,
428.45846132350596,66515,60,87,33341,
428.46641729250854,66514,61,87,33341,
428.50194266390645,66513,62,87,33341,
428.50717131585685,66513,61,88,33341,
428.63073588456734,66513,61,87,33342,
428.6557808828482,66513,61,86,33343,
428.7590428430053,66512,62,86,33343,
428.80403693913934,66512,62,85,33344,
428.8460739380113,66512,61,86,33344,
428.89495704411564,66511,62,86,33344,
428.91236161786367,66511,61,87,33344,
428.93938379911094,66511,61,86,33345,
428.97892200774777,66511,60,87,33345,
428.9800707327527,66511,59,88,33345,
429.0140708652917,66510,60,88,33345,
429.01544632563866,66510,59,89,33345,
429.1044819699952,66510,58,90,33345,
429.108978801025,66510,58,89,33346,
429.1193520904624,66510,58,88,33347,
429.1684652594438,66510,57,89,33347,
429.19721862291783,66510,56,90,33347,
429.27078534944684,66510,55,91,33347,
429.3382685420896,66509,56,91,33347,
429.34778087572886,66509,55,92,33347,
429.4001730234073,66509,54,93,33347,
429.42521155495683,66509,53,94,33347,
429.44623478416594,66508,54,94,33347,
429.47017236624,66507,55,94,33347,
429.49188860242964,66506,56,94,33347,
429.55961645439015,66506,55,95,33347,
429.5633458387597,66506,55,94,33348,
429.56442414871816,66505,56,94,33348,
429.6051648096338,66505,55,95,33348,
429.645675315371,66505,54,96,33348,
429.65014323188205,66504,55,96,33348,
429.68666579961416,66504,54,97,33348,
429.6908804617414,66503,55,97,33348,
429.7011318694989,66502,56,97,33348,
429.7033500384624,66502,55,98,33348,
429.73552994435966,66501,56,98,33348,
429.8291893005178,66501,56,97,33349,
429.83075984290025,66500,57,97,33349,
429.8382618736834,66499,58,97,33349,
429.8664424024314,66499,58,96,33350,
429.91229289091183,66499,57,97,33350,
429.926385376683,66499,57,96,33351,
429.9736586325812,66498,58,96,33351,
429.983797345684,66498,57,97,33351,
429.9910218352918,66498,56,98,33351,
430.0175762232962,66498,55,99,33351,
430.07437390151756,66498,55,98,33352,
430.1103468170013,66498,54,99,33352,
430.148352256299,66498,53,100,33352,
430.1495150662639,66497,54,100,33352,
430.1849477163613,66496,55,100,33352,
430.1850213064795,66496,54,101,33352,
430.1897028780499,66495,55,101,33352,
430.21820555352895,66495,54,102,33352,
430.22115261601726,66495,53,103,33352,
430.3295872785826,66495,53,102,33353,
430.43128081175206,66494,54,102,33353,
430.437001015335,66493,55,102,33353,
430.46099191115167,66493,55,101,33354,
430.4875372061544,66493,54,102,33354,
430.5611776734318,66493,54,101,33355,
430.60626643923797,66493,54,100,33356,
430.6551909651973,66493,54,99,33357,
430.67173965426707,66492,55,99,33357,
430.70918638532265,66492,55,98,33358,
430.7320980594168,66491,56,98,33358,
430.78345109310715,66491,55,99,33358,
430.87679099971376,66490,56,99,33358,
430.9145580724886,66490,55,100,33358,
430.9641811905228,66490,55,99,33359,
431.01670018507633,66490,55,98,33360,
431.06471625613165,66490,55,97,33361,
431.13715547545246,66490,54,98,33361,
431.14181669521963,66490,53,99,33361,
431.16321530351155,66490,53,98,33362,
431.16392116434776,66490,52,99,33362,
431.1902573757772,66490,52,98,33363,
431.2202201619888,66489,53,98,33363,
431.22783985295433,66489,52,99,33363,
431.22840037235176,66489,52,98,33364,
431.24147862822906,66489,51,99,33364,
431.24377129968747,66488,52,99,33364,
431.3012785767412,66488,52,98,33365,
431.33411423913185,66488,51,99,33365,
431.41390206726885,66487,52,99,33365,
431.4412661651419,66487,52,98,33366,
431.58097848062647,66487,51,99,33366,
431.6257891440086,66487,50,100,33366,
431.69447858067366,66487,49,101,33366,
431.7330951769182,66487,48,102,33366,
431.73436362975997,66486,49,102,33366,
431.7410622645929,66486,49,101,33367,
431.7478528066855,66486,48,102,33367,
431.7509579011777,66486,47,103,33367,
431.75416671533975,66485,48,103,33367,
431.7756434153553,66485,48,102,33368,
431.8479538075785,66485,48,101,33369,
431.85478815033713,66485,47,102,33369,
431.9122789726522,66485,46,103,33369,
431.91836210792513,66484,47,103,33369,
431.92092960945166,66484,47,102,33370,
431.96649863914405,66484,46,103,33370,
432.02936438792807,66484,45,104,33370,
432.11694172707803,66483,46,104,33370,
432.1333277492694,66483,46,103,33371,
432.1585326190342,66483,45,104,33371,
432.17360363920636,66483,44,105,33371,
432.19338818035504,66483,44,104,33372,
432.2017652304609,66483,43,105,33372,
432.20771444670305,66483,43,104,33373,
432.2969373854177,66482,44,104,33373,
432.3125240706733,66481,45,104,33373,
432.3138870170613,66480,46,104,33373,
432.3670895880542,66480,45,105,33373,
432.37848489109456,66479,46,105,33373,
432.4005979122928,66479,46,104,33374,
432.4260584518034,66479,46,103,33375,
432.4539082219734,66478,47,103,33375,
432.4784371595671,66478,47,102,33376,
432.56979209815734,66478,46,103,33376,
432.7414310840171,66478,45,104,33376,
432.74603477253225,66478,44,105,33376,
432.7800577270506,66477,45,105,33376,
432.8733348882305,66477,45,104,33377,
432.9125151982367,66476,46,104,33377,
432.9187936244932,66476,45,105,33377,
432.9540047908484,66475,46,105,33377,
432.95937752299494,66475,46,104,33378,
432.9830934337721,66475,45,105,33378,
432.9887190780951,66475,44,106,33378,
433.0296796507121,66475,44,105,33379,
433.05832727166677,66475,44,104,33380,
433.0873940847351,66475,43,105,33380,
433.10297097882346,66475,43,104,33381,
433.11523524034214,66475,42,105,33381,
433.15855801767907,66475,42,104,33382,
433.196080594185,66475,41,105,33382,
433.24578711147296,66474,42,105,33382,
433.24827512400515,66473,43,105,33382,
433.2712609943829,66472,44,105,33382,
433.27315862859797,66471,45,105,33382,
433.2999886654812,66471,44,106,33382,
433.3044751357516,66471,44,105,33383,
433.33803288282627,66471,44,104,33384,
433.3896857070556,66471,44,103,33385,
433.43073744047064,66471,44,102,33386,
433.57054580209973,66471,43,103,33386,
433.5962575131209,66471,43,102,33387,
433.62023428930416,66471,42,103,33387,
433.64549953402474,66470,43,103,33387,
433.65922736042046,66469,44,103,33387,
433.66438105167856,66469,43,104,33387,
433.6674440865029,66469,43,103,33388,
433.7326560584085,66469,42,104,33388,
433.74989154154395,66468,43,104,33388,
433.87265136853773,66468,42,105,33388,
433.89783458078597,66468,42,104,33389,
433.93648821668467,66468,41,105,33389,
433.96438433872794,66467,42,105,33389,
433.9925692186734,66467,41,106,33389,
434.0037653301336,66467,40,107,33389,
434.007873719549,66466,41,107,33389,
434.0244820875517,66466,41,106,33390,
434.0664747471373,66466,40,107,33390,
434.10678584781056,66465,41,107,33390,
434.14143919026014,66464,42,107,33390,
434.16334049961824,66464,42,106,33391,
434.2525575304391,66464,41,107,33391,
434.286980721899,66464,40,108,33391,
434.2990375119373,66463,41,108,33391,
434.31355239465466,66462,42,108,33391,
434.3276170835802,66462,42,107,33392,
434.35814745632166,66462,42,106,33393,
434.3621266960462,66462,41,107,33393,
434.5398869404773,66462,40,108,33393,
434.5956577809244,66461,41,108,33393,
434.64240106657996,66461,41,107,33394,
434.64518913409626,66460,42,107,33394,
434.69036023015167,66460,42,106,33395,
434.70612610691256,66460,42,105,33396,
434.7178457795236,66460,42,104,33397,
434.80307846868027,66459,43,104,33397,
434.8272319307237,66459,43,103,33398,
434.8293191228734,66459,43,102,33399,
434.8427827736336,66459,43,101,33400,
435.00607502987293,66458,44,101,33400,
435.08432664254394,66458,44,100,33401,
435.0954842656206,66458,43,101,33401,
435.1196188344689,66458,43,100,33402,
435.194623493043,66458,43,99,33403,
435.2199462003886,66458,42,100,33403,
435.22015511557413,66458,42,99,33404,
435.2236766613235,66458,42,98,33405,
435.2385709319213,66458,41,99,33405,
435.2619899860452,66457,42,99,33405,
435.27108022322557,66456,43,99,33405,
435.2842144198116,66456,42,100,33405,
435.33702581635083,66456,41,101,33405,
435.3409853742145,66456,41,100,33406,
435.38267135078155,66455,42,100,33406,
435.40155275324406,66455,42,99,33407,
435.4110303178893,66455,42,98,33408,
435.4511001428374,66455,41,99,33408,
435.6082462210023,66455,40,100,33408,
435.61896805179606,66455,39,101,33408,
435.6496285456764,66455,39,100,33409,
435.6803331912338,66454,40,100,33409,
435.6872557276422,66454,40,99,33410,
435.7091295931301,66453,41,99,33410,
435.72969364990615,66453,40,100,33410,
435.7407678232857,66453,39,101,33410,
435.7544485712456,66453,38,102,33410,
435.7675516770271,66453,38,101,33411,
435.79996680607417,66452,39,101,33411,
435.846335760522,66451,40,101,33411,
435.8477083380463,66450,41,101,33411,
435.8640110557635,66450,41,100,33412,
435.87500756181197,66449,42,100,33412,
435.8893634451376,66448,43,100,33412,
435.93235386314086,66447,44,100,33412,
435.98712334799984,66447,44,99,33413,
436.0054983317853,66447,44,98,33414,
436.02006340509286,66447,43,99,33414,
436.09484223073906,66446,44,99,33414,
436.112549285228,66446,44,98,33415,
436.14821247755214,66446,43,99,33415,
436.17486141101654,66446,42,100,33415,
436.1919220232932,66446,41,101,33415,
436.2696684036763,66446,41,100,33416,
436.27739649849957,66445,42,100,33416,
436.31419211457035,66444,43,100,33416,
436.4322827377539,66444,43,99,33417,
436.44801310636365,66444,43,98,33418,
436.4492478899869,66444,43,97,33419,
436.45039121545307,66444,43,96,33420,
436.4606665720384,66444,42,97,33420,
436.51179921568604,66444,42,96,33421,
436.5218155052642,66444,41,97,33421,
436.54711333222,66444,40,98,33421,
436.58891602193205,66444,39,99,33421,
436.63570987213353,66444,39,98,33422,
436.69261020189816,66443,40,98,33422,
436.72205562910443,66443,39,99,33422,
436.8357903543286,66442,40,99,33422,
436.8453127954437,66441,41,99,33422,
436.8615159425211,66441,41,98,33423,
436.86556951133133,66441,40,99,33423,
436.92188420528623,66441,39,100,33423,
436.9789237095368,66440,40,100,33423,
436.9826112399109,66440,40,99,33424,
436.986556086656,66440,40,98,33425,
436.9908099229365,66440,40,97,33426,
437.0025454897589,66440,40,96,33427,
437.0887443863227,66439,41,96,33427,
437.0892519620966,66439,41,95,33428,
437.0924096161592,66439,41,94,33429,
437.10779315478965,66439,41,93,33430,
437.1634512901914,66439,41,92,33431,
437.1782226674152,66439,40,93,33431,
437.22860688590566,66438,41,93,33431,
437.26255378556635,66438,41,92,33432,
437.2839186173472,66437,42,92,33432,
437.36344486358286,66437,42,91,33433,
437.3876047803388,66437,42,90,33434,
437.38972870134484,66437,41,91,33434,
437.432812046915,66437,40,92,33434,
437.4497505201839,66437,40,91,33435,
437.4541204697941,66437,39,92,33435,
437.4810933779507,66436,40,92,33435,
437.4888292355105,66436,39,93,33435,
437.5757610021767,66436,39,92,33436,
437.59688152701636,66436,39,91,33437,
437.6109558863047,66436,38,92,33437,
437.6366088690511,66436,38,91,33438,
437.65352066125536,66436,38,90,33439,
437.7186143531933,66436,38,89,33440,
437.7816166869462,66436,38,88,33441,
437.78609244942874,66435,39,88,33441,
437.8178086768496,66435,38,89,33441,
437.8322495682146,66435,38,88,33442,
437.85983990321506,66435,38,87,33443,
437.89825793197787,66435,38,86,33444,
437.9364497643742,66435,37,87,33444,
437.94296730613655,66435,36,88,33444,
438.00335930702585,66434,37,88,33444,
438.06551057171214,66434,37,87,33445,
438.0730408302321,66433,38,87,33445,
438.12908146114876,66432,39,87,33445,
438.14984969720115,66432,39,86,33446,
438.23571711343044,66431,40,86,33446,
438.29658410112927,66431,40,85,33447,
438.3105289269761,66430,41,85,33447,
438.4734293235424,66430,41,84,33448,
438.49269026401896,66430,40,85,33448,
438.52485474155,66430,40,84,33449,
438.56243431263516,66430,40,83,33450,
438.6068414699773,66429,41,83,33450,
438.6635431395762,66429,40,84,33450,
438.68737453277606,66429,39,85,33450,
438.6967329916398,66429,38,86,33450,
438.7720613169663,66429,38,85,33451,
438.83959280058696,66429,38,84,33452,
438.8431416689409,66429,38,83,33453,
438.85806079922594,66428,39,83,33453,
438.9133840649722,66428,39,82,33454,
438.9600249981051,66428,38,83,33454,
438.9624342538399,66428,38,82,33455,
439.0045299035511,66428,37,83,33455,
439.07422271265193,66427,38,83,33455,
439.08553127001693,66427,37,84,33455,
439.25709775856717,66427,36,85,33455,
439.27676985047106,66427,35,86,33455,
439.2788989662628,66427,35,85,33456,
439.28942940064843,66427,35,84,33457,
439.3506323850846,66427,34,85,33457,
439.3540870474292,66427,34,84,33458,
439.3684249913918,66426,35,84,33458,
439.42509741951517,66425,36,84,33458,
439.45209199886546,66425,35,85,33458,
439.4845874469158,66425,34,86,33458,
439.5596323847715,66425,34,85,33459,
439.5732994101279,66425,33,86,33459,
439.64148493158086,66424,34,86,33459,
439.6523954878967,66424,34,85,33460,
439.7193951153867,66424,34,84,33461,
439.72640716886343,66424,33,85,33461,
439.81952384784853,66423,34,85,33461,
439.8765789495447,66422,35,85,33461,
439.90347319303794,66422,35,84,33462,
439.9082443403146,66421,36,84,33462,
440.02565285995075,66421,36,83,33463,
440.04256334899185,66421,35,84,33463,
440.1137741053068,66420,36,84,33463,
440.1363189993758,66420,35,85,33463,
440.14777443484826,66419,36,85,33463,
440.18687747681344,66419,36,84,33464,
440.24801773020107,66419,35,85,33464,
440.28216541340066,66419,34,86,33464,
440.28925625911944,66418,35,86,33464,
440.47727516777155,66418,34,87,33464,
440.4944233560553,66418,33,88,33464,
440.50963674384644,66417,34,88,33464,
440.5338512177261,66417,33,89,33464,
440.55186785360377,66417,32,90,33464,
440.617959324069,66416,33,90,33464,
440.6392439757076,66416,32,91,33464,
440.6408540488792,66416,31,92,33464,
440.6424882748105,66416,31,91,33465,
440.6662291082809,66415,32,91,33465,
440.68216231906854,66414,33,91,33465,
440.6865254263266,66413,34,91,33465,
440.7619468511888,66412,35,91,33465,
440.7726228290125,66412,34,92,33465,
440.78680054241977,66411,35,92,33465,
440.8142423337238,66411,34,93,33465,
440.8251984224032,66411,33,94,33465,
440.87247594531965,66410,34,94,33465,
440.8726031967389,66409,35,94,33465,
440.9082444542995,66409,35,93,33466,
440.9568836775325,66409,35,92,33467,
440.96762817336014,66409,34,93,33467,
440.99837448015984,66409,34,92,33468,
441.1012001299609,66409,33,93,33468,
441.23076766029067,66409,32,94,33468,
441.2429081612156,66409,31,95,33468,
441.2983208382172,66408,32,95,33468,
441.3383223007706,66407,33,95,33468,
441.36471715354367,66406,34,95,33468,
441.42112007885606,66405,35,95,33468,
441.4380533644388,66405,35,94,33469,
441.44533548507707,66405,35,93,33470,
441.49647390054014,66405,34,94,33470,
441.55801721335143,66405,34,93,33471,
441.56055534383836,66405,33,94,33471,
441.58354400868825,66404,34,94,33471,
441.6421864979965,66404,34,93,33472,
441.68945773442704,66404,34,92,33473,
441.73466210578863,66403,35,92,33473,
441.78837193919196,66403,34,93,33473,
441.8277258658742,66403,34,92,33474,
441.8819332620355,66402,35,92,33474,
441.9700635001933,66402,35,91,33475,
441.98911469201744,66402,34,92,33475,
442.04653550237646,66402,33,93,33475,
442.0609756286795,66402,32,94,33475,
442.07358013033524,66401,33,94,33475,
442.0915033688771,66400,34,94,33475,
442.12117743812024,66400,33,95,33475,
442.13026680354034,66399,34,95,33475,
442.142149688523,66399,33,96,33475,
442.1720757878401,66398,34,96,33475,
442.1958655955474,66398,34,95,33476,
442.25420628923183,66398,33,96,33476,
442.3792894543546,66398,32,97,33476,
442.43637141678454,66398,32,96,33477,
442.45873853290095,66398,32,95,33478,
442.4806595481439,66397,33,95,33478,
442.4871084715855,66397,33,94,33479,
442.5023663029363,66397,33,93,33480,
442.5148338209852,66396,34,93,33480,
442.5171240587995,66396,33,94,33480,
442.5403609814476,66396,33,93,33481,
442.62826035130007,66395,34,93,33481,
442.6324751856472,66395,34,92,33482,
442.6398861327842,66395,34,91,33483,
442.6408598069026,66394,35,91,33483,
442.6450297765824,66394,34,92,33483,
442.69406951548075,66394,34,91,33484,
442.69412827788716,66394,34,90,33485,
442.72115591612163,66394,34,89,33486,
442.77080260320474,66394,33,90,33486,
442.78173227728183,66393,34,90,33486,
442.81544009489835,66392,35,90,33486,
442.81683525165107,66392,35,89,33487,
442.81959601794824,66392,34,90,33487,
442.8209978710369,66392,34,89,33488,
442.88052383092827,66392,34,88,33489,
442.9079703361372,66391,35,88,33489,
442.91180506684816,66391,35,87,33490,
442.9279929172065,66390,36,87,33490,
442.94374273259484,66389,37,87,33490,
442.9577310316461,66389,37,86,33491,
443.0461639243625,66389,37,85,33492,
443.07656427478906,66389,36,86,33492,
443.1451775583173,66389,36,85,33493,
443.2330716733359,66388,37,85,33493,
443.2650807065847,66388,36,86,33493,
443.2713584875679,66387,37,86,33493,
443.3102908755093,66387,36,87,33493,
443.31507629781896,66387,36,86,33494,
443.3573889042113,66386,37,86,33494,
443.4447867117957,66386,37,85,33495,
443.4465819857734,66386,37,84,33496,
443.48173924403096,66385,38,84,33496,
443.5199759342996,66385,38,83,33497,
443.5407237063914,66385,38,82,33498,
443.5925915206254,66384,39,82,33498,
443.6317998744427,66383,40,82,33498,
443.6443402299816,66383,39,83,33498,
443.70175578789605,66383,38,84,33498,
443.7275265904898,66383,37,85,33498,
443.76879607975775,66383,36,86,33498,
443.80289100099134,66383,36,85,33499,
443.8589319925177,66383,36,84,33500,
443.86736611044074,66382,37,84,33500,
443.87222029079953,66381,38,84,33500,
443.92941017955854,66381,37,85,33500,
443.9682263016927,66381,37,84,33501,
444.0602934333241,66381,37,83,33502,
444.0682459276697,66381,36,84,33502,
444.08079538178947,66381,35,85,33502,
444.08669293913005,66380,36,85,33502,
444.10926139534354,66380,35,86,33502,
444.17424681022777,66380,35,85,33503,
444.2122140213201,66380,34,86,33503,
444.32347324843926,66380,33,87,33503,
444.35267329037,66380,32,88,33503,
444.36435921495007,66379,33,88,33503,
444.43576774586205,66379,32,89,33503,
444.45069792509275,66379,32,88,33504,
444.4945858546892,66378,33,88,33504,
444.5341724386282,66378,32,89,33504,
444.5554609826201,66378,32,88,33505,
444.6304853912892,66378,32,87,33506,
444.7205370801185,66378,32,86,33507,
444.76372783135713,66378,32,85,33508,
444.8799699146347,66378,32,84,33509,
444.8896908957347,66377,33,84,33509,
444.96011409974597,66376,34,84,33509,
444.9983542872223,66376,33,85,33509,
445.0105093967504,66376,33,84,33510,
445.0585263951976,66376,33,83,33511,
445.09268284245326,66376,32,84,33511,
445.16712770576703,66375,33,84,33511,
445.2209682461845,66375,33,83,33512,
445.3191937101788,66375,33,82,33513,
445.33946647614584,66375,33,81,33514,
445.3693051985563,66374,34,81,33514,
445.4092053729432,66374,33,82,33514,
445.43427402064884,66374,32,83,33514,
445.4352992145786,66374,31,84,33514,
445.4550896522429,66374,30,85,33514,
445.47335258101197,66373,31,85,33514,
445.5188446791778,66373,31,84,33515,
445.631653456273,66373,30,85,33515,
445.6500423725928,66373,30,84,33516,
445.6614783260599,66373,30,83,33517,
445.7752817747871,66373,29,84,33517,
445.7910994640924,66372,30,84,33517,
445.86150036164764,66372,30,83,33518,
445.8734629766437,66372,30,82,33519,
445.9365651054291,66371,31,82,33519,
446.0214432932273,66370,32,82,33519,
446.02658302025094,66369,33,82,33519,
446.03527618497657,66368,34,82,33519,
446.08722896923734,66367,35,82,33519,
446.10263685825794,66367,35,81,33520,
446.1136764728262,66366,36,81,33520,
446.2158321688079,66366,36,80,33521,
446.22526223802606,66366,36,79,33522,
446.2755811043636,66366,36,78,33523,
446.3096607526245,66365,37,78,33523,
446.34844299352466,66364,38,78,33523,
446.3526782142857,66364,37,79,33523,
446.4020846682699,66364,37,78,33524,
446.42030503456414,66364,36,79,33524,
446.47264208039087,66364,36,78,33525,
446.4843130415092,66364,36,77,33526,
446.55719279928206,66364,36,76,33527,
446.6186735590263,66364,36,75,33528,
446.6187197819577,66364,35,76,33528,
446.6728065836153,66364,35,75,33529,
446.67878619223296,66363,36,75,33529,
446.7064844566385,66362,37,75,33529,
446.73029918662525,66362,36,76,33529,
446.7695744622494,66362,36,75,33530,
446.8148813308907,66362,35,76,33530,
446.8985418573258,66362,34,77,33530,
446.8990612993863,66362,34,76,33531,
447.000210679964,66362,34,75,33532,
447.00956608548853,66361,35,75,33532,
447.0182882567929,66361,35,74,33533,
447.0487002206172,66361,34,75,33533,
447.05657547733915,66361,33,76,33533,
447.0578288921318,66360,34,76,33533,
447.1003403192035,66360,33,77,33533,
447.1084460449551,66360,33,76,33534,
447.14297910434107,66359,34,76,33534,
447.17092445386794,66359,33,77,33534,
447.29786470447345,66359,32,78,33534,
447.3580513239713,66358,33,78,33534,
447.48293876402835,66357,34,78,33534,
447.55754441519446,66357,34,77,33535,
447.59506062654236,66356,35,77,33535,
447.6706868555356,66355,36,77,33535,
447.6868238809974,66355,35,78,33535,
447.75191828916843,66354,36,78,33535,
447.76475838453246,66353,37,78,33535,
447.852738744692,66353,36,79,33535,
447.92136133687904,66353,35,80,33535,
447.9341287871358,66353,35,79,33536,
447.9644876006721,66353,35,78,33537,
448.00555370518776,66353,34,79,33537,
448.01302185502885,66353,34,78,33538,
448.0133301086771,66353,33,79,33538,
448.0179338159929,66353,33,78,33539,
448.063540232071,66353,32,79,33539,
448.1360670303388,66353,31,80,33539,
448.1364383024354,66353,30,81,33539,
448.23212339976794,66353,30,80,33540,
448.3310084347773,66352,31,80,33540,
